name,relative_counts,ct,ct_0,barcode,ct_1,barcode_ind
yjbJ_predicted,0.016666666666666666,181,179,CTTCGCGAACCTTTCTGCCA,2,4994764
yjbJ_predicted,0.375,240,175,GACCCTGCGTCAAAGAGAAC,65,4994876
yjbJ_predicted,1.1125,336,159,TCGTACCTAAACTCGCGAAG,177,5009661
yjbJ_predicted,0.018691588785046728,107,106,AACTTTTTCGGTCTAACATA,1,4995740
yjbJ_predicted,0.02,100,99,ATACCTGTTTCGTACTAATT,1,4999209
yjbJ_predicted,0.030612244897959183,99,97,TTTAAGTGCTAAGGGACTGT,2,4995928
yjbJ_predicted,0.5816326530612245,153,97,TTGCCGCGATCTGTCGGTCT,56,5008259
yjbJ_predicted,0.5795454545454546,137,87,AATAATGCGCAGGACGTCCT,50,5028664
yjbJ_predicted,1.0235294117647058,170,84,GCCGACCTCAGTATTTACCT,86,4996542
yjbJ_predicted,0.6790123456790124,134,80,CTAATGCTCCCCACCGTCGT,54,4994729
yjbJ_predicted,1.1066666666666667,156,74,GGTAACTGGTTGTACCCCCA,82,5004867
yjbJ_predicted,2.16,235,74,ACGAAACCAAATGGAAGATG,161,5019617
yjbJ_predicted,0.9459459459459459,142,73,TCTGCAGAGAATGTCAGTGT,69,4998108
yjbJ_predicted,0.06756756756756757,77,73,AAGGGAATAGTAACTTGAAT,4,4994855
yjbJ_predicted,2.27027027027027,240,73,AAAGGCGGAAGGCTCCGACA,167,5028195
yjbJ_predicted,1.323943661971831,163,70,TCAGTACATATCAGAAGGAA,93,5030633
yjbJ_predicted,0.04225352112676056,72,70,GGGACAGGCCCATGATCCTC,2,5011171
yjbJ_predicted,2.0704225352112675,216,70,GCTCAAAAATCAGTGGCCGA,146,4994708
yjbJ_predicted,0.6857142857142857,116,69,AATCAGAAACACAGGCCCAT,47,5019745
yjbJ_predicted,0.855072463768116,126,68,CTGCATGCGTGCGTGGGATG,58,4996707
yjbJ_predicted,0.04411764705882353,69,67,GTGTTGGAATTTGCTTGATG,2,5003030
yjbJ_predicted,0.8507462686567164,122,66,TGGAATGTCCCCGCTGCCCT,56,5008451
yjbJ_predicted,0.6119402985074627,106,66,GAGGTGCATGATTTTATATT,40,5005118
yjbJ_predicted,1.4179104477611941,160,66,CCCTCTCCACTGAAAAAGTG,94,4995168
yjbJ_predicted,1.5522388059701493,169,66,CAAATAGTTGTATTGGCCTG,103,5001193
yjbJ_predicted,0.48484848484848486,96,65,TGATCGGGCAGTCCTTATTA,31,4995422
yjbJ_predicted,1.9545454545454546,193,65,GGCGTTCGGCGCACCACGAC,128,5000389
yjbJ_predicted,2.727272727272727,244,65,GCCACTATGGAGCTGGTCCT,179,5009065
yjbJ_predicted,0.9090909090909091,124,65,CTCGCACTGATTGCGTGACG,59,5004443
yjbJ_predicted,2.246153846153846,209,64,TACCTATGTGACTCAGATCA,145,5001225
yjbJ_predicted,1.453125,155,63,TGAATTTATAACGACTGGCG,92,4997113
yjbJ_predicted,1.126984126984127,132,62,GTAGCCTGCACATTCATTCC,70,4996266
yjbJ_predicted,0.047619047619047616,64,62,GCTATGTTTCAGAACGGAAT,2,4997691
yjbJ_predicted,1.2096774193548387,135,61,TTAACCCTACAGGTTTGCAA,74,4995635
yjbJ_predicted,0.7741935483870968,108,61,GGACAGCTTCCGAGTGTTAG,47,5003511
yjbJ_predicted,0.6935483870967742,103,61,CTAAAATGGGATTTGCGATT,42,4997980
yjbJ_predicted,1.2033898305084745,128,58,TGGGGATGCGGAATCGTTTT,70,4998827
yjbJ_predicted,0.423728813559322,82,58,GTCAGCGCAAACCACGTCAC,24,5009068
yjbJ_predicted,0.03389830508474576,59,58,GTAAAAGGCTCTTCACCAAT,1,5006164
yjbJ_predicted,1.2542372881355932,131,58,GGACATGCGTTGTTTAGTCT,73,4998727
yjbJ_predicted,0.7457627118644068,101,58,GCACCCGACCTAAATCGAAT,43,4997154
yjbJ_predicted,0.6440677966101694,95,58,CTTTTGCTGTCTGTAGCGGT,37,5026534
yjbJ_predicted,0.034482758620689655,58,57,TATTATGGCCTGTCAGCAAG,1,5026779
yjbJ_predicted,1.206896551724138,126,57,CGTCCAGTGAGTCAGCCTTG,69,5017677
yjbJ_predicted,0.8448275862068966,105,57,ATTGCTCGGTATTCCGACCA,48,5002533
yjbJ_predicted,0.034482758620689655,58,57,ATGGGCTCGGATTGGTTGTA,1,5016690
yjbJ_predicted,0.05263157894736842,58,56,GTAAATGGAATGCTGTCTAT,2,5001013
yjbJ_predicted,0.03508771929824561,57,56,GGGAACCGAAATCTCAGAAC,1,5024606
yjbJ_predicted,0.8596491228070176,104,56,GAGTGTCAGCAACCTGGCTA,48,4999966
yjbJ_predicted,0.8947368421052632,106,56,AGTAGTTCCGTTCATACCGT,50,5012032
yjbJ_predicted,0.05263157894736842,58,56,ACGGCAGTAGAGATTTAGAC,2,5004078
yjbJ_predicted,0.03571428571428571,56,55,TCTGTCCAAGTGACCCACTA,1,5008255
yjbJ_predicted,0.05357142857142857,57,55,TATGATTATTCTCATGCCGA,2,4996921
yjbJ_predicted,0.05454545454545454,56,54,TGGGTGTATCTGGATGTCTG,2,5023240
yjbJ_predicted,0.03636363636363636,55,54,TGCCACAGTTCATGGTTAAC,1,5016147
yjbJ_predicted,0.03636363636363636,55,54,TGACGTGTCAAAATGCGAAT,1,5006967
yjbJ_predicted,0.03636363636363636,55,54,TCGAACGGCCTTAAGCAGCT,1,4999722
yjbJ_predicted,1.2,119,54,GTCACATCACACGTACAATG,65,5012009
yjbJ_predicted,0.5636363636363636,84,54,GGTAGAGGGCGAAGCCGATA,30,5028820
yjbJ_predicted,7.2727272727272725,453,54,CACGACGGCTTACGAGTCTT,399,5008501
yjbJ_predicted,0.9090909090909091,103,54,AATTTTGCTACCTTACGTGC,49,4999552
yjbJ_predicted,0.05555555555555555,55,53,AGCCCGCGGCGTTATATCTA,2,4997223
yjbJ_predicted,0.03773584905660377,53,52,GTTTGAAGACATCGCACTTT,1,5025353
yjbJ_predicted,0.03773584905660377,53,52,GCTGGGCCTGCGTCCTGTAA,1,4998201
yjbJ_predicted,1.0943396226415094,109,52,CCCGCCCTGCTTTGTAACTA,57,5007824
yjbJ_predicted,0.03773584905660377,53,52,CCAAAATGGAGGACATTGGT,1,4997570
yjbJ_predicted,0.07692307692307693,54,51,TCAATACTTCATAAAGTCGT,3,5008953
yjbJ_predicted,2.3846153846153846,174,51,GTACTAGGTCCTGTCCGCGT,123,5016641
yjbJ_predicted,1.9038461538461537,149,51,GGTACCTCGGACGCGGCTAC,98,4996327
yjbJ_predicted,1.1538461538461537,110,51,CTTCACACAGCAGCTGCCAG,59,5018522
yjbJ_predicted,0.0392156862745098,51,50,TTCGGTCATTTCGTTGATAA,1,5013345
yjbJ_predicted,1.392156862745098,120,50,TGGGTCATTTGGGAACTCAT,70,4997038
yjbJ_predicted,1.5686274509803921,129,50,GGTTCCCCGCTGTTCCAGAG,79,5013306
yjbJ_predicted,0.7843137254901961,89,50,ATCTCCTGTGACGTATCAAG,39,5006468
yjbJ_predicted,0.058823529411764705,52,50,AGTGTCCCGACATGCTCAGA,2,5020454
yjbJ_predicted,0.66,81,49,TGGAATGGACCATCGTCCGT,32,5013386
yjbJ_predicted,0.88,92,49,GCGCCCCCTAGTTTAACTGT,43,4994683
yjbJ_predicted,0.06,51,49,CGGGGCGGGCCACCTCCGAA,2,5017235
yjbJ_predicted,0.08,52,49,CGAGGTGAATCAGTCAGTAA,3,5020407
yjbJ_predicted,1.52,124,49,CCCACGGACATCTGTGATTC,75,4997822
yjbJ_predicted,0.96,96,49,CATCCGTTCCAACGGCCGAC,47,4999635
yjbJ_predicted,0.72,84,49,CAACCAGAAAGTACTCTGAG,35,5007467
yjbJ_predicted,1.5714285714285714,124,48,GCTGACCGAACTCTGCTGCT,76,5004463
yjbJ_predicted,1.1020408163265305,101,48,CTGAGTAGACTATTGTCAAA,53,4996631
yjbJ_predicted,1.2653061224489797,109,48,ATACCCATGATGGGAGAGAT,61,4998012
yjbJ_predicted,0.061224489795918366,50,48,AGCAGAGCTTGTCCGGTCCA,2,5022918
yjbJ_predicted,2.5416666666666665,168,47,TTGGTCTTAGGCATCTTGAA,121,5013984
yjbJ_predicted,0.8541666666666666,87,47,TGGCGGCTCACGAGAAACAA,40,5013675
yjbJ_predicted,1.25,106,47,TAAATTCTTTCCATACACAA,59,5007725
yjbJ_predicted,1.6458333333333333,125,47,GTCGTTACACCTCGTCGGAC,78,4995823
yjbJ_predicted,1.2916666666666667,108,47,GGTTCCACACGAATCCGGGT,61,5023808
yjbJ_predicted,0.10416666666666667,51,47,GACGTCATTTCATTGAATCT,4,5017698
yjbJ_predicted,0.0625,49,47,CCCATTCTTACCTTGCAGCC,2,5030292
yjbJ_predicted,1.5625,121,47,AGCGGGTTCGTCATTTTCAA,74,5013676
yjbJ_predicted,0.8958333333333334,89,47,ACTTATATTTCGGAGTGCCT,42,4995296
yjbJ_predicted,1.6666666666666667,126,47,AATCGTGGGTCGTTAAGTGT,79,4995376
yjbJ_predicted,0.0425531914893617,47,46,TGTAATCGCATCAGTATACG,1,5002653
yjbJ_predicted,1.1063829787234043,97,46,TCGCATCTGTTTGTTTATGT,51,5018151
yjbJ_predicted,1.4042553191489362,111,46,GGTCCGGGTAGGATTGTTTG,65,5007795
yjbJ_predicted,1.702127659574468,125,46,CTCGGATACTAACTAGGGAT,79,5002947
yjbJ_predicted,0.5957446808510638,73,46,CGCTGGCGAATTCCCACCAT,27,5023665
yjbJ_predicted,0.5106382978723404,69,46,ATCAATCCCGACAATACACC,23,4996582
yjbJ_predicted,0.5957446808510638,73,46,ACGGCGCTAGATACCTGCAG,27,5013956
yjbJ_predicted,0.043478260869565216,46,45,TAAACTTGTTCAAATGCTTA,1,5027016
yjbJ_predicted,1.0217391304347827,91,45,GGTGCTAATGGTACCAAGAA,46,4999723
yjbJ_predicted,2.608695652173913,164,45,GGCGCCACCAGAGAAAGAAG,119,5031136
yjbJ_predicted,0.043478260869565216,46,45,GCTACTTAGTAAAGACGTAT,1,5008911
yjbJ_predicted,1.8478260869565217,129,45,GCGGGCGTGTGTGCACAGGA,84,5021901
yjbJ_predicted,1.3478260869565217,106,45,GCCGGGTTTGCTGTTGCAGG,61,5001539
yjbJ_predicted,1.673913043478261,121,45,GAGGGCGATTGTGGACCAGC,76,5027253
yjbJ_predicted,1.608695652173913,118,45,CCAATATTTTATGAGTAGTT,73,5008642
yjbJ_predicted,1.0869565217391304,94,45,ATGACCGCATGCGAGATTAT,49,5011484
yjbJ_predicted,1.0,90,45,AGCGTGTGGGTCGAGACCTA,45,4998203
yjbJ_predicted,1.0434782608695652,92,45,ACATTCTTCTTTCTAGGAGA,47,5023054
yjbJ_predicted,0.9333333333333333,85,44,TCGCCGACGTTCTACATCCG,41,5005795
yjbJ_predicted,3.511111111111111,201,44,GGTAGTGTTTGTTGTTAAAG,157,4995890
yjbJ_predicted,0.044444444444444446,45,44,GGCCTGGCGCAGCTTGTATC,1,5023756
yjbJ_predicted,1.0222222222222221,89,44,CGCATCGATACATTTGGGCA,45,4997585
yjbJ_predicted,1.0,88,44,CCATGGGCTCTCGACTGAAT,44,4999923
yjbJ_predicted,2.2,142,44,ATGGGGAGTCGAACGTTAAC,98,5002779
yjbJ_predicted,1.488888888888889,110,44,ATATTTTGAGTTAGCACGTA,66,5016944
yjbJ_predicted,2.311111111111111,147,44,AGCTTCGGGAATGCTTGCGT,103,5019494
yjbJ_predicted,0.6363636363636364,70,43,CGGTAATCGACGCGTTTGGA,27,5007243
yjbJ_predicted,2.840909090909091,167,43,CGGGACAAGACAACAATAGT,124,4999881
yjbJ_predicted,0.045454545454545456,44,43,AATATGTAGGCGGCACAGGA,1,5011403
yjbJ_predicted,0.046511627906976744,43,42,TGATTAGTCGTTCCTACTTG,1,4996819
yjbJ_predicted,1.0,84,42,GGGTATGGAGTGTCTACGTA,42,4996084
yjbJ_predicted,1.6511627906976745,112,42,CATTTACACCCCAGACAGGG,70,4995240
yjbJ_predicted,1.6511627906976745,112,42,ACCACCGCGCAGGGCGACCT,70,4997244
yjbJ_predicted,2.357142857142857,139,41,TTTTATCAGAATATTTTGCT,98,5017140
yjbJ_predicted,2.0952380952380953,128,41,TGTAGTGGTAAAAGGAGCCC,87,5002084
yjbJ_predicted,0.7857142857142857,73,41,GGGGACATGGAGCCCCTTAT,32,5003333
yjbJ_predicted,1.2380952380952381,92,41,AGGTAGTTGACAACCGTCGT,51,4999082
yjbJ_predicted,0.047619047619047616,42,41,AATTAGGCCTACCGCCGCGT,1,4997428
yjbJ_predicted,0.04878048780487805,41,40,GTCCGTTATTTCCGTCAGGT,1,5002400
yjbJ_predicted,0.975609756097561,79,40,CTGGGACCAGGACCTTCCTC,39,4995021
yjbJ_predicted,1.2439024390243902,90,40,CTACAATGTTTCATCGCCTC,50,5021842
yjbJ_predicted,0.04878048780487805,41,40,CGACGTGATGTGGAGAATGA,1,5007495
yjbJ_predicted,0.04878048780487805,41,40,ATTACGCTGACGCTATATGC,1,4995229
yjbJ_predicted,1.7317073170731707,110,40,ATGGACAATGGAAAAGGTTT,70,5030314
yjbJ_predicted,0.07317073170731707,42,40,AGACTCAGGCTGGCCTACTA,2,4994881
yjbJ_predicted,1.6585365853658536,107,40,ACGCAGAGTAATGGCGGAAT,67,5000356
yjbJ_predicted,0.05,40,39,TTTCGACGCCTATGAGTGAA,1,5027782
yjbJ_predicted,0.05,40,39,TGGGCGAGTGATTAGGCTAA,1,5022294
yjbJ_predicted,0.1,42,39,TCATCGCCCGGAACACTTCA,3,5013730
yjbJ_predicted,0.05,40,39,GTCTCTTTAGGTACAGGCTC,1,5001729
yjbJ_predicted,0.05,40,39,GGGCGGGGATGGCGTTAGAA,1,5011893
yjbJ_predicted,1.825,111,39,GGGATTTCGCTGAGAGAATT,72,5013982
yjbJ_predicted,2.5,138,39,GACTTATACTATGTGTAGAT,99,4998754
yjbJ_predicted,3.525,179,39,GAATTCCCCGCTGTACCGGA,140,4996506
yjbJ_predicted,1.5,98,39,CTGCTCGGGTGGCAACGGTA,59,5000339
yjbJ_predicted,0.05,40,39,CCTACCAAAGCTTCGCTTAG,1,5023979
yjbJ_predicted,2.65,144,39,CACAGTGGAGAAAGGTTGTT,105,5000967
yjbJ_predicted,1.15,84,39,ATTCGATCATAGAAGCTCTT,45,5022185
yjbJ_predicted,0.05,40,39,ACAAGAGCAGCTTCTCTGGT,1,5025506
yjbJ_predicted,0.95,76,39,AATTGGTTCAAATGCTCACC,37,4995167
yjbJ_predicted,0.05128205128205128,39,38,TTAATAGTTCAGAAAGGAAA,1,4999581
yjbJ_predicted,1.794871794871795,107,38,GCATTATGTATACTCAACGT,69,5010527
yjbJ_predicted,1.0256410256410255,77,38,CGTGCCGCCTTATGACGTGC,39,4996747
yjbJ_predicted,0.5897435897435898,60,38,CCCTTCCCGATGGTTATGCA,22,5029086
yjbJ_predicted,2.358974358974359,129,38,CCATTGAGGCGCCGAGATTA,91,5000433
yjbJ_predicted,1.8974358974358974,111,38,AGTGCCATGTCGGGCCAACT,73,5005488
yjbJ_predicted,1.8717948717948718,110,38,ACCTGATTGGCATGTTGGGG,72,4997414
yjbJ_predicted,1.0526315789473684,76,37,TTGGCATACCTATAATTCCT,39,5024836
yjbJ_predicted,2.263157894736842,122,37,TTCCGTTCGGGTTCCCAAAT,85,5002132
yjbJ_predicted,0.05263157894736842,38,37,TTAGCCGGTCGTTTAAGTTG,1,4997475
yjbJ_predicted,0.05263157894736842,38,37,TGCACGCCAAACTCACATAT,1,5016809
yjbJ_predicted,0.07894736842105263,39,37,TCCGTCAACGGGTACGACAT,2,4999110
yjbJ_predicted,1.8421052631578947,106,37,GTTGAACCGATTTCTGGTGA,69,4999139
yjbJ_predicted,3.0789473684210527,153,37,GGCGGCAATGCTGGAGGCAG,116,5019389
yjbJ_predicted,1.6578947368421053,99,37,GCCTGTTATCAACTACCGCT,62,5029682
yjbJ_predicted,1.7894736842105263,104,37,GAGAGGGCTCCATCTCCAGG,67,5022199
yjbJ_predicted,1.7105263157894737,101,37,CATGGTTGTGTCCAATGTGA,64,5006764
yjbJ_predicted,0.10526315789473684,40,37,ATAGCCTCGTCCGTAAACTT,3,4996774
yjbJ_predicted,6.5,283,37,ACTCCAGTCAGGGTCAAGAG,246,5008825
yjbJ_predicted,1.2894736842105263,85,37,AACCTCTTAGACCTGACCAT,48,5011722
yjbJ_predicted,0.35135135135135137,48,36,TTGGTTGGCTAGACTACGTA,12,5011793
yjbJ_predicted,1.4864864864864864,90,36,TCAGGCATCATCTGTATACT,54,5006815
yjbJ_predicted,0.08108108108108109,38,36,TAGCCTCCTTGGCGAACCAT,2,5005349
yjbJ_predicted,0.05405405405405406,37,36,TACACGGGGCCGGGTCATAC,1,5012460
yjbJ_predicted,0.05405405405405406,37,36,GGGGTGATTAGCCAGCTGTA,1,4999202
yjbJ_predicted,0.05405405405405406,37,36,GGACTTATTATCACTCACAA,1,5008118
yjbJ_predicted,1.5675675675675675,93,36,GCTTATTCAACTATGAACCC,57,5009882
yjbJ_predicted,0.05405405405405406,37,36,GCCTGTGTCAACTTCCTAGG,1,5011137
yjbJ_predicted,2.5675675675675675,130,36,GATCAACCCCCGATCGAGAA,94,5003544
yjbJ_predicted,1.837837837837838,103,36,GACGCGGCCACGGTATGATG,67,5007967
yjbJ_predicted,1.7837837837837838,101,36,CGGCGAGGTAGATAATCCTA,65,5014180
yjbJ_predicted,1.6756756756756757,97,36,CGGAACGGTATTGAATTGGG,61,5005855
yjbJ_predicted,0.24324324324324326,44,36,AGATTGAGCGGGTATCAGAG,8,5005812
yjbJ_predicted,0.08108108108108109,38,36,ACGCGACAGCGAACTGCTCA,2,5025229
yjbJ_predicted,0.05405405405405406,37,36,ACAATGGTTTCTCAAGTTGT,1,5004272
yjbJ_predicted,1.135135135135135,77,36,AATTGTTCGACTGTCCTTGC,41,5003452
yjbJ_predicted,0.05405405405405406,37,36,AAATGCCGGCAAAACCCCGG,1,4995605
yjbJ_predicted,0.05405405405405406,37,36,AAACAATTTTAAATTCGCCA,1,4997738
yjbJ_predicted,0.19444444444444445,41,35,TGCGCTGATGTAGGTATAAT,6,4998399
yjbJ_predicted,0.05555555555555555,36,35,TCTCTCGAGAGTGATAAGTT,1,4998850
yjbJ_predicted,0.08333333333333333,37,35,TAGACTGTTTCAGTGACGCA,2,5020232
yjbJ_predicted,2.0833333333333335,109,35,GGGAACGGCGTTTTTGCTAT,74,5002560
yjbJ_predicted,0.05555555555555555,36,35,GCCACATCGTACCTAGCTTT,1,4995365
yjbJ_predicted,1.8888888888888888,102,35,CGTCACACACCGGCCACAGA,67,5006603
yjbJ_predicted,0.1111111111111111,38,35,CGGTCACTTCAACGTCGGAA,3,5024166
yjbJ_predicted,0.5277777777777778,53,35,CATTGCCGCTCTCTTAGATC,18,4997384
yjbJ_predicted,1.8333333333333333,100,35,CAAACAAGTCTCTGAAAGGA,65,5010183
yjbJ_predicted,3.75,169,35,ATGTCTCCAGTTGGCCGATG,134,5004591
yjbJ_predicted,0.05555555555555555,36,35,ACTTCATATCCAGGCAACTA,1,5002675
yjbJ_predicted,1.542857142857143,87,34,TTGCACAGGCAGATTAGAAT,53,5021958
yjbJ_predicted,0.08571428571428572,36,34,TCCGCCAAGGGCCAGGTTTT,2,4996622
yjbJ_predicted,0.08571428571428572,36,34,TATACAAGAGACCGGCGATG,2,5007823
yjbJ_predicted,0.05714285714285714,35,34,GGCTTTTAAAGATGGAAATG,1,4997551
yjbJ_predicted,1.2571428571428571,77,34,GCGCATTCGAACAATCAAAA,43,5005866
yjbJ_predicted,0.14285714285714285,38,34,GAGTTGCGCATTTTTGCACT,4,5004387
yjbJ_predicted,0.05714285714285714,35,34,GAGGGCATTGTAGGACATTG,1,5004892
yjbJ_predicted,2.0285714285714285,104,34,CTTTGGATAAAAGGATCCAC,70,5018122
yjbJ_predicted,2.4571428571428573,119,34,CCCCTGGCTACCATAAGCGA,85,5018126
yjbJ_predicted,1.4285714285714286,83,34,CATCGGACCACTGAACCCGT,49,5009329
yjbJ_predicted,0.05714285714285714,35,34,CAGGAGTGCGTGACTTGTGC,1,4997224
yjbJ_predicted,0.05714285714285714,35,34,AGTTCCGTGCTCGCTCGTTG,1,5001902
yjbJ_predicted,0.45714285714285713,49,34,AGAGCCGACCCCATGGTCCT,15,5018204
yjbJ_predicted,1.4285714285714286,83,34,ACGGGTTATGCTCTGGGCAG,49,5020455
yjbJ_predicted,0.6571428571428571,56,34,AAAAGATTGCCGTCGTTATT,22,4995497
yjbJ_predicted,0.058823529411764705,34,33,TGCTGGGACCATGTCAGTTA,1,5022142
yjbJ_predicted,0.058823529411764705,34,33,TGCCCGCGAGGGAGCTTAAT,1,5002348
yjbJ_predicted,0.9411764705882353,64,33,TGATTCGTCAAAACGGAGCC,31,4995156
yjbJ_predicted,2.1470588235294117,105,33,TGATTATAACGGAACAGTAT,72,5018838
yjbJ_predicted,1.3823529411764706,79,33,TCTTACTATGTCCGGCCCAA,46,4997303
yjbJ_predicted,1.3529411764705883,78,33,TCAGGTCAAAAGGAACGTAC,45,4995483
yjbJ_predicted,0.8235294117647058,60,33,TATCGGTCAAGGCTTATTCT,27,5016821
yjbJ_predicted,1.6176470588235294,87,33,TAATTACGCAGCCCGCCGGT,54,5024165
yjbJ_predicted,2.088235294117647,103,33,GTCAGGGCGGCTTAAATTAT,70,5021042
yjbJ_predicted,1.8823529411764706,96,33,GTATGGAGCGTCCACGGTAA,63,5008199
yjbJ_predicted,0.058823529411764705,34,33,GGCGACGGCCGGTACTAACT,1,5010009
yjbJ_predicted,0.058823529411764705,34,33,CGGGCGAGAGCCCGATAGCA,1,5003320
yjbJ_predicted,0.08823529411764706,35,33,CCTGAAAAGCATTGTGAGCA,2,4994992
yjbJ_predicted,0.08823529411764706,35,33,CACAAAGCACCATGAGATAG,2,4997192
yjbJ_predicted,1.6764705882352942,89,33,ATGTTATCCACGTTAAGGCT,56,5012621
yjbJ_predicted,0.058823529411764705,34,33,ACGGCGAACCCCGGCTTGCC,1,5025679
yjbJ_predicted,1.3235294117647058,77,33,ACCACGTTCGCATCAAGGTA,44,5027133
yjbJ_predicted,0.08823529411764706,35,33,ACACTCTTGCGTAACTCTCA,2,5000761
yjbJ_predicted,1.2647058823529411,75,33,AACGAACGCCCTCAAACAAG,42,5016794
yjbJ_predicted,1.9393939393939394,95,32,TGGGAGAAGTTGAATTCGAA,63,5000760
yjbJ_predicted,0.9393939393939394,62,32,TCCCGCTTTAATGGATCCCG,30,5022139
yjbJ_predicted,3.727272727272727,154,32,TAGATGCGGATTCCTTTACA,122,5026483
yjbJ_predicted,2.0606060606060606,99,32,TAGAGTTTTGAGTTAGTTTA,67,5000108
yjbJ_predicted,0.06060606060606061,33,32,TAAGACAGAGGCATATAGGA,1,5001088
yjbJ_predicted,0.06060606060606061,33,32,GTCCAGACAGATCAATGTCA,1,5018495
yjbJ_predicted,0.12121212121212122,35,32,GGTCAATCTCTGGATCCATT,3,5025394
yjbJ_predicted,2.3333333333333335,108,32,GGTATTTCTGCTGGGCTCAC,76,5013422
yjbJ_predicted,0.09090909090909091,34,32,GCATCCCTTCTCTGCTACGA,2,4997037
yjbJ_predicted,0.06060606060606061,33,32,GAGAGGGATCGCCACGGAAT,1,4997715
yjbJ_predicted,1.8181818181818181,91,32,CTGTGATGTATATACATTAT,59,5005028
yjbJ_predicted,0.06060606060606061,33,32,CGTATCCCGATGTGCTGACA,1,5012843
yjbJ_predicted,1.7575757575757576,89,32,CGCACTGTCTTTAAAGTGTT,57,5019666
yjbJ_predicted,1.2424242424242424,72,32,CGATCGATATATGAATGGAT,40,5009881
yjbJ_predicted,1.1818181818181819,70,32,AGTTAAAAGATAGTGGACCA,38,5020254
yjbJ_predicted,4.484848484848484,179,32,AGTATATTGAGATACCGGGA,147,5013916
yjbJ_predicted,0.06060606060606061,33,32,AATCCTGTGCGCATGGTTCC,1,5019742
yjbJ_predicted,2.0,94,31,TTTTTATTCCCCCCCATATA,63,5012703
yjbJ_predicted,3.8125,152,31,TGTCCTTTCTGTGTGCGTTT,121,5010061
yjbJ_predicted,2.1875,100,31,TGTAACGAGTATAAAAACAT,69,4996239
yjbJ_predicted,2.3125,104,31,TGGATTCTAGTTTGAGTCAG,73,5028928
yjbJ_predicted,2.71875,117,31,TAACAGGATCAAATCATACA,86,5006816
yjbJ_predicted,0.0625,32,31,GTAATCAGGACGCTGCGAGC,1,5006379
yjbJ_predicted,0.0625,32,31,GGGGCAAATCCTGTGCGGGG,1,5030480
yjbJ_predicted,3.71875,149,31,GCAGCACTCGATACATAACA,118,5014053
yjbJ_predicted,1.96875,93,31,GAGACGCTGCGAGGATACCT,62,5000619
yjbJ_predicted,1.9375,92,31,CGTTGGAACCGTTACTACCA,61,5004366
yjbJ_predicted,1.375,74,31,CGCTCCATGCTAACAAGTAC,43,5012753
yjbJ_predicted,2.9375,124,31,CCGGCTTACAGCCGTCATGT,93,5013453
yjbJ_predicted,7.34375,265,31,CACTCACGCCGCTTATTTCT,234,5005084
yjbJ_predicted,0.0625,32,31,ATCTATTAGGCATGACCCTT,1,5001086
yjbJ_predicted,1.90625,91,31,AGGGCGTCCGGAACATTTGT,60,5010768
yjbJ_predicted,3.53125,143,31,AGATGCGTCACAGCTACGAG,112,5028196
yjbJ_predicted,0.0625,32,31,AACTTCCGAATCATCATGTT,1,5023121
yjbJ_predicted,0.90625,59,31,AACATAGAGTGTGATACCAA,28,5018754
yjbJ_predicted,3.5806451612903225,140,30,TCGCATCAAGTAGCCAGACT,110,4995304
yjbJ_predicted,1.1290322580645162,64,30,TATGTTCGCGTTATGAATTG,34,5006139
yjbJ_predicted,0.12903225806451613,33,30,TACCCAAGTACTCAACTATC,3,5007399
yjbJ_predicted,2.3225806451612905,101,30,TAAGTGAGCCGTCAATGGGA,71,5002851
yjbJ_predicted,0.06451612903225806,31,30,TAAGCTTAGAGCGTACTGAA,1,5015277
yjbJ_predicted,3.129032258064516,126,30,GTAAGTAAGGTATGGAATTA,96,5028427
yjbJ_predicted,1.8709677419354838,87,30,GGCAGCCTTAGAATGTAGCT,57,4997992
yjbJ_predicted,2.2580645161290325,99,30,GACACCTGGCTGAAGCCATG,69,4995701
yjbJ_predicted,0.12903225806451613,33,30,CTTATAGCTAGTGACATGCT,3,5001565
yjbJ_predicted,2.0,91,30,CGAACTAACTCAGTGATGTG,61,4995873
yjbJ_predicted,0.06451612903225806,31,30,CCTCACTCAGCGTGTTGAGC,1,5006448
yjbJ_predicted,0.06451612903225806,31,30,CCCCACCGAGAGGCGCAGGG,1,5014469
yjbJ_predicted,1.4516129032258065,74,30,CACCAGCGCATGGGCTTGGA,44,5007506
yjbJ_predicted,0.06451612903225806,31,30,AGTAGTTTTTGGAACAGCAG,1,5011252
yjbJ_predicted,2.129032258064516,95,30,AACCCTTGATCTTCTCAGCT,65,4996169
yjbJ_predicted,2.2,94,29,TAGAAGGTGGACCTCTAGCA,65,5029166
yjbJ_predicted,1.9333333333333333,86,29,GCGTGTCTTCTCGTACAGGG,57,5000432
yjbJ_predicted,5.6,196,29,GAAGCTGTATCGGACTTGGT,167,5006940
yjbJ_predicted,1.9333333333333333,86,29,CGCCTTCTATTCTATGTTGG,57,5017279
yjbJ_predicted,1.7666666666666666,81,29,CCTTGAATCAATCGGGTCTT,52,4996243
yjbJ_predicted,2.2,94,29,CAGTAGCGTTCACATGGTGC,65,4996562
yjbJ_predicted,4.2,154,29,CAGCGGTCGATCTACGTTTG,125,4997588
yjbJ_predicted,0.1,31,29,CAGAATCCGCGCCCCCACAG,2,5002399
yjbJ_predicted,3.0,118,29,ATAATGGAATGTAACGGCAA,89,5016485
yjbJ_predicted,1.6666666666666667,78,29,AGACGCAGTAAGAATTGTAC,49,5020759
yjbJ_predicted,1.9333333333333333,86,29,ACACGTAACATACATGGTTG,57,4997094
yjbJ_predicted,0.06666666666666667,30,29,AACAGCGATGTTCATCACAT,1,5009727
yjbJ_predicted,2.1724137931034484,90,28,TTTTCTCTCAGTGTTTACGT,62,4995996
yjbJ_predicted,3.4827586206896552,128,28,TGGCCGCCGGAGAGCGGCAA,100,5017533
yjbJ_predicted,0.06896551724137931,29,28,TGGAATGTAGATCATTGACC,1,5014132
yjbJ_predicted,3.206896551724138,120,28,TGATGCATCGCTGGGCTGGT,92,5008083
yjbJ_predicted,2.0689655172413794,87,28,TGACATGTGCCACCGGACTT,59,5015429
yjbJ_predicted,0.06896551724137931,29,28,TCGGACAACCGCTCAGGCGC,1,4996986
yjbJ_predicted,2.8620689655172415,110,28,TCAGTAGTAAATACGTGCTA,82,5023342
yjbJ_predicted,0.41379310344827586,39,28,GGAGAGAATTGCGGGGATGA,11,5023546
yjbJ_predicted,2.0344827586206895,86,28,GCTCTATTGCCCTCATTAGT,58,5014218
yjbJ_predicted,0.06896551724137931,29,28,GCGTGGAACAATGATCTTCA,1,5007120
yjbJ_predicted,0.06896551724137931,29,28,GCGTATAATCCTGTCGAGAG,1,5006540
yjbJ_predicted,0.10344827586206896,30,28,CTGAACCAAACTCACACAAT,2,5005832
yjbJ_predicted,1.206896551724138,62,28,CTAGGGTTTGCTTCGATAGC,34,5016874
yjbJ_predicted,3.7241379310344827,135,28,CAGCCCGAGTTCTCCCTGCT,107,5000325
yjbJ_predicted,0.06896551724137931,29,28,ATTTGGCAACAATTGAGAAC,1,5005205
yjbJ_predicted,0.06896551724137931,29,28,ATTCGATATTATCGTATTAG,1,5028916
yjbJ_predicted,2.1724137931034484,90,28,AGCCACTACCTCTTTTGTCA,62,5019146
yjbJ_predicted,0.06896551724137931,29,28,AGCCAATCGCATGGGATCAT,1,5012714
yjbJ_predicted,1.5862068965517242,73,28,AGCACGCGAACAATCAGTCT,45,5014286
yjbJ_predicted,0.10344827586206896,30,28,AGAAAAGAGGATTTCCCCGT,2,5009516
yjbJ_predicted,0.14285714285714285,30,27,TTCCTGCGGCAGGAGAGCAG,3,5025334
yjbJ_predicted,0.07142857142857142,28,27,TAGGGCGCTTGTGTCTCCAA,1,5006442
yjbJ_predicted,3.4285714285714284,122,27,TAGAATCCTGTCACAGTCAT,95,5006893
yjbJ_predicted,0.07142857142857142,28,27,GTCTTAGGGAGTTCCGCAGT,1,5014581
yjbJ_predicted,3.392857142857143,121,27,GGTCATAGAAGATTCTCTTC,94,5027265
yjbJ_predicted,0.10714285714285714,29,27,GGAGGTTGTGCCAATACAGC,2,5014250
yjbJ_predicted,2.0714285714285716,84,27,GCAAGATATTGTGTCAGGGT,57,5001925
yjbJ_predicted,3.0714285714285716,112,27,GAGCAACACGAGCCAGTCCG,85,5005222
yjbJ_predicted,1.5357142857142858,69,27,GAAACGTGGGCGGGAGCTCA,42,5022183
yjbJ_predicted,0.07142857142857142,28,27,CTGTTGTTGCTCTAGTAGCA,1,5027911
yjbJ_predicted,2.2142857142857144,88,27,CTAGAGCCGCTGGATGATTT,61,5009832
yjbJ_predicted,1.5714285714285714,70,27,CGGTCACGGGACACCTATCT,43,5015237
yjbJ_predicted,1.5714285714285714,70,27,ATCTGTATAAATGCACGAGT,43,5006536
yjbJ_predicted,0.07142857142857142,28,27,ATCAACATGCAAGGCTTTAA,1,5007115
yjbJ_predicted,0.10714285714285714,29,27,AGGTGAAAGAGATACGGATA,2,5006493
yjbJ_predicted,0.07407407407407407,27,26,TTCGTCTTATTGGATATTGT,1,5001950
yjbJ_predicted,6.888888888888889,211,26,TGCCAAATAGTCTCCTAAAC,185,5028667
yjbJ_predicted,0.07407407407407407,27,26,TCGTTTACGATGTTTCGAGT,1,5010914
yjbJ_predicted,1.7037037037037037,71,26,TAAAATGGATCTTGCTCCTC,45,5017018
yjbJ_predicted,1.2592592592592593,59,26,GTGAGACCTCCGTGAATTTC,33,5021864
yjbJ_predicted,0.07407407407407407,27,26,GGCTATATCCGCAAATCTAT,1,4994823
yjbJ_predicted,1.8888888888888888,76,26,GGATGGGGTCCGTACAATAG,50,5019837
yjbJ_predicted,0.07407407407407407,27,26,GCGGCAACCTCTACATAAGG,1,5001416
yjbJ_predicted,0.8148148148148148,47,26,GATATATCGCCGATTTCCAA,21,5011496
yjbJ_predicted,0.07407407407407407,27,26,CTCAGGTTTACCTTAACTAT,1,4995381
yjbJ_predicted,0.1111111111111111,28,26,CGCTACCGACGTGAATTAGG,2,5005397
yjbJ_predicted,1.2592592592592593,59,26,CGCGCCAGCGGATAACGCTT,33,5002102
yjbJ_predicted,2.3703703703703702,89,26,CGCATTACCGCTCTACCACA,63,5015721
yjbJ_predicted,3.962962962962963,132,26,CGATAGCAGAATCCCTTGTT,106,5007797
yjbJ_predicted,0.9629629629629629,51,26,CCGATCCTATCACTTGCCGC,25,5000776
yjbJ_predicted,0.07407407407407407,27,26,CACGAAATGTTATCGTGAAT,1,5026780
yjbJ_predicted,1.1851851851851851,57,26,ACTCAGAATGAACATCTGCA,31,5024640
yjbJ_predicted,0.07407407407407407,27,26,ACCGGAAGGAAGCCGAAGTA,1,4995046
yjbJ_predicted,1.0,52,26,AAATGCCTTATCAACCCCTC,26,4995665
yjbJ_predicted,2.6153846153846154,92,25,TTCTGACCCAAACTCTGCGA,67,4995898
yjbJ_predicted,1.6153846153846154,66,25,TTCACCATAAACAGCCTAAG,41,5023078
yjbJ_predicted,1.8076923076923077,71,25,TGAGACCCATTTACACAATA,46,5010200
yjbJ_predicted,1.3846153846153846,60,25,TCGCGGCGTACATTAGAACC,35,5002013
yjbJ_predicted,0.07692307692307693,26,25,TAATAGCACTTAGGTATAGC,1,5011043
yjbJ_predicted,1.6923076923076923,68,25,GTTTCATCGCGGGGCTCGCC,43,5007306
yjbJ_predicted,0.07692307692307693,26,25,GTTCAGGTGCCCACTTGAAC,1,5029253
yjbJ_predicted,0.07692307692307693,26,25,GCTGCTTCCATACTGGAAGC,1,5026459
yjbJ_predicted,2.5,89,25,GCGTGCATGTGCGGAAACTT,64,5013048
yjbJ_predicted,0.15384615384615385,28,25,GCCAGGTGCGGTCCTGTTCT,3,4998556
yjbJ_predicted,1.5,63,25,GAGTTGTGGAACACTTCAAT,38,5001123
yjbJ_predicted,2.6153846153846154,92,25,GAGCTTATCGTTTGTCACCA,67,4998640
yjbJ_predicted,2.769230769230769,96,25,CTAGGTGGGTTGGAGTGTGT,71,5027200
yjbJ_predicted,3.5,115,25,CTAGATCCAGTAAGATTTAT,90,5004216
yjbJ_predicted,0.07692307692307693,26,25,CGGTCGTCATTATCCGATAT,1,5006027
yjbJ_predicted,2.6153846153846154,92,25,CCTTGAAGGAGGTACGCGTA,67,5011406
yjbJ_predicted,0.07692307692307693,26,25,CCCCCAGACAGTAGTCAATA,1,5020067
yjbJ_predicted,0.07692307692307693,26,25,CAGGGGAGAAGGTATGGGCA,1,5023179
yjbJ_predicted,2.4615384615384617,88,25,CAATACTTAGCACAGCGTTT,63,5004299
yjbJ_predicted,0.11538461538461539,27,25,CAATACAATGCGGTTATGTA,2,5008205
yjbJ_predicted,2.1923076923076925,81,25,ATTTGTTAGAAACCTAACAT,56,5006844
yjbJ_predicted,6.038461538461538,181,25,ATTACGGTATTCGGGTTAAC,156,5001692
yjbJ_predicted,0.07692307692307693,26,25,ATCAAGACCCTCTGGTAAAG,1,4999831
yjbJ_predicted,2.423076923076923,87,25,AGTCAGGGGGGCTTGCATCT,62,5006099
yjbJ_predicted,0.07692307692307693,26,25,AGGAGAAAGGCCTTAGCTCC,1,5017712
yjbJ_predicted,1.9615384615384615,75,25,AGCCGGTTATATATGCCAAT,50,5004107
yjbJ_predicted,0.07692307692307693,26,25,AGCATACCGCCTAGACCATA,1,5010381
yjbJ_predicted,1.5,63,25,ACGGGTTCGTCCGGAACATT,38,5007651
yjbJ_predicted,0.07692307692307693,26,25,AATAGGATGCGATGTTGGTC,1,5018832
yjbJ_predicted,0.11538461538461539,27,25,AAGCCGCGTGTAATGGTTAT,2,5003567
yjbJ_predicted,3.769230769230769,122,25,AAAGTTGCTATGTCCGGCTT,97,4997054
yjbJ_predicted,4.76,142,24,TTTATAGAAGGCAAAATCCC,118,5000659
yjbJ_predicted,2.2,78,24,TTGGAAGGAGTAATTCTTAC,54,5024325
yjbJ_predicted,2.8,93,24,TTACTCTCACATAGGGACCA,69,5002171
yjbJ_predicted,0.08,25,24,TTAATACCTTACGCTCTCAA,1,5014512
yjbJ_predicted,0.12,26,24,TGTAACGATTGTTAGTCGCT,2,5018818
yjbJ_predicted,0.08,25,24,TACTGTGCCCCGTTCAATTG,1,5018090
yjbJ_predicted,3.12,101,24,TAATTGCAAGGGAGAGCCGT,77,5000719
yjbJ_predicted,1.2,53,24,GTGACTAGACCTCTACAGTT,29,5002053
yjbJ_predicted,0.12,26,24,GTCGGCGACCTCGTAGAAGA,2,4996417
yjbJ_predicted,1.64,64,24,GTATTATTTCCGGGAGTTGT,40,5016700
yjbJ_predicted,0.08,25,24,GGTGCGCGGGCACGTTTAGA,1,5026506
yjbJ_predicted,0.32,31,24,GGACCGCAGGGTGTCCGCTT,7,4997823
yjbJ_predicted,3.12,101,24,GCGCTTAGCACTGAGTTAAA,77,4996288
yjbJ_predicted,0.12,26,24,GAGGTCAGGAAGGCAGCTAA,2,4995041
yjbJ_predicted,3.0,98,24,CTGCTTAGAGCGGCGTAGTC,74,5020060
yjbJ_predicted,2.12,76,24,CTACCGAAAGCCGCCGCTAA,52,5007264
yjbJ_predicted,2.16,77,24,CGCCCCGCATATAGGATCGC,53,5006178
yjbJ_predicted,2.92,96,24,CGCAAGGCCAACTTGCCTCT,72,4999878
yjbJ_predicted,1.04,49,24,CCTCTGTCTGGGGTAAAGCC,25,4995307
yjbJ_predicted,0.84,44,24,CCCGCTAGGGTGTCCGGGTA,20,5001660
yjbJ_predicted,1.84,69,24,CAGATAGGGATAGTCAGGGT,45,4997353
yjbJ_predicted,1.36,57,24,CACGTACTCAGATCGTTTCC,33,5017044
yjbJ_predicted,2.8,93,24,CAACAGGTTGTTTTATGGTT,69,5014081
yjbJ_predicted,0.08,25,24,AGAGGATATAAGATCTTTGA,1,5030439
yjbJ_predicted,6.08,175,24,AGACATGACCGTAGCCTTGA,151,5005834
yjbJ_predicted,2.72,91,24,AGAAACCCGGAGTCCGAACT,67,5020030
yjbJ_predicted,0.08,25,24,ACTGCTGATCGCGGGTCACA,1,5023984
yjbJ_predicted,3.2,103,24,ACTGCGGATCGAAAAAATAG,79,5004490
yjbJ_predicted,4.76,142,24,ACGCCGCTCTTGCTGCTGAC,118,4995003
yjbJ_predicted,0.08,25,24,ACCACCATAAGATCGTAAAT,1,5006018
yjbJ_predicted,0.08,25,24,ACAGAGGCTCCCGCCCATTG,1,5010883
yjbJ_predicted,2.96,97,24,AAGTGGTAAGAGTGTCAAGC,73,4994905
yjbJ_predicted,1.76,67,24,AAGTGATAATAGCCCTCAGA,43,4998300
yjbJ_predicted,3.12,101,24,AAAACATGAACGTCCCGCTT,77,5005911
yjbJ_predicted,1.625,61,23,TTTGCTTTCACCACATGAAT,38,4997272
yjbJ_predicted,1.3333333333333333,54,23,TTCCTGGCGCACAGCGGGTT,31,5007905
yjbJ_predicted,2.7083333333333335,87,23,TGTTTCCATGCAGGCCCCCT,64,5015529
yjbJ_predicted,0.9166666666666666,44,23,TGTCAACATGCGTCAACCGG,21,5026312
yjbJ_predicted,0.08333333333333333,24,23,TGCGGCCATCTAGGACCTCA,1,4997850
yjbJ_predicted,0.08333333333333333,24,23,TCGGAACTACCCCGGTAGAC,1,4997692
yjbJ_predicted,3.0,94,23,TATTAGAACTCGAATGGTAT,71,5007077
yjbJ_predicted,3.375,103,23,TATATAGCTGACTACCATTG,80,5008071
yjbJ_predicted,0.08333333333333333,24,23,TACATTCGTCGGGGGGTTAA,1,4997546
yjbJ_predicted,3.5416666666666665,107,23,GTGGAAAAGGGCTTTCGCTA,84,5003799
yjbJ_predicted,0.08333333333333333,24,23,GGGTCAATCTATTTTGGAGG,1,5022694
yjbJ_predicted,5.583333333333333,156,23,GGCGGGACATCATGTGTTTG,133,5005897
yjbJ_predicted,3.875,115,23,GGCAGAAATGCGGTTGTATG,92,5002012
yjbJ_predicted,1.125,49,23,GCGGAGAAAACCGGACGGAA,26,5025913
yjbJ_predicted,2.0833333333333335,72,23,GCGGACGTCTGTCGCTTCTA,49,5017294
yjbJ_predicted,0.5833333333333334,36,23,GAGTGATAACGGAACGGGCG,13,5017955
yjbJ_predicted,0.625,37,23,GAAACGGATGACGGTGAGCG,14,5003167
yjbJ_predicted,2.5416666666666665,83,23,CGTGGACCGTAAAGCCCTTG,60,4994765
yjbJ_predicted,0.08333333333333333,24,23,CGGGGGCGCTTGGCTACCGC,1,5014126
yjbJ_predicted,0.125,25,23,CGGCAGCCGGACGAAGCACA,2,5018329
yjbJ_predicted,0.08333333333333333,24,23,CGCCCGCTGATCAATAGAAA,1,5005913
yjbJ_predicted,0.08333333333333333,24,23,CGACTCCACGAAGGTCAAAA,1,4998278
yjbJ_predicted,0.08333333333333333,24,23,CCTTGACTAGCGCTGGGACT,1,5010913
yjbJ_predicted,3.1666666666666665,98,23,CACCGTCCTGTGTCAAGTAG,75,5006698
yjbJ_predicted,3.4166666666666665,104,23,CAATGCTTGGGCTTAAGCTA,81,5002047
yjbJ_predicted,2.7083333333333335,87,23,CAAATGTCGCCGGTACGTCA,64,5018996
yjbJ_predicted,2.7083333333333335,87,23,ATTGGTTCAAGTCTGGTATG,64,5002095
yjbJ_predicted,0.08333333333333333,24,23,ATAGGATAATTAATTGCGTA,1,5007331
yjbJ_predicted,1.5,58,23,ACTCCATCGACGATTAATTG,35,5015626
yjbJ_predicted,0.08333333333333333,24,23,ACGGGCCGGTGGAACGCTTA,1,4995424
yjbJ_predicted,0.08333333333333333,24,23,AACGGTGGTAACCGCACTGG,1,4996504
yjbJ_predicted,7.083333333333333,192,23,AAATAGTATTTTACCCGTCA,169,4997521
yjbJ_predicted,0.08695652173913043,23,22,TTTTGCTGCTCACCGTTTTG,1,5019681
yjbJ_predicted,1.0869565217391304,46,22,TTGGGTACCTTTCACCGATG,24,5011144
yjbJ_predicted,0.08695652173913043,23,22,TTGCCCCTCGGCGGGATAAC,1,5016918
yjbJ_predicted,0.08695652173913043,23,22,TTCGAGCGGACACTCTATTA,1,4995115
yjbJ_predicted,0.13043478260869565,24,22,TTACACTCGTGGATCGTTGA,2,4996584
yjbJ_predicted,0.08695652173913043,23,22,TGCATACTAACGCGGCATGT,1,5028734
yjbJ_predicted,2.0434782608695654,68,22,TCGGAACCGGTGCAATCGGT,46,5008359
yjbJ_predicted,5.260869565217392,142,22,TCGCTGGTCCACAGTGTGCA,120,4998104
yjbJ_predicted,2.0869565217391304,69,22,TAAATAGCTTTCGCACCGCG,47,5011930
yjbJ_predicted,2.260869565217391,73,22,TAAAGGAAGCAACCAAGAAG,51,5004886
yjbJ_predicted,0.13043478260869565,24,22,GTCCTGATATATAAACCATT,2,5019998
yjbJ_predicted,0.08695652173913043,23,22,GTAGGGCTAAGGTGCTAGGT,1,5001585
yjbJ_predicted,0.08695652173913043,23,22,GGTGCGTGGGTTTTCTTCAT,1,5016849
yjbJ_predicted,5.913043478260869,157,22,GGATCGCTCCGTAAATGGCT,135,5019525
yjbJ_predicted,2.260869565217391,73,22,GGACTTTCTTTACATGGCGT,51,5010193
yjbJ_predicted,1.6521739130434783,59,22,GCGTAAGGAACTCCTCTCTA,37,5006797
yjbJ_predicted,6.608695652173913,173,22,GCCAGTTGATTAAAATCTAT,151,4995929
yjbJ_predicted,2.4782608695652173,78,22,CTTATTGGATCTTAATTTCA,56,5010827
yjbJ_predicted,2.130434782608696,70,22,CGTCCCCTCCATTATCTGAA,48,5020957
yjbJ_predicted,0.13043478260869565,24,22,CCGTTCGACACCGGTCTCCT,2,5030433
yjbJ_predicted,2.217391304347826,72,22,CCGCTGCCTCGTGTACGTCA,50,4998482
yjbJ_predicted,0.08695652173913043,23,22,CCACATTGGTCGCTATTGCT,1,4998592
yjbJ_predicted,0.08695652173913043,23,22,CACAGAGGCTCGTGCTAGGA,1,5027807
yjbJ_predicted,2.782608695652174,85,22,CAATCAGTGTGTTCAATTCG,63,5021758
yjbJ_predicted,3.4347826086956523,100,22,ATGAGACGTGGAGTATTCGA,78,5025625
yjbJ_predicted,3.0434782608695654,91,22,ATATCCTCGGGTTAAGACCA,69,5026730
yjbJ_predicted,0.08695652173913043,23,22,ACCTTACAACAGGATGAGAA,1,5026723
yjbJ_predicted,2.6956521739130435,83,22,ACATTATCACATCTTCCAAA,61,5007853
yjbJ_predicted,0.22727272727272727,25,21,TTTAAGGTGGCTGGGGAGTG,4,5026541
yjbJ_predicted,2.772727272727273,81,21,TGTCGTAGGCCGAGGGAGCT,60,4998156
yjbJ_predicted,2.409090909090909,73,21,TGACACGATCGGTACTAAGA,52,5000604
yjbJ_predicted,2.6363636363636362,78,21,TGAATGGACCTTACATGAAA,57,5022911
yjbJ_predicted,0.09090909090909091,22,21,TCGCGAGTTAGGCTCTATGC,1,5007012
yjbJ_predicted,0.09090909090909091,22,21,TCACGCGAGCGGTATAAGAA,1,5023652
yjbJ_predicted,3.6363636363636362,100,21,TATTATGGTTTGTGGTTACG,79,5000410
yjbJ_predicted,2.227272727272727,69,21,TATCGGTCCACGCGTATAAT,48,5015452
yjbJ_predicted,1.0454545454545454,43,21,TATAAGCGCGGGTTTTGAGC,22,5010292
yjbJ_predicted,2.9545454545454546,85,21,TATAACATCAGCGACCGCCA,64,5020542
yjbJ_predicted,0.09090909090909091,22,21,TAGGTAGTCACATGGAGATG,1,5014054
yjbJ_predicted,0.09090909090909091,22,21,TAGCAAACGACGCATAGGCA,1,4995895
yjbJ_predicted,1.0,42,21,TAATGCACCGACATGTGACT,21,5003497
yjbJ_predicted,1.9090909090909092,62,21,GTTGCAGATGTCTTCGCGCC,41,5007794
yjbJ_predicted,2.6818181818181817,79,21,GGATAATGCATAAAAATCCC,58,5022597
yjbJ_predicted,1.5454545454545454,54,21,GCTCGTAGCCTGAAATGATC,33,5012062
yjbJ_predicted,4.7727272727272725,125,21,GCAATACAGTAACGGCAATT,104,5004597
yjbJ_predicted,0.09090909090909091,22,21,GAGACTTGTCTGTTGATCAT,1,5017086
yjbJ_predicted,0.09090909090909091,22,21,CTTGTAAAGGGGCTTCAACG,1,5018576
yjbJ_predicted,3.909090909090909,106,21,CTTGAATTTTTTGAAATAGT,85,4995893
yjbJ_predicted,1.2272727272727273,47,21,CTAGGGAGTTTCATCCGATA,26,5026651
yjbJ_predicted,1.2272727272727273,47,21,CTACGTTTCCGCTGTCCGTT,26,5011867
yjbJ_predicted,0.09090909090909091,22,21,CGTCTGGAGTCCCCTAACAT,1,5022412
yjbJ_predicted,0.09090909090909091,22,21,CGGGCCGCAGGCGGTTCACG,1,5014870
yjbJ_predicted,0.9545454545454546,41,21,CGCGACGACACACCACAGCT,20,4997867
yjbJ_predicted,3.590909090909091,99,21,CGCCTACGCGATATAGATGT,78,5025586
yjbJ_predicted,2.9545454545454546,85,21,CCGATACCCACAGGCGTAGG,64,5011855
yjbJ_predicted,1.5909090909090908,55,21,CCCACCCGACCTAGAATGCT,34,5002602
yjbJ_predicted,2.5454545454545454,76,21,CCACAACAGTCCGGAGCACA,55,5016031
yjbJ_predicted,4.545454545454546,120,21,CATTTGTGTATCAGGACGTG,99,5022275
yjbJ_predicted,0.09090909090909091,22,21,CATGATACTTTGCAGGCACT,1,5002757
yjbJ_predicted,2.3636363636363638,72,21,ATGATTAAGGGTCGGCACAA,51,5010510
yjbJ_predicted,2.409090909090909,73,21,ACGACCTAGCAGCCAGGGAA,52,5012944
yjbJ_predicted,8.409090909090908,205,21,AATGATGAGCTTTAAAAGCT,184,4996970
yjbJ_predicted,0.13636363636363635,23,21,AATGACCAACAAGCCTGAAT,2,5022495
yjbJ_predicted,2.727272727272727,80,21,AAGTACCCGTGGTGACACGT,59,5015248
yjbJ_predicted,0.09523809523809523,21,20,TTGTGTTGATGCACCTAAAG,1,5018183
yjbJ_predicted,2.5238095238095237,72,20,TTAAATTTACGCTGGTCGAG,52,5010756
yjbJ_predicted,1.4761904761904763,50,20,TGTCGTCTCATCATTTATTT,30,5024555
yjbJ_predicted,0.09523809523809523,21,20,TCGCAATAATGGTTCATATC,1,5006304
yjbJ_predicted,0.09523809523809523,21,20,TAGGGGAGCCGGAGTTGCGT,1,5007072
yjbJ_predicted,0.09523809523809523,21,20,TACTTAATTCGCTAGTCATC,1,5006991
yjbJ_predicted,3.1904761904761907,86,20,TAATGTACCTCTGGTCGGGC,66,4994964
yjbJ_predicted,0.09523809523809523,21,20,TAAGATCAAGGGGCTTAATC,1,5005225
yjbJ_predicted,0.09523809523809523,21,20,GTCATTTGGCCTAGAATTCT,1,5013920
yjbJ_predicted,0.09523809523809523,21,20,GTACGGAGGCTGCGGATGTA,1,5008850
yjbJ_predicted,0.09523809523809523,21,20,GGCATATCTACTGGAAGGAG,1,5002984
yjbJ_predicted,0.09523809523809523,21,20,GGCAAAATCAGCAAGTCATT,1,5017056
yjbJ_predicted,0.14285714285714285,22,20,GCCTCTTCGCAACGGCGAGA,2,5018774
yjbJ_predicted,2.4285714285714284,70,20,GCCGATATGACCCGCCATTC,50,5011483
yjbJ_predicted,0.09523809523809523,21,20,GCAGCCCAGTACCAGTGATT,1,4998790
yjbJ_predicted,6.380952380952381,153,20,GATGAATCAATGGCTCCCCC,133,4995172
yjbJ_predicted,2.2857142857142856,67,20,GAAGATGGAGGGATTTCAAA,47,5026399
yjbJ_predicted,0.09523809523809523,21,20,CTCGCCGGCACGGCTATAGC,1,5019107
yjbJ_predicted,3.0,82,20,CGTTAAGAAAAATCGTCAGA,62,5026542
yjbJ_predicted,0.09523809523809523,21,20,CGGGGGTGAGGAGTCTGGTA,1,5009066
yjbJ_predicted,0.09523809523809523,21,20,CGGATGACCGTCTGCACTAT,1,5020340
yjbJ_predicted,2.1904761904761907,65,20,CCTGGGTGGCACTATAGACG,45,4999197
yjbJ_predicted,0.09523809523809523,21,20,CCCGTAGAAGGTTTTCTGTT,1,5007585
yjbJ_predicted,0.2857142857142857,25,20,CAGGCGTGGTACGGCAGCGA,5,5025471
yjbJ_predicted,2.5238095238095237,72,20,CACGCGTTGACTGCACTCCT,52,5001290
yjbJ_predicted,8.285714285714286,193,20,CAAATAAAGAGTCATCCAAC,173,5006244
yjbJ_predicted,2.0,61,20,ATTTTTGCGTAGCGATGTAA,41,5021435
yjbJ_predicted,1.9047619047619047,59,20,ATGAAACGTGATTTTTTGCA,39,5018086
yjbJ_predicted,0.09523809523809523,21,20,ATCTGGGTTTGCCGTGTAAA,1,5028149
yjbJ_predicted,0.14285714285714285,22,20,ATCTGGGGTTTTTTGGTCAC,2,5001631
yjbJ_predicted,0.09523809523809523,21,20,ATAGGGTGATCATCGGGATG,1,5001308
yjbJ_predicted,5.142857142857143,127,20,AGGCAATCGGGGCTTTACTA,107,4999839
yjbJ_predicted,4.619047619047619,116,20,AGAGACCTAGCGCGACTTGA,96,4997515
yjbJ_predicted,3.2857142857142856,88,20,AGACCTGCGCCATTGGGAAA,68,5022219
yjbJ_predicted,2.142857142857143,64,20,ACCCGTAAGTGGGCTTGTCG,44,5021205
yjbJ_predicted,7.523809523809524,177,20,AATCTAGAGACGCGGTAGTT,157,5014611
yjbJ_predicted,5.0476190476190474,125,20,AACTTTCTGGCTGAGGATTG,105,4999556
yjbJ_predicted,0.09523809523809523,21,20,AACCGTGGTGGCCAGTTTTG,1,5013029
yjbJ_predicted,0.1,20,19,TTCAGGGCCGCGAGTTGTTG,1,5001804
yjbJ_predicted,0.1,20,19,TGTTCGCTCCTGGCAGAGTC,1,5000739
yjbJ_predicted,3.0,78,19,TGGCTTTGTCATTGTCTCCT,59,5006984
yjbJ_predicted,3.2,82,19,TGCATGGGCTGTCGAACGAA,63,5008752
yjbJ_predicted,2.5,68,19,TGACCAGAAGGCGCCGATGG,49,5014223
yjbJ_predicted,2.95,77,19,TCCTAAATATTAAACGCTAA,58,5018449
yjbJ_predicted,2.0,58,19,TCATGACTATGTCGAACTGG,39,4998350
yjbJ_predicted,3.9,96,19,TAGATCAACCATACCTCGTA,77,4996509
yjbJ_predicted,0.15,21,19,TACTTGTAGATTGGTTGTAT,2,4996953
yjbJ_predicted,4.45,107,19,TAATACCCTGCGGAGATTAA,88,5028637
yjbJ_predicted,2.05,59,19,TAACCGTGGGCGTTCTCCAT,40,5011553
yjbJ_predicted,2.4,66,19,GTATCATGAGGGCCAGATTT,47,5023879
yjbJ_predicted,0.1,20,19,GGTTGAAAGTTGTGTTTGAG,1,4999725
yjbJ_predicted,0.25,23,19,GGTGACAAAGACCGGCCGCA,4,5016567
yjbJ_predicted,3.0,78,19,GGTAGGTTAGCGCGACCACA,59,5022621
yjbJ_predicted,2.75,73,19,GGAGGGCTGGTTTGTGCAAC,54,5015508
yjbJ_predicted,4.65,111,19,GCGCGGGAGATCGATTATCT,92,4995561
yjbJ_predicted,2.7,72,19,GCCCGGTAGCCAACCTACTA,53,5014016
yjbJ_predicted,2.85,75,19,GCCAGCGAACGGAATCTCTA,56,5005487
yjbJ_predicted,0.15,21,19,GCACCCGCGCATGATTGCGG,2,5009999
yjbJ_predicted,3.3,84,19,GAGGAACAGCGAATACGGCC,65,5028405
yjbJ_predicted,5.85,135,19,GACGAGTTTAGATAGTTCCT,116,5000482
yjbJ_predicted,0.15,21,19,CTCTGAATACCCTTGCGAAT,2,5018917
yjbJ_predicted,3.0,78,19,CGAGACAAAACCGTACGGTT,59,5013826
yjbJ_predicted,2.25,63,19,CCGTTCGCTGCATTTGCTGA,44,5001655
yjbJ_predicted,3.0,78,19,CCGTTATGAGAGACGACAGT,59,5002128
yjbJ_predicted,0.1,20,19,CCCAGGACAGCTAGTGGATG,1,5029975
yjbJ_predicted,1.85,55,19,CAGGTGCGGGGGCTTGTCGA,36,5020190
yjbJ_predicted,0.75,33,19,ATAGGGATATGGGAATGATG,14,5009230
yjbJ_predicted,2.0,58,19,AGTCATTGAAGGTTCATTAG,39,5030396
yjbJ_predicted,0.1,20,19,AGCATTGTAGAGGGACTCCA,1,5015777
yjbJ_predicted,0.15,21,19,ACGGGAGTCTGCTACAATTG,2,5009020
yjbJ_predicted,0.1,20,19,ACAGGGTGGGGCCTCCCATT,1,5000504
yjbJ_predicted,2.6,70,19,AATCTCCTCTACAATAAGAT,51,5010079
yjbJ_predicted,4.7368421052631575,107,18,TTTTCAAGCTTGATTCGGGA,89,5008123
yjbJ_predicted,3.8947368421052633,91,18,TTCTCAACAGTCCTTCGTCA,73,5020421
yjbJ_predicted,2.9473684210526314,73,18,TGTCGTGGCTTGCTGACAGA,55,5001865
yjbJ_predicted,4.2105263157894735,97,18,TGTCCTTTTAACTGGGTTAG,79,5024877
yjbJ_predicted,2.263157894736842,60,18,TGGTGACTCATACCCCAGGT,42,5018457
yjbJ_predicted,2.5789473684210527,66,18,TGACACCGCTCCGTAGGCAA,48,5026074
yjbJ_predicted,0.15789473684210525,20,18,TGAATGGACCTTGTATTTAT,2,5005986
yjbJ_predicted,3.3157894736842106,80,18,TCGGTCATCTTGTAGATGGC,62,5017514
yjbJ_predicted,0.10526315789473684,19,18,TCGCCTTTGTGTCGCGCTGC,1,5007972
yjbJ_predicted,3.210526315789474,78,18,TCGAGCCAGGATGCCGTATC,60,4994773
yjbJ_predicted,0.10526315789473684,19,18,TCCTGTTTGGACGGTCGACA,1,5006609
yjbJ_predicted,0.10526315789473684,19,18,TCATACGAAGGCAGATAACG,1,5016057
yjbJ_predicted,0.10526315789473684,19,18,GGTTGCCACCTGTGCAGACT,1,5003422
yjbJ_predicted,0.10526315789473684,19,18,GGTGATGTCGTGGTCTGATT,1,5028258
yjbJ_predicted,0.10526315789473684,19,18,GGCTGGGCATTCTCTATAGA,1,5027946
yjbJ_predicted,3.0,74,18,GGCACAATTCTACAAACTAG,56,5006181
yjbJ_predicted,2.263157894736842,60,18,GCTCTCAATCCGACTCCAGA,42,5025632
yjbJ_predicted,0.10526315789473684,19,18,GCTCGGGCGGCTCATGATGA,1,5007408
yjbJ_predicted,0.21052631578947367,21,18,GAATTCTCCGGTAGCTACGT,3,5009122
yjbJ_predicted,0.8947368421052632,34,18,GAAGTCACATGGTCCTGATG,16,4997742
yjbJ_predicted,1.2105263157894737,40,18,CTCTCATGATGACTATTAAT,22,4998215
yjbJ_predicted,0.10526315789473684,19,18,CGGGTCGCGATCGATGCTAA,1,5009353
yjbJ_predicted,1.3157894736842106,42,18,CGCGTATGCTTCTCAGTTTA,24,4997985
yjbJ_predicted,4.157894736842105,96,18,CGCGACCTCGGAGCTCTAAA,78,5023043
yjbJ_predicted,0.10526315789473684,19,18,CGCCTGCCGTGTGTTGTGAG,1,5007000
yjbJ_predicted,3.526315789473684,84,18,CGCCTCCTAGACTGTGGCCA,66,5001690
yjbJ_predicted,0.10526315789473684,19,18,CGATACTCTTAGGTAACTTA,1,5011488
yjbJ_predicted,2.473684210526316,64,18,CCCCACGTCGTTCGTAAATA,46,4999512
yjbJ_predicted,2.8421052631578947,71,18,CCAGTGTTACGGTACAGCTT,53,5028647
yjbJ_predicted,3.789473684210526,89,18,CCACCATGACAAATAGCATA,71,5023932
yjbJ_predicted,0.10526315789473684,19,18,CATTTATTTTACTGGGACGA,1,5015292
yjbJ_predicted,0.10526315789473684,19,18,CATTAGTGGGTTAATTATTC,1,5019628
yjbJ_predicted,3.1578947368421053,77,18,CATGCGAGTCACCCGGAGTC,59,4999553
yjbJ_predicted,0.10526315789473684,19,18,CATCAGGAACCTGTCGTACA,1,5002312
yjbJ_predicted,1.2105263157894737,40,18,CACCTCCCTGCTTGGTCCAA,22,5023958
yjbJ_predicted,1.4736842105263157,45,18,CACATCAATGTACTCAGCGC,27,5007304
yjbJ_predicted,0.10526315789473684,19,18,ATTTGCTAGACTCCACAGGA,1,5012765
yjbJ_predicted,3.8947368421052633,91,18,ATTGCAACCTTCGCAACCTA,73,5001624
yjbJ_predicted,3.736842105263158,88,18,ATCGCGGAGTCCGCGAAGTT,70,5004726
yjbJ_predicted,0.10526315789473684,19,18,ATCACCATTTGAACGTTGAT,1,5019021
yjbJ_predicted,0.15789473684210525,20,18,ATAGTTGAATGGTGCCAAGG,2,5024611
yjbJ_predicted,0.10526315789473684,19,18,ATACGCATATAAAGTATTGC,1,5009831
yjbJ_predicted,0.10526315789473684,19,18,ATAACGACTGGCACTGCCGT,1,4999298
yjbJ_predicted,3.526315789473684,84,18,AGTTGAATGCCAGGACCGAA,66,5025735
yjbJ_predicted,2.8947368421052633,72,18,AGTTATAACGTAGACCTCAG,54,5015393
yjbJ_predicted,4.578947368421052,104,18,AGTGATGCGGACTCTCGCCC,86,5015915
yjbJ_predicted,0.10526315789473684,19,18,AGTGAGAACCGGGCGGAAGG,1,5007213
yjbJ_predicted,0.10526315789473684,19,18,AGGAGGATCTCGTAGACTGG,1,4995742
yjbJ_predicted,0.10526315789473684,19,18,AGAAGTGTTGGTCCGAGTTG,1,5000239
yjbJ_predicted,3.263157894736842,79,18,ACGCGTGGCCGCCTGGGATG,61,5029188
yjbJ_predicted,0.8947368421052632,34,18,ACCGCATCCGATGCTCTCGC,16,4999761
yjbJ_predicted,3.4210526315789473,82,18,AATTCTACTATTTATGACGT,64,5008852
yjbJ_predicted,3.888888888888889,86,17,TTTTGGACCGGAAACTGTAA,69,5019184
yjbJ_predicted,0.1111111111111111,18,17,TTCCCCATTTGGGGGGTAAA,1,5008764
yjbJ_predicted,2.5,61,17,TTATGTATATCCACTTTTTA,44,5016949
yjbJ_predicted,3.2777777777777777,75,17,TGTTCATTTAAAGCAAAGAT,58,5021478
yjbJ_predicted,3.2777777777777777,75,17,TGCACCTCTGGGCACCACCT,58,5003801
yjbJ_predicted,0.1111111111111111,18,17,TGACCCCTCACACCGTGAAT,1,5025966
yjbJ_predicted,0.1111111111111111,18,17,TCTTTGGTAGCCTCGCCCCG,1,5023679
yjbJ_predicted,0.1111111111111111,18,17,TCTGGCACCCAATCCGTCCT,1,5006335
yjbJ_predicted,0.3333333333333333,22,17,TCTACCCGCAGGATGAATTC,5,5023223
yjbJ_predicted,0.1111111111111111,18,17,TCAGTCCGAGGGATTGGAGC,1,5024982
yjbJ_predicted,1.3333333333333333,40,17,TATTATGACATTGGTTAGCT,23,5031100
yjbJ_predicted,0.1111111111111111,18,17,TATAGGGAACTGTTGAGAGA,1,5004889
yjbJ_predicted,0.1111111111111111,18,17,GTTATACGCAATAACCCTTA,1,5013688
yjbJ_predicted,1.6111111111111112,45,17,GTGGCTGAATGAAATCAACT,28,5009692
yjbJ_predicted,2.2777777777777777,57,17,GTAGTCCCCAACGGGTTGAG,40,5018707
yjbJ_predicted,2.8333333333333335,67,17,GGTCAGCCCTATCGATGTGC,50,5011677
yjbJ_predicted,3.388888888888889,77,17,GGCCACTATTACATCTTCGA,60,5026954
yjbJ_predicted,0.1111111111111111,18,17,GGCCAAGCTCCCCTGCGACG,1,5004259
yjbJ_predicted,0.1111111111111111,18,17,GGAGGTTATGTGTCAGCTAG,1,5011481
yjbJ_predicted,0.1111111111111111,18,17,GCCGTACATCCTGTACCATC,1,5017586
yjbJ_predicted,0.1111111111111111,18,17,GCAGTGATCGTAATCCGTAC,1,5005449
yjbJ_predicted,3.2222222222222223,74,17,GAATCGTTTTTACCAAGATA,57,5004131
yjbJ_predicted,0.1111111111111111,18,17,CTCACAGCGCAATCAGCATT,1,5023513
yjbJ_predicted,3.0555555555555554,71,17,CTATGGGCATATCGTGAGCT,54,5031042
yjbJ_predicted,0.1111111111111111,18,17,CTAGAGAGAGGAAACAAATT,1,4995848
yjbJ_predicted,8.555555555555555,170,17,CTACCCCTAGTTTCAAAGGG,153,5007183
yjbJ_predicted,0.1111111111111111,18,17,CGCTGCTTATTATAAATTTG,1,5027365
yjbJ_predicted,0.9444444444444444,33,17,CGCGCTCATCAGGGGACGTG,16,4999054
yjbJ_predicted,0.1111111111111111,18,17,CGATACAGCATGCAACCGGA,1,5030426
yjbJ_predicted,0.1111111111111111,18,17,CCCCGCGCTCTCCCGACAGG,1,5010041
yjbJ_predicted,3.9444444444444446,87,17,CATTTTGGATCGTATTAGAC,70,5025281
yjbJ_predicted,3.888888888888889,86,17,CACCGGGCACCTCGGTTAGG,69,5013958
yjbJ_predicted,0.1111111111111111,18,17,CAAACAAAGGAGCCTCAAGA,1,5000890
yjbJ_predicted,3.4444444444444446,78,17,ATGTTAACACGCCGGTTGGT,61,5006574
yjbJ_predicted,3.888888888888889,86,17,ATCCGCGCTCCTTCTCGCCC,69,5017094
yjbJ_predicted,0.1111111111111111,18,17,AGTCGCAGCCCGACAAAATA,1,5007230
yjbJ_predicted,2.9444444444444446,69,17,AGGGGAGTGCATTTGTGGGC,52,5002096
yjbJ_predicted,2.0,52,17,AGATGTTCTAAAGACAGGGT,35,5014254
yjbJ_predicted,0.1111111111111111,18,17,ACTCGAGTTTGTTCAATGGA,1,5028406
yjbJ_predicted,0.1111111111111111,18,17,ACGGACTTCGCGTTATCGAA,1,4996082
yjbJ_predicted,4.333333333333333,94,17,ACAATTACGTACTGTATAGG,77,4995872
yjbJ_predicted,3.2777777777777777,75,17,AATGGGAGTTGCGGCATCTC,58,5001605
yjbJ_predicted,0.11764705882352941,17,16,TTTGTGACCGTTCATTGTCG,1,5029229
yjbJ_predicted,4.647058823529412,94,16,TTCGTCGTGCGCGGGGACTG,78,4997737
yjbJ_predicted,0.11764705882352941,17,16,TTCCGGAAACTCGCAGGTAA,1,5031026
yjbJ_predicted,3.235294117647059,70,16,TTAAAGATTTGTCGCCCTAA,54,4997182
yjbJ_predicted,0.11764705882352941,17,16,TGCAAAGTCATACCAGGCCC,1,5028930
yjbJ_predicted,5.235294117647059,104,16,TGACCCAGGACTCTCACGAG,88,5023423
yjbJ_predicted,0.11764705882352941,17,16,TGACATCCACCGTTGGATCC,1,5008461
yjbJ_predicted,3.6470588235294117,77,16,TGAATACCTCCTTACTGTCT,61,5027817
yjbJ_predicted,0.11764705882352941,17,16,TCTTGCGTCTAAGACGCTCT,1,5018845
yjbJ_predicted,5.529411764705882,109,16,TCTATATTCCTATACACGTT,93,5017501
yjbJ_predicted,0.17647058823529413,18,16,TCGTTTTGGTCTAAACCCAA,2,5026385
yjbJ_predicted,0.11764705882352941,17,16,TCCATCGGGGAAACATATGA,1,5021272
yjbJ_predicted,1.8235294117647058,46,16,TCATCGTTGCCTCGGCCCTA,30,5021778
yjbJ_predicted,3.0,66,16,TCAGTCATCAAGTTATGACT,50,5003793
yjbJ_predicted,2.7058823529411766,61,16,TATGGATCTAAACATATTCA,45,4995202
yjbJ_predicted,3.823529411764706,80,16,TAGGAACGTGTGACAGAAAT,64,5028898
yjbJ_predicted,0.11764705882352941,17,16,TACGGGCGACCTCCGACATG,1,5010276
yjbJ_predicted,1.7058823529411764,44,16,GTTGAACCGTGGAGATTCGA,28,5017095
yjbJ_predicted,4.470588235294118,91,16,GTTCTATCGTTCAGCGGAGC,75,5016245
yjbJ_predicted,0.17647058823529413,18,16,GTCTTAGCACGGTCTTAGAA,2,5019582
yjbJ_predicted,0.29411764705882354,20,16,GTCCTTGGTCTAGCAATAAT,4,5026291
yjbJ_predicted,0.11764705882352941,17,16,GGGTCCTTATCGTGCGTCGT,1,5010164
yjbJ_predicted,5.882352941176471,115,16,GGCTATATCAGCCATGATCT,99,5004497
yjbJ_predicted,3.411764705882353,73,16,GGAGGTAAGGGCATAGAGTC,57,5014239
yjbJ_predicted,3.6470588235294117,77,16,GGAGCCCGCAAGACGCGAAA,61,5011890
yjbJ_predicted,1.8823529411764706,47,16,GCGTGGTACGCAGTGTGGCA,31,4995373
yjbJ_predicted,1.8823529411764706,47,16,GCCGGACCTACCTTAAGGAT,31,5016044
yjbJ_predicted,6.117647058823529,119,16,GATTTGGGTTTAGGGCAATA,103,5012265
yjbJ_predicted,0.11764705882352941,17,16,GATGTGACCACCATCAATTA,1,5006414
yjbJ_predicted,0.11764705882352941,17,16,GAGTATGTTACGTACCTCTG,1,5030638
yjbJ_predicted,3.7058823529411766,78,16,GACAAAGTGGGTTCCCTCGC,62,5022436
yjbJ_predicted,0.11764705882352941,17,16,CTTGATCCCGGTATCCAAGA,1,5001923
yjbJ_predicted,3.6470588235294117,77,16,CTTATGCGGTCCAATTATGC,61,5024670
yjbJ_predicted,4.0,83,16,CTTATGATCTTCAAGAGATG,67,5012784
yjbJ_predicted,5.0588235294117645,101,16,CTGCTAGATCGTATCCGGTC,85,5019487
yjbJ_predicted,0.11764705882352941,17,16,CTCGCAGCTCATATAACGAT,1,5026161
yjbJ_predicted,7.529411764705882,143,16,CTCAAGTAGCCGTATGGTGT,127,4997454
yjbJ_predicted,0.11764705882352941,17,16,CTACGAAGTCCGGACCGCCC,1,5007712
yjbJ_predicted,0.11764705882352941,17,16,CGCGCGTAACAAACGAATTA,1,5014597
yjbJ_predicted,0.11764705882352941,17,16,CGCAACTAAAATTGATTCGT,1,5003193
yjbJ_predicted,0.11764705882352941,17,16,CCTGACGTGCAATAGCGCGA,1,5014257
yjbJ_predicted,0.11764705882352941,17,16,CCTCGGCGACATACAGGTGT,1,5002147
yjbJ_predicted,1.0588235294117647,33,16,CCTCGAGGAGGGTCTTGTGT,17,5027809
yjbJ_predicted,4.764705882352941,96,16,CCCCGAGGTTAACCAACGCA,80,5018864
yjbJ_predicted,3.5294117647058822,75,16,CCCATCGAAGGGATACCTCT,59,5013370
yjbJ_predicted,0.11764705882352941,17,16,CCAAAGTGGATATGAACGTG,1,5001477
yjbJ_predicted,0.11764705882352941,17,16,CAGGCCCTGGTAGAACAACG,1,5025519
yjbJ_predicted,4.0,83,16,CACACAGTATCTCTCCTGCA,67,5002325
yjbJ_predicted,0.11764705882352941,17,16,CAAATCCAATTGTTCAGTAA,1,5000341
yjbJ_predicted,1.9411764705882353,48,16,ATTTAAACTGCTGAGCAGAG,32,5006070
yjbJ_predicted,0.11764705882352941,17,16,ATTGGGCTCCCAGCTCTCGA,1,5002972
yjbJ_predicted,2.7058823529411766,61,16,ATGGCCTCTGCTCGGGATGA,45,5022724
yjbJ_predicted,0.11764705882352941,17,16,ATGGAATATAAAACACATCT,1,5019892
yjbJ_predicted,3.8823529411764706,81,16,ATGCGCTAGACCTATCGTTG,65,4998951
yjbJ_predicted,2.1176470588235294,51,16,ATCATTTCGGTAATCGGCCC,35,4995429
yjbJ_predicted,3.2941176470588234,71,16,AGATAGACAAAATCCATTCA,55,5023344
yjbJ_predicted,0.17647058823529413,18,16,ACGGGTAGGTTACTATGCTG,2,5026633
yjbJ_predicted,4.411764705882353,90,16,ACATGTGGGGTATGGAAGAT,74,5022630
yjbJ_predicted,4.352941176470588,89,16,ACATGCAATATGCGGTTGCA,73,4998348
yjbJ_predicted,2.6470588235294117,60,16,AATGGATAGCCGTGTCTAGA,44,5004464
yjbJ_predicted,0.11764705882352941,17,16,AAGCGGGGCCAGTGGGGCCG,1,5015722
yjbJ_predicted,0.17647058823529413,18,16,AACATGATAACGTGGGGTAG,2,5004800
yjbJ_predicted,6.6875,121,15,TTGCGCTGAGTTTACGCCGA,106,5019283
yjbJ_predicted,0.125,16,15,TTCTAACTCCTCCACTTAAT,1,5015386
yjbJ_predicted,0.125,16,15,TTCCGTTTCACGCTGGGCCT,1,5027239
yjbJ_predicted,4.6875,89,15,TGCGAACCGCCCGGACGGCG,74,5028264
yjbJ_predicted,0.125,16,15,TCTAAGGTTAGCCTGAACTT,1,5019851
yjbJ_predicted,1.375,36,15,TCGGCCAATATAGAGAACGT,21,5029066
yjbJ_predicted,0.125,16,15,TCATGGAGTAAAGGGTGGGT,1,5003569
yjbJ_predicted,3.9375,77,15,TCAGGGAGCGCTGTGCCTCA,62,5019084
yjbJ_predicted,0.125,16,15,TACGGATTGTGAGGCGCGTA,1,5010134
yjbJ_predicted,0.1875,17,15,TACAGTGTTGTACAGATTGT,2,5001053
yjbJ_predicted,3.875,76,15,TAAGCTCTGGCCAAACGGAC,61,5001230
yjbJ_predicted,0.125,16,15,GTTGAACTCCTTACACCATG,1,5027304
yjbJ_predicted,2.4375,53,15,GTACCACTATCTTTCTCTTC,38,5027718
yjbJ_predicted,4.5625,87,15,GGTTGTTACCCAGCCGTAGC,72,5013132
yjbJ_predicted,4.5,86,15,GGCGCACAAACACTTTTGTA,71,4998926
yjbJ_predicted,3.5,70,15,GGAATCAGTTATACCTGGCC,55,5008913
yjbJ_predicted,4.75,90,15,GCTGGAACATATCTTAGCGC,75,5014946
yjbJ_predicted,4.8125,91,15,GACTCCTTACCAAAAGCTAC,76,5017907
yjbJ_predicted,0.125,16,15,GACGAGGAAGTCCTAGGGAT,1,5022963
yjbJ_predicted,0.125,16,15,CTTCCCTCAGACGCTAAGAC,1,5024865
yjbJ_predicted,5.3125,99,15,CTGTCATGAGCAGAGCACCA,84,5003066
yjbJ_predicted,2.75,58,15,CGGAACCCGGGGTGGGGCAG,43,5001699
yjbJ_predicted,0.125,16,15,CGCGTCGGTTGCTAGCTATA,1,4995967
yjbJ_predicted,3.9375,77,15,CGATTCGGGACCACCCTCCA,62,5022915
yjbJ_predicted,0.125,16,15,CGAATCTACAAATACGCGCC,1,5022965
yjbJ_predicted,0.125,16,15,CCTTCGCTTACGTCGCTTAC,1,5012005
yjbJ_predicted,0.125,16,15,CCTCATGAGGACCTAGTGTG,1,5019753
yjbJ_predicted,0.3125,19,15,CCCCACCCCATATTCACCCT,4,5018487
yjbJ_predicted,4.4375,85,15,CCCATTTTGGTGATTTTCAT,70,5010791
yjbJ_predicted,3.5,70,15,CATACCCGAGGTATTTCTTT,55,5003882
yjbJ_predicted,12.875,220,15,CATAAGTATGGTATCTTTCT,205,5019665
yjbJ_predicted,0.125,16,15,CAATCTCATGTAGGTGCCTT,1,5024509
yjbJ_predicted,4.1875,81,15,ATTCGTGGCTCGAGGCGTCG,66,5017465
yjbJ_predicted,3.75,74,15,ATGAAGAGCAGTACGAGACA,59,5007844
yjbJ_predicted,1.5,38,15,ATCGTTCCTTGGGGAAATCG,23,5002170
yjbJ_predicted,0.125,16,15,ATAGGCTTACTCTAACTTAT,1,5011044
yjbJ_predicted,0.125,16,15,ATAGATCTATAGGTCGGGCA,1,5013357
yjbJ_predicted,0.125,16,15,AGGGTCTTGAGATTGTGCAG,1,5020533
yjbJ_predicted,0.125,16,15,AGCTCTACACTGGTACCACA,1,5012434
yjbJ_predicted,0.4375,21,15,AGCTCAGGGTATAAGGCAGA,6,5013611
yjbJ_predicted,2.5,54,15,ACGGGCGCGAGTTGTCCTGC,39,5022779
yjbJ_predicted,7.125,128,15,ACCTGCCCGGGAGCAGGTCT,113,5025429
yjbJ_predicted,4.0,78,15,ACCACAGACCGCCCGCTTCC,63,5014708
yjbJ_predicted,3.9375,77,15,ACACAGACGACTCTCGACGG,62,5022588
yjbJ_predicted,3.6875,73,15,AATTACGTAGGATGTGCGGG,58,5019445
yjbJ_predicted,3.6,67,14,TTACAGTGGCTCGGGACGTG,53,5016184
yjbJ_predicted,3.933333333333333,72,14,TGTGTTCGTAAGGATAGAAA,58,4995859
yjbJ_predicted,0.13333333333333333,15,14,TGGGCAGCAGCGTTAAGATC,1,4994993
yjbJ_predicted,0.13333333333333333,15,14,TGGCGACTTTTGCCAAGCGT,1,5029679
yjbJ_predicted,3.6,67,14,TGGCAATTATCCCGCTCTAT,53,4998950
yjbJ_predicted,4.266666666666667,77,14,TGCTACGATATTCTCCCGAC,63,5007796
yjbJ_predicted,4.666666666666667,83,14,TGAGGGTAGAGAATCTCCCA,69,5005890
yjbJ_predicted,8.266666666666667,137,14,TCTCCTCGTACCTGTACGGT,123,5024409
yjbJ_predicted,1.0666666666666667,29,14,TCGGGCTGAATAGTTTGGTG,15,5018755
yjbJ_predicted,0.13333333333333333,15,14,TCGAGGGATCGCCTCGGGCG,1,5029776
yjbJ_predicted,0.13333333333333333,15,14,TCCTGGCATATAACGTCTGG,1,5006990
yjbJ_predicted,1.9333333333333333,42,14,TCATTTGTACACAGTCGAGA,28,5000005
yjbJ_predicted,3.4,64,14,TCATAAAGTGCTCCATATTT,50,4996331
yjbJ_predicted,4.333333333333333,78,14,TACTGTTCTGGGTTGGTTTT,64,5009765
yjbJ_predicted,4.8,85,14,TAAATCTCATCGGGGGGTAT,71,5028372
yjbJ_predicted,3.533333333333333,66,14,GTGTAGGGGTCAAGGTTGAG,52,5004906
yjbJ_predicted,7.533333333333333,126,14,GTGGAAGTCCCTTGTATGGC,112,5009623
yjbJ_predicted,4.8,85,14,GTCTCCATGCTTCGCATCTT,71,5021801
yjbJ_predicted,3.6666666666666665,68,14,GTCGCACATGTGCCTCTTCG,54,5013679
yjbJ_predicted,2.6,52,14,GGTATGGCATTAAGTCGGAG,38,5015343
yjbJ_predicted,2.533333333333333,51,14,GGGTTGGTTAGGTAGGCTCA,37,5023633
yjbJ_predicted,4.266666666666667,77,14,GCTTCGCAAACCGGTACAGT,63,5005711
yjbJ_predicted,7.933333333333334,132,14,GCGGACTCTTCTATGATACT,118,5007451
yjbJ_predicted,0.13333333333333333,15,14,GCATTGGGATGAGTGCATGA,1,5000259
yjbJ_predicted,3.1333333333333333,60,14,GCAGAGCTTTTGGTGAGAGA,46,5024803
yjbJ_predicted,2.4,49,14,GCAAGGCTTTGTCTGTAGGT,35,4996481
yjbJ_predicted,4.533333333333333,81,14,GAGAGCCGTATAGATGGCTT,67,5028980
yjbJ_predicted,1.6,37,14,CTTCCCTAAGGCTATCCGGG,23,5008578
yjbJ_predicted,0.13333333333333333,15,14,CTCGATCACACGGGGGAACA,1,5001830
yjbJ_predicted,0.13333333333333333,15,14,CTAGTTCCCCCCAACTCGTG,1,5013145
yjbJ_predicted,2.3333333333333335,48,14,CGTTTGAGAAGTTGCAGCGT,34,5020530
yjbJ_predicted,4.0,73,14,CGGAAAATATTCTTACCCAA,59,5026879
yjbJ_predicted,2.8666666666666667,56,14,CGCCTTATTGGACCATGACT,42,5001369
yjbJ_predicted,6.266666666666667,107,14,CGATTTTCTTATCTCCTAAG,93,5014868
yjbJ_predicted,2.6,52,14,CCGAAGGCGTAATGTGCCGA,38,5011503
yjbJ_predicted,0.26666666666666666,17,14,CATTTTGTCACATCAAAAAC,3,4997243
yjbJ_predicted,2.0,43,14,CATTAAACAATAGTTGGTAT,29,4996708
yjbJ_predicted,0.13333333333333333,15,14,CATAAGTGAGGTTGATTTTA,1,5008337
yjbJ_predicted,3.2666666666666666,62,14,CAGTACCGTCGGTCAGCCTT,48,5005715
yjbJ_predicted,0.26666666666666666,17,14,CAGTAACTCACGATAGGTGA,3,5004784
yjbJ_predicted,5.0,88,14,CAAGGCATGCGTGCTAATCC,74,5026978
yjbJ_predicted,3.8,70,14,CAACCACGTAGTTATCTCCT,56,4997950
yjbJ_predicted,2.933333333333333,57,14,CAAACAAACAGCTTCTTGCA,43,5013635
yjbJ_predicted,1.9333333333333333,42,14,ATTGATTTCAAATATTACTC,28,4996962
yjbJ_predicted,4.4,79,14,AGTTTACTATATGAGTGCAA,65,5008912
yjbJ_predicted,0.13333333333333333,15,14,AGGGGAATGGGGCCGATCTG,1,5020323
yjbJ_predicted,1.6666666666666667,38,14,AGGGCAACGTTTCTGGCGTC,24,5020209
yjbJ_predicted,3.6,67,14,AGGCCATGTCGGAACCGGCA,53,5008420
yjbJ_predicted,0.6666666666666666,23,14,ACGCATATCACCAGAGCAAC,9,4998400
yjbJ_predicted,4.466666666666667,80,14,ACAATTCGAAAGGGCTGGCC,66,5015209
yjbJ_predicted,6.8,115,14,AATTCTCTATGGACCTGGGT,101,5023751
yjbJ_predicted,2.066666666666667,44,14,AAGCGTTTTCTTTACAGCAG,30,5020944
yjbJ_predicted,1.3333333333333333,33,14,AACAGTGACAGATTATGTTG,19,5012704
yjbJ_predicted,2.933333333333333,57,14,AAAACATCGGTAGTTTGCTT,43,5001211
yjbJ_predicted,5.642857142857143,91,13,TTGTACCTTGATCAGCTTCT,78,5019186
yjbJ_predicted,4.571428571428571,76,13,TTGGGATAGAGCTACGTGGC,63,5012043
yjbJ_predicted,3.4285714285714284,60,13,TTGATGTATGGAGTCTCCCA,47,5025226
yjbJ_predicted,2.2857142857142856,44,13,TTAGTCGCCTGCGCGTCAAC,31,5001873
yjbJ_predicted,2.142857142857143,42,13,TTAACTCTGGGCTTCACATA,29,5023852
yjbJ_predicted,0.21428571428571427,15,13,TGTCGGGGGCAATCTGCCAA,2,4996543
yjbJ_predicted,5.857142857142857,94,13,TGCTCCGGCGTCAATTACCC,81,5027337
yjbJ_predicted,5.071428571428571,83,13,TCTCGGGGACAGTCTTCGAA,70,5010459
yjbJ_predicted,0.14285714285714285,14,13,TCTAAAGTTAAGAAGTTTAT,1,5010918
yjbJ_predicted,0.14285714285714285,14,13,TCGGAAGTCCACAGACACAA,1,4997280
yjbJ_predicted,0.14285714285714285,14,13,TCGCCCGTGTTCGAAACGCA,1,5004624
yjbJ_predicted,0.14285714285714285,14,13,TCCGGTTCCGGCACCTTGGT,1,5026136
yjbJ_predicted,0.14285714285714285,14,13,TCAGTATCAAGGGTGTGTAC,1,5014261
yjbJ_predicted,2.142857142857143,42,13,TAAGGGTCCACAATGTTTCA,29,5020289
yjbJ_predicted,2.5,47,13,TAAGGCTCCAGTTCTAGTAT,34,5023410
yjbJ_predicted,5.714285714285714,92,13,GTTGGGGTTTACGCCGAGCT,79,5010030
yjbJ_predicted,0.14285714285714285,14,13,GTTAATACGCAAGTTTAATG,1,5029757
yjbJ_predicted,3.642857142857143,63,13,GTCCCTATTAAGGCGATCGT,50,5001979
yjbJ_predicted,2.7142857142857144,50,13,GTAGGTATCGTGCTGAACGA,37,4999355
yjbJ_predicted,0.35714285714285715,17,13,GGTTAGGCCTGGATGATAAG,4,5021076
yjbJ_predicted,0.14285714285714285,14,13,GGGGGGGTTCGGGGTTGCTG,1,5014843
yjbJ_predicted,3.642857142857143,63,13,GGCCCCTTCACATTGCAGGT,50,5004232
yjbJ_predicted,0.14285714285714285,14,13,GGATGAACCTCGGCTACAGA,1,4998280
yjbJ_predicted,0.14285714285714285,14,13,GGATCCATTCCGGATGTATC,1,5011619
yjbJ_predicted,0.14285714285714285,14,13,GGACTGGGCTAGGGAGTCAG,1,5028997
yjbJ_predicted,4.571428571428571,76,13,GCGTGAAAAGTCCCCATATA,63,4998351
yjbJ_predicted,4.642857142857143,77,13,GCGTATTCAACATATGTAAA,64,4999468
yjbJ_predicted,0.14285714285714285,14,13,GAGGGCTAGGACGTCTTACA,1,5017207
yjbJ_predicted,0.21428571428571427,15,13,GAGAGCCCTTAAGATAAGAT,2,5013330
yjbJ_predicted,0.8571428571428571,24,13,GAGACTGGGAATGTCGGGCA,11,4994994
yjbJ_predicted,6.142857142857143,98,13,GACTGTCGTTCGTAACTCAT,85,5005357
yjbJ_predicted,5.5,89,13,CTGAAAGATTTGGTACGAAT,76,5007964
yjbJ_predicted,0.14285714285714285,14,13,CGTGTGAGTCCGCAGGTCAG,1,5021535
yjbJ_predicted,2.2142857142857144,43,13,CGCAATAATTTCTACGGAAC,30,5000324
yjbJ_predicted,0.14285714285714285,14,13,CGAGGCACTAGTTAGGTCGT,1,5020528
yjbJ_predicted,2.857142857142857,52,13,CATTTCTTTGAAACCAGGGT,39,4995723
yjbJ_predicted,0.14285714285714285,14,13,CAGTGAGCAAGTTCTGTTGG,1,5011581
yjbJ_predicted,0.14285714285714285,14,13,CACCGATTGAGTTTCTAGTC,1,5011021
yjbJ_predicted,5.142857142857143,84,13,ATGTTGGGACTAGATTGTGC,71,5026363
yjbJ_predicted,4.5,75,13,ATGGAGGGATCGACCATTAA,62,4996368
yjbJ_predicted,6.071428571428571,97,13,ATGCGCGGCAACGCCGGGGT,84,5010515
yjbJ_predicted,4.428571428571429,74,13,ATATCTTATCGTCGTGGAGT,61,5001276
yjbJ_predicted,0.14285714285714285,14,13,AGGGAGGAACCACCCACTTA,1,5003796
yjbJ_predicted,1.2142857142857142,29,13,ACTCACGAGGTTGATCGGCT,16,5025782
yjbJ_predicted,4.142857142857143,70,13,ACGTACTGGGAGGGGATCAT,57,5013261
yjbJ_predicted,4.0,68,13,ACCCGGGCGGCAACAATTTG,55,5009998
yjbJ_predicted,5.785714285714286,93,13,ACAGAATGCTAAGGACCCCC,80,4996107
yjbJ_predicted,5.5,89,13,AATTAACAGGTTACATGCTT,76,5013485
yjbJ_predicted,0.14285714285714285,14,13,AATCGGTAGATTCGTTACCC,1,4994733
yjbJ_predicted,3.857142857142857,66,13,AAGTATAGTGTGCACGGTAC,53,5018064
yjbJ_predicted,0.14285714285714285,14,13,AAGAAAAGAATTAGCGAACG,1,5021763
yjbJ_predicted,3.0714285714285716,55,13,AACGTGTACCGAAAGCGTTT,42,4997563
yjbJ_predicted,4.428571428571429,74,13,AACAGGGGAGACATGTTGCA,61,5007455
yjbJ_predicted,10.615384615384615,149,12,TTTCATCTTCCTTCTGGCGT,137,4997589
yjbJ_predicted,0.15384615384615385,13,12,TTTAATAGGCTCTCGAGGGC,1,5014722
yjbJ_predicted,4.076923076923077,64,12,TTGGACCGGCGCTTCGTCAC,52,5002006
yjbJ_predicted,3.6923076923076925,59,12,TTGCGCTCTGTACTCCGTGC,47,5015057
yjbJ_predicted,5.076923076923077,77,12,TTGCCTTTCAAACCTTGTCA,65,5017973
yjbJ_predicted,0.15384615384615385,13,12,TTGAACCCACCGCCACTCCT,1,4997138
yjbJ_predicted,6.461538461538462,95,12,TTAATGTTTGTTGGTCATTG,83,5026589
yjbJ_predicted,12.923076923076923,179,12,TTAACAGTCGGGGAGACCTA,167,5017163
yjbJ_predicted,0.15384615384615385,13,12,TGGATATAGCACTATGCGGT,1,5020063
yjbJ_predicted,0.15384615384615385,13,12,TCACGGGCAATCCTAAGGCT,1,5004489
yjbJ_predicted,0.3076923076923077,15,12,TCACGCCATCCCCCGGTCAC,3,5010919
yjbJ_predicted,0.15384615384615385,13,12,TAGGTGTCTCAACCTCTTCG,1,5009591
yjbJ_predicted,4.153846153846154,65,12,TAGCGATCTGGATATCCTTT,53,4998246
yjbJ_predicted,0.15384615384615385,13,12,GTTTTAGAACTCCTTTCCCG,1,5001321
yjbJ_predicted,5.461538461538462,82,12,GTGAGGAGATACGGTCGATA,70,5015231
yjbJ_predicted,5.6923076923076925,85,12,GGGGTAATTAGGGGATACGC,73,5011706
yjbJ_predicted,0.15384615384615385,13,12,GGGGAGTAACGGACTGGTGA,1,5007900
yjbJ_predicted,0.15384615384615385,13,12,GGGCGCATCTGCGAATTCCT,1,5021769
yjbJ_predicted,3.0,50,12,GCGATGTCGGGGCACGCCTA,38,5012031
yjbJ_predicted,0.23076923076923078,14,12,GCATTAGGGAACCATGTCTA,2,5015790
yjbJ_predicted,0.15384615384615385,13,12,GATACCGGGATAATAAGGGA,1,5029526
yjbJ_predicted,2.1538461538461537,39,12,GAGGACGGCTGCCCAACGGT,27,4996570
yjbJ_predicted,4.153846153846154,65,12,GAGCTTAGTAGGCGGTTTCA,53,5015799
yjbJ_predicted,0.23076923076923078,14,12,GACTCTCGGCCGGCCGTACT,2,5015191
yjbJ_predicted,9.76923076923077,138,12,GAACAATACATCGACTTCAC,126,5017676
yjbJ_predicted,0.15384615384615385,13,12,CTTCGCGCCACAGAACTTTG,1,5025600
yjbJ_predicted,4.076923076923077,64,12,CTGCACAGGAGCCAGTTTAG,52,5010566
yjbJ_predicted,5.846153846153846,87,12,CTCGACCGAAAGTGAAAGCA,75,5004648
yjbJ_predicted,1.6153846153846154,32,12,CTAACAGCCCGCAGTCGTTT,20,5007807
yjbJ_predicted,9.615384615384615,136,12,CGTGGTCTGGGCATTATTGA,124,4994950
yjbJ_predicted,3.6923076923076925,59,12,CGGTTCCGATCCTGGTAAGA,47,5011435
yjbJ_predicted,3.1538461538461537,52,12,CGATCATCACTCTCAACTGT,40,5028256
yjbJ_predicted,8.538461538461538,122,12,CCTGGTTCGGGTCTCTCCGC,110,5025964
yjbJ_predicted,0.8461538461538461,22,12,CCTACCACCAACGTTGCATC,10,5024719
yjbJ_predicted,0.15384615384615385,13,12,CCGAGATATGTGCGAAGAAA,1,5013259
yjbJ_predicted,0.15384615384615385,13,12,CCATTTTTTATTTGCCGCTA,1,4996488
yjbJ_predicted,0.15384615384615385,13,12,CCACTTTCGCCGTCAAGGGC,1,4998734
yjbJ_predicted,3.0,50,12,CCAACGGCCCTGACACTGGT,38,5030015
yjbJ_predicted,2.3076923076923075,41,12,CATATGGAGGTACGCCACCA,29,5021129
yjbJ_predicted,3.0,50,12,CAGTATTATTCGCCCTGCCA,38,5009060
yjbJ_predicted,0.15384615384615385,13,12,CAGCGTGGGGTTTCGTACAT,1,5018489
yjbJ_predicted,4.153846153846154,65,12,ATGCGCTGGACGTCTCCATG,53,4999374
yjbJ_predicted,0.15384615384615385,13,12,ATCCTCCTCAGGGGATGATA,1,4997859
yjbJ_predicted,0.15384615384615385,13,12,AGGTAAGACATCACGACGGT,1,4998826
yjbJ_predicted,3.769230769230769,60,12,AGGCACGTCTGCGGGCAATA,48,5017649
yjbJ_predicted,3.6153846153846154,58,12,AGGCAAGTGGTCTGCATCCC,46,5023896
yjbJ_predicted,0.15384615384615385,13,12,AGGACCTGCGAGGTTCTAGT,1,5024755
yjbJ_predicted,6.0,89,12,AGCTATGTCTCGACGTAAAT,77,5017130
yjbJ_predicted,8.076923076923077,116,12,AGCGACGTTTGAGTGGGCGT,104,5014079
yjbJ_predicted,0.15384615384615385,13,12,AGCCACTGTCGGTTAAATGA,1,4996931
yjbJ_predicted,4.153846153846154,65,12,AGAGCGGGCGACTCTCGCCC,53,5021877
yjbJ_predicted,6.153846153846154,91,12,AGACCTTGACGCCTCTAATT,79,5007218
yjbJ_predicted,0.6153846153846154,19,12,ACCTTCTATTGGACCTGGAG,7,5005373
yjbJ_predicted,1.2307692307692308,27,12,ACCCGAGGGCGTCTACTGCT,15,5008224
yjbJ_predicted,5.615384615384615,84,12,ACAGTTGCACTAGAGCTCAA,72,5015247
yjbJ_predicted,0.38461538461538464,16,12,ACAGCGGTGGGAGAGAAGAG,4,5020068
yjbJ_predicted,0.15384615384615385,13,12,AACTGAGAATCCGATAGCGT,1,5020768
yjbJ_predicted,0.15384615384615385,13,12,AACAGGATGCAAAGGGACTA,1,5012235
yjbJ_predicted,0.15384615384615385,13,12,AAAGTTTCCCTGCCTACCCT,1,5026396
yjbJ_predicted,4.384615384615385,68,12,AAAAGCGTCTCTCGGCATCG,56,5029668
yjbJ_predicted,2.0833333333333335,35,11,TTTCCATGGCCGCTTTCCCT,24,5007370
yjbJ_predicted,0.25,13,11,TTTAATATGAACGTTCCAGT,2,5029857
yjbJ_predicted,0.16666666666666666,12,11,TTATAGTACGGAGAGTTCAT,1,5024278
yjbJ_predicted,1.0,22,11,TTAGTGTGCCCGTAGACAAC,11,5016621
yjbJ_predicted,0.16666666666666666,12,11,TTAATTACATTAGTAGTCCA,1,5003896
yjbJ_predicted,0.16666666666666666,12,11,TGTTGAAATTATTATTATAG,1,5012762
yjbJ_predicted,3.9166666666666665,57,11,TGTGGTTTACGACGCATTCT,46,5008308
yjbJ_predicted,4.916666666666667,69,11,TGGCGCAAGATCGAGTTATA,58,5010835
yjbJ_predicted,6.416666666666667,87,11,TGCTGTAAGTACGCTATTAC,76,5023833
yjbJ_predicted,5.666666666666667,78,11,TGCAGCTGGTATTGTGTGAA,67,5014335
yjbJ_predicted,0.16666666666666666,12,11,TGCACTCGATTCGGTCAATG,1,5018071
yjbJ_predicted,0.16666666666666666,12,11,TCGGGTCCCTTGTATTGGTT,1,4999915
yjbJ_predicted,0.16666666666666666,12,11,TCGGAGGGATCAAATCACGA,1,5000622
yjbJ_predicted,5.166666666666667,72,11,TCGATGGAATCTGTAGAATA,61,5023590
yjbJ_predicted,5.0,70,11,TCCTTTCTACTGACACCGCT,59,5018657
yjbJ_predicted,1.4166666666666667,27,11,TCCCGACTCAGACAGACTTG,16,5015073
yjbJ_predicted,3.3333333333333335,50,11,TCAAGGCAACAAGTATGGGA,39,5013260
yjbJ_predicted,5.75,79,11,TAGGTCAGGGATAGCCTCAC,68,4996950
yjbJ_predicted,0.16666666666666666,12,11,TAGAAAGCAGGTAGGGATAT,1,5013601
yjbJ_predicted,0.16666666666666666,12,11,TACGGTAATCGGTTATCGCG,1,5009434
yjbJ_predicted,5.0,70,11,TAAGCTCGCCTCTGCTCAGT,59,4999356
yjbJ_predicted,3.25,49,11,GTTATACCGGTCTTGGATAG,38,5006314
yjbJ_predicted,0.16666666666666666,12,11,GTATTGTCCCACCCAGCTAA,1,5017432
yjbJ_predicted,0.16666666666666666,12,11,GTAGGTATCGCTTTCGGTCA,1,5020578
yjbJ_predicted,3.1666666666666665,48,11,GTACAACTAAACCCCACGTT,37,5025358
yjbJ_predicted,0.8333333333333334,20,11,GGTAAAAGCGCATCTAAGTG,9,4996713
yjbJ_predicted,4.0,58,11,GGGGAGTACACCTATTAAAT,47,5018052
yjbJ_predicted,0.16666666666666666,12,11,GGGAATATCGTTTTAACTTA,1,5022015
yjbJ_predicted,3.5,52,11,GGGAACTTGGTCTGTTATCA,41,5024723
yjbJ_predicted,5.666666666666667,78,11,GGCACCGGACGCCAAACTTT,67,4998553
yjbJ_predicted,3.25,49,11,GCTCGTCCTACTCCTCAGCA,38,4997225
yjbJ_predicted,0.16666666666666666,12,11,GCCGTTGTCAGTGGGCAAAT,1,5019680
yjbJ_predicted,0.16666666666666666,12,11,GCCGGCTGTGGGTGTTGAGT,1,5026443
yjbJ_predicted,4.5,64,11,GCCGAACTTGTAGACCGCCG,53,5013712
yjbJ_predicted,8.416666666666666,111,11,GAGGGATCCAGCGTGGGTAT,100,5000823
yjbJ_predicted,6.0,82,11,GACGCGCATGTGTATCGGAA,71,5014103
yjbJ_predicted,0.16666666666666666,12,11,CTTCTGGTCAACCGTGCTAT,1,4995454
yjbJ_predicted,3.6666666666666665,54,11,CTGGGCCCTTCAATACGCCA,43,5012325
yjbJ_predicted,0.16666666666666666,12,11,CTGAGCATCCTGGGCTTAGA,1,5012200
yjbJ_predicted,0.3333333333333333,14,11,CTCCCGGGGGTCACCTCGAT,3,4996290
yjbJ_predicted,0.16666666666666666,12,11,CTCATCTGTATTTTACGCAG,1,5014474
yjbJ_predicted,0.16666666666666666,12,11,CTATAATGCCATCTTGACAT,1,5027128
yjbJ_predicted,0.16666666666666666,12,11,CGTTTTCGGTGCAGGGTTTA,1,4997845
yjbJ_predicted,4.666666666666667,66,11,CGTTGTAGACTACGGATGTT,55,5023353
yjbJ_predicted,4.333333333333333,62,11,CGGTGATCAACTTTTACGTT,51,5002228
yjbJ_predicted,0.16666666666666666,12,11,CGGCCCTTAAAGTGCAAGTA,1,5003669
yjbJ_predicted,0.16666666666666666,12,11,CGCTGGCTGTCCGACGGGTT,1,4997156
yjbJ_predicted,0.16666666666666666,12,11,CGCAGTCTGCTATTGCTGCT,1,5010058
yjbJ_predicted,12.166666666666666,156,11,CGAGGTCACGGCCCCATCAG,145,5030750
yjbJ_predicted,0.16666666666666666,12,11,CGACCCCTTCGAGCCTTGCT,1,5027434
yjbJ_predicted,4.25,61,11,CCCGGACCGCTTTTTGATTA,50,5024032
yjbJ_predicted,0.16666666666666666,12,11,CCACATTAAGCGCTCGCGTT,1,5007938
yjbJ_predicted,6.916666666666667,93,11,CATTGCCTATACCTGCAAGG,82,5018070
yjbJ_predicted,4.416666666666667,63,11,CATTCCGGTGTCCAGATAGA,52,5017242
yjbJ_predicted,5.166666666666667,72,11,CATGCGCCGACAGGGCGGTG,61,5028371
yjbJ_predicted,0.25,13,11,CATAGGCTGGCTCAACCATT,2,5003449
yjbJ_predicted,0.16666666666666666,12,11,CAGAGCGCGGGCATCATGGT,1,5011031
yjbJ_predicted,0.16666666666666666,12,11,CACGTTTAGGATAATCCAGT,1,4997982
yjbJ_predicted,4.666666666666667,66,11,CAAAGTGTTGTAGTCTCTCC,55,4995827
yjbJ_predicted,3.6666666666666665,54,11,ATACGGACTCAACCGCACTA,43,5013383
yjbJ_predicted,0.25,13,11,AGGGTGTTTAGTGGATTTAA,2,5004538
yjbJ_predicted,0.16666666666666666,12,11,AGGGAAGATACAGCCCCGTA,1,5019902
yjbJ_predicted,0.16666666666666666,12,11,AGGCCATATACACAGGCATG,1,5015878
yjbJ_predicted,4.833333333333333,68,11,ACTGAGGTGAAAGATGTAAG,57,5018596
yjbJ_predicted,15.0,190,11,ACTACGGGGTGACGATCAAT,179,5026896
yjbJ_predicted,0.3333333333333333,14,11,ACCGGTAACTGGACGGGACA,3,5030111
yjbJ_predicted,3.5,52,11,ACCATGTCCCGGGCTCAACT,41,5024161
yjbJ_predicted,0.16666666666666666,12,11,ACAGACTACGGATACGGAGA,1,5010857
yjbJ_predicted,0.16666666666666666,12,11,ACAAACATCCTCGCCTTCGA,1,4997128
yjbJ_predicted,0.16666666666666666,12,11,AATAGTGGTAAAGAGTTGCG,1,5005798
yjbJ_predicted,8.25,109,11,AAGGCTCATTGTTGTAACTG,98,5009220
yjbJ_predicted,3.3636363636363638,46,10,TTGGATAAGGGCTCCTCTCA,36,5019616
yjbJ_predicted,0.18181818181818182,11,10,TGGCCATTGGTTACTTGAGG,1,5000034
yjbJ_predicted,4.181818181818182,55,10,TCGTTAAGCATTGCGGCCTA,45,4997320
yjbJ_predicted,0.18181818181818182,11,10,TCGCACCACTGTCCTAATAT,1,5026268
yjbJ_predicted,8.090909090909092,98,10,TCCGTGACAGAAAGGACTCT,88,4998209
yjbJ_predicted,4.181818181818182,55,10,TCCGAGCCCGCTACAAATCT,45,5016128
yjbJ_predicted,5.363636363636363,68,10,TCCAGGGTGGATCAAAGTGA,58,4998972
yjbJ_predicted,0.18181818181818182,11,10,TCACTAAGGACGTGGTCATC,1,5007638
yjbJ_predicted,0.36363636363636365,13,10,TCACCGCTTACGACGCTAGT,3,5027549
yjbJ_predicted,0.18181818181818182,11,10,TCAACTCACCTAGTAATCCC,1,5009290
yjbJ_predicted,0.18181818181818182,11,10,TATGCGATCAGGCTTCCATT,1,5012163
yjbJ_predicted,4.545454545454546,59,10,TATCGTCGTTTTCGACATGG,49,4999818
yjbJ_predicted,0.18181818181818182,11,10,TAGCATTTTACCAAGGGTAG,1,4995609
yjbJ_predicted,3.5454545454545454,48,10,TACGCTACTATCGGAAGGTC,38,5024949
yjbJ_predicted,9.636363636363637,115,10,GTTGACGGAGGGGTGCCACA,105,4998303
yjbJ_predicted,3.6363636363636362,49,10,GTTCTACTGCATTACTTCCT,39,4996252
yjbJ_predicted,1.9090909090909092,30,10,GTTAAACTTAGAGGTGTTGA,20,5003067
yjbJ_predicted,6.909090909090909,85,10,GTAAGAAAGAGCACCAGATG,75,4998086
yjbJ_predicted,4.454545454545454,58,10,GTAAACTCGTAAGTCGCAAT,48,5013313
yjbJ_predicted,4.363636363636363,57,10,GTAAAAACCGCTTCGGAAAG,47,5008393
yjbJ_predicted,0.18181818181818182,11,10,GGTTCGGCATCTACGGGCTG,1,5001348
yjbJ_predicted,0.5454545454545454,15,10,GGCCGGCCAAGACTGCGGTC,5,5009062
yjbJ_predicted,7.363636363636363,90,10,GGAGCCCATCGAAAATCCCA,80,4995243
yjbJ_predicted,0.2727272727272727,12,10,GGACATTCGTAAGCTTCGTT,2,5030413
yjbJ_predicted,0.36363636363636365,13,10,GCTGGCCCTGGTTGAGCGGT,3,5019387
yjbJ_predicted,8.454545454545455,102,10,GCGAGGTTAGTTGTGGTTGT,92,5003336
yjbJ_predicted,3.090909090909091,43,10,GCCTTGTCGCTAATATCATC,33,5015916
yjbJ_predicted,1.9090909090909092,30,10,GCACAGTTAAAGGCTAGGAT,20,4996089
yjbJ_predicted,7.0,86,10,GCAACGTCAGGGACGCAAAT,76,5012107
yjbJ_predicted,9.181818181818182,110,10,GATAGTTGGATCGTTTTAAT,100,5015794
yjbJ_predicted,5.909090909090909,74,10,GAGGATTAGCTAGGACCTAA,64,5008413
yjbJ_predicted,0.18181818181818182,11,10,GAGCCGGATGGTAGATGACT,1,4995855
yjbJ_predicted,0.18181818181818182,11,10,GAAGTTGTCCTGGAGCACTG,1,4999789
yjbJ_predicted,0.18181818181818182,11,10,GAAGGCATGTGTTACTGTTT,1,5012819
yjbJ_predicted,11.272727272727273,133,10,GAAAGCTCTACAAGGTATTT,123,5004606
yjbJ_predicted,1.7272727272727273,28,10,CTTGGCTGATTGATAGTAGT,18,5029890
yjbJ_predicted,0.18181818181818182,11,10,CTTGGACCCACTTTATTCGG,1,5010184
yjbJ_predicted,4.090909090909091,54,10,CTTAGCTCTTTTTCCCTTAA,44,5001105
yjbJ_predicted,0.8181818181818182,18,10,CTAATTGTTTATGGGCGGCT,8,5023677
yjbJ_predicted,3.909090909090909,52,10,CGCGCTCAGCTCCTGTTCTT,42,5006479
yjbJ_predicted,0.18181818181818182,11,10,CGCGCAAATGAGAGGTTATC,1,5028353
yjbJ_predicted,0.18181818181818182,11,10,CGCCCACTATTTCGCAGGTG,1,5007557
yjbJ_predicted,0.18181818181818182,11,10,CATGATGCCGTGCAAGTTAA,1,5006251
yjbJ_predicted,7.454545454545454,91,10,CATATTCCGGTTGATAACGG,81,5020338
yjbJ_predicted,8.909090909090908,107,10,CATACCATCGATACAACCCC,97,5016748
yjbJ_predicted,0.18181818181818182,11,10,CAGGCCGTAGGCAGCTCATC,1,5020599
yjbJ_predicted,5.909090909090909,74,10,CACATTAGTAGATATTTAGT,64,5018001
yjbJ_predicted,9.818181818181818,117,10,CAACAGAGTCGAAATGCATG,107,5000043
yjbJ_predicted,0.18181818181818182,11,10,ATGCTGGCTAATTACCCCCT,1,5020804
yjbJ_predicted,2.909090909090909,41,10,ATGCTATTGATGTGACAATA,31,5027981
yjbJ_predicted,0.18181818181818182,11,10,ATCTCAAGGTTATGGTAACA,1,5027921
yjbJ_predicted,0.18181818181818182,11,10,ATACGAGTCAAGGCCGTACT,1,5020024
yjbJ_predicted,7.0,86,10,AGGATGGAAAAGTGTTGGTC,76,5008887
yjbJ_predicted,0.2727272727272727,12,10,AGGACTTGTGAGTTAGAAAT,2,5015318
yjbJ_predicted,0.18181818181818182,11,10,AGGACTAGCATATGCTACAT,1,5015074
yjbJ_predicted,5.454545454545454,69,10,AGGACGACGAGTGGCAGCCC,59,5018468
yjbJ_predicted,6.454545454545454,80,10,AGCGGGATATGCCATCCACA,70,4998186
yjbJ_predicted,0.18181818181818182,11,10,AGCCTCCCCTGCCCCTCCCA,1,5023183
yjbJ_predicted,9.909090909090908,118,10,AGCAAGGTAACTGCATAGTC,108,5015996
yjbJ_predicted,0.18181818181818182,11,10,AGAGTGCTCACAGAGGGGTA,1,5000526
yjbJ_predicted,0.18181818181818182,11,10,ACTGTTCTTGTCGGGACTTC,1,5007692
yjbJ_predicted,0.18181818181818182,11,10,ACTCGGAACCGAATAGTTAC,1,5017808
yjbJ_predicted,0.18181818181818182,11,10,ACGTCTTGAGTCTTGTGAGA,1,5005927
yjbJ_predicted,55.54545454545455,620,10,ACGGGAGGTCTGTGAATTCT,610,4997523
yjbJ_predicted,5.181818181818182,66,10,ACATGCGTAGCGTTGTTTTA,56,5002346
yjbJ_predicted,0.18181818181818182,11,10,ACATCCGCTGTGTTGCGCTC,1,5013351
yjbJ_predicted,0.18181818181818182,11,10,AATGTCATAACAAGTGCGAC,1,5025978
yjbJ_predicted,0.18181818181818182,11,10,AATATCTGGCGATAGATGCA,1,5006091
yjbJ_predicted,0.18181818181818182,11,10,AACCTACTCTCGGGATCGCG,1,4998462
yjbJ_predicted,6.2,70,9,TTTTGGCAAAGCGTGCGTCA,61,5010275
yjbJ_predicted,0.2,10,9,TTTCGGGGTCCATTTCATAA,1,4999667
yjbJ_predicted,1.9,27,9,TTTACGTCTGGTCCACATTG,18,5009753
yjbJ_predicted,4.3,51,9,TTGCATTGACTTCGATGTTC,42,4994687
yjbJ_predicted,3.8,46,9,TTCTCACCCAGAGCGCTTGC,37,4995048
yjbJ_predicted,4.8,56,9,TTCAAGTCCACAGCGTCATG,47,5009471
yjbJ_predicted,0.2,10,9,TTACATAAGCGGTGATCATT,1,5001062
yjbJ_predicted,4.2,50,9,TGTTCGCCTTTGTCAATTAC,41,5008718
yjbJ_predicted,9.4,102,9,TGTTAATCGGCTAAAGACGG,93,5008874
yjbJ_predicted,0.2,10,9,TGGTGGGTTGCAAGGCTATC,1,5008103
yjbJ_predicted,4.6,54,9,TGGCGGGAGCGACGCCCGCA,45,5014980
yjbJ_predicted,6.2,70,9,TGGCAGGATTATCGCCTATG,61,4997520
yjbJ_predicted,7.7,85,9,TGCTTTAAGGACTCTAAGGT,76,5014933
yjbJ_predicted,1.2,20,9,TGAGCCTTCGTTCATCTACA,11,5004844
yjbJ_predicted,0.2,10,9,TGAAGCTCGTCCCCGCCCTA,1,5016607
yjbJ_predicted,0.2,10,9,TCTTGCTACTATCGTCAGAG,1,4996456
yjbJ_predicted,8.2,90,9,TCTAGATTTGTTAATGTACT,81,5007460
yjbJ_predicted,0.2,10,9,TAGATGTTTAAATTCGGACC,1,4999716
yjbJ_predicted,3.8,46,9,TAAGGGACTGACCGACGTAT,37,5014156
yjbJ_predicted,6.2,70,9,GTTCTGATAACGTTAACTAA,61,5022606
yjbJ_predicted,14.0,148,9,GTTATTCGCAAGGAGTTCTC,139,5002408
yjbJ_predicted,7.5,83,9,GTGCGAGGGCTGAACAATTA,74,5019135
yjbJ_predicted,3.8,46,9,GTGAACACGTCTCTCATACG,37,5008756
yjbJ_predicted,7.2,80,9,GTATATTACGCGTGTTTACT,71,5016719
yjbJ_predicted,0.2,10,9,GTAGAATAAGTACAAACACT,1,5021692
yjbJ_predicted,3.2,40,9,GTACAGGTCTCCTGTGAACG,31,5011964
yjbJ_predicted,7.6,84,9,GTACACAACGAACACACGCT,75,4999962
yjbJ_predicted,0.2,10,9,GGTTACAGTAAAGTCTTACA,1,4997827
yjbJ_predicted,3.6,44,9,GGGCTTCACTCTCCAGACGA,35,5025179
yjbJ_predicted,0.2,10,9,GGGCACCGTGACTCATGCGT,1,5027762
yjbJ_predicted,5.8,66,9,GGGATTGGAGGGTACGAGGA,57,4995606
yjbJ_predicted,0.2,10,9,GGCTTCACAGGATGTTGGGT,1,5006765
yjbJ_predicted,0.4,12,9,GCTGCATGGGCCTCAGATCC,3,4999678
yjbJ_predicted,4.4,52,9,GCGAGCCATTACCGCCTCGG,43,4999368
yjbJ_predicted,6.0,68,9,GCAGAATATGTGTTGGTTGA,59,4995992
yjbJ_predicted,5.7,65,9,GAGTGGTAGTTCGACAACGT,56,5008958
yjbJ_predicted,8.8,96,9,GAGGGTCACATCAGCCCCTC,87,5020782
yjbJ_predicted,0.2,10,9,GAGGCGCATGTTCCTATAAT,1,4995607
yjbJ_predicted,0.2,10,9,GACAGCTGTTCAAACAAAGT,1,4999069
yjbJ_predicted,0.2,10,9,GACACTATGACCGCCCTATC,1,5006817
yjbJ_predicted,5.2,60,9,GAATAGAACGCATTCCACTT,51,4999833
yjbJ_predicted,4.7,55,9,GAACTGTGTGAAGCATGATT,46,5015774
yjbJ_predicted,4.1,49,9,CTTTATTGACAATCCTTCTT,40,5019089
yjbJ_predicted,2.0,28,9,CTTGTGAAGGTATAGACGCT,19,5000664
yjbJ_predicted,6.4,72,9,CTTGAGATGCTGCAAGTGAA,63,4998794
yjbJ_predicted,0.2,10,9,CTGCGTGGGTAAGCTTTGAG,1,5019555
yjbJ_predicted,4.8,56,9,CTATATGTGCGCGACAGCCC,47,5020729
yjbJ_predicted,0.2,10,9,CGTTGTTGCACGTTTAGCCC,1,5022218
yjbJ_predicted,5.4,62,9,CGTGTAGATGGGGCGAGGGA,53,5011871
yjbJ_predicted,0.2,10,9,CGTCGGAGTGGTCTAACCGG,1,5011613
yjbJ_predicted,4.0,48,9,CGGATACCGGCCTGAGAGGC,39,5002234
yjbJ_predicted,0.3,11,9,CGGAGGCTCCCGGGGAGTTA,2,5018261
yjbJ_predicted,15.0,158,9,CGCTGGTATCGTGGTAATTG,149,5023266
yjbJ_predicted,0.2,10,9,CGACACTCGGATCTGGCGTC,1,5025911
yjbJ_predicted,0.2,10,9,CCTTCGGAAGGCAGCCCCAG,1,5007531
yjbJ_predicted,13.2,140,9,CCGTTTATGTTTTTCTCCAT,131,5011823
yjbJ_predicted,8.3,91,9,CCGGCGAGGTTACGTGGTTA,82,5004607
yjbJ_predicted,6.4,72,9,CCCTGCATCTCATGAACGGG,63,5007724
yjbJ_predicted,0.2,10,9,CCCGCTTACTATCATTCTAG,1,5022736
yjbJ_predicted,5.8,66,9,CAGGTAAGCGGGTACTGTAG,57,5030387
yjbJ_predicted,4.7,55,9,CAACTTGAAATGCTGACGAT,46,5011060
yjbJ_predicted,1.9,27,9,ATGGAAACCCAAGTCGGATG,18,5029139
yjbJ_predicted,0.2,10,9,ATCTACGATTCAACCGGGGT,1,4997518
yjbJ_predicted,5.1,59,9,ATCCAGCACTGCGTGTGACC,50,4996680
yjbJ_predicted,0.2,10,9,ATACGTCATAGTGGGTTGTG,1,4994967
yjbJ_predicted,0.2,10,9,ATACAGTTGCTGATTCTGTC,1,5012597
yjbJ_predicted,2.5,33,9,AGGCAAAGGGGTAGTTTAAG,24,5021631
yjbJ_predicted,0.2,10,9,AGGACTACCCCCACTTAAAG,1,5008910
yjbJ_predicted,0.2,10,9,AGATTTACGGAACGACTACA,1,5021349
yjbJ_predicted,0.3,11,9,AGAACAAGCGAAAAAACCAT,2,5008262
yjbJ_predicted,0.2,10,9,ACTGTTGCGATTCATTTTGT,1,5002009
yjbJ_predicted,0.3,11,9,ACTGAACGGCATGACGAAAT,2,5004389
yjbJ_predicted,2.8,36,9,ACCAACCAGGCAAACGCCGT,27,5006145
yjbJ_predicted,4.8,56,9,ACATTTGCACTGCATATCGG,47,4998894
yjbJ_predicted,0.2,10,9,AATTCAGAGCATAGCCAATT,1,5023013
yjbJ_predicted,0.2,10,9,AAGTCAATAGGATCGTACTG,1,5019055
yjbJ_predicted,0.8,16,9,AACTCAGGAAGTATAACTCT,7,5019370
yjbJ_predicted,8.8,96,9,AACCATTTCTCCGCTAATCC,87,5026727
yjbJ_predicted,0.2222222222222222,9,8,TTTATAACGAGAAGTAAGGT,1,5002974
yjbJ_predicted,0.2222222222222222,9,8,TTTACCTGTAATAGTACCTC,1,5006826
yjbJ_predicted,7.111111111111111,71,8,TTGTGTTGTCCTCGGAGATC,63,5019713
yjbJ_predicted,6.333333333333333,64,8,TTGTATAATAGATCTTTCGC,56,5006799
yjbJ_predicted,0.2222222222222222,9,8,TTGATTGCCTCATGTACATA,1,5026446
yjbJ_predicted,0.3333333333333333,10,8,TTCGCCGTTACCAAATTTAA,2,5012866
yjbJ_predicted,0.2222222222222222,9,8,TGTTGGACTTTCGTCGTCAC,1,5007128
yjbJ_predicted,8.333333333333334,82,8,TGTTATGGCGATCTGGATTA,74,5017756
yjbJ_predicted,0.2222222222222222,9,8,TGTGACTTGGGAACTAAAAT,1,5026503
yjbJ_predicted,8.555555555555555,84,8,TGTCGGAGCATCTGCGGCAG,76,5018032
yjbJ_predicted,0.2222222222222222,9,8,TGTATGTTACTACTTCACAT,1,5004919
yjbJ_predicted,0.3333333333333333,10,8,TGGGATTGTAAGATTGTCAC,2,5030370
yjbJ_predicted,0.2222222222222222,9,8,TGCTCGGATATTGGGTTCCA,1,5006278
yjbJ_predicted,7.0,70,8,TGCCTTCGGCGTGTCGCAGA,62,5029031
yjbJ_predicted,0.2222222222222222,9,8,TGACCACGGCCTTTACTGGT,1,5018008
yjbJ_predicted,0.2222222222222222,9,8,TGAAAAGCCTAGTCATCGAC,1,5003812
yjbJ_predicted,6.444444444444445,65,8,TCTCCGACAGTCCTGAGCAA,57,5022055
yjbJ_predicted,0.2222222222222222,9,8,TCATCTCAGCGGTTGCCAGG,1,4999973
yjbJ_predicted,0.2222222222222222,9,8,TCATCCTCGGAAAGACTTAG,1,4999116
yjbJ_predicted,0.2222222222222222,9,8,TCACTGAACCCGACCTTCAG,1,5005249
yjbJ_predicted,9.222222222222221,90,8,TCACTCCGGTATGGATAAGC,82,5028695
yjbJ_predicted,3.6666666666666665,40,8,TATGCACGTATTGACCAGAG,32,5028640
yjbJ_predicted,5.888888888888889,60,8,TATCTTTTGTGCTTGGTGCC,52,5017421
yjbJ_predicted,10.222222222222221,99,8,TAGCGGTAGTATGAGTTGTA,91,5021582
yjbJ_predicted,7.555555555555555,75,8,TACCCCTGCGGCAGTTTAAC,67,5006778
yjbJ_predicted,7.111111111111111,71,8,TACACCACCAGACTTGAGAC,63,5002109
yjbJ_predicted,3.6666666666666665,40,8,TACAACGGGGGATCGGATTT,32,5003450
yjbJ_predicted,0.2222222222222222,9,8,GTTCCAAGACTAACTAATGC,1,5014919
yjbJ_predicted,4.333333333333333,46,8,GTTCAAGAACAACGTGAACA,38,4995309
yjbJ_predicted,5.222222222222222,54,8,GTGTGCTGGTCTCTTTGATG,46,5012134
yjbJ_predicted,0.2222222222222222,9,8,GTGCTAGAAAATCAGGGCTT,1,5009689
yjbJ_predicted,0.2222222222222222,9,8,GTCGCCGTATGAGCCCCAGG,1,5009659
yjbJ_predicted,5.222222222222222,54,8,GGTACCCACAAACCCCCGTG,46,5020975
yjbJ_predicted,8.0,79,8,GGGCAATACATCAGTGCGGG,71,4995599
yjbJ_predicted,0.2222222222222222,9,8,GGAGCACGGCATCCCCGTAG,1,5002634
yjbJ_predicted,7.111111111111111,71,8,GGACGCCTTTCCTCGGCGGC,63,5021829
yjbJ_predicted,13.11111111111111,125,8,GCTCACTGGGCGCCCCTCGC,117,4997597
yjbJ_predicted,5.333333333333333,55,8,GCGCTCCGGATGAGATATCA,47,5001196
yjbJ_predicted,0.2222222222222222,9,8,GCGATGGATGCTAGATGGGG,1,5021717
yjbJ_predicted,0.2222222222222222,9,8,GCCCCGGGCTAAAGCCGCGC,1,5022462
yjbJ_predicted,0.2222222222222222,9,8,GATTCGCAGCCTCGGGAGCC,1,5024777
yjbJ_predicted,7.888888888888889,78,8,GATGTTCGCAAACCTGATAA,70,4996072
yjbJ_predicted,0.2222222222222222,9,8,GATGCACATCGGCCGTCTTA,1,5006366
yjbJ_predicted,0.2222222222222222,9,8,GAGAACAGGCGAGACCCACG,1,5024917
yjbJ_predicted,0.2222222222222222,9,8,GAATGAACCCCTATGGCTAA,1,5012930
yjbJ_predicted,3.0,34,8,GAATCGACATGCCCCATCAA,26,5019577
yjbJ_predicted,13.222222222222221,126,8,GAAAATGGGTGTCAACATCT,118,4998317
yjbJ_predicted,0.2222222222222222,9,8,CTTTTTGGTCTTGGAGACGC,1,5022797
yjbJ_predicted,0.2222222222222222,9,8,CTGCATCAGGACCACCACGA,1,5001752
yjbJ_predicted,0.2222222222222222,9,8,CTCCGTATTCGCGGAATTGT,1,5014538
yjbJ_predicted,8.666666666666666,85,8,CTCCATTGGTAAGTCTACAG,77,5011656
yjbJ_predicted,7.666666666666667,76,8,CTATGCGTTGACGAGTAGGA,68,4995195
yjbJ_predicted,3.888888888888889,42,8,CTAGGGTTAACACGAACGGT,34,5002127
yjbJ_predicted,4.666666666666667,49,8,CTACAGGAGCGGGCATGCGT,41,5025872
yjbJ_predicted,0.2222222222222222,9,8,CGTCCTGCTAACGCTGGGGA,1,5006252
yjbJ_predicted,5.333333333333333,55,8,CGTAATTTGGTTAAGTCCAG,47,5022815
yjbJ_predicted,0.2222222222222222,9,8,CCTATTTTGTTACGCACGTG,1,5023981
yjbJ_predicted,0.2222222222222222,9,8,CCTATACGCAGGTAGGTACA,1,5013587
yjbJ_predicted,0.2222222222222222,9,8,CCGTAGCTGATATTCCTACC,1,5022865
yjbJ_predicted,0.2222222222222222,9,8,CCGGTGCTTTACGCTGTGAA,1,5016219
yjbJ_predicted,0.2222222222222222,9,8,CCCGAGGTCTCGACTTAGTT,1,5029268
yjbJ_predicted,13.555555555555555,129,8,CCACCTAGAGGTAACTCGAA,121,5009386
yjbJ_predicted,10.222222222222221,99,8,CATTAGCGCTATAGAACGAG,91,5003885
yjbJ_predicted,7.555555555555555,75,8,CATCGCCGTGCAAACGTTTT,67,4998020
yjbJ_predicted,3.0,34,8,CAGCGAAGGAGATATGCAAA,26,4996310
yjbJ_predicted,0.2222222222222222,9,8,CAATCCCATTCTAGACGGGT,1,5019736
yjbJ_predicted,4.666666666666667,49,8,CAACGATCTTTGGAGATATA,41,5027785
yjbJ_predicted,3.3333333333333335,37,8,CAACAACCCGCTTGTACTGG,29,4994689
yjbJ_predicted,0.2222222222222222,9,8,ATCATGCTTAGGCGCTTAAA,1,5001172
yjbJ_predicted,0.2222222222222222,9,8,ATCAAGGGCTTCAGGGCTTT,1,5018624
yjbJ_predicted,0.2222222222222222,9,8,AGTTGCCATGCTTTGTCATA,1,5012329
yjbJ_predicted,7.222222222222222,72,8,AGTACCCCTAGTTATTGTGC,64,5018372
yjbJ_predicted,0.4444444444444444,11,8,AGGTTAACTAAGACGAGTAT,3,5008538
yjbJ_predicted,0.4444444444444444,11,8,AGGAGGGATCTGCTATTTTT,3,5007529
yjbJ_predicted,0.7777777777777778,14,8,AGGACCCCTTGTGGCAACAC,6,4998319
yjbJ_predicted,0.2222222222222222,9,8,ACGGATGGTTCTACTTTGTT,1,5009116
yjbJ_predicted,9.11111111111111,89,8,ACCGAGATATGCGCCCTAGC,81,5000481
yjbJ_predicted,1.8888888888888888,24,8,AATGGGTAAATAAGGGTTCA,16,5029683
yjbJ_predicted,6.222222222222222,63,8,AAAGTTAGGCCCGCTTACAA,55,5018180
yjbJ_predicted,0.25,8,7,TTGGAAGCTCGCCTCTATAA,1,4996247
yjbJ_predicted,0.25,8,7,TGCTCGAAATGACTAGGATA,1,5013456
yjbJ_predicted,0.25,8,7,TGCGGCCGTGGAAAGTCGTA,1,5017221
yjbJ_predicted,0.25,8,7,TGCATCGACTGATACTAGAC,1,5029876
yjbJ_predicted,4.625,43,7,TGCATCGAATCATTCATGGC,36,5003840
yjbJ_predicted,5.25,48,7,TCTTCTGCTAAGCACGTCAG,41,5000176
yjbJ_predicted,7.0,62,7,TCGTGAACCCCGTATGAGAT,55,5008230
yjbJ_predicted,7.875,69,7,TCGGTAGATTCGCTTGCCAA,62,5027965
yjbJ_predicted,0.375,9,7,TCGGGACCTCGTCCGTGTCC,2,5010568
yjbJ_predicted,8.375,73,7,TCATTGCCAGCAGTACTGAT,66,5024937
yjbJ_predicted,0.25,8,7,TCATTCGGTGACCGTCTATT,1,4995759
yjbJ_predicted,2.75,28,7,TCAGCGCGGCCACTTCTTAG,21,4996197
yjbJ_predicted,10.0,86,7,TCAAATATCTTAGGCTCTAA,79,5008854
yjbJ_predicted,0.25,8,7,TATAGATTGGGGTTCAACCA,1,5019967
yjbJ_predicted,8.625,75,7,TAGTAAAAAGGGGTATACGT,68,5021198
yjbJ_predicted,0.25,8,7,TAGCGTAACTTTCGACGCTG,1,5027551
yjbJ_predicted,3.625,35,7,TACTCCCCGTCGCCCACTGT,28,4998451
yjbJ_predicted,7.5,66,7,GTTTCAACCAATGAAGTACA,59,5020087
yjbJ_predicted,11.125,95,7,GTTTATACGATCCTATCTAC,88,5021871
yjbJ_predicted,7.875,69,7,GTGTTCAAAACAGCAGTTAG,62,5017090
yjbJ_predicted,0.5,10,7,GTGTGCCCGTTAGTGGTAAA,3,5000730
yjbJ_predicted,4.375,41,7,GTATGGGATCTCAGTTAAGT,34,4999605
yjbJ_predicted,0.25,8,7,GTATAGCGCCCAGGGAATTG,1,5029043
yjbJ_predicted,2.125,23,7,GGTGTTTCATTCCGGGTCAA,16,5018724
yjbJ_predicted,6.375,57,7,GGTCTCCTTTCTGAACGTAT,50,4997789
yjbJ_predicted,0.25,8,7,GGTCGGGTGAGAAAAATCAG,1,4997990
yjbJ_predicted,7.625,67,7,GGTCAGCTGAGATAGTTAGG,60,4998187
yjbJ_predicted,2.75,28,7,GGGTTTTAATAGCGAGTAAG,21,5001734
yjbJ_predicted,0.375,9,7,GGGGTGCTATGTCTACTGTC,2,4996338
yjbJ_predicted,10.25,88,7,GGGCGTTGATTAGAATTCCT,81,5004229
yjbJ_predicted,0.25,8,7,GGGAGTCATGGGTACATAAC,1,5030305
yjbJ_predicted,8.625,75,7,GGCTATCCGGAACGTCGTTA,68,5020806
yjbJ_predicted,9.0,78,7,GGCGCTGAATACCCGGCAAA,71,5021898
yjbJ_predicted,8.75,76,7,GGCGCATGGAACGGCAGTTT,69,5029448
yjbJ_predicted,5.25,48,7,GGCCTTTGTATAAAAATTTA,41,5013120
yjbJ_predicted,7.5,66,7,GGCCAGATCCCGCCCGTTAA,59,5017428
yjbJ_predicted,8.25,72,7,GGATTCCGCTGAGGCCCTCC,65,4998312
yjbJ_predicted,9.875,85,7,GGAACTACGGAAATCGAACG,78,4994966
yjbJ_predicted,0.375,9,7,GCGAAAATCTTAGAGTGACC,2,4998406
yjbJ_predicted,5.625,51,7,GCCGTCGGCCAATGATCGGT,44,5004494
yjbJ_predicted,5.125,47,7,GCATTCAACGTCAACGTTGC,40,5020175
yjbJ_predicted,7.75,68,7,GCAGGTAACCCAGTAGGCTA,61,5017478
yjbJ_predicted,9.75,84,7,GCAGGAGGGCTAATCCACGT,77,5016243
yjbJ_predicted,8.125,71,7,GCACCCCCTTGATTCTCACG,64,5019167
yjbJ_predicted,0.375,9,7,GATTTTGTTGATCATCGATA,2,5029933
yjbJ_predicted,3.875,37,7,GATCCTACCTAAGCGTTCCT,30,5020811
yjbJ_predicted,6.375,57,7,GACTGGGTATGTTGTTTTTG,50,5019949
yjbJ_predicted,7.25,64,7,GACGCACTGGCGTAAGAGGC,57,5026050
yjbJ_predicted,6.75,60,7,GAATGGTACAGATTATAGAT,53,5012502
yjbJ_predicted,0.25,8,7,CTTGACGCCTCCAAACTTAT,1,5005139
yjbJ_predicted,0.25,8,7,CTGCGAACGTGTGTTGCCTT,1,5020210
yjbJ_predicted,0.25,8,7,CTGACCGCAGAAAACACTGG,1,5010579
yjbJ_predicted,7.375,65,7,CTCCCTCTGAAGTCGGACAC,58,5005105
yjbJ_predicted,0.25,8,7,CGTAGCAGTATATCCTCGGG,1,5001437
yjbJ_predicted,0.25,8,7,CGCGAATGGAAGAAAGTATA,1,5029695
yjbJ_predicted,6.125,55,7,CCTTCTTCCCTGCCGTTGCA,48,5012316
yjbJ_predicted,0.25,8,7,CCTGGAAGTCCAGAAGTTAC,1,5027314
yjbJ_predicted,7.5,66,7,CCGGACGAAGTTTGAGTGTG,59,5005924
yjbJ_predicted,7.875,69,7,CCGAGGAGCTCGTATGGCAA,62,5007224
yjbJ_predicted,0.25,8,7,CCCTTAGGGAACAAACGCAG,1,5011119
yjbJ_predicted,0.25,8,7,CCCTACTGCATTGGTAGCCG,1,5007850
yjbJ_predicted,0.25,8,7,CCCCAGGCCAGCCCCTTTAT,1,5000566
yjbJ_predicted,3.75,36,7,CCCAGACTATGGCTGTGAAC,29,5015935
yjbJ_predicted,6.375,57,7,CATGCACGATTACCTTGGCC,50,5025975
yjbJ_predicted,4.375,41,7,CATCCATTTAGTTTAGGGAG,34,4998184
yjbJ_predicted,8.0,70,7,CATCATGTTCGGTTCGGCTA,63,5017568
yjbJ_predicted,3.375,33,7,CAGTTCTGCTTGTCGCAACG,26,5006060
yjbJ_predicted,4.375,41,7,CAGTACGACTACCTAACACT,34,5012041
yjbJ_predicted,0.375,9,7,CAGCAAATTCGAGATTGGTA,2,5024783
yjbJ_predicted,0.375,9,7,CAGAGGGACATTTGGTGGTT,2,5016904
yjbJ_predicted,0.25,8,7,CACGCACGGGACTTTCTGGT,1,5001091
yjbJ_predicted,8.75,76,7,CACCCCCAGATTTCCTCCAT,69,5019981
yjbJ_predicted,0.25,8,7,CAATTACGAGTGTACTAGTT,1,4999137
yjbJ_predicted,7.25,64,7,ATTTTGTGAGGCATCAAGCC,57,4995687
yjbJ_predicted,8.125,71,7,ATTGTACCACCACATCCTGA,64,5001982
yjbJ_predicted,5.125,47,7,ATGCTTTCTGGGGTTATACG,40,5008758
yjbJ_predicted,0.25,8,7,ATCCGGCTATGCATCTGCGA,1,5008753
yjbJ_predicted,0.25,8,7,ATATAGAGCTGTCGAACGGT,1,5029254
yjbJ_predicted,0.25,8,7,ATAAGTAAGACGGGATTTAG,1,5012579
yjbJ_predicted,0.25,8,7,AGCGCTTGAAAGCACCAGGC,1,5009563
yjbJ_predicted,6.0,54,7,AGAGAGTAGTAAGTTCAGTT,47,5028497
yjbJ_predicted,0.25,8,7,AGACTGTAAGCGTAAGCACA,1,5019348
yjbJ_predicted,0.25,8,7,AGACCGGTAATATAATATGC,1,5022463
yjbJ_predicted,0.25,8,7,AGAATACTACTACAACTGCA,1,5024045
yjbJ_predicted,0.625,11,7,ACTGATTACCTCTCTCCCAC,4,5022016
yjbJ_predicted,5.25,48,7,ACTCCTAAACGCGGTTATTA,41,5026112
yjbJ_predicted,0.25,8,7,ACGCTATGTCCCACAGACAG,1,5029498
yjbJ_predicted,3.0,30,7,ACGCTAGGTCGGCCCTCCCA,23,5016227
yjbJ_predicted,0.25,8,7,ACATGGCAATATGGGTGCTA,1,5006955
yjbJ_predicted,0.25,8,7,ACAGCTCCTATACCAGAAGT,1,5004032
yjbJ_predicted,0.25,8,7,AATACATCGCACAACGGTTT,1,5011989
yjbJ_predicted,5.25,48,7,AAGTGGGATCCAATCGTCCC,41,5029361
yjbJ_predicted,0.25,8,7,AAATGGAAATATGCTGTAGC,1,5011078
yjbJ_predicted,8.125,71,7,AAAGGGCACCGAGAGGAGCC,64,5015897
yjbJ_predicted,5.142857142857143,41,6,TTGGAGTAGGTAAAGAGGGA,35,5016017
yjbJ_predicted,9.714285714285714,73,6,TTCCCGGCGACCGAAGGCCC,67,5011811
yjbJ_predicted,3.857142857142857,32,6,TTAGGCCCTGCGCCCTCTAT,26,5022286
yjbJ_predicted,6.857142857142857,53,6,TGTTCGAAAGACAGGGTTCA,47,5018339
yjbJ_predicted,0.2857142857142857,7,6,TGTGTGGTAGCTGGGTGCTC,1,5007563
yjbJ_predicted,0.2857142857142857,7,6,TGTAATCCCATGGGTCATGA,1,4999614
yjbJ_predicted,8.714285714285714,66,6,TGCTTCGCAAATTTGAACTT,60,5012155
yjbJ_predicted,0.2857142857142857,7,6,TGCAAGCCCAGCACTGGGCT,1,5010102
yjbJ_predicted,14.142857142857142,104,6,TGAAGCACTTGTTTTCGTTG,98,5001313
yjbJ_predicted,8.142857142857142,62,6,TCTTACAATAGCTTCTTACT,56,5016589
yjbJ_predicted,0.2857142857142857,7,6,TCGCAGGTCATCCGACGGGA,1,5020825
yjbJ_predicted,0.2857142857142857,7,6,TCCGGCCAAGCTATGGCGTG,1,5025085
yjbJ_predicted,11.714285714285714,87,6,TCAGCCTCCGTGGTCTCATT,81,5011493
yjbJ_predicted,0.2857142857142857,7,6,TCAAGGACCTGGTGCCCGAC,1,5024608
yjbJ_predicted,3.142857142857143,27,6,TCAACATGCACCTTCAATCA,21,5002664
yjbJ_predicted,0.2857142857142857,7,6,TAGGCTCTCAAGGCCCACCG,1,4995752
yjbJ_predicted,13.285714285714286,98,6,TAGGATTAACCCCTGCAAAG,92,5018599
yjbJ_predicted,9.0,68,6,TAGCTCTGCCGCCATCCGCG,62,5005073
yjbJ_predicted,10.0,75,6,TAGCGAAACCACGAAGATTT,69,5007316
yjbJ_predicted,3.7142857142857144,31,6,TACTGGCCTTCCGGTTCACT,25,5017965
yjbJ_predicted,0.2857142857142857,7,6,TACTCGCAACTCATTCTTCG,1,5002890
yjbJ_predicted,0.42857142857142855,8,6,GTTTCCCGTAGACGGTGTCG,2,5016636
yjbJ_predicted,0.2857142857142857,7,6,GTTGTGAACGCTCAGACGTG,1,5008581
yjbJ_predicted,0.2857142857142857,7,6,GTTGCTAGAGGTAAGGTAAG,1,5019431
yjbJ_predicted,10.0,75,6,GTTAGGTTGCTCGTCGGTGA,69,5028026
yjbJ_predicted,11.142857142857142,83,6,GTGGGACCGTATCCGTAACG,77,5030096
yjbJ_predicted,0.2857142857142857,7,6,GTGCACTTGGTTCAACGAAT,1,5008643
yjbJ_predicted,9.0,68,6,GTCGTATTCGAGTTCACTCG,62,4999808
yjbJ_predicted,9.285714285714286,70,6,GTCATGAGAATACTTGAAAA,64,5011606
yjbJ_predicted,0.2857142857142857,7,6,GTCATCGGTACGTCAGGAAC,1,5005455
yjbJ_predicted,19.714285714285715,143,6,GTATTCTTTACAGTGGAATG,137,5027508
yjbJ_predicted,0.2857142857142857,7,6,GTAGGTTTCCCTGATCAAAC,1,5011603
yjbJ_predicted,0.2857142857142857,7,6,GGCGCCAGGAAGTAAGCCAC,1,5028114
yjbJ_predicted,0.5714285714285714,9,6,GCTTCTAAATAGATACACAA,3,5005489
yjbJ_predicted,1.7142857142857142,17,6,GCTTATGATTGTATTGCACT,11,5026679
yjbJ_predicted,8.0,61,6,GCTTATCTTACCCTTCCTTG,55,5003342
yjbJ_predicted,0.42857142857142855,8,6,GCTTAACGAAGACCCGAATT,2,5012884
yjbJ_predicted,0.2857142857142857,7,6,GCGCTTATGGAGGCAGCAAA,1,5012176
yjbJ_predicted,7.285714285714286,56,6,GCGCCACGAAGTGTTGATGG,50,5017216
yjbJ_predicted,0.2857142857142857,7,6,GCCTATAATCGAGATTCAGG,1,5012188
yjbJ_predicted,8.0,61,6,GCATGGGCCATCGGTTCGAT,55,5028944
yjbJ_predicted,0.2857142857142857,7,6,GCAGCCCCCGTAACTTACAA,1,5010326
yjbJ_predicted,0.2857142857142857,7,6,GATCCGAGGAACGAATTGGA,1,5020964
yjbJ_predicted,0.2857142857142857,7,6,GATCAGGGACAAGTTGGTGA,1,5004469
yjbJ_predicted,1.7142857142857142,17,6,GAGGGGTTTCGCAGATTCGG,11,4999056
yjbJ_predicted,17.571428571428573,128,6,GACGTCGCACGCCACGGCGC,122,5006359
yjbJ_predicted,11.714285714285714,87,6,GAAACGGTTTACATCTTAAC,81,5006983
yjbJ_predicted,6.571428571428571,51,6,GAAAAGTATACACGCAATTT,45,4996958
yjbJ_predicted,5.571428571428571,44,6,CTTCTTCGCATGCCGCTGGA,38,4996342
yjbJ_predicted,0.2857142857142857,7,6,CTGCGGCCCGAAACCACATG,1,5012105
yjbJ_predicted,0.5714285714285714,9,6,CTAGGATTGAAAATTAAGCT,3,5001930
yjbJ_predicted,11.714285714285714,87,6,CTACGATGTGCAACCAACGT,81,5023580
yjbJ_predicted,0.42857142857142855,8,6,CGTGCAGTCATTAAGCAACA,2,5025285
yjbJ_predicted,5.428571428571429,43,6,CGTAAAAGAGTTGGTAAAGA,37,5022604
yjbJ_predicted,12.0,89,6,CGCGGCAGGGTCGGTATAGT,83,5010003
yjbJ_predicted,12.571428571428571,93,6,CGCCTATCGGGGAATGGGCT,87,5016902
yjbJ_predicted,0.2857142857142857,7,6,CGCCCGCATTTACCGCGCAA,1,4997630
yjbJ_predicted,7.857142857142857,60,6,CCTTGTAACGTCTTAATCGG,54,5029737
yjbJ_predicted,4.714285714285714,38,6,CCTTCGGTCCCCCTAGCCTA,32,5014795
yjbJ_predicted,7.428571428571429,57,6,CCTCGGCTCCTAATGGCTAA,51,5022632
yjbJ_predicted,1.7142857142857142,17,6,CCTATTGCACTCGTCACTCT,11,4995705
yjbJ_predicted,7.142857142857143,55,6,CCTAAAATCTCTCTACATCC,49,5000959
yjbJ_predicted,4.428571428571429,36,6,CCGCCGACGCATAACATTAA,30,5020172
yjbJ_predicted,7.428571428571429,57,6,CCCGGATCAGGCGTCTCTTT,51,5010002
yjbJ_predicted,2.142857142857143,20,6,CCCAGTGGGAACAAAACAGC,14,5000595
yjbJ_predicted,12.857142857142858,95,6,CATACCTAGTCGCGGATGCA,89,5022848
yjbJ_predicted,4.571428571428571,37,6,CAGTTCATGTAGTCCTCTCT,31,5012791
yjbJ_predicted,2.857142857142857,25,6,CAGTGAATCGTTAATCGCGT,19,5005953
yjbJ_predicted,8.0,61,6,CAGTCAGCTTAAGAGCCCGG,55,5002141
yjbJ_predicted,0.2857142857142857,7,6,CAGCAGTCGGCATCTCCTAG,1,5027960
yjbJ_predicted,2.857142857142857,25,6,CAGCAACGTTGCTGTAGTAG,19,5024332
yjbJ_predicted,0.2857142857142857,7,6,CACGGATTCTAACGGAATCC,1,4996625
yjbJ_predicted,8.714285714285714,66,6,CACCACCGTGAAACCTGGTA,60,5021797
yjbJ_predicted,0.2857142857142857,7,6,CACATAGCCCGCCCGTGCGC,1,4995643
yjbJ_predicted,10.285714285714286,77,6,CAAAGACGGTAACCGCCGCT,71,5015702
yjbJ_predicted,10.857142857142858,81,6,ATTCAGGAAAGTCCCGCCTT,75,5029830
yjbJ_predicted,0.2857142857142857,7,6,ATGCTTTTTTATACATAGCT,1,4998281
yjbJ_predicted,9.285714285714286,70,6,ATCGTTGTTGCCTTTTAGAT,64,5015624
yjbJ_predicted,2.5714285714285716,23,6,ATATTCGAGTTATTACCGCT,17,5004014
yjbJ_predicted,0.2857142857142857,7,6,AGTGGATCTAGCGGACTAGG,1,5021050
yjbJ_predicted,11.571428571428571,86,6,AGGTATAACCGACGGGTTCA,80,5016819
yjbJ_predicted,4.285714285714286,35,6,AGGACGTTATTCGAATGGAA,29,5005802
yjbJ_predicted,0.2857142857142857,7,6,AGCTACCAATCAAGTAGACT,1,5018595
yjbJ_predicted,0.42857142857142855,8,6,AGCGCGATACACGTATCTCT,2,5028044
yjbJ_predicted,6.714285714285714,52,6,ACGACTGCCCTTGTGTGATT,46,5008733
yjbJ_predicted,0.2857142857142857,7,6,ACCGACTCTTTTTTTCGTGT,1,5000766
yjbJ_predicted,2.2857142857142856,21,6,ACACAGGACTTCGGGCAGGT,15,4994696
yjbJ_predicted,0.2857142857142857,7,6,AAGGATCTTGGACTGACCAC,1,5005254
yjbJ_predicted,14.142857142857142,104,6,AAGGACTTACCCGATACTAC,98,5013086
yjbJ_predicted,0.2857142857142857,7,6,AACGTTCGACACAAAGGACG,1,4997598
yjbJ_predicted,5.857142857142857,46,6,AACGTATGACGATCGTTGTT,40,4998495
yjbJ_predicted,0.2857142857142857,7,6,AACGGGTAAATCAGGCTTTA,1,5017508
yjbJ_predicted,2.7142857142857144,24,6,AAATACCACATGGGTAGGTA,18,5015930
yjbJ_predicted,10.666666666666666,68,5,TTTTCCCGTATGCCTCCGTA,63,5012167
yjbJ_predicted,0.5,7,5,TTTATATGAAAGGGTTAGAG,2,5009029
yjbJ_predicted,0.5,7,5,TTATGTCGAGACTGGCGAAG,2,5018199
yjbJ_predicted,0.3333333333333333,6,5,TGTTAGATACTAGCGTCTCA,1,5028324
yjbJ_predicted,25.0,154,5,TGTGACATACGTCACATAAG,149,5020088
yjbJ_predicted,7.833333333333333,51,5,TGTCGCGAAAGGCCGAGCAT,46,5021224
yjbJ_predicted,14.333333333333334,90,5,TGTAATTCCGCTAGGAAATG,85,5023042
yjbJ_predicted,0.8333333333333334,9,5,TGGTTAAAGCGTAGCTCCCT,4,4998655
yjbJ_predicted,0.3333333333333333,6,5,TGCGGCAGCAATGTTATATG,1,5029059
yjbJ_predicted,11.666666666666666,74,5,TGCCTATGACAGACGTCTTA,69,4995608
yjbJ_predicted,9.5,61,5,TGACCCTACATTCTTAACTC,56,5025510
yjbJ_predicted,20.5,127,5,TCATATACAATGCTCCTTGT,122,4998315
yjbJ_predicted,0.3333333333333333,6,5,TATATTCTTTATCATTCTGA,1,5017626
yjbJ_predicted,9.333333333333334,60,5,TATAAATATCAAACCTCTCA,55,5003512
yjbJ_predicted,10.5,67,5,TAGAACGCGGCGGTTGTAGG,62,5021175
yjbJ_predicted,0.5,7,5,TAAGGGATCGCGACACACGT,2,5030458
yjbJ_predicted,11.0,70,5,TAACGAACATCCCGGAATGG,65,5004699
yjbJ_predicted,14.0,88,5,GGTTTGCCGAATTAGCAGTA,83,4996794
yjbJ_predicted,10.166666666666666,65,5,GGGAAGAAAGGTGGAGTTGT,60,5015983
yjbJ_predicted,0.3333333333333333,6,5,GGCATGGTGCATAAGAAACC,1,5020984
yjbJ_predicted,8.666666666666666,56,5,GGCATGCGAAGGCCAACGCA,51,5018727
yjbJ_predicted,0.3333333333333333,6,5,GGATTGTCCTAAAAGTAAAC,1,5012585
yjbJ_predicted,4.5,31,5,GCAAGCCCGTTTGTGGAAGC,26,4998535
yjbJ_predicted,0.3333333333333333,6,5,GAGAAACTCTGCCTTAACAA,1,5031138
yjbJ_predicted,0.3333333333333333,6,5,GAATGCAGACAGTGTATGCA,1,5027121
yjbJ_predicted,10.0,64,5,GAAAGGCGCACGTTAACGGC,59,5006929
yjbJ_predicted,0.3333333333333333,6,5,CTTACCATCACCTAAATTTT,1,4999111
yjbJ_predicted,9.5,61,5,CTGATTGCAGTCTCTTACAC,56,5017850
yjbJ_predicted,10.166666666666666,65,5,CTCGACGTTTGGTGGGCTAA,60,5012270
yjbJ_predicted,0.3333333333333333,6,5,CTCACAGGTGGTGCGGTCTG,1,5011872
yjbJ_predicted,12.166666666666666,77,5,CTAGTCCTATATACAGCTTT,72,5012551
yjbJ_predicted,11.833333333333334,75,5,CGTTGGTATTGAGAGTCTAA,70,5004835
yjbJ_predicted,2.8333333333333335,21,5,CGGCATACGGAGCTATATCA,16,5008116
yjbJ_predicted,9.666666666666666,62,5,CGCGATGCATAAGAATGGGT,57,5007966
yjbJ_predicted,8.5,55,5,CGACCGAATGTCTGTGCCGC,50,4995818
yjbJ_predicted,0.5,7,5,CCTCTAGGCAACCTGCGATT,2,5014638
yjbJ_predicted,9.0,58,5,CCTAAGGATCATGAAATGCA,53,5013118
yjbJ_predicted,12.666666666666666,80,5,CCGATAGCCTCTGTGGCACA,75,4999928
yjbJ_predicted,5.666666666666667,38,5,CCATTACATTTAGTAGGCCG,33,5005732
yjbJ_predicted,10.833333333333334,69,5,CATGAGATATTTCACGATAT,64,5028202
yjbJ_predicted,0.3333333333333333,6,5,CATCTGGGCAACTTCTGTAT,1,5023544
yjbJ_predicted,11.166666666666666,71,5,CAGGTGATGAGACTGTAACA,66,5004375
yjbJ_predicted,0.3333333333333333,6,5,CAGGATGAGCACCGTATCCT,1,5001909
yjbJ_predicted,0.3333333333333333,6,5,CAGCCTAGCCCCCCTACTAC,1,5005414
yjbJ_predicted,0.3333333333333333,6,5,CACGGCCTGGAAGAAGAGAC,1,5025439
yjbJ_predicted,0.3333333333333333,6,5,CACCCCTCACGATAGAGTGT,1,5012800
yjbJ_predicted,8.666666666666666,56,5,ATTTGGTTTTCGCATTTCTT,51,5003545
yjbJ_predicted,9.666666666666666,62,5,ATTTCGATACAATTTTGTAG,57,4996187
yjbJ_predicted,0.3333333333333333,6,5,ATTGATTTCGTGACCATTTC,1,5014598
yjbJ_predicted,0.3333333333333333,6,5,ATGCGTATAGAGAAGACGAG,1,5016021
yjbJ_predicted,14.333333333333334,90,5,ATCATGTTCATCCAGCTTAC,85,5016270
yjbJ_predicted,10.333333333333334,66,5,ATATCTCGAATAACCATGAT,61,5011101
yjbJ_predicted,0.6666666666666666,8,5,ATAATAAAGGATCGATTTTC,3,4994750
yjbJ_predicted,0.3333333333333333,6,5,ATAACTGACTGATCCTTGTT,1,5015363
yjbJ_predicted,0.3333333333333333,6,5,ATAAAGGGCGGCGCCGACTC,1,5003114
yjbJ_predicted,8.5,55,5,ATAAACGACCCGAACACTGG,50,5012639
yjbJ_predicted,8.0,52,5,AGGGGCTGGGAACAGCGCGC,47,4996276
yjbJ_predicted,0.3333333333333333,6,5,AGGCTAGGATCCTCTGCCAC,1,5029786
yjbJ_predicted,0.3333333333333333,6,5,AGGAGCGAGCTCTTTACCTA,1,5010490
yjbJ_predicted,0.5,7,5,AGCGTGGACGGTGGCGTTTC,2,4999401
yjbJ_predicted,0.3333333333333333,6,5,AGCGGCCGCACAGTTCCGCC,1,5028329
yjbJ_predicted,9.0,58,5,AGAGTCGTCGGTACACATGC,53,5003304
yjbJ_predicted,9.333333333333334,60,5,AGAGGTATGGGCGTTACCCT,55,5017678
yjbJ_predicted,0.3333333333333333,6,5,AGAGCTTATTTATCTGATGA,1,5015124
yjbJ_predicted,0.3333333333333333,6,5,AGAACTCCTCCGTCCTGTGG,1,5017082
yjbJ_predicted,16.666666666666668,104,5,ACTTTGCGGGTCTACTAAGC,99,5002592
yjbJ_predicted,0.3333333333333333,6,5,ACGTGGTAACATGCTAAATT,1,5025878
yjbJ_predicted,0.5,7,5,ACGAGCCGATCCAAATCCGT,2,5024804
yjbJ_predicted,11.666666666666666,74,5,ACCCCCCGCATAGTCACATC,69,5017621
yjbJ_predicted,8.666666666666666,56,5,ACAAGCGCTGTGCGGAGCAG,51,5019314
yjbJ_predicted,9.166666666666666,59,5,ACAAGATGTATTACTAGATA,54,5021938
yjbJ_predicted,0.3333333333333333,6,5,AATGTTATATTGGTTACGAA,1,5016692
yjbJ_predicted,8.5,55,5,AACCCACAGCACTGCCACAA,50,5007313
yjbJ_predicted,0.3333333333333333,6,5,AAAGAGGACGCCGAATGAGA,1,5020714
yjbJ_predicted,0.4,5,4,TTTTCACCAGGCACCGGACT,1,5006803
yjbJ_predicted,0.4,5,4,TTGAAAGCGAGTATTTAAAA,1,5004801
yjbJ_predicted,15.0,78,4,TTCTCTGTACGTAGATTTCA,74,5000006
yjbJ_predicted,11.0,58,4,TTCGGTGTATTTAGCGCTTC,54,5003495
yjbJ_predicted,13.8,72,4,TTCCCACATCTCGCCAAAGG,68,5003366
yjbJ_predicted,13.4,70,4,TGTGAACAGGTCATAAGCAT,66,5025153
yjbJ_predicted,0.4,5,4,TGTATCAGGACGAAGCAGAG,1,5022928
yjbJ_predicted,17.8,92,4,TGGATCCGTCCTCGATAGTT,88,4997740
yjbJ_predicted,8.6,46,4,TGCCTTAACTTAGCAAAAAA,42,5013877
yjbJ_predicted,9.4,50,4,TGCCAGGGGGCCAGAAAATT,46,5009079
yjbJ_predicted,13.2,69,4,TCGTATAAGGAAGTATTGGT,65,5002878
yjbJ_predicted,13.4,70,4,TCGGACCCCCAGCCAAAGAA,66,4999245
yjbJ_predicted,0.4,5,4,TCGAATGTGATCAGCCTCAA,1,5009463
yjbJ_predicted,0.6,6,4,TCCGTGTAGGGAAACTTCTG,2,4998875
yjbJ_predicted,0.4,5,4,TCCCGATCTCATAATATAAG,1,4997275
yjbJ_predicted,3.6,21,4,TCCAGAGAAGTCGTTTAACC,17,5025945
yjbJ_predicted,11.8,62,4,TCAGGCGTGTTACGCCGTAC,58,5023536
yjbJ_predicted,10.4,55,4,TCACGTCCAAAGACAATGTT,51,5021498
yjbJ_predicted,0.4,5,4,TATGCCTCCCACGCTGGTGG,1,5018428
yjbJ_predicted,0.4,5,4,TAGGGAATCCCGTGAGGACA,1,5019115
yjbJ_predicted,12.4,65,4,TAGCCATGAAGCGTCTGTCT,61,5015845
yjbJ_predicted,9.0,48,4,TAGATCACGTGCGGAACAGA,44,5003745
yjbJ_predicted,13.0,68,4,TAGACTAGAGAGATTTGATG,64,5003276
yjbJ_predicted,4.2,24,4,TACTGTTCCATTACAATACG,20,5011315
yjbJ_predicted,0.4,5,4,TACCTGTCTCGTGAGATACT,1,5004526
yjbJ_predicted,9.8,52,4,TAATTTCAGTTTTTTCACCC,48,5006020
yjbJ_predicted,13.6,71,4,TAACACCTCGCTGATACGTT,67,5009092
yjbJ_predicted,14.4,75,4,GTTTTTCTCGAATTCCCTGT,71,5015305
yjbJ_predicted,0.4,5,4,GTTTTGCTTATTTCTCTGTA,1,5019940
yjbJ_predicted,13.0,68,4,GTCTGTATATGGATCCGGCT,64,5016889
yjbJ_predicted,0.4,5,4,GTCCCCCAATGCCTCGATTA,1,5002636
yjbJ_predicted,10.8,57,4,GTCAGTGTAGCCTTCCTTGA,53,5011234
yjbJ_predicted,14.0,73,4,GTAGCTGGTGATTCCAGTGA,69,5028487
yjbJ_predicted,0.4,5,4,GGTTGGGACCGCCTTTGAAT,1,5030270
yjbJ_predicted,13.4,70,4,GGTATTCCTTATTCCATCAT,66,5025443
yjbJ_predicted,5.0,28,4,GGTACTTGAGCCAGAGCTAA,24,5029630
yjbJ_predicted,0.4,5,4,GGTAACTGGTCGGTTCGAAC,1,5011708
yjbJ_predicted,8.8,47,4,GGTAACGCCGCATTGGGTAT,43,5004265
yjbJ_predicted,13.2,69,4,GGGTTTGGATCACTTATCTC,65,5030702
yjbJ_predicted,0.4,5,4,GGGTATACAACATCGCAATA,1,5028398
yjbJ_predicted,0.4,5,4,GGCGCCTTCCATCTGAATGC,1,5012727
yjbJ_predicted,0.4,5,4,GGATCATAATTTCGAGAAAC,1,5019766
yjbJ_predicted,0.4,5,4,GGATACTTTAACCTGGGTCA,1,4995760
yjbJ_predicted,16.8,87,4,GCTTCGAACGGTACGTCAAG,83,4995484
yjbJ_predicted,9.8,52,4,GCTGTCAACGCGGGGCTCTA,48,5007726
yjbJ_predicted,13.4,70,4,GCTCCTCTTTACCTCATTGA,66,5027071
yjbJ_predicted,17.6,91,4,GCGGAGCCCTCATGCGTATA,87,4997906
yjbJ_predicted,10.2,54,4,GCCCTATGAAATTGCGGAAA,50,5006281
yjbJ_predicted,4.8,27,4,GCAGATTACTCTTATCGCTA,23,4999533
yjbJ_predicted,15.0,78,4,GATGGAGGGAACGACCTGCA,74,5024561
yjbJ_predicted,0.4,5,4,GATGCAAGTTACCTCTTGGC,1,5002997
yjbJ_predicted,0.6,6,4,GATACTGTTGCGTAAATTTT,2,5002516
yjbJ_predicted,13.8,72,4,GATAAAAATCTATGTACCTA,68,5009280
yjbJ_predicted,0.4,5,4,GACAACCACGCACATAGATA,1,5027624
yjbJ_predicted,0.6,6,4,GAAGGCATGAATGAAGCACA,2,5015502
yjbJ_predicted,0.4,5,4,GAAGAGCGATCCGCGTATAT,1,5028399
yjbJ_predicted,17.6,91,4,CTTTTTCAATCCCTTACGGA,87,5009441
yjbJ_predicted,0.4,5,4,CTTTCCTTGGCTTCCAATCC,1,5013430
yjbJ_predicted,12.6,66,4,CTTTCCAGCCGCGCTGACTG,62,5011550
yjbJ_predicted,7.2,39,4,CTTACCAGGATCTACCCAAA,35,5026394
yjbJ_predicted,0.4,5,4,CTCTTGTAAGTCATGAAAGA,1,5029422
yjbJ_predicted,11.2,59,4,CTCATAAGGTGATGTATCTT,55,5015265
yjbJ_predicted,0.4,5,4,CTATCATCGCATCGTATATT,1,5011997
yjbJ_predicted,0.4,5,4,CTAGAAATTTGATAGGAGTC,1,5014976
yjbJ_predicted,0.4,5,4,CTACAAAGAGCCGATTCTAT,1,5018307
yjbJ_predicted,0.4,5,4,CGTCGTTGGACTCGTACTTT,1,5011147
yjbJ_predicted,5.8,32,4,CGTATAGGTGGTAATCAGCG,28,5029794
yjbJ_predicted,10.4,55,4,CGTAATCTAACTATATAGCC,51,5009428
yjbJ_predicted,0.4,5,4,CGGTTGTTCACTCGGAAAAG,1,5013644
yjbJ_predicted,6.2,34,4,CGGTTCTGTCGTTATATTAT,30,5030260
yjbJ_predicted,0.4,5,4,CGGCGTAGCGTACTCAGATT,1,5030615
yjbJ_predicted,0.4,5,4,CGGCCGGCTGGGAAGATGTA,1,5004393
yjbJ_predicted,6.8,37,4,CGGACGTCCGCTGCCGCCTT,33,4995313
yjbJ_predicted,0.8,7,4,CGGACAGAGTGGACGGTCTC,3,4995305
yjbJ_predicted,8.8,47,4,CGCCCGATCGGATCGCTTTA,43,5001085
yjbJ_predicted,0.4,5,4,CCTAATTCGGCACTTGCAGA,1,5022024
yjbJ_predicted,10.0,53,4,CCCATCTCAATCGGTATTCT,49,5010781
yjbJ_predicted,0.8,7,4,CCATTAGAAGTGTGTATCAA,3,5014797
yjbJ_predicted,13.8,72,4,CCAGGTCGCGGTAAGGTGGA,68,5030141
yjbJ_predicted,13.0,68,4,CCAGACTCGACTGTAGTTCG,64,5021388
yjbJ_predicted,21.4,110,4,CAGTTTGACCCCTTTAGAGT,106,5019478
yjbJ_predicted,15.6,81,4,CAGGAGCATAGCCGCCACTC,77,4999931
yjbJ_predicted,14.6,76,4,CAGCGAGAAAGCTATGTGTA,72,5010131
yjbJ_predicted,3.4,20,4,CACGTTTTCGACCATAATCA,16,5005770
yjbJ_predicted,0.4,5,4,CACGGTTAAGATCCCTCAAT,1,5021499
yjbJ_predicted,9.0,48,4,CACATTGCCACGTGCCTCGT,44,5018509
yjbJ_predicted,0.6,6,4,CAAGGCGGCCTTATTCCCTT,2,5009273
yjbJ_predicted,12.8,67,4,CAACCCACGGTTTATTGTCG,63,5007123
yjbJ_predicted,20.6,106,4,ATTTCCATGCTAATGGTCGC,102,5029169
yjbJ_predicted,17.2,89,4,ATTGCGAGAGCTCTACCCGT,85,5001262
yjbJ_predicted,17.0,88,4,ATGTCATAGATGACTGGCGC,84,5030817
yjbJ_predicted,15.8,82,4,ATCCGAGAGCTTAGAGAAAC,78,5021166
yjbJ_predicted,0.4,5,4,AGTCGGTAAGTGCATTGTGG,1,5024269
yjbJ_predicted,0.4,5,4,AGTAGGGTAACTTGGGGATC,1,5003454
yjbJ_predicted,13.2,69,4,AGCTTAGGGTTTCTCGGCCA,65,5004506
yjbJ_predicted,0.4,5,4,AGCTAAAGCATATTGACCAT,1,5022472
yjbJ_predicted,7.2,39,4,AGCAAGTCTGGTGCCAGGGG,35,4999888
yjbJ_predicted,5.2,29,4,AGATCTCAATAGATCACTGA,25,5013900
yjbJ_predicted,6.0,33,4,AGAATAGTACACAAATATCG,29,5001636
yjbJ_predicted,8.4,45,4,ACTCGTCCGTAATTGAGAGA,41,5019154
yjbJ_predicted,9.8,52,4,ACTATCTACAAGCGTGGTCA,48,5007705
yjbJ_predicted,8.0,43,4,ACGTGACGTAAGTATCTCGC,39,4998903
yjbJ_predicted,9.8,52,4,ACAGACGGAGGTAATGTGGC,48,5011712
yjbJ_predicted,0.4,5,4,AATGCGAGATATAATAGGTC,1,5020692
yjbJ_predicted,17.0,88,4,AATAAGGCGGTATGATCAGA,84,5011206
yjbJ_predicted,0.4,5,4,AAGTCCATGGGACTCTCGGC,1,5023524
yjbJ_predicted,0.8,7,4,AAACAATATTTAACCATCCT,3,5001218
yjbJ_predicted,18.5,76,3,TTGGAAAGCAGATACGTTTA,73,5014818
yjbJ_predicted,11.0,46,3,TTCACACGTCTCGGGATATC,43,5025851
yjbJ_predicted,17.25,71,3,TTATCATTCGGTGGTGATCC,68,4999369
yjbJ_predicted,15.75,65,3,TTAGATGGTGCTTGTACAGT,62,5023222
yjbJ_predicted,0.5,4,3,TTACACTCGAATCGCCAAGA,1,5001546
yjbJ_predicted,21.5,88,3,TTAACTAGAGGGGACGAGCA,85,5029795
yjbJ_predicted,20.5,84,3,TGTGTTCTTGTCTGGAATGG,81,5016253
yjbJ_predicted,0.5,4,3,TGTGTCACAGCCTGCCTAGT,1,5012718
yjbJ_predicted,12.0,50,3,TGGTCAGGGGACGTATATGT,47,5024631
yjbJ_predicted,10.75,45,3,TGGTAACCCAAACCACCAAA,42,5024617
yjbJ_predicted,6.5,28,3,TGGGCTTCTTGGGTTGTCCA,25,4997812
yjbJ_predicted,15.75,65,3,TGCATAGGCGTCCCTGGTCT,62,5003968
yjbJ_predicted,0.5,4,3,TGACGTAGCATGACATCGGC,1,4998305
yjbJ_predicted,12.0,50,3,TCTCATGGCCTAGGCTCGTC,47,5010274
yjbJ_predicted,7.5,32,3,TCCAATGAGACTCGAGCTCG,29,5021417
yjbJ_predicted,35.0,142,3,TCATCATCGTAATGCTTATC,139,4997519
yjbJ_predicted,11.0,46,3,TCAAGCAGTGCATCGTTTCA,43,5027745
yjbJ_predicted,0.5,4,3,TCAACTTGCCAAGATTGCGG,1,5027046
yjbJ_predicted,0.5,4,3,TATCTCGAGGTTTAGCGTGT,1,5025965
yjbJ_predicted,0.5,4,3,TATAAGGGTGTAATCTACAA,1,5020506
yjbJ_predicted,0.5,4,3,TAGGCCCAACGATAATGTAT,1,5008011
yjbJ_predicted,0.5,4,3,GTGGCTGAGTTGGGATCCGT,1,4997279
yjbJ_predicted,15.5,64,3,GTCCCCCAGGCAACATAGAG,61,5011560
yjbJ_predicted,0.5,4,3,GTCATATACAATCTCATTAA,1,5001557
yjbJ_predicted,11.75,49,3,GGTGGACGTAGCCCTCACCC,46,5011639
yjbJ_predicted,0.5,4,3,GGTCGTTCTATCGATCCGTA,1,5023604
yjbJ_predicted,10.0,42,3,GGGTTGGTCGAACGGTTCAA,39,5007681
yjbJ_predicted,0.5,4,3,GGGTGTATATCGTCGTCACT,1,4997645
yjbJ_predicted,0.5,4,3,GGCTCTTAAGGCGTTGCCTG,1,4996869
yjbJ_predicted,0.75,5,3,GGCGCGTTAGTCAGTAACGT,2,5024225
yjbJ_predicted,0.5,4,3,GGCGAATGGCGGCGGAACTT,1,5021334
yjbJ_predicted,16.5,68,3,GGAGCATAGATCCAGCCGGT,65,5023372
yjbJ_predicted,15.0,62,3,GGAAATTTTATCTCGTTAGT,59,5020735
yjbJ_predicted,13.25,55,3,GCTCGCAGCAAACCACCTCA,52,5023454
yjbJ_predicted,10.5,44,3,GCGAGCCCGAGGCACTATGT,41,5001135
yjbJ_predicted,16.75,69,3,GCCCTTGCCCCGGTGTGCTT,66,5011500
yjbJ_predicted,0.5,4,3,GATTAATGAGGGGCCGTCAT,1,5002134
yjbJ_predicted,0.5,4,3,GATCTCTTTGTTCGTGGGAT,1,5029999
yjbJ_predicted,0.5,4,3,GATCATCCGAGCTTTGTAAT,1,5013713
yjbJ_predicted,0.5,4,3,GATACCGTAGAGTTCCGAAC,1,5024705
yjbJ_predicted,0.5,4,3,GAGTTCACCCGAGCAAACTC,1,4995465
yjbJ_predicted,6.5,28,3,GAGAGCGTCTCCCCCTCCCC,25,5029485
yjbJ_predicted,9.0,38,3,GAGAAACTACGAGGCGTGAC,35,5019792
yjbJ_predicted,0.5,4,3,GAACAATCCCACCCTTATGT,1,5031206
yjbJ_predicted,11.5,48,3,CTTGATGAGCGCACACTCAA,45,5010794
yjbJ_predicted,1.75,9,3,CTGCGGCTCCAGTGTTCGCG,6,5011963
yjbJ_predicted,0.5,4,3,CTATTATGTGTTCTTGCGAT,1,5018873
yjbJ_predicted,17.0,70,3,CGTTACGAGCGCAAACCTTT,67,5022639
yjbJ_predicted,9.0,38,3,CGTGTGAATCTGCCAAAGGA,35,4996085
yjbJ_predicted,0.5,4,3,CGTCTAAAAACGATGTAGAG,1,5009465
yjbJ_predicted,10.5,44,3,CGTCACAGAGTCTTGGAAAG,41,4996259
yjbJ_predicted,5.25,23,3,CGTATTCACTGAGTGAAACC,20,5003870
yjbJ_predicted,0.5,4,3,CGTAACAACGCTAAAGTAAG,1,5012657
yjbJ_predicted,14.5,60,3,CGCCAATGGTCCGCTTGCAA,57,5028891
yjbJ_predicted,0.5,4,3,CGAGCTCAGCCCTTATCTGA,1,5018934
yjbJ_predicted,0.5,4,3,CGAACCTCAGCATCGTATAC,1,5000525
yjbJ_predicted,0.5,4,3,CCGCGATCTGGGCGTGAGCT,1,5004031
yjbJ_predicted,6.0,26,3,CCCCGGTTACATCGGAGTCG,23,5030303
yjbJ_predicted,7.5,32,3,CCAGTCACATTCTCAAGGGA,29,5006650
yjbJ_predicted,10.5,44,3,CCACCCTCCAACAACTGGCA,41,5000327
yjbJ_predicted,0.5,4,3,CCAAAGAAATTCCTTTAGGC,1,5023732
yjbJ_predicted,17.25,71,3,CATGCTCGGCCTGACGGGAT,68,4994952
yjbJ_predicted,14.5,60,3,CATACTTCTCTGGCGATCTT,57,5019372
yjbJ_predicted,32.75,133,3,CATACTAGAATAATTCCGTT,130,4998959
yjbJ_predicted,16.0,66,3,CAGACTCCTGTGCGCTATTA,63,5003335
yjbJ_predicted,0.5,4,3,CACAAGGCGCAGATAGTACC,1,5019915
yjbJ_predicted,10.25,43,3,CAACGTTCTACCAGGTATAA,40,5003926
yjbJ_predicted,0.5,4,3,ATGTTTTTTTGGGGGAGGCC,1,5004274
yjbJ_predicted,24.0,98,3,ATGGATCCTGGGGATGCGGC,95,5003490
yjbJ_predicted,15.75,65,3,ATCCCCGACTTCACACAATC,62,5019747
yjbJ_predicted,13.75,57,3,ATATCATAGAGTTACTAAAT,54,5004159
yjbJ_predicted,4.25,19,3,ATAAAGAACGGAATAGACTG,16,5014765
yjbJ_predicted,0.5,4,3,AGTAAAACAGTAATGGGCTG,1,5017481
yjbJ_predicted,18.5,76,3,AGGATGGGACGGCTTTCTAA,73,5027401
yjbJ_predicted,15.0,62,3,AGATTTGCTTAGAGAACAAT,59,5009599
yjbJ_predicted,0.5,4,3,ACTGGTGTGAAAGATAAACC,1,4996419
yjbJ_predicted,8.75,37,3,ACGTGCTAACCAAAGGGCAT,34,4997531
yjbJ_predicted,0.5,4,3,ACGCAGCTTGCGTTAGAAGA,1,5023194
yjbJ_predicted,0.5,4,3,AAGCTCGTGTCTCCCAACCT,1,5008624
yjbJ_predicted,17.0,70,3,AAATGCATCAGAGAGAGTAT,67,5005060
yjbJ_predicted,11.333333333333334,35,2,TTTAATGCATGAGTACCCCT,33,5013860
yjbJ_predicted,0.6666666666666666,3,2,TTGCGAAGAAGCGATAGAAA,1,5015383
yjbJ_predicted,0.6666666666666666,3,2,TTCTTGTTTACTACTTGGCC,1,5007901
yjbJ_predicted,0.6666666666666666,3,2,TTCTTCGTTGGAACGAAATT,1,4994731
yjbJ_predicted,15.0,46,2,TTAGCTAGTTCCAGCTAGGC,44,5007699
yjbJ_predicted,1.0,4,2,TTAGCCAGGAATGTTTACGG,2,5015236
yjbJ_predicted,1.0,4,2,TGTGGTACCGAAATTGTGAG,2,4995611
yjbJ_predicted,0.6666666666666666,3,2,TGGGGGACGGTGCCTAGCGC,1,5009096
yjbJ_predicted,9.0,28,2,TGGGCGCACAACCCCTCAAT,26,5007202
yjbJ_predicted,0.6666666666666666,3,2,TGCGGTCAGACCCAGGAAGG,1,5007633
yjbJ_predicted,22.0,67,2,TCGATGCTTATAAGCCCCAG,65,5017659
yjbJ_predicted,0.6666666666666666,3,2,TCCGCCATCTTCTATTGTAA,1,5026926
yjbJ_predicted,36.333333333333336,110,2,TCCAGACTCACGCAAGTTGT,108,5015179
yjbJ_predicted,22.666666666666668,69,2,TCCAACGACGTAGACTGCCG,67,4999687
yjbJ_predicted,0.6666666666666666,3,2,TCAACTCGTTAAGCGCTCGA,1,4998614
yjbJ_predicted,29.666666666666668,90,2,TAGACCTGGTACCTTTAATT,88,5029721
yjbJ_predicted,12.0,37,2,TACGTCTCGGCTCGCATCCA,35,5026971
yjbJ_predicted,0.6666666666666666,3,2,TACATTGTGTCGAATAGCAA,1,5016407
yjbJ_predicted,0.6666666666666666,3,2,TACACATACCCAAAAGCGTG,1,5021557
yjbJ_predicted,31.666666666666668,96,2,TAACTTCCGTGAATAGCGCA,94,5007587
yjbJ_predicted,19.0,58,2,GTTAACGATCGCACTGTGCT,56,5026253
yjbJ_predicted,0.6666666666666666,3,2,GTGTGCAGAGGTGCCGCCAT,1,5002427
yjbJ_predicted,21.333333333333332,65,2,GTGTCATCGTCGTTGCGCCA,63,5004331
yjbJ_predicted,58.333333333333336,176,2,GTGTATTCGAGTAGACGTAC,174,5019291
yjbJ_predicted,18.333333333333332,56,2,GTGGTAAACGTTGACTTCTT,54,5021667
yjbJ_predicted,29.333333333333332,89,2,GTAACCCACACGCAGATGGG,87,4997050
yjbJ_predicted,0.6666666666666666,3,2,GGGTTTAAGCCGGGTGAATA,1,4994833
yjbJ_predicted,12.333333333333334,38,2,GGGCATGCAGAAGCTAGCTT,36,5018301
yjbJ_predicted,0.6666666666666666,3,2,GGCAAATTTTTGAGGCACTA,1,5021591
yjbJ_predicted,7.0,22,2,GCTGGAAATCACGTGAAACA,20,5015334
yjbJ_predicted,0.6666666666666666,3,2,GCCCGCGCAAGCCATACACT,1,5009597
yjbJ_predicted,15.0,46,2,GCCACCATTGCGTCATCCTG,44,5030800
yjbJ_predicted,0.6666666666666666,3,2,GCATAAGCGAACATCCAGGA,1,5006283
yjbJ_predicted,0.6666666666666666,3,2,GATACTCTATGTGAAGGTGT,1,5003800
yjbJ_predicted,14.666666666666666,45,2,GACCAATGCTGCTAAGACAC,43,5006059
yjbJ_predicted,27.666666666666668,84,2,GACACTTTCCTCGACCGGAT,82,5031061
yjbJ_predicted,0.6666666666666666,3,2,GAATGTAGGCTTAATATACT,1,4999900
yjbJ_predicted,17.333333333333332,53,2,GAATGCCAAACACCACCTAT,51,4998958
yjbJ_predicted,12.0,37,2,GAACGACTTCCGCCCACGCG,35,4998851
yjbJ_predicted,0.6666666666666666,3,2,GAACCCAAATAAACCCACGG,1,5026972
yjbJ_predicted,1.0,4,2,CTTTAGTGCGCAGGGAGCAA,2,5023540
yjbJ_predicted,19.0,58,2,CTGCATCAGTATTGTGTGAT,56,5004810
yjbJ_predicted,0.6666666666666666,3,2,CTGACGGAACATTTGAATCC,1,5016991
yjbJ_predicted,23.666666666666668,72,2,CTCTTGTGACATATCAACGC,70,5027982
yjbJ_predicted,14.0,43,2,CTCCATAGTTCAGACAGTAA,41,5029458
yjbJ_predicted,12.0,37,2,CTCCACCCCTCATCTGCTTT,35,5025185
yjbJ_predicted,7.666666666666667,24,2,CTATGATCACCGGGTACCTC,22,5028511
yjbJ_predicted,0.6666666666666666,3,2,CGTCCGGCTCCTGGCATTTT,1,5013008
yjbJ_predicted,0.6666666666666666,3,2,CGGTACAGGGGGTACTGGTA,1,4997367
yjbJ_predicted,34.0,103,2,CGGGCATGCGCAACGGTTAC,101,5026754
yjbJ_predicted,9.333333333333334,29,2,CGGGAGGTGTCCTGCACGAT,27,5017645
yjbJ_predicted,0.6666666666666666,3,2,CGGGACCTGCATGGGGAGAC,1,5015937
yjbJ_predicted,8.333333333333334,26,2,CGGCAGATATGACACATTTG,24,5003068
yjbJ_predicted,0.6666666666666666,3,2,CGATTACGAGGTCGAGTCGT,1,5026431
yjbJ_predicted,0.6666666666666666,3,2,CGATGGTCTCTGCTCGAACA,1,4999506
yjbJ_predicted,0.6666666666666666,3,2,CGACACGATACATCTCTCTC,1,4998977
yjbJ_predicted,17.333333333333332,53,2,CGAAGGAACCAACGATTTCC,51,5023345
yjbJ_predicted,22.333333333333332,68,2,CCTTCGGAAGTAACCTTGCC,66,5006520
yjbJ_predicted,1.0,4,2,CCTCATATACGTGAGACTTA,2,5030927
yjbJ_predicted,15.333333333333334,47,2,CCTATCATACCCTTCTTACT,45,5009678
yjbJ_predicted,15.0,46,2,CCCTCATGGTAAGTTTCAGC,44,4997526
yjbJ_predicted,0.6666666666666666,3,2,CCCAAGCACGCACAGTGATC,1,5016594
yjbJ_predicted,0.6666666666666666,3,2,CCACGTGTCGCGACACGGTC,1,5021355
yjbJ_predicted,27.333333333333332,83,2,CATGCTAACAACACAAAGAT,81,5013335
yjbJ_predicted,8.333333333333334,26,2,CACGTTCAACGTGTCCCAAA,24,5007401
yjbJ_predicted,0.6666666666666666,3,2,ATTGGTCGAGGAGACCGCTC,1,5016068
yjbJ_predicted,18.0,55,2,ATGCTAGAATGGGGTAACAT,53,5002979
yjbJ_predicted,0.6666666666666666,3,2,ATGAAGCATGACTCATACTG,1,5000638
yjbJ_predicted,0.6666666666666666,3,2,ATCGACACTCGTGCGCGACA,1,5005412
yjbJ_predicted,27.0,82,2,ATCCACAATGCGCCCTTGTT,80,5008437
yjbJ_predicted,8.666666666666666,27,2,ATCACGGACTGAATCGTGAC,25,5020760
yjbJ_predicted,0.6666666666666666,3,2,ATATCATCGGACAGCACGCT,1,5010964
yjbJ_predicted,25.666666666666668,78,2,ATAGGCGGGGGGGCATGATT,76,5023741
yjbJ_predicted,0.6666666666666666,3,2,AGTCTCCTTTAGAGGGCTAT,1,5018208
yjbJ_predicted,17.333333333333332,53,2,AGTATTATTAGCCGCATCGG,51,5007875
yjbJ_predicted,0.6666666666666666,3,2,AGGTGCGGAAACAGGCCGCC,1,4998409
yjbJ_predicted,29.0,88,2,AGGGTTCAAATCCGCAGTAA,86,5028261
yjbJ_predicted,0.6666666666666666,3,2,AGCTAATTAGAGTGGTCATC,1,5003496
yjbJ_predicted,21.666666666666668,66,2,AGCCAAATTGCATATATCGA,64,5006395
yjbJ_predicted,22.0,67,2,ACTCCAACACTGTCGAAGAT,65,5013897
yjbJ_predicted,40.666666666666664,123,2,ACGTGTTGTACGAGTGCCTA,121,5006432
yjbJ_predicted,9.333333333333334,29,2,ACGTGCTTGGCTCAAACAAC,27,4995902
yjbJ_predicted,3.0,10,2,ACCATGTCCAGGGCTCAACT,8,5024190
yjbJ_predicted,0.6666666666666666,3,2,ACATTGGCGGCCGCCATCGC,1,4996825
yjbJ_predicted,3.0,10,2,ACAACGGGTAGAAGCCTGTC,8,5001154
yjbJ_predicted,1.3333333333333333,5,2,AATTTCACAAGCCTGGCTTA,3,5001662
yjbJ_predicted,19.0,58,2,AATTGTCAAAAGCAGTAGTT,56,5001974
yjbJ_predicted,14.666666666666666,45,2,AATGAGGATATGGGGCGGTA,43,5007589
yjbJ_predicted,1.6666666666666667,6,2,AATCGCATAAGCTGGGTACT,4,5005582
yjbJ_predicted,0.6666666666666666,3,2,AACCACCTTTTTGCGTACAC,1,4999162
yjbJ_predicted,1.0,2,1,TTTTTCCCTACGCAGTCTTC,1,5004891
yjbJ_predicted,32.0,64,1,TTTTCTGTGGTCTGATTCCT,63,5000552
yjbJ_predicted,1.5,3,1,TTTCGAACGTCACGGTACTA,2,5016263
yjbJ_predicted,29.5,59,1,TTTCATTGTAACCGGCCCCG,58,5020104
yjbJ_predicted,30.5,61,1,TTGAACGACGAAATTAAAAT,60,4999883
yjbJ_predicted,35.0,70,1,TTCTATTGCCTGTCGCGACT,69,5019934
yjbJ_predicted,30.0,60,1,TTATAGAGAACCGGGGCGCG,59,5017597
yjbJ_predicted,32.5,65,1,TTAGAACTCTATCCAGGTGT,64,5010082
yjbJ_predicted,35.0,70,1,TGTATACGCGATTTATAGCA,69,5011352
yjbJ_predicted,59.0,118,1,TGGTGTCACCGACATGGGTC,117,5023068
yjbJ_predicted,1.0,2,1,TGCTGAAATCGTCCCAATCT,1,4997560
yjbJ_predicted,1.0,2,1,TGCGGAGTGCCATCAGCGGC,1,5003831
yjbJ_predicted,17.5,35,1,TGATACGATAATAGGCCAGG,34,5003166
yjbJ_predicted,1.0,2,1,TGACCCCGGATACAGGCTCA,1,5013310
yjbJ_predicted,24.0,48,1,TCGGAGTTCGCCTGATCAGA,47,5016468
yjbJ_predicted,28.5,57,1,TCGCATGTACTAAGTATTGT,56,5017865
yjbJ_predicted,30.5,61,1,TCCTGGTGACTCCAGTGGAG,60,5023150
yjbJ_predicted,1.0,2,1,TCCTATAGGTGATGCTATTT,1,5021434
yjbJ_predicted,9.0,18,1,TCCTACATTTCGTCACCCTC,17,5009886
yjbJ_predicted,34.0,68,1,TCCGTGCAGTGTTTGATATT,67,5028102
yjbJ_predicted,29.0,58,1,TCCCACAGCGTGATTATTTG,57,5001401
yjbJ_predicted,34.5,69,1,TATTGCTGGCTTACTCTTAC,68,5023680
yjbJ_predicted,15.0,30,1,TATCTCAGTTCGTCCGATAA,29,5030896
yjbJ_predicted,1.5,3,1,TATCGAAACAAGACCTAAGG,2,5026859
yjbJ_predicted,31.0,62,1,GTTGTTGTTTCCATTAACGG,61,4994824
yjbJ_predicted,10.5,21,1,GTGTTGCCCAGCATAGGCGA,20,5013157
yjbJ_predicted,1.0,2,1,GTGCTGTGTCTTTTAAGGGT,1,5013420
yjbJ_predicted,1.0,2,1,GTCGGGATAGTGCAGGAAGA,1,5006850
yjbJ_predicted,27.0,54,1,GGTGATAGCTACTGGGCTAT,53,4998532
yjbJ_predicted,21.5,43,1,GGTATAGAACGGTAGGGGAC,42,5000698
yjbJ_predicted,14.5,29,1,GGGTGTGCACGTCGAGAAAT,28,5020765
yjbJ_predicted,25.0,50,1,GGGAACAGATGGGATAACCA,49,5021378
yjbJ_predicted,10.5,21,1,GGCTGAAACATAAGATGTCC,20,5025695
yjbJ_predicted,1.0,2,1,GGCGTGAGGTTATCGCGCGC,1,5021342
yjbJ_predicted,62.0,124,1,GGAGTCCTACAGCGCTCGGC,123,5016492
yjbJ_predicted,30.0,60,1,GGACCACCGCACAAGATCGC,59,4994973
yjbJ_predicted,1.0,2,1,GGAATCGCACGCCCGCTCTT,1,5002262
yjbJ_predicted,1.0,2,1,GCTGAAAATGGGGTCCGTAG,1,5026456
yjbJ_predicted,1.5,3,1,GCTCGGCCCATTCGCTAGAC,2,5010212
yjbJ_predicted,32.0,64,1,GCGTGGGCAATGCCGAGCAC,63,4996802
yjbJ_predicted,1.0,2,1,GCGCGACGTCAGAACGCAAA,1,5026256
yjbJ_predicted,26.5,53,1,GCCTTTAAGAAAAAAGTCAT,52,5026707
yjbJ_predicted,35.5,71,1,GCCGTTATTAATACTCTATA,70,5014470
yjbJ_predicted,25.0,50,1,GCCCTAGTCCCTTCAGAATA,49,5004507
yjbJ_predicted,17.5,35,1,GCCACCGGAAACTGGGCCAG,34,5015281
yjbJ_predicted,1.0,2,1,GCATATCGCCTAAAATGCTT,1,5001346
yjbJ_predicted,20.0,40,1,GAGCCCATTAGGCCCTATAG,39,5005646
yjbJ_predicted,34.0,68,1,GACATCATTCAATCGGGATA,67,5021770
yjbJ_predicted,22.5,45,1,GAACGTATAAGTCGCCTCAT,44,5000280
yjbJ_predicted,20.0,40,1,GAAAGAGCTTCCCGGGCACA,39,5013904
yjbJ_predicted,1.0,2,1,CTTCGGGTACTCACGTCTTT,1,5023637
yjbJ_predicted,12.0,24,1,CTGCGGTTAAGAAAGCCCAA,23,4998053
yjbJ_predicted,15.5,31,1,CTCTTAGGCTCTCTCGAGTA,30,5030201
yjbJ_predicted,1.0,2,1,CTCGGGATTAGCGTAATTTA,1,5030112
yjbJ_predicted,1.0,2,1,CTCCTTCCGAGTTAGGTTCT,1,5026386
yjbJ_predicted,25.5,51,1,CTCCGATGACTACTTGTAGT,50,5029275
yjbJ_predicted,1.0,2,1,CTACGGCAATAGGGTGGACA,1,5015432
yjbJ_predicted,29.0,58,1,CGATTTCTGACATTTTTGTA,57,5015134
yjbJ_predicted,8.0,16,1,CGATACTCTGTCAACAGTGA,15,5021772
yjbJ_predicted,26.5,53,1,CGATAAAGCGGGTGACAGAA,52,5001155
yjbJ_predicted,15.5,31,1,CGAGAGTTACCGTGGAAGGC,30,4999884
yjbJ_predicted,28.0,56,1,CCTCTTTCAGATTTATAGTG,55,5018569
yjbJ_predicted,35.0,70,1,CCTATTGACGCAACGGCGCC,69,5000125
yjbJ_predicted,1.0,2,1,CCCGGAAGAGCCTCGCCGTG,1,5002833
yjbJ_predicted,1.0,2,1,CCCGCGGGCCGTGGCACGGT,1,5005123
yjbJ_predicted,24.0,48,1,CCCCTTCACGACGTTTTTCC,47,5008536
yjbJ_predicted,1.5,3,1,CCCCCCCCCACATAATTGCC,2,5016547
yjbJ_predicted,1.5,3,1,CCCCAACGGCTCAGTTACAT,2,5031084
yjbJ_predicted,1.0,2,1,CCAAGTTACGATGTTTTGAG,1,5018279
yjbJ_predicted,1.0,2,1,CATATCAACGTGGGAGGGTC,1,5018680
yjbJ_predicted,1.0,2,1,CAGTGAGTCGGAATACTGTC,1,5005327
yjbJ_predicted,33.0,66,1,CAGTCTGGTCAAGGAGTCTC,65,5002008
yjbJ_predicted,37.0,74,1,CAGCGGGCCTTTACTATTAC,73,5011770
yjbJ_predicted,1.0,2,1,CAGCCACCTGTCCTTTGTCT,1,5007398
yjbJ_predicted,1.0,2,1,CACAGGATGTTGGTCAGTAA,1,5022053
yjbJ_predicted,29.5,59,1,CAAATGACGCGGCAGGGTAT,58,5008860
yjbJ_predicted,1.0,2,1,ATGTCTATTGAAAAACACTG,1,5020271
yjbJ_predicted,1.0,2,1,ATGGGATGTGCATATAGATA,1,4998371
yjbJ_predicted,1.0,2,1,ATCCGTTCTAGAATAACCTT,1,4996348
yjbJ_predicted,34.5,69,1,ATATGCCTCTTAATTGGCAA,68,5018696
yjbJ_predicted,34.5,69,1,ATACTTTATGCCGCTTGATG,68,5010100
yjbJ_predicted,1.0,2,1,ATAAGCTGCAATGCAGGGAT,1,5028322
yjbJ_predicted,1.0,2,1,ATAAGCGTCGTTTAGGTTGC,1,5006885
yjbJ_predicted,29.5,59,1,AGTTAACTGCGGTAATATTT,58,4998431
yjbJ_predicted,4.0,8,1,AGGCAGCAAGTGGGGCGATA,7,5010188
yjbJ_predicted,12.5,25,1,AGCCCACCCTCCGGATTAGT,24,5008024
yjbJ_predicted,22.5,45,1,AGCATAGTTCGAATGGTCCC,44,5026109
yjbJ_predicted,38.5,77,1,AGAGAGTTAACGGGTTCGAT,76,5009336
yjbJ_predicted,20.5,41,1,ACTGCATTTGTTATTCTTTT,40,5011869
yjbJ_predicted,1.0,2,1,ACGATACCGAGCGCTACAAG,1,5006904
yjbJ_predicted,1.0,2,1,ACGAGGACACCACAGTAGCT,1,5031160
yjbJ_predicted,1.0,2,1,ACACAAATCATCCGGGCTTT,1,5015945
yjbJ_predicted,1.5,3,1,ACAAGTGGCGACATTCGTCA,2,5028119
yjbJ_predicted,13.5,27,1,AACCTCTACCCCTAATCCAA,26,5028644
yjbJ_predicted,11.0,22,1,AACCGGGAATTAACGAAAGG,21,5017451
yjbJ_predicted,0.00819672131147541,121,121,GGCCAGCAGACAGCACACGC,0,5004440
yjbJ_predicted,0.009433962264150943,105,105,GCAAGGAAGCACTGGTTCCC,0,4996153
yjbJ_predicted,0.011904761904761904,83,83,GCAAGCTCTCAATCCCTTTA,0,5020863
yjbJ_predicted,0.012195121951219513,81,81,ATGGCTGGAGTGTCTGACAT,0,4995155
yjbJ_predicted,0.012195121951219513,81,81,ATGGCGGCCAGCTGCAGATG,0,5022725
yjbJ_predicted,0.012195121951219513,81,81,AGCGTTATCAAAGCAGAATG,0,5019126
yjbJ_predicted,0.013157894736842105,75,75,CTACTTATGAAGTGAGTTTG,0,4995068
yjbJ_predicted,0.013513513513513514,73,73,TTCACCATAGCTAGGCTAGC,0,5010026
yjbJ_predicted,0.014492753623188406,68,68,CGGAACTAAGGTCCGGAAAA,0,4995169
yjbJ_predicted,0.014925373134328358,66,66,GCGCGCACACATCCACTATG,0,4995101
yjbJ_predicted,0.015384615384615385,64,64,GGGGATGTCGTTGAGCGGTC,0,5000031
yjbJ_predicted,0.015384615384615385,64,64,GGCGGCATCGAAGTCACTTC,0,4994929
yjbJ_predicted,0.015384615384615385,64,64,ACCGTGTTTCCACCTTATCA,0,5023165
yjbJ_predicted,0.015625,63,63,TAAGAACATATGCCTCGTAT,0,5016847
yjbJ_predicted,0.015873015873015872,62,62,TAACCACGAATCTGTTCTTG,0,5003029
yjbJ_predicted,0.016129032258064516,61,61,TCCTTGGAGCCCACCCGCTT,0,5010892
yjbJ_predicted,0.016129032258064516,61,61,CGGACTTAACGGGTCCATAA,0,5010948
yjbJ_predicted,0.016666666666666666,59,59,TGCAATAGTCGGTGTATACA,0,4995662
yjbJ_predicted,0.01694915254237288,58,58,GCGTCCTAGGTCAAATCGCT,0,5017354
yjbJ_predicted,0.01694915254237288,58,58,ATTCAGAATTAGAATAGATA,0,5028929
yjbJ_predicted,0.017241379310344827,57,57,TATAATTTTCTCTCCGCAGG,0,5024253
yjbJ_predicted,0.017543859649122806,56,56,CTTCGAGGGTACTAGGAAAT,0,5001975
yjbJ_predicted,0.017543859649122806,56,56,ACACCCGGGACTGGCTTTAC,0,4995193
yjbJ_predicted,0.017857142857142856,55,55,GGACCTGGTGGGCATTTAAT,0,5001689
yjbJ_predicted,0.017857142857142856,55,55,CTAGATTATACTTGGCAACA,0,5003630
yjbJ_predicted,0.017857142857142856,55,55,CCTACGAGTCGCGGCACGGT,0,4996650
yjbJ_predicted,0.01818181818181818,54,54,TTAACGACAAGCGTCATCGA,0,4998817
yjbJ_predicted,0.01818181818181818,54,54,GCGGAAACGGACCCCGGATC,0,5009664
yjbJ_predicted,0.018518518518518517,53,53,CGGAAGGCGCGTTGTTCGAA,0,4998271
yjbJ_predicted,0.018518518518518517,53,53,AGGTTTTCTTTAACCCAGTT,0,5019429
yjbJ_predicted,0.018518518518518517,53,53,ACAAATCAGGTCAAGGATCA,0,5004563
yjbJ_predicted,0.018518518518518517,53,53,AATTCCCCAGATTGGGGCTG,0,5008495
yjbJ_predicted,0.018867924528301886,52,52,CTGGTATTCGGAGATAAGGA,0,5018459
yjbJ_predicted,0.018867924528301886,52,52,AACGGGCGGTAGCGAAGGTA,0,5023809
yjbJ_predicted,0.019230769230769232,51,51,GGTACGAGGTACGGTCGGCA,0,5002831
yjbJ_predicted,0.019230769230769232,51,51,ATTGTTAATCTTTTGCGTTT,0,5005977
yjbJ_predicted,0.019230769230769232,51,51,ACTAGAGAGTGGTCCGCTAA,0,5010040
yjbJ_predicted,0.019230769230769232,51,51,ACATACGCTCACAGACTTGT,0,4995575
yjbJ_predicted,0.0196078431372549,50,50,TGGGAATTCCGGCGGAGCTT,0,4998808
yjbJ_predicted,0.0196078431372549,50,50,TAGGCAAAGTCTCTGTTAGT,0,4995330
yjbJ_predicted,0.0196078431372549,50,50,GGGTGCACTATGCATTCATT,0,5007425
yjbJ_predicted,0.0196078431372549,50,50,CGGTGTACTTGTAGGATAGA,0,5011275
yjbJ_predicted,0.0196078431372549,50,50,AGCGATGAACCGTGGCGGGA,0,5003234
yjbJ_predicted,0.0196078431372549,50,50,AACTTTAATAAAAGCCCAAA,0,5005122
yjbJ_predicted,0.02,49,49,TCCTGTACTGGGTTTGTCAC,0,4996216
yjbJ_predicted,0.02,49,49,GGCTCTTGACTAATCTACTC,0,5003260
yjbJ_predicted,0.02,49,49,GACAGCCATAGCTGAACACA,0,5007035
yjbJ_predicted,0.02040816326530612,48,48,TTTGGTCCCGTATCGAAGGA,0,5000255
yjbJ_predicted,0.02040816326530612,48,48,TTAAACTCTAGACAATAGCA,0,5015201
yjbJ_predicted,0.02040816326530612,48,48,TCCGTAAATAATTCAATTCA,0,4994904
yjbJ_predicted,0.02040816326530612,48,48,GGCGCGCAGTCTGGAACTAC,0,4996455
yjbJ_predicted,0.02040816326530612,48,48,GAGCAGGGCAGACCGAACTG,0,5008323
yjbJ_predicted,0.02040816326530612,48,48,CGTGCAGTTGGCCCCCCGTA,0,5016479
yjbJ_predicted,0.02040816326530612,48,48,ACGAAGGGGTTAACAGGTAT,0,5026416
yjbJ_predicted,0.020833333333333332,47,47,GGAGGGTATCCCTCACCAGG,0,5020377
yjbJ_predicted,0.02127659574468085,46,46,TGTTCGATGCTGCAGCCATA,0,5007673
yjbJ_predicted,0.02127659574468085,46,46,TCCGACATGGCGGTATCTCG,0,5009935
yjbJ_predicted,0.02127659574468085,46,46,TATAAGATTAACTCTGATAG,0,5007448
yjbJ_predicted,0.02127659574468085,46,46,GCCCGATCGGGGGACCCATC,0,4998202
yjbJ_predicted,0.02127659574468085,46,46,CAGCGATACGTCACCTTATA,0,5028233
yjbJ_predicted,0.02127659574468085,46,46,CACCGACTCTCGCATACCGA,0,5011023
yjbJ_predicted,0.02127659574468085,46,46,ATGTCGCACCGCAGGAGGAC,0,5022796
yjbJ_predicted,0.021739130434782608,45,45,TCAGGTACAATTCACGTCAC,0,5029460
yjbJ_predicted,0.021739130434782608,45,45,GTCGTAGGGCCGTTTGATGC,0,4996508
yjbJ_predicted,0.021739130434782608,45,45,GGATCATCCGCATCTCTCTA,0,5000987
yjbJ_predicted,0.021739130434782608,45,45,CCTAAAAACCAGGTAAGTGT,0,5009747
yjbJ_predicted,0.021739130434782608,45,45,AGAACCTCCTTTAAAGGGTT,0,5020173
yjbJ_predicted,0.021739130434782608,45,45,AATAGGGTTAGCTCAGGTTC,0,5027893
yjbJ_predicted,0.022222222222222223,44,44,TGCAGCGAGTCACGATGTCA,0,5000371
yjbJ_predicted,0.022222222222222223,44,44,GTAAGTAAAGCTTGCTACTC,0,4995670
yjbJ_predicted,0.022222222222222223,44,44,CTGAGAGCTTAGTAAGTGTA,0,4997777
yjbJ_predicted,0.022222222222222223,44,44,CGGCATAGGGTCACGGAATT,0,5002872
yjbJ_predicted,0.022727272727272728,43,43,TCCCTACGCGCCGCAGAGCT,0,4996652
yjbJ_predicted,0.022727272727272728,43,43,GTGGACGAGACTTCCGAAAT,0,4994817
yjbJ_predicted,0.022727272727272728,43,43,GCCTGGGATCCTCAGTAGGT,0,5014075
yjbJ_predicted,0.022727272727272728,43,43,CTTTATTGTCCGCGAGACCT,0,4999276
yjbJ_predicted,0.022727272727272728,43,43,CGCATTGCAAGGCCTCGTTG,0,5004604
yjbJ_predicted,0.022727272727272728,43,43,CAGTCCATAGTGGAAGTCAT,0,5005583
yjbJ_predicted,0.022727272727272728,43,43,AGCTCGTCCCGAAACTGTAT,0,5002507
yjbJ_predicted,0.023255813953488372,42,42,TTCCATATAGCAACTGGTGA,0,5004191
yjbJ_predicted,0.023255813953488372,42,42,TCATGACTGCGGTAGTGACA,0,5000316
yjbJ_predicted,0.023255813953488372,42,42,GTAGGCTCTGTTGAAGATAT,0,5010691
yjbJ_predicted,0.023255813953488372,42,42,CAGCTGTTTGTGTGAGCGCT,0,5016986
yjbJ_predicted,0.023255813953488372,42,42,CACGGTAGACCTGAACAGCA,0,5004360
yjbJ_predicted,0.023255813953488372,42,42,AGTGGTCCCGGCCGCGTGGT,0,5026922
yjbJ_predicted,0.023255813953488372,42,42,ACGTTTTGTTTCGAGAGACA,0,5024707
yjbJ_predicted,0.023255813953488372,42,42,AACTCCTGGGTAGTATGTCT,0,5012366
yjbJ_predicted,0.023809523809523808,41,41,TTCATCCTATGAGTCGCGTA,0,5014108
yjbJ_predicted,0.023809523809523808,41,41,TCGATCTGATTCGGCCCGAT,0,4996486
yjbJ_predicted,0.023809523809523808,41,41,GGGGTACGGGTCCGTCTATG,0,5023816
yjbJ_predicted,0.023809523809523808,41,41,GCTGGGGCCAGATATCTTAG,0,4995794
yjbJ_predicted,0.023809523809523808,41,41,GCATGGTAATCGCGGCCCAA,0,5024013
yjbJ_predicted,0.023809523809523808,41,41,CTCAAAGCGGTACTGTCAAG,0,5004868
yjbJ_predicted,0.023809523809523808,41,41,CGACCTATCTCCAACACTTT,0,5020941
yjbJ_predicted,0.024390243902439025,40,40,TTTCGGGCGGCGTTCAGCCT,0,4998107
yjbJ_predicted,0.024390243902439025,40,40,TCAGTTAGGTTAAATCGAGG,0,5016126
yjbJ_predicted,0.024390243902439025,40,40,TAGGTCGGACAGGCAGTCGT,0,5025977
yjbJ_predicted,0.024390243902439025,40,40,GGTTCAGCGTCGAGCTAGTT,0,5025590
yjbJ_predicted,0.024390243902439025,40,40,GGGATAAGAGTGGGCCGCAA,0,5007808
yjbJ_predicted,0.024390243902439025,40,40,GGCCGAATCGGTCCTCTTAT,0,5014807
yjbJ_predicted,0.024390243902439025,40,40,GAGATGCGTAGAGGGCCTAT,0,5001918
yjbJ_predicted,0.024390243902439025,40,40,CTGGGTTAGCTACCGACGCA,0,4997945
yjbJ_predicted,0.025,39,39,TGTCCGGCGAGGCTATCCAT,0,5019847
yjbJ_predicted,0.025,39,39,GGGGTTCAGGGATGCCGGTA,0,5005346
yjbJ_predicted,0.025,39,39,GCTTGCTAAGTATGAAACCA,0,5022323
yjbJ_predicted,0.025,39,39,GCCGCGGAGCGGGCTCGCGG,0,4995194
yjbJ_predicted,0.025,39,39,CGGCGGAAATCTCGTCTATA,0,5004537
yjbJ_predicted,0.025,39,39,CGACGCAATAGCTGCAGAAG,0,5027633
yjbJ_predicted,0.025,39,39,CGACATGAGGGCTCGGTAGG,0,5003451
yjbJ_predicted,0.025,39,39,ATGGTAAGCAAATCTTCCCG,0,5000431
yjbJ_predicted,0.02564102564102564,38,38,TTGGCCTTAATAGCCAAGTC,0,5025777
yjbJ_predicted,0.02564102564102564,38,38,TCGTGTAGCAGCTGCGAAAT,0,5016415
yjbJ_predicted,0.02564102564102564,38,38,TCCGAAACCTCACCCAGGAC,0,5016876
yjbJ_predicted,0.02564102564102564,38,38,TACCTAACCGTTCTTCTTGC,0,5003245
yjbJ_predicted,0.02564102564102564,38,38,GGCTGGCCTGGTCCCGATTA,0,5012852
yjbJ_predicted,0.02564102564102564,38,38,CTGGATTCTGTAAAGAGAAC,0,5026660
yjbJ_predicted,0.02564102564102564,38,38,CGAGGGGTATTAAGAGGCAG,0,5026027
yjbJ_predicted,0.02564102564102564,38,38,CCTTTATCTTCCGTAGTCTT,0,4999724
yjbJ_predicted,0.02564102564102564,38,38,CCTGTACAATAGAACCGAAT,0,5008339
yjbJ_predicted,0.02564102564102564,38,38,ATGAATTCCGCCTGCCTCAA,0,5000004
yjbJ_predicted,0.02564102564102564,38,38,AGGTATCCAGGCTCGAGAAT,0,5001800
yjbJ_predicted,0.02564102564102564,38,38,AAGTGGTTAAATACTTTAAC,0,5002353
yjbJ_predicted,0.02631578947368421,37,37,TGTTCTCGTGTCATCGGTAT,0,4999109
yjbJ_predicted,0.02631578947368421,37,37,TGTGCCATCGTCATAGTACA,0,5015697
yjbJ_predicted,0.02631578947368421,37,37,TGGCTCTTGTTGGCCGTCCA,0,5029257
yjbJ_predicted,0.02631578947368421,37,37,TAGCCTATTGAAGATATTCG,0,5002280
yjbJ_predicted,0.02631578947368421,37,37,GGTTCAGCACAGGTCGGCAT,0,5005014
yjbJ_predicted,0.02631578947368421,37,37,GGTGTGTTCATATAGCTAGG,0,5016901
yjbJ_predicted,0.02631578947368421,37,37,GATTGTAAGGTACAAGTTTT,0,4999195
yjbJ_predicted,0.02631578947368421,37,37,GAAGGGCCAGGCCGGGGCGT,0,5007153
yjbJ_predicted,0.02631578947368421,37,37,CTTTGTTAATTGGGATGTCT,0,5000140
yjbJ_predicted,0.02631578947368421,37,37,ATCGTTACCTAGGTCAGGTA,0,5030751
yjbJ_predicted,0.02631578947368421,37,37,AGAGTATGAGATCGATTCAA,0,5002313
yjbJ_predicted,0.02631578947368421,37,37,AACAACTGATCATAGCCCTT,0,5021608
yjbJ_predicted,0.02702702702702703,36,36,TTGAGACGAGGGGTCGCCGA,0,5012783
yjbJ_predicted,0.02702702702702703,36,36,TGGATCACCAGGATAGACAG,0,4995745
yjbJ_predicted,0.02702702702702703,36,36,GTTTCCAGGGACCTATGAGG,0,5017067
yjbJ_predicted,0.02702702702702703,36,36,GAGGCAAATGTTTTTCATAG,0,5028825
yjbJ_predicted,0.02702702702702703,36,36,GAATACTCGGTGGCGATGTT,0,5012378
yjbJ_predicted,0.02702702702702703,36,36,CTTAGCTAGGGGATTAGTAA,0,5005162
yjbJ_predicted,0.02702702702702703,36,36,CTCAACGACTGCAGGAAATT,0,5002603
yjbJ_predicted,0.02702702702702703,36,36,CTACGAGGGGGGATCTACCT,0,5022405
yjbJ_predicted,0.02702702702702703,36,36,CGGTGGGACGCTGGTATATG,0,5005574
yjbJ_predicted,0.02702702702702703,36,36,CGGCCTACGTCTTACTAGAG,0,5027039
yjbJ_predicted,0.02702702702702703,36,36,CGCTTCCGGTAAGGGATGTG,0,4996195
yjbJ_predicted,0.02702702702702703,36,36,CCGTAACCAATGAGTCCCTG,0,4999350
yjbJ_predicted,0.02702702702702703,36,36,CCCTCTTCAGCACGGAATTC,0,5010479
yjbJ_predicted,0.02702702702702703,36,36,ACAAGCGTGGGTTTCTCATG,0,5001796
yjbJ_predicted,0.027777777777777776,35,35,TGTAGAGCTAAAGGGGGCTC,0,5024826
yjbJ_predicted,0.027777777777777776,35,35,CTGTAGACCGCAGGAAATGT,0,5021605
yjbJ_predicted,0.027777777777777776,35,35,CTCGAGGAATGACTTCGTAC,0,5015787
yjbJ_predicted,0.027777777777777776,35,35,CGGGGTAACCAGTGAATGTA,0,4997388
yjbJ_predicted,0.027777777777777776,35,35,CGCATCCCTCGCGACACCCC,0,4999721
yjbJ_predicted,0.027777777777777776,35,35,CCTTCGTCAATCTTTGAAAT,0,5002235
yjbJ_predicted,0.027777777777777776,35,35,CCAAGATTAGTGTGCTCGGT,0,5005251
yjbJ_predicted,0.027777777777777776,35,35,CAGGACCACTCAATTAGCGT,0,5027548
yjbJ_predicted,0.027777777777777776,35,35,CACAGGACTCTAAAGGAAGT,0,4997274
yjbJ_predicted,0.027777777777777776,35,35,AGGGAGTTCCCATCGGAGGC,0,5001454
yjbJ_predicted,0.027777777777777776,35,35,AGCATGGCTGGATGTTTTAG,0,5010182
yjbJ_predicted,0.027777777777777776,35,35,ACTGCGTGGCTCCGGCTTAA,0,5002727
yjbJ_predicted,0.027777777777777776,35,35,ACGATTATATTACCCTCGCT,0,4995948
yjbJ_predicted,0.027777777777777776,35,35,AATCGCCTATTGTTGTTCTA,0,5019209
yjbJ_predicted,0.02857142857142857,34,34,TCACCTACTCGATCTACACT,0,5002200
yjbJ_predicted,0.02857142857142857,34,34,TAAGGTGTGGTACAGCGAAC,0,4998126
yjbJ_predicted,0.02857142857142857,34,34,TAACGCATCTGACACCTTGG,0,5010534
yjbJ_predicted,0.02857142857142857,34,34,GTACTGCCTACGGAATTGCA,0,5017236
yjbJ_predicted,0.02857142857142857,34,34,GGCATACTCCACGATTGCGT,0,5003609
yjbJ_predicted,0.02857142857142857,34,34,GCGCTATGGTTGGGCAAACT,0,5030513
yjbJ_predicted,0.02857142857142857,34,34,GATCAGCGCATTGGTGTTCT,0,5000070
yjbJ_predicted,0.02857142857142857,34,34,GAGTGCAACGAGAGCGGGAC,0,5027552
yjbJ_predicted,0.02857142857142857,34,34,GAGCGAGTGCGAAGAGTAAG,0,5012761
yjbJ_predicted,0.02857142857142857,34,34,CGAGTCATGCGGCTTCACAA,0,4998522
yjbJ_predicted,0.02857142857142857,34,34,CATTACTGATTGGGGTGTGA,0,5018977
yjbJ_predicted,0.02857142857142857,34,34,CAAGTTGGTTATGTCGTAAC,0,5010685
yjbJ_predicted,0.02857142857142857,34,34,CAAGGCCGAGCCTTCGACGC,0,4998063
yjbJ_predicted,0.02857142857142857,34,34,ATCAGAATCGACACATAGGT,0,4998085
yjbJ_predicted,0.02857142857142857,34,34,AGGCTTAGGGTTGGGCCATT,0,5028182
yjbJ_predicted,0.02857142857142857,34,34,AGCGCCTGTGAGTCAGAAAC,0,5018202
yjbJ_predicted,0.02857142857142857,34,34,ACGCGACACGTTGTGCGTTA,0,5027941
yjbJ_predicted,0.02857142857142857,34,34,AAACGCGGGGCATCTTCTCC,0,5013438
yjbJ_predicted,0.029411764705882353,33,33,TTTGTTTGAGCTTGTATTGA,0,5008033
yjbJ_predicted,0.029411764705882353,33,33,TTAGACACCATTTATCCGCG,0,5013344
yjbJ_predicted,0.029411764705882353,33,33,TGTAAAGAACTGTCGTTACA,0,5001430
yjbJ_predicted,0.029411764705882353,33,33,TCTTCTGCAGACTTTTGTAT,0,5012906
yjbJ_predicted,0.029411764705882353,33,33,TATGTCTCCCTATCCGGTAA,0,5009202
yjbJ_predicted,0.029411764705882353,33,33,TATGATGTCGTTGCCTGTAT,0,5019749
yjbJ_predicted,0.029411764705882353,33,33,GGTAATAGATGTAGTGATTT,0,5004647
yjbJ_predicted,0.029411764705882353,33,33,GGCTATGTAAAGTGCCGCCA,0,5004321
yjbJ_predicted,0.029411764705882353,33,33,GGCATATGGTTCGAACAAGT,0,5013517
yjbJ_predicted,0.029411764705882353,33,33,GCTATACTGCATTTTGAAAT,0,5012729
yjbJ_predicted,0.029411764705882353,33,33,GATTGCTGTGAGGATAGATA,0,5017556
yjbJ_predicted,0.029411764705882353,33,33,GAATGGGACGAGCGACGGAT,0,5009708
yjbJ_predicted,0.029411764705882353,33,33,CTCGAGACAACGAACTTTTC,0,4997710
yjbJ_predicted,0.029411764705882353,33,33,CGTCGTCTTCTGCTTGGGTG,0,5017332
yjbJ_predicted,0.029411764705882353,33,33,CCGTGAGATCGTGGGGTACA,0,4999316
yjbJ_predicted,0.029411764705882353,33,33,CAGGAACAAGCTAGAGATGT,0,5023839
yjbJ_predicted,0.029411764705882353,33,33,CACCCTCTGTAACTTGGCTT,0,4999530
yjbJ_predicted,0.029411764705882353,33,33,ATGAGTAACCCACCCGGGCA,0,5002081
yjbJ_predicted,0.029411764705882353,33,33,ATATAACCGAAATAGCGTGT,0,5024965
yjbJ_predicted,0.029411764705882353,33,33,AGCGCTCCCTCGTCGCGTGC,0,5028548
yjbJ_predicted,0.029411764705882353,33,33,ACAAGTCGTTTGATCGGGAT,0,5004646
yjbJ_predicted,0.030303030303030304,32,32,TTTGTGTAGTGTGCAAGACA,0,5004007
yjbJ_predicted,0.030303030303030304,32,32,TTCGGATTACTGCACTCGCT,0,5004904
yjbJ_predicted,0.030303030303030304,32,32,TGTTCCACATCGGGCCAACA,0,4996112
yjbJ_predicted,0.030303030303030304,32,32,TGAGGGATGATAAATTGAGT,0,5019410
yjbJ_predicted,0.030303030303030304,32,32,TATGGCGCAATCGGATGGTT,0,5015147
yjbJ_predicted,0.030303030303030304,32,32,TAGAACAGTATCTGACCCGG,0,4994768
yjbJ_predicted,0.030303030303030304,32,32,TAACCAGAATAAGCGCTGGT,0,5000258
yjbJ_predicted,0.030303030303030304,32,32,GTCGGACGTACGTAGAGGAG,0,5019288
yjbJ_predicted,0.030303030303030304,32,32,GTCGATAATGATACTTGAGT,0,5015625
yjbJ_predicted,0.030303030303030304,32,32,GTAATTCGTGCCGTCAATGT,0,5020465
yjbJ_predicted,0.030303030303030304,32,32,GGGGGATAGTCCTTCAAATA,0,5007627
yjbJ_predicted,0.030303030303030304,32,32,GCAGCTCAATCCTGATTCGT,0,5023530
yjbJ_predicted,0.030303030303030304,32,32,GCAATAGCTTATGTCCTAGA,0,5023508
yjbJ_predicted,0.030303030303030304,32,32,GAGTATCACGGCTCTAACAG,0,5026591
yjbJ_predicted,0.030303030303030304,32,32,GACCCTTTAAGTAGTACAGG,0,5003830
yjbJ_predicted,0.030303030303030304,32,32,GAAACCGACCGGATAGAGCA,0,5025862
yjbJ_predicted,0.030303030303030304,32,32,CTACCCACGGAATTTCTGAA,0,5028889
yjbJ_predicted,0.030303030303030304,32,32,CGTATATGCAAAGCGGAGCA,0,5014010
yjbJ_predicted,0.030303030303030304,32,32,CGGGGAATTTGCAGCTCACA,0,5002807
yjbJ_predicted,0.030303030303030304,32,32,CGATTACACCACTGTGTTGG,0,5010346
yjbJ_predicted,0.030303030303030304,32,32,CGATGACGCATTAACCACGT,0,5030227
yjbJ_predicted,0.030303030303030304,32,32,CGATCGTCGATTGTTCACAC,0,5029314
yjbJ_predicted,0.030303030303030304,32,32,CCGGTCGGTTAGGGGCGCGT,0,4996702
yjbJ_predicted,0.030303030303030304,32,32,CAGGAAGACCGCAGGCTTGT,0,5023883
yjbJ_predicted,0.030303030303030304,32,32,ATGCGTAGGCCTCTTAAAAG,0,5014883
yjbJ_predicted,0.030303030303030304,32,32,AGTACTGACTGCGCGTGTAT,0,4999555
yjbJ_predicted,0.030303030303030304,32,32,ACGAAGTAGTACAGCATGGA,0,4996772
yjbJ_predicted,0.030303030303030304,32,32,AACTTAGAGGCTGGCAAACT,0,5001226
yjbJ_predicted,0.030303030303030304,32,32,AAAGGTCCCCTCGAAGATAC,0,5005371
yjbJ_predicted,0.03125,31,31,TTGGTTACCGCCGATGATTT,0,5006796
yjbJ_predicted,0.03125,31,31,TGTCTTCCCGGGCGGTAAGG,0,5024251
yjbJ_predicted,0.03125,31,31,GTGCCGAGGTCGAATCCACA,0,5016791
yjbJ_predicted,0.03125,31,31,GGCGACTGATAAACGACTAC,0,5000624
yjbJ_predicted,0.03125,31,31,GCGTACATAGGAGCTTGCTG,0,5000168
yjbJ_predicted,0.03125,31,31,GAGAACCGGAGTTAGATAGA,0,5011825
yjbJ_predicted,0.03125,31,31,CTTCACCAATGGTACCAATC,0,5009633
yjbJ_predicted,0.03125,31,31,CTCGCAAGCTCACCGGCACT,0,5009956
yjbJ_predicted,0.03125,31,31,CGTATTGTGCATGTGTCGCC,0,4996943
yjbJ_predicted,0.03125,31,31,CGCCGGTTCCTACTTAGCAT,0,5010322
yjbJ_predicted,0.03125,31,31,CCACCCGAGGCACTCGTCTA,0,5027502
yjbJ_predicted,0.03125,31,31,CAGCGCGCGCTCTGGACGTA,0,5015953
yjbJ_predicted,0.03125,31,31,CACGTGGGGGGGGTAATTTC,0,5009332
yjbJ_predicted,0.03125,31,31,CACAAGCGAGGGGCGGGACA,0,5024666
yjbJ_predicted,0.03125,31,31,ATTAGCCCACCACCTAATCG,0,4998235
yjbJ_predicted,0.03125,31,31,ATGGTGCTAGGTCGCAAAAG,0,5002458
yjbJ_predicted,0.03125,31,31,ATGGCGCCCAGTAGCATTTT,0,5004570
yjbJ_predicted,0.03125,31,31,AGGGTTTCCAGACAGCGCTA,0,5017401
yjbJ_predicted,0.03125,31,31,ACAGGGATCACGCCGATTGC,0,5016651
yjbJ_predicted,0.03125,31,31,AATCCCTGGACAGCCGGTGA,0,5002355
yjbJ_predicted,0.03125,31,31,AATCCACTGCGGGGTTGTGA,0,5010808
yjbJ_predicted,0.03125,31,31,AACTCGTCAGTCCGCCTGAA,0,5025177
yjbJ_predicted,0.03225806451612903,30,30,TTTTGGTTCATTCAGCATAT,0,4997114
yjbJ_predicted,0.03225806451612903,30,30,TGACAGTACGAAAAACTGAG,0,5021615
yjbJ_predicted,0.03225806451612903,30,30,TCTTCATCTCGCAGTTGCGA,0,5013941
yjbJ_predicted,0.03225806451612903,30,30,TCGAGCGGGTTTGTACCTTC,0,5004543
yjbJ_predicted,0.03225806451612903,30,30,TCAGGAATAGGCTGTGTGGT,0,5015723
yjbJ_predicted,0.03225806451612903,30,30,TATGCACCGCATGCCAGAAA,0,5001694
yjbJ_predicted,0.03225806451612903,30,30,GTGGAGGGGGTTATCGTCTG,0,5022996
yjbJ_predicted,0.03225806451612903,30,30,GGTTGAACTAGAACTGAGCA,0,5007379
yjbJ_predicted,0.03225806451612903,30,30,GGGACGAGTCTGGCTTGGTT,0,5020836
yjbJ_predicted,0.03225806451612903,30,30,GGCGGGTAGAAATGAGTCAG,0,4995205
yjbJ_predicted,0.03225806451612903,30,30,GCGCGTCGTGTACACACTCA,0,5011290
yjbJ_predicted,0.03225806451612903,30,30,GCAAATGTGGTTACTGTGGT,0,5006906
yjbJ_predicted,0.03225806451612903,30,30,GAGCCGCGGCTAGTGTGCAA,0,5005252
yjbJ_predicted,0.03225806451612903,30,30,GAGAACATTGGAGTAAGTTT,0,5010535
yjbJ_predicted,0.03225806451612903,30,30,GAATCCCGCATATGCTCCAT,0,5010910
yjbJ_predicted,0.03225806451612903,30,30,CTGTTGGAAAATCCCTCCAG,0,5027805
yjbJ_predicted,0.03225806451612903,30,30,CTCATACGATGCGTTGCACA,0,5003704
yjbJ_predicted,0.03225806451612903,30,30,CGGACAATCGCTGCATGCAG,0,4996944
yjbJ_predicted,0.03225806451612903,30,30,CGCTCCGTGTACACGGCATC,0,5010899
yjbJ_predicted,0.03225806451612903,30,30,CGATTTCACTACAGGATATT,0,5019470
yjbJ_predicted,0.03225806451612903,30,30,CCTATCTTTACAGATAGCTT,0,4996285
yjbJ_predicted,0.03225806451612903,30,30,CCGTGGGCACGTGCACCGGC,0,4998690
yjbJ_predicted,0.03225806451612903,30,30,CCCGCTACACCGTGCGTGGT,0,5012864
yjbJ_predicted,0.03225806451612903,30,30,CATGTTTGACCCCGTAACTT,0,5013539
yjbJ_predicted,0.03225806451612903,30,30,CAAGATACGGCAATACTTAG,0,4995511
yjbJ_predicted,0.03225806451612903,30,30,AGGCATCGTGGTGGATTAAG,0,5000071
yjbJ_predicted,0.03225806451612903,30,30,AGCTGGTTCGGTATGATGCT,0,5002676
yjbJ_predicted,0.03225806451612903,30,30,AGCCCCTCTCCATTCCGGTA,0,5009915
yjbJ_predicted,0.03225806451612903,30,30,ACGGCTTAGGCGCCGGACCG,0,5010809
yjbJ_predicted,0.03225806451612903,30,30,ACGCACTAGGGGTGTAGCAT,0,5026928
yjbJ_predicted,0.03225806451612903,30,30,ACCAGGACAGAGCGCTTTCA,0,5025865
yjbJ_predicted,0.03225806451612903,30,30,AAGGTAATTTTACAATTGTG,0,5017423
yjbJ_predicted,0.03225806451612903,30,30,AACCGTTAGGACCGAACATT,0,5027053
yjbJ_predicted,0.03225806451612903,30,30,AACCGGGTCTTCAGCAGGAG,0,5022514
yjbJ_predicted,0.03333333333333333,29,29,TTGTGGTCAGAGCAAATTTT,0,5023124
yjbJ_predicted,0.03333333333333333,29,29,TTATTTGACCTACGACGGTT,0,5019083
yjbJ_predicted,0.03333333333333333,29,29,TTAGGCCCGTGATTTGCCTG,0,5008761
yjbJ_predicted,0.03333333333333333,29,29,TGTGGATCAACAGCGTGTTT,0,5016127
yjbJ_predicted,0.03333333333333333,29,29,TGCCTTTACTACGCATGTGA,0,4996313
yjbJ_predicted,0.03333333333333333,29,29,TGCATTTGATGTGACGTGTG,0,5006577
yjbJ_predicted,0.03333333333333333,29,29,TGAACGCCATCGCGTAGGGT,0,5000950
yjbJ_predicted,0.03333333333333333,29,29,TCGTTGGGTTGTAGGGAAAG,0,4999513
yjbJ_predicted,0.03333333333333333,29,29,GTTCATTCGTATGAAACATT,0,5012001
yjbJ_predicted,0.03333333333333333,29,29,GTTAAGGTTGTTCGGGCGGG,0,5021451
yjbJ_predicted,0.03333333333333333,29,29,GTGTGACGTGGGGGCTGGTG,0,5001519
yjbJ_predicted,0.03333333333333333,29,29,GTGGATTGAGAAGCGAGATT,0,5008143
yjbJ_predicted,0.03333333333333333,29,29,GTGCGCTATCCTTAACGAGG,0,4996887
yjbJ_predicted,0.03333333333333333,29,29,GTATGTACCGCTTACCACGC,0,5010325
yjbJ_predicted,0.03333333333333333,29,29,GGTGGCATATAGCGAAAACG,0,5009268
yjbJ_predicted,0.03333333333333333,29,29,GGGAGCATCCTCAAATCGAC,0,4994965
yjbJ_predicted,0.03333333333333333,29,29,GGCTGTTTCGGTGGTAGTGA,0,5022066
yjbJ_predicted,0.03333333333333333,29,29,GGAATGGTTTGTACAGTTAT,0,5004869
yjbJ_predicted,0.03333333333333333,29,29,GCTAGCACATCCCACCACGA,0,5026048
yjbJ_predicted,0.03333333333333333,29,29,GCGTCTGGCGTTACCATGAT,0,5019170
yjbJ_predicted,0.03333333333333333,29,29,GCGAACCTTGGCTCACTGAG,0,4994766
yjbJ_predicted,0.03333333333333333,29,29,GCATTTGCATTAGGTGCCAT,0,5028975
yjbJ_predicted,0.03333333333333333,29,29,GCAATGCGCTACGATAGTAC,0,5014982
yjbJ_predicted,0.03333333333333333,29,29,GCAAAATAGAGAAGCAGGCC,0,5007141
yjbJ_predicted,0.03333333333333333,29,29,GATAACTGTTTGGTCTCAAA,0,4999733
yjbJ_predicted,0.03333333333333333,29,29,GAGCTCCGCTATACTTAGTG,0,5022842
yjbJ_predicted,0.03333333333333333,29,29,CTCATCCAACAACTGAATCA,0,5021604
yjbJ_predicted,0.03333333333333333,29,29,CGGGGACCTGGGTCCCGGTT,0,5023087
yjbJ_predicted,0.03333333333333333,29,29,CGGGCCGCACGGGATAGCGC,0,5014540
yjbJ_predicted,0.03333333333333333,29,29,CGGCCTACAGTTCAATAAAA,0,5013986
yjbJ_predicted,0.03333333333333333,29,29,CCAGTTTAGCTGGATATTAA,0,5008040
yjbJ_predicted,0.03333333333333333,29,29,CAAGTTATTGTACGAGCCCT,0,5007984
yjbJ_predicted,0.03333333333333333,29,29,ATTGGCCAGCTTTCGCCAGT,0,4995639
yjbJ_predicted,0.03333333333333333,29,29,ATGCAAGGTAAAACCGCATT,0,5007149
yjbJ_predicted,0.03333333333333333,29,29,ATCCTCGACAATATCTGGGG,0,5030184
yjbJ_predicted,0.03333333333333333,29,29,AGCGGAATGGCGCGGATGAT,0,5015081
yjbJ_predicted,0.03333333333333333,29,29,AGACGCTGTATAAGATTGAT,0,4994832
yjbJ_predicted,0.03333333333333333,29,29,ACTAGGTGTCAACTAACCTT,0,4994949
yjbJ_predicted,0.03333333333333333,29,29,ACGCCATCATTTCCCAGCGT,0,5018153
yjbJ_predicted,0.03333333333333333,29,29,ACGATTAAGACGAGAGGGCT,0,5011104
yjbJ_predicted,0.03333333333333333,29,29,AATTTACTCGGTACCACAGT,0,4999275
yjbJ_predicted,0.03333333333333333,29,29,AATGTCGCGTTCACTGAATC,0,5016166
yjbJ_predicted,0.034482758620689655,28,28,TTTATGATTGAATAAGCCAC,0,5027499
yjbJ_predicted,0.034482758620689655,28,28,TTGCGAGGTGATCTGCAAGC,0,5011349
yjbJ_predicted,0.034482758620689655,28,28,TTATCCATGCAATGCAAAGA,0,5013637
yjbJ_predicted,0.034482758620689655,28,28,TGTCCGTCGGTCTGGAAACG,0,5029556
yjbJ_predicted,0.034482758620689655,28,28,TAAGTGTCATTGGAAGGTAG,0,5003853
yjbJ_predicted,0.034482758620689655,28,28,TAAGTGCCGGGAGTGGGTTG,0,5001014
yjbJ_predicted,0.034482758620689655,28,28,GTCCGTCGCCCTAAGGGCCA,0,4995539
yjbJ_predicted,0.034482758620689655,28,28,GGTTGTATGATAACCATGCC,0,4998750
yjbJ_predicted,0.034482758620689655,28,28,GGTCATATCTAAGTGGTCTT,0,5018157
yjbJ_predicted,0.034482758620689655,28,28,GGAACTGGGGTGCCACGATA,0,5021495
yjbJ_predicted,0.034482758620689655,28,28,GCTGCAAGAAACTCTACGAT,0,5019551
yjbJ_predicted,0.034482758620689655,28,28,GATTCATTGCGGCGTTACGC,0,5022324
yjbJ_predicted,0.034482758620689655,28,28,GAGAGGGCGGCAAGGAAGCC,0,4995522
yjbJ_predicted,0.034482758620689655,28,28,GAGACCAGCTAGACGCAGGG,0,5003274
yjbJ_predicted,0.034482758620689655,28,28,GACCGCTCGAAATAATCAGA,0,5006769
yjbJ_predicted,0.034482758620689655,28,28,CGTTTGCCGTTTCTTAACGG,0,4995741
yjbJ_predicted,0.034482758620689655,28,28,CGCGCGCCGACAGTTGAACT,0,5024700
yjbJ_predicted,0.034482758620689655,28,28,CCCTTGTGCACGCAGGCTCC,0,4997722
yjbJ_predicted,0.034482758620689655,28,28,CCCGAACGGCTCACAACCTC,0,4998555
yjbJ_predicted,0.034482758620689655,28,28,CCAACGAACTGAGTGGCTCG,0,4999297
yjbJ_predicted,0.034482758620689655,28,28,CAATGGGCGTGCAGTGGTGC,0,5006745
yjbJ_predicted,0.034482758620689655,28,28,CAAGCAGGGTGCGTTCGTGA,0,5018246
yjbJ_predicted,0.034482758620689655,28,28,ATGGTTCTGTCATTAACTAG,0,5001153
yjbJ_predicted,0.034482758620689655,28,28,ATGGAGCAACGGGGTAACAA,0,5002780
yjbJ_predicted,0.034482758620689655,28,28,ATCGTCTGCCTGCGAATCGA,0,5003146
yjbJ_predicted,0.034482758620689655,28,28,ATCCTATAACCGGCATTACA,0,5002651
yjbJ_predicted,0.034482758620689655,28,28,AGTCACGCGGGTTGACCGGT,0,5015341
yjbJ_predicted,0.034482758620689655,28,28,AGCGAGTATATTCAGTATCT,0,5018953
yjbJ_predicted,0.034482758620689655,28,28,AGCGACTTTTTCGGGCTTTG,0,4999371
yjbJ_predicted,0.034482758620689655,28,28,AGATTGCGTGGCAACAGAGC,0,5000970
yjbJ_predicted,0.034482758620689655,28,28,ACGGGGAAGACACTCATCAT,0,5014800
yjbJ_predicted,0.034482758620689655,28,28,ACGGCACCGAAGTTCTTCGG,0,5006282
yjbJ_predicted,0.03571428571428571,27,27,TTGGCCCTTCCGTTGCAAGA,0,5021347
yjbJ_predicted,0.03571428571428571,27,27,TTATAGGTGTAAATGACCTG,0,5005495
yjbJ_predicted,0.03571428571428571,27,27,TCGTCGCTTTATAAGGTGTC,0,5004912
yjbJ_predicted,0.03571428571428571,27,27,TCGTAAACAGAAGCCGTTAG,0,4997695
yjbJ_predicted,0.03571428571428571,27,27,TCGCATATTGCGGGTCTAAG,0,5009101
yjbJ_predicted,0.03571428571428571,27,27,TCCCGGCCAGTGTGACACGC,0,5004002
yjbJ_predicted,0.03571428571428571,27,27,TCATGACCCAGTCAGCTTAC,0,5022735
yjbJ_predicted,0.03571428571428571,27,27,TATTGAACCTCCATGGAGTA,0,5028622
yjbJ_predicted,0.03571428571428571,27,27,TATCCCGCTACCGCTCGAGA,0,5026870
yjbJ_predicted,0.03571428571428571,27,27,TAGGTTGCCGTCGAACCGAA,0,4997484
yjbJ_predicted,0.03571428571428571,27,27,GTGCCAAGTTTGGAAACTTT,0,5004106
yjbJ_predicted,0.03571428571428571,27,27,GTCGGGCCAATTCCCGGAAC,0,5016115
yjbJ_predicted,0.03571428571428571,27,27,GTCACACTTGGGCTGGACCT,0,5001319
yjbJ_predicted,0.03571428571428571,27,27,GGAAGGCGCCGCGGGCCAGA,0,5013488
yjbJ_predicted,0.03571428571428571,27,27,GCGGACACGAACATTGGTCT,0,5031092
yjbJ_predicted,0.03571428571428571,27,27,GACGCCAACCAGGTTCCGAT,0,5007466
yjbJ_predicted,0.03571428571428571,27,27,GAACGCAAGTCTAAACCCAT,0,5022515
yjbJ_predicted,0.03571428571428571,27,27,CTGACAACGTGATCCCACCT,0,5030341
yjbJ_predicted,0.03571428571428571,27,27,CTCCCCCAAAGGTCCTGCGT,0,5007147
yjbJ_predicted,0.03571428571428571,27,27,CGGGAGTGTCCGGGTCGAGG,0,5030019
yjbJ_predicted,0.03571428571428571,27,27,CCCGCGGCATTGGAATCTGT,0,5022919
yjbJ_predicted,0.03571428571428571,27,27,CACGGCCAGTGACCCGCAAA,0,5026847
yjbJ_predicted,0.03571428571428571,27,27,CAATGGGTTTCGGATGACTA,0,5009969
yjbJ_predicted,0.03571428571428571,27,27,ATTAACTGTCGGGTCGATGT,0,5016529
yjbJ_predicted,0.03571428571428571,27,27,ATCGATAGGCTGGGGTTCAC,0,5022942
yjbJ_predicted,0.03571428571428571,27,27,AGGGCCGAGGTGTACAATCA,0,5025203
yjbJ_predicted,0.03571428571428571,27,27,AGATGCCGCTGCTAGCAGTG,0,5010481
yjbJ_predicted,0.03571428571428571,27,27,ACTAGCGTTTCGGAATTCGT,0,4998065
yjbJ_predicted,0.03571428571428571,27,27,ACGGCGCACCCAAACAGTCT,0,5007688
yjbJ_predicted,0.03571428571428571,27,27,ACGCCCAAGCATACTCAAAA,0,5027029
yjbJ_predicted,0.03571428571428571,27,27,ACCCTAGTCGCCAGACTCAA,0,4995825
yjbJ_predicted,0.03571428571428571,27,27,AATTTACCGATAAGTGGAAT,0,5010525
yjbJ_predicted,0.037037037037037035,26,26,TTTGGGCCGTCGGCTTCGCC,0,5025286
yjbJ_predicted,0.037037037037037035,26,26,TTGTTGCGCAACAATAGATC,0,5020066
yjbJ_predicted,0.037037037037037035,26,26,TGTGACTACGTAAAATCGGT,0,4998572
yjbJ_predicted,0.037037037037037035,26,26,TGTCCAAACAGGGGAAAAAT,0,5021263
yjbJ_predicted,0.037037037037037035,26,26,TGGGGCACTCGCACACACTA,0,5018989
yjbJ_predicted,0.037037037037037035,26,26,TGGGATATCACCCTTATTAA,0,5017310
yjbJ_predicted,0.037037037037037035,26,26,TACGCCAGGGGGCTTAAGAG,0,4997861
yjbJ_predicted,0.037037037037037035,26,26,GTTGCGCTTAGGTCAAGCAT,0,5009118
yjbJ_predicted,0.037037037037037035,26,26,GTTCGTAGTCAGCGTCCTGA,0,5000851
yjbJ_predicted,0.037037037037037035,26,26,GTGTACTCTAAATATTGGCA,0,5004388
yjbJ_predicted,0.037037037037037035,26,26,GTGCTACAGATATTGACTGT,0,5025297
yjbJ_predicted,0.037037037037037035,26,26,GTCTTAGGTTCCTGTCGGGA,0,5021197
yjbJ_predicted,0.037037037037037035,26,26,GTCAAGGACTGTGTCCCTTA,0,4999444
yjbJ_predicted,0.037037037037037035,26,26,GTAAAGCTAAACTCTATTCA,0,5010726
yjbJ_predicted,0.037037037037037035,26,26,GGTATGTACGAGGTCCATAC,0,5019313
yjbJ_predicted,0.037037037037037035,26,26,GGTAGGCGAACTTGGATGCA,0,4997115
yjbJ_predicted,0.037037037037037035,26,26,GGGTTCGCGCCGGGTGGTGA,0,4998179
yjbJ_predicted,0.037037037037037035,26,26,GGCTCTGTGTGTGGCATGTA,0,5030818
yjbJ_predicted,0.037037037037037035,26,26,GGATAGCATAATGGGTTACG,0,5005540
yjbJ_predicted,0.037037037037037035,26,26,GGAGCGTACGGTGCTGAGAT,0,5029340
yjbJ_predicted,0.037037037037037035,26,26,GGAGACACTCTCGAGACAGG,0,5006179
yjbJ_predicted,0.037037037037037035,26,26,GCCAGACCACAGTGTCTTCA,0,5017932
yjbJ_predicted,0.037037037037037035,26,26,GATGTGACGGTGCAGGCTTC,0,5009061
yjbJ_predicted,0.037037037037037035,26,26,GACTGTGATCTCTCGAACGA,0,5024511
yjbJ_predicted,0.037037037037037035,26,26,GACGATAGTCCCTGAGTGGA,0,5014728
yjbJ_predicted,0.037037037037037035,26,26,CTGTAGGTGACTTTGGCCTT,0,5015862
yjbJ_predicted,0.037037037037037035,26,26,CTGGTGCCGAAAAAGCTGAA,0,5030551
yjbJ_predicted,0.037037037037037035,26,26,CTGATTAGGGGGTTTTCACA,0,5008720
yjbJ_predicted,0.037037037037037035,26,26,CTCGAGGATGCTTCCAAGCA,0,5000454
yjbJ_predicted,0.037037037037037035,26,26,CTAATGGGTTTAACATGATT,0,4996479
yjbJ_predicted,0.037037037037037035,26,26,CGTTGTAGCTGGGCGCCACC,0,4995719
yjbJ_predicted,0.037037037037037035,26,26,CGTCCAAGACATATGCTGTA,0,5026231
yjbJ_predicted,0.037037037037037035,26,26,CGAACACCAGAGGTGTTCGT,0,5024258
yjbJ_predicted,0.037037037037037035,26,26,CCACCGTCTGCCCTCGTTTC,0,5017426
yjbJ_predicted,0.037037037037037035,26,26,CATCAGAAACTGCAACTCAA,0,5027467
yjbJ_predicted,0.037037037037037035,26,26,CATATGCGCAGGCCGATGCT,0,5000658
yjbJ_predicted,0.037037037037037035,26,26,CACTGCATATGAACGGCATG,0,5028050
yjbJ_predicted,0.037037037037037035,26,26,CAAAACCGCAAGGGTGCCCA,0,5005990
yjbJ_predicted,0.037037037037037035,26,26,ATGGAACCGGAAGTCTAGTT,0,5018821
yjbJ_predicted,0.037037037037037035,26,26,ATAATCCTGCATTCGTCATG,0,5007625
yjbJ_predicted,0.037037037037037035,26,26,AGTTATCACAACAATATTAC,0,5028897
yjbJ_predicted,0.037037037037037035,26,26,ACTCGAGTAATGGGGAGAGA,0,4998590
yjbJ_predicted,0.037037037037037035,26,26,ACGTTCATTCATGGGCTCTT,0,5024107
yjbJ_predicted,0.037037037037037035,26,26,ACGGACGTGATAGGACGCTT,0,5011173
yjbJ_predicted,0.037037037037037035,26,26,AAGGCGAAATCGGCCCTACG,0,5025018
yjbJ_predicted,0.037037037037037035,26,26,AAGGATTCCTTGGTTATATT,0,5010250
yjbJ_predicted,0.037037037037037035,26,26,AACCAGTTAAGTACCACAGG,0,5020938
yjbJ_predicted,0.037037037037037035,26,26,AAACGCTTAGTCAAAGGTAG,0,5004079
yjbJ_predicted,0.038461538461538464,25,25,TTTGGAAATTTGTTCCAGGA,0,5023019
yjbJ_predicted,0.038461538461538464,25,25,TTGCTGTAACCGCTGATTGA,0,5003734
yjbJ_predicted,0.038461538461538464,25,25,TTGCCCCACGTTGGAGCTAC,0,4999349
yjbJ_predicted,0.038461538461538464,25,25,TTCCGCGGGGTGGTTAACGT,0,5018120
yjbJ_predicted,0.038461538461538464,25,25,TTCATTCTCCAGCTGCCGAA,0,5018330
yjbJ_predicted,0.038461538461538464,25,25,TTACCTTGGATTATAAGGGG,0,5028598
yjbJ_predicted,0.038461538461538464,25,25,TGCGGACTCCAAAAGGCCTA,0,5013131
yjbJ_predicted,0.038461538461538464,25,25,TGAAACAACTGACGCGTCGG,0,5009247
yjbJ_predicted,0.038461538461538464,25,25,TCTAAAGACTCTCGAGGTCA,0,5019684
yjbJ_predicted,0.038461538461538464,25,25,TCCGGAACATGAAGCAAGTA,0,4996978
yjbJ_predicted,0.038461538461538464,25,25,TCATTCCCAAGGAGGCTAGA,0,5015843
yjbJ_predicted,0.038461538461538464,25,25,TATAGAGTCCGCGGAACCCA,0,5018882
yjbJ_predicted,0.038461538461538464,25,25,TATACGCTATGGGTACCTAA,0,4997760
yjbJ_predicted,0.038461538461538464,25,25,TACTAAAGGACATGTGTAGT,0,5009117
yjbJ_predicted,0.038461538461538464,25,25,TACGTTAACGTTGCATAAGA,0,5020214
yjbJ_predicted,0.038461538461538464,25,25,TACAGATCTACATTCTCCAT,0,5001496
yjbJ_predicted,0.038461538461538464,25,25,TAAGCACACATTCTGCTCCT,0,5004534
yjbJ_predicted,0.038461538461538464,25,25,GTTGTCACTGGTGTATCCGT,0,5000079
yjbJ_predicted,0.038461538461538464,25,25,GTCCTATAACGCTACGTAAT,0,5014430
yjbJ_predicted,0.038461538461538464,25,25,GTAAAACTTTTTCCATAGGG,0,4999806
yjbJ_predicted,0.038461538461538464,25,25,GGGTTCACCGCCTACTAACG,0,4996148
yjbJ_predicted,0.038461538461538464,25,25,GGGTCGGGAGACTCACAGTC,0,5020519
yjbJ_predicted,0.038461538461538464,25,25,GGGCAGAGTGTGCTCGCTAA,0,5005015
yjbJ_predicted,0.038461538461538464,25,25,GGCCCTCGCTCAGACCTAGG,0,4999634
yjbJ_predicted,0.038461538461538464,25,25,GCTGTCCTTTCATGTAGAGT,0,5007330
yjbJ_predicted,0.038461538461538464,25,25,GCTCGTGCACCAGTCCACAC,0,5019175
yjbJ_predicted,0.038461538461538464,25,25,GCAGGAGAACAGAACCGGCC,0,5011665
yjbJ_predicted,0.038461538461538464,25,25,GCACCCGGAATCGCGTGGAT,0,5016024
yjbJ_predicted,0.038461538461538464,25,25,GATTCGCATTTGTGCATTGC,0,5009696
yjbJ_predicted,0.038461538461538464,25,25,GAGAACTCGACTTTTCCCAC,0,5007562
yjbJ_predicted,0.038461538461538464,25,25,GAATAAGTCCTTACCTTAGT,0,5003157
yjbJ_predicted,0.038461538461538464,25,25,GAATAACGGGAATACAGTAA,0,5000764
yjbJ_predicted,0.038461538461538464,25,25,GAAGTGATCAGCCCGACCAG,0,5014285
yjbJ_predicted,0.038461538461538464,25,25,GAACATGGGCGCTCTGATTC,0,5012850
yjbJ_predicted,0.038461538461538464,25,25,CTAGCCCGAACCTGACGCCT,0,4995022
yjbJ_predicted,0.038461538461538464,25,25,CGTGAACGTTCGCGGGGATA,0,5021732
yjbJ_predicted,0.038461538461538464,25,25,CGGCAAACTTATTCGGAGCT,0,5003900
yjbJ_predicted,0.038461538461538464,25,25,CGCTGCCCTCTACAGAGTTT,0,5001310
yjbJ_predicted,0.038461538461538464,25,25,CGATCAGATAGCATATATTT,0,4995933
yjbJ_predicted,0.038461538461538464,25,25,CGAGATACAGCACGGGTCGC,0,5017653
yjbJ_predicted,0.038461538461538464,25,25,CCCGCCTACGATCGCTATTA,0,5007558
yjbJ_predicted,0.038461538461538464,25,25,CATCGCTGAGTGGCATAGTA,0,5000740
yjbJ_predicted,0.038461538461538464,25,25,CACACAGAAGACAAGGGCAT,0,5028673
yjbJ_predicted,0.038461538461538464,25,25,CAAGACGCTAATAATCAACA,0,5010531
yjbJ_predicted,0.038461538461538464,25,25,ATTCTGGTAGTAGATAATGA,0,5006905
yjbJ_predicted,0.038461538461538464,25,25,ATCAGGGTTGGCCTACCTCA,0,4997890
yjbJ_predicted,0.038461538461538464,25,25,ATCAAGATGGCCCAGGGTCT,0,5000201
yjbJ_predicted,0.038461538461538464,25,25,AGGTGTTGCGAGCCCGTCGT,0,4997317
yjbJ_predicted,0.038461538461538464,25,25,AGGGGGGGCCGTAAGGCGAT,0,5016851
yjbJ_predicted,0.038461538461538464,25,25,AGGCGCAAAGCGGCAGAAGG,0,5024279
yjbJ_predicted,0.038461538461538464,25,25,AGAGCAGTCGTAGTCACCCA,0,4997781
yjbJ_predicted,0.038461538461538464,25,25,AGAATCGGCTCGCAAGAGGC,0,4996380
yjbJ_predicted,0.038461538461538464,25,25,ACTTAAATTCCTGAAGGGAA,0,4997586
yjbJ_predicted,0.038461538461538464,25,25,ACTATACCGAGAGCACCGCG,0,5007749
yjbJ_predicted,0.038461538461538464,25,25,ACGCGCATTGACGTAAGGTG,0,4996458
yjbJ_predicted,0.038461538461538464,25,25,ACGCGAATAGAATATCCGCG,0,5025760
yjbJ_predicted,0.038461538461538464,25,25,ACCATGTACCGCTAAACATT,0,5000798
yjbJ_predicted,0.038461538461538464,25,25,AATAGATCCCTAGCAGTCCA,0,5013119
yjbJ_predicted,0.038461538461538464,25,25,AAGCAACAATGAAGTTTCGT,0,5010997
yjbJ_predicted,0.038461538461538464,25,25,AAGAGTGGTCTAGACCGCCT,0,5005309
yjbJ_predicted,0.038461538461538464,25,25,AAGAACCCGCGAGGCGACGG,0,5001451
yjbJ_predicted,0.038461538461538464,25,25,AAAGTGGCGCTTGGGGCCGT,0,5012732
yjbJ_predicted,0.038461538461538464,25,25,AAAGAGCAGCGCAGTGGGCC,0,5010624
yjbJ_predicted,0.04,24,24,TTTAGACTAGCCAAGTCTTC,0,5028049
yjbJ_predicted,0.04,24,24,TTGCTGGCCTCTCACGACGT,0,5008595
yjbJ_predicted,0.04,24,24,TTGAAAGCCGTAATGGCGCA,0,4996867
yjbJ_predicted,0.04,24,24,TTCATCTGCCTTCTAAGGCA,0,5014381
yjbJ_predicted,0.04,24,24,TTCACTGACAATCATACGTT,0,5024089
yjbJ_predicted,0.04,24,24,TGGCGGGATCTACTAATACA,0,4996173
yjbJ_predicted,0.04,24,24,TGATAATAGATACAATGCTT,0,5006205
yjbJ_predicted,0.04,24,24,TGAGGCAGCCTCAAAATTTG,0,5028214
yjbJ_predicted,0.04,24,24,TGACACAGAGTATACGCGAT,0,5009862
yjbJ_predicted,0.04,24,24,TGAATTCGGAAGGTGCGATG,0,5027432
yjbJ_predicted,0.04,24,24,TGAATAGCGACCTGAATATT,0,5024798
yjbJ_predicted,0.04,24,24,TCTTGGTAGGTCGATGCCGT,0,5019688
yjbJ_predicted,0.04,24,24,TCGACCATACAAATATGTCG,0,5000067
yjbJ_predicted,0.04,24,24,TCCTACAATCTGCGAAATGA,0,5025198
yjbJ_predicted,0.04,24,24,TCATTGGTCCTGACTTCAGA,0,5022295
yjbJ_predicted,0.04,24,24,TATCAGCAGTTAGAAACCAT,0,5018916
yjbJ_predicted,0.04,24,24,GTTTTGAGGGATACGACACG,0,5025043
yjbJ_predicted,0.04,24,24,GTGTATTTCGTCGCTCGATC,0,5000214
yjbJ_predicted,0.04,24,24,GTGGTAAAATGGGCTTCCTC,0,5024051
yjbJ_predicted,0.04,24,24,GTCCGACCGGCACACAGCCC,0,5022888
yjbJ_predicted,0.04,24,24,GGTTTCTCAGTTTGGGACGA,0,5017788
yjbJ_predicted,0.04,24,24,GGTTGACGTCAAATGCCTAT,0,5025770
yjbJ_predicted,0.04,24,24,GGTCTTAGCGGTTGGGAGTT,0,5022959
yjbJ_predicted,0.04,24,24,GGCAATGCCTTTCGGCTACA,0,5002509
yjbJ_predicted,0.04,24,24,GGAGGCCTTAGCCTCCACTA,0,4999402
yjbJ_predicted,0.04,24,24,GCTCACCACGCCCAAGCGGA,0,5004362
yjbJ_predicted,0.04,24,24,GCGTTATCACGTTTTCGTGA,0,5021633
yjbJ_predicted,0.04,24,24,GCGAGCCACGGATCACTCTG,0,5019648
yjbJ_predicted,0.04,24,24,GCGACTTTGGTTTGGCATGT,0,5004289
yjbJ_predicted,0.04,24,24,GCCGTAGGCGGCATGCTACA,0,5003662
yjbJ_predicted,0.04,24,24,GAGTTGCAGCAGCGGGTGGT,0,5027486
yjbJ_predicted,0.04,24,24,GACTATGACAACAAGGGCAA,0,5014085
yjbJ_predicted,0.04,24,24,GAATCAATCAAGTTTTTTCA,0,5010433
yjbJ_predicted,0.04,24,24,CTGCAGAACGACTGTTAGGT,0,5020896
yjbJ_predicted,0.04,24,24,CTCCTTCGGGGCCAGACATT,0,5000318
yjbJ_predicted,0.04,24,24,CTACTTAAACGCAATGAGAT,0,5005457
yjbJ_predicted,0.04,24,24,CTAACCTCCACTAAGGTCGT,0,4998489
yjbJ_predicted,0.04,24,24,CGTGCGATCGCCATCTCCTC,0,5000763
yjbJ_predicted,0.04,24,24,CGTAGTGTATTTCGTCGCGA,0,5000386
yjbJ_predicted,0.04,24,24,CGGTTGCGTGCTGTCCCTTG,0,5001627
yjbJ_predicted,0.04,24,24,CGGACATCGAATCAGCTCTA,0,4996154
yjbJ_predicted,0.04,24,24,CGCGTAGGCTTAAACAGACA,0,5021657
yjbJ_predicted,0.04,24,24,CGCCTCGTCGCGAGACACAT,0,5023865
yjbJ_predicted,0.04,24,24,CGCCTCGGCCCCAGCCCGAC,0,5024163
yjbJ_predicted,0.04,24,24,CGATAAGGAATCGTCGTTAA,0,5001774
yjbJ_predicted,0.04,24,24,CCTACCCACGCAGGTGCCAT,0,5009114
yjbJ_predicted,0.04,24,24,CCGAGTTGTTGGATCACGAA,0,5001836
yjbJ_predicted,0.04,24,24,CCCTTCTCTTTTGCAAGAAG,0,4998709
yjbJ_predicted,0.04,24,24,CCAAAAGTTTGCATTACGTT,0,4994878
yjbJ_predicted,0.04,24,24,CATGACTCCTTCCATAGGCA,0,4997713
yjbJ_predicted,0.04,24,24,CAGTAGCGCCCTAATCTCGA,0,5008794
yjbJ_predicted,0.04,24,24,CACTTCCGTGCTGGACGCGG,0,5001446
yjbJ_predicted,0.04,24,24,CAAATAAGTGCCGATGAGAC,0,5013858
yjbJ_predicted,0.04,24,24,ATTATAGATGTATCTCTAAT,0,5019712
yjbJ_predicted,0.04,24,24,ATGGACAGTGCGGCTGGGTA,0,5025932
yjbJ_predicted,0.04,24,24,ATGGAACCGCCACCTAATCT,0,5008296
yjbJ_predicted,0.04,24,24,ATCCCGTCACATTCATGATG,0,5023506
yjbJ_predicted,0.04,24,24,ATCCCGCTCCCAGTTACTCC,0,5002285
yjbJ_predicted,0.04,24,24,ATACCAGTGCTTAAAGGAAT,0,5011463
yjbJ_predicted,0.04,24,24,AGGTAAGCGAGTCATTATAC,0,5008560
yjbJ_predicted,0.04,24,24,ACGTTGCTAGCTTTAGGGAT,0,5027586
yjbJ_predicted,0.04,24,24,ACCTTGTGCTCAACCGACCT,0,5028798
yjbJ_predicted,0.04,24,24,ACAACTGGCGCATTGCTTTG,0,5000163
yjbJ_predicted,0.04,24,24,AATGAGGTGCTTATCGCTCA,0,5018623
yjbJ_predicted,0.04,24,24,AATGAGAGCGACAAATAATA,0,5015434
yjbJ_predicted,0.04,24,24,AATATCTAGCGCTGTAGCTG,0,5018951
yjbJ_predicted,0.04,24,24,AAACTAGCGAGGTGGGAGGT,0,5001058
yjbJ_predicted,0.041666666666666664,23,23,TTGGTTATATCTGTTCGGTG,0,5019630
yjbJ_predicted,0.041666666666666664,23,23,TTGGCATCCTCCTTTCAGGA,0,5026630
yjbJ_predicted,0.041666666666666664,23,23,TTCGGGGATAGGCGCTGCAT,0,5028005
yjbJ_predicted,0.041666666666666664,23,23,TTCATTTTATACCCTGTCCC,0,5013053
yjbJ_predicted,0.041666666666666664,23,23,TTCATCTAAGCAGCTCGATT,0,5002508
yjbJ_predicted,0.041666666666666664,23,23,TTCAAAAGCGGGACTTCGAG,0,5004251
yjbJ_predicted,0.041666666666666664,23,23,TTAGCATCTGGATATTCTGG,0,5001068
yjbJ_predicted,0.041666666666666664,23,23,TTAATCCATCTAGTCTAAGA,0,5000369
yjbJ_predicted,0.041666666666666664,23,23,TGGATACTCGGGGGCGCCCT,0,5017093
yjbJ_predicted,0.041666666666666664,23,23,TGCGGGAAGATTGTGGAATA,0,4998848
yjbJ_predicted,0.041666666666666664,23,23,TGAGGTCTTAGCCAAAGCTG,0,5002892
yjbJ_predicted,0.041666666666666664,23,23,TCTGCGTCAGTCTGGTGATA,0,4995551
yjbJ_predicted,0.041666666666666664,23,23,TCTGCCTGGCGGGCGTAGCA,0,5025212
yjbJ_predicted,0.041666666666666664,23,23,TCCTCCTTCATCACTTAGCT,0,5017256
yjbJ_predicted,0.041666666666666664,23,23,TCACGCAAGCGAACGTACTT,0,5011057
yjbJ_predicted,0.041666666666666664,23,23,TCAAGGAGGGTGCTGCAGAT,0,5025280
yjbJ_predicted,0.041666666666666664,23,23,TATGAGTTATCTTTCACCAA,0,5000841
yjbJ_predicted,0.041666666666666664,23,23,TATCTGTAAGGATGCTGAGC,0,5025486
yjbJ_predicted,0.041666666666666664,23,23,TACTTGCTTATTTCAAGGTT,0,5001447
yjbJ_predicted,0.041666666666666664,23,23,TAATCGGCGAGTGCCGGGCG,0,4999348
yjbJ_predicted,0.041666666666666664,23,23,GTTGGAATTATGGGCCAACA,0,5010692
yjbJ_predicted,0.041666666666666664,23,23,GTCGGGTCGCGTTATTTGTA,0,5016532
yjbJ_predicted,0.041666666666666664,23,23,GTCAAACCCGCTCGATGATT,0,5012959
yjbJ_predicted,0.041666666666666664,23,23,GTAGCTCTGGACCTTACAGC,0,5026374
yjbJ_predicted,0.041666666666666664,23,23,GGTGTGTGTCTGCAATCGAG,0,5018416
yjbJ_predicted,0.041666666666666664,23,23,GGTGCCCGCGTGGCCAACCT,0,5016420
yjbJ_predicted,0.041666666666666664,23,23,GGTCTAAAGTGAGCGGTCTG,0,5001478
yjbJ_predicted,0.041666666666666664,23,23,GGTCCAATACGGCCACCTGC,0,5020181
yjbJ_predicted,0.041666666666666664,23,23,GGGCCTTCGTGGTATCTGAC,0,4995768
yjbJ_predicted,0.041666666666666664,23,23,GGATGGCCTGTCGGTCTTGC,0,5008751
yjbJ_predicted,0.041666666666666664,23,23,GGAGGAGCGTATGAGAAACA,0,5027620
yjbJ_predicted,0.041666666666666664,23,23,GGAGAGGTGCCACGAGCCCT,0,5020420
yjbJ_predicted,0.041666666666666664,23,23,GCTCTCTGCAGGAAGGGTGA,0,5030263
yjbJ_predicted,0.041666666666666664,23,23,GCCCAGGTAGATCCTGGATA,0,4997620
yjbJ_predicted,0.041666666666666664,23,23,GCCAGAGCTGGAGAACCAGC,0,4997081
yjbJ_predicted,0.041666666666666664,23,23,GCATGACGTCCATTCCAGTC,0,5011640
yjbJ_predicted,0.041666666666666664,23,23,GCAGAGTCCAGTAAATGAGT,0,5015579
yjbJ_predicted,0.041666666666666664,23,23,GCAGAAATCCGTTTCACCTG,0,4999637
yjbJ_predicted,0.041666666666666664,23,23,GATACTCTTGCTATCGCAGT,0,5001266
yjbJ_predicted,0.041666666666666664,23,23,GAGTACAACTAAATCAGGCA,0,5003194
yjbJ_predicted,0.041666666666666664,23,23,GAGGAGCCCTGCATACACAC,0,5011385
yjbJ_predicted,0.041666666666666664,23,23,GACTAAAATAGACTTGGGAA,0,5030679
yjbJ_predicted,0.041666666666666664,23,23,GACGGACGGTTTCTATTCCT,0,5019242
yjbJ_predicted,0.041666666666666664,23,23,GACACTCAAATGTACATGCA,0,5001654
yjbJ_predicted,0.041666666666666664,23,23,GAATCGATGCCTAGCCATTT,0,4999649
yjbJ_predicted,0.041666666666666664,23,23,CTTTAGCCATGGCCTATCGT,0,5019727
yjbJ_predicted,0.041666666666666664,23,23,CTCCCTACCCAGTCGTCTAA,0,5012476
yjbJ_predicted,0.041666666666666664,23,23,CTATCACTATGGATGTCAGG,0,5012939
yjbJ_predicted,0.041666666666666664,23,23,CGTTATGCGTCTACGTCCGC,0,5022883
yjbJ_predicted,0.041666666666666664,23,23,CGTGCAGGTGTATTGGTAAG,0,4998359
yjbJ_predicted,0.041666666666666664,23,23,CGGTTGAAAGTCTCAGACGA,0,5008987
yjbJ_predicted,0.041666666666666664,23,23,CGGTGTCTACATATACGCGT,0,5022782
yjbJ_predicted,0.041666666666666664,23,23,CGGAACAGTTGTTGGACTAT,0,4997983
yjbJ_predicted,0.041666666666666664,23,23,CGCCTCGTGGCTACACCGCG,0,4996258
yjbJ_predicted,0.041666666666666664,23,23,CGCAGTGTGACCTCGGCGTT,0,5027564
yjbJ_predicted,0.041666666666666664,23,23,CGACTGGGGGGTGCGGGTTC,0,5019344
yjbJ_predicted,0.041666666666666664,23,23,CGAATCCGGCCAGTCGTCGG,0,5019162
yjbJ_predicted,0.041666666666666664,23,23,CGAACTGGGCTGACATCTGT,0,5004765
yjbJ_predicted,0.041666666666666664,23,23,CGAAAACCCCGGTCAGGGAT,0,5016207
yjbJ_predicted,0.041666666666666664,23,23,CCTAAGAGATCGAGCATTAC,0,5012867
yjbJ_predicted,0.041666666666666664,23,23,CCGCGGCTGTCTCGGTGGGT,0,5027760
yjbJ_predicted,0.041666666666666664,23,23,CCCTAGTTACAGTTATTTTA,0,5000363
yjbJ_predicted,0.041666666666666664,23,23,CCAGTGTTGTGCGTTGGTAA,0,5012491
yjbJ_predicted,0.041666666666666664,23,23,CCAGGAGCGTCAGTCGTCGT,0,5015167
yjbJ_predicted,0.041666666666666664,23,23,CCACATGCCGTATATCTTGT,0,5012824
yjbJ_predicted,0.041666666666666664,23,23,CATTGGAGGCTAACCGCAGC,0,5000365
yjbJ_predicted,0.041666666666666664,23,23,CATGTGGCGCGTTAGATATC,0,5028827
yjbJ_predicted,0.041666666666666664,23,23,CATGAGATTAACCGCAGTGA,0,5021932
yjbJ_predicted,0.041666666666666664,23,23,CATAACTCCTCCGGTCATAT,0,5008638
yjbJ_predicted,0.041666666666666664,23,23,CAGTCACTAGCAAGGCTCAG,0,5006492
yjbJ_predicted,0.041666666666666664,23,23,CAATTCTCATTCGCCGCCTG,0,5013642
yjbJ_predicted,0.041666666666666664,23,23,CAAGAGGGACCAGCTTAGGG,0,4996385
yjbJ_predicted,0.041666666666666664,23,23,CAAAATACTTTGGAGGGCAT,0,5023562
yjbJ_predicted,0.041666666666666664,23,23,ATTCTTCTGAAGAAAGTGCG,0,5008341
yjbJ_predicted,0.041666666666666664,23,23,ATTAGGTGGTAAATGAAAAA,0,5012728
yjbJ_predicted,0.041666666666666664,23,23,ATGAGGATAATGGGATCATA,0,5026999
yjbJ_predicted,0.041666666666666664,23,23,AGTGGAGGTCGCGGATGGTT,0,5009533
yjbJ_predicted,0.041666666666666664,23,23,AGGGTACGGGCGAAGAAAAG,0,4996319
yjbJ_predicted,0.041666666666666664,23,23,AGGGGCATGTTAACATTGGT,0,4997718
yjbJ_predicted,0.041666666666666664,23,23,AGCGACTTGGCTCGTGGCTA,0,5012613
yjbJ_predicted,0.041666666666666664,23,23,ACTAGGGACATTTCGTTCCG,0,4998110
yjbJ_predicted,0.041666666666666664,23,23,ACGAGGCCTGGCCCCGCAGG,0,5006334
yjbJ_predicted,0.041666666666666664,23,23,ACCCCATTAACTAACGGGTT,0,5018656
yjbJ_predicted,0.041666666666666664,23,23,AATTGGCTTCAGGTTAGTAG,0,5006062
yjbJ_predicted,0.041666666666666664,23,23,AATTACCTACATGATGTGAT,0,5007468
yjbJ_predicted,0.041666666666666664,23,23,AATGTTATAAATCCAACGCC,0,5017382
yjbJ_predicted,0.041666666666666664,23,23,AATGCGTAAAAAACGCTGGT,0,5013983
yjbJ_predicted,0.041666666666666664,23,23,AATGATTAGTTTAAGTAAAT,0,5003833
yjbJ_predicted,0.041666666666666664,23,23,AACTTTATGATATCGAAATA,0,5005025
yjbJ_predicted,0.041666666666666664,23,23,AACGCTCTGCTGTAGCATTC,0,5030451
yjbJ_predicted,0.041666666666666664,23,23,AAATCTATTTGCCATAAGCA,0,5024772
yjbJ_predicted,0.041666666666666664,23,23,AAAGCTCTGCACAAACTGCA,0,5011300
yjbJ_predicted,0.043478260869565216,22,22,TTTGAGGTGATCGGAATTAG,0,4997163
yjbJ_predicted,0.043478260869565216,22,22,TTGAGACCTCTGGACCCTAG,0,5028328
yjbJ_predicted,0.043478260869565216,22,22,TTCCTCCGGCTATTGTCCGT,0,4996203
yjbJ_predicted,0.043478260869565216,22,22,TTCATTTCTTACATCGGCAA,0,5031283
yjbJ_predicted,0.043478260869565216,22,22,TTATAACCCTGTCTAAGCGT,0,5004398
yjbJ_predicted,0.043478260869565216,22,22,TGGTATGTGGTCCGGAAACA,0,5007026
yjbJ_predicted,0.043478260869565216,22,22,TGGGTCTACCGGCTTTGAGT,0,5030479
yjbJ_predicted,0.043478260869565216,22,22,TGGCCGTCGCTCAAATAGTA,0,5002789
yjbJ_predicted,0.043478260869565216,22,22,TGCCTGGCGACCAATATGCA,0,5018390
yjbJ_predicted,0.043478260869565216,22,22,TGATAACTCGGCCCATTTAG,0,4997860
yjbJ_predicted,0.043478260869565216,22,22,TGAGGACGAGAGCGCCATTA,0,5005747
yjbJ_predicted,0.043478260869565216,22,22,TGAAGGTAGCCAGGTCCTCT,0,5016680
yjbJ_predicted,0.043478260869565216,22,22,TCGCTGACGTAGTTCGCTCC,0,5024281
yjbJ_predicted,0.043478260869565216,22,22,TCGAACATGATGGATTTCGT,0,5003615
yjbJ_predicted,0.043478260869565216,22,22,TCACTTGGCGCTTGCTCGGT,0,5028384
yjbJ_predicted,0.043478260869565216,22,22,TATCTCACGACAAAGCGCAA,0,4999582
yjbJ_predicted,0.043478260869565216,22,22,TATATGTTCGTAGGGGACAT,0,5008115
yjbJ_predicted,0.043478260869565216,22,22,TACCTCGCCACACGGAAAAG,0,5015272
yjbJ_predicted,0.043478260869565216,22,22,TAAAGCCTCCCTTGAAATTT,0,5024503
yjbJ_predicted,0.043478260869565216,22,22,GTCGCTACTGGGGCGGCTCC,0,5027279
yjbJ_predicted,0.043478260869565216,22,22,GTCACGTCGCGACTTGGAAC,0,5018954
yjbJ_predicted,0.043478260869565216,22,22,GTAGAGGACTCCTATTGTTC,0,4995796
yjbJ_predicted,0.043478260869565216,22,22,GGTAAAAGCACCCGGCTCAC,0,5020449
yjbJ_predicted,0.043478260869565216,22,22,GGGGGGGTGCGATCCGGGGT,0,5024921
yjbJ_predicted,0.043478260869565216,22,22,GCTTGGCTTGCCCGCTTAAG,0,5024282
yjbJ_predicted,0.043478260869565216,22,22,GCTACCCTGTTACTTCGGAA,0,5015164
yjbJ_predicted,0.043478260869565216,22,22,GCGTCCACCTATGCGATCGG,0,4998252
yjbJ_predicted,0.043478260869565216,22,22,GCCCGTACCTACGTTTCTAA,0,5002682
yjbJ_predicted,0.043478260869565216,22,22,GCCCCGGTTTCGGATAAATT,0,5006942
yjbJ_predicted,0.043478260869565216,22,22,GCATTCATGGAAGAAAAGGA,0,5013225
yjbJ_predicted,0.043478260869565216,22,22,GCATCTAGGTATAAAAAAGT,0,5004004
yjbJ_predicted,0.043478260869565216,22,22,GATGGAATACTGGCATTAAT,0,4995526
yjbJ_predicted,0.043478260869565216,22,22,GATGCTAGGTGATTTCTCCT,0,5010732
yjbJ_predicted,0.043478260869565216,22,22,GATCTTTCCGATAAGCGCGT,0,4995074
yjbJ_predicted,0.043478260869565216,22,22,GATAAAAGCCGAAATATCAG,0,5001125
yjbJ_predicted,0.043478260869565216,22,22,GAGCGACCCGTAGCGCTAAG,0,5014249
yjbJ_predicted,0.043478260869565216,22,22,GACATATTACCTGATTGATG,0,5014164
yjbJ_predicted,0.043478260869565216,22,22,GAAGGTAAGTGACGCCAGTT,0,4998109
yjbJ_predicted,0.043478260869565216,22,22,CTTAGCAAGCCAGGATTCCT,0,5004364
yjbJ_predicted,0.043478260869565216,22,22,CTGGACTACCTACACACTCC,0,4999296
yjbJ_predicted,0.043478260869565216,22,22,CTGCTCGCCCGTGTCGGCAT,0,5014431
yjbJ_predicted,0.043478260869565216,22,22,CTATAGAATCTGTGGAGCGT,0,5008361
yjbJ_predicted,0.043478260869565216,22,22,CTAATGCTGAGTTGCGCCAC,0,5003547
yjbJ_predicted,0.043478260869565216,22,22,CGTATCGAGAGGCACCCGAT,0,5013710
yjbJ_predicted,0.043478260869565216,22,22,CGTAAGAATTGATTGGCGTG,0,5012180
yjbJ_predicted,0.043478260869565216,22,22,CGTAACGTCACGTAAAACAT,0,4995562
yjbJ_predicted,0.043478260869565216,22,22,CGCTACCAGAAAATTCAAGA,0,4997786
yjbJ_predicted,0.043478260869565216,22,22,CGCGTCTTAAACCTGCAGCC,0,5009147
yjbJ_predicted,0.043478260869565216,22,22,CGACTCGTCCAAATTTTGGA,0,4996171
yjbJ_predicted,0.043478260869565216,22,22,CGAAGGTCATAGAGGGCATG,0,5014724
yjbJ_predicted,0.043478260869565216,22,22,CCGCCGTAAGCCCATACTAA,0,5013997
yjbJ_predicted,0.043478260869565216,22,22,CCATTCGATCGATTCCGCGA,0,5006097
yjbJ_predicted,0.043478260869565216,22,22,CCACCTGACCGGGGGCACAA,0,5002412
yjbJ_predicted,0.043478260869565216,22,22,CCAACAAGACGCAGGGATAT,0,5013674
yjbJ_predicted,0.043478260869565216,22,22,CATACTATATCGCATCAAAT,0,5018227
yjbJ_predicted,0.043478260869565216,22,22,CAGAGCGGACCACCTCGAGT,0,5015428
yjbJ_predicted,0.043478260869565216,22,22,CAGACGGTACATCTCGACCC,0,5008892
yjbJ_predicted,0.043478260869565216,22,22,CACGTTAACTCGGCACATAG,0,5022176
yjbJ_predicted,0.043478260869565216,22,22,CACGGGCGTGAGTATCAAAT,0,5017355
yjbJ_predicted,0.043478260869565216,22,22,ATTGCGTGGCGAACAGATAC,0,5012206
yjbJ_predicted,0.043478260869565216,22,22,ATGCAAGCGCACCGGAAATA,0,4999373
yjbJ_predicted,0.043478260869565216,22,22,ATCCCGCGCGTTAAATAAAC,0,5027637
yjbJ_predicted,0.043478260869565216,22,22,ATAATTAAGCCTATTCAGGT,0,5000277
yjbJ_predicted,0.043478260869565216,22,22,AGTTGCCACACTATGGTTCG,0,5009203
yjbJ_predicted,0.043478260869565216,22,22,AGTACAATCAGAATGAGACA,0,5011215
yjbJ_predicted,0.043478260869565216,22,22,AGAAAGTCTGGTTGGTTATT,0,5019803
yjbJ_predicted,0.043478260869565216,22,22,ACTTGTGAGCATCAGTGAAC,0,5001231
yjbJ_predicted,0.043478260869565216,22,22,ACGGTGAGGAGAACTGTGGC,0,4997479
yjbJ_predicted,0.043478260869565216,22,22,ACGGACGCGGACATATCTAG,0,5019012
yjbJ_predicted,0.043478260869565216,22,22,ACGCGCAGCACGAGCTCAAG,0,5026993
yjbJ_predicted,0.043478260869565216,22,22,ACCTGTATTGGGAGTAATCG,0,5008937
yjbJ_predicted,0.043478260869565216,22,22,ACAGGGCGCAAGACACATAA,0,5027104
yjbJ_predicted,0.043478260869565216,22,22,AAGACTAAGCACTTTGACTA,0,5008565
yjbJ_predicted,0.043478260869565216,22,22,AAGAAGGCCCGTGCGTGAGC,0,5000434
yjbJ_predicted,0.043478260869565216,22,22,AAAGGCGAGAGAGTCACAGA,0,5021112
yjbJ_predicted,0.045454545454545456,21,21,TTTAACGGAGCGTTTTCGAT,0,5004963
yjbJ_predicted,0.045454545454545456,21,21,TTGTGCGAGGTGAAACAGTG,0,5030940
yjbJ_predicted,0.045454545454545456,21,21,TTCTCGATTGCTGTTTGCAT,0,5019888
yjbJ_predicted,0.045454545454545456,21,21,TTCGTCACATGGCCGTTGTC,0,5021725
yjbJ_predicted,0.045454545454545456,21,21,TGTGGCGGTTCGCCAGTCAA,0,5020877
yjbJ_predicted,0.045454545454545456,21,21,TGTGAGGCATCTATCCAGGT,0,5001827
yjbJ_predicted,0.045454545454545456,21,21,TGGAACCAGGTTCGTGAAAT,0,5012734
yjbJ_predicted,0.045454545454545456,21,21,TGCTTGAGGTCATACTGTAT,0,5000799
yjbJ_predicted,0.045454545454545456,21,21,TGCGATCAAGACCTAGGGCT,0,5026699
yjbJ_predicted,0.045454545454545456,21,21,TGACAGCCGTTCGGGATGAG,0,5029451
yjbJ_predicted,0.045454545454545456,21,21,TCTATGGTCGGCTTGTGAGA,0,5027229
yjbJ_predicted,0.045454545454545456,21,21,TCGGTGGGTGCACCACTTGT,0,5001257
yjbJ_predicted,0.045454545454545456,21,21,TCCTATGCGTAATCGTACGC,0,5002782
yjbJ_predicted,0.045454545454545456,21,21,TATCGCGTGGGGTTGGAAAC,0,5006848
yjbJ_predicted,0.045454545454545456,21,21,TAGCTCCGAGTGTAACAGGA,0,5016248
yjbJ_predicted,0.045454545454545456,21,21,TAGCACACGGGATTCTCTAA,0,5004730
yjbJ_predicted,0.045454545454545456,21,21,TAGCAAAGTAGCATGCTGCA,0,5005172
yjbJ_predicted,0.045454545454545456,21,21,GTGTTGGGAACATAAATTGT,0,5005043
yjbJ_predicted,0.045454545454545456,21,21,GTCCCTTACTAGGTACATCA,0,5001419
yjbJ_predicted,0.045454545454545456,21,21,GTCACATATTTAGGCATCTA,0,4998925
yjbJ_predicted,0.045454545454545456,21,21,GTATGTTCCTCTTCAGGAAG,0,5010400
yjbJ_predicted,0.045454545454545456,21,21,GTACTCGGGACGGCCCTAGT,0,5026881
yjbJ_predicted,0.045454545454545456,21,21,GGTCTACATGAGTCCCGAGA,0,5004677
yjbJ_predicted,0.045454545454545456,21,21,GGTCAGGAGGCTAATTTTCG,0,4997078
yjbJ_predicted,0.045454545454545456,21,21,GGTCAGAGCGGAGTTACACG,0,4998181
yjbJ_predicted,0.045454545454545456,21,21,GGGTAGTTTGGAGTATCAGT,0,5001701
yjbJ_predicted,0.045454545454545456,21,21,GGGGAGCAACTCCGATCATG,0,4996510
yjbJ_predicted,0.045454545454545456,21,21,GGCGCTCCGGACTAAAAGTT,0,4997711
yjbJ_predicted,0.045454545454545456,21,21,GGACTTCGAGTCATGCCAGC,0,5008197
yjbJ_predicted,0.045454545454545456,21,21,GCTTGGGGACTTCGTGCGTG,0,5000029
yjbJ_predicted,0.045454545454545456,21,21,GCCTTTGTAAAGTCAAACTT,0,5005612
yjbJ_predicted,0.045454545454545456,21,21,GCATATTAATAGAAAAAACT,0,5006846
yjbJ_predicted,0.045454545454545456,21,21,GATGGGCGTAAGCCTCCTCA,0,5024837
yjbJ_predicted,0.045454545454545456,21,21,GAGCACGTTGGACGTTGCCA,0,5003717
yjbJ_predicted,0.045454545454545456,21,21,GAGCACGGGCAGCGTTCACT,0,5007277
yjbJ_predicted,0.045454545454545456,21,21,GACTTCGTAGATATAGCGAT,0,5029374
yjbJ_predicted,0.045454545454545456,21,21,GACCCAATGAGACCGTGAAT,0,5029335
yjbJ_predicted,0.045454545454545456,21,21,GACACGACTATGCGTGTACG,0,5002180
yjbJ_predicted,0.045454545454545456,21,21,CTGGAACTATATGGATTTTA,0,5009861
yjbJ_predicted,0.045454545454545456,21,21,CTGAATGATCTATTGACAGT,0,5026229
yjbJ_predicted,0.045454545454545456,21,21,CTAGGGTGTGTTCTCCGCCC,0,5027711
yjbJ_predicted,0.045454545454545456,21,21,CTAAAACAGTGGTGGGCCAG,0,5000233
yjbJ_predicted,0.045454545454545456,21,21,CGGGTAAGTAGAGTTGTCGT,0,5029464
yjbJ_predicted,0.045454545454545456,21,21,CGACTCGATAGATCATCGCT,0,5002316
yjbJ_predicted,0.045454545454545456,21,21,CCTATGCAGTCTTCATTTGT,0,4999467
yjbJ_predicted,0.045454545454545456,21,21,CCTAAGATTCTTTAGTATAG,0,5028243
yjbJ_predicted,0.045454545454545456,21,21,CCGGTTCTACATGACAGTAC,0,5005411
yjbJ_predicted,0.045454545454545456,21,21,CCCGATATCCACGTGCGGAG,0,4999955
yjbJ_predicted,0.045454545454545456,21,21,CCAGTCCACGGGGGTCCGCA,0,5000742
yjbJ_predicted,0.045454545454545456,21,21,CCAGCTCATGCGTCTGGACG,0,5020681
yjbJ_predicted,0.045454545454545456,21,21,CATGCCTGAAACTATAGCTC,0,5019757
yjbJ_predicted,0.045454545454545456,21,21,CATGAGAAGAGGGGTGTTCC,0,5005384
yjbJ_predicted,0.045454545454545456,21,21,CATATTGTATTGAGAATGAC,0,5006191
yjbJ_predicted,0.045454545454545456,21,21,CATAGAATAATTAGTGCGGA,0,5009522
yjbJ_predicted,0.045454545454545456,21,21,CAGTTCACTCAAGACCGTAA,0,5010251
yjbJ_predicted,0.045454545454545456,21,21,CAGGAAGGAGTTCGACAAGC,0,5030495
yjbJ_predicted,0.045454545454545456,21,21,ATGCTTTGTCCGTCCAGACT,0,5017217
yjbJ_predicted,0.045454545454545456,21,21,ATCTTGCTCACGGCAGCCTC,0,5022140
yjbJ_predicted,0.045454545454545456,21,21,ATCTTCGGGTGGTACGCCTC,0,5028148
yjbJ_predicted,0.045454545454545456,21,21,ATCACAGTTAACACTTGGTA,0,4999086
yjbJ_predicted,0.045454545454545456,21,21,ATAGTTCACGCATGCAAGCG,0,5017120
yjbJ_predicted,0.045454545454545456,21,21,ATACACTAGCTCATCAATAT,0,5019553
yjbJ_predicted,0.045454545454545456,21,21,AGTTGCCCCGATAATGCTGT,0,5007869
yjbJ_predicted,0.045454545454545456,21,21,AGTTCTTACGTAGGTCAACA,0,5025247
yjbJ_predicted,0.045454545454545456,21,21,AGTGGGTGTCTTATCCGCCA,0,5017585
yjbJ_predicted,0.045454545454545456,21,21,AGGTGCCGGCTATCCCTTAT,0,5019939
yjbJ_predicted,0.045454545454545456,21,21,AGATGAATCGCACCAATGAA,0,5018007
yjbJ_predicted,0.045454545454545456,21,21,AGAGCACTATTGACAGTCTT,0,4998792
yjbJ_predicted,0.045454545454545456,21,21,ACTTCCGGTATGAAGGCTCC,0,5028489
yjbJ_predicted,0.045454545454545456,21,21,ACGCTGATTCTGCATATTCA,0,5004592
yjbJ_predicted,0.045454545454545456,21,21,ACCGCTACGTCCCACTTGAT,0,5005331
yjbJ_predicted,0.045454545454545456,21,21,ACCCCCCGTGTCCGGGATAA,0,4995119
yjbJ_predicted,0.045454545454545456,21,21,AATTACCCTATTGGTCTTAC,0,5011977
yjbJ_predicted,0.045454545454545456,21,21,AACCTGCTTTCCATGGACAT,0,5013840
yjbJ_predicted,0.045454545454545456,21,21,AACCACGGCAGGGAGGGGCA,0,5000684
yjbJ_predicted,0.045454545454545456,21,21,AAATTGTCCTAAGTAGGAGA,0,5015075
yjbJ_predicted,0.045454545454545456,21,21,AAAGCGAAGTCGCTTTCATT,0,5022430
yjbJ_predicted,0.045454545454545456,21,21,AAACTCAGAAGTAGGAACAT,0,5005131
yjbJ_predicted,0.045454545454545456,21,21,AAACTCAATACTAAAGGTAG,0,5013373
yjbJ_predicted,0.047619047619047616,20,20,TTTGGAGGGGTCTCTGCCCC,0,5030118
yjbJ_predicted,0.047619047619047616,20,20,TTTGCAGCCGCGGCACCAAA,0,5019508
yjbJ_predicted,0.047619047619047616,20,20,TTGTGACCCAGTGGTAAGCA,0,5005430
yjbJ_predicted,0.047619047619047616,20,20,TTGGACCATGATTCTTGTAA,0,5006198
yjbJ_predicted,0.047619047619047616,20,20,TTGCGGACTAGACGCTTAGG,0,5018915
yjbJ_predicted,0.047619047619047616,20,20,TTGAACCGACAAAAATATCA,0,5024613
yjbJ_predicted,0.047619047619047616,20,20,TGTTGTGGCTTGGTTTAACT,0,5009520
yjbJ_predicted,0.047619047619047616,20,20,TGTCATCTGCGTTTTACGCA,0,5016989
yjbJ_predicted,0.047619047619047616,20,20,TGTAGCCATTGTCCCCTAAG,0,5015811
yjbJ_predicted,0.047619047619047616,20,20,TGGATCTCGCATAGAGACAT,0,5024665
yjbJ_predicted,0.047619047619047616,20,20,TGCCCCTCTCACATACTGCC,0,4997770
yjbJ_predicted,0.047619047619047616,20,20,TGCATGGGATCAGATTGCGG,0,5012396
yjbJ_predicted,0.047619047619047616,20,20,TGATTTGAGCGCTTCGGTAA,0,5002553
yjbJ_predicted,0.047619047619047616,20,20,TGAGCTATTTTCCCCCCTGT,0,4996685
yjbJ_predicted,0.047619047619047616,20,20,TGAGATCTGAGCCGACGGGA,0,5023719
yjbJ_predicted,0.047619047619047616,20,20,TGACCAGCTCCCGAGCGTCG,0,5004249
yjbJ_predicted,0.047619047619047616,20,20,TCGTCAGCACGGTGCGTAAC,0,5028359
yjbJ_predicted,0.047619047619047616,20,20,TCGACGGTACGCAGGACAGG,0,5007196
yjbJ_predicted,0.047619047619047616,20,20,TCCGGCAGCGGTCTCTTGTA,0,4997211
yjbJ_predicted,0.047619047619047616,20,20,TCCACATGTCCGATACTACC,0,5024656
yjbJ_predicted,0.047619047619047616,20,20,TCATACCTCGTTGCAGAGTC,0,5011934
yjbJ_predicted,0.047619047619047616,20,20,TCACTTGTGCATGCTGGAAT,0,5021912
yjbJ_predicted,0.047619047619047616,20,20,TATGTTGCTCAATGTCTCTC,0,5015399
yjbJ_predicted,0.047619047619047616,20,20,TATGGCTTGCTAGCCGGAAA,0,5002604
yjbJ_predicted,0.047619047619047616,20,20,TATGCCACGGTCCGCCTTCA,0,5004602
yjbJ_predicted,0.047619047619047616,20,20,TAGATTCTTAATCCATCAGC,0,5006098
yjbJ_predicted,0.047619047619047616,20,20,TACGTGCGCATGTTATTCGT,0,4995764
yjbJ_predicted,0.047619047619047616,20,20,TACCTTGCTCTGCTTCTTTA,0,5011042
yjbJ_predicted,0.047619047619047616,20,20,TACCCTGGAATGCGAGACCT,0,5006881
yjbJ_predicted,0.047619047619047616,20,20,TACACTGCTTGTTGACTGGT,0,5030581
yjbJ_predicted,0.047619047619047616,20,20,TACACTCCGCTTACCGGTAT,0,5003797
yjbJ_predicted,0.047619047619047616,20,20,TAAGTAAGCCGCATATACCG,0,5022074
yjbJ_predicted,0.047619047619047616,20,20,GTTTAGCATCACGTCGTAAA,0,5018490
yjbJ_predicted,0.047619047619047616,20,20,GTGATGTTTACTCACGGGCA,0,5010482
yjbJ_predicted,0.047619047619047616,20,20,GTCATGACCCGATTCCAACT,0,5021533
yjbJ_predicted,0.047619047619047616,20,20,GTATTGTGCTTGCTCCGTGT,0,5007097
yjbJ_predicted,0.047619047619047616,20,20,GTATTGCTCTTAAATTCTGA,0,4995806
yjbJ_predicted,0.047619047619047616,20,20,GTAGATTTTGACTGTTTAGA,0,5001777
yjbJ_predicted,0.047619047619047616,20,20,GGGTCCGGCGGGGTTCGTAT,0,5014784
yjbJ_predicted,0.047619047619047616,20,20,GGGGTATTCTTTAGCAAGCA,0,4999243
yjbJ_predicted,0.047619047619047616,20,20,GGGAGGTTAAAGTTCCAGCC,0,4997427
yjbJ_predicted,0.047619047619047616,20,20,GGGAACTTTGCTCAAGTACA,0,5028807
yjbJ_predicted,0.047619047619047616,20,20,GGCGCGGCATAGTTGCAGGC,0,5001056
yjbJ_predicted,0.047619047619047616,20,20,GGCACAAATCTTCGCGGAGG,0,4996230
yjbJ_predicted,0.047619047619047616,20,20,GGCAAGGCACCTGGCCCGCG,0,5012929
yjbJ_predicted,0.047619047619047616,20,20,GCGGCTCGAGGCGCGGCATC,0,5004605
yjbJ_predicted,0.047619047619047616,20,20,GCATTTTGGGTTGCTAATGA,0,5026111
yjbJ_predicted,0.047619047619047616,20,20,GATTGCTGGAAATGCGATCT,0,5009297
yjbJ_predicted,0.047619047619047616,20,20,GATCTTCGTTAGGCCAGAAC,0,5016637
yjbJ_predicted,0.047619047619047616,20,20,GAGACGTCGTTCACTGTTAA,0,5019897
yjbJ_predicted,0.047619047619047616,20,20,GAGAACGCTAGATAAGACCA,0,5015627
yjbJ_predicted,0.047619047619047616,20,20,GACATACCTGGCAAGCTAGT,0,5027537
yjbJ_predicted,0.047619047619047616,20,20,GACAGTTGACAACCGTTTCT,0,5016862
yjbJ_predicted,0.047619047619047616,20,20,CTGATCGGCTGATCGCCGTA,0,5024066
yjbJ_predicted,0.047619047619047616,20,20,CTCCGAGATGTGGTGAACAA,0,5030043
yjbJ_predicted,0.047619047619047616,20,20,CGTATACTCCCACTAGGGTA,0,5014973
yjbJ_predicted,0.047619047619047616,20,20,CGGTGCCTGGCAGTTGTCAA,0,5013659
yjbJ_predicted,0.047619047619047616,20,20,CGGGGGAAACGTTTGGGAGA,0,5016693
yjbJ_predicted,0.047619047619047616,20,20,CGAGTGTAAGGAGCCTTCGG,0,4999829
yjbJ_predicted,0.047619047619047616,20,20,CGAGGCGCCACTCCGGTCCC,0,5026205
yjbJ_predicted,0.047619047619047616,20,20,CGAGAAATGGCACCGACCCT,0,5005183
yjbJ_predicted,0.047619047619047616,20,20,CCTTCACGTAGCCCATGCTT,0,4999924
yjbJ_predicted,0.047619047619047616,20,20,CCTATGACTGCTCGCTTTCA,0,5011546
yjbJ_predicted,0.047619047619047616,20,20,CCTAACTTCTACCAGGATAA,0,5015926
yjbJ_predicted,0.047619047619047616,20,20,CCGGGTATTCTTCGGCTGTC,0,5000840
yjbJ_predicted,0.047619047619047616,20,20,CCGGAGCTTTTGTTTGGTTT,0,5002360
yjbJ_predicted,0.047619047619047616,20,20,CCGCTTTGTATATCAAAGTA,0,5007674
yjbJ_predicted,0.047619047619047616,20,20,CCGCTCTAATGGAGCATGGA,0,5000815
yjbJ_predicted,0.047619047619047616,20,20,CCACGGAATTACCTGTAGTC,0,4995175
yjbJ_predicted,0.047619047619047616,20,20,CATTATGGGTGCGTTCCCTA,0,5001864
yjbJ_predicted,0.047619047619047616,20,20,CATCCTAAGAGGAGGACCAA,0,5010435
yjbJ_predicted,0.047619047619047616,20,20,CAATGCGGGTCGTTCGTTGT,0,5026752
yjbJ_predicted,0.047619047619047616,20,20,CAAAAGAGATGCAGGATTAG,0,5013598
yjbJ_predicted,0.047619047619047616,20,20,ATTGTCCGGTCTCAGCTCGG,0,5004164
yjbJ_predicted,0.047619047619047616,20,20,ATCCATGTATGTATGATGGG,0,5020467
yjbJ_predicted,0.047619047619047616,20,20,ATAGGTCCACGTTATTTGCA,0,5002442
yjbJ_predicted,0.047619047619047616,20,20,ATAGCTACTGGCACCTGTCG,0,5011489
yjbJ_predicted,0.047619047619047616,20,20,AGCTTAACCCGACTATCTAT,0,5028648
yjbJ_predicted,0.047619047619047616,20,20,AGCTCGGTTGAGAACAGACA,0,5021753
yjbJ_predicted,0.047619047619047616,20,20,AGCCAACAGTCTGCACCATC,0,5015673
yjbJ_predicted,0.047619047619047616,20,20,AGATTACCGCGAAAACTACG,0,5016075
yjbJ_predicted,0.047619047619047616,20,20,ACTTAGCAGGACTCGTGACA,0,5017398
yjbJ_predicted,0.047619047619047616,20,20,ACTCGAATAGACTCGTTAAT,0,5003198
yjbJ_predicted,0.047619047619047616,20,20,ACGTACCATCTTGACCATCT,0,5012608
yjbJ_predicted,0.047619047619047616,20,20,ACGGCTTAGCACAACCGCGC,0,5003179
yjbJ_predicted,0.047619047619047616,20,20,ACCATAGCAGGATAGTGTTC,0,5021242
yjbJ_predicted,0.047619047619047616,20,20,ACCAGGGCCTCTGTGGGCGT,0,5030973
yjbJ_predicted,0.047619047619047616,20,20,AATCGCACCGCACGCGGATT,0,5001907
yjbJ_predicted,0.047619047619047616,20,20,AACTTGTCAGTTTGCCGGCT,0,5025019
yjbJ_predicted,0.047619047619047616,20,20,AACCATGGCTTTTAATCAAT,0,5011974
yjbJ_predicted,0.047619047619047616,20,20,AACAAGATCGGGTTAGGTGC,0,5003987
yjbJ_predicted,0.047619047619047616,20,20,AAACCATTACAGTCCCAAAA,0,5000202
yjbJ_predicted,0.047619047619047616,20,20,AAAACACACGTGATAGACAA,0,5011734
yjbJ_predicted,0.05,19,19,TTTTTGCCGGCATGGGAGTA,0,5010863
yjbJ_predicted,0.05,19,19,TTTCACCATGGCGGGCAAAA,0,4997206
yjbJ_predicted,0.05,19,19,TTGTTGGCGCTCGTTGGTCT,0,5012097
yjbJ_predicted,0.05,19,19,TTGTCGTCTTCTAAGATAAT,0,4997599
yjbJ_predicted,0.05,19,19,TTGAATGCAAGCGGTAAGCT,0,5005780
yjbJ_predicted,0.05,19,19,TTCGGATTCGCACTCACCCG,0,5022882
yjbJ_predicted,0.05,19,19,TTCGGAACATCCCCTAACTC,0,5015648
yjbJ_predicted,0.05,19,19,TTAGGGACGCCACTTCTCGA,0,5002461
yjbJ_predicted,0.05,19,19,TTAGAAGAATAGTGGACTGA,0,5021886
yjbJ_predicted,0.05,19,19,TTAACTGGAGGACAGAATAG,0,5022609
yjbJ_predicted,0.05,19,19,TGGTTTCCCCAATTTGACAT,0,5017931
yjbJ_predicted,0.05,19,19,TGGTTCTGCCATGGAAATTG,0,5011904
yjbJ_predicted,0.05,19,19,TGGGTCAATATAATCGGAAC,0,5002853
yjbJ_predicted,0.05,19,19,TGCTGCCTAATGGAGCACTA,0,5005776
yjbJ_predicted,0.05,19,19,TGCTAGTTTACCAGCGCTTT,0,5021173
yjbJ_predicted,0.05,19,19,TGCCCGCCGTTATATCTCAG,0,4998525
yjbJ_predicted,0.05,19,19,TGCATGGGAGTCACCAGACT,0,5013002
yjbJ_predicted,0.05,19,19,TGCAATGGCAAAAGTGAGTA,0,5029922
yjbJ_predicted,0.05,19,19,TGATAATGCGGGAGGTTACT,0,5010059
yjbJ_predicted,0.05,19,19,TGACAGGTAATAGTGCATAC,0,5023242
yjbJ_predicted,0.05,19,19,TCTGCGGATACCCCATGTGG,0,5011831
yjbJ_predicted,0.05,19,19,TCTGCATCGCATGACGAGGG,0,5011513
yjbJ_predicted,0.05,19,19,TCGGACCGAGACTATCCGAC,0,5017447
yjbJ_predicted,0.05,19,19,TCGATATAAAATCAGCGGCT,0,5001033
yjbJ_predicted,0.05,19,19,TATCCCACTACCCTAGTCGC,0,5009018
yjbJ_predicted,0.05,19,19,TACGCGATGCTTTACTATAG,0,5016343
yjbJ_predicted,0.05,19,19,TAAGACTGTGCGGTCCTGTC,0,5030343
yjbJ_predicted,0.05,19,19,GTGTCAAATAACAGGTGTTC,0,5009131
yjbJ_predicted,0.05,19,19,GTCACCTGGCGACTGTGGAT,0,5001908
yjbJ_predicted,0.05,19,19,GTATCTAGGCCCCCTAAAAT,0,5023845
yjbJ_predicted,0.05,19,19,GTAATATGCACGACAGTATA,0,5006434
yjbJ_predicted,0.05,19,19,GTAACTTTTAGCGGTTAAAT,0,5027331
yjbJ_predicted,0.05,19,19,GGTCGTGGACTCGGACTGCA,0,5016978
yjbJ_predicted,0.05,19,19,GGTAGCAGCTTGAGCTCTAA,0,5021476
yjbJ_predicted,0.05,19,19,GGGGTTGTCATTTTGTGGCC,0,5013992
yjbJ_predicted,0.05,19,19,GGAGCTACCTAGCGTGCTCT,0,4994684
yjbJ_predicted,0.05,19,19,GCTTTAGCGTGGTATCGCTT,0,5017431
yjbJ_predicted,0.05,19,19,GCTTGGCTATCACGCACGGT,0,5011984
yjbJ_predicted,0.05,19,19,GCCGTTGGTCTGAACTTTCA,0,5023095
yjbJ_predicted,0.05,19,19,GCAAATAATTTTCGGGCTGC,0,5007872
yjbJ_predicted,0.05,19,19,GATTCTAGGCAACACGTCCA,0,5020794
yjbJ_predicted,0.05,19,19,GATGCTTAGGAGCACATCTA,0,5002397
yjbJ_predicted,0.05,19,19,GATCATACTGCGAGTTTAGA,0,5000744
yjbJ_predicted,0.05,19,19,GATCAACAGGAAATAGTCAT,0,5012938
yjbJ_predicted,0.05,19,19,GAGGTGTTCTGCACATAAGT,0,5012470
yjbJ_predicted,0.05,19,19,GAGCACTTGGCCGGCAGTCA,0,4997844
yjbJ_predicted,0.05,19,19,GACAAAGGCTTGGATAACTT,0,4994711
yjbJ_predicted,0.05,19,19,GAAGTTTATCTGGTGTCGGT,0,5024027
yjbJ_predicted,0.05,19,19,GAACAGGGCGTGTGGTCTTC,0,5004028
yjbJ_predicted,0.05,19,19,CTTATGAGAAATATAACCCT,0,5030119
yjbJ_predicted,0.05,19,19,CTGTCGTTGCTCATTTAGAT,0,5022765
yjbJ_predicted,0.05,19,19,CTGTCCGGCCATTAAGCCCT,0,5012363
yjbJ_predicted,0.05,19,19,CTGGTTATGGGACGTCGGCA,0,4996987
yjbJ_predicted,0.05,19,19,CTCTCAAGGTGCTGCCAGCA,0,5009213
yjbJ_predicted,0.05,19,19,CTCTAAAACAGTGCTCGACC,0,5012827
yjbJ_predicted,0.05,19,19,CTACCGTTATGTTGCGCGAG,0,5016792
yjbJ_predicted,0.05,19,19,CTAACTCCGATATCACATGA,0,4994969
yjbJ_predicted,0.05,19,19,CTAAACCGACATCCTCGTCT,0,5009435
yjbJ_predicted,0.05,19,19,CGTGAAGTGTGCCCCTGTCA,0,5002365
yjbJ_predicted,0.05,19,19,CGTCCGCCTCGTAAAACCTA,0,5010594
yjbJ_predicted,0.05,19,19,CGCTCATAGCTGTCATACAT,0,5016018
yjbJ_predicted,0.05,19,19,CGACGTGCCGTGGCGACCTC,0,4996283
yjbJ_predicted,0.05,19,19,CGACGACCACTCTAATAAGG,0,5019584
yjbJ_predicted,0.05,19,19,CGAATTTAACGACAAGACTG,0,5027447
yjbJ_predicted,0.05,19,19,CCGGTACGAGTCTAGGATAG,0,5000516
yjbJ_predicted,0.05,19,19,CCGGCTCCAGGTGTTAGCCG,0,5022052
yjbJ_predicted,0.05,19,19,CCGATGTGGACTGCATGGAG,0,5021752
yjbJ_predicted,0.05,19,19,CCGAGGCACTGTCTCGGCTC,0,5018620
yjbJ_predicted,0.05,19,19,CCCGTAAATAGACCGCTAGA,0,5012240
yjbJ_predicted,0.05,19,19,CCCCCCGAGATTGTGAGAGA,0,5012445
yjbJ_predicted,0.05,19,19,CCAAAGCTGCCTCTGCAGGG,0,5021016
yjbJ_predicted,0.05,19,19,CAGAGTCACCCCACTGTCGC,0,5029514
yjbJ_predicted,0.05,19,19,CACAGGCCCCTTTCAAATCA,0,4998460
yjbJ_predicted,0.05,19,19,CAAGGCTTGGCTAAAATGAG,0,5005468
yjbJ_predicted,0.05,19,19,CAAGGAGTGGGCGGGGCGAG,0,5011987
yjbJ_predicted,0.05,19,19,ATGTTTATGGGTTGAGCATA,0,5004465
yjbJ_predicted,0.05,19,19,ATCGTCTTCATGACAATGTA,0,4999960
yjbJ_predicted,0.05,19,19,ATACGAGGAGGCCTTGCAAC,0,5021541
yjbJ_predicted,0.05,19,19,AGTATAGGGGCGCATCGATG,0,5006140
yjbJ_predicted,0.05,19,19,AGGCAATTGTGCTAAAGAGA,0,4998361
yjbJ_predicted,0.05,19,19,AGCTCCTCGGCCTACCGGGT,0,5028259
yjbJ_predicted,0.05,19,19,AGCCGTATGCCACTAATCTA,0,5006030
yjbJ_predicted,0.05,19,19,AGATGTATCGGGTATGAACT,0,5002079
yjbJ_predicted,0.05,19,19,AGACTTAGCACTCTCGTTTG,0,5019885
yjbJ_predicted,0.05,19,19,AGAAGCGAGTGTAGACAACG,0,5018215
yjbJ_predicted,0.05,19,19,ACTGGTTAGAGCCCAGGGCT,0,5006106
yjbJ_predicted,0.05,19,19,ACTCCGCTTCTCGCTAGATT,0,5023415
yjbJ_predicted,0.05,19,19,ACGTTTACTGAAATAGTGCA,0,5023899
yjbJ_predicted,0.05,19,19,ACGGGATAGGGACGTACAAG,0,5002551
yjbJ_predicted,0.05,19,19,ACGAGGCTACTATACTATCT,0,5003279
yjbJ_predicted,0.05,19,19,ACCATAGCCCAAGGGCAGGG,0,5002204
yjbJ_predicted,0.05,19,19,ACCAATAGGTAAGGTGTCGC,0,5011748
yjbJ_predicted,0.05,19,19,ACATTAAGTGTACAGCTACT,0,4998206
yjbJ_predicted,0.05,19,19,AATTACTTTGACACTTCTAT,0,5004039
yjbJ_predicted,0.05,19,19,AATCGTAGCCTTATAGGAAT,0,5015337
yjbJ_predicted,0.05,19,19,AAGCTCAAAGGCAACCCTTT,0,5007941
yjbJ_predicted,0.05,19,19,AAGACTAAGCACGGGACTGA,0,5004250
yjbJ_predicted,0.05,19,19,AACTTGGGATGACTGCGCAG,0,5027816
yjbJ_predicted,0.05,19,19,AACGCAGGACTAGCTCGCTT,0,5029742
yjbJ_predicted,0.05,19,19,AACGACTAGCCGTACCGTTG,0,4995852
yjbJ_predicted,0.05,19,19,AAAGTTATAGTACGTCACCA,0,5024524
yjbJ_predicted,0.05263157894736842,18,18,TTTTACTAAGTTTATCGGCA,0,5022441
yjbJ_predicted,0.05263157894736842,18,18,TTCCACGATTTGGGTAATGA,0,4999800
yjbJ_predicted,0.05263157894736842,18,18,TTAATGGGAGATTCGCGCAG,0,5004762
yjbJ_predicted,0.05263157894736842,18,18,TTAAGTGTACGATCCGGATC,0,5011329
yjbJ_predicted,0.05263157894736842,18,18,TGTGACGTCAAGCACTCTAC,0,5005907
yjbJ_predicted,0.05263157894736842,18,18,TGCCTTGCGGCTTCATCTAA,0,5011497
yjbJ_predicted,0.05263157894736842,18,18,TGCATCCTGGGCGAAAGGAT,0,5024232
yjbJ_predicted,0.05263157894736842,18,18,TCTCTGTGAAAATGTGTTTA,0,5010524
yjbJ_predicted,0.05263157894736842,18,18,TCGTAACCGGGAGCGCGGAC,0,5027381
yjbJ_predicted,0.05263157894736842,18,18,TCCTGTAAGGTGGGCTAAGA,0,5021942
yjbJ_predicted,0.05263157894736842,18,18,TCCAGGGATCTCATGAATAA,0,5014847
yjbJ_predicted,0.05263157894736842,18,18,TCCAGCGCAGGTTTTCCCCG,0,4998551
yjbJ_predicted,0.05263157894736842,18,18,TAGAGCAGGGATGAGGAGTT,0,5008508
yjbJ_predicted,0.05263157894736842,18,18,TAAGGGGCAAACGCGAACGG,0,5025365
yjbJ_predicted,0.05263157894736842,18,18,TAACGAATGATTTGCGTGCC,0,4999762
yjbJ_predicted,0.05263157894736842,18,18,GTTACAGAAACAGAAGTGGA,0,5018214
yjbJ_predicted,0.05263157894736842,18,18,GTTAATTCCGAAAAGACGAA,0,5015608
yjbJ_predicted,0.05263157894736842,18,18,GTGTTGATACGACTAGGGTC,0,5025613
yjbJ_predicted,0.05263157894736842,18,18,GTCTGCTCTACGAGCGTCGG,0,5027995
yjbJ_predicted,0.05263157894736842,18,18,GTCCCAACAGGTGTGCGTTT,0,5006143
yjbJ_predicted,0.05263157894736842,18,18,GTAAGGAGGATAAGAGAGAT,0,5022296
yjbJ_predicted,0.05263157894736842,18,18,GGTTATTACTTAGGCGCAAC,0,5005215
yjbJ_predicted,0.05263157894736842,18,18,GGTATAATGCACTGAGATGT,0,5020341
yjbJ_predicted,0.05263157894736842,18,18,GGGTAAGCTCCACACGCACA,0,5004491
yjbJ_predicted,0.05263157894736842,18,18,GGGGCCATCCACGCGTCCGG,0,5017506
yjbJ_predicted,0.05263157894736842,18,18,GGGGACTTGGAGCGAAACGA,0,5022111
yjbJ_predicted,0.05263157894736842,18,18,GGCGTCACTTAAGGAGATAT,0,5024776
yjbJ_predicted,0.05263157894736842,18,18,GGCCTTTAAAGCCGTACGTA,0,5006648
yjbJ_predicted,0.05263157894736842,18,18,GGCAACCACGGATACACTGT,0,5016742
yjbJ_predicted,0.05263157894736842,18,18,GGAGTTTCGGACCAGGGTTT,0,5004341
yjbJ_predicted,0.05263157894736842,18,18,GGAATTATCCGCATTGTCCT,0,5015766
yjbJ_predicted,0.05263157894736842,18,18,GGAACGGCGAGTCAGGGCGC,0,4999559
yjbJ_predicted,0.05263157894736842,18,18,GCTGTTTCCCGCGACGCGGA,0,5000109
yjbJ_predicted,0.05263157894736842,18,18,GCGTGGGTTTATGGGCACTA,0,5017957
yjbJ_predicted,0.05263157894736842,18,18,GCCGGTAAAGCCGCGTAGCG,0,5026750
yjbJ_predicted,0.05263157894736842,18,18,GCCATATCCGAAACGAGTAC,0,5026090
yjbJ_predicted,0.05263157894736842,18,18,GATAAGGACCCAATTCATAG,0,5012279
yjbJ_predicted,0.05263157894736842,18,18,GAGTTGGATCACCATCATCA,0,5016810
yjbJ_predicted,0.05263157894736842,18,18,GAGCGCCGAGGTCTTGTCGT,0,5027357
yjbJ_predicted,0.05263157894736842,18,18,GACTTGGCGGATAGGAATTT,0,5012015
yjbJ_predicted,0.05263157894736842,18,18,GACGTGCGCCCGCACTTGGC,0,5018378
yjbJ_predicted,0.05263157894736842,18,18,CTTACTTTGGTTGGAATGGT,0,5008311
yjbJ_predicted,0.05263157894736842,18,18,CTGCTCCGTAAGATTCCTAC,0,5001282
yjbJ_predicted,0.05263157894736842,18,18,CGTTGCGGTCACGGGCCAAT,0,5007119
yjbJ_predicted,0.05263157894736842,18,18,CGTGAAATGCCAATGATGAA,0,5006340
yjbJ_predicted,0.05263157894736842,18,18,CGGGCTGACTGGGCGCTCAT,0,5020353
yjbJ_predicted,0.05263157894736842,18,18,CGGCAATTACGTAGTCGAGA,0,4997778
yjbJ_predicted,0.05263157894736842,18,18,CGGACTAACCGACCCAGTAC,0,4998435
yjbJ_predicted,0.05263157894736842,18,18,CGGAAGGTAACGGTTACGAC,0,5009600
yjbJ_predicted,0.05263157894736842,18,18,CGGAAGATGATGTGCAGTGG,0,5005012
yjbJ_predicted,0.05263157894736842,18,18,CGCGCTCGATGTCAATATGC,0,5004984
yjbJ_predicted,0.05263157894736842,18,18,CGCCTACTCATCAAACGCAT,0,4995028
yjbJ_predicted,0.05263157894736842,18,18,CGCCGGCATACGGCCGCCCG,0,5022840
yjbJ_predicted,0.05263157894736842,18,18,CGCACGACCCGGTACTGATC,0,5009166
yjbJ_predicted,0.05263157894736842,18,18,CGAGGTTAGTAACATCACAC,0,5022240
yjbJ_predicted,0.05263157894736842,18,18,CGAGCTATGCTTAGGTGCAA,0,5010528
yjbJ_predicted,0.05263157894736842,18,18,CGACAGGACGATTATAGGTT,0,5005392
yjbJ_predicted,0.05263157894736842,18,18,CGAAGTTTGACACGCGTGGA,0,5024914
yjbJ_predicted,0.05263157894736842,18,18,CGAAAGTCCTAATGGTGAAT,0,5020604
yjbJ_predicted,0.05263157894736842,18,18,CCTTATAACATGGTATTCGT,0,5016209
yjbJ_predicted,0.05263157894736842,18,18,CCTAGAAAATAATGATACAT,0,5003373
yjbJ_predicted,0.05263157894736842,18,18,CCGGGCTACCAGCGGTGGAC,0,5030033
yjbJ_predicted,0.05263157894736842,18,18,CCGGCTCCGTACAAGAACCA,0,4995891
yjbJ_predicted,0.05263157894736842,18,18,CCGGCCGGTACAGGTTCACT,0,5019433
yjbJ_predicted,0.05263157894736842,18,18,CCGCCTCACGCGATGGCGCG,0,5016633
yjbJ_predicted,0.05263157894736842,18,18,CCGACGATGCTTGTGCTTAT,0,5005578
yjbJ_predicted,0.05263157894736842,18,18,CCCGTGAGGGCGCAGCAGGG,0,5016391
yjbJ_predicted,0.05263157894736842,18,18,CCCATGCCTGACAATCATAT,0,5009469
yjbJ_predicted,0.05263157894736842,18,18,CCCAGTGCGATTAAGGAATT,0,5005491
yjbJ_predicted,0.05263157894736842,18,18,CCACTGGTGTCAAGCTGTGG,0,5015551
yjbJ_predicted,0.05263157894736842,18,18,CCACGCGAGTTTGCTGTCCA,0,5023814
yjbJ_predicted,0.05263157894736842,18,18,CCACGACGACTCCGCTTATA,0,5013693
yjbJ_predicted,0.05263157894736842,18,18,CATCAGGAACTGCACGCAGT,0,5029741
yjbJ_predicted,0.05263157894736842,18,18,CAGGGACAGCGGCTGCCCGG,0,5026028
yjbJ_predicted,0.05263157894736842,18,18,CACCACGGCAGCATAATCAA,0,5022362
yjbJ_predicted,0.05263157894736842,18,18,CAACATCAGCGACATGTTGC,0,5011238
yjbJ_predicted,0.05263157894736842,18,18,CAAAGAGTGTAGGCAATATT,0,5018087
yjbJ_predicted,0.05263157894736842,18,18,CAAACGCCCATGTAGGTCGC,0,5015469
yjbJ_predicted,0.05263157894736842,18,18,CAAAACTCCCGCGACAAACA,0,5001758
yjbJ_predicted,0.05263157894736842,18,18,ATTTCGGTCTTACTGAGCTT,0,5009427
yjbJ_predicted,0.05263157894736842,18,18,ATTAATGGAATATTCGTGCT,0,5005576
yjbJ_predicted,0.05263157894736842,18,18,ATCGGTGGGAAATATGCATC,0,5001050
yjbJ_predicted,0.05263157894736842,18,18,ATCCGCGTCTTCGCACTTAT,0,5020277
yjbJ_predicted,0.05263157894736842,18,18,ATCCGACCACATGTCTGTTA,0,5029159
yjbJ_predicted,0.05263157894736842,18,18,ATACTTTAAGTGGCCTAGGG,0,5008432
yjbJ_predicted,0.05263157894736842,18,18,AGTGTGAGCAGGTGGGCGGT,0,5024974
yjbJ_predicted,0.05263157894736842,18,18,AGTGGTCTCAGGATCCGATG,0,5005275
yjbJ_predicted,0.05263157894736842,18,18,AGTAGAAACCTAGGAAGGGA,0,5017956
yjbJ_predicted,0.05263157894736842,18,18,AGGTCACGCAACCGAGAGTA,0,5028064
yjbJ_predicted,0.05263157894736842,18,18,AGGCTGCATAGTCATGTACA,0,5026359
yjbJ_predicted,0.05263157894736842,18,18,AGGCATCTCTGGACGTTAGA,0,5012617
yjbJ_predicted,0.05263157894736842,18,18,AGGACGCCCGTATTCTTGTG,0,5000819
yjbJ_predicted,0.05263157894736842,18,18,AGCTTACAATCCGCTTGTAG,0,5001093
yjbJ_predicted,0.05263157894736842,18,18,AGCTACCTAGTGATGCTCTA,0,4999199
yjbJ_predicted,0.05263157894736842,18,18,AGATTGGCATGGAATAGCCG,0,5001004
yjbJ_predicted,0.05263157894736842,18,18,AGATCGAGGCAGCGTCACGT,0,5003492
yjbJ_predicted,0.05263157894736842,18,18,ACATTCACAATATACCCTTG,0,5017558
yjbJ_predicted,0.05263157894736842,18,18,ACAGCGCAGCCAAACGAGAT,0,5011609
yjbJ_predicted,0.05263157894736842,18,18,ACACAACAGAGAATTCATAT,0,5014785
yjbJ_predicted,0.05263157894736842,18,18,AATCTTAGTTACATTATTAA,0,5002269
yjbJ_predicted,0.05263157894736842,18,18,AATCCACTAATGCTGCGCGA,0,5022921
yjbJ_predicted,0.05263157894736842,18,18,AAGCTCACCGCTCAGTGACT,0,5021348
yjbJ_predicted,0.05263157894736842,18,18,AAGCACGGACTTGTAACAAA,0,5027855
yjbJ_predicted,0.05263157894736842,18,18,AAGACTAAGTGAAGGTCACA,0,5019978
yjbJ_predicted,0.05263157894736842,18,18,AAGACCGGAGACATCGTGGC,0,5024478
yjbJ_predicted,0.05263157894736842,18,18,AAGACACAGTTGATGCACCA,0,5000037
yjbJ_predicted,0.05263157894736842,18,18,AACTAAGTAGTTGTAGAAAT,0,5022407
yjbJ_predicted,0.05263157894736842,18,18,AACGACTTGACAAGGCACAT,0,5002544
yjbJ_predicted,0.05263157894736842,18,18,AAAGGCTTTTCTCTCGGATA,0,5020897
yjbJ_predicted,0.05263157894736842,18,18,AAAGATGGTCGCCCGTTGTC,0,5024367
yjbJ_predicted,0.05263157894736842,18,18,AAACAGAGTAACCCGTGCTT,0,5001156
yjbJ_predicted,0.05263157894736842,18,18,AAAAGAATCCAGGATGTAGA,0,5005407
yjbJ_predicted,0.05263157894736842,18,18,AAAACCGCCAAGCGCCAGAT,0,5021387
yjbJ_predicted,0.05555555555555555,17,17,TTGTAGTTTAATGTCCCGCG,0,4996874
yjbJ_predicted,0.05555555555555555,17,17,TTCGGTTGTAGAGGGACGAA,0,5005630
yjbJ_predicted,0.05555555555555555,17,17,TTCGGCTTCCTTCGACCAGT,0,5000110
yjbJ_predicted,0.05555555555555555,17,17,TTCGATTTTCATGCTTGGAG,0,5013173
yjbJ_predicted,0.05555555555555555,17,17,TTCAGTTGCCCCCGCATCTT,0,4994822
yjbJ_predicted,0.05555555555555555,17,17,TGTGAGACGTTAATTGAGGA,0,5001250
yjbJ_predicted,0.05555555555555555,17,17,TGTACCGGACCGTTCCACTT,0,5025023
yjbJ_predicted,0.05555555555555555,17,17,TGGTGTAGAGGGCGCAAGAC,0,5015611
yjbJ_predicted,0.05555555555555555,17,17,TGGTCACGATGCGCCCTGAG,0,5025031
yjbJ_predicted,0.05555555555555555,17,17,TGGTAGACCATTTAACGTGT,0,5022811
yjbJ_predicted,0.05555555555555555,17,17,TGGTAACTATGCGCCGCACA,0,5019185
yjbJ_predicted,0.05555555555555555,17,17,TGGATATGCTTCGGTACCGA,0,5001162
yjbJ_predicted,0.05555555555555555,17,17,TGCTCCTAGTCATGAGCGCG,0,4996217
yjbJ_predicted,0.05555555555555555,17,17,TGCTACACCGCTGAGTTACT,0,5001867
yjbJ_predicted,0.05555555555555555,17,17,TGCGTCTCGCACGACGGTTA,0,5029047
yjbJ_predicted,0.05555555555555555,17,17,TGCAACCACTGCAGGCTCGA,0,5011161
yjbJ_predicted,0.05555555555555555,17,17,TGAGTATCTATAGCCAAACT,0,5000119
yjbJ_predicted,0.05555555555555555,17,17,TCTTCCATGTTGTTGCCTTA,0,5001518
yjbJ_predicted,0.05555555555555555,17,17,TCTGGTTGTACGTTCAAAAT,0,5008117
yjbJ_predicted,0.05555555555555555,17,17,TCTAGGGGGCTTAAGTCTGG,0,5009629
yjbJ_predicted,0.05555555555555555,17,17,TCGTTATGTTGGCTACAAGC,0,4997077
yjbJ_predicted,0.05555555555555555,17,17,TCGGGGTTTGCCGTCTTGGT,0,5014612
yjbJ_predicted,0.05555555555555555,17,17,TCCGCTGACGCTTACTACCA,0,5000028
yjbJ_predicted,0.05555555555555555,17,17,TCCGCAAACGATCGGCCTAG,0,5009291
yjbJ_predicted,0.05555555555555555,17,17,TCATCCATCCATACCGTAGC,0,5009021
yjbJ_predicted,0.05555555555555555,17,17,TCAGGGCCACGACTATAACT,0,4998659
yjbJ_predicted,0.05555555555555555,17,17,TATTTCGCTTAGGAAGTTTC,0,5027103
yjbJ_predicted,0.05555555555555555,17,17,TATGTTCGTTGCATCATTAG,0,4996057
yjbJ_predicted,0.05555555555555555,17,17,TATGCAACCACCTTGGACTG,0,5016155
yjbJ_predicted,0.05555555555555555,17,17,TAGAGTATCCCGGGGGGTAT,0,5028131
yjbJ_predicted,0.05555555555555555,17,17,TAGAGGTCACGGTCTTGCTA,0,5018552
yjbJ_predicted,0.05555555555555555,17,17,TACTATATCCCATTAATAGT,0,4998574
yjbJ_predicted,0.05555555555555555,17,17,GTTTGAACCTCCCGGCCCCT,0,5004343
yjbJ_predicted,0.05555555555555555,17,17,GTTTAAGGTCATGACTGTGT,0,5012402
yjbJ_predicted,0.05555555555555555,17,17,GTTTAACTTAGGCAGAGATG,0,5024802
yjbJ_predicted,0.05555555555555555,17,17,GTTGGGAATTTCGGAGAACA,0,5022181
yjbJ_predicted,0.05555555555555555,17,17,GTTGCAGAGTCATTAGCGGT,0,5019226
yjbJ_predicted,0.05555555555555555,17,17,GTTATTAGTCTCAGCATTGA,0,5014513
yjbJ_predicted,0.05555555555555555,17,17,GTTATTAAACATGGAGCAAG,0,5006246
yjbJ_predicted,0.05555555555555555,17,17,GTTAAAATCCACAACCCGTT,0,4996105
yjbJ_predicted,0.05555555555555555,17,17,GTGGTGTGTATTAGAATCGA,0,5031222
yjbJ_predicted,0.05555555555555555,17,17,GTCGATTTTGCAAAGTTTCG,0,5029363
yjbJ_predicted,0.05555555555555555,17,17,GTCCTACCCCGGGTACTTGT,0,5004193
yjbJ_predicted,0.05555555555555555,17,17,GTCCTAAATCGACTAATCGA,0,5014344
yjbJ_predicted,0.05555555555555555,17,17,GGTTTCATTGGGTTTCCCGT,0,5010080
yjbJ_predicted,0.05555555555555555,17,17,GGTTGGAACTCACAGCGGCT,0,4997383
yjbJ_predicted,0.05555555555555555,17,17,GGGTTTATGGCTCACAGGCT,0,5018125
yjbJ_predicted,0.05555555555555555,17,17,GGGTCAGACTTATTAATCGC,0,5002703
yjbJ_predicted,0.05555555555555555,17,17,GGGCCAAGATATTGATCTAC,0,5016399
yjbJ_predicted,0.05555555555555555,17,17,GGGAGTGGCGAAAAAGAATT,0,5016045
yjbJ_predicted,0.05555555555555555,17,17,GGGACCCCTGTCCCCCGTGT,0,4999841
yjbJ_predicted,0.05555555555555555,17,17,GGCCGCACCTGGGGTGGAAA,0,5014566
yjbJ_predicted,0.05555555555555555,17,17,GGCATTATAACTATTCACAA,0,5003718
yjbJ_predicted,0.05555555555555555,17,17,GGCAGCCAGGCTTATGTCTT,0,5018753
yjbJ_predicted,0.05555555555555555,17,17,GGCACACTAGCAACCGTTAA,0,5014219
yjbJ_predicted,0.05555555555555555,17,17,GGATTAGGGTCGTACCATTT,0,5025809
yjbJ_predicted,0.05555555555555555,17,17,GGATGAGCGACTCCAGCGTG,0,5005284
yjbJ_predicted,0.05555555555555555,17,17,GGATACACTATTTCACTCGT,0,5010727
yjbJ_predicted,0.05555555555555555,17,17,GGAAGCGCCTTTGACTTGGT,0,5008660
yjbJ_predicted,0.05555555555555555,17,17,GCTGTAAGGTTACCTGTCAG,0,5030778
yjbJ_predicted,0.05555555555555555,17,17,GCGCGCGCTATCTGATGCCC,0,5030801
yjbJ_predicted,0.05555555555555555,17,17,GCGCGCATTCGCTGCATGGA,0,5012181
yjbJ_predicted,0.05555555555555555,17,17,GCCTTTGCCGAATGACATAT,0,5006863
yjbJ_predicted,0.05555555555555555,17,17,GCCTAAGGGGTTTCATAAGC,0,5020132
yjbJ_predicted,0.05555555555555555,17,17,GCCCCATTCTAACAGCCTTG,0,5028888
yjbJ_predicted,0.05555555555555555,17,17,GCAGGTTCATGTTAGGGGAA,0,5003940
yjbJ_predicted,0.05555555555555555,17,17,GATTGGACCGATACATACAG,0,5010163
yjbJ_predicted,0.05555555555555555,17,17,GAGGGAGGCCGCGTGCGGTA,0,5023241
yjbJ_predicted,0.05555555555555555,17,17,GAGGAATACTCGTCGCGGAT,0,5004204
yjbJ_predicted,0.05555555555555555,17,17,GACGTACCGCAGTAAACCGA,0,5000033
yjbJ_predicted,0.05555555555555555,17,17,GACGAGCCGGAGAAGTCAGT,0,5010793
yjbJ_predicted,0.05555555555555555,17,17,GACAGAGCCATCTGAATCCC,0,5021882
yjbJ_predicted,0.05555555555555555,17,17,GAACTCTGCTAATTAATCTC,0,5007036
yjbJ_predicted,0.05555555555555555,17,17,GAACAGGTGCAAGCACGTTG,0,5010279
yjbJ_predicted,0.05555555555555555,17,17,GAAAATACGGTACTGGAATG,0,5019036
yjbJ_predicted,0.05555555555555555,17,17,CTTCTCAATGAGTGTGCTTG,0,5004596
yjbJ_predicted,0.05555555555555555,17,17,CTTACGTTAAGTATGCGGTG,0,5000514
yjbJ_predicted,0.05555555555555555,17,17,CTGTTTGCAGCCGCCCGCTT,0,5005898
yjbJ_predicted,0.05555555555555555,17,17,CTGTCACTTTCTCTTGCCTC,0,5012986
yjbJ_predicted,0.05555555555555555,17,17,CTGTATCTGGCAAGCAAAAA,0,5010838
yjbJ_predicted,0.05555555555555555,17,17,CTGGGGACGGCACCGGTAAA,0,5014275
yjbJ_predicted,0.05555555555555555,17,17,CTGCGGGAAACTTGGTGGAA,0,5013222
yjbJ_predicted,0.05555555555555555,17,17,CTCCGTCTCACAAATAATGA,0,5029945
yjbJ_predicted,0.05555555555555555,17,17,CTCCCGGTGTTAAGGGCGAG,0,5028601
yjbJ_predicted,0.05555555555555555,17,17,CTCATGCCTATTGCATTCTG,0,5001584
yjbJ_predicted,0.05555555555555555,17,17,CTCACTATGCCGGCTAATGC,0,5000869
yjbJ_predicted,0.05555555555555555,17,17,CTAGATTAGCCTGTGAATGT,0,4995110
yjbJ_predicted,0.05555555555555555,17,17,CTACGGATCCCCGTGAGGGT,0,4996170
yjbJ_predicted,0.05555555555555555,17,17,CTACACTCTTTTTATGGTGT,0,5000505
yjbJ_predicted,0.05555555555555555,17,17,CGTTACGACGGAGCGTCTAT,0,5004558
yjbJ_predicted,0.05555555555555555,17,17,CGTGCCTTCATTTATGAATT,0,5022934
yjbJ_predicted,0.05555555555555555,17,17,CGTGCCCAACAAGCAAGGCC,0,4995366
yjbJ_predicted,0.05555555555555555,17,17,CGGGATATCGTTAGTCTTCT,0,5007512
yjbJ_predicted,0.05555555555555555,17,17,CGGCCTAGGATCTTAGGCAT,0,5021730
yjbJ_predicted,0.05555555555555555,17,17,CGGATGAATCTGGTTACGTC,0,5002783
yjbJ_predicted,0.05555555555555555,17,17,CGCCGGGACCTGACGTTCGA,0,5012719
yjbJ_predicted,0.05555555555555555,17,17,CGCAAATCGTAGCCCAGGTA,0,5024811
yjbJ_predicted,0.05555555555555555,17,17,CGACCTGACGGACTATGGAA,0,5025621
yjbJ_predicted,0.05555555555555555,17,17,CCTGGGAGGTCGAAAGCCGC,0,5018795
yjbJ_predicted,0.05555555555555555,17,17,CCTCGGACTTACCAGTATTT,0,5010949
yjbJ_predicted,0.05555555555555555,17,17,CCGACGGGCTATACGGCAAA,0,5015674
yjbJ_predicted,0.05555555555555555,17,17,CCCGCTAGATTGGGAACCAA,0,4996663
yjbJ_predicted,0.05555555555555555,17,17,CCCCCGTTCTGTTGAGGAAT,0,5013873
yjbJ_predicted,0.05555555555555555,17,17,CCCAACTTGATGTAGCAGGA,0,5009571
yjbJ_predicted,0.05555555555555555,17,17,CCAGTTCGTTTAGTAGTTTG,0,5012754
yjbJ_predicted,0.05555555555555555,17,17,CCAGCATGCGCGACCCCAGT,0,5028828
yjbJ_predicted,0.05555555555555555,17,17,CCAATGCGCCTAGGTGTGGC,0,5009139
yjbJ_predicted,0.05555555555555555,17,17,CAGGAGATTATACTTTTGTT,0,5023748
yjbJ_predicted,0.05555555555555555,17,17,CACGGTTATTAGGTAAAAGA,0,5012439
yjbJ_predicted,0.05555555555555555,17,17,CACGGTCTGCGGCAGTAATC,0,5017760
yjbJ_predicted,0.05555555555555555,17,17,CACATTTGTAATACTTCATA,0,5025315
yjbJ_predicted,0.05555555555555555,17,17,CAATGCTTAGTTCAAGGAGT,0,5028343
yjbJ_predicted,0.05555555555555555,17,17,CAACTACAGCGTCGCGATAC,0,5025974
yjbJ_predicted,0.05555555555555555,17,17,ATGTATGCCCGGCCTATTCA,0,5028088
yjbJ_predicted,0.05555555555555555,17,17,ATCGATACATGAGGCCTCTG,0,5002227
yjbJ_predicted,0.05555555555555555,17,17,ATCATATGCTTAAATAAGAA,0,5011083
yjbJ_predicted,0.05555555555555555,17,17,ATATGTCCTGTTATAATGTG,0,5021178
yjbJ_predicted,0.05555555555555555,17,17,AGGCGGGTGAATAGGTAGCA,0,5018751
yjbJ_predicted,0.05555555555555555,17,17,AGGACGTTTCTAGGATAGAA,0,5008372
yjbJ_predicted,0.05555555555555555,17,17,AGCTCCTTCGAGGCACCATA,0,5030020
yjbJ_predicted,0.05555555555555555,17,17,AGCGTAGCTTCTCCATGTGG,0,5025775
yjbJ_predicted,0.05555555555555555,17,17,AGATGAGCTAGAAGCTTATA,0,5008465
yjbJ_predicted,0.05555555555555555,17,17,AGACATTAAGAGCATTTGAA,0,5024003
yjbJ_predicted,0.05555555555555555,17,17,ACTTTATAATCACTTTAAAG,0,5017147
yjbJ_predicted,0.05555555555555555,17,17,ACGGCACGGTGATGACAAAG,0,5020695
yjbJ_predicted,0.05555555555555555,17,17,ACCGCCCCTCCACCCTATAA,0,5023315
yjbJ_predicted,0.05555555555555555,17,17,ACATGAGTTGTGCTGATGCA,0,5003087
yjbJ_predicted,0.05555555555555555,17,17,ACATCCACAGAACTAGCTGG,0,5014720
yjbJ_predicted,0.05555555555555555,17,17,ACATAGGCCCAGAAAGGTAG,0,5031147
yjbJ_predicted,0.05555555555555555,17,17,ACAGTTAGGACTGCGAGCAT,0,5005854
yjbJ_predicted,0.05555555555555555,17,17,ACACTGGCGACTTAAATCAT,0,5001312
yjbJ_predicted,0.05555555555555555,17,17,ACACGTATCCGTTAATGGAT,0,5007070
yjbJ_predicted,0.05555555555555555,17,17,ACACGGCAGTGTAACCGTTG,0,5022019
yjbJ_predicted,0.05555555555555555,17,17,AATGGGAAAGTGCCTAAATT,0,4996020
yjbJ_predicted,0.05555555555555555,17,17,AATCGAGCTATGCGCGATCT,0,5018886
yjbJ_predicted,0.05555555555555555,17,17,AATAAGGCAGCATCCATTTG,0,5023478
yjbJ_predicted,0.05555555555555555,17,17,AAGGCTTGGCAATAGATACT,0,4995231
yjbJ_predicted,0.05555555555555555,17,17,AAGCCGCAGAGGGTTTCGTG,0,5030302
yjbJ_predicted,0.05555555555555555,17,17,AAGATGGACCTCGTTATAAC,0,5012318
yjbJ_predicted,0.05555555555555555,17,17,AAATTAAACACTACAGAGTT,0,5020348
yjbJ_predicted,0.05555555555555555,17,17,AAAGATGCCGGGTTGTGTAA,0,5003197
yjbJ_predicted,0.05555555555555555,17,17,AAACTTTGTAAAGGTACGGA,0,5009936
yjbJ_predicted,0.05555555555555555,17,17,AAAAAAGTCACTAACTCTCC,0,4998439
yjbJ_predicted,0.058823529411764705,16,16,TTTTCTCACTTGCCATTATC,0,5027468
yjbJ_predicted,0.058823529411764705,16,16,TTTTCGTTCTTTGCCGTCAT,0,5016588
yjbJ_predicted,0.058823529411764705,16,16,TTTGTCCTAGCGTAGGTCTG,0,4996873
yjbJ_predicted,0.058823529411764705,16,16,TTGTCAGCCCCAAGGGCGAT,0,4995503
yjbJ_predicted,0.058823529411764705,16,16,TTGTCACACCAATGGTGCTA,0,5030436
yjbJ_predicted,0.058823529411764705,16,16,TTCGTGTCGCCGGCCTTTTG,0,4997085
yjbJ_predicted,0.058823529411764705,16,16,TTCGGATAAGATAGGGAATT,0,5004135
yjbJ_predicted,0.058823529411764705,16,16,TTCACGTGGACAAAGGTTCC,0,4996003
yjbJ_predicted,0.058823529411764705,16,16,TTAGCTGTCACAGGTTCGTA,0,5017509
yjbJ_predicted,0.058823529411764705,16,16,TTAGCCTATCGGTCGAATAC,0,5025881
yjbJ_predicted,0.058823529411764705,16,16,TTACCGCACACACGAGGTAC,0,4996757
yjbJ_predicted,0.058823529411764705,16,16,TGTTAGTTCACATCGCACAG,0,5001198
yjbJ_predicted,0.058823529411764705,16,16,TGTACGACATTAAACCGGGG,0,5023018
yjbJ_predicted,0.058823529411764705,16,16,TGGCGCCGTCACGTGCATTG,0,5016837
yjbJ_predicted,0.058823529411764705,16,16,TGGCCTAACAGTATATACAG,0,5010706
yjbJ_predicted,0.058823529411764705,16,16,TGGCATGATGTCTGAGGTCA,0,5030678
yjbJ_predicted,0.058823529411764705,16,16,TGGCAGAGTCTCGTAATCGA,0,5004807
yjbJ_predicted,0.058823529411764705,16,16,TGGACACACGATATCGACGT,0,5021718
yjbJ_predicted,0.058823529411764705,16,16,TGCGGAATGAGTAAGTGGGT,0,5010947
yjbJ_predicted,0.058823529411764705,16,16,TGCGCGAAGGTGGCAGGGCG,0,5013938
yjbJ_predicted,0.058823529411764705,16,16,TGATTGCGTCCACAATGCGC,0,4996480
yjbJ_predicted,0.058823529411764705,16,16,TCTTCTATCGACAACCAGAA,0,4995092
yjbJ_predicted,0.058823529411764705,16,16,TCTTAACCCGGCTTGTTCAG,0,4997663
yjbJ_predicted,0.058823529411764705,16,16,TCGTTCAAATGCACTGGGGA,0,5003302
yjbJ_predicted,0.058823529411764705,16,16,TCGTGCAAACTGGTCACCCG,0,5026616
yjbJ_predicted,0.058823529411764705,16,16,TCGCGCTGGACAGACCCTCT,0,5024553
yjbJ_predicted,0.058823529411764705,16,16,TCGAACGGGTACCGTTTGTG,0,4996039
yjbJ_predicted,0.058823529411764705,16,16,TCCAGGACTTATGTTTGTAA,0,5023563
yjbJ_predicted,0.058823529411764705,16,16,TCCAAAGGGCAGGACTATTT,0,5011027
yjbJ_predicted,0.058823529411764705,16,16,TCATGGATAAGACTCGTGTG,0,5013311
yjbJ_predicted,0.058823529411764705,16,16,TCAACCCTAAAGGTAGGTCG,0,5013489
yjbJ_predicted,0.058823529411764705,16,16,TATGTGTTGGTATCGCGTTA,0,5011273
yjbJ_predicted,0.058823529411764705,16,16,TAGATCATCGAATATCGTGT,0,5007431
yjbJ_predicted,0.058823529411764705,16,16,TAGACTGTCGGGTGTGGTTA,0,5005796
yjbJ_predicted,0.058823529411764705,16,16,TACCACTTTATGATCTTATG,0,4998279
yjbJ_predicted,0.058823529411764705,16,16,TACACTTTGCATTTACAACG,0,5006880
yjbJ_predicted,0.058823529411764705,16,16,TAATTCGCTTTTTGGATGGT,0,5003611
yjbJ_predicted,0.058823529411764705,16,16,TAAACGCGTTGTGCACGAGG,0,4997872
yjbJ_predicted,0.058823529411764705,16,16,TAAAAAGACCTATGGGGAAT,0,5008455
yjbJ_predicted,0.058823529411764705,16,16,GTTTTGCTCACTGGCCGAGA,0,5027101
yjbJ_predicted,0.058823529411764705,16,16,GTGTAGAGCACTTCGAAGAT,0,5003606
yjbJ_predicted,0.058823529411764705,16,16,GTGATGGCGCTTCGATCTAG,0,5003803
yjbJ_predicted,0.058823529411764705,16,16,GTCCAATTCCCGGCCCCGTG,0,4996395
yjbJ_predicted,0.058823529411764705,16,16,GTCCAAGGTACGATTCTCGT,0,5023317
yjbJ_predicted,0.058823529411764705,16,16,GTACACGTAGTGCGCGGGGT,0,5029872
yjbJ_predicted,0.058823529411764705,16,16,GGTGTGTGGACTTGGAATGT,0,5011507
yjbJ_predicted,0.058823529411764705,16,16,GGTGGAGACGGGTCGGCCCT,0,5017254
yjbJ_predicted,0.058823529411764705,16,16,GGTCTGATCGTTAAAAATGG,0,5015931
yjbJ_predicted,0.058823529411764705,16,16,GGTCATCGTTGCCCTTCAGT,0,5018079
yjbJ_predicted,0.058823529411764705,16,16,GGGAATAAGCCCGGTGACAT,0,5008750
yjbJ_predicted,0.058823529411764705,16,16,GGCCTGCAGATCTCAAACTA,0,5013657
yjbJ_predicted,0.058823529411764705,16,16,GGCCGCTCTTTCTACGAGGT,0,5010761
yjbJ_predicted,0.058823529411764705,16,16,GGCATATATGCCGATTCCGT,0,5011905
yjbJ_predicted,0.058823529411764705,16,16,GGATCGTATGATAGAACTCT,0,5023020
yjbJ_predicted,0.058823529411764705,16,16,GGAGACCGCACGCATTTCGA,0,5017763
yjbJ_predicted,0.058823529411764705,16,16,GGAAAAGAAGCAATGAGCGA,0,5028160
yjbJ_predicted,0.058823529411764705,16,16,GCTATGTAGCGGAAGTAGAG,0,5003174
yjbJ_predicted,0.058823529411764705,16,16,GCGTGTGACTCAAAGACATA,0,5007561
yjbJ_predicted,0.058823529411764705,16,16,GCGTACCTTCATCGGTAGGA,0,5009256
yjbJ_predicted,0.058823529411764705,16,16,GCGGTCAGGGCGGATCGTGG,0,5027205
yjbJ_predicted,0.058823529411764705,16,16,GCGGGACCCTCACGACAGGA,0,5022767
yjbJ_predicted,0.058823529411764705,16,16,GCGGAGCACATCGAGGATGG,0,5025762
yjbJ_predicted,0.058823529411764705,16,16,GCGCTACCGAGCGTGTACAT,0,4997318
yjbJ_predicted,0.058823529411764705,16,16,GCCCGTTTTCTCTTGTCCAG,0,5005090
yjbJ_predicted,0.058823529411764705,16,16,GCCCCGATCAACTGCTGGGA,0,4999212
yjbJ_predicted,0.058823529411764705,16,16,GCCCCACGCCCGTGCACTAC,0,5022680
yjbJ_predicted,0.058823529411764705,16,16,GCAGCTAGGATCCTTTCGTA,0,5008717
yjbJ_predicted,0.058823529411764705,16,16,GAGTGATAACGAACACAACT,0,5013389
yjbJ_predicted,0.058823529411764705,16,16,GAGGTCATCGCAGAGGTGGC,0,5005223
yjbJ_predicted,0.058823529411764705,16,16,GACATAATAGATTCCGAGTT,0,5027393
yjbJ_predicted,0.058823529411764705,16,16,GACACGCGTTGTTTCCGTTT,0,5022130
yjbJ_predicted,0.058823529411764705,16,16,GACAAGTGTTAGGTTAGCTG,0,5009232
yjbJ_predicted,0.058823529411764705,16,16,GAAGGTCTGAAAAGGCCTTG,0,5009778
yjbJ_predicted,0.058823529411764705,16,16,CTTGACTGAGCATTTAAAAG,0,5029072
yjbJ_predicted,0.058823529411764705,16,16,CTGGACTACCGCGTTTACTT,0,5029406
yjbJ_predicted,0.058823529411764705,16,16,CTGGAACTCCGTTCATCGGA,0,5016151
yjbJ_predicted,0.058823529411764705,16,16,CTGACACTAAGACAAGCTGA,0,5019750
yjbJ_predicted,0.058823529411764705,16,16,CTAATATCAGTGAAACATCA,0,5013998
yjbJ_predicted,0.058823529411764705,16,16,CGTTAGATGCGATGGATCTC,0,5004370
yjbJ_predicted,0.058823529411764705,16,16,CGTGTCCGACTTTACAGCCT,0,5013459
yjbJ_predicted,0.058823529411764705,16,16,CGTGCATATGGCACGACCAC,0,4994695
yjbJ_predicted,0.058823529411764705,16,16,CGTGATATTAGGCAGCGCTG,0,5025549
yjbJ_predicted,0.058823529411764705,16,16,CGTCTTAGCCTCTCCAGTAG,0,5012267
yjbJ_predicted,0.058823529411764705,16,16,CGTCTACGTCAATAGTATTC,0,5004195
yjbJ_predicted,0.058823529411764705,16,16,CGTAACCGGCACCCTTGGTA,0,5007592
yjbJ_predicted,0.058823529411764705,16,16,CGGTGGTAATTGGATTGATT,0,5013266
yjbJ_predicted,0.058823529411764705,16,16,CGGTCTTTGGTACGCTGGCG,0,5003725
yjbJ_predicted,0.058823529411764705,16,16,CGGGTTTCATACCGGGGGAT,0,5010364
yjbJ_predicted,0.058823529411764705,16,16,CGCTAGGCTCATCGCAACGT,0,5006511
yjbJ_predicted,0.058823529411764705,16,16,CGCCGTGTGACCACAATGAA,0,5024270
yjbJ_predicted,0.058823529411764705,16,16,CGAGCTGGGTACTTAATTAA,0,5001968
yjbJ_predicted,0.058823529411764705,16,16,CGAGAGAGTCAATACTTCTA,0,5012317
yjbJ_predicted,0.058823529411764705,16,16,CGACGATCAGCAGGGGCAGG,0,5015245
yjbJ_predicted,0.058823529411764705,16,16,CGAAGCAGGCCTAATTCAAG,0,5008497
yjbJ_predicted,0.058823529411764705,16,16,CCGTAGACAACGGTGAAGCT,0,5018889
yjbJ_predicted,0.058823529411764705,16,16,CCGGCTTCGTTGATTGGCAT,0,5007573
yjbJ_predicted,0.058823529411764705,16,16,CCGAGGTCTCGATAGGAAAA,0,5025950
yjbJ_predicted,0.058823529411764705,16,16,CCGACCAGCCCCCCAAGGGG,0,5008119
yjbJ_predicted,0.058823529411764705,16,16,CCCTGGGTTGACACCCGCTA,0,4995700
yjbJ_predicted,0.058823529411764705,16,16,CCACTCTCAGGCGTTACTTG,0,5007628
yjbJ_predicted,0.058823529411764705,16,16,CCACACAATCAACGAATAAT,0,5029775
yjbJ_predicted,0.058823529411764705,16,16,CATTTGGAGAGGTTGCAAGT,0,5023991
yjbJ_predicted,0.058823529411764705,16,16,CACAGGGAAACGCGTTTGTC,0,5028193
yjbJ_predicted,0.058823529411764705,16,16,CAACTTTCAACAGATGCAGT,0,4997443
yjbJ_predicted,0.058823529411764705,16,16,ATTTGTGGACTTTCGACGTA,0,5011637
yjbJ_predicted,0.058823529411764705,16,16,ATTTGCGCGGCAGTAGAACT,0,5018991
yjbJ_predicted,0.058823529411764705,16,16,ATTGCGTGACCGCAGAAACA,0,5004134
yjbJ_predicted,0.058823529411764705,16,16,ATTGAGGTCGGCCTTCCCAG,0,5028323
yjbJ_predicted,0.058823529411764705,16,16,ATTACCCATATTTCGCGCCT,0,5007076
yjbJ_predicted,0.058823529411764705,16,16,ATGTTGCGTTTTGCGGTTAA,0,5012128
yjbJ_predicted,0.058823529411764705,16,16,ATGGTGCCTGAGTGCCTTTT,0,5000747
yjbJ_predicted,0.058823529411764705,16,16,ATGGGTGAACTGTATAGCGG,0,4995423
yjbJ_predicted,0.058823529411764705,16,16,ATGGGAAAGATATTCGGACA,0,5014844
yjbJ_predicted,0.058823529411764705,16,16,ATGATATACACAAATCGGGT,0,4997117
yjbJ_predicted,0.058823529411764705,16,16,ATCGAACGTGGTAATGCCGC,0,5002862
yjbJ_predicted,0.058823529411764705,16,16,ATACTTTAAGCGGTGGTTTT,0,4999507
yjbJ_predicted,0.058823529411764705,16,16,AGTGACCCCCGTACCGCATA,0,5020470
yjbJ_predicted,0.058823529411764705,16,16,AGTCACCGGGGTAACGCCTA,0,5019183
yjbJ_predicted,0.058823529411764705,16,16,AGGCCATTGCTACGGGCAGC,0,5010187
yjbJ_predicted,0.058823529411764705,16,16,AGGAGAACCGAGCTAATCAT,0,5001768
yjbJ_predicted,0.058823529411764705,16,16,AGGACAAGTTAGCGCGACGT,0,5015273
yjbJ_predicted,0.058823529411764705,16,16,AGCTCGTAAGGCTAGCGGAT,0,5014098
yjbJ_predicted,0.058823529411764705,16,16,AGCGTGCGTGGTTTACGAGA,0,5000717
yjbJ_predicted,0.058823529411764705,16,16,AGCCGATCATATTACACAGT,0,4996135
yjbJ_predicted,0.058823529411764705,16,16,AGCATGAGTCTAAAGGCCCG,0,5019350
yjbJ_predicted,0.058823529411764705,16,16,AGAGTCCAGGTTTAAACGGC,0,5002347
yjbJ_predicted,0.058823529411764705,16,16,AGACGAGCTTAACCGCTGAA,0,5019219
yjbJ_predicted,0.058823529411764705,16,16,AGAAGCCAGATGGGGGACAT,0,5023566
yjbJ_predicted,0.058823529411764705,16,16,ACTCATCGAACTACAGTAGG,0,5007284
yjbJ_predicted,0.058823529411764705,16,16,ACTAATTTTTTTAGCGAGAT,0,5015082
yjbJ_predicted,0.058823529411764705,16,16,ACTAATTACCCTCGTCTCAC,0,5014978
yjbJ_predicted,0.058823529411764705,16,16,ACTAAGTCATGTTCTCGTGA,0,5005648
yjbJ_predicted,0.058823529411764705,16,16,ACTAAAGTCAGTGGTCCTCT,0,5000264
yjbJ_predicted,0.058823529411764705,16,16,ACGGGTCGTGTACTTGCAGA,0,5029482
yjbJ_predicted,0.058823529411764705,16,16,ACCCATGGGCTGTATTTTCT,0,5001242
yjbJ_predicted,0.058823529411764705,16,16,ACCATTGGTGTCAGCGGCTC,0,4998437
yjbJ_predicted,0.058823529411764705,16,16,ACCAGTCAGTCTGGTTATGG,0,5004996
yjbJ_predicted,0.058823529411764705,16,16,ACAGAAGGCAGACGCGACCG,0,5021407
yjbJ_predicted,0.058823529411764705,16,16,ACACTTTTAACCTATGTCAA,0,5021996
yjbJ_predicted,0.058823529411764705,16,16,AATTTTAAGCGTAACATCAA,0,4999958
yjbJ_predicted,0.058823529411764705,16,16,AAGATGAGACCCTAGGGTAA,0,5004015
yjbJ_predicted,0.058823529411764705,16,16,AACTGAACGTATAGCAGCCT,0,5006456
yjbJ_predicted,0.058823529411764705,16,16,AACCGAGGGGCCACAAGCCC,0,5003303
yjbJ_predicted,0.058823529411764705,16,16,AACATGCGGTCTGGGTCGCA,0,4994787
yjbJ_predicted,0.058823529411764705,16,16,AAATGTCTAGAGGTATGTAA,0,5029098
yjbJ_predicted,0.058823529411764705,16,16,AAAATCGTAAGGCGGGAGTT,0,4999510
yjbJ_predicted,0.0625,15,15,TTTGCCTTTTGCTCAGATTT,0,5013270
yjbJ_predicted,0.0625,15,15,TTTGATAGAACGATCATCTC,0,5028481
yjbJ_predicted,0.0625,15,15,TTTGAAAACTAGATTGCACT,0,5018761
yjbJ_predicted,0.0625,15,15,TTTAGGATGGATAGTTATTG,0,5028445
yjbJ_predicted,0.0625,15,15,TTGGAAACCGACCTCAGATG,0,5019015
yjbJ_predicted,0.0625,15,15,TTGCAACCCTCTTGGACCTA,0,5010700
yjbJ_predicted,0.0625,15,15,TTCTCGTCTGTAGCGCCGGA,0,5021432
yjbJ_predicted,0.0625,15,15,TTCCGTAGACAAACCATGAA,0,5029778
yjbJ_predicted,0.0625,15,15,TTAGCCATCATGCACCTGGA,0,5028760
yjbJ_predicted,0.0625,15,15,TTAACTGGGATCTATCACCA,0,5004055
yjbJ_predicted,0.0625,15,15,TGTTGCGACTCGTCCGCAGC,0,5006031
yjbJ_predicted,0.0625,15,15,TGTCCGACCCTCTAGTCTCA,0,4999504
yjbJ_predicted,0.0625,15,15,TGGTTGAAAGGATCTAGGTA,0,4998608
yjbJ_predicted,0.0625,15,15,TGGTAACCCTTCTTAATAGG,0,5019820
yjbJ_predicted,0.0625,15,15,TGGCGAGTTTTAATATGACT,0,5004456
yjbJ_predicted,0.0625,15,15,TGCTAACGCACCGCTTACGA,0,5022103
yjbJ_predicted,0.0625,15,15,TGCAATCCGTTACGGTCCAC,0,5003635
yjbJ_predicted,0.0625,15,15,TGATCGCAACGAGAAGTGCA,0,5025320
yjbJ_predicted,0.0625,15,15,TGATAGGCCGAATCGTACAG,0,5020118
yjbJ_predicted,0.0625,15,15,TGACGGCCGATGACTTTCAA,0,5025845
yjbJ_predicted,0.0625,15,15,TGACCTTTGTTTGGGTTCGC,0,5022534
yjbJ_predicted,0.0625,15,15,TCTTGGGAGTTATCTAGGAT,0,4997083
yjbJ_predicted,0.0625,15,15,TCTGCTACCCCTAGTACAAA,0,5030566
yjbJ_predicted,0.0625,15,15,TCGGGCGCAATGCGTGTCCA,0,5003672
yjbJ_predicted,0.0625,15,15,TCGGACCACTTAGCGAACAT,0,5005347
yjbJ_predicted,0.0625,15,15,TCCAGCCGTCAAGTGAGGTG,0,5028720
yjbJ_predicted,0.0625,15,15,TCACGTGACTTATTACCGCT,0,5028492
yjbJ_predicted,0.0625,15,15,TATTGTCCCTACAGCATTAA,0,5023387
yjbJ_predicted,0.0625,15,15,TATGCTTGTTGCTGTCAAAG,0,5015371
yjbJ_predicted,0.0625,15,15,TAGGCAAAATTCAATCCCGG,0,5008357
yjbJ_predicted,0.0625,15,15,TACGGCCTAAGCTCTCTCCA,0,4998831
yjbJ_predicted,0.0625,15,15,TACGCACGGTAGTGAGTGAA,0,5014316
yjbJ_predicted,0.0625,15,15,TACGATCGTAAGGCTTAGGG,0,4996611
yjbJ_predicted,0.0625,15,15,TACATTATACTCTCGTCTGC,0,4997385
yjbJ_predicted,0.0625,15,15,TAAATCATTATAGGCGTATC,0,5020673
yjbJ_predicted,0.0625,15,15,GTTCTGCGCTAACTACAGAC,0,5012233
yjbJ_predicted,0.0625,15,15,GTGCCTTTAGTGGGGCGTCA,0,5025767
yjbJ_predicted,0.0625,15,15,GTGAAGCACGTAGAGAGAGG,0,4999434
yjbJ_predicted,0.0625,15,15,GTCCGTTGCAAAAACACTTA,0,5016390
yjbJ_predicted,0.0625,15,15,GTATTCAGGGACCACTCAAA,0,4995198
yjbJ_predicted,0.0625,15,15,GTATAGACTGCCTCGACGAT,0,4998821
yjbJ_predicted,0.0625,15,15,GTAGCCTGACACCCAAGTCC,0,5010360
yjbJ_predicted,0.0625,15,15,GTACCAAATAAGCGTCGAAC,0,5003115
yjbJ_predicted,0.0625,15,15,GTAAGGGATCTAACTGTGCC,0,4996957
yjbJ_predicted,0.0625,15,15,GGTCTGTAAAGCCGTTTGCA,0,4997004
yjbJ_predicted,0.0625,15,15,GGGTGATAGTAACGGTCCAA,0,4995772
yjbJ_predicted,0.0625,15,15,GGGGTGTAAGGACACGGAGG,0,5024824
yjbJ_predicted,0.0625,15,15,GGGGGGTGTAAGGGAAGAAC,0,5006292
yjbJ_predicted,0.0625,15,15,GGGCGCTTTCCGGCGTTCGG,0,5014290
yjbJ_predicted,0.0625,15,15,GGGCGACTCACAAGCTTTGT,0,4996922
yjbJ_predicted,0.0625,15,15,GGCCGCATGGCAATTGCTGT,0,5024105
yjbJ_predicted,0.0625,15,15,GGCATATAAGGGAGCAGCTA,0,5000506
yjbJ_predicted,0.0625,15,15,GGCACGATTGGACATACTTC,0,5013395
yjbJ_predicted,0.0625,15,15,GCGGGAGACGTAGCCGGTGT,0,5021600
yjbJ_predicted,0.0625,15,15,GCGCTGAGGAATCACGCAGC,0,5002793
yjbJ_predicted,0.0625,15,15,GCGCCGATGGCTCGATAGAT,0,5023046
yjbJ_predicted,0.0625,15,15,GATGGCTACAGGCTTAAATT,0,5028947
yjbJ_predicted,0.0625,15,15,GATGATGTAGGGATAAGGCA,0,5010640
yjbJ_predicted,0.0625,15,15,GATATGCGGGCTGGTCAGCT,0,5011635
yjbJ_predicted,0.0625,15,15,GATAGCACATGTAGGCTGTC,0,5006541
yjbJ_predicted,0.0625,15,15,GAGTCGGCCCTCTAGGTCGG,0,5005833
yjbJ_predicted,0.0625,15,15,GAGGTGTAGAGTCCCGTTTC,0,5008228
yjbJ_predicted,0.0625,15,15,GAGCGCCACTTCCTTAGTAT,0,5026878
yjbJ_predicted,0.0625,15,15,GAGAATTGGATCTTGTCCTA,0,5008504
yjbJ_predicted,0.0625,15,15,GACTAGAGCTACTAACTGCT,0,5016222
yjbJ_predicted,0.0625,15,15,GACGCCGAAGCGCTTGACAA,0,5009955
yjbJ_predicted,0.0625,15,15,GAAGAATTTATAATGGTGCT,0,4998051
yjbJ_predicted,0.0625,15,15,GAAAGGCGTGATTTTCAGTT,0,5016203
yjbJ_predicted,0.0625,15,15,GAAAAGAGGTGCACGTCTCT,0,5013513
yjbJ_predicted,0.0625,15,15,CTTTATTAACACAACCCGAC,0,5026783
yjbJ_predicted,0.0625,15,15,CTTCTTGTGGCCGTTATAAT,0,5006153
yjbJ_predicted,0.0625,15,15,CTGTAACGTTTAACTAAGCC,0,5008873
yjbJ_predicted,0.0625,15,15,CTCTCTCCATGGCATACTGT,0,5003967
yjbJ_predicted,0.0625,15,15,CTCCGGCGGTTAGCAAGCAG,0,5021845
yjbJ_predicted,0.0625,15,15,CGTTCAGGAAGGCGTCTGGT,0,4997621
yjbJ_predicted,0.0625,15,15,CGTTACAGAGGCTTGTGTAG,0,5024030
yjbJ_predicted,0.0625,15,15,CGTTAAACGTTAGAAACGGA,0,5003455
yjbJ_predicted,0.0625,15,15,CGTGTGACGGGGGAGGAGTC,0,4996841
yjbJ_predicted,0.0625,15,15,CGTACTTGTTAAGAGAAATC,0,5026315
yjbJ_predicted,0.0625,15,15,CGGTTACGTGTCCAGTTGAG,0,5025147
yjbJ_predicted,0.0625,15,15,CGGTGATAGGTGCTCATAGG,0,5028002
yjbJ_predicted,0.0625,15,15,CGGGTGAATTTGGCTAAGTG,0,5023749
yjbJ_predicted,0.0625,15,15,CGGCTATGTTGTCCCGTCTA,0,4997059
yjbJ_predicted,0.0625,15,15,CGGAGCTAATGGTTGAGGCG,0,5004931
yjbJ_predicted,0.0625,15,15,CGGACTGAGTTTATCTTAAT,0,4995177
yjbJ_predicted,0.0625,15,15,CGGACTATTTGGGTCGTTGC,0,5005353
yjbJ_predicted,0.0625,15,15,CGCTCTTAGGAACCCTCGGA,0,5007069
yjbJ_predicted,0.0625,15,15,CGCGCCAACTATTTCCCGTA,0,5009106
yjbJ_predicted,0.0625,15,15,CGATGGGAACGACTCCAGAA,0,5023634
yjbJ_predicted,0.0625,15,15,CGATCTGAGCCAAACTGGCC,0,4998706
yjbJ_predicted,0.0625,15,15,CGACTTCGTTAGGAACCTTA,0,5003605
yjbJ_predicted,0.0625,15,15,CCTGTTAACGACGCCACTCT,0,5000559
yjbJ_predicted,0.0625,15,15,CCTGGGTAAAGGTTGTAATC,0,5003031
yjbJ_predicted,0.0625,15,15,CCGTAAGCCATAGACCTGCT,0,5015618
yjbJ_predicted,0.0625,15,15,CCGGTCTTATTCCGCCCTCT,0,5029347
yjbJ_predicted,0.0625,15,15,CCCTAATAGGGTGGATTCAT,0,5010465
yjbJ_predicted,0.0625,15,15,CCCTAACTGGTGGGTAAAGA,0,5023420
yjbJ_predicted,0.0625,15,15,CCCCTTATCACTTGACCCAA,0,5025488
yjbJ_predicted,0.0625,15,15,CCCCGCTCCCAGTCAATGAA,0,5002083
yjbJ_predicted,0.0625,15,15,CCACGTCCATATTCAAACAA,0,5009407
yjbJ_predicted,0.0625,15,15,CCAAAGTGTTTACAGGAGAT,0,5005865
yjbJ_predicted,0.0625,15,15,CATCGGTCTCCCTTCAAGCA,0,4996847
yjbJ_predicted,0.0625,15,15,CATCCCCTGAGCTCAGAACA,0,5000968
yjbJ_predicted,0.0625,15,15,CATACTACGGGCGTCCCGTT,0,5013686
yjbJ_predicted,0.0625,15,15,CAGTCGCGTATAGGGTGTGA,0,5012437
yjbJ_predicted,0.0625,15,15,CAGTACGACCCCGCTGTCCA,0,5016020
yjbJ_predicted,0.0625,15,15,CAGATTCATTTTTTGTATGC,0,4999065
yjbJ_predicted,0.0625,15,15,CACGCACCAGTTAACCGTGT,0,5002236
yjbJ_predicted,0.0625,15,15,CAACTAAGGGGGTTGGCGAC,0,5016775
yjbJ_predicted,0.0625,15,15,CAACCTGGTTTAGCCGGAGT,0,5005365
yjbJ_predicted,0.0625,15,15,ATTTGGCGGAAGATCCAGTT,0,5024366
yjbJ_predicted,0.0625,15,15,ATTTCTGCCGTGACGCAGAA,0,5013487
yjbJ_predicted,0.0625,15,15,ATTACTGTCTCTACCCGTGC,0,5023844
yjbJ_predicted,0.0625,15,15,ATGCCATCGTGTGACTCCAT,0,5003899
yjbJ_predicted,0.0625,15,15,ATGACTACATACCGCAATAC,0,5025262
yjbJ_predicted,0.0625,15,15,ATCTTGTTATGTCTGGCCAG,0,5028755
yjbJ_predicted,0.0625,15,15,ATCGTTTCCCACCTGGAGAT,0,5015196
yjbJ_predicted,0.0625,15,15,ATCCCGACGTGTGTTGCTAG,0,5015251
yjbJ_predicted,0.0625,15,15,ATACGTATAACTAATGGTAT,0,5011764
yjbJ_predicted,0.0625,15,15,ATAAAGCGATCCAAAAATCA,0,4996920
yjbJ_predicted,0.0625,15,15,AGTCTCGTTACCCTCAAAGC,0,5007537
yjbJ_predicted,0.0625,15,15,AGTCGGACCATAGATTGAGT,0,5018302
yjbJ_predicted,0.0625,15,15,AGTCCATCGGTAAGTCTGGG,0,5022594
yjbJ_predicted,0.0625,15,15,AGGTTTCCACGCTTTAAATA,0,5006355
yjbJ_predicted,0.0625,15,15,AGCCGGGACCTGTGGGGAGT,0,5002184
yjbJ_predicted,0.0625,15,15,AGATCTAAGACGCTGGAGTG,0,5009566
yjbJ_predicted,0.0625,15,15,AGATACCACTTCACTTAGCA,0,5002631
yjbJ_predicted,0.0625,15,15,AGAGATCCAGGCATGTTAAT,0,5000166
yjbJ_predicted,0.0625,15,15,AGAAGGAGTCTCCTAATGTG,0,5022951
yjbJ_predicted,0.0625,15,15,AGAACGATATAAGTCAATGG,0,5020122
yjbJ_predicted,0.0625,15,15,ACGTAGCTTGTGTACTGGGA,0,4998238
yjbJ_predicted,0.0625,15,15,ACCGGCAGGCCTTAAAGCGA,0,5010567
yjbJ_predicted,0.0625,15,15,ACCGATAGGGCAAAAGTTGT,0,5007016
yjbJ_predicted,0.0625,15,15,ACCGAGATTGAGACACTTAA,0,5001986
yjbJ_predicted,0.0625,15,15,ACCGAGATCTCCAGACAGGT,0,5004038
yjbJ_predicted,0.0625,15,15,ACCCATTGGCCGGTTAAAAG,0,5023411
yjbJ_predicted,0.0625,15,15,ACCATCTGATCCGGTAAGGC,0,5010622
yjbJ_predicted,0.0625,15,15,ACCAGCAACATCATCAAGCT,0,5016143
yjbJ_predicted,0.0625,15,15,ACCACGTGTCAGGGTTATCT,0,5014397
yjbJ_predicted,0.0625,15,15,ACAGGTCGAGGGAAGCAGTG,0,5004302
yjbJ_predicted,0.0625,15,15,ACAGGTCCCGGGAGGAACAA,0,5015974
yjbJ_predicted,0.0625,15,15,ACACGGTTTCTAACACCGGC,0,5013017
yjbJ_predicted,0.0625,15,15,ACAATAGTTGAAATTGGTGA,0,5009243
yjbJ_predicted,0.0625,15,15,ACAAGTTCATTCCAGCCGGT,0,5005458
yjbJ_predicted,0.0625,15,15,ACAAGGAAAGGCTAATAAAG,0,5018574
yjbJ_predicted,0.0625,15,15,AATGAACCACGTTCATGGGT,0,5026531
yjbJ_predicted,0.0625,15,15,AATCATTTCACTTTGCCTTG,0,5015087
yjbJ_predicted,0.0625,15,15,AAGAAGTCCGGAATAAATGA,0,5029545
yjbJ_predicted,0.0625,15,15,AACTTGCACTAGCTCATGAT,0,5028402
yjbJ_predicted,0.0625,15,15,AACGTAAACGACACTTTGTC,0,5006982
yjbJ_predicted,0.0625,15,15,AACCGGTCTTCATGTCGATT,0,5028401
yjbJ_predicted,0.0625,15,15,AAACACGCTTGTAGCTCAAG,0,5017675
yjbJ_predicted,0.0625,15,15,AAACAACGGTGCGACTCCAA,0,5015757
yjbJ_predicted,0.06666666666666667,14,14,TTTCGGAACGAACGACCATT,0,5016596
yjbJ_predicted,0.06666666666666667,14,14,TTTCGCATGTAGGGCAGAGT,0,4995485
yjbJ_predicted,0.06666666666666667,14,14,TTTCATCATTAGATTCCGTA,0,5023825
yjbJ_predicted,0.06666666666666667,14,14,TTTACCTTTCGCTCAATGGC,0,4995547
yjbJ_predicted,0.06666666666666667,14,14,TTGTTTGGCAGTGTGACGTT,0,5023919
yjbJ_predicted,0.06666666666666667,14,14,TTCGTTTATAGTATTGGGGT,0,5025122
yjbJ_predicted,0.06666666666666667,14,14,TTAATCTGAGGTAACTGTCG,0,5006830
yjbJ_predicted,0.06666666666666667,14,14,TGTCACCGCGACACGTTATA,0,5005749
yjbJ_predicted,0.06666666666666667,14,14,TGGTCTTTAGTCGAACAGGG,0,5029733
yjbJ_predicted,0.06666666666666667,14,14,TGGCAGTATAAGGCTGACAT,0,5029318
yjbJ_predicted,0.06666666666666667,14,14,TGGATTTGCGCCGCACAGAA,0,4995372
yjbJ_predicted,0.06666666666666667,14,14,TGGATTGGGAACGCGAGGGG,0,5029427
yjbJ_predicted,0.06666666666666667,14,14,TGGACGAAGACCTCCAATGA,0,5002735
yjbJ_predicted,0.06666666666666667,14,14,TGCTGGCCAGGCGGCACGCA,0,4997247
yjbJ_predicted,0.06666666666666667,14,14,TGCTGCTGCCCGTTCTCGAA,0,5014547
yjbJ_predicted,0.06666666666666667,14,14,TGCATGACTGGTCAGCATCT,0,4997913
yjbJ_predicted,0.06666666666666667,14,14,TGCAGGCTAGGAGAGATGGA,0,5026592
yjbJ_predicted,0.06666666666666667,14,14,TGCAGGAATGGATTAGCGTT,0,5006845
yjbJ_predicted,0.06666666666666667,14,14,TGCACATATTACGTTAGAGG,0,5022669
yjbJ_predicted,0.06666666666666667,14,14,TGATCGCGGCGTAGCAAGTT,0,5028571
yjbJ_predicted,0.06666666666666667,14,14,TGAGTACTGAGCTAGAAAAT,0,5002715
yjbJ_predicted,0.06666666666666667,14,14,TGAGGGTTCTCCCGCGATTG,0,5011605
yjbJ_predicted,0.06666666666666667,14,14,TGACCCGACGTGCCATATAG,0,5014925
yjbJ_predicted,0.06666666666666667,14,14,TGAACATCGAGCCACAGTCG,0,5004428
yjbJ_predicted,0.06666666666666667,14,14,TCTTGACCAAGGCTTCCGAG,0,4997315
yjbJ_predicted,0.06666666666666667,14,14,TCTTCATGAGAGGACGCGTA,0,5016875
yjbJ_predicted,0.06666666666666667,14,14,TCTTACGGCTTACTGCAATT,0,5009660
yjbJ_predicted,0.06666666666666667,14,14,TCTGTTTAGCGGGGTCCTGT,0,5002796
yjbJ_predicted,0.06666666666666667,14,14,TCTGGGTCTTTGTGCCCAAT,0,5015998
yjbJ_predicted,0.06666666666666667,14,14,TCTGCTCTATCCGTCGGAAT,0,5026806
yjbJ_predicted,0.06666666666666667,14,14,TCTGCAGTGATCAGTAGTGG,0,5003406
yjbJ_predicted,0.06666666666666667,14,14,TCTATCTGTGGTCCAGCCAG,0,5004992
yjbJ_predicted,0.06666666666666667,14,14,TCGTCCAAAACAATCCGATA,0,5001842
yjbJ_predicted,0.06666666666666667,14,14,TCGGCAAAGCGATGCGTCTA,0,5014475
yjbJ_predicted,0.06666666666666667,14,14,TCGCAAGAACCGGATTGCCT,0,5009514
yjbJ_predicted,0.06666666666666667,14,14,TCGAGGTTTTCGCCGTCCTA,0,5005022
yjbJ_predicted,0.06666666666666667,14,14,TCGACGCTTCGATGGATACT,0,4998129
yjbJ_predicted,0.06666666666666667,14,14,TCCCGTGCGACGTCGAGGAT,0,5001339
yjbJ_predicted,0.06666666666666667,14,14,TCAGGTACGCGCTCTTCACG,0,5020858
yjbJ_predicted,0.06666666666666667,14,14,TCAGCCCGTTTGATGAATAG,0,5014358
yjbJ_predicted,0.06666666666666667,14,14,TATGTGGTAATACTAACTAC,0,5018885
yjbJ_predicted,0.06666666666666667,14,14,TATGGCACGTTCGCCGTAGA,0,5025515
yjbJ_predicted,0.06666666666666667,14,14,TATAGCTGGTCAGGGGGGAT,0,5007371
yjbJ_predicted,0.06666666666666667,14,14,TATAAAAGTATAAAGGGTGC,0,4998869
yjbJ_predicted,0.06666666666666667,14,14,TACGGGGACACCCTCTTCCA,0,5019239
yjbJ_predicted,0.06666666666666667,14,14,TACGCTGCTGGTGGCGTTGG,0,5005637
yjbJ_predicted,0.06666666666666667,14,14,TACGCGACCTGTAAAAAATG,0,5024172
yjbJ_predicted,0.06666666666666667,14,14,TACCGGGCAGAAACTTAGTG,0,5024795
yjbJ_predicted,0.06666666666666667,14,14,TACACCAACTCCCTGGGGGA,0,4996174
yjbJ_predicted,0.06666666666666667,14,14,TACAAACAGCATGTTCTATT,0,5008261
yjbJ_predicted,0.06666666666666667,14,14,TAAGGTGCCGGGTCAGTCTC,0,4999405
yjbJ_predicted,0.06666666666666667,14,14,TAACATATCACAAGCGCTCT,0,5008358
yjbJ_predicted,0.06666666666666667,14,14,TAAATAGGACCAAGTTCGAA,0,5020922
yjbJ_predicted,0.06666666666666667,14,14,TAAAATATCGGACGGCCGCC,0,5016023
yjbJ_predicted,0.06666666666666667,14,14,GTTGTCTTAGCTCAATGGGT,0,5022394
yjbJ_predicted,0.06666666666666667,14,14,GTTCGGAAGTGACCGCCTCG,0,5021155
yjbJ_predicted,0.06666666666666667,14,14,GTTAGGATGTGAAGCAACGT,0,5027595
yjbJ_predicted,0.06666666666666667,14,14,GTTAAGGGAGACCCCGCGTA,0,5024035
yjbJ_predicted,0.06666666666666667,14,14,GTGGGGGGTAGCGTCAGCTC,0,4995047
yjbJ_predicted,0.06666666666666667,14,14,GTGCTTCCTTGACTGAATTT,0,5011654
yjbJ_predicted,0.06666666666666667,14,14,GTGCGGCAGCTCAAGTTTGT,0,5024559
yjbJ_predicted,0.06666666666666667,14,14,GTGACAAGAACCCATATCTT,0,5022817
yjbJ_predicted,0.06666666666666667,14,14,GTCTGCAGCAGACGATCTTG,0,5014299
yjbJ_predicted,0.06666666666666667,14,14,GTCGATTTTGGGGCGGGCGC,0,5010829
yjbJ_predicted,0.06666666666666667,14,14,GTCCGGTCTCTGGCTCGCCA,0,4995139
yjbJ_predicted,0.06666666666666667,14,14,GTACGGCTAGTAAACTTCTG,0,5007247
yjbJ_predicted,0.06666666666666667,14,14,GTACGCTTGCGGCACGAGGC,0,4998144
yjbJ_predicted,0.06666666666666667,14,14,GTACAGTGGGTATATTCACT,0,5022930
yjbJ_predicted,0.06666666666666667,14,14,GTACAGACTGAATCCGACGG,0,5029063
yjbJ_predicted,0.06666666666666667,14,14,GTAAGAGTTACTTTCCCGAC,0,5001036
yjbJ_predicted,0.06666666666666667,14,14,GTAACTACGTACAGCTCCGT,0,4999115
yjbJ_predicted,0.06666666666666667,14,14,GGTGCTCCTGTTTGGTGACA,0,5004943
yjbJ_predicted,0.06666666666666667,14,14,GGGTTGGATAACTGCCGCAG,0,5011856
yjbJ_predicted,0.06666666666666667,14,14,GGGTGTCATTCCTTACGATT,0,5024204
yjbJ_predicted,0.06666666666666667,14,14,GGGTGCCAGGTGTATTGCAG,0,4998180
yjbJ_predicted,0.06666666666666667,14,14,GGGTATTCCGTTGGCCGCAT,0,5008754
yjbJ_predicted,0.06666666666666667,14,14,GGGGGGTGTATATACGATGA,0,4999957
yjbJ_predicted,0.06666666666666667,14,14,GGGCGCCACGGACCTCTGTT,0,5010457
yjbJ_predicted,0.06666666666666667,14,14,GGCTCAAGAGTGCGGAATGT,0,5002596
yjbJ_predicted,0.06666666666666667,14,14,GGCGTATACAGGTTCATTAA,0,5016291
yjbJ_predicted,0.06666666666666667,14,14,GGACTACACCGCAAGGTGCA,0,5004727
yjbJ_predicted,0.06666666666666667,14,14,GCTGCACAATCCTGGTGTTT,0,5012367
yjbJ_predicted,0.06666666666666667,14,14,GCTACTCGTAGGGACTTTAA,0,5001685
yjbJ_predicted,0.06666666666666667,14,14,GCGTGTGTCCTCAACAATCA,0,5025246
yjbJ_predicted,0.06666666666666667,14,14,GCGGGTCTTTGTCTGAGTTG,0,5017596
yjbJ_predicted,0.06666666666666667,14,14,GCGACGGCCCGGGTTGGCAG,0,5021989
yjbJ_predicted,0.06666666666666667,14,14,GCCGTCTTGAGGTAAGGCCT,0,5025222
yjbJ_predicted,0.06666666666666667,14,14,GCCCGCTACGGGAAGCTCTC,0,5023969
yjbJ_predicted,0.06666666666666667,14,14,GCCAAGCCCCACATCGCGCC,0,5006899
yjbJ_predicted,0.06666666666666667,14,14,GCATGAAGGTCGGGGGTATC,0,5008168
yjbJ_predicted,0.06666666666666667,14,14,GCAGCCACCACTTCTATTAT,0,5022703
yjbJ_predicted,0.06666666666666667,14,14,GCAATCGCTGGTCATCGTCC,0,5020437
yjbJ_predicted,0.06666666666666667,14,14,GATTCGCCGTGTTGGACAGG,0,4995637
yjbJ_predicted,0.06666666666666667,14,14,GATGGCAATGATATTAATAT,0,5018570
yjbJ_predicted,0.06666666666666667,14,14,GATCGACCCGCAGGGATATG,0,5004397
yjbJ_predicted,0.06666666666666667,14,14,GAGGTTGAGGGAGTAAGTGC,0,5004082
yjbJ_predicted,0.06666666666666667,14,14,GAGGTGCTGTTTCACGTTAT,0,5013046
yjbJ_predicted,0.06666666666666667,14,14,GAGGCCAGGCAGATCTGCAA,0,5008590
yjbJ_predicted,0.06666666666666667,14,14,GAGACTTAATGCGTGCTGTA,0,5030106
yjbJ_predicted,0.06666666666666667,14,14,GACTCCTCCGGTAATCGGAA,0,5015471
yjbJ_predicted,0.06666666666666667,14,14,GACGTTTTGCCAGCCTAACG,0,5012359
yjbJ_predicted,0.06666666666666667,14,14,GACGCGGTTATCTCAGTTAT,0,5000785
yjbJ_predicted,0.06666666666666667,14,14,GACCTAGAACTTCCATACGC,0,5025449
yjbJ_predicted,0.06666666666666667,14,14,CTTGTAGAGCGACAAGGTTC,0,5015944
yjbJ_predicted,0.06666666666666667,14,14,CTTGGCCTGGTCGCTAGTTC,0,5002398
yjbJ_predicted,0.06666666666666667,14,14,CTGTCATTTATTATCAGCAA,0,5000581
yjbJ_predicted,0.06666666666666667,14,14,CTGTATCCACGAACAAGCGC,0,5023908
yjbJ_predicted,0.06666666666666667,14,14,CTGGTAGGTCGTAGAACTAG,0,4995459
yjbJ_predicted,0.06666666666666667,14,14,CTGGTAGAGGACGGCGATGG,0,5010213
yjbJ_predicted,0.06666666666666667,14,14,CTATATAGCATATGCCGGAG,0,5017895
yjbJ_predicted,0.06666666666666667,14,14,CTAGCATAGCACATCTGGGT,0,5020656
yjbJ_predicted,0.06666666666666667,14,14,CTAACGCCTGTTCCCAAGAG,0,5030351
yjbJ_predicted,0.06666666666666667,14,14,CGTTAAACGCACAGCTTCTG,0,5013013
yjbJ_predicted,0.06666666666666667,14,14,CGTCCTTTTCTTACTGTGAA,0,5012768
yjbJ_predicted,0.06666666666666667,14,14,CGTATCCATCGTTTCTTCCT,0,5018099
yjbJ_predicted,0.06666666666666667,14,14,CGTACTCGGGAAATAACGAT,0,5026036
yjbJ_predicted,0.06666666666666667,14,14,CGGTCAGAAAGGTAGCTCTT,0,5010477
yjbJ_predicted,0.06666666666666667,14,14,CGGTAGGGCTGATGCAGCTT,0,5018040
yjbJ_predicted,0.06666666666666667,14,14,CGGGTATAGGCTGGTAAAGG,0,4998901
yjbJ_predicted,0.06666666666666667,14,14,CGGGGCTTACTCGGGGCTAG,0,4997126
yjbJ_predicted,0.06666666666666667,14,14,CGCTGACAGGTAACAAATGA,0,5020731
yjbJ_predicted,0.06666666666666667,14,14,CGCGTGTGTATCCTATATCT,0,5006513
yjbJ_predicted,0.06666666666666667,14,14,CGAGTTCTCTATATCCGTGA,0,5012171
yjbJ_predicted,0.06666666666666667,14,14,CCTTGAACACTAAGTAAAGA,0,5031102
yjbJ_predicted,0.06666666666666667,14,14,CCTCTAGAGCCCTACATAAG,0,5013394
yjbJ_predicted,0.06666666666666667,14,14,CCGGAGGCCATAAGGACCTC,0,5022644
yjbJ_predicted,0.06666666666666667,14,14,CCGCTAACAGAGCGTAAATG,0,4995374
yjbJ_predicted,0.06666666666666667,14,14,CCCGACGATTCTGGCAAGGA,0,5030089
yjbJ_predicted,0.06666666666666667,14,14,CCCCTTTCAAGTTGGGTTAA,0,5008586
yjbJ_predicted,0.06666666666666667,14,14,CCCCAGTCTTGATGATAAGA,0,4995331
yjbJ_predicted,0.06666666666666667,14,14,CCCATTACACCTTGACCATT,0,5010456
yjbJ_predicted,0.06666666666666667,14,14,CCCAGTCCGAGGGTTCGGTT,0,5027411
yjbJ_predicted,0.06666666666666667,14,14,CCATCCTTGTGTCCGTTAAG,0,5016175
yjbJ_predicted,0.06666666666666667,14,14,CCATACGCCTTCGTCTCAGC,0,5008398
yjbJ_predicted,0.06666666666666667,14,14,CCAGGCCGTACGAGTTTATA,0,5024168
yjbJ_predicted,0.06666666666666667,14,14,CCACAGTGAGCTAACGAATG,0,5011685
yjbJ_predicted,0.06666666666666667,14,14,CATCGGTTGCTAGGTGTGTG,0,5000606
yjbJ_predicted,0.06666666666666667,14,14,CATCCACAGCACTATCATTA,0,4995681
yjbJ_predicted,0.06666666666666667,14,14,CATACGGTCAGCGATAGTTG,0,5015472
yjbJ_predicted,0.06666666666666667,14,14,CAGTACGCCAGTCACTCCGT,0,5010162
yjbJ_predicted,0.06666666666666667,14,14,CAGAGTAAAATTTGCCTTCA,0,5008648
yjbJ_predicted,0.06666666666666667,14,14,CAACCTCGGGGAGCCGGTAA,0,5031189
yjbJ_predicted,0.06666666666666667,14,14,CAAAGTACAAGTCTTCGCGA,0,5010826
yjbJ_predicted,0.06666666666666667,14,14,ATTTCCGTTTGGGTCGCGGG,0,5028442
yjbJ_predicted,0.06666666666666667,14,14,ATTTCCCCCCGTAGGCTTGC,0,4996196
yjbJ_predicted,0.06666666666666667,14,14,ATTAATACAGGGGCAACCTG,0,5013146
yjbJ_predicted,0.06666666666666667,14,14,ATGTTCTGCCGGTTCTCAAC,0,5000044
yjbJ_predicted,0.06666666666666667,14,14,ATGGCTGGATGCTTAATTAT,0,4999599
yjbJ_predicted,0.06666666666666667,14,14,ATGGATTGCTTGTCGGTTGT,0,5006820
yjbJ_predicted,0.06666666666666667,14,14,ATGGAAACACGTCGTCCTTT,0,5028954
yjbJ_predicted,0.06666666666666667,14,14,ATGATCCCATTTAGTCAGCT,0,5000706
yjbJ_predicted,0.06666666666666667,14,14,ATCGTTACGACTATGCGCGG,0,5012471
yjbJ_predicted,0.06666666666666667,14,14,ATCGTAATTATGATCGCTTC,0,5026564
yjbJ_predicted,0.06666666666666667,14,14,ATCGGGACCTATAAGCACCT,0,5000644
yjbJ_predicted,0.06666666666666667,14,14,ATCGGAACCTCATGTCCTAA,0,5025833
yjbJ_predicted,0.06666666666666667,14,14,ATCAGTTGTTCATACCATCC,0,5029208
yjbJ_predicted,0.06666666666666667,14,14,ATAGAAGAGCGCGCGAACAT,0,5011082
yjbJ_predicted,0.06666666666666667,14,14,AGTGACGAATGGTCACTTTT,0,5026464
yjbJ_predicted,0.06666666666666667,14,14,AGTCTTGAATGGAACAGACT,0,5003010
yjbJ_predicted,0.06666666666666667,14,14,AGTCGTTAACTGCTACAAAA,0,5007507
yjbJ_predicted,0.06666666666666667,14,14,AGTATCAGGTGTTCGACACC,0,5024240
yjbJ_predicted,0.06666666666666667,14,14,AGGGGTACCACAAGGCGGTT,0,5012042
yjbJ_predicted,0.06666666666666667,14,14,AGGGGGACATCGGGGTGCCG,0,4996373
yjbJ_predicted,0.06666666666666667,14,14,AGGGAATTCGTCAATGCCTT,0,4999696
yjbJ_predicted,0.06666666666666667,14,14,AGGATTACGGTCTCCAGCCC,0,5026874
yjbJ_predicted,0.06666666666666667,14,14,AGGATTAACAGAAGAGAGAG,0,5028821
yjbJ_predicted,0.06666666666666667,14,14,AGGAAAGGGCGTCGGTACCT,0,5005072
yjbJ_predicted,0.06666666666666667,14,14,AGCGGCGGGGGCAGATCGCG,0,5002276
yjbJ_predicted,0.06666666666666667,14,14,AGATGTCGATTACATGAGTC,0,5007018
yjbJ_predicted,0.06666666666666667,14,14,AGACGGTTATTGCGGACAAC,0,4997209
yjbJ_predicted,0.06666666666666667,14,14,AGACAGGGGCTGGCCAGGCA,0,5000278
yjbJ_predicted,0.06666666666666667,14,14,ACTTATGGCGTGGCGGGAGT,0,4997302
yjbJ_predicted,0.06666666666666667,14,14,ACTGGGGAGCACCCTAGGGC,0,5020003
yjbJ_predicted,0.06666666666666667,14,14,ACTCTGCGGGCTCGTGCTGT,0,5019566
yjbJ_predicted,0.06666666666666667,14,14,ACTAGTTTAGGGCAGGTCAC,0,5013309
yjbJ_predicted,0.06666666666666667,14,14,ACTACCCTGCGCTACGGTTT,0,5011998
yjbJ_predicted,0.06666666666666667,14,14,ACGGATGTTTCAGAGTGTCA,0,4997167
yjbJ_predicted,0.06666666666666667,14,14,ACGACCGCAGGGTGAAGGCC,0,5009371
yjbJ_predicted,0.06666666666666667,14,14,ACCTTCAGTCCCTACGAGGC,0,4999323
yjbJ_predicted,0.06666666666666667,14,14,ACCCTTCACGATTTGCGACT,0,5029434
yjbJ_predicted,0.06666666666666667,14,14,ACCCCCAGTGCGCAGGCCGT,0,5013458
yjbJ_predicted,0.06666666666666667,14,14,AATGTCACAGACAATGCCCT,0,5013056
yjbJ_predicted,0.06666666666666667,14,14,AATGGTGTCTCTGCAGGAGA,0,5024403
yjbJ_predicted,0.06666666666666667,14,14,AAGTTGCTTATGGGACCACT,0,5001170
yjbJ_predicted,0.06666666666666667,14,14,AAGTGGGTAGGATGGGTCCG,0,4998487
yjbJ_predicted,0.06666666666666667,14,14,AAGGCTACCACTAAGGACTT,0,5017214
yjbJ_predicted,0.06666666666666667,14,14,AAGCCGTTCAAGTGTAATAA,0,5012166
yjbJ_predicted,0.06666666666666667,14,14,AAGACCTGTAGGTGCACGGA,0,5007221
yjbJ_predicted,0.06666666666666667,14,14,AAAGTCTTGAAATCACAATT,0,5008731
yjbJ_predicted,0.06666666666666667,14,14,AAAGGGTTACAACACACCAG,0,5023535
yjbJ_predicted,0.06666666666666667,14,14,AAAGATTTTCCTCTTCGAAG,0,5011604
yjbJ_predicted,0.06666666666666667,14,14,AAACACACCGACAAATCTAT,0,5007184
yjbJ_predicted,0.06666666666666667,14,14,AAACAACGGAGGGTCAGAGC,0,4996681
yjbJ_predicted,0.07142857142857142,13,13,TTTTCTTTCTAAGTCCGGTT,0,5014291
yjbJ_predicted,0.07142857142857142,13,13,TTGTTTGCTTAGCATTCTAC,0,5002048
yjbJ_predicted,0.07142857142857142,13,13,TTGGTGCGATCAAGCACAAG,0,5018426
yjbJ_predicted,0.07142857142857142,13,13,TTGGCTTCCGTACTTCCTCA,0,5015324
yjbJ_predicted,0.07142857142857142,13,13,TTGCACCTTCAAGATTCTGA,0,5018345
yjbJ_predicted,0.07142857142857142,13,13,TTGATGGTAAACTAAAGCCG,0,5010699
yjbJ_predicted,0.07142857142857142,13,13,TTCCATTTGATCGTCATGGT,0,5012717
yjbJ_predicted,0.07142857142857142,13,13,TTCAACGCAGTACTCTCATG,0,5006583
yjbJ_predicted,0.07142857142857142,13,13,TTATCTTGCTACGGGGCACA,0,5026733
yjbJ_predicted,0.07142857142857142,13,13,TTAGGGGTTGCTTGCCGAAA,0,5024457
yjbJ_predicted,0.07142857142857142,13,13,TGTTAGGGCCAACCTTGAAG,0,5017072
yjbJ_predicted,0.07142857142857142,13,13,TGTATAGTGGGACAAACGCG,0,5017286
yjbJ_predicted,0.07142857142857142,13,13,TGTAGGGTTTCTGTAGCGGA,0,4999481
yjbJ_predicted,0.07142857142857142,13,13,TGGTATCTAATAACTTTGAG,0,5014651
yjbJ_predicted,0.07142857142857142,13,13,TGGCGGGGGACGTGTCTGAC,0,5028589
yjbJ_predicted,0.07142857142857142,13,13,TGGCGAGTGAGGACCTCAAA,0,5023404
yjbJ_predicted,0.07142857142857142,13,13,TGGACAGACTTATCCTCATC,0,5010788
yjbJ_predicted,0.07142857142857142,13,13,TGGAATATTCGGCCTTTCAG,0,5008450
yjbJ_predicted,0.07142857142857142,13,13,TGCTATTCATGGCAACCTTC,0,5005772
yjbJ_predicted,0.07142857142857142,13,13,TGCGTAAGGGTGCGATATAT,0,5010675
yjbJ_predicted,0.07142857142857142,13,13,TGCGGGTTTGATACTCTTAG,0,5025644
yjbJ_predicted,0.07142857142857142,13,13,TGCCGTGTCGATCATAAGAG,0,5004986
yjbJ_predicted,0.07142857142857142,13,13,TGATACGGTAATTAGACCCG,0,5009546
yjbJ_predicted,0.07142857142857142,13,13,TCTGAACTGCTTTGTCTCTG,0,5027055
yjbJ_predicted,0.07142857142857142,13,13,TCTCAAACGAGGGGTTGGAG,0,5025467
yjbJ_predicted,0.07142857142857142,13,13,TCTAGGTAACTGCCCAACTC,0,4997591
yjbJ_predicted,0.07142857142857142,13,13,TCGTTTAACAGGGTACGGGG,0,5024708
yjbJ_predicted,0.07142857142857142,13,13,TCGTATTTGTATTAAACTCA,0,5015151
yjbJ_predicted,0.07142857142857142,13,13,TCGAGCCGTATCTCATCTAA,0,5010201
yjbJ_predicted,0.07142857142857142,13,13,TCCGAGCTCACAGGTATGTG,0,5012550
yjbJ_predicted,0.07142857142857142,13,13,TCCATAGAGTAAATTGCGGA,0,5020031
yjbJ_predicted,0.07142857142857142,13,13,TCATGGACCCATCGCTCGTA,0,5001906
yjbJ_predicted,0.07142857142857142,13,13,TCAGTTCTACTAAGGAACAG,0,4996820
yjbJ_predicted,0.07142857142857142,13,13,TCACGAGGTGCTTTCTCTGG,0,4999663
yjbJ_predicted,0.07142857142857142,13,13,TCACACGCTGAATCCTCCAG,0,4998443
yjbJ_predicted,0.07142857142857142,13,13,TCACAAAGATTGATAAGTTC,0,4995663
yjbJ_predicted,0.07142857142857142,13,13,TCAAAGCTAAACTCTAATCT,0,5022402
yjbJ_predicted,0.07142857142857142,13,13,TATTGCACTTTGCTAAGATG,0,5009487
yjbJ_predicted,0.07142857142857142,13,13,TATTCGTTCGGACCATTGTA,0,5026324
yjbJ_predicted,0.07142857142857142,13,13,TATGCTTCCTGGAATCGCTC,0,5015338
yjbJ_predicted,0.07142857142857142,13,13,TAGGGGGGTTGAAAAGTGTG,0,5015474
yjbJ_predicted,0.07142857142857142,13,13,TAGGGCGCCAGAGGTATAGA,0,5012853
yjbJ_predicted,0.07142857142857142,13,13,TAGCCTTAATACCGTGCACT,0,5007310
yjbJ_predicted,0.07142857142857142,13,13,TAGAACAAGGTGCGCTCGCA,0,5020002
yjbJ_predicted,0.07142857142857142,13,13,TACTGACACATAAGCGTATC,0,4996771
yjbJ_predicted,0.07142857142857142,13,13,TACTACACACCTCAATTTGG,0,5010824
yjbJ_predicted,0.07142857142857142,13,13,TACCGGGCGGAGCAAGAGCA,0,5014392
yjbJ_predicted,0.07142857142857142,13,13,TACCCAGGCGACTGAAATGC,0,4995428
yjbJ_predicted,0.07142857142857142,13,13,TAATCAACAGGAGTGAAAGG,0,5012182
yjbJ_predicted,0.07142857142857142,13,13,TAAATGCTAGGAAAATTGAT,0,5005401
yjbJ_predicted,0.07142857142857142,13,13,GTTGATGTGGCGGCGCAAAA,0,5020308
yjbJ_predicted,0.07142857142857142,13,13,GTTGATACCGCCGGGGACCT,0,5029258
yjbJ_predicted,0.07142857142857142,13,13,GTTCTCTGTTGTTCAAACCA,0,5008935
yjbJ_predicted,0.07142857142857142,13,13,GTTCCTCAGCAAGTAACAAC,0,5004334
yjbJ_predicted,0.07142857142857142,13,13,GTTCCGTGCATCCATTTCCA,0,5018788
yjbJ_predicted,0.07142857142857142,13,13,GTGTCGGACCTGTCGGAGCC,0,5015497
yjbJ_predicted,0.07142857142857142,13,13,GTGGCTTTCACCAAGATAAA,0,5018689
yjbJ_predicted,0.07142857142857142,13,13,GTGCAGTCTAGGCTGCTCGG,0,5024891
yjbJ_predicted,0.07142857142857142,13,13,GTCCTGGTCCCCAAAGATTC,0,5019284
yjbJ_predicted,0.07142857142857142,13,13,GTCCGATTGCCTTGCACGGT,0,4997626
yjbJ_predicted,0.07142857142857142,13,13,GTAGTTTGTTGTAGGTAAAA,0,5001474
yjbJ_predicted,0.07142857142857142,13,13,GTAGTAACTTTTACCGGGTC,0,5006715
yjbJ_predicted,0.07142857142857142,13,13,GTAGGGTCACGGTAGGCAAA,0,5005733
yjbJ_predicted,0.07142857142857142,13,13,GTACTAGGTATGCCGAAAGC,0,5017612
yjbJ_predicted,0.07142857142857142,13,13,GTAACTGGCAATCCACGACT,0,5014501
yjbJ_predicted,0.07142857142857142,13,13,GGTTGGCATTACTGCGTATT,0,5019208
yjbJ_predicted,0.07142857142857142,13,13,GGTGCCGAAATCCGGCAAGA,0,5027184
yjbJ_predicted,0.07142857142857142,13,13,GGTCGTGTGCTTTTTTTGGG,0,4996414
yjbJ_predicted,0.07142857142857142,13,13,GGTATGATTATGGGCTCTGA,0,5023092
yjbJ_predicted,0.07142857142857142,13,13,GGTACTCCCACAAGTTAAGG,0,5002487
yjbJ_predicted,0.07142857142857142,13,13,GGTAAGCCTGGCTAATACAC,0,5022969
yjbJ_predicted,0.07142857142857142,13,13,GGTAACACGATCGCTGTTTG,0,5008079
yjbJ_predicted,0.07142857142857142,13,13,GGGTACATTAGCGGATACGC,0,5008260
yjbJ_predicted,0.07142857142857142,13,13,GGGGGGCACGGCCTGGCGCA,0,5014283
yjbJ_predicted,0.07142857142857142,13,13,GGGACTAAAAAAACACTAAA,0,4999324
yjbJ_predicted,0.07142857142857142,13,13,GGGAAGGACAGGAGGTTTAA,0,4996339
yjbJ_predicted,0.07142857142857142,13,13,GGGAAAGTCTCGGAATAGGA,0,5015928
yjbJ_predicted,0.07142857142857142,13,13,GGGAAAGAACGAGACGATGG,0,5021406
yjbJ_predicted,0.07142857142857142,13,13,GGCCGTGACTAGAGCTCGAC,0,5004976
yjbJ_predicted,0.07142857142857142,13,13,GGCCAGGCATGAGTGCGTAA,0,5017817
yjbJ_predicted,0.07142857142857142,13,13,GGCACAATATATCCGTCGCT,0,5028424
yjbJ_predicted,0.07142857142857142,13,13,GCTTCGGGACAGTGTGGTTA,0,5029225
yjbJ_predicted,0.07142857142857142,13,13,GCTTCAGCGGTCTCTAGGTT,0,5027683
yjbJ_predicted,0.07142857142857142,13,13,GCTTCACGTAGAGATCACGG,0,5019408
yjbJ_predicted,0.07142857142857142,13,13,GCTGTGTCTTCAGTGGTCAT,0,5003131
yjbJ_predicted,0.07142857142857142,13,13,GCTAGAGCTCTTGTTTCGAT,0,5012848
yjbJ_predicted,0.07142857142857142,13,13,GCTACTCAAGAATGCTTGGT,0,4996742
yjbJ_predicted,0.07142857142857142,13,13,GCGCTCTGCGCCAGCAGATA,0,4995102
yjbJ_predicted,0.07142857142857142,13,13,GCGCGCCGAACATGGATCAA,0,5013484
yjbJ_predicted,0.07142857142857142,13,13,GCGCCCGTAGACAGCGCTTG,0,5022310
yjbJ_predicted,0.07142857142857142,13,13,GCCTACAGGGAGATTATCCA,0,5025631
yjbJ_predicted,0.07142857142857142,13,13,GCCGCTGCCAGATCTACATC,0,5010777
yjbJ_predicted,0.07142857142857142,13,13,GCCAGTGAATTAAGGCCCAT,0,5010050
yjbJ_predicted,0.07142857142857142,13,13,GCCACCACACTCGGGATGGC,0,5024916
yjbJ_predicted,0.07142857142857142,13,13,GCAGGCCGCCTTATCGTTGA,0,5016254
yjbJ_predicted,0.07142857142857142,13,13,GCAAGCTCAATTCCTGAACC,0,5005515
yjbJ_predicted,0.07142857142857142,13,13,GCAACACGGGGAACGAGACC,0,5005409
yjbJ_predicted,0.07142857142857142,13,13,GCAAAGTGATCTTGGGGAAT,0,5021267
yjbJ_predicted,0.07142857142857142,13,13,GATCTTTAATTATTATGACA,0,5018056
yjbJ_predicted,0.07142857142857142,13,13,GATCTAGAACCTGGGTCGGA,0,5007215
yjbJ_predicted,0.07142857142857142,13,13,GATCCCTGTCTGTTTCGCTG,0,5001841
yjbJ_predicted,0.07142857142857142,13,13,GATACAAATTGCGGCTGCAT,0,5020119
yjbJ_predicted,0.07142857142857142,13,13,GATAAGATCCACTAATGCGG,0,5020147
yjbJ_predicted,0.07142857142857142,13,13,GAGTGGGTCGCTTATGTTGA,0,5008394
yjbJ_predicted,0.07142857142857142,13,13,GAGTCGCGTGGCAACGGCAT,0,5025815
yjbJ_predicted,0.07142857142857142,13,13,GAGTACAGTGTAGCTGAAAA,0,5010393
yjbJ_predicted,0.07142857142857142,13,13,GAGGTGTATTAACCATGTGG,0,5029502
yjbJ_predicted,0.07142857142857142,13,13,GAGGTATCAAATTAGTGCGG,0,5003636
yjbJ_predicted,0.07142857142857142,13,13,GAGGACTACGCAAGGAAGGA,0,5028965
yjbJ_predicted,0.07142857142857142,13,13,GACGAAGGACGCATTGTCAA,0,4995675
yjbJ_predicted,0.07142857142857142,13,13,GAATACTCTCTAGCACGCCT,0,5001284
yjbJ_predicted,0.07142857142857142,13,13,GAAGCTCCCAAATACCTGAC,0,5003063
yjbJ_predicted,0.07142857142857142,13,13,GAACTGGTCTGTTCCCCGGC,0,5017289
yjbJ_predicted,0.07142857142857142,13,13,GAACGAGCGCGGATTATGTA,0,5000835
yjbJ_predicted,0.07142857142857142,13,13,GAACGACGCTCTATGTACGA,0,4995335
yjbJ_predicted,0.07142857142857142,13,13,GAAAGCGGCTCCCCGGGTCA,0,5016638
yjbJ_predicted,0.07142857142857142,13,13,GAAACCGGAATTAGCCTCAC,0,5001394
yjbJ_predicted,0.07142857142857142,13,13,CTTTCGTACTCGAAAAGTAA,0,5018231
yjbJ_predicted,0.07142857142857142,13,13,CTTTATCTTCCACCCTAGAC,0,4996386
yjbJ_predicted,0.07142857142857142,13,13,CTTCGAGTAGTTCGTATAAT,0,5025763
yjbJ_predicted,0.07142857142857142,13,13,CTTAACGTTCCAAGGCAATG,0,5017584
yjbJ_predicted,0.07142857142857142,13,13,CTGTTCCTACTCACCGTCCT,0,5023567
yjbJ_predicted,0.07142857142857142,13,13,CTGTGTGTGCAACGAGACCT,0,4996868
yjbJ_predicted,0.07142857142857142,13,13,CTGCACGTTAGATTCCATAA,0,5000946
yjbJ_predicted,0.07142857142857142,13,13,CTCGTGAATATGGTTCTTAA,0,5011153
yjbJ_predicted,0.07142857142857142,13,13,CTCGGGGATTCGGGCTTTGA,0,5014726
yjbJ_predicted,0.07142857142857142,13,13,CTCAGGGAGTGGCTGCAAAG,0,5031016
yjbJ_predicted,0.07142857142857142,13,13,CTCAGATTGAATATATTGCC,0,5019474
yjbJ_predicted,0.07142857142857142,13,13,CTATAGCCAGACGAATGGTT,0,5029806
yjbJ_predicted,0.07142857142857142,13,13,CTATAGACACACTTTTCAGT,0,5017152
yjbJ_predicted,0.07142857142857142,13,13,CTAGGCGTAAGGGGTATCGG,0,5017227
yjbJ_predicted,0.07142857142857142,13,13,CTAACAGATGTCACTCTCCC,0,4997452
yjbJ_predicted,0.07142857142857142,13,13,CGTTGTTGGTAACAGGGACC,0,5018065
yjbJ_predicted,0.07142857142857142,13,13,CGTTATGATGTAACTGTTAG,0,5000631
yjbJ_predicted,0.07142857142857142,13,13,CGTCGTCAGCAGGTTTAATG,0,5023098
yjbJ_predicted,0.07142857142857142,13,13,CGTCAATGCGATGTCCGTCC,0,5011107
yjbJ_predicted,0.07142857142857142,13,13,CGTACCTCAATAGATGGGTC,0,5004890
yjbJ_predicted,0.07142857142857142,13,13,CGTACAGCTTATGTGCCCCA,0,5005797
yjbJ_predicted,0.07142857142857142,13,13,CGGTTTCGATCTTGACAATT,0,5024716
yjbJ_predicted,0.07142857142857142,13,13,CGGTTCGCATGATCGACGAA,0,5003580
yjbJ_predicted,0.07142857142857142,13,13,CGGTCAGTAGTATCTGGGGA,0,5003576
yjbJ_predicted,0.07142857142857142,13,13,CGGGCGCTGGTCACGGACCT,0,5014468
yjbJ_predicted,0.07142857142857142,13,13,CGGGCGCAGGTACCCGAGAA,0,5014783
yjbJ_predicted,0.07142857142857142,13,13,CGCGTTTCCCGTGGAGGCGT,0,5010419
yjbJ_predicted,0.07142857142857142,13,13,CGCGTTACGTCAGGCAAGGA,0,5017704
yjbJ_predicted,0.07142857142857142,13,13,CGCGGGTCTGCAGGAGTGTA,0,5025697
yjbJ_predicted,0.07142857142857142,13,13,CGCCACCGCATCAAAAGATC,0,5023819
yjbJ_predicted,0.07142857142857142,13,13,CGCAGCTCCTAGCCAATAAA,0,5025333
yjbJ_predicted,0.07142857142857142,13,13,CGAAGCCTATAAAGTTTCCA,0,5029165
yjbJ_predicted,0.07142857142857142,13,13,CCTCCTCGCCCCAAGGCCGT,0,5022485
yjbJ_predicted,0.07142857142857142,13,13,CCTACGTAAATTGGTAGCTC,0,5002705
yjbJ_predicted,0.07142857142857142,13,13,CCGTCTGATCTCAATATGCT,0,5000579
yjbJ_predicted,0.07142857142857142,13,13,CCGGCTGGTGGTATGTATGC,0,5030695
yjbJ_predicted,0.07142857142857142,13,13,CCGAGAGGCCAACTCGCTTA,0,5007458
yjbJ_predicted,0.07142857142857142,13,13,CCCTTTAAGGTCGTTAATAG,0,5029628
yjbJ_predicted,0.07142857142857142,13,13,CCCGGGCTTTGGTAGAATGT,0,4999087
yjbJ_predicted,0.07142857142857142,13,13,CCCGCCTCTATGTTTTTTAC,0,5004301
yjbJ_predicted,0.07142857142857142,13,13,CCCCTCCCTAATAGGGTCTC,0,5021445
yjbJ_predicted,0.07142857142857142,13,13,CCCCATCAGCGCGAGCATAA,0,5010293
yjbJ_predicted,0.07142857142857142,13,13,CCATTGCCGATCGCCGCGGT,0,5007148
yjbJ_predicted,0.07142857142857142,13,13,CCATGGGGTGGACTAAGCCA,0,5010693
yjbJ_predicted,0.07142857142857142,13,13,CCACGGCCGGCTACTACCAA,0,5028530
yjbJ_predicted,0.07142857142857142,13,13,CCAATTATGGGCTTGTCCGC,0,5027854
yjbJ_predicted,0.07142857142857142,13,13,CCAACACCGGCATATGGCGG,0,4996043
yjbJ_predicted,0.07142857142857142,13,13,CATTTAGATTGTCGCGCCCC,0,5002987
yjbJ_predicted,0.07142857142857142,13,13,CATTCTTACTCCAGAAACGA,0,5003034
yjbJ_predicted,0.07142857142857142,13,13,CATTCGAATCTATAGGCGCA,0,5010265
yjbJ_predicted,0.07142857142857142,13,13,CATGGAGGGGAGCCTTACAT,0,5008546
yjbJ_predicted,0.07142857142857142,13,13,CATGCAGGTGACTCGGAAGA,0,5000094
yjbJ_predicted,0.07142857142857142,13,13,CATCGGTTTACACCCAAGAT,0,5009183
yjbJ_predicted,0.07142857142857142,13,13,CATCGGCATAGCAGAAGAGA,0,5017967
yjbJ_predicted,0.07142857142857142,13,13,CATCGCAAAAGAGTAATGGG,0,5000677
yjbJ_predicted,0.07142857142857142,13,13,CATCCTTGCAAAGAGAACAC,0,5021264
yjbJ_predicted,0.07142857142857142,13,13,CATCCTAACGATTAATAAAT,0,5005769
yjbJ_predicted,0.07142857142857142,13,13,CATCAGTGAGGGGTATGATC,0,5002895
yjbJ_predicted,0.07142857142857142,13,13,CATATGATAAAGTGACCCGA,0,5009841
yjbJ_predicted,0.07142857142857142,13,13,CATACCGGGACGCGTGTTTG,0,5010774
yjbJ_predicted,0.07142857142857142,13,13,CAGGGTCTATTAAACCTGCC,0,5011792
yjbJ_predicted,0.07142857142857142,13,13,CAGGCATAGGAGCCTTCCGT,0,5010475
yjbJ_predicted,0.07142857142857142,13,13,CAGGAAGCATAAGTGGATTT,0,5017302
yjbJ_predicted,0.07142857142857142,13,13,CAGCACATATTACGAACCGG,0,5022841
yjbJ_predicted,0.07142857142857142,13,13,CACTATTAATGGCCGTCTGT,0,5000340
yjbJ_predicted,0.07142857142857142,13,13,CACCGACCCTGAGTCTAAGG,0,5017937
yjbJ_predicted,0.07142857142857142,13,13,CACCCGTCACTCATATGGTA,0,5009387
yjbJ_predicted,0.07142857142857142,13,13,CACAGTTTTTTATGGATGAT,0,5020351
yjbJ_predicted,0.07142857142857142,13,13,CAATGTACTCGTCTATTGAT,0,4997400
yjbJ_predicted,0.07142857142857142,13,13,CAACAGTGTGGTTCTCATCC,0,5027328
yjbJ_predicted,0.07142857142857142,13,13,ATTGGCGCAGCAAGTGAATA,0,5009586
yjbJ_predicted,0.07142857142857142,13,13,ATTGGCCGGCCTGTCTGGTT,0,5002607
yjbJ_predicted,0.07142857142857142,13,13,ATTGCTCGGGTGAAAATCAG,0,5005054
yjbJ_predicted,0.07142857142857142,13,13,ATTAGGGAAGCACTGTCCAT,0,5009728
yjbJ_predicted,0.07142857142857142,13,13,ATTAAGCGAGCTTCACAATC,0,5016694
yjbJ_predicted,0.07142857142857142,13,13,ATCTTACCAAGCTTAATTAC,0,5003579
yjbJ_predicted,0.07142857142857142,13,13,ATATCTCGAAACACGAGGTC,0,5018383
yjbJ_predicted,0.07142857142857142,13,13,ATATCCGTGTCTACTCATAG,0,5006510
yjbJ_predicted,0.07142857142857142,13,13,ATAGCGGGTGGTCAACCAAA,0,5023128
yjbJ_predicted,0.07142857142857142,13,13,ATACGCAAACGGAAGGTCAG,0,5028600
yjbJ_predicted,0.07142857142857142,13,13,ATAATTTCTGGCATTAGAGC,0,4998705
yjbJ_predicted,0.07142857142857142,13,13,ATAACGCTGTGTAAGTTGGT,0,4998512
yjbJ_predicted,0.07142857142857142,13,13,AGTTGGTCCCGCGGCCAGTT,0,5006575
yjbJ_predicted,0.07142857142857142,13,13,AGTTGACATGCGCCTGGTTG,0,5010584
yjbJ_predicted,0.07142857142857142,13,13,AGTCAGAAGTACGTATCGCT,0,5015891
yjbJ_predicted,0.07142857142857142,13,13,AGTACGCGTGCGGAACGTCA,0,5016848
yjbJ_predicted,0.07142857142857142,13,13,AGGATGCCTCGTTTGTGGAA,0,4995644
yjbJ_predicted,0.07142857142857142,13,13,AGGAGGTAGTCTGGGCAAGC,0,4997870
yjbJ_predicted,0.07142857142857142,13,13,AGCCACTTGAGGGCTAAGGA,0,5011126
yjbJ_predicted,0.07142857142857142,13,13,AGCCAACATGTTTGTTGTAG,0,4998672
yjbJ_predicted,0.07142857142857142,13,13,AGAGACGCAACCTTCGCGCT,0,4998410
yjbJ_predicted,0.07142857142857142,13,13,AGACTCAAAACTGTGATTGC,0,5013164
yjbJ_predicted,0.07142857142857142,13,13,AGACGCCTAATTATGTTTCG,0,5017215
yjbJ_predicted,0.07142857142857142,13,13,AGACCCACAAAGATCTTTTC,0,5004132
yjbJ_predicted,0.07142857142857142,13,13,AGACCATTTCGTTTCTTACG,0,5025279
yjbJ_predicted,0.07142857142857142,13,13,ACTTATGTATTAGAGCATCG,0,5009646
yjbJ_predicted,0.07142857142857142,13,13,ACTGGCGTGTATACAGTGGC,0,5008577
yjbJ_predicted,0.07142857142857142,13,13,ACTGCGGCGATATCGAACTT,0,4999041
yjbJ_predicted,0.07142857142857142,13,13,ACTCTGTCCTAGGTATTGCG,0,5004760
yjbJ_predicted,0.07142857142857142,13,13,ACGGTGATAGAGAGTATGTT,0,5024259
yjbJ_predicted,0.07142857142857142,13,13,ACGCCGACACCTGTGCCAGT,0,5025852
yjbJ_predicted,0.07142857142857142,13,13,ACGCCATTTAACGTAGTCGT,0,5012228
yjbJ_predicted,0.07142857142857142,13,13,ACCGGTAAGCGACCATGAAT,0,5022195
yjbJ_predicted,0.07142857142857142,13,13,ACCGCTGGGAAAGATCTGCC,0,5015131
yjbJ_predicted,0.07142857142857142,13,13,ACCCGCATCATGTTGTATTG,0,5015559
yjbJ_predicted,0.07142857142857142,13,13,ACATGTACCGTGCGCCTACT,0,4995703
yjbJ_predicted,0.07142857142857142,13,13,ACACGTTAGGCAGTCATGCC,0,5017804
yjbJ_predicted,0.07142857142857142,13,13,ACACCAGCTGAATCCGCCTA,0,5011985
yjbJ_predicted,0.07142857142857142,13,13,ACACATGACAGACAATCATA,0,5030599
yjbJ_predicted,0.07142857142857142,13,13,ACAAGTGATGTATCGTCGTG,0,5030469
yjbJ_predicted,0.07142857142857142,13,13,AATTTTGGGACATACGGAAA,0,5012016
yjbJ_predicted,0.07142857142857142,13,13,AATTATGGAAAACATGGAAA,0,5022435
yjbJ_predicted,0.07142857142857142,13,13,AATCTGATGGAAGCCTCAGG,0,5027383
yjbJ_predicted,0.07142857142857142,13,13,AATCGTCCGGGTCGGCGTAC,0,5027398
yjbJ_predicted,0.07142857142857142,13,13,AATCGGGGACCTGACGAAGC,0,5013334
yjbJ_predicted,0.07142857142857142,13,13,AATCAGTCGTTCGGGGATCG,0,5002803
yjbJ_predicted,0.07142857142857142,13,13,AAGTTTGGGAAAGGAGCGTG,0,5020461
yjbJ_predicted,0.07142857142857142,13,13,AAGCGTTTTGCATTAACATG,0,5021090
yjbJ_predicted,0.07142857142857142,13,13,AAGAATATGCATGTGTCTGT,0,5011716
yjbJ_predicted,0.07142857142857142,13,13,AACTTGGTATGGACCGTAAA,0,5028896
yjbJ_predicted,0.07142857142857142,13,13,AAAGAGCGTGCTGGGGGTGA,0,4994930
yjbJ_predicted,0.07142857142857142,13,13,AAAAGTCAAATACTTAATAA,0,5021551
yjbJ_predicted,0.07692307692307693,12,12,TTTTACCGAAAAGGCCCCAT,0,5008263
yjbJ_predicted,0.07692307692307693,12,12,TTTGCGTGCTGGTATAGTCT,0,5026354
yjbJ_predicted,0.07692307692307693,12,12,TTTCACCGGTGGGCTGCGCT,0,5022995
yjbJ_predicted,0.07692307692307693,12,12,TTGTGTCAAGACAATTTGTC,0,5004723
yjbJ_predicted,0.07692307692307693,12,12,TTGTCAGGGGACCACAGACT,0,5010956
yjbJ_predicted,0.07692307692307693,12,12,TTGGTTGAAAAGGGCGTTTA,0,5016242
yjbJ_predicted,0.07692307692307693,12,12,TTGCCGGCGACAAATCGCCG,0,4996362
yjbJ_predicted,0.07692307692307693,12,12,TTGATATAAGTTTGTAGAGT,0,5021204
yjbJ_predicted,0.07692307692307693,12,12,TTCTTGGGATGGAACTCCGA,0,5005083
yjbJ_predicted,0.07692307692307693,12,12,TTCTGGTAGAGTATCAAACA,0,5011230
yjbJ_predicted,0.07692307692307693,12,12,TTCTACATCAGCGGTTAATG,0,5005836
yjbJ_predicted,0.07692307692307693,12,12,TTCGAAGGTCCAAGTGGAAC,0,5019386
yjbJ_predicted,0.07692307692307693,12,12,TTCCCGACGTCCTTTAAAAG,0,4998054
yjbJ_predicted,0.07692307692307693,12,12,TTATATGTGATCCCCATCCT,0,5003459
yjbJ_predicted,0.07692307692307693,12,12,TTAGTCCTGCCCGGTTTCTA,0,5001101
yjbJ_predicted,0.07692307692307693,12,12,TTACAAGCGTCCAGGGAGCA,0,5027933
yjbJ_predicted,0.07692307692307693,12,12,TGTTGCGTGCGCGACGTTGC,0,5000210
yjbJ_predicted,0.07692307692307693,12,12,TGTTCTCCCGCATGAAAGGC,0,5001541
yjbJ_predicted,0.07692307692307693,12,12,TGTTATTCGTCTCATGGGCT,0,5015630
yjbJ_predicted,0.07692307692307693,12,12,TGTGGAGCAGTTCAGCAAAG,0,4999466
yjbJ_predicted,0.07692307692307693,12,12,TGTGACATTTAATTATGGAA,0,5017305
yjbJ_predicted,0.07692307692307693,12,12,TGGTGTGCTTAGGAAAAAGC,0,4994740
yjbJ_predicted,0.07692307692307693,12,12,TGGTATTGGGTGGTTTAGCC,0,4997871
yjbJ_predicted,0.07692307692307693,12,12,TGGGTGCTTTCCCATGGGCT,0,5009867
yjbJ_predicted,0.07692307692307693,12,12,TGGGTATTTCTCTCGCCTAC,0,5014615
yjbJ_predicted,0.07692307692307693,12,12,TGGATAAATCCAATCCGTTA,0,4997858
yjbJ_predicted,0.07692307692307693,12,12,TGGAGGGATTCCGATGAAGC,0,5021736
yjbJ_predicted,0.07692307692307693,12,12,TGCACTCATGTGGGGAGTAG,0,5011209
yjbJ_predicted,0.07692307692307693,12,12,TGATCCTCATCTGGTATGGA,0,5025491
yjbJ_predicted,0.07692307692307693,12,12,TGAAACGGGGGCTCTGATCC,0,5021841
yjbJ_predicted,0.07692307692307693,12,12,TCTTCCCGTACTATTGCCAA,0,5023635
yjbJ_predicted,0.07692307692307693,12,12,TCTTAGCACCGCGACTGGGT,0,5015099
yjbJ_predicted,0.07692307692307693,12,12,TCTGCCGGGAAACCGACCAG,0,4995826
yjbJ_predicted,0.07692307692307693,12,12,TCTCGGACCTACGGTATTCG,0,5002549
yjbJ_predicted,0.07692307692307693,12,12,TCTACTGCGTAATAGGGACA,0,5024394
yjbJ_predicted,0.07692307692307693,12,12,TCTAAGGCCAGCTTTGTTTC,0,5025263
yjbJ_predicted,0.07692307692307693,12,12,TCGGATGGATGTCCAGGGTG,0,5002989
yjbJ_predicted,0.07692307692307693,12,12,TCGGACACAGCCCTCCGGTA,0,5012769
yjbJ_predicted,0.07692307692307693,12,12,TCGCTGAGAAGCTACATCAG,0,5027035
yjbJ_predicted,0.07692307692307693,12,12,TCGCTACAATAGTTTGACCC,0,5007212
yjbJ_predicted,0.07692307692307693,12,12,TCCTTCCACGTGTCCGACAT,0,5019373
yjbJ_predicted,0.07692307692307693,12,12,TCCGACGGCTTTCCCTTTAC,0,5004446
yjbJ_predicted,0.07692307692307693,12,12,TCCCTGGAAGTATCAGAGTT,0,5016699
yjbJ_predicted,0.07692307692307693,12,12,TCCAGGGTCTATTGCCGTAG,0,5020217
yjbJ_predicted,0.07692307692307693,12,12,TCATCATTCCTGTTAGCTAT,0,5029097
yjbJ_predicted,0.07692307692307693,12,12,TCAGTGAGTCCAGCGATAGT,0,5005543
yjbJ_predicted,0.07692307692307693,12,12,TCAGGGAAATTGGTACTGTT,0,5007144
yjbJ_predicted,0.07692307692307693,12,12,TCACCGTGGGATATGTAGAT,0,5009817
yjbJ_predicted,0.07692307692307693,12,12,TCACAGGGTGTTTAATATGT,0,5014076
yjbJ_predicted,0.07692307692307693,12,12,TATTCCGCACTCTAGTGTCA,0,5025772
yjbJ_predicted,0.07692307692307693,12,12,TATTAAGTCTGACTCGCGCT,0,5018335
yjbJ_predicted,0.07692307692307693,12,12,TATGGCGATTGGGGTCGAAC,0,5008809
yjbJ_predicted,0.07692307692307693,12,12,TATATGGCGGACATCGTGAA,0,5012601
yjbJ_predicted,0.07692307692307693,12,12,TATACTGGTAGCATGTTCGA,0,5011743
yjbJ_predicted,0.07692307692307693,12,12,TAGTGTCAGATGGAACGTTT,0,5010338
yjbJ_predicted,0.07692307692307693,12,12,TACAGTTAAATGGTGTCGAA,0,4998457
yjbJ_predicted,0.07692307692307693,12,12,TACAAGTATATAGCACCGGT,0,5004418
yjbJ_predicted,0.07692307692307693,12,12,TAATATATCGACCTGGCTCA,0,5001809
yjbJ_predicted,0.07692307692307693,12,12,TAAGGTGCTTCAGGGAAATT,0,5029541
yjbJ_predicted,0.07692307692307693,12,12,TAAAGCCAATAGCCTCAATA,0,5017383
yjbJ_predicted,0.07692307692307693,12,12,TAAACTTTTAGATGTTACCG,0,5000699
yjbJ_predicted,0.07692307692307693,12,12,GTTTCCAGCCGTGGGGTCGC,0,5030294
yjbJ_predicted,0.07692307692307693,12,12,GTTTAAGGCAGAAACAATGG,0,5006852
yjbJ_predicted,0.07692307692307693,12,12,GTTATTTCTGGCTGTTAATA,0,4998521
yjbJ_predicted,0.07692307692307693,12,12,GTGTACGTTTTCACACAGCC,0,5010529
yjbJ_predicted,0.07692307692307693,12,12,GTGGGGTAATGGTCCTCAAG,0,5016718
yjbJ_predicted,0.07692307692307693,12,12,GTGGAACGGTACCTACCTAC,0,5003632
yjbJ_predicted,0.07692307692307693,12,12,GTGATAGCGCCGGCTCGGTC,0,5022131
yjbJ_predicted,0.07692307692307693,12,12,GTGATAAATATTTCCTGAAC,0,5011840
yjbJ_predicted,0.07692307692307693,12,12,GTCTATGGCACAGACACCCG,0,5020601
yjbJ_predicted,0.07692307692307693,12,12,GTCGACGACAGCCCGGTGGA,0,4996775
yjbJ_predicted,0.07692307692307693,12,12,GTCCCCCTGTGTGTGTCGGC,0,5007461
yjbJ_predicted,0.07692307692307693,12,12,GTCCCAGTATCACTTACAGT,0,5021899
yjbJ_predicted,0.07692307692307693,12,12,GTCAGGCATGAGTGATAAGT,0,5003957
yjbJ_predicted,0.07692307692307693,12,12,GTATGATACGTGTGTCCAAT,0,5018055
yjbJ_predicted,0.07692307692307693,12,12,GTAGTCAATGATCACAGCGT,0,5015204
yjbJ_predicted,0.07692307692307693,12,12,GTAGGGATATGTATCAACAA,0,5018622
yjbJ_predicted,0.07692307692307693,12,12,GTAGGCTGAAACAACGCTCG,0,5015335
yjbJ_predicted,0.07692307692307693,12,12,GTAACGTTGAGGCCACTGTG,0,5015534
yjbJ_predicted,0.07692307692307693,12,12,GTAACGCCGATTGGCGTATA,0,5022379
yjbJ_predicted,0.07692307692307693,12,12,GGTTTTCGTCCTCGCTAGCT,0,5027781
yjbJ_predicted,0.07692307692307693,12,12,GGTTGGGTTGCGATTCTTAC,0,5000532
yjbJ_predicted,0.07692307692307693,12,12,GGTGGAGGCGACATCTAGAG,0,4995107
yjbJ_predicted,0.07692307692307693,12,12,GGTCAAATCGGTTCTATTGA,0,5008936
yjbJ_predicted,0.07692307692307693,12,12,GGTATCACGTGCAGAATTTT,0,5001870
yjbJ_predicted,0.07692307692307693,12,12,GGGTTAATCATGACGTCTGT,0,5000200
yjbJ_predicted,0.07692307692307693,12,12,GGGTAAACTCTATGAGTGTG,0,5030052
yjbJ_predicted,0.07692307692307693,12,12,GGGGTTATGTACGTCATGTA,0,5001558
yjbJ_predicted,0.07692307692307693,12,12,GGGATATTATTGCGGGGTTT,0,4997429
yjbJ_predicted,0.07692307692307693,12,12,GGGAGTCGTGTGCAGATCTA,0,5003661
yjbJ_predicted,0.07692307692307693,12,12,GGGACTTCTCCATGAGGCTT,0,5024197
yjbJ_predicted,0.07692307692307693,12,12,GGCTGACCCTCTTATATCAA,0,5011940
yjbJ_predicted,0.07692307692307693,12,12,GGCGTTTACAGCTTTCACAC,0,5023903
yjbJ_predicted,0.07692307692307693,12,12,GGCCCGGCTCTGACGTATGC,0,5007687
yjbJ_predicted,0.07692307692307693,12,12,GGCATGCGGGTAGGGTGTTA,0,5023463
yjbJ_predicted,0.07692307692307693,12,12,GGCAATGGATCAGTTTCAAG,0,5004560
yjbJ_predicted,0.07692307692307693,12,12,GGACCGTAGATGAGATAATA,0,5028412
yjbJ_predicted,0.07692307692307693,12,12,GGAAATACGACCAGTGGCTT,0,4999935
yjbJ_predicted,0.07692307692307693,12,12,GCTGGCACATACGAGTGCTT,0,5008919
yjbJ_predicted,0.07692307692307693,12,12,GCTGACACTCAAGGGTGCGA,0,4996623
yjbJ_predicted,0.07692307692307693,12,12,GCTCATTAGGGCGCCGGTGA,0,5024443
yjbJ_predicted,0.07692307692307693,12,12,GCGTGAGCTAATCAAGTCGT,0,5022553
yjbJ_predicted,0.07692307692307693,12,12,GCCTGAGATCCAGAAGTTAA,0,5027197
yjbJ_predicted,0.07692307692307693,12,12,GCCGTAGTTACGACCCGCTT,0,5008900
yjbJ_predicted,0.07692307692307693,12,12,GCCGCAGGTTACGGGATCGA,0,4996218
yjbJ_predicted,0.07692307692307693,12,12,GCATTCATGGCGACACCTAT,0,5025585
yjbJ_predicted,0.07692307692307693,12,12,GCATGAAGAGAATCAGATAC,0,5011059
yjbJ_predicted,0.07692307692307693,12,12,GCATAAGTGGTACTATGTAC,0,5009631
yjbJ_predicted,0.07692307692307693,12,12,GCAGTTCCCCTTCAGGAGAA,0,5008483
yjbJ_predicted,0.07692307692307693,12,12,GCAGAATGATGACCCAGATC,0,5008898
yjbJ_predicted,0.07692307692307693,12,12,GCAAGTTCAAAGTACGGTCT,0,5016639
yjbJ_predicted,0.07692307692307693,12,12,GCAACGACCGCATGTTCGAA,0,5012875
yjbJ_predicted,0.07692307692307693,12,12,GCAAACAGCGTACATTCCTC,0,5014712
yjbJ_predicted,0.07692307692307693,12,12,GATTTGAATCTGTTAATGGT,0,5020312
yjbJ_predicted,0.07692307692307693,12,12,GATTGGAATGTTGCTGCAGT,0,4999260
yjbJ_predicted,0.07692307692307693,12,12,GATTAATCTGATACGTACTT,0,4995747
yjbJ_predicted,0.07692307692307693,12,12,GATGGGTTTACCTCGGAAAT,0,5031232
yjbJ_predicted,0.07692307692307693,12,12,GATCTGTGCATGCTGCGCGA,0,5024486
yjbJ_predicted,0.07692307692307693,12,12,GATACCTTGCATCGGCTAAG,0,5002310
yjbJ_predicted,0.07692307692307693,12,12,GAGCTTCAAATGTGGCCTCA,0,5023895
yjbJ_predicted,0.07692307692307693,12,12,GAGCCCGTTCGTCGGAAAAG,0,5011717
yjbJ_predicted,0.07692307692307693,12,12,GAGATCACAGCACCTGGCTT,0,5005774
yjbJ_predicted,0.07692307692307693,12,12,GACTTGTGATGAGCACCTGC,0,5000319
yjbJ_predicted,0.07692307692307693,12,12,GACTGTGAGTAGCCAGTCCA,0,5003735
yjbJ_predicted,0.07692307692307693,12,12,GACTGCTTTGTCCACCGTTA,0,5029404
yjbJ_predicted,0.07692307692307693,12,12,GACTGCCTTACATTATTCAT,0,5005253
yjbJ_predicted,0.07692307692307693,12,12,GACCTGGGTGCAGCTTCCGT,0,5023758
yjbJ_predicted,0.07692307692307693,12,12,GACATAAAAATATTAATTAG,0,5027970
yjbJ_predicted,0.07692307692307693,12,12,GAATCCCATGATGCATTGGC,0,5022550
yjbJ_predicted,0.07692307692307693,12,12,GAAGGTCCGGTTGTGTGGTT,0,5025072
yjbJ_predicted,0.07692307692307693,12,12,GAAGGGTTCTTCGTTCTGTA,0,5025474
yjbJ_predicted,0.07692307692307693,12,12,GAAGCTGGGTATGCTTGTTT,0,5025949
yjbJ_predicted,0.07692307692307693,12,12,GAAGCCTTGCTTTTTCTTAT,0,5007504
yjbJ_predicted,0.07692307692307693,12,12,GAAGATCGTATCGATAGCTG,0,5003816
yjbJ_predicted,0.07692307692307693,12,12,GAAGAGTATCCGGTTAAGAC,0,5027708
yjbJ_predicted,0.07692307692307693,12,12,CTTTATTGGGCACAGAGTGT,0,5004559
yjbJ_predicted,0.07692307692307693,12,12,CTTCGTCCGATGGTATATAG,0,4998732
yjbJ_predicted,0.07692307692307693,12,12,CTTACCCCGTAGCATCATTA,0,5004947
yjbJ_predicted,0.07692307692307693,12,12,CTGTCAAGTTACGGTAGTCA,0,5024351
yjbJ_predicted,0.07692307692307693,12,12,CTCTAAAGGAGGGCGTGTTC,0,5012648
yjbJ_predicted,0.07692307692307693,12,12,CTAGGGCCGCCCCCGGCAAA,0,5000816
yjbJ_predicted,0.07692307692307693,12,12,CTAGGCAAGACTGTCCAACC,0,4996376
yjbJ_predicted,0.07692307692307693,12,12,CTACGGTCCCCTCTGCGTGA,0,5022566
yjbJ_predicted,0.07692307692307693,12,12,CTACATGCGATCTCACGAAA,0,5025367
yjbJ_predicted,0.07692307692307693,12,12,CTAACCTTGAAAGTTTCTAC,0,5014977
yjbJ_predicted,0.07692307692307693,12,12,CGTTCCATGTCCCCAGATCA,0,5026813
yjbJ_predicted,0.07692307692307693,12,12,CGTTATAGGTATCTATTATA,0,5016455
yjbJ_predicted,0.07692307692307693,12,12,CGTGTTAAGATGCCAGAGAG,0,5027334
yjbJ_predicted,0.07692307692307693,12,12,CGTGCGCCACGGAGTCGCAA,0,5005039
yjbJ_predicted,0.07692307692307693,12,12,CGTAGAATACGGATCAAGGG,0,5028221
yjbJ_predicted,0.07692307692307693,12,12,CGTAGAAGAGCAGGATGGAT,0,5003768
yjbJ_predicted,0.07692307692307693,12,12,CGGTTCGGCCGTACTGTGGA,0,5015183
yjbJ_predicted,0.07692307692307693,12,12,CGGTACGCTCTACGCGCAGC,0,4999023
yjbJ_predicted,0.07692307692307693,12,12,CGGTACCATGGAATACGTTA,0,5022370
yjbJ_predicted,0.07692307692307693,12,12,CGGTAAAAGTTTAAGGTAAT,0,5030656
yjbJ_predicted,0.07692307692307693,12,12,CGGGGTTAGACCGTCTCGAT,0,5026753
yjbJ_predicted,0.07692307692307693,12,12,CGGGCTAAACCGTGTTCTAG,0,5015234
yjbJ_predicted,0.07692307692307693,12,12,CGGGACAATTAGCCTCGATT,0,5009426
yjbJ_predicted,0.07692307692307693,12,12,CGGACAGCGCAAAACAACTC,0,5010361
yjbJ_predicted,0.07692307692307693,12,12,CGCGGGGTGGGATACGCACG,0,5014721
yjbJ_predicted,0.07692307692307693,12,12,CGCCGATAAGGGGCCAGTTG,0,5012688
yjbJ_predicted,0.07692307692307693,12,12,CGCCCCGGGACTTGCAAAAG,0,5007977
yjbJ_predicted,0.07692307692307693,12,12,CGCCCACTCGGACCAGTGAC,0,5029673
yjbJ_predicted,0.07692307692307693,12,12,CGCCAGCTTCGACGGACTAT,0,5016722
yjbJ_predicted,0.07692307692307693,12,12,CGCACCATTTCAGTGCGTAT,0,5029095
yjbJ_predicted,0.07692307692307693,12,12,CGCAAATTTTGGGAACGCAA,0,5019298
yjbJ_predicted,0.07692307692307693,12,12,CGAAGAACGGAACGACGTTA,0,5028963
yjbJ_predicted,0.07692307692307693,12,12,CGAAAGGATGACTTCGTAGT,0,5015726
yjbJ_predicted,0.07692307692307693,12,12,CCTTTTGGGCAGGCATCAAA,0,5023346
yjbJ_predicted,0.07692307692307693,12,12,CCTGAGCAGATTCGGGGACC,0,5010776
yjbJ_predicted,0.07692307692307693,12,12,CCGGGCAAGGTATTACTTGT,0,4994721
yjbJ_predicted,0.07692307692307693,12,12,CCGGCTTCATGTGGAAGTAG,0,5018593
yjbJ_predicted,0.07692307692307693,12,12,CCGCCCATGCGTTCGCTTTG,0,5016538
yjbJ_predicted,0.07692307692307693,12,12,CCCTTACGGTACTCGGTAGA,0,4996284
yjbJ_predicted,0.07692307692307693,12,12,CCCGAGTGTGCAAATGACGA,0,5026342
yjbJ_predicted,0.07692307692307693,12,12,CCCATAACCAGACGAGGCAA,0,5008763
yjbJ_predicted,0.07692307692307693,12,12,CCCAGCTCACAAATCAATCC,0,5001555
yjbJ_predicted,0.07692307692307693,12,12,CCCACTCCGCTCAGAATGGC,0,5008827
yjbJ_predicted,0.07692307692307693,12,12,CCCACATTCATTACCTTTGA,0,5005490
yjbJ_predicted,0.07692307692307693,12,12,CCCACATCAGCCTACACGAC,0,5022145
yjbJ_predicted,0.07692307692307693,12,12,CCAGTCCGTTACACACTCGG,0,5005038
yjbJ_predicted,0.07692307692307693,12,12,CCACAAACGCTAAGTGGTAT,0,5024192
yjbJ_predicted,0.07692307692307693,12,12,CCAATCCGCACCGGGTTTAT,0,5020940
yjbJ_predicted,0.07692307692307693,12,12,CCAACTACCCGTTTAGCCCT,0,5029494
yjbJ_predicted,0.07692307692307693,12,12,CATTGGCCTTGTCCCTCAAG,0,5011889
yjbJ_predicted,0.07692307692307693,12,12,CATGTGAGGACTCGCCAGTT,0,5014505
yjbJ_predicted,0.07692307692307693,12,12,CATGCGCTGAGGCCTACTGC,0,5014177
yjbJ_predicted,0.07692307692307693,12,12,CATCCCTCCTCAACATACAT,0,5007117
yjbJ_predicted,0.07692307692307693,12,12,CAGTTTAAAAGGTCCTCGTT,0,5021809
yjbJ_predicted,0.07692307692307693,12,12,CAGGTTCTAAACACGATATT,0,5010694
yjbJ_predicted,0.07692307692307693,12,12,CAGGGTACAGTCGCCCTCCA,0,5012273
yjbJ_predicted,0.07692307692307693,12,12,CAGGACCCATGTGATGCTAT,0,5017377
yjbJ_predicted,0.07692307692307693,12,12,CAGCGTTTGGACCCCTCGTA,0,5011769
yjbJ_predicted,0.07692307692307693,12,12,CACTGTCGCAGCGACGGCAT,0,5010384
yjbJ_predicted,0.07692307692307693,12,12,CACCCATGAAAAGTTCCGGA,0,5007192
yjbJ_predicted,0.07692307692307693,12,12,CACAGCGCAGAATCGCCGAA,0,5014176
yjbJ_predicted,0.07692307692307693,12,12,CACAACTAAATAACCCCTGT,0,5031156
yjbJ_predicted,0.07692307692307693,12,12,CAAGGCAACGGAAATTACAG,0,5006263
yjbJ_predicted,0.07692307692307693,12,12,CAAGGAACTGGGTCCACCTG,0,5003641
yjbJ_predicted,0.07692307692307693,12,12,CAAGCCGCTCAGCAGGCCCG,0,5020144
yjbJ_predicted,0.07692307692307693,12,12,ATTTTGCTCCCGGCTTATCT,0,5013378
yjbJ_predicted,0.07692307692307693,12,12,ATTTGCCTGAGCACGCCTGT,0,4996753
yjbJ_predicted,0.07692307692307693,12,12,ATGTGTTCCTCGCCTAAACG,0,5018014
yjbJ_predicted,0.07692307692307693,12,12,ATGTCTCCACCGTGGGATCA,0,5005601
yjbJ_predicted,0.07692307692307693,12,12,ATGGGCCAGTCAGTTTACTG,0,5004516
yjbJ_predicted,0.07692307692307693,12,12,ATGGGAGGTTATCGATCGGT,0,5021176
yjbJ_predicted,0.07692307692307693,12,12,ATGGCTAAGGAGCGTATGGT,0,5011826
yjbJ_predicted,0.07692307692307693,12,12,ATGACAAGCCCATTTATATG,0,5012841
yjbJ_predicted,0.07692307692307693,12,12,ATGAACCGTTCGTTCAGATT,0,5024223
yjbJ_predicted,0.07692307692307693,12,12,ATCTTTGGGGGCTAGACCCC,0,4996758
yjbJ_predicted,0.07692307692307693,12,12,ATCTCAGGTTGGCCCCCCGA,0,5010358
yjbJ_predicted,0.07692307692307693,12,12,ATCCTTCTAGTGAGTAGATG,0,5023164
yjbJ_predicted,0.07692307692307693,12,12,ATCCTAAATTGTGAAAATAA,0,5023417
yjbJ_predicted,0.07692307692307693,12,12,ATCCATGCTTCTTCTATAAA,0,5006207
yjbJ_predicted,0.07692307692307693,12,12,ATCATACGCTTCCTTAGTAC,0,5022030
yjbJ_predicted,0.07692307692307693,12,12,ATCAGTTACCAGAAGAGCAT,0,5005143
yjbJ_predicted,0.07692307692307693,12,12,ATATGAGGGCAGTCAGTACA,0,5010042
yjbJ_predicted,0.07692307692307693,12,12,ATAGCGCACGGATCAATGTG,0,5008452
yjbJ_predicted,0.07692307692307693,12,12,ATACTACAAACTGAGGCTGG,0,5024799
yjbJ_predicted,0.07692307692307693,12,12,ATAAGGGGTGAGGTGAGACA,0,5026181
yjbJ_predicted,0.07692307692307693,12,12,ATAAACGTCAATGTCAAGAT,0,5020178
yjbJ_predicted,0.07692307692307693,12,12,AGTGGCCGGCTGGATAATCT,0,5005861
yjbJ_predicted,0.07692307692307693,12,12,AGTGCAAGGCTTAACTCTAC,0,5021456
yjbJ_predicted,0.07692307692307693,12,12,AGGTTAGTGCACCGCTAAGA,0,4995158
yjbJ_predicted,0.07692307692307693,12,12,AGGAGTCCATTCATGCCTGA,0,5007856
yjbJ_predicted,0.07692307692307693,12,12,AGGACTAACTTGAATCCAAC,0,5008074
yjbJ_predicted,0.07692307692307693,12,12,AGCTAAGTACAGTGGACGCC,0,5009058
yjbJ_predicted,0.07692307692307693,12,12,AGACCCGAGATCCTTGTAAT,0,4998873
yjbJ_predicted,0.07692307692307693,12,12,AGACAGTCCCCGCCAAGTAA,0,5014370
yjbJ_predicted,0.07692307692307693,12,12,AGAATCACAAGGTAGGCCAA,0,4999604
yjbJ_predicted,0.07692307692307693,12,12,AGAATACCCGTTATTTTCGT,0,5005751
yjbJ_predicted,0.07692307692307693,12,12,AGAACGTTTGTGATCAGTGC,0,5014937
yjbJ_predicted,0.07692307692307693,12,12,AGAAAACATGCTGCGCGTGT,0,5025330
yjbJ_predicted,0.07692307692307693,12,12,ACTTCCAACGAGAGAGTTGA,0,5025846
yjbJ_predicted,0.07692307692307693,12,12,ACTTAAGGGACTTTTTTGCT,0,5007868
yjbJ_predicted,0.07692307692307693,12,12,ACTCAGCAATCAAAAACGAT,0,5025627
yjbJ_predicted,0.07692307692307693,12,12,ACTATCAAAAGGGTCAATGA,0,5001730
yjbJ_predicted,0.07692307692307693,12,12,ACGTCATGACTGACGTATTA,0,5017664
yjbJ_predicted,0.07692307692307693,12,12,ACGGGTTTCACGTGATAAGT,0,5019858
yjbJ_predicted,0.07692307692307693,12,12,ACGGGGCTGACTCGTATTAC,0,5018543
yjbJ_predicted,0.07692307692307693,12,12,ACGCGTATATGATGAAAACG,0,5006643
yjbJ_predicted,0.07692307692307693,12,12,ACCTTTGTCCAGGCCGCCCG,0,5027988
yjbJ_predicted,0.07692307692307693,12,12,ACCTGATTACGTCTCAGATT,0,5006170
yjbJ_predicted,0.07692307692307693,12,12,ACCTGATGTGGTTGTCCACT,0,5005837
yjbJ_predicted,0.07692307692307693,12,12,ACCGCCTTAATTAATTAATC,0,5020292
yjbJ_predicted,0.07692307692307693,12,12,ACCGACTTCACAAAGTGTCT,0,5017293
yjbJ_predicted,0.07692307692307693,12,12,ACCACATCTCAGTGTGAAAA,0,5008258
yjbJ_predicted,0.07692307692307693,12,12,ACCAAGTCAAGACGTCCAGA,0,5003168
yjbJ_predicted,0.07692307692307693,12,12,ACAGCTCGGCGGTGTGCGTG,0,5018296
yjbJ_predicted,0.07692307692307693,12,12,AATTAAGCGGATTCCTGAGT,0,4994691
yjbJ_predicted,0.07692307692307693,12,12,AATCGGACCAGGGTTCCCCA,0,5008943
yjbJ_predicted,0.07692307692307693,12,12,AAGTTGACATTTTGCTAAGA,0,5021199
yjbJ_predicted,0.07692307692307693,12,12,AAGGTGTAGACTGGCTGACT,0,5012320
yjbJ_predicted,0.07692307692307693,12,12,AAGGTGCCGGGTCTGGTGCT,0,5004323
yjbJ_predicted,0.07692307692307693,12,12,AACTCCACTACAGTCAAGGA,0,5013271
yjbJ_predicted,0.07692307692307693,12,12,AACTCACTGGAATACAGCTT,0,5005271
yjbJ_predicted,0.07692307692307693,12,12,AACGGCTTTACCGAAGTATA,0,5020462
yjbJ_predicted,0.07692307692307693,12,12,AACGCGAATTGTTTTAAGAG,0,5031007
yjbJ_predicted,0.07692307692307693,12,12,AACATTAAAAGCTAGATATG,0,5015892
yjbJ_predicted,0.07692307692307693,12,12,AACAGAAGGGGGGCCTAGCT,0,5016172
yjbJ_predicted,0.07692307692307693,12,12,AAATTAGACGGCTTCCATCA,0,5004649
yjbJ_predicted,0.07692307692307693,12,12,AAATCTTTGTAGTGGCATCA,0,4999159
yjbJ_predicted,0.07692307692307693,12,12,AAATCCCAGCGCCGGCCGGA,0,5008184
yjbJ_predicted,0.08333333333333333,11,11,TTTTTGGATAGGCGGGGGTT,0,5021310
yjbJ_predicted,0.08333333333333333,11,11,TTTGACTGTCTTCGCCCAAT,0,5005088
yjbJ_predicted,0.08333333333333333,11,11,TTTCACAAGGTTCAGGCATG,0,5019550
yjbJ_predicted,0.08333333333333333,11,11,TTTAGGTCACGATTGGACCG,0,5005141
yjbJ_predicted,0.08333333333333333,11,11,TTGGTTTAATGAAATCTAAC,0,5010958
yjbJ_predicted,0.08333333333333333,11,11,TTGGTCGGTATAACTATGAA,0,5018914
yjbJ_predicted,0.08333333333333333,11,11,TTGGCAGTTATCCGGATTAA,0,5018429
yjbJ_predicted,0.08333333333333333,11,11,TTGCTTCCCCAAGTCTCTAG,0,5021253
yjbJ_predicted,0.08333333333333333,11,11,TTGCATAGTAGGTATTTCCC,0,5002873
yjbJ_predicted,0.08333333333333333,11,11,TTGCAGAGTTCTTAGGTGTT,0,5002350
yjbJ_predicted,0.08333333333333333,11,11,TTGAGTGTCTTAGATCCTGA,0,5002855
yjbJ_predicted,0.08333333333333333,11,11,TTGAATGGCGCACAAGGTGT,0,5027949
yjbJ_predicted,0.08333333333333333,11,11,TTCTTGGCGCCCACCCAGGT,0,5020539
yjbJ_predicted,0.08333333333333333,11,11,TTCTATCGGCGGGCGAGAGT,0,5002415
yjbJ_predicted,0.08333333333333333,11,11,TTCGGATGCGACGAATTAGT,0,5020611
yjbJ_predicted,0.08333333333333333,11,11,TTCCTCGGCACTGCAAGTTC,0,5029706
yjbJ_predicted,0.08333333333333333,11,11,TTCAAGGCCCCTTTATATTA,0,5011768
yjbJ_predicted,0.08333333333333333,11,11,TTACCGTTCCAGGACCAGGA,0,5006517
yjbJ_predicted,0.08333333333333333,11,11,TTAATGTGCGTTCCAGGGTA,0,5019641
yjbJ_predicted,0.08333333333333333,11,11,TTAATGGGGTCTGCGCGTGG,0,5000315
yjbJ_predicted,0.08333333333333333,11,11,TTAACTATTGTGTCAACGTA,0,4995981
yjbJ_predicted,0.08333333333333333,11,11,TGTGGTCTGGGCCATAGTCA,0,5007389
yjbJ_predicted,0.08333333333333333,11,11,TGTGCTTCAGACAGCTAGCT,0,5016815
yjbJ_predicted,0.08333333333333333,11,11,TGTGCGGTTCATCAACACGC,0,5001799
yjbJ_predicted,0.08333333333333333,11,11,TGTCTTACTAGAGATCTACC,0,5004248
yjbJ_predicted,0.08333333333333333,11,11,TGTCCTGACTCAAATACTGT,0,5001586
yjbJ_predicted,0.08333333333333333,11,11,TGTAAGTGGAAGGCGGCTTG,0,4998204
yjbJ_predicted,0.08333333333333333,11,11,TGTAACGAACGGAACCGATT,0,4999378
yjbJ_predicted,0.08333333333333333,11,11,TGGTAATAACAGGCTAACGG,0,4996848
yjbJ_predicted,0.08333333333333333,11,11,TGGGGAGTGGAGTCAGCCCG,0,5018650
yjbJ_predicted,0.08333333333333333,11,11,TGGCCGTCGCTGCGTTTAAT,0,4999337
yjbJ_predicted,0.08333333333333333,11,11,TGGCCATGTAAACGAAATGG,0,4999053
yjbJ_predicted,0.08333333333333333,11,11,TGCTAAAAGTCTACCCGGAT,0,5020899
yjbJ_predicted,0.08333333333333333,11,11,TGCCAAACAATGTTAAAATT,0,5011682
yjbJ_predicted,0.08333333333333333,11,11,TGCATCTTCCAGGCTTCTCG,0,5018735
yjbJ_predicted,0.08333333333333333,11,11,TGATTTTGTATCTTTAGAGG,0,5015014
yjbJ_predicted,0.08333333333333333,11,11,TGATTGTTTACTGGGAAAAG,0,5001260
yjbJ_predicted,0.08333333333333333,11,11,TGATGTCCTTATAGACATTT,0,4999160
yjbJ_predicted,0.08333333333333333,11,11,TGATGCTGTCGCTGCCGACG,0,5000360
yjbJ_predicted,0.08333333333333333,11,11,TGAAGTGACACATACGGCTC,0,5006190
yjbJ_predicted,0.08333333333333333,11,11,TCTGTAGCTACAGGCTGCTA,0,5001549
yjbJ_predicted,0.08333333333333333,11,11,TCTGGAGGTGTAGAAGGATA,0,5013232
yjbJ_predicted,0.08333333333333333,11,11,TCTGGACTCAAGCGATGTAT,0,5012523
yjbJ_predicted,0.08333333333333333,11,11,TCTACGGGAAGAATGTCGAT,0,5004197
yjbJ_predicted,0.08333333333333333,11,11,TCGTCTAAAAACCAATACGA,0,4998842
yjbJ_predicted,0.08333333333333333,11,11,TCGGCTCGGGCGTTAAGTTG,0,5015813
yjbJ_predicted,0.08333333333333333,11,11,TCGCTTTGTGGATGGTTCGT,0,4999037
yjbJ_predicted,0.08333333333333333,11,11,TCCGTGATGCAAAAGCATAT,0,4996208
yjbJ_predicted,0.08333333333333333,11,11,TCCGCGGGGAAGTTCTCCAT,0,5028894
yjbJ_predicted,0.08333333333333333,11,11,TCCGATGTATGCGTCGTGGT,0,4997485
yjbJ_predicted,0.08333333333333333,11,11,TCCAGTAATTGGGAGATCGT,0,4998752
yjbJ_predicted,0.08333333333333333,11,11,TCATTACAGTGCACCCTCTT,0,5023962
yjbJ_predicted,0.08333333333333333,11,11,TCATACGTCCGTGTAACAGC,0,5027019
yjbJ_predicted,0.08333333333333333,11,11,TCAGTCCCCCACTTTGGGAC,0,5001095
yjbJ_predicted,0.08333333333333333,11,11,TCACTTTCTGCCCAAGACGG,0,5018773
yjbJ_predicted,0.08333333333333333,11,11,TCACTCAACGGTCGTCGTGA,0,5002832
yjbJ_predicted,0.08333333333333333,11,11,TCACGTAGAGCAATAGGCCG,0,5009944
yjbJ_predicted,0.08333333333333333,11,11,TCACCCTCTGAGCATCAGTG,0,5030117
yjbJ_predicted,0.08333333333333333,11,11,TCAATGGACTCTTGGTGCTT,0,5007143
yjbJ_predicted,0.08333333333333333,11,11,TCAAGTCTGGCGCGAATCCG,0,5003296
yjbJ_predicted,0.08333333333333333,11,11,TATTTACAAACTGCTTGTCA,0,5007222
yjbJ_predicted,0.08333333333333333,11,11,TATTCCGGTTTCGGACTGGT,0,5018976
yjbJ_predicted,0.08333333333333333,11,11,TAGGATTCACAGCCAGGTTT,0,5010135
yjbJ_predicted,0.08333333333333333,11,11,TAGGATAGCCCTTCGCCGAA,0,5017407
yjbJ_predicted,0.08333333333333333,11,11,TAGCTACCCTGTTTACGTGG,0,5022727
yjbJ_predicted,0.08333333333333333,11,11,TACAGCTCCAGTTTTGCTCC,0,5009180
yjbJ_predicted,0.08333333333333333,11,11,TAATTTACTTTAATGCGTTC,0,5007888
yjbJ_predicted,0.08333333333333333,11,11,TAACGCATTTGAAACTCTCT,0,5027850
yjbJ_predicted,0.08333333333333333,11,11,GTTTTGAGAACGTACTCACC,0,5019404
yjbJ_predicted,0.08333333333333333,11,11,GTTTGGGTGCGTATCGCCAA,0,5007986
yjbJ_predicted,0.08333333333333333,11,11,GTTGGCGGTAACTCGGTTCT,0,5015970
yjbJ_predicted,0.08333333333333333,11,11,GTTGGCATCCTGCTAAAATA,0,5000741
yjbJ_predicted,0.08333333333333333,11,11,GTTCGCGGCCGGTCGAAGCT,0,5029461
yjbJ_predicted,0.08333333333333333,11,11,GTTCCCTGACGTTTCATGGT,0,5030434
yjbJ_predicted,0.08333333333333333,11,11,GTGGCAGGCCAGTAGAACTG,0,5013356
yjbJ_predicted,0.08333333333333333,11,11,GTCTGGCGTCGGATATGGGG,0,5009127
yjbJ_predicted,0.08333333333333333,11,11,GTCTCGTCACGCTCGGCGAC,0,5011077
yjbJ_predicted,0.08333333333333333,11,11,GTCGATGCGACATTCCCAGG,0,5017532
yjbJ_predicted,0.08333333333333333,11,11,GTCCCATTAGAACGTTTCCA,0,5001100
yjbJ_predicted,0.08333333333333333,11,11,GTCCAGGGCACCCCTTATAT,0,5020282
yjbJ_predicted,0.08333333333333333,11,11,GTCCAGCGTTGGGGGGTCGC,0,5017557
yjbJ_predicted,0.08333333333333333,11,11,GTCCACAACTTGGGGAAGAA,0,5027553
yjbJ_predicted,0.08333333333333333,11,11,GTCAGCCGGGCAGATCACCT,0,5007039
yjbJ_predicted,0.08333333333333333,11,11,GTCAATTTGCCATCGGGGAT,0,5008338
yjbJ_predicted,0.08333333333333333,11,11,GTATTTACCACAGACCCAAG,0,5016696
yjbJ_predicted,0.08333333333333333,11,11,GTATCGTACGTGTCTCTAGC,0,5015606
yjbJ_predicted,0.08333333333333333,11,11,GTAGAATGCACTCCCTTAAG,0,4998810
yjbJ_predicted,0.08333333333333333,11,11,GGTTAGGCCGTACCGGCGTC,0,5003312
yjbJ_predicted,0.08333333333333333,11,11,GGTTAACGGGTTCAGTGTGG,0,4996478
yjbJ_predicted,0.08333333333333333,11,11,GGTGTGCGGGCATCTTTGCA,0,5020274
yjbJ_predicted,0.08333333333333333,11,11,GGTGGACCACGTTAAACTGC,0,5015636
yjbJ_predicted,0.08333333333333333,11,11,GGTCGGCTCGCTACCGTTGA,0,5000185
yjbJ_predicted,0.08333333333333333,11,11,GGTCAAACGCCTAAACGTAT,0,4996336
yjbJ_predicted,0.08333333333333333,11,11,GGGTGACGCGCAGGCAGAGG,0,5019670
yjbJ_predicted,0.08333333333333333,11,11,GGGTCTACTCGATAGCTCAC,0,5011139
yjbJ_predicted,0.08333333333333333,11,11,GGGGTTGGGAGGAGGGCCTC,0,5017771
yjbJ_predicted,0.08333333333333333,11,11,GGGGGAGTGCGGACAAAGAG,0,4998952
yjbJ_predicted,0.08333333333333333,11,11,GGCGGCGTTACGACGCGCTT,0,5022325
yjbJ_predicted,0.08333333333333333,11,11,GGCGCCAAGTCAGACAGGGT,0,5026318
yjbJ_predicted,0.08333333333333333,11,11,GGCGATACAGATACAGGTTG,0,4999114
yjbJ_predicted,0.08333333333333333,11,11,GGCCCAGGGCCTACCGGGCA,0,5025110
yjbJ_predicted,0.08333333333333333,11,11,GGCATGCGATCACTATTGGA,0,5011390
yjbJ_predicted,0.08333333333333333,11,11,GGCAGCGCCACAAAGCGAGT,0,5010373
yjbJ_predicted,0.08333333333333333,11,11,GGAGGTTAGCTCCCCTTACC,0,4995159
yjbJ_predicted,0.08333333333333333,11,11,GGAGATGATAGCCAGTGTCA,0,5000930
yjbJ_predicted,0.08333333333333333,11,11,GGAATCATAAGCGGGACCAT,0,5011464
yjbJ_predicted,0.08333333333333333,11,11,GGAAAAAGCAAGATCCTAAT,0,5028584
yjbJ_predicted,0.08333333333333333,11,11,GCTTCTTTAGGCCGCTCCGT,0,5001785
yjbJ_predicted,0.08333333333333333,11,11,GCTGGTGTATTGTGTAGAAA,0,5008762
yjbJ_predicted,0.08333333333333333,11,11,GCTGACACGTGCGGAGGCAG,0,4996768
yjbJ_predicted,0.08333333333333333,11,11,GCTCCTAGAATTAAAACCTG,0,5002814
yjbJ_predicted,0.08333333333333333,11,11,GCTACTCCTAGATCCTAGTT,0,5027173
yjbJ_predicted,0.08333333333333333,11,11,GCGGTCCTCGACAGTTATCA,0,5018241
yjbJ_predicted,0.08333333333333333,11,11,GCGGTCATTGGGCAGACGCA,0,5016852
yjbJ_predicted,0.08333333333333333,11,11,GCGCTAGCTCAATAAACTCA,0,5029022
yjbJ_predicted,0.08333333333333333,11,11,GCGCCTATTAAGCTGGGGCA,0,4995274
yjbJ_predicted,0.08333333333333333,11,11,GCCGTCTACCTACATGACGT,0,5000348
yjbJ_predicted,0.08333333333333333,11,11,GCCGGCTGACAGACAAGACC,0,5018360
yjbJ_predicted,0.08333333333333333,11,11,GCCGACTTTCGCAGGGGGCT,0,5003210
yjbJ_predicted,0.08333333333333333,11,11,GCCCGGAAGGGGTTTTACTT,0,5008888
yjbJ_predicted,0.08333333333333333,11,11,GCCCAACCGCTGAATCGCAT,0,5003069
yjbJ_predicted,0.08333333333333333,11,11,GCCAGGACTTGTGCGCTGTA,0,5016105
yjbJ_predicted,0.08333333333333333,11,11,GCATAGGAGGGACGGTATTT,0,5000164
yjbJ_predicted,0.08333333333333333,11,11,GCAGGAGAGTGCGTGAGAAC,0,5002401
yjbJ_predicted,0.08333333333333333,11,11,GCAGGACCCTGCGACGGATG,0,5001559
yjbJ_predicted,0.08333333333333333,11,11,GCAAGTCTATAGAGAGAACA,0,4997577
yjbJ_predicted,0.08333333333333333,11,11,GATTGATTCGCGCCGTCCCA,0,5021756
yjbJ_predicted,0.08333333333333333,11,11,GATGAAAGGAGCGTAGTGAT,0,4996838
yjbJ_predicted,0.08333333333333333,11,11,GATCCTGTCATCCATGAGGG,0,5022731
yjbJ_predicted,0.08333333333333333,11,11,GATCCGCGTGGACTGACGAA,0,5014225
yjbJ_predicted,0.08333333333333333,11,11,GATAACTGCCATACTGATTC,0,5003571
yjbJ_predicted,0.08333333333333333,11,11,GAGTGTATCAACTGATGCGG,0,5022307
yjbJ_predicted,0.08333333333333333,11,11,GAGTCGCAGGGGTGGCTAGA,0,5000038
yjbJ_predicted,0.08333333333333333,11,11,GAGTAGCGCCGGAACAAGGT,0,5007121
yjbJ_predicted,0.08333333333333333,11,11,GAGGCGTAAAAGGTGGGCCG,0,5004361
yjbJ_predicted,0.08333333333333333,11,11,GAGCTCTGCCTTCGAAGGGA,0,5030090
yjbJ_predicted,0.08333333333333333,11,11,GAGCGCACAGATTGTTTAAA,0,5016671
yjbJ_predicted,0.08333333333333333,11,11,GACCTTACTACATAAACTAC,0,5005909
yjbJ_predicted,0.08333333333333333,11,11,GACAGATCGCAGATATTTGT,0,5000618
yjbJ_predicted,0.08333333333333333,11,11,GAAGTAACGGCCCAATTGCC,0,5029449
yjbJ_predicted,0.08333333333333333,11,11,GAAGGCTATCACGGAACTAG,0,5002841
yjbJ_predicted,0.08333333333333333,11,11,GAAACCTTTTTAGCGGCATC,0,5000722
yjbJ_predicted,0.08333333333333333,11,11,CTTTTTACTTGGACACTACG,0,5005518
yjbJ_predicted,0.08333333333333333,11,11,CTTTTCGTTGCAAGTAGTGC,0,5005358
yjbJ_predicted,0.08333333333333333,11,11,CTTTCCTGAACAGGGGGGCA,0,5000529
yjbJ_predicted,0.08333333333333333,11,11,CTTGGTGGCGGGACCACAGG,0,5025227
yjbJ_predicted,0.08333333333333333,11,11,CTTCTTCACCTGAACGCGTA,0,5029988
yjbJ_predicted,0.08333333333333333,11,11,CTTCTTACCTAAGTCCGTTA,0,5025213
yjbJ_predicted,0.08333333333333333,11,11,CTTCATGTTAACGGACCTGG,0,5009390
yjbJ_predicted,0.08333333333333333,11,11,CTTAGTCACCAAGGTGTAAG,0,5011333
yjbJ_predicted,0.08333333333333333,11,11,CTTACCTAAACTGTAGGGCG,0,5007434
yjbJ_predicted,0.08333333333333333,11,11,CTGTTTACTCTTACGTAACA,0,5012241
yjbJ_predicted,0.08333333333333333,11,11,CTGTGGCCGAACCCACTGTG,0,5025084
yjbJ_predicted,0.08333333333333333,11,11,CTGTCAGATTAACTTATACG,0,4998013
yjbJ_predicted,0.08333333333333333,11,11,CTGCTGCGGCTCGGCAGCAG,0,5014033
yjbJ_predicted,0.08333333333333333,11,11,CTCTGTTTACCACTCAGTCC,0,4995722
yjbJ_predicted,0.08333333333333333,11,11,CTCGACCCAGCTTGATCTTA,0,5003408
yjbJ_predicted,0.08333333333333333,11,11,CTCCCTACGACCGCCCGGAA,0,4995922
yjbJ_predicted,0.08333333333333333,11,11,CTCAGTGTGTTCCGGTAGTA,0,5011776
yjbJ_predicted,0.08333333333333333,11,11,CTATATAGAAGGCTTTGTTA,0,5007800
yjbJ_predicted,0.08333333333333333,11,11,CTAGTGTGTAGTTCAGGTAA,0,5017049
yjbJ_predicted,0.08333333333333333,11,11,CTACAACAGGGGAAGCATTT,0,5024198
yjbJ_predicted,0.08333333333333333,11,11,CTAACGACGCATACGCCAGA,0,5012851
yjbJ_predicted,0.08333333333333333,11,11,CTAAACTCCTATAGAGCCTG,0,5009880
yjbJ_predicted,0.08333333333333333,11,11,CGTTCAGTTTACTCTTCCAA,0,5022756
yjbJ_predicted,0.08333333333333333,11,11,CGTGAGATCCTTGAATGCCT,0,5013895
yjbJ_predicted,0.08333333333333333,11,11,CGGTGCTAAGTGTAATGTTA,0,5000343
yjbJ_predicted,0.08333333333333333,11,11,CGGTGCCAATGAACACCGAG,0,5004100
yjbJ_predicted,0.08333333333333333,11,11,CGGGTGAGGTGTAAGCGGCG,0,5011393
yjbJ_predicted,0.08333333333333333,11,11,CGGGTCAGTAATTCTTCAAC,0,5005616
yjbJ_predicted,0.08333333333333333,11,11,CGGGTAAACGTTATTGCGAA,0,5027968
yjbJ_predicted,0.08333333333333333,11,11,CGGGGTAGAGGGTTCTGCGT,0,5013540
yjbJ_predicted,0.08333333333333333,11,11,CGGGGGCTCTATCTCAACGA,0,5005544
yjbJ_predicted,0.08333333333333333,11,11,CGGGGCTCCGCCATTTTATT,0,5014913
yjbJ_predicted,0.08333333333333333,11,11,CGGGACGACCGTCAGCGAAC,0,5016259
yjbJ_predicted,0.08333333333333333,11,11,CGGCGCGCGGACACGTTACA,0,5002477
yjbJ_predicted,0.08333333333333333,11,11,CGGCCTGCATGCGCAGGCAT,0,4996321
yjbJ_predicted,0.08333333333333333,11,11,CGGATCTGATGCGCATAAGA,0,4997002
yjbJ_predicted,0.08333333333333333,11,11,CGCTTCCAGTGGTGGTTAAG,0,5025452
yjbJ_predicted,0.08333333333333333,11,11,CGACGTCAGTATGGACCTCT,0,5012705
yjbJ_predicted,0.08333333333333333,11,11,CGAATTCTGTTCCAACCTAT,0,5027251
yjbJ_predicted,0.08333333333333333,11,11,CGAAGGCAGTTGATGGACGG,0,5004010
yjbJ_predicted,0.08333333333333333,11,11,CGAACGTTAGGGATACACTT,0,5023107
yjbJ_predicted,0.08333333333333333,11,11,CGAACCTTATCGCACCGTGT,0,5028582
yjbJ_predicted,0.08333333333333333,11,11,CCTTCGAAGCGTCTCAGAGA,0,5021697
yjbJ_predicted,0.08333333333333333,11,11,CCTGGATCGCAGGGCCTCGT,0,5026092
yjbJ_predicted,0.08333333333333333,11,11,CCTGCCCGTTGGCTTGGTGT,0,5028047
yjbJ_predicted,0.08333333333333333,11,11,CCTCGCTCAAACCCTCTGTC,0,5017457
yjbJ_predicted,0.08333333333333333,11,11,CCGTTAGGAGGTCGCCGCGG,0,5008640
yjbJ_predicted,0.08333333333333333,11,11,CCGGTGAATAGTTGAACTGC,0,5023366
yjbJ_predicted,0.08333333333333333,11,11,CCGGCTTAGGAATTGCGAGT,0,5016295
yjbJ_predicted,0.08333333333333333,11,11,CCGCCAACTCGCACATTAGC,0,5006184
yjbJ_predicted,0.08333333333333333,11,11,CCGAAAAGTGCCAACCTTCA,0,5028417
yjbJ_predicted,0.08333333333333333,11,11,CCCTCTTTCGAGTCGAGTCT,0,5017282
yjbJ_predicted,0.08333333333333333,11,11,CCCGTTGAACTGTTACGTTG,0,5002107
yjbJ_predicted,0.08333333333333333,11,11,CCCGCGGTAGGATAACCCCA,0,5014027
yjbJ_predicted,0.08333333333333333,11,11,CCCGATGAGACTCCTGCGCA,0,5028232
yjbJ_predicted,0.08333333333333333,11,11,CCCAACCGGGCACTAAACAT,0,5019108
yjbJ_predicted,0.08333333333333333,11,11,CCACTCTATGATGCTGCATC,0,5013660
yjbJ_predicted,0.08333333333333333,11,11,CATTGACTGTTTTCATGCGT,0,5015507
yjbJ_predicted,0.08333333333333333,11,11,CATGGGTCCCAATTTAAATG,0,5012606
yjbJ_predicted,0.08333333333333333,11,11,CATGGCATATTTGAGACGCC,0,5012492
yjbJ_predicted,0.08333333333333333,11,11,CATAGGGTTTTAACCCTACT,0,5018359
yjbJ_predicted,0.08333333333333333,11,11,CATACCCCGGAGAGCAATAG,0,5006877
yjbJ_predicted,0.08333333333333333,11,11,CAGTAATCTGTCGTACCCAC,0,5024554
yjbJ_predicted,0.08333333333333333,11,11,CAGGTTTTCTCGTGTCATTT,0,5028607
yjbJ_predicted,0.08333333333333333,11,11,CAGGTTTGAAGTAGTCGGAT,0,5029519
yjbJ_predicted,0.08333333333333333,11,11,CAGATAGCATTCCCTACACA,0,5010962
yjbJ_predicted,0.08333333333333333,11,11,CAGAATCAATAGTCCCTTAA,0,5029568
yjbJ_predicted,0.08333333333333333,11,11,CACTGATCCTTCACGGGTTA,0,5014432
yjbJ_predicted,0.08333333333333333,11,11,CACGTAGGCTCTTATGCACG,0,5008072
yjbJ_predicted,0.08333333333333333,11,11,CACGTAAGGCGCAGCAAATC,0,5014950
yjbJ_predicted,0.08333333333333333,11,11,CACGGCGCCGACACCCGATC,0,5026998
yjbJ_predicted,0.08333333333333333,11,11,CACGGCAACCATCTTGTCCC,0,4996314
yjbJ_predicted,0.08333333333333333,11,11,CACGAGAGTAACGGGATCAC,0,5003898
yjbJ_predicted,0.08333333333333333,11,11,CACGAACCTATTTAAGTCTA,0,5007444
yjbJ_predicted,0.08333333333333333,11,11,CACCTCACGGCCTCGGGTGT,0,5022236
yjbJ_predicted,0.08333333333333333,11,11,CACACGAATGTGATGTATCT,0,5025336
yjbJ_predicted,0.08333333333333333,11,11,CAATTCTTAATGGGGACGAG,0,4998902
yjbJ_predicted,0.08333333333333333,11,11,CAATTCTGAATTTGAATATA,0,5013684
yjbJ_predicted,0.08333333333333333,11,11,CAATTAGACGCCTACTTGTG,0,5014922
yjbJ_predicted,0.08333333333333333,11,11,CAAGCCTTTACGCTCAGGTA,0,4998980
yjbJ_predicted,0.08333333333333333,11,11,CAACGATCGTATATACCGCT,0,5030453
yjbJ_predicted,0.08333333333333333,11,11,CAAAACAGGGGTTAATGTGA,0,5007122
yjbJ_predicted,0.08333333333333333,11,11,ATTGCCTTAGGGGCTTCAAC,0,5029062
yjbJ_predicted,0.08333333333333333,11,11,ATTATTCCATGGCATGCGGC,0,5010731
yjbJ_predicted,0.08333333333333333,11,11,ATTACTTTCGGCACTGCACT,0,5029810
yjbJ_predicted,0.08333333333333333,11,11,ATGTATGATCCCAGGAAGTC,0,5026183
yjbJ_predicted,0.08333333333333333,11,11,ATGGGGGTAAGTCTCTGCCC,0,5005013
yjbJ_predicted,0.08333333333333333,11,11,ATGCTTATGATCCCTGGCTG,0,5019127
yjbJ_predicted,0.08333333333333333,11,11,ATGAGTTTGTAGCTCGCCAT,0,5007891
yjbJ_predicted,0.08333333333333333,11,11,ATGACAAGTCGAGATCCGTA,0,5011455
yjbJ_predicted,0.08333333333333333,11,11,ATCTACAATATTTCGAACCG,0,5024459
yjbJ_predicted,0.08333333333333333,11,11,ATATCCAATCCTGTGTCTCT,0,5020096
yjbJ_predicted,0.08333333333333333,11,11,ATAGGAGAAGCCGCTGACGC,0,5025148
yjbJ_predicted,0.08333333333333333,11,11,ATACTCCGAGCGTGTCTCGT,0,5014599
yjbJ_predicted,0.08333333333333333,11,11,ATACCCGCAGCGTGTAAAGG,0,5010221
yjbJ_predicted,0.08333333333333333,11,11,AGTGCCCGCTAAAGGGCATT,0,5030707
yjbJ_predicted,0.08333333333333333,11,11,AGTCTGAGTGTCATTGTTTC,0,5004564
yjbJ_predicted,0.08333333333333333,11,11,AGTACTCCTATATCAAGGGT,0,4995051
yjbJ_predicted,0.08333333333333333,11,11,AGTAATGCTGAATACTTACA,0,5006073
yjbJ_predicted,0.08333333333333333,11,11,AGTAACGCGTATCAAATACG,0,5008189
yjbJ_predicted,0.08333333333333333,11,11,AGGTTGAACATGGGACCCAT,0,4995170
yjbJ_predicted,0.08333333333333333,11,11,AGGTGTATTTTGTTCCATAC,0,5014339
yjbJ_predicted,0.08333333333333333,11,11,AGGTCGGTAACCATAACGCC,0,5011158
yjbJ_predicted,0.08333333333333333,11,11,AGGCTCGCTACCTTGGATGA,0,5024256
yjbJ_predicted,0.08333333333333333,11,11,AGGCGTTTTCGGGTAGGTCA,0,5028830
yjbJ_predicted,0.08333333333333333,11,11,AGGACCATTCGACGGTTTTA,0,4994977
yjbJ_predicted,0.08333333333333333,11,11,AGGAATGTTTTGTCATAAGA,0,5023525
yjbJ_predicted,0.08333333333333333,11,11,AGCTAACTCTGCGGGTTATT,0,5017502
yjbJ_predicted,0.08333333333333333,11,11,AGCCTAGAAAGGCTTCTTCC,0,5021555
yjbJ_predicted,0.08333333333333333,11,11,AGCATTTAGGGTTGTCTAAA,0,5018268
yjbJ_predicted,0.08333333333333333,11,11,AGCATTGCTGCGCTCCCTAA,0,5007730
yjbJ_predicted,0.08333333333333333,11,11,AGCATGGGATTAAGCACCAG,0,5020570
yjbJ_predicted,0.08333333333333333,11,11,AGCATGCTATTTTTAAAGAC,0,4999832
yjbJ_predicted,0.08333333333333333,11,11,AGCACTACGGACGCTGCAGT,0,5000820
yjbJ_predicted,0.08333333333333333,11,11,AGATTAGTGTCTCCATGGCC,0,5003921
yjbJ_predicted,0.08333333333333333,11,11,AGAGTTATACACGAACCTTT,0,4998862
yjbJ_predicted,0.08333333333333333,11,11,AGAGGGAATTATATCGAAGC,0,5018203
yjbJ_predicted,0.08333333333333333,11,11,AGACAGCCGAGTGCACGCAT,0,5029991
yjbJ_predicted,0.08333333333333333,11,11,AGAAGTAAGACAATGTTATT,0,5003363
yjbJ_predicted,0.08333333333333333,11,11,AGAAGGTGTGCGTAAACTTA,0,4996507
yjbJ_predicted,0.08333333333333333,11,11,AGAAGCGTAACTTGTCCCTT,0,5025206
yjbJ_predicted,0.08333333333333333,11,11,ACTTACCTGATTGCAATATG,0,4995729
yjbJ_predicted,0.08333333333333333,11,11,ACTGGACGGGCGGAGATCAG,0,5003925
yjbJ_predicted,0.08333333333333333,11,11,ACTAAACGCTGCCGGCTCCT,0,5025284
yjbJ_predicted,0.08333333333333333,11,11,ACGTATCAGGCCTTCGTTTC,0,5024380
yjbJ_predicted,0.08333333333333333,11,11,ACGGTGGAGATGTAAACAGT,0,5030013
yjbJ_predicted,0.08333333333333333,11,11,ACGGTCATAATCGAATTGAT,0,5021235
yjbJ_predicted,0.08333333333333333,11,11,ACGGGAGTTTCTACTATTCG,0,5018808
yjbJ_predicted,0.08333333333333333,11,11,ACGGGACCTGCGGTGATTTA,0,5027519
yjbJ_predicted,0.08333333333333333,11,11,ACGATGCGGTAATGTTACAA,0,5024323
yjbJ_predicted,0.08333333333333333,11,11,ACGATACCAGGCTTTAAAGC,0,5011103
yjbJ_predicted,0.08333333333333333,11,11,ACGAGACCCAGTAGGCCGAG,0,5017385
yjbJ_predicted,0.08333333333333333,11,11,ACGACCGGCTGTCTTTAAAC,0,5004044
yjbJ_predicted,0.08333333333333333,11,11,ACCTTTCACGGAGACCAAGG,0,5029631
yjbJ_predicted,0.08333333333333333,11,11,ACCTAATCCGCGCATTCATT,0,5014333
yjbJ_predicted,0.08333333333333333,11,11,ACCGTGTCCGAAGGGATAGG,0,5026818
yjbJ_predicted,0.08333333333333333,11,11,ACCGGTTAGATACTCAAGAT,0,5015436
yjbJ_predicted,0.08333333333333333,11,11,ACCGAGCCTGAAATATCGCG,0,5004167
yjbJ_predicted,0.08333333333333333,11,11,ACCCGCTTGCCATGATCGCG,0,5018820
yjbJ_predicted,0.08333333333333333,11,11,ACATGGGAGCGATTGTGACT,0,5013692
yjbJ_predicted,0.08333333333333333,11,11,ACATGAGATTAATGCCGGTA,0,5025736
yjbJ_predicted,0.08333333333333333,11,11,ACATCGTGAGACGCTGCACG,0,5020717
yjbJ_predicted,0.08333333333333333,11,11,ACATACGGGTTCGTGGATTT,0,5028833
yjbJ_predicted,0.08333333333333333,11,11,ACATACCTCGTGTCACCACA,0,5026188
yjbJ_predicted,0.08333333333333333,11,11,ACAGTCGAAGTCGGTCTGAT,0,5023408
yjbJ_predicted,0.08333333333333333,11,11,ACAGGTCATGGCCGTCTGAT,0,5006746
yjbJ_predicted,0.08333333333333333,11,11,ACAGCAGCCAATATAGGAGA,0,5011837
yjbJ_predicted,0.08333333333333333,11,11,ACAAGCGTAGGCGGTAACCA,0,5005591
yjbJ_predicted,0.08333333333333333,11,11,ACAAAAGGCCGAGTCGCACT,0,4995277
yjbJ_predicted,0.08333333333333333,11,11,AATTGTCAGTCCAGCTTACT,0,5030323
yjbJ_predicted,0.08333333333333333,11,11,AATGTTGTTTAGTGGCAAGA,0,5024849
yjbJ_predicted,0.08333333333333333,11,11,AATGGCCCACTTAGCAGATA,0,4997947
yjbJ_predicted,0.08333333333333333,11,11,AATCGTGAAGCTTCTAGCTG,0,5028153
yjbJ_predicted,0.08333333333333333,11,11,AAGCCTGAGGAATAAGCTCA,0,5024328
yjbJ_predicted,0.08333333333333333,11,11,AAGCCTGACCATCATAGTCC,0,5023778
yjbJ_predicted,0.08333333333333333,11,11,AAGATTTGACTATCGTTCCA,0,5002880
yjbJ_predicted,0.08333333333333333,11,11,AAGAGTCTACGCCCTGGAGA,0,5018244
yjbJ_predicted,0.08333333333333333,11,11,AACTCCCAGAGAATTCTCGA,0,5004221
yjbJ_predicted,0.08333333333333333,11,11,AACTACCTCTAACGCAGGAC,0,5002311
yjbJ_predicted,0.08333333333333333,11,11,AACCGCCCGTCCCCTGGGGT,0,5003756
yjbJ_predicted,0.08333333333333333,11,11,AACCCCGATGTTAGCCCTTC,0,5015445
yjbJ_predicted,0.08333333333333333,11,11,AAAGTAACCTCACATAACCA,0,5019472
yjbJ_predicted,0.08333333333333333,11,11,AAAGCACGGAGCCTGCTCTC,0,5016691
yjbJ_predicted,0.08333333333333333,11,11,AAACGTATTCGGGCAGGGGT,0,5027520
yjbJ_predicted,0.08333333333333333,11,11,AAACGAACTGAGACGCAGAG,0,5007656
yjbJ_predicted,0.09090909090909091,10,10,TTTTCAGGGCTCACAATGAG,0,5006253
yjbJ_predicted,0.09090909090909091,10,10,TTTGTGTTCACGGGATTTGT,0,4997090
yjbJ_predicted,0.09090909090909091,10,10,TTTGCCAATTGGGACACAGG,0,5009100
yjbJ_predicted,0.09090909090909091,10,10,TTTCGACAGTAGTAAACCTC,0,5018992
yjbJ_predicted,0.09090909090909091,10,10,TTTAAACGGCCTCGTAAACA,0,5014314
yjbJ_predicted,0.09090909090909091,10,10,TTGTCCGTAGTAGGTTGTCA,0,5021781
yjbJ_predicted,0.09090909090909091,10,10,TTGGTTAGTCTTCGGTAGGT,0,5011616
yjbJ_predicted,0.09090909090909091,10,10,TTGGGCGGCTACACTGCCTA,0,5023219
yjbJ_predicted,0.09090909090909091,10,10,TTGATTTGCGAGATCACTTG,0,5008133
yjbJ_predicted,0.09090909090909091,10,10,TTGACGCTGTTGGGGCAAGG,0,5031169
yjbJ_predicted,0.09090909090909091,10,10,TTCTATTCGCCGGTAAAAGT,0,5029035
yjbJ_predicted,0.09090909090909091,10,10,TTCTAAATATTGGGAATGGT,0,5020764
yjbJ_predicted,0.09090909090909091,10,10,TTCCCCCTCATGATACTATA,0,5014308
yjbJ_predicted,0.09090909090909091,10,10,TTATCTAGCTTAGGGATAAG,0,5005748
yjbJ_predicted,0.09090909090909091,10,10,TTATCCATCTTACATGTATA,0,5004087
yjbJ_predicted,0.09090909090909091,10,10,TTATCATCGGGATCCTATCG,0,5000972
yjbJ_predicted,0.09090909090909091,10,10,TTAGGATTTACGCGCTTCCG,0,5023779
yjbJ_predicted,0.09090909090909091,10,10,TTAGACTGGAAACAACGCTA,0,5012100
yjbJ_predicted,0.09090909090909091,10,10,TTAATATTTGTGTGTTCCCG,0,5025993
yjbJ_predicted,0.09090909090909091,10,10,TTAAGGTTATGCCGGAAGCG,0,5006515
yjbJ_predicted,0.09090909090909091,10,10,TTAACGTATAGTTCAACCAC,0,5007376
yjbJ_predicted,0.09090909090909091,10,10,TTAAAGGGATGCATGGAAGG,0,4997308
yjbJ_predicted,0.09090909090909091,10,10,TGTTTCCTCAATGATCGGCC,0,5014401
yjbJ_predicted,0.09090909090909091,10,10,TGTTTAATTATGGGCGTTAG,0,5021141
yjbJ_predicted,0.09090909090909091,10,10,TGTCAGGAGGGGTCGGCCTC,0,5018687
yjbJ_predicted,0.09090909090909091,10,10,TGTACGGAAAAGTGACTCTA,0,5014233
yjbJ_predicted,0.09090909090909091,10,10,TGGTTTGTACCTCGATCTGC,0,5006300
yjbJ_predicted,0.09090909090909091,10,10,TGGTTTGGTGCTACAAGCCT,0,5022884
yjbJ_predicted,0.09090909090909091,10,10,TGGTGATTATAGACCTTTAC,0,5000503
yjbJ_predicted,0.09090909090909091,10,10,TGGGTAACCTGGAGGTCACT,0,5028900
yjbJ_predicted,0.09090909090909091,10,10,TGGCTATATTCCTTGGATTA,0,5022431
yjbJ_predicted,0.09090909090909091,10,10,TGGATTTCTGGCCCATCCAA,0,5005621
yjbJ_predicted,0.09090909090909091,10,10,TGCTTGAGGGGTCATCAGCT,0,4997055
yjbJ_predicted,0.09090909090909091,10,10,TGCTCGCGGAAAGCTATGCG,0,5030259
yjbJ_predicted,0.09090909090909091,10,10,TGCGGGAGTTTGCATGCGAA,0,5006751
yjbJ_predicted,0.09090909090909091,10,10,TGCGCTACGGAAGCTGCACA,0,4996795
yjbJ_predicted,0.09090909090909091,10,10,TGCGCTACCTGCGATGTATC,0,5007332
yjbJ_predicted,0.09090909090909091,10,10,TGCCTCACGTCTTACACAGC,0,5013228
yjbJ_predicted,0.09090909090909091,10,10,TGCCTATCACCTGTCGAAAT,0,5008567
yjbJ_predicted,0.09090909090909091,10,10,TGATCGGGTTTGAATGGGGT,0,5023975
yjbJ_predicted,0.09090909090909091,10,10,TGAGTAGAGTGCGGAGTTAG,0,5006720
yjbJ_predicted,0.09090909090909091,10,10,TGACACATCGGGGCCAACTC,0,5015475
yjbJ_predicted,0.09090909090909091,10,10,TGAATTAAATGAGACTAGCT,0,5014628
yjbJ_predicted,0.09090909090909091,10,10,TCTTTTACCAACGTACACAA,0,5015103
yjbJ_predicted,0.09090909090909091,10,10,TCTTGCTTATTGGAGGGATC,0,4997119
yjbJ_predicted,0.09090909090909091,10,10,TCTTACGTTTGCGTCGGCGC,0,5004045
yjbJ_predicted,0.09090909090909091,10,10,TCTGGCTATATTGAGAGCGA,0,5018138
yjbJ_predicted,0.09090909090909091,10,10,TCTGGACGTTGACTGCCAAA,0,5001618
yjbJ_predicted,0.09090909090909091,10,10,TCTCTGGAGGAATTGCTTGA,0,5004008
yjbJ_predicted,0.09090909090909091,10,10,TCGTTGAGGATCCTCCAAGC,0,4999175
yjbJ_predicted,0.09090909090909091,10,10,TCGGAGTCTAATCAAACTCA,0,5005522
yjbJ_predicted,0.09090909090909091,10,10,TCGCCAGTTGCGTTGCTGGG,0,5011751
yjbJ_predicted,0.09090909090909091,10,10,TCGCAAATCGAATCCGTTCT,0,5011926
yjbJ_predicted,0.09090909090909091,10,10,TCGATACAGGCGTAGCCCAT,0,5006279
yjbJ_predicted,0.09090909090909091,10,10,TCGAATTCGGAATCTTCAAA,0,5011834
yjbJ_predicted,0.09090909090909091,10,10,TCCGTCTTTCTATGTGCAGT,0,5021863
yjbJ_predicted,0.09090909090909091,10,10,TCCGCCTGGGGATTCCAGGT,0,5010695
yjbJ_predicted,0.09090909090909091,10,10,TCATCTCAGAAGCATGGGCA,0,4998707
yjbJ_predicted,0.09090909090909091,10,10,TCAGGCTCAAGAGAATCGGC,0,5008837
yjbJ_predicted,0.09090909090909091,10,10,TCACGGGTTAACGGGCGCCC,0,4995743
yjbJ_predicted,0.09090909090909091,10,10,TATGCAATAAACTTTCAGGT,0,5008038
yjbJ_predicted,0.09090909090909091,10,10,TATCTTACATTATTAGAAAT,0,5006387
yjbJ_predicted,0.09090909090909091,10,10,TATCAGGTACGTTTTGGTTC,0,5014013
yjbJ_predicted,0.09090909090909091,10,10,TAGGCGGAGGGGGTGTTGGA,0,5029006
yjbJ_predicted,0.09090909090909091,10,10,TAGCCAGCGATATGAGCTTG,0,4995612
yjbJ_predicted,0.09090909090909091,10,10,TAGCAGTAGTGCTAGGGCTC,0,5018092
yjbJ_predicted,0.09090909090909091,10,10,TAGATTTGTGGTATGGGTAC,0,5031056
yjbJ_predicted,0.09090909090909091,10,10,TAGAGAAGGCCCTAACCGAT,0,4999319
yjbJ_predicted,0.09090909090909091,10,10,TACGCTGCATTCGGGTCGAA,0,5007662
yjbJ_predicted,0.09090909090909091,10,10,TACCCAAATTCCCAATGATT,0,5011211
yjbJ_predicted,0.09090909090909091,10,10,TACAAGAGAGGCATATAAAC,0,5016859
yjbJ_predicted,0.09090909090909091,10,10,TAATTTAGAGCGCCTCTGAA,0,5003230
yjbJ_predicted,0.09090909090909091,10,10,TAATTCTGCACTTAAATCAT,0,4997935
yjbJ_predicted,0.09090909090909091,10,10,TAATTCGGAACAGAGAAGTC,0,5015376
yjbJ_predicted,0.09090909090909091,10,10,TAATGCCAGCACCGCGTGGA,0,5010369
yjbJ_predicted,0.09090909090909091,10,10,TAAGAACGTTTCGATTCGCC,0,5017772
yjbJ_predicted,0.09090909090909091,10,10,TAACGGTTGATGAATTAGGT,0,5002581
yjbJ_predicted,0.09090909090909091,10,10,TAACAGGCGAGGGAAACTGA,0,4998113
yjbJ_predicted,0.09090909090909091,10,10,GTTTTCCACTGTGTCCAATT,0,5007586
yjbJ_predicted,0.09090909090909091,10,10,GTTGTGGCACTAAATGGGCA,0,5020939
yjbJ_predicted,0.09090909090909091,10,10,GTTGGGATAAACATTTGTCG,0,5019218
yjbJ_predicted,0.09090909090909091,10,10,GTTCGAGGTACGCGACACGA,0,5024421
yjbJ_predicted,0.09090909090909091,10,10,GTTCGAAAATAGGAGTAAGA,0,5013016
yjbJ_predicted,0.09090909090909091,10,10,GTTCCTGAACTTTGTGGGGG,0,5009339
yjbJ_predicted,0.09090909090909091,10,10,GTTCACTAGCACCTGGGGAT,0,5020696
yjbJ_predicted,0.09090909090909091,10,10,GTTAACTCGCTGGTAATCCA,0,5001345
yjbJ_predicted,0.09090909090909091,10,10,GTGCTTATCTATCGTCCTGA,0,5009417
yjbJ_predicted,0.09090909090909091,10,10,GTGCCCCAGCAATAGTAAGC,0,5007534
yjbJ_predicted,0.09090909090909091,10,10,GTGCCATGGTCATTTTGATC,0,5006766
yjbJ_predicted,0.09090909090909091,10,10,GTGCAAGGGAATATCCCGTC,0,5027866
yjbJ_predicted,0.09090909090909091,10,10,GTGAACCTTGTTTGGTGACT,0,4996893
yjbJ_predicted,0.09090909090909091,10,10,GTCTATCGATCAGACGACGG,0,4999024
yjbJ_predicted,0.09090909090909091,10,10,GTCCGTGTTGGGGTTCCACC,0,5003377
yjbJ_predicted,0.09090909090909091,10,10,GTCAAATGCAAAACCGTCCA,0,5020564
yjbJ_predicted,0.09090909090909091,10,10,GTATTGTTAGACTATCGTGC,0,5017238
yjbJ_predicted,0.09090909090909091,10,10,GTATACAGTTCGACAGACCC,0,5008917
yjbJ_predicted,0.09090909090909091,10,10,GTACTCCGATTTGCGGGTGC,0,4996656
yjbJ_predicted,0.09090909090909091,10,10,GTAAAAAGCCGGTCCGGACG,0,5024142
yjbJ_predicted,0.09090909090909091,10,10,GGTTAGGAGGAGGAGGACTA,0,5013757
yjbJ_predicted,0.09090909090909091,10,10,GGTTAAGTATGATGTGTGTA,0,5024510
yjbJ_predicted,0.09090909090909091,10,10,GGTCAGGTGGCTTAGCTATT,0,5013881
yjbJ_predicted,0.09090909090909091,10,10,GGTATTTTCCGTGAAGCCGG,0,5021004
yjbJ_predicted,0.09090909090909091,10,10,GGTACGGTATCATTGCAACC,0,5002610
yjbJ_predicted,0.09090909090909091,10,10,GGTACGACGCTGATTGTAGT,0,5005983
yjbJ_predicted,0.09090909090909091,10,10,GGTACCAGAATACGATATCT,0,5017413
yjbJ_predicted,0.09090909090909091,10,10,GGGTGGTTCTTTCACTCGGT,0,5017126
yjbJ_predicted,0.09090909090909091,10,10,GGGGCCTCCATTTGCGTGTA,0,5006481
yjbJ_predicted,0.09090909090909091,10,10,GGGGCCGGGAGTAAGTAGAA,0,5021228
yjbJ_predicted,0.09090909090909091,10,10,GGGGACGGTCTCTGTTCGCC,0,5010946
yjbJ_predicted,0.09090909090909091,10,10,GGGCCGACACAGTTGAAGGG,0,5015899
yjbJ_predicted,0.09090909090909091,10,10,GGGCATCGGAGGCGCAAGGA,0,5001871
yjbJ_predicted,0.09090909090909091,10,10,GGGCAGGACTGTAGTACTGA,0,5022404
yjbJ_predicted,0.09090909090909091,10,10,GGGCAACCGATCCACTGCGC,0,5014074
yjbJ_predicted,0.09090909090909091,10,10,GGGATGGGCACGTTAGCGTG,0,4999662
yjbJ_predicted,0.09090909090909091,10,10,GGGATATACATCTGACGATT,0,5008364
yjbJ_predicted,0.09090909090909091,10,10,GGGAACTCATGGCGACCAAT,0,4996710
yjbJ_predicted,0.09090909090909091,10,10,GGCTCCTCTCTTACGCCTAT,0,5025283
yjbJ_predicted,0.09090909090909091,10,10,GGCTACGTTACCCCGTTAGT,0,5024825
yjbJ_predicted,0.09090909090909091,10,10,GGCGGGGAATGGTTAGAAAC,0,5022230
yjbJ_predicted,0.09090909090909091,10,10,GGCGCATCGTGACGATGGAT,0,5012566
yjbJ_predicted,0.09090909090909091,10,10,GGCCTTTGATCAGAAATGCC,0,5005182
yjbJ_predicted,0.09090909090909091,10,10,GGCCTTGCCCCTATGTATAA,0,5023251
yjbJ_predicted,0.09090909090909091,10,10,GGATTAGCCGTGGAGATCCA,0,5012467
yjbJ_predicted,0.09090909090909091,10,10,GGAGTCCTCTGCGGCTTGAC,0,5024368
yjbJ_predicted,0.09090909090909091,10,10,GGAGCAGGGCGTTGAAACAT,0,5007111
yjbJ_predicted,0.09090909090909091,10,10,GGAGAATCCTGTTGGCAAGT,0,5018539
yjbJ_predicted,0.09090909090909091,10,10,GGACGTGCTTTCCACATTAG,0,5012513
yjbJ_predicted,0.09090909090909091,10,10,GGACGGACGTAGTATACTGA,0,5009617
yjbJ_predicted,0.09090909090909091,10,10,GGACCCGTAAGCAGAGTGAA,0,5017356
yjbJ_predicted,0.09090909090909091,10,10,GCGTGTGAAACGGGTAAACG,0,5001922
yjbJ_predicted,0.09090909090909091,10,10,GCGTGCCGCCCCGCATGTTT,0,5027234
yjbJ_predicted,0.09090909090909091,10,10,GCGGGGCACAGGAGCCGTGG,0,5014568
yjbJ_predicted,0.09090909090909091,10,10,GCCGTTCGTGTCCACGCTAG,0,5010739
yjbJ_predicted,0.09090909090909091,10,10,GCCGCTCATTGAAGACACGG,0,5022761
yjbJ_predicted,0.09090909090909091,10,10,GCCGATTCCTTGTGCACGCA,0,5004072
yjbJ_predicted,0.09090909090909091,10,10,GCCATGTCAATGAGATTAAA,0,5012628
yjbJ_predicted,0.09090909090909091,10,10,GCAATTCTCGCTAGGAGTGG,0,5017185
yjbJ_predicted,0.09090909090909091,10,10,GATTCGTAATCATAATTGAT,0,5009543
yjbJ_predicted,0.09090909090909091,10,10,GATTATGCGGATACGTGTAT,0,5022242
yjbJ_predicted,0.09090909090909091,10,10,GATTAGTCTACGTTAAAAGA,0,4999203
yjbJ_predicted,0.09090909090909091,10,10,GATCGAGTTACGTGGGACCT,0,5002007
yjbJ_predicted,0.09090909090909091,10,10,GATAGACCCGGTCTTCAAGT,0,5024526
yjbJ_predicted,0.09090909090909091,10,10,GATAAATGAGGGGCTCGAAT,0,5017794
yjbJ_predicted,0.09090909090909091,10,10,GAGGTTAGTCTAGCGCTATC,0,5025650
yjbJ_predicted,0.09090909090909091,10,10,GAGGGGCCATACCCCAGCCG,0,5017089
yjbJ_predicted,0.09090909090909091,10,10,GAGGCCTGTTCGAAGCAATC,0,5019573
yjbJ_predicted,0.09090909090909091,10,10,GAGAGCACACATGTACTTCT,0,5005677
yjbJ_predicted,0.09090909090909091,10,10,GACTTGCCAGTCGTTAGATG,0,5005777
yjbJ_predicted,0.09090909090909091,10,10,GACTAATGATGGGGCTCTTT,0,5005102
yjbJ_predicted,0.09090909090909091,10,10,GACATGCCAATCGCATAATC,0,4994856
yjbJ_predicted,0.09090909090909091,10,10,GAAGCTTCAAAGGCTGGCTC,0,5024356
yjbJ_predicted,0.09090909090909091,10,10,GAACAAACAGTTTATTTAGA,0,5004595
yjbJ_predicted,0.09090909090909091,10,10,GAAATATATGCGCCGGGGCA,0,4995640
yjbJ_predicted,0.09090909090909091,10,10,CTTGTATATAAAGAGAGGGG,0,5026433
yjbJ_predicted,0.09090909090909091,10,10,CTTCTGAAGGGCTCTTTATA,0,5013866
yjbJ_predicted,0.09090909090909091,10,10,CTTCTACGGGGATCCGGGTC,0,5004215
yjbJ_predicted,0.09090909090909091,10,10,CTTCGTCCCGTAATCGCCGT,0,5012599
yjbJ_predicted,0.09090909090909091,10,10,CTTAGCCATTGACCACCTAG,0,5014684
yjbJ_predicted,0.09090909090909091,10,10,CTTAGACTCACCTGCCCAAA,0,5016923
yjbJ_predicted,0.09090909090909091,10,10,CTTAAGCGATACGTAATACG,0,5020644
yjbJ_predicted,0.09090909090909091,10,10,CTGGAGGTGACTACAATTGT,0,5023882
yjbJ_predicted,0.09090909090909091,10,10,CTGCTTAGGCGGGACTTACT,0,5025163
yjbJ_predicted,0.09090909090909091,10,10,CTGCGATGGACGGCCTTAGT,0,5019595
yjbJ_predicted,0.09090909090909091,10,10,CTGCATAAGCCTGTTAGCAT,0,5000846
yjbJ_predicted,0.09090909090909091,10,10,CTCTGCAAGTTGGCCCAAAG,0,5026545
yjbJ_predicted,0.09090909090909091,10,10,CTCTCTAGATTGACGTGAGA,0,5024303
yjbJ_predicted,0.09090909090909091,10,10,CTCTAGGTCTTGCATGTAAA,0,4998878
yjbJ_predicted,0.09090909090909091,10,10,CTCGCTCGGTTTAGTCCTGA,0,5004659
yjbJ_predicted,0.09090909090909091,10,10,CTCGCAAGGATGGTCACTGG,0,5031017
yjbJ_predicted,0.09090909090909091,10,10,CTCCAGCGTCCTGAGTTCCT,0,5017874
yjbJ_predicted,0.09090909090909091,10,10,CTCATAGTCCGCATACCGAT,0,5024395
yjbJ_predicted,0.09090909090909091,10,10,CTCATAAGGCACATACTAAT,0,5012319
yjbJ_predicted,0.09090909090909091,10,10,CTAGTGTCACTCTGTTCAGT,0,5001828
yjbJ_predicted,0.09090909090909091,10,10,CTAGGTAAAAGCCGAAATTT,0,5019060
yjbJ_predicted,0.09090909090909091,10,10,CTAGAGCACATGGTAGTCGA,0,4997432
yjbJ_predicted,0.09090909090909091,10,10,CGTTCGATGGAGGGATACGT,0,5023569
yjbJ_predicted,0.09090909090909091,10,10,CGTGCTCTGTGTGTAGAGAG,0,4994933
yjbJ_predicted,0.09090909090909091,10,10,CGTCGGAGCGAGACGTCATA,0,4997719
yjbJ_predicted,0.09090909090909091,10,10,CGTAAGCTTAATCCAGGGAT,0,5001158
yjbJ_predicted,0.09090909090909091,10,10,CGGTTTCCGACGAATGACGC,0,5019388
yjbJ_predicted,0.09090909090909091,10,10,CGGTCTGGCCGCGGGATCTT,0,5013685
yjbJ_predicted,0.09090909090909091,10,10,CGGGGTTGTGGGTGATATGC,0,5026927
yjbJ_predicted,0.09090909090909091,10,10,CGGGCCGGGTCGTTGTGAGG,0,5015412
yjbJ_predicted,0.09090909090909091,10,10,CGGGCCATAAGCATGATCTG,0,4998900
yjbJ_predicted,0.09090909090909091,10,10,CGGGACGCTCCTGTTGGTAA,0,5016419
yjbJ_predicted,0.09090909090909091,10,10,CGGAGCTCCATTGAGTATTG,0,5012362
yjbJ_predicted,0.09090909090909091,10,10,CGGAGACAGTCTCAGCTGCA,0,5018200
yjbJ_predicted,0.09090909090909091,10,10,CGGACAGGCAAGAAGACGAG,0,5021671
yjbJ_predicted,0.09090909090909091,10,10,CGCGCGACCTGCGCTGTAGA,0,5004937
yjbJ_predicted,0.09090909090909091,10,10,CGCGCATGCAGCGGGTCACG,0,5001834
yjbJ_predicted,0.09090909090909091,10,10,CGCCTTTGACTAGAATCTCA,0,4996019
yjbJ_predicted,0.09090909090909091,10,10,CGCATTAACACAAGCCGTAC,0,5017139
yjbJ_predicted,0.09090909090909091,10,10,CGCAGATCTACGGACGGCTT,0,5019052
yjbJ_predicted,0.09090909090909091,10,10,CGATTGTTTCGGACGGTATG,0,5009231
yjbJ_predicted,0.09090909090909091,10,10,CGATGGTAGCCCGGACCTGG,0,5004611
yjbJ_predicted,0.09090909090909091,10,10,CGATGGCGTTATTGACTACA,0,5019384
yjbJ_predicted,0.09090909090909091,10,10,CGAGTCTACTAACATTGAGT,0,5002517
yjbJ_predicted,0.09090909090909091,10,10,CGAGGAAGGCCACCGAAACC,0,5021092
yjbJ_predicted,0.09090909090909091,10,10,CGAGCTGATTTTGCAACGGA,0,5006123
yjbJ_predicted,0.09090909090909091,10,10,CGAAGGTGTTGCCCCAATTG,0,5024231
yjbJ_predicted,0.09090909090909091,10,10,CCTTCTGCCCATGAGGCGTA,0,5019109
yjbJ_predicted,0.09090909090909091,10,10,CCTTAAAGACATGTATGATG,0,5019053
yjbJ_predicted,0.09090909090909091,10,10,CCTCGGGCTACGTTGATAGT,0,5012149
yjbJ_predicted,0.09090909090909091,10,10,CCTCGCTTGACACATGAGAT,0,5027575
yjbJ_predicted,0.09090909090909091,10,10,CCTCCGAACTATAAGTGGTC,0,5014435
yjbJ_predicted,0.09090909090909091,10,10,CCTCAATTCTTAACTGTGAG,0,5029992
yjbJ_predicted,0.09090909090909091,10,10,CCTACTTGTGACTCATTGAG,0,4998308
yjbJ_predicted,0.09090909090909091,10,10,CCGTAGGTGAATGATGGAGT,0,5004894
yjbJ_predicted,0.09090909090909091,10,10,CCGTACCCTCTTAACATGCA,0,5006305
yjbJ_predicted,0.09090909090909091,10,10,CCGGCGGGGCCTGCTTTTAA,0,5007541
yjbJ_predicted,0.09090909090909091,10,10,CCGGAAGAATGACATGGGGA,0,5026441
yjbJ_predicted,0.09090909090909091,10,10,CCCTCCGTTATAGGACTCGG,0,5006741
yjbJ_predicted,0.09090909090909091,10,10,CCCGCGTCAGCTACTGTAAA,0,5010859
yjbJ_predicted,0.09090909090909091,10,10,CCCGCAACAAGTTGTCTAGG,0,4999896
yjbJ_predicted,0.09090909090909091,10,10,CCCGACTGTGCACATTAAAG,0,5022468
yjbJ_predicted,0.09090909090909091,10,10,CCCCATCGCCTGCAGTTGGC,0,5014202
yjbJ_predicted,0.09090909090909091,10,10,CCCCAGAGAGGCACGCGGAG,0,5024844
yjbJ_predicted,0.09090909090909091,10,10,CCCATTTAAGCGATCATCGA,0,5002704
yjbJ_predicted,0.09090909090909091,10,10,CCATGCGGTGTACTGCTGCA,0,5014244
yjbJ_predicted,0.09090909090909091,10,10,CCAGCGCGGAATTTTCCCTT,0,5018861
yjbJ_predicted,0.09090909090909091,10,10,CCAATAAGTAGGATTAAGGA,0,5026060
yjbJ_predicted,0.09090909090909091,10,10,CCAAGTTTATCGGCTAAAAA,0,5005978
yjbJ_predicted,0.09090909090909091,10,10,CCAAACGAGTGTAAGTTCGA,0,5024642
yjbJ_predicted,0.09090909090909091,10,10,CATTGAGCTAATAGGCTTAT,0,5002188
yjbJ_predicted,0.09090909090909091,10,10,CATGGGATTACATAAATCCG,0,5010604
yjbJ_predicted,0.09090909090909091,10,10,CATCTTTGATGGGCGGAAGC,0,5020448
yjbJ_predicted,0.09090909090909091,10,10,CATCAGATTGGGTCAGCCCA,0,5011707
yjbJ_predicted,0.09090909090909091,10,10,CAGTGTGGTGTTGTCAGAAG,0,5014100
yjbJ_predicted,0.09090909090909091,10,10,CAGTATATAACCCCCATGAC,0,5016251
yjbJ_predicted,0.09090909090909091,10,10,CAGGTATCATCACTGGGGTC,0,5026884
yjbJ_predicted,0.09090909090909091,10,10,CAGCAGCGGTTAGAAGCAAC,0,5014861
yjbJ_predicted,0.09090909090909091,10,10,CAGATCAGGCCAGGCGATTC,0,5009035
yjbJ_predicted,0.09090909090909091,10,10,CAGATAAGGAGCTTACGATG,0,5026282
yjbJ_predicted,0.09090909090909091,10,10,CAGAGGGCAAAAGAATGGTA,0,5012730
yjbJ_predicted,0.09090909090909091,10,10,CAGACATGGGCCATCGTACC,0,5011327
yjbJ_predicted,0.09090909090909091,10,10,CACGCGGCCTTCACAGTCGT,0,5022116
yjbJ_predicted,0.09090909090909091,10,10,CACCGAGTGCGTCGCTCTAC,0,5031306
yjbJ_predicted,0.09090909090909091,10,10,CACCCATTCTGGCTCGCCGA,0,5024092
yjbJ_predicted,0.09090909090909091,10,10,CACATGCGTGTAACGGTCCC,0,5010735
yjbJ_predicted,0.09090909090909091,10,10,CACATGCGGATACAAGGACA,0,5010254
yjbJ_predicted,0.09090909090909091,10,10,CAATTGTACTTTTCAGTATT,0,5005799
yjbJ_predicted,0.09090909090909091,10,10,CAATGTGGATACCGAGAAGG,0,5003196
yjbJ_predicted,0.09090909090909091,10,10,CAACTCACTACTGGGTCGTT,0,5020607
yjbJ_predicted,0.09090909090909091,10,10,CAACCGGTATCATGTTTAAT,0,5016124
yjbJ_predicted,0.09090909090909091,10,10,CAAACCTCTGCAGCACCGTT,0,5002552
yjbJ_predicted,0.09090909090909091,10,10,ATTTCGATTTTTGCACTTAT,0,5010013
yjbJ_predicted,0.09090909090909091,10,10,ATTGGCTCGATTAACCTATG,0,5009800
yjbJ_predicted,0.09090909090909091,10,10,ATTGATGTTCCTACGAAGTC,0,4998612
yjbJ_predicted,0.09090909090909091,10,10,ATTCGACTCTCATCTGCGAG,0,5013859
yjbJ_predicted,0.09090909090909091,10,10,ATTCCGTTATATACGATCCA,0,4999353
yjbJ_predicted,0.09090909090909091,10,10,ATGTTATGTAATTTAGAGTA,0,5004961
yjbJ_predicted,0.09090909090909091,10,10,ATGGGCTATAAGTACGGTGG,0,5022910
yjbJ_predicted,0.09090909090909091,10,10,ATGGCTTTATTCGGTGTCAG,0,4996872
yjbJ_predicted,0.09090909090909091,10,10,ATGGCTGAACTAACGTTTTA,0,5006891
yjbJ_predicted,0.09090909090909091,10,10,ATGGCTCGTCGTCCTTATAA,0,4997489
yjbJ_predicted,0.09090909090909091,10,10,ATGCGCGAGTGATCTTGTGG,0,5001753
yjbJ_predicted,0.09090909090909091,10,10,ATGCAACAAATTCAGCGAGT,0,5015375
yjbJ_predicted,0.09090909090909091,10,10,ATGAGCGTCTATGCTCATCA,0,5008464
yjbJ_predicted,0.09090909090909091,10,10,ATCTATTCTGTCGCTGGCGA,0,5021933
yjbJ_predicted,0.09090909090909091,10,10,ATCTAAGCAGGCTCGCTGGT,0,5015423
yjbJ_predicted,0.09090909090909091,10,10,ATCGTGGTTAGGGTTGCCGG,0,5012756
yjbJ_predicted,0.09090909090909091,10,10,ATCGCCACTTGAGTTACCGA,0,5019558
yjbJ_predicted,0.09090909090909091,10,10,ATCGAATTAAAGTGTGCTCG,0,5014221
yjbJ_predicted,0.09090909090909091,10,10,ATCATAGCGTAGGTAGTTGT,0,4995456
yjbJ_predicted,0.09090909090909091,10,10,ATCAGAATTCACGAACTGGA,0,5002988
yjbJ_predicted,0.09090909090909091,10,10,ATATTATGCCCCAAAGTTAC,0,5005342
yjbJ_predicted,0.09090909090909091,10,10,AGTTGTCATCGATCCCAGAA,0,5026351
yjbJ_predicted,0.09090909090909091,10,10,AGTTATCCCTTGGAACTTTT,0,5024987
yjbJ_predicted,0.09090909090909091,10,10,AGTTAGCCCGATCTCACTTT,0,4995116
yjbJ_predicted,0.09090909090909091,10,10,AGTGTCGCGCCGAACTGGAA,0,5030507
yjbJ_predicted,0.09090909090909091,10,10,AGTCGCAATTAACAAAAGCC,0,4998060
yjbJ_predicted,0.09090909090909091,10,10,AGTAGTGCGACAGGGTAAGA,0,5015203
yjbJ_predicted,0.09090909090909091,10,10,AGTAACGGCTTGTCGCTAGA,0,5008732
yjbJ_predicted,0.09090909090909091,10,10,AGGTTTCTGCAGCCATAGAA,0,5003518
yjbJ_predicted,0.09090909090909091,10,10,AGGTCCCATGTCTGCTGCAG,0,5012738
yjbJ_predicted,0.09090909090909091,10,10,AGGTATAAGAGGTAGGATTT,0,5011515
yjbJ_predicted,0.09090909090909091,10,10,AGGCTGAACGACTATATTGC,0,5023433
yjbJ_predicted,0.09090909090909091,10,10,AGGATCCGTCATGACAGTTA,0,5024134
yjbJ_predicted,0.09090909090909091,10,10,AGGAGAGTCCGCTGTCGAGC,0,5009019
yjbJ_predicted,0.09090909090909091,10,10,AGGACGCACTACAATATCGC,0,5005119
yjbJ_predicted,0.09090909090909091,10,10,AGGAAAGCGAAGGTCTCGGC,0,4998117
yjbJ_predicted,0.09090909090909091,10,10,AGCTGTCAAGCCCATGCGGC,0,5020834
yjbJ_predicted,0.09090909090909091,10,10,AGCTAGCAGATAATAGTAGA,0,5015439
yjbJ_predicted,0.09090909090909091,10,10,AGCGTGTGAGACGAGCTCTA,0,5022321
yjbJ_predicted,0.09090909090909091,10,10,AGCGAGAGCGAGGCCCGGGA,0,5027162
yjbJ_predicted,0.09090909090909091,10,10,AGCATTGGGCTGCCACCTAG,0,5009748
yjbJ_predicted,0.09090909090909091,10,10,AGCATTCTAAGTAGCACGGC,0,5027238
yjbJ_predicted,0.09090909090909091,10,10,AGCAATACTCTTTGGTCATG,0,5011996
yjbJ_predicted,0.09090909090909091,10,10,AGAGATTCCGGTCCCGACAA,0,4996726
yjbJ_predicted,0.09090909090909091,10,10,AGACGGCCTTGAGTTAACGA,0,5017565
yjbJ_predicted,0.09090909090909091,10,10,AGACGCAGACCTATAAGCCG,0,5009670
yjbJ_predicted,0.09090909090909091,10,10,AGACCACTTCTCTACGCTAA,0,5003064
yjbJ_predicted,0.09090909090909091,10,10,AGAACGGACCTACAGCGCCT,0,5004217
yjbJ_predicted,0.09090909090909091,10,10,ACTTGCGGCCAAGACGGTCC,0,5016490
yjbJ_predicted,0.09090909090909091,10,10,ACTTAGGCGCCAGCAGTGCC,0,5019957
yjbJ_predicted,0.09090909090909091,10,10,ACTGGTAATGGGATGATTGG,0,5000800
yjbJ_predicted,0.09090909090909091,10,10,ACTCGATTACTGAGACTTTC,0,4996202
yjbJ_predicted,0.09090909090909091,10,10,ACGTCGTATAAGAGCGCGCC,0,5001664
yjbJ_predicted,0.09090909090909091,10,10,ACGGACGTTATAGATAGGGT,0,5012969
yjbJ_predicted,0.09090909090909091,10,10,ACGAATTGGCGACTTTTGAA,0,5017048
yjbJ_predicted,0.09090909090909091,10,10,ACCTGATTCGCAAAGAGGCT,0,5011054
yjbJ_predicted,0.09090909090909091,10,10,ACCTCCAAAGAGGGGCACTG,0,5022182
yjbJ_predicted,0.09090909090909091,10,10,ACCGTTCCCGATTACGAAGC,0,5023706
yjbJ_predicted,0.09090909090909091,10,10,ACCGGGTTTTACACGGTGGG,0,4998484
yjbJ_predicted,0.09090909090909091,10,10,ACCCTTTAGCGGGGAGGATC,0,5008124
yjbJ_predicted,0.09090909090909091,10,10,ACCCTCCATCTCGAGGACCG,0,5021257
yjbJ_predicted,0.09090909090909091,10,10,ACCCAAGAATCAATCCGATT,0,5006927
yjbJ_predicted,0.09090909090909091,10,10,ACCAATGCTGGTATGACTCC,0,4996604
yjbJ_predicted,0.09090909090909091,10,10,ACCAAGCGCCGAACGAGTCG,0,4997959
yjbJ_predicted,0.09090909090909091,10,10,ACCAACCTCCGGCAGCTCTA,0,4999123
yjbJ_predicted,0.09090909090909091,10,10,ACAGTTCTTTAGATGCCATC,0,5023643
yjbJ_predicted,0.09090909090909091,10,10,ACACGCTGGGCGGCGTAGCC,0,5016279
yjbJ_predicted,0.09090909090909091,10,10,ACACAATCACCCCAATTAAC,0,5029168
yjbJ_predicted,0.09090909090909091,10,10,ACAAGTGGAAACATATAATC,0,5014750
yjbJ_predicted,0.09090909090909091,10,10,AATTTGACCAACGGGGAGAC,0,4995451
yjbJ_predicted,0.09090909090909091,10,10,AATTTCGGGGTAAGCTTCGT,0,5003489
yjbJ_predicted,0.09090909090909091,10,10,AATTACTAGATGTAGGCGAA,0,5009277
yjbJ_predicted,0.09090909090909091,10,10,AATCTCGGGATTTATAGCTC,0,5012785
yjbJ_predicted,0.09090909090909091,10,10,AATCCGCGAAGTTGTAAGGT,0,5006740
yjbJ_predicted,0.09090909090909091,10,10,AATCAACATGTTTCCTACTA,0,5010738
yjbJ_predicted,0.09090909090909091,10,10,AATATGACTGAGTGTTCGCA,0,5024490
yjbJ_predicted,0.09090909090909091,10,10,AATAGGATATCTGTCTTCAA,0,5009401
yjbJ_predicted,0.09090909090909091,10,10,AAGTCTTAAGGTGTGGATGG,0,5002992
yjbJ_predicted,0.09090909090909091,10,10,AAGTATGAGGATAAACGGGA,0,5004662
yjbJ_predicted,0.09090909090909091,10,10,AAGGTTTAGGCGCAGATTGA,0,5014101
yjbJ_predicted,0.09090909090909091,10,10,AAGGAGCCGCGAAGCAAAAT,0,4999620
yjbJ_predicted,0.09090909090909091,10,10,AAGCTGCGAGATCTTAGGCA,0,5018540
yjbJ_predicted,0.09090909090909091,10,10,AAGCGAGCGTGGCACGGAGC,0,5020687
yjbJ_predicted,0.09090909090909091,10,10,AAGCAGAGTGACAACGCGGA,0,5015822
yjbJ_predicted,0.09090909090909091,10,10,AAGAGGACTGACACACGGGT,0,5020595
yjbJ_predicted,0.09090909090909091,10,10,AACTTACCTCTTCGAGGAGA,0,5021237
yjbJ_predicted,0.09090909090909091,10,10,AACGCTATTCTAGTTTTGGG,0,5008724
yjbJ_predicted,0.09090909090909091,10,10,AACGAGTAATGAGGTTTACA,0,4999566
yjbJ_predicted,0.09090909090909091,10,10,AACCTGTAGCAACGGGAGAA,0,5025992
yjbJ_predicted,0.09090909090909091,10,10,AACCGTTTGCTACATAGCCC,0,4997248
yjbJ_predicted,0.09090909090909091,10,10,AACCGGAAGCAGTATCAAGT,0,5028641
yjbJ_predicted,0.09090909090909091,10,10,AACCCCTGGCATGCCATTTG,0,5018668
yjbJ_predicted,0.09090909090909091,10,10,AACCAGACGGTCCCCCAGCA,0,5002601
yjbJ_predicted,0.09090909090909091,10,10,AAATTGGGATAAACCCCAGA,0,5016062
yjbJ_predicted,0.09090909090909091,10,10,AAATTAGAGGGTCAAAGGCC,0,4999088
yjbJ_predicted,0.09090909090909091,10,10,AAATGCCAGGGACCAGCGGA,0,5004209
yjbJ_predicted,0.09090909090909091,10,10,AAATCGTGGGGCCATCGTTC,0,5028361
yjbJ_predicted,0.09090909090909091,10,10,AAATAGACATCACCCGCTGT,0,5021866
yjbJ_predicted,0.09090909090909091,10,10,AAAGACGGCCTCAAAAGGCT,0,5005508
yjbJ_predicted,0.09090909090909091,10,10,AAACCAACGTTCCGATGGTG,0,5030846
yjbJ_predicted,0.09090909090909091,10,10,AAAAACCATAGAAGATGATG,0,5020728
yjbJ_predicted,0.1,9,9,TTTTGTGAATGCCGTATCTT,0,5003663
yjbJ_predicted,0.1,9,9,TTTTATCGCGACTCGTCCGA,0,5028936
yjbJ_predicted,0.1,9,9,TTTGTGGATCGGGTGATTTG,0,5024456
yjbJ_predicted,0.1,9,9,TTTGGTCCCTTCCCGAGACT,0,4998405
yjbJ_predicted,0.1,9,9,TTTGACACCGTCAGCGAAGG,0,5021835
yjbJ_predicted,0.1,9,9,TTTCGACGAAGGTAGTTTTG,0,5014926
yjbJ_predicted,0.1,9,9,TTTCAGCCTCACGGCGTTAC,0,5023221
yjbJ_predicted,0.1,9,9,TTTATCGACGGTACGAAGTC,0,4999465
yjbJ_predicted,0.1,9,9,TTGTGGACTGTTCTCCAATT,0,5016943
yjbJ_predicted,0.1,9,9,TTGGATGATTAGTAGCGGCA,0,5016678
yjbJ_predicted,0.1,9,9,TTGCCGCTCATAGAATCTCA,0,5020238
yjbJ_predicted,0.1,9,9,TTGCACATTGCCTCCAGATA,0,4999830
yjbJ_predicted,0.1,9,9,TTGATCCCATCTGCCAGGCG,0,4998689
yjbJ_predicted,0.1,9,9,TTGAGTAGAGGCACAAAATA,0,5030503
yjbJ_predicted,0.1,9,9,TTCTCGGCCTTCGGATTACA,0,5004328
yjbJ_predicted,0.1,9,9,TTCCTTTAATTTGGTATTAA,0,5015358
yjbJ_predicted,0.1,9,9,TTCCTACCAAAAACCCCAAA,0,5006115
yjbJ_predicted,0.1,9,9,TTCCCTCTCGTAGAGCCCAA,0,5018822
yjbJ_predicted,0.1,9,9,TTCCAGTACGCCGGCGTCAC,0,5020945
yjbJ_predicted,0.1,9,9,TTCATGTAGACGAGGTATAT,0,5000821
yjbJ_predicted,0.1,9,9,TTCATCTAGTACCACTAGGA,0,5023976
yjbJ_predicted,0.1,9,9,TTCAGTGAGGATTGCGATAG,0,5016395
yjbJ_predicted,0.1,9,9,TTCAGGCCCACGCCATCAGA,0,4999425
yjbJ_predicted,0.1,9,9,TTCAGGAGGGTTTAGAGACA,0,5013495
yjbJ_predicted,0.1,9,9,TTATCACTCTGACTAAGCAA,0,5003757
yjbJ_predicted,0.1,9,9,TTAGTGTGTCTTCAATACCA,0,5025156
yjbJ_predicted,0.1,9,9,TTACATGATGGAGCCAGGTC,0,5005393
yjbJ_predicted,0.1,9,9,TGTGCCATTATTCCTCATTC,0,5025737
yjbJ_predicted,0.1,9,9,TGTCTAGTGGGTGGCACAGG,0,5003435
yjbJ_predicted,0.1,9,9,TGTCGGGGGGATTCCCGTGA,0,5009788
yjbJ_predicted,0.1,9,9,TGGTTTGAGGTTATATAATG,0,5008400
yjbJ_predicted,0.1,9,9,TGGTTGAGATGGTGTTCCTC,0,5010551
yjbJ_predicted,0.1,9,9,TGGTGAGCTACGCAATTCTA,0,4995636
yjbJ_predicted,0.1,9,9,TGGTCCGGAAGACTGCTAAT,0,4999846
yjbJ_predicted,0.1,9,9,TGGGTCTAGCTAACTCCTGT,0,4999313
yjbJ_predicted,0.1,9,9,TGGCGTTAGGTGGATCGGGT,0,5029317
yjbJ_predicted,0.1,9,9,TGGCCCTGACATATGGTCAG,0,5023159
yjbJ_predicted,0.1,9,9,TGCGGGCAGTCCAGGATCGG,0,5014729
yjbJ_predicted,0.1,9,9,TGCCGAAAGAGTCAAAAATC,0,5000535
yjbJ_predicted,0.1,9,9,TGCCATTAGGTAACCGAGGA,0,4996895
yjbJ_predicted,0.1,9,9,TGCAATGGCCCCTGATGATA,0,5013651
yjbJ_predicted,0.1,9,9,TGATGCGCTACCGTGCGAGC,0,5014751
yjbJ_predicted,0.1,9,9,TGAGTGGCGCATAATGATAA,0,4996693
yjbJ_predicted,0.1,9,9,TGAGTGATTAATCCTCGCGA,0,5010382
yjbJ_predicted,0.1,9,9,TGACATTGTTTCAGATGTAA,0,5018093
yjbJ_predicted,0.1,9,9,TGACATCGGCTGTTTATCCG,0,4995282
yjbJ_predicted,0.1,9,9,TCTTTTTGGTTTAGACGGTT,0,5016173
yjbJ_predicted,0.1,9,9,TCTTAAGTGTAGTACACGAT,0,5014467
yjbJ_predicted,0.1,9,9,TCTGTATCCGGATAAGTCGT,0,4999987
yjbJ_predicted,0.1,9,9,TCTGCTTGGGTGTCCGGATG,0,4995462
yjbJ_predicted,0.1,9,9,TCTCCGATAGTCAGCAGACA,0,5013375
yjbJ_predicted,0.1,9,9,TCTATTTTGCCCAGTTAGCC,0,5009626
yjbJ_predicted,0.1,9,9,TCGGTGCACCATGAGTCCCT,0,5015168
yjbJ_predicted,0.1,9,9,TCGGCAACTAAGGCATGAGT,0,5018160
yjbJ_predicted,0.1,9,9,TCGGACCAACAGGGGTACCT,0,5029019
yjbJ_predicted,0.1,9,9,TCGCGGGACTCCATAGTGAG,0,4995861
yjbJ_predicted,0.1,9,9,TCGCGGATGGACGACCAGGA,0,5020080
yjbJ_predicted,0.1,9,9,TCGCCGTTAGATTTCCTGGG,0,5019343
yjbJ_predicted,0.1,9,9,TCGCAAACTGCCAGTATAAA,0,5027945
yjbJ_predicted,0.1,9,9,TCCGTACAATCGTGACCGAA,0,5015013
yjbJ_predicted,0.1,9,9,TCCGGCTCCGGGATTCACTA,0,5014312
yjbJ_predicted,0.1,9,9,TCCCTACGTATTTCATTACG,0,5026669
yjbJ_predicted,0.1,9,9,TCATCGGCGCCAATGGTGCA,0,5010484
yjbJ_predicted,0.1,9,9,TCATCCGGCATTAGTGACGA,0,5002178
yjbJ_predicted,0.1,9,9,TCAGTGCAGTTCGTTTGGAC,0,4998713
yjbJ_predicted,0.1,9,9,TCAGCGTGTGGGTGGCCGCG,0,5012763
yjbJ_predicted,0.1,9,9,TCACTGTTGCTGTCGCCCTA,0,5003228
yjbJ_predicted,0.1,9,9,TCAACGTTCACGTGGGTTTA,0,5017942
yjbJ_predicted,0.1,9,9,TATTTCACAGGCAATTCATA,0,4997273
yjbJ_predicted,0.1,9,9,TATTGGATGTCTGGGACTCT,0,4999936
yjbJ_predicted,0.1,9,9,TATTCTGCGGCCATTATGAC,0,5001168
yjbJ_predicted,0.1,9,9,TATGAGGAAAGAACGGGTAT,0,5027131
yjbJ_predicted,0.1,9,9,TATCCTACTATTGGATATGG,0,5001163
yjbJ_predicted,0.1,9,9,TATAGCCTCAGGATCATTGT,0,5023462
yjbJ_predicted,0.1,9,9,TATACCTGCTCACAGAGTTT,0,5018723
yjbJ_predicted,0.1,9,9,TAGGTAAGCCGCGGGTTTGC,0,5016824
yjbJ_predicted,0.1,9,9,TAGGGGCTGGAAGACGGCTA,0,5003693
yjbJ_predicted,0.1,9,9,TAGGATTACACTATAAGCAA,0,5017870
yjbJ_predicted,0.1,9,9,TAGGACTTATCATAAGCAGT,0,5024718
yjbJ_predicted,0.1,9,9,TACGTTCGCCCGCAACCCTG,0,5027531
yjbJ_predicted,0.1,9,9,TACGCGAGTATTATCGATAG,0,5020832
yjbJ_predicted,0.1,9,9,TACGAATTTCATGTTCTTGT,0,5013203
yjbJ_predicted,0.1,9,9,TACATCGGGAGATCATAGCG,0,5022614
yjbJ_predicted,0.1,9,9,TACAATTCGAACGTGCGCTA,0,5017590
yjbJ_predicted,0.1,9,9,TAATAAAAGGCGGCAGAGAG,0,5027712
yjbJ_predicted,0.1,9,9,TAAGAAGGTAACGCAGAATA,0,5006146
yjbJ_predicted,0.1,9,9,TAACCGGACCCCCTGGGTAG,0,5023884
yjbJ_predicted,0.1,9,9,TAACATCCTACAGTCGAGAT,0,5018456
yjbJ_predicted,0.1,9,9,TAAAGTCCGCCTTTGATTCG,0,4998661
yjbJ_predicted,0.1,9,9,TAAAGATATCCACTACGAGA,0,5019690
yjbJ_predicted,0.1,9,9,TAAACGTACGGGTCAGCTTT,0,5025800
yjbJ_predicted,0.1,9,9,GTTTTTTTAGGCGTTGTGGT,0,5006675
yjbJ_predicted,0.1,9,9,GTTGGGAGGCTCAGTGCCCG,0,5013893
yjbJ_predicted,0.1,9,9,GTTGGAGACTGACGACAGCA,0,5012296
yjbJ_predicted,0.1,9,9,GTTGCATGGAGCAACAACTT,0,5007257
yjbJ_predicted,0.1,9,9,GTTCATCGGCATAGTTCGTA,0,5003817
yjbJ_predicted,0.1,9,9,GTTAGACCCCGTGATAAGTG,0,5012515
yjbJ_predicted,0.1,9,9,GTGGTACCGGCCTAGGGAGG,0,4998773
yjbJ_predicted,0.1,9,9,GTGCTAAGTACAAGTTAAAT,0,5011106
yjbJ_predicted,0.1,9,9,GTCTTAGTGGGAAGGAAATA,0,5016109
yjbJ_predicted,0.1,9,9,GTCTTAGGACTTTGAGTGTA,0,5029495
yjbJ_predicted,0.1,9,9,GTCGTTAACTAGCGTTACAG,0,5024732
yjbJ_predicted,0.1,9,9,GTCCTGAATCCTCATCCAGC,0,5002563
yjbJ_predicted,0.1,9,9,GTCCGGCCAGTCCACGCTCT,0,5030739
yjbJ_predicted,0.1,9,9,GTCCAAGCTCCTAAGAAATT,0,4995345
yjbJ_predicted,0.1,9,9,GTCAATACGGGGTGACTCGC,0,5017397
yjbJ_predicted,0.1,9,9,GTATGTTAAATATATCCTCA,0,5018270
yjbJ_predicted,0.1,9,9,GTAATGAATGTGCGGAGTGC,0,5004505
yjbJ_predicted,0.1,9,9,GTAATCGATGCCGTGGGATT,0,5029164
yjbJ_predicted,0.1,9,9,GGTTACACAGATGTCAAGCA,0,4997993
yjbJ_predicted,0.1,9,9,GGTATGAAGTCGGGGGGAAA,0,5011832
yjbJ_predicted,0.1,9,9,GGTATCGCAAGGTAGTTGGA,0,5006734
yjbJ_predicted,0.1,9,9,GGTATAGGTGAGGATCGCGT,0,5004226
yjbJ_predicted,0.1,9,9,GGTAAACCCCTAAACGCTCA,0,5008486
yjbJ_predicted,0.1,9,9,GGGTTGACCGTACCAGCAAG,0,5017530
yjbJ_predicted,0.1,9,9,GGGTCTAGCAGCTGTAGAAT,0,5025278
yjbJ_predicted,0.1,9,9,GGGGTCACATGTCAGCTTAT,0,5007937
yjbJ_predicted,0.1,9,9,GGGAATACGTAGAAGGTAGC,0,5020228
yjbJ_predicted,0.1,9,9,GGCGGAAACGTGACCAGGAC,0,4997231
yjbJ_predicted,0.1,9,9,GGCGCGTCTCTCTTTAGTTT,0,5021159
yjbJ_predicted,0.1,9,9,GGCACTGACCGGGGCCGCGA,0,5014023
yjbJ_predicted,0.1,9,9,GGCAAGTTCCGATGGACAGA,0,5001129
yjbJ_predicted,0.1,9,9,GGATAGAGGCAGGGATGCGA,0,5024034
yjbJ_predicted,0.1,9,9,GGAGCCATAGCATGCCCGCC,0,5004952
yjbJ_predicted,0.1,9,9,GGAGAAATGTCCTGGACACT,0,5013371
yjbJ_predicted,0.1,9,9,GGACCAACAAGTATACCAAC,0,5003751
yjbJ_predicted,0.1,9,9,GGAAGCGGACAGAACCTCTT,0,5011709
yjbJ_predicted,0.1,9,9,GCTGTATTATTTTCGGGCGA,0,5008839
yjbJ_predicted,0.1,9,9,GCTGCTATTTGTGGTTTCCT,0,5024532
yjbJ_predicted,0.1,9,9,GCTGATCTGAGCTTCTTTCC,0,5005959
yjbJ_predicted,0.1,9,9,GCTATTTAAGTCAGTTAAGA,0,5026180
yjbJ_predicted,0.1,9,9,GCGTTTTTAAAAAAGTCTTA,0,5014527
yjbJ_predicted,0.1,9,9,GCGTGGTACTTTTATGTCCA,0,5010397
yjbJ_predicted,0.1,9,9,GCGTGGAACCCGGCGATAGG,0,5003573
yjbJ_predicted,0.1,9,9,GCGGTTGAACCCTTAGGCAT,0,4995514
yjbJ_predicted,0.1,9,9,GCGATGGGTAGTAACGACCG,0,5019774
yjbJ_predicted,0.1,9,9,GCGAGTGATCTAGGTCCACA,0,4998748
yjbJ_predicted,0.1,9,9,GCGAAGAAGGAATCATACGA,0,5016089
yjbJ_predicted,0.1,9,9,GCCTCTGGGTGTGTTTCTAT,0,4998017
yjbJ_predicted,0.1,9,9,GCCGCTCATTGGGGTAGAGT,0,5006370
yjbJ_predicted,0.1,9,9,GCCCCAAGATTCCGTAGGAT,0,5008870
yjbJ_predicted,0.1,9,9,GCCAAGTGGTGATATCTCCA,0,5026370
yjbJ_predicted,0.1,9,9,GCACGCGTTAGATTCTCGTA,0,4995746
yjbJ_predicted,0.1,9,9,GCACATAGGGGTCTACGGCG,0,5012087
yjbJ_predicted,0.1,9,9,GCACAGAAGGCGGCGTGATG,0,5015977
yjbJ_predicted,0.1,9,9,GCAATTAAAGGCGTTATGCC,0,5015972
yjbJ_predicted,0.1,9,9,GCAAAGTGGGATCAGAGACG,0,5010463
yjbJ_predicted,0.1,9,9,GATTTAAGCCGCGTACAGAA,0,5015232
yjbJ_predicted,0.1,9,9,GATTGTAGACCGTAAAGGAG,0,5024814
yjbJ_predicted,0.1,9,9,GATGGCCAACGCGGGACCAT,0,5012987
yjbJ_predicted,0.1,9,9,GATGGAGTCTTGAACCGTCA,0,5021275
yjbJ_predicted,0.1,9,9,GATGGAAATCACGCAAGACG,0,5023184
yjbJ_predicted,0.1,9,9,GATGACGGTGAGCCAGAGCA,0,5016149
yjbJ_predicted,0.1,9,9,GATCCAATGATCCGGTAAGT,0,5030622
yjbJ_predicted,0.1,9,9,GATCCAAGGCGATGTGATTG,0,5014703
yjbJ_predicted,0.1,9,9,GATATTTTTGACTGGCACGA,0,5018891
yjbJ_predicted,0.1,9,9,GATAATTCAGTTATGTTATC,0,5014962
yjbJ_predicted,0.1,9,9,GATAATCTACGCAACAATGT,0,5012399
yjbJ_predicted,0.1,9,9,GAGTGAACCTTGCGCTGACG,0,5009365
yjbJ_predicted,0.1,9,9,GAGTAGGGTTTCCTCAACAC,0,5013018
yjbJ_predicted,0.1,9,9,GAGGGAATACCGTTTCGTTC,0,5013839
yjbJ_predicted,0.1,9,9,GAGCTTTTAATAGCTCACAG,0,5002270
yjbJ_predicted,0.1,9,9,GACGATGTAGAGACTGATAT,0,5017728
yjbJ_predicted,0.1,9,9,GACGAACAATCAAGGAGAGG,0,5015530
yjbJ_predicted,0.1,9,9,GACACTGTGAGCGCGAGAAG,0,4997862
yjbJ_predicted,0.1,9,9,GACACCGACAAAGAAGGTGT,0,5003577
yjbJ_predicted,0.1,9,9,GAATGCGTCATGAACTGGGG,0,5000265
yjbJ_predicted,0.1,9,9,GAATCGAACATATACGAGCT,0,4998272
yjbJ_predicted,0.1,9,9,GAATCATCCTGAACTGGTAG,0,5018666
yjbJ_predicted,0.1,9,9,GAATAACATTGTACTACTGG,0,5005413
yjbJ_predicted,0.1,9,9,GAAGGATACCTGTATAAATC,0,5028995
yjbJ_predicted,0.1,9,9,GAACGGAGCCGCACGTAGAC,0,5029972
yjbJ_predicted,0.1,9,9,GAACCAAGATGAGGAGCCTA,0,5025986
yjbJ_predicted,0.1,9,9,GAAAGAGCGGGTTCACAGTA,0,4999904
yjbJ_predicted,0.1,9,9,CTTTGCTTTCGGGCCTTCAA,0,5030830
yjbJ_predicted,0.1,9,9,CTTTGATAAGGAGTCGCCAG,0,5030748
yjbJ_predicted,0.1,9,9,CTTTGAAGAGAGGTATATAA,0,5025242
yjbJ_predicted,0.1,9,9,CTTTACTTTAACTTAGGGAG,0,4995950
yjbJ_predicted,0.1,9,9,CTTGTAGGGAGCAAGTGAGC,0,5018830
yjbJ_predicted,0.1,9,9,CTTGGCGTCGCTATAGGCGG,0,5029206
yjbJ_predicted,0.1,9,9,CTTCAAGTGCATGGATTTAG,0,5002763
yjbJ_predicted,0.1,9,9,CTTAACTAAGAGTTACTCAA,0,5005228
yjbJ_predicted,0.1,9,9,CTGTACATTTCAATCTTAGT,0,5023329
yjbJ_predicted,0.1,9,9,CTGTAAGAGATCTAGGTATA,0,5023409
yjbJ_predicted,0.1,9,9,CTGCGTCTGAAGGCATCGAA,0,5017360
yjbJ_predicted,0.1,9,9,CTGCGCGGTTCTAGGAAACA,0,5009515
yjbJ_predicted,0.1,9,9,CTGCGATCCGATCCGCTTGA,0,5007329
yjbJ_predicted,0.1,9,9,CTGCCGACTGCGACCACGAG,0,5009059
yjbJ_predicted,0.1,9,9,CTGCAACGGACAGTTAGCTG,0,5008855
yjbJ_predicted,0.1,9,9,CTCTTGTAGCGGAGAGATCT,0,4998872
yjbJ_predicted,0.1,9,9,CTCTGGGACTTAATCGTTCT,0,4996565
yjbJ_predicted,0.1,9,9,CTCTACGAGATATTTAGCAG,0,5001323
yjbJ_predicted,0.1,9,9,CTCGTCGTAGCTGGAGCGAT,0,5010895
yjbJ_predicted,0.1,9,9,CTCCTTGCGGGAGGGAGTTA,0,5015321
yjbJ_predicted,0.1,9,9,CTCCACGCCAGAGCGGAGGC,0,5007588
yjbJ_predicted,0.1,9,9,CTCCACACACCTAGATACGG,0,5021429
yjbJ_predicted,0.1,9,9,CTCATTTAGGCCCTAACGTG,0,4996459
yjbJ_predicted,0.1,9,9,CTCATATCGCTTGAATGTGT,0,5003537
yjbJ_predicted,0.1,9,9,CTCACGTGTAGCTGTGGTGC,0,5006298
yjbJ_predicted,0.1,9,9,CTATCTATAAGGCCTGCTTT,0,5025146
yjbJ_predicted,0.1,9,9,CTACGGTCTATTAACAAAGG,0,5028124
yjbJ_predicted,0.1,9,9,CTACAACATAATCACCAGGC,0,4997699
yjbJ_predicted,0.1,9,9,CTAAGCTTATCGTGGTTCAC,0,5006579
yjbJ_predicted,0.1,9,9,CGTTTTGAAGCGTACTACAC,0,5001944
yjbJ_predicted,0.1,9,9,CGTGAGACAACGGCCTCTTC,0,4998360
yjbJ_predicted,0.1,9,9,CGTCTACCAGCAGAGTACTG,0,5002915
yjbJ_predicted,0.1,9,9,CGTATGCGCATAAGTTCCAA,0,5002409
yjbJ_predicted,0.1,9,9,CGTACGTCTCGACACCGCTC,0,5002356
yjbJ_predicted,0.1,9,9,CGGGTTGTATATGAGAGGTT,0,5019691
yjbJ_predicted,0.1,9,9,CGGGCGGTTGGAGGGTGATA,0,5002623
yjbJ_predicted,0.1,9,9,CGGGCAAGGTACATTTCGCA,0,5008395
yjbJ_predicted,0.1,9,9,CGGATGAGCCAGCCACTACC,0,5028610
yjbJ_predicted,0.1,9,9,CGGAGATGTTTAAGGTTCAA,0,4996023
yjbJ_predicted,0.1,9,9,CGGAATTTAAAACTATATGT,0,4995706
yjbJ_predicted,0.1,9,9,CGCTTCAGCGGGCAGCCATG,0,5019473
yjbJ_predicted,0.1,9,9,CGCTCCCATTCATATACGCT,0,5011575
yjbJ_predicted,0.1,9,9,CGCGCTTTCGTGGAACATGA,0,4998349
yjbJ_predicted,0.1,9,9,CGCGCATTGGTGGCTTCACG,0,5014583
yjbJ_predicted,0.1,9,9,CGCCTGGTGTACCAGGGGTT,0,5000637
yjbJ_predicted,0.1,9,9,CGCCACTTAGACGAAGTTGA,0,5008485
yjbJ_predicted,0.1,9,9,CGCACTATCGGCCTAATCGT,0,5030981
yjbJ_predicted,0.1,9,9,CGATAACGCATGTCTTTTGC,0,5015462
yjbJ_predicted,0.1,9,9,CGAGGGTCGTATCGGTTTGG,0,5012059
yjbJ_predicted,0.1,9,9,CGAGGCAGGGGCGGACCTGT,0,5008719
yjbJ_predicted,0.1,9,9,CGACGGCGGACACGGCAACA,0,5026009
yjbJ_predicted,0.1,9,9,CGACCGGTCGGTTAATAATC,0,4996172
yjbJ_predicted,0.1,9,9,CGACATCCTGGCAATTCCTT,0,5022252
yjbJ_predicted,0.1,9,9,CGAATACAGCCGACGTGGCG,0,5001904
yjbJ_predicted,0.1,9,9,CGAACTCTACACGGTCTATA,0,5020734
yjbJ_predicted,0.1,9,9,CGAACGGTTTTAAGTATCAG,0,5020206
yjbJ_predicted,0.1,9,9,CCTTAGGATACTAAGTCCAG,0,5010064
yjbJ_predicted,0.1,9,9,CCTCTATCCTGTGGATATCT,0,5004594
yjbJ_predicted,0.1,9,9,CCTCCTTGATCCGTCAACCT,0,5025231
yjbJ_predicted,0.1,9,9,CCGTGGCCCACAGCTATCGA,0,5016921
yjbJ_predicted,0.1,9,9,CCGTCCTATTGGGCAGGCTA,0,5030054
yjbJ_predicted,0.1,9,9,CCGGTTGATTATACCTAGCT,0,5006245
yjbJ_predicted,0.1,9,9,CCGGGGGTCTGCTCGATTTC,0,5002153
yjbJ_predicted,0.1,9,9,CCGGAGTGAGTATGGGTTGC,0,5022117
yjbJ_predicted,0.1,9,9,CCGCTGCCCAGCGTCTTAGA,0,5028382
yjbJ_predicted,0.1,9,9,CCGAGCCCAATCAATACCAC,0,4995053
yjbJ_predicted,0.1,9,9,CCGAATACCGAGCACATTTG,0,4999119
yjbJ_predicted,0.1,9,9,CCCCGTATCTCACTGGCCCC,0,5011456
yjbJ_predicted,0.1,9,9,CCCCAGGGGCGACGGCTGCT,0,5019883
yjbJ_predicted,0.1,9,9,CCCCACCACAGGCGAAACTA,0,5008695
yjbJ_predicted,0.1,9,9,CCCAGACTACTCGAAACTGG,0,5025332
yjbJ_predicted,0.1,9,9,CCAGAGTCCCCTGGGAAGGA,0,5012136
yjbJ_predicted,0.1,9,9,CCAGAGCATCTACTAAGGCA,0,5027598
yjbJ_predicted,0.1,9,9,CCAGAAGACTCGAGTGTGCG,0,5031057
yjbJ_predicted,0.1,9,9,CCACTAGCGCGTAACTGGTT,0,5022470
yjbJ_predicted,0.1,9,9,CCACGGGAGATTGGTTCATA,0,5010911
yjbJ_predicted,0.1,9,9,CCAAATCCCACTAGGCTGTA,0,4999713
yjbJ_predicted,0.1,9,9,CCAAACGTCATTTCTCGCGT,0,5018908
yjbJ_predicted,0.1,9,9,CATTGCTCACTAGCATCAGG,0,5023836
yjbJ_predicted,0.1,9,9,CATGTGATTCGTAGAAGGCG,0,4997595
yjbJ_predicted,0.1,9,9,CATATGTTCGATTATTACTC,0,5004382
yjbJ_predicted,0.1,9,9,CATAGAGTAACAGAAAGCTG,0,4997277
yjbJ_predicted,0.1,9,9,CATACTTCAGACGAACCCGC,0,5004332
yjbJ_predicted,0.1,9,9,CAGTTTACTCCAGGGTCGAT,0,4998465
yjbJ_predicted,0.1,9,9,CAGTTCGTTGAAAGACACCG,0,5018798
yjbJ_predicted,0.1,9,9,CAGTTAACGCATGATATTTC,0,5018003
yjbJ_predicted,0.1,9,9,CAGTGTTGCGTTAGGACGGC,0,5013742
yjbJ_predicted,0.1,9,9,CAGTGCTGCTATGGCACCTA,0,5001243
yjbJ_predicted,0.1,9,9,CAGTAGTCCAATTAAATTTA,0,5004214
yjbJ_predicted,0.1,9,9,CAGGTCCCAATCAACTCGGA,0,5004792
yjbJ_predicted,0.1,9,9,CACTGTATTGGCTGTACCCG,0,5008027
yjbJ_predicted,0.1,9,9,CACGGTGGAAATGTGTACGG,0,5026705
yjbJ_predicted,0.1,9,9,CACCGTTGATCCAACACATC,0,5013101
yjbJ_predicted,0.1,9,9,CAATTTGTAGGGTGTACCCC,0,5004623
yjbJ_predicted,0.1,9,9,CAATCTACAGGTGTAGATAT,0,4999335
yjbJ_predicted,0.1,9,9,CAATCCGGATTACGTGCAGG,0,5015929
yjbJ_predicted,0.1,9,9,CAATATCGGTGTTAAGCCCT,0,5022628
yjbJ_predicted,0.1,9,9,CAAGTGGACTGCGCACCGCG,0,5022598
yjbJ_predicted,0.1,9,9,CAAGGTAGCGTGGACATCAA,0,5008041
yjbJ_predicted,0.1,9,9,CAACGGAATGATAAACACAG,0,5017092
yjbJ_predicted,0.1,9,9,ATTTGGGACACAAAGGGTCG,0,5018542
yjbJ_predicted,0.1,9,9,ATTTCGAGAAGAACCTAAGT,0,5001915
yjbJ_predicted,0.1,9,9,ATTGTTCATACCTCTTGGAT,0,5017786
yjbJ_predicted,0.1,9,9,ATTGTGTTGTGGATGATCAT,0,5010269
yjbJ_predicted,0.1,9,9,ATTGAGAGACGTTCCGTTGT,0,5001149
yjbJ_predicted,0.1,9,9,ATTGACGGGAGAAGGGGCTT,0,5030849
yjbJ_predicted,0.1,9,9,ATTCGGTCTCGTCTATTGTG,0,5028201
yjbJ_predicted,0.1,9,9,ATTCGGGGTGAAACCAGCTG,0,5010267
yjbJ_predicted,0.1,9,9,ATTATGACTGCCACCCGAGT,0,5029403
yjbJ_predicted,0.1,9,9,ATGTAGCCGGGCAGCGAGAG,0,5022849
yjbJ_predicted,0.1,9,9,ATGGACCCCGTGCAGTTATG,0,5020803
yjbJ_predicted,0.1,9,9,ATGCGTGACGGGATGGCATT,0,5014182
yjbJ_predicted,0.1,9,9,ATGCCGCCCAGGTGACTCTC,0,4996113
yjbJ_predicted,0.1,9,9,ATGCCAAGCCTTAACAGATC,0,5017812
yjbJ_predicted,0.1,9,9,ATCTCACCAGCGACAACAGT,0,5018443
yjbJ_predicted,0.1,9,9,ATCGCACATGACTACACTTC,0,5003204
yjbJ_predicted,0.1,9,9,ATCGAGTATGGTGTGATAAT,0,5005348
yjbJ_predicted,0.1,9,9,ATCGAGCACAGTGGCGGCCT,0,5013147
yjbJ_predicted,0.1,9,9,ATCCTGGGAAAGGGCTGACC,0,5005894
yjbJ_predicted,0.1,9,9,ATCCCAGCTTCGGTCAATCT,0,5009286
yjbJ_predicted,0.1,9,9,ATCAGGTGTCTTTGCGAGAC,0,5006712
yjbJ_predicted,0.1,9,9,ATCACGGGGGTACGGTGTGG,0,5004759
yjbJ_predicted,0.1,9,9,ATCAATCAGCGGTTCAAGCA,0,5014960
yjbJ_predicted,0.1,9,9,ATATCCTCCGGGCTCATCTA,0,5021501
yjbJ_predicted,0.1,9,9,ATATATGAGATCCTTTTAAA,0,5012151
yjbJ_predicted,0.1,9,9,ATATACATTCTTTAGTAACC,0,5014179
yjbJ_predicted,0.1,9,9,ATAGGGATCGAAAATCGATA,0,5021195
yjbJ_predicted,0.1,9,9,ATACGTACCATGGGGAGTAC,0,5025473
yjbJ_predicted,0.1,9,9,ATAAGCAGCGGCATTTTCTC,0,5022021
yjbJ_predicted,0.1,9,9,ATAAAGAATGGGTTCCTCGG,0,4997701
yjbJ_predicted,0.1,9,9,AGTGTTAGCACACTCACCGT,0,5022692
yjbJ_predicted,0.1,9,9,AGTGTGGAGCTCATGCTGGT,0,5003140
yjbJ_predicted,0.1,9,9,AGTGCATTCTTTCATAAGTA,0,5028339
yjbJ_predicted,0.1,9,9,AGTCTCTTACCCGTCAGGAA,0,5008792
yjbJ_predicted,0.1,9,9,AGTCTCTCATGACATACATG,0,4998090
yjbJ_predicted,0.1,9,9,AGTCAAGATCGCAATAGTGT,0,5017239
yjbJ_predicted,0.1,9,9,AGTACCCGTTTAAGTGGCAG,0,5014343
yjbJ_predicted,0.1,9,9,AGGTTTTCCCAGGATAGTAG,0,5012268
yjbJ_predicted,0.1,9,9,AGGTTATTATCTGGTTAGGC,0,5027845
yjbJ_predicted,0.1,9,9,AGGTTAGTGCTGGCGGCATG,0,5028183
yjbJ_predicted,0.1,9,9,AGGTGGCAGATTTAGTTTGG,0,4999901
yjbJ_predicted,0.1,9,9,AGGTACCTCAGGACGGTAAA,0,5010836
yjbJ_predicted,0.1,9,9,AGGGCGCCTTCAGTGGATAT,0,5025373
yjbJ_predicted,0.1,9,9,AGGGATGGGGTCAGGGCAAC,0,5019785
yjbJ_predicted,0.1,9,9,AGGCTTTAGTTGAGATCAAA,0,5022132
yjbJ_predicted,0.1,9,9,AGGCAGGAACATTGTCCGTG,0,5009568
yjbJ_predicted,0.1,9,9,AGGCAACCCCGGTTTTTTTT,0,5023302
yjbJ_predicted,0.1,9,9,AGCTTGAAGCAGATCACGAA,0,5010336
yjbJ_predicted,0.1,9,9,AGATTCCCGTGATATAAAGC,0,5027932
yjbJ_predicted,0.1,9,9,AGATGATCTTCTAAGTCGGG,0,5018726
yjbJ_predicted,0.1,9,9,AGATACGCGTGAGGGGTTTC,0,4998011
yjbJ_predicted,0.1,9,9,ACTGTCCTGTGGTATCTCAA,0,5016448
yjbJ_predicted,0.1,9,9,ACTCAACTTTTACTCGTATC,0,4997358
yjbJ_predicted,0.1,9,9,ACTCAACGAGCCACCTAACT,0,5009884
yjbJ_predicted,0.1,9,9,ACTATACGGGGCATTCCGGT,0,5010101
yjbJ_predicted,0.1,9,9,ACTAGGTGCTTACGTTGGAT,0,5007995
yjbJ_predicted,0.1,9,9,ACTAGGGCGGGGCAGCGGGT,0,5022165
yjbJ_predicted,0.1,9,9,ACTAATGCTGAACGCAAGCA,0,5002946
yjbJ_predicted,0.1,9,9,ACGTGTTTCTATGTTGCCGT,0,5019163
yjbJ_predicted,0.1,9,9,ACGGTAGTATCCAACGTAGC,0,5023878
yjbJ_predicted,0.1,9,9,ACGGGGGGGCCACGGACATC,0,4996413
yjbJ_predicted,0.1,9,9,ACGGGCCTCACAAGTGATAT,0,5015406
yjbJ_predicted,0.1,9,9,ACGGCTGCGGCTGACAGGGT,0,5004736
yjbJ_predicted,0.1,9,9,ACGGCGCAGGTAAGGCACGA,0,5030728
yjbJ_predicted,0.1,9,9,ACGCTGCGGATCGATCGCAT,0,5018361
yjbJ_predicted,0.1,9,9,ACGAGGTTCGTCAAAGGGAA,0,5030115
yjbJ_predicted,0.1,9,9,ACGACACGCGTGGTGTTTAC,0,5010028
yjbJ_predicted,0.1,9,9,ACCTGTTTGAGAGATTTTTG,0,5003301
yjbJ_predicted,0.1,9,9,ACCTGACCGGCGATGTGCTC,0,5029908
yjbJ_predicted,0.1,9,9,ACCTAAATCTTCGATTAGAT,0,5009312
yjbJ_predicted,0.1,9,9,ACCGGTCCCAACGTGCTGAC,0,5027908
yjbJ_predicted,0.1,9,9,ACCCGTCGGTCGAGTTTATA,0,5023698
yjbJ_predicted,0.1,9,9,ACCAGCTGTGTCGGCTCGCA,0,5008291
yjbJ_predicted,0.1,9,9,ACCAATATTTATGGATCTTC,0,5016338
yjbJ_predicted,0.1,9,9,ACATTACCCCGCAGTACGCG,0,5008946
yjbJ_predicted,0.1,9,9,ACATGACAAGGTCACCCTTG,0,5017340
yjbJ_predicted,0.1,9,9,ACATATTGGAATAATAGTGC,0,5017083
yjbJ_predicted,0.1,9,9,ACAGTTGGAACGCTCATCAA,0,5000738
yjbJ_predicted,0.1,9,9,ACAGTTCCTCACGTTGGGGA,0,5005681
yjbJ_predicted,0.1,9,9,ACAGTCTCCCCTTAAGGTGT,0,4995726
yjbJ_predicted,0.1,9,9,ACAGGGCATGGTGCCTCGTG,0,5007508
yjbJ_predicted,0.1,9,9,ACAGAGTCGGTGGCCATTCT,0,5020384
yjbJ_predicted,0.1,9,9,ACAGACTCTGTTTTTCCGCT,0,5012058
yjbJ_predicted,0.1,9,9,ACACTGCTTAGCCAAGACTC,0,5005980
yjbJ_predicted,0.1,9,9,ACACGGATCGGTCGGCAGTA,0,4996948
yjbJ_predicted,0.1,9,9,ACAATGGCGTAGGACGTTAT,0,5009590
yjbJ_predicted,0.1,9,9,ACAACAAATGGAGCCGGTCA,0,5010337
yjbJ_predicted,0.1,9,9,AATTATTGCGGAGGTCCAAT,0,5004673
yjbJ_predicted,0.1,9,9,AATTAAGTCACATTGCGTAC,0,4996723
yjbJ_predicted,0.1,9,9,AATGGTTGCCCTTTTTCTTG,0,5002605
yjbJ_predicted,0.1,9,9,AATGGGTGTGGGTACGTGAA,0,5027088
yjbJ_predicted,0.1,9,9,AATGGCCTGGAGGCTTCTCC,0,5021656
yjbJ_predicted,0.1,9,9,AATGATGTGGGACCGACCAG,0,4996524
yjbJ_predicted,0.1,9,9,AATGACGCTAGGCCTAGAAG,0,5002656
yjbJ_predicted,0.1,9,9,AATGAAGGAGGCCATGTCAT,0,5025619
yjbJ_predicted,0.1,9,9,AATCTCTAGGCTGCTCGCAA,0,5021311
yjbJ_predicted,0.1,9,9,AATATGCAACCGGAAGGGAA,0,5023481
yjbJ_predicted,0.1,9,9,AAGTTCGTCGGGGCCGTCCC,0,5002416
yjbJ_predicted,0.1,9,9,AAGTGATGTGCGGATGGGTC,0,5006332
yjbJ_predicted,0.1,9,9,AAGTCTGCACCCTTTTGTCA,0,5002758
yjbJ_predicted,0.1,9,9,AAGTCCCGGATACGTTCCTA,0,5027018
yjbJ_predicted,0.1,9,9,AAGTAGTTCGCTGATGATAT,0,5017906
yjbJ_predicted,0.1,9,9,AAGGTCAAGGCTTGTAATTA,0,5025672
yjbJ_predicted,0.1,9,9,AAGCGAGTGTTCGTGTCGGT,0,5010858
yjbJ_predicted,0.1,9,9,AACGTCTTGTCGCTACGCAA,0,5028309
yjbJ_predicted,0.1,9,9,AACGAGATATCTTTCTCGAG,0,5022850
yjbJ_predicted,0.1,9,9,AACCACAATTCGGGAATAGC,0,5030669
yjbJ_predicted,0.1,9,9,AAAATGCAGAATTATAAGTG,0,4995582
yjbJ_predicted,0.1111111111111111,8,8,TTTTTGTGGGTGAGGATTTG,0,5023449
yjbJ_predicted,0.1111111111111111,8,8,TTTTGATAGTGGCCGGTGGC,0,5012702
yjbJ_predicted,0.1111111111111111,8,8,TTTGTGCTGTTAGTTATTTG,0,5002883
yjbJ_predicted,0.1111111111111111,8,8,TTTGGGATTTCGTGACGGAA,0,5018683
yjbJ_predicted,0.1111111111111111,8,8,TTTCTCTGCGTTGGTCAGGG,0,5011676
yjbJ_predicted,0.1111111111111111,8,8,TTGGATGTTTGTCATCCAGA,0,5029489
yjbJ_predicted,0.1111111111111111,8,8,TTGGAAATAAACACTTTTCC,0,5029146
yjbJ_predicted,0.1111111111111111,8,8,TTGCGAGGGATCCGGATGAC,0,5004962
yjbJ_predicted,0.1111111111111111,8,8,TTGCCTTCCCCCGTCTTTGG,0,5012915
yjbJ_predicted,0.1111111111111111,8,8,TTGACAACTTTGCCGGACAT,0,5008397
yjbJ_predicted,0.1111111111111111,8,8,TTGAAGTCAGTCCTCGTGTT,0,5012700
yjbJ_predicted,0.1111111111111111,8,8,TTGAAGTCAGCCGCACGGAG,0,5013535
yjbJ_predicted,0.1111111111111111,8,8,TTCTTTGAAATGTAAGTGGG,0,4995540
yjbJ_predicted,0.1111111111111111,8,8,TTCTGCTCCCTGACCGTTCG,0,5024977
yjbJ_predicted,0.1111111111111111,8,8,TTCGTCCGCTCGTCAGACGG,0,5017191
yjbJ_predicted,0.1111111111111111,8,8,TTCGCCTTGTCTGCAAAAAT,0,5003218
yjbJ_predicted,0.1111111111111111,8,8,TTCCTCGACAGCTTCGCCTG,0,5009523
yjbJ_predicted,0.1111111111111111,8,8,TTCCCTTAGAACTCCGTCCC,0,4997039
yjbJ_predicted,0.1111111111111111,8,8,TTCCCTATAATGGAAAACGG,0,5008956
yjbJ_predicted,0.1111111111111111,8,8,TTCAGATCATGTTAAAGTGG,0,5024313
yjbJ_predicted,0.1111111111111111,8,8,TTCAATGGATGTTTTTGGCC,0,5003381
yjbJ_predicted,0.1111111111111111,8,8,TTCAACGAAGGGCAGAGTAT,0,4996518
yjbJ_predicted,0.1111111111111111,8,8,TTCAACCGCGGTCACTCATC,0,5006307
yjbJ_predicted,0.1111111111111111,8,8,TTATTATCGGTGGGTCAGGA,0,5016300
yjbJ_predicted,0.1111111111111111,8,8,TTATGGATCTACGTAAAATA,0,5000248
yjbJ_predicted,0.1111111111111111,8,8,TTAATTACCGCATTGGAAGT,0,5003171
yjbJ_predicted,0.1111111111111111,8,8,TTAATGACCTTGTGCCAGAA,0,5014492
yjbJ_predicted,0.1111111111111111,8,8,TTAAACGTGGTGACTGAGGG,0,5025062
yjbJ_predicted,0.1111111111111111,8,8,TGTGATTCTGATGCCAGTGT,0,4998887
yjbJ_predicted,0.1111111111111111,8,8,TGTCGGCTAACTTTTCCATG,0,5006585
yjbJ_predicted,0.1111111111111111,8,8,TGTCGATATTTGGGCTTGCA,0,5011678
yjbJ_predicted,0.1111111111111111,8,8,TGTCAGCTGGACGTTGTCGT,0,5014539
yjbJ_predicted,0.1111111111111111,8,8,TGTCAATGTGATTTTTGAGA,0,5006985
yjbJ_predicted,0.1111111111111111,8,8,TGTATAACCCTCTCATCATA,0,5029372
yjbJ_predicted,0.1111111111111111,8,8,TGTACGTAAGTCTTGCGTGT,0,5023214
yjbJ_predicted,0.1111111111111111,8,8,TGTACACTTGAGGTCCGGGG,0,5008938
yjbJ_predicted,0.1111111111111111,8,8,TGTACAACCGTCACGAGTAA,0,5000843
yjbJ_predicted,0.1111111111111111,8,8,TGTAAGAGTTTTCCAGTGCT,0,5029378
yjbJ_predicted,0.1111111111111111,8,8,TGGGGCTGACGGGACGTGAC,0,5023101
yjbJ_predicted,0.1111111111111111,8,8,TGGGACCTACTAGGCTATCA,0,5015330
yjbJ_predicted,0.1111111111111111,8,8,TGGCATCAGAAACCAACATA,0,4996633
yjbJ_predicted,0.1111111111111111,8,8,TGGCACAGGGGTACACGCTC,0,5018560
yjbJ_predicted,0.1111111111111111,8,8,TGGAGGGGGGGTTATAATCC,0,5023398
yjbJ_predicted,0.1111111111111111,8,8,TGGAAGATTTGGTTCCTACC,0,5016177
yjbJ_predicted,0.1111111111111111,8,8,TGGAACTACCGAGACTTGGT,0,5026417
yjbJ_predicted,0.1111111111111111,8,8,TGCTTTGGCGTGATGAGTCT,0,5013936
yjbJ_predicted,0.1111111111111111,8,8,TGCTCGAGATACATTTGATC,0,5017893
yjbJ_predicted,0.1111111111111111,8,8,TGCCGATTTAAATATTAAAT,0,4994710
yjbJ_predicted,0.1111111111111111,8,8,TGCCCATGCAGGTACCCTCG,0,5016600
yjbJ_predicted,0.1111111111111111,8,8,TGCAGTTACTGGATCTACCT,0,5028855
yjbJ_predicted,0.1111111111111111,8,8,TGCACGACATTATCCAAGGG,0,4995671
yjbJ_predicted,0.1111111111111111,8,8,TGATTTGAGACGAACAGCGG,0,5000114
yjbJ_predicted,0.1111111111111111,8,8,TGATTGCCATCCTCCTAATC,0,5000948
yjbJ_predicted,0.1111111111111111,8,8,TGATGAGGCGTCATTACAAA,0,5001657
yjbJ_predicted,0.1111111111111111,8,8,TGATACATTAGCCATTCTGT,0,5016359
yjbJ_predicted,0.1111111111111111,8,8,TGAGGGCCGTTGGACCAATA,0,5006042
yjbJ_predicted,0.1111111111111111,8,8,TGACTTTCACGTAACGGGTT,0,5003309
yjbJ_predicted,0.1111111111111111,8,8,TGACTTCTGATTTGCGTATG,0,5011279
yjbJ_predicted,0.1111111111111111,8,8,TGACTTCAGAGGACCGGGAG,0,5014506
yjbJ_predicted,0.1111111111111111,8,8,TGAACCTGCCTGACCTGTTT,0,5014181
yjbJ_predicted,0.1111111111111111,8,8,TGAAATTCCTACTTCAAACG,0,5004426
yjbJ_predicted,0.1111111111111111,8,8,TGAAATACCTTTAAGCAGTG,0,5028615
yjbJ_predicted,0.1111111111111111,8,8,TCTTTGAGCCGATATTTATA,0,5014497
yjbJ_predicted,0.1111111111111111,8,8,TCTTCCGGATGTTGGACCGG,0,5011298
yjbJ_predicted,0.1111111111111111,8,8,TCTGTATTGGCAACCATTTC,0,5011212
yjbJ_predicted,0.1111111111111111,8,8,TCTCGCTAAAAAACTCTGGG,0,5003360
yjbJ_predicted,0.1111111111111111,8,8,TCTCATCGCCGTGATTCAAC,0,5012928
yjbJ_predicted,0.1111111111111111,8,8,TCGGGACGAGGTAACGGTTG,0,5008639
yjbJ_predicted,0.1111111111111111,8,8,TCGGCGATATCAGTCGATGT,0,5020460
yjbJ_predicted,0.1111111111111111,8,8,TCGCTATGACATAGCGCTGT,0,5006203
yjbJ_predicted,0.1111111111111111,8,8,TCGCGGTGCCATCGAAAAGA,0,5024285
yjbJ_predicted,0.1111111111111111,8,8,TCCTTTCAGAGTGAGACAAT,0,5013516
yjbJ_predicted,0.1111111111111111,8,8,TCCGCATTTCATTGCAATCA,0,4997157
yjbJ_predicted,0.1111111111111111,8,8,TCCCCGCCCACGATAAGTAA,0,5026538
yjbJ_predicted,0.1111111111111111,8,8,TCCATGAGTTCTACACAGAA,0,5000945
yjbJ_predicted,0.1111111111111111,8,8,TCCATACACTCGTAGGTACC,0,5021959
yjbJ_predicted,0.1111111111111111,8,8,TCCACTGCAAGAGAACTCCA,0,5012074
yjbJ_predicted,0.1111111111111111,8,8,TCCAAGGAAACTCCTGAAGC,0,5000583
yjbJ_predicted,0.1111111111111111,8,8,TCATGTATTCTCCTGCATCT,0,4998273
yjbJ_predicted,0.1111111111111111,8,8,TCATCTCCTCAGCGTAACGT,0,5018352
yjbJ_predicted,0.1111111111111111,8,8,TCAGGCGAGATCTAGTCACG,0,5024819
yjbJ_predicted,0.1111111111111111,8,8,TCAGAAGCTCCCCAGGCGAC,0,4997356
yjbJ_predicted,0.1111111111111111,8,8,TATGTACCGAACACCTCGAC,0,5009057
yjbJ_predicted,0.1111111111111111,8,8,TATCACCCGAACGAGATGCC,0,5028972
yjbJ_predicted,0.1111111111111111,8,8,TATACTTGCCGGACTATGGG,0,5009031
yjbJ_predicted,0.1111111111111111,8,8,TATAATTCCCAATCATCATC,0,5002403
yjbJ_predicted,0.1111111111111111,8,8,TAGGTAGCTAGCCTCAGGTA,0,5008374
yjbJ_predicted,0.1111111111111111,8,8,TAGGCGTTCAGCCGTGCGTA,0,5009379
yjbJ_predicted,0.1111111111111111,8,8,TAGGCCCGGAGGGTTCTGAG,0,5003307
yjbJ_predicted,0.1111111111111111,8,8,TAGATCCAACTGTACGCCGG,0,5008541
yjbJ_predicted,0.1111111111111111,8,8,TAGAGCGATCTCCTGGTGGT,0,4996261
yjbJ_predicted,0.1111111111111111,8,8,TACGCTTGCAGCTTTTCAGG,0,5022196
yjbJ_predicted,0.1111111111111111,8,8,TACGCCACTGGACCGGAAGA,0,5001124
yjbJ_predicted,0.1111111111111111,8,8,TAATTGACACTATTGCGCTG,0,5029766
yjbJ_predicted,0.1111111111111111,8,8,TAACTGGCGGGGGGCCTGGT,0,5016298
yjbJ_predicted,0.1111111111111111,8,8,TAACGGACTCGAAATAATTC,0,4999400
yjbJ_predicted,0.1111111111111111,8,8,TAACATCCTGGTTTGAATGT,0,5004243
yjbJ_predicted,0.1111111111111111,8,8,TAAAGTTACAGGGAGTGAAG,0,4999701
yjbJ_predicted,0.1111111111111111,8,8,GTTTGTCTGCATTGGATGCG,0,5005652
yjbJ_predicted,0.1111111111111111,8,8,GTTGTAGACCGGTAACTATT,0,5005867
yjbJ_predicted,0.1111111111111111,8,8,GTTAGCCGAAAAGATTTCGG,0,4999855
yjbJ_predicted,0.1111111111111111,8,8,GTGGATGCTGGTTGATATGA,0,5027914
yjbJ_predicted,0.1111111111111111,8,8,GTGCTAAACCACCCGGGAGT,0,5018453
yjbJ_predicted,0.1111111111111111,8,8,GTGCAAGCGCATCGCGGGTG,0,5020198
yjbJ_predicted,0.1111111111111111,8,8,GTCTCATGGGCCTCTCTCAA,0,5000260
yjbJ_predicted,0.1111111111111111,8,8,GTCGTAAAGGTGACATGTTG,0,5016850
yjbJ_predicted,0.1111111111111111,8,8,GTCCAGGGTCAGGCGACATC,0,5012991
yjbJ_predicted,0.1111111111111111,8,8,GTCAGCACACGAATAAGGCA,0,5031028
yjbJ_predicted,0.1111111111111111,8,8,GTCACAATGGGCCAACCAAA,0,5031210
yjbJ_predicted,0.1111111111111111,8,8,GTCAAAGTATGTGCTCATGG,0,5023027
yjbJ_predicted,0.1111111111111111,8,8,GTAGCCTAATTACGGTTAAT,0,5006969
yjbJ_predicted,0.1111111111111111,8,8,GTAGCAATTTGCAAACGCAG,0,5026628
yjbJ_predicted,0.1111111111111111,8,8,GTAGACCGTGGTTCTCAGAA,0,5014782
yjbJ_predicted,0.1111111111111111,8,8,GTACTGCGTGGTCATCTTTC,0,5002768
yjbJ_predicted,0.1111111111111111,8,8,GTACTCCTTGTGTGCCAAAT,0,5011453
yjbJ_predicted,0.1111111111111111,8,8,GTACGTGGGATCTCAAGAAA,0,5002474
yjbJ_predicted,0.1111111111111111,8,8,GTACGAGTCCTATTTCTTAG,0,5005870
yjbJ_predicted,0.1111111111111111,8,8,GTAAGCAAGAATATTACATA,0,5005984
yjbJ_predicted,0.1111111111111111,8,8,GGTTTTTCTGCGGACTGACT,0,5004136
yjbJ_predicted,0.1111111111111111,8,8,GGTTGTGCCACGACTTTTGG,0,5012965
yjbJ_predicted,0.1111111111111111,8,8,GGTATCCATTTTAGTGAAAC,0,5015975
yjbJ_predicted,0.1111111111111111,8,8,GGTATAGGGATGCTTTCTGA,0,5008994
yjbJ_predicted,0.1111111111111111,8,8,GGTAGCTCTTCAAGGGTTGT,0,5015583
yjbJ_predicted,0.1111111111111111,8,8,GGGTTTCTGTCTTCCAGTCC,0,4995510
yjbJ_predicted,0.1111111111111111,8,8,GGGGTGCAAGGTGTCTCGGA,0,5017260
yjbJ_predicted,0.1111111111111111,8,8,GGGGTCGCACGCAGGTTCTG,0,5019937
yjbJ_predicted,0.1111111111111111,8,8,GGGGTCCAGCCCATTTCCTA,0,5022750
yjbJ_predicted,0.1111111111111111,8,8,GGGGTAACCATAACCAGTTA,0,5028129
yjbJ_predicted,0.1111111111111111,8,8,GGGGCAGCTTTGTATCCTAA,0,5022545
yjbJ_predicted,0.1111111111111111,8,8,GGGGCAAGTTCACGGCGCTA,0,4998148
yjbJ_predicted,0.1111111111111111,8,8,GGGGATGTAGTGGGGGGTTT,0,5017406
yjbJ_predicted,0.1111111111111111,8,8,GGGGACAAAGCAACAGTTCT,0,5001754
yjbJ_predicted,0.1111111111111111,8,8,GGGCCATGTCCTCCCCTTAG,0,5009071
yjbJ_predicted,0.1111111111111111,8,8,GGGCAAGATATGGCAATAAC,0,5019523
yjbJ_predicted,0.1111111111111111,8,8,GGGAGGGACGCATCTCCAGC,0,5008034
yjbJ_predicted,0.1111111111111111,8,8,GGCGTGGACCGGGATGGATG,0,5012856
yjbJ_predicted,0.1111111111111111,8,8,GGCGGATTGACTCTCAACAC,0,5014502
yjbJ_predicted,0.1111111111111111,8,8,GGCCTGAGTCAGAGAGAATA,0,4998237
yjbJ_predicted,0.1111111111111111,8,8,GGCATACGGAAGATGCACAA,0,5025912
yjbJ_predicted,0.1111111111111111,8,8,GGATACGCATGGGGGACCGT,0,5019346
yjbJ_predicted,0.1111111111111111,8,8,GGACACATGATCCTTTAGAT,0,5002894
yjbJ_predicted,0.1111111111111111,8,8,GGAAGGTAGTCTTTCAAAAA,0,5005690
yjbJ_predicted,0.1111111111111111,8,8,GGAAAGGCTGATTTTACAGC,0,4997362
yjbJ_predicted,0.1111111111111111,8,8,GGAAAAAGACTTTCTCCTCG,0,5023838
yjbJ_predicted,0.1111111111111111,8,8,GCTTTATACGTCGGATCATA,0,5029322
yjbJ_predicted,0.1111111111111111,8,8,GCTTGGTTGTGTGAATTGCT,0,5003297
yjbJ_predicted,0.1111111111111111,8,8,GCTGTTTACGTGCCTCCAAG,0,4999022
yjbJ_predicted,0.1111111111111111,8,8,GCTGGCTACCTAGCGAGGAC,0,5008277
yjbJ_predicted,0.1111111111111111,8,8,GCTACCCGGTTGTGTCTTTG,0,5011618
yjbJ_predicted,0.1111111111111111,8,8,GCGTTGTCGATCCTTCGTAT,0,5026353
yjbJ_predicted,0.1111111111111111,8,8,GCGTAATCCCTGGACATCCA,0,5007672
yjbJ_predicted,0.1111111111111111,8,8,GCGCTCGCAAAACCGATAGC,0,5021937
yjbJ_predicted,0.1111111111111111,8,8,GCGCATAGGAGCCACGCGTC,0,5010034
yjbJ_predicted,0.1111111111111111,8,8,GCGAGTATCCGCACCAGTTC,0,5016302
yjbJ_predicted,0.1111111111111111,8,8,GCGAGATAACCCGTAGGAGT,0,5019061
yjbJ_predicted,0.1111111111111111,8,8,GCCTATAAAGGACATGACCC,0,5027605
yjbJ_predicted,0.1111111111111111,8,8,GCCGTGTCGGATTATAGATT,0,5014572
yjbJ_predicted,0.1111111111111111,8,8,GCCCTTGAGCGGGCGAGGTT,0,5013398
yjbJ_predicted,0.1111111111111111,8,8,GCCCGAGGGCCTGGAGCTGA,0,5024001
yjbJ_predicted,0.1111111111111111,8,8,GCCCCGAAGCTCTTTAACGT,0,5022781
yjbJ_predicted,0.1111111111111111,8,8,GCCAGTTGACATCATAAGTA,0,4999819
yjbJ_predicted,0.1111111111111111,8,8,GCAGGTAGCGATGGACTTTC,0,4995058
yjbJ_predicted,0.1111111111111111,8,8,GCAGGGAATACTGAAGGCAT,0,5019161
yjbJ_predicted,0.1111111111111111,8,8,GCAGCCTCCACTCTATGCTT,0,5007340
yjbJ_predicted,0.1111111111111111,8,8,GCACTAATCTTTCCAATCCG,0,4998132
yjbJ_predicted,0.1111111111111111,8,8,GCACGCGGTGAGGAGATGAT,0,4999438
yjbJ_predicted,0.1111111111111111,8,8,GCAAGGGCATACTTGCACTT,0,5013041
yjbJ_predicted,0.1111111111111111,8,8,GCAAGAATCCACCCCATGGA,0,4997567
yjbJ_predicted,0.1111111111111111,8,8,GCAACCATGCGGATATTCCT,0,5017933
yjbJ_predicted,0.1111111111111111,8,8,GCAAACGAGAGTTCCTCTTT,0,5005434
yjbJ_predicted,0.1111111111111111,8,8,GATTTGAACCCTCTCTACTT,0,5008842
yjbJ_predicted,0.1111111111111111,8,8,GATTTAACAGTGATTTGCTA,0,5011081
yjbJ_predicted,0.1111111111111111,8,8,GATGATCTATTCCAAATACA,0,5018810
yjbJ_predicted,0.1111111111111111,8,8,GAGCTGTGCGAGTGAACTAT,0,5027698
yjbJ_predicted,0.1111111111111111,8,8,GACGTCATACCCCTGCTAGA,0,5014625
yjbJ_predicted,0.1111111111111111,8,8,GACCACCCAGCGGAAGCATT,0,5013110
yjbJ_predicted,0.1111111111111111,8,8,GAATTGCCCGATACCAAACA,0,4997743
yjbJ_predicted,0.1111111111111111,8,8,GAATTATCGGGAGGCTCATA,0,5020069
yjbJ_predicted,0.1111111111111111,8,8,GAATCTCTAAACACGGCTTA,0,5007947
yjbJ_predicted,0.1111111111111111,8,8,GAAGCTTATTTTAATAGGCG,0,5001145
yjbJ_predicted,0.1111111111111111,8,8,GAAATAGGGGTTGTGTAGAC,0,5030552
yjbJ_predicted,0.1111111111111111,8,8,GAAACCGTACTCCCGTACTT,0,5031267
yjbJ_predicted,0.1111111111111111,8,8,CTTTTGTCGGAGAAAGCGTG,0,5020457
yjbJ_predicted,0.1111111111111111,8,8,CTTTGGTCCAAGCAAATTAC,0,5015291
yjbJ_predicted,0.1111111111111111,8,8,CTTTGCAGTGTGAGGCACGG,0,5004278
yjbJ_predicted,0.1111111111111111,8,8,CTTTCTGTCAACAACCGTCC,0,5027153
yjbJ_predicted,0.1111111111111111,8,8,CTTTAGGACATTCCCTATGT,0,5021888
yjbJ_predicted,0.1111111111111111,8,8,CTTTACTGGTCAGGCCCAGG,0,5020205
yjbJ_predicted,0.1111111111111111,8,8,CTTCAAAGCAGATTGGTGCC,0,5029783
yjbJ_predicted,0.1111111111111111,8,8,CTTATAGGGGATACCTAGGT,0,4995438
yjbJ_predicted,0.1111111111111111,8,8,CTTAGAAGTGTAATGGATAG,0,5000932
yjbJ_predicted,0.1111111111111111,8,8,CTGTTTCATAATTTCTGGCA,0,4995275
yjbJ_predicted,0.1111111111111111,8,8,CTGTGTATTTAGTGCGTGAC,0,5012239
yjbJ_predicted,0.1111111111111111,8,8,CTGTGCCTGCCAACGGTTTC,0,5020162
yjbJ_predicted,0.1111111111111111,8,8,CTGTAACGGTTGGCAGGAGT,0,5005775
yjbJ_predicted,0.1111111111111111,8,8,CTGGACAGTAAAACATACTT,0,5024750
yjbJ_predicted,0.1111111111111111,8,8,CTCTGATTTTCCACCAAGGG,0,5025466
yjbJ_predicted,0.1111111111111111,8,8,CTCTCTCTTGCTACGAAACT,0,5009518
yjbJ_predicted,0.1111111111111111,8,8,CTCGTAGATTACAGTGTGAT,0,5010227
yjbJ_predicted,0.1111111111111111,8,8,CTCCTTCCGGTGTGCCGAGT,0,5007492
yjbJ_predicted,0.1111111111111111,8,8,CTCAAGACAGAGCAGTTTGT,0,5017448
yjbJ_predicted,0.1111111111111111,8,8,CTCAACGCAGCTTATCAACA,0,5030206
yjbJ_predicted,0.1111111111111111,8,8,CTATTGCCGGCAAAACTGAG,0,5021269
yjbJ_predicted,0.1111111111111111,8,8,CTATCGCACTAATTGAGGTC,0,5025317
yjbJ_predicted,0.1111111111111111,8,8,CTATCCAGACTTGCCTAAGC,0,5006089
yjbJ_predicted,0.1111111111111111,8,8,CTAGATCACCCCATCGGGGT,0,5024508
yjbJ_predicted,0.1111111111111111,8,8,CTACCCGGTCTGACCACCGA,0,5019917
yjbJ_predicted,0.1111111111111111,8,8,CTACATGTGCCCCCGCAGCT,0,5002652
yjbJ_predicted,0.1111111111111111,8,8,CTAATATCACACGCCCGCAT,0,4999415
yjbJ_predicted,0.1111111111111111,8,8,CTAATAAACTCTGGATTCAT,0,5023273
yjbJ_predicted,0.1111111111111111,8,8,CTAACCGATTAGCGTGTTCT,0,5012111
yjbJ_predicted,0.1111111111111111,8,8,CTAAACCGAATAGATACCGA,0,5017336
yjbJ_predicted,0.1111111111111111,8,8,CTAAACAACTATTCGATGTA,0,5014311
yjbJ_predicted,0.1111111111111111,8,8,CGTTGGAACGGCATTAGTCC,0,5013589
yjbJ_predicted,0.1111111111111111,8,8,CGTGTTGTAAGTAGGAAAAG,0,5003110
yjbJ_predicted,0.1111111111111111,8,8,CGTGTCTCTGCGGGAGGCCC,0,5024663
yjbJ_predicted,0.1111111111111111,8,8,CGTGTATATCTGGGCTGTTG,0,5015127
yjbJ_predicted,0.1111111111111111,8,8,CGTGGTCATCATCCATTGCG,0,5017587
yjbJ_predicted,0.1111111111111111,8,8,CGTGAGATATGGAGAACTTA,0,5001372
yjbJ_predicted,0.1111111111111111,8,8,CGTCTCTGCTGAAATGCAGA,0,4996688
yjbJ_predicted,0.1111111111111111,8,8,CGTCCTGTGCTCACCTTACT,0,4994847
yjbJ_predicted,0.1111111111111111,8,8,CGTCCTACGTGATCGGGAAA,0,4998442
yjbJ_predicted,0.1111111111111111,8,8,CGTATTAATCATAAAAGTAC,0,5007630
yjbJ_predicted,0.1111111111111111,8,8,CGTATCCATCCCCGATGAGT,0,5011350
yjbJ_predicted,0.1111111111111111,8,8,CGTAATTAGCTTTCTGGGCT,0,5015088
yjbJ_predicted,0.1111111111111111,8,8,CGTAAGTGCACAGTCTGACT,0,5013167
yjbJ_predicted,0.1111111111111111,8,8,CGGTATTCATGGAGCAGCGT,0,5020127
yjbJ_predicted,0.1111111111111111,8,8,CGGTACAGGTCCACATTATG,0,5003848
yjbJ_predicted,0.1111111111111111,8,8,CGGTAAAATTAGTCAACAGT,0,5009624
yjbJ_predicted,0.1111111111111111,8,8,CGGGCTCCACTTGACAGTCT,0,5018714
yjbJ_predicted,0.1111111111111111,8,8,CGGGAGCACTTGCCTTATCT,0,4996974
yjbJ_predicted,0.1111111111111111,8,8,CGGGAAAGGTTGAGCTGCCT,0,5006859
yjbJ_predicted,0.1111111111111111,8,8,CGGCTAATTTACCAATCTCG,0,5013582
yjbJ_predicted,0.1111111111111111,8,8,CGGCATAGTCATAGTGGGTA,0,5004785
yjbJ_predicted,0.1111111111111111,8,8,CGGCAGAGGCTCTTCTGTAG,0,5022361
yjbJ_predicted,0.1111111111111111,8,8,CGGATGCATATCATCGCTCA,0,5030821
yjbJ_predicted,0.1111111111111111,8,8,CGCTTCTAATTACTGGTTAC,0,5010618
yjbJ_predicted,0.1111111111111111,8,8,CGCTTAAACATCTCGTTTGA,0,5006543
yjbJ_predicted,0.1111111111111111,8,8,CGCTGGTCGTTTCCAGATAC,0,5007598
yjbJ_predicted,0.1111111111111111,8,8,CGCGGGGTCGAGCGGGACAG,0,4998658
yjbJ_predicted,0.1111111111111111,8,8,CGCGCCCGGTTCACCCTCAC,0,5022191
yjbJ_predicted,0.1111111111111111,8,8,CGCGATTTGTGCTTAACGAT,0,5014951
yjbJ_predicted,0.1111111111111111,8,8,CGCCTGTCGATCCCTACATA,0,5027821
yjbJ_predicted,0.1111111111111111,8,8,CGCCTGCGAGCCGATATAGA,0,5029671
yjbJ_predicted,0.1111111111111111,8,8,CGCCAGCTCATAAAGTCCAG,0,5028680
yjbJ_predicted,0.1111111111111111,8,8,CGATTAAGTTATGAGGATAA,0,5023480
yjbJ_predicted,0.1111111111111111,8,8,CGATCTCAGTCTACCTGACA,0,5007831
yjbJ_predicted,0.1111111111111111,8,8,CGAGGGCAATCTCGAGTCAC,0,4996056
yjbJ_predicted,0.1111111111111111,8,8,CGACCACACCGACAGGCTGG,0,5011684
yjbJ_predicted,0.1111111111111111,8,8,CGACAGGCCAACCATTCATT,0,5001661
yjbJ_predicted,0.1111111111111111,8,8,CGAATGTGTCCTATGTCGTC,0,5007973
yjbJ_predicted,0.1111111111111111,8,8,CCTTCTAACCAGCGCCATCA,0,5022464
yjbJ_predicted,0.1111111111111111,8,8,CCTTCGTGGCGTTCCGACTA,0,5008017
yjbJ_predicted,0.1111111111111111,8,8,CCTGTCTTTACGTCACAGTA,0,5020352
yjbJ_predicted,0.1111111111111111,8,8,CCTGCTACCCCAGGACCCAT,0,5009354
yjbJ_predicted,0.1111111111111111,8,8,CCGTTCATGTCGGGATTATG,0,4999929
yjbJ_predicted,0.1111111111111111,8,8,CCGTTAGATCTCCCTAATCC,0,5003522
yjbJ_predicted,0.1111111111111111,8,8,CCGGATTAATTAATGACCTT,0,5020222
yjbJ_predicted,0.1111111111111111,8,8,CCGATATGAAGTTTCTGCGA,0,4995024
yjbJ_predicted,0.1111111111111111,8,8,CCGAATTAGGCCAAGCCTTT,0,5002978
yjbJ_predicted,0.1111111111111111,8,8,CCCTTAAACGGTCTTGCACC,0,4996649
yjbJ_predicted,0.1111111111111111,8,8,CCCTCGTCTTTATTATGGAA,0,5015250
yjbJ_predicted,0.1111111111111111,8,8,CCCGTCTGATAGGCCTTTTG,0,4995367
yjbJ_predicted,0.1111111111111111,8,8,CCCATTGTACGCAGTGACAC,0,5000782
yjbJ_predicted,0.1111111111111111,8,8,CCCAGTTGTTCAACGGCAAC,0,5028567
yjbJ_predicted,0.1111111111111111,8,8,CCCAGGGCTACTATGGCCAT,0,5029750
yjbJ_predicted,0.1111111111111111,8,8,CCATTAACTTAGCCGCGCAT,0,5013788
yjbJ_predicted,0.1111111111111111,8,8,CCATGGTACTATCCTGCGGG,0,5013197
yjbJ_predicted,0.1111111111111111,8,8,CCAGTGTTTAACTCGCTGGA,0,5002361
yjbJ_predicted,0.1111111111111111,8,8,CCAGTCTAGTGTGGGACCAT,0,5029281
yjbJ_predicted,0.1111111111111111,8,8,CCACTACTACCACGGTCAGC,0,4999615
yjbJ_predicted,0.1111111111111111,8,8,CCAAGAAAACCCCCCATTTT,0,5024241
yjbJ_predicted,0.1111111111111111,8,8,CCAAAGTAGCCGGGAGTCGT,0,5017809
yjbJ_predicted,0.1111111111111111,8,8,CATTTCTCCTGCTGAACACT,0,5005956
yjbJ_predicted,0.1111111111111111,8,8,CATTGGTGATTTCGTTCCGA,0,5011232
yjbJ_predicted,0.1111111111111111,8,8,CATTAAGCATAGAGGGGCTC,0,5006033
yjbJ_predicted,0.1111111111111111,8,8,CATGTACGTCGTGTGACTTA,0,5007307
yjbJ_predicted,0.1111111111111111,8,8,CATCAAAGTCTCGTCCGCAG,0,5017394
yjbJ_predicted,0.1111111111111111,8,8,CATACGTCGGTTAAAAGCGT,0,5003281
yjbJ_predicted,0.1111111111111111,8,8,CAGTTGAGCGCTCGCGTTAT,0,5026465
yjbJ_predicted,0.1111111111111111,8,8,CAGGTCTATTTTCTGGGCAG,0,5018906
yjbJ_predicted,0.1111111111111111,8,8,CAGGTCGAGGACGCAGGCAA,0,5000165
yjbJ_predicted,0.1111111111111111,8,8,CAGGTCCCGAGGGGAATCCT,0,5000976
yjbJ_predicted,0.1111111111111111,8,8,CAGGGTTACGCTTCAATTCC,0,4996971
yjbJ_predicted,0.1111111111111111,8,8,CAGGCCATGGTCCTCAGAAC,0,5030953
yjbJ_predicted,0.1111111111111111,8,8,CAGCTAAGTAATCAGTTTGA,0,5012498
yjbJ_predicted,0.1111111111111111,8,8,CAGCGTCGAAGAATTAGTGT,0,5029470
yjbJ_predicted,0.1111111111111111,8,8,CAGCGTCAAGCCAGAGCAAT,0,5022263
yjbJ_predicted,0.1111111111111111,8,8,CAGATTCACTGTTGATCATA,0,5004023
yjbJ_predicted,0.1111111111111111,8,8,CAGAACCCGGGGCGCAAACG,0,5001219
yjbJ_predicted,0.1111111111111111,8,8,CAGAACCATGGACGGGTTGT,0,5009954
yjbJ_predicted,0.1111111111111111,8,8,CACGGGCTAGTATGTGTACC,0,4999035
yjbJ_predicted,0.1111111111111111,8,8,CACCGTGGATGCTGCCATGC,0,5007896
yjbJ_predicted,0.1111111111111111,8,8,CACCGTGGATAGCGGCGAGC,0,5027303
yjbJ_predicted,0.1111111111111111,8,8,CACCAATCATTATCGACTTC,0,5005321
yjbJ_predicted,0.1111111111111111,8,8,CACAGTACCTGGCCCTTTGC,0,5012552
yjbJ_predicted,0.1111111111111111,8,8,CACACTCACCTGCGTCACAT,0,5025287
yjbJ_predicted,0.1111111111111111,8,8,CACACGTGATTCAAGGGACA,0,5005955
yjbJ_predicted,0.1111111111111111,8,8,CAATTCCGTTTAGTGGCCAT,0,5015985
yjbJ_predicted,0.1111111111111111,8,8,CAATCTTTTTTTCCTGTCAC,0,5001564
yjbJ_predicted,0.1111111111111111,8,8,CAATCTGGGTCCGTCATTAT,0,5010935
yjbJ_predicted,0.1111111111111111,8,8,CAATCCCTATACAATGTCAA,0,5002489
yjbJ_predicted,0.1111111111111111,8,8,CAAGTTCAACTGCAGTGAAT,0,5002686
yjbJ_predicted,0.1111111111111111,8,8,CAAGAGGACAGACATTGCTA,0,4998057
yjbJ_predicted,0.1111111111111111,8,8,CAACACACGCTGTTAGGTGC,0,5021074
yjbJ_predicted,0.1111111111111111,8,8,CAAACCCTGCGGTACACGGA,0,5009957
yjbJ_predicted,0.1111111111111111,8,8,ATTTTCCGTAAATCCTTCTT,0,4996469
yjbJ_predicted,0.1111111111111111,8,8,ATTTGGCCTGTAATCGACCC,0,4994784
yjbJ_predicted,0.1111111111111111,8,8,ATTTCGGTGCGGACGCTAGT,0,4999674
yjbJ_predicted,0.1111111111111111,8,8,ATTGTGGTCTAATTCACCCC,0,5020837
yjbJ_predicted,0.1111111111111111,8,8,ATTGGCAGTAAGTTCCGAGT,0,5004654
yjbJ_predicted,0.1111111111111111,8,8,ATTGGATAACCGCACCGCTC,0,4999277
yjbJ_predicted,0.1111111111111111,8,8,ATTCGTCCCTCTAATTATGA,0,5001583
yjbJ_predicted,0.1111111111111111,8,8,ATTAAGTATAAACCCGAACA,0,5009157
yjbJ_predicted,0.1111111111111111,8,8,ATTAACTTACGGCCTCGTAG,0,5021266
yjbJ_predicted,0.1111111111111111,8,8,ATGTCCTCCGGGGAAGAGAC,0,5007240
yjbJ_predicted,0.1111111111111111,8,8,ATGCATTTTTAAATTCCCCA,0,5010168
yjbJ_predicted,0.1111111111111111,8,8,ATGCATCTGGGCGCTTAAAC,0,5010031
yjbJ_predicted,0.1111111111111111,8,8,ATGATACCAGACTCAAGCCA,0,5000263
yjbJ_predicted,0.1111111111111111,8,8,ATGAGATAGATGTTCGATTG,0,5027658
yjbJ_predicted,0.1111111111111111,8,8,ATCTAGTCTTAACTTGAGTC,0,4999593
yjbJ_predicted,0.1111111111111111,8,8,ATCGGGCTGGTGACGACTTT,0,5001421
yjbJ_predicted,0.1111111111111111,8,8,ATCGGCAACTTTCCGGGCTC,0,5025651
yjbJ_predicted,0.1111111111111111,8,8,ATCGACTTATTGCGAACAGG,0,5030823
yjbJ_predicted,0.1111111111111111,8,8,ATCCGCATATTAACTGTCTA,0,5018651
yjbJ_predicted,0.1111111111111111,8,8,ATCCGATAAAGATGCTGGCA,0,5021201
yjbJ_predicted,0.1111111111111111,8,8,ATCATTATGAACCCCCTTCA,0,5002820
yjbJ_predicted,0.1111111111111111,8,8,ATCAGAGACAGCCTTTCTAA,0,5009261
yjbJ_predicted,0.1111111111111111,8,8,ATATTCAGCAGGAGCCTGAT,0,5013461
yjbJ_predicted,0.1111111111111111,8,8,ATATGGGCCGCCGGGTATAC,0,5024440
yjbJ_predicted,0.1111111111111111,8,8,ATATCTAGGCGATCTCTGAA,0,5026981
yjbJ_predicted,0.1111111111111111,8,8,ATATCGCCGGGACTCTGCGA,0,5022020
yjbJ_predicted,0.1111111111111111,8,8,ATAGTCTGCGACACTGCTAA,0,5012089
yjbJ_predicted,0.1111111111111111,8,8,ATAGGTGTGTTGTGACCGCA,0,4996634
yjbJ_predicted,0.1111111111111111,8,8,ATAGGGAAGGGGAATGCAGC,0,5003090
yjbJ_predicted,0.1111111111111111,8,8,ATAGGCCGTCCGCACATTAA,0,5004847
yjbJ_predicted,0.1111111111111111,8,8,ATAGCGCTTTTTGGAGGAAA,0,4996220
yjbJ_predicted,0.1111111111111111,8,8,ATACGGCACGCTGGAAGAAA,0,5030978
yjbJ_predicted,0.1111111111111111,8,8,ATACGCAAAGGCAAGTAGCT,0,5024180
yjbJ_predicted,0.1111111111111111,8,8,ATACACCTAATTAGGAATAT,0,5016910
yjbJ_predicted,0.1111111111111111,8,8,ATAATAGGGATAAACCACTC,0,4997517
yjbJ_predicted,0.1111111111111111,8,8,AGTTTTTTGGTCGGGTGTCG,0,5011462
yjbJ_predicted,0.1111111111111111,8,8,AGTTGTGTGGGCTACTAGGC,0,5011979
yjbJ_predicted,0.1111111111111111,8,8,AGTTGCTCGAAGCCTTGGCT,0,5024476
yjbJ_predicted,0.1111111111111111,8,8,AGTTGATGTTACGAACCGAT,0,5025248
yjbJ_predicted,0.1111111111111111,8,8,AGTTCACCGGGGAGGGTCAT,0,4996624
yjbJ_predicted,0.1111111111111111,8,8,AGTTAAAATAAGAGTTATGG,0,5026732
yjbJ_predicted,0.1111111111111111,8,8,AGTGTTGCGTGTTAAGGATA,0,5019262
yjbJ_predicted,0.1111111111111111,8,8,AGTCTCCCGAGCCGATCAGA,0,5018465
yjbJ_predicted,0.1111111111111111,8,8,AGTCGGCCTCGGTTTGGAGC,0,5007272
yjbJ_predicted,0.1111111111111111,8,8,AGGTGACGATGTTGTACACC,0,5025511
yjbJ_predicted,0.1111111111111111,8,8,AGGTGACCTCCATCAATCAC,0,5025539
yjbJ_predicted,0.1111111111111111,8,8,AGGCTGGCAGCGGGCCGACC,0,4997815
yjbJ_predicted,0.1111111111111111,8,8,AGGCGCAGTATCTTCATACG,0,5028555
yjbJ_predicted,0.1111111111111111,8,8,AGGCGACGAATCCGCCGTGC,0,5018169
yjbJ_predicted,0.1111111111111111,8,8,AGGCAATCAGTTGCCAAAAA,0,5009330
yjbJ_predicted,0.1111111111111111,8,8,AGGACCTGGCTCCGACAAAC,0,4996696
yjbJ_predicted,0.1111111111111111,8,8,AGGACATACTACGCGCATAA,0,5027951
yjbJ_predicted,0.1111111111111111,8,8,AGGAACCGTAGTGAATTGCA,0,5004324
yjbJ_predicted,0.1111111111111111,8,8,AGCTACAGGGGGAGGGAAAA,0,4994816
yjbJ_predicted,0.1111111111111111,8,8,AGCGCGACTCGCGGGTAAGA,0,5018066
yjbJ_predicted,0.1111111111111111,8,8,AGCGCCATTAGGACGGGTGA,0,4999540
yjbJ_predicted,0.1111111111111111,8,8,AGCCGTACACTAGGAGAGAG,0,5021233
yjbJ_predicted,0.1111111111111111,8,8,AGCATTGAATCGTAACGCAC,0,5027779
yjbJ_predicted,0.1111111111111111,8,8,AGATTAATCGGCACAATAAT,0,5029298
yjbJ_predicted,0.1111111111111111,8,8,AGAGAGGGTCAAAATGAACC,0,5021110
yjbJ_predicted,0.1111111111111111,8,8,AGACTTCCAAAGTACCTAAT,0,5004062
yjbJ_predicted,0.1111111111111111,8,8,AGACTCCGAGGCGAGGCTGC,0,4998486
yjbJ_predicted,0.1111111111111111,8,8,AGACCGGCTCTCGCCACAGG,0,5022807
yjbJ_predicted,0.1111111111111111,8,8,AGACCCGTTTTGGGTCATCC,0,5004417
yjbJ_predicted,0.1111111111111111,8,8,AGAACGCGGGACTGCCTATC,0,5003120
yjbJ_predicted,0.1111111111111111,8,8,AGAAATCATGAGTATGTTGT,0,5020251
yjbJ_predicted,0.1111111111111111,8,8,ACTTGAATGCGGCGTCTTCG,0,5004230
yjbJ_predicted,0.1111111111111111,8,8,ACTTCCGTCGCTCTAATATT,0,5022486
yjbJ_predicted,0.1111111111111111,8,8,ACTCCCCCATAATACGGTAT,0,4998756
yjbJ_predicted,0.1111111111111111,8,8,ACTATGCTTGGGCATTGAGC,0,5017469
yjbJ_predicted,0.1111111111111111,8,8,ACTACTTATGTTCTCTCTTT,0,5010736
yjbJ_predicted,0.1111111111111111,8,8,ACGGTTCTCCTGCGCCCTAT,0,5023279
yjbJ_predicted,0.1111111111111111,8,8,ACGGTCTGACCACGTACCCA,0,4999345
yjbJ_predicted,0.1111111111111111,8,8,ACGGCGAATCCTGTGCAAGG,0,5000808
yjbJ_predicted,0.1111111111111111,8,8,ACGCCGCCTTTAAACGCTTG,0,5003084
yjbJ_predicted,0.1111111111111111,8,8,ACGCATGAAACTTATCCGTT,0,5009307
yjbJ_predicted,0.1111111111111111,8,8,ACGACTGCTTCATTTGGTAA,0,5027406
yjbJ_predicted,0.1111111111111111,8,8,ACCTTTATTGTTCGCATTGA,0,5019925
yjbJ_predicted,0.1111111111111111,8,8,ACCTTGGGAACTGTAATTTC,0,5012871
yjbJ_predicted,0.1111111111111111,8,8,ACCGAGACCACCTGCGCAAT,0,5010110
yjbJ_predicted,0.1111111111111111,8,8,ACCCCGTGGATATTCAGGCA,0,5017156
yjbJ_predicted,0.1111111111111111,8,8,ACATGTGAACACCACGGGTC,0,5008356
yjbJ_predicted,0.1111111111111111,8,8,ACATGGTTCTAGAAAAGAAG,0,5030635
yjbJ_predicted,0.1111111111111111,8,8,ACATGGGAGTAGTCAAGCCC,0,5017661
yjbJ_predicted,0.1111111111111111,8,8,ACATCTCGATACCCATGAAC,0,5007733
yjbJ_predicted,0.1111111111111111,8,8,ACATCACCTGGTATAGATGT,0,5018732
yjbJ_predicted,0.1111111111111111,8,8,ACATACGATAAGAGCCTGTA,0,5004799
yjbJ_predicted,0.1111111111111111,8,8,ACAGGTACGTGTTCTAATTC,0,5005277
yjbJ_predicted,0.1111111111111111,8,8,ACAGGAGACTTACTAACTTA,0,4998823
yjbJ_predicted,0.1111111111111111,8,8,ACAGCGCGAAACGATCACAT,0,5014128
yjbJ_predicted,0.1111111111111111,8,8,AATTTAGGCCTTTTTTCACA,0,5022292
yjbJ_predicted,0.1111111111111111,8,8,AATTGAGCGTATGGCCAAGG,0,5005171
yjbJ_predicted,0.1111111111111111,8,8,AATTCGCGCGGACGCTTTCT,0,4999419
yjbJ_predicted,0.1111111111111111,8,8,AATGCGCAGGAGACGGAAGG,0,5019040
yjbJ_predicted,0.1111111111111111,8,8,AATCCACCTTGTTGGCCGAG,0,5009809
yjbJ_predicted,0.1111111111111111,8,8,AATACTTTCTGGCATCGTGC,0,5014160
yjbJ_predicted,0.1111111111111111,8,8,AATACCCAGTCTTTTAGGCA,0,5012274
yjbJ_predicted,0.1111111111111111,8,8,AAGTGCTAGGCCCATCAGGA,0,5009801
yjbJ_predicted,0.1111111111111111,8,8,AAGGCCACGCGGTAGGGAAA,0,4999698
yjbJ_predicted,0.1111111111111111,8,8,AAGCTTAATAGGTTGAGGTG,0,5027428
yjbJ_predicted,0.1111111111111111,8,8,AAGCGGGTCATATTTTCCCA,0,5010216
yjbJ_predicted,0.1111111111111111,8,8,AAGAGGTGGTGCAGATATGC,0,5018507
yjbJ_predicted,0.1111111111111111,8,8,AACCTGATAGGGAAGAGCCC,0,5010746
yjbJ_predicted,0.1111111111111111,8,8,AACCATTAGGGGCAATTTAT,0,5030761
yjbJ_predicted,0.1111111111111111,8,8,AAATTTGTCGCACTCTTCAA,0,5030515
yjbJ_predicted,0.1111111111111111,8,8,AAATGGCTGGCTTTACGAGT,0,5011801
yjbJ_predicted,0.1111111111111111,8,8,AAATCAAGGCCATTCGCCAC,0,5021157
yjbJ_predicted,0.1111111111111111,8,8,AAAGATTTCCTCTGGGATCA,0,5028948
yjbJ_predicted,0.1111111111111111,8,8,AAACGTTTCTCCCAGGCCCA,0,5027607
yjbJ_predicted,0.1111111111111111,8,8,AAAATCGGAACAGTCGGATC,0,4999681
yjbJ_predicted,0.1111111111111111,8,8,AAAAGGCTTTAGATCCTTTG,0,5016388
yjbJ_predicted,0.125,7,7,TTTTCTGGGAATAGTCCGCT,0,5015700
yjbJ_predicted,0.125,7,7,TTTGTTCGCCGACACGCCCG,0,5030868
yjbJ_predicted,0.125,7,7,TTTACGTGAATCGCTTGTAG,0,5015728
yjbJ_predicted,0.125,7,7,TTTACCCATCTGGCGCGGTT,0,5024449
yjbJ_predicted,0.125,7,7,TTTACAACCCTGCGCTTAGC,0,4999727
yjbJ_predicted,0.125,7,7,TTGTTGTGAATAACGGAAGG,0,5001246
yjbJ_predicted,0.125,7,7,TTGTCGCCATTAAGTGTCAT,0,4996714
yjbJ_predicted,0.125,7,7,TTGTAAGTCAGGGCTCAGCA,0,5007898
yjbJ_predicted,0.125,7,7,TTGGCCCGGGATGATTTATG,0,5010047
yjbJ_predicted,0.125,7,7,TTGGCACCACCCTCTCGCAT,0,5002157
yjbJ_predicted,0.125,7,7,TTCTTGTATGGGGGTGCTAA,0,4998537
yjbJ_predicted,0.125,7,7,TTCTGGACTCAGCCTTTTGT,0,5013112
yjbJ_predicted,0.125,7,7,TTCTGAGAACGCTCCCGCGT,0,5029608
yjbJ_predicted,0.125,7,7,TTCTATGCCGAAAAATGAAG,0,5013600
yjbJ_predicted,0.125,7,7,TTCGTGATAGATAAATCGCA,0,4996156
yjbJ_predicted,0.125,7,7,TTCGCATAAGCGGCCCAAAG,0,5007470
yjbJ_predicted,0.125,7,7,TTCCGGACTCAAATAAATTA,0,5029792
yjbJ_predicted,0.125,7,7,TTCCCTTTGATACCATAAGA,0,4994772
yjbJ_predicted,0.125,7,7,TTCCATGAAGCGATCATTCA,0,5005840
yjbJ_predicted,0.125,7,7,TTCATGAATAATTTATACGA,0,5015737
yjbJ_predicted,0.125,7,7,TTCAGCACTTATCGTCACCT,0,5006354
yjbJ_predicted,0.125,7,7,TTCAACTGCTCTATGCGACC,0,4999331
yjbJ_predicted,0.125,7,7,TTCAAAGTTGCTTCCCGTAG,0,5014247
yjbJ_predicted,0.125,7,7,TTATATTATTGTCGAACGCT,0,4996929
yjbJ_predicted,0.125,7,7,TTATAAGCAGCGTGTGCCAT,0,5012187
yjbJ_predicted,0.125,7,7,TTAGCCAATTTTACAGGATC,0,5004303
yjbJ_predicted,0.125,7,7,TTAGAAATCGTGGGTGGGCG,0,5003430
yjbJ_predicted,0.125,7,7,TTACGCAGTATGGTAAACGG,0,5003847
yjbJ_predicted,0.125,7,7,TTACCATGATTCTGCACAGT,0,5006312
yjbJ_predicted,0.125,7,7,TTACACCACAATGTCACGTT,0,4995750
yjbJ_predicted,0.125,7,7,TTACAATGTAGTCCAGTTAA,0,5021136
yjbJ_predicted,0.125,7,7,TTAAGTGGGAGTAAGATGAT,0,5022239
yjbJ_predicted,0.125,7,7,TTAAAAAACGCCGAATGCTG,0,5030199
yjbJ_predicted,0.125,7,7,TGTTGGATATTAGCTAGGAA,0,5022866
yjbJ_predicted,0.125,7,7,TGTGTGGAACACTGCAAGCA,0,5019197
yjbJ_predicted,0.125,7,7,TGTGACATACAACTTCTGCT,0,5003970
yjbJ_predicted,0.125,7,7,TGTCTCGCAGAGTTGTGGGC,0,5000737
yjbJ_predicted,0.125,7,7,TGTCGCGAAGTTTTGGCGGT,0,5004003
yjbJ_predicted,0.125,7,7,TGTACTCGATGGCGTTGGGA,0,5027771
yjbJ_predicted,0.125,7,7,TGGTTTCGTGTTCTCGAACT,0,5030114
yjbJ_predicted,0.125,7,7,TGGTTGCTTCCGTGAATATA,0,5016480
yjbJ_predicted,0.125,7,7,TGGTCTTAAAATGATAGAGG,0,5029640
yjbJ_predicted,0.125,7,7,TGGTAGATCGCAAATGAGGA,0,4997256
yjbJ_predicted,0.125,7,7,TGGGAGCATCTGGCAGTTGA,0,5004968
yjbJ_predicted,0.125,7,7,TGGCGAATGCATGCGTGATG,0,5027913
yjbJ_predicted,0.125,7,7,TGGCACTTCACCATTTTCTC,0,5014819
yjbJ_predicted,0.125,7,7,TGGAGACAGAACCTCGCGTA,0,5010450
yjbJ_predicted,0.125,7,7,TGGACGCCCGTACGGATATG,0,5014801
yjbJ_predicted,0.125,7,7,TGGAAGTGCGACACCATGGT,0,5021364
yjbJ_predicted,0.125,7,7,TGCGGTGTCAGAAGATTAAT,0,5027091
yjbJ_predicted,0.125,7,7,TGCGAAGGTTACACATATGT,0,5024470
yjbJ_predicted,0.125,7,7,TGCCCATTGCCAGGCGAGAT,0,5014369
yjbJ_predicted,0.125,7,7,TGCATATGAGGCATTCCCGA,0,5018598
yjbJ_predicted,0.125,7,7,TGATTCTGTTCGAATAATGG,0,5029147
yjbJ_predicted,0.125,7,7,TGATACATAGCACTCCTGGA,0,5026505
yjbJ_predicted,0.125,7,7,TGAGTTTCGTCTGAGAAGTG,0,5016571
yjbJ_predicted,0.125,7,7,TGACTAGGATTATAGCTGTA,0,5016229
yjbJ_predicted,0.125,7,7,TGACGGTGTTGATACAGGTT,0,5008330
yjbJ_predicted,0.125,7,7,TGACACGTTCAAAGTCCAGC,0,5026659
yjbJ_predicted,0.125,7,7,TGACACGGAGGCATTACGCA,0,5013325
yjbJ_predicted,0.125,7,7,TGAATGCGCCTCACAGCTGT,0,5008991
yjbJ_predicted,0.125,7,7,TGAACTTGCATGATGTGGGC,0,5016457
yjbJ_predicted,0.125,7,7,TGAAATCAGTTCTCCACTGT,0,5001092
yjbJ_predicted,0.125,7,7,TGAAAAAACAGATTCGAGGA,0,5027284
yjbJ_predicted,0.125,7,7,TCTTGCTTTCGGAATCTTCT,0,5029083
yjbJ_predicted,0.125,7,7,TCTTATAATGTACGCACCCC,0,4997880
yjbJ_predicted,0.125,7,7,TCTTACGGTCATCTAAGAGT,0,5005676
yjbJ_predicted,0.125,7,7,TCTGTCTCAAAGGATAATTT,0,5010643
yjbJ_predicted,0.125,7,7,TCTGCTTACCATGAAACAAT,0,5027228
yjbJ_predicted,0.125,7,7,TCTGCACAACAGACAAGAAG,0,5030721
yjbJ_predicted,0.125,7,7,TCTCTTTGACAGTTTTGGCA,0,5020472
yjbJ_predicted,0.125,7,7,TCTCTGATATAAGACGTTGG,0,5011749
yjbJ_predicted,0.125,7,7,TCTCGAGGGCCGGTTCTTTC,0,5014309
yjbJ_predicted,0.125,7,7,TCTCCTAAGAAACTCTCACG,0,5022584
yjbJ_predicted,0.125,7,7,TCTCCACGGGATAGCTTCAT,0,5026401
yjbJ_predicted,0.125,7,7,TCTCACCATTCCCGATGAAA,0,5017247
yjbJ_predicted,0.125,7,7,TCTATCCCAACGTTCCTACA,0,5030282
yjbJ_predicted,0.125,7,7,TCTACGGGAGTGCCATCGGC,0,5029493
yjbJ_predicted,0.125,7,7,TCGTGCAAGTTACGGTGGCT,0,5018994
yjbJ_predicted,0.125,7,7,TCGTATGCCGCCATGCCCTG,0,5002914
yjbJ_predicted,0.125,7,7,TCGGCTCAACTGGGGCGCGA,0,5001656
yjbJ_predicted,0.125,7,7,TCGCGGATTGTAAACTTCCT,0,4998719
yjbJ_predicted,0.125,7,7,TCGCGGAACTAACGGTCTTA,0,5011086
yjbJ_predicted,0.125,7,7,TCGCCACCACCGGCGTGAGG,0,4997226
yjbJ_predicted,0.125,7,7,TCGCAGAGATGGACCCGTTG,0,5028045
yjbJ_predicted,0.125,7,7,TCCTTTGAGCGCGTATGGTA,0,5025715
yjbJ_predicted,0.125,7,7,TCCCTTTTCAGACCGGGTCT,0,5018519
yjbJ_predicted,0.125,7,7,TCCCCGCATCCACGTGGCCA,0,5029787
yjbJ_predicted,0.125,7,7,TCCACTCCCACAAGCAGGAA,0,5020281
yjbJ_predicted,0.125,7,7,TCCAAGTAAATTCAGCAGTG,0,5017291
yjbJ_predicted,0.125,7,7,TCATTCGGCAGAAATTCACT,0,5014183
yjbJ_predicted,0.125,7,7,TCATTCCCCTATTTACTCTA,0,5014498
yjbJ_predicted,0.125,7,7,TCATACATGTAGCATAACCC,0,5023188
yjbJ_predicted,0.125,7,7,TCATAACGTATTTTGGAGAC,0,5026893
yjbJ_predicted,0.125,7,7,TCAGTTAAATCGGCCCCGAT,0,5011555
yjbJ_predicted,0.125,7,7,TCAGTGGCCTATGACTTAGA,0,5006832
yjbJ_predicted,0.125,7,7,TCAGTAGGACACTCCGTAGG,0,5015328
yjbJ_predicted,0.125,7,7,TCACCTTCTTTGCTGGACCT,0,5006444
yjbJ_predicted,0.125,7,7,TCACCCGCGGTCTTTTTATG,0,5030027
yjbJ_predicted,0.125,7,7,TATTTTCAGCACCTATTCTA,0,5008725
yjbJ_predicted,0.125,7,7,TATTGTGGCCCTGATTATGT,0,5024047
yjbJ_predicted,0.125,7,7,TATGTAGCTGAGGCATCGGA,0,5007020
yjbJ_predicted,0.125,7,7,TATGGGTTGTTCAATCGTGG,0,5000826
yjbJ_predicted,0.125,7,7,TATGCCGAGAGGGCGCCGTA,0,4996420
yjbJ_predicted,0.125,7,7,TATCGGTTATAGTCAATAGC,0,5026308
yjbJ_predicted,0.125,7,7,TATCGGCCCGCGCGATATAG,0,5031052
yjbJ_predicted,0.125,7,7,TATATTTGGCCCTCTGGATG,0,5028973
yjbJ_predicted,0.125,7,7,TAGTCATCAAGTCCTGATAT,0,5013721
yjbJ_predicted,0.125,7,7,TAGGTCCCTTCGCAACTACT,0,5007491
yjbJ_predicted,0.125,7,7,TAGGGTTATGCATACTAGAA,0,5020093
yjbJ_predicted,0.125,7,7,TAGGGCCAAGGTCGGGGATG,0,5012846
yjbJ_predicted,0.125,7,7,TAGGATCGGCATTCCCCCAA,0,5010392
yjbJ_predicted,0.125,7,7,TAGCTTCCTGAAGAGAATGA,0,5015339
yjbJ_predicted,0.125,7,7,TAGCGACTTCATTAGGTCGG,0,5027283
yjbJ_predicted,0.125,7,7,TAGAGAGACCCTCATGGCGA,0,5003852
yjbJ_predicted,0.125,7,7,TAGAAATCGGTCTCGCAGGT,0,5021849
yjbJ_predicted,0.125,7,7,TACTTCTGTCGCGTACAGAC,0,5022280
yjbJ_predicted,0.125,7,7,TACTTATTCGCTTGGCCGTA,0,5026700
yjbJ_predicted,0.125,7,7,TACTGTTTCGGCTAGTAAGG,0,4998881
yjbJ_predicted,0.125,7,7,TACTATTCCTCTGCTCCTTA,0,5027085
yjbJ_predicted,0.125,7,7,TACGGCCAATTGTTCAGCAA,0,5004849
yjbJ_predicted,0.125,7,7,TACGCCTAGATCGAATGCAG,0,5001159
yjbJ_predicted,0.125,7,7,TACCGTCACTCATCTTGAGC,0,5007145
yjbJ_predicted,0.125,7,7,TACACAGCTACTCAGTGCAC,0,5018693
yjbJ_predicted,0.125,7,7,TAATTCAGGAGGGAATAAGT,0,5025831
yjbJ_predicted,0.125,7,7,TAATCTGCTGATATGGCCCA,0,5014436
yjbJ_predicted,0.125,7,7,TAATAGAAGGGGGAAGGAGC,0,5000131
yjbJ_predicted,0.125,7,7,TAACCCCCCTCTGCATCGGT,0,5004006
yjbJ_predicted,0.125,7,7,TAACATGGGTCTTAATGATA,0,5021915
yjbJ_predicted,0.125,7,7,TAAATATGATACATTGCGTC,0,5005581
yjbJ_predicted,0.125,7,7,TAAACAACTCCAGTCCGGGT,0,5026731
yjbJ_predicted,0.125,7,7,GTTTATAAAGCCTTGGAGGT,0,5027182
yjbJ_predicted,0.125,7,7,GTTGTACGGCATCGCCACTT,0,5026986
yjbJ_predicted,0.125,7,7,GTTATATGTCAACTAAAGAA,0,5013250
yjbJ_predicted,0.125,7,7,GTTAGTCCTGCCGGTGCCCG,0,5017190
yjbJ_predicted,0.125,7,7,GTTACACGACAGATGGACTC,0,5015943
yjbJ_predicted,0.125,7,7,GTGTAATGTAATTTGCTCAC,0,5007596
yjbJ_predicted,0.125,7,7,GTGGTGGCCGCGCTCAACAC,0,5029234
yjbJ_predicted,0.125,7,7,GTGGGATCTCGTACACGTCT,0,5025981
yjbJ_predicted,0.125,7,7,GTGGAATCAATTAAGCGTCG,0,5014544
yjbJ_predicted,0.125,7,7,GTGCTCGCGCGTGAATACTC,0,5005731
yjbJ_predicted,0.125,7,7,GTGCGGTTATCAAGCAAGTA,0,5019124
yjbJ_predicted,0.125,7,7,GTGCGAATCCTGGACACGTG,0,5003845
yjbJ_predicted,0.125,7,7,GTGCCGTTCCCCCGCATATA,0,5005735
yjbJ_predicted,0.125,7,7,GTGCCGTCTCCGGTAAGTGT,0,5005650
yjbJ_predicted,0.125,7,7,GTGCAACATATCAAGAAATG,0,5005042
yjbJ_predicted,0.125,7,7,GTGATTCAGGGCACTACTGA,0,5023416
yjbJ_predicted,0.125,7,7,GTGATCTCTGATATAAAAAG,0,5002230
yjbJ_predicted,0.125,7,7,GTGATCGAGTTCTATGTGAA,0,4996780
yjbJ_predicted,0.125,7,7,GTGATAACAGAATGGACCTG,0,4996686
yjbJ_predicted,0.125,7,7,GTGAGGCGACCAATACTTGG,0,5024162
yjbJ_predicted,0.125,7,7,GTCTGGGCGCACGCGGGTTT,0,5003664
yjbJ_predicted,0.125,7,7,GTCTCAAACGTTGAGGACTA,0,5013584
yjbJ_predicted,0.125,7,7,GTCGATACCCTCGCCCACGT,0,5008583
yjbJ_predicted,0.125,7,7,GTAGGAACAGAATAGTCGTA,0,5002804
yjbJ_predicted,0.125,7,7,GTAGCCTTGACCAGTATGGT,0,5021172
yjbJ_predicted,0.125,7,7,GGTTCCCGGAATCGTGTTCC,0,5018201
yjbJ_predicted,0.125,7,7,GGTGCGGGTTTCTGGAAGCT,0,5016361
yjbJ_predicted,0.125,7,7,GGTGAGGCACGGAGGGAACG,0,4999299
yjbJ_predicted,0.125,7,7,GGTCTATCAGTGTACTGCTA,0,5006003
yjbJ_predicted,0.125,7,7,GGTCGGTAGCCCAGTGCGTC,0,5024955
yjbJ_predicted,0.125,7,7,GGTCCTGACCCCTAAAACCA,0,5017085
yjbJ_predicted,0.125,7,7,GGTCATCCGGGCTTCATAGG,0,5006586
yjbJ_predicted,0.125,7,7,GGTACATATTGGGTATAAAG,0,5015346
yjbJ_predicted,0.125,7,7,GGGTTTCTACGGTACGACGG,0,5022500
yjbJ_predicted,0.125,7,7,GGGTCCTATTCCTTGGCCGA,0,5008922
yjbJ_predicted,0.125,7,7,GGGTCACGTCACGGCTGGAC,0,5027210
yjbJ_predicted,0.125,7,7,GGGGTGGCGTTGTAATGAAA,0,5018775
yjbJ_predicted,0.125,7,7,GGGGCAACTCCGCACAATCA,0,5012506
yjbJ_predicted,0.125,7,7,GGGCGCGCAAATGCCAGCCC,0,5028859
yjbJ_predicted,0.125,7,7,GGCTGTGTCAGCAAATCAAA,0,5024552
yjbJ_predicted,0.125,7,7,GGCGGACAGTGTGCGATACT,0,5018579
yjbJ_predicted,0.125,7,7,GGCCCGGACGTGTGGCGACG,0,5004148
yjbJ_predicted,0.125,7,7,GGCATGACTAAAATTGTAGT,0,5017134
yjbJ_predicted,0.125,7,7,GGCATCCGAATAGTCAGCGG,0,5003203
yjbJ_predicted,0.125,7,7,GGCATAAGGAGTTCTATCAT,0,5002990
yjbJ_predicted,0.125,7,7,GGATGGAGATTAGGCAAGAA,0,5011210
yjbJ_predicted,0.125,7,7,GGAGGCGCCATGATACGAAA,0,5013607
yjbJ_predicted,0.125,7,7,GGAGACCGGAGTCTAACTTC,0,5001658
yjbJ_predicted,0.125,7,7,GGACCCAATCCGCCTGTGTC,0,5015298
yjbJ_predicted,0.125,7,7,GGAACGATGGATGTCTTTTC,0,5006374
yjbJ_predicted,0.125,7,7,GCTTTCGGCTCACAAAATTG,0,5023021
yjbJ_predicted,0.125,7,7,GCTTGTGTCTTAAAAACAAC,0,5028029
yjbJ_predicted,0.125,7,7,GCTTGGATTTAAAGGTTGTG,0,5010672
yjbJ_predicted,0.125,7,7,GCTTATACTCGAATTGACAG,0,5021307
yjbJ_predicted,0.125,7,7,GCTTAAGAGGGAGCGGATTC,0,5014398
yjbJ_predicted,0.125,7,7,GCTGTCCTAGGGTGTCTGGG,0,5030432
yjbJ_predicted,0.125,7,7,GCTGCTACTCCAATCTGACA,0,5008424
yjbJ_predicted,0.125,7,7,GCTCGATTGGAAATCGTCCG,0,5009120
yjbJ_predicted,0.125,7,7,GCTACTCTTTCAGGAGGAAA,0,5022620
yjbJ_predicted,0.125,7,7,GCTAAGCTATTCCTAGCTGA,0,5025372
yjbJ_predicted,0.125,7,7,GCGTGACTCCCATTCATGCA,0,5012823
yjbJ_predicted,0.125,7,7,GCGGTCCAGATCTTCGGGAT,0,5026038
yjbJ_predicted,0.125,7,7,GCGGGTTAACAAGTCAGACC,0,4995854
yjbJ_predicted,0.125,7,7,GCGGCGCATTGTAATCGGTA,0,5010342
yjbJ_predicted,0.125,7,7,GCGCTCTGTAGAACATAATG,0,4995427
yjbJ_predicted,0.125,7,7,GCGCGTACAGAGTATCACAC,0,5000899
yjbJ_predicted,0.125,7,7,GCGATACCTTAGGCGATCTC,0,5000731
yjbJ_predicted,0.125,7,7,GCCTGAGCTGCAGTCACCGT,0,5012117
yjbJ_predicted,0.125,7,7,GCCTCGCACGTGGCCTACGC,0,5024012
yjbJ_predicted,0.125,7,7,GCCGGCGTGCTCATGCAAAC,0,5009924
yjbJ_predicted,0.125,7,7,GCCGGCACACTAATACAATA,0,5028200
yjbJ_predicted,0.125,7,7,GCCGGACAATTTGCGTCCAT,0,5019946
yjbJ_predicted,0.125,7,7,GCCGCCCCCGACCTCCATAG,0,5015295
yjbJ_predicted,0.125,7,7,GCCGAGCTAATGTGGAAGCA,0,5011080
yjbJ_predicted,0.125,7,7,GCCCGCGGATTATTCGGGTG,0,5021174
yjbJ_predicted,0.125,7,7,GCCCACGTCATAGGAAAAAC,0,5012662
yjbJ_predicted,0.125,7,7,GCCAATGTTAAGTCCTCGGG,0,5024239
yjbJ_predicted,0.125,7,7,GCATCTTAGCCGATATAGAC,0,5017099
yjbJ_predicted,0.125,7,7,GCATCCTCAACATGGTTGTT,0,5010544
yjbJ_predicted,0.125,7,7,GCATAGCTGATGGTGAACGG,0,5022018
yjbJ_predicted,0.125,7,7,GCATACGAGGACCGGCACCC,0,5023138
yjbJ_predicted,0.125,7,7,GCAGACGGTGCGGTACTAAC,0,5000039
yjbJ_predicted,0.125,7,7,GCACGTCAAATGGGCCTAAT,0,5001948
yjbJ_predicted,0.125,7,7,GCAATACTAGACATTGATCA,0,4998145
yjbJ_predicted,0.125,7,7,GCAAGGTATGTCCGTAATCT,0,4998094
yjbJ_predicted,0.125,7,7,GATTCGCTGATACCCCCAAC,0,5019714
yjbJ_predicted,0.125,7,7,GATTAGGCGTATCTCAACAG,0,5008266
yjbJ_predicted,0.125,7,7,GATGGTAGCTCAAATAAATC,0,5010825
yjbJ_predicted,0.125,7,7,GATGCGGTACATCCCCGCGG,0,5023180
yjbJ_predicted,0.125,7,7,GATCGATCGCACTTCGACTT,0,4998755
yjbJ_predicted,0.125,7,7,GATCCACGCCACTTCTGATA,0,5028349
yjbJ_predicted,0.125,7,7,GATCAAGGGACTTTGGCTAC,0,5011563
yjbJ_predicted,0.125,7,7,GATATGGAAGGGTCGCTGCA,0,5016036
yjbJ_predicted,0.125,7,7,GATAATCAGTGCCTATGTCA,0,5005351
yjbJ_predicted,0.125,7,7,GAGTGCGGCCGACCCAGAAG,0,5006148
yjbJ_predicted,0.125,7,7,GAGTGCAGTTGGAGTTAGTT,0,5021796
yjbJ_predicted,0.125,7,7,GAGGTTGAGCAAGGGGCATT,0,5020716
yjbJ_predicted,0.125,7,7,GAGGGTATTACGTTTGGGAC,0,5022516
yjbJ_predicted,0.125,7,7,GAGGCCTAACCCCGATGACC,0,4997006
yjbJ_predicted,0.125,7,7,GAGCTAAAGTTATAGGACTT,0,5012975
yjbJ_predicted,0.125,7,7,GAGAAACAATACGGCCAATG,0,5006254
yjbJ_predicted,0.125,7,7,GACTCTACTTTCCGATCTTT,0,5008243
yjbJ_predicted,0.125,7,7,GACCCGATGCGATACCCGAT,0,5007104
yjbJ_predicted,0.125,7,7,GAAGTTCATCTTGGCCAGAT,0,4998934
yjbJ_predicted,0.125,7,7,GAAGGTTGGCGTATGGGTAT,0,5007114
yjbJ_predicted,0.125,7,7,GAAGATGGACTGACTTCGCT,0,5030506
yjbJ_predicted,0.125,7,7,GAAGACGATTCGTCTTCGGG,0,5002087
yjbJ_predicted,0.125,7,7,GAACATTGGATAGATGGAGG,0,5002104
yjbJ_predicted,0.125,7,7,GAACATGGATGGTAAGTAAA,0,5019509
yjbJ_predicted,0.125,7,7,GAAACGGAGCAAATGAGGTA,0,4997981
yjbJ_predicted,0.125,7,7,GAAACAGCGTGTTTGCGAGA,0,5019035
yjbJ_predicted,0.125,7,7,GAAAAAGTGGACCCGTTAGG,0,5027155
yjbJ_predicted,0.125,7,7,CTTTCATGATTACCGTTCAT,0,5017741
yjbJ_predicted,0.125,7,7,CTTTAGTGACATAACTTTCC,0,5026665
yjbJ_predicted,0.125,7,7,CTTGGGTGCACTCTCACTTC,0,5006739
yjbJ_predicted,0.125,7,7,CTTGCTGTCTAGATGAACAT,0,4995993
yjbJ_predicted,0.125,7,7,CTTGAGACTCCCGCTCGTGA,0,5009408
yjbJ_predicted,0.125,7,7,CTTCTTCACGGGTATTAGCT,0,4996426
yjbJ_predicted,0.125,7,7,CTTATTGCATTACAAGCCCC,0,5019874
yjbJ_predicted,0.125,7,7,CTTATTCTGTGACCAGACTT,0,5013381
yjbJ_predicted,0.125,7,7,CTTAGGATGTAAGTATTTAT,0,5016307
yjbJ_predicted,0.125,7,7,CTTAACTCCGAAGTACAATT,0,5011522
yjbJ_predicted,0.125,7,7,CTGTATCGACACCGTATAGT,0,5021843
yjbJ_predicted,0.125,7,7,CTGTAAGCAGGCTAGGGTGT,0,4998459
yjbJ_predicted,0.125,7,7,CTGGTTGTGTAAGTGGGCAG,0,5005930
yjbJ_predicted,0.125,7,7,CTGGCGTGAGTTTCCGCACA,0,5018597
yjbJ_predicted,0.125,7,7,CTGGCGTCTAGAATCCTTTC,0,5007131
yjbJ_predicted,0.125,7,7,CTGGACATCTACCTACAACT,0,5020953
yjbJ_predicted,0.125,7,7,CTGGAACCCACTGTGGCCAG,0,4999963
yjbJ_predicted,0.125,7,7,CTGCTGTGGAAAGTCATCCG,0,5026173
yjbJ_predicted,0.125,7,7,CTGCCTAGGTGTCAACGGCA,0,5018563
yjbJ_predicted,0.125,7,7,CTGCCCCGGGGAACGGTAAC,0,5005634
yjbJ_predicted,0.125,7,7,CTGCAAGTGTCCATACGTAA,0,5029607
yjbJ_predicted,0.125,7,7,CTGCAAGGACACGCGACGGA,0,5021661
yjbJ_predicted,0.125,7,7,CTGACGACATCGTCAATCCT,0,5029305
yjbJ_predicted,0.125,7,7,CTCTACTGTGTGCCAAAAAG,0,4997417
yjbJ_predicted,0.125,7,7,CTCGTTGGATTTTAGGTATA,0,5003642
yjbJ_predicted,0.125,7,7,CTCGTTCCCGAGGTTCAGCA,0,5025918
yjbJ_predicted,0.125,7,7,CTCGGAAGGTTGCGTAACAA,0,5030882
yjbJ_predicted,0.125,7,7,CTCGGAAGCGAGGTCCTCCA,0,5009030
yjbJ_predicted,0.125,7,7,CTCATTACAAGATAGTGGGT,0,5019411
yjbJ_predicted,0.125,7,7,CTCAGTATTATATCGCGCAT,0,5008012
yjbJ_predicted,0.125,7,7,CTCACAAGGTTCTATTGAGG,0,5010865
yjbJ_predicted,0.125,7,7,CTATAGGTCGCGAGCCAAGG,0,5013823
yjbJ_predicted,0.125,7,7,CTATAACATAAGATTTAAAT,0,5026546
yjbJ_predicted,0.125,7,7,CTAGATGCCCCAGTTGAGTT,0,5020438
yjbJ_predicted,0.125,7,7,CTACTCCTATTTAGCTCATA,0,5001448
yjbJ_predicted,0.125,7,7,CTACGGTCCTGGGACACTAT,0,4996240
yjbJ_predicted,0.125,7,7,CTACCGACCGTCGGGCTTCC,0,4997415
yjbJ_predicted,0.125,7,7,CTACAACACTCAAGTGGGTT,0,4999641
yjbJ_predicted,0.125,7,7,CTAATCTATTCTCTCCAATG,0,5009905
yjbJ_predicted,0.125,7,7,CTAATAGCTTTTCGCTGTAC,0,5029687
yjbJ_predicted,0.125,7,7,CTAAGGCTTAGGAGAGCCTC,0,5017656
yjbJ_predicted,0.125,7,7,CTAACAGACACGACTGCATG,0,5016247
yjbJ_predicted,0.125,7,7,CGTTTGATATCGATGGGCTT,0,5013681
yjbJ_predicted,0.125,7,7,CGTTTCACAAGTCCGGTCAC,0,4998485
yjbJ_predicted,0.125,7,7,CGTTACCTATCTCTACGTTC,0,5012656
yjbJ_predicted,0.125,7,7,CGTGTTGGGTTTCTAAGCGA,0,5026547
yjbJ_predicted,0.125,7,7,CGTGAGAGCCGGAATAGCTT,0,5016635
yjbJ_predicted,0.125,7,7,CGTATACACGACCCCTTATT,0,5025934
yjbJ_predicted,0.125,7,7,CGTAGTGTAACTCAATTAAT,0,5014413
yjbJ_predicted,0.125,7,7,CGGTTCTATGGCGATCTATA,0,5021642
yjbJ_predicted,0.125,7,7,CGGTTAGGGCCTCTCTTTAT,0,5021203
yjbJ_predicted,0.125,7,7,CGGTCTCAGTCGCTTGAAGG,0,5003116
yjbJ_predicted,0.125,7,7,CGGTCAGTCAATTTTTCTAA,0,5020674
yjbJ_predicted,0.125,7,7,CGGTAACGTTTTGGAATGCG,0,5030300
yjbJ_predicted,0.125,7,7,CGGGTTTTAGCGGCTGACCA,0,5012536
yjbJ_predicted,0.125,7,7,CGGGGTGCAGGTACAGGGGT,0,5025477
yjbJ_predicted,0.125,7,7,CGGGGTCCACTGTAGCGTTC,0,5005843
yjbJ_predicted,0.125,7,7,CGGGGTAAGGGGCATACTAT,0,5013954
yjbJ_predicted,0.125,7,7,CGGCCGGAAGCCATCGTTCT,0,5026449
yjbJ_predicted,0.125,7,7,CGGATGGGACAAGGTGTGAA,0,5004493
yjbJ_predicted,0.125,7,7,CGGAAACCTCAAAGGTGGCT,0,5026823
yjbJ_predicted,0.125,7,7,CGCTGTATCGGTGTCAAGGT,0,4995804
yjbJ_predicted,0.125,7,7,CGCGTTCGTAGGTAAACACA,0,5014510
yjbJ_predicted,0.125,7,7,CGCCGCCTTCGCGTGTATCA,0,5023211
yjbJ_predicted,0.125,7,7,CGCCACATCATTGCCACGCT,0,5011087
yjbJ_predicted,0.125,7,7,CGCAGGGTCCTCAGCTAGAT,0,5008145
yjbJ_predicted,0.125,7,7,CGCAAAAATAACGGGCTGAT,0,5024344
yjbJ_predicted,0.125,7,7,CGATGAACCAACAATGTCAG,0,5011705
yjbJ_predicted,0.125,7,7,CGATCGTAATAGAGAACGGT,0,5006805
yjbJ_predicted,0.125,7,7,CGATCCGGATTTAACGCCAT,0,5019687
yjbJ_predicted,0.125,7,7,CGATAAGAGGTAGTGTAGCA,0,5028331
yjbJ_predicted,0.125,7,7,CGATAAACCGTCCCGCAGCA,0,5003315
yjbJ_predicted,0.125,7,7,CGACGACGGCCCTCTAGTTG,0,5021333
yjbJ_predicted,0.125,7,7,CGACAGCAAAATCACGGACC,0,4996653
yjbJ_predicted,0.125,7,7,CGAAGGCCGGAGTGAGGTTG,0,4997796
yjbJ_predicted,0.125,7,7,CCTTTGAGGGGGAACCCGGT,0,5030414
yjbJ_predicted,0.125,7,7,CCTTGTCGTTCATGTTTGCT,0,5020411
yjbJ_predicted,0.125,7,7,CCTTGCTTGGCGGGAATAGT,0,5014865
yjbJ_predicted,0.125,7,7,CCTTCTGTAAGCATGGTGAC,0,5011636
yjbJ_predicted,0.125,7,7,CCTGGGCCGCCCGGCTCCTA,0,5029462
yjbJ_predicted,0.125,7,7,CCTCCCGAATAGTTCCGTGA,0,4998691
yjbJ_predicted,0.125,7,7,CCTACCCTCTTGTGAACACT,0,5011510
yjbJ_predicted,0.125,7,7,CCTACACGGCATCTAACGGG,0,5025459
yjbJ_predicted,0.125,7,7,CCTACAAATACGGATCGGTC,0,5004060
yjbJ_predicted,0.125,7,7,CCTAAAGGTGAAGAGGGTAT,0,5028091
yjbJ_predicted,0.125,7,7,CCGTCAGAGCATAGAAATTT,0,5012033
yjbJ_predicted,0.125,7,7,CCGGTATAGCCTACATCATA,0,5010532
yjbJ_predicted,0.125,7,7,CCGGCTTGAATGCCTATTAG,0,5014399
yjbJ_predicted,0.125,7,7,CCGGCGTCTATAACGTTGGT,0,4998248
yjbJ_predicted,0.125,7,7,CCGGATGCTCAGAGTAAACA,0,5022057
yjbJ_predicted,0.125,7,7,CCGCGCTGTAATATTATGGG,0,5017964
yjbJ_predicted,0.125,7,7,CCGATTGTATGGGCTTTCCC,0,5013898
yjbJ_predicted,0.125,7,7,CCGACCTCGTTAAATATCCG,0,5014915
yjbJ_predicted,0.125,7,7,CCCTGCTTCTACACCTACGA,0,4998310
yjbJ_predicted,0.125,7,7,CCCTGCGACTGTCATGGTGC,0,5014434
yjbJ_predicted,0.125,7,7,CCCGGCCACCCTACTACATA,0,4996704
yjbJ_predicted,0.125,7,7,CCCGGAATAATCGTAGCTAC,0,5001497
yjbJ_predicted,0.125,7,7,CCCGAGGACCTTTGGATCCC,0,5017761
yjbJ_predicted,0.125,7,7,CCCCTTGATGGAGCGCTTAG,0,5017379
yjbJ_predicted,0.125,7,7,CCCCCTCTCCGTCGGAGTCA,0,5012847
yjbJ_predicted,0.125,7,7,CCCCCTAGGCCGGTGTCACT,0,5007935
yjbJ_predicted,0.125,7,7,CCCCACAATCCTCTGCCCTG,0,4995936
yjbJ_predicted,0.125,7,7,CCCATTAGACATGGTGAGGC,0,5016101
yjbJ_predicted,0.125,7,7,CCATTATGAATGCATAATGG,0,5001278
yjbJ_predicted,0.125,7,7,CCATGATTTTAGATCAAACG,0,5008015
yjbJ_predicted,0.125,7,7,CCAGTTTACCTATAAAAGGT,0,5006437
yjbJ_predicted,0.125,7,7,CCAGGTTCCTTCGTGAAAAG,0,5011121
yjbJ_predicted,0.125,7,7,CCAGCCAGCGGATATACGCG,0,5023638
yjbJ_predicted,0.125,7,7,CCACTTGCGAAGAAGGTGGC,0,5005421
yjbJ_predicted,0.125,7,7,CATTAAGCCAACGGCGAATC,0,5014823
yjbJ_predicted,0.125,7,7,CATGTGGTAAGCGATAGAGG,0,4995180
yjbJ_predicted,0.125,7,7,CATGTGCAGCCGCGGCTTGT,0,5010266
yjbJ_predicted,0.125,7,7,CATGCCCGGAGGCTCAATTG,0,5001760
yjbJ_predicted,0.125,7,7,CATGATGAATGCTTAATTCG,0,5017452
yjbJ_predicted,0.125,7,7,CATGAGACAAGATTTAGACG,0,5019809
yjbJ_predicted,0.125,7,7,CATCAGACTGTGATGCCCAC,0,4999801
yjbJ_predicted,0.125,7,7,CATCAATTTCAACCATTATA,0,5026562
yjbJ_predicted,0.125,7,7,CATATTGTCTACCTTAACTC,0,5017517
yjbJ_predicted,0.125,7,7,CAGTGAACAGTTCATGGACC,0,4995368
yjbJ_predicted,0.125,7,7,CAGGATGCATAAAGGCGTTA,0,5000361
yjbJ_predicted,0.125,7,7,CAGACTGGTAGATCGTGCTT,0,4999606
yjbJ_predicted,0.125,7,7,CAGACCGGTGTGCTAACTTA,0,5009705
yjbJ_predicted,0.125,7,7,CAGAATAACTTCTCCAGGGA,0,5028096
yjbJ_predicted,0.125,7,7,CACTGAGTGTGACCGGGCTT,0,5001476
yjbJ_predicted,0.125,7,7,CACGGAGCACTGCCGACGCG,0,5025501
yjbJ_predicted,0.125,7,7,CACCGTCTGGACGCGCATCT,0,5026122
yjbJ_predicted,0.125,7,7,CACCACCGGAACCCGGTTCA,0,5011660
yjbJ_predicted,0.125,7,7,CACACTTATGTGGGAAGAGG,0,4994783
yjbJ_predicted,0.125,7,7,CACAAACCCGTTTAAGGCCT,0,5029369
yjbJ_predicted,0.125,7,7,CAATTTCTGGCCGAACACTC,0,5001424
yjbJ_predicted,0.125,7,7,CAATGGTTGGATAGAACTAG,0,5024220
yjbJ_predicted,0.125,7,7,CAAGTGCGGCGCATGATACA,0,4997183
yjbJ_predicted,0.125,7,7,CAAGAATATTGATCTGAGAC,0,5030031
yjbJ_predicted,0.125,7,7,CAACTCCTGCCTGGTGTTCA,0,4995264
yjbJ_predicted,0.125,7,7,CAACGCACATTCAGAATGGT,0,5010790
yjbJ_predicted,0.125,7,7,CAACGATATGCGCCTCCAGT,0,5029447
yjbJ_predicted,0.125,7,7,CAACGACTAACGAGATCATG,0,5011772
yjbJ_predicted,0.125,7,7,CAACCCGAAAGTGATTACGG,0,4999083
yjbJ_predicted,0.125,7,7,CAAAAGATAAGTCATAACGA,0,5028284
yjbJ_predicted,0.125,7,7,ATTTTAATGGGTGACAGTGT,0,5019811
yjbJ_predicted,0.125,7,7,ATTTCTGCGAGCCGTATGCT,0,4996840
yjbJ_predicted,0.125,7,7,ATTTCGTCAAGCGAAAGACG,0,5014705
yjbJ_predicted,0.125,7,7,ATTTCATAGCTGATTCTGTC,0,4998527
yjbJ_predicted,0.125,7,7,ATTTAGCCACGCCCTAAAAT,0,5004372
yjbJ_predicted,0.125,7,7,ATTGTAGAACTAATGGAGCC,0,5014633
yjbJ_predicted,0.125,7,7,ATTGGCCTCCATTGACATTA,0,5030455
yjbJ_predicted,0.125,7,7,ATTGCTCCCACCTTTGCTTT,0,5023154
yjbJ_predicted,0.125,7,7,ATTGACATATTCGGCTAGGT,0,4994690
yjbJ_predicted,0.125,7,7,ATTCTTATTAAGTAAGTACG,0,5028132
yjbJ_predicted,0.125,7,7,ATTCTCACTGTGAGTAAACA,0,5005974
yjbJ_predicted,0.125,7,7,ATTCAAGCTTCAGCATACTC,0,5029976
yjbJ_predicted,0.125,7,7,ATTATAAAGTTTCATCGTGT,0,5027895
yjbJ_predicted,0.125,7,7,ATTACAGAGCGGAATGGTTC,0,5005285
yjbJ_predicted,0.125,7,7,ATTAATAAAGTCAGCGATCC,0,5006981
yjbJ_predicted,0.125,7,7,ATGTTGCCGTGGAGCTCCAA,0,4996482
yjbJ_predicted,0.125,7,7,ATGGTGATAGTATGTTCTAT,0,5029659
yjbJ_predicted,0.125,7,7,ATGGTCAACTTAATCCTAGG,0,5026223
yjbJ_predicted,0.125,7,7,ATGGTACAATAGGTGCTAAG,0,5016134
yjbJ_predicted,0.125,7,7,ATGGGCACTCAGAGCTCGCG,0,5010252
yjbJ_predicted,0.125,7,7,ATGGATCCTACCTCCGGTTT,0,4994858
yjbJ_predicted,0.125,7,7,ATGCCACACTCACGTAGCAA,0,5004520
yjbJ_predicted,0.125,7,7,ATCTCTCAAGTCTTAAAACG,0,5004329
yjbJ_predicted,0.125,7,7,ATCTAGGTTATTGAATGAGG,0,5030883
yjbJ_predicted,0.125,7,7,ATCTAGAGATCAATCTAGAA,0,5024014
yjbJ_predicted,0.125,7,7,ATCGGTAATAATCAATCTAA,0,4999456
yjbJ_predicted,0.125,7,7,ATCGCCCTAGGACGATCTTC,0,5016911
yjbJ_predicted,0.125,7,7,ATCCTATCCTGGTGTTGCTG,0,5014129
yjbJ_predicted,0.125,7,7,ATCCAACAAGCTCCCATTAG,0,5007499
yjbJ_predicted,0.125,7,7,ATATTCGCTTCTACCTGACT,0,5003711
yjbJ_predicted,0.125,7,7,ATATAAATCCCTATTAGCCA,0,5002667
yjbJ_predicted,0.125,7,7,ATACTGTTCTCCAGTGTACA,0,4996474
yjbJ_predicted,0.125,7,7,ATACTGGTTTGCATGCTAGT,0,4999895
yjbJ_predicted,0.125,7,7,ATACAGTTGACTCGGGGGGT,0,5012148
yjbJ_predicted,0.125,7,7,ATACAAAATCAATTGGAATG,0,5024924
yjbJ_predicted,0.125,7,7,ATAATAAGAGGATTAAACCT,0,5026760
yjbJ_predicted,0.125,7,7,ATAAGATATGTCTTTGAGCA,0,5018868
yjbJ_predicted,0.125,7,7,ATAACTAGAAATTTACATAC,0,5022667
yjbJ_predicted,0.125,7,7,AGTTTTGAAAGCTTTCAGCA,0,5027654
yjbJ_predicted,0.125,7,7,AGTTTCATTCCTTCTACTAG,0,5016890
yjbJ_predicted,0.125,7,7,AGTTGAACCATACGTTTTTA,0,5014484
yjbJ_predicted,0.125,7,7,AGTTCGATGTACCCTAGACT,0,4995709
yjbJ_predicted,0.125,7,7,AGTTACGGGTGACGCATCGT,0,5028591
yjbJ_predicted,0.125,7,7,AGTTAAGCGTACGTAAACCA,0,5011174
yjbJ_predicted,0.125,7,7,AGTGTAAGATATTCCGTGGG,0,5020743
yjbJ_predicted,0.125,7,7,AGTGACCCAGTCTTGGGGGA,0,5012259
yjbJ_predicted,0.125,7,7,AGTCTTTGGGCTTCAACGTT,0,5009596
yjbJ_predicted,0.125,7,7,AGTCTTTCATGTGGAATTGA,0,5002515
yjbJ_predicted,0.125,7,7,AGTCTTAATATGGTTATAGA,0,5006268
yjbJ_predicted,0.125,7,7,AGTCAAATCGGGACACTCTT,0,5018920
yjbJ_predicted,0.125,7,7,AGTAGCTTACCTTGCTATAG,0,5023954
yjbJ_predicted,0.125,7,7,AGGTTGTTAGTGCCATTCGA,0,4994877
yjbJ_predicted,0.125,7,7,AGGTTCCTAATTTTATGGTT,0,5021128
yjbJ_predicted,0.125,7,7,AGGTGACTAGAGGCGCATGT,0,5009547
yjbJ_predicted,0.125,7,7,AGGTCTCGGGTATTGCGACT,0,5013937
yjbJ_predicted,0.125,7,7,AGGTCGGGTTTCCCCTAGGG,0,4995669
yjbJ_predicted,0.125,7,7,AGGTCCAGTCGTATCGTGTC,0,5026693
yjbJ_predicted,0.125,7,7,AGGTAGTGCTCCCGGGTACA,0,5010081
yjbJ_predicted,0.125,7,7,AGGGTGGTTTATGAACGCAT,0,5010613
yjbJ_predicted,0.125,7,7,AGGCTGTTTCTCTCTCAAAT,0,5013934
yjbJ_predicted,0.125,7,7,AGGCTGAGCCGTTTCGAACC,0,5018179
yjbJ_predicted,0.125,7,7,AGGCGGACTGCGTGCCCCGG,0,5027419
yjbJ_predicted,0.125,7,7,AGGATTCGTGAACGTGAAAT,0,5020443
yjbJ_predicted,0.125,7,7,AGGAGTACGAAGCGGGAAGT,0,5014884
yjbJ_predicted,0.125,7,7,AGGAGCCTGAGTGCAACTCA,0,5019805
yjbJ_predicted,0.125,7,7,AGGAAAGCCCATGCGAAGGC,0,5013731
yjbJ_predicted,0.125,7,7,AGCTGAGTGCATTATCAGAT,0,5016746
yjbJ_predicted,0.125,7,7,AGCTCTTACTGGCATTTGAA,0,5016306
yjbJ_predicted,0.125,7,7,AGCGGTTTTAGGGGAGGCGC,0,5013454
yjbJ_predicted,0.125,7,7,AGCGCTCACAGACTCCTAAG,0,5022367
yjbJ_predicted,0.125,7,7,AGCGATCAAGAGTGCCTGTG,0,5002964
yjbJ_predicted,0.125,7,7,AGCGACGCCTGAGGTCATGC,0,5022689
yjbJ_predicted,0.125,7,7,AGCCTCCGCTTCCTTTCTCA,0,4995641
yjbJ_predicted,0.125,7,7,AGCCACCCGTGGGGGTTAAT,0,5018844
yjbJ_predicted,0.125,7,7,AGCAGACACAGACTCCAGAC,0,5021798
yjbJ_predicted,0.125,7,7,AGCACGTATGCGATCGTAAA,0,5002906
yjbJ_predicted,0.125,7,7,AGATGTTTTGGTAGCCTCAT,0,5002014
yjbJ_predicted,0.125,7,7,AGATGATGGAGACAATGTCA,0,5024072
yjbJ_predicted,0.125,7,7,AGATGAGTACTAACTTAGGC,0,5013899
yjbJ_predicted,0.125,7,7,AGATCTATAGCAATAAGAGC,0,5009181
yjbJ_predicted,0.125,7,7,AGATACTTGCATAACTATCA,0,4999376
yjbJ_predicted,0.125,7,7,AGATACACGCGGTTCATAGT,0,5009412
yjbJ_predicted,0.125,7,7,AGAGGAAGGTAATCATGTCA,0,5019522
yjbJ_predicted,0.125,7,7,AGAGACAATCGAGTCGAATA,0,5012716
yjbJ_predicted,0.125,7,7,AGACTTCTTTTCATGCTTGT,0,4997480
yjbJ_predicted,0.125,7,7,AGACGTCGATTGTCACCCGG,0,5007676
yjbJ_predicted,0.125,7,7,AGACGTATCTAGGGACTATA,0,5018407
yjbJ_predicted,0.125,7,7,AGACGGGAATCTTACGCCGT,0,5031293
yjbJ_predicted,0.125,7,7,AGACACGCCCTTAAGGGGAA,0,4998899
yjbJ_predicted,0.125,7,7,AGAACGATCGTGACTGTTAC,0,5010478
yjbJ_predicted,0.125,7,7,ACTTTTAAGTCGTTCCAGAC,0,5023997
yjbJ_predicted,0.125,7,7,ACTTGATTGGTATCACCACA,0,5015637
yjbJ_predicted,0.125,7,7,ACTTCCTAAGTAAATCTAAT,0,5004813
yjbJ_predicted,0.125,7,7,ACTGTCTAAGCGTCAAGCCC,0,5015344
yjbJ_predicted,0.125,7,7,ACTGGCACGTTGCGAACTTA,0,4998736
yjbJ_predicted,0.125,7,7,ACTGGATTGCCCGTTGTCTT,0,5016501
yjbJ_predicted,0.125,7,7,ACTCGTCTACGCAGATCAGG,0,4999595
yjbJ_predicted,0.125,7,7,ACTCGCTAACTCAATCATGC,0,5009959
yjbJ_predicted,0.125,7,7,ACTCACGGTGCCCCGGGATG,0,5028115
yjbJ_predicted,0.125,7,7,ACTCACATACCATTGGGTGT,0,5009982
yjbJ_predicted,0.125,7,7,ACTAGCTTACGGTCGTTCCT,0,5030085
yjbJ_predicted,0.125,7,7,ACGTTGTCTTCTCAACCTCT,0,5021058
yjbJ_predicted,0.125,7,7,ACGTCTACTGTGATTAAGAA,0,5007876
yjbJ_predicted,0.125,7,7,ACGTATCTCACTAAGGTACA,0,5006125
yjbJ_predicted,0.125,7,7,ACGTAGAAATCTGAGATAAG,0,5017285
yjbJ_predicted,0.125,7,7,ACGGTTAATAGGTCTAAGTC,0,5020148
yjbJ_predicted,0.125,7,7,ACGGGCGGTGCCAGGAAGTT,0,5005396
yjbJ_predicted,0.125,7,7,ACGGCTCTAACTGGGAAGTT,0,5010655
yjbJ_predicted,0.125,7,7,ACGGCATCAATGTCCAGAAG,0,5009803
yjbJ_predicted,0.125,7,7,ACGCCGATCAAGGGCCGGTG,0,5003963
yjbJ_predicted,0.125,7,7,ACGACGCGGAATCACCCACT,0,5018828
yjbJ_predicted,0.125,7,7,ACCTGCTACTTGGAGTCAAG,0,5005202
yjbJ_predicted,0.125,7,7,ACCTCGGCGCGCACAGATGG,0,5014489
yjbJ_predicted,0.125,7,7,ACCTAGTATTGGACATGGGA,0,5029692
yjbJ_predicted,0.125,7,7,ACCGTTAGCCCCGCGTTTAA,0,5025450
yjbJ_predicted,0.125,7,7,ACCGCGGCCCTGTGCGCGCC,0,5013985
yjbJ_predicted,0.125,7,7,ACCGCGACTGTGCAATGAAA,0,4998747
yjbJ_predicted,0.125,7,7,ACCCCCCTCAGAACCGACTC,0,5002215
yjbJ_predicted,0.125,7,7,ACCAGTGGCATATCAGTGAA,0,5016293
yjbJ_predicted,0.125,7,7,ACCACGAAGCGACTTCCGGT,0,5025734
yjbJ_predicted,0.125,7,7,ACCACAAATCATTACCTGAT,0,5020597
yjbJ_predicted,0.125,7,7,ACATGCGCGCCTGATACAGG,0,5001953
yjbJ_predicted,0.125,7,7,ACATGATCGCCTGGGAATCT,0,5009810
yjbJ_predicted,0.125,7,7,ACAGTGTGCCTTGACGGCCT,0,5021865
yjbJ_predicted,0.125,7,7,ACACAAGGAAACAACCTCTG,0,5018280
yjbJ_predicted,0.125,7,7,ACAATCGTCGTCTTTCGTAG,0,4995007
yjbJ_predicted,0.125,7,7,AATTTAATGCGAATTGCTAT,0,5003079
yjbJ_predicted,0.125,7,7,AATTGGTGTAGTTCCTGCGC,0,5017619
yjbJ_predicted,0.125,7,7,AATGAGCCTTTGTGGATTGG,0,5023332
yjbJ_predicted,0.125,7,7,AATGAGCCGGGACCCTGCCC,0,5001901
yjbJ_predicted,0.125,7,7,AATGAAGCTGCGCAGGTTTG,0,5005053
yjbJ_predicted,0.125,7,7,AATCGGGTCCGCAAATTATC,0,5027514
yjbJ_predicted,0.125,7,7,AATCGGCTCTTCTGCACTCG,0,5013220
yjbJ_predicted,0.125,7,7,AATCAACCAGTGCGTAGGAT,0,5026933
yjbJ_predicted,0.125,7,7,AATACGATGCTCATAGGCTA,0,5017798
yjbJ_predicted,0.125,7,7,AATACCCACTCAGAGCGAAT,0,5025548
yjbJ_predicted,0.125,7,7,AAGGTTCTCTCACAAGGCAT,0,5029337
yjbJ_predicted,0.125,7,7,AAGGCAGGGCCAAAGTCCCT,0,5019973
yjbJ_predicted,0.125,7,7,AAGGACATCTTAGGGAATCA,0,5001380
yjbJ_predicted,0.125,7,7,AAGGACAAGGGACGCACGAA,0,5015366
yjbJ_predicted,0.125,7,7,AAGCTGACATGGAGAGCCCT,0,5030125
yjbJ_predicted,0.125,7,7,AAGCCCGTCGATTGAGTTTA,0,5012757
yjbJ_predicted,0.125,7,7,AAGATATGTTGAAATTGGAC,0,5003922
yjbJ_predicted,0.125,7,7,AAGAGGAAGCATGGAGGCTG,0,5011907
yjbJ_predicted,0.125,7,7,AAGACAACCCAACATATGGC,0,5005196
yjbJ_predicted,0.125,7,7,AACTTTTGGTGTGCCCGCAA,0,4995672
yjbJ_predicted,0.125,7,7,AACGAAACGCAGAGATATTT,0,5013790
yjbJ_predicted,0.125,7,7,AACCCTTTGCTTTACTGTTG,0,5004192
yjbJ_predicted,0.125,7,7,AAATTTTGGGCCGGTGTAGC,0,5026008
yjbJ_predicted,0.125,7,7,AAATAAGCTAATAAATAATA,0,5013754
yjbJ_predicted,0.125,7,7,AAAATGGCTTAAATCTCTAT,0,4998557
yjbJ_predicted,0.125,7,7,AAAATCTGTGGAGGCAGTTT,0,5006938
yjbJ_predicted,0.125,7,7,AAAAGCGCTGAAACCATGCG,0,4994730
yjbJ_predicted,0.14285714285714285,6,6,TTTTATCCTCTTAATATAGG,0,5012395
yjbJ_predicted,0.14285714285714285,6,6,TTTTACACTGGAAGTAAATG,0,4995171
yjbJ_predicted,0.14285714285714285,6,6,TTTTACACCATTGTTGGTCA,0,5022337
yjbJ_predicted,0.14285714285714285,6,6,TTTGCGTGGCTCTGACCCGC,0,5010607
yjbJ_predicted,0.14285714285714285,6,6,TTTGAGATAGTCAACAGGCG,0,5005431
yjbJ_predicted,0.14285714285714285,6,6,TTTCAACGATCCCTGGGGGA,0,5022938
yjbJ_predicted,0.14285714285714285,6,6,TTTATTCGGGCGTACTTCAA,0,5009380
yjbJ_predicted,0.14285714285714285,6,6,TTTATCATAGACATTACAAT,0,5011692
yjbJ_predicted,0.14285714285714285,6,6,TTGTCGTTCAAGGGTAAACT,0,5027392
yjbJ_predicted,0.14285714285714285,6,6,TTGTCACCGTAGGGTTTAAT,0,5000802
yjbJ_predicted,0.14285714285714285,6,6,TTGGTCCATATCAATCGGCT,0,5002521
yjbJ_predicted,0.14285714285714285,6,6,TTGGGCGGTCAATCTTCGGG,0,5027529
yjbJ_predicted,0.14285714285714285,6,6,TTGCGCAGTATTCCATCCAT,0,4995293
yjbJ_predicted,0.14285714285714285,6,6,TTGCGAATGGGCACACCTAC,0,4998087
yjbJ_predicted,0.14285714285714285,6,6,TTGATCACGCGCGTATCTAC,0,5022970
yjbJ_predicted,0.14285714285714285,6,6,TTGACATTTAGTCCTCCTTG,0,4996137
yjbJ_predicted,0.14285714285714285,6,6,TTGAATTTTGGCCTCGCTCC,0,5023970
yjbJ_predicted,0.14285714285714285,6,6,TTCTGTGTGTATACAGGTTC,0,5012497
yjbJ_predicted,0.14285714285714285,6,6,TTCTCTAGGCCTTGCTGGCG,0,5019187
yjbJ_predicted,0.14285714285714285,6,6,TTCTCCGTCCCATGTCATTT,0,5011574
yjbJ_predicted,0.14285714285714285,6,6,TTCGTGGACGGAGAATTAAT,0,5018508
yjbJ_predicted,0.14285714285714285,6,6,TTCGGGGTAGCTGCTGACAT,0,5020413
yjbJ_predicted,0.14285714285714285,6,6,TTCGCAACGAAATCCCTGTT,0,5019306
yjbJ_predicted,0.14285714285714285,6,6,TTCGAGATACGTGCAGTATC,0,5002229
yjbJ_predicted,0.14285714285714285,6,6,TTCCTTCCTAGCAGACCCGT,0,4996522
yjbJ_predicted,0.14285714285714285,6,6,TTCCGTGTCTCAGTTGTTTA,0,5029015
yjbJ_predicted,0.14285714285714285,6,6,TTCATTTCTGCGGGGTCTCC,0,5009695
yjbJ_predicted,0.14285714285714285,6,6,TTATTGGGGTCCCCTCTTTG,0,5013583
yjbJ_predicted,0.14285714285714285,6,6,TTATTCATTTATCTAAATAC,0,5027517
yjbJ_predicted,0.14285714285714285,6,6,TTATGGGAGGGAGGGGCATT,0,4998904
yjbJ_predicted,0.14285714285714285,6,6,TTATGATCTATTTTGCATAA,0,5008121
yjbJ_predicted,0.14285714285714285,6,6,TTATGAACCGGTCTAATTCT,0,5023509
yjbJ_predicted,0.14285714285714285,6,6,TTATCTGAGACTGAGGGAAT,0,5013380
yjbJ_predicted,0.14285714285714285,6,6,TTATAGATTGTTGACTACTT,0,5006141
yjbJ_predicted,0.14285714285714285,6,6,TTATACGTGCTGCCACAAGC,0,5031151
yjbJ_predicted,0.14285714285714285,6,6,TTAGGTAATGCGCTTGTTAA,0,5008696
yjbJ_predicted,0.14285714285714285,6,6,TTAGGCTTACATAACGGATT,0,5004396
yjbJ_predicted,0.14285714285714285,6,6,TTAGGCTCACGCTCGCAGAA,0,5025360
yjbJ_predicted,0.14285714285714285,6,6,TTAGGACCAAATCGACGTTC,0,5018031
yjbJ_predicted,0.14285714285714285,6,6,TTAGAGTACTGAGATGCACA,0,5025757
yjbJ_predicted,0.14285714285714285,6,6,TTAGAAATTTAGTAAGTACT,0,4997825
yjbJ_predicted,0.14285714285714285,6,6,TTAGAAACAGCAGGTAAGGT,0,5030966
yjbJ_predicted,0.14285714285714285,6,6,TTACTTGGCATCCGCGAGCG,0,5017908
yjbJ_predicted,0.14285714285714285,6,6,TTACTCTGCAGTCGCTCGAT,0,5014102
yjbJ_predicted,0.14285714285714285,6,6,TTACTATCACCGTTCAAATT,0,4998407
yjbJ_predicted,0.14285714285714285,6,6,TTACTACGGTATCGCGCGAC,0,4996226
yjbJ_predicted,0.14285714285714285,6,6,TTACGCGAATTGCGGCAGAA,0,5026609
yjbJ_predicted,0.14285714285714285,6,6,TTAATTTGCGCGCATTTTAT,0,5013989
yjbJ_predicted,0.14285714285714285,6,6,TTAATTGAAACGCCGGCGAA,0,5029061
yjbJ_predicted,0.14285714285714285,6,6,TTAACCGCGGTTGGTTCGCG,0,5022365
yjbJ_predicted,0.14285714285714285,6,6,TTAAAAGCGAGGGATGTATA,0,4998923
yjbJ_predicted,0.14285714285714285,6,6,TGTTTCAGTTTTAAGAAAGT,0,4996118
yjbJ_predicted,0.14285714285714285,6,6,TGTTCGACAAGTAGCGGGTT,0,5029071
yjbJ_predicted,0.14285714285714285,6,6,TGTGGCTTCATTCGGAAGGA,0,5023887
yjbJ_predicted,0.14285714285714285,6,6,TGTCGGTATCCGTTGGTTCT,0,5025654
yjbJ_predicted,0.14285714285714285,6,6,TGTCCCTTCACCCTGAGCAG,0,5020653
yjbJ_predicted,0.14285714285714285,6,6,TGTAGTCCATTTCTTAGAGC,0,5000148
yjbJ_predicted,0.14285714285714285,6,6,TGTACAATAGGTGTATCAGT,0,5017916
yjbJ_predicted,0.14285714285714285,6,6,TGGTTTCCAGAAGCTGACAA,0,5010550
yjbJ_predicted,0.14285714285714285,6,6,TGGTAGCCGGGAATGGAGAT,0,5016612
yjbJ_predicted,0.14285714285714285,6,6,TGGGTACGCAAGTGTGGGAC,0,4997893
yjbJ_predicted,0.14285714285714285,6,6,TGGGCACGCTGCACCTATCG,0,4995937
yjbJ_predicted,0.14285714285714285,6,6,TGGCGGTGCAGAGAGGGAGA,0,4996973
yjbJ_predicted,0.14285714285714285,6,6,TGGCAGCTCAGACGTGTCAC,0,5016250
yjbJ_predicted,0.14285714285714285,6,6,TGGAGGGCTCCTATCGAGCT,0,5019992
yjbJ_predicted,0.14285714285714285,6,6,TGGAACCAACTTCGGGTAAG,0,5011757
yjbJ_predicted,0.14285714285714285,6,6,TGCTGCATAGCTTCTTGTAA,0,5010395
yjbJ_predicted,0.14285714285714285,6,6,TGCTCTCATCTTCGGTTCGG,0,5026649
yjbJ_predicted,0.14285714285714285,6,6,TGCTAGCACGTTCACGTAGT,0,5022732
yjbJ_predicted,0.14285714285714285,6,6,TGCGGCCCCACGATCACATG,0,5023935
yjbJ_predicted,0.14285714285714285,6,6,TGCGCCAGGAGTGGTACCAA,0,5008644
yjbJ_predicted,0.14285714285714285,6,6,TGCGATACCGTGCAGGAACT,0,4999889
yjbJ_predicted,0.14285714285714285,6,6,TGCGAGCCTTAATATGAAGC,0,5006763
yjbJ_predicted,0.14285714285714285,6,6,TGCCTCGGGAAATAAAAGAT,0,5001995
yjbJ_predicted,0.14285714285714285,6,6,TGCCCTGGGTAGGGCTCGTT,0,5009699
yjbJ_predicted,0.14285714285714285,6,6,TGCCCAGTGCGCCTTGATAT,0,5008134
yjbJ_predicted,0.14285714285714285,6,6,TGCAGCCCGATGCGAGTACT,0,4995673
yjbJ_predicted,0.14285714285714285,6,6,TGCAAGCGCGTTGCCGATAT,0,5004773
yjbJ_predicted,0.14285714285714285,6,6,TGCAAAACAGCGTGAGAGAC,0,5025140
yjbJ_predicted,0.14285714285714285,6,6,TGATTATGACTTGGCCACAA,0,5003486
yjbJ_predicted,0.14285714285714285,6,6,TGATATGATCCCTAGAAGTC,0,5016643
yjbJ_predicted,0.14285714285714285,6,6,TGAGGGGCTGGCACAGTATT,0,5006685
yjbJ_predicted,0.14285714285714285,6,6,TGAGCAAAAAGGAAGGCCTA,0,5019392
yjbJ_predicted,0.14285714285714285,6,6,TGACGATGACGCCGGGCTGG,0,5003528
yjbJ_predicted,0.14285714285714285,6,6,TGAAGGCCTACGTCCGAGTA,0,5025719
yjbJ_predicted,0.14285714285714285,6,6,TGAAGCGTGCGGTACCGATT,0,5006135
yjbJ_predicted,0.14285714285714285,6,6,TCTTTAGCTACTAGTCCGCT,0,5025773
yjbJ_predicted,0.14285714285714285,6,6,TCTTTAGATTCGGATTCGGA,0,4999697
yjbJ_predicted,0.14285714285714285,6,6,TCTTGATCGGGGTTGGAGGA,0,5016705
yjbJ_predicted,0.14285714285714285,6,6,TCTTAGAATAGAGCCGGCGT,0,5008047
yjbJ_predicted,0.14285714285714285,6,6,TCTCTAATGAGTCCAGGCAT,0,4998711
yjbJ_predicted,0.14285714285714285,6,6,TCTCGGGTGAACCGAGTAGT,0,5023407
yjbJ_predicted,0.14285714285714285,6,6,TCTCGCTGCATGCATGGCCG,0,4996125
yjbJ_predicted,0.14285714285714285,6,6,TCTCCTACCACCAGACTCGC,0,5027138
yjbJ_predicted,0.14285714285714285,6,6,TCTAACATGGATGCGGAAAG,0,5018050
yjbJ_predicted,0.14285714285714285,6,6,TCGTAAGGAGGGCCGCCCCA,0,5018073
yjbJ_predicted,0.14285714285714285,6,6,TCGGGGGTGGTTTAGATCAC,0,4997892
yjbJ_predicted,0.14285714285714285,6,6,TCGGACCACTATCGTCGCTA,0,5005195
yjbJ_predicted,0.14285714285714285,6,6,TCGGAATCACATCCTGCGCT,0,5012919
yjbJ_predicted,0.14285714285714285,6,6,TCGGAACAAAGATCGGCTCT,0,5008537
yjbJ_predicted,0.14285714285714285,6,6,TCGCTGATCAATACGTTCAT,0,5011933
yjbJ_predicted,0.14285714285714285,6,6,TCGCCACAAATGTGCCTATT,0,5010843
yjbJ_predicted,0.14285714285714285,6,6,TCGCATTACGCGAAGTCTTA,0,5004011
yjbJ_predicted,0.14285714285714285,6,6,TCGCATTAAGCAGGTTAGCG,0,5001495
yjbJ_predicted,0.14285714285714285,6,6,TCGATTCGTGTTAGACCAGC,0,5004948
yjbJ_predicted,0.14285714285714285,6,6,TCGACTCCCGACCCAAATAA,0,5017652
yjbJ_predicted,0.14285714285714285,6,6,TCGACAGAGAAGGAGTTATA,0,5021351
yjbJ_predicted,0.14285714285714285,6,6,TCGAATTACATTTGGCTCGA,0,5007830
yjbJ_predicted,0.14285714285714285,6,6,TCCTCGGTGCTAGGGCGTAA,0,5028033
yjbJ_predicted,0.14285714285714285,6,6,TCCTCATAAGCGCTATCCGA,0,5012499
yjbJ_predicted,0.14285714285714285,6,6,TCCTAGTCTATCCAGCAATA,0,5006674
yjbJ_predicted,0.14285714285714285,6,6,TCCGGCCAGACGAGGAGGAG,0,5003521
yjbJ_predicted,0.14285714285714285,6,6,TCCGCATATAAATAGATGTT,0,5005259
yjbJ_predicted,0.14285714285714285,6,6,TCCAGGCAGAGAGGAAGAGG,0,5005633
yjbJ_predicted,0.14285714285714285,6,6,TCCAGGATGTGAACTTCCGG,0,5014466
yjbJ_predicted,0.14285714285714285,6,6,TCCAGGAGTCCGGCGGTCAG,0,4997622
yjbJ_predicted,0.14285714285714285,6,6,TCCAAAAATAACTCCACCAT,0,4996256
yjbJ_predicted,0.14285714285714285,6,6,TCATTGTTCCGATTGCAAGT,0,5010561
yjbJ_predicted,0.14285714285714285,6,6,TCATGAGTATCTCGCGCCAC,0,5021679
yjbJ_predicted,0.14285714285714285,6,6,TCAATTTTGGGCCTGACTAT,0,5007892
yjbJ_predicted,0.14285714285714285,6,6,TCAATAATGCTTACTTCTGG,0,5010389
yjbJ_predicted,0.14285714285714285,6,6,TCAACCGCGCGGAACGTAGA,0,5004254
yjbJ_predicted,0.14285714285714285,6,6,TCAACACCAGGAGAGTGCAT,0,5011024
yjbJ_predicted,0.14285714285714285,6,6,TATTTCTGCAACTTCAAGTT,0,5011838
yjbJ_predicted,0.14285714285714285,6,6,TATTTCATTCAAAACAATAT,0,5002583
yjbJ_predicted,0.14285714285714285,6,6,TATTTATCGTAATGGAAAGA,0,5000917
yjbJ_predicted,0.14285714285714285,6,6,TATGGGGAGTGGTGTTGATA,0,5022743
yjbJ_predicted,0.14285714285714285,6,6,TATGAACGGCCCGCAATAGC,0,5028717
yjbJ_predicted,0.14285714285714285,6,6,TATCTAAATGCCAGTCCGTG,0,5010443
yjbJ_predicted,0.14285714285714285,6,6,TATCGGTTAGAACATGTCAA,0,5026696
yjbJ_predicted,0.14285714285714285,6,6,TATAAGGCACCATATGATAA,0,5003673
yjbJ_predicted,0.14285714285714285,6,6,TAGGGGCTCTTACCCACGCG,0,5028544
yjbJ_predicted,0.14285714285714285,6,6,TAGGAGAAATGATTTGACTG,0,5017782
yjbJ_predicted,0.14285714285714285,6,6,TAGCTCCATTCACCTGCCGT,0,5026509
yjbJ_predicted,0.14285714285714285,6,6,TAGCTCAACAACGGCATTTG,0,5012051
yjbJ_predicted,0.14285714285714285,6,6,TAGCGTCTTCCAAAGATGCT,0,5013111
yjbJ_predicted,0.14285714285714285,6,6,TAGACGTCTCGATAGGGAGG,0,4999967
yjbJ_predicted,0.14285714285714285,6,6,TACTCGATTCTCAATGAGCG,0,5023044
yjbJ_predicted,0.14285714285714285,6,6,TACTACCGATAGGTGGTTAT,0,5020354
yjbJ_predicted,0.14285714285714285,6,6,TACGTATGAACGTGCAGAAG,0,4998974
yjbJ_predicted,0.14285714285714285,6,6,TACGGCAATGGGCATTATAA,0,5022250
yjbJ_predicted,0.14285714285714285,6,6,TACCTAAGCACGATAAGTCT,0,5004224
yjbJ_predicted,0.14285714285714285,6,6,TACCCGACCAGACTAGGCTT,0,5002357
yjbJ_predicted,0.14285714285714285,6,6,TACAGTTGTTTGTTTCTAGC,0,5020671
yjbJ_predicted,0.14285714285714285,6,6,TACAGATTTTTTGAGTAGGA,0,5025674
yjbJ_predicted,0.14285714285714285,6,6,TACAATTCTGCCGGGTAAAG,0,5026557
yjbJ_predicted,0.14285714285714285,6,6,TACAAAGGCCCAAGTGCAGG,0,5015788
yjbJ_predicted,0.14285714285714285,6,6,TACAAACATACATACCTCGT,0,5025068
yjbJ_predicted,0.14285714285714285,6,6,TAAGTACGGTTTTTTCAGAT,0,5021653
yjbJ_predicted,0.14285714285714285,6,6,TAACGTGGGCTACGACATAA,0,4996798
yjbJ_predicted,0.14285714285714285,6,6,TAACGTAGGTCCGGCCGCGA,0,5018719
yjbJ_predicted,0.14285714285714285,6,6,TAAAGTATGGCCGGTCGAAT,0,5017429
yjbJ_predicted,0.14285714285714285,6,6,TAAAGGGTACGACGCAGTAG,0,5019027
yjbJ_predicted,0.14285714285714285,6,6,GTTTGGAAGTGAGCATTGTA,0,5000839
yjbJ_predicted,0.14285714285714285,6,6,GTTTCCTTAGATACGTCAGG,0,4996586
yjbJ_predicted,0.14285714285714285,6,6,GTTGCCGGCTACGCGGAGCA,0,5003205
yjbJ_predicted,0.14285714285714285,6,6,GTTCTTGGGTGTTAACTCTA,0,5003513
yjbJ_predicted,0.14285714285714285,6,6,GTTCCCGCCCTCGTCCCAAG,0,5024400
yjbJ_predicted,0.14285714285714285,6,6,GTTCCAGGTAAACGCGTCCC,0,5013894
yjbJ_predicted,0.14285714285714285,6,6,GTTCACCGGAGGTAGCTCTA,0,5029237
yjbJ_predicted,0.14285714285714285,6,6,GTTACCGAATGTACCGACCC,0,5020873
yjbJ_predicted,0.14285714285714285,6,6,GTTACAGTCGTCATAACTAG,0,5002097
yjbJ_predicted,0.14285714285714285,6,6,GTGTTCACTAGACCATTTAG,0,5026334
yjbJ_predicted,0.14285714285714285,6,6,GTGTATGACACCGATCCTGG,0,5005787
yjbJ_predicted,0.14285714285714285,6,6,GTGGGCTATAAAAGATCACT,0,5024137
yjbJ_predicted,0.14285714285714285,6,6,GTGGCGGTTTTGTGAAGTTG,0,5027464
yjbJ_predicted,0.14285714285714285,6,6,GTGGCGGTGCGTACCAACCT,0,5005016
yjbJ_predicted,0.14285714285714285,6,6,GTGGAGATTGTCGGTGGTTA,0,5024806
yjbJ_predicted,0.14285714285714285,6,6,GTGGACATGCTGAGAATCCT,0,4999244
yjbJ_predicted,0.14285714285714285,6,6,GTGCTGGTACGTTGGGTTAA,0,5012092
yjbJ_predicted,0.14285714285714285,6,6,GTGCGCAAATACATTAGAGC,0,5003374
yjbJ_predicted,0.14285714285714285,6,6,GTGATCTCCAGTGTCATAGA,0,5026535
yjbJ_predicted,0.14285714285714285,6,6,GTGATACACTTCGACTTTTA,0,5000818
yjbJ_predicted,0.14285714285714285,6,6,GTCTGACTCGGCTTAACACG,0,5029358
yjbJ_predicted,0.14285714285714285,6,6,GTCGATTGGGAACTGGGTTA,0,5017262
yjbJ_predicted,0.14285714285714285,6,6,GTCGAGTGCGAGACACGCTT,0,5027879
yjbJ_predicted,0.14285714285714285,6,6,GTCCTCTGTCGGGCCAAGGT,0,5002317
yjbJ_predicted,0.14285714285714285,6,6,GTCCCTCGGACCAGCGGCGA,0,5029189
yjbJ_predicted,0.14285714285714285,6,6,GTCCCCGAGTATTCAGTGTA,0,5024249
yjbJ_predicted,0.14285714285714285,6,6,GTCCATTCTCACCCCGGCCA,0,5026326
yjbJ_predicted,0.14285714285714285,6,6,GTCATACATTACCCTAACGC,0,4998120
yjbJ_predicted,0.14285714285714285,6,6,GTCAAACACGTCGGTCAGAA,0,5019488
yjbJ_predicted,0.14285714285714285,6,6,GTATTTATCCGTTGGCTTGA,0,5027978
yjbJ_predicted,0.14285714285714285,6,6,GTATAACAATTCAGCTTGGT,0,5004839
yjbJ_predicted,0.14285714285714285,6,6,GTAGTTAGATAGTGACTTTT,0,5023755
yjbJ_predicted,0.14285714285714285,6,6,GTAGTCCGTTATGTTCAAGT,0,5008957
yjbJ_predicted,0.14285714285714285,6,6,GTAGAGTCATTTTACAGGGG,0,4997891
yjbJ_predicted,0.14285714285714285,6,6,GTACGGGGGTCCGACTAAGA,0,5019952
yjbJ_predicted,0.14285714285714285,6,6,GTACGGGGAGATAAATCCTC,0,5029373
yjbJ_predicted,0.14285714285714285,6,6,GTACGCACTCCGGTATAGCT,0,5009317
yjbJ_predicted,0.14285714285714285,6,6,GTAAATGCGGGACGTCACGA,0,5001993
yjbJ_predicted,0.14285714285714285,6,6,GGTTTTGGATATCTAGTATT,0,5001229
yjbJ_predicted,0.14285714285714285,6,6,GGTTGACGAGAGGGGGGTGT,0,5023959
yjbJ_predicted,0.14285714285714285,6,6,GGTTGACAAAAATTCCTAAC,0,5012453
yjbJ_predicted,0.14285714285714285,6,6,GGTCATTTGCATAGTGCAGG,0,5020090
yjbJ_predicted,0.14285714285714285,6,6,GGTAGCTATACGTGACCTAG,0,5011237
yjbJ_predicted,0.14285714285714285,6,6,GGTACAGCTAAATAGCCCGT,0,5027169
yjbJ_predicted,0.14285714285714285,6,6,GGTAAATTTGGATGGACGAT,0,4998276
yjbJ_predicted,0.14285714285714285,6,6,GGGTTTACCACGGCCACAAA,0,5025479
yjbJ_predicted,0.14285714285714285,6,6,GGGTTCTCTTGACTCTATAG,0,5008396
yjbJ_predicted,0.14285714285714285,6,6,GGGTTCGTCCGGAATCTTCG,0,5030493
yjbJ_predicted,0.14285714285714285,6,6,GGGTTAACTTACTTTCAGCC,0,5000209
yjbJ_predicted,0.14285714285714285,6,6,GGGTGTAATTTCGTTATCCC,0,5026771
yjbJ_predicted,0.14285714285714285,6,6,GGGTAGCGTTTCTCCGTATT,0,5009358
yjbJ_predicted,0.14285714285714285,6,6,GGGTACGCCACACTTTAGCA,0,5002858
yjbJ_predicted,0.14285714285714285,6,6,GGGTAAGGGCGGTCAGTTTG,0,5019769
yjbJ_predicted,0.14285714285714285,6,6,GGGGTATCATGAAACACCAG,0,5029513
yjbJ_predicted,0.14285714285714285,6,6,GGGGGTAGGGCGCACTGGGT,0,5020050
yjbJ_predicted,0.14285714285714285,6,6,GGGGAGCATACAGCTCTTAC,0,4995712
yjbJ_predicted,0.14285714285714285,6,6,GGGCTGCAATATATACCTAA,0,5008787
yjbJ_predicted,0.14285714285714285,6,6,GGGCTCTGGGTAACGCAGGT,0,5001127
yjbJ_predicted,0.14285714285714285,6,6,GGGCGCGTACATGTCACCCT,0,5014394
yjbJ_predicted,0.14285714285714285,6,6,GGGCCTACCCCACAGGAGAC,0,5025822
yjbJ_predicted,0.14285714285714285,6,6,GGGATGGAATTCGGGTAGCG,0,5028069
yjbJ_predicted,0.14285714285714285,6,6,GGGAAAGCAATGGACTCCGA,0,5008209
yjbJ_predicted,0.14285714285714285,6,6,GGCTTTAAGCGCTTCAAGAT,0,5014805
yjbJ_predicted,0.14285714285714285,6,6,GGCTTAAATGTATAATGGGT,0,5029501
yjbJ_predicted,0.14285714285714285,6,6,GGCTCGCACGTTAGCCCTTC,0,5019903
yjbJ_predicted,0.14285714285714285,6,6,GGCGTGCTTAGATGTCGCGT,0,5009958
yjbJ_predicted,0.14285714285714285,6,6,GGCGTCCAACGGGCTCCAAC,0,5003412
yjbJ_predicted,0.14285714285714285,6,6,GGCGGGTGCGAAAAGCAAAT,0,4996087
yjbJ_predicted,0.14285714285714285,6,6,GGCGGGATTATTGGCTTAAA,0,5019512
yjbJ_predicted,0.14285714285714285,6,6,GGCGCGCATTAGTGGAGGTG,0,5014260
yjbJ_predicted,0.14285714285714285,6,6,GGCGAAAGGCTTTTGCAGAA,0,5000745
yjbJ_predicted,0.14285714285714285,6,6,GGCCTTGCACATTGGTTACG,0,5011272
yjbJ_predicted,0.14285714285714285,6,6,GGCCTCTGATTCGTTCGTTT,0,5002010
yjbJ_predicted,0.14285714285714285,6,6,GGCCTCGCGCGCATTCCAGT,0,5029144
yjbJ_predicted,0.14285714285714285,6,6,GGCCGTGAGAAGACTTTAAA,0,5006117
yjbJ_predicted,0.14285714285714285,6,6,GGCCGGGATCGCCACATGTA,0,5027176
yjbJ_predicted,0.14285714285714285,6,6,GGCCCTACGTGTGAGATGCT,0,5024455
yjbJ_predicted,0.14285714285714285,6,6,GGCCAGCGTATATTTACTAT,0,4998449
yjbJ_predicted,0.14285714285714285,6,6,GGCATTACCCTCACCTCTGG,0,4998561
yjbJ_predicted,0.14285714285714285,6,6,GGCATGCCCAGGGGGCTTTC,0,5027084
yjbJ_predicted,0.14285714285714285,6,6,GGCATGAATGCGAGTCCAAT,0,5026350
yjbJ_predicted,0.14285714285714285,6,6,GGCAGTCATGGATCTTCTAC,0,5022570
yjbJ_predicted,0.14285714285714285,6,6,GGCAGCGACTGACAGACAAA,0,5000235
yjbJ_predicted,0.14285714285714285,6,6,GGCACTGGTTCTTAATTGTA,0,5026698
yjbJ_predicted,0.14285714285714285,6,6,GGATCTTTGCGGGGATTTCG,0,5017483
yjbJ_predicted,0.14285714285714285,6,6,GGATCGTTAGTACGACATCC,0,4996249
yjbJ_predicted,0.14285714285714285,6,6,GGAGTCAAGCTTCGAAGCAA,0,5001449
yjbJ_predicted,0.14285714285714285,6,6,GGAGCATCTTGAGTCGTAGA,0,5016811
yjbJ_predicted,0.14285714285714285,6,6,GGAGAATTCATTCGAGGTTA,0,5026081
yjbJ_predicted,0.14285714285714285,6,6,GGACACGATCAGATGATACT,0,5004788
yjbJ_predicted,0.14285714285714285,6,6,GGAATTTATAACGTCTTCCG,0,5005068
yjbJ_predicted,0.14285714285714285,6,6,GGAATAGGGTCAAAATGGAT,0,5014385
yjbJ_predicted,0.14285714285714285,6,6,GGAAGTTCTGATGCGCTCTC,0,4995281
yjbJ_predicted,0.14285714285714285,6,6,GGAACCCTGTCGAGATTATA,0,5031190
yjbJ_predicted,0.14285714285714285,6,6,GGAAACCGCGTTGTTCAGCT,0,5014125
yjbJ_predicted,0.14285714285714285,6,6,GCTTTTTAAACAATAAGGCC,0,5000528
yjbJ_predicted,0.14285714285714285,6,6,GCTTTTGGGGCACACGTAAA,0,5023476
yjbJ_predicted,0.14285714285714285,6,6,GCTTTCGGGGCAGAAGCGGT,0,5018961
yjbJ_predicted,0.14285714285714285,6,6,GCTTGTGTATTCCCAACCGA,0,5007893
yjbJ_predicted,0.14285714285714285,6,6,GCTTGGCCTCTTAGTGACGG,0,5028396
yjbJ_predicted,0.14285714285714285,6,6,GCTTCTGCGTGGTCCCGGGC,0,5001833
yjbJ_predicted,0.14285714285714285,6,6,GCTTCCCCGAAAACCCCGTC,0,5006578
yjbJ_predicted,0.14285714285714285,6,6,GCTGCCTTCAACGCCTTCGG,0,4998657
yjbJ_predicted,0.14285714285714285,6,6,GCTAGTCACTCAGCAAGTAT,0,5002086
yjbJ_predicted,0.14285714285714285,6,6,GCTAGGTATAGCGGGTCCGG,0,5024369
yjbJ_predicted,0.14285714285714285,6,6,GCTAGATCGGGTGGGCCGCC,0,5025389
yjbJ_predicted,0.14285714285714285,6,6,GCTAGAGAGCGGTAGTAGCC,0,5000827
yjbJ_predicted,0.14285714285714285,6,6,GCTACACTCATACTAATCAT,0,5022164
yjbJ_predicted,0.14285714285714285,6,6,GCGTGGGACCGGTACCCTTC,0,5021433
yjbJ_predicted,0.14285714285714285,6,6,GCGTCACCGATATCAGGATT,0,5008077
yjbJ_predicted,0.14285714285714285,6,6,GCGTAGCATGCTTTGTGCAA,0,5008802
yjbJ_predicted,0.14285714285714285,6,6,GCGGTAAACGAGGCGAGATG,0,5000850
yjbJ_predicted,0.14285714285714285,6,6,GCGGGAGATACTATTTAGCC,0,5018928
yjbJ_predicted,0.14285714285714285,6,6,GCGGGAATTTTTAGATACCT,0,5024188
yjbJ_predicted,0.14285714285714285,6,6,GCGGCTGTAGTATCCGACCG,0,5011822
yjbJ_predicted,0.14285714285714285,6,6,GCGGCTCACTGTGCACGGGC,0,5001702
yjbJ_predicted,0.14285714285714285,6,6,GCGCCTGTCGTTGTGCGAGT,0,5002729
yjbJ_predicted,0.14285714285714285,6,6,GCGCAAGTCATGGTAACGGA,0,5020408
yjbJ_predicted,0.14285714285714285,6,6,GCCTCTGGCAAACTTACCCC,0,5007496
yjbJ_predicted,0.14285714285714285,6,6,GCCCTTATCGTCTCAGTGTT,0,5019686
yjbJ_predicted,0.14285714285714285,6,6,GCCCTTAGAACCTTGTTTAC,0,4999765
yjbJ_predicted,0.14285714285714285,6,6,GCCCTAAGGACTTGTGTGAA,0,5009501
yjbJ_predicted,0.14285714285714285,6,6,GCCCGATGCAGAGATTGCGT,0,4998224
yjbJ_predicted,0.14285714285714285,6,6,GCCCGATGAGCAGTGGTAAC,0,5016244
yjbJ_predicted,0.14285714285714285,6,6,GCCCCTGCCCCCCCCTGAGA,0,4996178
yjbJ_predicted,0.14285714285714285,6,6,GCCAGATGTTTAGTTCAGCC,0,5011294
yjbJ_predicted,0.14285714285714285,6,6,GCAGTTTCCAGTTCCCGCGT,0,4999215
yjbJ_predicted,0.14285714285714285,6,6,GCACTTGTGGCAAGGTAGAA,0,5024612
yjbJ_predicted,0.14285714285714285,6,6,GCACGTCGTCTAGAGAAGGG,0,5002260
yjbJ_predicted,0.14285714285714285,6,6,GCACGAACTTATATCGTGAG,0,5006742
yjbJ_predicted,0.14285714285714285,6,6,GCACATTGCTCACGTGCTTG,0,5018497
yjbJ_predicted,0.14285714285714285,6,6,GCAATCCCCACGCTCGTAAT,0,5014078
yjbJ_predicted,0.14285714285714285,6,6,GCAAACTCGGCCATACCGAT,0,5010609
yjbJ_predicted,0.14285714285714285,6,6,GCAAAACATAGGCTTCTTTG,0,5005055
yjbJ_predicted,0.14285714285714285,6,6,GATTCGGCGGAGGGTCTGCC,0,5019051
yjbJ_predicted,0.14285714285714285,6,6,GATTCAGTTCATGGGTCTAC,0,5012120
yjbJ_predicted,0.14285714285714285,6,6,GATTATCAATTCTGGAACGA,0,5003206
yjbJ_predicted,0.14285714285714285,6,6,GATATGGGAGATGTAATCTA,0,5021814
yjbJ_predicted,0.14285714285714285,6,6,GATAGTGGCCGGTCCCTAAT,0,5019683
yjbJ_predicted,0.14285714285714285,6,6,GATAAACAGGCACTTTCAAC,0,5014683
yjbJ_predicted,0.14285714285714285,6,6,GATAAAATACGTGCCTAGCC,0,5025848
yjbJ_predicted,0.14285714285714285,6,6,GATAAAACGTAATCGGAACC,0,4998905
yjbJ_predicted,0.14285714285714285,6,6,GAGTTTGATAACTGAAATAA,0,4997886
yjbJ_predicted,0.14285714285714285,6,6,GAGGTTCGAAGCTTAGGTTG,0,5019285
yjbJ_predicted,0.14285714285714285,6,6,GAGGGTGGTCCTGTTGGTAG,0,4999621
yjbJ_predicted,0.14285714285714285,6,6,GAGGACTTTTTCCCATCTAA,0,5013682
yjbJ_predicted,0.14285714285714285,6,6,GAGCAGAGCGGTGTTGCTAT,0,5027189
yjbJ_predicted,0.14285714285714285,6,6,GACTCTAAACAAGCCTTGGT,0,5026387
yjbJ_predicted,0.14285714285714285,6,6,GACGCTTCGGCGATGGCGGG,0,5014465
yjbJ_predicted,0.14285714285714285,6,6,GACGAAATTGGAAACAACAT,0,4998761
yjbJ_predicted,0.14285714285714285,6,6,GACCAGCCAAAGATCGCGAA,0,5005675
yjbJ_predicted,0.14285714285714285,6,6,GACCACGGTTGAGGGCAGGT,0,5017467
yjbJ_predicted,0.14285714285714285,6,6,GACACTTTACAGACCGTTAC,0,5013229
yjbJ_predicted,0.14285714285714285,6,6,GACAAGCGGAAGCATCGGTT,0,5027058
yjbJ_predicted,0.14285714285714285,6,6,GAATAACGACAGCTCCATTC,0,4997917
yjbJ_predicted,0.14285714285714285,6,6,GAAGTGCCGGGCCAGTCGGA,0,5003514
yjbJ_predicted,0.14285714285714285,6,6,GAAGGTTCAGAGGAGAGTGT,0,5002732
yjbJ_predicted,0.14285714285714285,6,6,GAAGGTAGTCTTGGTATCCT,0,5020092
yjbJ_predicted,0.14285714285714285,6,6,GAAGGCTTGGACTGACTTCC,0,5010812
yjbJ_predicted,0.14285714285714285,6,6,GAAGGCACCGACCGGCCGGA,0,5009271
yjbJ_predicted,0.14285714285714285,6,6,GAACTATCTTTTTTTCTCTG,0,4998415
yjbJ_predicted,0.14285714285714285,6,6,GAACCCCCACGAACCAACGG,0,5024894
yjbJ_predicted,0.14285714285714285,6,6,GAAATCAGACAGAGCCAAAC,0,5029621
yjbJ_predicted,0.14285714285714285,6,6,GAAATATGTGGCTGTGACGT,0,5028731
yjbJ_predicted,0.14285714285714285,6,6,GAAATAAGATAGATACGTGA,0,4994906
yjbJ_predicted,0.14285714285714285,6,6,CTTTTGGCAACGAGGGGCCT,0,4996626
yjbJ_predicted,0.14285714285714285,6,6,CTTTTCAAATCAGCGAGACA,0,5010387
yjbJ_predicted,0.14285714285714285,6,6,CTTTGCCTTGTAGTGCCGCA,0,5022591
yjbJ_predicted,0.14285714285714285,6,6,CTTTATGGGTATCGCGCAAC,0,5030976
yjbJ_predicted,0.14285714285714285,6,6,CTTTACGATAATGGTATTCA,0,5001432
yjbJ_predicted,0.14285714285714285,6,6,CTTGTTTGGATCTGAGGCGT,0,5001588
yjbJ_predicted,0.14285714285714285,6,6,CTTAGGTAAGGCCAGAGACT,0,5028800
yjbJ_predicted,0.14285714285714285,6,6,CTTACCGCCATTGGTAGGGG,0,5028993
yjbJ_predicted,0.14285714285714285,6,6,CTTAACACGCCGCACCACTG,0,5003741
yjbJ_predicted,0.14285714285714285,6,6,CTTAAAATGGTACTCTAAAC,0,5024416
yjbJ_predicted,0.14285714285714285,6,6,CTGTGTAGCTCGTATCTAAA,0,5004875
yjbJ_predicted,0.14285714285714285,6,6,CTGTCCCCTAAAAGACCGCT,0,5012429
yjbJ_predicted,0.14285714285714285,6,6,CTGGTCGGCTTATAGCCCCC,0,4997776
yjbJ_predicted,0.14285714285714285,6,6,CTGGGTTGCCTATAAGTTTG,0,5027558
yjbJ_predicted,0.14285714285714285,6,6,CTGGCCCCGGGTACTGACTC,0,5015125
yjbJ_predicted,0.14285714285714285,6,6,CTGGCAGAGGTTGCGATCTA,0,5014403
yjbJ_predicted,0.14285714285714285,6,6,CTGGAGCTATTATCGATCTG,0,5007273
yjbJ_predicted,0.14285714285714285,6,6,CTGCCCGTCTAACTTGCTAG,0,5008404
yjbJ_predicted,0.14285714285714285,6,6,CTGCATACGTCGAATCAGAT,0,5020907
yjbJ_predicted,0.14285714285714285,6,6,CTGAGTGCAGTGGCTATACA,0,5020831
yjbJ_predicted,0.14285714285714285,6,6,CTCTTGATTTTGATCCTGAT,0,5022363
yjbJ_predicted,0.14285714285714285,6,6,CTCTCTGCCACGAAGCGATG,0,5029359
yjbJ_predicted,0.14285714285714285,6,6,CTCTACAGTTCTGTATGATA,0,5004703
yjbJ_predicted,0.14285714285714285,6,6,CTCGGGTGCTGTCTTAGATC,0,5007080
yjbJ_predicted,0.14285714285714285,6,6,CTCCGGGACGCAATCAGTAA,0,5005546
yjbJ_predicted,0.14285714285714285,6,6,CTCCATCTGACGTACACTAG,0,5002679
yjbJ_predicted,0.14285714285714285,6,6,CTCATCTGTTCTTTACGGTT,0,5020902
yjbJ_predicted,0.14285714285714285,6,6,CTCAGTTGCTTGGGACCGTT,0,5012263
yjbJ_predicted,0.14285714285714285,6,6,CTATTCTGAGTTTTATCCTA,0,5009272
yjbJ_predicted,0.14285714285714285,6,6,CTATTAGGTTTTAAACGTTG,0,4994932
yjbJ_predicted,0.14285714285714285,6,6,CTATAAAAACGTTACCACGG,0,5019213
yjbJ_predicted,0.14285714285714285,6,6,CTAGCGTTACGAAAGCCGTA,0,5003379
yjbJ_predicted,0.14285714285714285,6,6,CTAGACTTCACACCCCCCTA,0,5010039
yjbJ_predicted,0.14285714285714285,6,6,CTACTCCAGATAGTTTCCCT,0,5029585
yjbJ_predicted,0.14285714285714285,6,6,CGTTGGCGTCAGAGCATTGG,0,4999926
yjbJ_predicted,0.14285714285714285,6,6,CGTGCCTGTCGGTCCGTCCT,0,5031302
yjbJ_predicted,0.14285714285714285,6,6,CGTGAGACCCCTCGATTATT,0,5018340
yjbJ_predicted,0.14285714285714285,6,6,CGTGAATCATGGCATTTAAA,0,4995714
yjbJ_predicted,0.14285714285714285,6,6,CGTGAACAGACAGGTCGTGG,0,5006561
yjbJ_predicted,0.14285714285714285,6,6,CGTCGAGGCCAACATGCGTC,0,5000054
yjbJ_predicted,0.14285714285714285,6,6,CGTCAGCGGCGTTCCTCGGC,0,5026670
yjbJ_predicted,0.14285714285714285,6,6,CGTATGGGCGGAAGTCAAAG,0,5028065
yjbJ_predicted,0.14285714285714285,6,6,CGGTGCCCGTATTTTATGTT,0,5030962
yjbJ_predicted,0.14285714285714285,6,6,CGGGTGGATCGGCCTAGAGC,0,5017009
yjbJ_predicted,0.14285714285714285,6,6,CGGGTCTTACCACGGAAGCA,0,5001780
yjbJ_predicted,0.14285714285714285,6,6,CGGGTCTCACGTAAGGAGTT,0,5007346
yjbJ_predicted,0.14285714285714285,6,6,CGGGAGGAGCAGTTAACGAA,0,5022095
yjbJ_predicted,0.14285714285714285,6,6,CGGGAGAGAGACTAGATTAA,0,5010832
yjbJ_predicted,0.14285714285714285,6,6,CGGCTGTGCGGCGAGTGACG,0,4995411
yjbJ_predicted,0.14285714285714285,6,6,CGGCCTGCAGCAAATGTGGT,0,5023129
yjbJ_predicted,0.14285714285714285,6,6,CGGCCACGGGTTACAACTTC,0,5020727
yjbJ_predicted,0.14285714285714285,6,6,CGGCAGCTAATCAACCATGG,0,5017223
yjbJ_predicted,0.14285714285714285,6,6,CGGAGTGTAGATCGGAGTAT,0,5022128
yjbJ_predicted,0.14285714285714285,6,6,CGGAAGCCCGAGGGCGGCAA,0,5022929
yjbJ_predicted,0.14285714285714285,6,6,CGCTTACATACGCGTTCGAG,0,5030309
yjbJ_predicted,0.14285714285714285,6,6,CGCTGTGGTCTACAGGTGTA,0,5002402
yjbJ_predicted,0.14285714285714285,6,6,CGCCGAAACGAAACTAAAGG,0,5029260
yjbJ_predicted,0.14285714285714285,6,6,CGCCCAGAACTTCACAGATA,0,4998014
yjbJ_predicted,0.14285714285714285,6,6,CGCCAACGACGCAAGTGGCT,0,5017563
yjbJ_predicted,0.14285714285714285,6,6,CGCAGCTGCTACACGTAGTT,0,4998196
yjbJ_predicted,0.14285714285714285,6,6,CGCAGACATTACTAAAGCTC,0,5005882
yjbJ_predicted,0.14285714285714285,6,6,CGCAAAGATAGGGAGAATTA,0,5020861
yjbJ_predicted,0.14285714285714285,6,6,CGATTGAGTGAGAGCGGCAT,0,5018893
yjbJ_predicted,0.14285714285714285,6,6,CGATCGGTAAGGTTCAAGGT,0,5011589
yjbJ_predicted,0.14285714285714285,6,6,CGAGGGTCGAGCTAATACCT,0,5011356
yjbJ_predicted,0.14285714285714285,6,6,CGAGGCAGTGTTAAAATATT,0,4997851
yjbJ_predicted,0.14285714285714285,6,6,CGACGAGGAGCTGGACTAAG,0,5012555
yjbJ_predicted,0.14285714285714285,6,6,CGACATCGTTAAGCGAAAAG,0,5027299
yjbJ_predicted,0.14285714285714285,6,6,CGAACCCATCAAGTCGTCGC,0,5010889
yjbJ_predicted,0.14285714285714285,6,6,CCTTGCGTTAACTCATCGTC,0,5026440
yjbJ_predicted,0.14285714285714285,6,6,CCTTAGTGATCTCTGCTCTA,0,5007453
yjbJ_predicted,0.14285714285714285,6,6,CCTGGCCACTGACCCTGCAG,0,5013720
yjbJ_predicted,0.14285714285714285,6,6,CCTGGATTCCTACTTCTTAG,0,4996590
yjbJ_predicted,0.14285714285714285,6,6,CCTGAAAACCATGGCGGTAA,0,4998606
yjbJ_predicted,0.14285714285714285,6,6,CCTCGGTACGAATACCCGGA,0,5017840
yjbJ_predicted,0.14285714285714285,6,6,CCTCGGGGTTACATAAACGA,0,5025948
yjbJ_predicted,0.14285714285714285,6,6,CCTCGAGCCCCTGCCGAAAG,0,5001146
yjbJ_predicted,0.14285714285714285,6,6,CCTCACCTGCGATGCGAAGG,0,4996191
yjbJ_predicted,0.14285714285714285,6,6,CCTAGACCCTCTGGCTGTAT,0,4994774
yjbJ_predicted,0.14285714285714285,6,6,CCGTATTGGGAATGAACTAT,0,5012899
yjbJ_predicted,0.14285714285714285,6,6,CCGGCCAATGGTGGCGAGCA,0,5004169
yjbJ_predicted,0.14285714285714285,6,6,CCGGCAGAAATTAGAAAAAC,0,5016542
yjbJ_predicted,0.14285714285714285,6,6,CCGGCAACATACCCTACTGC,0,5010344
yjbJ_predicted,0.14285714285714285,6,6,CCGCTGGGGTACTTATGTGG,0,4995728
yjbJ_predicted,0.14285714285714285,6,6,CCGCGCATTCCCAATGGCTT,0,5008070
yjbJ_predicted,0.14285714285714285,6,6,CCGCGACTGGCCGAGGGCTA,0,5026973
yjbJ_predicted,0.14285714285714285,6,6,CCGCGACACGGCGCCCTACA,0,5031254
yjbJ_predicted,0.14285714285714285,6,6,CCGATGGTATGGGTTTCGCC,0,5031067
yjbJ_predicted,0.14285714285714285,6,6,CCGATGGAACAGATATGATA,0,4999534
yjbJ_predicted,0.14285714285714285,6,6,CCGAGCAGATAGCGGTCTTG,0,5014485
yjbJ_predicted,0.14285714285714285,6,6,CCGACACGCCTGGTTAATCC,0,5022054
yjbJ_predicted,0.14285714285714285,6,6,CCCTGTTCACCCTACCCATT,0,5005737
yjbJ_predicted,0.14285714285714285,6,6,CCCTAAGGGTAGTGCTTCGC,0,5001943
yjbJ_predicted,0.14285714285714285,6,6,CCCGTCTCACCATCACAAAT,0,5012045
yjbJ_predicted,0.14285714285714285,6,6,CCCGCTAATCGCTGCCGTCA,0,5005109
yjbJ_predicted,0.14285714285714285,6,6,CCCGCGCAATCTTCGTACGT,0,5012415
yjbJ_predicted,0.14285714285714285,6,6,CCCGCCAGATGGAACCCGAG,0,5024029
yjbJ_predicted,0.14285714285714285,6,6,CCCGCATTGAACTGAATTCA,0,5026284
yjbJ_predicted,0.14285714285714285,6,6,CCCGAAGCACATAAAAAGGT,0,5017420
yjbJ_predicted,0.14285714285714285,6,6,CCCAGGTCCATTTATGCAGT,0,5023560
yjbJ_predicted,0.14285714285714285,6,6,CCATTTGCCTCTCCAATATA,0,5013108
yjbJ_predicted,0.14285714285714285,6,6,CCATGTAGTATCTTTTCAGA,0,5030017
yjbJ_predicted,0.14285714285714285,6,6,CCATGGATCTGTCTCTCTTG,0,5001779
yjbJ_predicted,0.14285714285714285,6,6,CCATCGCAATCAATAGAAGA,0,5013074
yjbJ_predicted,0.14285714285714285,6,6,CCAGGGTGCTCAGGGCTAGA,0,5000992
yjbJ_predicted,0.14285714285714285,6,6,CCAGCCGGCTGGTCGCAGGA,0,5019848
yjbJ_predicted,0.14285714285714285,6,6,CCACGGATTGCAATAGGTGA,0,5025587
yjbJ_predicted,0.14285714285714285,6,6,CCACCTACCCGCGATGCCAT,0,5011438
yjbJ_predicted,0.14285714285714285,6,6,CCAACAAAGTTCAATCTCAT,0,5008693
yjbJ_predicted,0.14285714285714285,6,6,CATTTTACGGGATTAGCCTA,0,5027087
yjbJ_predicted,0.14285714285714285,6,6,CATTCGCGGGTTTCACTCCC,0,4996245
yjbJ_predicted,0.14285714285714285,6,6,CATTCCATGTCCGCCAGGGG,0,5011655
yjbJ_predicted,0.14285714285714285,6,6,CATGTTATATCTACTAGGCA,0,5005318
yjbJ_predicted,0.14285714285714285,6,6,CATGTGGTCAAGCTCTTAAA,0,5008934
yjbJ_predicted,0.14285714285714285,6,6,CATGATCGGGTGCTAGGTTC,0,5008543
yjbJ_predicted,0.14285714285714285,6,6,CATCGGCTAGTTCTACTTGA,0,5018621
yjbJ_predicted,0.14285714285714285,6,6,CATCGCTACTCGTACACATA,0,5018776
yjbJ_predicted,0.14285714285714285,6,6,CATCGCCCACGAAGTCGTTT,0,5010189
yjbJ_predicted,0.14285714285714285,6,6,CATAGTCATGTGTATATGGT,0,5002632
yjbJ_predicted,0.14285714285714285,6,6,CATAGGGGCCACATAATGGA,0,4998122
yjbJ_predicted,0.14285714285714285,6,6,CATAGAATTAAAGCGAGTAA,0,5031318
yjbJ_predicted,0.14285714285714285,6,6,CATAATCCGTAGAGACACGA,0,5001317
yjbJ_predicted,0.14285714285714285,6,6,CATAAGTACCCCGGGTGTAG,0,5025065
yjbJ_predicted,0.14285714285714285,6,6,CAGTTGGCGCGCCCCGACAC,0,5007157
yjbJ_predicted,0.14285714285714285,6,6,CAGTGGAGCAAACTGCCGCC,0,5001486
yjbJ_predicted,0.14285714285714285,6,6,CAGGTAATTTCGGTTCCGGG,0,5010335
yjbJ_predicted,0.14285714285714285,6,6,CAGGGGTACACAGCCTACAG,0,5008782
yjbJ_predicted,0.14285714285714285,6,6,CAGGGGATTCATTCTAGGCA,0,5025799
yjbJ_predicted,0.14285714285714285,6,6,CAGGCTCAACTTAAGGATGG,0,5022775
yjbJ_predicted,0.14285714285714285,6,6,CAGGCGGGATCCTAATACGA,0,5004098
yjbJ_predicted,0.14285714285714285,6,6,CAGGCAAAAGATTTTTGGCG,0,4999471
yjbJ_predicted,0.14285714285714285,6,6,CAGCTTTTCTATACGAAGCA,0,5006584
yjbJ_predicted,0.14285714285714285,6,6,CAGCACTTCGAGCATTAGTG,0,5002556
yjbJ_predicted,0.14285714285714285,6,6,CAGAGTCACGGTGGCGGTTG,0,5012610
yjbJ_predicted,0.14285714285714285,6,6,CAGAACCATATAAGATTTTA,0,5013939
yjbJ_predicted,0.14285714285714285,6,6,CACTGTCCGCTATACATATC,0,5030243
yjbJ_predicted,0.14285714285714285,6,6,CACCGACATGGTGTCAATGT,0,4996803
yjbJ_predicted,0.14285714285714285,6,6,CACAGTATACTCTTCCTACA,0,5002173
yjbJ_predicted,0.14285714285714285,6,6,CACACCAGGCCGGTATTTCC,0,4998464
yjbJ_predicted,0.14285714285714285,6,6,CACAAAGGTGAGTAACGAAG,0,5027137
yjbJ_predicted,0.14285714285714285,6,6,CAATTCGGGCAAACGGAGCG,0,4995767
yjbJ_predicted,0.14285714285714285,6,6,CAATCAGCCATGGGTATGCA,0,5027579
yjbJ_predicted,0.14285714285714285,6,6,CAATACACCTAGGGAACGAG,0,4999919
yjbJ_predicted,0.14285714285714285,6,6,CAAGCCCGCACATCCGCTAG,0,5019561
yjbJ_predicted,0.14285714285714285,6,6,CAAGCCCGACCTGGAGGATG,0,5004802
yjbJ_predicted,0.14285714285714285,6,6,CAACGCTCCATCCGACCAGG,0,5012064
yjbJ_predicted,0.14285714285714285,6,6,CAACCGACCTTAGCATGATT,0,5022331
yjbJ_predicted,0.14285714285714285,6,6,CAACACTTGTGTCTACTAAG,0,4995249
yjbJ_predicted,0.14285714285714285,6,6,CAAAGGCCGTAGGCGCTTCC,0,5006821
yjbJ_predicted,0.14285714285714285,6,6,CAAAAGTGGTTCCTTAAAGG,0,5028089
yjbJ_predicted,0.14285714285714285,6,6,ATTTTTAGACCTTGCTTAAA,0,5002437
yjbJ_predicted,0.14285714285714285,6,6,ATTTTGTTGGATATCTTTGA,0,5010044
yjbJ_predicted,0.14285714285714285,6,6,ATTTTCTTGCCGGACTGGTC,0,5018572
yjbJ_predicted,0.14285714285714285,6,6,ATTTACACGCGATGTCCGGG,0,5011645
yjbJ_predicted,0.14285714285714285,6,6,ATTTAAAAGTTCTACGCAGT,0,4995073
yjbJ_predicted,0.14285714285714285,6,6,ATTGTTTCTTCTTCTGGTAG,0,5013243
yjbJ_predicted,0.14285714285714285,6,6,ATTGGGGTTTTTAGGCTGAA,0,5026751
yjbJ_predicted,0.14285714285714285,6,6,ATTCGAATGCCACGAGGTAC,0,5020355
yjbJ_predicted,0.14285714285714285,6,6,ATTATTTAGCTTTCTGTTAA,0,5014463
yjbJ_predicted,0.14285714285714285,6,6,ATTAAAGTTACGAGGGTACG,0,5010043
yjbJ_predicted,0.14285714285714285,6,6,ATGTCGAGTGTCGGGCCTAA,0,4998488
yjbJ_predicted,0.14285714285714285,6,6,ATGTAGGCGCTATGTAGGCA,0,5005250
yjbJ_predicted,0.14285714285714285,6,6,ATGTAACATACCTCAGATGC,0,5014234
yjbJ_predicted,0.14285714285714285,6,6,ATGGACCCGCCTCGATTTAC,0,5030820
yjbJ_predicted,0.14285714285714285,6,6,ATGCACACGGGTATATAGTA,0,5000805
yjbJ_predicted,0.14285714285714285,6,6,ATGAGGCCAGTTAGCCAGTA,0,5016994
yjbJ_predicted,0.14285714285714285,6,6,ATGAATGTTGACAGGAAGGT,0,5019756
yjbJ_predicted,0.14285714285714285,6,6,ATCTTACAATGTTTAGTCCC,0,5024960
yjbJ_predicted,0.14285714285714285,6,6,ATCTGTCCAGACCGTCGCAA,0,5020914
yjbJ_predicted,0.14285714285714285,6,6,ATCTCATGCTAGGTAAGGTT,0,5017602
yjbJ_predicted,0.14285714285714285,6,6,ATCTATTCGCTGACTCAGCC,0,5023924
yjbJ_predicted,0.14285714285714285,6,6,ATCTAGGGTCTAAGCTCTCT,0,5006738
yjbJ_predicted,0.14285714285714285,6,6,ATCGTTGCCATCTTATACGT,0,5006250
yjbJ_predicted,0.14285714285714285,6,6,ATCGGGCAAGAAATACCATG,0,5019011
yjbJ_predicted,0.14285714285714285,6,6,ATCCCTTTCCTCTCGCAGAC,0,5012516
yjbJ_predicted,0.14285714285714285,6,6,ATCCCTAGGGGGGTGATTTC,0,5004561
yjbJ_predicted,0.14285714285714285,6,6,ATCAGTCTCGCAGCTTCAAA,0,5009802
yjbJ_predicted,0.14285714285714285,6,6,ATATTCATTACAAAAGCTTG,0,4998227
yjbJ_predicted,0.14285714285714285,6,6,ATATAGTGTATGAAGAGCTT,0,4997693
yjbJ_predicted,0.14285714285714285,6,6,ATAGCTACAGTCCACCCTCT,0,5026758
yjbJ_predicted,0.14285714285714285,6,6,ATAGATTTAATCTGCTTGAA,0,4996843
yjbJ_predicted,0.14285714285714285,6,6,ATAGAGGGACAATCGTTGAT,0,5017128
yjbJ_predicted,0.14285714285714285,6,6,ATAGAATGTCTCCATCTCCT,0,5017900
yjbJ_predicted,0.14285714285714285,6,6,ATAGAAATGAAGGCCCCAGA,0,5000893
yjbJ_predicted,0.14285714285714285,6,6,ATACTGCTGCTATGGTACGT,0,5024283
yjbJ_predicted,0.14285714285714285,6,6,ATACGATTCGTCAATAATAA,0,4998440
yjbJ_predicted,0.14285714285714285,6,6,AGTTGTGGAAACGGAAAATT,0,5012416
yjbJ_predicted,0.14285714285714285,6,6,AGTTATAGTTCGAGTCATTG,0,5023484
yjbJ_predicted,0.14285714285714285,6,6,AGTGGTTCTGTATACCCGGC,0,5019645
yjbJ_predicted,0.14285714285714285,6,6,AGTGCCTAAGCTGGTCCAGA,0,5019244
yjbJ_predicted,0.14285714285714285,6,6,AGTCTGTCCGGCAGCAAGCG,0,5016740
yjbJ_predicted,0.14285714285714285,6,6,AGTATCTCTTGAGCTCCAAG,0,5005492
yjbJ_predicted,0.14285714285714285,6,6,AGTATATGGAGGTTAGTAAG,0,5012299
yjbJ_predicted,0.14285714285714285,6,6,AGTATACTATCCCGATCCGA,0,5023699
yjbJ_predicted,0.14285714285714285,6,6,AGTAGTAAGATACAGCTTCA,0,5001087
yjbJ_predicted,0.14285714285714285,6,6,AGTAGCCACAAAGTAATCAA,0,5026767
yjbJ_predicted,0.14285714285714285,6,6,AGGTTTATGTTGTGGAAGAG,0,5004392
yjbJ_predicted,0.14285714285714285,6,6,AGGTGCGACACCAATATTAG,0,5031119
yjbJ_predicted,0.14285714285714285,6,6,AGGTGACGTCATATTTTAAC,0,5003367
yjbJ_predicted,0.14285714285714285,6,6,AGGTAATCGCAGTGAGCCAT,0,5012556
yjbJ_predicted,0.14285714285714285,6,6,AGGGTTGCTGAGGCAGAGTC,0,5017330
yjbJ_predicted,0.14285714285714285,6,6,AGGGAGAGCCGGGAAACCAA,0,5015313
yjbJ_predicted,0.14285714285714285,6,6,AGGCTTGCAGTACACGGTCA,0,5003180
yjbJ_predicted,0.14285714285714285,6,6,AGGCGGGATTACCCGGGACA,0,5008616
yjbJ_predicted,0.14285714285714285,6,6,AGGCATTACCTTGTGGGTCT,0,5014395
yjbJ_predicted,0.14285714285714285,6,6,AGGATATAACGCGTAGAGTG,0,5011225
yjbJ_predicted,0.14285714285714285,6,6,AGGAGCCATAGTAATGTTTG,0,5022306
yjbJ_predicted,0.14285714285714285,6,6,AGGAAGCCCATCCTAATGCA,0,5028806
yjbJ_predicted,0.14285714285714285,6,6,AGCTTTAGTTCTAGCGCCGA,0,5000069
yjbJ_predicted,0.14285714285714285,6,6,AGCTGATAACCGGGAAATAT,0,5002025
yjbJ_predicted,0.14285714285714285,6,6,AGCCAAAGAAGTCTACAGGA,0,5011724
yjbJ_predicted,0.14285714285714285,6,6,AGCATGAACAGCCAGTCGGG,0,5014320
yjbJ_predicted,0.14285714285714285,6,6,AGCACATAGAGTTCCATTCG,0,5021629
yjbJ_predicted,0.14285714285714285,6,6,AGCACAGACATAGCGGTCAC,0,5025870
yjbJ_predicted,0.14285714285714285,6,6,AGATCCGTCCGCTTACTGCA,0,5023681
yjbJ_predicted,0.14285714285714285,6,6,AGAGTTAACTAGGAGTGGCC,0,5007336
yjbJ_predicted,0.14285714285714285,6,6,AGAGTAAGGGCCATACGACT,0,5028205
yjbJ_predicted,0.14285714285714285,6,6,AGAGATAGTTACGATACCGG,0,4999095
yjbJ_predicted,0.14285714285714285,6,6,AGACGCCCGAGCCATGCGTA,0,5022224
yjbJ_predicted,0.14285714285714285,6,6,AGAACTGTACTCCGCCCATA,0,5015115
yjbJ_predicted,0.14285714285714285,6,6,AGAAACGTAATGGGTGTCAG,0,5022335
yjbJ_predicted,0.14285714285714285,6,6,ACTTTTTTTTGGACGTCTCA,0,4995591
yjbJ_predicted,0.14285714285714285,6,6,ACTTTTAGAGTCAGGGTAGC,0,5017384
yjbJ_predicted,0.14285714285714285,6,6,ACTTGAGCGTAGATAAGTTT,0,5030584
yjbJ_predicted,0.14285714285714285,6,6,ACTTCGGGCTAGGCCCGTCC,0,5022556
yjbJ_predicted,0.14285714285714285,6,6,ACTTATGTTTTCCCGGGCAT,0,5020648
yjbJ_predicted,0.14285714285714285,6,6,ACTTAGACACGTTAATTGCT,0,5024101
yjbJ_predicted,0.14285714285714285,6,6,ACTTACAGGGGAAGCGGGAG,0,5009690
yjbJ_predicted,0.14285714285714285,6,6,ACTGAGACATCGGTGGGCGA,0,5005962
yjbJ_predicted,0.14285714285714285,6,6,ACTCTTACCACGACGGTCGT,0,5024208
yjbJ_predicted,0.14285714285714285,6,6,ACTCGGACACTATCCATCTC,0,5027230
yjbJ_predicted,0.14285714285714285,6,6,ACTCCAGAGAACGCCACAAA,0,5029353
yjbJ_predicted,0.14285714285714285,6,6,ACTCAAGTCTTAAACACAAC,0,5003670
yjbJ_predicted,0.14285714285714285,6,6,ACTATCCACGTTCACACTCT,0,5022554
yjbJ_predicted,0.14285714285714285,6,6,ACTAATTGCGAAGGTATTTG,0,5025107
yjbJ_predicted,0.14285714285714285,6,6,ACGTTTCATTTTGCGAAATC,0,5020051
yjbJ_predicted,0.14285714285714285,6,6,ACGTTCACTACCAAGCAAGG,0,5023714
yjbJ_predicted,0.14285714285714285,6,6,ACGTGCTACAGGCCAATTAT,0,4997165
yjbJ_predicted,0.14285714285714285,6,6,ACGTGCACTGATACAAACAG,0,5000261
yjbJ_predicted,0.14285714285714285,6,6,ACGTCTTTGTGTGTTGGGAA,0,5030897
yjbJ_predicted,0.14285714285714285,6,6,ACGGGCCTTTTACGTACGTA,0,5009773
yjbJ_predicted,0.14285714285714285,6,6,ACGCTGTGCCAGAGGCTCGT,0,5016079
yjbJ_predicted,0.14285714285714285,6,6,ACGCGCAAACGGAATGCGCA,0,5013099
yjbJ_predicted,0.14285714285714285,6,6,ACGCCCTAGTCGGACCCATG,0,5001327
yjbJ_predicted,0.14285714285714285,6,6,ACGCAAATGGGTTTGCCCGT,0,5019014
yjbJ_predicted,0.14285714285714285,6,6,ACGAAGGTTCACCGAGACGA,0,4994830
yjbJ_predicted,0.14285714285714285,6,6,ACGAACTTGGCCCCCGGTTA,0,5005452
yjbJ_predicted,0.14285714285714285,6,6,ACCTCAATCAATATCGAGGA,0,5015210
yjbJ_predicted,0.14285714285714285,6,6,ACCGTAATAATCATTAAATG,0,5000720
yjbJ_predicted,0.14285714285714285,6,6,ACCCGTCATTTGCAATGATC,0,5001023
yjbJ_predicted,0.14285714285714285,6,6,ACCCATATGAGGCGAAAAGA,0,5010697
yjbJ_predicted,0.14285714285714285,6,6,ACCCAGATTGCTTATGGTAT,0,5008035
yjbJ_predicted,0.14285714285714285,6,6,ACCCACACGGTCTTACAGCT,0,5030409
yjbJ_predicted,0.14285714285714285,6,6,ACCATACAAGCGCGTATCAC,0,5022487
yjbJ_predicted,0.14285714285714285,6,6,ACCAAGCCACCTTTATCCTA,0,5002155
yjbJ_predicted,0.14285714285714285,6,6,ACCAACGTGATAGGTAAGGG,0,5014731
yjbJ_predicted,0.14285714285714285,6,6,ACATGTAGGTCACTTAACAA,0,5015646
yjbJ_predicted,0.14285714285714285,6,6,ACATGCGGGATGACGTATTG,0,5015322
yjbJ_predicted,0.14285714285714285,6,6,ACATCTGTTAATACTTCGTC,0,4997364
yjbJ_predicted,0.14285714285714285,6,6,ACAGAGCAGACCAATCCGGA,0,4996491
yjbJ_predicted,0.14285714285714285,6,6,ACACAGTGCCTTGAACGAAC,0,5020904
yjbJ_predicted,0.14285714285714285,6,6,ACAATGAGATCGGTCGGGGT,0,5003491
yjbJ_predicted,0.14285714285714285,6,6,ACAATAATGGGACTAATGCC,0,5002133
yjbJ_predicted,0.14285714285714285,6,6,ACAACCCAGCCGGGCTTAAC,0,5003841
yjbJ_predicted,0.14285714285714285,6,6,AATTTTTCCGGCGACGACGG,0,5013862
yjbJ_predicted,0.14285714285714285,6,6,AATTTTAATGTCCATAACCC,0,5005856
yjbJ_predicted,0.14285714285714285,6,6,AATTTGGCGAGACACGGCTA,0,5025249
yjbJ_predicted,0.14285714285714285,6,6,AATTTACGTTTGGGACCACA,0,4995241
yjbJ_predicted,0.14285714285714285,6,6,AATTACTGCGCTCTTTGAAG,0,5004480
yjbJ_predicted,0.14285714285714285,6,6,AATGAGCATTGGGGGGGTTG,0,5022297
yjbJ_predicted,0.14285714285714285,6,6,AATCTGCCGTGACATCACAC,0,5013419
yjbJ_predicted,0.14285714285714285,6,6,AATATTTCTGCGGGAGTAAA,0,5022443
yjbJ_predicted,0.14285714285714285,6,6,AATAGTTGGAACTGTTTCAC,0,5002208
yjbJ_predicted,0.14285714285714285,6,6,AATAGGGACTGGCCGTTAGA,0,4998576
yjbJ_predicted,0.14285714285714285,6,6,AATAGCTCGTCTGATCTGTG,0,5011291
yjbJ_predicted,0.14285714285714285,6,6,AATAGCGCCGCCAGTTATGA,0,5005267
yjbJ_predicted,0.14285714285714285,6,6,AATAACTTATGAGTGTTCTT,0,4995576
yjbJ_predicted,0.14285714285714285,6,6,AATAAATCATTTGACCGAGC,0,5027741
yjbJ_predicted,0.14285714285714285,6,6,AAGTGTCTTTGGTGGCGATT,0,4994879
yjbJ_predicted,0.14285714285714285,6,6,AAGTGTCGTGACGTATAGCC,0,4996095
yjbJ_predicted,0.14285714285714285,6,6,AAGTGATGCCCGCTCCGGCA,0,5017775
yjbJ_predicted,0.14285714285714285,6,6,AAGTGATAACTAAGGGGCGC,0,5030870
yjbJ_predicted,0.14285714285714285,6,6,AAGTCATAGTAAAACCCATG,0,5015401
yjbJ_predicted,0.14285714285714285,6,6,AAGGGTGCATATATCGTGAA,0,5026430
yjbJ_predicted,0.14285714285714285,6,6,AAGGCCTGTAACGGGCCAAG,0,5020153
yjbJ_predicted,0.14285714285714285,6,6,AAGCGGTCGGGCTGTACCGT,0,5003317
yjbJ_predicted,0.14285714285714285,6,6,AAGCCCGAGTCAATATTGCT,0,5011491
yjbJ_predicted,0.14285714285714285,6,6,AAGAGTTAAGGGTTAGGGTG,0,5005839
yjbJ_predicted,0.14285714285714285,6,6,AAGAGAATGATAGTCAAGTT,0,5008275
yjbJ_predicted,0.14285714285714285,6,6,AACTTTGTACAAATCCTTTT,0,5003487
yjbJ_predicted,0.14285714285714285,6,6,AACTTGAGGAAGTCGAAAGG,0,5006804
yjbJ_predicted,0.14285714285714285,6,6,AACGCCAGGAATTACCACGT,0,4998729
yjbJ_predicted,0.14285714285714285,6,6,AACGCATCCGGTCCAATCGT,0,5013841
yjbJ_predicted,0.14285714285714285,6,6,AACGAGGTCGAAATTGCGCT,0,4996989
yjbJ_predicted,0.14285714285714285,6,6,AACCGGTATCTCCGCAGGCA,0,5024562
yjbJ_predicted,0.14285714285714285,6,6,AACCGACATGCTGTCGGAGT,0,4996698
yjbJ_predicted,0.14285714285714285,6,6,AACCGAATGTTACTTCGACG,0,4995181
yjbJ_predicted,0.14285714285714285,6,6,AACCAGCATCACGGTTTATG,0,5024780
yjbJ_predicted,0.14285714285714285,6,6,AACATTCTTTCAGTTCCAAT,0,5018152
yjbJ_predicted,0.14285714285714285,6,6,AACAAGGCATGGCCAATGTT,0,5009592
yjbJ_predicted,0.14285714285714285,6,6,AAATCCGCATGCCGAGCAAG,0,4994734
yjbJ_predicted,0.14285714285714285,6,6,AAATCATAACCGTGGTCAAA,0,5013800
yjbJ_predicted,0.14285714285714285,6,6,AAAGTTTAGGGACAAACATT,0,5006068
yjbJ_predicted,0.14285714285714285,6,6,AAAGTGTCCAGAGTTTAATG,0,5006782
yjbJ_predicted,0.14285714285714285,6,6,AAAGGAAATCTTGAACATAC,0,5027878
yjbJ_predicted,0.14285714285714285,6,6,AAAGCGTCTCTGCAGACATA,0,5009369
yjbJ_predicted,0.14285714285714285,6,6,AAACTCTAGGTACCGCAAGA,0,5010462
yjbJ_predicted,0.14285714285714285,6,6,AAAAGTCCAGAGGTTCCGTT,0,5023076
yjbJ_predicted,0.14285714285714285,6,6,AAAAGAATTGAAATAGGAAC,0,5007509
yjbJ_predicted,0.16666666666666666,5,5,TTTTGGGGAAATGAAGTGTT,0,5026805
yjbJ_predicted,0.16666666666666666,5,5,TTTTGCGTTGTCATTCATCG,0,5023318
yjbJ_predicted,0.16666666666666666,5,5,TTTTGAGCCACACGTTGATC,0,5028951
yjbJ_predicted,0.16666666666666666,5,5,TTTACTGAACGTATTGGACC,0,5006592
yjbJ_predicted,0.16666666666666666,5,5,TTTACGCGACGAGGACTCGC,0,5000569
yjbJ_predicted,0.16666666666666666,5,5,TTGTCGTAAATTTCAGACGA,0,5012726
yjbJ_predicted,0.16666666666666666,5,5,TTGGTTTCCATTGACTACAT,0,5011739
yjbJ_predicted,0.16666666666666666,5,5,TTGGGTTGATCTCCTTAGCC,0,5008593
yjbJ_predicted,0.16666666666666666,5,5,TTGGCTAACGAGAGCTAAAA,0,5001358
yjbJ_predicted,0.16666666666666666,5,5,TTGGCAACGGGCGCATCTAG,0,5020055
yjbJ_predicted,0.16666666666666666,5,5,TTGGAGGTAATTGATCGCGA,0,5023942
yjbJ_predicted,0.16666666666666666,5,5,TTGGAAGTCCGTGGGGTGTT,0,5016933
yjbJ_predicted,0.16666666666666666,5,5,TTGCTGGAGTTCAATTTTTG,0,5006356
yjbJ_predicted,0.16666666666666666,5,5,TTGCTGATCGACATGCACGC,0,5023985
yjbJ_predicted,0.16666666666666666,5,5,TTGCGGAGGGTCTTGGAGCG,0,5014438
yjbJ_predicted,0.16666666666666666,5,5,TTGCCAGGCTTGAAAGGCGC,0,5016997
yjbJ_predicted,0.16666666666666666,5,5,TTGCCAAACATGCTTAGAGC,0,5027057
yjbJ_predicted,0.16666666666666666,5,5,TTGATAAAACACGTTAAAGG,0,5011744
yjbJ_predicted,0.16666666666666666,5,5,TTGAGTTCCGTAAAGAGGAT,0,5018088
yjbJ_predicted,0.16666666666666666,5,5,TTGACAGGCCGAGACACTTA,0,4995176
yjbJ_predicted,0.16666666666666666,5,5,TTCTGTACCCCCGTCCAGCT,0,5023840
yjbJ_predicted,0.16666666666666666,5,5,TTCGGTGTTAAGGCGGACGC,0,5008826
yjbJ_predicted,0.16666666666666666,5,5,TTCCGGATGGCGTGTCTCTT,0,4998481
yjbJ_predicted,0.16666666666666666,5,5,TTCCGGATATCGGCGCCTTG,0,5019715
yjbJ_predicted,0.16666666666666666,5,5,TTCCGAACAGAGCAGTGGAG,0,5020376
yjbJ_predicted,0.16666666666666666,5,5,TTCCCCTTTGCTCAAAGAGG,0,5008158
yjbJ_predicted,0.16666666666666666,5,5,TTCCCCCTTGATTATGGTAG,0,5030255
yjbJ_predicted,0.16666666666666666,5,5,TTCATCGGGATGAACCAGGT,0,5007446
yjbJ_predicted,0.16666666666666666,5,5,TTCAGCGTACTCGCAGAAGC,0,5029110
yjbJ_predicted,0.16666666666666666,5,5,TTCACCCAGGGTGTGTCGCT,0,5006652
yjbJ_predicted,0.16666666666666666,5,5,TTCACACTCTGTATAGCAGT,0,5017173
yjbJ_predicted,0.16666666666666666,5,5,TTCACAACTTGATAGTCATG,0,5029832
yjbJ_predicted,0.16666666666666666,5,5,TTATGCCAACCTCAAGACCT,0,5027783
yjbJ_predicted,0.16666666666666666,5,5,TTATATGGCTAATCAAGATA,0,5014277
yjbJ_predicted,0.16666666666666666,5,5,TTAGTTCAGTAGATCTTGGT,0,4998192
yjbJ_predicted,0.16666666666666666,5,5,TTAGTCAAAGAATACTATCA,0,5022105
yjbJ_predicted,0.16666666666666666,5,5,TTAGTAGTCGCCAGGATGCG,0,4998205
yjbJ_predicted,0.16666666666666666,5,5,TTAGGATCCGCAGGCATATA,0,4996081
yjbJ_predicted,0.16666666666666666,5,5,TTAGCACTTCAACATCAGGA,0,5023667
yjbJ_predicted,0.16666666666666666,5,5,TTAATCTTTTGACGTATCAT,0,5025208
yjbJ_predicted,0.16666666666666666,5,5,TTAAGTATCCACCGGAACGG,0,5020006
yjbJ_predicted,0.16666666666666666,5,5,TTAAGTACCTTCTCCTATCA,0,5005563
yjbJ_predicted,0.16666666666666666,5,5,TGTTGTTCAGGTAAGCGTCC,0,5025448
yjbJ_predicted,0.16666666666666666,5,5,TGTTGGAAACGCGGTCGCAT,0,5018240
yjbJ_predicted,0.16666666666666666,5,5,TGTTGCTTCCAGTTACTGTC,0,5014328
yjbJ_predicted,0.16666666666666666,5,5,TGTTCACGACAGCTGGGGGA,0,4999327
yjbJ_predicted,0.16666666666666666,5,5,TGTTATCCATTTCGGCTTCA,0,5015581
yjbJ_predicted,0.16666666666666666,5,5,TGTGTCAGTGGATACCATTC,0,5019795
yjbJ_predicted,0.16666666666666666,5,5,TGTCGCGAGGCTTGTTCAAA,0,5007454
yjbJ_predicted,0.16666666666666666,5,5,TGTCAGGGGCGTAACTGGCT,0,5020688
yjbJ_predicted,0.16666666666666666,5,5,TGTCAGGGATAGTTCGGGAA,0,5002413
yjbJ_predicted,0.16666666666666666,5,5,TGTAGACGTGCCTTGTTTCA,0,4998250
yjbJ_predicted,0.16666666666666666,5,5,TGGTTTCGCTCGGTGGGTAA,0,5013825
yjbJ_predicted,0.16666666666666666,5,5,TGGTGAGGCCGTAAGTGCCT,0,5024868
yjbJ_predicted,0.16666666666666666,5,5,TGGTAAAACTGGGAAAACAT,0,5025951
yjbJ_predicted,0.16666666666666666,5,5,TGGGATGTGCCTGTGTGTAT,0,5008257
yjbJ_predicted,0.16666666666666666,5,5,TGGCAGTCAGAGCGCTAACC,0,5002201
yjbJ_predicted,0.16666666666666666,5,5,TGGAGCTAACAGAGGATTGC,0,5023291
yjbJ_predicted,0.16666666666666666,5,5,TGGAACAGTATCTAGAGTCA,0,5015498
yjbJ_predicted,0.16666666666666666,5,5,TGGAAATCGGAGGTTTATAA,0,5021565
yjbJ_predicted,0.16666666666666666,5,5,TGCTTGTGTGTGAGATGGTT,0,4999060
yjbJ_predicted,0.16666666666666666,5,5,TGCTTCTCCTAGACGTTTAT,0,5020009
yjbJ_predicted,0.16666666666666666,5,5,TGCTGAAGACATTTGACAAC,0,5027696
yjbJ_predicted,0.16666666666666666,5,5,TGCGCACGCAGCTACACTCG,0,5013457
yjbJ_predicted,0.16666666666666666,5,5,TGCGCAACTCGCTATGCCAT,0,5028558
yjbJ_predicted,0.16666666666666666,5,5,TGCGAACTTGAAATAAGAGC,0,5002462
yjbJ_predicted,0.16666666666666666,5,5,TGCATTACCCAGTTTTCGAT,0,5009214
yjbJ_predicted,0.16666666666666666,5,5,TGCATCGTATAGCAACCGTA,0,4996490
yjbJ_predicted,0.16666666666666666,5,5,TGATGCAAGGGAGCTCGATG,0,5006875
yjbJ_predicted,0.16666666666666666,5,5,TGATGATGGCAGCCGGAATA,0,5022844
yjbJ_predicted,0.16666666666666666,5,5,TGATCTCATACTCAGTTGGA,0,5002422
yjbJ_predicted,0.16666666666666666,5,5,TGAGGCCTGGGGCCAAGTAT,0,5002694
yjbJ_predicted,0.16666666666666666,5,5,TGACCTTGTGAATTAGCATA,0,5019608
yjbJ_predicted,0.16666666666666666,5,5,TGACATGCATAGTCAACTAT,0,5008460
yjbJ_predicted,0.16666666666666666,5,5,TGACAGATATACAGACTGAA,0,5003172
yjbJ_predicted,0.16666666666666666,5,5,TGAATTCCGAGCAAACCGCG,0,5008611
yjbJ_predicted,0.16666666666666666,5,5,TGAATCTTAACAAACACTTG,0,5016354
yjbJ_predicted,0.16666666666666666,5,5,TGAAAAGGTTTGAGTTCACG,0,5021143
yjbJ_predicted,0.16666666666666666,5,5,TGAAAAAAGGCGAGGGCGAA,0,4999258
yjbJ_predicted,0.16666666666666666,5,5,TCTTTTCTCGGACAAACCGG,0,5003461
yjbJ_predicted,0.16666666666666666,5,5,TCTTCGGGGAAAAATATGGA,0,4996899
yjbJ_predicted,0.16666666666666666,5,5,TCTTCAATTTATTCCTGGGG,0,5008817
yjbJ_predicted,0.16666666666666666,5,5,TCTGTAGCCGAGGTGTAGTA,0,5028740
yjbJ_predicted,0.16666666666666666,5,5,TCTGGTCTTATCAGATCTGT,0,5019692
yjbJ_predicted,0.16666666666666666,5,5,TCTGGAGTCTGGCTTTCAGG,0,5009734
yjbJ_predicted,0.16666666666666666,5,5,TCTGCGAAAACAGCTTTCGG,0,5013975
yjbJ_predicted,0.16666666666666666,5,5,TCTGACCAATGTTCAGGTCG,0,5026504
yjbJ_predicted,0.16666666666666666,5,5,TCTCTAGAATGTTCGCGATT,0,5025759
yjbJ_predicted,0.16666666666666666,5,5,TCTCGCGGCGACTGATCTAA,0,5014813
yjbJ_predicted,0.16666666666666666,5,5,TCTCGCCTGGCCAGATCTCG,0,5000414
yjbJ_predicted,0.16666666666666666,5,5,TCTCATGGACAGCACCTAGG,0,5025123
yjbJ_predicted,0.16666666666666666,5,5,TCTCATCAGCAACCCAAAGC,0,5027301
yjbJ_predicted,0.16666666666666666,5,5,TCTAGGAAGTGGTGTCGACA,0,5021327
yjbJ_predicted,0.16666666666666666,5,5,TCTACGACGTGCTCGGGTAA,0,5026598
yjbJ_predicted,0.16666666666666666,5,5,TCTAAAGACCGGTGAATCTA,0,4995646
yjbJ_predicted,0.16666666666666666,5,5,TCGTACGGTACAGGACACTT,0,5006183
yjbJ_predicted,0.16666666666666666,5,5,TCGGGCCATGTCTGAAAACT,0,5021632
yjbJ_predicted,0.16666666666666666,5,5,TCGGGAGGCGACATCAACCC,0,5019029
yjbJ_predicted,0.16666666666666666,5,5,TCGGCTCCTAATTCAGCAAA,0,5014119
yjbJ_predicted,0.16666666666666666,5,5,TCGGCCGCGTGGGTCTTGCC,0,5000013
yjbJ_predicted,0.16666666666666666,5,5,TCGCTTGCAGAACGGTCCTC,0,5012018
yjbJ_predicted,0.16666666666666666,5,5,TCGCGAGATATGAAGAATAG,0,5006349
yjbJ_predicted,0.16666666666666666,5,5,TCGCGACACTTGGCCTCTAA,0,5031227
yjbJ_predicted,0.16666666666666666,5,5,TCGCCAACGCGTCCGGGGCG,0,5017726
yjbJ_predicted,0.16666666666666666,5,5,TCGATCAGCGCATTACTTCT,0,5022989
yjbJ_predicted,0.16666666666666666,5,5,TCGATACGGTTCGGTTGAGG,0,4999788
yjbJ_predicted,0.16666666666666666,5,5,TCCTGTTTTTTTTATCATAA,0,5025132
yjbJ_predicted,0.16666666666666666,5,5,TCCGGCCAAAGATTGAGGCA,0,5018718
yjbJ_predicted,0.16666666666666666,5,5,TCCGCGACAGCGATTCTGGA,0,5015267
yjbJ_predicted,0.16666666666666666,5,5,TCCAATACATGTGCCAGGTC,0,5020645
yjbJ_predicted,0.16666666666666666,5,5,TCCAAGCGAACAGTTGGCAA,0,5016906
yjbJ_predicted,0.16666666666666666,5,5,TCATCAGAAGGTTCAGTGTT,0,5022434
yjbJ_predicted,0.16666666666666666,5,5,TCATATTCGCCGACTCTAAG,0,4998022
yjbJ_predicted,0.16666666666666666,5,5,TCATAGGTGATACAGTTAGC,0,5030025
yjbJ_predicted,0.16666666666666666,5,5,TCAGTTTTCTCACGAACTGA,0,5008274
yjbJ_predicted,0.16666666666666666,5,5,TCAGGTGGTATTCTGGGTAT,0,4995332
yjbJ_predicted,0.16666666666666666,5,5,TCAGCAATCAGCAGGGTAAA,0,5002371
yjbJ_predicted,0.16666666666666666,5,5,TCAGATCACCCCGGGTTCTT,0,5027956
yjbJ_predicted,0.16666666666666666,5,5,TCACTTCTCTCGATTGATCG,0,5005274
yjbJ_predicted,0.16666666666666666,5,5,TCACGTATATTCATACGCTC,0,5003453
yjbJ_predicted,0.16666666666666666,5,5,TCACATACGGAGGTCAGTCG,0,5012680
yjbJ_predicted,0.16666666666666666,5,5,TCACAGTGTTTTGGATGTAA,0,5003415
yjbJ_predicted,0.16666666666666666,5,5,TCAAAACCAGGAAGCTTAGG,0,5022944
yjbJ_predicted,0.16666666666666666,5,5,TATTGAGGAGTTGTATGAAC,0,5024869
yjbJ_predicted,0.16666666666666666,5,5,TATTCGATCCCGATGCCGGA,0,5006713
yjbJ_predicted,0.16666666666666666,5,5,TATGTTATGGGTTTGGAAAT,0,5004750
yjbJ_predicted,0.16666666666666666,5,5,TATGTCCGTAGTTCGATAGC,0,5014536
yjbJ_predicted,0.16666666666666666,5,5,TATGGGACTTTCGCTCCCTT,0,5002723
yjbJ_predicted,0.16666666666666666,5,5,TATGGCAAAGATAAGCCGAA,0,5016940
yjbJ_predicted,0.16666666666666666,5,5,TATGGAGACATGGACTCAAC,0,5021821
yjbJ_predicted,0.16666666666666666,5,5,TATGCAAATGCAATTGGTCT,0,5015659
yjbJ_predicted,0.16666666666666666,5,5,TATCGTTTCTGCAGGGCGTT,0,4997629
yjbJ_predicted,0.16666666666666666,5,5,TATCGTGAAGTAGCTCTGCT,0,5020117
yjbJ_predicted,0.16666666666666666,5,5,TATCCAGAAACGATGTCATT,0,4998540
yjbJ_predicted,0.16666666666666666,5,5,TATAGGTATATGCCTTTACA,0,4996201
yjbJ_predicted,0.16666666666666666,5,5,TAGGTTGTAGCCCCAAACCC,0,5007226
yjbJ_predicted,0.16666666666666666,5,5,TAGGCACAAAGAACTTTGGG,0,4999058
yjbJ_predicted,0.16666666666666666,5,5,TAGGATGTTGTTGTTTCTCG,0,5015317
yjbJ_predicted,0.16666666666666666,5,5,TAGCCGCGCTTTACTAGGTC,0,4997372
yjbJ_predicted,0.16666666666666666,5,5,TAGCAGTACACGCATTTTGT,0,5023811
yjbJ_predicted,0.16666666666666666,5,5,TAGATTCAGCTTACGCGCGC,0,5013962
yjbJ_predicted,0.16666666666666666,5,5,TAGATGCAGGCGCCTAAGCA,0,5010323
yjbJ_predicted,0.16666666666666666,5,5,TACTTCCTATCTTGTCCGGG,0,5006936
yjbJ_predicted,0.16666666666666666,5,5,TACTATACAGCTCCAAGACG,0,5008154
yjbJ_predicted,0.16666666666666666,5,5,TACGCGGGTAGTGGGACTGT,0,5016205
yjbJ_predicted,0.16666666666666666,5,5,TACGAGCATGCCCAGCCAAG,0,5028854
yjbJ_predicted,0.16666666666666666,5,5,TACCTACATTACCACTACGG,0,5011330
yjbJ_predicted,0.16666666666666666,5,5,TACCCGGTACCAACATCTTA,0,5028408
yjbJ_predicted,0.16666666666666666,5,5,TACCCACGGACACGGCTGTA,0,4996606
yjbJ_predicted,0.16666666666666666,5,5,TACCAGGTACACAGGTGACC,0,5013486
yjbJ_predicted,0.16666666666666666,5,5,TACCACTTCGGCAGTGGCCA,0,5003376
yjbJ_predicted,0.16666666666666666,5,5,TAATGAATAACGTTCGGGGA,0,5008632
yjbJ_predicted,0.16666666666666666,5,5,TAATACGCTTTGTAACGTGA,0,5015415
yjbJ_predicted,0.16666666666666666,5,5,TAAGTTCCCTGCGAATTGGT,0,5014698
yjbJ_predicted,0.16666666666666666,5,5,TAAGATTGTCTACGGAACTA,0,4998828
yjbJ_predicted,0.16666666666666666,5,5,TAAAGATGGCCTCTTCAACG,0,5000765
yjbJ_predicted,0.16666666666666666,5,5,TAAAGAAGAACTATGCCGTT,0,4997751
yjbJ_predicted,0.16666666666666666,5,5,TAAACTGGAAAATGTCCGAC,0,4994732
yjbJ_predicted,0.16666666666666666,5,5,TAAAATGTGGTTAGGGACGA,0,5014845
yjbJ_predicted,0.16666666666666666,5,5,TAAAAGCTTCACCGCGACGT,0,5024417
yjbJ_predicted,0.16666666666666666,5,5,GTTTACTAGGAATTGATGGG,0,5001171
yjbJ_predicted,0.16666666666666666,5,5,GTTGTGTATCGCTTTCCAGT,0,5023324
yjbJ_predicted,0.16666666666666666,5,5,GTTGTAATTGAGAGAGAATC,0,5025645
yjbJ_predicted,0.16666666666666666,5,5,GTTGATCCCCATTTACACCA,0,5016726
yjbJ_predicted,0.16666666666666666,5,5,GTTCCAGCGGTGGTGATTCC,0,5029078
yjbJ_predicted,0.16666666666666666,5,5,GTTCATAGGTACTCGAGGGT,0,5010912
yjbJ_predicted,0.16666666666666666,5,5,GTTACCTTGAACAATGAAAG,0,5020499
yjbJ_predicted,0.16666666666666666,5,5,GTGTGTTGCCGATTGGGAAG,0,5002351
yjbJ_predicted,0.16666666666666666,5,5,GTGTGTAGAATAGTTGCGAC,0,5004776
yjbJ_predicted,0.16666666666666666,5,5,GTGGGTCGAATCATGTATGG,0,5004724
yjbJ_predicted,0.16666666666666666,5,5,GTGGACGTAGGTCTTACTAT,0,5029878
yjbJ_predicted,0.16666666666666666,5,5,GTGGACAACTTACAATATGT,0,5031240
yjbJ_predicted,0.16666666666666666,5,5,GTGCTTTGCCGACCGCAGGA,0,5012029
yjbJ_predicted,0.16666666666666666,5,5,GTGAGGCCGAAGGTCGTGAT,0,5013821
yjbJ_predicted,0.16666666666666666,5,5,GTGAAACATTCAGAACGCCT,0,5030899
yjbJ_predicted,0.16666666666666666,5,5,GTCTTGATCGTGTGCGGCCT,0,5007308
yjbJ_predicted,0.16666666666666666,5,5,GTCGGATCGCGACGACAGTT,0,5017836
yjbJ_predicted,0.16666666666666666,5,5,GTCGGACTTCATTAACTCTG,0,5029686
yjbJ_predicted,0.16666666666666666,5,5,GTCCTCTTACCCACACAATT,0,5017654
yjbJ_predicted,0.16666666666666666,5,5,GTCAGACTGTTGTACCTAAG,0,5023083
yjbJ_predicted,0.16666666666666666,5,5,GTCACGGTAAGCATGAAGGC,0,5015818
yjbJ_predicted,0.16666666666666666,5,5,GTCAACCATAGTAGCGGAGC,0,5017023
yjbJ_predicted,0.16666666666666666,5,5,GTATGCCTGTCAAACACTTC,0,5016697
yjbJ_predicted,0.16666666666666666,5,5,GTATAAGCCACCTTCTTGAC,0,5002566
yjbJ_predicted,0.16666666666666666,5,5,GTAGTCCCCAGCTGAAGATA,0,5022763
yjbJ_predicted,0.16666666666666666,5,5,GTAGGGACGGGCGTATTTAG,0,5012920
yjbJ_predicted,0.16666666666666666,5,5,GTACGTAGACAGTAAGTTCC,0,5010464
yjbJ_predicted,0.16666666666666666,5,5,GTACGCTGAGCGTTAGAGTC,0,5007391
yjbJ_predicted,0.16666666666666666,5,5,GTACCATCATTGGATACTGC,0,5020936
yjbJ_predicted,0.16666666666666666,5,5,GTACACGTGGCATAAACGTC,0,5015552
yjbJ_predicted,0.16666666666666666,5,5,GTAATGTGATTCGTCAAGCT,0,5002273
yjbJ_predicted,0.16666666666666666,5,5,GTAATGGCCGTGAGATAAGG,0,4998208
yjbJ_predicted,0.16666666666666666,5,5,GTAATCGAAACCCGCTCAGT,0,5022520
yjbJ_predicted,0.16666666666666666,5,5,GTAAAGAGAGCGCATCTCTA,0,5009835
yjbJ_predicted,0.16666666666666666,5,5,GTAAACACCTTAGACGTCTA,0,5024222
yjbJ_predicted,0.16666666666666666,5,5,GGTTTCGCTCTTGTACACCC,0,5009409
yjbJ_predicted,0.16666666666666666,5,5,GGTTCCTGGAAAGAATCCTC,0,5002808
yjbJ_predicted,0.16666666666666666,5,5,GGTTCCACCAGAGAGGTTCT,0,5007430
yjbJ_predicted,0.16666666666666666,5,5,GGTGTTCAAATATCATAGGA,0,5023252
yjbJ_predicted,0.16666666666666666,5,5,GGTGGTTTTGTCTTGGAATT,0,5000193
yjbJ_predicted,0.16666666666666666,5,5,GGTGCCGCACCGGTGCTCTT,0,5013355
yjbJ_predicted,0.16666666666666666,5,5,GGTCTCATATCGCGGTGTCG,0,5022205
yjbJ_predicted,0.16666666666666666,5,5,GGTATGGGCGGCTACTTATT,0,5001480
yjbJ_predicted,0.16666666666666666,5,5,GGTAGACCAGCGCACAGTAA,0,4998620
yjbJ_predicted,0.16666666666666666,5,5,GGGTTCTCCTTAAGATAGCA,0,5003298
yjbJ_predicted,0.16666666666666666,5,5,GGGTGAATTATGGGTAGGTG,0,4996754
yjbJ_predicted,0.16666666666666666,5,5,GGGGTGTGAGTTTGTATTTG,0,4997476
yjbJ_predicted,0.16666666666666666,5,5,GGGGTACGTATTTTTACGCT,0,5016946
yjbJ_predicted,0.16666666666666666,5,5,GGGGAGCGATTACGGATATT,0,5000943
yjbJ_predicted,0.16666666666666666,5,5,GGGGACCTTGAAATTACTTT,0,4999657
yjbJ_predicted,0.16666666666666666,5,5,GGGCTCTACTCTGTGACGGA,0,5005319
yjbJ_predicted,0.16666666666666666,5,5,GGGATTTTGTTCTATATCGA,0,5016469
yjbJ_predicted,0.16666666666666666,5,5,GGGAGCGTCTTGTAGAGTAC,0,5001592
yjbJ_predicted,0.16666666666666666,5,5,GGGAGATACAGTTCATCGTT,0,4995579
yjbJ_predicted,0.16666666666666666,5,5,GGGACCCCGCGTAACACGCT,0,5017244
yjbJ_predicted,0.16666666666666666,5,5,GGGACAGAGCTCTGGACCCA,0,5002726
yjbJ_predicted,0.16666666666666666,5,5,GGCTTCTAGTAGAAAGCAAA,0,5028672
yjbJ_predicted,0.16666666666666666,5,5,GGCTGATATTAACTAGATTA,0,5030477
yjbJ_predicted,0.16666666666666666,5,5,GGCTCCCGGTTGGTGACCTT,0,5021010
yjbJ_predicted,0.16666666666666666,5,5,GGCTAAGCTTTATGGCATGA,0,5021133
yjbJ_predicted,0.16666666666666666,5,5,GGCGGGGCCGACAAGAATAC,0,4995286
yjbJ_predicted,0.16666666666666666,5,5,GGCGCTACGCCAATCGGCTG,0,5003105
yjbJ_predicted,0.16666666666666666,5,5,GGCGCCAAGGTCGCTGCGGC,0,5019744
yjbJ_predicted,0.16666666666666666,5,5,GGCGAGGTGCTGTCATCTGA,0,4999445
yjbJ_predicted,0.16666666666666666,5,5,GGCCTGGGGAAGTTTCATTT,0,5011028
yjbJ_predicted,0.16666666666666666,5,5,GGCCTCTTCTCTTCCGCCAG,0,5010130
yjbJ_predicted,0.16666666666666666,5,5,GGCCGATTTACGTCGAGGGG,0,5004789
yjbJ_predicted,0.16666666666666666,5,5,GGCCGAGTGGGCGAAAGATG,0,5015077
yjbJ_predicted,0.16666666666666666,5,5,GGCCCAGTCACCACGTGCTG,0,5017749
yjbJ_predicted,0.16666666666666666,5,5,GGCCAGCTGAACCATGCCGA,0,4995938
yjbJ_predicted,0.16666666666666666,5,5,GGCACTCTTGTTGTTATCCC,0,5030246
yjbJ_predicted,0.16666666666666666,5,5,GGCACGGACAAATGACTAGG,0,5000089
yjbJ_predicted,0.16666666666666666,5,5,GGATTACCTAGCATGCACAC,0,5013026
yjbJ_predicted,0.16666666666666666,5,5,GGATCACGATTGGCGACTGC,0,5023376
yjbJ_predicted,0.16666666666666666,5,5,GGATATGGGCCATGGCGGAT,0,5010327
yjbJ_predicted,0.16666666666666666,5,5,GGACTGGAATTCCCTATTCA,0,5026367
yjbJ_predicted,0.16666666666666666,5,5,GGACCTGTTTCTTTTGGGGC,0,5026080
yjbJ_predicted,0.16666666666666666,5,5,GGACCCAGTGCAGCACCTGA,0,5005451
yjbJ_predicted,0.16666666666666666,5,5,GGACATCAAAGGGGGTGTAC,0,5022758
yjbJ_predicted,0.16666666666666666,5,5,GGAACCTCATTATTCGCTTG,0,5013804
yjbJ_predicted,0.16666666666666666,5,5,GGAAAGTTGGCCTAAACAGC,0,5025832
yjbJ_predicted,0.16666666666666666,5,5,GCTTTTATAAGGGGGCACAA,0,5019259
yjbJ_predicted,0.16666666666666666,5,5,GCTTTGACGCCATAGTGTCA,0,5012140
yjbJ_predicted,0.16666666666666666,5,5,GCTTTGAATGATTTAGCGAT,0,5002189
yjbJ_predicted,0.16666666666666666,5,5,GCTTTATCCGACCGAGCATT,0,5010149
yjbJ_predicted,0.16666666666666666,5,5,GCTTGGGATTCGACAGGGCG,0,5028495
yjbJ_predicted,0.16666666666666666,5,5,GCTTCCCGGAGCACCTCCAA,0,5018829
yjbJ_predicted,0.16666666666666666,5,5,GCTTAGTCTTTTCCCATCTT,0,5023769
yjbJ_predicted,0.16666666666666666,5,5,GCTGTGCGTGTCTAACCCAT,0,5014178
yjbJ_predicted,0.16666666666666666,5,5,GCTGGCAAGCTTTGGGAATC,0,5004880
yjbJ_predicted,0.16666666666666666,5,5,GCTGCGCCAACGAGAAACCG,0,5009965
yjbJ_predicted,0.16666666666666666,5,5,GCTCTCGTTACTCGTAACAT,0,5025561
yjbJ_predicted,0.16666666666666666,5,5,GCTCGTACTTTGATGCGCAT,0,5013654
yjbJ_predicted,0.16666666666666666,5,5,GCTCGATGCATATTTCAATC,0,5013960
yjbJ_predicted,0.16666666666666666,5,5,GCTCGAACAATAGTGAAATG,0,5001285
yjbJ_predicted,0.16666666666666666,5,5,GCTCAACTCTTGGGAAGAAG,0,5007118
yjbJ_predicted,0.16666666666666666,5,5,GCTAGTCTGTTAAATGTCTT,0,5010653
yjbJ_predicted,0.16666666666666666,5,5,GCTAACTCATCGCAAAGAGC,0,4996762
yjbJ_predicted,0.16666666666666666,5,5,GCGTTATTGGAGCGAATTAG,0,5027639
yjbJ_predicted,0.16666666666666666,5,5,GCGTGGCTACAGACATGTAC,0,5030843
yjbJ_predicted,0.16666666666666666,5,5,GCGTGCATACGCTCTCCGGC,0,5030373
yjbJ_predicted,0.16666666666666666,5,5,GCGTCAATTTCGCAGATCAA,0,5004863
yjbJ_predicted,0.16666666666666666,5,5,GCGTACGTTCCAATCTAACG,0,5012967
yjbJ_predicted,0.16666666666666666,5,5,GCGGTTTAATTGGGGGCGTA,0,5026561
yjbJ_predicted,0.16666666666666666,5,5,GCGGGAATAGGGGAGCACAT,0,5014567
yjbJ_predicted,0.16666666666666666,5,5,GCGGCGGCGAACCAAGGGCG,0,5026398
yjbJ_predicted,0.16666666666666666,5,5,GCGCTTGGTCAAGTAAGATG,0,4996286
yjbJ_predicted,0.16666666666666666,5,5,GCGCTAGCTCGTATTCAAGT,0,5017872
yjbJ_predicted,0.16666666666666666,5,5,GCGCATTGGCCAACCCCTTG,0,4998492
yjbJ_predicted,0.16666666666666666,5,5,GCGATCGGACGTGTTTCGTG,0,5012706
yjbJ_predicted,0.16666666666666666,5,5,GCGATCGAAGCGTTACATAC,0,5028650
yjbJ_predicted,0.16666666666666666,5,5,GCCTCTCCATCCCCCGCTGT,0,4997998
yjbJ_predicted,0.16666666666666666,5,5,GCCTACCTACACACAAGATA,0,5027596
yjbJ_predicted,0.16666666666666666,5,5,GCCTAACGGGCTCTCACGGA,0,5026900
yjbJ_predicted,0.16666666666666666,5,5,GCCATAAATCCAAAACCGAA,0,5009294
yjbJ_predicted,0.16666666666666666,5,5,GCCAGTGGAGTGGAGTCAGA,0,5027873
yjbJ_predicted,0.16666666666666666,5,5,GCCAGTATTCTTAGGTCCGA,0,5029106
yjbJ_predicted,0.16666666666666666,5,5,GCCAGTAATTGGCCGATGAA,0,5027635
yjbJ_predicted,0.16666666666666666,5,5,GCATGCCTCTGATCCAATAT,0,5025609
yjbJ_predicted,0.16666666666666666,5,5,GCATATCGTGACACGTTTAT,0,5024334
yjbJ_predicted,0.16666666666666666,5,5,GCATAGGACTCAGCCGAATC,0,4997516
yjbJ_predicted,0.16666666666666666,5,5,GCATAGCGCGATTTACGCCG,0,4996133
yjbJ_predicted,0.16666666666666666,5,5,GCAGTGTGATGGGTTACCTC,0,5031117
yjbJ_predicted,0.16666666666666666,5,5,GCAGTCTGGGCGGGACAATT,0,5020865
yjbJ_predicted,0.16666666666666666,5,5,GCAGGGGCGGATCCAACGTT,0,5014635
yjbJ_predicted,0.16666666666666666,5,5,GCAGCTAGTGGCAATAATTG,0,5005140
yjbJ_predicted,0.16666666666666666,5,5,GCAGCGTCTGTATGCACCAG,0,5009275
yjbJ_predicted,0.16666666666666666,5,5,GCAGCGATTAGCGCGACACA,0,5002633
yjbJ_predicted,0.16666666666666666,5,5,GCAGACATCTTCTTCAGTCT,0,5017591
yjbJ_predicted,0.16666666666666666,5,5,GCACGCACGGACCTGGGTGT,0,5019205
yjbJ_predicted,0.16666666666666666,5,5,GCACATGGCAAGTGAGCCTT,0,5025453
yjbJ_predicted,0.16666666666666666,5,5,GCAACACGGAACTAAGTCAC,0,5005871
yjbJ_predicted,0.16666666666666666,5,5,GCAAATGGTACTTGGGAACT,0,5002680
yjbJ_predicted,0.16666666666666666,5,5,GCAAATAGAGTCATACCAGG,0,5001869
yjbJ_predicted,0.16666666666666666,5,5,GATTTATGCATTAGACTATA,0,5030601
yjbJ_predicted,0.16666666666666666,5,5,GATTCATTTTATATCATCCG,0,5012989
yjbJ_predicted,0.16666666666666666,5,5,GATGTGGCTTTCATGTGCGT,0,5025300
yjbJ_predicted,0.16666666666666666,5,5,GATGTAGACATGCTGCGCTT,0,5017300
yjbJ_predicted,0.16666666666666666,5,5,GATGAAAAGGTTGTTCGCTG,0,5029584
yjbJ_predicted,0.16666666666666666,5,5,GATATGGCCATAAACGCAAT,0,5020431
yjbJ_predicted,0.16666666666666666,5,5,GAGTTTTACACTCAGGAATA,0,4999357
yjbJ_predicted,0.16666666666666666,5,5,GAGTGGGGTGTATAGAGAAT,0,5019068
yjbJ_predicted,0.16666666666666666,5,5,GAGTCATCCGTACTTCAACA,0,5023137
yjbJ_predicted,0.16666666666666666,5,5,GAGGTTCGCATGTGCTACTC,0,5014952
yjbJ_predicted,0.16666666666666666,5,5,GAGGTGAATCGGTCTGTATG,0,5026891
yjbJ_predicted,0.16666666666666666,5,5,GAGGCGACCTTAAACCGTAC,0,5027734
yjbJ_predicted,0.16666666666666666,5,5,GAGGCATCGACCACGAGAAA,0,4998728
yjbJ_predicted,0.16666666666666666,5,5,GAGCCTCCACCAAGAAGCCG,0,5028775
yjbJ_predicted,0.16666666666666666,5,5,GAGCATTTAGGGTATAGCTT,0,4999925
yjbJ_predicted,0.16666666666666666,5,5,GAGCACATCAGAGCGGTCAA,0,5020754
yjbJ_predicted,0.16666666666666666,5,5,GAGATTGCGGTTATAAGTCA,0,5007296
yjbJ_predicted,0.16666666666666666,5,5,GAGACTGAATGCATAACTAT,0,5001200
yjbJ_predicted,0.16666666666666666,5,5,GAGAAGGCCATTTCTTTAGG,0,5008061
yjbJ_predicted,0.16666666666666666,5,5,GAGAAAATACGCGCCATCCA,0,5009437
yjbJ_predicted,0.16666666666666666,5,5,GACTTGCAGGCCGGAAGGCA,0,5019507
yjbJ_predicted,0.16666666666666666,5,5,GACTCCAACGCGCCACGCGA,0,5018464
yjbJ_predicted,0.16666666666666666,5,5,GACGCTTCATGCAAGGTTGC,0,5025875
yjbJ_predicted,0.16666666666666666,5,5,GACGCTGTGCCTACGCGGTA,0,5028649
yjbJ_predicted,0.16666666666666666,5,5,GACGCACATGTCAAACCAAA,0,4996564
yjbJ_predicted,0.16666666666666666,5,5,GACCTAGGTGGGGGGGAACG,0,5023835
yjbJ_predicted,0.16666666666666666,5,5,GACCCGTATCTGTTTGAGCA,0,5019896
yjbJ_predicted,0.16666666666666666,5,5,GACCCGGTTTAAGCGTCTAA,0,5000303
yjbJ_predicted,0.16666666666666666,5,5,GACCATTTTTCATAGCTAAT,0,5010445
yjbJ_predicted,0.16666666666666666,5,5,GACCATGCTGAGGCAAGTAT,0,5021186
yjbJ_predicted,0.16666666666666666,5,5,GAATGAACTGACCCGTAGAG,0,5019117
yjbJ_predicted,0.16666666666666666,5,5,GAATCGTACTAGTGGTAGGT,0,4997968
yjbJ_predicted,0.16666666666666666,5,5,GAAGTGCAAATTACGACCTT,0,5017814
yjbJ_predicted,0.16666666666666666,5,5,GAACGCGGTGAGTACCAACG,0,5009902
yjbJ_predicted,0.16666666666666666,5,5,GAACCTAAGTATCCGACGGG,0,5029492
yjbJ_predicted,0.16666666666666666,5,5,GAACACTTCGCGACCTCTTT,0,5010217
yjbJ_predicted,0.16666666666666666,5,5,GAAAGGGCGCCGGAAGGGTT,0,5002011
yjbJ_predicted,0.16666666666666666,5,5,GAAAGGAGGTAAGCCGCAAG,0,5016060
yjbJ_predicted,0.16666666666666666,5,5,GAAAGAGGAGGAGTAGTTTC,0,5022501
yjbJ_predicted,0.16666666666666666,5,5,GAAAGAAAGGCTCCGGCTAA,0,5014945
yjbJ_predicted,0.16666666666666666,5,5,GAAACCAGCTTTAATAGGAC,0,4995978
yjbJ_predicted,0.16666666666666666,5,5,GAAAAAGCGTCACGAATAGT,0,5006162
yjbJ_predicted,0.16666666666666666,5,5,CTTTGTGACGCCTAACCGGT,0,5029740
yjbJ_predicted,0.16666666666666666,5,5,CTTTCAGATTGACGACGAGA,0,4996422
yjbJ_predicted,0.16666666666666666,5,5,CTTTAACGAGAGAGCCGCTT,0,5004373
yjbJ_predicted,0.16666666666666666,5,5,CTTGTGAATGCGGCCTAACA,0,4997644
yjbJ_predicted,0.16666666666666666,5,5,CTTGGGAACTCACACAATTA,0,5024399
yjbJ_predicted,0.16666666666666666,5,5,CTTGACTGAAGGGACCGCAT,0,5001407
yjbJ_predicted,0.16666666666666666,5,5,CTTGACATAAAAGGTCAATC,0,5008375
yjbJ_predicted,0.16666666666666666,5,5,CTTCTCAGTCATATATTAAC,0,5015812
yjbJ_predicted,0.16666666666666666,5,5,CTTCCATGCAAAATTTTATA,0,5024374
yjbJ_predicted,0.16666666666666666,5,5,CTTAGTCCCAAGCAAACCCC,0,5029446
yjbJ_predicted,0.16666666666666666,5,5,CTTAGGGAATGCGTGAGTCG,0,5024307
yjbJ_predicted,0.16666666666666666,5,5,CTTAGCACTGCTTTATTTGA,0,5017007
yjbJ_predicted,0.16666666666666666,5,5,CTTACCGTCGAGATGTCAGC,0,5014869
yjbJ_predicted,0.16666666666666666,5,5,CTTAAGAGGATATAGTGCTC,0,5006441
yjbJ_predicted,0.16666666666666666,5,5,CTGGTAGATTGTATTGGGTG,0,5021296
yjbJ_predicted,0.16666666666666666,5,5,CTGGGTACTGCCATGCCGAT,0,5028316
yjbJ_predicted,0.16666666666666666,5,5,CTGCTATGACACTATGAGAT,0,5006878
yjbJ_predicted,0.16666666666666666,5,5,CTGCCCCTCCCTAACCCTAC,0,5011547
yjbJ_predicted,0.16666666666666666,5,5,CTGCCAGCAGAAATATACGG,0,4996602
yjbJ_predicted,0.16666666666666666,5,5,CTGATTTACGGTCCATCGTT,0,5016672
yjbJ_predicted,0.16666666666666666,5,5,CTGAGTAATATTCGATTGAC,0,5016356
yjbJ_predicted,0.16666666666666666,5,5,CTGAGTAAGTGAACTTACAA,0,5025475
yjbJ_predicted,0.16666666666666666,5,5,CTGAGCTTTACGAGGTTGTC,0,5016204
yjbJ_predicted,0.16666666666666666,5,5,CTCTTGTTGGTTTTTGTAAC,0,5023531
yjbJ_predicted,0.16666666666666666,5,5,CTCTCAAATCCGATGCAGTG,0,4997314
yjbJ_predicted,0.16666666666666666,5,5,CTCTAGTATAAGTCGAAATT,0,5005052
yjbJ_predicted,0.16666666666666666,5,5,CTCGAGCTGAATTCTCTGTG,0,5023654
yjbJ_predicted,0.16666666666666666,5,5,CTCGAAATCATTAATGCTGC,0,5029432
yjbJ_predicted,0.16666666666666666,5,5,CTCCGTCTATAAGAATTATT,0,5004086
yjbJ_predicted,0.16666666666666666,5,5,CTCCAGTCACCTCATAAGGT,0,5008487
yjbJ_predicted,0.16666666666666666,5,5,CTCCAGCAAGGTTGAAATGT,0,5026365
yjbJ_predicted,0.16666666666666666,5,5,CTCATGACAAAGGGGTGGTC,0,5015076
yjbJ_predicted,0.16666666666666666,5,5,CTCATAAGGATTTCTAAAAT,0,4998313
yjbJ_predicted,0.16666666666666666,5,5,CTCAGGAATACGATTGGTCA,0,5002459
yjbJ_predicted,0.16666666666666666,5,5,CTCACTATCATCCGGCTAGG,0,5025364
yjbJ_predicted,0.16666666666666666,5,5,CTCACGTCTCATAGCTTCTA,0,5030977
yjbJ_predicted,0.16666666666666666,5,5,CTATTGCGGCATCAACAATG,0,5015178
yjbJ_predicted,0.16666666666666666,5,5,CTATATGTTTCGTAGGTTAA,0,5024690
yjbJ_predicted,0.16666666666666666,5,5,CTATATCCCAGAACAAATTA,0,5017339
yjbJ_predicted,0.16666666666666666,5,5,CTATACTCAGTCATGTCCCT,0,5007333
yjbJ_predicted,0.16666666666666666,5,5,CTAGTTGACTATGTTCTGTC,0,5002908
yjbJ_predicted,0.16666666666666666,5,5,CTAGTGGTTTCATATTTCGG,0,4995994
yjbJ_predicted,0.16666666666666666,5,5,CTAGCATCCTTGTCAGGGCT,0,5023511
yjbJ_predicted,0.16666666666666666,5,5,CTACTAGCATACGTTACACT,0,5001055
yjbJ_predicted,0.16666666666666666,5,5,CTACACAAACATTGTGCAGA,0,4999412
yjbJ_predicted,0.16666666666666666,5,5,CGTTGTTTTGTAAGCCTGCA,0,5020429
yjbJ_predicted,0.16666666666666666,5,5,CGTTGATGTATGGTTTTAAG,0,5029955
yjbJ_predicted,0.16666666666666666,5,5,CGTGTCCCCGTTTTGGAAGA,0,5028933
yjbJ_predicted,0.16666666666666666,5,5,CGTGCCGTTGTAGTCCCGAA,0,5010630
yjbJ_predicted,0.16666666666666666,5,5,CGTGAGCGCAAAGTAGTCAG,0,5016616
yjbJ_predicted,0.16666666666666666,5,5,CGTCTAGATCATTTACATGT,0,4995209
yjbJ_predicted,0.16666666666666666,5,5,CGTACAGGGTCTTGATCCAA,0,4999076
yjbJ_predicted,0.16666666666666666,5,5,CGTAATATTGCAGCCAAGTG,0,5006542
yjbJ_predicted,0.16666666666666666,5,5,CGTAAGCCCCTCTACCGACG,0,5024639
yjbJ_predicted,0.16666666666666666,5,5,CGTAACACACTATCCGCTGT,0,5023280
yjbJ_predicted,0.16666666666666666,5,5,CGGTCTCCAACGGCTTGCCG,0,4995857
yjbJ_predicted,0.16666666666666666,5,5,CGGTCAGCATTCTGTTGTGT,0,5014727
yjbJ_predicted,0.16666666666666666,5,5,CGGTACTCGAACTCAGCGTA,0,5018211
yjbJ_predicted,0.16666666666666666,5,5,CGGGTACGCATTTGAGTTCC,0,5026075
yjbJ_predicted,0.16666666666666666,5,5,CGGGGTATGTCAGATTCCTA,0,5016422
yjbJ_predicted,0.16666666666666666,5,5,CGGGGGGTTACGTGGGATAC,0,5021873
yjbJ_predicted,0.16666666666666666,5,5,CGGGGCGAATAGAACTTACT,0,5014959
yjbJ_predicted,0.16666666666666666,5,5,CGGCTTTCGGGGTTATTCCG,0,5007590
yjbJ_predicted,0.16666666666666666,5,5,CGGCTGTGCTTGATAGGGGC,0,5016903
yjbJ_predicted,0.16666666666666666,5,5,CGGACGTTGCGCATTTGGAT,0,5018712
yjbJ_predicted,0.16666666666666666,5,5,CGGACCAAAGTCGTTACTGG,0,5022569
yjbJ_predicted,0.16666666666666666,5,5,CGGAATCTCACTCACTGTGA,0,5024389
yjbJ_predicted,0.16666666666666666,5,5,CGCTTGCTTTGGATTGGATT,0,5001530
yjbJ_predicted,0.16666666666666666,5,5,CGCTGAGGAAGTGGTAAGCA,0,4996850
yjbJ_predicted,0.16666666666666666,5,5,CGCGCTGTGCTGACAAAAGT,0,5014332
yjbJ_predicted,0.16666666666666666,5,5,CGCGCCCACGAGTCCACGTT,0,5013047
yjbJ_predicted,0.16666666666666666,5,5,CGCGAAGAGGACCTTCGGGA,0,5031182
yjbJ_predicted,0.16666666666666666,5,5,CGCGAACGTTCTGTTCATAA,0,5010167
yjbJ_predicted,0.16666666666666666,5,5,CGCCTCGCATTGATCGCCTA,0,5004601
yjbJ_predicted,0.16666666666666666,5,5,CGCCTCGACCACTCGGCTAG,0,5014802
yjbJ_predicted,0.16666666666666666,5,5,CGCCTCCGTTTGCGGACAAA,0,5028103
yjbJ_predicted,0.16666666666666666,5,5,CGCCCGGGTGCACTTATCAG,0,5028397
yjbJ_predicted,0.16666666666666666,5,5,CGCCCGGAGACTCGTTGGTC,0,5021154
yjbJ_predicted,0.16666666666666666,5,5,CGCCATGGCAGGGTGATCTA,0,5016156
yjbJ_predicted,0.16666666666666666,5,5,CGCATACGAGCTAAATGAAC,0,5020180
yjbJ_predicted,0.16666666666666666,5,5,CGCACTAATATCACAATAGT,0,5013237
yjbJ_predicted,0.16666666666666666,5,5,CGCACCAGTCGCGGGTGGTC,0,4995325
yjbJ_predicted,0.16666666666666666,5,5,CGATACAGGTGCTAATCTAT,0,5000032
yjbJ_predicted,0.16666666666666666,5,5,CGAGTTGGTCCTACTAAAGT,0,5004709
yjbJ_predicted,0.16666666666666666,5,5,CGAGGTTAAGGCTTCGCCCC,0,5023807
yjbJ_predicted,0.16666666666666666,5,5,CGAGCGGTCCATCTTCGTGA,0,5005445
yjbJ_predicted,0.16666666666666666,5,5,CGAGAACCGTTATTTTTTAT,0,5006864
yjbJ_predicted,0.16666666666666666,5,5,CGACTCGTATTAGCGTGCGT,0,5006716
yjbJ_predicted,0.16666666666666666,5,5,CGAAGGCCGGAGTGAGTTTT,0,4997797
yjbJ_predicted,0.16666666666666666,5,5,CGAAACTCGAACCATGGAGT,0,5017813
yjbJ_predicted,0.16666666666666666,5,5,CCTTTGGAAAGTCAATCAAC,0,5018939
yjbJ_predicted,0.16666666666666666,5,5,CCTTTCATAACCATTTCTGA,0,5020103
yjbJ_predicted,0.16666666666666666,5,5,CCTGCTCGATCAACTCAAAT,0,5002875
yjbJ_predicted,0.16666666666666666,5,5,CCTGCCCTTGGTAAGTCGGA,0,5002024
yjbJ_predicted,0.16666666666666666,5,5,CCTCGCGGTATTCCAACCTT,0,4996601
yjbJ_predicted,0.16666666666666666,5,5,CCTCGATGTCATCCCTGAAG,0,5026176
yjbJ_predicted,0.16666666666666666,5,5,CCTCCAGGCAGCACCGGTCA,0,4996499
yjbJ_predicted,0.16666666666666666,5,5,CCTCCAGACTCTAGACCGGG,0,5024330
yjbJ_predicted,0.16666666666666666,5,5,CCTATGACGAACTCGTATGG,0,5029119
yjbJ_predicted,0.16666666666666666,5,5,CCTATCACACGGAAGTAATC,0,4997680
yjbJ_predicted,0.16666666666666666,5,5,CCTAAGATGATAAGGACTCG,0,5021121
yjbJ_predicted,0.16666666666666666,5,5,CCGTTAGTAACGCATGTTAG,0,5013715
yjbJ_predicted,0.16666666666666666,5,5,CCGTTAACCAGACCATGAAC,0,5012865
yjbJ_predicted,0.16666666666666666,5,5,CCGTGGGTAATCTATTTGTG,0,5014979
yjbJ_predicted,0.16666666666666666,5,5,CCGTAACCTGTCTGCTCCAG,0,5027557
yjbJ_predicted,0.16666666666666666,5,5,CCGGGTGTAATGTGGAATTT,0,5021202
yjbJ_predicted,0.16666666666666666,5,5,CCGGGAATGGGGTTCAATAA,0,5010005
yjbJ_predicted,0.16666666666666666,5,5,CCGCGGCTCGTCTTCGTCCT,0,4997717
yjbJ_predicted,0.16666666666666666,5,5,CCGCGGACAAGGGTTTGGTG,0,5006457
yjbJ_predicted,0.16666666666666666,5,5,CCGCCGTTCACGGGTGGGCG,0,5007761
yjbJ_predicted,0.16666666666666666,5,5,CCGCCAGAGAGATAACACTC,0,5017309
yjbJ_predicted,0.16666666666666666,5,5,CCGATGCGTTCAGGGTGTAG,0,5025876
yjbJ_predicted,0.16666666666666666,5,5,CCGAAACGATTAGCATACGT,0,5019475
yjbJ_predicted,0.16666666666666666,5,5,CCCTCTGCGCCTGCCGGGAA,0,5005056
yjbJ_predicted,0.16666666666666666,5,5,CCCGTTTGCTACATGCAATT,0,5017974
yjbJ_predicted,0.16666666666666666,5,5,CCCGGCAGTGTGCCCTCACA,0,4997116
yjbJ_predicted,0.16666666666666666,5,5,CCCGGAAGCCGTTTAGGACC,0,5018295
yjbJ_predicted,0.16666666666666666,5,5,CCCGCCTAGCTGAAGCCAAC,0,5013055
yjbJ_predicted,0.16666666666666666,5,5,CCCGATTCCCCTACGGGCCG,0,5000411
yjbJ_predicted,0.16666666666666666,5,5,CCCCCATAAGACATTAGTTA,0,5010570
yjbJ_predicted,0.16666666666666666,5,5,CCCCATCCTCCAGATCATTT,0,4995026
yjbJ_predicted,0.16666666666666666,5,5,CCCAGTCATGACAGTTGAAG,0,5026185
yjbJ_predicted,0.16666666666666666,5,5,CCATGTCAAGGACGTTATTC,0,5015852
yjbJ_predicted,0.16666666666666666,5,5,CCATGGGGTTCGTGTAGAAT,0,5004545
yjbJ_predicted,0.16666666666666666,5,5,CCAGAAATCCTCGGCCCGGT,0,5019129
yjbJ_predicted,0.16666666666666666,5,5,CCACTTAGCGATGTGAACCA,0,5009391
yjbJ_predicted,0.16666666666666666,5,5,CCACCGGTGTATCCCCGAGC,0,5017057
yjbJ_predicted,0.16666666666666666,5,5,CCAAGTGGTCACCTCAAAAC,0,5021750
yjbJ_predicted,0.16666666666666666,5,5,CCAAGGGGGTTAATAGTAGA,0,5012890
yjbJ_predicted,0.16666666666666666,5,5,CATTTCGGGACTGTAGTATC,0,4998885
yjbJ_predicted,0.16666666666666666,5,5,CATTTACCCTGGCTTTCGTT,0,5014490
yjbJ_predicted,0.16666666666666666,5,5,CATTGCCCCACGCTAGAGGG,0,5020409
yjbJ_predicted,0.16666666666666666,5,5,CATTCTCGACGGACTTGTGC,0,5013226
yjbJ_predicted,0.16666666666666666,5,5,CATTAGAAGGTATAGATTGG,0,4999585
yjbJ_predicted,0.16666666666666666,5,5,CATGTGGCACACGGTTGTAA,0,5010466
yjbJ_predicted,0.16666666666666666,5,5,CATGTGCCTAAACACGTCAA,0,5016836
yjbJ_predicted,0.16666666666666666,5,5,CATGTCATAATTTCCCTCGT,0,5001542
yjbJ_predicted,0.16666666666666666,5,5,CATCTGGTTCTTACGCGTCA,0,4996476
yjbJ_predicted,0.16666666666666666,5,5,CATCGACAAGACGTCCCAAC,0,4995096
yjbJ_predicted,0.16666666666666666,5,5,CATCAAAGAGCGATGTTCAG,0,5028105
yjbJ_predicted,0.16666666666666666,5,5,CATATGATCTACTATTGCGA,0,5019296
yjbJ_predicted,0.16666666666666666,5,5,CATAGGCGGGAGTAGAACCA,0,4996805
yjbJ_predicted,0.16666666666666666,5,5,CAGTGACGATCCAGCGAGGG,0,5003409
yjbJ_predicted,0.16666666666666666,5,5,CAGGTTCCACGCCTTCGTGA,0,5026702
yjbJ_predicted,0.16666666666666666,5,5,CAGGCTGTAACGGGTAATGG,0,5018493
yjbJ_predicted,0.16666666666666666,5,5,CAGCTCGAATGCTGGAAAAG,0,4996186
yjbJ_predicted,0.16666666666666666,5,5,CAGCGTCGAGTAGTATTTGT,0,5014032
yjbJ_predicted,0.16666666666666666,5,5,CAGCCCTTCGAACATGACTA,0,5005190
yjbJ_predicted,0.16666666666666666,5,5,CAGCAAGTAAGCGGCGGTCC,0,5012352
yjbJ_predicted,0.16666666666666666,5,5,CAGATCTAGATGCACTACGC,0,5008093
yjbJ_predicted,0.16666666666666666,5,5,CAGATAGAGTGTTCACGATT,0,5007522
yjbJ_predicted,0.16666666666666666,5,5,CAGAGCCATGCGGCTTAAGA,0,5005476
yjbJ_predicted,0.16666666666666666,5,5,CAGAAACGTCGCAGTTCTTA,0,5003124
yjbJ_predicted,0.16666666666666666,5,5,CACTTCCTACGGAAAGAATA,0,4999165
yjbJ_predicted,0.16666666666666666,5,5,CACTGTACTATTCAGATCAC,0,5012927
yjbJ_predicted,0.16666666666666666,5,5,CACTGGCGCGCTAAGAGAGC,0,5002576
yjbJ_predicted,0.16666666666666666,5,5,CACTGCTGAGTTCCGTTTAA,0,5015181
yjbJ_predicted,0.16666666666666666,5,5,CACTCTGAGCCAGCAAAGGA,0,4997478
yjbJ_predicted,0.16666666666666666,5,5,CACTCCCACATGGCTTAGGG,0,5004866
yjbJ_predicted,0.16666666666666666,5,5,CACTCATTTGCATCTGATGC,0,5018009
yjbJ_predicted,0.16666666666666666,5,5,CACTACTCACGCATAGTACG,0,5024391
yjbJ_predicted,0.16666666666666666,5,5,CACGTTGTTAAAGGGGCTTG,0,5022977
yjbJ_predicted,0.16666666666666666,5,5,CACGTTCGTTTAAACAGTCA,0,5001677
yjbJ_predicted,0.16666666666666666,5,5,CACGAGGAAACTCCGGACCA,0,5005169
yjbJ_predicted,0.16666666666666666,5,5,CACCTGACTGGTTCCGGAGA,0,5022618
yjbJ_predicted,0.16666666666666666,5,5,CACCGCTTTGTTTTAAGCAT,0,5002685
yjbJ_predicted,0.16666666666666666,5,5,CACCCTTATGCACTCGGAGA,0,5011796
yjbJ_predicted,0.16666666666666666,5,5,CACATTCTCCGCTATAGAGC,0,5023319
yjbJ_predicted,0.16666666666666666,5,5,CACATGTTGGCATGTGCACG,0,5022223
yjbJ_predicted,0.16666666666666666,5,5,CACAGCGAGCATGGACGATG,0,5020649
yjbJ_predicted,0.16666666666666666,5,5,CACAGAGGATACTGTGACAA,0,5007071
yjbJ_predicted,0.16666666666666666,5,5,CAATTACGGATACATCTAAC,0,4999554
yjbJ_predicted,0.16666666666666666,5,5,CAATAGGCAGTACCAAGGGT,0,4997837
yjbJ_predicted,0.16666666666666666,5,5,CAACGGCAACGGTGCACCAC,0,5008360
yjbJ_predicted,0.16666666666666666,5,5,CAACATTGCGTGCCGGGGAG,0,5006063
yjbJ_predicted,0.16666666666666666,5,5,CAACAACAAAAAATGTTACT,0,5021987
yjbJ_predicted,0.16666666666666666,5,5,CAAATCGGGTCTCTCGGATA,0,5008686
yjbJ_predicted,0.16666666666666666,5,5,CAAAGCACAGCTAACAAGAG,0,4996138
yjbJ_predicted,0.16666666666666666,5,5,ATTTTGTCCTTTCAGGCTTT,0,5017245
yjbJ_predicted,0.16666666666666666,5,5,ATTTATGGTGCAGTGTGGGT,0,5017043
yjbJ_predicted,0.16666666666666666,5,5,ATTTACCCGAGAGTAGGGCA,0,5030809
yjbJ_predicted,0.16666666666666666,5,5,ATTGCAGGATCGAGGGCATA,0,5019901
yjbJ_predicted,0.16666666666666666,5,5,ATTCGTCCGGACCACGAAAT,0,4995959
yjbJ_predicted,0.16666666666666666,5,5,ATTCCCGAGCGGCTATGCAT,0,5022551
yjbJ_predicted,0.16666666666666666,5,5,ATTCCATGTGCACCAGCCTC,0,5009879
yjbJ_predicted,0.16666666666666666,5,5,ATTAGGCGCCTTCCACAAGC,0,5005577
yjbJ_predicted,0.16666666666666666,5,5,ATTACGGCTGTCGCACCGGT,0,5003383
yjbJ_predicted,0.16666666666666666,5,5,ATTACGGAGCCCTGAAACTG,0,5020215
yjbJ_predicted,0.16666666666666666,5,5,ATGTTGAGTCTGAGTAACGG,0,5022549
yjbJ_predicted,0.16666666666666666,5,5,ATGTGGTGCACGGTTCACAT,0,5015299
yjbJ_predicted,0.16666666666666666,5,5,ATGTCGCATTTGGACATAGT,0,5013491
yjbJ_predicted,0.16666666666666666,5,5,ATGTCCCATAGTAGGCTTGA,0,5009093
yjbJ_predicted,0.16666666666666666,5,5,ATGTCAGCCTTAGCAAAGGC,0,5005021
yjbJ_predicted,0.16666666666666666,5,5,ATGTACATAGAATCAGTGAT,0,5012269
yjbJ_predicted,0.16666666666666666,5,5,ATGGGGGGGGGTTTCCGTAC,0,5016486
yjbJ_predicted,0.16666666666666666,5,5,ATGGCGGATCCCTAGGAAGA,0,5018806
yjbJ_predicted,0.16666666666666666,5,5,ATGCGTAGGGCCAGCTCTAG,0,5025111
yjbJ_predicted,0.16666666666666666,5,5,ATGCGCCAGCGCCATACTTC,0,5002131
yjbJ_predicted,0.16666666666666666,5,5,ATGCCTGTCGGAATGCAGAA,0,4997779
yjbJ_predicted,0.16666666666666666,5,5,ATGAGTCTCCGGCCTTTTGA,0,5002737
yjbJ_predicted,0.16666666666666666,5,5,ATGAGGAGTAGTGGCACTCA,0,5022225
yjbJ_predicted,0.16666666666666666,5,5,ATGAGAGCCACGCGGTATTT,0,5005811
yjbJ_predicted,0.16666666666666666,5,5,ATGAATACCGATCATGGTTG,0,5013024
yjbJ_predicted,0.16666666666666666,5,5,ATCTTCTAGTGGACATCAGG,0,5025960
yjbJ_predicted,0.16666666666666666,5,5,ATCTTCTAATGGGAATGGCA,0,5019309
yjbJ_predicted,0.16666666666666666,5,5,ATCTTCCAGTATAACTCGGG,0,5021145
yjbJ_predicted,0.16666666666666666,5,5,ATCGTAGCCTTGGAAACATC,0,5011953
yjbJ_predicted,0.16666666666666666,5,5,ATCGACTCATGCGGACGGTT,0,5012886
yjbJ_predicted,0.16666666666666666,5,5,ATCCTTCGTTCCCCTAGTCA,0,4995776
yjbJ_predicted,0.16666666666666666,5,5,ATCCCGCATGGAGTAAACTT,0,5006436
yjbJ_predicted,0.16666666666666666,5,5,ATCCCCGGTGGTAGAGAACC,0,4996749
yjbJ_predicted,0.16666666666666666,5,5,ATCCAGGCCCTGCGCAATGC,0,5003499
yjbJ_predicted,0.16666666666666666,5,5,ATCATACTACAGGTTCAGTT,0,4998210
yjbJ_predicted,0.16666666666666666,5,5,ATCACTGGGGTAGCTAATGC,0,5012065
yjbJ_predicted,0.16666666666666666,5,5,ATCAATGCGTAGGAGACTAG,0,5000375
yjbJ_predicted,0.16666666666666666,5,5,ATATACGACTGTGAGTTAGA,0,4999435
yjbJ_predicted,0.16666666666666666,5,5,ATATAAACGGCTCGTGGTTG,0,5019804
yjbJ_predicted,0.16666666666666666,5,5,ATAGGTATAACCTTTGAGAG,0,4999352
yjbJ_predicted,0.16666666666666666,5,5,ATAGCACAAAAGCGTAATAG,0,4998564
yjbJ_predicted,0.16666666666666666,5,5,ATAGATTATCGAGCCGCGCG,0,4998018
yjbJ_predicted,0.16666666666666666,5,5,ATACTTATTGCTGTGAGTAT,0,5010012
yjbJ_predicted,0.16666666666666666,5,5,ATACCTTTGCATATCCGGCT,0,5000162
yjbJ_predicted,0.16666666666666666,5,5,ATACCATGCTGGGGGTCCTA,0,5015276
yjbJ_predicted,0.16666666666666666,5,5,ATAATCATGACCAACCAACG,0,5004276
yjbJ_predicted,0.16666666666666666,5,5,ATAATACCGACTTGGCCTTC,0,5023166
yjbJ_predicted,0.16666666666666666,5,5,ATAAGTCTAGCAACCCCGGC,0,4994970
yjbJ_predicted,0.16666666666666666,5,5,ATAAGGGGTATTACGGGAAA,0,5012401
yjbJ_predicted,0.16666666666666666,5,5,ATAAGACTCGGTTGTTGACT,0,5022173
yjbJ_predicted,0.16666666666666666,5,5,ATAACGATTGTAGTCGGCAT,0,5011324
yjbJ_predicted,0.16666666666666666,5,5,ATAACAGTAGAAAAGGAGAT,0,5006458
yjbJ_predicted,0.16666666666666666,5,5,ATAAATTGTTGGCACTTTGG,0,5014487
yjbJ_predicted,0.16666666666666666,5,5,AGTTCACGCGTCATCGGGAA,0,5020966
yjbJ_predicted,0.16666666666666666,5,5,AGTTATGCCTAGTAATTCTA,0,5029428
yjbJ_predicted,0.16666666666666666,5,5,AGTGTCAGGCACGTACGAAT,0,4997416
yjbJ_predicted,0.16666666666666666,5,5,AGTGGGTAAGGCCGCTTCCC,0,4995023
yjbJ_predicted,0.16666666666666666,5,5,AGTGGCTCAGCTAACAAGTC,0,5030254
yjbJ_predicted,0.16666666666666666,5,5,AGTCTAGTACTTCATAAACG,0,5003200
yjbJ_predicted,0.16666666666666666,5,5,AGTCGCAAGAAGTGATGGAG,0,5001097
yjbJ_predicted,0.16666666666666666,5,5,AGTCCAGCTTATAACCGGCA,0,4999028
yjbJ_predicted,0.16666666666666666,5,5,AGTCCACGACCACCAAATTA,0,5016987
yjbJ_predicted,0.16666666666666666,5,5,AGTATTGCTCTCCGCTCGCG,0,5024847
yjbJ_predicted,0.16666666666666666,5,5,AGTATGATCGTACGAACATG,0,5024419
yjbJ_predicted,0.16666666666666666,5,5,AGTAGCGTAGTATTTAAACA,0,5017679
yjbJ_predicted,0.16666666666666666,5,5,AGTAGAAGGGAAGGAGCAAT,0,5008368
yjbJ_predicted,0.16666666666666666,5,5,AGTACCTGTGCTCATACGGG,0,5004873
yjbJ_predicted,0.16666666666666666,5,5,AGGTCGGATTAAGCAGGTTC,0,5009513
yjbJ_predicted,0.16666666666666666,5,5,AGGTCCTGTCGCTCATACGC,0,5000891
yjbJ_predicted,0.16666666666666666,5,5,AGGTAGCGCTTTCACTAAAT,0,5028052
yjbJ_predicted,0.16666666666666666,5,5,AGGGTTAAAATGTCGGAAAC,0,5005815
yjbJ_predicted,0.16666666666666666,5,5,AGGCTGCTCCTGTACAAAGA,0,5003397
yjbJ_predicted,0.16666666666666666,5,5,AGGCCTGTAGGACTGTGAAT,0,5016618
yjbJ_predicted,0.16666666666666666,5,5,AGGCCTGCCCTCGGGGCTAT,0,5024742
yjbJ_predicted,0.16666666666666666,5,5,AGGCCGTGACAGTCCTGCTG,0,5022201
yjbJ_predicted,0.16666666666666666,5,5,AGGATAGCCCTTCGCGAATC,0,5019950
yjbJ_predicted,0.16666666666666666,5,5,AGGATAACTTCTGGCCGGCA,0,5028568
yjbJ_predicted,0.16666666666666666,5,5,AGGAACGACAAACTGGATGT,0,4998744
yjbJ_predicted,0.16666666666666666,5,5,AGCTTAATAGTTAGCATTTA,0,5031285
yjbJ_predicted,0.16666666666666666,5,5,AGCTGGCAGTGACGTTAGCA,0,5021156
yjbJ_predicted,0.16666666666666666,5,5,AGCTGCGACCCTCCGTCGGG,0,4998656
yjbJ_predicted,0.16666666666666666,5,5,AGCTCTCTTTTTACCGTGAT,0,5016590
yjbJ_predicted,0.16666666666666666,5,5,AGCTAAGGCGCTTTCATCTT,0,5017281
yjbJ_predicted,0.16666666666666666,5,5,AGCGGTATCCGGATATGGCG,0,5004093
yjbJ_predicted,0.16666666666666666,5,5,AGCCTCCATCCGCGGGGTCT,0,4995851
yjbJ_predicted,0.16666666666666666,5,5,AGCCTAACCGCGCTCATCAA,0,4999375
yjbJ_predicted,0.16666666666666666,5,5,AGCCGCTCAGCGCTTGCCAG,0,5013466
yjbJ_predicted,0.16666666666666666,5,5,AGCCAATTAGTGTCCATGTT,0,5029973
yjbJ_predicted,0.16666666666666666,5,5,AGCATTCCCCGCGACCGGTG,0,5023350
yjbJ_predicted,0.16666666666666666,5,5,AGCATACACCGCAGCTCAGC,0,5026216
yjbJ_predicted,0.16666666666666666,5,5,AGCAGATGGTTGCTTATTCC,0,4995909
yjbJ_predicted,0.16666666666666666,5,5,AGCACGTGTCGTATAACGCT,0,5022161
yjbJ_predicted,0.16666666666666666,5,5,AGCACGCTCTCTTACCTGTA,0,5021831
yjbJ_predicted,0.16666666666666666,5,5,AGCACCACGTTTTACTTTAC,0,5030198
yjbJ_predicted,0.16666666666666666,5,5,AGATATAGGAGAATGGTGTC,0,5002135
yjbJ_predicted,0.16666666666666666,5,5,AGATACAGCCTTTTACTTGG,0,4998607
yjbJ_predicted,0.16666666666666666,5,5,AGAGTTCAACGTTCCATCAT,0,5019270
yjbJ_predicted,0.16666666666666666,5,5,AGAGTGTGTGACAGGCTTAC,0,5029364
yjbJ_predicted,0.16666666666666666,5,5,AGAGTGCTGTCCGCTCACAA,0,5011202
yjbJ_predicted,0.16666666666666666,5,5,AGAGCGAACAACGGAGGAAA,0,4998185
yjbJ_predicted,0.16666666666666666,5,5,AGAGAGTTGAGGACAGATCG,0,5005355
yjbJ_predicted,0.16666666666666666,5,5,AGACTTGACCAAAATCAGGA,0,5013196
yjbJ_predicted,0.16666666666666666,5,5,AGACGTCTACGTCCGAGGAT,0,5022647
yjbJ_predicted,0.16666666666666666,5,5,AGACCCTGGGCACGGAGTAG,0,5017188
yjbJ_predicted,0.16666666666666666,5,5,AGACCCGGTGCGGCTACTAC,0,5010424
yjbJ_predicted,0.16666666666666666,5,5,AGACAGGCTACGTGCAGCCC,0,5011765
yjbJ_predicted,0.16666666666666666,5,5,AGACAATCGCCCTCACCCCA,0,5009782
yjbJ_predicted,0.16666666666666666,5,5,AGAATTCGTCATGTTTGACT,0,5005498
yjbJ_predicted,0.16666666666666666,5,5,AGAACGGCATTCAGGCACTG,0,5008738
yjbJ_predicted,0.16666666666666666,5,5,ACTGTGGGCGCATTGAGGAG,0,5010103
yjbJ_predicted,0.16666666666666666,5,5,ACTGGCCAAGTATCCAACGG,0,5024983
yjbJ_predicted,0.16666666666666666,5,5,ACTGCAGAAACATAGGAACG,0,5011292
yjbJ_predicted,0.16666666666666666,5,5,ACTCTAAGTTAATGAAACTG,0,5001315
yjbJ_predicted,0.16666666666666666,5,5,ACTCGGCGATCGATTGACCC,0,5026880
yjbJ_predicted,0.16666666666666666,5,5,ACTAGCCGTTTATGGAAACG,0,5020330
yjbJ_predicted,0.16666666666666666,5,5,ACGTTTTGCGGGTGTCCCCA,0,4997207
yjbJ_predicted,0.16666666666666666,5,5,ACGTGATAGAATTACACAAC,0,5020025
yjbJ_predicted,0.16666666666666666,5,5,ACGTCCGTTCACGTTCATAT,0,5014262
yjbJ_predicted,0.16666666666666666,5,5,ACGGGTTCCCGCAGTGGATA,0,5023189
yjbJ_predicted,0.16666666666666666,5,5,ACGGGATAGCTACTAGATAA,0,5007299
yjbJ_predicted,0.16666666666666666,5,5,ACGGCCACGTTGTGGAAAAT,0,5021935
yjbJ_predicted,0.16666666666666666,5,5,ACGGCATATAGGAGATGTGT,0,5020878
yjbJ_predicted,0.16666666666666666,5,5,ACGCGGTTGTACTACGTACG,0,5021431
yjbJ_predicted,0.16666666666666666,5,5,ACGCCTCGTGTTGGTATTGC,0,5006931
yjbJ_predicted,0.16666666666666666,5,5,ACGCCAATTGTGCGCGAGCT,0,4999073
yjbJ_predicted,0.16666666666666666,5,5,ACGCAGTGATACTAGACGTC,0,5013696
yjbJ_predicted,0.16666666666666666,5,5,ACGACGCCTCCGATTCCACG,0,5004932
yjbJ_predicted,0.16666666666666666,5,5,ACGACCTCATATTAGAGATG,0,5016985
yjbJ_predicted,0.16666666666666666,5,5,ACGAACGTGACGGCCGCGGC,0,4998779
yjbJ_predicted,0.16666666666666666,5,5,ACCTTTTGGCACTTAACGAT,0,5002585
yjbJ_predicted,0.16666666666666666,5,5,ACCTTACGGGCGTGCAGAGT,0,5002647
yjbJ_predicted,0.16666666666666666,5,5,ACCTGGCAGGATCGAAGTAG,0,5003811
yjbJ_predicted,0.16666666666666666,5,5,ACCTCTCCCCCACTCATGGA,0,5018249
yjbJ_predicted,0.16666666666666666,5,5,ACCTCGGTGCATTGAGGGAT,0,4999583
yjbJ_predicted,0.16666666666666666,5,5,ACCTCAGCAGGGGGTACAAA,0,5018313
yjbJ_predicted,0.16666666666666666,5,5,ACCGGCCTACAGGTTCCCTT,0,5022415
yjbJ_predicted,0.16666666666666666,5,5,ACCGAACGGCATCAAGTGGG,0,4998323
yjbJ_predicted,0.16666666666666666,5,5,ACCCAGGGTGTATGAGGGCT,0,5026782
yjbJ_predicted,0.16666666666666666,5,5,ACCCAGAAGACTTGTATCTC,0,5011892
yjbJ_predicted,0.16666666666666666,5,5,ACCATACGAGTCGCTGGACA,0,5017858
yjbJ_predicted,0.16666666666666666,5,5,ACATTGAGGAGCATGGTGAG,0,5021911
yjbJ_predicted,0.16666666666666666,5,5,ACATCGGAAGAAGCAGCCGT,0,5010001
yjbJ_predicted,0.16666666666666666,5,5,ACATATGCACCAGGGTAGTG,0,5020921
yjbJ_predicted,0.16666666666666666,5,5,ACAGTGATTATGCTGCTTGT,0,4995720
yjbJ_predicted,0.16666666666666666,5,5,ACAGGTGGCTTTTCTCAGCA,0,5016000
yjbJ_predicted,0.16666666666666666,5,5,ACAGGGCAATTGTGCGTGGT,0,5004080
yjbJ_predicted,0.16666666666666666,5,5,ACAGATTTAGCATTTCTAAA,0,5006050
yjbJ_predicted,0.16666666666666666,5,5,ACAGATGAAATTTGGAGATG,0,5005469
yjbJ_predicted,0.16666666666666666,5,5,ACACGTGCCTTAATTGAGCG,0,4999460
yjbJ_predicted,0.16666666666666666,5,5,ACACGGGCAAACCGTAGAGT,0,5025738
yjbJ_predicted,0.16666666666666666,5,5,ACAAGTAGATCGATGATTTT,0,5018127
yjbJ_predicted,0.16666666666666666,5,5,ACAAAGGGAATTTGGGGAAT,0,5016118
yjbJ_predicted,0.16666666666666666,5,5,AATTGTTAACAAGGGCGAAT,0,5030824
yjbJ_predicted,0.16666666666666666,5,5,AATTCGTGCATCCCCCCAAA,0,4997780
yjbJ_predicted,0.16666666666666666,5,5,AATTCCCGGGAACTAAATTA,0,5024255
yjbJ_predicted,0.16666666666666666,5,5,AATTCACGCACATGAGTGAA,0,5008200
yjbJ_predicted,0.16666666666666666,5,5,AATTAGGGTGATCATATAGT,0,4999610
yjbJ_predicted,0.16666666666666666,5,5,AATGTTCTATTCCCTGATCC,0,5031196
yjbJ_predicted,0.16666666666666666,5,5,AATCGGTTAGCCATCTTCGT,0,5015539
yjbJ_predicted,0.16666666666666666,5,5,AATATATCTAGGCACAGGTA,0,5000949
yjbJ_predicted,0.16666666666666666,5,5,AATAGGTGTATGAGCTCGAT,0,5001261
yjbJ_predicted,0.16666666666666666,5,5,AATAAGACATGTGCTCGTTC,0,5020924
yjbJ_predicted,0.16666666666666666,5,5,AATAAATCAGTTCTCCCCTG,0,4995437
yjbJ_predicted,0.16666666666666666,5,5,AAGTTTGTCACGACAGTGCG,0,5021475
yjbJ_predicted,0.16666666666666666,5,5,AAGTGTTTTCCTGGACGGGG,0,5000912
yjbJ_predicted,0.16666666666666666,5,5,AAGTCGTCTAGGTTTTCCGT,0,5013996
yjbJ_predicted,0.16666666666666666,5,5,AAGTCGCGTTTCGGTTTAAT,0,5017546
yjbJ_predicted,0.16666666666666666,5,5,AAGTAAGGTGGCTAGTTGCT,0,5020288
yjbJ_predicted,0.16666666666666666,5,5,AAGGTAATGGGCCACTATCC,0,4996429
yjbJ_predicted,0.16666666666666666,5,5,AAGGGCATTAAATGAGTCAC,0,5020373
yjbJ_predicted,0.16666666666666666,5,5,AAGGCTCAACTCCTCAATGT,0,5014711
yjbJ_predicted,0.16666666666666666,5,5,AAGGAATTACTCCTCCTACG,0,5000142
yjbJ_predicted,0.16666666666666666,5,5,AAGATTTCGTTGGGTTAGGA,0,5027936
yjbJ_predicted,0.16666666666666666,5,5,AAGACGGCTAGAGATCTGCA,0,5022328
yjbJ_predicted,0.16666666666666666,5,5,AAGAATGCAGCCTGTTTCAC,0,5017588
yjbJ_predicted,0.16666666666666666,5,5,AACTTGAACTTCCAACGGGG,0,5024873
yjbJ_predicted,0.16666666666666666,5,5,AACGCGCGTAGAGGAAGAGC,0,5014273
yjbJ_predicted,0.16666666666666666,5,5,AACGCGAGGTTGGCAAAAAA,0,5018159
yjbJ_predicted,0.16666666666666666,5,5,AACGCAACTGTTATTGCGCC,0,4997319
yjbJ_predicted,0.16666666666666666,5,5,AACCGTTCTGAACCCTCCAA,0,5019578
yjbJ_predicted,0.16666666666666666,5,5,AACCGCTGGACATTTGGTGT,0,5015531
yjbJ_predicted,0.16666666666666666,5,5,AACCCACAGCTTGGCGTTTC,0,5022244
yjbJ_predicted,0.16666666666666666,5,5,AACCAACGCAAGTTGCGGCT,0,5017359
yjbJ_predicted,0.16666666666666666,5,5,AACACGGCGAGCACACGGCG,0,5026172
yjbJ_predicted,0.16666666666666666,5,5,AACAAGTAATCGAAGACTAA,0,5026419
yjbJ_predicted,0.16666666666666666,5,5,AAATTTATAAATCGGGCAAT,0,5030026
yjbJ_predicted,0.16666666666666666,5,5,AAATTGGCTGCGTTGTTCAT,0,5001756
yjbJ_predicted,0.16666666666666666,5,5,AAATTATGCAACGCGCCCGT,0,4999886
yjbJ_predicted,0.16666666666666666,5,5,AAATTAGCACTCGACCAGGG,0,5028217
yjbJ_predicted,0.16666666666666666,5,5,AAATGGCATGTGATCTAGCG,0,5024593
yjbJ_predicted,0.16666666666666666,5,5,AAATGCGCCAATCCGGCTAT,0,5004586
yjbJ_predicted,0.16666666666666666,5,5,AAACGCTCCTTTCCTCATGT,0,5003258
yjbJ_predicted,0.16666666666666666,5,5,AAACACTTGGCCCCGTGGTG,0,5016178
yjbJ_predicted,0.16666666666666666,5,5,AAAAGTAGTACCGGCTTATG,0,5008799
yjbJ_predicted,0.16666666666666666,5,5,AAAAGCCCTGAGAAGGGTCA,0,5024147
yjbJ_predicted,0.16666666666666666,5,5,AAAACATATCCTACCGATCA,0,5020558
yjbJ_predicted,0.2,4,4,TTTTTGGAGTACTACGAGCT,0,5023320
yjbJ_predicted,0.2,4,4,TTTTTACCGGGCCACTGTTT,0,5010441
yjbJ_predicted,0.2,4,4,TTTTGTCAAGGCTAAACTGT,0,5005917
yjbJ_predicted,0.2,4,4,TTTTGTACAGTCCCTTCCCA,0,5007767
yjbJ_predicted,0.2,4,4,TTTGTCTAACTCCACCAGGG,0,5028142
yjbJ_predicted,0.2,4,4,TTTGATGCTGGAACCACGTT,0,5009134
yjbJ_predicted,0.2,4,4,TTTCGTACTTAAGGTGCGCA,0,5024788
yjbJ_predicted,0.2,4,4,TTTCGCGTGGGCATATGATC,0,5025638
yjbJ_predicted,0.2,4,4,TTTCGCCTACAGCCCATATG,0,5009733
yjbJ_predicted,0.2,4,4,TTTATGGAAGGGCCGCAGAT,0,5011839
yjbJ_predicted,0.2,4,4,TTTATACGCAGGTGCGGAGT,0,5015187
yjbJ_predicted,0.2,4,4,TTTAACTTAAAGGTTTGTGG,0,4997729
yjbJ_predicted,0.2,4,4,TTGTTGTCTTTTCGCCAGGT,0,5002999
yjbJ_predicted,0.2,4,4,TTGTCTCCTCGGGCCGCCTG,0,5028949
yjbJ_predicted,0.2,4,4,TTGTCTAGAGCCGCACGGTT,0,4995559
yjbJ_predicted,0.2,4,4,TTGTAAAAGTCATGCGCGGG,0,5012840
yjbJ_predicted,0.2,4,4,TTGGCTCCCGGATGTGAATG,0,5019203
yjbJ_predicted,0.2,4,4,TTGGAGTCAACTCAGCCGGA,0,5023678
yjbJ_predicted,0.2,4,4,TTGGAAAGCAAACATAAGTA,0,5003934
yjbJ_predicted,0.2,4,4,TTGCTTCGGCTCCAAAAAGA,0,5029946
yjbJ_predicted,0.2,4,4,TTGCACGTCTGTGGCTCGCC,0,4997632
yjbJ_predicted,0.2,4,4,TTGAGCATGTCGCCCGGTGG,0,5022617
yjbJ_predicted,0.2,4,4,TTGACTCGTCTCATAGCTCT,0,5030558
yjbJ_predicted,0.2,4,4,TTGACTCATTCCCTACGTAG,0,5000416
yjbJ_predicted,0.2,4,4,TTGAATAACCGGAGAGCCTT,0,5018843
yjbJ_predicted,0.2,4,4,TTGAACTTTTACTTGTCTCA,0,5022133
yjbJ_predicted,0.2,4,4,TTCTTGTCAGTTTTACAACG,0,5030324
yjbJ_predicted,0.2,4,4,TTCTGCATTCACATAGGGAA,0,5010108
yjbJ_predicted,0.2,4,4,TTCTCCGCCGAGACATTAAG,0,5006647
yjbJ_predicted,0.2,4,4,TTCTCAAAGACTCATGGACA,0,4995589
yjbJ_predicted,0.2,4,4,TTCTAGAGCGACATCTCATC,0,5030972
yjbJ_predicted,0.2,4,4,TTCTACCATGACTTAAGAGC,0,5014336
yjbJ_predicted,0.2,4,4,TTCGTTCTAACTCCCCCGCT,0,5028234
yjbJ_predicted,0.2,4,4,TTCCCTCGCCGGGTAACCTG,0,5013256
yjbJ_predicted,0.2,4,4,TTCATCCTTAATATGGCAGA,0,5010218
yjbJ_predicted,0.2,4,4,TTCAGTAAACAGCCCCATGA,0,5003419
yjbJ_predicted,0.2,4,4,TTCAAACGATTGCGCGGAAC,0,5025899
yjbJ_predicted,0.2,4,4,TTATCCGGACAGTCTCCGGC,0,5022072
yjbJ_predicted,0.2,4,4,TTATCAGATCACGCTGAAGG,0,5012966
yjbJ_predicted,0.2,4,4,TTATATAGTGGATTGACGAT,0,5030834
yjbJ_predicted,0.2,4,4,TTATAGTGGGGTTTATACAC,0,5004246
yjbJ_predicted,0.2,4,4,TTATAGGATTGGAAAGCCCA,0,5002854
yjbJ_predicted,0.2,4,4,TTAGCGATTTGACAAACCTC,0,5006257
yjbJ_predicted,0.2,4,4,TTAGAGTAGGGTAACACACT,0,5013435
yjbJ_predicted,0.2,4,4,TTACTGACATGCTGAGCACC,0,5028964
yjbJ_predicted,0.2,4,4,TTACGGGTTCTCTTTCCAAC,0,5027421
yjbJ_predicted,0.2,4,4,TTACCCTGATTCTGGAACCG,0,5030088
yjbJ_predicted,0.2,4,4,TTACCACTTGATAGAAGAAG,0,5025776
yjbJ_predicted,0.2,4,4,TTACAGATTTCTGAGATACA,0,5009192
yjbJ_predicted,0.2,4,4,TTAATGTGGGCACCCGGTCC,0,4996600
yjbJ_predicted,0.2,4,4,TTAAGGCCGCCTTAGATTAA,0,5008365
yjbJ_predicted,0.2,4,4,TTAACCGCTTATCAGAGAAA,0,5008599
yjbJ_predicted,0.2,4,4,TTAACATGCCCTCGCCTTAA,0,5029855
yjbJ_predicted,0.2,4,4,TTAAATGGATCAGTGACGTT,0,5019606
yjbJ_predicted,0.2,4,4,TTAAACTTAACAAGGAGCAG,0,5016403
yjbJ_predicted,0.2,4,4,TGTTTTTACCAGCGGTCCAC,0,5029587
yjbJ_predicted,0.2,4,4,TGTTTTGGCTTTACTTCACC,0,5004187
yjbJ_predicted,0.2,4,4,TGTTGACTGTGTAAGTCAAA,0,4995769
yjbJ_predicted,0.2,4,4,TGTTCGAAACCACACTACTC,0,5028093
yjbJ_predicted,0.2,4,4,TGTTCCGCGCCTTCCCTCCG,0,5024352
yjbJ_predicted,0.2,4,4,TGTTCCACGTATGAAATTCT,0,5000010
yjbJ_predicted,0.2,4,4,TGTGGATGCGCATGCGGGCG,0,5001375
yjbJ_predicted,0.2,4,4,TGTGGACAATGGCCGGATGC,0,5021805
yjbJ_predicted,0.2,4,4,TGTGCTGAAAAGCGGCTGAA,0,4997168
yjbJ_predicted,0.2,4,4,TGTCGGGCACTCGCGCTCCA,0,5021454
yjbJ_predicted,0.2,4,4,TGTCAGATGCTATAACAGGT,0,4999254
yjbJ_predicted,0.2,4,4,TGTACCCGCTCCTAATCGAG,0,5001281
yjbJ_predicted,0.2,4,4,TGTAACCGGTTCTGGTTAAA,0,5003647
yjbJ_predicted,0.2,4,4,TGTAAAGCCTCATAAACGTC,0,4999664
yjbJ_predicted,0.2,4,4,TGGTTCGCAGCACAATCTAA,0,5007194
yjbJ_predicted,0.2,4,4,TGGTGTTGTCAACCCACCTC,0,5010357
yjbJ_predicted,0.2,4,4,TGGTGTCCGGAGAAACGGAC,0,5012277
yjbJ_predicted,0.2,4,4,TGGTGACTTGCCTGCTACAG,0,5010770
yjbJ_predicted,0.2,4,4,TGGTAGCGTGTCTCATGCGT,0,5011198
yjbJ_predicted,0.2,4,4,TGGGTCCGAGAGGGTCGCTT,0,5001227
yjbJ_predicted,0.2,4,4,TGGGTACTACGCAGGCCGGA,0,5024520
yjbJ_predicted,0.2,4,4,TGGGCCGCTGTGGCCGCTTT,0,5030242
yjbJ_predicted,0.2,4,4,TGGGCAAGAATTTGGCTCAT,0,5007140
yjbJ_predicted,0.2,4,4,TGGCGGCCGCGCAGCACTGT,0,5018592
yjbJ_predicted,0.2,4,4,TGGCGCCATGGACCGGTACG,0,5019095
yjbJ_predicted,0.2,4,4,TGGCCACACAGCCGCAGAAA,0,5021468
yjbJ_predicted,0.2,4,4,TGGCCAAGTATCTCAGTGTT,0,4999154
yjbJ_predicted,0.2,4,4,TGGCAGATAAATAAAATGCA,0,5014875
yjbJ_predicted,0.2,4,4,TGGAGGACCTTCAAGCCCCA,0,5019658
yjbJ_predicted,0.2,4,4,TGGACAGGATGCTGCGAGGG,0,5003237
yjbJ_predicted,0.2,4,4,TGCTTGCGGGAACTGGGGTG,0,4996977
yjbJ_predicted,0.2,4,4,TGCTGCCTATTATAGTATAA,0,4996801
yjbJ_predicted,0.2,4,4,TGCTACCGCACAAAGCTTTC,0,5026842
yjbJ_predicted,0.2,4,4,TGCTAAAATTGGGAGAATAC,0,5015500
yjbJ_predicted,0.2,4,4,TGCGTTTAACTTCCACAGCC,0,5018403
yjbJ_predicted,0.2,4,4,TGCGGTGAAAGGTAATATCG,0,5011220
yjbJ_predicted,0.2,4,4,TGCCCTGTTCAGGCTATCTG,0,5006092
yjbJ_predicted,0.2,4,4,TGCCCCTTCAACGAGTCTCA,0,5004273
yjbJ_predicted,0.2,4,4,TGCAGTTGGGCAAATAACCG,0,5020309
yjbJ_predicted,0.2,4,4,TGCACTTGACTGGCTCAGCG,0,5022122
yjbJ_predicted,0.2,4,4,TGCACATCTCTCGGAAGTCG,0,5020311
yjbJ_predicted,0.2,4,4,TGCAATAGGATGGGTGGGTT,0,5013097
yjbJ_predicted,0.2,4,4,TGCAAGCAGTGCGTTTCAGA,0,5002315
yjbJ_predicted,0.2,4,4,TGATGTCGGCGCACACACAC,0,5016239
yjbJ_predicted,0.2,4,4,TGATCGGCTCGTCGAGTTCT,0,5031209
yjbJ_predicted,0.2,4,4,TGATCGACGCGGCGTTCAGA,0,5014216
yjbJ_predicted,0.2,4,4,TGATATTATGTTTGAACGTT,0,5017288
yjbJ_predicted,0.2,4,4,TGAGGTAACCTGGCTATGCA,0,4995078
yjbJ_predicted,0.2,4,4,TGAGATTTTCAGCTTAACGC,0,5014710
yjbJ_predicted,0.2,4,4,TGACCTTACACATAGCCTAA,0,5028310
yjbJ_predicted,0.2,4,4,TGACAACATTAGTCTGTGTT,0,5016947
yjbJ_predicted,0.2,4,4,TGAATTGTGAGAAGTAATGA,0,5002781
yjbJ_predicted,0.2,4,4,TGAAGTGGATCCAGTACAGT,0,5009749
yjbJ_predicted,0.2,4,4,TGAACCCTTGAATTTTTCGG,0,5013030
yjbJ_predicted,0.2,4,4,TGAAATCCGCATTTGGGGTA,0,5027119
yjbJ_predicted,0.2,4,4,TGAAAAATTTTTCGCATACA,0,5025696
yjbJ_predicted,0.2,4,4,TCTTTTGGAAGGCTACGCCT,0,5005771
yjbJ_predicted,0.2,4,4,TCTTGAGTAAAATGTCCCGA,0,5006987
yjbJ_predicted,0.2,4,4,TCTTACTGGTAGGACGCGTT,0,5019596
yjbJ_predicted,0.2,4,4,TCTGTGCGATTTGGCAGCCC,0,5006928
yjbJ_predicted,0.2,4,4,TCTGCGTCTATCGGCGATCA,0,5002243
yjbJ_predicted,0.2,4,4,TCTGATCGTATAGACCACGG,0,5002952
yjbJ_predicted,0.2,4,4,TCTCCACCACGTAAATACGT,0,5027916
yjbJ_predicted,0.2,4,4,TCTAGCGGGGGACAATTGGT,0,4996662
yjbJ_predicted,0.2,4,4,TCGTTTGAAAGGCACGCAGT,0,4998975
yjbJ_predicted,0.2,4,4,TCGTAATGCCATTTTAACGA,0,5012421
yjbJ_predicted,0.2,4,4,TCGGTAAGCAGGCACCAATC,0,5003195
yjbJ_predicted,0.2,4,4,TCGGGAGGTTAGGCCACGTC,0,5000825
yjbJ_predicted,0.2,4,4,TCGGATTCCAGACTTCAATA,0,4999379
yjbJ_predicted,0.2,4,4,TCGCTGGACTTTCTCCCGTC,0,5001434
yjbJ_predicted,0.2,4,4,TCGCGTGGTCCTTAAACATT,0,5003421
yjbJ_predicted,0.2,4,4,TCGCAGCCCCAATCGGGTTA,0,5005993
yjbJ_predicted,0.2,4,4,TCGCAAACGGGCTGAACCGA,0,5013764
yjbJ_predicted,0.2,4,4,TCGATCGGAGTCTCGACAAG,0,5014573
yjbJ_predicted,0.2,4,4,TCGAGGATAGTTACCGTTCT,0,5012271
yjbJ_predicted,0.2,4,4,TCGACCTCCTAAGCTCGATA,0,4995698
yjbJ_predicted,0.2,4,4,TCGAAGCGTCTTTCTCAGTT,0,5000276
yjbJ_predicted,0.2,4,4,TCCTGACACTTGAACCACTC,0,4997657
yjbJ_predicted,0.2,4,4,TCCTATCTTCGACTGGGAAG,0,5010841
yjbJ_predicted,0.2,4,4,TCCTAGTATTTCTCGGCGTA,0,5022166
yjbJ_predicted,0.2,4,4,TCCGCCCTTTGTTGGAATAT,0,5023960
yjbJ_predicted,0.2,4,4,TCCCTAAGTGCCGTTAGATC,0,5015550
yjbJ_predicted,0.2,4,4,TCCCCATGAAGAATTTGTTA,0,5020116
yjbJ_predicted,0.2,4,4,TCCCATCGGATAAAGTGATA,0,5006714
yjbJ_predicted,0.2,4,4,TCCATCACCCTAATTTGATT,0,5015461
yjbJ_predicted,0.2,4,4,TCCAGTGGGTTAGCATTATC,0,5012531
yjbJ_predicted,0.2,4,4,TCCAATTTGGACATATAAGG,0,5009943
yjbJ_predicted,0.2,4,4,TCATGTGGGTCTCGGGTACA,0,5005424
yjbJ_predicted,0.2,4,4,TCATCTCTCGTCCGGTACAT,0,5018161
yjbJ_predicted,0.2,4,4,TCATATAAACATAGAAACTG,0,5025041
yjbJ_predicted,0.2,4,4,TCAGCGTCACTAAAGCCGGA,0,5022859
yjbJ_predicted,0.2,4,4,TCAGCCCATGAGATATCTGT,0,5010818
yjbJ_predicted,0.2,4,4,TCAGCATACGAGACTCGAAG,0,5027944
yjbJ_predicted,0.2,4,4,TCACTGTTAGCATCACCCTT,0,5015932
yjbJ_predicted,0.2,4,4,TCACTAGGTCTTCTCCACAT,0,5024375
yjbJ_predicted,0.2,4,4,TCACGAACGCATGCTGACTT,0,5007520
yjbJ_predicted,0.2,4,4,TCAAGCGAGCCCGGATCGGT,0,4997120
yjbJ_predicted,0.2,4,4,TCAAGCAGCGCGCAAAACGG,0,5030880
yjbJ_predicted,0.2,4,4,TCAAAATAATGTTCTCGCCC,0,5009921
yjbJ_predicted,0.2,4,4,TATTTCTTCACACCAGACCG,0,5028957
yjbJ_predicted,0.2,4,4,TATTTAACCCCTGAGGCACG,0,5020682
yjbJ_predicted,0.2,4,4,TATTCTACTGGATTCCGGCT,0,5014190
yjbJ_predicted,0.2,4,4,TATTACCTGAGCGTATCCCT,0,5010273
yjbJ_predicted,0.2,4,4,TATGAGCTATTAACGTGGGG,0,5006024
yjbJ_predicted,0.2,4,4,TATGACACGACGTCTGCTGC,0,5030016
yjbJ_predicted,0.2,4,4,TATCTGCATCGAATGTGGGC,0,5029267
yjbJ_predicted,0.2,4,4,TATCTCAAGTGTCAGCCGCC,0,4999680
yjbJ_predicted,0.2,4,4,TATCGTCGTAGGACATTACC,0,5003339
yjbJ_predicted,0.2,4,4,TATCCTGTGTTGATCGCTAC,0,5025432
yjbJ_predicted,0.2,4,4,TATCCTAGGACGTAGTCTAT,0,5014427
yjbJ_predicted,0.2,4,4,TATCCCTTGTATCAGGGGAT,0,5001429
yjbJ_predicted,0.2,4,4,TATCCCATTTGTTCGCGCCG,0,5028192
yjbJ_predicted,0.2,4,4,TATCCACCAGCGTATTCGAC,0,5004081
yjbJ_predicted,0.2,4,4,TATCATGGTGTGCCGTCACC,0,4999057
yjbJ_predicted,0.2,4,4,TATCAGAAGGTTATTTCCCA,0,5003936
yjbJ_predicted,0.2,4,4,TATCAAACGGCTCTATCATT,0,5019169
yjbJ_predicted,0.2,4,4,TATAGATGGCTTGTCCTCGG,0,5013820
yjbJ_predicted,0.2,4,4,TATACATTTGAGTAGCTGAA,0,5000630
yjbJ_predicted,0.2,4,4,TAGGTTATGTGGCTGTCCTG,0,5010642
yjbJ_predicted,0.2,4,4,TAGGTCTTAGGGATGACTAA,0,5004252
yjbJ_predicted,0.2,4,4,TAGGGTTACAACGATAGTGT,0,4998909
yjbJ_predicted,0.2,4,4,TAGGAAGGCGAGCCAGACTG,0,5017818
yjbJ_predicted,0.2,4,4,TAGCTTTGCCAAGCCGAAGA,0,5011925
yjbJ_predicted,0.2,4,4,TAGCTTGTGTCTTAACCGAG,0,5030334
yjbJ_predicted,0.2,4,4,TAGCCTTCTCTGTGGGTTCA,0,5024286
yjbJ_predicted,0.2,4,4,TAGATTGGACTACCAGGTGG,0,5025042
yjbJ_predicted,0.2,4,4,TAGATCGGAAAGGATTCGGG,0,5007017
yjbJ_predicted,0.2,4,4,TAGATCCCACCCTAAGGATG,0,5013961
yjbJ_predicted,0.2,4,4,TAGATAACGCCTTCCGGCAA,0,5017941
yjbJ_predicted,0.2,4,4,TAGAGTGTTTAACGGCTAAA,0,5004419
yjbJ_predicted,0.2,4,4,TAGAGTGGCAAGTACCTCAT,0,5024652
yjbJ_predicted,0.2,4,4,TACTCGTTAGTGTCCCTGCG,0,5019574
yjbJ_predicted,0.2,4,4,TACGTCACCGAAGCTTATCA,0,5003529
yjbJ_predicted,0.2,4,4,TACCGCTAAGTTGGCCGCAG,0,5031066
yjbJ_predicted,0.2,4,4,TACCATTGGAACCGTCCACA,0,4998118
yjbJ_predicted,0.2,4,4,TACCATCGATCCATGTCAGC,0,5024595
yjbJ_predicted,0.2,4,4,TACAGGTGGCCCCGGGTTTA,0,5016553
yjbJ_predicted,0.2,4,4,TAAGGGCTCTCGTATACGCA,0,4995256
yjbJ_predicted,0.2,4,4,TAACTGACGAACGTGATGCT,0,5022248
yjbJ_predicted,0.2,4,4,TAACGACCCGCGCGGCCTAT,0,5023434
yjbJ_predicted,0.2,4,4,TAACCAATTAGCCGGGCTGA,0,5019096
yjbJ_predicted,0.2,4,4,TAAATGCCTTTCATAATTGG,0,5010197
yjbJ_predicted,0.2,4,4,TAAATCATATTGAGAGGCCA,0,5018809
yjbJ_predicted,0.2,4,4,TAAAGAGTTGCGATGTTTAG,0,5005649
yjbJ_predicted,0.2,4,4,TAAAAGTCCCGCACAGGCTT,0,5028151
yjbJ_predicted,0.2,4,4,GTTTTTGCAAACAGAGCGCT,0,5027984
yjbJ_predicted,0.2,4,4,GTTTCGGCATAGTCGTGAAG,0,5011353
yjbJ_predicted,0.2,4,4,GTTTCCGACCAGCGTGTCTG,0,5023413
yjbJ_predicted,0.2,4,4,GTTTCATCATATTTTTCAAT,0,5020646
yjbJ_predicted,0.2,4,4,GTTTATCTATCGGTTTTACC,0,5019022
yjbJ_predicted,0.2,4,4,GTTGGCTCGATCTTAAGTGT,0,5017272
yjbJ_predicted,0.2,4,4,GTTGCTCACGCCCATTTCGT,0,5025863
yjbJ_predicted,0.2,4,4,GTTGACCTCATTAGAAAGTC,0,4999910
yjbJ_predicted,0.2,4,4,GTTGAAAAAGAGTTCATACA,0,5031058
yjbJ_predicted,0.2,4,4,GTTCCACGGTCTCCTCGGCG,0,5020089
yjbJ_predicted,0.2,4,4,GTTATGCACACGTTGAATAG,0,5022631
yjbJ_predicted,0.2,4,4,GTTAGTCTTCATCACTAAAT,0,5026091
yjbJ_predicted,0.2,4,4,GTTAACTGTTCGCGGCGCAA,0,5029763
yjbJ_predicted,0.2,4,4,GTGTTTGGCCATTAGGGGGG,0,5011256
yjbJ_predicted,0.2,4,4,GTGTACGGGCAATGGCATCC,0,4995494
yjbJ_predicted,0.2,4,4,GTGGCTCGGGCACCATTGTG,0,4996428
yjbJ_predicted,0.2,4,4,GTGGCTATTTTCCCAGAGTC,0,4999332
yjbJ_predicted,0.2,4,4,GTGCTTAACGCGGAGGAACT,0,5030094
yjbJ_predicted,0.2,4,4,GTGCTCCGCGTGTGGCCATT,0,5009109
yjbJ_predicted,0.2,4,4,GTGCAGCCATCACGGGAATG,0,5016897
yjbJ_predicted,0.2,4,4,GTGAGGCACAATAGTTGCAG,0,5007321
yjbJ_predicted,0.2,4,4,GTGAGATCAGCCGCGTGTCG,0,5028466
yjbJ_predicted,0.2,4,4,GTGACCATCTGCCAAAGCGA,0,5013121
yjbJ_predicted,0.2,4,4,GTGACATGAGAACGTCGTAT,0,5014899
yjbJ_predicted,0.2,4,4,GTGAATTTGCTTAGCGAGCC,0,5024720
yjbJ_predicted,0.2,4,4,GTGAATAGATCATGGGCGCA,0,5011794
yjbJ_predicted,0.2,4,4,GTCTTTGAGAAGTATATGTC,0,5001823
yjbJ_predicted,0.2,4,4,GTCTGGCAGTTAAGTGGGCC,0,5030711
yjbJ_predicted,0.2,4,4,GTCTCACGCGCGTAAGTATT,0,5009182
yjbJ_predicted,0.2,4,4,GTCGTTAGTTAGACATGTGA,0,5011847
yjbJ_predicted,0.2,4,4,GTCGCGGCGGGTCAGGCCGA,0,5008726
yjbJ_predicted,0.2,4,4,GTCGATCGGGTTGTTTTTAG,0,4999676
yjbJ_predicted,0.2,4,4,GTCGAGAGGTTGGACCCTAA,0,5000696
yjbJ_predicted,0.2,4,4,GTCCTAGAACAATCTGTGAA,0,5008531
yjbJ_predicted,0.2,4,4,GTCCTAACCGGCGTTATAAG,0,5004501
yjbJ_predicted,0.2,4,4,GTCCGTCTCCTCGCTCCCAC,0,5008524
yjbJ_predicted,0.2,4,4,GTCATTATTACCGGGCTCTG,0,5022071
yjbJ_predicted,0.2,4,4,GTCAGTCTCTATCTGGAGAG,0,5017628
yjbJ_predicted,0.2,4,4,GTCACACGCCTCGCCACGAC,0,5017074
yjbJ_predicted,0.2,4,4,GTCAAGCACCTGACGCTGGA,0,5030087
yjbJ_predicted,0.2,4,4,GTCAAAGCTTTGTGCGCACC,0,5018051
yjbJ_predicted,0.2,4,4,GTATGCAGAGAGGGATTGGC,0,4996933
yjbJ_predicted,0.2,4,4,GTATCCGTCACTAACCGAAA,0,5031104
yjbJ_predicted,0.2,4,4,GTATCAATTTTACGCCGTCA,0,5014931
yjbJ_predicted,0.2,4,4,GTATAGTTCTACCTAATACA,0,5027772
yjbJ_predicted,0.2,4,4,GTAGTCCCTAGTGGCAGAGG,0,5010129
yjbJ_predicted,0.2,4,4,GTAGTCAAATGGCTGCAGTA,0,5010979
yjbJ_predicted,0.2,4,4,GTAGGCCCGCACACGGTTCC,0,5003072
yjbJ_predicted,0.2,4,4,GTAGGACCTTAGCAGTTGGG,0,5020441
yjbJ_predicted,0.2,4,4,GTAGGACATCACATGGACCA,0,5021655
yjbJ_predicted,0.2,4,4,GTAGATAGGGCGAAAGGCAG,0,5017543
yjbJ_predicted,0.2,4,4,GTAGAAAAGGCGCGACGTTT,0,5004766
yjbJ_predicted,0.2,4,4,GTACTACCTCAACACGTTCT,0,4997709
yjbJ_predicted,0.2,4,4,GTACATTCTCCCGCATTTGT,0,5013403
yjbJ_predicted,0.2,4,4,GTACAGCTCAGCGGGGCGGG,0,5022186
yjbJ_predicted,0.2,4,4,GTAATCATAGGTGAAGCGCC,0,5020943
yjbJ_predicted,0.2,4,4,GGTTGTGCTGTTTAAAACAA,0,5016703
yjbJ_predicted,0.2,4,4,GGTTGTAACATACATCCCGT,0,5005308
yjbJ_predicted,0.2,4,4,GGTTGAGTATATTGAGTGAA,0,4996200
yjbJ_predicted,0.2,4,4,GGTTCATGCCTTGGTGGGTC,0,5010545
yjbJ_predicted,0.2,4,4,GGTTCAGGTCTGGATTCAAA,0,5005835
yjbJ_predicted,0.2,4,4,GGTTCAATACTCGGACATTA,0,4995401
yjbJ_predicted,0.2,4,4,GGTGTGGCAGGTACTCAAAT,0,4999487
yjbJ_predicted,0.2,4,4,GGTGGTGTGGCTACATGGAG,0,4999598
yjbJ_predicted,0.2,4,4,GGTGGGGGCCTTCATCCTAG,0,5025814
yjbJ_predicted,0.2,4,4,GGTGGATCTACCTAGAGCGG,0,5005753
yjbJ_predicted,0.2,4,4,GGTGATACAGCCCCCGTTCC,0,5009707
yjbJ_predicted,0.2,4,4,GGTCGCCAAATGCAGGCGGC,0,5027202
yjbJ_predicted,0.2,4,4,GGTCGAGTTTGAAATACTGA,0,5025525
yjbJ_predicted,0.2,4,4,GGTCCGTGCCGTCTTTCGTT,0,5003037
yjbJ_predicted,0.2,4,4,GGTAGCTGAGTCGCGATTGT,0,5008310
yjbJ_predicted,0.2,4,4,GGGTTTCGAGTGGGGACCAG,0,5023368
yjbJ_predicted,0.2,4,4,GGGTGTAAACCTGTAAAAGC,0,5006116
yjbJ_predicted,0.2,4,4,GGGTGAACCCAGTGGCCAGT,0,5017620
yjbJ_predicted,0.2,4,4,GGGTCGTATACATTGCCTTG,0,5026650
yjbJ_predicted,0.2,4,4,GGGGTTCATTAGCCGCACAC,0,5024233
yjbJ_predicted,0.2,4,4,GGGGGAATTTTCAATATAAG,0,5030689
yjbJ_predicted,0.2,4,4,GGGGATACTCCACACGCACT,0,5019671
yjbJ_predicted,0.2,4,4,GGGCTGGATATCTTAGAACT,0,5018147
yjbJ_predicted,0.2,4,4,GGGCTGAATACACTACACGA,0,5023711
yjbJ_predicted,0.2,4,4,GGGCGACACGAGGATTCAAA,0,5013843
yjbJ_predicted,0.2,4,4,GGGCATAGCTGTCACTGATA,0,5028118
yjbJ_predicted,0.2,4,4,GGGCAGACAGCGCAGCAACT,0,5009313
yjbJ_predicted,0.2,4,4,GGGCACTGCTTAATGTCATC,0,4996080
yjbJ_predicted,0.2,4,4,GGGCACATGCAATCGTCCTG,0,5009043
yjbJ_predicted,0.2,4,4,GGGAGGCGGTGCACGTATAA,0,4999514
yjbJ_predicted,0.2,4,4,GGGAGCTAACAAGTGGCATG,0,5012246
yjbJ_predicted,0.2,4,4,GGGAGAGGACACAGTGGCCT,0,5006215
yjbJ_predicted,0.2,4,4,GGGACCGACTCGGCCATCGA,0,5021979
yjbJ_predicted,0.2,4,4,GGCTTTCAGAAATAGAGTTC,0,4996960
yjbJ_predicted,0.2,4,4,GGCTGGGCCGATGGCGCCTC,0,5018061
yjbJ_predicted,0.2,4,4,GGCTATTAGATGACGCATCT,0,5019215
yjbJ_predicted,0.2,4,4,GGCTATCTGGACCCGACAGA,0,5007818
yjbJ_predicted,0.2,4,4,GGCGGTCCGGTATTATGGCC,0,4994944
yjbJ_predicted,0.2,4,4,GGCGGAAAAGAAAATAGATA,0,5028458
yjbJ_predicted,0.2,4,4,GGCGCGGGATGGGAGGCGGA,0,5009993
yjbJ_predicted,0.2,4,4,GGCGCGGATCTGTTGCAACC,0,5021803
yjbJ_predicted,0.2,4,4,GGCGCGATGTGATTTGTTCT,0,5008688
yjbJ_predicted,0.2,4,4,GGCGAGCCGTGTTTGGAGCT,0,4999025
yjbJ_predicted,0.2,4,4,GGCCTCTTGCTAACCTATTG,0,5005198
yjbJ_predicted,0.2,4,4,GGCCTCCTGAATTTCTATTA,0,5026877
yjbJ_predicted,0.2,4,4,GGCCGGGCTTAGTCATACAT,0,5005782
yjbJ_predicted,0.2,4,4,GGCCCAACTCCCAGATGATG,0,5027701
yjbJ_predicted,0.2,4,4,GGCATAGCATTAGCACCAGC,0,4997048
yjbJ_predicted,0.2,4,4,GGCACCGTTCGTGACAACAT,0,4999252
yjbJ_predicted,0.2,4,4,GGATTTATGCTCCCGGATTG,0,5025141
yjbJ_predicted,0.2,4,4,GGATTCCCAGCGCTGTCTTT,0,5002555
yjbJ_predicted,0.2,4,4,GGATGAGCGATCAGAAAATT,0,4994848
yjbJ_predicted,0.2,4,4,GGATCAGCCCATTGGAACGA,0,5013331
yjbJ_predicted,0.2,4,4,GGATATCATAGTTAATAGTT,0,5013964
yjbJ_predicted,0.2,4,4,GGATACGGGCTATTATGGCC,0,5025658
yjbJ_predicted,0.2,4,4,GGATAAGGATTAAGAAACGG,0,5000842
yjbJ_predicted,0.2,4,4,GGAGTTCGTGTGATCATCCT,0,5027148
yjbJ_predicted,0.2,4,4,GGAGTATCTTAGGGGCATGA,0,5025335
yjbJ_predicted,0.2,4,4,GGAGCGACCAGGGAATAGGT,0,5025399
yjbJ_predicted,0.2,4,4,GGAGCAGGGGATAACACATT,0,5007608
yjbJ_predicted,0.2,4,4,GGAGATACAGACTCAACTCG,0,5004005
yjbJ_predicted,0.2,4,4,GGAGACGGCCAATGAGGGAT,0,5027581
yjbJ_predicted,0.2,4,4,GGAGACCGGACTTTCTAGAC,0,5015004
yjbJ_predicted,0.2,4,4,GGACTCGATTTGCCCGGCAT,0,5022734
yjbJ_predicted,0.2,4,4,GGACGCCGCCAAGGTCCTAA,0,5017487
yjbJ_predicted,0.2,4,4,GGACCCCTTCACATCTGGGT,0,5006081
yjbJ_predicted,0.2,4,4,GGACATCGATGTTAACGTTC,0,5010139
yjbJ_predicted,0.2,4,4,GGAATCAAAGAAGCGGGGTA,0,5026144
yjbJ_predicted,0.2,4,4,GGAAGTTAGGACATCGCCTC,0,5026966
yjbJ_predicted,0.2,4,4,GCTGTCCTCCTACATATTTC,0,5008245
yjbJ_predicted,0.2,4,4,GCTGCCCAGTTTTGAGACGA,0,5009032
yjbJ_predicted,0.2,4,4,GCTCTCTTACTGCGAGCATA,0,5014948
yjbJ_predicted,0.2,4,4,GCTCGTGGGGGATCACGACG,0,4998162
yjbJ_predicted,0.2,4,4,GCTCGATAAGTATGTGTCGC,0,5027135
yjbJ_predicted,0.2,4,4,GCTCCGCTAACCAGGATCTT,0,5005230
yjbJ_predicted,0.2,4,4,GCTCAGCTAGTATTATTCGG,0,4996038
yjbJ_predicted,0.2,4,4,GCTATTCGATTGTGGTATAC,0,4994862
yjbJ_predicted,0.2,4,4,GCTATCGGGACAGATGTATG,0,5005617
yjbJ_predicted,0.2,4,4,GCTAGCGCTCTTCACCTGGT,0,5003515
yjbJ_predicted,0.2,4,4,GCTAATCGTCTCCCCTGTGT,0,5030776
yjbJ_predicted,0.2,4,4,GCGTTGGAGAGCCATGTTGA,0,5021961
yjbJ_predicted,0.2,4,4,GCGTTGAGAAAGGCACTGTG,0,5021735
yjbJ_predicted,0.2,4,4,GCGTGGTGGTAAAGGTGAGT,0,5028292
yjbJ_predicted,0.2,4,4,GCGTACTTTAGCAGCTTGGT,0,4999763
yjbJ_predicted,0.2,4,4,GCGGTGCGAAGTGCGTCTTC,0,5026858
yjbJ_predicted,0.2,4,4,GCGGCTATAGTCCAGTGCCA,0,5004733
yjbJ_predicted,0.2,4,4,GCGGAGCACGGAGGCCAACA,0,5002051
yjbJ_predicted,0.2,4,4,GCGGACTCATACACTTGGTA,0,4996251
yjbJ_predicted,0.2,4,4,GCGGAACTGTGCCTGTCTCA,0,5004001
yjbJ_predicted,0.2,4,4,GCGCTTGTTTATGATGGGCG,0,4998982
yjbJ_predicted,0.2,4,4,GCGCTGTATCTATAAGTCCC,0,5003999
yjbJ_predicted,0.2,4,4,GCGCGCAATAGGGACACATT,0,5010923
yjbJ_predicted,0.2,4,4,GCGATGTATAGGTTGTGGTT,0,4998760
yjbJ_predicted,0.2,4,4,GCGATATTGATGAGATCTTT,0,5005394
yjbJ_predicted,0.2,4,4,GCCTGGCATTGCGTTGGGGA,0,4997765
yjbJ_predicted,0.2,4,4,GCCTGCATTGAGCTGGAATC,0,5000793
yjbJ_predicted,0.2,4,4,GCCTCTAATGCTGCATGTGC,0,4998404
yjbJ_predicted,0.2,4,4,GCCGACAAAATTGCGACAGT,0,5020773
yjbJ_predicted,0.2,4,4,GCCCTGATCTGAGATACAAT,0,5010951
yjbJ_predicted,0.2,4,4,GCCCGTGTAGATGGAACTCT,0,5000845
yjbJ_predicted,0.2,4,4,GCCCCTGGAACGCCAGAGGT,0,5002643
yjbJ_predicted,0.2,4,4,GCCATTATATGTGGGTTTCC,0,5026666
yjbJ_predicted,0.2,4,4,GCCATGGCTATTTACTTGGG,0,5018802
yjbJ_predicted,0.2,4,4,GCCATCCGACACTTGATTCT,0,4995487
yjbJ_predicted,0.2,4,4,GCCAGATGCGATTGTACAGT,0,5023371
yjbJ_predicted,0.2,4,4,GCCACAAATAAGGTTCGACA,0,5005779
yjbJ_predicted,0.2,4,4,GCATTAGGCTGCAGTGCCGG,0,5028979
yjbJ_predicted,0.2,4,4,GCATGTTCTACAACGATTGG,0,5015528
yjbJ_predicted,0.2,4,4,GCATGGGCCAGGAAATAGAA,0,5002747
yjbJ_predicted,0.2,4,4,GCATCTAGTCACAGGCCCGA,0,5015938
yjbJ_predicted,0.2,4,4,GCATCGGGACTGTTCCTACT,0,5010206
yjbJ_predicted,0.2,4,4,GCATCGCGCATTCTTGCCCC,0,5002160
yjbJ_predicted,0.2,4,4,GCATCATGTTCACTAATCAA,0,5002054
yjbJ_predicted,0.2,4,4,GCATATTGTCGGGTTTATGC,0,5008425
yjbJ_predicted,0.2,4,4,GCAGTCTAAACGCGAGCGAG,0,5008182
yjbJ_predicted,0.2,4,4,GCAGTCCGCATACCGGATTA,0,5001571
yjbJ_predicted,0.2,4,4,GCAGCGTCTCATTCAAATCT,0,5026039
yjbJ_predicted,0.2,4,4,GCAGCGCTCTTTGGTCTATC,0,5026635
yjbJ_predicted,0.2,4,4,GCAGCCTTAGTATATGATGT,0,5011002
yjbJ_predicted,0.2,4,4,GCACGAAATGAGATAACTAT,0,5020231
yjbJ_predicted,0.2,4,4,GCAAGTTTTCTAGTTGTGGC,0,5012106
yjbJ_predicted,0.2,4,4,GCAAGCAAATCATGTGTTAA,0,4999930
yjbJ_predicted,0.2,4,4,GATTTTACGGTGGTTGTATG,0,5021073
yjbJ_predicted,0.2,4,4,GATTTCTATCGAGATTTTGG,0,5005954
yjbJ_predicted,0.2,4,4,GATTTATGTGTACTGTAAGG,0,5015533
yjbJ_predicted,0.2,4,4,GATGTCAAATGGAGACCATA,0,5000366
yjbJ_predicted,0.2,4,4,GATGTAGCCACTCCGGAATA,0,5012548
yjbJ_predicted,0.2,4,4,GATGGATGTACGGTCACTCA,0,5023568
yjbJ_predicted,0.2,4,4,GATGGACCCGAAACCTAAAT,0,5029595
yjbJ_predicted,0.2,4,4,GATGCGGTCCCAGGCAGGGA,0,5025538
yjbJ_predicted,0.2,4,4,GATGACGTTAACCGTAATTG,0,5031188
yjbJ_predicted,0.2,4,4,GATCTTGATCCAATGTTCGA,0,5030014
yjbJ_predicted,0.2,4,4,GATCTCACCCTCAGGGGGAC,0,5023032
yjbJ_predicted,0.2,4,4,GATCGTCTACTTGTTCATGT,0,5022585
yjbJ_predicted,0.2,4,4,GATATGCTACACCTGAATCA,0,5018581
yjbJ_predicted,0.2,4,4,GATAAACGTAGGCGATTAGT,0,5009550
yjbJ_predicted,0.2,4,4,GAGTTCGCCAGCATAAGAAT,0,5006993
yjbJ_predicted,0.2,4,4,GAGTGGCTGAGCTACCTGAC,0,5017522
yjbJ_predicted,0.2,4,4,GAGTCTGGACACAATCACTC,0,5020027
yjbJ_predicted,0.2,4,4,GAGTCGCTCCGCGGTTATAA,0,5024149
yjbJ_predicted,0.2,4,4,GAGGGGACCACATCAGGCAT,0,4995460
yjbJ_predicted,0.2,4,4,GAGGCCACGGAATGTTGCTT,0,5017764
yjbJ_predicted,0.2,4,4,GAGGATTTAGCTCCTTGTAA,0,5002480
yjbJ_predicted,0.2,4,4,GAGCTACCGCGTGTTGCAAC,0,5022908
yjbJ_predicted,0.2,4,4,GAGCGCGGATCTGCGAAGAC,0,5017331
yjbJ_predicted,0.2,4,4,GAGCGCGAGTTCTAGCCTTT,0,5002231
yjbJ_predicted,0.2,4,4,GAGCCGCACAATCTGCTGCG,0,5000355
yjbJ_predicted,0.2,4,4,GAGAGTACTTCTATCCAACT,0,5003795
yjbJ_predicted,0.2,4,4,GAGAGGTACACGGGCCACTC,0,5004236
yjbJ_predicted,0.2,4,4,GACTGGAAGCAATCCTCGGA,0,4997041
yjbJ_predicted,0.2,4,4,GACGGCGCTCGCCCAGCAGT,0,5016084
yjbJ_predicted,0.2,4,4,GACGGAGGATGAGCGACAGC,0,5014024
yjbJ_predicted,0.2,4,4,GACGCAATGTTCAGTTCAAC,0,5024533
yjbJ_predicted,0.2,4,4,GACGATCTTCAATAAGGTTG,0,5001872
yjbJ_predicted,0.2,4,4,GACCGCCAATCGACACGCTT,0,5001784
yjbJ_predicted,0.2,4,4,GACCAAACCAGAAGCGGGGG,0,4999731
yjbJ_predicted,0.2,4,4,GACATCGTCACGCTTGGCCC,0,5015735
yjbJ_predicted,0.2,4,4,GACAGTACGATCAAAATCTT,0,5007975
yjbJ_predicted,0.2,4,4,GACAACTTGCTAAGTACAGG,0,5002212
yjbJ_predicted,0.2,4,4,GAATGTTTCGGTTGTATTGA,0,5011213
yjbJ_predicted,0.2,4,4,GAATGACATCAGTGATGGAC,0,5012503
yjbJ_predicted,0.2,4,4,GAATACGGTCGGCACTAGCC,0,5014850
yjbJ_predicted,0.2,4,4,GAAGTCGGCTATTTGTATGG,0,5029226
yjbJ_predicted,0.2,4,4,GAAGTCCCAAGATTAGGAAT,0,4998147
yjbJ_predicted,0.2,4,4,GAAGGTAGCCTCGTCTCCCA,0,5021813
yjbJ_predicted,0.2,4,4,GAACGTGCACATATCTACAG,0,4997702
yjbJ_predicted,0.2,4,4,GAACGCTTCCTCTCGCACCT,0,5017962
yjbJ_predicted,0.2,4,4,GAACACACTTGCTGTGGTAC,0,5022322
yjbJ_predicted,0.2,4,4,GAAATTGATGTGAGGAGCAA,0,5029717
yjbJ_predicted,0.2,4,4,GAAATAACGGGCGGAAATTC,0,5024052
yjbJ_predicted,0.2,4,4,CTTTTTGACTGTCCCTAGCT,0,5016117
yjbJ_predicted,0.2,4,4,CTTTTTCTACATCGCCAACA,0,5010772
yjbJ_predicted,0.2,4,4,CTTTCTACTCCGGGGTATAA,0,5021660
yjbJ_predicted,0.2,4,4,CTTGTCAAACAAGCTCGCAT,0,5026013
yjbJ_predicted,0.2,4,4,CTTGTAAAAACGGGTTACCC,0,5018652
yjbJ_predicted,0.2,4,4,CTTCCTAGGGCCAGCGGTCT,0,5021832
yjbJ_predicted,0.2,4,4,CTTATTTCCTTATGTTCGAG,0,5011638
yjbJ_predicted,0.2,4,4,CTTATCCTCTTAAATAATGT,0,5017643
yjbJ_predicted,0.2,4,4,CTTAGGAGTCAATCTACAAT,0,5010572
yjbJ_predicted,0.2,4,4,CTTAACCATGGACCTCTACT,0,5030050
yjbJ_predicted,0.2,4,4,CTGTTGTACGAATCAAGTGG,0,5009806
yjbJ_predicted,0.2,4,4,CTGTTGCTATCTGCGTAATC,0,5018460
yjbJ_predicted,0.2,4,4,CTGTTCACGCCCGAGGGCCA,0,4995961
yjbJ_predicted,0.2,4,4,CTGTCTTCGTGCCCAATCAT,0,4995903
yjbJ_predicted,0.2,4,4,CTGTCTCACGGAGCCCCAGG,0,5015863
yjbJ_predicted,0.2,4,4,CTGGTCCGCATGCAGATCGA,0,5012157
yjbJ_predicted,0.2,4,4,CTGGAGCCCTCGATGTACGC,0,5028508
yjbJ_predicted,0.2,4,4,CTGCTATTGCAGAGTGTTCC,0,4996134
yjbJ_predicted,0.2,4,4,CTGCGGGTTAATACCAGCTT,0,5005256
yjbJ_predicted,0.2,4,4,CTGCGGGAGACTCAACCATA,0,5013088
yjbJ_predicted,0.2,4,4,CTGCGCCTGCCGCAATCCCA,0,5005399
yjbJ_predicted,0.2,4,4,CTGCCTCTGAAGTAGTGAAA,0,5002919
yjbJ_predicted,0.2,4,4,CTGCATTCCACTCGGCAAAA,0,5014863
yjbJ_predicted,0.2,4,4,CTGCAGAAAGTCTACGTGGA,0,5018631
yjbJ_predicted,0.2,4,4,CTGCACGGAGACACAAAGGA,0,5024469
yjbJ_predicted,0.2,4,4,CTGAGCTTGCTACCCCTAAC,0,5022187
yjbJ_predicted,0.2,4,4,CTGACAGGGCTTGGTGATCA,0,5024853
yjbJ_predicted,0.2,4,4,CTGAAGCGGGCGCCGCGCGG,0,5007146
yjbJ_predicted,0.2,4,4,CTGAACGTAACCTAAACGAT,0,5018938
yjbJ_predicted,0.2,4,4,CTGAACATGGCGGGTTCAAT,0,5013766
yjbJ_predicted,0.2,4,4,CTCTTCCCAGCGCGTTGCAG,0,5025805
yjbJ_predicted,0.2,4,4,CTCTGTAATTTCCGGACACC,0,4996214
yjbJ_predicted,0.2,4,4,CTCTCATTCGTGGGAACGCA,0,5023114
yjbJ_predicted,0.2,4,4,CTCGTTGAGTTAAGTCAGCT,0,5002708
yjbJ_predicted,0.2,4,4,CTCGTGCCTCTGGTGAATCA,0,5004147
yjbJ_predicted,0.2,4,4,CTCGGTCCTAGCGGATAGCA,0,4998466
yjbJ_predicted,0.2,4,4,CTCGGTCAGATTTTCCGCTT,0,5010541
yjbJ_predicted,0.2,4,4,CTCGGACGAGGACCCTTGTT,0,5014313
yjbJ_predicted,0.2,4,4,CTCCTTGGTCTTCACTGGGA,0,5020652
yjbJ_predicted,0.2,4,4,CTCCTGTCACCGACAGTATC,0,5030057
yjbJ_predicted,0.2,4,4,CTCCATACTTTTCGATCAAT,0,5027858
yjbJ_predicted,0.2,4,4,CTCCAGCGTTGTCACCAGGC,0,5017192
yjbJ_predicted,0.2,4,4,CTCCACGCTATTTTCATCTT,0,5008028
yjbJ_predicted,0.2,4,4,CTCATCCACGATCAGGAAGG,0,5023570
yjbJ_predicted,0.2,4,4,CTCAGTCACATAGCGCTTCT,0,4997332
yjbJ_predicted,0.2,4,4,CTCAGGTGCGTTGAGTTAGT,0,5027395
yjbJ_predicted,0.2,4,4,CTCAGAGCATTTTCTTCGTG,0,5024939
yjbJ_predicted,0.2,4,4,CTATTTGTATGCTAAGCGTA,0,5013169
yjbJ_predicted,0.2,4,4,CTATTCAAAGAACATCAGCG,0,5030639
yjbJ_predicted,0.2,4,4,CTATGAGCCTCTGAATCGAT,0,5026644
yjbJ_predicted,0.2,4,4,CTATCCTAGAATTTAGATGG,0,5020847
yjbJ_predicted,0.2,4,4,CTATAGATTCGGCCTAAACG,0,5003262
yjbJ_predicted,0.2,4,4,CTACGTTAACTCGCCCCAAT,0,5011514
yjbJ_predicted,0.2,4,4,CTAAGCTGTCGGATGAAGTA,0,5011993
yjbJ_predicted,0.2,4,4,CTAACCCCTTTCACTCAACT,0,5019535
yjbJ_predicted,0.2,4,4,CTAAATCGGATTTGGAAAGT,0,5016183
yjbJ_predicted,0.2,4,4,CGTTTCTGCGGGATACGCAA,0,4998687
yjbJ_predicted,0.2,4,4,CGTTGTGTTGTTTATCCTAA,0,5000357
yjbJ_predicted,0.2,4,4,CGTTCTCGTTGTCTACTTCA,0,5028892
yjbJ_predicted,0.2,4,4,CGTTCGTGCGTGACTTTCAT,0,5003306
yjbJ_predicted,0.2,4,4,CGTGTTAAAGCCGGGTCATT,0,5009883
yjbJ_predicted,0.2,4,4,CGTGGCTTGCGTAATATAGA,0,4996861
yjbJ_predicted,0.2,4,4,CGTCTGCATTTAGAAGAGCC,0,5002956
yjbJ_predicted,0.2,4,4,CGTCGGACCATGAGGGGTCC,0,5003038
yjbJ_predicted,0.2,4,4,CGTCGAGGTACTCTTTGGCA,0,5022326
yjbJ_predicted,0.2,4,4,CGTCCTCTGTATAATGTGGC,0,5001286
yjbJ_predicted,0.2,4,4,CGTATTAAGAGTTATCATAC,0,5015893
yjbJ_predicted,0.2,4,4,CGTAGTGTAACTCCCGGCTT,0,5003610
yjbJ_predicted,0.2,4,4,CGTAGGTATGTCGTTCGGTG,0,4995453
yjbJ_predicted,0.2,4,4,CGTAGCAACGGGCCATACCT,0,5022403
yjbJ_predicted,0.2,4,4,CGTAAGATCTGTTTGATCCC,0,5025325
yjbJ_predicted,0.2,4,4,CGTAAACGGTTTAGACTCAA,0,5027100
yjbJ_predicted,0.2,4,4,CGGTCGAAAATCTCCTTGTG,0,5027920
yjbJ_predicted,0.2,4,4,CGGTAGTTGTATTCTAATGC,0,4997915
yjbJ_predicted,0.2,4,4,CGGTACGCTGGTTATCTGTA,0,4995426
yjbJ_predicted,0.2,4,4,CGGGCGCCCTTTGGTAGCAA,0,5004061
yjbJ_predicted,0.2,4,4,CGGGATCTGTGCGGAGGCTC,0,5025784
yjbJ_predicted,0.2,4,4,CGGCGAGGTTTGCCTTGGAG,0,4998534
yjbJ_predicted,0.2,4,4,CGGCCGTCTGTATCTCCGAA,0,5009228
yjbJ_predicted,0.2,4,4,CGGCCATTTGCACTCCAATA,0,5017054
yjbJ_predicted,0.2,4,4,CGGATAGGATCAGCTTTTTC,0,5002575
yjbJ_predicted,0.2,4,4,CGGAGGCCTACAGCAACGCG,0,5005165
yjbJ_predicted,0.2,4,4,CGGACTCAAGACTAGACTTA,0,5007479
yjbJ_predicted,0.2,4,4,CGGACCGGACCTCCGCGTCA,0,5016482
yjbJ_predicted,0.2,4,4,CGCTTTTTCGAGACGCGGAC,0,5019779
yjbJ_predicted,0.2,4,4,CGCTTTACTTTAAGGCTCGA,0,4999972
yjbJ_predicted,0.2,4,4,CGCTCGTTGTGGAGATGTTA,0,5006856
yjbJ_predicted,0.2,4,4,CGCGGCGGGTGGCCGATGTC,0,4994996
yjbJ_predicted,0.2,4,4,CGCGAGACTCAAGTGATGTC,0,4996651
yjbJ_predicted,0.2,4,4,CGCCGGTTTAAGCTACTGCA,0,4999334
yjbJ_predicted,0.2,4,4,CGCCACGAAGTCTTTTGGAG,0,5000908
yjbJ_predicted,0.2,4,4,CGCAGGGATATCCGGGACAG,0,5004019
yjbJ_predicted,0.2,4,4,CGCAAATACGATGGGACCGT,0,5020761
yjbJ_predicted,0.2,4,4,CGATTTTAGCTCACACTATT,0,5011335
yjbJ_predicted,0.2,4,4,CGATGCCACCGTATGATCTG,0,5018565
yjbJ_predicted,0.2,4,4,CGAGCCGTTGATCGGGTGGT,0,5020739
yjbJ_predicted,0.2,4,4,CGAGATTCTACAATATAATA,0,5017576
yjbJ_predicted,0.2,4,4,CGACTCCATGCGATCACCAG,0,5014757
yjbJ_predicted,0.2,4,4,CGACCTCTACTGGCTCGGGG,0,5031123
yjbJ_predicted,0.2,4,4,CGACCGGTATTAGCCGGCTT,0,5018089
yjbJ_predicted,0.2,4,4,CGACCACAAGCGGAGTGCCT,0,5001593
yjbJ_predicted,0.2,4,4,CGACCAAGACCACTCGAAGC,0,5024907
yjbJ_predicted,0.2,4,4,CGACAGGTGTCTCGCCTCCA,0,5020154
yjbJ_predicted,0.2,4,4,CGACAACTCCTTCCATGGGC,0,5013376
yjbJ_predicted,0.2,4,4,CGAAGTCGCTGCGTCTCTAC,0,5017486
yjbJ_predicted,0.2,4,4,CGAACTTATTTCAAATCAAA,0,4997420
yjbJ_predicted,0.2,4,4,CGAAAGCAACCGGAATGGTA,0,5018080
yjbJ_predicted,0.2,4,4,CCTTTGATATGTCCTAGACA,0,5001576
yjbJ_predicted,0.2,4,4,CCTTTGAGATCCTCAGTCAT,0,4998552
yjbJ_predicted,0.2,4,4,CCTTTCTATCGTTAAGAAGA,0,5020805
yjbJ_predicted,0.2,4,4,CCTTGTCAGGAGGCCGTAAG,0,5020337
yjbJ_predicted,0.2,4,4,CCTTCCCAGCTAAACGATGA,0,5026950
yjbJ_predicted,0.2,4,4,CCTTCCACGTTAAATTTGGC,0,5011120
yjbJ_predicted,0.2,4,4,CCTGTCGAACTCAGGGTGCT,0,5001293
yjbJ_predicted,0.2,4,4,CCTGCCGAGCGCGTTGTAGG,0,4997594
yjbJ_predicted,0.2,4,4,CCTCTATTTAGTACGGTCTA,0,5008165
yjbJ_predicted,0.2,4,4,CCTCGACGACCAACGGTAGC,0,5011549
yjbJ_predicted,0.2,4,4,CCTCCGTAAACTGACTCACA,0,5018709
yjbJ_predicted,0.2,4,4,CCTCCGGTATCATCAGGGAC,0,5007022
yjbJ_predicted,0.2,4,4,CCTCACCTATCTCACGGAGA,0,5016146
yjbJ_predicted,0.2,4,4,CCTCACAATACCTTAGGCAA,0,5009229
yjbJ_predicted,0.2,4,4,CCTATGAGTACTACTGGATG,0,5027072
yjbJ_predicted,0.2,4,4,CCTAGTTTTGACATAAAAAT,0,5005188
yjbJ_predicted,0.2,4,4,CCTAGAAAGGGTATGGCATA,0,5022364
yjbJ_predicted,0.2,4,4,CCGTTCATAGGGATTATATT,0,5015758
yjbJ_predicted,0.2,4,4,CCGTACATCGAGGATTATCC,0,5012776
yjbJ_predicted,0.2,4,4,CCGGCCAAGGTGCCCAATCG,0,4996307
yjbJ_predicted,0.2,4,4,CCGCGTCAACCCGGGGGCAA,0,5010440
yjbJ_predicted,0.2,4,4,CCGCAGCCTTTCCGGGGGTA,0,5019340
yjbJ_predicted,0.2,4,4,CCGAACCCTTTCACCTTATC,0,5002321
yjbJ_predicted,0.2,4,4,CCCTCCTTTATTTATGTGAT,0,5017860
yjbJ_predicted,0.2,4,4,CCCGCGCGTACACCGTTGTA,0,5008657
yjbJ_predicted,0.2,4,4,CCCGCACCCCTGCCGAGCGT,0,5019634
yjbJ_predicted,0.2,4,4,CCCCGGCCGTTGGCCTTCCC,0,5016765
yjbJ_predicted,0.2,4,4,CCCCGGCCCGTGAAATTTTA,0,5028754
yjbJ_predicted,0.2,4,4,CCCCGACCGGAACAATACGG,0,5014846
yjbJ_predicted,0.2,4,4,CCCCCACTATCGGTCATTTA,0,5026206
yjbJ_predicted,0.2,4,4,CCCCAATGGGATGTTCTTTG,0,5008514
yjbJ_predicted,0.2,4,4,CCCACTCGTGGATTATAGTA,0,5016829
yjbJ_predicted,0.2,4,4,CCCAATGATGTCGAGTACAT,0,5011091
yjbJ_predicted,0.2,4,4,CCATTGCACGTTGGGCTACT,0,5006933
yjbJ_predicted,0.2,4,4,CCAGGTCCAATGCTCGAAAC,0,4995071
yjbJ_predicted,0.2,4,4,CCAGCTCCCAACCAAGTCCA,0,5030560
yjbJ_predicted,0.2,4,4,CCAGAGCAATGCAGTTATGT,0,5027175
yjbJ_predicted,0.2,4,4,CCACTACGAGCATCCTCATG,0,5015543
yjbJ_predicted,0.2,4,4,CCACGCACGCGTAGGGACGC,0,5017088
yjbJ_predicted,0.2,4,4,CCACCGAGGGCCATGATAAG,0,5019383
yjbJ_predicted,0.2,4,4,CCACAAGGAAGATTACGTGC,0,5009448
yjbJ_predicted,0.2,4,4,CCAATAAGACTCTGGAGTCT,0,5003093
yjbJ_predicted,0.2,4,4,CCAAGAACGCTTCCGTTGCG,0,4997831
yjbJ_predicted,0.2,4,4,CCAAAGCAAACCAGCCGAGA,0,5012936
yjbJ_predicted,0.2,4,4,CCAAAGATAGATGGGTATAC,0,5009933
yjbJ_predicted,0.2,4,4,CATTGTTAAGCAGGCATTCT,0,5001021
yjbJ_predicted,0.2,4,4,CATTGCTGCCACGCGCTCTA,0,5016898
yjbJ_predicted,0.2,4,4,CATTATGGCACACACCAAAG,0,5013426
yjbJ_predicted,0.2,4,4,CATTAGTCGTTCAGCCTAAG,0,5012127
yjbJ_predicted,0.2,4,4,CATTACCCTCTTACTACTCT,0,5025915
yjbJ_predicted,0.2,4,4,CATGTTCCTTTTATTCTCGC,0,5010690
yjbJ_predicted,0.2,4,4,CATGTCTGGGGATATAAAAC,0,5013267
yjbJ_predicted,0.2,4,4,CATGCGTACCAAGGATATAC,0,5019041
yjbJ_predicted,0.2,4,4,CATCGGGTTCCTTAACCTGC,0,5024327
yjbJ_predicted,0.2,4,4,CATCGATAAGCAGGGGGCCA,0,5012112
yjbJ_predicted,0.2,4,4,CATCCTTTATATACCAGAAA,0,5007037
yjbJ_predicted,0.2,4,4,CATCCTCTGTTGTTACGCTC,0,5023867
yjbJ_predicted,0.2,4,4,CATCCTCGATAAGGAGCATA,0,5017810
yjbJ_predicted,0.2,4,4,CATCCAAATGCTTCGGGTAT,0,4996179
yjbJ_predicted,0.2,4,4,CATCAACATTGACACCCGGA,0,5019204
yjbJ_predicted,0.2,4,4,CATACATCTTCGCTGGAGAA,0,5002203
yjbJ_predicted,0.2,4,4,CATAATTTTCTTTTAGGTAC,0,5019363
yjbJ_predicted,0.2,4,4,CATAACCCTAAAATCTGTTT,0,5022276
yjbJ_predicted,0.2,4,4,CAGTTCGATGGGCGCTTCAA,0,5010509
yjbJ_predicted,0.2,4,4,CAGTCCTGCATGCCCATCTA,0,5029770
yjbJ_predicted,0.2,4,4,CAGTAGTGATGACTCCGTGT,0,4994820
yjbJ_predicted,0.2,4,4,CAGTACGCGTTGTTTCTACA,0,5002730
yjbJ_predicted,0.2,4,4,CAGTACACGACCGAGATGCC,0,4996914
yjbJ_predicted,0.2,4,4,CAGGTCGATCTATATGATAT,0,5023352
yjbJ_predicted,0.2,4,4,CAGGGCTGGTGTTTGAAGTC,0,5029989
yjbJ_predicted,0.2,4,4,CAGGGACTTACAACTCGGGA,0,5027327
yjbJ_predicted,0.2,4,4,CAGGCTTCTCGCGGCTCCCC,0,5028244
yjbJ_predicted,0.2,4,4,CAGGCTACCCGACGGAGTTG,0,5013242
yjbJ_predicted,0.2,4,4,CAGCGTAACCCGGTTGCTTC,0,5010057
yjbJ_predicted,0.2,4,4,CAGCACGCGCGGCTGGAGGG,0,5005106
yjbJ_predicted,0.2,4,4,CAGAGACTAGACTCGATGAA,0,4994720
yjbJ_predicted,0.2,4,4,CAGAGAAGAGTTGAGTAGAG,0,5007278
yjbJ_predicted,0.2,4,4,CAGACCGACGTTAGTTGACT,0,5019194
yjbJ_predicted,0.2,4,4,CAGAAGTCTAACTCCTCCGG,0,5003235
yjbJ_predicted,0.2,4,4,CACTTTTTTGGGTCCTTTAC,0,5023911
yjbJ_predicted,0.2,4,4,CACTACCGTCTTAAGGTCTT,0,5023442
yjbJ_predicted,0.2,4,4,CACGTTTAGTTACTAATCGC,0,4999019
yjbJ_predicted,0.2,4,4,CACGGTCCCCTCAGCAATGT,0,4997158
yjbJ_predicted,0.2,4,4,CACGGTACTCGATATACCTA,0,5012091
yjbJ_predicted,0.2,4,4,CACGCATGGGGGGCAGATGA,0,5000364
yjbJ_predicted,0.2,4,4,CACCGTTTCTTAGCGGGTAG,0,5029915
yjbJ_predicted,0.2,4,4,CACCGTACTTGGGGGTAACG,0,5023477
yjbJ_predicted,0.2,4,4,CACCGGTGTGTATCATAATT,0,5014127
yjbJ_predicted,0.2,4,4,CACAGGATGACTACGTAGAC,0,5019369
yjbJ_predicted,0.2,4,4,CACAACTTGGATTCTGCCAA,0,5021665
yjbJ_predicted,0.2,4,4,CACAAATGATTCATGTAATC,0,5025584
yjbJ_predicted,0.2,4,4,CAATGTTGTGTTTTACCAGT,0,5011336
yjbJ_predicted,0.2,4,4,CAATCGTGGCGCCTAGCGAA,0,5012569
yjbJ_predicted,0.2,4,4,CAATCCTCTCACTGGCCAAT,0,5015315
yjbJ_predicted,0.2,4,4,CAATCCCCTAAAGTGTGAAT,0,5002882
yjbJ_predicted,0.2,4,4,CAATAGTTCTGTGGAGTGTT,0,5003236
yjbJ_predicted,0.2,4,4,CAAGAGACTTCGGTATTCTA,0,5025721
yjbJ_predicted,0.2,4,4,CAACGCCCTTATAAGTATGA,0,5023765
yjbJ_predicted,0.2,4,4,CAACACAGCATCGAGAGAAG,0,4996715
yjbJ_predicted,0.2,4,4,CAAATTTTGGGAAACGAGTC,0,5007426
yjbJ_predicted,0.2,4,4,CAAATCCGAGCCGGAGGTAA,0,5001195
yjbJ_predicted,0.2,4,4,CAAAAGGACACTGTACGAGA,0,5014600
yjbJ_predicted,0.2,4,4,ATTTCGAGACATACTGCCGG,0,5025595
yjbJ_predicted,0.2,4,4,ATTTCCTAGTGACCATCTCA,0,5008288
yjbJ_predicted,0.2,4,4,ATTGGTATTGAAAATGTCAT,0,5024647
yjbJ_predicted,0.2,4,4,ATTGCTTTATTACAGGAATG,0,5029769
yjbJ_predicted,0.2,4,4,ATTGATCTTGTACTTTTCCA,0,5007753
yjbJ_predicted,0.2,4,4,ATTCTGTATGGACTTACCGT,0,5001355
yjbJ_predicted,0.2,4,4,ATTCGTAGCTAGTCGCGGTT,0,4995200
yjbJ_predicted,0.2,4,4,ATTCCTAAATGTGCTCTTCC,0,4999004
yjbJ_predicted,0.2,4,4,ATTCCCGTACTTACGCTGGC,0,5009981
yjbJ_predicted,0.2,4,4,ATTCAGGACCCCCGCCTAAT,0,5027523
yjbJ_predicted,0.2,4,4,ATTCAGCTTGTTAGTGTACA,0,5002819
yjbJ_predicted,0.2,4,4,ATTATCGCCATAAATCAATA,0,5030092
yjbJ_predicted,0.2,4,4,ATTATACTAGGGGGGTGATA,0,5023393
yjbJ_predicted,0.2,4,4,ATTATAAGAAGCGCTTATAG,0,5026467
yjbJ_predicted,0.2,4,4,ATTAGTCCTCCCTGTTAACG,0,5019954
yjbJ_predicted,0.2,4,4,ATTACGCGATGGCGTGGCAG,0,5014613
yjbJ_predicted,0.2,4,4,ATTACCGGGGTTGGTGTTAG,0,5027405
yjbJ_predicted,0.2,4,4,ATGTTTTCAGTGTGTCGATC,0,5027420
yjbJ_predicted,0.2,4,4,ATGTGATAGTATACAATTCA,0,5008312
yjbJ_predicted,0.2,4,4,ATGTCGCGAATTTCCGCACC,0,5002446
yjbJ_predicted,0.2,4,4,ATGGTCTGGTTACACATACT,0,5013687
yjbJ_predicted,0.2,4,4,ATGGGTCGCAGCGTCTCACC,0,5013507
yjbJ_predicted,0.2,4,4,ATGGATAAGGCCTTTCCGGG,0,4998275
yjbJ_predicted,0.2,4,4,ATGCGGTATGAGTCCGTCAG,0,5025565
yjbJ_predicted,0.2,4,4,ATGCAGGGACCGAATTCATT,0,5004617
yjbJ_predicted,0.2,4,4,ATGAGGCCACGACCTACCCA,0,4999766
yjbJ_predicted,0.2,4,4,ATGAGACTTACGCGAGGTTC,0,5011755
yjbJ_predicted,0.2,4,4,ATGACTTATCTCAGGTTCGC,0,5029635
yjbJ_predicted,0.2,4,4,ATGAATTCTCTGTACAAAAA,0,5008515
yjbJ_predicted,0.2,4,4,ATGAACGATCATAGGTAAGT,0,5006240
yjbJ_predicted,0.2,4,4,ATCTGTGGAGTTTAGTTAAT,0,5006590
yjbJ_predicted,0.2,4,4,ATCTAGGTCTCTCGGAGCAG,0,5016389
yjbJ_predicted,0.2,4,4,ATCGTGGGGCTTGCGTTGTT,0,5019743
yjbJ_predicted,0.2,4,4,ATCGGCGTCTAAAAATTGCG,0,5005547
yjbJ_predicted,0.2,4,4,ATCGCTCGGCGTCCTTTAGT,0,4998301
yjbJ_predicted,0.2,4,4,ATCCCTGTAATAATCCCACA,0,4995057
yjbJ_predicted,0.2,4,4,ATCCCGGAATACCTACAAAG,0,4997666
yjbJ_predicted,0.2,4,4,ATCCCCTTAACCTCGAGGCC,0,5000558
yjbJ_predicted,0.2,4,4,ATCAGCAACTCAAGAGTTAA,0,5002836
yjbJ_predicted,0.2,4,4,ATATCGTTTAGTCATAGATG,0,5020677
yjbJ_predicted,0.2,4,4,ATATATTTCCAAGGTGGAAT,0,5009897
yjbJ_predicted,0.2,4,4,ATATATTAGTGGAATAACTA,0,5016981
yjbJ_predicted,0.2,4,4,ATAGTGACGAGGTTGATGAA,0,5001647
yjbJ_predicted,0.2,4,4,ATAGTACACGAGTACACCGT,0,4999707
yjbJ_predicted,0.2,4,4,ATAGGTAGTGATCAGACTGG,0,4996037
yjbJ_predicted,0.2,4,4,ATAGATTGGAGGCCACGAGG,0,5004985
yjbJ_predicted,0.2,4,4,ATAGAGGGAGACGTAGCCGG,0,5016435
yjbJ_predicted,0.2,4,4,ATACGGTGGCCTAATTCCAG,0,5006496
yjbJ_predicted,0.2,4,4,ATACGGAGTAGGTCCGACCT,0,5021047
yjbJ_predicted,0.2,4,4,ATACCTAGTGAGTGTGAACG,0,5013436
yjbJ_predicted,0.2,4,4,ATACAAGGCTCCGGTGCGCT,0,5002584
yjbJ_predicted,0.2,4,4,ATAAGTAGGAACCTCTAAGA,0,5030002
yjbJ_predicted,0.2,4,4,AGTTTGTCTCCTTTGCAGTG,0,5005262
yjbJ_predicted,0.2,4,4,AGTTGTGATGGCATCACCAA,0,5025170
yjbJ_predicted,0.2,4,4,AGTTGGATGGGGGCGTCATC,0,5017875
yjbJ_predicted,0.2,4,4,AGTTAACCTGCTAATAACTG,0,5019206
yjbJ_predicted,0.2,4,4,AGTGGCCGTTGAATCAGTAA,0,5030825
yjbJ_predicted,0.2,4,4,AGTGCGGAACCATGGCTCGC,0,5014217
yjbJ_predicted,0.2,4,4,AGTGATAAGAACGTGGAACA,0,4994686
yjbJ_predicted,0.2,4,4,AGTCTACACCGCGAGTCCTA,0,5008469
yjbJ_predicted,0.2,4,4,AGTCGCCGCCGAGCTTAGCT,0,5018328
yjbJ_predicted,0.2,4,4,AGTCGAATGAACGGCAACAT,0,5004185
yjbJ_predicted,0.2,4,4,AGTAGTAGCGAAAAGGAGCA,0,5000242
yjbJ_predicted,0.2,4,4,AGTAGAGTCCGGGGAAGCTT,0,5021802
yjbJ_predicted,0.2,4,4,AGGTTTACTGATACGGATTG,0,5015729
yjbJ_predicted,0.2,4,4,AGGTTAATTAACCAGGGCAA,0,5009395
yjbJ_predicted,0.2,4,4,AGGTGTACCAATACAGCGGT,0,5025294
yjbJ_predicted,0.2,4,4,AGGTCGCCGGTAATCCCCGG,0,4995860
yjbJ_predicted,0.2,4,4,AGGTCCGGTTTAATAGCGGT,0,5010934
yjbJ_predicted,0.2,4,4,AGGGTTAGTCCATCGTTTTA,0,5007865
yjbJ_predicted,0.2,4,4,AGGGAGCCCTTGCTAACGGC,0,5012537
yjbJ_predicted,0.2,4,4,AGGGACAAGGCTGCCAGGCC,0,5021739
yjbJ_predicted,0.2,4,4,AGGGAACAACCACGTGATGT,0,5018234
yjbJ_predicted,0.2,4,4,AGGCCGTGATTCCTAATTTA,0,5015373
yjbJ_predicted,0.2,4,4,AGGCAGGAAGCTTTACGCTG,0,4997987
yjbJ_predicted,0.2,4,4,AGGACAATCCCTTTTGATGT,0,5007337
yjbJ_predicted,0.2,4,4,AGGAATACCGCTCCTGCGAG,0,5000282
yjbJ_predicted,0.2,4,4,AGGAAGTAACGCATATCTGG,0,5003604
yjbJ_predicted,0.2,4,4,AGCTCGAACCGTGCATCTCC,0,5018600
yjbJ_predicted,0.2,4,4,AGCGTGAACACTAAGGGCCA,0,5031032
yjbJ_predicted,0.2,4,4,AGCGGGTTAAGTCAGGACAA,0,5016576
yjbJ_predicted,0.2,4,4,AGCGCTTGGACCCGCGATGC,0,4998347
yjbJ_predicted,0.2,4,4,AGCGCGTTTCCGGTTTCCAC,0,5021368
yjbJ_predicted,0.2,4,4,AGCGAGGTGCTCGCAGTATT,0,5029518
yjbJ_predicted,0.2,4,4,AGCGAACCTTACAGTGGGGT,0,5002404
yjbJ_predicted,0.2,4,4,AGCCGTTCGTCGCTTCGAAC,0,5023897
yjbJ_predicted,0.2,4,4,AGCCGTCAGCCCCCTCGATT,0,5006066
yjbJ_predicted,0.2,4,4,AGCCGACTAACAGGACCTCC,0,5026088
yjbJ_predicted,0.2,4,4,AGCCATTGCGAATTCCCTGC,0,4996689
yjbJ_predicted,0.2,4,4,AGCCAGCCTGTGATCCTGGC,0,5020028
yjbJ_predicted,0.2,4,4,AGCAACTGGTACCTAGGGTT,0,5016290
yjbJ_predicted,0.2,4,4,AGATTAGGGGGACTGGCGAC,0,5003938
yjbJ_predicted,0.2,4,4,AGATACAACCGATGAAGGTG,0,4996267
yjbJ_predicted,0.2,4,4,AGAGCCCCCGCTGCGATCAT,0,5030078
yjbJ_predicted,0.2,4,4,AGAGCAGGAGGTTGTTTTGT,0,5004462
yjbJ_predicted,0.2,4,4,AGAGAGTATACACACGAAAG,0,5025542
yjbJ_predicted,0.2,4,4,AGACCATCAGCGTTCATCTA,0,5010582
yjbJ_predicted,0.2,4,4,AGACACGCTTCGGCTTCACG,0,5006582
yjbJ_predicted,0.2,4,4,AGAATCTAGTCATCGTGTGC,0,5022401
yjbJ_predicted,0.2,4,4,AGAAATGTTGAAGGAGGCTC,0,5002879
yjbJ_predicted,0.2,4,4,AGAAAGCAGTGCCGAGCTAT,0,5002681
yjbJ_predicted,0.2,4,4,ACTTTTGCTCTTTAATGTAT,0,5024311
yjbJ_predicted,0.2,4,4,ACTTTTAGTTCGCCGTGAAG,0,5016450
yjbJ_predicted,0.2,4,4,ACTTTGAGCTCGTATGTGCT,0,4998500
yjbJ_predicted,0.2,4,4,ACTTGTCACAAGTGGGGACC,0,5001843
yjbJ_predicted,0.2,4,4,ACTTGGAGGCTCACGTAAAA,0,5008122
yjbJ_predicted,0.2,4,4,ACTTGCCGACGTCGAGAACG,0,4994694
yjbJ_predicted,0.2,4,4,ACTTAGTCACCCTGTTCCCT,0,5026968
yjbJ_predicted,0.2,4,4,ACTTACTAGGCCGTAAAGAA,0,5010249
yjbJ_predicted,0.2,4,4,ACTGTATCGTAGAAGGTAGC,0,5028853
yjbJ_predicted,0.2,4,4,ACTGACAAACTGGAGAAGGG,0,5022656
yjbJ_predicted,0.2,4,4,ACTCGCAATCGTACAAGCCA,0,5004935
yjbJ_predicted,0.2,4,4,ACTCGACTATGCGTTACTCA,0,4994860
yjbJ_predicted,0.2,4,4,ACTATTAAAGAATCGCACTG,0,5004330
yjbJ_predicted,0.2,4,4,ACTATCTCGATGATCGCTAC,0,5023902
yjbJ_predicted,0.2,4,4,ACTAGAGTCTCATTCCGTAA,0,5028646
yjbJ_predicted,0.2,4,4,ACTACTGGCACAGGACTAAA,0,5010728
yjbJ_predicted,0.2,4,4,ACTACCCCTCAGCTTATGAC,0,5016493
yjbJ_predicted,0.2,4,4,ACGTTAGTGGGTGTGGCTCA,0,5014949
yjbJ_predicted,0.2,4,4,ACGTATATAGGGATTCGTTG,0,5001691
yjbJ_predicted,0.2,4,4,ACGGTCATCTGCAGGACCAT,0,5006971
yjbJ_predicted,0.2,4,4,ACGGGGTAGCATTAAACTGT,0,5007166
yjbJ_predicted,0.2,4,4,ACGGGCGTGGATCGTTATAG,0,5021808
yjbJ_predicted,0.2,4,4,ACGGAGCGCACTTAGACACG,0,4996608
yjbJ_predicted,0.2,4,4,ACGCAGAGGAAGGTTCCCTC,0,5026796
yjbJ_predicted,0.2,4,4,ACGCAACGTGACCCGTTACT,0,5007659
yjbJ_predicted,0.2,4,4,ACGACGAGGCATTAGTCTCA,0,5019176
yjbJ_predicted,0.2,4,4,ACGAAGTCTCCCCGAAGGAG,0,5012960
yjbJ_predicted,0.2,4,4,ACCTTGACACGACTTCGGAT,0,5024855
yjbJ_predicted,0.2,4,4,ACCTGTACGCACGGGCGTCC,0,4999541
yjbJ_predicted,0.2,4,4,ACCTCGTCCGGCTTGAGAAA,0,5000072
yjbJ_predicted,0.2,4,4,ACCTACGCAGACATGGGCGC,0,5004817
yjbJ_predicted,0.2,4,4,ACCGTTTGCATAGTACATGC,0,5012679
yjbJ_predicted,0.2,4,4,ACCGGCTCCGGTCCTTGTCG,0,5018990
yjbJ_predicted,0.2,4,4,ACCGGCAGTGGCACTTTATC,0,5021484
yjbJ_predicted,0.2,4,4,ACCGAGGGGTGCATTTATAG,0,5024505
yjbJ_predicted,0.2,4,4,ACCCATAAATCGAGGGATTA,0,5028125
yjbJ_predicted,0.2,4,4,ACCCACGTTGGATTAAGTTA,0,5018182
yjbJ_predicted,0.2,4,4,ACCAGGGAGGGGTGTAAGTC,0,5020035
yjbJ_predicted,0.2,4,4,ACCAAATTTCATCCACATCA,0,5002046
yjbJ_predicted,0.2,4,4,ACATTCGTCCACCAATGGTC,0,5027066
yjbJ_predicted,0.2,4,4,ACATAATTTCTAACCTGATG,0,5011229
yjbJ_predicted,0.2,4,4,ACAGCGGTCCGATTTAATGT,0,5025142
yjbJ_predicted,0.2,4,4,ACAGCCTACTGGGCAAGCGC,0,4995930
yjbJ_predicted,0.2,4,4,ACACGTGGGTGGGCTTGTAT,0,5001133
yjbJ_predicted,0.2,4,4,ACACGGCTCATATACCGCGG,0,5005810
yjbJ_predicted,0.2,4,4,ACACCACCTCTACCAGAACT,0,4996018
yjbJ_predicted,0.2,4,4,ACACACATGGAACGTTCTAC,0,5000488
yjbJ_predicted,0.2,4,4,ACAATCATTCTGAGACGAAG,0,5015896
yjbJ_predicted,0.2,4,4,ACAACGAGCACAAAAAGAAT,0,5019951
yjbJ_predicted,0.2,4,4,AATTAAACCAATGTGGGTTC,0,5005692
yjbJ_predicted,0.2,4,4,AATGTGGCAAAAGTTCGTTA,0,5015402
yjbJ_predicted,0.2,4,4,AATGTAGGTCACTGGATCTG,0,5002126
yjbJ_predicted,0.2,4,4,AATGGGATAGGGAGCAATTA,0,5023212
yjbJ_predicted,0.2,4,4,AATGGCTGGTTCATTTATAT,0,4999909
yjbJ_predicted,0.2,4,4,AATGGATGTGGCAAGAGCCA,0,4998999
yjbJ_predicted,0.2,4,4,AATGAGGTGGCTCTAATGAG,0,5004421
yjbJ_predicted,0.2,4,4,AATGAGGCGCTCGCATTAGT,0,4995620
yjbJ_predicted,0.2,4,4,AATCTGCGCGTGATATTTCT,0,5007745
yjbJ_predicted,0.2,4,4,AATCTAGCCTTTTTATCGAG,0,5019814
yjbJ_predicted,0.2,4,4,AATCACGTCCCGAGCTATTT,0,5008276
yjbJ_predicted,0.2,4,4,AATATAGCTTCCATCCATAT,0,5026192
yjbJ_predicted,0.2,4,4,AATAGCATAGAAGTAGCCCT,0,5026997
yjbJ_predicted,0.2,4,4,AAGTGGCTCTGGCTGCATCA,0,5004515
yjbJ_predicted,0.2,4,4,AAGTAGCCACTGGATCAAGG,0,5000153
yjbJ_predicted,0.2,4,4,AAGGTGGGTCAGCTCTACTC,0,5018760
yjbJ_predicted,0.2,4,4,AAGGTAAGGCGCCATCAAGC,0,4996870
yjbJ_predicted,0.2,4,4,AAGGGCTTTCGAGACGGGCC,0,5015294
yjbJ_predicted,0.2,4,4,AAGGGACGGGACCTAAGTTT,0,5030923
yjbJ_predicted,0.2,4,4,AAGGCGGGCCATAGAGGCAT,0,5002018
yjbJ_predicted,0.2,4,4,AAGCATGGTCAGCACACTGG,0,5000424
yjbJ_predicted,0.2,4,4,AAGACGGTGTTCTTGCTGTT,0,5013221
yjbJ_predicted,0.2,4,4,AAGAACTCCATTGGCCTTGT,0,5013123
yjbJ_predicted,0.2,4,4,AACTTTGAACCCACGTTCGT,0,5022076
yjbJ_predicted,0.2,4,4,AACTTGGATTGTGCCAAAGC,0,4999044
yjbJ_predicted,0.2,4,4,AACTGCTCAGCTTGACAGGT,0,5027242
yjbJ_predicted,0.2,4,4,AACGTAAAGGATGGAGCCAA,0,5012135
yjbJ_predicted,0.2,4,4,AACGGTAAATCAAATATCGG,0,4997187
yjbJ_predicted,0.2,4,4,AACGCCACTGTGGACAAATT,0,5019623
yjbJ_predicted,0.2,4,4,AACCGCGCCGAGTGCATGCT,0,5023185
yjbJ_predicted,0.2,4,4,AACCGACGCCCTCAAGGGGC,0,5010757
yjbJ_predicted,0.2,4,4,AACCCAAAATCACTTACGCA,0,5000762
yjbJ_predicted,0.2,4,4,AACCAAGAGCAGGGACTTAC,0,5013165
yjbJ_predicted,0.2,4,4,AACATATATCGTAACCACGG,0,5029523
yjbJ_predicted,0.2,4,4,AACAGTGAATTTGCAATTGT,0,4998558
yjbJ_predicted,0.2,4,4,AACAGGTCTAACTCCGACGG,0,5011494
yjbJ_predicted,0.2,4,4,AAATGGGTGTAGGTCATTGT,0,5017405
yjbJ_predicted,0.2,4,4,AAATGCCGGTAGGGACGACA,0,5004571
yjbJ_predicted,0.2,4,4,AAATGAAGTGTATGGTTAAA,0,5028982
yjbJ_predicted,0.2,4,4,AAATCATTTGGGAGATCTAA,0,5017958
yjbJ_predicted,0.2,4,4,AAATACCAATGGACTACAAC,0,5012822
yjbJ_predicted,0.2,4,4,AAAGTGGGCACTATTGAGTA,0,4999703
yjbJ_predicted,0.2,4,4,AAAGGCTGAATGTTACGACT,0,5019141
yjbJ_predicted,0.2,4,4,AAAATTTGCAGGAAGACCAC,0,5025685
yjbJ_predicted,0.2,4,4,AAAACGGGGGTAATCTGGGC,0,5017203
yjbJ_predicted,0.2,4,4,AAAACCGGTGGAGACACGGG,0,5013346
yjbJ_predicted,0.25,3,3,TTTTGACCAGGAACCCGGAT,0,5031108
yjbJ_predicted,0.25,3,3,TTTGTCCCGAGCCTCCACTC,0,4999439
yjbJ_predicted,0.25,3,3,TTTGTATATCTCCCCTACGT,0,5026710
yjbJ_predicted,0.25,3,3,TTTGGGGCGCACTCTTAGGG,0,5002181
yjbJ_predicted,0.25,3,3,TTTGCACGGTCTACGCACCA,0,5021463
yjbJ_predicted,0.25,3,3,TTTCGGAGAGCGCTCTATCG,0,5008585
yjbJ_predicted,0.25,3,3,TTTCGCAAACTTGCCCAATT,0,5019266
yjbJ_predicted,0.25,3,3,TTTCGAAGCGGTCTTACTAC,0,5006605
yjbJ_predicted,0.25,3,3,TTTCGAAGAGGGGAAAGCGC,0,5014200
yjbJ_predicted,0.25,3,3,TTTCCGGGTTGAGTCGGGTC,0,4999184
yjbJ_predicted,0.25,3,3,TTTCCAGATGGAGGAATTAG,0,5004275
yjbJ_predicted,0.25,3,3,TTTCCAAAGTTGTTGTCTTA,0,5026713
yjbJ_predicted,0.25,3,3,TTTCATATTTCCGATTAGTG,0,5008318
yjbJ_predicted,0.25,3,3,TTTCAAATGTGTATTCAAAG,0,4994844
yjbJ_predicted,0.25,3,3,TTTATGGGGCTACGGGCCTC,0,5003169
yjbJ_predicted,0.25,3,3,TTTATAGCAGTTGAGTCTCG,0,5016230
yjbJ_predicted,0.25,3,3,TTTACGGTTGCGACTCCTCA,0,5026174
yjbJ_predicted,0.25,3,3,TTGTTAATTCGAGCCCGTGT,0,5023051
yjbJ_predicted,0.25,3,3,TTGTAATGCCCTGTATCGGT,0,5000183
yjbJ_predicted,0.25,3,3,TTGGTGCCGGCTAAAGGCGT,0,5013536
yjbJ_predicted,0.25,3,3,TTGGTCTTCAATGCAGGGCC,0,5022864
yjbJ_predicted,0.25,3,3,TTGGTCGAACTTGTCAGGGG,0,5001878
yjbJ_predicted,0.25,3,3,TTGGGTCACGAGAGTGCCGG,0,5005654
yjbJ_predicted,0.25,3,3,TTGGCCTGGTCTATAGGAAC,0,5015641
yjbJ_predicted,0.25,3,3,TTGGCCATACTTTACTTATT,0,4996889
yjbJ_predicted,0.25,3,3,TTGGATGTACGGCTAATAAA,0,5013806
yjbJ_predicted,0.25,3,3,TTGGACCCATAAAGCAAAAT,0,5020733
yjbJ_predicted,0.25,3,3,TTGCGTCAGAAGTATCTTTG,0,5000376
yjbJ_predicted,0.25,3,3,TTGCCACGTCGTAGGTCATC,0,5006394
yjbJ_predicted,0.25,3,3,TTGCACGGGTTTCACGCCAC,0,5013349
yjbJ_predicted,0.25,3,3,TTGCAACTCGATTAGGCTGG,0,5027386
yjbJ_predicted,0.25,3,3,TTGATTATAGCGGAATAGTC,0,5001570
yjbJ_predicted,0.25,3,3,TTGATGACACGCTTAACAGA,0,5019415
yjbJ_predicted,0.25,3,3,TTGATCAAGGGTACCGATCA,0,5016241
yjbJ_predicted,0.25,3,3,TTGAGTGAGTTCCCTGAGTA,0,5007341
yjbJ_predicted,0.25,3,3,TTGACTTTTCGCAGGACACA,0,5022742
yjbJ_predicted,0.25,3,3,TTGAATCCGCTACAGGTATT,0,5023097
yjbJ_predicted,0.25,3,3,TTGAAACGATGTGGGCAGGA,0,5009175
yjbJ_predicted,0.25,3,3,TTCTTAATAAACATACAGTA,0,4996779
yjbJ_predicted,0.25,3,3,TTCTCGGGACTATATCTTGC,0,5016297
yjbJ_predicted,0.25,3,3,TTCTCGAACATTCCAGGATC,0,5019276
yjbJ_predicted,0.25,3,3,TTCTACTCCTACGCCTCCGT,0,5015918
yjbJ_predicted,0.25,3,3,TTCTAAAATACACACCGTCC,0,5029057
yjbJ_predicted,0.25,3,3,TTCGACGTAATTGGACCTTA,0,5018849
yjbJ_predicted,0.25,3,3,TTCGAAGTGATCGCCCATGT,0,4995201
yjbJ_predicted,0.25,3,3,TTCCTTTAGTCCCGGGGCCT,0,5016074
yjbJ_predicted,0.25,3,3,TTCCCGTCTCTAGATCGTGC,0,5000753
yjbJ_predicted,0.25,3,3,TTCCATATGCGCCCAATGGG,0,5022845
yjbJ_predicted,0.25,3,3,TTCAGTCGGGAACGGCTGGC,0,5024609
yjbJ_predicted,0.25,3,3,TTCAGTATCCGTGCAAGGTC,0,4998061
yjbJ_predicted,0.25,3,3,TTCAGTAACGTCTCAGGTGA,0,5013338
yjbJ_predicted,0.25,3,3,TTATTCCGTCTGTCGTAAAG,0,5007245
yjbJ_predicted,0.25,3,3,TTATTAAGCTCCTGGAGTCA,0,5015467
yjbJ_predicted,0.25,3,3,TTATATTCAGGTCACTGCGA,0,5006666
yjbJ_predicted,0.25,3,3,TTAGGGGCACGACAAATAGA,0,5002608
yjbJ_predicted,0.25,3,3,TTAGCGTTGATTCTGCAGGG,0,5023791
yjbJ_predicted,0.25,3,3,TTAGATGTCACCCGAATATA,0,5020614
yjbJ_predicted,0.25,3,3,TTAGAGGTGCAGGTCCCAAC,0,5027438
yjbJ_predicted,0.25,3,3,TTAGACTGTTTGGAAACACT,0,4995379
yjbJ_predicted,0.25,3,3,TTAGACCATGTCGCGTTCTT,0,5016152
yjbJ_predicted,0.25,3,3,TTAGAAGTAGCGAGCGCTTG,0,4995517
yjbJ_predicted,0.25,3,3,TTAGAAACTACATTGACAAA,0,5013525
yjbJ_predicted,0.25,3,3,TTACCTGTGAACCGTTTTTG,0,5016215
yjbJ_predicted,0.25,3,3,TTACCGCGTGTTACGGTCGT,0,5022484
yjbJ_predicted,0.25,3,3,TTAATTGACCCACACGGTGT,0,5028348
yjbJ_predicted,0.25,3,3,TTAATGATTGAATCTAGTTC,0,5026677
yjbJ_predicted,0.25,3,3,TTAAGATTCACCACTAGCAA,0,5020822
yjbJ_predicted,0.25,3,3,TTAAGATCGTCAGTCGAAGT,0,5029877
yjbJ_predicted,0.25,3,3,TTAACCCGAACAGAGCATTG,0,5024504
yjbJ_predicted,0.25,3,3,TTAAAATTAAACTGTTTATT,0,5024355
yjbJ_predicted,0.25,3,3,TGTTTTGGAAGCCGGGTGAC,0,5015340
yjbJ_predicted,0.25,3,3,TGTTTAGTTCTGCATTATCT,0,4997694
yjbJ_predicted,0.25,3,3,TGTTCTGAGGAATAGGCCTA,0,5019587
yjbJ_predicted,0.25,3,3,TGTTAGCCATACGCTCAGGG,0,4996717
yjbJ_predicted,0.25,3,3,TGTGATGGGGGGCGCTGCAG,0,4997049
yjbJ_predicted,0.25,3,3,TGTGAGGATCAGGTGTCGAG,0,5012450
yjbJ_predicted,0.25,3,3,TGTCTCATGGCGGGTCTGGG,0,5019287
yjbJ_predicted,0.25,3,3,TGTCGGTCCAATGGACAAGA,0,5011197
yjbJ_predicted,0.25,3,3,TGTCGATCAACTGCCTAAAG,0,4999455
yjbJ_predicted,0.25,3,3,TGTCGAGCCTTGGATTACAC,0,5026077
yjbJ_predicted,0.25,3,3,TGTCCGTGGGACTCCAAAGT,0,5021537
yjbJ_predicted,0.25,3,3,TGTCAGGCAGGGTGAAAGTT,0,5014856
yjbJ_predicted,0.25,3,3,TGTCACGTATACAATACACA,0,5016530
yjbJ_predicted,0.25,3,3,TGTCACAATGTTAATGGGCA,0,5023988
yjbJ_predicted,0.25,3,3,TGTAGATAACTGAGGATTAG,0,5009763
yjbJ_predicted,0.25,3,3,TGTAAGTTGCAACGCGGGGT,0,5018472
yjbJ_predicted,0.25,3,3,TGGTTCTGCAACCCATAGGC,0,5025391
yjbJ_predicted,0.25,3,3,TGGTTCCCGGTTCGGGTGAG,0,5026406
yjbJ_predicted,0.25,3,3,TGGTGGGCGTCTCGAACGAT,0,4997920
yjbJ_predicted,0.25,3,3,TGGTGAGTGAGCCCACGCAT,0,4995050
yjbJ_predicted,0.25,3,3,TGGTCACAGCAAATTCACCC,0,5020473
yjbJ_predicted,0.25,3,3,TGGGTTTATGGCGGGGCCTT,0,5010649
yjbJ_predicted,0.25,3,3,TGGGTTGCAGGGTTCAGGGG,0,5020988
yjbJ_predicted,0.25,3,3,TGGGTGGGCCTGGGGACGTG,0,5006655
yjbJ_predicted,0.25,3,3,TGGGTAATCTCTGGGCGTGC,0,5014139
yjbJ_predicted,0.25,3,3,TGGGGGCCTCTGTGGATGTA,0,5003924
yjbJ_predicted,0.25,3,3,TGGGGACGAGGTATCACAGA,0,5030774
yjbJ_predicted,0.25,3,3,TGGGCGTGCTCTCAGGGAGG,0,5013867
yjbJ_predicted,0.25,3,3,TGGCTCTTCACTCAAGGCAT,0,5000728
yjbJ_predicted,0.25,3,3,TGGCGGTAATTTGGCCCAGT,0,5025235
yjbJ_predicted,0.25,3,3,TGGCGCAGGGTACGCTAGCG,0,5027329
yjbJ_predicted,0.25,3,3,TGGCGAGTATAAACGACGAT,0,5016348
yjbJ_predicted,0.25,3,3,TGGCCGCGGACTTGCCGCTT,0,5026166
yjbJ_predicted,0.25,3,3,TGGCAACGGGTTGCAACACC,0,4998354
yjbJ_predicted,0.25,3,3,TGGATACGAAAGCCATTCAC,0,5012665
yjbJ_predicted,0.25,3,3,TGGAGGGTACTAAATGGATT,0,5002856
yjbJ_predicted,0.25,3,3,TGGACACTCATTAATTCGTC,0,4996797
yjbJ_predicted,0.25,3,3,TGGAATGTTTGATCGCCCTG,0,5025051
yjbJ_predicted,0.25,3,3,TGGAACCAATTGTCAGATTT,0,5019358
yjbJ_predicted,0.25,3,3,TGCTTTCCACACTGTTTACA,0,5010998
yjbJ_predicted,0.25,3,3,TGCTTTATCTTATGGTGCGA,0,5025098
yjbJ_predicted,0.25,3,3,TGCTCGGGCTGCCGTGAAGG,0,5026311
yjbJ_predicted,0.25,3,3,TGCTAACAAACATCTCGTTT,0,5011233
yjbJ_predicted,0.25,3,3,TGCGTCCCCCGTGACAAATT,0,5028547
yjbJ_predicted,0.25,3,3,TGCGGTTAATCATTCAATTT,0,4999917
yjbJ_predicted,0.25,3,3,TGCGCCACTCTGACGATGGG,0,5008331
yjbJ_predicted,0.25,3,3,TGCGATTTGAAGATCAGTTA,0,5018033
yjbJ_predicted,0.25,3,3,TGCGAAAGGTAATCGGATAT,0,5001831
yjbJ_predicted,0.25,3,3,TGCCTATCCATTACTGGCGC,0,5014961
yjbJ_predicted,0.25,3,3,TGCCAGTGATTCACTGTTTC,0,5004988
yjbJ_predicted,0.25,3,3,TGCCAGCCTTTTCCAATGGT,0,5000789
yjbJ_predicted,0.25,3,3,TGCATCTCGGCTTGAACTTG,0,5028216
yjbJ_predicted,0.25,3,3,TGCACTCCATTCTCTGGCTC,0,5021855
yjbJ_predicted,0.25,3,3,TGCACCCAGTAAAAATCGGC,0,5025748
yjbJ_predicted,0.25,3,3,TGCAACGGGATTTCGGCAAA,0,5029339
yjbJ_predicted,0.25,3,3,TGCAACCGATTAATTAGCTT,0,5030318
yjbJ_predicted,0.25,3,3,TGATTTCAACTGATACAGCA,0,5006945
yjbJ_predicted,0.25,3,3,TGATGTGGTCCCGGGCTCCC,0,5018498
yjbJ_predicted,0.25,3,3,TGATGGGAGCAAGTCTTCGT,0,5009836
yjbJ_predicted,0.25,3,3,TGATCACGAAAATCATGCGT,0,5027068
yjbJ_predicted,0.25,3,3,TGAATCGACTTGTTCGTGCT,0,5005647
yjbJ_predicted,0.25,3,3,TGAACCTCTCGTAGTCTGCA,0,5007150
yjbJ_predicted,0.25,3,3,TGAACCAGTCATTTTGGACA,0,5022670
yjbJ_predicted,0.25,3,3,TCTTTCCGCACTATCTTGTG,0,5006154
yjbJ_predicted,0.25,3,3,TCTTAAGGCTGCCCTCGTGT,0,5018772
yjbJ_predicted,0.25,3,3,TCTGGTGATCCGTTTCGGAT,0,5016956
yjbJ_predicted,0.25,3,3,TCTGCAATATCGCCACAAGC,0,5018029
yjbJ_predicted,0.25,3,3,TCTGAACAGGTTACACGATA,0,5012076
yjbJ_predicted,0.25,3,3,TCTCTCTAATCCGTAGTATA,0,5026673
yjbJ_predicted,0.25,3,3,TCTCCGGCAATTTAGTCTTA,0,5027397
yjbJ_predicted,0.25,3,3,TCTCCAACGTTTATTACTAA,0,5019001
yjbJ_predicted,0.25,3,3,TCTCAGCGTAGGGGGTGGAA,0,5012242
yjbJ_predicted,0.25,3,3,TCTATTTTACCGGTCAGATC,0,5006565
yjbJ_predicted,0.25,3,3,TCTACTACCCGCGTCTGTGC,0,5018278
yjbJ_predicted,0.25,3,3,TCTACGAAGTAGAGTTCGCG,0,5026307
yjbJ_predicted,0.25,3,3,TCGTGGTGAGTCAGCAGTGC,0,5016853
yjbJ_predicted,0.25,3,3,TCGTCTGTAGACGAGCTCCA,0,5030771
yjbJ_predicted,0.25,3,3,TCGTCTGGGTGCAGCAACCA,0,5017259
yjbJ_predicted,0.25,3,3,TCGTCCTACTGGGCCGCTCC,0,5008612
yjbJ_predicted,0.25,3,3,TCGTAGCAGTGGGGTGCTAG,0,5007274
yjbJ_predicted,0.25,3,3,TCGGTCAGTTCCAACGTGAG,0,5018950
yjbJ_predicted,0.25,3,3,TCGGGTCGTTGCACACATGT,0,5015060
yjbJ_predicted,0.25,3,3,TCGGAGCTGTTTATGATGCA,0,4996773
yjbJ_predicted,0.25,3,3,TCGGAGCTAAGCGCTGTTAG,0,5023810
yjbJ_predicted,0.25,3,3,TCGCTTTGTGGTGTTGAATA,0,4997159
yjbJ_predicted,0.25,3,3,TCGCTGTCTCGGCCGCAGTA,0,5023631
yjbJ_predicted,0.25,3,3,TCGATTAAGGGGGCCAGATG,0,5015923
yjbJ_predicted,0.25,3,3,TCGAAGCTCCCCGCTCACTT,0,5030359
yjbJ_predicted,0.25,3,3,TCGAACGTAATTATGAATTG,0,5014284
yjbJ_predicted,0.25,3,3,TCCTTACACACGCAGTCATC,0,4996512
yjbJ_predicted,0.25,3,3,TCCTATTCTTCAACCCAGGG,0,5022398
yjbJ_predicted,0.25,3,3,TCCTACTCGCAGCTGGTTGT,0,5006702
yjbJ_predicted,0.25,3,3,TCCGTTTCTGTTGGGTCTTG,0,5007244
yjbJ_predicted,0.25,3,3,TCCGCAGATCGGTACTTCTA,0,4997866
yjbJ_predicted,0.25,3,3,TCCGACTTCCATGCGCACAC,0,5024918
yjbJ_predicted,0.25,3,3,TCCGAACTTGTGGCATATCA,0,5006109
yjbJ_predicted,0.25,3,3,TCCCTAGCGCGATTATTGGG,0,5021897
yjbJ_predicted,0.25,3,3,TCCCAGGGTCGTGCCCTATT,0,5013515
yjbJ_predicted,0.25,3,3,TCCCAGGGGGTGGCTCGAAG,0,5017450
yjbJ_predicted,0.25,3,3,TCCATAGCTGGAGGGCTTAT,0,5002443
yjbJ_predicted,0.25,3,3,TCCAGGCCCAAGGCGACCAT,0,5029728
yjbJ_predicted,0.25,3,3,TCCAGAGCGGAGGTCGGAAA,0,5014803
yjbJ_predicted,0.25,3,3,TCCACGCAATCGGCGAACGC,0,5027748
yjbJ_predicted,0.25,3,3,TCATTGACACTCTGTAGCGT,0,5012963
yjbJ_predicted,0.25,3,3,TCATTCGCAGCAGCTTAAAG,0,5004993
yjbJ_predicted,0.25,3,3,TCATGAATGAATCGAAGTCC,0,5015890
yjbJ_predicted,0.25,3,3,TCAGGGTCTTTATCGTGACA,0,4999934
yjbJ_predicted,0.25,3,3,TCACCACCCGATGCCAGAGT,0,5011719
yjbJ_predicted,0.25,3,3,TCACATGTTTGCGAGCTGAG,0,5010045
yjbJ_predicted,0.25,3,3,TCAATGTGTGGCGGACGCTG,0,5006333
yjbJ_predicted,0.25,3,3,TCAATGATGGTCTTCGGTAA,0,5010608
yjbJ_predicted,0.25,3,3,TCAAATCGGTTGAGTGAATA,0,5008765
yjbJ_predicted,0.25,3,3,TATTGGGGGGTACCGGCTGC,0,5030123
yjbJ_predicted,0.25,3,3,TATTCTCCATTCGGCCACGG,0,5014934
yjbJ_predicted,0.25,3,3,TATTATCTCAGTTTGTAGTC,0,5017149
yjbJ_predicted,0.25,3,3,TATGTCCCTTCAGCACTTTT,0,5013500
yjbJ_predicted,0.25,3,3,TATGGCAGTCGATACTTCAT,0,5027459
yjbJ_predicted,0.25,3,3,TATGCCCCAATGCGATGTAT,0,5021450
yjbJ_predicted,0.25,3,3,TATCTTTTGCAACTCTGCTT,0,5012567
yjbJ_predicted,0.25,3,3,TATCTGCATTAGATGGATGT,0,5014439
yjbJ_predicted,0.25,3,3,TATCGGTGGGACGGTAAGAT,0,5011047
yjbJ_predicted,0.25,3,3,TATCGCAGACACGGCGCTTT,0,5010887
yjbJ_predicted,0.25,3,3,TATCGACGTACTGCCTGATC,0,5027851
yjbJ_predicted,0.25,3,3,TATCCGCTCGGACGGTCGTG,0,5001895
yjbJ_predicted,0.25,3,3,TATCACCGCGCACCCCGTGC,0,5005362
yjbJ_predicted,0.25,3,3,TATCAATATGTTGTCATCAC,0,5006975
yjbJ_predicted,0.25,3,3,TATATGCCCCAGGCATGAAT,0,5004184
yjbJ_predicted,0.25,3,3,TATAGAGTTATCTTTGTGGG,0,5028335
yjbJ_predicted,0.25,3,3,TAGGCTTTTTGGGTTGTTTT,0,5029396
yjbJ_predicted,0.25,3,3,TAGGCTATTCATAGGGCCGA,0,5022785
yjbJ_predicted,0.25,3,3,TAGGCCTATTTGCATTTTAG,0,5025902
yjbJ_predicted,0.25,3,3,TAGGATCGGTTCAGAACTAC,0,5009691
yjbJ_predicted,0.25,3,3,TAGCTCTGCAGGGACAGACC,0,5031229
yjbJ_predicted,0.25,3,3,TAGCCTACCGGGGCTTTAAC,0,4997245
yjbJ_predicted,0.25,3,3,TAGCCACGTTATAATTAAAT,0,5018629
yjbJ_predicted,0.25,3,3,TAGCATCAGTGATGATATGT,0,5016453
yjbJ_predicted,0.25,3,3,TAGCACGGGGCGCACCATCT,0,5013062
yjbJ_predicted,0.25,3,3,TAGATTGCGGGCGCTAAGAA,0,5018887
yjbJ_predicted,0.25,3,3,TAGATCAAGCGTATAAGTGC,0,4996519
yjbJ_predicted,0.25,3,3,TAGAGTCTTAAAGCGGGTAT,0,5000358
yjbJ_predicted,0.25,3,3,TAGACAGGGTCGCGGATTAG,0,5006824
yjbJ_predicted,0.25,3,3,TAGAAGTCCACGCTGCAATA,0,5028381
yjbJ_predicted,0.25,3,3,TAGAAGCTCTGGGCCTCGGC,0,5022786
yjbJ_predicted,0.25,3,3,TAGAACAGATCAGCGTGATC,0,5013743
yjbJ_predicted,0.25,3,3,TACTGCAGAACAAAGACGCA,0,5016957
yjbJ_predicted,0.25,3,3,TACTAATTAGACTCACGCCC,0,5030579
yjbJ_predicted,0.25,3,3,TACGTTTGGGTACTTGCTGC,0,5000718
yjbJ_predicted,0.25,3,3,TACGGGTTCAGCATTACAAC,0,5026163
yjbJ_predicted,0.25,3,3,TACGGCATGGTAGTCGGAAG,0,5008535
yjbJ_predicted,0.25,3,3,TACGACCTCAGTCTCGTTAG,0,4998685
yjbJ_predicted,0.25,3,3,TACCGATACAGGTTATGTAA,0,5020585
yjbJ_predicted,0.25,3,3,TACACCCTCGTTGGTGTCCC,0,4995569
yjbJ_predicted,0.25,3,3,TACAAGGTAGTTCTCCTCAG,0,5022039
yjbJ_predicted,0.25,3,3,TAATTAGTTGTTGTACCGTC,0,5000262
yjbJ_predicted,0.25,3,3,TAATACTGAGTATAGAAGTT,0,4999933
yjbJ_predicted,0.25,3,3,TAAGGTATGAACACTTAAGA,0,4998035
yjbJ_predicted,0.25,3,3,TAACGCGGGAGTTCTAGGTA,0,5011991
yjbJ_predicted,0.25,3,3,TAACACGTGTCAACCAGTGT,0,5029301
yjbJ_predicted,0.25,3,3,TAACAAACACTCTGGTTCTA,0,5005912
yjbJ_predicted,0.25,3,3,TAAATTGTGCTGCCTGGGTG,0,5020621
yjbJ_predicted,0.25,3,3,TAAAGGCGTGTCCAGTCAAA,0,5031312
yjbJ_predicted,0.25,3,3,TAAAGCTATTGGTTACTGGG,0,4998766
yjbJ_predicted,0.25,3,3,TAAACCTGGACACCGTCTAC,0,5010701
yjbJ_predicted,0.25,3,3,TAAAACAGCGGCCCTGGGAG,0,5019793
yjbJ_predicted,0.25,3,3,GTTTCCGGGACTGGAGCAAG,0,4995271
yjbJ_predicted,0.25,3,3,GTTGTACAGTTGCTGGCCGA,0,5025720
yjbJ_predicted,0.25,3,3,GTTGGCGCAACATTAACTGT,0,5000929
yjbJ_predicted,0.25,3,3,GTTGAGCAATAATATGACAG,0,5014984
yjbJ_predicted,0.25,3,3,GTTCTCGGATTTCGGATGAA,0,5004346
yjbJ_predicted,0.25,3,3,GTTCAGTACCTAATACAGGG,0,5023085
yjbJ_predicted,0.25,3,3,GTTACGTTCATGATGGTAGA,0,5005736
yjbJ_predicted,0.25,3,3,GTTACCCTCCTAACACTGGG,0,5020456
yjbJ_predicted,0.25,3,3,GTGTTGAATGCATTTAGGTG,0,5017993
yjbJ_predicted,0.25,3,3,GTGTGCCTCCTAAGCGTTCG,0,5026781
yjbJ_predicted,0.25,3,3,GTGTGATCAGGACAGGCGGC,0,5000527
yjbJ_predicted,0.25,3,3,GTGTCCCCCGGGCCTATTAA,0,5015035
yjbJ_predicted,0.25,3,3,GTGTAGGGAACAACAGTGTT,0,5009844
yjbJ_predicted,0.25,3,3,GTGTACTGTGTCGTTCTCTG,0,5017592
yjbJ_predicted,0.25,3,3,GTGGTTTCTGCTGGGAGTTC,0,5015688
yjbJ_predicted,0.25,3,3,GTGGTGCGATACGGGTCGGT,0,5008458
yjbJ_predicted,0.25,3,3,GTGGTAGTAGTCTGTGTTTT,0,5012193
yjbJ_predicted,0.25,3,3,GTGGACGGTCTCCGGTGATA,0,5024194
yjbJ_predicted,0.25,3,3,GTGCGTAACCTCACATTCTG,0,5029675
yjbJ_predicted,0.25,3,3,GTGCCCTCTTTCATTCATTC,0,5028950
yjbJ_predicted,0.25,3,3,GTGCATGCTAATAACGCGCA,0,5026923
yjbJ_predicted,0.25,3,3,GTGCAAACCGCATTAACGAT,0,5007802
yjbJ_predicted,0.25,3,3,GTGATCAGTTTACCCGAGTT,0,5018030
yjbJ_predicted,0.25,3,3,GTGATCAGAGGGCTGGGTGG,0,5000204
yjbJ_predicted,0.25,3,3,GTGAAGCATGCTTCCAATGC,0,5015316
yjbJ_predicted,0.25,3,3,GTGAAAGGCTTGTGACTAGA,0,5007530
yjbJ_predicted,0.25,3,3,GTCTTACGCCACGGCCGCGC,0,5013100
yjbJ_predicted,0.25,3,3,GTCTCGATCTAGATTGATTC,0,5022301
yjbJ_predicted,0.25,3,3,GTCGTGAACCAGTTATAGTC,0,5029604
yjbJ_predicted,0.25,3,3,GTCGGGTACGATACATCTGC,0,5018987
yjbJ_predicted,0.25,3,3,GTCGGAACACTGCCGTGGTC,0,5005337
yjbJ_predicted,0.25,3,3,GTCCAGCCAGTTAAGGTTCA,0,5019251
yjbJ_predicted,0.25,3,3,GTCCAGAACAACTGCCATCC,0,5028623
yjbJ_predicted,0.25,3,3,GTCCAACCGGCATTCGGGTA,0,5023528
yjbJ_predicted,0.25,3,3,GTCAGGTCTATGTCTCCTGA,0,5012790
yjbJ_predicted,0.25,3,3,GTCACACGTTAGCGCTAGTG,0,5001681
yjbJ_predicted,0.25,3,3,GTATGATGTATCATTGAGCT,0,5012781
yjbJ_predicted,0.25,3,3,GTATATTGTGTTCTGTCCGG,0,5018149
yjbJ_predicted,0.25,3,3,GTAGTCCGTCGCACCCCCGT,0,5010710
yjbJ_predicted,0.25,3,3,GTAGGCCGTGGGACCTCGTC,0,4996121
yjbJ_predicted,0.25,3,3,GTAGGCCCCGGAAGTTTATC,0,4996382
yjbJ_predicted,0.25,3,3,GTAGCAACCTTTACCAGAAG,0,4994934
yjbJ_predicted,0.25,3,3,GTACGTGCTTAACGGTAAAA,0,4997761
yjbJ_predicted,0.25,3,3,GTACGTACCACCGTGAGTTC,0,5023213
yjbJ_predicted,0.25,3,3,GTACCGAGGTCTGAGCACGT,0,5026507
yjbJ_predicted,0.25,3,3,GTACCAGGGCCTAGAATAAT,0,5019140
yjbJ_predicted,0.25,3,3,GTAAAGTCTTACCACGGGCT,0,5010586
yjbJ_predicted,0.25,3,3,GGTTTTCTTACACGGACGGA,0,5006147
yjbJ_predicted,0.25,3,3,GGTTTGGGAGGGCGCCTCGT,0,5000571
yjbJ_predicted,0.25,3,3,GGTTTGAAAATGTTGTATAA,0,5015470
yjbJ_predicted,0.25,3,3,GGTTTAATTTAGTAACATGG,0,4997989
yjbJ_predicted,0.25,3,3,GGTTGGGCCGAAGGTAATCG,0,5009544
yjbJ_predicted,0.25,3,3,GGTTGGATTTTCATAATGCA,0,5021301
yjbJ_predicted,0.25,3,3,GGTTCCTTATTCAGCGAACC,0,4997096
yjbJ_predicted,0.25,3,3,GGTTCATCTAAACAACCTCA,0,4998096
yjbJ_predicted,0.25,3,3,GGTTATCATGCCTCAAGTCC,0,5021457
yjbJ_predicted,0.25,3,3,GGTGGTTCGCCTAACAGTGA,0,5022256
yjbJ_predicted,0.25,3,3,GGTGCTCGATCAATACTTAC,0,5020079
yjbJ_predicted,0.25,3,3,GGTGCGGATGGAAGGGTTCA,0,5025093
yjbJ_predicted,0.25,3,3,GGTGAGTTTTGGTACCGGCA,0,5026988
yjbJ_predicted,0.25,3,3,GGTGAGCCTGTAAATAAATC,0,5007601
yjbJ_predicted,0.25,3,3,GGTCTTCAGCAATTGTTCGT,0,5010573
yjbJ_predicted,0.25,3,3,GGTCTGCTGGGGATGTAGCT,0,5015049
yjbJ_predicted,0.25,3,3,GGTATCTGACGGTGGACCAT,0,5007447
yjbJ_predicted,0.25,3,3,GGTAGAAGCTTGCGTAATGT,0,5014636
yjbJ_predicted,0.25,3,3,GGTAGAACGGTAGTTACGCC,0,5009606
yjbJ_predicted,0.25,3,3,GGTACTAACGGGAACTATTT,0,4997290
yjbJ_predicted,0.25,3,3,GGTACCCGCCCATGCATCAC,0,5003706
yjbJ_predicted,0.25,3,3,GGTAACCTTGCGGTACATAT,0,5020109
yjbJ_predicted,0.25,3,3,GGGTTTTTGGCGGGACTAAA,0,5018413
yjbJ_predicted,0.25,3,3,GGGTTTTGCGTGGCACTTGA,0,4996946
yjbJ_predicted,0.25,3,3,GGGTATCGACGTGCCTCAAC,0,5009173
yjbJ_predicted,0.25,3,3,GGGTAGGTACCCGTAAAACG,0,5016795
yjbJ_predicted,0.25,3,3,GGGTACCGAGGTGATCTATG,0,5024950
yjbJ_predicted,0.25,3,3,GGGGTGGGTGGCTACAGCGG,0,5010549
yjbJ_predicted,0.25,3,3,GGGGCGATGCGTCGTTTATT,0,5030065
yjbJ_predicted,0.25,3,3,GGGGCATAGCACTCACAACA,0,5031187
yjbJ_predicted,0.25,3,3,GGGCTTTCGGATATGTCGAT,0,5006088
yjbJ_predicted,0.25,3,3,GGGCGAGGCCGCGGCGGAGA,0,5006700
yjbJ_predicted,0.25,3,3,GGGCCAGGAGCCGCGTTCAT,0,4999469
yjbJ_predicted,0.25,3,3,GGGATTCCGTGAAGTCCAGT,0,5027694
yjbJ_predicted,0.25,3,3,GGGATGGATTCGTAGCAATT,0,4998520
yjbJ_predicted,0.25,3,3,GGGACATCGGGGGATCTGAC,0,4996042
yjbJ_predicted,0.25,3,3,GGCTGACTATCACTTATTGA,0,4995117
yjbJ_predicted,0.25,3,3,GGCTCGGTGTAGCCTGGGTG,0,5006209
yjbJ_predicted,0.25,3,3,GGCTCCGTGCCTTTGGGGGA,0,5025440
yjbJ_predicted,0.25,3,3,GGCGTGGGGGCTAAAAGCAT,0,4998667
yjbJ_predicted,0.25,3,3,GGCGTCTTGAGCTACTAGGC,0,5015435
yjbJ_predicted,0.25,3,3,GGCGTAGGCACACATGGCGC,0,4997170
yjbJ_predicted,0.25,3,3,GGCGGCTGGATCGAGCACCC,0,4994974
yjbJ_predicted,0.25,3,3,GGCGGCCGATCCCCGTTCAA,0,5004166
yjbJ_predicted,0.25,3,3,GGCGCAACCCATCCTTAATT,0,4999003
yjbJ_predicted,0.25,3,3,GGCCTAGAATTGGACTCAAC,0,5008468
yjbJ_predicted,0.25,3,3,GGCCGTTGCTTGTTTCAGGA,0,5005279
yjbJ_predicted,0.25,3,3,GGCCGGTCACCGATTCAAGG,0,5015564
yjbJ_predicted,0.25,3,3,GGCCGCGGACTTAGCGAGAA,0,5000445
yjbJ_predicted,0.25,3,3,GGCCCGCTTCGAGTGTTGTT,0,4999891
yjbJ_predicted,0.25,3,3,GGCATCAAGCAGACTCGAAG,0,5003393
yjbJ_predicted,0.25,3,3,GGCAGCTTCTGTACACTTAT,0,5027580
yjbJ_predicted,0.25,3,3,GGCAGCAACTAGCCGGGAAA,0,5007854
yjbJ_predicted,0.25,3,3,GGCAGAGCTGATTGAAAGGT,0,5014106
yjbJ_predicted,0.25,3,3,GGCAAGGCACCTAACCAAGG,0,5006968
yjbJ_predicted,0.25,3,3,GGATTCCGCGGCTTCGAGCA,0,5009360
yjbJ_predicted,0.25,3,3,GGATGATCTAAGTACGGGAA,0,5011870
yjbJ_predicted,0.25,3,3,GGAGGTAGCCGGTCAATTGT,0,5012327
yjbJ_predicted,0.25,3,3,GGAGGGCAAACCTAAGGTAT,0,5026046
yjbJ_predicted,0.25,3,3,GGAGGATTAGTCCATAAATC,0,5007809
yjbJ_predicted,0.25,3,3,GGAGCTCAATTACTGAGTGT,0,5018245
yjbJ_predicted,0.25,3,3,GGAGAAGCTCGACCATTCCA,0,4994692
yjbJ_predicted,0.25,3,3,GGACTGTATGCGGCCCGCAT,0,5007970
yjbJ_predicted,0.25,3,3,GGAATTACGGAGCCGCTTCG,0,5005193
yjbJ_predicted,0.25,3,3,GGAAGTATTATGTGGCCTTG,0,5027387
yjbJ_predicted,0.25,3,3,GGAAGTAGTCGAACAAAGGA,0,5011013
yjbJ_predicted,0.25,3,3,GGAAGATTATATCGGCTGTA,0,5011653
yjbJ_predicted,0.25,3,3,GGAACTGCGCTGAGGTCTAC,0,5024985
yjbJ_predicted,0.25,3,3,GGAACGTCTAATAGTCACCA,0,4999708
yjbJ_predicted,0.25,3,3,GGAAAAGCTGTGACAACATT,0,5005374
yjbJ_predicted,0.25,3,3,GCTTTTCCTTCTGGCTTTAC,0,4996409
yjbJ_predicted,0.25,3,3,GCTTTACCCATCTGGGCCGT,0,4998052
yjbJ_predicted,0.25,3,3,GCTTGTGGACTCATGCGGAG,0,5021512
yjbJ_predicted,0.25,3,3,GCTTCGTGGTCAATACCGGC,0,5011207
yjbJ_predicted,0.25,3,3,GCTGGCCGGAACTCATCCCA,0,5007429
yjbJ_predicted,0.25,3,3,GCTGGCATTGACTGAGCTGC,0,5018379
yjbJ_predicted,0.25,3,3,GCTGGCATGGTCTAACACGA,0,4997285
yjbJ_predicted,0.25,3,3,GCTGAGTTTCACATTAAAAG,0,5006243
yjbJ_predicted,0.25,3,3,GCTCTCTAACGTAGTTATGT,0,5016675
yjbJ_predicted,0.25,3,3,GCTCGTCAGAAATTCCACCA,0,5018979
yjbJ_predicted,0.25,3,3,GCTCGAAAGCTACGGGACAT,0,5027233
yjbJ_predicted,0.25,3,3,GCTCCAGCGGAGCCACAAAA,0,5015889
yjbJ_predicted,0.25,3,3,GCTCATTGGCTGGCGCCTCA,0,5027703
yjbJ_predicted,0.25,3,3,GCTATTTGCTGGTCGTTAAA,0,5016416
yjbJ_predicted,0.25,3,3,GCTATGCTCATACGACGTCT,0,5004598
yjbJ_predicted,0.25,3,3,GCTAGTGCAAATCATGTTAT,0,4999112
yjbJ_predicted,0.25,3,3,GCTAGACAGTGTTGACTATT,0,5003878
yjbJ_predicted,0.25,3,3,GCTAAGGGCTTAGCGATCAC,0,5008125
yjbJ_predicted,0.25,3,3,GCGTTTTATGTCCCTTTGTA,0,4995592
yjbJ_predicted,0.25,3,3,GCGTGAATTACACTCAAAGA,0,5021518
yjbJ_predicted,0.25,3,3,GCGGTCTATGTTGGGATGCC,0,5024818
yjbJ_predicted,0.25,3,3,GCGGTCTAAACGGCCAGATA,0,5022677
yjbJ_predicted,0.25,3,3,GCGGGGGAGCACATCAAACC,0,4998116
yjbJ_predicted,0.25,3,3,GCGGGATCTTCGCAGGTGAA,0,5025765
yjbJ_predicted,0.25,3,3,GCGGAAGTGATGCACAGTGA,0,5007634
yjbJ_predicted,0.25,3,3,GCGCTGTGGCAAACACTCTG,0,5003736
yjbJ_predicted,0.25,3,3,GCGCCATCCATACCTCGGAC,0,5025236
yjbJ_predicted,0.25,3,3,GCGATCAATTATTGAGTGAC,0,5015032
yjbJ_predicted,0.25,3,3,GCGAGCGTCCCCTATAATTG,0,5002038
yjbJ_predicted,0.25,3,3,GCCTTCACGGGCAGAACTGC,0,5007058
yjbJ_predicted,0.25,3,3,GCCTGTCCCTTCCATTGGAG,0,5007392
yjbJ_predicted,0.25,3,3,GCCTACTTACACTTGCTCCT,0,4998245
yjbJ_predicted,0.25,3,3,GCCGTCACGTTGAGTCTGTT,0,4995000
yjbJ_predicted,0.25,3,3,GCCGGCGGTCCTTCATAGTG,0,4997712
yjbJ_predicted,0.25,3,3,GCCCGTACGGACTCCGAGCC,0,5025847
yjbJ_predicted,0.25,3,3,GCCCGAACTTAACAGGGCCG,0,5022773
yjbJ_predicted,0.25,3,3,GCCCCGGGAGGCAAAACGCG,0,5014972
yjbJ_predicted,0.25,3,3,GCCCCAGAACGGCCTAATTT,0,4996945
yjbJ_predicted,0.25,3,3,GCCCATTCCCATGGAGTAAG,0,5025299
yjbJ_predicted,0.25,3,3,GCCCAGTGTAGGAGCGAGCT,0,4996671
yjbJ_predicted,0.25,3,3,GCCACTTCCATCGTTTGATT,0,4995230
yjbJ_predicted,0.25,3,3,GCCACGATGTCGAGCTAGCT,0,5014448
yjbJ_predicted,0.25,3,3,GCCACGAGTAAACTCGTCGG,0,5024506
yjbJ_predicted,0.25,3,3,GCCACCCGCGCTAATGGGCG,0,5012103
yjbJ_predicted,0.25,3,3,GCATTCAGTGCTAAAGGTGG,0,5013957
yjbJ_predicted,0.25,3,3,GCATCGGATAAGCACACGGA,0,5012102
yjbJ_predicted,0.25,3,3,GCATACATGTGCAGAACACA,0,5030582
yjbJ_predicted,0.25,3,3,GCAGTTAAAGTTGTCTGAGA,0,5000660
yjbJ_predicted,0.25,3,3,GCAGCCTCCCTTTTTGTGTC,0,5006266
yjbJ_predicted,0.25,3,3,GCAGATAACCCTAAAGCTTC,0,5021332
yjbJ_predicted,0.25,3,3,GCACTTTGCCTCGGTCCGCT,0,5000988
yjbJ_predicted,0.25,3,3,GCACGTTGATGCCGGCCGTA,0,5010271
yjbJ_predicted,0.25,3,3,GCACCTCCAACAACATAGGT,0,5007191
yjbJ_predicted,0.25,3,3,GCACCTAGCGTACTTATGCT,0,5023996
yjbJ_predicted,0.25,3,3,GCACACCGCTTCAATTGTCT,0,4998922
yjbJ_predicted,0.25,3,3,GCAATTAATTCAATTGTTGT,0,5002148
yjbJ_predicted,0.25,3,3,GCAATGTGAGCCCCGCTACA,0,5022146
yjbJ_predicted,0.25,3,3,GCAATCATAACCTTCTGGGT,0,4999285
yjbJ_predicted,0.25,3,3,GCAATACCTGGATGGGACTC,0,5009070
yjbJ_predicted,0.25,3,3,GCAAGCCCGGACCAAGGACA,0,5020605
yjbJ_predicted,0.25,3,3,GCAAGATCAGCTTCCTGGCT,0,5018488
yjbJ_predicted,0.25,3,3,GCAACTACGTGAACGGCCTA,0,5021037
yjbJ_predicted,0.25,3,3,GCAAATTGACAATGGTAGGG,0,5027313
yjbJ_predicted,0.25,3,3,GCAAACAGGCCCAATCGCAT,0,4998191
yjbJ_predicted,0.25,3,3,GATTGTCGAGATTTGCGCTA,0,4998483
yjbJ_predicted,0.25,3,3,GATTCGAATGCAAATGGAGT,0,5009700
yjbJ_predicted,0.25,3,3,GATTCACAGGGGTGGAAGTA,0,5018926
yjbJ_predicted,0.25,3,3,GATTATGGACGCTACACGCT,0,5031053
yjbJ_predicted,0.25,3,3,GATTAGGTCGAAATAGGCAA,0,4999853
yjbJ_predicted,0.25,3,3,GATGGTAACAAATCAGCGTA,0,4996347
yjbJ_predicted,0.25,3,3,GATCTCCCGGGGACTAGCAA,0,5012821
yjbJ_predicted,0.25,3,3,GATCGCCTATGTAGTACTCC,0,5022772
yjbJ_predicted,0.25,3,3,GATCGAGTTAGTCATCGGCA,0,4996065
yjbJ_predicted,0.25,3,3,GATCCGAAGGCCACTGGAGC,0,5016168
yjbJ_predicted,0.25,3,3,GATCATTTTGCCTGGTCTGT,0,4997804
yjbJ_predicted,0.25,3,3,GATCAGGTTGCGGACCTTAT,0,5002114
yjbJ_predicted,0.25,3,3,GATATCATTAGGGCCACGGA,0,4997733
yjbJ_predicted,0.25,3,3,GATAGAGTTCACATCCTACA,0,5017427
yjbJ_predicted,0.25,3,3,GATACTTACTTTTTTGAGTC,0,5009169
yjbJ_predicted,0.25,3,3,GATACGACAACAATGGATGT,0,5016834
yjbJ_predicted,0.25,3,3,GAGTTGCAAATTGAGTTATC,0,4996925
yjbJ_predicted,0.25,3,3,GAGTCCACTATGCCCAATCT,0,5011975
yjbJ_predicted,0.25,3,3,GAGTACCGCGTGATGTCCCA,0,5001532
yjbJ_predicted,0.25,3,3,GAGGGTCTGGCTGCATTTTG,0,5003242
yjbJ_predicted,0.25,3,3,GAGGAAATTGGACGATTCGG,0,4998362
yjbJ_predicted,0.25,3,3,GAGCTAAACAACGCGGGATA,0,5003639
yjbJ_predicted,0.25,3,3,GAGCGTGTGTAAAGTACCCT,0,4998161
yjbJ_predicted,0.25,3,3,GAGCGTGGGACTGGCAGGGA,0,5014905
yjbJ_predicted,0.25,3,3,GAGCGCTGAATATTTACACG,0,5019819
yjbJ_predicted,0.25,3,3,GAGCCCTAATAGCTGGAGCA,0,4998385
yjbJ_predicted,0.25,3,3,GAGCAGAAGAGCCGGAACCT,0,5022438
yjbJ_predicted,0.25,3,3,GAGCAAACCTTGGACATGTG,0,5023359
yjbJ_predicted,0.25,3,3,GAGATCGCCTTGCAGTCGGG,0,5030682
yjbJ_predicted,0.25,3,3,GAGAGACTATTATCCGCCAC,0,5014012
yjbJ_predicted,0.25,3,3,GAGAATCACCGCCTGAAGGT,0,5014113
yjbJ_predicted,0.25,3,3,GACTCGCTTGCAATTATTCA,0,5020977
yjbJ_predicted,0.25,3,3,GACTCCAGTCGCAAATGGAC,0,5014120
yjbJ_predicted,0.25,3,3,GACTAACCACTCGCATTAAT,0,5024970
yjbJ_predicted,0.25,3,3,GACGCCTAATTCCTGCTATG,0,5003275
yjbJ_predicted,0.25,3,3,GACCGCACCATCAGGCCAGG,0,4995455
yjbJ_predicted,0.25,3,3,GACAGTACGTCGGTTTGTTG,0,5007195
yjbJ_predicted,0.25,3,3,GACAAATATTGGGGCCAAGT,0,5008272
yjbJ_predicted,0.25,3,3,GAATTACTTCTTTCCGATAA,0,5000342
yjbJ_predicted,0.25,3,3,GAATCGGTCCAAATAAACGA,0,4999558
yjbJ_predicted,0.25,3,3,GAATACTGCGTATGGTCTCT,0,4999038
yjbJ_predicted,0.25,3,3,GAATAATGTACCGAGTCGTG,0,5014571
yjbJ_predicted,0.25,3,3,GAAGGCTCTATCCGCCCTGC,0,4998015
yjbJ_predicted,0.25,3,3,GAAGCCGATACCTGAGGAGA,0,5008952
yjbJ_predicted,0.25,3,3,GAAGCCCATCTTTACTTACC,0,5018425
yjbJ_predicted,0.25,3,3,GAAGCCATGCTCATTCCTGT,0,5007653
yjbJ_predicted,0.25,3,3,GAACGTCCTGTAGTTCTAGG,0,5003578
yjbJ_predicted,0.25,3,3,GAACGAACGTAGGAGGGTAC,0,5027060
yjbJ_predicted,0.25,3,3,GAAATGCTTACATTTACCTA,0,5010885
yjbJ_predicted,0.25,3,3,GAAAGTTCTCCACGGGCGGC,0,5030971
yjbJ_predicted,0.25,3,3,GAAACGCCCCGTTCCCCTTC,0,4995276
yjbJ_predicted,0.25,3,3,GAAACCAGGCTCCACGGGTG,0,5016150
yjbJ_predicted,0.25,3,3,GAAAACTATGGGACACGGTT,0,5013065
yjbJ_predicted,0.25,3,3,GAAAACACTCGTTTTACCCA,0,5014022
yjbJ_predicted,0.25,3,3,CTTTTAGTCTTAAATCTACT,0,5003894
yjbJ_predicted,0.25,3,3,CTTTGGTTGATAAATGTTTA,0,5019398
yjbJ_predicted,0.25,3,3,CTTTGATGCGAATTACCGGA,0,5021040
yjbJ_predicted,0.25,3,3,CTTGTGTAGTACTATTCATC,0,5004391
yjbJ_predicted,0.25,3,3,CTTGTCCGGCACTACGTGTA,0,5005979
yjbJ_predicted,0.25,3,3,CTTGTAAGCCGTAGCACCAG,0,5027653
yjbJ_predicted,0.25,3,3,CTTGGGTTTGTGGATGGTTT,0,5004369
yjbJ_predicted,0.25,3,3,CTTGGGTTTGTAATAACGCT,0,5007137
yjbJ_predicted,0.25,3,3,CTTCTACTAATCCAAACATT,0,5018005
yjbJ_predicted,0.25,3,3,CTTCGCTCACTCAAGACGTG,0,4999850
yjbJ_predicted,0.25,3,3,CTTCATGTTTGGTGATAGTT,0,4999954
yjbJ_predicted,0.25,3,3,CTGTCGGCGTGGATTACTAA,0,5001393
yjbJ_predicted,0.25,3,3,CTGTCGCACAGGTGCTCTGA,0,4994997
yjbJ_predicted,0.25,3,3,CTGTACAATGCCCTGCTTAC,0,5009760
yjbJ_predicted,0.25,3,3,CTGTAAAACATCCGTTATGA,0,5021107
yjbJ_predicted,0.25,3,3,CTGGTTTGCCGTGGCATAAG,0,4999342
yjbJ_predicted,0.25,3,3,CTGGTTTCTTACTACGGAAG,0,5020507
yjbJ_predicted,0.25,3,3,CTGGTGATTGTGAAGCGGCC,0,5012616
yjbJ_predicted,0.25,3,3,CTGGTCCGTCGTTTGGTTAA,0,4996473
yjbJ_predicted,0.25,3,3,CTGGGTCTCTGTCCACTTGG,0,5010248
yjbJ_predicted,0.25,3,3,CTGGGCAGACGACTCAGGTA,0,5012908
yjbJ_predicted,0.25,3,3,CTGGCAGCTCAGCGACGTTT,0,4996104
yjbJ_predicted,0.25,3,3,CTGGCAATACGAATTTTTCT,0,5021046
yjbJ_predicted,0.25,3,3,CTGGAGCCACATCGCATCTC,0,4998813
yjbJ_predicted,0.25,3,3,CTGCTCCAGAAAAAAAGGTG,0,5006284
yjbJ_predicted,0.25,3,3,CTGCTAAAGGTAGTCGATTG,0,4996026
yjbJ_predicted,0.25,3,3,CTGCGCGCGGGTCAAAAAAT,0,5007597
yjbJ_predicted,0.25,3,3,CTGCGACGGTCGCAGTTCAA,0,5015554
yjbJ_predicted,0.25,3,3,CTGCCCAGGTGGCCAAGCCC,0,5017165
yjbJ_predicted,0.25,3,3,CTGCAAGCATTACGCCTAGA,0,5027204
yjbJ_predicted,0.25,3,3,CTGATAAATCTGTGCTGGGG,0,5007906
yjbJ_predicted,0.25,3,3,CTCTGTGTGAGTCTTCCACG,0,4997422
yjbJ_predicted,0.25,3,3,CTCTCTAATCCCCGGTCATA,0,5012990
yjbJ_predicted,0.25,3,3,CTCTCAGCGCGCCTCAACGA,0,5018156
yjbJ_predicted,0.25,3,3,CTCTACACAATAATAGCGAT,0,4998803
yjbJ_predicted,0.25,3,3,CTCGGCGTGGGCGGTTCGCG,0,4999551
yjbJ_predicted,0.25,3,3,CTCGGCGTATATAGATCTCA,0,5020091
yjbJ_predicted,0.25,3,3,CTCCGTTGGAGCCTCAAAAA,0,4995254
yjbJ_predicted,0.25,3,3,CTCCGCTTTTTCACCACCCA,0,4996844
yjbJ_predicted,0.25,3,3,CTCCGAATTCAGCGCGCCAT,0,5009216
yjbJ_predicted,0.25,3,3,CTCCCCTCTCAGGCTATACA,0,5003700
yjbJ_predicted,0.25,3,3,CTCCATACGTAATCCCGGCA,0,4995800
yjbJ_predicted,0.25,3,3,CTCATCGCGTGCAGTTCCGC,0,5015584
yjbJ_predicted,0.25,3,3,CTCAGCCGTAGCGTCATAAT,0,5023782
yjbJ_predicted,0.25,3,3,CTCACGCCAATCCAAGGGTC,0,4995463
yjbJ_predicted,0.25,3,3,CTCAACAAGTTTACGACTCT,0,5005273
yjbJ_predicted,0.25,3,3,CTATTGTTGTATGATGAAGC,0,5009975
yjbJ_predicted,0.25,3,3,CTATCCCAATCGATGAGTTT,0,4994954
yjbJ_predicted,0.25,3,3,CTATACGGAGGAGGGGTGCA,0,5013874
yjbJ_predicted,0.25,3,3,CTAGGTACCCTGGCCAGTGT,0,5000947
yjbJ_predicted,0.25,3,3,CTAGCACGCGGTCCACTTAT,0,5002177
yjbJ_predicted,0.25,3,3,CTAGAGAGCGGCTGGCATTT,0,5028532
yjbJ_predicted,0.25,3,3,CTAGACTCTTTGGAGGAAAG,0,5011578
yjbJ_predicted,0.25,3,3,CTACTTCCGCCCGTCGAGAG,0,4995598
yjbJ_predicted,0.25,3,3,CTACTCCGGTAGAAAAGAAA,0,4997456
yjbJ_predicted,0.25,3,3,CTACTAGGCTAAGCGCCATT,0,5021389
yjbJ_predicted,0.25,3,3,CTACCTCCAACCCCCCACCC,0,4996127
yjbJ_predicted,0.25,3,3,CTACCGCACTCTGGACTGTA,0,5019806
yjbJ_predicted,0.25,3,3,CTACAGATCCGTGTGCTAAC,0,5015350
yjbJ_predicted,0.25,3,3,CTACACTTTTTTGACTAGCA,0,5003766
yjbJ_predicted,0.25,3,3,CTAATGGGGGCTCGGCATCA,0,5013102
yjbJ_predicted,0.25,3,3,CTAAGCAAAGCTAACGGAAC,0,5014204
yjbJ_predicted,0.25,3,3,CTAACTCCTTGCCAACAACC,0,5016727
yjbJ_predicted,0.25,3,3,CTAAACCAAGAGGGCCGAAG,0,4996756
yjbJ_predicted,0.25,3,3,CGTTTTTCTTGATGAAATAC,0,5001371
yjbJ_predicted,0.25,3,3,CGTTGGAAAACCGAGGGATG,0,4999382
yjbJ_predicted,0.25,3,3,CGTTGAGTAAATCAACCCAA,0,5030162
yjbJ_predicted,0.25,3,3,CGTTCTGAGGATAGTATGTT,0,4998849
yjbJ_predicted,0.25,3,3,CGTTCGAACATTGGCGGACT,0,5027659
yjbJ_predicted,0.25,3,3,CGTTCATTACCGTGTAGGTG,0,5014227
yjbJ_predicted,0.25,3,3,CGTTACAGCGCGGACGCCCA,0,5023576
yjbJ_predicted,0.25,3,3,CGTGAATCCCCATAATATTC,0,5018382
yjbJ_predicted,0.25,3,3,CGTAGGGCGAAGTGTATAGG,0,4995977
yjbJ_predicted,0.25,3,3,CGTACGCGCCGGCCAAGATC,0,5014015
yjbJ_predicted,0.25,3,3,CGTACCCAATACTTTGCGCC,0,5008300
yjbJ_predicted,0.25,3,3,CGTAATCTATTGCAAACTAC,0,5007511
yjbJ_predicted,0.25,3,3,CGTAACAACCCGGGTAAAGA,0,5014242
yjbJ_predicted,0.25,3,3,CGGTTGCGCAACCTATCATT,0,5008510
yjbJ_predicted,0.25,3,3,CGGTTGAGGATATTGGGGAA,0,5018850
yjbJ_predicted,0.25,3,3,CGGTTCACGAATAATCGACA,0,5016133
yjbJ_predicted,0.25,3,3,CGGTGTCTCTCTTGGACCTG,0,5009121
yjbJ_predicted,0.25,3,3,CGGTATCATCAAATATCACT,0,5026809
yjbJ_predicted,0.25,3,3,CGGGTTCCATATGGTTGAGA,0,5014706
yjbJ_predicted,0.25,3,3,CGGGAGTTGAAAGAAGGAGA,0,5007246
yjbJ_predicted,0.25,3,3,CGGGACGAAGTGTAGAATCT,0,4996597
yjbJ_predicted,0.25,3,3,CGGCTGCTGCGGGATGAGGC,0,5011718
yjbJ_predicted,0.25,3,3,CGGCTATCTCAAGGGGGCGG,0,5005687
yjbJ_predicted,0.25,3,3,CGGCTAAGTGATTCAGCACC,0,5015851
yjbJ_predicted,0.25,3,3,CGGCGGACGAAACTCAGCGG,0,4999247
yjbJ_predicted,0.25,3,3,CGGCGAAGTTTTGTACGGGT,0,5004016
yjbJ_predicted,0.25,3,3,CGGATACGGCGCGGCCGGAG,0,5004052
yjbJ_predicted,0.25,3,3,CGGATAACTGTCCTCTAATT,0,5019019
yjbJ_predicted,0.25,3,3,CGGAACGCACCTACTCGGGA,0,5014989
yjbJ_predicted,0.25,3,3,CGCTGATGTCAATTAAAGGT,0,5015205
yjbJ_predicted,0.25,3,3,CGCTAGGAGCGGGTAAACGG,0,5013223
yjbJ_predicted,0.25,3,3,CGCTAATGTTCTAACCCGAC,0,5014265
yjbJ_predicted,0.25,3,3,CGCCTTTAATTTAGCGCGGG,0,5001481
yjbJ_predicted,0.25,3,3,CGCCGTAGATTAGAGAAATT,0,5012353
yjbJ_predicted,0.25,3,3,CGCCGATGCGCTATGTTAAT,0,5006798
yjbJ_predicted,0.25,3,3,CGCAGCGTTCACGCCTATGG,0,5023077
yjbJ_predicted,0.25,3,3,CGCAGAATGCCTCACCGGAC,0,5014433
yjbJ_predicted,0.25,3,3,CGCACTAACTTACCATGCGT,0,5017078
yjbJ_predicted,0.25,3,3,CGCAAGGCCAGACATCGACC,0,4995089
yjbJ_predicted,0.25,3,3,CGATTGTCACCCAGTGAGCT,0,5009452
yjbJ_predicted,0.25,3,3,CGATGGTCACCGGCTGCCTG,0,5007024
yjbJ_predicted,0.25,3,3,CGAGTGGGTGTACAAACTAC,0,5013219
yjbJ_predicted,0.25,3,3,CGACCCTTCTACAGTGTATT,0,5023132
yjbJ_predicted,0.25,3,3,CGACATTTAATCATACCAAC,0,5021297
yjbJ_predicted,0.25,3,3,CGAAGACGAATTAGCTAGAA,0,5024345
yjbJ_predicted,0.25,3,3,CGAACCCTCTACCCGAACCT,0,4998524
yjbJ_predicted,0.25,3,3,CGAACAAGGAACCGTGCGGG,0,5024530
yjbJ_predicted,0.25,3,3,CGAAAGCGCGGTCATGTATA,0,5008918
yjbJ_predicted,0.25,3,3,CCTTCTTAAGGGCTTACCTA,0,5019320
yjbJ_predicted,0.25,3,3,CCTTCGGCGATACACTCGAG,0,5030352
yjbJ_predicted,0.25,3,3,CCTTCCAAAATATTCTACAA,0,5005849
yjbJ_predicted,0.25,3,3,CCTTCATATATGAGCATCAT,0,5004609
yjbJ_predicted,0.25,3,3,CCTGTTCTGGCAACACGGGT,0,5003958
yjbJ_predicted,0.25,3,3,CCTGTGACGGGAAAGATTAC,0,5008222
yjbJ_predicted,0.25,3,3,CCTGATTCGATGGACGCAGT,0,5000124
yjbJ_predicted,0.25,3,3,CCTGATGGTTAGCAAAAATC,0,5010972
yjbJ_predicted,0.25,3,3,CCTGAAGATGCACATGGAGA,0,5022488
yjbJ_predicted,0.25,3,3,CCTCGCGTCTGTGATCAGTC,0,5003357
yjbJ_predicted,0.25,3,3,CCTATTCGGACAAACGCTCT,0,5002265
yjbJ_predicted,0.25,3,3,CCTAGGATAAGATAACTGTA,0,5014447
yjbJ_predicted,0.25,3,3,CCTACATTTGGGTTGCACAT,0,5026544
yjbJ_predicted,0.25,3,3,CCTAAGTCTTAACCTTATAC,0,4994872
yjbJ_predicted,0.25,3,3,CCGTGTACTGGGTACCGAGT,0,5026749
yjbJ_predicted,0.25,3,3,CCGTGGAACTATGAGAGTAC,0,5027201
yjbJ_predicted,0.25,3,3,CCGTGCCCTTCCCCTTGCGT,0,5012207
yjbJ_predicted,0.25,3,3,CCGTGAGATGTCGAATGACT,0,5006186
yjbJ_predicted,0.25,3,3,CCGTAACTACCGCTGGCTGT,0,5007931
yjbJ_predicted,0.25,3,3,CCGGGGTTCACTGTCCGCAG,0,4999027
yjbJ_predicted,0.25,3,3,CCGGGCATTCAGGTAGTGTC,0,4999484
yjbJ_predicted,0.25,3,3,CCGGGAAGGCGCCGAAGGAC,0,5022658
yjbJ_predicted,0.25,3,3,CCGGCGTGATATAGCCTGGT,0,5024961
yjbJ_predicted,0.25,3,3,CCGGAACGCATTTAACTTAT,0,5018002
yjbJ_predicted,0.25,3,3,CCGCTGCGTTAGGCTCTCAC,0,5025626
yjbJ_predicted,0.25,3,3,CCGCGGCGCTGTCTGGTAAT,0,5002479
yjbJ_predicted,0.25,3,3,CCGCAGCTGTTGAGCTGCGA,0,5019969
yjbJ_predicted,0.25,3,3,CCGCAAGACGCGCACGTCCC,0,5010121
yjbJ_predicted,0.25,3,3,CCGATTTCAGGGAGGCGCTG,0,4996487
yjbJ_predicted,0.25,3,3,CCGATTGAGCCAAGGATGAT,0,5026118
yjbJ_predicted,0.25,3,3,CCGATTCGTACATACATGAG,0,5023193
yjbJ_predicted,0.25,3,3,CCGAGTTGAGTGCAGCACTG,0,4995771
yjbJ_predicted,0.25,3,3,CCGACGGCACGCTCCGCATT,0,5019938
yjbJ_predicted,0.25,3,3,CCGAAAGCGTATAACGGAGG,0,5000512
yjbJ_predicted,0.25,3,3,CCCTGAATTGGGTCGGTTCA,0,5005129
yjbJ_predicted,0.25,3,3,CCCTCGATAGAATATGGAGA,0,5028079
yjbJ_predicted,0.25,3,3,CCCTCCAAAAACGGTTCATG,0,5014084
yjbJ_predicted,0.25,3,3,CCCGGCAAGGATGATGGTAC,0,5013293
yjbJ_predicted,0.25,3,3,CCCGACCAGCCGAATTTGGG,0,5013988
yjbJ_predicted,0.25,3,3,CCCCGAAGCATGAAATCGTG,0,5021142
yjbJ_predicted,0.25,3,3,CCCCCTGGACAACAGGGTGT,0,5031072
yjbJ_predicted,0.25,3,3,CCCCCTATAACGCGTGACTG,0,4996242
yjbJ_predicted,0.25,3,3,CCCCCAGGTGGCTGCAAGGA,0,5011172
yjbJ_predicted,0.25,3,3,CCCCCAACGTGGCTGGGCTC,0,5025264
yjbJ_predicted,0.25,3,3,CCCACAGAGCTTCTTAATTG,0,4996381
yjbJ_predicted,0.25,3,3,CCCAACGCTCATCGCACCGA,0,4997134
yjbJ_predicted,0.25,3,3,CCCAAATTTGGCCACTCGCG,0,5012882
yjbJ_predicted,0.25,3,3,CCATTCACATAGCATTACCG,0,5025521
yjbJ_predicted,0.25,3,3,CCATCGACTATGGCTGTGCC,0,5009382
yjbJ_predicted,0.25,3,3,CCATCAGTAAAATTACGAAC,0,5017866
yjbJ_predicted,0.25,3,3,CCATACGAAGTTTCCCATAC,0,5020458
yjbJ_predicted,0.25,3,3,CCATACAGATACATGATTGT,0,5013944
yjbJ_predicted,0.25,3,3,CCAGTCAGGGCGCATTTCAT,0,4995203
yjbJ_predicted,0.25,3,3,CCAGTCAGCCACTGCTATGT,0,4994960
yjbJ_predicted,0.25,3,3,CCAGTCAAGGAGGCGCGATA,0,5003897
yjbJ_predicted,0.25,3,3,CCACTACGGTGTGGGAAAAG,0,5012119
yjbJ_predicted,0.25,3,3,CCACGGTTGTGTCAGAGCGA,0,5006222
yjbJ_predicted,0.25,3,3,CCACCATGGAGTGATTGGAC,0,5012898
yjbJ_predicted,0.25,3,3,CCAAGGGCCAAGTCGCTCGC,0,5016451
yjbJ_predicted,0.25,3,3,CATTGGACGCGGCATTACTA,0,5010390
yjbJ_predicted,0.25,3,3,CATTGACGGACGCCAGAATC,0,5018332
yjbJ_predicted,0.25,3,3,CATTATTCGTGGAATGTCTC,0,5005632
yjbJ_predicted,0.25,3,3,CATTAGTGTTGATGCCTTTC,0,4997143
yjbJ_predicted,0.25,3,3,CATGTTGCCTGTCGAAAAAC,0,5003341
yjbJ_predicted,0.25,3,3,CATGTCGTGGGCCACCCCGT,0,5009352
yjbJ_predicted,0.25,3,3,CATGTCCCCACCCACCCCCG,0,5030210
yjbJ_predicted,0.25,3,3,CATGTCCCACTCCGGCGATC,0,5021900
yjbJ_predicted,0.25,3,3,CATGGGAGCGGTGGATACCG,0,5017066
yjbJ_predicted,0.25,3,3,CATGCTCGGGAGCTTCGGCT,0,5003748
yjbJ_predicted,0.25,3,3,CATGAGGGTGACGAGTTATC,0,5010611
yjbJ_predicted,0.25,3,3,CATGAGGCCGTACTGGGGGT,0,5011659
yjbJ_predicted,0.25,3,3,CATCGGGGCGAGAAGTTAAG,0,5021085
yjbJ_predicted,0.25,3,3,CATCGCCGAATGGCCCGCTC,0,4995333
yjbJ_predicted,0.25,3,3,CATATTTAGGATTGACAGAT,0,5020426
yjbJ_predicted,0.25,3,3,CATAGCGTCGTGTTTTTTTT,0,4999820
yjbJ_predicted,0.25,3,3,CATAGAGTGATGTGAACGAC,0,5009225
yjbJ_predicted,0.25,3,3,CATACTCACTAATACTGCAA,0,5021411
yjbJ_predicted,0.25,3,3,CATACCCCCCTTTTCTTGTA,0,5007083
yjbJ_predicted,0.25,3,3,CATACACTAGCGATATTATA,0,5025307
yjbJ_predicted,0.25,3,3,CAGTTGCAGGAAGGGTACAA,0,4999391
yjbJ_predicted,0.25,3,3,CAGTGATAAAGCGTCGAGGG,0,5026364
yjbJ_predicted,0.25,3,3,CAGGTAACACCCGCTGGGAA,0,5004790
yjbJ_predicted,0.25,3,3,CAGGACCTAAAGTAGTCCCC,0,5009565
yjbJ_predicted,0.25,3,3,CAGCGCGTATCCGGTCAAAA,0,5000237
yjbJ_predicted,0.25,3,3,CAGATGTGGTTTCGTCGCAA,0,5027764
yjbJ_predicted,0.25,3,3,CAGACTAAGTATAGCATGCT,0,5025670
yjbJ_predicted,0.25,3,3,CAGAATGCTTGTCTTCGTAC,0,5002784
yjbJ_predicted,0.25,3,3,CAGAAGTCAGACGTGGAGCA,0,5009963
yjbJ_predicted,0.25,3,3,CAGAAAATGTCGGCTTTCTT,0,5013919
yjbJ_predicted,0.25,3,3,CACTTAGTCGTATGTTCTAA,0,5001167
yjbJ_predicted,0.25,3,3,CACTTACTCGAGACTGCTGC,0,5003562
yjbJ_predicted,0.25,3,3,CACTTACGCTGTCTGGGTTG,0,5022611
yjbJ_predicted,0.25,3,3,CACTCATAATGTCTTCCGGG,0,5006137
yjbJ_predicted,0.25,3,3,CACTACGCAATGTCTAGAAT,0,5019863
yjbJ_predicted,0.25,3,3,CACGTCTTACATGTGCGAGT,0,5018720
yjbJ_predicted,0.25,3,3,CACCGTCTGATGACTATCAT,0,5002569
yjbJ_predicted,0.25,3,3,CACCCCCTACCCCATGGATG,0,5016027
yjbJ_predicted,0.25,3,3,CACCCATAACAAGCAACCCC,0,5003593
yjbJ_predicted,0.25,3,3,CACCCAAGGAGCCGCATCTT,0,5028423
yjbJ_predicted,0.25,3,3,CACCAGGCAAGACTGTCCAC,0,5014682
yjbJ_predicted,0.25,3,3,CACATCTGTCGCTAGCGAAT,0,5010434
yjbJ_predicted,0.25,3,3,CAATTGCGGTAATTCGACAT,0,4995489
yjbJ_predicted,0.25,3,3,CAATGATCGGCTCATGGCTA,0,4997916
yjbJ_predicted,0.25,3,3,CAATGAGAGGGCGTGTATCT,0,5001523
yjbJ_predicted,0.25,3,3,CAATAGTTCCCAAGCTAACT,0,5003488
yjbJ_predicted,0.25,3,3,CAAGTTTGGCGCCTTGCAAA,0,5018805
yjbJ_predicted,0.25,3,3,CAAGTGGCATGGCACGGCGA,0,5028007
yjbJ_predicted,0.25,3,3,CAAGTGACATGCTTCTCCGC,0,5024167
yjbJ_predicted,0.25,3,3,CAAGGGACCAATGAGACTCT,0,5017102
yjbJ_predicted,0.25,3,3,CAAGGCGTTAGCTAACACCT,0,5027582
yjbJ_predicted,0.25,3,3,CAACCTCTCAAGAAGATTTA,0,5012755
yjbJ_predicted,0.25,3,3,CAAATTCGTGCTCGAGGTCC,0,4999312
yjbJ_predicted,0.25,3,3,CAAATAGCGATTTGCTGGAG,0,5004455
yjbJ_predicted,0.25,3,3,CAAACCGAACATCAAAATGG,0,4996262
yjbJ_predicted,0.25,3,3,CAAAAATGCTGTCCCGACGC,0,5005606
yjbJ_predicted,0.25,3,3,ATTTTGGGTGCAGAGGCCGG,0,5030918
yjbJ_predicted,0.25,3,3,ATTTCTCGGAACAAAACATT,0,5027011
yjbJ_predicted,0.25,3,3,ATTTCCCAGGAGCCCGGCGC,0,5016269
yjbJ_predicted,0.25,3,3,ATTGTGTTGGCACCCCGCTG,0,5012860
yjbJ_predicted,0.25,3,3,ATTGTGTGAAGCAAGGAAAC,0,5022017
yjbJ_predicted,0.25,3,3,ATTGTGATTTTAGACTCCGC,0,4997830
yjbJ_predicted,0.25,3,3,ATTGTCTCAATCGGTGGTGT,0,5014817
yjbJ_predicted,0.25,3,3,ATTGGTGGTGGACAACTTCG,0,5026274
yjbJ_predicted,0.25,3,3,ATTCTCGACTGCGATGCTTG,0,4997389
yjbJ_predicted,0.25,3,3,ATTCGTGCCACAATAATGTT,0,5024610
yjbJ_predicted,0.25,3,3,ATTCGGTCTGGTCATTCCGC,0,5029968
yjbJ_predicted,0.25,3,3,ATTCCTCAAGACATGCGACG,0,5017730
yjbJ_predicted,0.25,3,3,ATTCACGCGCCAGAGGATCA,0,4996176
yjbJ_predicted,0.25,3,3,ATTATGGCCTAACCGCGATC,0,5021536
yjbJ_predicted,0.25,3,3,ATTAGAGGAACGTCTGCCCT,0,5014511
yjbJ_predicted,0.25,3,3,ATTACTATCTAGGACATTCA,0,5016409
yjbJ_predicted,0.25,3,3,ATTAATCCAGACTGACTTTG,0,5026510
yjbJ_predicted,0.25,3,3,ATGTCTGGGGTGCCCATCCT,0,5009805
yjbJ_predicted,0.25,3,3,ATGTCGTCCGTGTGCAGGAG,0,4997324
yjbJ_predicted,0.25,3,3,ATGGTTTCCGTCACACTTGC,0,5001903
yjbJ_predicted,0.25,3,3,ATGGGTTTCTAAGCCTCAAC,0,5015699
yjbJ_predicted,0.25,3,3,ATGGGGGAAGTCGGCGGAGC,0,5018884
yjbJ_predicted,0.25,3,3,ATGGCCAACAAACCCGTCTC,0,5020559
yjbJ_predicted,0.25,3,3,ATGGCATGTAAGCATGTCCA,0,5009110
yjbJ_predicted,0.25,3,3,ATGGAATCGATCGCAAGGGG,0,5024966
yjbJ_predicted,0.25,3,3,ATGCGGTCGGTCCCCGGAGG,0,5006036
yjbJ_predicted,0.25,3,3,ATGCAACGTGGCAGTCCTCA,0,5001322
yjbJ_predicted,0.25,3,3,ATGATTACGACAGATCTGGT,0,4997258
yjbJ_predicted,0.25,3,3,ATGAGGAAATTGGGGACTCT,0,4997868
yjbJ_predicted,0.25,3,3,ATGACAGGGAACCTCGACTA,0,5007406
yjbJ_predicted,0.25,3,3,ATGAAAAGGGGGTGAATACG,0,5008807
yjbJ_predicted,0.25,3,3,ATCTTTCGACTCATTCGCAT,0,5027490
yjbJ_predicted,0.25,3,3,ATCTGCGGTAACCACCCATT,0,5024542
yjbJ_predicted,0.25,3,3,ATCTCTATCAGCTGATTCAC,0,5025067
yjbJ_predicted,0.25,3,3,ATCTCAGTTTCGCTAATCAT,0,5007594
yjbJ_predicted,0.25,3,3,ATCGCTTGATTCGCGCAAAC,0,5009381
yjbJ_predicted,0.25,3,3,ATCGCTAGGTACTATGGGCC,0,4997984
yjbJ_predicted,0.25,3,3,ATCCCTCTACCGAATTCCGG,0,5014095
yjbJ_predicted,0.25,3,3,ATCCCCTTGAGGAAGAGTGC,0,5030499
yjbJ_predicted,0.25,3,3,ATCCAATGAGAGCAACAAAC,0,5030004
yjbJ_predicted,0.25,3,3,ATCACGGGTGACCATCAGGC,0,5031114
yjbJ_predicted,0.25,3,3,ATCACCCACGTGTGATCTGA,0,5013496
yjbJ_predicted,0.25,3,3,ATCAATGTATATAAGGTTCA,0,5015649
yjbJ_predicted,0.25,3,3,ATCAAAGACCCCGAAAACCC,0,5015409
yjbJ_predicted,0.25,3,3,ATATTTCTGTGGCCTGACTG,0,4995382
yjbJ_predicted,0.25,3,3,ATATTGAGGTGTCGTATTAC,0,5015148
yjbJ_predicted,0.25,3,3,ATATTGACGGCCAATTACAA,0,5028787
yjbJ_predicted,0.25,3,3,ATATTACACAGTACTGTCTG,0,5005460
yjbJ_predicted,0.25,3,3,ATATGCCACTCCCTCCCTAC,0,5030335
yjbJ_predicted,0.25,3,3,ATATGACCTGGCTCGGACGA,0,5002421
yjbJ_predicted,0.25,3,3,ATATCAGGTCTTTTGATATG,0,5003927
yjbJ_predicted,0.25,3,3,ATATATGTCGATTTAGATTG,0,5018281
yjbJ_predicted,0.25,3,3,ATATACGCACAGAAGATATA,0,5019246
yjbJ_predicted,0.25,3,3,ATAGGTTAAATCCCGGATAA,0,5010165
yjbJ_predicted,0.25,3,3,ATAGGAGGAGTTAGATAATA,0,5029564
yjbJ_predicted,0.25,3,3,ATAGCTGAGTACATCCACGG,0,5002677
yjbJ_predicted,0.25,3,3,ATAGCGATCGGTATTAAGTA,0,5004280
yjbJ_predicted,0.25,3,3,ATAGCCTTATGGTTCAAACA,0,5003280
yjbJ_predicted,0.25,3,3,ATAGATGGATACTGAGACGG,0,4994895
yjbJ_predicted,0.25,3,3,ATAGATCAGCTAATCAATAA,0,5021302
yjbJ_predicted,0.25,3,3,ATACTAGGGCGCCGCATTAA,0,5004345
yjbJ_predicted,0.25,3,3,ATACGGCTGCACGGGTACTG,0,5005842
yjbJ_predicted,0.25,3,3,ATACGGACCCCCGTCCGAGG,0,5009335
yjbJ_predicted,0.25,3,3,ATACATTGACGGTCCTGATC,0,5012433
yjbJ_predicted,0.25,3,3,ATAAGCCTTTGTCTCGTTGA,0,5021884
yjbJ_predicted,0.25,3,3,ATAACGTACATGGCATAGAG,0,5027015
yjbJ_predicted,0.25,3,3,ATAACCGCGATCGGCTTAAC,0,5013809
yjbJ_predicted,0.25,3,3,AGTTGATGAGCGTAGTTGCT,0,5008871
yjbJ_predicted,0.25,3,3,AGTGCTCAACTGGCCCCGCA,0,5003032
yjbJ_predicted,0.25,3,3,AGTGACAGAAAAAGTGCATG,0,5007334
yjbJ_predicted,0.25,3,3,AGTGACACTGTTTTGTTCTG,0,4996603
yjbJ_predicted,0.25,3,3,AGTCTTTATTTAGGCGCAGC,0,5013677
yjbJ_predicted,0.25,3,3,AGTCTGCTCTGTCGCTCGTG,0,4997905
yjbJ_predicted,0.25,3,3,AGTCGTCCAACGACCTCTGG,0,5027660
yjbJ_predicted,0.25,3,3,AGTCCGTTCAAACAACGGTT,0,4995678
yjbJ_predicted,0.25,3,3,AGTCCATCCAACAGCGGGTT,0,5000035
yjbJ_predicted,0.25,3,3,AGTCAGCTACCACTCTAAAA,0,4996951
yjbJ_predicted,0.25,3,3,AGTCAGCCGCGCGCCCATTT,0,5009355
yjbJ_predicted,0.25,3,3,AGTCAATCTACGTGACTGTG,0,5026898
yjbJ_predicted,0.25,3,3,AGTACCTCTCTTGCGAGAGA,0,5008037
yjbJ_predicted,0.25,3,3,AGTACAATTATACGATCGTA,0,4999029
yjbJ_predicted,0.25,3,3,AGTAATCTCAGGAAGCCAGG,0,5006358
yjbJ_predicted,0.25,3,3,AGGTTCTACGCTTGGACAAC,0,5001868
yjbJ_predicted,0.25,3,3,AGGTTCGTCACTGTCCCCGT,0,5019025
yjbJ_predicted,0.25,3,3,AGGTGAGGTTAGGCCATGAT,0,5029547
yjbJ_predicted,0.25,3,3,AGGTAGGCTGATGGGATATT,0,5005801
yjbJ_predicted,0.25,3,3,AGGTAGATACCGCTATTTTT,0,5012368
yjbJ_predicted,0.25,3,3,AGGGTGCTCGGTAATATCTG,0,5027790
yjbJ_predicted,0.25,3,3,AGGGTCGGCTAGCATCAGGG,0,5025883
yjbJ_predicted,0.25,3,3,AGGGGTTACTGGCACCTTAC,0,5017361
yjbJ_predicted,0.25,3,3,AGGGGGAGTATGGACTCGAC,0,5013467
yjbJ_predicted,0.25,3,3,AGGGCTCAGTGCTTATGGTT,0,5011686
yjbJ_predicted,0.25,3,3,AGGGAATGCTTTGCCACAGT,0,5020534
yjbJ_predicted,0.25,3,3,AGGCTTCACGCCCCAATATG,0,5000141
yjbJ_predicted,0.25,3,3,AGGCGGTGGCGGTGGAGAAC,0,5009628
yjbJ_predicted,0.25,3,3,AGGCGCAATGTGTCTCTGTC,0,5019777
yjbJ_predicted,0.25,3,3,AGGCCTTTCTTATCATATTA,0,5007826
yjbJ_predicted,0.25,3,3,AGGATGTCGGAGAACATTAT,0,5007151
yjbJ_predicted,0.25,3,3,AGGATCTTGCTCATCAACGT,0,5024678
yjbJ_predicted,0.25,3,3,AGGACCCTACAAGGACTATC,0,5020661
yjbJ_predicted,0.25,3,3,AGGACAAAAGACTGTTCTAG,0,5014504
yjbJ_predicted,0.25,3,3,AGCTGGGGGTTATACGTAAC,0,5008687
yjbJ_predicted,0.25,3,3,AGCTACGCACCCATCTGGGG,0,5022049
yjbJ_predicted,0.25,3,3,AGCTAACAATTGTTCGGGAC,0,5011355
yjbJ_predicted,0.25,3,3,AGCGCTAAGGCGATTTGTGT,0,4999927
yjbJ_predicted,0.25,3,3,AGCGAAGCGTCTCGTGCTCT,0,5010787
yjbJ_predicted,0.25,3,3,AGCCGTTAGGGTCGTTTTAT,0,5022726
yjbJ_predicted,0.25,3,3,AGCCGCACCAAACTAACGCA,0,5001408
yjbJ_predicted,0.25,3,3,AGCCGAAGCCAATTACTGTG,0,5023448
yjbJ_predicted,0.25,3,3,AGCCCCTAACTTGTCCATGA,0,4995556
yjbJ_predicted,0.25,3,3,AGCATACGTTCCTACAGGCG,0,5031158
yjbJ_predicted,0.25,3,3,AGCATAATTAGGGTAGAGAG,0,5010866
yjbJ_predicted,0.25,3,3,AGCACCACTCTCATTATCCG,0,5027979
yjbJ_predicted,0.25,3,3,AGCAATTCGAGTTGGTAATG,0,5008403
yjbJ_predicted,0.25,3,3,AGCAATGAAAATTCGAGAGC,0,5018067
yjbJ_predicted,0.25,3,3,AGATTCCTCTCACGAATGCT,0,5008891
yjbJ_predicted,0.25,3,3,AGATGCCACATGGATATCAC,0,5020383
yjbJ_predicted,0.25,3,3,AGATAACTAACAGGCTCTGT,0,4997009
yjbJ_predicted,0.25,3,3,AGAGGCTAGATTTCGTGTGA,0,4998274
yjbJ_predicted,0.25,3,3,AGAGGCACGCCATTCGCGGC,0,5000170
yjbJ_predicted,0.25,3,3,AGAGCGGCTACCACGCGGAT,0,5021878
yjbJ_predicted,0.25,3,3,AGACATTGTATTTTGAATAA,0,4999153
yjbJ_predicted,0.25,3,3,AGACATTCTCGCGCCCGAAC,0,5012998
yjbJ_predicted,0.25,3,3,AGAATGGGGGTACTCCACTG,0,5005113
yjbJ_predicted,0.25,3,3,AGAATGGCTCAGCCAGCCCA,0,5028578
yjbJ_predicted,0.25,3,3,AGAATCGGATTAAACTTTAT,0,5013236
yjbJ_predicted,0.25,3,3,AGAAGGTTTCTATCCGAAAA,0,5013463
yjbJ_predicted,0.25,3,3,AGAACAGGGAAAAAGTATGT,0,5026230
yjbJ_predicted,0.25,3,3,AGAAACTTCTGTCGTCATAT,0,5026899
yjbJ_predicted,0.25,3,3,AGAAACAGCGTCCGACCGGG,0,5015279
yjbJ_predicted,0.25,3,3,ACTTGTTGGGCTGTATGAAT,0,5023079
yjbJ_predicted,0.25,3,3,ACTTCTTTTGTCAGTAGATC,0,5006952
yjbJ_predicted,0.25,3,3,ACTGTTAGAATGGTAGATTA,0,5017464
yjbJ_predicted,0.25,3,3,ACTGTGTTTATATGGCGGGG,0,5018298
yjbJ_predicted,0.25,3,3,ACTGACTTAGCGTGACATAC,0,5023708
yjbJ_predicted,0.25,3,3,ACTCACCCCAGTGTCCTTAC,0,5000828
yjbJ_predicted,0.25,3,3,ACTATTTTTTAGGCGATTAT,0,5024564
yjbJ_predicted,0.25,3,3,ACTATCGTCCGGGGTCATGT,0,5024535
yjbJ_predicted,0.25,3,3,ACTAATTGATCCGGGTTAAG,0,5006248
yjbJ_predicted,0.25,3,3,ACGTTTTCGGAGGCACGGTC,0,5023160
yjbJ_predicted,0.25,3,3,ACGTGGCAGCCGTAATGGCC,0,5010860
yjbJ_predicted,0.25,3,3,ACGTGAGTCTCGAAAAAGTC,0,5022778
yjbJ_predicted,0.25,3,3,ACGTCTTCAACTGGGCCGGA,0,5001309
yjbJ_predicted,0.25,3,3,ACGTCATATTGACCCTCAAA,0,5001381
yjbJ_predicted,0.25,3,3,ACGTAGTGGTCGGGAACTCC,0,5023341
yjbJ_predicted,0.25,3,3,ACGTAACGAATACTGTTGGA,0,5025599
yjbJ_predicted,0.25,3,3,ACGGTTTCGGGCAGTGAATG,0,5004219
yjbJ_predicted,0.25,3,3,ACGCGGACGTCGGGAAGTTG,0,5006749
yjbJ_predicted,0.25,3,3,ACGCCTTCTTAATTTACAAA,0,5019560
yjbJ_predicted,0.25,3,3,ACGCCTCAAGCGGTGTAATC,0,5017815
yjbJ_predicted,0.25,3,3,ACGCAAATGGCGATTCCCGA,0,5020725
yjbJ_predicted,0.25,3,3,ACGAATGTCCCAATGAGCAG,0,5008039
yjbJ_predicted,0.25,3,3,ACCTTCAGCTCAATTCTTAA,0,5007861
yjbJ_predicted,0.25,3,3,ACCTGGTTCAGGCGAGCGCT,0,5018860
yjbJ_predicted,0.25,3,3,ACCTCTGGTGGCCTCGGAGA,0,5011004
yjbJ_predicted,0.25,3,3,ACCTCGCGGCGATCTGGATC,0,5023685
yjbJ_predicted,0.25,3,3,ACCTAAACTTTAGTCTAGGG,0,5009839
yjbJ_predicted,0.25,3,3,ACCGGTTTAGTACTCAGGAG,0,5015783
yjbJ_predicted,0.25,3,3,ACCGCAAATATCACGTGTAA,0,4996086
yjbJ_predicted,0.25,3,3,ACCCTGTAGAGAAGTGTGGA,0,5005985
yjbJ_predicted,0.25,3,3,ACCCTGCACTATTCTCTTTC,0,5005928
yjbJ_predicted,0.25,3,3,ACCCTGCACACGAGAGCGCA,0,4997552
yjbJ_predicted,0.25,3,3,ACCCCGGCGGTTCACCTGGT,0,5014678
yjbJ_predicted,0.25,3,3,ACCCCCTTCGATCCTAGCCT,0,4998019
yjbJ_predicted,0.25,3,3,ACCATTCTCCAGAATCCGTT,0,5009258
yjbJ_predicted,0.25,3,3,ACCATGCGTTAGACGGAATG,0,5027255
yjbJ_predicted,0.25,3,3,ACCATGCGTAAAGGTTCAAG,0,4999569
yjbJ_predicted,0.25,3,3,ACCATATGTATCCAGTCAAT,0,5012874
yjbJ_predicted,0.25,3,3,ACCACTGCGGTGGTTAGATC,0,5021773
yjbJ_predicted,0.25,3,3,ACCACCCTCCTAGGCTGGTT,0,5027452
yjbJ_predicted,0.25,3,3,ACCAAAAACTGGCGGCACGA,0,5019711
yjbJ_predicted,0.25,3,3,ACATCAGGAGAGGCACTGTC,0,5020227
yjbJ_predicted,0.25,3,3,ACATATATAAGAATCCAACC,0,5025956
yjbJ_predicted,0.25,3,3,ACATAGCACGTAGGCGAGGC,0,5017249
yjbJ_predicted,0.25,3,3,ACAGTAGGGCGTTGTCTTAT,0,4995259
yjbJ_predicted,0.25,3,3,ACAGCAGTATCCACGGGAAA,0,5026590
yjbJ_predicted,0.25,3,3,ACAGAGGGCTGCGAATGAGG,0,5020859
yjbJ_predicted,0.25,3,3,ACACTGGACACGCAGTGGTT,0,5027589
yjbJ_predicted,0.25,3,3,ACACGTGCTCAGTTTCGCAG,0,5029153
yjbJ_predicted,0.25,3,3,ACACGAGTGACTCGGTTATC,0,5013130
yjbJ_predicted,0.25,3,3,ACACCCGGCATTATGTACCT,0,5015947
yjbJ_predicted,0.25,3,3,ACAATTCCGAAGCAGCTGTA,0,5030747
yjbJ_predicted,0.25,3,3,ACAATGTAGCAATCCGCCCT,0,5001395
yjbJ_predicted,0.25,3,3,ACAAGGATGTATACCGCCGT,0,5021554
yjbJ_predicted,0.25,3,3,ACAACGCTATCTCATAATGC,0,5002019
yjbJ_predicted,0.25,3,3,ACAACAGTGAGGAACATGAC,0,5023787
yjbJ_predicted,0.25,3,3,ACAACACATCTACGAACAGA,0,4995856
yjbJ_predicted,0.25,3,3,ACAAACTGGACAGAGGCCCA,0,5009830
yjbJ_predicted,0.25,3,3,AATTTGGCGGTATTCCGAAT,0,5002254
yjbJ_predicted,0.25,3,3,AATTTATAATATAAGTTAAC,0,5022194
yjbJ_predicted,0.25,3,3,AATTTAGGGTCGTTTCGCAT,0,5028170
yjbJ_predicted,0.25,3,3,AATTGTGAGTTCACGCGCGG,0,5020146
yjbJ_predicted,0.25,3,3,AATTCGATCTGAATCCGCTC,0,5000548
yjbJ_predicted,0.25,3,3,AATTAGGAGTCGTCGTGGCA,0,5020316
yjbJ_predicted,0.25,3,3,AATGTTTCCGTTCTATCGAT,0,5003918
yjbJ_predicted,0.25,3,3,AATGGTTATTGTGCAATACT,0,5009863
yjbJ_predicted,0.25,3,3,AATGGGGCTCCGCCCGATTT,0,5019438
yjbJ_predicted,0.25,3,3,AATGCGCGGCTGAGATCGGT,0,5016277
yjbJ_predicted,0.25,3,3,AATGCCAAACGTCGGATAGT,0,5028612
yjbJ_predicted,0.25,3,3,AATCACTTCAGCGTCACGCT,0,5025749
yjbJ_predicted,0.25,3,3,AATATAAAACGGTGTCATTA,0,5022060
yjbJ_predicted,0.25,3,3,AAGTGGATGCAGAACACAAC,0,5009923
yjbJ_predicted,0.25,3,3,AAGTGCTTGAAGTGCAACCT,0,5001697
yjbJ_predicted,0.25,3,3,AAGTCCGTAGAGGCCCCAAT,0,4996654
yjbJ_predicted,0.25,3,3,AAGTCACAGGTTCGTAGAGG,0,5007139
yjbJ_predicted,0.25,3,3,AAGGTGGCATCTACTTTCAC,0,5020284
yjbJ_predicted,0.25,3,3,AAGGGTACATTCGGCTCCGA,0,5007407
yjbJ_predicted,0.25,3,3,AAGGCTTTCCCAATTTCCCT,0,5005092
yjbJ_predicted,0.25,3,3,AAGGCGACTTGATATTAGAG,0,4998025
yjbJ_predicted,0.25,3,3,AAGGACATTTAAATCGAAAA,0,5011398
yjbJ_predicted,0.25,3,3,AAGGAAAGCCCCGCCGGGCT,0,5016249
yjbJ_predicted,0.25,3,3,AAGCTGGCGCATCGGGCGTT,0,5026826
yjbJ_predicted,0.25,3,3,AAGCCAAATTCGCAGTACGT,0,5023326
yjbJ_predicted,0.25,3,3,AAGACAGACGGTGCAGGGTT,0,5022601
yjbJ_predicted,0.25,3,3,AACTTGCGGGGTTACGGCTC,0,5021617
yjbJ_predicted,0.25,3,3,AACTTCGATTGATTCATGAT,0,5007106
yjbJ_predicted,0.25,3,3,AACTCATTCAATTGCACGGA,0,5013822
yjbJ_predicted,0.25,3,3,AACTCACTGGGTGGTTTGCC,0,5019580
yjbJ_predicted,0.25,3,3,AACGGTGCCATGCCGTCCAA,0,5008875
yjbJ_predicted,0.25,3,3,AACGGACGAGGGCCACGATA,0,5023303
yjbJ_predicted,0.25,3,3,AACGAGATCTAACAAACCAT,0,5030037
yjbJ_predicted,0.25,3,3,AACCTTGGGCTAAGGTTAGA,0,5007293
yjbJ_predicted,0.25,3,3,AACCTTATACAGTAGAGATC,0,5004297
yjbJ_predicted,0.25,3,3,AACCTCTTCAAAAGCTTGGT,0,5023740
yjbJ_predicted,0.25,3,3,AACCTCGTAATGAACGTGGT,0,4996067
yjbJ_predicted,0.25,3,3,AACCAAACTGCATCACTTGC,0,5029386
yjbJ_predicted,0.25,3,3,AACATGACGCGCGGTTGTGG,0,5002802
yjbJ_predicted,0.25,3,3,AACAGGTTAATTGCCCTATA,0,5002283
yjbJ_predicted,0.25,3,3,AACAATCGTCCTCAATCGGC,0,5006972
yjbJ_predicted,0.25,3,3,AAATTCCTCATGCGCACACC,0,4996219
yjbJ_predicted,0.25,3,3,AAATCGAACTATTCACAATC,0,5019682
yjbJ_predicted,0.25,3,3,AAATACCAACTCCATTGGTA,0,4998602
yjbJ_predicted,0.25,3,3,AAAGTCCCGACAACTCTCGC,0,5011795
yjbJ_predicted,0.25,3,3,AAAGGCTGGAGAGTTGTTCT,0,5025113
yjbJ_predicted,0.25,3,3,AAAGGAGGATTGTGCAAATG,0,5026532
yjbJ_predicted,0.25,3,3,AAAGCGCGCACCTTGTTATG,0,5000666
yjbJ_predicted,0.25,3,3,AAAGAATAATTCAAGGGGGT,0,5026142
yjbJ_predicted,0.25,3,3,AAACCCGATCGAGATTTCCA,0,5013618
yjbJ_predicted,0.25,3,3,AAACCCCAGGTATGCGTATT,0,5005688
yjbJ_predicted,0.25,3,3,AAAATGACGAAATCACGTTT,0,5004218
yjbJ_predicted,0.25,3,3,AAAACGTTCTTCGTAGGAGC,0,5022399
yjbJ_predicted,0.25,3,3,AAAAAGGTTAGTAGACACTA,0,5007087
yjbJ_predicted,0.25,3,3,AAAAAGCGTTTTTGGACAAA,0,5018616
yjbJ_predicted,0.25,3,3,AAAAAAGGGTGCATTAACTG,0,5012132
yjbJ_predicted,0.3333333333333333,2,2,TTTTTTAGCGACATCTTAGA,0,5000047
yjbJ_predicted,0.3333333333333333,2,2,TTTTTCTTAGACGGAGGCTG,0,5007107
yjbJ_predicted,0.3333333333333333,2,2,TTTTGATCCACATCGCTTTT,0,5027056
yjbJ_predicted,0.3333333333333333,2,2,TTTTCTCTTGCCGCTTTTCA,0,5019538
yjbJ_predicted,0.3333333333333333,2,2,TTTTATGGGACCCTACCGAT,0,5030816
yjbJ_predicted,0.3333333333333333,2,2,TTTGTTGCTTGTTGTCCTGA,0,5001241
yjbJ_predicted,0.3333333333333333,2,2,TTTGATTTTCCCGATCGGAT,0,5002941
yjbJ_predicted,0.3333333333333333,2,2,TTTCGGAAGAAAGGATATTC,0,4996421
yjbJ_predicted,0.3333333333333333,2,2,TTTCGCTGATTTCCCTCTTT,0,5002702
yjbJ_predicted,0.3333333333333333,2,2,TTTCGCCTTGTCAGAGTCAT,0,5026803
yjbJ_predicted,0.3333333333333333,2,2,TTTCCCTTTCGTAAGTACGG,0,5006779
yjbJ_predicted,0.3333333333333333,2,2,TTTCAGAACGGCTAGGATGA,0,5009115
yjbJ_predicted,0.3333333333333333,2,2,TTTCAATTAGTTTTTACGCT,0,5012586
yjbJ_predicted,0.3333333333333333,2,2,TTTAGTGACCGATGCCGAAA,0,5012342
yjbJ_predicted,0.3333333333333333,2,2,TTTAACTAAGATTCCTTCTA,0,5008127
yjbJ_predicted,0.3333333333333333,2,2,TTGTAATCGTCTTAACTTCT,0,5030182
yjbJ_predicted,0.3333333333333333,2,2,TTGGTCTTACAAGGCGTGCC,0,5022135
yjbJ_predicted,0.3333333333333333,2,2,TTGGGCCCTGAATGTAAAAA,0,4996546
yjbJ_predicted,0.3333333333333333,2,2,TTGGGACTCAGCGTACAAAT,0,5008879
yjbJ_predicted,0.3333333333333333,2,2,TTGGCGGTTACCCTGGTAGG,0,5024015
yjbJ_predicted,0.3333333333333333,2,2,TTGGCCGCAGTGTAAGTTAA,0,5008474
yjbJ_predicted,0.3333333333333333,2,2,TTGGAGATTAAGTCTGCAAG,0,5015535
yjbJ_predicted,0.3333333333333333,2,2,TTGCGGGCGCCGTGCGTCAG,0,4999851
yjbJ_predicted,0.3333333333333333,2,2,TTGCGCCATTAGCAATTTAC,0,5009227
yjbJ_predicted,0.3333333333333333,2,2,TTGCCGGCAGTTATCATGAT,0,5015797
yjbJ_predicted,0.3333333333333333,2,2,TTGCATAGCGTACACGAGCA,0,5027966
yjbJ_predicted,0.3333333333333333,2,2,TTGAGTGTCAGCTATTCCTA,0,5014569
yjbJ_predicted,0.3333333333333333,2,2,TTGAGTCTCCGTGCCGGGAT,0,4994739
yjbJ_predicted,0.3333333333333333,2,2,TTGAGCATCTAAACAACGCA,0,5017871
yjbJ_predicted,0.3333333333333333,2,2,TTGACGCAGGCATTACCCTC,0,5002309
yjbJ_predicted,0.3333333333333333,2,2,TTCTATTTCGCGGTGCGGCA,0,5027875
yjbJ_predicted,0.3333333333333333,2,2,TTCTAGCAAGACGTCTGATG,0,5001936
yjbJ_predicted,0.3333333333333333,2,2,TTCTACAACTCGCTAGCTAT,0,5018239
yjbJ_predicted,0.3333333333333333,2,2,TTCGTCTATGCCCCGCCATG,0,5002179
yjbJ_predicted,0.3333333333333333,2,2,TTCGAAAGTGGGGTACGTTT,0,5023457
yjbJ_predicted,0.3333333333333333,2,2,TTCCATGTAGCAGCTTGTGC,0,5030369
yjbJ_predicted,0.3333333333333333,2,2,TTCCATATCGGATAAGCAGC,0,5011750
yjbJ_predicted,0.3333333333333333,2,2,TTCATTCTCCAGTAGGTCTC,0,5030293
yjbJ_predicted,0.3333333333333333,2,2,TTCATTACCGTTGGTGAGTA,0,5028288
yjbJ_predicted,0.3333333333333333,2,2,TTCAGATTGAACTTTCGCGC,0,5015768
yjbJ_predicted,0.3333333333333333,2,2,TTCACCGCGTGAATCGCAGA,0,5030871
yjbJ_predicted,0.3333333333333333,2,2,TTCACACTATAGACTCAAGT,0,5001966
yjbJ_predicted,0.3333333333333333,2,2,TTCAATTACAACAAGGCTTG,0,4995919
yjbJ_predicted,0.3333333333333333,2,2,TTATGGCTATCTTGTTAGAA,0,5025487
yjbJ_predicted,0.3333333333333333,2,2,TTATGCCAACTCAAAGCGAT,0,5023437
yjbJ_predicted,0.3333333333333333,2,2,TTATCCTCCGTAAAGTCAGT,0,5007849
yjbJ_predicted,0.3333333333333333,2,2,TTATCCACCGAGGCGTCGGC,0,5019926
yjbJ_predicted,0.3333333333333333,2,2,TTATATGCCAGGGGGGTTGC,0,5014212
yjbJ_predicted,0.3333333333333333,2,2,TTATAGGGGTCTAATAAATG,0,5021609
yjbJ_predicted,0.3333333333333333,2,2,TTAGTCACGGTTCTCTGATC,0,5021041
yjbJ_predicted,0.3333333333333333,2,2,TTAGTACCGGACATCAGCCT,0,5000875
yjbJ_predicted,0.3333333333333333,2,2,TTAGTAAGTGTCAGCCGAAG,0,5030680
yjbJ_predicted,0.3333333333333333,2,2,TTAGCCCGTCCACGATGAAA,0,4998092
yjbJ_predicted,0.3333333333333333,2,2,TTAGCCACTACGCTACCCCC,0,4998346
yjbJ_predicted,0.3333333333333333,2,2,TTAGCAACCAAGAGTACGTA,0,5019830
yjbJ_predicted,0.3333333333333333,2,2,TTAGACTTTGTAGGGGAAAA,0,5022084
yjbJ_predicted,0.3333333333333333,2,2,TTACTTGACAGGGTAGGGGT,0,5012533
yjbJ_predicted,0.3333333333333333,2,2,TTACAAGGATGCCTAACTAT,0,5020580
yjbJ_predicted,0.3333333333333333,2,2,TTAATAAGCCTTGTGCGGCT,0,5003083
yjbJ_predicted,0.3333333333333333,2,2,TTAAGTTTCCCACCGCGGGT,0,4994718
yjbJ_predicted,0.3333333333333333,2,2,TTAAGTGCAATTACACGGCC,0,5007595
yjbJ_predicted,0.3333333333333333,2,2,TTAACCTGCGGGTGGTGTAT,0,5018825
yjbJ_predicted,0.3333333333333333,2,2,TTAACCGCGAGGGGCGCTAG,0,5017938
yjbJ_predicted,0.3333333333333333,2,2,TTAAATAGGTCAACTTTAGG,0,4995196
yjbJ_predicted,0.3333333333333333,2,2,TTAAATACTTTCTCGGCATA,0,5026098
yjbJ_predicted,0.3333333333333333,2,2,TTAAAATTAATGCGCGTGTC,0,5023653
yjbJ_predicted,0.3333333333333333,2,2,TGTTTGATCTTCAAAGAGCA,0,5006988
yjbJ_predicted,0.3333333333333333,2,2,TGTTTGAGAAGAATCAGAGT,0,5017658
yjbJ_predicted,0.3333333333333333,2,2,TGTTTAGCGGCGATAGTTTC,0,5020270
yjbJ_predicted,0.3333333333333333,2,2,TGTTTAGATAAGACGGCAGT,0,5027766
yjbJ_predicted,0.3333333333333333,2,2,TGTTTAAGTAGGCGCCCTCG,0,5030562
yjbJ_predicted,0.3333333333333333,2,2,TGTTGGTATGGTGGTCCGCA,0,5017781
yjbJ_predicted,0.3333333333333333,2,2,TGTTGGACCGAAACGCGGCG,0,4997755
yjbJ_predicted,0.3333333333333333,2,2,TGTTACGAAATCTTGTAGCA,0,4995785
yjbJ_predicted,0.3333333333333333,2,2,TGTGGGGGACATGCGGCCCG,0,5029767
yjbJ_predicted,0.3333333333333333,2,2,TGTCTTGAGTGGCATGGTTA,0,5016914
yjbJ_predicted,0.3333333333333333,2,2,TGTCTAAGGGATTGGCACCT,0,5001866
yjbJ_predicted,0.3333333333333333,2,2,TGTCAGAGTCATGGATCACT,0,5030349
yjbJ_predicted,0.3333333333333333,2,2,TGTCACCACCCGAAAGAAGC,0,5011495
yjbJ_predicted,0.3333333333333333,2,2,TGTCACCAAGTCGAGGCGGA,0,4997826
yjbJ_predicted,0.3333333333333333,2,2,TGTCACCAACGACTGCGTAT,0,5022381
yjbJ_predicted,0.3333333333333333,2,2,TGTATCCTTTGTCAGAAACG,0,5017079
yjbJ_predicted,0.3333333333333333,2,2,TGTATAAATTGTCTAGGACT,0,5010937
yjbJ_predicted,0.3333333333333333,2,2,TGTAGCAAGCATAGTGCATA,0,5011434
yjbJ_predicted,0.3333333333333333,2,2,TGTAGACCGGGGCGCGCGGG,0,5030317
yjbJ_predicted,0.3333333333333333,2,2,TGTAGAAGCCGTCGGACGCA,0,5016878
yjbJ_predicted,0.3333333333333333,2,2,TGTACGGCAGGGAGCCTGAT,0,5019593
yjbJ_predicted,0.3333333333333333,2,2,TGTACGCACCACAAGACACT,0,5010562
yjbJ_predicted,0.3333333333333333,2,2,TGTACATATGAACGATGGTG,0,5014196
yjbJ_predicted,0.3333333333333333,2,2,TGGTGCTCGGTCTCACGTGT,0,4999735
yjbJ_predicted,0.3333333333333333,2,2,TGGTGAATCAGACCTTCGGT,0,5025396
yjbJ_predicted,0.3333333333333333,2,2,TGGTCTATCAGGACGCCTTC,0,5000533
yjbJ_predicted,0.3333333333333333,2,2,TGGTCGCTTCCCGCTACATC,0,5020018
yjbJ_predicted,0.3333333333333333,2,2,TGGTCCGATCCCGGCACAAG,0,5003794
yjbJ_predicted,0.3333333333333333,2,2,TGGTCAAGGGCTATACGCAT,0,5000582
yjbJ_predicted,0.3333333333333333,2,2,TGGTATGTGCCTAGGCGAGT,0,5007958
yjbJ_predicted,0.3333333333333333,2,2,TGGGTTCTTGTAATTACCAG,0,5011610
yjbJ_predicted,0.3333333333333333,2,2,TGGGTTAGCTGCCGACGGTC,0,5001228
yjbJ_predicted,0.3333333333333333,2,2,TGGGATTAGTCCGGAAGGGT,0,5005919
yjbJ_predicted,0.3333333333333333,2,2,TGGCTTCTCGGATTAACAAG,0,4995583
yjbJ_predicted,0.3333333333333333,2,2,TGGCTGATGTCGAGGGAAGC,0,5011559
yjbJ_predicted,0.3333333333333333,2,2,TGGCTCTGGGCCGGGGCTAA,0,5028320
yjbJ_predicted,0.3333333333333333,2,2,TGGCCCTCGCCCCCCCGTTT,0,5008790
yjbJ_predicted,0.3333333333333333,2,2,TGGCCCGAGCAGAAGCTCGA,0,5008619
yjbJ_predicted,0.3333333333333333,2,2,TGGCAACAAGTGCCACGTAA,0,5022258
yjbJ_predicted,0.3333333333333333,2,2,TGGATCTTACGTCTTGTAAG,0,5018935
yjbJ_predicted,0.3333333333333333,2,2,TGGAGTATCTGCACCAACCC,0,5025879
yjbJ_predicted,0.3333333333333333,2,2,TGCTGTAGGGTAACGCGACG,0,5018037
yjbJ_predicted,0.3333333333333333,2,2,TGCTGTAAGGAAAATAAGCA,0,5023829
yjbJ_predicted,0.3333333333333333,2,2,TGCTGCAGTTAACTCGAGAC,0,5012333
yjbJ_predicted,0.3333333333333333,2,2,TGCTCCAAATGAGGCATACT,0,5027002
yjbJ_predicted,0.3333333333333333,2,2,TGCTATAGCAAGTCATAGAC,0,5012681
yjbJ_predicted,0.3333333333333333,2,2,TGCTAATCAGCGAGCAGGTC,0,5008453
yjbJ_predicted,0.3333333333333333,2,2,TGCGGTACGACAATAGATTA,0,5017685
yjbJ_predicted,0.3333333333333333,2,2,TGCGATGGTCTACGTGGTGG,0,5019831
yjbJ_predicted,0.3333333333333333,2,2,TGCGACGCTGAACCTATGGA,0,5011841
yjbJ_predicted,0.3333333333333333,2,2,TGCCTGGTATGCGTATCAAT,0,5000479
yjbJ_predicted,0.3333333333333333,2,2,TGCCTGCGATAGAACAATTT,0,5022603
yjbJ_predicted,0.3333333333333333,2,2,TGCCGTAGCAGGCTTGCCTT,0,5004466
yjbJ_predicted,0.3333333333333333,2,2,TGCCGCCTAGCACACTTTTT,0,5022648
yjbJ_predicted,0.3333333333333333,2,2,TGCATTCTGCCAACTAACAA,0,4998091
yjbJ_predicted,0.3333333333333333,2,2,TGCATCCGCACGCGAGATGT,0,5028152
yjbJ_predicted,0.3333333333333333,2,2,TGCAGTTACCATATTAGCGC,0,5017166
yjbJ_predicted,0.3333333333333333,2,2,TGCAGGAGATTGCGTCGTTT,0,5025361
yjbJ_predicted,0.3333333333333333,2,2,TGCAGGAAGGAGACAGATGA,0,5008800
yjbJ_predicted,0.3333333333333333,2,2,TGCAATTGCGTTGAGGTACG,0,4999964
yjbJ_predicted,0.3333333333333333,2,2,TGATTTCTCGATCTGCAAAT,0,5023998
yjbJ_predicted,0.3333333333333333,2,2,TGATCCGGGAGCCGATTCAA,0,5011301
yjbJ_predicted,0.3333333333333333,2,2,TGATAGCTCAACGTCTTACG,0,5007605
yjbJ_predicted,0.3333333333333333,2,2,TGAGGATCCGAATATGCGTA,0,5025238
yjbJ_predicted,0.3333333333333333,2,2,TGAGCATAGGTGAGGTCAAT,0,5008456
yjbJ_predicted,0.3333333333333333,2,2,TGACTTTAGCACCCATACGC,0,4997659
yjbJ_predicted,0.3333333333333333,2,2,TGACTCTATACGTTCCCTAC,0,5002364
yjbJ_predicted,0.3333333333333333,2,2,TGACTCCTACAAGGGCACGG,0,5012647
yjbJ_predicted,0.3333333333333333,2,2,TGACTCCGGAGGCACGTCAA,0,5017424
yjbJ_predicted,0.3333333333333333,2,2,TGACGTGGCAGTCGAAGGTA,0,5006903
yjbJ_predicted,0.3333333333333333,2,2,TGACAGGATTCTGGTCGTAC,0,5010374
yjbJ_predicted,0.3333333333333333,2,2,TGAAGCTGGCTAGAAATTTC,0,5005589
yjbJ_predicted,0.3333333333333333,2,2,TGAAGATGGGGTACACCTCC,0,5009422
yjbJ_predicted,0.3333333333333333,2,2,TGAACTCCTCCTTCAAAGGT,0,5006997
yjbJ_predicted,0.3333333333333333,2,2,TCTTTGCTCTGGACGTGAGT,0,5009132
yjbJ_predicted,0.3333333333333333,2,2,TCTTGGTTAGTTAGGTAAAG,0,4997052
yjbJ_predicted,0.3333333333333333,2,2,TCTTATTCCCTCGAGCGCAT,0,5013248
yjbJ_predicted,0.3333333333333333,2,2,TCTTAGACAACTATGGGTAG,0,5012101
yjbJ_predicted,0.3333333333333333,2,2,TCTGTGCGCAGCTGCTACTA,0,5002706
yjbJ_predicted,0.3333333333333333,2,2,TCTGGGGTAGCAAGGTACCA,0,5018627
yjbJ_predicted,0.3333333333333333,2,2,TCTGCGGTCATGGTTCTGAT,0,5028927
yjbJ_predicted,0.3333333333333333,2,2,TCTCGTGCAAGAGTGTGCGA,0,5022787
yjbJ_predicted,0.3333333333333333,2,2,TCTCGTCATGCAGTACACAA,0,5029431
yjbJ_predicted,0.3333333333333333,2,2,TCTATGGGCCAAGGAAACCC,0,5006023
yjbJ_predicted,0.3333333333333333,2,2,TCTAGTAGTTTACGCTGAAC,0,5026071
yjbJ_predicted,0.3333333333333333,2,2,TCTAGGCACAGGCAAGGCAG,0,5006413
yjbJ_predicted,0.3333333333333333,2,2,TCTAGGAGGCTGGGAATAAC,0,5026457
yjbJ_predicted,0.3333333333333333,2,2,TCTAGCTATCACATACAATG,0,5004047
yjbJ_predicted,0.3333333333333333,2,2,TCTACCCAGAGTGACACGAT,0,5029791
yjbJ_predicted,0.3333333333333333,2,2,TCGTTAGAACGGTCGGTCTG,0,5018455
yjbJ_predicted,0.3333333333333333,2,2,TCGTAGGATGGCAAATACAT,0,5008009
yjbJ_predicted,0.3333333333333333,2,2,TCGGTTACTTCTACGAAATC,0,5028718
yjbJ_predicted,0.3333333333333333,2,2,TCGGGTGCTCGTGTGCCCAT,0,4996954
yjbJ_predicted,0.3333333333333333,2,2,TCGGGTCTTACGCTGGACGT,0,5026536
yjbJ_predicted,0.3333333333333333,2,2,TCGGGCCTAGCGTAGATATA,0,5030018
yjbJ_predicted,0.3333333333333333,2,2,TCGCTTTTCGTCCTATCGAT,0,5018711
yjbJ_predicted,0.3333333333333333,2,2,TCGCGGGCAATATCGCCTGG,0,5021285
yjbJ_predicted,0.3333333333333333,2,2,TCGAAGAGAGCGAAACAAAC,0,5000081
yjbJ_predicted,0.3333333333333333,2,2,TCGAACCCAGATGTTCCGTA,0,5022221
yjbJ_predicted,0.3333333333333333,2,2,TCCTTTTCGAACGATCAGGT,0,5010303
yjbJ_predicted,0.3333333333333333,2,2,TCCTCGTAATGGCCGGCTGT,0,5001775
yjbJ_predicted,0.3333333333333333,2,2,TCCTCATAGCGTTATGCTTT,0,5002761
yjbJ_predicted,0.3333333333333333,2,2,TCCTAAGTGATGCGCTAAAG,0,5019825
yjbJ_predicted,0.3333333333333333,2,2,TCCGGTTTTAATGGTGGTAT,0,5004701
yjbJ_predicted,0.3333333333333333,2,2,TCCGGCGCGTACCGACGATC,0,5027275
yjbJ_predicted,0.3333333333333333,2,2,TCCGGAATAAACGGTGCCCG,0,5008601
yjbJ_predicted,0.3333333333333333,2,2,TCCGAGAGTGTCGCAACTAT,0,5027532
yjbJ_predicted,0.3333333333333333,2,2,TCCGAACGAATGCATAGGGG,0,4995512
yjbJ_predicted,0.3333333333333333,2,2,TCCCTGGACTTGACAGACGC,0,4998149
yjbJ_predicted,0.3333333333333333,2,2,TCCCCTGCATGGACGGGCAT,0,5017737
yjbJ_predicted,0.3333333333333333,2,2,TCCCAACAGGCGTAGCCTCA,0,5007199
yjbJ_predicted,0.3333333333333333,2,2,TCCATCAAAGTTCGCCACAT,0,5017287
yjbJ_predicted,0.3333333333333333,2,2,TCCACCTGCTATCAATGCGT,0,4995394
yjbJ_predicted,0.3333333333333333,2,2,TCATTTGTCTGCTGGTCGTC,0,5028727
yjbJ_predicted,0.3333333333333333,2,2,TCATTTCGTGCGGTGTTAGC,0,5000910
yjbJ_predicted,0.3333333333333333,2,2,TCATTCGGGCGCGAGACTTT,0,5000768
yjbJ_predicted,0.3333333333333333,2,2,TCATTAGAAGCTATCTCTTC,0,5028542
yjbJ_predicted,0.3333333333333333,2,2,TCATCTGTAGTCCTGTTGGC,0,5007738
yjbJ_predicted,0.3333333333333333,2,2,TCAGTGAATGTTAGTCGATT,0,5003035
yjbJ_predicted,0.3333333333333333,2,2,TCAGAGTTCAGCCGTAGCCG,0,5023412
yjbJ_predicted,0.3333333333333333,2,2,TCACGTGCGACAGTAACGGT,0,5001103
yjbJ_predicted,0.3333333333333333,2,2,TCACGATTTCCCATAAGGCA,0,5014056
yjbJ_predicted,0.3333333333333333,2,2,TCACCGTGTTCATATTTCTA,0,5027026
yjbJ_predicted,0.3333333333333333,2,2,TCAATTATACCCGGTAGGCA,0,5023510
yjbJ_predicted,0.3333333333333333,2,2,TCAAGCACGCGGCACACTCA,0,5002985
yjbJ_predicted,0.3333333333333333,2,2,TCAAGACAGGCCACGAGGAT,0,5004183
yjbJ_predicted,0.3333333333333333,2,2,TCAAGAAACGAAATGGGCAG,0,5017683
yjbJ_predicted,0.3333333333333333,2,2,TCAACTGCGTGTGGATGAGT,0,5026652
yjbJ_predicted,0.3333333333333333,2,2,TCAACGATTGTAATACTGTT,0,5002386
yjbJ_predicted,0.3333333333333333,2,2,TCAACAATGGCGAGCCCTTA,0,5002391
yjbJ_predicted,0.3333333333333333,2,2,TATTCCTAACTGAAATGGCT,0,5029931
yjbJ_predicted,0.3333333333333333,2,2,TATTCAAGGTTGACGGCGAA,0,5005178
yjbJ_predicted,0.3333333333333333,2,2,TATTAGGGTTAGAACAATTA,0,5028992
yjbJ_predicted,0.3333333333333333,2,2,TATTAAGACACAGACAATTC,0,5021081
yjbJ_predicted,0.3333333333333333,2,2,TATGTTCTGCGGAATCCGAG,0,5008923
yjbJ_predicted,0.3333333333333333,2,2,TATGGTGTTAGGGGGCTGCA,0,5019164
yjbJ_predicted,0.3333333333333333,2,2,TATGCTCCAAGAGCTCGGTC,0,5021234
yjbJ_predicted,0.3333333333333333,2,2,TATGCGTCCGAGTCGTACAC,0,5007514
yjbJ_predicted,0.3333333333333333,2,2,TATGCGCTGATGTGGTACCA,0,5014159
yjbJ_predicted,0.3333333333333333,2,2,TATCTAATAAACGGCTCTGA,0,5001106
yjbJ_predicted,0.3333333333333333,2,2,TATCGGTGAACTAGAGGTCT,0,5017716
yjbJ_predicted,0.3333333333333333,2,2,TATAGGGTAGCACGACTTGT,0,5007600
yjbJ_predicted,0.3333333333333333,2,2,TATACCACGGGATCACACAG,0,5015465
yjbJ_predicted,0.3333333333333333,2,2,TATACAGCCAACACATGTAC,0,5019861
yjbJ_predicted,0.3333333333333333,2,2,TAGGTTGGGGAATGCTCATA,0,5020923
yjbJ_predicted,0.3333333333333333,2,2,TAGGTTAATCTGTCAAACTC,0,5029995
yjbJ_predicted,0.3333333333333333,2,2,TAGGTGGCATCGTTCCCCTG,0,5023855
yjbJ_predicted,0.3333333333333333,2,2,TAGGTATTTGTAAGCGAGAA,0,5000695
yjbJ_predicted,0.3333333333333333,2,2,TAGGGCTGTAGAAGAAAGCA,0,5020188
yjbJ_predicted,0.3333333333333333,2,2,TAGGATTTAGATTTCGTTCT,0,5003932
yjbJ_predicted,0.3333333333333333,2,2,TAGGATATACGACCCTGCGA,0,5010032
yjbJ_predicted,0.3333333333333333,2,2,TAGCTGAATTGGCTGACGTT,0,5016927
yjbJ_predicted,0.3333333333333333,2,2,TAGCTAGTAGGGCGTTAGGA,0,5017454
yjbJ_predicted,0.3333333333333333,2,2,TAGCGCTCTGCAAAGAGGTT,0,5019999
yjbJ_predicted,0.3333333333333333,2,2,TAGCCACATACGAGGGGAAA,0,5011005
yjbJ_predicted,0.3333333333333333,2,2,TAGCAGGATAACCTGCAGCT,0,5026252
yjbJ_predicted,0.3333333333333333,2,2,TAGCACAACTGGTCCTGCAG,0,4996947
yjbJ_predicted,0.3333333333333333,2,2,TAGCAAGCGGTCCCTTAGTA,0,5020065
yjbJ_predicted,0.3333333333333333,2,2,TAGAGATGCCTAGCGGAAGA,0,5014340
yjbJ_predicted,0.3333333333333333,2,2,TAGAGACTACCTGTCTTATA,0,5010733
yjbJ_predicted,0.3333333333333333,2,2,TAGACCCCTCTCTATTCGTC,0,5006913
yjbJ_predicted,0.3333333333333333,2,2,TACTTGTGATCGATAGGCGC,0,5005658
yjbJ_predicted,0.3333333333333333,2,2,TACTGACTGCGCAAATCGTC,0,5019103
yjbJ_predicted,0.3333333333333333,2,2,TACTCCTCAAAGTGGCTTGT,0,5002639
yjbJ_predicted,0.3333333333333333,2,2,TACTCAGGGTTGCGGTTCGG,0,5020995
yjbJ_predicted,0.3333333333333333,2,2,TACTACAGTTACCAGTCCAA,0,5014450
yjbJ_predicted,0.3333333333333333,2,2,TACTAAGCCATCGTGGTTCA,0,4995386
yjbJ_predicted,0.3333333333333333,2,2,TACGTTAGGGCGTAGTTCGA,0,5023307
yjbJ_predicted,0.3333333333333333,2,2,TACGTCGGGAGACTAAGGTT,0,5024986
yjbJ_predicted,0.3333333333333333,2,2,TACGTCCTCGCCGTCCGGCA,0,5021396
yjbJ_predicted,0.3333333333333333,2,2,TACGGCTTCACCCGCCGTCC,0,5018451
yjbJ_predicted,0.3333333333333333,2,2,TACGGATACCGGTCTGCTTC,0,5013224
yjbJ_predicted,0.3333333333333333,2,2,TACGGAGGAGTACATTCTCC,0,4996155
yjbJ_predicted,0.3333333333333333,2,2,TACGAACTAAGTAGTCGTAC,0,5012133
yjbJ_predicted,0.3333333333333333,2,2,TACCTTCCTTACAGTTCGGG,0,5028635
yjbJ_predicted,0.3333333333333333,2,2,TACCTCAACGGACTCCGAGA,0,5022827
yjbJ_predicted,0.3333333333333333,2,2,TACCGGGGGGGTGGTATTGC,0,5019247
yjbJ_predicted,0.3333333333333333,2,2,TACCATGGATCTAAGTAAGT,0,5011958
yjbJ_predicted,0.3333333333333333,2,2,TACCACATCTTGAGTAGTAT,0,5005664
yjbJ_predicted,0.3333333333333333,2,2,TACCAACAAAACGGTGTTCT,0,5022188
yjbJ_predicted,0.3333333333333333,2,2,TACAACATCCCAGCAGCGAA,0,5009123
yjbJ_predicted,0.3333333333333333,2,2,TAATGTGGAGCGGTAGGGCG,0,5008589
yjbJ_predicted,0.3333333333333333,2,2,TAATGTCCCCTTAGACTTTA,0,4997571
yjbJ_predicted,0.3333333333333333,2,2,TAATCTTGTTGGCGGAGGGT,0,5030782
yjbJ_predicted,0.3333333333333333,2,2,TAATACGCGGTTTACTCCAT,0,5017684
yjbJ_predicted,0.3333333333333333,2,2,TAAGCGGGAACACATATAGG,0,5000144
yjbJ_predicted,0.3333333333333333,2,2,TAACTGTTTTCGCATTTCGG,0,5010076
yjbJ_predicted,0.3333333333333333,2,2,TAACTGCCCGTTTCAGTCTC,0,5012227
yjbJ_predicted,0.3333333333333333,2,2,TAACAGACTGTGCATCAAAA,0,5012504
yjbJ_predicted,0.3333333333333333,2,2,TAACAAGTCAACGGTAGTCT,0,5005340
yjbJ_predicted,0.3333333333333333,2,2,TAAAGAAAAAACCAGGGCGT,0,5000756
yjbJ_predicted,0.3333333333333333,2,2,GTTTTGTGTTCTTAAGGGCG,0,5002659
yjbJ_predicted,0.3333333333333333,2,2,GTTTCTTCACCTGGTCCGTA,0,5000784
yjbJ_predicted,0.3333333333333333,2,2,GTTTCTGATCGCTAATTCAT,0,5006180
yjbJ_predicted,0.3333333333333333,2,2,GTTTCGCTCGGGCCTTGGGA,0,5006970
yjbJ_predicted,0.3333333333333333,2,2,GTTTCATTTGTGGACCCATT,0,5023456
yjbJ_predicted,0.3333333333333333,2,2,GTTTAGCGTGTAATCGACGG,0,5017512
yjbJ_predicted,0.3333333333333333,2,2,GTTGTTTAGCGGCCGGGGGA,0,5021306
yjbJ_predicted,0.3333333333333333,2,2,GTTGTTCGCGACACAGTTGG,0,5005218
yjbJ_predicted,0.3333333333333333,2,2,GTTGGTTTTAAGTACAAGGA,0,5023464
yjbJ_predicted,0.3333333333333333,2,2,GTTGGTAAGCTTGGAAACAG,0,5018311
yjbJ_predicted,0.3333333333333333,2,2,GTTGGACGGCTAAAGTCGAG,0,5006100
yjbJ_predicted,0.3333333333333333,2,2,GTTGCACAGATTAACTTATA,0,5023860
yjbJ_predicted,0.3333333333333333,2,2,GTTGATATTCATGGATCTGA,0,5002573
yjbJ_predicted,0.3333333333333333,2,2,GTTCGAGATCCCTATTCGGC,0,5030796
yjbJ_predicted,0.3333333333333333,2,2,GTTCCCGAGTGCCTCTCTGC,0,5017791
yjbJ_predicted,0.3333333333333333,2,2,GTTCATGCCCTTCAGGTGCG,0,5008029
yjbJ_predicted,0.3333333333333333,2,2,GTTCAATTAGAAGATGCATC,0,5006705
yjbJ_predicted,0.3333333333333333,2,2,GTTCAACTAAGGAGTATTTG,0,4999596
yjbJ_predicted,0.3333333333333333,2,2,GTTAGGGCGTAAATATAAAA,0,5005360
yjbJ_predicted,0.3333333333333333,2,2,GTTACGGTGAGGTACATATT,0,5022372
yjbJ_predicted,0.3333333333333333,2,2,GTTACAGGAGACGAACAAGT,0,5006058
yjbJ_predicted,0.3333333333333333,2,2,GTTAACGCCTTGAGTGTGTC,0,4999163
yjbJ_predicted,0.3333333333333333,2,2,GTGTGTATCCTGAAATCTGA,0,5016467
yjbJ_predicted,0.3333333333333333,2,2,GTGTCACGAGGGTGCGAGGG,0,5025860
yjbJ_predicted,0.3333333333333333,2,2,GTGTAGTTAACGGCAGCTCC,0,5020959
yjbJ_predicted,0.3333333333333333,2,2,GTGTAGCTCCCAGCTATTAA,0,5025021
yjbJ_predicted,0.3333333333333333,2,2,GTGGTCCCAGTGGTTCTGAC,0,5005018
yjbJ_predicted,0.3333333333333333,2,2,GTGGGTGCCACGTAGAAATA,0,5000878
yjbJ_predicted,0.3333333333333333,2,2,GTGGCCTATCCCTGCCAATG,0,4999767
yjbJ_predicted,0.3333333333333333,2,2,GTGGCAACACGCATATGAGT,0,5010896
yjbJ_predicted,0.3333333333333333,2,2,GTGGAATCAATTAAGCGGAG,0,5014555
yjbJ_predicted,0.3333333333333333,2,2,GTGCGGCTCGGTGGGAGTAA,0,5027887
yjbJ_predicted,0.3333333333333333,2,2,GTGATTTAGTATTGGATAAG,0,5005312
yjbJ_predicted,0.3333333333333333,2,2,GTGATCGTCTGGGAATGCAG,0,5018238
yjbJ_predicted,0.3333333333333333,2,2,GTGATCCAAAAGGTCTGGGG,0,5003241
yjbJ_predicted,0.3333333333333333,2,2,GTGAGTCCGTTCTGACTCCT,0,5019394
yjbJ_predicted,0.3333333333333333,2,2,GTCTTATTCGTAACGGTGCT,0,5004496
yjbJ_predicted,0.3333333333333333,2,2,GTCTTAGTTGTCGCTTCGTA,0,5019759
yjbJ_predicted,0.3333333333333333,2,2,GTCTGTCTCCGGGCCTAGGC,0,5023432
yjbJ_predicted,0.3333333333333333,2,2,GTCTCTGAAAGAGGATCAGG,0,4999320
yjbJ_predicted,0.3333333333333333,2,2,GTCTCGTTATGATACGAGCC,0,5001169
yjbJ_predicted,0.3333333333333333,2,2,GTCGTTCGGCACCGTACAAG,0,5024969
yjbJ_predicted,0.3333333333333333,2,2,GTCGTGTTATCCTCTTTACA,0,5016728
yjbJ_predicted,0.3333333333333333,2,2,GTCCTGGCCGATCTAGGCTG,0,5017484
yjbJ_predicted,0.3333333333333333,2,2,GTCCTGATCTCTGTGATAGA,0,4995862
yjbJ_predicted,0.3333333333333333,2,2,GTCCTGATCCGGCAGCAATA,0,5007344
yjbJ_predicted,0.3333333333333333,2,2,GTCCGCTTATCCATCCAATT,0,5014390
yjbJ_predicted,0.3333333333333333,2,2,GTCCACGCTCGCAAGAAGAC,0,5022340
yjbJ_predicted,0.3333333333333333,2,2,GTCCAACCATTGGAAATCAT,0,5008970
yjbJ_predicted,0.3333333333333333,2,2,GTCAACTTGGAAGCAATACC,0,5005147
yjbJ_predicted,0.3333333333333333,2,2,GTATTCGATAAACCGTTGAA,0,5027217
yjbJ_predicted,0.3333333333333333,2,2,GTATTATCATCTGATAACGC,0,5020032
yjbJ_predicted,0.3333333333333333,2,2,GTATATGGCGCGGACAACGT,0,5001881
yjbJ_predicted,0.3333333333333333,2,2,GTAGTGGCACGCCTATCGGT,0,5021036
yjbJ_predicted,0.3333333333333333,2,2,GTAGTCAACCCAAATTGGTG,0,5018641
yjbJ_predicted,0.3333333333333333,2,2,GTAGGTGGATTTATGGTACA,0,5029993
yjbJ_predicted,0.3333333333333333,2,2,GTAGGAATGGATCAACCCCA,0,5014165
yjbJ_predicted,0.3333333333333333,2,2,GTAGCATGTACGGATTCTTA,0,5022679
yjbJ_predicted,0.3333333333333333,2,2,GTAGAGGGTAATATTGCATT,0,4999982
yjbJ_predicted,0.3333333333333333,2,2,GTAGAATATGGACTAAGCTA,0,4999227
yjbJ_predicted,0.3333333333333333,2,2,GTACGCTCGATACCGGACAC,0,5017460
yjbJ_predicted,0.3333333333333333,2,2,GTACCGACAGGCGCTGACCA,0,5005125
yjbJ_predicted,0.3333333333333333,2,2,GTACATAGCGTAGGATGAAT,0,5020213
yjbJ_predicted,0.3333333333333333,2,2,GTAATACGCTCTCCCAGGAA,0,5024495
yjbJ_predicted,0.3333333333333333,2,2,GTAACTACAAACCCCTCGGA,0,5007335
yjbJ_predicted,0.3333333333333333,2,2,GTAACGTTCGTTTTCACGCA,0,5004420
yjbJ_predicted,0.3333333333333333,2,2,GTAAAGTTGTTAAATGCTGT,0,5005333
yjbJ_predicted,0.3333333333333333,2,2,GGTTGGTAAGGTAAACAGGG,0,5026436
yjbJ_predicted,0.3333333333333333,2,2,GGTTGGCTAAGAAGTAACAC,0,5012479
yjbJ_predicted,0.3333333333333333,2,2,GGTTGGACATTACTCGCCGG,0,5000687
yjbJ_predicted,0.3333333333333333,2,2,GGTTGCATCCCGCGACACGG,0,5008329
yjbJ_predicted,0.3333333333333333,2,2,GGTTCTGCAAATTTTATTCT,0,4998758
yjbJ_predicted,0.3333333333333333,2,2,GGTTATGGCACTGTCAAGAG,0,5003378
yjbJ_predicted,0.3333333333333333,2,2,GGTTAGGCTGGGTCGGACGG,0,5008768
yjbJ_predicted,0.3333333333333333,2,2,GGTTAATTTACATCCCTTAA,0,5006431
yjbJ_predicted,0.3333333333333333,2,2,GGTTAACTCGGTACCAGAAC,0,5020999
yjbJ_predicted,0.3333333333333333,2,2,GGTTAACGGTGCTGTTTCAT,0,5019439
yjbJ_predicted,0.3333333333333333,2,2,GGTGTACGGGTAGTTGGGAA,0,5009473
yjbJ_predicted,0.3333333333333333,2,2,GGTCGTCACCTTTTACATAC,0,4996115
yjbJ_predicted,0.3333333333333333,2,2,GGTCCCGACACCCACTGGCG,0,5000234
yjbJ_predicted,0.3333333333333333,2,2,GGTCCACTTGGGCTGCGTAG,0,5008691
yjbJ_predicted,0.3333333333333333,2,2,GGTATTAAACTGATTCATCA,0,5024902
yjbJ_predicted,0.3333333333333333,2,2,GGTATCTAGCACGGTCAGTA,0,5006064
yjbJ_predicted,0.3333333333333333,2,2,GGTAGTATCCCCTTTGGGTC,0,5019013
yjbJ_predicted,0.3333333333333333,2,2,GGTAGAGCCTCGCCCTTATG,0,5015407
yjbJ_predicted,0.3333333333333333,2,2,GGGTTAGGGCCGGTGGCTCC,0,5011535
yjbJ_predicted,0.3333333333333333,2,2,GGGTGAATCCTAGGCATGTG,0,5018220
yjbJ_predicted,0.3333333333333333,2,2,GGGGTTAGGTCTGCGCAAAC,0,5029120
yjbJ_predicted,0.3333333333333333,2,2,GGGGTGGTAACTCATTATGG,0,5007516
yjbJ_predicted,0.3333333333333333,2,2,GGGGGACGACAAGAATTCGA,0,5019669
yjbJ_predicted,0.3333333333333333,2,2,GGGGGAAGTGACGGGCGAAA,0,5018819
yjbJ_predicted,0.3333333333333333,2,2,GGGCGGAGTTCTCCCTGTCG,0,4998069
yjbJ_predicted,0.3333333333333333,2,2,GGGCGCTAGGTATTCGACCG,0,5027538
yjbJ_predicted,0.3333333333333333,2,2,GGGCGATGTAAGACGGTATG,0,5022094
yjbJ_predicted,0.3333333333333333,2,2,GGGCCAACAGCGTGGTTTCA,0,4996894
yjbJ_predicted,0.3333333333333333,2,2,GGGCACCAACCTCCCGGGAC,0,5018028
yjbJ_predicted,0.3333333333333333,2,2,GGGCAATGGCGGTGGGATAG,0,5014059
yjbJ_predicted,0.3333333333333333,2,2,GGGATTCCTCGAAGGGAGCA,0,5023094
yjbJ_predicted,0.3333333333333333,2,2,GGGAGTTGACAGCTTATTAA,0,5006604
yjbJ_predicted,0.3333333333333333,2,2,GGGAGCCTAAGTATGTTTAA,0,5028464
yjbJ_predicted,0.3333333333333333,2,2,GGGAGCAGGATCGCCAAGGT,0,5013244
yjbJ_predicted,0.3333333333333333,2,2,GGGAGAAAAGTGGGGCCTGA,0,5029262
yjbJ_predicted,0.3333333333333333,2,2,GGGACTACCTAGCAGGGATC,0,5018297
yjbJ_predicted,0.3333333333333333,2,2,GGGACGCTTCTTGCGTTCAG,0,4998244
yjbJ_predicted,0.3333333333333333,2,2,GGCTTAGAAAGTTTAAGGAC,0,5015703
yjbJ_predicted,0.3333333333333333,2,2,GGCTGCGTGTTGATGCAGGC,0,4996493
yjbJ_predicted,0.3333333333333333,2,2,GGCTCCAACGGGTAGGTAAT,0,5008326
yjbJ_predicted,0.3333333333333333,2,2,GGCGTGTCCTTTACCCCCAG,0,5017897
yjbJ_predicted,0.3333333333333333,2,2,GGCCCGTGGCGCTCCCCTAG,0,5001456
yjbJ_predicted,0.3333333333333333,2,2,GGCCCGGGCCGATCAAGTAT,0,5024973
yjbJ_predicted,0.3333333333333333,2,2,GGCCCCCGGGTCGGCAGCCA,0,5018532
yjbJ_predicted,0.3333333333333333,2,2,GGCCACCCAGAGAGAGTACC,0,5006489
yjbJ_predicted,0.3333333333333333,2,2,GGCATTGGGTGCGAGTACAC,0,5027803
yjbJ_predicted,0.3333333333333333,2,2,GGCATGTGCATGGCTTCACA,0,5018771
yjbJ_predicted,0.3333333333333333,2,2,GGCATCACGGCCCACGTGGG,0,5014582
yjbJ_predicted,0.3333333333333333,2,2,GGCAGCGACAGTGGAGCAAA,0,5016741
yjbJ_predicted,0.3333333333333333,2,2,GGCACCATCGACGGGTTGAA,0,5028362
yjbJ_predicted,0.3333333333333333,2,2,GGCAATCTAGATATCGCTAC,0,5025716
yjbJ_predicted,0.3333333333333333,2,2,GGATTTCCATCTGCTATGCG,0,5014011
yjbJ_predicted,0.3333333333333333,2,2,GGATTGGACGGGTCCTTCGA,0,5025026
yjbJ_predicted,0.3333333333333333,2,2,GGATTCCAGGGTCTATAAAG,0,5009152
yjbJ_predicted,0.3333333333333333,2,2,GGATGGCTCATAAGTCGCAC,0,5015615
yjbJ_predicted,0.3333333333333333,2,2,GGATGATGCACCGCCGCCTA,0,5013104
yjbJ_predicted,0.3333333333333333,2,2,GGATCTTGGGAGGGCGTTGA,0,5008507
yjbJ_predicted,0.3333333333333333,2,2,GGATCGCGCAGCAGAAATCT,0,5015910
yjbJ_predicted,0.3333333333333333,2,2,GGATACAAACGGGTCTTTGA,0,5022912
yjbJ_predicted,0.3333333333333333,2,2,GGATAAATGAGTGGGAGGAG,0,5020572
yjbJ_predicted,0.3333333333333333,2,2,GGAGTTTGCTTGGTGGCACA,0,5022466
yjbJ_predicted,0.3333333333333333,2,2,GGAGGTACATCTGTACCAGG,0,4995425
yjbJ_predicted,0.3333333333333333,2,2,GGAGGGCTTACTGTGAAGGA,0,5021206
yjbJ_predicted,0.3333333333333333,2,2,GGAGGAAGTTTTCAAGTTTA,0,5010502
yjbJ_predicted,0.3333333333333333,2,2,GGAGCCCACATCGGGGACAA,0,4998447
yjbJ_predicted,0.3333333333333333,2,2,GGAGAGACATGAGAGCAGGG,0,4998796
yjbJ_predicted,0.3333333333333333,2,2,GGACGTACAGGTTCAGCTGA,0,5028121
yjbJ_predicted,0.3333333333333333,2,2,GGACGGGAATGACTGGGAAA,0,5030827
yjbJ_predicted,0.3333333333333333,2,2,GGACGGCAGTAGCTCGGGTA,0,5009901
yjbJ_predicted,0.3333333333333333,2,2,GGACCACGGGAGATCATATC,0,5008383
yjbJ_predicted,0.3333333333333333,2,2,GGAAGTGCTCCTAGGGATAA,0,5006963
yjbJ_predicted,0.3333333333333333,2,2,GGAACGCATTTTTACAACTG,0,5003423
yjbJ_predicted,0.3333333333333333,2,2,GGAACGAGGTATTTAGAACG,0,5002546
yjbJ_predicted,0.3333333333333333,2,2,GGAACCTTCTGTTCCGAATA,0,5010256
yjbJ_predicted,0.3333333333333333,2,2,GGAAATTCACCGAGGTAATA,0,5008757
yjbJ_predicted,0.3333333333333333,2,2,GGAAACAGTTTCTGGGTTAA,0,5015849
yjbJ_predicted,0.3333333333333333,2,2,GCTTTGGCGTGTCAAGTTTA,0,5004719
yjbJ_predicted,0.3333333333333333,2,2,GCTTCTGTTTGCAGTTGACG,0,5020174
yjbJ_predicted,0.3333333333333333,2,2,GCTGTCGTTCATGCTATGAT,0,4995593
yjbJ_predicted,0.3333333333333333,2,2,GCTGTCACCAACGGTAGACT,0,5018758
yjbJ_predicted,0.3333333333333333,2,2,GCTGGTTTACTATTATTGAT,0,5002898
yjbJ_predicted,0.3333333333333333,2,2,GCTGGGTTGATAGACTGACG,0,5017622
yjbJ_predicted,0.3333333333333333,2,2,GCTGATGGCCCTACTGAACA,0,5030705
yjbJ_predicted,0.3333333333333333,2,2,GCTCGTCATTCCCGCAAACG,0,5026382
yjbJ_predicted,0.3333333333333333,2,2,GCTCGAGGGCGATAAACTGT,0,5000008
yjbJ_predicted,0.3333333333333333,2,2,GCTCGAGCACGAGCAGTTAG,0,5019071
yjbJ_predicted,0.3333333333333333,2,2,GCTCCTCGGTCTATTTCCCC,0,4999318
yjbJ_predicted,0.3333333333333333,2,2,GCTCATTAGTACTCGGTTAC,0,5012722
yjbJ_predicted,0.3333333333333333,2,2,GCTCAATCAGCTCGAACTTC,0,5013374
yjbJ_predicted,0.3333333333333333,2,2,GCTATAGCTCCAGCACGGCC,0,5005607
yjbJ_predicted,0.3333333333333333,2,2,GCTAGTTGTAATATGCATCT,0,5009570
yjbJ_predicted,0.3333333333333333,2,2,GCTAGTTACAAACTTTAGGG,0,5026581
yjbJ_predicted,0.3333333333333333,2,2,GCTAGGTTTTCGTTTGTTTG,0,5017960
yjbJ_predicted,0.3333333333333333,2,2,GCTAGCAGTGAAAAGCGAAG,0,5024674
yjbJ_predicted,0.3333333333333333,2,2,GCTACTTCGGAGGCTTAGTA,0,5000020
yjbJ_predicted,0.3333333333333333,2,2,GCGTTCACAAGTGGAACTCC,0,5013361
yjbJ_predicted,0.3333333333333333,2,2,GCGTTATTGACGGATATTGG,0,5027877
yjbJ_predicted,0.3333333333333333,2,2,GCGTGTCTAGGTCTGTGGGT,0,5019165
yjbJ_predicted,0.3333333333333333,2,2,GCGTGTATTTTACAAGCAAC,0,4997252
yjbJ_predicted,0.3333333333333333,2,2,GCGTGAAGGATTACCAGGAG,0,5028560
yjbJ_predicted,0.3333333333333333,2,2,GCGTCGCTAGGGTTCATTGA,0,5022548
yjbJ_predicted,0.3333333333333333,2,2,GCGTCCATGGGCTACGGCAG,0,5017835
yjbJ_predicted,0.3333333333333333,2,2,GCGTACAGCAATGCCTCATA,0,5012672
yjbJ_predicted,0.3333333333333333,2,2,GCGTACACCAAACAGAGTAC,0,5006211
yjbJ_predicted,0.3333333333333333,2,2,GCGGGGCTATGTATCCTTAG,0,4996355
yjbJ_predicted,0.3333333333333333,2,2,GCGGGGCTAAATAAGCACAT,0,5005921
yjbJ_predicted,0.3333333333333333,2,2,GCGGATTCATTATGCTGCCT,0,5029336
yjbJ_predicted,0.3333333333333333,2,2,GCGGACTACTTGTCAGTCTA,0,5021552
yjbJ_predicted,0.3333333333333333,2,2,GCGCTCCGCGGGGGTGTAAT,0,5029181
yjbJ_predicted,0.3333333333333333,2,2,GCGCCAATGGCTAGGAAAGG,0,4998002
yjbJ_predicted,0.3333333333333333,2,2,GCGCAGTCAGTCGATGATGT,0,4998662
yjbJ_predicted,0.3333333333333333,2,2,GCGATAATATGATTACACCA,0,5029932
yjbJ_predicted,0.3333333333333333,2,2,GCGAGCCAGAGACATTGCCC,0,5008406
yjbJ_predicted,0.3333333333333333,2,2,GCGAAGCGCAGCAGCGCTAA,0,4996902
yjbJ_predicted,0.3333333333333333,2,2,GCGAAAGGTTCGGATGGGGG,0,5013025
yjbJ_predicted,0.3333333333333333,2,2,GCCTTTAGGCTTGATGCGGC,0,5029300
yjbJ_predicted,0.3333333333333333,2,2,GCCTCTGCCGCACACTTAAA,0,5001073
yjbJ_predicted,0.3333333333333333,2,2,GCCTCTATTTGCTGTACCGG,0,4996659
yjbJ_predicted,0.3333333333333333,2,2,GCCTAAGGAGGGCGCCGCTA,0,5029124
yjbJ_predicted,0.3333333333333333,2,2,GCCGGCAATCCGTAATCGAT,0,5015675
yjbJ_predicted,0.3333333333333333,2,2,GCCGCGGGGGTCCGGGATTG,0,5013827
yjbJ_predicted,0.3333333333333333,2,2,GCCGCAAATTTTCCTACCGC,0,5016458
yjbJ_predicted,0.3333333333333333,2,2,GCCGACGGTCAGTCCTGTTG,0,5012514
yjbJ_predicted,0.3333333333333333,2,2,GCCAATTCCTTTCCACTAGC,0,5002792
yjbJ_predicted,0.3333333333333333,2,2,GCATTTTACATTGTGGTAAG,0,5014057
yjbJ_predicted,0.3333333333333333,2,2,GCATGTACTCTGATGAGGTT,0,5022465
yjbJ_predicted,0.3333333333333333,2,2,GCATCGTCATCGGCTCGACG,0,5005784
yjbJ_predicted,0.3333333333333333,2,2,GCATCCCTGGGTGCGGCTCA,0,5010214
yjbJ_predicted,0.3333333333333333,2,2,GCATAAGGTCTCCGAGTTGA,0,5005493
yjbJ_predicted,0.3333333333333333,2,2,GCAGGGACAACACGGGCGCC,0,5029773
yjbJ_predicted,0.3333333333333333,2,2,GCAGCGCAGCAAGTCGATCA,0,4999986
yjbJ_predicted,0.3333333333333333,2,2,GCAGAGTCGAAGAACAGCGG,0,5015821
yjbJ_predicted,0.3333333333333333,2,2,GCAGAAATCTACAAGCTTTA,0,5016317
yjbJ_predicted,0.3333333333333333,2,2,GCACTGGTCGCCATGGGAAA,0,5008755
yjbJ_predicted,0.3333333333333333,2,2,GCACTCCTAAACCTTATTAT,0,5023348
yjbJ_predicted,0.3333333333333333,2,2,GCACCTGATGGGGGTCTAGT,0,5005313
yjbJ_predicted,0.3333333333333333,2,2,GCAATTCCACCCGAGTGAGC,0,5004144
yjbJ_predicted,0.3333333333333333,2,2,GCAATGTGTAAGTTTCCAGC,0,5020807
yjbJ_predicted,0.3333333333333333,2,2,GCAACAGTAAGCGCGCTCTA,0,4995027
yjbJ_predicted,0.3333333333333333,2,2,GCAAACTTGGTGGACCACTG,0,4997253
yjbJ_predicted,0.3333333333333333,2,2,GCAAAAACGCGGTTCGCCGT,0,5027788
yjbJ_predicted,0.3333333333333333,2,2,GATTTATACACATATGCCCC,0,5020053
yjbJ_predicted,0.3333333333333333,2,2,GATTGTAACAGCGATCACAA,0,5020838
yjbJ_predicted,0.3333333333333333,2,2,GATTGGCGGCCGCGTAGTTC,0,5005168
yjbJ_predicted,0.3333333333333333,2,2,GATTATCTCCCCTTTTGGCT,0,5008021
yjbJ_predicted,0.3333333333333333,2,2,GATTACTTGCCGGGGGCACA,0,5023904
yjbJ_predicted,0.3333333333333333,2,2,GATGTGTCCGAGGTCCAGGG,0,4999246
yjbJ_predicted,0.3333333333333333,2,2,GATGCTTTTGCGTTACGCAC,0,5025834
yjbJ_predicted,0.3333333333333333,2,2,GATGCGCAAAGAATGCCTCC,0,5011163
yjbJ_predicted,0.3333333333333333,2,2,GATGACCCTGGCGGTTAGTC,0,5016305
yjbJ_predicted,0.3333333333333333,2,2,GATCTCACGTCCGGATAAGC,0,5016720
yjbJ_predicted,0.3333333333333333,2,2,GATATAGGGACCGTCAGCTT,0,5001888
yjbJ_predicted,0.3333333333333333,2,2,GATAGCGTTCTGCTAGAAAT,0,5020563
yjbJ_predicted,0.3333333333333333,2,2,GATACGGCGTCGATGTAACC,0,5023630
yjbJ_predicted,0.3333333333333333,2,2,GATACGCTACCGGGCGCCAT,0,5009341
yjbJ_predicted,0.3333333333333333,2,2,GATAAGATCGATCCACATGC,0,5006866
yjbJ_predicted,0.3333333333333333,2,2,GAGTTGGGAGGGCGTTGCCA,0,5023343
yjbJ_predicted,0.3333333333333333,2,2,GAGTTAGTCAAGGGCAACTC,0,5026458
yjbJ_predicted,0.3333333333333333,2,2,GAGTGGTTTATTTGTTTAGA,0,5024207
yjbJ_predicted,0.3333333333333333,2,2,GAGGTTTATCACGCTAGGGT,0,5024956
yjbJ_predicted,0.3333333333333333,2,2,GAGGTTCCGCTTACCGCGCG,0,4999138
yjbJ_predicted,0.3333333333333333,2,2,GAGGGGCTGGTGAGATTTTT,0,4998226
yjbJ_predicted,0.3333333333333333,2,2,GAGGCTAAACTAACACCGCA,0,5030808
yjbJ_predicted,0.3333333333333333,2,2,GAGGCATTTTTTCAGGTTGG,0,5002816
yjbJ_predicted,0.3333333333333333,2,2,GAGCCTTACGGTGTGGGTAA,0,5000123
yjbJ_predicted,0.3333333333333333,2,2,GAGCCGGGGAGCAGGCGACG,0,4997865
yjbJ_predicted,0.3333333333333333,2,2,GAGATGAGGGTGGTTTCAGG,0,5002342
yjbJ_predicted,0.3333333333333333,2,2,GAGATAATGCGTATCCTTGG,0,5009240
yjbJ_predicted,0.3333333333333333,2,2,GAGACGCACAACAGTCCGAG,0,5009138
yjbJ_predicted,0.3333333333333333,2,2,GACTTGTCGTCTCTAGTAGG,0,5011720
yjbJ_predicted,0.3333333333333333,2,2,GACTTATGTCCACCTCGGAA,0,4995470
yjbJ_predicted,0.3333333333333333,2,2,GACTGTATATTGCGTACAAA,0,5005433
yjbJ_predicted,0.3333333333333333,2,2,GACTCGAAACGGACCCGGCC,0,5017899
yjbJ_predicted,0.3333333333333333,2,2,GACTCAGATTCCGCTCGGTG,0,5009909
yjbJ_predicted,0.3333333333333333,2,2,GACTATTTACCCATGCATGT,0,5025508
yjbJ_predicted,0.3333333333333333,2,2,GACTACGAGCTATTCAGGAT,0,5000268
yjbJ_predicted,0.3333333333333333,2,2,GACGTTGCCCTAAGGGTCGT,0,5020596
yjbJ_predicted,0.3333333333333333,2,2,GACGTATCGTTCAAGGGGAG,0,5020356
yjbJ_predicted,0.3333333333333333,2,2,GACGGTCCGTATCTAACACA,0,5007400
yjbJ_predicted,0.3333333333333333,2,2,GACGCTGTCGATTCTACAGG,0,4998560
yjbJ_predicted,0.3333333333333333,2,2,GACGCGGACGAGATTCAATC,0,4996638
yjbJ_predicted,0.3333333333333333,2,2,GACGCGAAGCGTCTTGAGAC,0,4997276
yjbJ_predicted,0.3333333333333333,2,2,GACCGAAGTTTAATTTCGTG,0,5009233
yjbJ_predicted,0.3333333333333333,2,2,GACCCTCCTGGTTCTCAGTG,0,5006758
yjbJ_predicted,0.3333333333333333,2,2,GACCAGGTACCGCGTTTTCA,0,5029743
yjbJ_predicted,0.3333333333333333,2,2,GACCAATTACGTGTTGAGTC,0,5020378
yjbJ_predicted,0.3333333333333333,2,2,GAATTAGGGATTGCACGTTA,0,5002859
yjbJ_predicted,0.3333333333333333,2,2,GAATTAAGAACAGAGGTCGT,0,5008788
yjbJ_predicted,0.3333333333333333,2,2,GAATGTACGCCATTCACCCA,0,4997623
yjbJ_predicted,0.3333333333333333,2,2,GAATCTGGATTGTTTAACTT,0,5005432
yjbJ_predicted,0.3333333333333333,2,2,GAATCCTTACCGGGGAGAGT,0,5026935
yjbJ_predicted,0.3333333333333333,2,2,GAATCCATTTTACCTAATAC,0,5001240
yjbJ_predicted,0.3333333333333333,2,2,GAAGTGCCCGTCCCTTAACT,0,5006472
yjbJ_predicted,0.3333333333333333,2,2,GAAGTCATTCCAGGAGTATT,0,5030168
yjbJ_predicted,0.3333333333333333,2,2,GAAGCTTGACTTCACTTCCA,0,5006104
yjbJ_predicted,0.3333333333333333,2,2,GAAGCGAGAGGTTAATGGGA,0,5030663
yjbJ_predicted,0.3333333333333333,2,2,GAACATTGACTATGATTTGT,0,5011798
yjbJ_predicted,0.3333333333333333,2,2,GAAAGCAAAACGATATAAGC,0,5013245
yjbJ_predicted,0.3333333333333333,2,2,GAAAGATTCCCTAAACTAAC,0,5005496
yjbJ_predicted,0.3333333333333333,2,2,GAAAAGAAATCTGCTGCCGC,0,5023151
yjbJ_predicted,0.3333333333333333,2,2,CTTTCACAGACTGTTGGGCT,0,5002375
yjbJ_predicted,0.3333333333333333,2,2,CTTTAATCCGCTGCCCTACT,0,4997011
yjbJ_predicted,0.3333333333333333,2,2,CTTGTGGCCGCCATTACAAG,0,5028438
yjbJ_predicted,0.3333333333333333,2,2,CTTGGCATAACCAGAGTCCT,0,5025044
yjbJ_predicted,0.3333333333333333,2,2,CTTGAGGGCGCTTGGTGGAA,0,5019740
yjbJ_predicted,0.3333333333333333,2,2,CTTGACCAGTTCCAGCATAT,0,5000051
yjbJ_predicted,0.3333333333333333,2,2,CTTCTCCCTCCAAGTGACCT,0,5007974
yjbJ_predicted,0.3333333333333333,2,2,CTTCGGGCTTAGATGGGAAT,0,5012345
yjbJ_predicted,0.3333333333333333,2,2,CTTCGGATCTGCTAGGCTCA,0,5005086
yjbJ_predicted,0.3333333333333333,2,2,CTTCGCCCTCTAATCCGCTC,0,5005017
yjbJ_predicted,0.3333333333333333,2,2,CTTCCCGTGCAACAGATCAG,0,5024731
yjbJ_predicted,0.3333333333333333,2,2,CTTCCCAGTTTGTACCTCGT,0,5017731
yjbJ_predicted,0.3333333333333333,2,2,CTTCATTATTGTGCGTAGTT,0,4995531
yjbJ_predicted,0.3333333333333333,2,2,CTTCATGGGTAACGGGACTT,0,5007390
yjbJ_predicted,0.3333333333333333,2,2,CTTCAGGGCAAGGAGTTCCA,0,5016112
yjbJ_predicted,0.3333333333333333,2,2,CTTCAACTGATCTCTTTGAA,0,5020660
yjbJ_predicted,0.3333333333333333,2,2,CTTATTCCGTGCTCGGCCAC,0,5024062
yjbJ_predicted,0.3333333333333333,2,2,CTTATGTGTATTTCAGTGCC,0,5011095
yjbJ_predicted,0.3333333333333333,2,2,CTTAGTAAGAGATAGTAGCT,0,5012449
yjbJ_predicted,0.3333333333333333,2,2,CTTAGGGACATTTAGGCCCA,0,5007545
yjbJ_predicted,0.3333333333333333,2,2,CTTAGGCCCGACCCACAGTC,0,5003846
yjbJ_predicted,0.3333333333333333,2,2,CTTAGGACATCGCCCGATAT,0,4995482
yjbJ_predicted,0.3333333333333333,2,2,CTGTTCCGGTCCTCACCGAT,0,4998389
yjbJ_predicted,0.3333333333333333,2,2,CTGTGCAGGATCGTAGCTTT,0,5014258
yjbJ_predicted,0.3333333333333333,2,2,CTGTCCCAATGGCGTTCGAT,0,5016948
yjbJ_predicted,0.3333333333333333,2,2,CTGTCATGTATCAGGCGGGC,0,5023870
yjbJ_predicted,0.3333333333333333,2,2,CTGTAAGAAAGTTATATCCC,0,4998453
yjbJ_predicted,0.3333333333333333,2,2,CTGGTATCTTCGCCATTACA,0,5008287
yjbJ_predicted,0.3333333333333333,2,2,CTGGGTCATCCGGCATTTCT,0,5001337
yjbJ_predicted,0.3333333333333333,2,2,CTGGGGATTGGGCCACACAG,0,5000933
yjbJ_predicted,0.3333333333333333,2,2,CTGGGATACGCGCTGTCTAC,0,5009866
yjbJ_predicted,0.3333333333333333,2,2,CTGGCCGGCGCCCGACATGC,0,5031154
yjbJ_predicted,0.3333333333333333,2,2,CTGGCACACCCTCTAGAAGT,0,5013279
yjbJ_predicted,0.3333333333333333,2,2,CTGGAGGCATACCTGTGCTT,0,5002277
yjbJ_predicted,0.3333333333333333,2,2,CTGGACGGATCAGTTAAGTA,0,5015778
yjbJ_predicted,0.3333333333333333,2,2,CTGCGGAAGATGACCGATAT,0,5007290
yjbJ_predicted,0.3333333333333333,2,2,CTGATTGAAAGAGATTTCGC,0,5001797
yjbJ_predicted,0.3333333333333333,2,2,CTGATCTCGCGACCAAGGTG,0,5030261
yjbJ_predicted,0.3333333333333333,2,2,CTGAGCATCCTCTGAGGGTG,0,4994869
yjbJ_predicted,0.3333333333333333,2,2,CTGACAATACCTACGGCACT,0,4997725
yjbJ_predicted,0.3333333333333333,2,2,CTCTCGGTGGAAATGTGTCA,0,5031165
yjbJ_predicted,0.3333333333333333,2,2,CTCTAGAAAGGTGTATCGGT,0,5027014
yjbJ_predicted,0.3333333333333333,2,2,CTCTACGGGATTTATGATTT,0,5016535
yjbJ_predicted,0.3333333333333333,2,2,CTCGTTTTAGGTACGTACTA,0,4997914
yjbJ_predicted,0.3333333333333333,2,2,CTCGTTCCAATGAAGGTGTC,0,5021997
yjbJ_predicted,0.3333333333333333,2,2,CTCGGAGTCTGACCGTTACG,0,5008206
yjbJ_predicted,0.3333333333333333,2,2,CTCGAAATTGATACTAGACA,0,5018918
yjbJ_predicted,0.3333333333333333,2,2,CTCCTGTGAGGACAACACGA,0,5014055
yjbJ_predicted,0.3333333333333333,2,2,CTCCCCTTCACGGGGACTAC,0,4998978
yjbJ_predicted,0.3333333333333333,2,2,CTCCCAACACAAGAGAGCGG,0,5018076
yjbJ_predicted,0.3333333333333333,2,2,CTCCAGGTCAATCTAGGAAT,0,5022070
yjbJ_predicted,0.3333333333333333,2,2,CTCCAATGTCCCTCCTTATC,0,5008076
yjbJ_predicted,0.3333333333333333,2,2,CTCATAGCTGCGCGAGATCT,0,5023375
yjbJ_predicted,0.3333333333333333,2,2,CTCAAGCACCACACTGCGCC,0,5017153
yjbJ_predicted,0.3333333333333333,2,2,CTCAACATTAAGTTTTGTGA,0,4996300
yjbJ_predicted,0.3333333333333333,2,2,CTATTTACATGTGGGTCGAA,0,5027146
yjbJ_predicted,0.3333333333333333,2,2,CTATGGTCTTTCCTCGGATA,0,5001946
yjbJ_predicted,0.3333333333333333,2,2,CTATATTCTGGCAATCGGAG,0,5031051
yjbJ_predicted,0.3333333333333333,2,2,CTAGTCGTGAAAGTGCTTCC,0,5024980
yjbJ_predicted,0.3333333333333333,2,2,CTAGGTGGTCTGTTCTTTAG,0,5024701
yjbJ_predicted,0.3333333333333333,2,2,CTAGGCTTCAATCGTACCAA,0,5022320
yjbJ_predicted,0.3333333333333333,2,2,CTAGACGTTGGGAATTAGCA,0,5026623
yjbJ_predicted,0.3333333333333333,2,2,CTAGAAAGGGTGAGCGGTTG,0,5020300
yjbJ_predicted,0.3333333333333333,2,2,CTACTGTTTCTTTCGCAAGG,0,5028721
yjbJ_predicted,0.3333333333333333,2,2,CTACTACTGGCTAGCACCAC,0,5005175
yjbJ_predicted,0.3333333333333333,2,2,CTACGGCGTGCTGGTTGGCC,0,5007835
yjbJ_predicted,0.3333333333333333,2,2,CTACGAGGGGATTGCATGCC,0,5027894
yjbJ_predicted,0.3333333333333333,2,2,CTACGAGAACACTCGTGGAA,0,5028592
yjbJ_predicted,0.3333333333333333,2,2,CTACCCCCGCTCGCAGCGGT,0,5002392
yjbJ_predicted,0.3333333333333333,2,2,CTAACTTGGTTCACGACCTA,0,5030644
yjbJ_predicted,0.3333333333333333,2,2,CTAACCGTACTGGGGATTAG,0,5024144
yjbJ_predicted,0.3333333333333333,2,2,CTAACATAGTTTAGAGGCTC,0,5011391
yjbJ_predicted,0.3333333333333333,2,2,CTAAATGATGCCAAGGTTAA,0,5010027
yjbJ_predicted,0.3333333333333333,2,2,CGTTTATCGGACCCAAGGCA,0,5004933
yjbJ_predicted,0.3333333333333333,2,2,CGTTTAAGGCCAATATAATC,0,5019532
yjbJ_predicted,0.3333333333333333,2,2,CGTTGGGGCAACTGGTTGCA,0,5001232
yjbJ_predicted,0.3333333333333333,2,2,CGTTGCGTTTTGGTCCATAG,0,5014039
yjbJ_predicted,0.3333333333333333,2,2,CGTTCCGTCACCAGAATGGG,0,5025431
yjbJ_predicted,0.3333333333333333,2,2,CGTTAGGGTACCGCACGGAA,0,5015980
yjbJ_predicted,0.3333333333333333,2,2,CGTTAGGCCGGAAAGCACTC,0,5008471
yjbJ_predicted,0.3333333333333333,2,2,CGTGTGTCAATTCTTGCAGA,0,5031073
yjbJ_predicted,0.3333333333333333,2,2,CGTGCGTCCTTACTACCGCT,0,5003971
yjbJ_predicted,0.3333333333333333,2,2,CGTGAGGCGTACTGGAGGCA,0,4995552
yjbJ_predicted,0.3333333333333333,2,2,CGTGACCCAGCCTGACAAGT,0,5016274
yjbJ_predicted,0.3333333333333333,2,2,CGTCTGGGCGGTTCAGAGAA,0,4997079
yjbJ_predicted,0.3333333333333333,2,2,CGTCTGGCCCACAGTAGGAT,0,5006416
yjbJ_predicted,0.3333333333333333,2,2,CGTCTACTAGAGTAGTGAGC,0,5029688
yjbJ_predicted,0.3333333333333333,2,2,CGTCGTTAGGGTCTGGAAGG,0,4997646
yjbJ_predicted,0.3333333333333333,2,2,CGTCATCATCCGTACTTCAC,0,5025366
yjbJ_predicted,0.3333333333333333,2,2,CGTCAATATATGGCCTCCGG,0,5023123
yjbJ_predicted,0.3333333333333333,2,2,CGTAGCCCCATAGTTTATTA,0,4999885
yjbJ_predicted,0.3333333333333333,2,2,CGTACTGTACTAAGGGCGTA,0,5019063
yjbJ_predicted,0.3333333333333333,2,2,CGTACTGCGTACCTCAACTT,0,5015336
yjbJ_predicted,0.3333333333333333,2,2,CGTACTGACGGGCTGAGCGA,0,4999636
yjbJ_predicted,0.3333333333333333,2,2,CGTAAGGAGTACTGGTTAGC,0,5018575
yjbJ_predicted,0.3333333333333333,2,2,CGGTTGCGTCTCCTGGGCGT,0,5021209
yjbJ_predicted,0.3333333333333333,2,2,CGGTTCAATCATGCATTCGG,0,5029896
yjbJ_predicted,0.3333333333333333,2,2,CGGTGGTCGTCTGACGACAG,0,5013792
yjbJ_predicted,0.3333333333333333,2,2,CGGTGACTGCATTTGACTCG,0,5014825
yjbJ_predicted,0.3333333333333333,2,2,CGGTCTAGCCGCCCCAAAGA,0,5007513
yjbJ_predicted,0.3333333333333333,2,2,CGGTCAGCGACCGTCATTCT,0,5006616
yjbJ_predicted,0.3333333333333333,2,2,CGGGGTAATGCAGGATGTTT,0,5016771
yjbJ_predicted,0.3333333333333333,2,2,CGGGGGTTCGCGGAGTGTCG,0,5011461
yjbJ_predicted,0.3333333333333333,2,2,CGGGGGGAGTGCCACAATTG,0,5000440
yjbJ_predicted,0.3333333333333333,2,2,CGGGCGATCTTTACTCATGG,0,5027158
yjbJ_predicted,0.3333333333333333,2,2,CGGGCCGTAGGGGTTCTATT,0,5025722
yjbJ_predicted,0.3333333333333333,2,2,CGGGCCCCTGGTTCAACACA,0,5014640
yjbJ_predicted,0.3333333333333333,2,2,CGGGATTCATCCGACCGCAT,0,5017562
yjbJ_predicted,0.3333333333333333,2,2,CGGGACGTGTTGGGTCTTCT,0,4999975
yjbJ_predicted,0.3333333333333333,2,2,CGGCGGCCGAGGGGATTCCT,0,5015002
yjbJ_predicted,0.3333333333333333,2,2,CGGCGGACCGGTCAATTAAA,0,5010743
yjbJ_predicted,0.3333333333333333,2,2,CGGCGACGGAGTATTATCTC,0,4998282
yjbJ_predicted,0.3333333333333333,2,2,CGGAGGTCATCTGGCCACAT,0,5017032
yjbJ_predicted,0.3333333333333333,2,2,CGGACGGCTGGACGAGAGGC,0,5004171
yjbJ_predicted,0.3333333333333333,2,2,CGGACACTCTGGCCAGTCAT,0,5015635
yjbJ_predicted,0.3333333333333333,2,2,CGGAAGCGTTATGTTAGGGT,0,5006226
yjbJ_predicted,0.3333333333333333,2,2,CGGAAATGAGTCCTGGGCCA,0,5013319
yjbJ_predicted,0.3333333333333333,2,2,CGCTGTCGCCCGGTTCAGGG,0,5019252
yjbJ_predicted,0.3333333333333333,2,2,CGCTGGCTTGGGCGTAGGGT,0,4998016
yjbJ_predicted,0.3333333333333333,2,2,CGCTGCACAATGCTATTGAT,0,5015414
yjbJ_predicted,0.3333333333333333,2,2,CGCTGAAAGAAATAAGCACC,0,5011954
yjbJ_predicted,0.3333333333333333,2,2,CGCTGAAACTCGCAACTTGA,0,5010339
yjbJ_predicted,0.3333333333333333,2,2,CGCTCGATTTGTTTACCAAT,0,5021099
yjbJ_predicted,0.3333333333333333,2,2,CGCTCGAAGGTCTCATTGGA,0,5018807
yjbJ_predicted,0.3333333333333333,2,2,CGCTATATAAGGCAAGGCAA,0,4997186
yjbJ_predicted,0.3333333333333333,2,2,CGCTAACTTCATGCCCGGTT,0,5002063
yjbJ_predicted,0.3333333333333333,2,2,CGCGTAACAGGGGTAAAAAG,0,5012876
yjbJ_predicted,0.3333333333333333,2,2,CGCGGTATAGAACGGTAAAG,0,5009701
yjbJ_predicted,0.3333333333333333,2,2,CGCGCGTCTCTCATTCCTAC,0,5016445
yjbJ_predicted,0.3333333333333333,2,2,CGCGATCTACGGTGAGACGT,0,5017725
yjbJ_predicted,0.3333333333333333,2,2,CGCCTTAGCATATCTAATAA,0,4997793
yjbJ_predicted,0.3333333333333333,2,2,CGCCTTACAACTATGGGACT,0,5007707
yjbJ_predicted,0.3333333333333333,2,2,CGCCGACAAAAAATAAATGA,0,5018150
yjbJ_predicted,0.3333333333333333,2,2,CGCCCTGTACAGTCGCGCGT,0,5021239
yjbJ_predicted,0.3333333333333333,2,2,CGCCCTCACGGTCAGCATTG,0,5029627
yjbJ_predicted,0.3333333333333333,2,2,CGCCCAAAATTGGCAATTGG,0,5007678
yjbJ_predicted,0.3333333333333333,2,2,CGCCATTTGGACCAGAGAAC,0,5008579
yjbJ_predicted,0.3333333333333333,2,2,CGCATATATTACCGATCAAT,0,4999988
yjbJ_predicted,0.3333333333333333,2,2,CGCAGTATGGTAAGTGGTGA,0,5023946
yjbJ_predicted,0.3333333333333333,2,2,CGCAGGTTGACGTGGATCTG,0,5006829
yjbJ_predicted,0.3333333333333333,2,2,CGCAGGTCTTGTTGGGAATT,0,5023880
yjbJ_predicted,0.3333333333333333,2,2,CGCACTCGAGGGATTAGCTG,0,5030241
yjbJ_predicted,0.3333333333333333,2,2,CGCACTATGTTCCATGTCCA,0,4999118
yjbJ_predicted,0.3333333333333333,2,2,CGCACGTACCGCCTACTGGG,0,5030550
yjbJ_predicted,0.3333333333333333,2,2,CGCAATGAGCGCGCAAAAAC,0,5006388
yjbJ_predicted,0.3333333333333333,2,2,CGCAAGCGGTCAAGCCCGCG,0,4995285
yjbJ_predicted,0.3333333333333333,2,2,CGATCGATGGACACCGCAGG,0,5026860
yjbJ_predicted,0.3333333333333333,2,2,CGATCGAGATTATTGAGGCC,0,5021689
yjbJ_predicted,0.3333333333333333,2,2,CGATCCCCTAACGTCGAGGG,0,5024911
yjbJ_predicted,0.3333333333333333,2,2,CGATCAGCAAGGCTTCCAGT,0,5022308
yjbJ_predicted,0.3333333333333333,2,2,CGATAGGTCATAGCGCGTAA,0,5020279
yjbJ_predicted,0.3333333333333333,2,2,CGAGTGGTCTCACCATGGCG,0,5013971
yjbJ_predicted,0.3333333333333333,2,2,CGAGGCGTCGGTCTTCAGAG,0,5004196
yjbJ_predicted,0.3333333333333333,2,2,CGAGAGCGGCTGTAGCAGTT,0,5030076
yjbJ_predicted,0.3333333333333333,2,2,CGACTTCCCAGGGTACTTTC,0,5016935
yjbJ_predicted,0.3333333333333333,2,2,CGACGGCTTCCTGCACAATG,0,5016028
yjbJ_predicted,0.3333333333333333,2,2,CGACCGGCTTGCTCGTTTCC,0,5015252
yjbJ_predicted,0.3333333333333333,2,2,CGACCCCAGAGTAAGGACGA,0,5007085
yjbJ_predicted,0.3333333333333333,2,2,CGACACGGGTTCTCTCATAC,0,5011591
yjbJ_predicted,0.3333333333333333,2,2,CGACACGAAACCGGCAATTA,0,5012932
yjbJ_predicted,0.3333333333333333,2,2,CGAATAAATGCATCAGTTGT,0,5005713
yjbJ_predicted,0.3333333333333333,2,2,CGAAGTTACGTTTGTTGCTC,0,5026661
yjbJ_predicted,0.3333333333333333,2,2,CGAACGCTTGGGAAGGGTGC,0,4995174
yjbJ_predicted,0.3333333333333333,2,2,CGAACGAAGGCGGTTTAAGG,0,5020718
yjbJ_predicted,0.3333333333333333,2,2,CGAAAAAGTAATACAGGCCC,0,5010605
yjbJ_predicted,0.3333333333333333,2,2,CCTTTTTGCTTGGGCCTCGC,0,5023209
yjbJ_predicted,0.3333333333333333,2,2,CCTTTACAACCGGGAGAATT,0,5022559
yjbJ_predicted,0.3333333333333333,2,2,CCTTCTCCTACAGCATGGGA,0,5029274
yjbJ_predicted,0.3333333333333333,2,2,CCTTCCTCAAGGGAAAGGTG,0,5015478
yjbJ_predicted,0.3333333333333333,2,2,CCTTATAATGAGATGGGTGG,0,5005712
yjbJ_predicted,0.3333333333333333,2,2,CCTTAAACACCATTAAGTGA,0,5001037
yjbJ_predicted,0.3333333333333333,2,2,CCTGTCGAAGGTTGTACGGT,0,5005885
yjbJ_predicted,0.3333333333333333,2,2,CCTGGTTCGTCATCCGTTTG,0,5020398
yjbJ_predicted,0.3333333333333333,2,2,CCTGCGTGCATCGCAACATT,0,5007675
yjbJ_predicted,0.3333333333333333,2,2,CCTCTTACCGGGAGTAGCGT,0,5013787
yjbJ_predicted,0.3333333333333333,2,2,CCTCTCGCGGGGACGCCGCT,0,5017171
yjbJ_predicted,0.3333333333333333,2,2,CCTCGTGACTGTTTATTGTA,0,5015707
yjbJ_predicted,0.3333333333333333,2,2,CCTCGGGGCAATGCGGGAGG,0,5015374
yjbJ_predicted,0.3333333333333333,2,2,CCTCGGATCCCGTCTTGTAG,0,5024301
yjbJ_predicted,0.3333333333333333,2,2,CCTCCAGCAACGCAGCTTTG,0,4995498
yjbJ_predicted,0.3333333333333333,2,2,CCTATTGTTTCCGCTTTGCA,0,5024797
yjbJ_predicted,0.3333333333333333,2,2,CCTATTCGACCCTAGGACGT,0,5023156
yjbJ_predicted,0.3333333333333333,2,2,CCTATCTCAGAAGGAGCTTT,0,5018011
yjbJ_predicted,0.3333333333333333,2,2,CCTATCACACGGGTAAGAAG,0,5004743
yjbJ_predicted,0.3333333333333333,2,2,CCTAGGCTGATACGGTCAGA,0,5005463
yjbJ_predicted,0.3333333333333333,2,2,CCTAGCTAAGAGGAGTATTC,0,5020350
yjbJ_predicted,0.3333333333333333,2,2,CCGTTAGGGTGATTTATTGA,0,5010048
yjbJ_predicted,0.3333333333333333,2,2,CCGTCATGCACCCCCGACGT,0,5017055
yjbJ_predicted,0.3333333333333333,2,2,CCGGGCCGTGTTCAGATATT,0,5002209
yjbJ_predicted,0.3333333333333333,2,2,CCGGAGCTTTTTTACATTTC,0,5014318
yjbJ_predicted,0.3333333333333333,2,2,CCGCTGTCGAGACAGCCAGC,0,5002750
yjbJ_predicted,0.3333333333333333,2,2,CCGCTACGCAGGTCTCATAT,0,5013384
yjbJ_predicted,0.3333333333333333,2,2,CCGCGTGGAGATGGAGTAAT,0,5025063
yjbJ_predicted,0.3333333333333333,2,2,CCGCCGTACGGAGCATGCAG,0,5029091
yjbJ_predicted,0.3333333333333333,2,2,CCGCCCCTTACGTAGATATT,0,5017084
yjbJ_predicted,0.3333333333333333,2,2,CCGCACGTATAAATGCACAT,0,5016494
yjbJ_predicted,0.3333333333333333,2,2,CCGATTGAGATTGCAACCCC,0,5029917
yjbJ_predicted,0.3333333333333333,2,2,CCGAAATGTTTGTACGTAGG,0,5015605
yjbJ_predicted,0.3333333333333333,2,2,CCCTTTAAGGCATCTGGTAC,0,5011687
yjbJ_predicted,0.3333333333333333,2,2,CCCTGTCACCCCTCGCTATC,0,5006719
yjbJ_predicted,0.3333333333333333,2,2,CCCTGACTTTCTAACTGATG,0,5020004
yjbJ_predicted,0.3333333333333333,2,2,CCCTCCCTCGAACGTAGTTG,0,5024903
yjbJ_predicted,0.3333333333333333,2,2,CCCTAGCGCTATGTTATAGA,0,5011816
yjbJ_predicted,0.3333333333333333,2,2,CCCGTGTGGCTACGTGACTC,0,4999146
yjbJ_predicted,0.3333333333333333,2,2,CCCGTGATATTAGTCTTTCT,0,5017015
yjbJ_predicted,0.3333333333333333,2,2,CCCGTAAGTCATTGGTCATT,0,5000531
yjbJ_predicted,0.3333333333333333,2,2,CCCGGCGCTCTAGTTCTTCA,0,5026409
yjbJ_predicted,0.3333333333333333,2,2,CCCGGCATTGTCAGGTCGCC,0,5006495
yjbJ_predicted,0.3333333333333333,2,2,CCCGCGGTAGACAGTCCCGT,0,5009257
yjbJ_predicted,0.3333333333333333,2,2,CCCGCAAACGATACGGATAA,0,4995721
yjbJ_predicted,0.3333333333333333,2,2,CCCGAGATGACGAGGGGTCC,0,4995541
yjbJ_predicted,0.3333333333333333,2,2,CCCCTTACTTCATATGTTTC,0,5019772
yjbJ_predicted,0.3333333333333333,2,2,CCCCTGCATGCTCTTCGTTT,0,5007068
yjbJ_predicted,0.3333333333333333,2,2,CCCCGTTGAGAATAAAAGAG,0,5029601
yjbJ_predicted,0.3333333333333333,2,2,CCCCCTCATGGGGTCAGTAA,0,5012407
yjbJ_predicted,0.3333333333333333,2,2,CCCCACTGGGTCCGATTATT,0,4999219
yjbJ_predicted,0.3333333333333333,2,2,CCCATGATACGCAGCGGCAG,0,5018100
yjbJ_predicted,0.3333333333333333,2,2,CCCATGAACAGTAGCCTGGT,0,5027823
yjbJ_predicted,0.3333333333333333,2,2,CCCAGGTAAGAGACGTTATT,0,4997087
yjbJ_predicted,0.3333333333333333,2,2,CCCAGGTAAACTCTCGTTTA,0,4998692
yjbJ_predicted,0.3333333333333333,2,2,CCCACGAGACTCTGATCAGG,0,5027294
yjbJ_predicted,0.3333333333333333,2,2,CCCACATTTTTGGCTAGGTC,0,4999001
yjbJ_predicted,0.3333333333333333,2,2,CCCAAGGAGCGCGCAAGAAA,0,5006580
yjbJ_predicted,0.3333333333333333,2,2,CCCAACAACGCCAGTACGTC,0,5012495
yjbJ_predicted,0.3333333333333333,2,2,CCATGGGCGACACTCTGCTT,0,5023488
yjbJ_predicted,0.3333333333333333,2,2,CCATCTACGGATAATCACGG,0,5017766
yjbJ_predicted,0.3333333333333333,2,2,CCATCGTGTACCACCGCACG,0,5000634
yjbJ_predicted,0.3333333333333333,2,2,CCAGGCCTTAGACAAGTGGG,0,5020275
yjbJ_predicted,0.3333333333333333,2,2,CCAGGAAGTGTAAATCGGCA,0,5017150
yjbJ_predicted,0.3333333333333333,2,2,CCAGCTCTTATATTCAAGGA,0,5026348
yjbJ_predicted,0.3333333333333333,2,2,CCAGCGTTAGTGTATACCAT,0,5015638
yjbJ_predicted,0.3333333333333333,2,2,CCAGCCGATGGTCACGAGGA,0,5023754
yjbJ_predicted,0.3333333333333333,2,2,CCAGCCGAACCTGTTAGTTC,0,5023384
yjbJ_predicted,0.3333333333333333,2,2,CCAGAAAAGGGGTTAGAGCT,0,4995755
yjbJ_predicted,0.3333333333333333,2,2,CCACTATGGTCACTGCCGGC,0,5018619
yjbJ_predicted,0.3333333333333333,2,2,CCACGTTGGAGTAGGTCAGA,0,5003978
yjbJ_predicted,0.3333333333333333,2,2,CCACGCTTCCTACTCAAGCA,0,5021021
yjbJ_predicted,0.3333333333333333,2,2,CCACGACAGTAATAGCGGAG,0,5003772
yjbJ_predicted,0.3333333333333333,2,2,CCACCTTGTAGCGACGTGCC,0,4997249
yjbJ_predicted,0.3333333333333333,2,2,CCACCTGCATTTTGTTGGGG,0,5011859
yjbJ_predicted,0.3333333333333333,2,2,CCACCCGTCTATCGTACATT,0,5031005
yjbJ_predicted,0.3333333333333333,2,2,CCACATTAATACCTTGCGAT,0,5027890
yjbJ_predicted,0.3333333333333333,2,2,CCACATCAGCAATTGTTTTG,0,5006046
yjbJ_predicted,0.3333333333333333,2,2,CCACAGTATTCCATATAAAA,0,5021705
yjbJ_predicted,0.3333333333333333,2,2,CCACAAATGCCTCCGTGAGG,0,5012795
yjbJ_predicted,0.3333333333333333,2,2,CCAAGGACATGTTAGGTACG,0,5014804
yjbJ_predicted,0.3333333333333333,2,2,CCAACAACAAGCTTACAGCC,0,4997031
yjbJ_predicted,0.3333333333333333,2,2,CCAAAGTGCCGGTGTATTCC,0,4999970
yjbJ_predicted,0.3333333333333333,2,2,CATTTTGCCACATCAATGCC,0,5020145
yjbJ_predicted,0.3333333333333333,2,2,CATTTTGAACAAAAGGCGCG,0,5002760
yjbJ_predicted,0.3333333333333333,2,2,CATTTCAGACCAGCGCGAAA,0,5016032
yjbJ_predicted,0.3333333333333333,2,2,CATTCTATTCTCCTTTCGGT,0,4998077
yjbJ_predicted,0.3333333333333333,2,2,CATTCCCACAAATCGCTCGA,0,4999989
yjbJ_predicted,0.3333333333333333,2,2,CATGTGATGGGGAGGATAGG,0,5029897
yjbJ_predicted,0.3333333333333333,2,2,CATGTCGATAGGTACGAAGC,0,5019305
yjbJ_predicted,0.3333333333333333,2,2,CATGGCTCATAAGGCTCCAT,0,4996557
yjbJ_predicted,0.3333333333333333,2,2,CATGGATATTTTGTCACGCA,0,5029213
yjbJ_predicted,0.3333333333333333,2,2,CATGCGCTAAGACACAAGAG,0,5017876
yjbJ_predicted,0.3333333333333333,2,2,CATGAGGTTAATCATCGAGC,0,5008996
yjbJ_predicted,0.3333333333333333,2,2,CATCTAATGCTTGTTGTAAA,0,5029853
yjbJ_predicted,0.3333333333333333,2,2,CATCGACAGGGCTGCGTGTT,0,5009693
yjbJ_predicted,0.3333333333333333,2,2,CATAGGGTTTTGTTTCCAGG,0,5005542
yjbJ_predicted,0.3333333333333333,2,2,CATAGGCACGCGCAGACAGA,0,5013987
yjbJ_predicted,0.3333333333333333,2,2,CATAAAGCTATGGGGCCAGA,0,5029912
yjbJ_predicted,0.3333333333333333,2,2,CAGTTTATTATGTCGGACGT,0,5030661
yjbJ_predicted,0.3333333333333333,2,2,CAGTGTTACCCAGCCCCGCC,0,5017732
yjbJ_predicted,0.3333333333333333,2,2,CAGTGGACATCGCCAGCATT,0,5011414
yjbJ_predicted,0.3333333333333333,2,2,CAGTCTCGATAATATAGCAT,0,5030741
yjbJ_predicted,0.3333333333333333,2,2,CAGTATGGTGTATACGTTTC,0,5026895
yjbJ_predicted,0.3333333333333333,2,2,CAGTAAAAGTTTGGGAGGTG,0,5023031
yjbJ_predicted,0.3333333333333333,2,2,CAGGTTCTGGCCTTTCATCA,0,5025953
yjbJ_predicted,0.3333333333333333,2,2,CAGGGCCTTGGGCGTGCACT,0,5022695
yjbJ_predicted,0.3333333333333333,2,2,CAGGGACACTACGAGGACAG,0,5002049
yjbJ_predicted,0.3333333333333333,2,2,CAGGAGATCCGTCAGCGCTA,0,5007133
yjbJ_predicted,0.3333333333333333,2,2,CAGCGGCTGCATCCTTGATG,0,5017642
yjbJ_predicted,0.3333333333333333,2,2,CAGCATAGAAGATGCCCGTC,0,5022389
yjbJ_predicted,0.3333333333333333,2,2,CAGCACCGCCCAGTGTTTAT,0,5008767
yjbJ_predicted,0.3333333333333333,2,2,CAGACAATTATTTCCGGTAG,0,5028364
yjbJ_predicted,0.3333333333333333,2,2,CAGAATGGCAGACTGATTTA,0,5027792
yjbJ_predicted,0.3333333333333333,2,2,CAGAAGCCCCCTCCCAGTCA,0,4994819
yjbJ_predicted,0.3333333333333333,2,2,CAGAACTGCAACAAAACGTA,0,5015188
yjbJ_predicted,0.3333333333333333,2,2,CACTTCGTAAATAGGCAAAT,0,5017489
yjbJ_predicted,0.3333333333333333,2,2,CACTTAGTCTTAGACATGAA,0,5023526
yjbJ_predicted,0.3333333333333333,2,2,CACTGGAGCCTCCAACGGAC,0,5013735
yjbJ_predicted,0.3333333333333333,2,2,CACTAGGTATCACTTCGGGT,0,5028203
yjbJ_predicted,0.3333333333333333,2,2,CACGTGTAATGGTCCATGCG,0,5014602
yjbJ_predicted,0.3333333333333333,2,2,CACGTCCAATTGTTTAGAGG,0,5000610
yjbJ_predicted,0.3333333333333333,2,2,CACGGTTCACGCTCCGCATT,0,5013275
yjbJ_predicted,0.3333333333333333,2,2,CACGGTAGAGGGTCACGAAC,0,5024857
yjbJ_predicted,0.3333333333333333,2,2,CACGCATAACTGTAAATATC,0,5017894
yjbJ_predicted,0.3333333333333333,2,2,CACGAGGTGACTTGAGACAT,0,5025581
yjbJ_predicted,0.3333333333333333,2,2,CACCTCCGTGGCGGCGAGTT,0,4995932
yjbJ_predicted,0.3333333333333333,2,2,CACCGTGATTTTCGAACTAG,0,5004179
yjbJ_predicted,0.3333333333333333,2,2,CACCGTAGCGCCGCAGCCAG,0,5018799
yjbJ_predicted,0.3333333333333333,2,2,CACAGTTGCCTGGCAACCCA,0,5025768
yjbJ_predicted,0.3333333333333333,2,2,CACAGGGGTATGCTTTCTCG,0,4997901
yjbJ_predicted,0.3333333333333333,2,2,CACAGGGACTCCAGCTCTTC,0,5019916
yjbJ_predicted,0.3333333333333333,2,2,CACAAACGTCCCAGGGTCAC,0,5012994
yjbJ_predicted,0.3333333333333333,2,2,CAATTTCCCCAGAGGACGAA,0,5009128
yjbJ_predicted,0.3333333333333333,2,2,CAATTCGTAAATCACAAACA,0,5025006
yjbJ_predicted,0.3333333333333333,2,2,CAATTCCTGCGGTAACGACG,0,5027487
yjbJ_predicted,0.3333333333333333,2,2,CAATGCCACCTAGGGAGCGC,0,5008101
yjbJ_predicted,0.3333333333333333,2,2,CAAGTAGGGAATGTATTTTG,0,5006421
yjbJ_predicted,0.3333333333333333,2,2,CAAGGCGGGAAGGGTCTTTG,0,5010628
yjbJ_predicted,0.3333333333333333,2,2,CAACTGCAATATACAAGTCG,0,5028996
yjbJ_predicted,0.3333333333333333,2,2,CAACTACTTTAGCGGCAAAA,0,5021467
yjbJ_predicted,0.3333333333333333,2,2,CAACGGTTAGGACGAGTAGA,0,5026568
yjbJ_predicted,0.3333333333333333,2,2,CAACCAGCGCCAGTCCACTA,0,5026601
yjbJ_predicted,0.3333333333333333,2,2,CAACAGATCTCTCGAGCACT,0,5011022
yjbJ_predicted,0.3333333333333333,2,2,CAAAGGGGTAGCCACCGGAC,0,5013903
yjbJ_predicted,0.3333333333333333,2,2,CAAAGCACACAACAGGGTAT,0,5004482
yjbJ_predicted,0.3333333333333333,2,2,CAAACTTCGTTTCTCTGCAA,0,5027707
yjbJ_predicted,0.3333333333333333,2,2,CAAACTCAGTTTTGGTAAGT,0,5008727
yjbJ_predicted,0.3333333333333333,2,2,CAAAATTCGTTTGTTCATCT,0,5013722
yjbJ_predicted,0.3333333333333333,2,2,ATTTTGGCGATTATTTCTGC,0,5017824
yjbJ_predicted,0.3333333333333333,2,2,ATTTGCTGTCCTAGACTCGC,0,5023541
yjbJ_predicted,0.3333333333333333,2,2,ATTTCGTCGGCGGGAAGCTA,0,5005260
yjbJ_predicted,0.3333333333333333,2,2,ATTTCAGTCGCTATTCCCGC,0,5002759
yjbJ_predicted,0.3333333333333333,2,2,ATTTACCACCCAGCACTTTA,0,5031120
yjbJ_predicted,0.3333333333333333,2,2,ATTGTAGGGAGACTGTCAGA,0,5023075
yjbJ_predicted,0.3333333333333333,2,2,ATTGTACACATTCGCCACGG,0,5008444
yjbJ_predicted,0.3333333333333333,2,2,ATTGGGGGGTGATCCAGTGT,0,5027276
yjbJ_predicted,0.3333333333333333,2,2,ATTGGCGCTGCCGCCACCTA,0,5013387
yjbJ_predicted,0.3333333333333333,2,2,ATTGGCAGGACTGTCCATTG,0,5012178
yjbJ_predicted,0.3333333333333333,2,2,ATTGGCACCCGGTGTTCAAG,0,5024296
yjbJ_predicted,0.3333333333333333,2,2,ATTGAGCCATTCAAGGGAAG,0,5018358
yjbJ_predicted,0.3333333333333333,2,2,ATTGACTCAGTAATAATCTG,0,4995991
yjbJ_predicted,0.3333333333333333,2,2,ATTCTAACGGTGGGGATTCA,0,5003359
yjbJ_predicted,0.3333333333333333,2,2,ATTCGTCGATTGCAATAATG,0,5009842
yjbJ_predicted,0.3333333333333333,2,2,ATTCGAGTAGTATGCACAAT,0,5013079
yjbJ_predicted,0.3333333333333333,2,2,ATTCCCCACCCCTTGTTAGC,0,5007532
yjbJ_predicted,0.3333333333333333,2,2,ATTCATGTTATGGTCGGAAG,0,4998446
yjbJ_predicted,0.3333333333333333,2,2,ATTCATCGAGGTTTCCATTA,0,4997835
yjbJ_predicted,0.3333333333333333,2,2,ATTATACCTTCCAGCACCCT,0,5003178
yjbJ_predicted,0.3333333333333333,2,2,ATTAGGCCGAAAGCGGTTCC,0,5017579
yjbJ_predicted,0.3333333333333333,2,2,ATTAGAGCAATCATAACCTC,0,5020054
yjbJ_predicted,0.3333333333333333,2,2,ATTAATAGCTACTCCACATG,0,5000048
yjbJ_predicted,0.3333333333333333,2,2,ATGTTAGGACGTATAAAGTT,0,5009824
yjbJ_predicted,0.3333333333333333,2,2,ATGTCACGTGTAACTGTGGC,0,5025961
yjbJ_predicted,0.3333333333333333,2,2,ATGGTTCAATTATATCTGAA,0,5020862
yjbJ_predicted,0.3333333333333333,2,2,ATGGGTTGAGAACTCATACA,0,4994815
yjbJ_predicted,0.3333333333333333,2,2,ATGGGGGGGGGGTTTCCGTA,0,5016528
yjbJ_predicted,0.3333333333333333,2,2,ATGCTGACCTTGGAAAGTTT,0,5019195
yjbJ_predicted,0.3333333333333333,2,2,ATGCAGTCAGACCACCACGC,0,5003212
yjbJ_predicted,0.3333333333333333,2,2,ATGATAAGTCCAAGAGTCAA,0,5030668
yjbJ_predicted,0.3333333333333333,2,2,ATGAAGGTTCCAAGATCCGA,0,5000665
yjbJ_predicted,0.3333333333333333,2,2,ATCTGGCTGGTCGGTTCCAA,0,5008130
yjbJ_predicted,0.3333333333333333,2,2,ATCTGCAGTTTGCCGTAATG,0,5017335
yjbJ_predicted,0.3333333333333333,2,2,ATCGGGTCCGTATAATCCAA,0,4995060
yjbJ_predicted,0.3333333333333333,2,2,ATCGATATGCACGTTGGCCT,0,5019716
yjbJ_predicted,0.3333333333333333,2,2,ATCGAGCGAGACTGCTCTCC,0,5016934
yjbJ_predicted,0.3333333333333333,2,2,ATCGACAGTGTTAATATGGG,0,5027154
yjbJ_predicted,0.3333333333333333,2,2,ATCGAAATCATAGAACGTTG,0,5015186
yjbJ_predicted,0.3333333333333333,2,2,ATCCCAGCTGTCCACGAGGA,0,5029781
yjbJ_predicted,0.3333333333333333,2,2,ATCCACCAGGCAGTAATGGG,0,5009377
yjbJ_predicted,0.3333333333333333,2,2,ATCATTTCAAGTGATCCATG,0,5019308
yjbJ_predicted,0.3333333333333333,2,2,ATATTAGAAGATCTTCTCCC,0,5020163
yjbJ_predicted,0.3333333333333333,2,2,ATATACGGAGAAAGGTACCA,0,5001795
yjbJ_predicted,0.3333333333333333,2,2,ATAGTGCGGCACGTGAAATG,0,5002272
yjbJ_predicted,0.3333333333333333,2,2,ATAGTCCTCAGCCCTCCTAA,0,5025293
yjbJ_predicted,0.3333333333333333,2,2,ATAGTAGTGCAAGTTATTCA,0,5010868
yjbJ_predicted,0.3333333333333333,2,2,ATAGGTTACCGGTTACTGAA,0,5002239
yjbJ_predicted,0.3333333333333333,2,2,ATAGCTTACGGCGTGCTCCA,0,5000573
yjbJ_predicted,0.3333333333333333,2,2,ATAGCTGAAGTACGGTGATA,0,5028780
yjbJ_predicted,0.3333333333333333,2,2,ATAGCGCTCTGGGGATTGCT,0,5018608
yjbJ_predicted,0.3333333333333333,2,2,ATAGCGATTTTCTCAAATGG,0,5007613
yjbJ_predicted,0.3333333333333333,2,2,ATAGCGAAGTGTTTGTGTGG,0,5030289
yjbJ_predicted,0.3333333333333333,2,2,ATAGCCATATCAATAATCTA,0,5012081
yjbJ_predicted,0.3333333333333333,2,2,ATAGAGCCGCGCCCGGAAGC,0,4995680
yjbJ_predicted,0.3333333333333333,2,2,ATACTGCTATTGGTGACGTA,0,5001081
yjbJ_predicted,0.3333333333333333,2,2,ATACGTAGCTTGATAGTGCT,0,4995989
yjbJ_predicted,0.3333333333333333,2,2,ATACCTTGTCCCGTATCTAA,0,5013946
yjbJ_predicted,0.3333333333333333,2,2,ATACCGTTAGGAGGTTCACA,0,5028025
yjbJ_predicted,0.3333333333333333,2,2,ATACATGGGGCGCTGACGGA,0,5018303
yjbJ_predicted,0.3333333333333333,2,2,ATAATTTATCTCGTAGGTGT,0,5002713
yjbJ_predicted,0.3333333333333333,2,2,ATAATTACAGGGTCAAGCCC,0,5004499
yjbJ_predicted,0.3333333333333333,2,2,ATAATGTGGCACTTGAGGTG,0,5028174
yjbJ_predicted,0.3333333333333333,2,2,ATAATGAGCGCCCGTCAGTG,0,5008736
yjbJ_predicted,0.3333333333333333,2,2,ATAATGAATGCCATCTCAAC,0,5014702
yjbJ_predicted,0.3333333333333333,2,2,ATAATCTCGAGCGCAAACTC,0,5020600
yjbJ_predicted,0.3333333333333333,2,2,ATAATCAAGCTTTCACATGC,0,5013205
yjbJ_predicted,0.3333333333333333,2,2,ATAATATCATACGTAGCAAG,0,5012839
yjbJ_predicted,0.3333333333333333,2,2,ATAAATATAGGGATTTGTCA,0,5015146
yjbJ_predicted,0.3333333333333333,2,2,ATAAACCGTGAGCCATCGAC,0,5021413
yjbJ_predicted,0.3333333333333333,2,2,ATAAAAAACCTGTCATGCAA,0,5021295
yjbJ_predicted,0.3333333333333333,2,2,AGTTGCTGCGCTGGACACTG,0,5022478
yjbJ_predicted,0.3333333333333333,2,2,AGTTGCGGGCGTACGGCATG,0,5009694
yjbJ_predicted,0.3333333333333333,2,2,AGTTAATGCTACAATGCCAC,0,5018236
yjbJ_predicted,0.3333333333333333,2,2,AGTGTTTGGGAAATGGACAT,0,5003503
yjbJ_predicted,0.3333333333333333,2,2,AGTGTCTAAATTTGCAATTA,0,5028785
yjbJ_predicted,0.3333333333333333,2,2,AGTGGTTGGAGTCTGAGGTA,0,5015670
yjbJ_predicted,0.3333333333333333,2,2,AGTCGCATTTCGGTGCGTAC,0,5009468
yjbJ_predicted,0.3333333333333333,2,2,AGTCGAGGCCCTTTATATAG,0,5005699
yjbJ_predicted,0.3333333333333333,2,2,AGTATGTGGCACCTCCGTAA,0,5018155
yjbJ_predicted,0.3333333333333333,2,2,AGTATATATTCGTACTACCG,0,5010497
yjbJ_predicted,0.3333333333333333,2,2,AGTAGGTGCTACCTTCCCCC,0,5018840
yjbJ_predicted,0.3333333333333333,2,2,AGTAGACACCATTCACCAAA,0,5004916
yjbJ_predicted,0.3333333333333333,2,2,AGTAGAACGGCGAGTTCGCC,0,5024839
yjbJ_predicted,0.3333333333333333,2,2,AGTACTTGTTCGCAGGTCGC,0,4996694
yjbJ_predicted,0.3333333333333333,2,2,AGTACTTGTACACGCAACCC,0,5003836
yjbJ_predicted,0.3333333333333333,2,2,AGTACCTAGTGTAACATCCA,0,5015886
yjbJ_predicted,0.3333333333333333,2,2,AGGTTGATACGGCCGCGGAA,0,5024073
yjbJ_predicted,0.3333333333333333,2,2,AGGTTGAGCCCTCGGGATAA,0,5012517
yjbJ_predicted,0.3333333333333333,2,2,AGGTGTTTCGTCAATGTTCC,0,5018811
yjbJ_predicted,0.3333333333333333,2,2,AGGTGGTATAACGGCATTCT,0,5023400
yjbJ_predicted,0.3333333333333333,2,2,AGGTGACTCGGGTTGTCTTG,0,5013308
yjbJ_predicted,0.3333333333333333,2,2,AGGTGAAACCCAGATCTGGC,0,5005800
yjbJ_predicted,0.3333333333333333,2,2,AGGGGCTGGTCATAGCTGCG,0,5010401
yjbJ_predicted,0.3333333333333333,2,2,AGGGAGAGGGTAGCGCGTCA,0,5011328
yjbJ_predicted,0.3333333333333333,2,2,AGGGACGAAGGTCAGCTTTC,0,5011109
yjbJ_predicted,0.3333333333333333,2,2,AGGCGATCACTATCGGGAGA,0,4996329
yjbJ_predicted,0.3333333333333333,2,2,AGGCCTCACGGGAATGAATT,0,5002739
yjbJ_predicted,0.3333333333333333,2,2,AGGCCGTAAACCGCGAGATT,0,5027367
yjbJ_predicted,0.3333333333333333,2,2,AGGAGTGCGACGGATGCAGG,0,5003765
yjbJ_predicted,0.3333333333333333,2,2,AGGAACCACCATAAGTCGGC,0,5021053
yjbJ_predicted,0.3333333333333333,2,2,AGGAACACTCTAACTACTGA,0,5017507
yjbJ_predicted,0.3333333333333333,2,2,AGCTTGGTATATATAGTAGC,0,4995953
yjbJ_predicted,0.3333333333333333,2,2,AGCTCGAGGCTAATTGCACT,0,4999961
yjbJ_predicted,0.3333333333333333,2,2,AGCTCCGGATAGGCCCCACT,0,5015155
yjbJ_predicted,0.3333333333333333,2,2,AGCGTAACAGACGTAATGAG,0,4997288
yjbJ_predicted,0.3333333333333333,2,2,AGCGGGTTTAGGCTAGGGAT,0,4997250
yjbJ_predicted,0.3333333333333333,2,2,AGCGGACTCCTATAGTGCGC,0,5020310
yjbJ_predicted,0.3333333333333333,2,2,AGCGACAAGGAGGTTAAGCA,0,5017270
yjbJ_predicted,0.3333333333333333,2,2,AGCGAAATAATAGTAACTGG,0,5024876
yjbJ_predicted,0.3333333333333333,2,2,AGCCTGGTCATTGGGATCAG,0,5002429
yjbJ_predicted,0.3333333333333333,2,2,AGCCGGGTACGGAAATCCAA,0,5028861
yjbJ_predicted,0.3333333333333333,2,2,AGCCCTGGGTCTGAGCATTA,0,4998133
yjbJ_predicted,0.3333333333333333,2,2,AGCATCGGCGTCCGCAGTAA,0,5015499
yjbJ_predicted,0.3333333333333333,2,2,AGCATATCTAATATCATAAA,0,5008496
yjbJ_predicted,0.3333333333333333,2,2,AGCAGTTAGCAGGCGCGCTG,0,5015300
yjbJ_predicted,0.3333333333333333,2,2,AGCAGCCGTGATATACAGAG,0,5000513
yjbJ_predicted,0.3333333333333333,2,2,AGATTTTTACAAAGCCCTCA,0,5028460
yjbJ_predicted,0.3333333333333333,2,2,AGATTTATTTCACAATGAGT,0,5009094
yjbJ_predicted,0.3333333333333333,2,2,AGATCTAAATTAATCGCTAG,0,5025671
yjbJ_predicted,0.3333333333333333,2,2,AGATCAGTACATTTCCATCG,0,5001277
yjbJ_predicted,0.3333333333333333,2,2,AGAGCCAGTAAGTGTGCTAT,0,5000323
yjbJ_predicted,0.3333333333333333,2,2,AGAGCAGACTGTTGTTCACT,0,5016730
yjbJ_predicted,0.3333333333333333,2,2,AGAGACTCCGATGGGTTTCA,0,5015354
yjbJ_predicted,0.3333333333333333,2,2,AGACTTTGAAACTCTGATTC,0,5026814
yjbJ_predicted,0.3333333333333333,2,2,AGACTCTCGGCGTCGCGTGT,0,4998674
yjbJ_predicted,0.3333333333333333,2,2,AGACTCCACGTCAGGACCCT,0,5002971
yjbJ_predicted,0.3333333333333333,2,2,AGACTCACAGTAAAGCGAGG,0,5020164
yjbJ_predicted,0.3333333333333333,2,2,AGAATATCGTTTGAACCCTA,0,5014873
yjbJ_predicted,0.3333333333333333,2,2,AGAACGGCGGAACAAGCCCT,0,5026708
yjbJ_predicted,0.3333333333333333,2,2,ACTTTATTAAGCGCTTCCTT,0,5022960
yjbJ_predicted,0.3333333333333333,2,2,ACTTGTATCGGTTCGGTCCA,0,5010363
yjbJ_predicted,0.3333333333333333,2,2,ACTTGCATCTGCGCAGAAAG,0,5030934
yjbJ_predicted,0.3333333333333333,2,2,ACTTGACGTAACTAAACGGA,0,5010469
yjbJ_predicted,0.3333333333333333,2,2,ACTTCAATTTTTTATGAGTC,0,5017861
yjbJ_predicted,0.3333333333333333,2,2,ACTTACCTCCATAATGCCAT,0,4997798
yjbJ_predicted,0.3333333333333333,2,2,ACTGTTTATCCCCTGATTTT,0,5003358
yjbJ_predicted,0.3333333333333333,2,2,ACTGTGCGGTAGGGCTAGCT,0,5022029
yjbJ_predicted,0.3333333333333333,2,2,ACTGTGACGAATTGCTGGCA,0,5003348
yjbJ_predicted,0.3333333333333333,2,2,ACTGTCAACAGATCCTTGGT,0,5010828
yjbJ_predicted,0.3333333333333333,2,2,ACTGTAGCCGGGATTTCAAT,0,5011501
yjbJ_predicted,0.3333333333333333,2,2,ACTGGGTGGAGAAAGGGTGT,0,5016867
yjbJ_predicted,0.3333333333333333,2,2,ACTGCAGCGGTCCTAGGACA,0,5005177
yjbJ_predicted,0.3333333333333333,2,2,ACTGAGCGTGCCCAGTGATC,0,4998973
yjbJ_predicted,0.3333333333333333,2,2,ACTCTACCTTTGTAAACTGT,0,4994818
yjbJ_predicted,0.3333333333333333,2,2,ACTCTAATCACTTCGGCGGA,0,4995030
yjbJ_predicted,0.3333333333333333,2,2,ACTCGTTCCCTCGCGGATGC,0,5006941
yjbJ_predicted,0.3333333333333333,2,2,ACTCGACGCAACCCAGTAGT,0,5018859
yjbJ_predicted,0.3333333333333333,2,2,ACTCCACCAAGGAGTCCGGT,0,5007129
yjbJ_predicted,0.3333333333333333,2,2,ACTCACGGAATATCAAAATA,0,5009204
yjbJ_predicted,0.3333333333333333,2,2,ACTAAGTGGCACCCTCCAGA,0,5012264
yjbJ_predicted,0.3333333333333333,2,2,ACGTTGTCTCGCAGTCTTAA,0,5006418
yjbJ_predicted,0.3333333333333333,2,2,ACGTGTTCACATGCTCCCCG,0,5021212
yjbJ_predicted,0.3333333333333333,2,2,ACGTGCCCGCCCATATACCA,0,4997840
yjbJ_predicted,0.3333333333333333,2,2,ACGTGCCACAAAATAAACGC,0,4996034
yjbJ_predicted,0.3333333333333333,2,2,ACGTCCCTTACCGGCGGAGT,0,5002001
yjbJ_predicted,0.3333333333333333,2,2,ACGTCACAATATCGCGACAC,0,5023130
yjbJ_predicted,0.3333333333333333,2,2,ACGTAGATTGGGCAGAATCC,0,5000435
yjbJ_predicted,0.3333333333333333,2,2,ACGGTTTACTTGTTCATACA,0,5008547
yjbJ_predicted,0.3333333333333333,2,2,ACGGGTTACAAAATACAAGT,0,5008580
yjbJ_predicted,0.3333333333333333,2,2,ACGGGGCTGGTACGACAGTG,0,4996394
yjbJ_predicted,0.3333333333333333,2,2,ACGGGCATCTTACGTTCAAG,0,5025739
yjbJ_predicted,0.3333333333333333,2,2,ACGGCGCCTTTTAGTTTGGG,0,5010421
yjbJ_predicted,0.3333333333333333,2,2,ACGGCGAACGGGGTGGAATA,0,5013352
yjbJ_predicted,0.3333333333333333,2,2,ACGGCAAAATTTTAGGATTC,0,4998829
yjbJ_predicted,0.3333333333333333,2,2,ACGGATCCACGACTTATTCT,0,4998895
yjbJ_predicted,0.3333333333333333,2,2,ACGGAAGGCGAAGACCGAGC,0,5006900
yjbJ_predicted,0.3333333333333333,2,2,ACGCTGAGCATCCTCGCGGC,0,5009044
yjbJ_predicted,0.3333333333333333,2,2,ACGCGCAGCTAACCTGGCGA,0,4995358
yjbJ_predicted,0.3333333333333333,2,2,ACGCCTCTAAAAAGGTGTGG,0,5022451
yjbJ_predicted,0.3333333333333333,2,2,ACGCACTAGCCTGGAATGGA,0,4997648
yjbJ_predicted,0.3333333333333333,2,2,ACGATGCGAATATCTGTTTG,0,5017510
yjbJ_predicted,0.3333333333333333,2,2,ACGATCCAAACTATCGATAT,0,5005504
yjbJ_predicted,0.3333333333333333,2,2,ACGAGCTGCTCATTTAACTG,0,5009968
yjbJ_predicted,0.3333333333333333,2,2,ACGAGCTATTTAACTTTTCC,0,4994972
yjbJ_predicted,0.3333333333333333,2,2,ACGACGTGTCTAAGCGAAAC,0,5025935
yjbJ_predicted,0.3333333333333333,2,2,ACGACGAGAATCCGTTACGG,0,5023606
yjbJ_predicted,0.3333333333333333,2,2,ACGAATGTGGAACTGTAGGC,0,5015997
yjbJ_predicted,0.3333333333333333,2,2,ACGAAACCTATCTTTCGGTC,0,5012825
yjbJ_predicted,0.3333333333333333,2,2,ACCTTGGCCCCCGGTGCTCA,0,5012321
yjbJ_predicted,0.3333333333333333,2,2,ACCTGTCTAGGATCAGCGGC,0,5022682
yjbJ_predicted,0.3333333333333333,2,2,ACCTGAGTATCTAGGGCTTA,0,4998723
yjbJ_predicted,0.3333333333333333,2,2,ACCTAGGAATCCGCTTTTCA,0,4995430
yjbJ_predicted,0.3333333333333333,2,2,ACCTACATTCCATCATTTGT,0,5020875
yjbJ_predicted,0.3333333333333333,2,2,ACCGTTAGGGAATTATAACA,0,5015311
yjbJ_predicted,0.3333333333333333,2,2,ACCGGTTACGTGGATCATAG,0,5011235
yjbJ_predicted,0.3333333333333333,2,2,ACCGGTCGAGGCGGGGCGCG,0,5009526
yjbJ_predicted,0.3333333333333333,2,2,ACCGGGGGCGGTCACAAGAA,0,5028901
yjbJ_predicted,0.3333333333333333,2,2,ACCGCTTGGATTAAGAGTTT,0,5031266
yjbJ_predicted,0.3333333333333333,2,2,ACCGCCGTGCCCTCCGTAGG,0,4996350
yjbJ_predicted,0.3333333333333333,2,2,ACCGAGGCCTCAGACGCAAT,0,5005587
yjbJ_predicted,0.3333333333333333,2,2,ACCCCCCGGACCAACGGTTC,0,5028491
yjbJ_predicted,0.3333333333333333,2,2,ACCATGAAAGGCGTGCAGTT,0,5000213
yjbJ_predicted,0.3333333333333333,2,2,ACCATAGATTCGCCCGTTCG,0,5031265
yjbJ_predicted,0.3333333333333333,2,2,ACCACAGCTGACATCTTCCA,0,5010588
yjbJ_predicted,0.3333333333333333,2,2,ACCAATAGTAAAGCCCGATA,0,5003192
yjbJ_predicted,0.3333333333333333,2,2,ACATTTCCTGCACTCAAGGA,0,5014645
yjbJ_predicted,0.3333333333333333,2,2,ACATGTTGCTTGCCACACTC,0,4997483
yjbJ_predicted,0.3333333333333333,2,2,ACATCCGTTGTGCAACCTAC,0,5029292
yjbJ_predicted,0.3333333333333333,2,2,ACATCACCTCGGCCGGTACA,0,4999670
yjbJ_predicted,0.3333333333333333,2,2,ACATAGGACATCTACACGCT,0,5026747
yjbJ_predicted,0.3333333333333333,2,2,ACATAGAAAGTGATTCTTAG,0,5020509
yjbJ_predicted,0.3333333333333333,2,2,ACATAATTTTTGCATGATAC,0,5015574
yjbJ_predicted,0.3333333333333333,2,2,ACATAAAAATACCTTGCAAG,0,5027876
yjbJ_predicted,0.3333333333333333,2,2,ACAGTTGGCGGTCCAGTTCG,0,5002349
yjbJ_predicted,0.3333333333333333,2,2,ACAGGTTCTGCAATGAAGAT,0,5013612
yjbJ_predicted,0.3333333333333333,2,2,ACAGGAGCCCTTAGCGGACA,0,5019435
yjbJ_predicted,0.3333333333333333,2,2,ACAGCTGAGTGAACTGTAGG,0,5021981
yjbJ_predicted,0.3333333333333333,2,2,ACAGCTCTCCTAGAAGGTCT,0,5016945
yjbJ_predicted,0.3333333333333333,2,2,ACAGCGAGCCAACGCCATGC,0,5003021
yjbJ_predicted,0.3333333333333333,2,2,ACAGCCTTCATACGCGGCAC,0,4996770
yjbJ_predicted,0.3333333333333333,2,2,ACACTGACTGATCATGCTTC,0,5009859
yjbJ_predicted,0.3333333333333333,2,2,ACACTCCGGCAGGGCAAAAG,0,5027865
yjbJ_predicted,0.3333333333333333,2,2,ACACCGTTATACCCTAAAGT,0,5001194
yjbJ_predicted,0.3333333333333333,2,2,ACACCGGAGTCTTATAGACA,0,5027402
yjbJ_predicted,0.3333333333333333,2,2,ACACCGACGTTCACTTTGAC,0,4999700
yjbJ_predicted,0.3333333333333333,2,2,ACACATTATAGAGAAGCATT,0,5014892
yjbJ_predicted,0.3333333333333333,2,2,ACACAAAAGATTCCATTCCA,0,5025806
yjbJ_predicted,0.3333333333333333,2,2,ACAATGGCATATGTCTAACA,0,5022530
yjbJ_predicted,0.3333333333333333,2,2,ACAATGCATTTCCGAAGGAA,0,4997355
yjbJ_predicted,0.3333333333333333,2,2,ACAAGAGATCAAGTGCTTTG,0,5000387
yjbJ_predicted,0.3333333333333333,2,2,ACAAAGTAAGACCACAGAAA,0,5019101
yjbJ_predicted,0.3333333333333333,2,2,ACAAAGCGGCTCTATGGACT,0,5024392
yjbJ_predicted,0.3333333333333333,2,2,AATTGGTTCCATCATACTTG,0,5027246
yjbJ_predicted,0.3333333333333333,2,2,AATTAACGCCACAATGTGAC,0,5028224
yjbJ_predicted,0.3333333333333333,2,2,AATGGACGGGCATAAAGTCT,0,5014294
yjbJ_predicted,0.3333333333333333,2,2,AATGCACGGTGATTCAATCC,0,5001079
yjbJ_predicted,0.3333333333333333,2,2,AATCTATCGGTGTCCATAAG,0,5019770
yjbJ_predicted,0.3333333333333333,2,2,AATCGCCAGAGCGGGGAGCA,0,5018571
yjbJ_predicted,0.3333333333333333,2,2,AATCCTCACGGTCCCTCTCC,0,5025588
yjbJ_predicted,0.3333333333333333,2,2,AATCCGATTGTATGTGAGGC,0,5029233
yjbJ_predicted,0.3333333333333333,2,2,AATCAAAGTCCAACACTTCG,0,5021596
yjbJ_predicted,0.3333333333333333,2,2,AATAGCGGGGTGGCCCTGGG,0,5008561
yjbJ_predicted,0.3333333333333333,2,2,AATACTTCATCTCTCCTGCA,0,4999067
yjbJ_predicted,0.3333333333333333,2,2,AATACGTTATGACTAATGCT,0,4999336
yjbJ_predicted,0.3333333333333333,2,2,AATAAAGTATTACGACTGTT,0,5016195
yjbJ_predicted,0.3333333333333333,2,2,AATAAACTTACGATTTGACT,0,5019437
yjbJ_predicted,0.3333333333333333,2,2,AAGTTAAAGTAAGAAGCCTG,0,5003740
yjbJ_predicted,0.3333333333333333,2,2,AAGTCTGCAACCGCAATGAC,0,5009373
yjbJ_predicted,0.3333333333333333,2,2,AAGTCCGCATATTGCGTCTA,0,5029669
yjbJ_predicted,0.3333333333333333,2,2,AAGGTAATGTTCTATTGAAG,0,5014031
yjbJ_predicted,0.3333333333333333,2,2,AAGGTAAATCCAATGCATTA,0,5003904
yjbJ_predicted,0.3333333333333333,2,2,AAGGGCATACTCGGAGCCAC,0,5005869
yjbJ_predicted,0.3333333333333333,2,2,AAGGCTGAGGTACGTTGCCT,0,4998800
yjbJ_predicted,0.3333333333333333,2,2,AAGGCGAGTTACTGACCCGC,0,5029522
yjbJ_predicted,0.3333333333333333,2,2,AAGGAATGCACGTGACTGAG,0,4997387
yjbJ_predicted,0.3333333333333333,2,2,AAGCTTTGTGAGTCCCCAAA,0,5002359
yjbJ_predicted,0.3333333333333333,2,2,AAGCTTGTTCCGAATCGATG,0,5027510
yjbJ_predicted,0.3333333333333333,2,2,AAGCGGTGCAGCCTATAAAG,0,5031124
yjbJ_predicted,0.3333333333333333,2,2,AAGCGCTGGGTCGGCGATGG,0,4997902
yjbJ_predicted,0.3333333333333333,2,2,AAGCGAACTCGCCACGGGGT,0,5030917
yjbJ_predicted,0.3333333333333333,2,2,AAGCCGCCTGGCTGCAGAGA,0,4996515
yjbJ_predicted,0.3333333333333333,2,2,AAGCCCTATCATACGGGGGT,0,5004676
yjbJ_predicted,0.3333333333333333,2,2,AAGCCCCTAGATAGTAGCCA,0,5000497
yjbJ_predicted,0.3333333333333333,2,2,AAGCCAAGAACAAGGTCCTT,0,5026645
yjbJ_predicted,0.3333333333333333,2,2,AAGCATGCAGAGGTTTCTCA,0,5029884
yjbJ_predicted,0.3333333333333333,2,2,AAGCAAGCTCTGGCTGGCAT,0,5017019
yjbJ_predicted,0.3333333333333333,2,2,AAGATTCCTATTTGCATTTA,0,5025755
yjbJ_predicted,0.3333333333333333,2,2,AAGATCGTTCGGTACGGGAC,0,5011786
yjbJ_predicted,0.3333333333333333,2,2,AAGAGGGGAAGTCCGTGTTA,0,4996044
yjbJ_predicted,0.3333333333333333,2,2,AAGAGCATCATATCGTTAGG,0,5012150
yjbJ_predicted,0.3333333333333333,2,2,AAGAATTACTGCCAACTTGT,0,5019402
yjbJ_predicted,0.3333333333333333,2,2,AACTTCAGGATCCAGTAAAT,0,5018362
yjbJ_predicted,0.3333333333333333,2,2,AACTGCTGCCTGCTTTTAGA,0,5003837
yjbJ_predicted,0.3333333333333333,2,2,AACTATTCGTAGGCTGATTA,0,5005344
yjbJ_predicted,0.3333333333333333,2,2,AACTAGGAGTCGTTTCGTTG,0,5017299
yjbJ_predicted,0.3333333333333333,2,2,AACGGTTTGAGAGTCATCAT,0,5015780
yjbJ_predicted,0.3333333333333333,2,2,AACGGGTTCTTCGCCGATTA,0,5007997
yjbJ_predicted,0.3333333333333333,2,2,AACGGAGCGGATTGCAGATC,0,5013208
yjbJ_predicted,0.3333333333333333,2,2,AACGATCTATCTACGTCATG,0,4996241
yjbJ_predicted,0.3333333333333333,2,2,AACGATCGCGTTACCAGCTA,0,4998438
yjbJ_predicted,0.3333333333333333,2,2,AACGAGCGCTGCACAGCCTA,0,5006919
yjbJ_predicted,0.3333333333333333,2,2,AACCTCACTCGTGAGCGGAA,0,4995763
yjbJ_predicted,0.3333333333333333,2,2,AACCGTATCATTACGCCATA,0,5009576
yjbJ_predicted,0.3333333333333333,2,2,AACCGATGTTTGGCGTTATA,0,5028463
yjbJ_predicted,0.3333333333333333,2,2,AAATTGTCTCACAACCGCAC,0,5029289
yjbJ_predicted,0.3333333333333333,2,2,AAATTCATGCTGTTATGATA,0,5022220
yjbJ_predicted,0.3333333333333333,2,2,AAATGCGTGGCTTAGCAAGC,0,5021404
yjbJ_predicted,0.3333333333333333,2,2,AAAGTTGAGGCGGGGCAGAG,0,5024851
yjbJ_predicted,0.3333333333333333,2,2,AAAGTCAAGTTTACCTACGA,0,5005877
yjbJ_predicted,0.3333333333333333,2,2,AAAGTATGAGTGGATGTTGG,0,5003675
yjbJ_predicted,0.3333333333333333,2,2,AAAGGGTCAACATCCGCCCC,0,5004732
yjbJ_predicted,0.3333333333333333,2,2,AAAGGCTCACATTTACTCTG,0,5010458
yjbJ_predicted,0.3333333333333333,2,2,AAAGGCGTTCAGGGCTGACG,0,5014754
yjbJ_predicted,0.3333333333333333,2,2,AAAGGATCGGTACGTTTGCT,0,4994688
yjbJ_predicted,0.3333333333333333,2,2,AAAGCTGGTAATACTGGGTC,0,4996569
yjbJ_predicted,0.3333333333333333,2,2,AAAGCCGGTCCCGTCTAAAA,0,4996585
yjbJ_predicted,0.3333333333333333,2,2,AAACTTTTGAAGTGTATCCA,0,5022955
yjbJ_predicted,0.3333333333333333,2,2,AAACTCTCATTCCAAGAAAT,0,4999317
yjbJ_predicted,0.3333333333333333,2,2,AAACTATACTCTATCTAGCA,0,5001688
yjbJ_predicted,0.3333333333333333,2,2,AAACGAGATGGGCTAATTAT,0,5000857
yjbJ_predicted,0.3333333333333333,2,2,AAACCTACGTGCAGTGTGAA,0,4995384
yjbJ_predicted,0.3333333333333333,2,2,AAACCGGGAATATGAAACCG,0,5029854
yjbJ_predicted,0.3333333333333333,2,2,AAACATTTTTTTAGGGTCAC,0,5017412
yjbJ_predicted,0.3333333333333333,2,2,AAACACTTCTTTTGTTGACA,0,5008739
yjbJ_predicted,0.3333333333333333,2,2,AAAATGCCGGCCCGAAAAAT,0,5014786
yjbJ_predicted,0.3333333333333333,2,2,AAAAGTATGTGAAAGTAAAC,0,4998247
yjbJ_predicted,0.3333333333333333,2,2,AAAAGAAGGACGATGGCCCA,0,5010581
yjbJ_predicted,0.3333333333333333,2,2,AAAACTTCTGCGGACTGGCA,0,5026864
yjbJ_predicted,0.5,1,1,TTTTTTGTCTGCCATCAGGG,0,5001879
yjbJ_predicted,0.5,1,1,TTTTTTGGCTATGTGTTGCT,0,5009082
yjbJ_predicted,0.5,1,1,TTTTTGAATTTTCCCGCCGT,0,5012905
yjbJ_predicted,0.5,1,1,TTTTTACACGATGCTGCGGA,0,5031241
yjbJ_predicted,0.5,1,1,TTTTGTGAGTAGTGCGATTC,0,5030116
yjbJ_predicted,0.5,1,1,TTTTCTAACGGCTCAGTGAG,0,5004255
yjbJ_predicted,0.5,1,1,TTTTCAGGTGTCGGGTCTTT,0,4999443
yjbJ_predicted,0.5,1,1,TTTGTTTCTGCGTCGCACGG,0,5004573
yjbJ_predicted,0.5,1,1,TTTGTTCAGCCCCGTTTCCC,0,5026550
yjbJ_predicted,0.5,1,1,TTTGTGCCTTAGTAGTTTAC,0,4998985
yjbJ_predicted,0.5,1,1,TTTGTGAAACGGCTTATACC,0,5010779
yjbJ_predicted,0.5,1,1,TTTGGAATCTGCTATGAGGG,0,5007671
yjbJ_predicted,0.5,1,1,TTTGAGATGGCCAGACTATC,0,5005579
yjbJ_predicted,0.5,1,1,TTTGAAACGCAACGTGTGCG,0,5019026
yjbJ_predicted,0.5,1,1,TTTCTTATAACGTTGTTCCT,0,5012397
yjbJ_predicted,0.5,1,1,TTTCTCCCTCATTAAATGTA,0,5024978
yjbJ_predicted,0.5,1,1,TTTCTCCAGGGTATAGCGGG,0,5019307
yjbJ_predicted,0.5,1,1,TTTCGTCTGGTAAAACTCAG,0,5005904
yjbJ_predicted,0.5,1,1,TTTCGAATCCCCGTGTAACC,0,5008993
yjbJ_predicted,0.5,1,1,TTTCCTGTATCGTGATATCA,0,5017963
yjbJ_predicted,0.5,1,1,TTTCATTCCACACTGTTATA,0,5025543
yjbJ_predicted,0.5,1,1,TTTCAGTATACGAAGGTCAT,0,4997764
yjbJ_predicted,0.5,1,1,TTTCAGGACGCCGGTTAGAG,0,5002948
yjbJ_predicted,0.5,1,1,TTTCAGCCGGTATTAAGTGT,0,5018206
yjbJ_predicted,0.5,1,1,TTTATCTGCCGATAACGCTG,0,5024775
yjbJ_predicted,0.5,1,1,TTTATAAGGTGACGCGGATT,0,5008423
yjbJ_predicted,0.5,1,1,TTTAGCCGGACCTGAAGGGC,0,5000969
yjbJ_predicted,0.5,1,1,TTTAGCAAACGGTAATGCCC,0,5001695
yjbJ_predicted,0.5,1,1,TTTAGAGTACGTCCATCCCT,0,5010099
yjbJ_predicted,0.5,1,1,TTTAACAGTGACGTCCATAA,0,5023191
yjbJ_predicted,0.5,1,1,TTGTTGTGATCCTGGACATT,0,5030881
yjbJ_predicted,0.5,1,1,TTGTTCTGCTGGCGCTGATT,0,5022846
yjbJ_predicted,0.5,1,1,TTGTCGTATGGGCAGCGGAC,0,5005551
yjbJ_predicted,0.5,1,1,TTGTACGCTACGACTCTCGG,0,5020976
yjbJ_predicted,0.5,1,1,TTGGTTAATCCTCACGCATC,0,5007890
yjbJ_predicted,0.5,1,1,TTGGGTGTAGACGGCGGTGT,0,5019091
yjbJ_predicted,0.5,1,1,TTGGCTGGACCGGATATGAT,0,5010302
yjbJ_predicted,0.5,1,1,TTGGCGTGCCTGGATATTGT,0,5026199
yjbJ_predicted,0.5,1,1,TTGGAGGGGTATGACTTAGA,0,5012903
yjbJ_predicted,0.5,1,1,TTGGACAACTACGGATTACA,0,5022162
yjbJ_predicted,0.5,1,1,TTGCTAGCGTTTTACGCGAA,0,5018381
yjbJ_predicted,0.5,1,1,TTGCTAGCGAACCGGCGTTC,0,5010046
yjbJ_predicted,0.5,1,1,TTGCGGAATAAGCTACCAAC,0,5018304
yjbJ_predicted,0.5,1,1,TTGCGAAGCTATTTGTCCTA,0,5012094
yjbJ_predicted,0.5,1,1,TTGAGGCCGTAGGTAGTAAG,0,5012900
yjbJ_predicted,0.5,1,1,TTGAGCAGAAGGTATATGGT,0,5024812
yjbJ_predicted,0.5,1,1,TTGAGATCGTTCCGACATAC,0,5001417
yjbJ_predicted,0.5,1,1,TTGAATTAGTTTGTGGTGAG,0,5005323
yjbJ_predicted,0.5,1,1,TTCTGTTTGTATCCATGCTC,0,5029594
yjbJ_predicted,0.5,1,1,TTCTGATGCCACACAGCCAG,0,5016387
yjbJ_predicted,0.5,1,1,TTCTCCCGGCTACGTGCAGC,0,5018673
yjbJ_predicted,0.5,1,1,TTCGTAAAGGCAATGTTTAG,0,5016337
yjbJ_predicted,0.5,1,1,TTCGGGTATCCCCTGTCACA,0,5010324
yjbJ_predicted,0.5,1,1,TTCGGGGTATGTCGGATAAG,0,5012983
yjbJ_predicted,0.5,1,1,TTCGAGATCTCACGCACATG,0,5022804
yjbJ_predicted,0.5,1,1,TTCGACCCTGCCTGGGTGGT,0,5007669
yjbJ_predicted,0.5,1,1,TTCCGGCGAAACTGGGTCCC,0,5021766
yjbJ_predicted,0.5,1,1,TTCCGCGCTCGGTAGCCAGA,0,5028549
yjbJ_predicted,0.5,1,1,TTCCGATTGCAATTAAAGAC,0,4999821
yjbJ_predicted,0.5,1,1,TTCCCGCGGGGTAGATTTCT,0,5015864
yjbJ_predicted,0.5,1,1,TTCCCACGAAAGATGCATAC,0,5026985
yjbJ_predicted,0.5,1,1,TTCATGGACAAGTCGGTGGT,0,4994866
yjbJ_predicted,0.5,1,1,TTCATGATCCCGGGCAACTT,0,4995434
yjbJ_predicted,0.5,1,1,TTCAGCGGGAGAGATGGCTA,0,5031290
yjbJ_predicted,0.5,1,1,TTCAGAAGTATCAGGAGGTT,0,5026405
yjbJ_predicted,0.5,1,1,TTCACGGAGTCTGCCTCCTT,0,5025269
yjbJ_predicted,0.5,1,1,TTCACCAGTTTGAAGAACTT,0,4996836
yjbJ_predicted,0.5,1,1,TTCAATAAGTGTGTGCTGTC,0,5025259
yjbJ_predicted,0.5,1,1,TTATTGGACTTCACTCACTG,0,5000678
yjbJ_predicted,0.5,1,1,TTATTCTATCCATTAGTCCT,0,5001807
yjbJ_predicted,0.5,1,1,TTATTCACGCCGAACCGTCA,0,5006363
yjbJ_predicted,0.5,1,1,TTATTATGCTTCAGATGTAA,0,5028653
yjbJ_predicted,0.5,1,1,TTATGCGCAGAGACGTGGGG,0,5020775
yjbJ_predicted,0.5,1,1,TTAGTTTCGCTCTTTTTTGT,0,5011465
yjbJ_predicted,0.5,1,1,TTAGTGCAGACACCCCGAAA,0,5002481
yjbJ_predicted,0.5,1,1,TTAGGTGTTATCATTTTAGG,0,5008864
yjbJ_predicted,0.5,1,1,TTAGGGGCCTATTGATGGCA,0,4999034
yjbJ_predicted,0.5,1,1,TTAGGGCTTTTGGATAAGAG,0,4996629
yjbJ_predicted,0.5,1,1,TTAGGACATCGCTACCCCCG,0,5028563
yjbJ_predicted,0.5,1,1,TTACTTATAAAGATGCTCGC,0,5022555
yjbJ_predicted,0.5,1,1,TTACGTCATATCCAAGCGCG,0,5027440
yjbJ_predicted,0.5,1,1,TTACATTTATTCGCGGTTAG,0,5012787
yjbJ_predicted,0.5,1,1,TTACAGTTTTTATTCCACTC,0,5023963
yjbJ_predicted,0.5,1,1,TTAATTAAACGCCTCTAGTG,0,4996988
yjbJ_predicted,0.5,1,1,TTAATCTACGGGGAGTAAGA,0,5013059
yjbJ_predicted,0.5,1,1,TTAATCCCCAGGCGTTGGAC,0,5025346
yjbJ_predicted,0.5,1,1,TTAATCATACTTTATAGTTT,0,5007677
yjbJ_predicted,0.5,1,1,TTAAGCCGGAATGGGGAGTC,0,4997481
yjbJ_predicted,0.5,1,1,TTAAATTTTCTATCTAGTTT,0,5002734
yjbJ_predicted,0.5,1,1,TTAAATTGCCATTATAAAAC,0,5001060
yjbJ_predicted,0.5,1,1,TGTTTCAGTTTGGCGGTTAT,0,5002785
yjbJ_predicted,0.5,1,1,TGTTGGACTGGCTTTTCCGA,0,5022147
yjbJ_predicted,0.5,1,1,TGTTGCTCTCCCCCGAATGC,0,4996851
yjbJ_predicted,0.5,1,1,TGTTCGGACTTCATCGTCCC,0,5008548
yjbJ_predicted,0.5,1,1,TGTTCAGGGGCATTGCCTCG,0,5023968
yjbJ_predicted,0.5,1,1,TGTTACTCTGCCGAGGTGTC,0,5002172
yjbJ_predicted,0.5,1,1,TGTTAACCTGCTATCTTTAT,0,5024796
yjbJ_predicted,0.5,1,1,TGTGTATCCCCCGCGGTGCC,0,5016447
yjbJ_predicted,0.5,1,1,TGTGGACTGATATGTGATGG,0,5010160
yjbJ_predicted,0.5,1,1,TGTGAGGTAAGGGCTGTAAA,0,5010350
yjbJ_predicted,0.5,1,1,TGTCTTTCCCGTCAGTCGTT,0,5011404
yjbJ_predicted,0.5,1,1,TGTCTACATAGTGGAATCCT,0,5021238
yjbJ_predicted,0.5,1,1,TGTCGGGTGTGGTTGTCCAA,0,5022699
yjbJ_predicted,0.5,1,1,TGTCGGCTAGCCAATAAGGA,0,4996605
yjbJ_predicted,0.5,1,1,TGTCGGCGTGATGAAAGTTA,0,4995105
yjbJ_predicted,0.5,1,1,TGTCCGTAATATAGGCACAC,0,5014315
yjbJ_predicted,0.5,1,1,TGTCCGAATTTGGACATTTA,0,4994920
yjbJ_predicted,0.5,1,1,TGTATGGGATTTCACAACTG,0,5029126
yjbJ_predicted,0.5,1,1,TGTATACTGTCCCAGATCAA,0,5016048
yjbJ_predicted,0.5,1,1,TGTAGCTGCCTGTATAAACC,0,5003608
yjbJ_predicted,0.5,1,1,TGTAAAAGACCCCGTAGGCG,0,5011167
yjbJ_predicted,0.5,1,1,TGGTTCCGTCTCTATTAGTC,0,5004390
yjbJ_predicted,0.5,1,1,TGGTGGCCTTCCCTCCAAGA,0,5015463
yjbJ_predicted,0.5,1,1,TGGTGACAAGCGTGCTAAGT,0,5023611
yjbJ_predicted,0.5,1,1,TGGTCCTTCTGTCCGAAAAA,0,5013725
yjbJ_predicted,0.5,1,1,TGGGGGTCTATCTACGACTT,0,5007456
yjbJ_predicted,0.5,1,1,TGGGGCTGCATTATTAATTT,0,5010556
yjbJ_predicted,0.5,1,1,TGGGGCGCCTATTTATAACG,0,5017488
yjbJ_predicted,0.5,1,1,TGGGGCCGCATTTAAGCTTC,0,5018721
yjbJ_predicted,0.5,1,1,TGGGCGCGCCACAACCGGGG,0,5012643
yjbJ_predicted,0.5,1,1,TGGGCGCGAAGGCTCACGGC,0,5009040
yjbJ_predicted,0.5,1,1,TGGGCAGATCCTGACGGTAA,0,5002337
yjbJ_predicted,0.5,1,1,TGGCTGTACTCTCTCTCTAG,0,5006497
yjbJ_predicted,0.5,1,1,TGGCCTCTTTTCACACAATA,0,5005595
yjbJ_predicted,0.5,1,1,TGGCCCACGCATCCAGGGCT,0,5009255
yjbJ_predicted,0.5,1,1,TGGCAGGAGCAGTAGGTGGT,0,5028062
yjbJ_predicted,0.5,1,1,TGGCACATATTTTGTAAAGG,0,5019125
yjbJ_predicted,0.5,1,1,TGGCAAGCACTCGGGCTGCC,0,5026127
yjbJ_predicted,0.5,1,1,TGGACTCAGAGTAGCTTGAA,0,5019849
yjbJ_predicted,0.5,1,1,TGGACATACCGCTTAGTGCG,0,5005987
yjbJ_predicted,0.5,1,1,TGGAATTAGCAGGTAACAAA,0,5005631
yjbJ_predicted,0.5,1,1,TGGAAGGACGCCTTCCAAAA,0,5010098
yjbJ_predicted,0.5,1,1,TGGAAGCAAGTTGGGCAGTT,0,5030811
yjbJ_predicted,0.5,1,1,TGGAACGGATTCCTGAATTG,0,5018533
yjbJ_predicted,0.5,1,1,TGCTTCGCGTGCGGGGAGCT,0,5017246
yjbJ_predicted,0.5,1,1,TGCTTCACACATATGCTCTG,0,5018648
yjbJ_predicted,0.5,1,1,TGCTGTTATGGTCTACGGCA,0,4996182
yjbJ_predicted,0.5,1,1,TGCTATGAGTTAACCTAGAG,0,5029313
yjbJ_predicted,0.5,1,1,TGCTAGATAGTCTGTACGTT,0,4999441
yjbJ_predicted,0.5,1,1,TGCTAAGTTGGAATCATTAG,0,5012441
yjbJ_predicted,0.5,1,1,TGCGTTAATTTCTCAGGCTA,0,5002852
yjbJ_predicted,0.5,1,1,TGCGGACTAAATTACCATCC,0,5021278
yjbJ_predicted,0.5,1,1,TGCGCAGCATCGACGTTGCG,0,5004547
yjbJ_predicted,0.5,1,1,TGCGACCATGATCGGCTAGT,0,5005620
yjbJ_predicted,0.5,1,1,TGCGAATTGGTGGTACCCCA,0,5014753
yjbJ_predicted,0.5,1,1,TGCCTGCTCTATCCTCTACC,0,5000418
yjbJ_predicted,0.5,1,1,TGCATGAACGGAATGGAGCC,0,4999091
yjbJ_predicted,0.5,1,1,TGCACATTCGACCGGGATCT,0,5028290
yjbJ_predicted,0.5,1,1,TGCAATCCCCATATGGAAGT,0,5011658
yjbJ_predicted,0.5,1,1,TGCAAGGGCATCTTGTCCGG,0,5024178
yjbJ_predicted,0.5,1,1,TGCAACGTCCGTCAAACTTA,0,4999847
yjbJ_predicted,0.5,1,1,TGATCTTCAGGCGAGGACTT,0,5007518
yjbJ_predicted,0.5,1,1,TGATCCAGCGAGCGACTTTT,0,5023977
yjbJ_predicted,0.5,1,1,TGATATATTCTTGTGAAGAA,0,5023363
yjbJ_predicted,0.5,1,1,TGATAGTATGTTCGGATTTG,0,5025485
yjbJ_predicted,0.5,1,1,TGAGTTGGTGCTGGTGGCTT,0,5028955
yjbJ_predicted,0.5,1,1,TGAGTGAGAAGGTTGGACTA,0,5023421
yjbJ_predicted,0.5,1,1,TGAGCAAATCCGTTGACAGA,0,5011556
yjbJ_predicted,0.5,1,1,TGAGATATTACTGACATTGA,0,5025255
yjbJ_predicted,0.5,1,1,TGAGAGTTAAGTGAGAGTAG,0,5013729
yjbJ_predicted,0.5,1,1,TGAGACGATCACGTATGAGG,0,4998355
yjbJ_predicted,0.5,1,1,TGAGAATTACTTAATCGGGT,0,5002911
yjbJ_predicted,0.5,1,1,TGACGGTGCTTTTGCCATTT,0,5012109
yjbJ_predicted,0.5,1,1,TGACGCCGCATTGATACAAT,0,5023922
yjbJ_predicted,0.5,1,1,TGACGATCAGACGCACACCC,0,5019020
yjbJ_predicted,0.5,1,1,TGACCATCATGGGTTTACTG,0,4996483
yjbJ_predicted,0.5,1,1,TGACCACGCCTAATCGGGTT,0,5026757
yjbJ_predicted,0.5,1,1,TGACAGATCGTGGTCCCAAT,0,5018121
yjbJ_predicted,0.5,1,1,TGACAGAACAATTGTATTCA,0,5013909
yjbJ_predicted,0.5,1,1,TGAATGGTGGGAGCCCTACA,0,5015100
yjbJ_predicted,0.5,1,1,TGAATACTCATGGTAAGTCC,0,5026029
yjbJ_predicted,0.5,1,1,TGAAGTCTCGCGCGAGTCGT,0,5021003
yjbJ_predicted,0.5,1,1,TGAAGGGGCTGGCAATTCTC,0,5030719
yjbJ_predicted,0.5,1,1,TGAAGGGAGGCAGGGCTAGT,0,4994968
yjbJ_predicted,0.5,1,1,TGAAATAGGAGTGTGTAACA,0,4996571
yjbJ_predicted,0.5,1,1,TCTTTGCTGTCGGTAGGCAT,0,5026461
yjbJ_predicted,0.5,1,1,TCTTCGGGCCTGCCTCGCTT,0,4995183
yjbJ_predicted,0.5,1,1,TCTTAGGACAAGTTGTTATT,0,5003426
yjbJ_predicted,0.5,1,1,TCTGTGTGGGTAACGTTAAC,0,5012024
yjbJ_predicted,0.5,1,1,TCTGTGTCACAAATGGAGCA,0,5014578
yjbJ_predicted,0.5,1,1,TCTGTGCGCCAACTGGGCGG,0,5025096
yjbJ_predicted,0.5,1,1,TCTGTACCCTCGTGTACACA,0,5004909
yjbJ_predicted,0.5,1,1,TCTGGCATTTGACCCCTTTT,0,4996695
yjbJ_predicted,0.5,1,1,TCTGCCCTCTCATAGCTCAC,0,5017816
yjbJ_predicted,0.5,1,1,TCTGACAACTGCACCAGGTC,0,5002955
yjbJ_predicted,0.5,1,1,TCTGAATATCGTTTGGCCGT,0,5024152
yjbJ_predicted,0.5,1,1,TCTCTGAGGGTCCCCCGAGG,0,5010485
yjbJ_predicted,0.5,1,1,TCTCCCGAGACGACCTGAAG,0,5016908
yjbJ_predicted,0.5,1,1,TCTATTGGGCGAGTTGGGGA,0,5009476
yjbJ_predicted,0.5,1,1,TCTATGGCCCATCTCCTATC,0,4996901
yjbJ_predicted,0.5,1,1,TCTAGTAGAGGCCCACGGGT,0,5009758
yjbJ_predicted,0.5,1,1,TCTACACTTTGCTCTTGTTA,0,5017959
yjbJ_predicted,0.5,1,1,TCTAAGCTAAACGGGGTAGG,0,4999437
yjbJ_predicted,0.5,1,1,TCGTTACGATTGCCTTCGAC,0,5008730
yjbJ_predicted,0.5,1,1,TCGTACTGATGCTACTTTAC,0,5018237
yjbJ_predicted,0.5,1,1,TCGGTTCATGGCTAATCCGT,0,4996323
yjbJ_predicted,0.5,1,1,TCGGTGGCGCTCAGCGGCAT,0,5026273
yjbJ_predicted,0.5,1,1,TCGGGGGTAACGAGGATCAG,0,5008960
yjbJ_predicted,0.5,1,1,TCGGGGCGCACAGTGACCAT,0,5016534
yjbJ_predicted,0.5,1,1,TCGGCATGTTATTAGTTAGC,0,5012720
yjbJ_predicted,0.5,1,1,TCGGCATATCGGACTACCAT,0,5019601
yjbJ_predicted,0.5,1,1,TCGGCACTAGTGCGGGATCT,0,5002326
yjbJ_predicted,0.5,1,1,TCGGAGGCCACGACAATTTG,0,5024028
yjbJ_predicted,0.5,1,1,TCGCTCAGTGCGGAGGTCGG,0,5025669
yjbJ_predicted,0.5,1,1,TCGCTACCCATCGGTTGGAT,0,5005853
yjbJ_predicted,0.5,1,1,TCGCGTCGCCCGGGGCCACT,0,4996392
yjbJ_predicted,0.5,1,1,TCGCGAACAGCGACTCTGGC,0,4996909
yjbJ_predicted,0.5,1,1,TCGCCATTGCATGATTGCCC,0,5011365
yjbJ_predicted,0.5,1,1,TCGATGCATACACTCGGATT,0,5025551
yjbJ_predicted,0.5,1,1,TCGATCTGTGAAGATGACGT,0,5026799
yjbJ_predicted,0.5,1,1,TCGAGTGACATGTGGTCAGA,0,5018228
yjbJ_predicted,0.5,1,1,TCGAGATTCAATCGGCATAA,0,5017257
yjbJ_predicted,0.5,1,1,TCGACCGGGCCGGAGCGTAG,0,5013911
yjbJ_predicted,0.5,1,1,TCGACCAAATTTCACCATTA,0,5012044
yjbJ_predicted,0.5,1,1,TCGACAGCGTGGGGGCGCCT,0,5004399
yjbJ_predicted,0.5,1,1,TCGAACTTTCAAATTGCGCG,0,5018462
yjbJ_predicted,0.5,1,1,TCCTTTTCTGATCATGTGAC,0,5028932
yjbJ_predicted,0.5,1,1,TCCTTCACTGATCCGGGCAT,0,5026190
yjbJ_predicted,0.5,1,1,TCCTGTTTGGTAATTAGATG,0,5008857
yjbJ_predicted,0.5,1,1,TCCTGCATGCCCTATAATCT,0,5027691
yjbJ_predicted,0.5,1,1,TCCTGAGATTTGCTGTCGGA,0,5021283
yjbJ_predicted,0.5,1,1,TCCTACATATTTTTATTTAG,0,5019347
yjbJ_predicted,0.5,1,1,TCCGTATGTCAGCTTGCGTG,0,5015079
yjbJ_predicted,0.5,1,1,TCCGGCCAGACTCGCGGTCA,0,5021748
yjbJ_predicted,0.5,1,1,TCCGGATCTCTTATTGGCAA,0,5015293
yjbJ_predicted,0.5,1,1,TCCCTTTGTGCATGGAGGAA,0,5027747
yjbJ_predicted,0.5,1,1,TCCCGTATCTAGACCCATAG,0,5030186
yjbJ_predicted,0.5,1,1,TCCCGGGCGTAATGGCACGT,0,5019057
yjbJ_predicted,0.5,1,1,TCCCCTGTCTATACCGGGTT,0,5014041
yjbJ_predicted,0.5,1,1,TCCCAGGCGTCTTGATGAGC,0,4996271
yjbJ_predicted,0.5,1,1,TCCATCTACCATAAGAGCTT,0,5021265
yjbJ_predicted,0.5,1,1,TCCATCGATGTCAAATCTGT,0,4998598
yjbJ_predicted,0.5,1,1,TCCAACCACCCTTTAAATCT,0,4998575
yjbJ_predicted,0.5,1,1,TCCAACATCCTAGGTATCCA,0,5022526
yjbJ_predicted,0.5,1,1,TCATTGACGGCCTAGGACAG,0,5024724
yjbJ_predicted,0.5,1,1,TCATTATCTTGAAAACGTAC,0,5015211
yjbJ_predicted,0.5,1,1,TCATGTTCGCCAAGTCAGGC,0,5026701
yjbJ_predicted,0.5,1,1,TCATCAGTAAAGGAACATAC,0,5024673
yjbJ_predicted,0.5,1,1,TCATACGCCCCCATTTAAGG,0,5001066
yjbJ_predicted,0.5,1,1,TCATACCTTCTATGCGGAAG,0,5020319
yjbJ_predicted,0.5,1,1,TCATAAGATCGCAAGGCGGG,0,5013107
yjbJ_predicted,0.5,1,1,TCAGTCGATGATCCACGATT,0,5006658
yjbJ_predicted,0.5,1,1,TCAGGGAGTGAGGATTGGGA,0,5014604
yjbJ_predicted,0.5,1,1,TCAGGATTCATTAGCGCATT,0,5030061
yjbJ_predicted,0.5,1,1,TCAGGAAACACTCAGGAGTT,0,5024088
yjbJ_predicted,0.5,1,1,TCAGCGCGCGTCCGGAGGTT,0,4998812
yjbJ_predicted,0.5,1,1,TCAGATGGGGGAAGAGCACA,0,5028969
yjbJ_predicted,0.5,1,1,TCAGATAGTTCGCATTTGTA,0,5017909
yjbJ_predicted,0.5,1,1,TCACTTAGAGGCTAAGTCTA,0,5027550
yjbJ_predicted,0.5,1,1,TCACTAGCATTTGAGTTAGT,0,5012370
yjbJ_predicted,0.5,1,1,TCACGTTGTTAGCCACGCGA,0,5009562
yjbJ_predicted,0.5,1,1,TCACAGGGTTCAATGAGCGA,0,5025217
yjbJ_predicted,0.5,1,1,TCACAGATCCCCCACCATTG,0,5024717
yjbJ_predicted,0.5,1,1,TCACAAAGTGAGATCCCCTG,0,5009947
yjbJ_predicted,0.5,1,1,TCAATGCCCGTATTAACAAT,0,5001138
yjbJ_predicted,0.5,1,1,TCAATGATTTGTCAATCACG,0,5013733
yjbJ_predicted,0.5,1,1,TCAATCAGTTTTTCGTGAAT,0,5007375
yjbJ_predicted,0.5,1,1,TCAAGTGCGTCGAGACCGAC,0,5030121
yjbJ_predicted,0.5,1,1,TCAAGTATGCACAGACGAAG,0,5022518
yjbJ_predicted,0.5,1,1,TCAAAGTTCGGTCGGGATAT,0,5006989
yjbJ_predicted,0.5,1,1,TCAAAGCCACATATGTAAAC,0,5018309
yjbJ_predicted,0.5,1,1,TCAAAACTCGCCTCCATATT,0,4994685
yjbJ_predicted,0.5,1,1,TATTTGAAGGGTTGATAGTT,0,5021905
yjbJ_predicted,0.5,1,1,TATTCCTGACGAACGCTGCG,0,5021465
yjbJ_predicted,0.5,1,1,TATTCAATTCAATGCACGCC,0,5007187
yjbJ_predicted,0.5,1,1,TATTAATGGTCAAATTGTAG,0,5013149
yjbJ_predicted,0.5,1,1,TATGTTTTGACAAAAATTAC,0,5012347
yjbJ_predicted,0.5,1,1,TATGTGGAAGGGAGCATCAT,0,5007315
yjbJ_predicted,0.5,1,1,TATGGTTATCCCTCCCGCGA,0,5024050
yjbJ_predicted,0.5,1,1,TATGGTCTAGAGAGTGTTGA,0,5019821
yjbJ_predicted,0.5,1,1,TATGGCAGTTAAGGATACGA,0,5014901
yjbJ_predicted,0.5,1,1,TATGGCAGTGGCTTCACTAA,0,5006247
yjbJ_predicted,0.5,1,1,TATGCGGATGCCCGTTCAAG,0,5002241
yjbJ_predicted,0.5,1,1,TATGCCGTTCATGATTTGTC,0,5013198
yjbJ_predicted,0.5,1,1,TATGATTGTGAGAATAGTAT,0,5015314
yjbJ_predicted,0.5,1,1,TATGAGCTGCTTCCGCAGGT,0,5030395
yjbJ_predicted,0.5,1,1,TATGACTCAGCCCGGCGAAT,0,5025617
yjbJ_predicted,0.5,1,1,TATCTGTTTAAAGGTGAGCG,0,5029344
yjbJ_predicted,0.5,1,1,TATCTCGTACTACCAACGCA,0,5026358
yjbJ_predicted,0.5,1,1,TATCGTTTCGGGACTTCGCC,0,4997442
yjbJ_predicted,0.5,1,1,TATCGTATATAGTATAGGTA,0,5007450
yjbJ_predicted,0.5,1,1,TATCGATGGCAACCACCTTA,0,4997333
yjbJ_predicted,0.5,1,1,TATCCCGGTGTCATATAGTA,0,5008509
yjbJ_predicted,0.5,1,1,TATCAGGGTGCAATCTACGT,0,5002654
yjbJ_predicted,0.5,1,1,TATCACACTTGTAGAGGAAA,0,5005680
yjbJ_predicted,0.5,1,1,TATATGGAAATCTCCCGTAT,0,5024415
yjbJ_predicted,0.5,1,1,TATATACGACGTGATCAGTT,0,5027157
yjbJ_predicted,0.5,1,1,TATAGTTACATAAGCAGAGT,0,5012877
yjbJ_predicted,0.5,1,1,TATAACTTCGCGTCTTGACT,0,5014060
yjbJ_predicted,0.5,1,1,TAGTGTTGTCGTCTTTATAA,0,4999403
yjbJ_predicted,0.5,1,1,TAGTCGTTAAACTCAGAACT,0,4996709
yjbJ_predicted,0.5,1,1,TAGGTTAAGACCGGAAAAAG,0,5011387
yjbJ_predicted,0.5,1,1,TAGGGGTGTCCATGAACGGG,0,5001052
yjbJ_predicted,0.5,1,1,TAGGGCGGGACCGACCGGGT,0,5024300
yjbJ_predicted,0.5,1,1,TAGGCGGGCTCTCGGAGCGA,0,5031282
yjbJ_predicted,0.5,1,1,TAGGCCTCCATCATCAGTAA,0,5006265
yjbJ_predicted,0.5,1,1,TAGGCCGGCGGCCGAATGGA,0,5012961
yjbJ_predicted,0.5,1,1,TAGGAGGGTGCCGAACGATA,0,5017304
yjbJ_predicted,0.5,1,1,TAGGAGGGCGTCCAGATTAT,0,5029085
yjbJ_predicted,0.5,1,1,TAGGAATTTGTCCGTCAATA,0,5025434
yjbJ_predicted,0.5,1,1,TAGCTCTTCCTGCCGGCATT,0,5020609
yjbJ_predicted,0.5,1,1,TAGCTAGCGCGTTGGGGAGG,0,5028507
yjbJ_predicted,0.5,1,1,TAGAGAGACCGCCATACTTT,0,5007758
yjbJ_predicted,0.5,1,1,TAGACGCACCGCACCGGCCT,0,5001634
yjbJ_predicted,0.5,1,1,TAGAATGGCGCACAATATGC,0,5029077
yjbJ_predicted,0.5,1,1,TAGAAAAAGGAGTTAAGGAA,0,5024637
yjbJ_predicted,0.5,1,1,TACTCGCGGTAAACTCACCC,0,4997366
yjbJ_predicted,0.5,1,1,TACTCCGGCACTATCGCCAA,0,5011935
yjbJ_predicted,0.5,1,1,TACGTCCGTGCAGGGCATCA,0,5009171
yjbJ_predicted,0.5,1,1,TACGCGGACAACGATCAAGA,0,5013546
yjbJ_predicted,0.5,1,1,TACGCCCTTAGAAAGACAGA,0,4998027
yjbJ_predicted,0.5,1,1,TACGACTTGCACCCGGACTA,0,5006767
yjbJ_predicted,0.5,1,1,TACCTCTGATACGTCGATCG,0,5013049
yjbJ_predicted,0.5,1,1,TACCGTCCACTATCGGTATT,0,4997647
yjbJ_predicted,0.5,1,1,TACCCCCTGGGCGGGGGTGG,0,5028346
yjbJ_predicted,0.5,1,1,TACCAAGGCGTGAAAACATT,0,5020058
yjbJ_predicted,0.5,1,1,TACACTAATTCAGTAAAATA,0,5014464
yjbJ_predicted,0.5,1,1,TACACTAAATAAGGAAGTTC,0,5009208
yjbJ_predicted,0.5,1,1,TACACGCCCGGTGAAGGTAG,0,5004599
yjbJ_predicted,0.5,1,1,TACACCATCGAGAAGGGTCG,0,5027013
yjbJ_predicted,0.5,1,1,TACAAGGTGGAGAGAGCGCA,0,4995129
yjbJ_predicted,0.5,1,1,TACAAACCTCCGTGGCGAGG,0,5000491
yjbJ_predicted,0.5,1,1,TAATTCGAAGAGTAGATTCT,0,5024607
yjbJ_predicted,0.5,1,1,TAATGTTCGCGGCAATTCCG,0,5019510
yjbJ_predicted,0.5,1,1,TAATGTAGTGACCAATCGTC,0,5018293
yjbJ_predicted,0.5,1,1,TAATGACTTGAATAGTGGAA,0,5026737
yjbJ_predicted,0.5,1,1,TAATCTGAACTATCTGTCCA,0,5019277
yjbJ_predicted,0.5,1,1,TAAGTGGTGCCTTTACTACA,0,5000344
yjbJ_predicted,0.5,1,1,TAAGGCTCTTGTGCACATTT,0,5012797
yjbJ_predicted,0.5,1,1,TAAGGAGTCACCAATTGGCT,0,5020694
yjbJ_predicted,0.5,1,1,TAAGCGCCCGGGGATTATGG,0,5008539
yjbJ_predicted,0.5,1,1,TAAGCCTTGGATTCTAAGGT,0,5002463
yjbJ_predicted,0.5,1,1,TAAGCACATCTAGACGACTC,0,5013437
yjbJ_predicted,0.5,1,1,TAAGATGGGTCTCCATATTG,0,5012642
yjbJ_predicted,0.5,1,1,TAACGTGAACTCAGATAGTC,0,5009063
yjbJ_predicted,0.5,1,1,TAACGATTCTATCGCGACGT,0,5019227
yjbJ_predicted,0.5,1,1,TAACGATAAAACGGTGCGAG,0,4996888
yjbJ_predicted,0.5,1,1,TAAATTTTGGCGGACGCTGG,0,5006645
yjbJ_predicted,0.5,1,1,TAAATTGCGATACTCGGATA,0,5013033
yjbJ_predicted,0.5,1,1,TAAACGGTTGACCTAGTGAA,0,4997958
yjbJ_predicted,0.5,1,1,TAAAACTGGTTACGGCACCG,0,5015792
yjbJ_predicted,0.5,1,1,TAAAAATTGGAGCCCTTATT,0,4998167
yjbJ_predicted,0.5,1,1,GTTTTAACTCAGGGGTTCAA,0,5023688
yjbJ_predicted,0.5,1,1,GTTTGAGTTTCATACACCTC,0,5010085
yjbJ_predicted,0.5,1,1,GTTTCTCCCCGAATAAATCA,0,4998998
yjbJ_predicted,0.5,1,1,GTTTCATGGAGGTGAGGTCA,0,5025873
yjbJ_predicted,0.5,1,1,GTTTCAGCAGAAGCAGCATT,0,4996123
yjbJ_predicted,0.5,1,1,GTTGTGGGGTTGACTTGTGC,0,5016353
yjbJ_predicted,0.5,1,1,GTTGGGATGGGTAATTCTCC,0,4997399
yjbJ_predicted,0.5,1,1,GTTGGCAAGTCAACTGGAGT,0,5018143
yjbJ_predicted,0.5,1,1,GTTGCTTTCCGAGCGTTCAG,0,4995142
yjbJ_predicted,0.5,1,1,GTTGCCTAGCGTTTGATTTG,0,5013348
yjbJ_predicted,0.5,1,1,GTTGCAATGATTGACCGGGG,0,5016339
yjbJ_predicted,0.5,1,1,GTTGAACGCGAGGCGCATTC,0,5027905
yjbJ_predicted,0.5,1,1,GTTCTTTTGCATAGCGGCTC,0,5016721
yjbJ_predicted,0.5,1,1,GTTCTCCTCTGGACGGTACC,0,4994902
yjbJ_predicted,0.5,1,1,GTTCGTCGATTCTCTCTGGG,0,5028767
yjbJ_predicted,0.5,1,1,GTTCGGTCATCAAGTAGATT,0,5004118
yjbJ_predicted,0.5,1,1,GTTCGGCCGCCTCACAGCGA,0,5013035
yjbJ_predicted,0.5,1,1,GTTCGCGTAATTCGGTTTGC,0,5005258
yjbJ_predicted,0.5,1,1,GTTCCTTCTGGGATGCCTCG,0,5018513
yjbJ_predicted,0.5,1,1,GTTCCGGACTACATTTGGCC,0,5008399
yjbJ_predicted,0.5,1,1,GTTCCCGATTCGTCGGTCGG,0,4999170
yjbJ_predicted,0.5,1,1,GTTCCATTATGTGTAGTTGG,0,5020864
yjbJ_predicted,0.5,1,1,GTTCCAGGGAATACTATATA,0,5006937
yjbJ_predicted,0.5,1,1,GTTCCACGTGTATGTGACGC,0,5017324
yjbJ_predicted,0.5,1,1,GTTCATTATAGTGTGAGTCC,0,5029516
yjbJ_predicted,0.5,1,1,GTTCACTTGCGAAGGCTGGA,0,5002579
yjbJ_predicted,0.5,1,1,GTTCAAGGGGAGTAACCTGG,0,5003937
yjbJ_predicted,0.5,1,1,GTTATGGAGACCCTGGAGGA,0,5030620
yjbJ_predicted,0.5,1,1,GTTATCTCTCGTTACTGGGG,0,5014821
yjbJ_predicted,0.5,1,1,GTTATACCCGAGACAGAAGG,0,5006854
yjbJ_predicted,0.5,1,1,GTTACTCGACGGGACCACAC,0,5002420
yjbJ_predicted,0.5,1,1,GTTAATAAGGATAATATGTA,0,5030154
yjbJ_predicted,0.5,1,1,GTTAACAATGTACTTACGTT,0,5013791
yjbJ_predicted,0.5,1,1,GTGTTTTACCGCCAGAGCCG,0,5003634
yjbJ_predicted,0.5,1,1,GTGTTGTTATATACCGCAAC,0,5021039
yjbJ_predicted,0.5,1,1,GTGTTGGTGGGGACCCTGCC,0,5027591
yjbJ_predicted,0.5,1,1,GTGTGGGATGCCACGCTCAA,0,5002725
yjbJ_predicted,0.5,1,1,GTGTCCCAGACGTGAATCCA,0,5017646
yjbJ_predicted,0.5,1,1,GTGTCAGGGGCTAAGGTCGC,0,5022489
yjbJ_predicted,0.5,1,1,GTGTATGTACGTCACTAGGA,0,5031233
yjbJ_predicted,0.5,1,1,GTGTACTATCTCAGGTAAGT,0,5008814
yjbJ_predicted,0.5,1,1,GTGGTCTCAGATATCTTTGA,0,5000952
yjbJ_predicted,0.5,1,1,GTGGTAGCGTCTTAGCGTTC,0,5030547
yjbJ_predicted,0.5,1,1,GTGGTAAGGTCTCCAATGCC,0,5012376
yjbJ_predicted,0.5,1,1,GTGCTTTATAACATGCGCGT,0,5019511
yjbJ_predicted,0.5,1,1,GTGCTACAAGTGGGGCGGGG,0,5007670
yjbJ_predicted,0.5,1,1,GTGCTAATAGCTTTAGAGTT,0,5027971
yjbJ_predicted,0.5,1,1,GTGCGTTTGGCGACAAAGGA,0,4997741
yjbJ_predicted,0.5,1,1,GTGCCTCGTATGTGAAGACG,0,5026022
yjbJ_predicted,0.5,1,1,GTGCACATTGAGCCCTGGCC,0,4995949
yjbJ_predicted,0.5,1,1,GTGATGTTTCACGTCGCGTG,0,5008506
yjbJ_predicted,0.5,1,1,GTGATGTGTCGCCACTGCCT,0,4994870
yjbJ_predicted,0.5,1,1,GTGAGGCCCGTCTCGGAGTA,0,5011201
yjbJ_predicted,0.5,1,1,GTGAATTCTCGCATACCCGC,0,5017577
yjbJ_predicted,0.5,1,1,GTCTTGGTAGTGCACTTAGA,0,5028915
yjbJ_predicted,0.5,1,1,GTCTCGACATGGAAATTATC,0,5028254
yjbJ_predicted,0.5,1,1,GTCTCCGTCGGACGACGGTT,0,5010847
yjbJ_predicted,0.5,1,1,GTCTAACATATCCTAAGTAG,0,5008007
yjbJ_predicted,0.5,1,1,GTCGTTTTGGACCCACTGTT,0,5001506
yjbJ_predicted,0.5,1,1,GTCGTACTACAGTACTAGCA,0,5025419
yjbJ_predicted,0.5,1,1,GTCGGTTTTGACGTCTTGGT,0,5026904
yjbJ_predicted,0.5,1,1,GTCGGAGACTGTCCGCGACA,0,5006785
yjbJ_predicted,0.5,1,1,GTCGGACTGACTACTTTGAT,0,5008064
yjbJ_predicted,0.5,1,1,GTCGCGGGATGGCTGGCGCT,0,4997169
yjbJ_predicted,0.5,1,1,GTCGAAGCGCTCTGTCGTTT,0,5029343
yjbJ_predicted,0.5,1,1,GTCGAACTGTGTAATAGTGA,0,5013014
yjbJ_predicted,0.5,1,1,GTCCTATGGCGCAGGGCTTA,0,5029847
yjbJ_predicted,0.5,1,1,GTCATAGTGAAATCACCACC,0,4996796
yjbJ_predicted,0.5,1,1,GTCAGGGCGTTGGGCGCGCT,0,5006678
yjbJ_predicted,0.5,1,1,GTCAGGCTGTAACTAGCTAC,0,5004041
yjbJ_predicted,0.5,1,1,GTCAGATACGGCGCTTAGGC,0,5001026
yjbJ_predicted,0.5,1,1,GTCAGAGTCGTTGGTGTATT,0,5023497
yjbJ_predicted,0.5,1,1,GTCACACAGGAATGCATTGG,0,5001984
yjbJ_predicted,0.5,1,1,GTCAATAAGTGGACTGCAAA,0,4998581
yjbJ_predicted,0.5,1,1,GTCAAACGTGGCTGGGCTGT,0,5025536
yjbJ_predicted,0.5,1,1,GTCAAAAACTTAGGGAAAAG,0,5003659
yjbJ_predicted,0.5,1,1,GTATTTGCCGATCACACACG,0,5011877
yjbJ_predicted,0.5,1,1,GTATTTCTATAATGGGTAGC,0,4995577
yjbJ_predicted,0.5,1,1,GTATTGTTCGTATAAGCGGA,0,5027484
yjbJ_predicted,0.5,1,1,GTATTGTCCTGAAGGTCATA,0,5008132
yjbJ_predicted,0.5,1,1,GTATTGTATATTAGGCCGAC,0,5026945
yjbJ_predicted,0.5,1,1,GTATGTATGTAATTCGCTGT,0,5016885
yjbJ_predicted,0.5,1,1,GTATGGTATTGAATGCCATG,0,5002530
yjbJ_predicted,0.5,1,1,GTATCATTCCACAGGGTACC,0,5024929
yjbJ_predicted,0.5,1,1,GTATATAGAGGCTCTTACCA,0,5021738
yjbJ_predicted,0.5,1,1,GTATAAGCGGGCGCGAACAA,0,5024514
yjbJ_predicted,0.5,1,1,GTAGGAGGATCTCGACGGTA,0,5008653
yjbJ_predicted,0.5,1,1,GTAGCGGGGTGCATGTCATC,0,5019887
yjbJ_predicted,0.5,1,1,GTAGAAGCCGGGTTATTCAT,0,5001029
yjbJ_predicted,0.5,1,1,GTACTCGGCTTGTGAAAAAA,0,5001601
yjbJ_predicted,0.5,1,1,GTACATCGACTTATAAAACG,0,5027793
yjbJ_predicted,0.5,1,1,GTACAGTCACCTTGCTGTTG,0,5008428
yjbJ_predicted,0.5,1,1,GTAATCATAATTGTGCTCAT,0,5009709
yjbJ_predicted,0.5,1,1,GTAAGGCCATAGGTCCCAGA,0,5011642
yjbJ_predicted,0.5,1,1,GTAAGAGTGACAACGGAGTT,0,5021303
yjbJ_predicted,0.5,1,1,GTAACTCTATGCCTCACCTT,0,4996630
yjbJ_predicted,0.5,1,1,GTAACGGGTTATTTTATTTA,0,4995006
yjbJ_predicted,0.5,1,1,GTAACGGAGTAAGTAGGGTG,0,5021419
yjbJ_predicted,0.5,1,1,GTAACCACGTACGACACCCA,0,5030949
yjbJ_predicted,0.5,1,1,GTAAACAAATTCCCTGATAA,0,5003843
yjbJ_predicted,0.5,1,1,GTAAAACCATGTGCACAAGA,0,5000729
yjbJ_predicted,0.5,1,1,GGTTTTGCGTGCCGACACCT,0,5016924
yjbJ_predicted,0.5,1,1,GGTTTCTACCGGTGTCATGG,0,4994889
yjbJ_predicted,0.5,1,1,GGTTTAGATGGTCATTCTGG,0,5030514
yjbJ_predicted,0.5,1,1,GGTTGACTTTATGGATATGT,0,5005901
yjbJ_predicted,0.5,1,1,GGTTCGCGACGACAACTACA,0,5022204
yjbJ_predicted,0.5,1,1,GGTTCCTATGTATCCTGTCT,0,5001436
yjbJ_predicted,0.5,1,1,GGTTCACAGAACTGGTACCT,0,4995164
yjbJ_predicted,0.5,1,1,GGTGTGTAGGTTAATCGTAT,0,5004945
yjbJ_predicted,0.5,1,1,GGTGTCTGTCGCTGGGGTAC,0,5004479
yjbJ_predicted,0.5,1,1,GGTGGCGCATGGCACGGAGT,0,5002684
yjbJ_predicted,0.5,1,1,GGTGGACTCACAAATTATGT,0,5025984
yjbJ_predicted,0.5,1,1,GGTGCGGATGCGACACGTGA,0,5007760
yjbJ_predicted,0.5,1,1,GGTGACCACTTGTTCCACTT,0,5025779
yjbJ_predicted,0.5,1,1,GGTGACAAGGATGCAAGGCC,0,5007250
yjbJ_predicted,0.5,1,1,GGTCTGCTAGGTCTAGGTAC,0,5024870
yjbJ_predicted,0.5,1,1,GGTACGCCGGGTCCGCCTTG,0,5021830
yjbJ_predicted,0.5,1,1,GGTACCAGATCAACATTCAA,0,5014607
yjbJ_predicted,0.5,1,1,GGTAACCGCTTTAGATGGTT,0,5004655
yjbJ_predicted,0.5,1,1,GGGTTGACCGGTCACATTAA,0,5008193
yjbJ_predicted,0.5,1,1,GGGTAGTGGCCTCCCGGGCA,0,5022564
yjbJ_predicted,0.5,1,1,GGGTACTCATATACTGTGCG,0,5006847
yjbJ_predicted,0.5,1,1,GGGTAAATCACCCTAACACA,0,5002877
yjbJ_predicted,0.5,1,1,GGGGTACCGCGCTCATAATG,0,5025472
yjbJ_predicted,0.5,1,1,GGGGGCTGCGGATCAGTATC,0,5029067
yjbJ_predicted,0.5,1,1,GGGGCTTATATCGCGAATTA,0,4999479
yjbJ_predicted,0.5,1,1,GGGGCTAAGCGCGGGTGCCC,0,5018757
yjbJ_predicted,0.5,1,1,GGGGCATGTTTCCCGGTAAG,0,5026207
yjbJ_predicted,0.5,1,1,GGGGATGCCCACATTAGCTT,0,4996881
yjbJ_predicted,0.5,1,1,GGGGATCACAATGTTGAAAA,0,5029592
yjbJ_predicted,0.5,1,1,GGGGACTGATTCACGCCCCA,0,5011046
yjbJ_predicted,0.5,1,1,GGGCTTGCAACCTTTTTAGG,0,5000177
yjbJ_predicted,0.5,1,1,GGGCGATACATCGATGACAC,0,5020240
yjbJ_predicted,0.5,1,1,GGGCGAATAGCATTACGAAT,0,5021391
yjbJ_predicted,0.5,1,1,GGGCCGAGGCTGGTATTTGG,0,5001983
yjbJ_predicted,0.5,1,1,GGGCCAACTGTAGTTATGCA,0,5016336
yjbJ_predicted,0.5,1,1,GGGATTTGTGCAGTTTAACG,0,4999084
yjbJ_predicted,0.5,1,1,GGGATGATTCAAGGGTGGTA,0,4994971
yjbJ_predicted,0.5,1,1,GGGATGAGGTCGCGAGGTAC,0,5006028
yjbJ_predicted,0.5,1,1,GGGATCGCTTATGACGAGAC,0,5025251
yjbJ_predicted,0.5,1,1,GGGAGGTCAAATGCAGCAAG,0,4998768
yjbJ_predicted,0.5,1,1,GGGAATTGGATTCGTGAAAT,0,5007185
yjbJ_predicted,0.5,1,1,GGGAAGACAAAAGCATTAAA,0,5011518
yjbJ_predicted,0.5,1,1,GGCTTTAGGCGGGAATCGCA,0,5019414
yjbJ_predicted,0.5,1,1,GGCTCAGTATAATTCTTTTC,0,5010407
yjbJ_predicted,0.5,1,1,GGCTAGGGACCGCAATGTTT,0,5009532
yjbJ_predicted,0.5,1,1,GGCTACAGGTGTCCTCTACT,0,5001367
yjbJ_predicted,0.5,1,1,GGCGTTGGATCCCGCTGCGG,0,5000934
yjbJ_predicted,0.5,1,1,GGCGTTATTTCCTATGCCGA,0,5015553
yjbJ_predicted,0.5,1,1,GGCGTAGTCGTAATCGCTGT,0,4996627
yjbJ_predicted,0.5,1,1,GGCGTAAGATACTTGGAGGT,0,5012289
yjbJ_predicted,0.5,1,1,GGCGGGTAAGAGTGAGGGCT,0,5018684
yjbJ_predicted,0.5,1,1,GGCCTTGCCCAGGCTGAGCC,0,5000136
yjbJ_predicted,0.5,1,1,GGCCTATACGGCACCGGTAG,0,5024104
yjbJ_predicted,0.5,1,1,GGCCCCGATGCCTCTTTCGT,0,5023141
yjbJ_predicted,0.5,1,1,GGCATTGTGCCATTGAGATT,0,5014885
yjbJ_predicted,0.5,1,1,GGCATACTCGGGCATTCTCT,0,5026719
yjbJ_predicted,0.5,1,1,GGCATACGGAAGATGCACTA,0,5025917
yjbJ_predicted,0.5,1,1,GGCATAAGGGGTAATACTAG,0,5001510
yjbJ_predicted,0.5,1,1,GGCAGGCTAGGCATTGGGAC,0,5008146
yjbJ_predicted,0.5,1,1,GGCAGCGTGGGTGGCCGATC,0,4994935
yjbJ_predicted,0.5,1,1,GGCACGGGCGCGGCATTAGC,0,5003876
yjbJ_predicted,0.5,1,1,GGCACACAATCTAATAAGTT,0,5000146
yjbJ_predicted,0.5,1,1,GGCAATCAATCCCCAGGACC,0,5021189
yjbJ_predicted,0.5,1,1,GGCAAGGTGCCCCAGATCGA,0,4996833
yjbJ_predicted,0.5,1,1,GGCAAGGTATAATTCTGTGA,0,5010219
yjbJ_predicted,0.5,1,1,GGATTGATGTGTGGGCTGCT,0,5020713
yjbJ_predicted,0.5,1,1,GGATTGAAATATTGCCCAAA,0,5007825
yjbJ_predicted,0.5,1,1,GGATGTGGCGGATACCCGTT,0,5016138
yjbJ_predicted,0.5,1,1,GGATGGCGCAGTGAATCAGT,0,5018164
yjbJ_predicted,0.5,1,1,GGATGGATCGTCTGTGCTAC,0,5023168
yjbJ_predicted,0.5,1,1,GGATCCAAGTCCCTTTCCGG,0,5026337
yjbJ_predicted,0.5,1,1,GGATCAACGCGACCTTGTGT,0,5025097
yjbJ_predicted,0.5,1,1,GGAGTTTAATAGTCAGCTTG,0,5011474
yjbJ_predicted,0.5,1,1,GGAGTTGTAAAGTCCGTGCG,0,4995495
yjbJ_predicted,0.5,1,1,GGAGTGGTGCAACACCTTTC,0,5006514
yjbJ_predicted,0.5,1,1,GGAGGGCGTGTCACGGGTGA,0,5000173
yjbJ_predicted,0.5,1,1,GGAGGACAATATTGAGGATT,0,5009985
yjbJ_predicted,0.5,1,1,GGAGCTGATGTCGAACTTCT,0,5013945
yjbJ_predicted,0.5,1,1,GGACTCTCAATCAATCTATC,0,5000436
yjbJ_predicted,0.5,1,1,GGACGAATCGTGCACACCGA,0,5029408
yjbJ_predicted,0.5,1,1,GGACATCAAGAATGAGGAAC,0,5001980
yjbJ_predicted,0.5,1,1,GGACAGAGTTGTGTCTGTCC,0,5000151
yjbJ_predicted,0.5,1,1,GGACAGACGTTGTGATCCAT,0,4996083
yjbJ_predicted,0.5,1,1,GGAATTTGGTTTCTCACCTC,0,5016326
yjbJ_predicted,0.5,1,1,GGAATATTGAACTCGATCCA,0,5006290
yjbJ_predicted,0.5,1,1,GGAATATCGAGAATACAGAG,0,5003680
yjbJ_predicted,0.5,1,1,GGAAGTATCCGGTTGTACTG,0,5020568
yjbJ_predicted,0.5,1,1,GGAAGCATGATATCTAGAGT,0,5025989
yjbJ_predicted,0.5,1,1,GGAACCTGGGGGCCAGAACT,0,5024951
yjbJ_predicted,0.5,1,1,GGAAACTTAAAAACGTATGC,0,5016614
yjbJ_predicted,0.5,1,1,GGAAACCTACACGGCGCTTT,0,5027171
yjbJ_predicted,0.5,1,1,GCTTGCTAAGAGAGAGTTAC,0,4996312
yjbJ_predicted,0.5,1,1,GCTTCGTGTAAAACATCGAT,0,5016626
yjbJ_predicted,0.5,1,1,GCTGTTTATTGTACGTTAAC,0,5006121
yjbJ_predicted,0.5,1,1,GCTGTGTCTATAAGTATTCT,0,5021095
yjbJ_predicted,0.5,1,1,GCTGTAGCATGTTTCAGTCA,0,5008551
yjbJ_predicted,0.5,1,1,GCTGGCGTACACCGGACATC,0,5013671
yjbJ_predicted,0.5,1,1,GCTGATATAGCGCAAGTACC,0,5010654
yjbJ_predicted,0.5,1,1,GCTGAAGGCGTGTGTCAGCT,0,5007897
yjbJ_predicted,0.5,1,1,GCTCTGGCCTCACGTTTTCG,0,5028357
yjbJ_predicted,0.5,1,1,GCTCGTTGGATACTGATCCG,0,5017059
yjbJ_predicted,0.5,1,1,GCTCGGACCGATATGTATGT,0,5020464
yjbJ_predicted,0.5,1,1,GCTCACTTGTTTGAGCCCCG,0,5011063
yjbJ_predicted,0.5,1,1,GCTATTGTCTAGCGCCATGT,0,5007292
yjbJ_predicted,0.5,1,1,GCTATCGAGGTCTATCGAGG,0,5028834
yjbJ_predicted,0.5,1,1,GCTAGACTATCCATATAACA,0,5004742
yjbJ_predicted,0.5,1,1,GCTAAACAGGGAGTGTCAGG,0,5019341
yjbJ_predicted,0.5,1,1,GCGTGCTTCTATACTGTTCC,0,5010071
yjbJ_predicted,0.5,1,1,GCGTCTGGGTAGAAAACTTA,0,5003928
yjbJ_predicted,0.5,1,1,GCGTCGATCCGGCAGATACT,0,5002977
yjbJ_predicted,0.5,1,1,GCGTCAAAAGTACTCGAGGC,0,5027288
yjbJ_predicted,0.5,1,1,GCGTACATGTGCTGGTCCCA,0,5001847
yjbJ_predicted,0.5,1,1,GCGTAAACGGGGAATTCTGG,0,5023921
yjbJ_predicted,0.5,1,1,GCGCGATTGCGTGAATAACT,0,5025694
yjbJ_predicted,0.5,1,1,GCGCGAAGTTTTACGGTTCG,0,5020762
yjbJ_predicted,0.5,1,1,GCGCGAAATTCACAGAGTCC,0,5017762
yjbJ_predicted,0.5,1,1,GCGCCTCGATCGGGCTTTAC,0,4995034
yjbJ_predicted,0.5,1,1,GCGCCTCATCGCTGCTGGAG,0,5015135
yjbJ_predicted,0.5,1,1,GCGCCCAATTCGAGTGGGTT,0,4996263
yjbJ_predicted,0.5,1,1,GCGCCACGGCGGACGTGTGC,0,5006680
yjbJ_predicted,0.5,1,1,GCGCATTACAGTAGCACAGG,0,5028699
yjbJ_predicted,0.5,1,1,GCGCAGTGAGTTCGGGTTAT,0,5030072
yjbJ_predicted,0.5,1,1,GCGCAGGAGCGCGCACAGTG,0,4997553
yjbJ_predicted,0.5,1,1,GCGATTCGTACCTGAACTCT,0,4999251
yjbJ_predicted,0.5,1,1,GCGAGTACACCTGCGACAAC,0,4996751
yjbJ_predicted,0.5,1,1,GCGAGATGATTTCACGTTTA,0,5016085
yjbJ_predicted,0.5,1,1,GCCTTTGGGAGATGAACGGA,0,5017010
yjbJ_predicted,0.5,1,1,GCCTGCACAGGCGTTGCCAG,0,5004674
yjbJ_predicted,0.5,1,1,GCCTGAGCTCAGAACGCTAC,0,5017647
yjbJ_predicted,0.5,1,1,GCCTCCTCATTACGTGCATA,0,5013078
yjbJ_predicted,0.5,1,1,GCCTCATGCTGGACTATTAG,0,5002279
yjbJ_predicted,0.5,1,1,GCCTCACCAATGGGACGCCA,0,5016185
yjbJ_predicted,0.5,1,1,GCCGTCAAGGTGGCGAATAT,0,5013186
yjbJ_predicted,0.5,1,1,GCCGGAGGATTTGAACACGA,0,5005062
yjbJ_predicted,0.5,1,1,GCCGACCAGTCATACCTGAC,0,5008120
yjbJ_predicted,0.5,1,1,GCCGAACCGACACTCCATCT,0,5006438
yjbJ_predicted,0.5,1,1,GCCCTTTCGGATCATGTATG,0,5018023
yjbJ_predicted,0.5,1,1,GCCCGGGCTCTGGCCGAACA,0,5018777
yjbJ_predicted,0.5,1,1,GCCCGAGATCTGGCATTGAT,0,5020176
yjbJ_predicted,0.5,1,1,GCCCCACGCCACCCGAGGAA,0,5005151
yjbJ_predicted,0.5,1,1,GCCATTTACCGATCATTTAG,0,4996752
yjbJ_predicted,0.5,1,1,GCCATTCTATTAGTAGGAAG,0,5029256
yjbJ_predicted,0.5,1,1,GCCATGTGATGTTCAGGTCA,0,5026903
yjbJ_predicted,0.5,1,1,GCCATGAGATCCGTAAACAG,0,5011785
yjbJ_predicted,0.5,1,1,GCCATCGATGCGCAGGGGGT,0,5002352
yjbJ_predicted,0.5,1,1,GCCACAGGGCCGGAACGTTC,0,5022920
yjbJ_predicted,0.5,1,1,GCCAATTCAACAGTCTGATT,0,5017051
yjbJ_predicted,0.5,1,1,GCCAATGCGGTAGGCAACGC,0,5003323
yjbJ_predicted,0.5,1,1,GCATTATGCATGGCTACTGA,0,5003362
yjbJ_predicted,0.5,1,1,GCATGGGGCCTTCGGGGTTC,0,5009601
yjbJ_predicted,0.5,1,1,GCATCGAGAACCTCAGCGGA,0,5003308
yjbJ_predicted,0.5,1,1,GCATAGCGGGGTTAATACTA,0,5005150
yjbJ_predicted,0.5,1,1,GCAGGCATCGTATTCTGTAT,0,5015016
yjbJ_predicted,0.5,1,1,GCAGCTGAACGTAAAAGTGT,0,4997392
yjbJ_predicted,0.5,1,1,GCAGCACATATAGGGCTTGA,0,5030063
yjbJ_predicted,0.5,1,1,GCACTGGATTAGAGAGTTAC,0,5029011
yjbJ_predicted,0.5,1,1,GCACCGCGAAGAGAATACAC,0,5022941
yjbJ_predicted,0.5,1,1,GCACCCCTGCTGCTCCAGTT,0,5021622
yjbJ_predicted,0.5,1,1,GCACAGCGAAACCGAGCTCT,0,5026967
yjbJ_predicted,0.5,1,1,GCAATGTGTCGTACAACCTT,0,5024386
yjbJ_predicted,0.5,1,1,GCAAGCAAGTTGATCAATAT,0,5002248
yjbJ_predicted,0.5,1,1,GCAAGACGGCGGGTGAACAG,0,4998946
yjbJ_predicted,0.5,1,1,GCAAGAAGTGAGTGCGGCCA,0,5009779
yjbJ_predicted,0.5,1,1,GCAACGGAGAGCTTCGACAT,0,5004203
yjbJ_predicted,0.5,1,1,GCAACAAACGTCGTGTGCTC,0,5006293
yjbJ_predicted,0.5,1,1,GCAAACCGACCATAACCCTC,0,5020469
yjbJ_predicted,0.5,1,1,GATTTGACTCATGCTGTTAA,0,5003592
yjbJ_predicted,0.5,1,1,GATTTCGTATTTCGGCTAAC,0,4999358
yjbJ_predicted,0.5,1,1,GATTGGCTGTCTTCTCACAG,0,5002465
yjbJ_predicted,0.5,1,1,GATTGACAATTGCGCTTTGT,0,5008889
yjbJ_predicted,0.5,1,1,GATTCGGCCGACCGCCTTTA,0,5023704
yjbJ_predicted,0.5,1,1,GATTCCTTCAACGGATCAAG,0,4998008
yjbJ_predicted,0.5,1,1,GATTATAATTGACTTACCCG,0,5014220
yjbJ_predicted,0.5,1,1,GATTAGGGGCAGACCAGTAC,0,5008605
yjbJ_predicted,0.5,1,1,GATGTGCGCGGCCTCGCTTT,0,5019255
yjbJ_predicted,0.5,1,1,GATGTCCATAGAGCTTCGCC,0,5025541
yjbJ_predicted,0.5,1,1,GATGGGTGTGTCTATATAGC,0,5002949
yjbJ_predicted,0.5,1,1,GATCGAGGGTTATAAGGGTA,0,5018823
yjbJ_predicted,0.5,1,1,GATCAAACATTAACAACGTT,0,5001668
yjbJ_predicted,0.5,1,1,GATAAAATCTAATACGCTAG,0,4998573
yjbJ_predicted,0.5,1,1,GAGTTCCGTGTGCGACATTG,0,4999564
yjbJ_predicted,0.5,1,1,GAGTTCAATACTTGGGCGGA,0,5007261
yjbJ_predicted,0.5,1,1,GAGTGCGGAGCCCTTCCGCT,0,5025649
yjbJ_predicted,0.5,1,1,GAGTAGCGAGTCTATAGTAG,0,5017439
yjbJ_predicted,0.5,1,1,GAGGTGCCAGGTATTACCTC,0,4999803
yjbJ_predicted,0.5,1,1,GAGGTATATCCCTCGAGGCT,0,5009001
yjbJ_predicted,0.5,1,1,GAGGGTCGCCATGGGGAACG,0,4999574
yjbJ_predicted,0.5,1,1,GAGGCCCAGTCTCATAGTTG,0,4996334
yjbJ_predicted,0.5,1,1,GAGGCATTCGGCATCTATGT,0,4997746
yjbJ_predicted,0.5,1,1,GAGGATGGCGTCATAGGTCC,0,5002767
yjbJ_predicted,0.5,1,1,GAGGAAGGCTAGAACACGCT,0,5022925
yjbJ_predicted,0.5,1,1,GAGCTTCGGCCGAGCCCGGG,0,5016319
yjbJ_predicted,0.5,1,1,GAGCTTAGTGATTAATGAAT,0,5000662
yjbJ_predicted,0.5,1,1,GAGCTGGAAAAATGATTGGC,0,5003278
yjbJ_predicted,0.5,1,1,GAGCTAATCCCCGGAGAAAA,0,5014890
yjbJ_predicted,0.5,1,1,GAGCCACCAGGAGTTACCTC,0,4998163
yjbJ_predicted,0.5,1,1,GAGCATGGACGATGGTGATA,0,4996022
yjbJ_predicted,0.5,1,1,GAGATGTATGAACGGCCTAT,0,5001174
yjbJ_predicted,0.5,1,1,GAGATGCGAGCCAGAAAATT,0,5012123
yjbJ_predicted,0.5,1,1,GAGATAGGTAACGTAACGCA,0,5019192
yjbJ_predicted,0.5,1,1,GAGAGTGATCCCATACAGGA,0,5001182
yjbJ_predicted,0.5,1,1,GAGAGCTACGTCGGACCGAT,0,5007372
yjbJ_predicted,0.5,1,1,GAGACTAACAATTAAGGGAA,0,5026980
yjbJ_predicted,0.5,1,1,GAGACAAACATCTGCAAGGT,0,4996683
yjbJ_predicted,0.5,1,1,GAGAAGAATGATGCACTTAT,0,5027433
yjbJ_predicted,0.5,1,1,GAGAAACATCGCTAATCGAC,0,5000676
yjbJ_predicted,0.5,1,1,GACTTGCAGTGATTTGCATC,0,5006285
yjbJ_predicted,0.5,1,1,GACTTCCTCAACAGCGGGCA,0,5000675
yjbJ_predicted,0.5,1,1,GACTTAAGTGTTTTCCAGAC,0,5002431
yjbJ_predicted,0.5,1,1,GACTGGCATTTCAGAATATA,0,5015137
yjbJ_predicted,0.5,1,1,GACTGAAAACGAGACCATTA,0,5009754
yjbJ_predicted,0.5,1,1,GACTATGCTGTACCTTTAAT,0,5003238
yjbJ_predicted,0.5,1,1,GACTAAAAGTGAGCCTGGCA,0,5002613
yjbJ_predicted,0.5,1,1,GACGCCAGTTGTATCATCAC,0,5031149
yjbJ_predicted,0.5,1,1,GACGAAAATGGCAGCCATAG,0,5013269
yjbJ_predicted,0.5,1,1,GACCTCATGGTCCTTCGTGT,0,5012560
yjbJ_predicted,0.5,1,1,GACCGTACCTGAGCTATCGG,0,4999863
yjbJ_predicted,0.5,1,1,GACCAGTAACCTGGCAGGAT,0,5029846
yjbJ_predicted,0.5,1,1,GACATATTTCGTTACGCCAC,0,5013793
yjbJ_predicted,0.5,1,1,GACACTTAGACGTGTGTGGA,0,5013189
yjbJ_predicted,0.5,1,1,GACAAGAGTACGTTCCACGG,0,4999213
yjbJ_predicted,0.5,1,1,GACAAAGACTTCACAAATGG,0,5013199
yjbJ_predicted,0.5,1,1,GAATTAAGCGGCCCCACGTT,0,5008878
yjbJ_predicted,0.5,1,1,GAATGCGAGCGGAAGTTGCT,0,5013999
yjbJ_predicted,0.5,1,1,GAATCAACACGAGAGGCGGA,0,5021469
yjbJ_predicted,0.5,1,1,GAATAGGTGCGGCAGTCGGC,0,5026105
yjbJ_predicted,0.5,1,1,GAAGGTTGAGCATGCGTGGG,0,5000021
yjbJ_predicted,0.5,1,1,GAAGCACGTATAGGACACGA,0,4997846
yjbJ_predicted,0.5,1,1,GAACGTCCCAATGCTAAAGC,0,5004075
yjbJ_predicted,0.5,1,1,GAACGCACCTCGGTCTTCTT,0,5023796
yjbJ_predicted,0.5,1,1,GAACAGCCACGAGAGGCCCG,0,5020715
yjbJ_predicted,0.5,1,1,GAACACTCGCTCAAGGTGAA,0,4995749
yjbJ_predicted,0.5,1,1,GAACACCCGAGTAGTTTGTA,0,5014040
yjbJ_predicted,0.5,1,1,GAAATTGAACGACCGTTGCA,0,5000587
yjbJ_predicted,0.5,1,1,GAAATGGTGCCAGTAACGTA,0,5022605
yjbJ_predicted,0.5,1,1,GAAATCCACGAAGTAACACT,0,5014495
yjbJ_predicted,0.5,1,1,GAAATATAGGCGGGAGGGAG,0,4998697
yjbJ_predicted,0.5,1,1,GAAAGCATGTGCATTCATCC,0,5008668
yjbJ_predicted,0.5,1,1,GAAAGAGACGGTTTTAGCCA,0,5024866
yjbJ_predicted,0.5,1,1,GAAACATGGATGTGTTCCCC,0,5007626
yjbJ_predicted,0.5,1,1,GAAAACTGCCACGGTTAGCG,0,5007727
yjbJ_predicted,0.5,1,1,GAAAACAACTAGCGTTTCGT,0,5021995
yjbJ_predicted,0.5,1,1,GAAAACAAATGTGGCTGTGG,0,5000240
yjbJ_predicted,0.5,1,1,CTTTTTTAAGATTTAGTAGA,0,4999842
yjbJ_predicted,0.5,1,1,CTTTTTGGTTATCTTGGTGA,0,4996431
yjbJ_predicted,0.5,1,1,CTTTTCCAATTGAACGTAGG,0,4997575
yjbJ_predicted,0.5,1,1,CTTTTACCTCAGTCATACAT,0,5009704
yjbJ_predicted,0.5,1,1,CTTTGTACGGCACCCCGATT,0,5027705
yjbJ_predicted,0.5,1,1,CTTTGAGTTTAATGCGCTCG,0,5007469
yjbJ_predicted,0.5,1,1,CTTTCCCCTGCTTCTTGCCT,0,5006932
yjbJ_predicted,0.5,1,1,CTTTATCCGGTGGTCTCTCC,0,5014110
yjbJ_predicted,0.5,1,1,CTTTAAGGTGAGCGGGGACG,0,5023322
yjbJ_predicted,0.5,1,1,CTTGTAATGCGTAAAAGACT,0,5021326
yjbJ_predicted,0.5,1,1,CTTGGGGACTGACGTCTCCA,0,4997047
yjbJ_predicted,0.5,1,1,CTTGGCGGCGGGGTCAGTAT,0,5009730
yjbJ_predicted,0.5,1,1,CTTGGCCCAGCGACTCTCTG,0,5000401
yjbJ_predicted,0.5,1,1,CTTGCGACCTTAGCTCCCCT,0,5021534
yjbJ_predicted,0.5,1,1,CTTGATATGGCCATAGGGTA,0,5007445
yjbJ_predicted,0.5,1,1,CTTGATAGTTTAGCCCGGGT,0,5019650
yjbJ_predicted,0.5,1,1,CTTCTGCTCAAATGAGTGAC,0,5030716
yjbJ_predicted,0.5,1,1,CTTCTGAAGGAAGTAGTCTT,0,4997161
yjbJ_predicted,0.5,1,1,CTTCTCGCACAACGCATGTA,0,5030686
yjbJ_predicted,0.5,1,1,CTTCTCATGCCATCCCAGAT,0,5011897
yjbJ_predicted,0.5,1,1,CTTCTACTAATGTAGAATAC,0,4995542
yjbJ_predicted,0.5,1,1,CTTCGGGTCCAATTCTGCGC,0,5003629
yjbJ_predicted,0.5,1,1,CTTCATAGAACAATGTCTGT,0,5006256
yjbJ_predicted,0.5,1,1,CTTCAAAAGAGCATATCTAT,0,5010340
yjbJ_predicted,0.5,1,1,CTTATAAGGCTATCTGCCGG,0,5015488
yjbJ_predicted,0.5,1,1,CTTAGTCGATCCGGTAATAG,0,5004257
yjbJ_predicted,0.5,1,1,CTTAGCGTTCTTCTCTCTTC,0,5003300
yjbJ_predicted,0.5,1,1,CTTAGCGTGGATTGGTGTTG,0,4997805
yjbJ_predicted,0.5,1,1,CTTAGAGTGAAGTACCATCA,0,5018136
yjbJ_predicted,0.5,1,1,CTTAATACCATAATTGTCGT,0,5000872
yjbJ_predicted,0.5,1,1,CTGTTCTTCGGCAGGAGTGA,0,5000560
yjbJ_predicted,0.5,1,1,CTGTTAACCATTTTAGCGGA,0,5016216
yjbJ_predicted,0.5,1,1,CTGTGAATTGGGATCGCATG,0,5013741
yjbJ_predicted,0.5,1,1,CTGTCCTACGATGACAGATC,0,4997899
yjbJ_predicted,0.5,1,1,CTGGTGCGGTTTGCGGGCAT,0,5004519
yjbJ_predicted,0.5,1,1,CTGGTGAAAATCTAAGCACT,0,5027804
yjbJ_predicted,0.5,1,1,CTGGTCACCTATTGTGCATG,0,5028238
yjbJ_predicted,0.5,1,1,CTGGTACGGTCCCGACAAAG,0,5006427
yjbJ_predicted,0.5,1,1,CTGGACTGCATAGCAACTCC,0,5014947
yjbJ_predicted,0.5,1,1,CTGCCACGGCTGATAGCGAT,0,5018888
yjbJ_predicted,0.5,1,1,CTGCATAACCCACGGCTGTG,0,5015913
yjbJ_predicted,0.5,1,1,CTGCACGGCAAATCACGTTG,0,5009673
yjbJ_predicted,0.5,1,1,CTGCAACGGTATCCTGAGGG,0,4995974
yjbJ_predicted,0.5,1,1,CTGATGAGTTCGATCCGGTT,0,5020463
yjbJ_predicted,0.5,1,1,CTGAGGCATATGCACTGCGT,0,4999168
yjbJ_predicted,0.5,1,1,CTGACGAACGCTGGGTATTT,0,5027671
yjbJ_predicted,0.5,1,1,CTGACCAGAACCATCGTACT,0,5024668
yjbJ_predicted,0.5,1,1,CTGAACTTAGCCTCTGCATG,0,5011551
yjbJ_predicted,0.5,1,1,CTCTTGTTGTGCCGGTAGAG,0,5002572
yjbJ_predicted,0.5,1,1,CTCTTCAAAGGTTGAGATTG,0,5016769
yjbJ_predicted,0.5,1,1,CTCTCGCCACGTGAGTTAAG,0,4997522
yjbJ_predicted,0.5,1,1,CTCTATAATTAAAATGTGGA,0,5007943
yjbJ_predicted,0.5,1,1,CTCTAGACCAGACCGTGGAC,0,5011303
yjbJ_predicted,0.5,1,1,CTCTACATTTTAAAATAGCA,0,5015019
yjbJ_predicted,0.5,1,1,CTCGGTTAGCCAACTCACAA,0,5016980
yjbJ_predicted,0.5,1,1,CTCGGCTGAGCGGGTACTTT,0,4996364
yjbJ_predicted,0.5,1,1,CTCGACTGTTGAGCTAAAGT,0,5029476
yjbJ_predicted,0.5,1,1,CTCGAACTGTCGGTGAAGTC,0,5014486
yjbJ_predicted,0.5,1,1,CTCGAAACCGCCCCGCTGTC,0,5010132
yjbJ_predicted,0.5,1,1,CTCCGTAGCCGGGTACAACG,0,5000837
yjbJ_predicted,0.5,1,1,CTCCCATTCTGATGTCCCAG,0,5014017
yjbJ_predicted,0.5,1,1,CTCCATTGGCGATACGAGGC,0,5019607
yjbJ_predicted,0.5,1,1,CTCCATGAAAGCAGTCGTCG,0,5003818
yjbJ_predicted,0.5,1,1,CTCCAGCGGCCAGAGCGAGG,0,5014408
yjbJ_predicted,0.5,1,1,CTCCACTTGTGAGGGGGACC,0,5007570
yjbJ_predicted,0.5,1,1,CTCAGCACGACCGCGTGTCC,0,5031001
yjbJ_predicted,0.5,1,1,CTCAACAACGTGGGAACCGG,0,4996846
yjbJ_predicted,0.5,1,1,CTATGTTATGTCTAGCTTGA,0,5028451
yjbJ_predicted,0.5,1,1,CTATGGTTCGCCGCGGCCCA,0,5015126
yjbJ_predicted,0.5,1,1,CTATCAATATAGAGACCCGA,0,5009015
yjbJ_predicted,0.5,1,1,CTATATCTTGCAATGATCTC,0,5020771
yjbJ_predicted,0.5,1,1,CTATACTAGCATCTGCCCCG,0,5021806
yjbJ_predicted,0.5,1,1,CTAGTTGGCCAACCGGTAAG,0,5021768
yjbJ_predicted,0.5,1,1,CTAGTTGAGAAGTGAGCGAC,0,5021405
yjbJ_predicted,0.5,1,1,CTAGGAACTTGTGTAAACAA,0,5013915
yjbJ_predicted,0.5,1,1,CTAGCTACACAACATAATAG,0,5029309
yjbJ_predicted,0.5,1,1,CTAGACTACTGCTGTGGCTC,0,5005130
yjbJ_predicted,0.5,1,1,CTACCTACTCGTATATGGCT,0,5014575
yjbJ_predicted,0.5,1,1,CTACCGTGAAACCAGGCGCT,0,5030754
yjbJ_predicted,0.5,1,1,CTAAGGCTTCCGTCGCAGCG,0,5006411
yjbJ_predicted,0.5,1,1,CTAAAGCCTTTGTTACTGAT,0,5011048
yjbJ_predicted,0.5,1,1,CGTTTTTGTCCACTATATGG,0,5007132
yjbJ_predicted,0.5,1,1,CGTTTGAGTGTTCCTTGGAA,0,5017461
yjbJ_predicted,0.5,1,1,CGTTTCAGACTTCGAATTGA,0,5020730
yjbJ_predicted,0.5,1,1,CGTTTAATTTGGAGAGTTGT,0,5024923
yjbJ_predicted,0.5,1,1,CGTTGACAGTGCGGCGTCCT,0,5005805
yjbJ_predicted,0.5,1,1,CGTTCGGCTCTTGCTACTTC,0,4996015
yjbJ_predicted,0.5,1,1,CGTGTGTTCGATGCAAACGT,0,5010683
yjbJ_predicted,0.5,1,1,CGTGTCCACCATCTCGAAAC,0,5005814
yjbJ_predicted,0.5,1,1,CGTGCTCTTAAGCTAATCAT,0,5027759
yjbJ_predicted,0.5,1,1,CGTGCATCCGATTAGGTCAG,0,5014523
yjbJ_predicted,0.5,1,1,CGTCGTGGATGTGGAGGTTC,0,4995845
yjbJ_predicted,0.5,1,1,CGTCGAACACGATCACGTAA,0,5016595
yjbJ_predicted,0.5,1,1,CGTCCCTACGGGCATTTTTT,0,4999026
yjbJ_predicted,0.5,1,1,CGTCCCGCCCCGAAATTCGT,0,5024370
yjbJ_predicted,0.5,1,1,CGTCCAGGCGCAAGGCAGAC,0,5031080
yjbJ_predicted,0.5,1,1,CGTCACGCCAACTAGGCAAA,0,5014130
yjbJ_predicted,0.5,1,1,CGTATGACGGCTTTCTTACC,0,5027218
yjbJ_predicted,0.5,1,1,CGTAGCCTCAGCGATACCCG,0,5011255
yjbJ_predicted,0.5,1,1,CGTAGCCCGGCTGGAAACGG,0,4995788
yjbJ_predicted,0.5,1,1,CGTAGCAGCAAATGTGGGCT,0,5005291
yjbJ_predicted,0.5,1,1,CGTACTGTATTTGGCTACTT,0,5029549
yjbJ_predicted,0.5,1,1,CGTACATAGACTAGGCGGGC,0,5002175
yjbJ_predicted,0.5,1,1,CGTAAGCTATTCTTTACAAT,0,5028430
yjbJ_predicted,0.5,1,1,CGTAAGAGGGACGCACGGAG,0,5024329
yjbJ_predicted,0.5,1,1,CGTAAGAAATATCGCATTGG,0,5006409
yjbJ_predicted,0.5,1,1,CGTAACTATTGGTTGGCATG,0,5028425
yjbJ_predicted,0.5,1,1,CGGTTCGGCCGCGTCGTAAA,0,5020833
yjbJ_predicted,0.5,1,1,CGGTTCACCCAAAGCGCTCT,0,5028609
yjbJ_predicted,0.5,1,1,CGGTTATAATTGCCCTCAGA,0,5030149
yjbJ_predicted,0.5,1,1,CGGTGGGCACCATATCAGCC,0,5009726
yjbJ_predicted,0.5,1,1,CGGTGCGGCCTAGTGCGCGA,0,5004615
yjbJ_predicted,0.5,1,1,CGGTCGCGACCCTAGTTGCA,0,5005846
yjbJ_predicted,0.5,1,1,CGGGTGTACAACTGGTTCGA,0,5005209
yjbJ_predicted,0.5,1,1,CGGGTACCGTTGGTCGTCCC,0,5007827
yjbJ_predicted,0.5,1,1,CGGGGTGTGAGCGGCAACAA,0,4995887
yjbJ_predicted,0.5,1,1,CGGGGTCATACGCCTACATA,0,5008241
yjbJ_predicted,0.5,1,1,CGGGCGGTGCTAACCTCTTG,0,4997587
yjbJ_predicted,0.5,1,1,CGGGCCATTCTGCCGACATT,0,5008006
yjbJ_predicted,0.5,1,1,CGGGCCAGAGGCCCATTTTC,0,4998703
yjbJ_predicted,0.5,1,1,CGGGCAACGTTAACCTGTAG,0,5019862
yjbJ_predicted,0.5,1,1,CGGGAGGGGTCACAACAACT,0,5025314
yjbJ_predicted,0.5,1,1,CGGCGCATCAACACGTTAGG,0,5012431
yjbJ_predicted,0.5,1,1,CGGCCTCTCTTTTGCATCGG,0,5019047
yjbJ_predicted,0.5,1,1,CGGCAGGCCGCGCTGGTCCT,0,5020072
yjbJ_predicted,0.5,1,1,CGGATCCTAGAGTGGACGTT,0,4995280
yjbJ_predicted,0.5,1,1,CGGACTAGGCATCAATGAGA,0,5015847
yjbJ_predicted,0.5,1,1,CGGACCTCAGTGGCCTGGCA,0,5012667
yjbJ_predicted,0.5,1,1,CGGAAAAAAGGAGTGCGTGT,0,5028590
yjbJ_predicted,0.5,1,1,CGCTTCAAGAGGGACACCCC,0,5014725
yjbJ_predicted,0.5,1,1,CGCTTACTCAAGTATGGGAA,0,5019899
yjbJ_predicted,0.5,1,1,CGCTTACTATCTGTGTTACG,0,5017251
yjbJ_predicted,0.5,1,1,CGCTGAGGGAGTACGCGTTT,0,5018752
yjbJ_predicted,0.5,1,1,CGCTCCGGATGAAGGGTCAA,0,5011146
yjbJ_predicted,0.5,1,1,CGCTCATCTTGAAATCGACA,0,5026030
yjbJ_predicted,0.5,1,1,CGCGTGACCACGTCGACAAC,0,5000080
yjbJ_predicted,0.5,1,1,CGCGGGGGCGAGTTTAATGT,0,5026496
yjbJ_predicted,0.5,1,1,CGCGGGCTAGCGATAGACAG,0,5024995
yjbJ_predicted,0.5,1,1,CGCGCTTCTGAATGCACCCG,0,4996992
yjbJ_predicted,0.5,1,1,CGCGCGCCGCGCGTACATAT,0,5028313
yjbJ_predicted,0.5,1,1,CGCCTTGGGAACTGAGACGA,0,5015217
yjbJ_predicted,0.5,1,1,CGCCTCCGAGCTAGGAATAC,0,5010879
yjbJ_predicted,0.5,1,1,CGCCTAAGTGATCACTTCAT,0,4995737
yjbJ_predicted,0.5,1,1,CGCCGTTAGAGCTTATCCTT,0,5023022
yjbJ_predicted,0.5,1,1,CGCCGCGAAGAAGATCCGTA,0,4995143
yjbJ_predicted,0.5,1,1,CGCCATTGGCTTCAAGCGGC,0,5030311
yjbJ_predicted,0.5,1,1,CGCCACGTTTATGGTACCTG,0,4996936
yjbJ_predicted,0.5,1,1,CGCATGCCACCGCATTCGAC,0,5025184
yjbJ_predicted,0.5,1,1,CGCATACTACCCACTCGAAT,0,5014631
yjbJ_predicted,0.5,1,1,CGCAGCCCGGCTGTTCACAT,0,5010884
yjbJ_predicted,0.5,1,1,CGCACGGGCCATGCCGTATG,0,5015796
yjbJ_predicted,0.5,1,1,CGCAAATATCGAAGGGATAT,0,5007569
yjbJ_predicted,0.5,1,1,CGCAAAGGTGTGTTAGTTTG,0,4999387
yjbJ_predicted,0.5,1,1,CGATTTGGGGTAGACGCGAT,0,5020562
yjbJ_predicted,0.5,1,1,CGATTTATCCGAACTACCTG,0,4995837
yjbJ_predicted,0.5,1,1,CGATTGGTTCGCCGGTGGCC,0,5000075
yjbJ_predicted,0.5,1,1,CGATGCTAATAACATGCACC,0,5013990
yjbJ_predicted,0.5,1,1,CGATGCCCAACTATGCCTCT,0,5009630
yjbJ_predicted,0.5,1,1,CGATCTTCGGACCTTGATAT,0,5029538
yjbJ_predicted,0.5,1,1,CGATCGGTGCTCCGACTTAT,0,5008438
yjbJ_predicted,0.5,1,1,CGAGTGGGATTGGGAAATCA,0,4998953
yjbJ_predicted,0.5,1,1,CGAGTATATGCAAGAAGAAA,0,5021994
yjbJ_predicted,0.5,1,1,CGAGGGTATCAAAAGACGGG,0,5029768
yjbJ_predicted,0.5,1,1,CGAGGCACCCTCTACCCAGG,0,5019335
yjbJ_predicted,0.5,1,1,CGAGATGTAAAGCATATCCC,0,5019751
yjbJ_predicted,0.5,1,1,CGACTGCTATTGAGACGGCA,0,5003695
yjbJ_predicted,0.5,1,1,CGACTCACATCGAACGGCGC,0,5005261
yjbJ_predicted,0.5,1,1,CGACTCAAACAACCGGGGTC,0,5001959
yjbJ_predicted,0.5,1,1,CGACGGTATAGTGATACGTA,0,5029927
yjbJ_predicted,0.5,1,1,CGACCATGTGGTGCCAGAGT,0,5011860
yjbJ_predicted,0.5,1,1,CGAATGGTCTAGAATACGCA,0,5008253
yjbJ_predicted,0.5,1,1,CGAATGGTCCTCGCGAATTG,0,5028823
yjbJ_predicted,0.5,1,1,CGAACGGCTTGGTAGCTTGT,0,5000167
yjbJ_predicted,0.5,1,1,CGAACCCTTCCGACTCGCAG,0,5011249
yjbJ_predicted,0.5,1,1,CGAACCCGGTGAGCCACCAT,0,5001067
yjbJ_predicted,0.5,1,1,CGAACAGCTGAGTGAGGTAT,0,5024619
yjbJ_predicted,0.5,1,1,CGAAATTGCCGCGCGGCAAA,0,5014990
yjbJ_predicted,0.5,1,1,CGAAATGTTATCGAAAATCG,0,5024379
yjbJ_predicted,0.5,1,1,CGAAACAAGTCTACTTGCCC,0,4994995
yjbJ_predicted,0.5,1,1,CCTTTCAGTCAGATTACCCT,0,5027729
yjbJ_predicted,0.5,1,1,CCTTCTGGAGCGCGCCGTTT,0,4999508
yjbJ_predicted,0.5,1,1,CCTTCGGGAGTGGACCTCAG,0,5009603
yjbJ_predicted,0.5,1,1,CCTTCAGCAGCAAGTGCGGC,0,5030929
yjbJ_predicted,0.5,1,1,CCTTACATCTAGCGCCCAAG,0,5023956
yjbJ_predicted,0.5,1,1,CCTGCTAACAAGGACGATTA,0,5027129
yjbJ_predicted,0.5,1,1,CCTGCCATGCATATAAAGAA,0,5017047
yjbJ_predicted,0.5,1,1,CCTCTGTTAAGAAAGACGAT,0,5001737
yjbJ_predicted,0.5,1,1,CCTCTGTGCGTGTTCCTGCA,0,5021870
yjbJ_predicted,0.5,1,1,CCTCGCTGCAGCCCCCGGGG,0,4994771
yjbJ_predicted,0.5,1,1,CCTCGATCCCGCATGTGGGG,0,5003181
yjbJ_predicted,0.5,1,1,CCTCCTCCCTTATAGTGTGA,0,5009165
yjbJ_predicted,0.5,1,1,CCTCCTAACGCCGGCGGCAT,0,5019168
yjbJ_predicted,0.5,1,1,CCTATGAACTGTCCCTAGTG,0,5027700
yjbJ_predicted,0.5,1,1,CCTAGTTCCTGGCGGAGAAA,0,5003117
yjbJ_predicted,0.5,1,1,CCTACGGAGGCCGAGGTCAA,0,5011780
yjbJ_predicted,0.5,1,1,CCTAAATTTTTACTTAGTGA,0,5026843
yjbJ_predicted,0.5,1,1,CCGTTTGTTCGATTCCGACG,0,5031000
yjbJ_predicted,0.5,1,1,CCGTTGTCATGAAATGGCTG,0,4996116
yjbJ_predicted,0.5,1,1,CCGTTGGATTAGTAGGGTAC,0,5004190
yjbJ_predicted,0.5,1,1,CCGTTGCCCAATGTGTGGTC,0,5016299
yjbJ_predicted,0.5,1,1,CCGTTCTAGCATATACCAAA,0,5002741
yjbJ_predicted,0.5,1,1,CCGTGTGAAACATTAAAGCA,0,5009819
yjbJ_predicted,0.5,1,1,CCGTGGTCCGTTACACAATC,0,5010916
yjbJ_predicted,0.5,1,1,CCGTGAGTCCAAACGTGTGA,0,5030762
yjbJ_predicted,0.5,1,1,CCGTCCGTACGTCAGCTGGG,0,4999704
yjbJ_predicted,0.5,1,1,CCGTCACGGAGTTTGGAGTA,0,5014158
yjbJ_predicted,0.5,1,1,CCGTAGGGATGCCTGCGCAA,0,4997331
yjbJ_predicted,0.5,1,1,CCGGTTTCGTAGATGGTCGG,0,5017133
yjbJ_predicted,0.5,1,1,CCGGTATCCCGATGGACTAG,0,4995566
yjbJ_predicted,0.5,1,1,CCGGTACCAAAACTCGTCCG,0,5009971
yjbJ_predicted,0.5,1,1,CCGGCACACCGAAGTTCGAC,0,5019619
yjbJ_predicted,0.5,1,1,CCGGAGAGAAAGTATCATGC,0,5029387
yjbJ_predicted,0.5,1,1,CCGGACTTGGCGGGTTACTA,0,5006473
yjbJ_predicted,0.5,1,1,CCGCTTGTGAAATTCTTAAT,0,4998820
yjbJ_predicted,0.5,1,1,CCGCAGAGAGCTATTATTTA,0,5001848
yjbJ_predicted,0.5,1,1,CCGATTTGCTGACATACCGT,0,4998288
yjbJ_predicted,0.5,1,1,CCGATGTCAGCAATGCCTCG,0,5002611
yjbJ_predicted,0.5,1,1,CCGAGCGCTGGATATCTCCC,0,5015993
yjbJ_predicted,0.5,1,1,CCGAAGACGATTCAGGGACT,0,5016998
yjbJ_predicted,0.5,1,1,CCCTACCTCTTTGTCGAACA,0,4998693
yjbJ_predicted,0.5,1,1,CCCGTTAGAGCGTCATTCGA,0,5014732
yjbJ_predicted,0.5,1,1,CCCGTGGTACACCGATATAT,0,5024020
yjbJ_predicted,0.5,1,1,CCCGTCCGGCCCGCTGAATA,0,5015154
yjbJ_predicted,0.5,1,1,CCCGTAGTTACGACAACATA,0,5011366
yjbJ_predicted,0.5,1,1,CCCGGTTAAACTGTTGCACC,0,5012049
yjbJ_predicted,0.5,1,1,CCCGGCAGGGAACGTCCTAT,0,5012326
yjbJ_predicted,0.5,1,1,CCCCCGTCACCAGTATATCA,0,4996918
yjbJ_predicted,0.5,1,1,CCCCCGCAAACACCGGAGGT,0,5014471
yjbJ_predicted,0.5,1,1,CCCCCCCCTGGGGGATGTCA,0,5025982
yjbJ_predicted,0.5,1,1,CCCCATTAGAATCCGTTGCA,0,5017560
yjbJ_predicted,0.5,1,1,CCCCATCCTTGTGCAAGACC,0,5019635
yjbJ_predicted,0.5,1,1,CCCCACGCCGGTCGAAACTC,0,4996308
yjbJ_predicted,0.5,1,1,CCCATCAACACGATGTAGCT,0,5023900
yjbJ_predicted,0.5,1,1,CCCAGGCCCGAACCTTGTGC,0,5020515
yjbJ_predicted,0.5,1,1,CCCAGGAATCACCTTGTATT,0,5011122
yjbJ_predicted,0.5,1,1,CCCAGAGACTCAGCGCGACG,0,5014046
yjbJ_predicted,0.5,1,1,CCCAAGGCGGTAAATGTGAC,0,5026202
yjbJ_predicted,0.5,1,1,CCCAACTCACGGAGTGATCG,0,5009334
yjbJ_predicted,0.5,1,1,CCCAACAGTACATTATTCAT,0,5029058
yjbJ_predicted,0.5,1,1,CCATTGGATAGCAGGTTGCA,0,5016296
yjbJ_predicted,0.5,1,1,CCATTCGCGTCGGACGTCTA,0,4996632
yjbJ_predicted,0.5,1,1,CCATGGTGCCTCGCATGCGT,0,4999709
yjbJ_predicted,0.5,1,1,CCATCGATGCCAATCCTGTT,0,5011452
yjbJ_predicted,0.5,1,1,CCATAGATTCGCCATTGCGT,0,4996808
yjbJ_predicted,0.5,1,1,CCAGTGGCGCAATGTAACTT,0,5015656
yjbJ_predicted,0.5,1,1,CCAGGTTAGTTCAGTTATAG,0,5024721
yjbJ_predicted,0.5,1,1,CCAGGGTCAAAGTCATCTAC,0,5016424
yjbJ_predicted,0.5,1,1,CCAGGCGCGCATGCACAGCT,0,5017273
yjbJ_predicted,0.5,1,1,CCAGCTTCATATTCGTCCTA,0,5016786
yjbJ_predicted,0.5,1,1,CCAGCCCTGATAAGGTCATA,0,5028273
yjbJ_predicted,0.5,1,1,CCACTCTCCGGGGCCGATCT,0,5023847
yjbJ_predicted,0.5,1,1,CCACTAAACGTCCAGTCGTA,0,5010004
yjbJ_predicted,0.5,1,1,CCACGTGATTTCTGTATTTC,0,5018945
yjbJ_predicted,0.5,1,1,CCACCGTGTACAAGTTTTCC,0,5028294
yjbJ_predicted,0.5,1,1,CCACCGTCCGGATTCTTGTA,0,5020008
yjbJ_predicted,0.5,1,1,CCACCGGCGGAGTAGGGGAT,0,5002916
yjbJ_predicted,0.5,1,1,CCACAGACCCAGGTAAACTG,0,5024828
yjbJ_predicted,0.5,1,1,CCAAGCTCCGTTGTGATTAT,0,5001832
yjbJ_predicted,0.5,1,1,CCAACTCCCGCTAACAATGT,0,5018162
yjbJ_predicted,0.5,1,1,CCAACGCCGAAGTACTATCC,0,5013377
yjbJ_predicted,0.5,1,1,CCAAAAACTCAGTCTCGCAA,0,5027740
yjbJ_predicted,0.5,1,1,CATTTTTAGTCCCGCTTTTT,0,4998594
yjbJ_predicted,0.5,1,1,CATTTGAACATATGTTAGTC,0,5019062
yjbJ_predicted,0.5,1,1,CATTTAGTATGATGGAACGT,0,5004693
yjbJ_predicted,0.5,1,1,CATTGGGGCTGCATTTAAAC,0,5000817
yjbJ_predicted,0.5,1,1,CATTCGCCTTAGCCGTCACA,0,5019620
yjbJ_predicted,0.5,1,1,CATTACCGGAGCGCCTACGC,0,5021869
yjbJ_predicted,0.5,1,1,CATTACATACAAGGGTCTGT,0,5008692
yjbJ_predicted,0.5,1,1,CATTAAAGGTTAGCGGGCCT,0,5022228
yjbJ_predicted,0.5,1,1,CATGTGTATAACCGCTATCT,0,5028913
yjbJ_predicted,0.5,1,1,CATGTCCGGGTTCATTAGGA,0,5018158
yjbJ_predicted,0.5,1,1,CATGGGTTTAATGAGCCGCG,0,5007754
yjbJ_predicted,0.5,1,1,CATGGGGCTAGTCATTCAGA,0,4995897
yjbJ_predicted,0.5,1,1,CATGCACAGGTTCACCAATG,0,5005906
yjbJ_predicted,0.5,1,1,CATCTGGTGGTAGATGCGTG,0,5028719
yjbJ_predicted,0.5,1,1,CATCTAGTATGATGATCCCT,0,5021722
yjbJ_predicted,0.5,1,1,CATCGTTATCTCCAAAACGT,0,5027407
yjbJ_predicted,0.5,1,1,CATCGTTAATGACAAGAATG,0,5006862
yjbJ_predicted,0.5,1,1,CATCGCCCATCACTTAGATT,0,5004803
yjbJ_predicted,0.5,1,1,CATCGCCCAGCAGCCTAGAT,0,5013599
yjbJ_predicted,0.5,1,1,CATCCTCCCCTACATTATCT,0,5013921
yjbJ_predicted,0.5,1,1,CATCCACGCGTCTCAATTCG,0,5022027
yjbJ_predicted,0.5,1,1,CATATCCAAAGTGGTACAGT,0,5028403
yjbJ_predicted,0.5,1,1,CATATACGCGTCGGTGGAGC,0,5011025
yjbJ_predicted,0.5,1,1,CATATAACGCGTTTTTGTGT,0,5026025
yjbJ_predicted,0.5,1,1,CATAGGGGTGTTGGTGCTGC,0,5006047
yjbJ_predicted,0.5,1,1,CATAGGGGGGTGGGGACCGT,0,5021691
yjbJ_predicted,0.5,1,1,CATAGATTGACCGAGCCGCC,0,5027466
yjbJ_predicted,0.5,1,1,CATACTTCCACTTTCTGTGA,0,4999407
yjbJ_predicted,0.5,1,1,CATACGTCATTCGGCCGTTT,0,4997084
yjbJ_predicted,0.5,1,1,CAGTTAAGTGATAAGGACTA,0,5030034
yjbJ_predicted,0.5,1,1,CAGTCTACTCATGTTGGCAA,0,5006744
yjbJ_predicted,0.5,1,1,CAGGGTACAGACCGCTTAAT,0,5008845
yjbJ_predicted,0.5,1,1,CAGGGGTTTGTCCACTGTTT,0,4998151
yjbJ_predicted,0.5,1,1,CAGGGACCTATGTCGGTACG,0,4998568
yjbJ_predicted,0.5,1,1,CAGGGAATACCGCCTATGCT,0,5002537
yjbJ_predicted,0.5,1,1,CAGGCACGTCACGAGATTCA,0,5018603
yjbJ_predicted,0.5,1,1,CAGGAGAGCCGACACGAAAC,0,5022665
yjbJ_predicted,0.5,1,1,CAGGACACAAGGTTTCACCG,0,5014337
yjbJ_predicted,0.5,1,1,CAGCTCTACATCTAGTATCC,0,5012870
yjbJ_predicted,0.5,1,1,CAGCGGGCGTGCAGTACGCG,0,5001521
yjbJ_predicted,0.5,1,1,CAGCCTTCACGGACTATTAC,0,5027300
yjbJ_predicted,0.5,1,1,CAGCCGCGGTACATGAAGCC,0,4998283
yjbJ_predicted,0.5,1,1,CAGCCGCAATTCAGGGCGAA,0,5012174
yjbJ_predicted,0.5,1,1,CAGCCCGGGCCACATGATAC,0,5028315
yjbJ_predicted,0.5,1,1,CAGCAGCCTGTCTAGTGGAG,0,5011899
yjbJ_predicted,0.5,1,1,CAGCAACGATTCCTCAGCGT,0,5009796
yjbJ_predicted,0.5,1,1,CAGATCCAGCCATTTTGTAT,0,5017505
yjbJ_predicted,0.5,1,1,CAGATATGGAACCCGGTAGG,0,4997229
yjbJ_predicted,0.5,1,1,CAGATATCACTAGCGCAGAC,0,5005817
yjbJ_predicted,0.5,1,1,CAGAGTACCCTTTTCTATTA,0,5003338
yjbJ_predicted,0.5,1,1,CACTTGCCCGTGGCATTGCG,0,5010957
yjbJ_predicted,0.5,1,1,CACTCATGGAGGCATACCTC,0,4995724
yjbJ_predicted,0.5,1,1,CACGGGAATGAGCGAAGGCC,0,5015951
yjbJ_predicted,0.5,1,1,CACGGCGTACCGTGGTAGTA,0,5023864
yjbJ_predicted,0.5,1,1,CACGGAGCGCAGCCGATTAA,0,5007441
yjbJ_predicted,0.5,1,1,CACGCTTCTTCGCGTAGGGT,0,5006208
yjbJ_predicted,0.5,1,1,CACGAGCTACATGTATTGAC,0,4996349
yjbJ_predicted,0.5,1,1,CACCTAACAAGCACCCACGT,0,5001112
yjbJ_predicted,0.5,1,1,CACCGTGATAAGTCGGTCTG,0,4998630
yjbJ_predicted,0.5,1,1,CACCGCGCCAAAGGGGTGCA,0,5012873
yjbJ_predicted,0.5,1,1,CACCCACGCGGGGAAGGAAG,0,5015233
yjbJ_predicted,0.5,1,1,CACAGCTCCCTTTTAGTGAT,0,5001267
yjbJ_predicted,0.5,1,1,CACACTGTAGCAGGACTCTA,0,5016214
yjbJ_predicted,0.5,1,1,CAATTTCCAGCCTGCTCAAG,0,5014407
yjbJ_predicted,0.5,1,1,CAATTGGCACACAAGACGTG,0,4995624
yjbJ_predicted,0.5,1,1,CAATTATTTGCCCAGCTTAA,0,5017025
yjbJ_predicted,0.5,1,1,CAATTAAGTACTGCCTACCG,0,5015078
yjbJ_predicted,0.5,1,1,CAATGGGGCCGGGGACTTAA,0,5008940
yjbJ_predicted,0.5,1,1,CAATCCGTGCAAAAGGGAGT,0,5008046
yjbJ_predicted,0.5,1,1,CAATAAGTGCATTCTCAGTC,0,4997593
yjbJ_predicted,0.5,1,1,CAAGTCTAGTGAAGTCCTTC,0,5026010
yjbJ_predicted,0.5,1,1,CAAGGCGTGTACTTGTCTAC,0,5029871
yjbJ_predicted,0.5,1,1,CAACTCGTCACCGCCCAGGA,0,5029892
yjbJ_predicted,0.5,1,1,CAACTAAGGAGCACCGGTAG,0,5002777
yjbJ_predicted,0.5,1,1,CAACAGCACACGCAGAATAG,0,4995548
yjbJ_predicted,0.5,1,1,CAAATGGCAAGGGGGCAGCT,0,5018514
yjbJ_predicted,0.5,1,1,CAAAGTTACCCGGCTAAGAC,0,5024340
yjbJ_predicted,0.5,1,1,ATTTTAACATCGATCCGTGA,0,5016426
yjbJ_predicted,0.5,1,1,ATTTGCTTTATCAGCGTACT,0,4995370
yjbJ_predicted,0.5,1,1,ATTTCTTATATGTCGGCTTA,0,5012237
yjbJ_predicted,0.5,1,1,ATTTCGGATTACGATGCCAA,0,5026372
yjbJ_predicted,0.5,1,1,ATTTATTCTACTCTCATGAC,0,5011141
yjbJ_predicted,0.5,1,1,ATTTATGCAGTCGCCCTGAT,0,5007126
yjbJ_predicted,0.5,1,1,ATTGGCGCCGGCCATCAGGA,0,5009421
yjbJ_predicted,0.5,1,1,ATTGAGGAATACAACAGTTT,0,5013604
yjbJ_predicted,0.5,1,1,ATTCTCGGTCACACGGCGGG,0,5006908
yjbJ_predicted,0.5,1,1,ATTCGTGAAAATATAATAGT,0,5010815
yjbJ_predicted,0.5,1,1,ATTCCTAGACGATCGATTAA,0,4999616
yjbJ_predicted,0.5,1,1,ATTCCGGGTGCGACTCCACA,0,5026298
yjbJ_predicted,0.5,1,1,ATTCCCTTCGTGTCATTTAA,0,5001450
yjbJ_predicted,0.5,1,1,ATTATGCTTTATCTCGCTAT,0,5003654
yjbJ_predicted,0.5,1,1,ATTATGAGGCCGGGTCCGAT,0,5000489
yjbJ_predicted,0.5,1,1,ATTATCTCGTAGCCCGACTT,0,5002662
yjbJ_predicted,0.5,1,1,ATTATACGACTTCTTAGACT,0,5012071
yjbJ_predicted,0.5,1,1,ATTAGGTTTAGCCATGGCTC,0,5007859
yjbJ_predicted,0.5,1,1,ATTAGCTTTGCAGTCTTGTA,0,4995610
yjbJ_predicted,0.5,1,1,ATTACCGGTTGCGAGTGTTC,0,5008566
yjbJ_predicted,0.5,1,1,ATTAAGGCGAGCACGACGGT,0,5012350
yjbJ_predicted,0.5,1,1,ATGTTAACATGGTGTAGTTT,0,5018054
yjbJ_predicted,0.5,1,1,ATGTGCTGTACACATCGATA,0,4998635
yjbJ_predicted,0.5,1,1,ATGTCGTTTCCGTCTTGGGA,0,5000118
yjbJ_predicted,0.5,1,1,ATGTACCGCCCTACCTGGGT,0,5002896
yjbJ_predicted,0.5,1,1,ATGTAACTTAACCTCTCGTG,0,5028262
yjbJ_predicted,0.5,1,1,ATGGTGCGTGCAGCCTAAGT,0,5000534
yjbJ_predicted,0.5,1,1,ATGGTCTGTGTTAGAAGAAG,0,5006544
yjbJ_predicted,0.5,1,1,ATGGGACTCTATACCCGCAT,0,5013067
yjbJ_predicted,0.5,1,1,ATGGCGCGATCGATGAGTCC,0,5026448
yjbJ_predicted,0.5,1,1,ATGGCACAGCCAGATGCCAT,0,5018736
yjbJ_predicted,0.5,1,1,ATGGAGTGTGTTATGCCCGA,0,5001499
yjbJ_predicted,0.5,1,1,ATGGAACCTAGCTGGTGACC,0,5021403
yjbJ_predicted,0.5,1,1,ATGCGTGTTACCTGGTGTTC,0,5022273
yjbJ_predicted,0.5,1,1,ATGCGGTCGTGTAGCTGTCA,0,5008498
yjbJ_predicted,0.5,1,1,ATGCCGGGCGAATGACGACA,0,5018123
yjbJ_predicted,0.5,1,1,ATGCCATCTCCGGGAGATCC,0,5028074
yjbJ_predicted,0.5,1,1,ATGATGAGGACGAGGCTATT,0,4999528
yjbJ_predicted,0.5,1,1,ATGATCCTGAGACATTCGCG,0,5011142
yjbJ_predicted,0.5,1,1,ATGATCCCCACGACTATTTG,0,5022469
yjbJ_predicted,0.5,1,1,ATGACATGGAGAAAAGATAG,0,5006361
yjbJ_predicted,0.5,1,1,ATGAATAGGGAATGCCATAC,0,5000476
yjbJ_predicted,0.5,1,1,ATGAACGCACTGCTAGCCCC,0,4999000
yjbJ_predicted,0.5,1,1,ATCTTTATTTGGGCGCCGGT,0,5029803
yjbJ_predicted,0.5,1,1,ATCTTGTACATCTTCTGGGT,0,5014697
yjbJ_predicted,0.5,1,1,ATCTGGAGGTAGTAAGTTGC,0,5010461
yjbJ_predicted,0.5,1,1,ATCTCCCAAACTATGGGGGT,0,5002769
yjbJ_predicted,0.5,1,1,ATCTCCACATCCGAGTTGCC,0,5015133
yjbJ_predicted,0.5,1,1,ATCTCCAAGCGTCCTACCTC,0,4999645
yjbJ_predicted,0.5,1,1,ATCGTGTTTATGGCCGCACT,0,5004540
yjbJ_predicted,0.5,1,1,ATCGTGGCCCCCCGGGGGAG,0,5008659
yjbJ_predicted,0.5,1,1,ATCGTAGCGACTCAACAAGA,0,5009397
yjbJ_predicted,0.5,1,1,ATCGGTTATTACGAAGGTCC,0,5008564
yjbJ_predicted,0.5,1,1,ATCGGCGCACATTCCTCTGA,0,5014587
yjbJ_predicted,0.5,1,1,ATCGGCCGCTGCAACTCTAC,0,5001538
yjbJ_predicted,0.5,1,1,ATCGCTGTAATAGCACAAAG,0,4999538
yjbJ_predicted,0.5,1,1,ATCGATAATCGAGCCTTGTC,0,5026306
yjbJ_predicted,0.5,1,1,ATCGACTGTAAAAAGTCGCT,0,5019260
yjbJ_predicted,0.5,1,1,ATCGACAGCGCAAAGTACAG,0,5024212
yjbJ_predicted,0.5,1,1,ATCCTTAAATTACGGGTAGC,0,5021319
yjbJ_predicted,0.5,1,1,ATCCTGGGTGGCAGATGCAG,0,5014368
yjbJ_predicted,0.5,1,1,ATCCGTAAATATTTCATGTT,0,5000113
yjbJ_predicted,0.5,1,1,ATCCGAGGCGGAAATGAGTG,0,5029974
yjbJ_predicted,0.5,1,1,ATCAGGTCGGCCGGACGACT,0,5027150
yjbJ_predicted,0.5,1,1,ATCAGGCCAAAGTACTTTCA,0,4995197
yjbJ_predicted,0.5,1,1,ATCAGAGAGGAATCGCGAAA,0,4998377
yjbJ_predicted,0.5,1,1,ATCAGAGAACCGATCAGCCC,0,5028035
yjbJ_predicted,0.5,1,1,ATCACATCGAGATGTTCCCT,0,4995157
yjbJ_predicted,0.5,1,1,ATCACACGGACGTTGTCGGA,0,4998214
yjbJ_predicted,0.5,1,1,ATATTTTAGGCGCTCGGAAT,0,5017896
yjbJ_predicted,0.5,1,1,ATATTTGGGGGATTGGGAGC,0,5019979
yjbJ_predicted,0.5,1,1,ATATTATATCTCTGACCCGG,0,4997118
yjbJ_predicted,0.5,1,1,ATATATGGTTTTGACATAAT,0,5022366
yjbJ_predicted,0.5,1,1,ATATATCGTCACCGGATGAT,0,5011274
yjbJ_predicted,0.5,1,1,ATAGTTAGGATAATCCGCAG,0,5006753
yjbJ_predicted,0.5,1,1,ATAGCCATCAGCCTATCGTT,0,5001675
yjbJ_predicted,0.5,1,1,ATAGCATTCCGAACTCAGGG,0,5024625
yjbJ_predicted,0.5,1,1,ATAGAGTTGAAAAGATCGGC,0,5027931
yjbJ_predicted,0.5,1,1,ATAGAGTTATCCACTATTCC,0,5004846
yjbJ_predicted,0.5,1,1,ATACTTGGTCCAGAGACCTA,0,4998511
yjbJ_predicted,0.5,1,1,ATACTTCATCTCGTGCACGG,0,5000326
yjbJ_predicted,0.5,1,1,ATACTGGAGGATTTGGTGCG,0,5010870
yjbJ_predicted,0.5,1,1,ATACCCGGCTTAGGTTAAAC,0,5026140
yjbJ_predicted,0.5,1,1,ATACAGGGTGCCGGCTCAGC,0,5019406
yjbJ_predicted,0.5,1,1,ATAATCAGAGATATGACGTT,0,5028845
yjbJ_predicted,0.5,1,1,ATAAGTCCGAGGTACCTTAT,0,4997769
yjbJ_predicted,0.5,1,1,ATAACAATGCTAATCTCAAA,0,5014770
yjbJ_predicted,0.5,1,1,ATAAACGGCTTCACGCCAGC,0,4996963
yjbJ_predicted,0.5,1,1,AGTTTACGCCCGAGGAAACA,0,5005720
yjbJ_predicted,0.5,1,1,AGTTGCCGGACGGTGTGTTT,0,5024854
yjbJ_predicted,0.5,1,1,AGTTGAGATAGTGGGCCAGA,0,5016573
yjbJ_predicted,0.5,1,1,AGTTATAGTACAAGTGAGCT,0,5004806
yjbJ_predicted,0.5,1,1,AGTTAGTGGAGCAGGTACCG,0,5020573
yjbJ_predicted,0.5,1,1,AGTTAGAGGTCCCTGACCAT,0,5002523
yjbJ_predicted,0.5,1,1,AGTTACACAGCGTACATGGA,0,5000921
yjbJ_predicted,0.5,1,1,AGTGTTTATAGTTACTGAAT,0,5019454
yjbJ_predicted,0.5,1,1,AGTGTGTTTTTGAACGAAAG,0,5023427
yjbJ_predicted,0.5,1,1,AGTGTGGTTCGCACCGGTCT,0,5008796
yjbJ_predicted,0.5,1,1,AGTGTCGGGAGGATGAATCG,0,5008721
yjbJ_predicted,0.5,1,1,AGTGTCAACTAGGTCCGTTG,0,5029665
yjbJ_predicted,0.5,1,1,AGTGTACTACTCAATTCTGC,0,5029308
yjbJ_predicted,0.5,1,1,AGTGGCATCTAGTGGGGGGT,0,5029338
yjbJ_predicted,0.5,1,1,AGTGAATGGGAATGCCCTGG,0,5019432
yjbJ_predicted,0.5,1,1,AGTCCACCCAAGCTCTATAC,0,5021786
yjbJ_predicted,0.5,1,1,AGTCACTATTCGGTGCGTCT,0,5005278
yjbJ_predicted,0.5,1,1,AGTATGGGCACGCAGAGCAA,0,5015512
yjbJ_predicted,0.5,1,1,AGTAGCGCATGGGATATACG,0,5005179
yjbJ_predicted,0.5,1,1,AGTAGAGTGTTAGTGAGAGA,0,5026572
yjbJ_predicted,0.5,1,1,AGTAATACTCGATGTGGAGG,0,5002033
yjbJ_predicted,0.5,1,1,AGTAACGTGATGCGACGAGT,0,5024669
yjbJ_predicted,0.5,1,1,AGTAAATATAGTCCGGTATA,0,4997386
yjbJ_predicted,0.5,1,1,AGGTTTGAATGTGGCAATTA,0,5023127
yjbJ_predicted,0.5,1,1,AGGTTCTAGGCGGAGTCATA,0,5011433
yjbJ_predicted,0.5,1,1,AGGTGCGGACCCGTCTGTCC,0,5019017
yjbJ_predicted,0.5,1,1,AGGTGCGGACAGCGGTCCTA,0,5026255
yjbJ_predicted,0.5,1,1,AGGTGATGCGAACCTCCTGA,0,4997525
yjbJ_predicted,0.5,1,1,AGGTGATGCGAACCGTATTC,0,5018566
yjbJ_predicted,0.5,1,1,AGGTCTCCTCCAAAGCCTCT,0,5026357
yjbJ_predicted,0.5,1,1,AGGTCCCGCGTACCCTCTTA,0,5009036
yjbJ_predicted,0.5,1,1,AGGTATGTTGGTCCGGCCCA,0,5018414
yjbJ_predicted,0.5,1,1,AGGTACGACGTTCGCAAAGG,0,4999857
yjbJ_predicted,0.5,1,1,AGGTAACGGCCGGCACGCGA,0,5023676
yjbJ_predicted,0.5,1,1,AGGGTTAATTGATGGGCGTA,0,5029696
yjbJ_predicted,0.5,1,1,AGGGGAAAATCAATCCATAT,0,5027067
yjbJ_predicted,0.5,1,1,AGGGCGTGTTCATTAGTTCG,0,5005145
yjbJ_predicted,0.5,1,1,AGGGCCTGTTGAGATTATGT,0,5016537
yjbJ_predicted,0.5,1,1,AGGGACGACGTATATGGCCA,0,4998791
yjbJ_predicted,0.5,1,1,AGGGACATTGTCATTACAGT,0,5004222
yjbJ_predicted,0.5,1,1,AGGGACATAATCTGTAGATC,0,5021430
yjbJ_predicted,0.5,1,1,AGGCTTGAGTTATTAGGCCA,0,5000672
yjbJ_predicted,0.5,1,1,AGGCTCAACCCTGCTCAGAC,0,5001245
yjbJ_predicted,0.5,1,1,AGGCTAACCGCCGGTCTGCA,0,5019980
yjbJ_predicted,0.5,1,1,AGGCGGGTTCCTTCAGAGGC,0,5010543
yjbJ_predicted,0.5,1,1,AGGCCGAATCAATTAAATTA,0,5022821
yjbJ_predicted,0.5,1,1,AGGCCCGTGTGACAGTTGGA,0,4995799
yjbJ_predicted,0.5,1,1,AGGCCATTAGGCTTCGGAGA,0,5004094
yjbJ_predicted,0.5,1,1,AGGCCATGACTAGGCCTGAA,0,4996212
yjbJ_predicted,0.5,1,1,AGGCATAACCCCTAGTGCTT,0,5001027
yjbJ_predicted,0.5,1,1,AGGAGTGGATTGCATGCCTA,0,5022565
yjbJ_predicted,0.5,1,1,AGGACCCTCGTATGTTTATA,0,5005809
yjbJ_predicted,0.5,1,1,AGGACCAGTTACATATCTCA,0,5018702
yjbJ_predicted,0.5,1,1,AGGAAAAACAATGCGTGGAG,0,5022279
yjbJ_predicted,0.5,1,1,AGCTGTTTTCACTTGCAGTT,0,5018108
yjbJ_predicted,0.5,1,1,AGCTCAAATTGAAGTGTGGA,0,5001491
yjbJ_predicted,0.5,1,1,AGCTAGCCGTCAAGGATGAG,0,5012573
yjbJ_predicted,0.5,1,1,AGCTAACCCCCCTGTCTGCA,0,5030658
yjbJ_predicted,0.5,1,1,AGCGTGCGATCTCGGGGTGC,0,4997524
yjbJ_predicted,0.5,1,1,AGCGGTAAGGGAGTGTACCA,0,5026886
yjbJ_predicted,0.5,1,1,AGCGGGAAGTACGTTGGCGA,0,5021279
yjbJ_predicted,0.5,1,1,AGCGCTCTCGTCCGGCCGGA,0,5013794
yjbJ_predicted,0.5,1,1,AGCGCAAAGCGGGGGCAAGC,0,5017583
yjbJ_predicted,0.5,1,1,AGCGAGCCGGGTATACGGAT,0,5004088
yjbJ_predicted,0.5,1,1,AGCCTACCTCATTCTGCCTA,0,5016729
yjbJ_predicted,0.5,1,1,AGCCGAGCTCACGCTCCTAA,0,5026454
yjbJ_predicted,0.5,1,1,AGCCCTCCGCCGCTTCCGCA,0,5018523
yjbJ_predicted,0.5,1,1,AGCCCGAGGAAAGCTGGCAC,0,5017531
yjbJ_predicted,0.5,1,1,AGCACCTTGGTTCGGCTGTG,0,5017604
yjbJ_predicted,0.5,1,1,AGCACAGGACCGTACTCGAT,0,5017097
yjbJ_predicted,0.5,1,1,AGCAAAAACACCAGACCGGA,0,4996388
yjbJ_predicted,0.5,1,1,AGATTCTCGTTAGAGTACGC,0,5003739
yjbJ_predicted,0.5,1,1,AGATTAATTGGCGCAGTTGT,0,5024600
yjbJ_predicted,0.5,1,1,AGATGTCAAAGTGACGCAAC,0,5022298
yjbJ_predicted,0.5,1,1,AGATGCGCTAGGTCGCCATG,0,4995765
yjbJ_predicted,0.5,1,1,AGATAAGAGTCAGTTTGCCT,0,5007889
yjbJ_predicted,0.5,1,1,AGAGTACTTCTATTACTGGT,0,5026212
yjbJ_predicted,0.5,1,1,AGAGCCAGGGGTTGAAGATA,0,5010308
yjbJ_predicted,0.5,1,1,AGAGAAGGAAGTTTGTGTGG,0,5029579
yjbJ_predicted,0.5,1,1,AGACTGGGACCTGTAAGGCT,0,5021511
yjbJ_predicted,0.5,1,1,AGACGACTTGTGCTATGGCA,0,5023060
yjbJ_predicted,0.5,1,1,AGACGACCATCTAAATTCCT,0,5008231
yjbJ_predicted,0.5,1,1,AGACAGATCCAGTGTCCGCG,0,5002460
yjbJ_predicted,0.5,1,1,AGACACGTTAACCTACTGGT,0,5011812
yjbJ_predicted,0.5,1,1,AGACAATGTCATTAGTCTAG,0,5020684
yjbJ_predicted,0.5,1,1,AGAATTTATTTAGGATAAGA,0,5028665
yjbJ_predicted,0.5,1,1,AGAATTGTTCAGTGAAAAAC,0,5009609
yjbJ_predicted,0.5,1,1,AGAACGGCCGAATGGGTAAA,0,5012344
yjbJ_predicted,0.5,1,1,AGAACGAGGTAAGCCCGACC,0,5002973
yjbJ_predicted,0.5,1,1,AGAAATGGTCGTCATATGAT,0,5030299
yjbJ_predicted,0.5,1,1,ACTTGCGACCAAGACCCTTG,0,5023135
yjbJ_predicted,0.5,1,1,ACTTGAAAAAGACATTCTGA,0,5015724
yjbJ_predicted,0.5,1,1,ACTTCCTGACGGTCTGAGGT,0,5009394
yjbJ_predicted,0.5,1,1,ACTTATATGAAATGACCATG,0,5005517
yjbJ_predicted,0.5,1,1,ACTTAGTCAGAGACTAAATC,0,5007944
yjbJ_predicted,0.5,1,1,ACTGTCGATACTAAACTATC,0,5014366
yjbJ_predicted,0.5,1,1,ACTGGTATTCAAGCCGCGGT,0,5019471
yjbJ_predicted,0.5,1,1,ACTGGCCCATGCGACGCGAG,0,5006699
yjbJ_predicted,0.5,1,1,ACTGAACGAACACATCTACA,0,5013159
yjbJ_predicted,0.5,1,1,ACTCTGATTATGGTAGACGT,0,5012921
yjbJ_predicted,0.5,1,1,ACTCTCATGGACTTAATCGG,0,4997162
yjbJ_predicted,0.5,1,1,ACTCGGGGCCGTACAACCAT,0,5017724
yjbJ_predicted,0.5,1,1,ACTCGGAAGCACGTGCTGAG,0,5012937
yjbJ_predicted,0.5,1,1,ACTCGCGTATCTTCAGATAA,0,5022805
yjbJ_predicted,0.5,1,1,ACTCGATGTGTCATAGTTAA,0,5017520
yjbJ_predicted,0.5,1,1,ACTCATTTCACCGATGATGG,0,4998984
yjbJ_predicted,0.5,1,1,ACTCACCTTGGGCGTATTTA,0,5027952
yjbJ_predicted,0.5,1,1,ACTATACGAAAAATGGTGCC,0,4999372
yjbJ_predicted,0.5,1,1,ACTAGGTCCATAAATCCCTT,0,5017295
yjbJ_predicted,0.5,1,1,ACTAGGGCATACAGCGCATA,0,5024428
yjbJ_predicted,0.5,1,1,ACTAGGAGCCGCTCCTACTC,0,5009521
yjbJ_predicted,0.5,1,1,ACTAGAAGTGCCCGCTTTGC,0,5011978
yjbJ_predicted,0.5,1,1,ACTACAGATCTTTCGAAAGC,0,5012190
yjbJ_predicted,0.5,1,1,ACGTTCGGCAACTGAGGAAA,0,4998364
yjbJ_predicted,0.5,1,1,ACGTTAGCGTAAACAGAAGA,0,5015347
yjbJ_predicted,0.5,1,1,ACGTTACTGGCATCCATGGC,0,5030794
yjbJ_predicted,0.5,1,1,ACGTCACTTTTTCTACTCTT,0,5014194
yjbJ_predicted,0.5,1,1,ACGTACTAGCTCAGATAGTT,0,5014364
yjbJ_predicted,0.5,1,1,ACGTACGCTTATGTTCAAGT,0,5001778
yjbJ_predicted,0.5,1,1,ACGGTTCCATTCAGGATAAC,0,5001203
yjbJ_predicted,0.5,1,1,ACGGCTTTCTTCGCAGTGCG,0,5027488
yjbJ_predicted,0.5,1,1,ACGGCTCCTTCCTGTACAAC,0,4995509
yjbJ_predicted,0.5,1,1,ACGGCTAATGACGCCTTGTC,0,5021990
yjbJ_predicted,0.5,1,1,ACGGAGCATGAATGCCATAT,0,5007356
yjbJ_predicted,0.5,1,1,ACGGAAGGCGGCTCCGCTAT,0,5021771
yjbJ_predicted,0.5,1,1,ACGGAACAAGAGTACGAAGC,0,5008183
yjbJ_predicted,0.5,1,1,ACGCGGTATCTGCCGAGCCG,0,4996297
yjbJ_predicted,0.5,1,1,ACGCCTACATATGATACAAA,0,5014735
yjbJ_predicted,0.5,1,1,ACGCCGTGCGGTATTATTAT,0,5015249
yjbJ_predicted,0.5,1,1,ACGCATGAATATAGCGAGCA,0,5000711
yjbJ_predicted,0.5,1,1,ACGCAAGATGACCTTTATTC,0,5020346
yjbJ_predicted,0.5,1,1,ACGATTACATCTCTGACACC,0,5011424
yjbJ_predicted,0.5,1,1,ACGAGTCGCTGAGCGGGGTG,0,5024445
yjbJ_predicted,0.5,1,1,ACGAGGTTCGCGAGGTCACT,0,5012570
yjbJ_predicted,0.5,1,1,ACGACTATTAGTGTTCCGGT,0,5002565
yjbJ_predicted,0.5,1,1,ACGAAAGTCTATTTTACGTA,0,5027461
yjbJ_predicted,0.5,1,1,ACCTTGCCGTCCAGGAATTC,0,4997357
yjbJ_predicted,0.5,1,1,ACCTCTTTTTAGTTCTCCGG,0,5013359
yjbJ_predicted,0.5,1,1,ACCTCCTTCTGGTCACAGGC,0,5020255
yjbJ_predicted,0.5,1,1,ACCTCAGGTTCGATTTCGGT,0,5026946
yjbJ_predicted,0.5,1,1,ACCTAATTGGTGTATGCTAC,0,5002645
yjbJ_predicted,0.5,1,1,ACCTAACGACCGGTGGTGAA,0,5002806
yjbJ_predicted,0.5,1,1,ACCGTTCTGTAGTGCCTGTG,0,5006242
yjbJ_predicted,0.5,1,1,ACCGTCGTGCGCGTACGTGG,0,5010795
yjbJ_predicted,0.5,1,1,ACCGTCCTGTAGCTCCTGAT,0,5003184
yjbJ_predicted,0.5,1,1,ACCGGTTGACGATGGGTATG,0,5010811
yjbJ_predicted,0.5,1,1,ACCGGTTATGCGTATATCGG,0,4996791
yjbJ_predicted,0.5,1,1,ACCGGGGGCCAGACGGAAGA,0,5015909
yjbJ_predicted,0.5,1,1,ACCGGGCTATAGGCGTATAC,0,5019271
yjbJ_predicted,0.5,1,1,ACCGGCCAACCGATAATTAT,0,4995849
yjbJ_predicted,0.5,1,1,ACCGCGGCGTGACGTCGGGT,0,5026177
yjbJ_predicted,0.5,1,1,ACCGCCGGAATACCCGGGAC,0,5018385
yjbJ_predicted,0.5,1,1,ACCCTATCAGCGAATACGAA,0,5001921
yjbJ_predicted,0.5,1,1,ACCCGTTTCCGGGTCTTTGC,0,5016022
yjbJ_predicted,0.5,1,1,ACCCGCGTAGATGCCAAAAA,0,5018713
yjbJ_predicted,0.5,1,1,ACCCCAGTCAAGGGTGAACT,0,5002278
yjbJ_predicted,0.5,1,1,ACCATGCCTTTTATCCGCAA,0,5017050
yjbJ_predicted,0.5,1,1,ACCATGCAAAATCTTCCAAC,0,5025985
yjbJ_predicted,0.5,1,1,ACCAGGTCGGTCTTGAGGTC,0,5016489
yjbJ_predicted,0.5,1,1,ACCACTTTCCCACATAATCA,0,5005673
yjbJ_predicted,0.5,1,1,ACCACCTAAAATACGATGAC,0,5027274
yjbJ_predicted,0.5,1,1,ACCAATCTACCGCATGACGC,0,4999301
yjbJ_predicted,0.5,1,1,ACCAATCCAGGAGCATCACG,0,5003268
yjbJ_predicted,0.5,1,1,ACCAATCAGGGGGTAGTAGT,0,5001344
yjbJ_predicted,0.5,1,1,ACCAACTGTTCTGACAGTAA,0,4997667
yjbJ_predicted,0.5,1,1,ACATGTGGAGCGAACAATCC,0,4996434
yjbJ_predicted,0.5,1,1,ACATGGCTATGTTGAAATTT,0,4998762
yjbJ_predicted,0.5,1,1,ACATCTGGGTTGTGAAAGAA,0,5014509
yjbJ_predicted,0.5,1,1,ACATCAATACGGACGAGATT,0,5004987
yjbJ_predicted,0.5,1,1,ACATATCTCCGCAATATTGT,0,5008872
yjbJ_predicted,0.5,1,1,ACATAGCGGGTCCCTTGCGT,0,5020517
yjbJ_predicted,0.5,1,1,ACAGTACGGAGAGTGGCGAG,0,5006035
yjbJ_predicted,0.5,1,1,ACAGGAAGGAAAATGAGTGA,0,5012976
yjbJ_predicted,0.5,1,1,ACAGACATCTCGATTTAGCC,0,5024967
yjbJ_predicted,0.5,1,1,ACACGTATGGCAGCTTCGCG,0,5012286
yjbJ_predicted,0.5,1,1,ACACGACCGTAGCCCGATAG,0,4998337
yjbJ_predicted,0.5,1,1,ACAATTTTAGAGCAACGGCC,0,4996124
yjbJ_predicted,0.5,1,1,ACAAGTGCTCCCCTGACGTG,0,5006382
yjbJ_predicted,0.5,1,1,ACAACGAGGGCAATATAGCC,0,5028326
yjbJ_predicted,0.5,1,1,ACAACCACTGGCCGTCCCAT,0,5011407
yjbJ_predicted,0.5,1,1,ACAAAGTTTCTTCTGCAAGT,0,5015327
yjbJ_predicted,0.5,1,1,AATTTTGGTGCGGCGCCTGT,0,5000178
yjbJ_predicted,0.5,1,1,AATTTACGCTCAATTGTTAA,0,5003655
yjbJ_predicted,0.5,1,1,AATTGCTTACTTTAGGGGAT,0,4995378
yjbJ_predicted,0.5,1,1,AATTGACTAGGCAAGGTTAG,0,5020481
yjbJ_predicted,0.5,1,1,AATTCGGCTCTTTGGTAAAC,0,5011205
yjbJ_predicted,0.5,1,1,AATTCGAAATCGACGGAATA,0,5010759
yjbJ_predicted,0.5,1,1,AATTCACTAGCCCAGCAAAT,0,5006037
yjbJ_predicted,0.5,1,1,AATTAAGCTCTCCGGCTGGA,0,4995676
yjbJ_predicted,0.5,1,1,AATGTTAACGAAGTGTTCCC,0,5013166
yjbJ_predicted,0.5,1,1,AATGTCCTTTATCTTGTATA,0,5023247
yjbJ_predicted,0.5,1,1,AATGTAACTGGATCATTACT,0,5024934
yjbJ_predicted,0.5,1,1,AATGGGGACTTTTTGCGGAT,0,5027780
yjbJ_predicted,0.5,1,1,AATGCGTTATCATCGGCGAC,0,5003565
yjbJ_predicted,0.5,1,1,AATGCGTCCCTTGGAAAGGT,0,4998441
yjbJ_predicted,0.5,1,1,AATGCCGTCTTTCTGTATAA,0,4994983
yjbJ_predicted,0.5,1,1,AATCTTGAGAACTTCTCCCC,0,5026925
yjbJ_predicted,0.5,1,1,AATCGCTTTATAGCTTCAGC,0,5021902
yjbJ_predicted,0.5,1,1,AATCCGAGTGCATCGAGGCT,0,4999448
yjbJ_predicted,0.5,1,1,AATCCACATGATGACTAATT,0,5007775
yjbJ_predicted,0.5,1,1,AATCATAAAACCGCCACCCG,0,5004967
yjbJ_predicted,0.5,1,1,AATCAAGAAATTTAGGCGTA,0,5008309
yjbJ_predicted,0.5,1,1,AATACTCGGACCTCCATGTG,0,5008367
yjbJ_predicted,0.5,1,1,AATACGAACGGGAGCGGGTT,0,5031008
yjbJ_predicted,0.5,1,1,AATACGAACAGCCTGTACGT,0,5018510
yjbJ_predicted,0.5,1,1,AATACAGTCATCATGTCACC,0,5008167
yjbJ_predicted,0.5,1,1,AAGTTGTTTATATTTTATCT,0,5014822
yjbJ_predicted,0.5,1,1,AAGTGTGCTTCGCCATATTA,0,5023564
yjbJ_predicted,0.5,1,1,AAGTGGTGTATCCTACGGAC,0,5006249
yjbJ_predicted,0.5,1,1,AAGTGATTGATGAAACGGAC,0,4999932
yjbJ_predicted,0.5,1,1,AAGTAGCATGGAAGGAGACT,0,5010383
yjbJ_predicted,0.5,1,1,AAGGTTATGATACTGAGTTT,0,5004429
yjbJ_predicted,0.5,1,1,AAGGGGTGAAATTCTACTCC,0,5015603
yjbJ_predicted,0.5,1,1,AAGGGAACTGAAATCTTGGT,0,5017825
yjbJ_predicted,0.5,1,1,AAGGACCTCCCGGTCCCTAG,0,5017720
yjbJ_predicted,0.5,1,1,AAGGAATTCGCGCGGCTGTT,0,5000018
yjbJ_predicted,0.5,1,1,AAGCTGTCTAGCGCTCTTCC,0,5005682
yjbJ_predicted,0.5,1,1,AAGCAGTTCCGGTCCCTTCG,0,5004994
yjbJ_predicted,0.5,1,1,AAGATTGAAGCTAGCTGATT,0,5022332
yjbJ_predicted,0.5,1,1,AAGATCGGCCGCTTGTGAAC,0,5029228
yjbJ_predicted,0.5,1,1,AAGAATGTGTTATAGGTCTT,0,4995925
yjbJ_predicted,0.5,1,1,AAGAATATAATGGTGGCGGC,0,5003364
yjbJ_predicted,0.5,1,1,AACTGCACTTCCTACGCACT,0,5007734
yjbJ_predicted,0.5,1,1,AACGTTGGATACGTTACTAC,0,5025937
yjbJ_predicted,0.5,1,1,AACGTTAGCACGGCAAGACA,0,5003361
yjbJ_predicted,0.5,1,1,AACGTATGTAGGATAAATCG,0,5011577
yjbJ_predicted,0.5,1,1,AACGGTTAAATGGAACGGGA,0,5003560
yjbJ_predicted,0.5,1,1,AACGGCGGTAACTGGGTTAA,0,5016533
yjbJ_predicted,0.5,1,1,AACGCGAGTGTGTCGCCAGT,0,4994918
yjbJ_predicted,0.5,1,1,AACGCCCCGTCTCCTGCGTA,0,5001304
yjbJ_predicted,0.5,1,1,AACCTGTATCATTAGGGGTC,0,4995744
yjbJ_predicted,0.5,1,1,AACCGACGTAGTAGCGACAC,0,4997723
yjbJ_predicted,0.5,1,1,AACAGCCCGATTGGGTACAA,0,4996048
yjbJ_predicted,0.5,1,1,AACAAAAGCTTTAGGCCACT,0,5006490
yjbJ_predicted,0.5,1,1,AAATTTTTGCCGAGGACACT,0,5028383
yjbJ_predicted,0.5,1,1,AAATAGAGGATACATGCAAC,0,5000030
yjbJ_predicted,0.5,1,1,AAAGTTTCTTAACGGCAGTC,0,5017853
yjbJ_predicted,0.5,1,1,AAAGTGGGCTGAGTCGCGCA,0,5022702
yjbJ_predicted,0.5,1,1,AAAGGTCACCATTCTTCCCA,0,5000205
yjbJ_predicted,0.5,1,1,AAAGGCAAAGAACATAATTG,0,5000439
yjbJ_predicted,0.5,1,1,AAAGCTTACGGCCCAACATT,0,5001516
yjbJ_predicted,0.5,1,1,AAAGCTCTCGGTCGTGGATA,0,5030553
yjbJ_predicted,0.5,1,1,AAAGCCAGGGTGAGAAGCCC,0,5018779
yjbJ_predicted,0.5,1,1,AAACGGTAAAGTGTGGGGTA,0,5030185
yjbJ_predicted,0.5,1,1,AAACGCTTATTGGCCTCTGA,0,5019936
yjbJ_predicted,0.5,1,1,AAACGAAGAGTATCCTGCGG,0,5026934
yjbJ_predicted,0.5,1,1,AAACCTTAGAGGTCCACTGT,0,5019911
yjbJ_predicted,0.5,1,1,AAACCGACCTGTCCGATTGA,0,5017733
yjbJ_predicted,0.5,1,1,AAACCATATTATATTTAGTG,0,5018461
yjbJ_predicted,0.5,1,1,AAACAACGTATTACTCTCTT,0,4997649
yjbJ_predicted,0.5,1,1,AAAAGTTGAACGTCTGACCT,0,5023316
yjbJ_predicted,0.5,1,1,AAAAGTTCCACGCAAGCCTT,0,5030965
yjbJ_predicted,0.5,1,1,AAAAGCAGGAACGGTGTTGT,0,5026227
yjbJ_predicted,0.5,1,1,AAAACTTGTGAAAGGCCCAA,0,5026790
yjbJ_predicted,0.5,1,1,AAAACTTATAGTACACGCGT,0,5017540
yjbJ_predicted,0.5,1,1,AAAACGCAAAATCGGTCGTT,0,5027994
yjbJ_predicted,0.5,1,1,AAAAAGTTCAGACAATCGTG,0,5021719
yjbJ_predicted,0.5,1,1,AAAAAGGGGTCTATCCCGGA,0,5013474
yjbJ_predicted,86.0,85,0,GCGTCCTATACATGGCTTAT,85,5011612
yjbJ_predicted,77.0,76,0,GCTCTCTGGCCCTCCATTTC,76,5009184
yjbJ_predicted,76.0,75,0,TTACGCAACAGATATATCGA,75,5026734
yjbJ_predicted,73.0,72,0,TGGGGACCGTGCAGGCCATC,72,5013298
yjbJ_predicted,73.0,72,0,CGGTAGACATGTACAAGACA,72,5005310
yjbJ_predicted,71.0,70,0,TGGCTCCGGCGGTTGTAAAC,70,5007216
yjbJ_predicted,69.0,68,0,GGTTCTGTGTCGGAACCGTA,68,5026508
yjbJ_predicted,69.0,68,0,CGGAACGATCGTATACCACA,68,5003874
yjbJ_predicted,66.0,65,0,TGGGGGACAATAGGCATCCA,65,4998919
yjbJ_predicted,61.0,60,0,GGGGGAGCTCACGAACGTTA,60,5000257
yjbJ_predicted,61.0,60,0,ATTGCCGACCTTGATGGGGG,60,5027232
yjbJ_predicted,60.0,59,0,TAGAGCAGTGTCCCAGCCAA,59,5003456
yjbJ_predicted,60.0,59,0,CTCTGGCTAAAGGTGTAGAC,59,5004058
yjbJ_predicted,59.0,58,0,ACTCCTGCAGACCGGGAGAT,58,4994779
yjbJ_predicted,58.0,57,0,CAAAAAACGATAACAGGCCC,57,4995587
yjbJ_predicted,57.0,56,0,GTGGTTGTAAATCTGGGAAA,56,5013865
yjbJ_predicted,54.0,53,0,TACTTGTTTGGACATAGGAC,53,5026653
yjbJ_predicted,54.0,53,0,GAGGCTAAGGCTGGTTTTAT,53,5018663
yjbJ_predicted,54.0,53,0,GACCGAAGAACAGGGATAAT,53,5002306
yjbJ_predicted,54.0,53,0,GAAGTTTGTCACCCTCTGTT,53,5007954
yjbJ_predicted,54.0,53,0,CGGGGGTATGGAAGAGCTCA,53,5010178
yjbJ_predicted,52.0,51,0,GAGGGGGCACGAAAGTTTGG,51,4996579
yjbJ_predicted,52.0,51,0,GAGGCCTCCCCGCCAAAATG,51,5000911
yjbJ_predicted,52.0,51,0,ACGACTGCTCTGATAAACTT,51,5011386
yjbJ_predicted,50.0,49,0,GAAACAATTGTCCGAGCCCG,49,5016456
yjbJ_predicted,49.0,48,0,CCGCCATTTTACAGGGATCT,48,5017283
yjbJ_predicted,49.0,48,0,AGCTGGCCATTTTACAAGGA,48,5025104
yjbJ_predicted,49.0,48,0,AATTCACTGAATTCAGGTTA,48,5002513
yjbJ_predicted,48.0,47,0,TATTGTCATCACCGTTGAAA,47,5012568
yjbJ_predicted,48.0,47,0,CTGAACGTGCCGCGGCGCCA,47,5017662
yjbJ_predicted,47.0,46,0,TACGAGATCGCGTCTGTCGT,46,5021962
yjbJ_predicted,44.0,43,0,CCGGGTTTTGGTTGGAGGTG,43,5013170
yjbJ_predicted,44.0,43,0,AAAGCCATGAACTTTTGATT,43,4994888
yjbJ_predicted,43.0,42,0,TAAAACTTAACCGGGCGAGG,42,5017688
yjbJ_predicted,43.0,42,0,CCACCCGCGGATGCACTGTG,42,4997535
yjbJ_predicted,43.0,42,0,ATGGGTAAGCGGGATGGTGT,42,5031181
yjbJ_predicted,42.0,41,0,AGTTTGCTCCCGCACATGCT,41,5015752
yjbJ_predicted,37.0,36,0,TTTTCCTTGGTGAGCTCGGC,36,5025758
yjbJ_predicted,33.0,32,0,TAAGCCCCAAGCGGGGATAT,32,4998302
yjbJ_predicted,32.0,31,0,CACTGTTTGCGCAGCATAAT,31,5013709
yjbJ_predicted,31.0,30,0,GATGACACCAGGACCTGATT,30,5027621
yjbJ_predicted,27.0,26,0,GCGACCACATGCTATCTCCT,26,5013857
yjbJ_predicted,26.0,25,0,TTTTTAATAGATCCCGATAT,25,5015580
yjbJ_predicted,10.0,9,0,AAGTTCCGGACTCCTGATCC,9,5019385
yjbJ_predicted,6.0,5,0,CTAGATAGATTCGTGTCTAC,5,5003806
yjbJ_predicted,4.0,3,0,GTGGGCAATAAGAGCTGCTT,3,5022449
yjbJ_predicted,4.0,3,0,AAGCAGTATGTAACCAAACA,3,4997675
yjbJ_predicted,3.0,2,0,TTTCGGAGGGAGGCTGTGTC,2,5017864
yjbJ_predicted,3.0,2,0,TTGTACTCTGGCTGAATACA,2,5001069
yjbJ_predicted,3.0,2,0,TCGACGATTTATGTCCGTTC,2,5016642
yjbJ_predicted,3.0,2,0,GCGATTGGCAACGGGCGTCA,2,5029844
yjbJ_predicted,3.0,2,0,GAAATTTCTCCCTCCTTCTT,2,5004050
yjbJ_predicted,3.0,2,0,CGCGGACCCCTTGGAACGTA,2,5020575
yjbJ_predicted,2.0,1,0,TTTTACATGGTTCTTAGGTT,1,5002787
yjbJ_predicted,2.0,1,0,TTTATGGGCACCAGGAATAA,1,4999677
yjbJ_predicted,2.0,1,0,TTTAGATTCGGCGGAGTGCG,1,5029624
yjbJ_predicted,2.0,1,0,TTCGTTGTAGTTTCGATTGC,1,5003457
yjbJ_predicted,2.0,1,0,TGTGTGTCGCTCACTCTATG,1,5023777
yjbJ_predicted,2.0,1,0,TGGTGGGCTGTTTACGGTAG,1,5014650
yjbJ_predicted,2.0,1,0,TCTAGTCCGTGATCATCCTT,1,5010259
yjbJ_predicted,2.0,1,0,TCTACTTTGAACGGTTTCAA,1,5014134
yjbJ_predicted,2.0,1,0,TCGCTCACGTTTCGTTCTCC,1,4998366
yjbJ_predicted,2.0,1,0,TCGATCGTTCGCCGCACATG,1,5011835
yjbJ_predicted,2.0,1,0,TCCCCGCTGAAGCGCCACGT,1,4996591
yjbJ_predicted,2.0,1,0,TCCATACTTCTATCGCTGCT,1,5009833
yjbJ_predicted,2.0,1,0,TCCAAAACGTGTGAGTGGGT,1,5000892
yjbJ_predicted,2.0,1,0,TCAGTGGAAAAGGAAATCTG,1,5009504
yjbJ_predicted,2.0,1,0,TCACGCCAAATTAAGATCTT,1,5021082
yjbJ_predicted,2.0,1,0,TAGGGCTCATCTCTTGGGGA,1,5022359
yjbJ_predicted,2.0,1,0,GTTATACCAAGAAGCGTTAT,1,5002618
yjbJ_predicted,2.0,1,0,GTGAGAATAAACGATGTAGG,1,5005827
yjbJ_predicted,2.0,1,0,GGTATGTGCATTCATCTCAT,1,5004692
yjbJ_predicted,2.0,1,0,GGTAGGCCGGTAATCCCGCA,1,4995866
yjbJ_predicted,2.0,1,0,GGCATAGTCTCGATGCCCTC,1,5028835
yjbJ_predicted,2.0,1,0,GGCAGCGCCTGTATTGACTT,1,5004475
yjbJ_predicted,2.0,1,0,GCGAAACTCTGTGTGCAAGC,1,5004828
yjbJ_predicted,2.0,1,0,CTGTGATTGTAGATGTGTTG,1,5023017
yjbJ_predicted,2.0,1,0,CTCGATTCCGGGCCAGATCT,1,5007609
yjbJ_predicted,2.0,1,0,CTCCAGATCCCTCTGGATAC,1,5005224
yjbJ_predicted,2.0,1,0,CGTATTCGTTCATCACTAAA,1,5016394
yjbJ_predicted,2.0,1,0,CGCCCGCTGATGCAGTTTGG,1,5002137
yjbJ_predicted,2.0,1,0,CGATCTCTTCTCCTTTCAGT,1,5027384
yjbJ_predicted,2.0,1,0,CCGCGTGAGTCCGACCTCCC,1,5025678
yjbJ_predicted,2.0,1,0,CATCTTCAAGCTGGCCGGCA,1,4995150
yjbJ_predicted,2.0,1,0,CATCCTCTATATTTGCTTGA,1,4999010
yjbJ_predicted,2.0,1,0,ATTTAGCATTTATCGCATGA,1,5029079
yjbJ_predicted,2.0,1,0,ATCCTATTCACAATGCCTTT,1,5019447
yjbJ_predicted,2.0,1,0,AGGCCGCTCTGATCTAATTT,1,5012175
yjbJ_predicted,2.0,1,0,AGGAGCTGTGCCTCCGTTCT,1,5031208
yjbJ_predicted,2.0,1,0,AGCCGGTTGTATGGGCCTGG,1,5009467
yjbJ_predicted,2.0,1,0,AGCATAGGCCTAACACCACT,1,5007161
yjbJ_predicted,2.0,1,0,AGACTCTCGGCAAGCTCGCG,1,4998789
yjbJ_predicted,2.0,1,0,ACTCTGCACGTCGAGCAGTT,1,5019196
yjbJ_predicted,2.0,1,0,ACGGGTTGTAAAGCTCGCAT,1,5001362
yjbJ_predicted,2.0,1,0,AATTGCGAGGGGTTATCCTT,1,5014296
yjbJ_predicted,2.0,1,0,AATGAAGACGGTAGAAACGA,1,5015914
yjbJ_predicted,2.0,1,0,AATATAACAGCAGAACCTGC,1,5008345
yjbJ_predicted,2.0,1,0,AACGGCTCATCGTAACTTTT,1,4997766
yjbJ_predicted,2.0,1,0,AACAGCGTTTCGTATAAAGT,1,5024547
