name,relative_counts,ct,ct_0,barcode,ct_1,barcode_ind
yqaEp,0.25882352941176473,105,84,ACACAGAAATCAGGATGCAA,21,5165462
yqaEp,0.7590361445783133,144,82,TGCCTCGTAGGTTGCCGTCA,62,5167101
yqaEp,1.435897435897436,188,77,GCTTGTTAGTTACCGAGGGA,111,5164711
yqaEp,0.16883116883116883,88,76,GGAACATCTTTGTCTTGTTG,12,5163508
yqaEp,0.2077922077922078,91,76,GAACGACTTAAGGTGACCAG,15,5164896
yqaEp,0.3246753246753247,100,76,AAAGCTACGTCCTACAGGCT,24,5165004
yqaEp,0.3472222222222222,95,71,AGAGTGGATGTCGGTTACCG,24,5164251
yqaEp,0.14492753623188406,77,68,CGTGTTTATGTTAAGAGCCC,9,5163535
yqaEp,1.921875,185,63,GTCCGTTGAGCTTCTTGGTG,122,5163037
yqaEp,1.109375,133,63,AGCCCCTGTAAACAGGACCT,70,5165835
yqaEp,0.35,79,59,CTTTCGGGCAATTATCGGTA,20,5163667
yqaEp,0.9122807017543859,107,56,CCCGATTGTAGAAAATGAGA,51,5164425
yqaEp,0.15789473684210525,64,56,ATGTTGAAGGCTCATGGAGT,8,5162753
yqaEp,0.9821428571428571,109,55,GGCGTATCAGCCATGCTCAA,54,5163423
yqaEp,0.26785714285714285,69,55,ACTTAACGTAAACATGAGAT,14,5164107
yqaEp,0.28846153846153844,65,51,TCCCATGCATTAAGGACCCA,14,5165325
yqaEp,3.0980392156862746,207,50,CCGATTAGTCTCCTGTTCCC,157,5166179
yqaEp,0.5882352941176471,79,50,ATTAACGAAAACAGTTCGCC,29,5163439
yqaEp,0.44,70,49,GCTGTTCACGGGCAATTCAA,21,5163781
yqaEp,0.24,60,49,CGCGCCAGGAGCCATGTACA,11,5162813
yqaEp,0.04081632653061224,49,48,TAAAACCTGCGCTGCCGAGA,1,5163510
yqaEp,0.2916666666666667,60,47,TACAAGTTGTGAGGTCTACA,13,5162775
yqaEp,0.5416666666666666,72,47,CATCTATGTACTAGAACAGT,25,5170153
yqaEp,1.0638297872340425,95,46,GAGCCAAAGTCGAGCAAACT,49,5165523
yqaEp,1.0,92,46,CATCACGGATTTCCGCGGAT,46,5162806
yqaEp,0.43478260869565216,64,45,CCGTTCATTCTGTACGCTTA,19,5163109
yqaEp,0.5111111111111111,66,44,TTTAAGCAATGTGGCCGGCT,22,5162714
yqaEp,0.4,61,44,GAGAGAACGCCGATACGGCA,17,5163060
yqaEp,0.4,61,44,GAACATCCCTTTGCCTGAGT,17,5164964
yqaEp,0.3333333333333333,58,44,CCCTCCGTTCTTCGGCAGGT,14,5170095
yqaEp,0.4888888888888889,65,44,AGGACTTCAAGTTGAGGGAT,21,5163270
yqaEp,0.044444444444444446,45,44,AAGTGCATACGGGTAACGCT,1,5165531
yqaEp,7.340909090909091,365,43,GTCGGTTCCAAGGACAAGTA,322,5162784
yqaEp,0.3181818181818182,56,43,AGGAAGTTGCTACTCCTACA,13,5165219
yqaEp,1.0227272727272727,87,43,ACGGTAAGAGTGCGCAGCAG,44,5167999
yqaEp,0.2558139534883721,52,42,TCAATTGAAGGCAGTACTTG,10,5167204
yqaEp,0.23255813953488372,51,42,GCGCTATAGCAACGACGTGA,9,5169944
yqaEp,0.2558139534883721,52,42,ATTCGTCTAACCGTCGGCTC,10,5165087
yqaEp,0.6666666666666666,68,41,TTCAGCAGGACCTACGCTGA,27,5163259
yqaEp,1.3571428571428572,97,41,CGCCTTGCAGGGGCAAAGAG,56,5163244
yqaEp,0.6341463414634146,65,40,ACCAAGCAATCGAGTCATCT,25,5164269
yqaEp,0.175,45,39,ATGCGTGTATCGCATAAGCA,6,5163778
yqaEp,0.05128205128205128,39,38,GTCGTGAAAGATTGGGTCTC,1,5164137
yqaEp,0.15789473684210525,42,37,GTTGATAAAAACAGGGGTGT,5,5167896
yqaEp,0.21052631578947367,44,37,CTGTCGTCCGGCCACAACCT,7,5164547
yqaEp,1.0526315789473684,76,37,CTCGGTGTTTCAGTTTCCTG,39,5162631
yqaEp,0.7368421052631579,64,37,CGAGGTTTGACAGTTGTCCG,27,5163437
yqaEp,0.05263157894736842,38,37,AGGTAGTAGGGGAATGAGGG,1,5163390
yqaEp,0.3684210526315789,50,37,ACCTCGACCGAAAAGTGCAT,13,5165859
yqaEp,0.13513513513513514,40,36,TGTACAAGGCTATGTGGAGT,4,5162812
yqaEp,3.108108108108108,150,36,ACGGTCTCTGCAGGCATCAC,114,5162894
yqaEp,0.16666666666666666,40,35,TGGAGGAGCCAGAAATCAAG,5,5165572
yqaEp,3.75,169,35,CCCTCGACTTTTCAGCCTTT,134,5164439
yqaEp,0.1388888888888889,39,35,CATAAGTTACTCCATCGCAA,4,5162675
yqaEp,0.9722222222222222,69,35,ATCCCTACCTGTGTATGGCA,34,5163678
yqaEp,0.7142857142857143,58,34,TGCTGGTTCAACGTACTGAG,24,5162826
yqaEp,1.2352941176470589,74,33,GGTTCGCGAATTGTCGAATA,41,5163789
yqaEp,0.29411764705882354,42,33,AGAGATTGGACCAAGAGTGA,9,5169483
yqaEp,0.3939393939393939,44,32,GCGCGGTAGTCTATCGGAGG,12,5167310
yqaEp,0.42424242424242425,45,32,GAGTTTGTAGCGTGGACCCG,13,5166945
yqaEp,0.06060606060606061,33,32,CTCAGATACCACGTTGAGGG,1,5164827
yqaEp,1.2121212121212122,71,32,CGATTAGGGGCCAGTTGAAC,39,5162797
yqaEp,0.7878787878787878,57,32,ATTCCCGTGTAGAATTAAAT,25,5164091
yqaEp,0.12121212121212122,35,32,AAGATAAGTTGTGGCTGTAC,3,5168944
yqaEp,0.21212121212121213,38,32,AACGACAGATATCACGGGAT,6,5164584
yqaEp,0.375,42,31,TCGATTTGGGCAGCATAGGA,11,5162773
yqaEp,0.5,46,31,CTCGCTCGCGGGCTACGTGT,15,5170704
yqaEp,0.12903225806451613,33,30,TCTTGTTCTTTCACGGTGTT,3,5162649
yqaEp,0.3225806451612903,39,30,TAATCCAGCGAGCTCTGTTC,9,5167308
yqaEp,1.0,60,30,CTGTCACTTCTACCACGGCG,30,5165067
yqaEp,0.06451612903225806,31,30,CGGGACCCACTTTAGTCAGG,1,5166974
yqaEp,0.3548387096774194,40,30,CGGCAACTAAGCGCTTATTC,10,5163435
yqaEp,0.6451612903225806,49,30,CAGCGTTCGGGCTGGCAGAT,19,5166489
yqaEp,0.6666666666666666,48,29,TTCACAAATGTTGACAAATA,19,5163827
yqaEp,1.5666666666666667,75,29,TGTCGGAAATTAACGTTCCG,46,5165080
yqaEp,1.1666666666666667,63,29,TCGTGTTACGTTTTTGTGAC,34,5162701
yqaEp,0.5666666666666667,45,29,TCCCAAGGCGTGTTTGTTCG,16,5165777
yqaEp,0.2,34,29,TAGGGTATAAGTTGGCCCCA,5,5165608
yqaEp,0.23333333333333334,35,29,CGGCGGCGGACCTTGAGCAG,6,5164012
yqaEp,0.06666666666666667,30,29,CGCTAAGGCGGCTAAACAGA,1,5170432
yqaEp,0.06666666666666667,30,29,CGAACGGGGTGTCTCGGCGA,1,5165463
yqaEp,0.5,43,29,CATATCCACGACCTGGCGTT,14,5162685
yqaEp,4.666666666666667,168,29,CATAATTAATTTACGTCTTC,139,5162735
yqaEp,1.4827586206896552,70,28,GCAGGATGAGGCTTCGAGGT,42,5165346
yqaEp,0.5517241379310345,43,28,CTATTTCGGCATTTGTCACG,15,5168763
yqaEp,3.2758620689655173,122,28,CACATGCAATTTGCATGGAG,94,5163554
yqaEp,0.1724137931034483,32,28,ATCACGTGTTGTCGAACGTG,4,5163335
yqaEp,2.5517241379310347,101,28,ACGTATACCGACCGGCTACA,73,5165333
yqaEp,1.75,75,27,TGCGTGCACTGCAAACCTAG,48,5165244
yqaEp,2.0,82,27,TCTCCGAAAGCCCAGCCGGA,55,5162793
yqaEp,1.0357142857142858,55,27,TCTACATCGGAGCCAGCCCA,28,5167631
yqaEp,0.9642857142857143,53,27,GTGGTCAATTAGCCATGGTA,26,5165079
yqaEp,0.7857142857142857,48,27,GCGTTACGCCTGTGTCCCTA,21,5163149
yqaEp,0.10714285714285714,29,27,CTGCTCCTCGGTGTCACAGA,2,5163526
yqaEp,0.6071428571428571,43,27,CGGCCTCCACTGCCGATAGA,16,5163502
yqaEp,0.42857142857142855,38,27,CCCTATGCACACCCAATAGA,11,5163589
yqaEp,0.4642857142857143,39,27,CCAGGTTCCACTCTGGGCCT,12,5165357
yqaEp,5.214285714285714,172,27,CCACCTCCACTGCACCGAGT,145,5162745
yqaEp,0.5357142857142857,41,27,CAGTACGCTTGACTATCGCA,14,5166529
yqaEp,0.07142857142857142,28,27,AGGCAGTGTGAGTGGAACGC,1,5167769
yqaEp,0.1111111111111111,28,26,TTTGCAAACTGATAATCGCT,2,5163930
yqaEp,0.1111111111111111,28,26,GACCTCTTCACACAAAAGAG,2,5164318
yqaEp,0.07407407407407407,27,26,CTTGGAGATCCCTGTACTGC,1,5163920
yqaEp,0.07407407407407407,27,26,CTAAACCCTCAGAATACGGT,1,5164958
yqaEp,2.3333333333333335,88,26,CGACTAACCTCGGTCCTCCT,62,5164196
yqaEp,1.1851851851851851,57,26,CAGCGTGCAGGGAACCAATG,31,5166180
yqaEp,0.4230769230769231,35,25,TTTACAGTAATGCGGGAACG,10,5168562
yqaEp,2.6153846153846154,92,25,TGGGAATGATGTCACGTTGT,67,5163849
yqaEp,3.3076923076923075,110,25,TGACTCCCCAATAGTATTCA,85,5167324
yqaEp,1.4230769230769231,61,25,TCCTCGTCTAGCCGTCATGG,36,5166247
yqaEp,0.11538461538461539,27,25,TCAGGAATCCCACCATGGGT,2,5165852
yqaEp,0.6538461538461539,41,25,TAGGTTGCAGTAGACTTTGG,16,5167152
yqaEp,0.6153846153846154,40,25,GGCTCGTAAATGCTGCTCGG,15,5163791
yqaEp,0.6153846153846154,40,25,CCAGGTGGTAAATCTATGTC,15,5167899
yqaEp,0.19230769230769232,29,25,AGAATGGCTACCAGAGAGCA,4,5163541
yqaEp,1.48,60,24,TTCTATCTCTCAGAAAACAT,36,5163701
yqaEp,0.44,34,24,TTATCGTCCGCCATGTTTAG,10,5162861
yqaEp,0.64,39,24,TGGCTCCGGCCGGCCCTATA,15,5166443
yqaEp,1.24,54,24,TGGCTACAGCTGAGGGATAG,30,5163481
yqaEp,8.8,243,24,TCGTGACGGTAGCGCTTATT,219,5163408
yqaEp,0.12,26,24,GGTCCAAAAGATGTTCTGAT,2,5165811
yqaEp,1.16,52,24,GAGCGGTGCGTGTTCTGTGT,28,5166737
yqaEp,1.04,49,24,CGAGAGCACAACTGTGGAAG,25,5167113
yqaEp,0.08,25,24,CCGTTATTGGGCGGTCTGTA,1,5166142
yqaEp,1.1666666666666667,50,23,TTTTAATCACTTGAAAGTCA,27,5163030
yqaEp,0.5833333333333334,36,23,TTCCATCTCGCCGCTCCGTA,13,5170049
yqaEp,0.375,31,23,TTACTCACTTGTTGTAGCAT,8,5165898
yqaEp,0.2916666666666667,29,23,TCTCCGCGCCGTTCTAAGTG,6,5164328
yqaEp,0.7916666666666666,41,23,TACCACGATTTCATACGTCT,18,5165351
yqaEp,0.125,25,23,GTACATCTTAGGTGTGAAAG,2,5167443
yqaEp,0.6666666666666666,38,23,GGGCAAATTTCGGGAATTGC,15,5163436
yqaEp,0.3333333333333333,30,23,GGACGCAATAGGGTGGCGCT,7,5164667
yqaEp,1.1666666666666667,50,23,GAGAGGTCCTCGCGGATTAA,27,5163358
yqaEp,1.0,46,23,CTTATGCTAGGCCGTTGGCG,23,5164782
yqaEp,0.7916666666666666,41,23,CGTTGTTCTCTGGTGCCGAA,18,5162869
yqaEp,0.375,31,23,CCGATTTCGACCTAAAAGAT,8,5164213
yqaEp,0.5833333333333334,36,23,CCCTGTTAAATTTCGGCCTT,13,5166081
yqaEp,0.5,34,23,CACTTCCGAAGCTAAGGACT,11,5168239
yqaEp,0.125,25,23,ATGACGGGTTGGCCACTATT,2,5163240
yqaEp,0.875,43,23,AGTTCCCGGCACCGTCAAAC,20,5164950
yqaEp,0.7916666666666666,41,23,ACGGTACCAATAAGCTGGTC,18,5169225
yqaEp,0.125,25,23,ACGACGGGGCACCAAACGGT,2,5165862
yqaEp,1.2608695652173914,50,22,TGTTAGTGCTACCTTCTTAT,28,5163197
yqaEp,0.17391304347826086,25,22,TGTCCGTATAAGAATTGCGT,3,5164249
yqaEp,0.5217391304347826,33,22,TCATAAATTCCCTACTTAGT,11,5166698
yqaEp,0.7391304347826086,38,22,TATGTACAATTTCGTCCGTT,16,5167861
yqaEp,0.2608695652173913,27,22,TAGAACCATTAAACGCTCTT,5,5168412
yqaEp,1.0434782608695652,45,22,TACGACGCGGGAATCTCCCC,23,5166245
yqaEp,1.0434782608695652,45,22,GACCAAATCGCACACGCACG,23,5166364
yqaEp,0.2608695652173913,27,22,CTTCACGAAAGACAGAGTGG,5,5165289
yqaEp,4.826086956521739,132,22,CTGGTATTTCCTAATGTTAT,110,5162711
yqaEp,0.2608695652173913,27,22,CTCCTTCCGACCAATTTAGA,5,5164223
yqaEp,1.0,44,22,CTAGACCCATATGCTCGTTA,22,5164641
yqaEp,0.7391304347826086,38,22,CGCGTGTGCGGTTGAACCAG,16,5167512
yqaEp,0.21739130434782608,26,22,CGACCCATGTCTATAGCGAA,4,5170043
yqaEp,2.9565217391304346,89,22,CCTATTCGTTTGATGTACCA,67,5164026
yqaEp,3.260869565217391,96,22,CCCGGGTCCATTTCACACAT,74,5166836
yqaEp,0.5652173913043478,34,22,CAATGCTGTTTCTGTCGGAT,12,5164635
yqaEp,0.8260869565217391,40,22,AGCTGACTGGTGAGAAGAGG,18,5164491
yqaEp,7.521739130434782,194,22,AGAAGCCAACTCGACGGAGA,172,5164070
yqaEp,0.43478260869565216,31,22,ACTCAGCTAATCCCCTAGCA,9,5170433
yqaEp,0.4782608695652174,32,22,ACCCGGACGGCTCCCGGATG,10,5168023
yqaEp,9.869565217391305,248,22,ACATTGGACAACTGCTAATG,226,5168215
yqaEp,2.6956521739130435,83,22,AACTTCGGCGCAAGATCCAA,61,5162828
yqaEp,0.36363636363636365,28,21,TTGCCAAGCAGTTCGGAGTT,7,5163877
yqaEp,0.3181818181818182,27,21,TGTGTTAATGCTGCCGCTAC,6,5166951
yqaEp,0.22727272727272727,25,21,TCTGCAGCCGTGTCCAGCTG,4,5167199
yqaEp,0.8181818181818182,38,21,TCTACTGCTAACGGAAAGTT,17,5162856
yqaEp,0.5909090909090909,33,21,TCAAGGAACTGGCGATTGGT,12,5164375
yqaEp,0.22727272727272727,25,21,TATACTTGTGTAACGTGTCA,4,5165930
yqaEp,0.6363636363636364,34,21,GAGTTTCCAGTTTACAACCA,13,5163748
yqaEp,0.9545454545454546,41,21,GAATATGGGGTCCCCATTGT,20,5167095
yqaEp,0.5,31,21,CGTTCCAGCTACATGATACG,10,5165101
yqaEp,2.227272727272727,69,21,CATTTTTGTATCACCCCAGA,48,5162666
yqaEp,0.8181818181818182,38,21,CATGTTCCATCTAGGATAAA,17,5166948
yqaEp,0.09523809523809523,21,20,TGCAGTAGATTATGCTCTGA,1,5170096
yqaEp,0.23809523809523808,24,20,TCCTTTAAGGCGTCCATAAT,4,5165585
yqaEp,0.23809523809523808,24,20,TATTAAGTTCCCGATACTAT,4,5168684
yqaEp,3.8095238095238093,99,20,TAAATTGGTAAAGAAAGGTT,79,5169569
yqaEp,0.9047619047619048,38,20,GTGGTGCTTGGCGGAGCGTA,18,5165659
yqaEp,1.1904761904761905,44,20,GTATCAACCCACTTCTCCTC,24,5165452
yqaEp,5.809523809523809,141,20,GGTTCCGTATCGATCGAATA,121,5165024
yqaEp,0.2857142857142857,25,20,GGGCTTATGGGTGATCGTCG,5,5163356
yqaEp,0.5238095238095238,30,20,GGCGGGAGTAGTTCCGAAGT,10,5163269
yqaEp,3.4285714285714284,91,20,GAAACGCGGTGGGATCATTG,71,5168635
yqaEp,0.23809523809523808,24,20,CTCTTAAGTCGTCACTGGGT,4,5169372
yqaEp,2.1904761904761907,65,20,CTCGAGTGGCCCCGTAGCAA,45,5169040
yqaEp,0.19047619047619047,23,20,CGGGAACGTATCCATTAGGA,3,5165282
yqaEp,0.09523809523809523,21,20,CGACTGGCCTCATCTCCGGA,1,5163871
yqaEp,0.5238095238095238,30,20,CCTACCGGCCTACGCATTAT,10,5164977
yqaEp,0.5238095238095238,30,20,CATTTCCCTGACATTGGTTG,10,5166089
yqaEp,1.4761904761904763,50,20,CAGGGAGGCTTGTTGGAGTG,30,5163462
yqaEp,1.1904761904761905,44,20,CAGACAGGCAATATCGCTTG,24,5166776
yqaEp,0.14285714285714285,22,20,CACGGGCATCCACAAGATGA,2,5163151
yqaEp,0.6190476190476191,32,20,ATGGAACAAACACAATTGAA,12,5164406
yqaEp,0.23809523809523808,24,20,AGTGGTTAGATGCCTCAAGC,4,5163164
yqaEp,0.19047619047619047,23,20,AGACTTACGCCCAAAGGGTT,3,5165465
yqaEp,4.9523809523809526,123,20,ACCGTTAATAAGAGTGCGAT,103,5165767
yqaEp,0.6666666666666666,33,20,AAGAGTGGAAATTTAAGCGA,13,5167670
yqaEp,0.45,27,19,TAGGATAGAAACCTCTCTGA,8,5166366
yqaEp,4.65,111,19,GGGTCCTCCCTCGCGAAGGT,92,5163043
yqaEp,3.55,89,19,GGGCTGAAATCAATCACCAA,70,5163468
yqaEp,0.4,26,19,CTCACAACCTGGAACAGGGT,7,5169805
yqaEp,0.15,21,19,CGCCTCGTGCGGTGATTATT,2,5164392
yqaEp,3.45,87,19,AGGGCAGTTGGAATAAATGA,68,5169553
yqaEp,3.65,91,19,AGGACTATGCGTAGTGTTCG,72,5163983
yqaEp,2.8947368421052633,72,18,TTTTTTCATCGCGTACCCAC,54,5168794
yqaEp,1.2105263157894737,40,18,TTTTAGCTCCAAGCCCTAAA,22,5169627
yqaEp,0.10526315789473684,19,18,TGGGCGTTACGTTACGCAAC,1,5168819
yqaEp,0.7368421052631579,31,18,TGCCTTCGCTGGGATTCCAA,13,5168757
yqaEp,0.15789473684210525,20,18,TCGAGCGTTCTTAGCGTGGA,2,5168982
yqaEp,0.10526315789473684,19,18,TCCCCGTCCGATTAGTCATA,1,5163637
yqaEp,0.5789473684210527,28,18,TATGATTTGTGCGTGCTGAT,10,5165839
yqaEp,1.7894736842105263,51,18,GTTTACGTCCTCATAGCTAT,33,5167494
yqaEp,0.21052631578947367,21,18,GTCTAGTGGTGTTGCACCCA,3,5163814
yqaEp,0.10526315789473684,19,18,GTATAGGATGATCAAGCAAC,1,5168988
yqaEp,1.0,36,18,GCCAGCGAGACTCTAGCAGA,18,5164806
yqaEp,1.1578947368421053,39,18,GATAAGCTACTTAGTGTGAC,21,5162827
yqaEp,0.10526315789473684,19,18,CGGCCAGTAGGCCACGAAAG,1,5165073
yqaEp,0.21052631578947367,21,18,CGAGTCTGGGCTGGAGATCT,3,5167021
yqaEp,0.15789473684210525,20,18,CGAACACAGCCTCCTCCAAG,2,5165336
yqaEp,0.8947368421052632,34,18,CATTCCTCGCGGCGTGCAAG,16,5163996
yqaEp,0.47368421052631576,26,18,CAGCGACCTATCATGAAAGG,8,5165786
yqaEp,0.10526315789473684,19,18,AGTGGCGGCGTTCTTCGAGG,1,5164736
yqaEp,1.736842105263158,50,18,AGTGAGACCGAACTCTAACT,32,5164289
yqaEp,0.10526315789473684,19,18,AGGTTATCCTGTGAGGATAG,1,5167023
yqaEp,1.2105263157894737,40,18,AGGTCAAGATGGATGGGCTT,22,5162840
yqaEp,0.15789473684210525,20,18,AGAGCGGTCGGCGTCTGTAT,2,5164371
yqaEp,0.21052631578947367,21,18,AATATAGCGCCGATGTTTTA,3,5166265
yqaEp,1.3157894736842106,42,18,AATAGTTGAGTCAGTTAACC,24,5163816
yqaEp,0.3888888888888889,23,17,TTCTGAACTTAGCATGCGGC,6,5163299
yqaEp,5.611111111111111,117,17,TGGGGTACCGTCGGAAACTA,100,5169347
yqaEp,0.4444444444444444,24,17,TCTTTGCCAGGTCAGCGCTC,7,5168723
yqaEp,0.2222222222222222,20,17,TATCTTCTATGGTTCTGCCT,3,5164077
yqaEp,0.1111111111111111,18,17,TACTTACATTGTGTAATGGA,1,5164651
yqaEp,3.4444444444444446,78,17,TAATGCTTAGAACGCTCTGG,61,5168031
yqaEp,0.2222222222222222,20,17,GGTGACCGGTTTAGTAGATC,3,5163614
yqaEp,2.0,52,17,GGTACAATTACGATGCAAAA,35,5164376
yqaEp,0.16666666666666666,19,17,GCATTGCTGTTGCTCCGCTA,2,5167757
yqaEp,0.5555555555555556,26,17,CTGCACGCAAGTAAGATCCT,9,5167553
yqaEp,0.8333333333333334,31,17,CGTGCACGCTCCATCGATAG,14,5170215
yqaEp,0.9444444444444444,33,17,CGTCAACTCGATAGAAATCT,16,5163200
yqaEp,0.8333333333333334,31,17,CGGCAACAAGCTATATCAAA,14,5164368
yqaEp,0.6111111111111112,27,17,CGCTTCCAAAGCTAGCCATC,10,5164872
yqaEp,0.5555555555555556,26,17,CGAGGTAAGGGTATACTTGA,9,5169923
yqaEp,0.16666666666666666,19,17,CGAAGGTTGACGCGAGTTAA,2,5162684
yqaEp,1.0,34,17,CCGGTTCTGAGTCGCTCGTT,17,5163953
yqaEp,0.6111111111111112,27,17,CCGCTTGGTCAGATTCCTTC,10,5164595
yqaEp,0.2222222222222222,20,17,CAGCTTCGCGTTAGTCCCTA,3,5167696
yqaEp,1.8888888888888888,50,17,CACCTCTTGACCCGCCCGCT,33,5169249
yqaEp,0.4444444444444444,24,17,CACCCGTTTCAGGTACTGAG,7,5164820
yqaEp,0.2222222222222222,20,17,CAATATTGTAAGCCGGCGAA,3,5169683
yqaEp,0.5,25,17,ATTATAGACAAAGTCACCGG,8,5164189
yqaEp,1.1666666666666667,37,17,ATGCTGCCACATAAAGTCGT,20,5164589
yqaEp,1.0,34,17,ATGCGTGAATTGGATGTTTG,17,5163365
yqaEp,0.2222222222222222,20,17,AGCGTGCGGTTATAAGGGAG,3,5164250
yqaEp,0.8888888888888888,32,17,AGCGGAGGTTCTTAGGGGGT,15,5167327
yqaEp,0.1111111111111111,18,17,ACTGACACCGGACCTCACAT,1,5165679
yqaEp,0.3888888888888889,23,17,ACGGATCCTTCGCTATCCTC,6,5163711
yqaEp,3.7777777777777777,84,17,ACAATTGGGGCGGCAATCCA,67,5162737
yqaEp,0.4444444444444444,24,17,AATCGTCAACGCGACACAGC,7,5164184
yqaEp,0.1111111111111111,18,17,AACGGAGACGCTTAAGCTGG,1,5163769
yqaEp,0.7777777777777778,30,17,AAAACGGACATCGCATAAAA,13,5163476
yqaEp,0.7058823529411765,27,16,TTGTAAATCAATGCGCAATC,11,5164281
yqaEp,3.411764705882353,73,16,TTCCGTAGGCTCGACGAGTG,57,5164617
yqaEp,1.7058823529411764,44,16,TGCTCCAACGACCACACCCG,28,5168195
yqaEp,0.6470588235294118,26,16,TGCACAGTGTAGAGGTCCCT,10,5170406
yqaEp,1.7647058823529411,45,16,TCGCGCCTTTTAATATCAGA,29,5164282
yqaEp,2.764705882352941,62,16,TCACGCCGTCAGGGCGTCAA,46,5163076
yqaEp,0.17647058823529413,18,16,TACAACGCTGAGCGGAGAGC,2,5168847
yqaEp,3.6470588235294117,77,16,TAATTCGCGATGCCTAGGGT,61,5169351
yqaEp,0.5882352941176471,25,16,TAATCTGGCACGTTTATGCC,9,5164881
yqaEp,0.23529411764705882,19,16,GTTCTCGGCGGTGCGGCGTT,3,5163369
yqaEp,1.6470588235294117,43,16,GTGGTCGTCATAGATAAGGT,27,5170094
yqaEp,0.11764705882352941,17,16,GTGAGGTACGGTACCAGGAT,1,5168309
yqaEp,0.5882352941176471,25,16,GTGACGTGTCAAGTGGCGGA,9,5169859
yqaEp,0.35294117647058826,21,16,GGTAGGAGGTCATTGTAATA,5,5170062
yqaEp,0.23529411764705882,19,16,GGGTGCTCGCTAGAGTCAAT,3,5162776
yqaEp,2.4705882352941178,57,16,GGGGGTACAGGCTGGCCCCG,41,5166403
yqaEp,0.5294117647058824,24,16,GGCTAGAGTACCTGAGTTCT,8,5165790
yqaEp,0.17647058823529413,18,16,GGCGGACCCGGTAACTGATG,2,5165334
yqaEp,0.11764705882352941,17,16,GGAGGAAGAATGGTAGGGGT,1,5163783
yqaEp,0.7058823529411765,27,16,GCCGAAGCCCCGTCAATTTA,11,5166695
yqaEp,0.8235294117647058,29,16,GCCCCAGGTACGAAAAACGT,13,5167715
yqaEp,0.7647058823529411,28,16,GCACCGGGGTATTCTTCAAC,12,5166647
yqaEp,2.411764705882353,56,16,GATTGTTCAAGAACACGCTA,40,5166293
yqaEp,0.11764705882352941,17,16,CTTAGATGGATGCTTAATGT,1,5169948
yqaEp,0.11764705882352941,17,16,CTGTAATACAATAGGTATTG,1,5169008
yqaEp,0.29411764705882354,20,16,CCGGTTACACAAAGCTTCTA,4,5166126
yqaEp,4.0,83,16,CAACGCTCGCAGCTGTTGTA,67,5169505
yqaEp,0.7058823529411765,27,16,ATGGACCTAGTAAACGAGCT,11,5166689
yqaEp,0.11764705882352941,17,16,ATGACGGATGGGCCGCCCTT,1,5164130
yqaEp,1.0588235294117647,33,16,ATATGTCCCGAGGCTCTAAA,17,5163811
yqaEp,0.29411764705882354,20,16,AGCCGTTTGATTAAAAGCAT,4,5165934
yqaEp,1.0588235294117647,33,16,AGATGAGCCCGATTCACGGC,17,5166715
yqaEp,0.11764705882352941,17,16,ACGATAAAGACGGCCGTGGG,1,5163421
yqaEp,0.4117647058823529,22,16,ACCCCGCCAGGAGGGGATGA,6,5165780
yqaEp,0.6470588235294118,26,16,ACATAACTAAAAGAGGGGTT,10,5162768
yqaEp,0.5294117647058824,24,16,AACTTATCGGTGTTCGCTAC,8,5166753
yqaEp,3.0,66,16,AAAGTTAGAGCCAGGATTCT,50,5166077
yqaEp,2.823529411764706,63,16,AAAACCGTCTTAGATGGGAA,47,5165211
yqaEp,0.6875,25,15,TTTTGGCTCTGGAGGGTTCG,10,5163465
yqaEp,0.875,28,15,TTCTGAACATATAGTGTCGT,13,5168804
yqaEp,0.25,18,15,TGGCTGTTTTGGCTGACACT,3,5165343
yqaEp,2.5,54,15,TGATGTCGTATTAAGTGGAT,39,5168377
yqaEp,0.4375,21,15,TACCCACAGGGCCATAACGT,6,5165450
yqaEp,0.125,16,15,GTTTTCTTGTGAACAATTTG,1,5164548
yqaEp,1.0625,31,15,GTCTCATGAGCTTCGCTGTA,16,5167410
yqaEp,1.625,40,15,GTCCTGCAGTGAACATACAT,25,5162952
yqaEp,1.125,32,15,GTCAACACAGTCTTCACACT,17,5163118
yqaEp,0.75,26,15,GTAGTGCCTAAACCTTTGAT,11,5166412
yqaEp,0.6875,25,15,GGTTGTGGTTTGAGCGGCTT,10,5167125
yqaEp,3.3125,67,15,GGATCAGCACACAGTCGCAA,52,5167460
yqaEp,1.25,34,15,GAGATTCAAGCATGTGTTGG,19,5169116
yqaEp,0.75,26,15,CTTGGAAGCGTAGTAACGGT,11,5164298
yqaEp,0.625,24,15,CGTTTCCTTAGCGATATAGT,9,5165756
yqaEp,5.625,104,15,CGCCGCTGTGCTTAGGCTCT,89,5167463
yqaEp,0.1875,17,15,CCTTTTGCGCACCTTACATA,2,5166348
yqaEp,1.1875,33,15,CATGATTGCGCTGGGGAGAT,18,5165011
yqaEp,0.3125,19,15,ATTTTGGCTGTCCGTAATGA,4,5166259
yqaEp,3.4375,69,15,ATCACACGGTTGAGGATGTA,54,5166177
yqaEp,0.1875,17,15,ATAAGGAGCAATTGTTGGAT,2,5166781
yqaEp,0.125,16,15,AGTATAAGTACTCGGTCAAG,1,5164045
yqaEp,0.4375,21,15,AGGTCTTCACCCCCTATCGG,6,5169481
yqaEp,2.0625,47,15,AGGGCTCGGGGATTCCATAT,32,5166724
yqaEp,0.3125,19,15,ACTAACGGTAGTGCCACTTC,4,5165742
yqaEp,1.5,38,15,ACGACTTAAAGTAGATTGTT,23,5164432
yqaEp,0.1875,17,15,ACGAATTAGGGGACCGGTGT,2,5165059
yqaEp,1.125,32,15,ACCAGGGTTCCTGGCTTCGG,17,5168439
yqaEp,2.625,56,15,ACAAGACCGGCACTCAGTTA,41,5165394
yqaEp,1.125,32,15,AAGAGTAACTCACGGAGGCC,17,5163463
yqaEp,1.625,40,15,AACACGGCGTTACAGGGTAA,25,5165391
yqaEp,1.875,44,15,AACACCTATTACGGTAGAAT,29,5164755
yqaEp,0.8,25,14,TGTTTTCGGTGACCAGAAAT,11,5165218
yqaEp,0.7333333333333333,24,14,TCGTCGCTTACTAAGAGGAA,10,5168814
yqaEp,0.8666666666666667,26,14,TCGTAACGGGCGACAAGTGA,12,5164963
yqaEp,0.6666666666666666,23,14,TCGGGGCATGCAGTCAAGGA,9,5165973
yqaEp,2.6666666666666665,53,14,TCGACGCCCAAGCTGTAGAA,39,5162969
yqaEp,1.4,34,14,TCCGTCTCACAGCCAGAATA,20,5168058
yqaEp,0.26666666666666666,17,14,TATCTCAGGGGATTACACGC,3,5169198
yqaEp,0.6666666666666666,23,14,TAGCTATCGTTAGTTAAGGC,9,5164194
yqaEp,2.0,43,14,TAATATCCGTACTGGTGGGA,29,5167332
yqaEp,0.9333333333333333,27,14,TAAGTTTCCGCCTTCTTCAC,13,5163515
yqaEp,0.8,25,14,GTGGTCGCAAAGAGGATTCA,11,5170555
yqaEp,1.0,28,14,GGAATTTTGGGTTTGTATAC,14,5169847
yqaEp,0.3333333333333333,18,14,GCGGCACTCAACAGAGCAAA,4,5164372
yqaEp,2.2666666666666666,47,14,GCATCTATTTAACCCACGAT,33,5165924
yqaEp,0.2,16,14,GCACGGAGCATTACCGTTGT,2,5169409
yqaEp,2.066666666666667,44,14,GATGCCTCTGCACCGGGATG,30,5162754
yqaEp,0.2,16,14,GAGGCTTTGACTACTTGGAG,2,5168902
yqaEp,0.2,16,14,CCGCCAGTTTGTAACGGCTT,2,5164370
yqaEp,0.6666666666666666,23,14,CAACGGGGTCCTACATAGGG,9,5165424
yqaEp,1.0666666666666667,29,14,ATTAAACTTACGCGACAATT,15,5162732
yqaEp,1.0666666666666667,29,14,ATCTCGTTCCGGCATTGGAG,15,5165426
yqaEp,1.0,28,14,ATCGAGCCGTGTGGTCAGTA,14,5170127
yqaEp,0.6,22,14,AGTGTGCCCCCAGACGAGAC,8,5165233
yqaEp,0.6,22,14,AGGGTTCTACGAAAAGTATC,8,5165093
yqaEp,0.4,19,14,AGAATTTCTTTTCAAGATAG,5,5169079
yqaEp,0.5333333333333333,21,14,ACTGGGCGATGTACATTGAT,7,5166559
yqaEp,0.8,25,14,ACGTTTGTAGCGTTTCGAAG,11,5165476
yqaEp,1.3333333333333333,33,14,ACATCGTTTACGGCGCGGGA,19,5166810
yqaEp,0.4,19,14,ACATAAGTTTGGGTCATAGA,5,5164931
yqaEp,2.066666666666667,44,14,AATGAATACTCTAAAGACTG,30,5166181
yqaEp,0.13333333333333333,15,14,AAGTGTCACCGTGTACTTCG,1,5166023
yqaEp,0.13333333333333333,15,14,AAAATGCCGTTGCCCTAGTG,1,5162651
yqaEp,0.13333333333333333,15,14,AAAAGCGCCGAACGATCGAC,1,5166709
yqaEp,0.14285714285714285,14,13,TTGTGCAAATGCTAAAATCA,1,5164874
yqaEp,0.14285714285714285,14,13,TTGTCTTATGTACGGAATGC,1,5164174
yqaEp,0.7857142857142857,23,13,TTGCGGTTGAGGCCCTTAAA,10,5167290
yqaEp,2.142857142857143,42,13,TTATCAGAACTGCACACGTA,29,5169441
yqaEp,0.5714285714285714,20,13,TTAACTTCGAGGGAGTGAAG,7,5164106
yqaEp,5.785714285714286,93,13,TTAAAATTGGAGTATCGATC,80,5169358
yqaEp,0.5,19,13,TGTGCTTGGTGTGTAGAACT,6,5166418
yqaEp,0.21428571428571427,15,13,TGCCACCCTTTTATTTACTG,2,5164128
yqaEp,0.14285714285714285,14,13,TGACGAACGAATTTTTCTTT,1,5164960
yqaEp,1.3571428571428572,31,13,TGACAAGAACCTCTTCGACA,18,5164377
yqaEp,0.2857142857142857,16,13,TCTCGGGGCTAGCACGGCTA,3,5163790
yqaEp,0.5714285714285714,20,13,TCGTGACTCAGCCTGAGATA,7,5163594
yqaEp,0.35714285714285715,17,13,TCGAGTGGGTTACGATTACT,4,5169565
yqaEp,0.35714285714285715,17,13,TCACCGGAGTTAGATGCGCA,4,5165605
yqaEp,0.14285714285714285,14,13,TCAACGGAGGCAGTAGCCAA,1,5169490
yqaEp,2.357142857142857,45,13,TATTGAGTGTATGCAAGTGG,32,5164300
yqaEp,0.5714285714285714,20,13,TATCCAAGATTTGTGGCCAT,7,5163753
yqaEp,1.0,26,13,TAGGTTAAAAGATGCCGAAG,13,5164166
yqaEp,1.3571428571428572,31,13,GTTACGTGGAACCATATGCA,18,5170537
yqaEp,2.4285714285714284,46,13,GTCGAGCACCCTTCGATGTG,33,5164482
yqaEp,4.357142857142857,73,13,GGTTCGAGACGCGTTTATAA,60,5162796
yqaEp,1.0714285714285714,27,13,GGGTTTCGTTTCGGGGCACC,14,5162986
yqaEp,0.42857142857142855,18,13,GGGCTGCGTCAAGTCATTCT,5,5164273
yqaEp,0.6428571428571429,21,13,GGATACGCAAGGCCACGTCA,8,5165142
yqaEp,1.4285714285714286,32,13,GCGGAGGCTTAAAAGTCACA,19,5167710
yqaEp,0.21428571428571427,15,13,GAGCTATCTGCGAAAAATAA,2,5169588
yqaEp,0.21428571428571427,15,13,CGCCGCTTTTGGATTTAACT,2,5163392
yqaEp,2.0,40,13,CGAATCGGTCCGTAAGCAGC,27,5167693
yqaEp,1.3571428571428572,31,13,CCGTCTTCGTGGACAACCAG,18,5169468
yqaEp,0.42857142857142855,18,13,CCGAATACGAGGTGATGGTA,5,5163180
yqaEp,0.14285714285714285,14,13,CCCGTAGCCCTGGGCGTTTG,1,5169783
yqaEp,9.714285714285714,148,13,CCCCGCATGAGTGCAAAATA,135,5164440
yqaEp,0.9285714285714286,25,13,CCACACTTGCCGGGCGGCTT,12,5168855
yqaEp,0.9285714285714286,25,13,CATTGAACAGGCCCTAACCA,12,5166725
yqaEp,4.5,75,13,CATAGACATCGACGAAGCGT,62,5167459
yqaEp,2.142857142857143,42,13,CAACTTCGAGTTCAGACACC,29,5162762
yqaEp,0.35714285714285715,17,13,ATTCCAAACTAGGGTTCGGA,4,5163351
yqaEp,0.21428571428571427,15,13,ATGCCTCCGGTATGTTTGAC,2,5163921
yqaEp,1.6428571428571428,35,13,ATACGCCAGGATATGAGGGC,22,5168692
yqaEp,2.2142857142857144,43,13,AGTTAACATAAACGCGAGCA,30,5167477
yqaEp,1.1428571428571428,28,13,AATTTGTGTGGGTAATGACT,15,5167514
yqaEp,4.428571428571429,74,13,AATCAACAATTAGCCGAGGT,61,5163253
yqaEp,0.5,19,13,AAGCCAACTGCTTATCTGCT,6,5163357
yqaEp,8.785714285714286,135,13,AAATGTCGCCCTCACAGGAA,122,5168221
yqaEp,3.076923076923077,51,12,TTGGCCCGTACCGTCATGCC,39,5164634
yqaEp,0.15384615384615385,13,12,TTGAGACCCTTCCTGTTTCT,1,5163142
yqaEp,1.5384615384615385,31,12,TTGACGAGGATATTGCCTGA,19,5168376
yqaEp,0.5384615384615384,18,12,TTCCCACGCGTATAACGTTT,6,5166714
yqaEp,0.46153846153846156,17,12,TGTGGATGCAGCTTCCCTAG,5,5166743
yqaEp,8.307692307692308,119,12,TGGTATCTTCAGCCCGATAT,107,5162904
yqaEp,1.2307692307692308,27,12,TGGAATGAGCAAGATGGCGC,15,5170137
yqaEp,0.15384615384615385,13,12,TCTACGTTCTTCTATAGAAT,1,5166461
yqaEp,1.0769230769230769,25,12,TCGAGGTGCATCCGAGCAAC,13,5166662
yqaEp,1.2307692307692308,27,12,TCCCTGTGGTTCACCCGGAA,15,5170036
yqaEp,0.3076923076923077,15,12,TCCCACAAGATCCATTTATT,3,5164284
yqaEp,9.76923076923077,138,12,TCATGGGCTCCATTCTGGGG,126,5169357
yqaEp,0.6153846153846154,19,12,TCAGTCCTCTGGCGGGAGTG,7,5166320
yqaEp,1.8461538461538463,35,12,TCAATACGGGGGGATACCCT,23,5167334
yqaEp,1.3846153846153846,29,12,GTTCTGGCAGCGGCCGGGCT,17,5163904
yqaEp,1.2307692307692308,27,12,GTTATGCATAATGACTTTTA,15,5167695
yqaEp,0.23076923076923078,14,12,GTGATTCCACCTTATAAGCT,2,5166678
yqaEp,0.15384615384615385,13,12,GTCTGGTGGGGGTATTGAAT,1,5163873
yqaEp,0.46153846153846156,17,12,GTCGAGGATTAGGAATCGTA,5,5163483
yqaEp,0.3076923076923077,15,12,GGGTGTAGGGGACAAATTGC,3,5166483
yqaEp,0.6153846153846154,19,12,GGCTTCAAGGAGCAAAAATT,7,5164004
yqaEp,0.23076923076923078,14,12,GGCATACCCGGCCCGCTTAG,2,5168116
yqaEp,0.7692307692307693,21,12,GCTTCATAAAAGCCGTGTGT,9,5163593
yqaEp,0.8461538461538461,22,12,GCTCGTCCATACGCCTTTGG,10,5167376
yqaEp,0.23076923076923078,14,12,GCGGCGTGAGAACTTCCTCG,2,5167074
yqaEp,0.15384615384615385,13,12,GAGGACAACACCGACGGGGA,1,5163034
yqaEp,0.23076923076923078,14,12,CTTACTAATTAGTCGCACGC,2,5169460
yqaEp,1.6153846153846154,32,12,CGGTGCGTCGGATCTCAGAT,20,5167909
yqaEp,0.5384615384615384,18,12,CGAAGATTATATGTAGGCAT,6,5168526
yqaEp,13.846153846153847,191,12,CCAGCTCGTGGCCCTGAAGT,179,5168530
yqaEp,0.9230769230769231,23,12,CCAGCATATCGGAACAAAAT,11,5163813
yqaEp,4.076923076923077,64,12,CATAGGCCAGCTCGGGCACT,52,5169184
yqaEp,0.15384615384615385,13,12,CAGGTTATCGTCTACATCAT,1,5167140
yqaEp,3.769230769230769,60,12,CACTTGCAGATATCAGCAAA,48,5167912
yqaEp,0.38461538461538464,16,12,CACAGTTGTTAAGTCTGGCA,4,5165335
yqaEp,0.5384615384615384,18,12,CAATGGGATAGCATAATGGT,6,5163223
yqaEp,2.5384615384615383,44,12,CAACTTTTTTGGCGGGAAGT,32,5163202
yqaEp,0.15384615384615385,13,12,CAACGCACTACACGCTTCAG,1,5165139
yqaEp,3.230769230769231,53,12,ATGCAAGTGCTATGAGTGTA,41,5163367
yqaEp,2.0,37,12,ATGATCTGCAATACCGTTTC,25,5168259
yqaEp,1.3076923076923077,28,12,ATCTTGCTGTCTGGAGATAA,16,5166295
yqaEp,1.1538461538461537,26,12,ATCAGTGCACATTCACGGAT,14,5169882
yqaEp,0.3076923076923077,15,12,AGTGTTCTAGGGGAAAGGAT,3,5164239
yqaEp,4.153846153846154,65,12,AGTCATGTGGCCAAGAAGCT,53,5163641
yqaEp,4.076923076923077,64,12,ACATGGTTCTTAAGTTTAAG,52,5162800
yqaEp,3.1538461538461537,52,12,AATTGCGGGTATGGTCCGCG,40,5167692
yqaEp,1.4615384615384615,30,12,AAGGTCATCGAAGCTCTAAA,18,5170538
yqaEp,1.3076923076923077,28,12,AAGGGACCTAAACGTCGTTC,16,5165975
yqaEp,2.0,37,12,AAGCGGTCTATCCTGCTAGG,25,5162785
yqaEp,1.0769230769230769,25,12,AACCAGTCGCCGATAAACGG,13,5162898
yqaEp,0.6666666666666666,18,11,TTGTTGATACAGAATTGCAA,7,5166217
yqaEp,2.0833333333333335,35,11,TTCCATAGTGATTTAAACTG,24,5170751
yqaEp,0.6666666666666666,18,11,TGTAAGCGGTTATATCAGAT,7,5162834
yqaEp,2.1666666666666665,36,11,TGGGGACGGCCCCAGATCAA,25,5163857
yqaEp,7.666666666666667,102,11,TGCTAAATCACACAAATCGC,91,5167531
yqaEp,8.25,109,11,TGACAAGTGGCGCCTACATG,98,5169041
yqaEp,2.0833333333333335,35,11,TCTCTGCCGCCAGTAGGTTA,24,5163848
yqaEp,5.916666666666667,81,11,TCGAGTACTCCAGCGGGTGG,70,5162849
yqaEp,0.16666666666666666,12,11,TATGCCCGACCGCTGATCAT,1,5169092
yqaEp,0.9166666666666666,21,11,TATCTCTAGATGAGGCGCTG,10,5168771
yqaEp,0.3333333333333333,14,11,TAGCCATAAGAGGACATAGG,3,5168628
yqaEp,1.4166666666666667,27,11,TACGTATCGTGTATCCATTC,16,5165580
yqaEp,0.9166666666666666,21,11,TAAGCGGGACCGCACGCGTT,10,5167363
yqaEp,8.166666666666666,108,11,GTCAATGGTTGGACAGGGAC,97,5165411
yqaEp,0.4166666666666667,15,11,GGTCCCACAGAGCGGACACA,4,5170031
yqaEp,1.5833333333333333,29,11,GGGCTGGATCATTTCCAAAA,18,5164932
yqaEp,2.9166666666666665,45,11,GGCTTACCACCTCAATTTGA,34,5162909
yqaEp,0.25,13,11,GCGATCATGATTCTTGCTAC,2,5169333
yqaEp,2.1666666666666665,36,11,GAGAGCGCGTCGGGGTTGTC,25,5165928
yqaEp,1.25,25,11,GAAGAATTTCGGGGATGAGC,14,5164050
yqaEp,7.333333333333333,98,11,GAACGATACACCACGGATCA,87,5162713
yqaEp,0.6666666666666666,18,11,CTTTTCAAGCCTTTACGACT,7,5167484
yqaEp,0.8333333333333334,20,11,CTTTACTGGTTTTTCGACAT,9,5165785
yqaEp,0.4166666666666667,15,11,CTTCGATTATAGGCGAACCC,4,5167488
yqaEp,0.6666666666666666,18,11,CTGTATCTCAGGAACCGCTT,7,5163179
yqaEp,10.666666666666666,138,11,CTCTAGATGCATACTAGGGT,127,5164069
yqaEp,0.4166666666666667,15,11,CTCAGCGGATCGTGAACCCT,4,5170189
yqaEp,1.1666666666666667,24,11,CTAATGGTCTGAGCATCGAG,13,5163908
yqaEp,0.3333333333333333,14,11,CGTGTTTCGCAGGTGGCTGT,3,5169139
yqaEp,0.3333333333333333,14,11,CGGTCCTCAATATAAGGACA,3,5165940
yqaEp,1.0,22,11,CGGACGCTTACAAAGCCGAG,11,5167104
yqaEp,6.916666666666667,93,11,CGCGAGTCTCAGAAAACTAC,82,5167921
yqaEp,0.3333333333333333,14,11,CGCCTGGTGAACAGAAACAC,3,5164748
yqaEp,3.4166666666666665,51,11,CGAGCCAAAATGAGCACTAT,40,5168029
yqaEp,0.75,19,11,CGAAGTTAGACCCTCTACTA,8,5169503
yqaEp,0.9166666666666666,21,11,CGAAGTGTCCTCTCATCGAT,10,5168009
yqaEp,0.6666666666666666,18,11,CCTGGGGGTCCTCTAGAGTC,7,5163603
yqaEp,0.25,13,11,CCTATCTCGGGAAGTACCGA,2,5168725
yqaEp,1.1666666666666667,24,11,CCGACCCTCACCTGGCGAAT,13,5170103
yqaEp,4.583333333333333,65,11,CCCACAGGTGTCCCGTTCCC,54,5162626
yqaEp,11.916666666666666,153,11,CCATCGTAATTGGCCCAAGC,142,5165273
yqaEp,0.3333333333333333,14,11,CATGCCTGAAGGCCTCGTAA,3,5165889
yqaEp,6.833333333333333,92,11,CAAAGCCATTCCGTCCATCA,81,5163087
yqaEp,0.25,13,11,ATTCAGGCGTCGAGTACTCC,2,5162814
yqaEp,1.75,31,11,ATTAGCTGCAGCTAAACAGC,20,5169886
yqaEp,0.5,16,11,ATGGGGCTCCCACCGCTGGA,5,5166263
yqaEp,0.5833333333333334,17,11,ATGAGCCAATCAGCCGTAAC,6,5169504
yqaEp,0.6666666666666666,18,11,ATCAGATTGATCCAGAATGG,7,5168042
yqaEp,0.16666666666666666,12,11,AGTTCTGATGATAGTATTAT,1,5162877
yqaEp,1.25,25,11,AGTCGCACGGCGTCGTACCA,14,5166455
yqaEp,0.5,16,11,AGGGGGTTCATGTCTGGCGC,5,5166258
yqaEp,0.75,19,11,AGCCCAATACCATATGGTAA,8,5167955
yqaEp,6.25,85,11,AGATTCAATGTACTTCACAT,74,5165267
yqaEp,0.3333333333333333,14,11,AGATCTTGAGCCCTTAATCC,3,5165802
yqaEp,2.3333333333333335,38,11,AGAGTGTACTAGATGCGCAT,27,5165010
yqaEp,1.4166666666666667,27,11,ACCCTCTAGTCCCTTTTTCT,16,5169023
yqaEp,0.5833333333333334,17,11,AAATTAGGACCGGCATTAGC,6,5166746
yqaEp,0.16666666666666666,12,11,AAAATCGGACGACACCCGCA,1,5167753
yqaEp,1.4545454545454546,25,10,TTTCCGACCTCTGGTGACAC,15,5167224
yqaEp,0.5454545454545454,15,10,TTGGCACTGGGTGTCTCCGA,5,5163950
yqaEp,0.36363636363636365,13,10,TTGAGAACAGGGCCTCCCCG,3,5164431
yqaEp,2.909090909090909,41,10,TTAGGAGTGTCCGGTTATCT,31,5166349
yqaEp,6.909090909090909,85,10,TTACCTGGCATAGGCTAAAT,75,5163245
yqaEp,1.8181818181818181,29,10,TGGTACGCGGCAGGACATAG,19,5165887
yqaEp,1.0909090909090908,21,10,TGCTAGTACGAATAACCAGA,11,5167671
yqaEp,4.818181818181818,62,10,TCGTTGCATCCGCAAATATG,52,5168881
yqaEp,1.1818181818181819,22,10,TCACACAATGGTTTACTGAT,12,5169454
yqaEp,0.18181818181818182,11,10,TACCCCCTGGACCGTTGCCA,1,5163216
yqaEp,0.36363636363636365,13,10,GTGCTCGTAACCCGTAGTAG,3,5166388
yqaEp,0.6363636363636364,16,10,GGTTTTCTGGGCTAGCGGAT,6,5168012
yqaEp,0.18181818181818182,11,10,GGTTTCACGGTGGCACATAG,1,5164999
yqaEp,0.7272727272727273,17,10,GGTTCAGCAACTACTGGAGT,7,5168895
yqaEp,0.8181818181818182,18,10,GGAATCTCCGTCTCCCTATT,8,5165231
yqaEp,2.090909090909091,32,10,GCGTACGCCGGAGAGTGGTA,22,5167485
yqaEp,1.5454545454545454,26,10,GAAGATGCATAGTGAACTGT,16,5165726
yqaEp,0.36363636363636365,13,10,CTTAGCTCTTTCGGACTTAG,3,5168856
yqaEp,1.3636363636363635,24,10,CGGTTTGGGGGCATTATATT,14,5168043
yqaEp,0.7272727272727273,17,10,CGGTTGCACAGGGGGTGCAG,7,5168510
yqaEp,0.8181818181818182,18,10,CGGATGCAGTTCACCTTAGC,8,5163370
yqaEp,0.18181818181818182,11,10,CGCAGGGTAACGACCGGATT,1,5166474
yqaEp,1.5454545454545454,26,10,CCGGATTACGACCCGTATTA,16,5168055
yqaEp,1.0,20,10,CATGCAATCAATGGGGATGT,10,5167994
yqaEp,0.18181818181818182,11,10,CATAATAAAGGCCCTGCTTG,1,5166702
yqaEp,0.36363636363636365,13,10,CACTCCTTCCCGGAGCTAGC,3,5163598
yqaEp,0.6363636363636364,16,10,CACTCCCGCCGGATGAGTTA,6,5166534
yqaEp,1.8181818181818181,29,10,CAAGGGTCATGGTGACTCCT,19,5169726
yqaEp,2.272727272727273,34,10,CAAGGCTCAGTCTGTGTGAG,24,5170587
yqaEp,5.909090909090909,74,10,CAACCGGTCCCGGATGGATA,64,5165764
yqaEp,4.090909090909091,54,10,CAAATGGCCGGTTGTTATAT,44,5166556
yqaEp,0.5454545454545454,15,10,ATTTAGGTTTCAGTTTATAT,5,5168404
yqaEp,0.5454545454545454,15,10,ATCGTGGTCTGGCCTCTCCA,5,5166311
yqaEp,0.36363636363636365,13,10,ATATGCTATAGAGTTTATCA,3,5169721
yqaEp,2.5454545454545454,37,10,AGGGTGAAGAGAGATTACGG,27,5169177
yqaEp,3.272727272727273,45,10,ACGCGAAGAAAGGATATGTC,35,5165109
yqaEp,1.2727272727272727,23,10,ACCTAGTTATGATCAGTAGT,13,5166752
yqaEp,2.1818181818181817,33,10,ACCCACGTCTTTTGCTGGTG,23,5163648
yqaEp,3.5454545454545454,48,10,ACATTAAGCAGCTGAGAAAA,38,5165110
yqaEp,0.5454545454545454,15,10,ACAACCATATGCACTGCCAT,5,5168928
yqaEp,1.8181818181818181,29,10,AACGAGAGTCGACATAGCAA,19,5167910
yqaEp,0.45454545454545453,14,10,AAATTCCGTACATATTGGCC,4,5163522
yqaEp,8.727272727272727,105,10,AAACTGCAAATCCCATGCGC,95,5165259
yqaEp,0.9,17,9,TTTACGGCCAGTGCAGAGCC,8,5168324
yqaEp,0.6,14,9,TGGTTTAGCCGTCTTATGAA,5,5168288
yqaEp,1.5,23,9,TGGCCATCACCATATAGGTC,14,5166143
yqaEp,0.9,17,9,TGCGTCAACTTGCTCTCAGG,8,5169412
yqaEp,15.1,159,9,TGAAGGTATCAGTGCACCTA,150,5168613
yqaEp,1.6,24,9,TCGTAACTCATAAGCCGTTT,15,5168670
yqaEp,0.5,13,9,TCGCGTCACTATTCCTTCAC,4,5163491
yqaEp,0.5,13,9,TCGACCTCTCCTTAACGGCT,4,5163826
yqaEp,1.1,19,9,TCCGGAGGAAACTTTTCCGA,10,5167718
yqaEp,0.8,16,9,TCACAGCCGGCAGAGTGCGA,7,5168346
yqaEp,1.0,18,9,TATGCTAGCCTGCGCCCCCC,9,5165374
yqaEp,2.6,34,9,TATAATCTGAATCATCTGCA,25,5165294
yqaEp,2.9,37,9,GTTTCACTAACAAGGCTGGT,28,5168793
yqaEp,1.2,20,9,GTTTAGCAGTAGAGGCCACT,11,5162667
yqaEp,0.4,12,9,GTTGTGGTACGTGCGACGCG,3,5164378
yqaEp,0.4,12,9,GTGATCCGCAGTAATGTTGC,3,5170008
yqaEp,0.6,14,9,GTCTATGACCCATCTAGTAT,5,5166039
yqaEp,1.3,21,9,GTCACAGTGTCCTCATAATC,12,5167596
yqaEp,1.3,21,9,GGTTGCCATGACTGAGGCTT,12,5165138
yqaEp,0.8,16,9,GGTGCGCATGGCTACAAGAT,7,5167097
yqaEp,0.4,12,9,GGCGGCCGATTGCTGGTTTG,3,5170436
yqaEp,1.1,19,9,GCTTATAGAGGCACTTCCAC,10,5168244
yqaEp,1.4,22,9,GCCCTAGACTCGATGTAATC,13,5164971
yqaEp,2.2,30,9,GCCAGCGGCTTAACCTTTGG,21,5166442
yqaEp,0.7,15,9,GAGCATTTGGGCTTAGTTAT,6,5166761
yqaEp,0.4,12,9,GAGCAAGTATTGGGAGCGCG,3,5166831
yqaEp,0.9,17,9,CTTGCTGCTTAGACGTCCGT,8,5168350
yqaEp,0.3,11,9,CTTATCATATCTAGTGATCA,2,5166908
yqaEp,1.3,21,9,CTGGCTAGGTCCCGATGAAG,12,5162953
yqaEp,0.5,13,9,CTCGGTATTGGGAGTCGGCA,4,5170419
yqaEp,6.8,76,9,CGGTGCCAACCTCCGACAAC,67,5166246
yqaEp,1.0,18,9,CGGGAGGTCAGCTGTGGAGT,9,5162632
yqaEp,2.0,28,9,CGCGACAAGAGACAGTAACA,19,5167399
yqaEp,2.1,29,9,CGACAGCAGCCGAAGTTGCC,20,5164203
yqaEp,0.2,10,9,CGAATCAGCAATACGTCCTC,1,5163834
yqaEp,0.2,10,9,CCTAATCCCTCACGTTCATG,1,5166968
yqaEp,0.8,16,9,CCGCTATAGATTGGAGAGTA,7,5163298
yqaEp,2.1,29,9,CAGCACCACACACAATAGGA,20,5167854
yqaEp,0.5,13,9,ATTCGCAATTCCACAAGCAG,4,5168289
yqaEp,2.1,29,9,ATGTTGGTGACCCCACATGA,20,5162628
yqaEp,5.3,61,9,ATGTTAGACCTGTTACTTTC,52,5170305
yqaEp,2.9,37,9,ATGTCGGCGGCATTAGACCA,28,5164920
yqaEp,0.5,13,9,ATGAACTGTTTACAAGTGGG,4,5167444
yqaEp,1.1,19,9,ATCGAGTACTCCATCCCTCC,10,5163919
yqaEp,3.8,46,9,ATAATAGCACAGGCCCTTGT,37,5164270
yqaEp,0.4,12,9,AGTAGATAGACTGCGGTGAT,3,5164158
yqaEp,0.4,12,9,AGCACCGTGTGGAATTGGGC,3,5169803
yqaEp,0.2,10,9,AGATCCCTATATCTCACATC,1,5167421
yqaEp,0.8,16,9,AGAGATAAGCAGTTGCGGCT,7,5165884
yqaEp,3.9,47,9,AGACCACGTCCTTGCACCAT,38,5162971
yqaEp,0.3,11,9,ACTTAAGGCGTGATAGGCTT,2,5163222
yqaEp,0.2,10,9,ACTCGCAAGGGTGCGATCGT,1,5166608
yqaEp,2.4,32,9,ACTCCCAGCCTTGTTGGGTC,23,5170619
yqaEp,0.2,10,9,ACGTTTAGATACACTACAGG,1,5164125
yqaEp,1.1,19,9,ACACTGGTCAGCCAGTGAAA,10,5164569
yqaEp,2.8,36,9,ACAATGGTCCCCGCGGTTCC,27,5165022
yqaEp,2.4,32,9,AATGCGTACGAGTGCACGCG,23,5166193
yqaEp,2.8,36,9,AATACTCGCTTCGTGGTGCA,27,5170585
yqaEp,2.1,29,9,AAGGTGATGCGGGACGTTTC,20,5164111
yqaEp,0.3,11,9,AACGGGGATCACCTGCCAAC,2,5163903
yqaEp,0.2,10,9,AACCTAGCAGATACTTGATT,1,5169244
yqaEp,0.6666666666666666,13,8,TTTCAGTTTTAACACTAGCG,5,5162829
yqaEp,3.3333333333333335,37,8,TTCGGCTCAGGTTGACAGGG,29,5165643
yqaEp,0.3333333333333333,10,8,TGTGTAATGACAGGCACGAG,2,5166589
yqaEp,0.8888888888888888,15,8,TGGCTGCCATTGAACCAATG,7,5167694
yqaEp,0.3333333333333333,10,8,TCGTGGCGCGGTTGGCCTAC,2,5168563
yqaEp,15.777777777777779,149,8,TCACTATGCAATGGACATTT,141,5170526
yqaEp,0.6666666666666666,13,8,TCACGTGTCAGCTCGAGGCA,5,5166318
yqaEp,0.3333333333333333,10,8,TCACGACATATACATTCCCA,2,5168436
yqaEp,7.333333333333333,73,8,TCAAGATTTGTGAACCTGCA,65,5162710
yqaEp,0.6666666666666666,13,8,TAGAAGGTGATTAAAAGTGA,5,5165776
yqaEp,0.6666666666666666,13,8,TAATGCGCGCATACTTAGTT,5,5170429
yqaEp,0.5555555555555556,12,8,GTGTGGATATCGCTCTACTG,4,5164716
yqaEp,0.2222222222222222,9,8,GTGCATCATGAGCGTATGGC,1,5164350
yqaEp,2.0,25,8,GTGACTGGCCCGGATTTCGG,17,5166670
yqaEp,1.1111111111111112,17,8,GTCTCCTCGTCCCTAGGGCT,9,5167309
yqaEp,0.4444444444444444,11,8,GTAATTGAGCCGCTTTTCGT,3,5170735
yqaEp,0.2222222222222222,9,8,GGTTTCTAATCGAATTGGGG,1,5163847
yqaEp,0.4444444444444444,11,8,GGTGCAGTCGTTCAATCGAA,3,5165437
yqaEp,0.7777777777777778,14,8,GGTATAATCTCAGTTTGCGG,6,5163801
yqaEp,3.0,34,8,GGGCGCACCAGAATACCATG,26,5163044
yqaEp,0.7777777777777778,14,8,GGAGTCGAGCACGACCGTAT,6,5169645
yqaEp,6.0,61,8,GGAAGTCTGAGAACAGTCAC,53,5163056
yqaEp,4.0,43,8,GCTCGTTTATGAAAGGAGTT,35,5162910
yqaEp,0.6666666666666666,13,8,GCCGTCTAGTTTCTCCAAGG,5,5163171
yqaEp,1.8888888888888888,24,8,GATTCCAAAAGTCATGGCGG,16,5163341
yqaEp,8.222222222222221,81,8,GACGGTGACCACTGGGGTAA,73,5166774
yqaEp,0.5555555555555556,12,8,GACATTTCGTATCTGATTCG,4,5165099
yqaEp,0.5555555555555556,12,8,GAAATCTAGAGTATTTAAGT,4,5163793
yqaEp,0.5555555555555556,12,8,CTTTCGTCCGTGGATCCGCT,4,5168321
yqaEp,0.2222222222222222,9,8,CTGGTCGAACATAGTTATTA,1,5162722
yqaEp,3.0,34,8,CTGGAACATAGATCGATTTG,26,5163571
yqaEp,14.0,133,8,CTCGCTCTGTTTGGTTATTC,125,5170331
yqaEp,0.8888888888888888,15,8,CTACTTCTTAAGGTCTACCT,7,5166394
yqaEp,0.3333333333333333,10,8,CGGGGGCTGCGTTCCGGATC,2,5165435
yqaEp,0.3333333333333333,10,8,CGGGCTGTGCCGGCGTCTGG,2,5170705
yqaEp,1.1111111111111112,17,8,CGGCGGTACGTCGCATCCTC,9,5165172
yqaEp,1.4444444444444444,20,8,CGAAAATTAGTGTATCGCCT,12,5164488
yqaEp,3.4444444444444446,38,8,CCGGCCGCATCGCTTCACAA,30,5168742
yqaEp,0.8888888888888888,15,8,CCGATGCGTCGTCGGCTTCA,7,5168951
yqaEp,2.3333333333333335,28,8,CCACAGCTCGCCCATTACTC,20,5166815
yqaEp,0.8888888888888888,15,8,CAGCCTTGCTGCCTAGTACT,7,5165241
yqaEp,3.111111111111111,35,8,CAATCCGTATTTACGCCCGC,27,5165021
yqaEp,0.5555555555555556,12,8,ATGGCTCTTGGAGAAATAAA,4,5165815
yqaEp,1.2222222222222223,18,8,ATGCTTTATTCCTTATACTG,10,5166374
yqaEp,4.0,43,8,ATCTTGTCTACTTGACCACT,35,5165312
yqaEp,0.3333333333333333,10,8,ATAAATGGATAGCGTCGGGG,2,5163734
yqaEp,2.888888888888889,33,8,AGTATCACATGGGTCGGGGA,25,5168030
yqaEp,2.3333333333333335,28,8,AGGGGAAGTTATCAAAAGTC,20,5166476
yqaEp,0.2222222222222222,9,8,AGCGTTCATCTCTTCCGTTA,1,5163354
yqaEp,0.6666666666666666,13,8,ACGTGTCAGGTAGATCTACT,5,5165658
yqaEp,1.7777777777777777,23,8,ACCTCACTCTTACACTCCAT,15,5165567
yqaEp,1.3333333333333333,19,8,ACCGGTTAAAGGCCGGGCGG,11,5167712
yqaEp,0.2222222222222222,9,8,AACCAAGCGCCATTTTAGAA,1,5165063
yqaEp,13.444444444444445,128,8,AAAGTGGGCGAACCTTACGT,120,5166065
yqaEp,1.4444444444444444,20,8,AAAGCACGTTGAGCATTCCA,12,5167181
yqaEp,1.7777777777777777,23,8,AAAACAACCGGTTCGCGTCC,15,5166012
yqaEp,0.625,11,7,TTTTCCGTCTATACACAGAT,4,5164966
yqaEp,0.875,13,7,TTGGGCGTCGCGGTGGTACT,6,5166453
yqaEp,2.25,24,7,TGGTGAGATTTGTCACAGGT,17,5165743
yqaEp,0.625,11,7,TGCTCCATAAACACGTGAGG,4,5169575
yqaEp,1.5,18,7,TGCCCGGCGGGGGGCCTTTT,11,5169656
yqaEp,2.625,27,7,TGCAGAAATCGGCTGCTGCA,20,5163572
yqaEp,0.25,8,7,TCTCTGTACCAAGGAGAAGA,1,5165695
yqaEp,2.25,24,7,TCTAGACCCTTAGCTTCTGG,17,5163511
yqaEp,5.25,48,7,TCCTGCTGAGAAATAGCGAT,41,5163735
yqaEp,20.25,168,7,TCATACGAGATGTGTCCACT,161,5164600
yqaEp,0.25,8,7,TCAGAGCTTCAGTTATTCTG,1,5168349
yqaEp,1.0,14,7,TCAACAATTTATGAACATTA,7,5164530
yqaEp,0.75,12,7,TATGAGCACTGGTAGAGCTG,5,5168366
yqaEp,0.375,9,7,TACGCAGCCATTTTATACAA,2,5166679
yqaEp,0.625,11,7,GTTCCCGATAATAACTTTGA,4,5164720
yqaEp,0.75,12,7,GTCTCCGGTAGATCAGGCGT,5,5168398
yqaEp,1.75,20,7,GTCGGCGGGGGAGACCATAA,13,5164775
yqaEp,2.125,23,7,GTAGAACCATTGGCACCCAT,16,5166196
yqaEp,2.25,24,7,GTAAGCTACGTTGCTCCTTA,17,5163105
yqaEp,1.5,18,7,GGGGTAGAGCCGCAACGAGT,11,5163519
yqaEp,4.625,43,7,GGAACAGACGAAAGCCATGT,36,5170684
yqaEp,1.625,19,7,GCTCCCCTCTTCGGTGCATG,12,5166654
yqaEp,1.25,16,7,GCTAGCTACCCCCGCTTACG,9,5165746
yqaEp,0.25,8,7,GCTACAGTTGGATGAGATGG,1,5167338
yqaEp,1.75,20,7,GCTAACTAAAATTTGGGATG,13,5170712
yqaEp,2.125,23,7,GCGTGTACGGTTAATTTAGC,16,5165326
yqaEp,1.875,21,7,GCGGCAGAAGCAAAATCCAC,14,5167852
yqaEp,5.375,49,7,GCCTACACTCAAGCCTCCCG,42,5164112
yqaEp,0.375,9,7,GCCGGTCCAAGTTTGCTTAA,2,5169987
yqaEp,0.25,8,7,GCCCGGGGGGGAAAAGTCCG,1,5169385
yqaEp,2.75,28,7,GCACTTGAGTATTGATAGGC,21,5169115
yqaEp,4.125,39,7,GATCTATCGCGCCGGGACTC,32,5166652
yqaEp,0.375,9,7,GAGAAGCTTCCAGCTACAGC,2,5164186
yqaEp,0.25,8,7,GACGCACCATGCATCCTATA,1,5170168
yqaEp,2.125,23,7,GACATCAGTTTTTTTGGGGT,16,5164450
yqaEp,1.125,15,7,CTTTCAGAAGAGAGACACCG,8,5164585
yqaEp,2.75,28,7,CTTTAGGTACAGAAAGGCGT,21,5166201
yqaEp,0.25,8,7,CTTGTAGTGAGCTATCCGCT,1,5165227
yqaEp,2.375,25,7,CTGGGTAAAGGACATCGGCT,18,5164446
yqaEp,0.5,10,7,CTGAGCTATTAAAGCGGATA,3,5164525
yqaEp,3.25,32,7,CTCGATCAGACTCGAGCGCA,25,5169348
yqaEp,2.0,22,7,CTATGCCTCTTGATTATGAT,15,5168660
yqaEp,1.0,14,7,CGTTCGGCTGCCAGTGCGGT,7,5165012
yqaEp,0.375,9,7,CGTACGTGGTTACGTCATGG,2,5166492
yqaEp,2.0,22,7,CGCTTTCTGCCAGGCATCCC,15,5166549
yqaEp,2.125,23,7,CGCTTATCTGTACTAGCGAC,16,5163938
yqaEp,4.375,41,7,CGACGGTACAGCCACCGCAG,34,5167851
yqaEp,0.875,13,7,CGAAAACCGTTGGTCTCCGA,6,5164073
yqaEp,0.25,8,7,CCTGCTGGCAACCTTTGGCT,1,5165367
yqaEp,12.5,106,7,CCGTTAGGCGAAGCTGTTGA,99,5170088
yqaEp,2.25,24,7,CCGGTTAATTCTCCAATCCA,17,5169212
yqaEp,0.75,12,7,CCGCGACACGGCACAGCGCC,5,5165890
yqaEp,1.0,14,7,CCGCACATTATGGAAAAAAA,7,5164646
yqaEp,1.125,15,7,CCCGCAGTTTTACGTTGTAA,8,5164912
yqaEp,1.0,14,7,CCCCTTCGAGGAATTCTAAC,7,5167860
yqaEp,1.125,15,7,CCCCAGTGGACTGCCGTTGT,8,5167704
yqaEp,1.0,14,7,CCATGCTAGGCTCCAAAACG,7,5170511
yqaEp,3.25,32,7,CCAGCTCAAATCCAGGCGCA,25,5163652
yqaEp,0.25,8,7,CCAGCGAAATATTGTATAAC,1,5163954
yqaEp,2.375,25,7,CATCGGTGGAACGGAGGACA,18,5164021
yqaEp,1.625,19,7,CAGGCAGCATAGCTTCAGCG,12,5164256
yqaEp,0.75,12,7,CAGCTGCTGCCATCATCAGT,5,5169713
yqaEp,1.125,15,7,CAGCTATAGCAAAACTATTC,8,5164762
yqaEp,1.0,14,7,CAGATGGACCTTCATGCTTG,7,5167360
yqaEp,0.25,8,7,CAACCCGTAGAGAACACGAG,1,5164637
yqaEp,0.5,10,7,CAAATACGCTCATTTCAGTA,3,5163713
yqaEp,0.25,8,7,ATTTACGACCCGAAGGCTAG,1,5168840
yqaEp,1.875,21,7,ATTGGGGAATGAGCCTAGCC,14,5170012
yqaEp,1.75,20,7,ATTCTGGTTGCCCGACTTAA,13,5165878
yqaEp,0.25,8,7,ATTACCGCTTTTGGCGGATC,1,5167122
yqaEp,0.625,11,7,ATGAGTTTAGTACTGAGTGT,4,5164320
yqaEp,1.125,15,7,AGTGAACCAATGATCCACGG,8,5169196
yqaEp,2.5,26,7,AGTAGCTCCTGATAATATCC,19,5167925
yqaEp,0.75,12,7,AGGTTTCTTGCAGGGGCAGG,5,5164954
yqaEp,0.25,8,7,AGGTGTCTTACCGCTGAGCC,1,5167568
yqaEp,0.5,10,7,AGGTCGTGGACGTCCCCCAA,3,5167225
yqaEp,0.25,8,7,AGCATCTAGTTCTATCATGT,1,5166582
yqaEp,0.375,9,7,AGCAAGGACGTGGTTTAAAT,2,5163509
yqaEp,0.625,11,7,ACTTTCTCGATGTCAAGCCA,4,5168519
yqaEp,0.5,10,7,ACTGTAGCTATCTTAAAACT,3,5163803
yqaEp,0.25,8,7,ACTCTGGTTAGTTTTGAGTC,1,5163167
yqaEp,2.875,29,7,ACGTTCTTCGAGCACCGATT,22,5163051
yqaEp,1.25,16,7,ACACAGATTAGAATAGGTTT,9,5164523
yqaEp,4.375,41,7,AATGCACCTCACATCCTTCA,34,5164290
yqaEp,5.5,50,7,AATCCTATTCACAGGGGGCA,43,5167532
yqaEp,0.25,8,7,AAGCTATGTAATTATCTTCG,1,5168054
yqaEp,4.0,38,7,AACCGGTACTCGCGGGTTAA,31,5164113
yqaEp,1.125,15,7,AACATGGCCGACATTCAGCA,8,5169496
yqaEp,2.125,23,7,AAAAGGGCTGAGGCTCGCTA,16,5167700
yqaEp,0.2857142857142857,7,6,TTGTGCTTCCGTACGCTCGC,1,5170167
yqaEp,14.285714285714286,105,6,TTCACACGGACTTTGTCTAA,99,5164601
yqaEp,10.285714285714286,77,6,TTAGGCATGGGATCTATATA,71,5165262
yqaEp,12.428571428571429,92,6,TGTCGCTAAGGGGTTAGCAG,86,5165408
yqaEp,3.7142857142857144,31,6,TGGTGCTGTGTAACACAGTG,25,5163187
yqaEp,0.2857142857142857,7,6,TGGCGGGTTTCGGCCACTGA,1,5166838
yqaEp,3.0,26,6,TGCGATTCCCGCCATAACTA,20,5167950
yqaEp,1.8571428571428572,18,6,TGATTTGTTTGGTGAGTCGT,12,5169657
yqaEp,2.0,19,6,TGAATTTAGCTGACGTTTAT,13,5168675
yqaEp,4.571428571428571,37,6,TCTTGGGGCATTGTTACTGC,31,5168310
yqaEp,2.2857142857142856,21,6,TCTGCTACTGAAACCGAAGC,15,5169864
yqaEp,2.4285714285714284,22,6,TCGGTAGGGACGGTTAGACA,16,5167601
yqaEp,0.42857142857142855,8,6,TCCGCCCGGCCCTGAGGGAA,2,5163900
yqaEp,0.42857142857142855,8,6,TACACAATGTTTATTCCTTG,2,5170566
yqaEp,1.7142857142857142,17,6,GTTATCGTTGCCCAGCTTGA,11,5168688
yqaEp,3.5714285714285716,30,6,GTGGTTCTGTCTGGGAGTAA,24,5166666
yqaEp,7.857142857142857,60,6,GTGATATCCGGGGTTTAAGT,54,5168520
yqaEp,1.2857142857142858,14,6,GTGACAGGGCCGGCACCTCG,8,5165945
yqaEp,1.1428571428571428,13,6,GTCCTGTACGCGCTAACATA,7,5169966
yqaEp,0.7142857142857143,10,6,GGTTGAGTATCTAACAACGA,4,5163442
yqaEp,1.0,12,6,GGTAGGATTATCTGTATGAT,6,5168802
yqaEp,11.714285714285714,87,6,GGAGGCTCAAAACGAGAGCA,81,5167564
yqaEp,0.7142857142857143,10,6,GGACCGTAGGTCGCTCATTA,4,5170339
yqaEp,1.0,12,6,GCTGACTAGACTCATCCAGC,6,5165599
yqaEp,0.5714285714285714,9,6,GCGGTGGTAGATTGGTCGAT,3,5168969
yqaEp,1.7142857142857142,17,6,GCGGTCCCTTAACCCCTCGC,11,5168132
yqaEp,1.4285714285714286,15,6,GCCCGCAAAAAGTTCTGTGT,9,5162968
yqaEp,0.2857142857142857,7,6,GCATGGTACAAATCTGTGAA,1,5166975
yqaEp,0.8571428571428571,11,6,GCAGCGTGAAGGAAAGCGTA,5,5170136
yqaEp,0.2857142857142857,7,6,GCAGCGGGTCGGACCCGGCA,1,5162989
yqaEp,0.2857142857142857,7,6,GACCGGGGTACTGCCGTAAG,1,5167820
yqaEp,0.2857142857142857,7,6,CTTGAGCTGCCTGGTCCGAC,1,5167447
yqaEp,0.2857142857142857,7,6,CTCGAATTTTCACACCCACA,1,5165861
yqaEp,4.857142857142857,39,6,CTCAGGCCTTCGGTAAGATG,33,5167961
yqaEp,3.2857142857142856,28,6,CTACTGCCAGGAGACACCGG,22,5169949
yqaEp,8.571428571428571,65,6,CGTCACACCTTGATGTATAA,59,5167027
yqaEp,0.5714285714285714,9,6,CGCTTACTCGTCATTGAGAC,3,5164219
yqaEp,0.2857142857142857,7,6,CGCGTGAAAGGGGTTAGGCA,1,5162987
yqaEp,3.0,26,6,CCTCGCCCGGCGGTAGCATA,20,5165314
yqaEp,1.2857142857142858,14,6,CCTCAATTCTATCACTGCTA,8,5164899
yqaEp,0.5714285714285714,9,6,CCGTAAGTTAAACTTCAAAC,3,5165447
yqaEp,3.142857142857143,27,6,CCGGTCTTTTGTCCCCCCGT,21,5167402
yqaEp,0.8571428571428571,11,6,CCCTACTCAAGGCCAGTCTA,5,5165068
yqaEp,0.8571428571428571,11,6,CCCCTAGCATTGAGCCTCCA,5,5164849
yqaEp,1.0,12,6,CCATTCAGGTCTTCCTACAC,6,5162700
yqaEp,4.714285714285714,38,6,CATGTTAAATTCAGACGGCT,32,5164620
yqaEp,0.8571428571428571,11,6,CATCCGCTTTGTAAATGTAG,5,5166385
yqaEp,0.7142857142857143,10,6,CAATCCGCTGTTACTCAGGG,4,5166235
yqaEp,0.2857142857142857,7,6,ATTGCGAGCATCGGAGTCGA,1,5166458
yqaEp,0.2857142857142857,7,6,ATTCGGTCGAGTGCATTTAT,1,5167212
yqaEp,0.5714285714285714,9,6,ATATGAATTTGAGTGAACGT,3,5165812
yqaEp,4.0,33,6,AGGGGCGAATAGTCGCGCCT,27,5163851
yqaEp,0.7142857142857143,10,6,AGGATCGGATCACGATGACC,4,5167992
yqaEp,17.714285714285715,129,6,AGCTTCATCCAGGTTTGAGG,123,5164604
yqaEp,3.5714285714285716,30,6,AGATGCAGAACTGAAGATTT,24,5164071
yqaEp,0.42857142857142855,8,6,ACTTCGTTATGATGCGGTCG,2,5168437
yqaEp,3.7142857142857144,31,6,ACTATGATATTTTTAGGCCT,25,5167511
yqaEp,9.857142857142858,74,6,ACGTATAAGCAAGCTGAGCG,68,5163410
yqaEp,0.42857142857142855,8,6,ACGGGGTACTTCCATTACTA,2,5167554
yqaEp,0.2857142857142857,7,6,ACCGTTAAATGCAAGAAAGT,1,5165049
yqaEp,4.0,33,6,ACAGCCGGGTCGGACGTATT,27,5170087
yqaEp,2.142857142857143,20,6,AATCCGCTCTACCTTTAATA,14,5165358
yqaEp,1.0,12,6,AAGTGAGCTAAGAGAGCATT,6,5168370
yqaEp,13.285714285714286,98,6,AAGCTTGCTCTGCCCGGGGC,92,5166067
yqaEp,1.8571428571428572,18,6,AAGCAGCTTGCTTGCTCCGA,12,5166749
yqaEp,1.1428571428571428,13,6,AACGTAGGACGAGCCCCGAG,7,5166845
yqaEp,8.857142857142858,67,6,AACCCGGACGAGAGGCCAAC,61,5166066
yqaEp,0.3333333333333333,6,5,TGTCCCTCAGGGAACCGCGG,1,5165469
yqaEp,1.6666666666666667,14,5,TGGCACTGGTGACGAAGATA,9,5168864
yqaEp,2.6666666666666665,20,5,TGCTCCCCGCGGGTCCACCA,15,5165791
yqaEp,0.5,7,5,TGACAATTAGGGTACGAGTT,2,5167123
yqaEp,0.6666666666666666,8,5,TCTCCCGTATCCTGATTTGT,3,5168184
yqaEp,0.3333333333333333,6,5,TCCTACCGGTTTGTGTTGCT,1,5162955
yqaEp,0.3333333333333333,6,5,TCCGAGTACGGGACCTAATG,1,5164197
yqaEp,1.6666666666666667,14,5,TCCCACTGGTCGGATGGAGG,9,5166302
yqaEp,2.5,19,5,TCATGAGTATACATGATGCT,14,5166281
yqaEp,0.8333333333333334,9,5,TACGGGAGAACCCTCAATGC,4,5166891
yqaEp,1.0,10,5,TACCGTGGTCCCGGAAAATT,5,5166796
yqaEp,2.8333333333333335,21,5,TACCCAAAGACTCGCGAGCG,16,5167541
yqaEp,5.5,37,5,TAATTGTACCCGTACGAATA,32,5170586
yqaEp,0.5,7,5,TAACCTCTACTATTTCGAAT,2,5167056
yqaEp,0.3333333333333333,6,5,TAAAGCGTGAGTTAGAAGCA,1,5167264
yqaEp,0.3333333333333333,6,5,GTGTGGTTACATCCCTGAGG,1,5168275
yqaEp,3.8333333333333335,27,5,GTGCCGGCGGTTAGTAACGT,22,5162654
yqaEp,7.5,49,5,GTATATAGAATCGGTAGCGA,44,5163344
yqaEp,0.6666666666666666,8,5,GTACTAAGGGAATTGCATGG,3,5165405
yqaEp,0.3333333333333333,6,5,GTAATGTTATATTATGAAAA,1,5168359
yqaEp,0.3333333333333333,6,5,GGTGCGTGACCGTTTTCCTA,1,5167570
yqaEp,7.166666666666667,47,5,GGTCCAGGCGGCGATTATAC,42,5162895
yqaEp,2.8333333333333335,21,5,GGGCGCTGGGCATCAGAGAG,16,5166779
yqaEp,2.0,16,5,GGCGGAAACAGTGACTGCAA,11,5165701
yqaEp,5.666666666666667,38,5,GCGGTCACAGACGGTGCTCT,33,5163576
yqaEp,5.0,34,5,GCGCCGCCAAATTAGTTAGC,29,5164642
yqaEp,1.6666666666666667,14,5,GCCTTAACAAACTCCCCAGC,9,5164240
yqaEp,4.5,31,5,GATTCGGGTTAGCCGTACGA,26,5167382
yqaEp,1.3333333333333333,12,5,GAGCAGTCCGTACGATACAT,7,5164489
yqaEp,2.6666666666666665,20,5,GAATGCATTTTGGGGTAAGA,15,5169709
yqaEp,3.3333333333333335,24,5,GAAATAGTCGGTAGCTAGCC,19,5165040
yqaEp,0.5,7,5,CTGTGGACACGCTCAAAGGA,2,5167509
yqaEp,3.8333333333333335,27,5,CTGTGCATCAATCCTCGAAA,22,5170682
yqaEp,1.5,13,5,CTGGGATCCGAATTATCGCA,8,5162896
yqaEp,0.5,7,5,CTGCCGTCTATAGATTGGTG,2,5166424
yqaEp,2.8333333333333335,21,5,CTAGTATTGACCTCCTGTGA,16,5164962
yqaEp,1.6666666666666667,14,5,CTACGCATGCGTGCCCTGCA,9,5166338
yqaEp,4.166666666666667,29,5,CGTGTGCGGGCGCCCAGACA,24,5162712
yqaEp,1.3333333333333333,12,5,CGGAGACTCCAGAATGCTCT,7,5168368
yqaEp,0.3333333333333333,6,5,CGCTTACGCACCATTTCGAA,1,5164550
yqaEp,8.166666666666666,53,5,CGCGCCACCGACTCTACGTC,48,5163419
yqaEp,1.5,13,5,CGATATAAGCGTTTTAGGAC,8,5163673
yqaEp,0.8333333333333334,9,5,CGACCTTTGAGCCTGCTCAT,4,5170762
yqaEp,2.3333333333333335,18,5,CCTTTCATGAGCTCCCTCGC,13,5167227
yqaEp,1.3333333333333333,12,5,CCGATGATATGCTTGTCATG,7,5169606
yqaEp,2.5,19,5,CCCCTTCGATACGACTGAAT,14,5166672
yqaEp,0.3333333333333333,6,5,CCATCACAGACTTTCGACAT,1,5163282
yqaEp,1.8333333333333333,15,5,CCATATATACCCAGTCTAAA,10,5164291
yqaEp,1.1666666666666667,11,5,CCAATATAGGCATAAACTAG,6,5166619
yqaEp,1.3333333333333333,12,5,CACTATGAGCATTTTGGTGG,7,5163802
yqaEp,0.3333333333333333,6,5,CACGGTTAGCCGTAATACGT,1,5164079
yqaEp,1.3333333333333333,12,5,CACAACGGACTAGGACGGTA,7,5162809
yqaEp,0.3333333333333333,6,5,CAAGCATAGGTACCACCGGG,1,5167248
yqaEp,0.8333333333333334,9,5,ATAGATGGTGGACCGACTCT,4,5167954
yqaEp,1.3333333333333333,12,5,ATAAAATAGAGTGTAAAGTT,7,5162873
yqaEp,0.3333333333333333,6,5,AGTATGGTGGCTCCAAGATA,1,5167747
yqaEp,1.3333333333333333,12,5,AGGGATGCAGTATGTTAAGA,7,5163604
yqaEp,0.3333333333333333,6,5,AGGGACCCCATGCACTATTC,1,5165377
yqaEp,0.6666666666666666,8,5,AGAGCGGCACTGCCCGGTGG,3,5167562
yqaEp,0.5,7,5,ACTGGCTGCGCAAAGTGCGT,2,5167573
yqaEp,1.5,13,5,ACTGGAAAAAAACGGTCCAA,8,5162863
yqaEp,0.8333333333333334,9,5,ACTACAGCTATTTAACGTAT,4,5163507
yqaEp,1.0,10,5,ACCCATGTGGGCTAATTTCC,5,5169916
yqaEp,1.5,13,5,ACCACTAACCTCTGTCTAGA,8,5169607
yqaEp,0.3333333333333333,6,5,ACACTTTGATCGCCGTGCCA,1,5166184
yqaEp,0.5,7,5,ACAAAGTTTTGTAATTGGCA,2,5165029
yqaEp,0.3333333333333333,6,5,AAGGTCTGGTGTTCAGACCT,1,5164292
yqaEp,6.166666666666667,41,5,AAGCCTGACATAGCATCCAA,36,5162897
yqaEp,1.6,11,4,TTTGAAGAGAAGGATACTTC,7,5167287
yqaEp,0.4,5,4,TTGTCAACGGGTCGGATAGG,1,5166819
yqaEp,2.8,17,4,TTCCTCCCAACCCGCTGACA,13,5165598
yqaEp,4.4,25,4,TTCCAATCGTCGTCACTCTC,21,5168297
yqaEp,1.4,10,4,TTCAAAGGCTTCAGGATTCG,6,5167547
yqaEp,1.2,9,4,TTACTTGGTCCGCAGCTTCA,5,5166769
yqaEp,3.4,20,4,TTACCAGGGAGGTAGCAACC,16,5169520
yqaEp,0.4,5,4,TGGCGGCGGTCGGGACAGCG,1,5164092
yqaEp,1.0,8,4,TGCCGCCGCTCTAACACGGA,4,5166264
yqaEp,1.0,8,4,TGATGCCTGATGGAATGGCA,4,5163068
yqaEp,0.6,6,4,TCTTGCTTCACCATTCTCCT,2,5163015
yqaEp,0.6,6,4,TCTGGTTAGCGCTGATGGTC,2,5168265
yqaEp,1.8,12,4,TCCTAGCGGGGGTCCGCTTA,8,5163150
yqaEp,5.2,29,4,TATTCAGGTGCGTGTCTTTC,25,5163559
yqaEp,12.2,64,4,TACTGGCTTGGACAATTGGG,60,5166832
yqaEp,12.4,65,4,TACCCCATGGCCGTGTACAA,61,5162936
yqaEp,2.2,14,4,TACACTAGCCATTCACACGC,10,5167658
yqaEp,3.0,18,4,TAAAGACTGACTTACATAGC,14,5166768
yqaEp,0.8,7,4,TAAAACGACGAATTTTAGGG,3,5163120
yqaEp,2.0,13,4,GTTTATATAGTTGCAGGGTC,9,5168985
yqaEp,2.0,13,4,GTTTACGACTACGTGCGAAC,9,5166406
yqaEp,0.6,6,4,GTCTTAGATGTACCTTCTGA,2,5166031
yqaEp,0.6,6,4,GTCTCCCGCATGACGAATGG,2,5168516
yqaEp,1.2,9,4,GTCGTTGACGGCAACTCGTG,5,5163650
yqaEp,2.0,13,4,GGTTGGCTGGGATGCACCCA,9,5163251
yqaEp,1.0,8,4,GGTCGCACCGTGGGGACACT,4,5163122
yqaEp,0.6,6,4,GGGGATTTTGATCGTCCATA,2,5164434
yqaEp,0.4,5,4,GGGAACGTCACGTCCTTGTT,1,5163988
yqaEp,0.8,7,4,GGATTTTAGGCTGTATCTAG,3,5163680
yqaEp,1.0,8,4,GGATTTGTTACTTCGGCCAT,4,5169830
yqaEp,1.6,11,4,GGATTTGCGCTGGGACTTAA,7,5167256
yqaEp,1.2,9,4,GCTCTCTAGCTGTGGAATAT,5,5162872
yqaEp,0.6,6,4,GCTCGCTTGAAGGGCTGCCA,2,5164511
yqaEp,3.4,20,4,GCGTTGAGCTGATATGGTGA,16,5163943
yqaEp,1.0,8,4,GCGAAGGATCGCGTTGGCGT,4,5166427
yqaEp,2.8,17,4,GCCGGGTTATGCTTTGGACG,13,5163700
yqaEp,1.0,8,4,GCATTATGTTTGTATCAAAA,4,5165569
yqaEp,4.2,24,4,GCACCCCACATAATACAAAC,20,5162935
yqaEp,1.4,10,4,GATGGGAGAGTAGTGTCGGG,6,5167699
yqaEp,1.4,10,4,GACTAGGAATCCATGTTTGA,6,5164098
yqaEp,0.8,7,4,GAATATACAGACATGCCGCG,3,5168354
yqaEp,1.6,11,4,CTTTCTTACCAACGGCACCA,7,5163108
yqaEp,7.0,38,4,CTGCAGAGTTAGTACCTTAT,34,5169501
yqaEp,1.2,9,4,CTCTATGGCCGCAGATGCCT,5,5170610
yqaEp,1.4,10,4,CTATTGCGTCTGAACTTGCA,6,5167357
yqaEp,1.4,10,4,CTAGCACCACTAGCGCTCGG,6,5162842
yqaEp,1.6,11,4,CTAATAACCGTCTCCTGTCG,7,5168165
yqaEp,8.2,44,4,CTAAAGCCTGGGACAAATGT,40,5168039
yqaEp,1.2,9,4,CGGGCAGATAACGGGCGTGA,5,5168812
yqaEp,18.8,97,4,CCTGACGGTCCTTGTCCTAT,93,5163088
yqaEp,4.8,27,4,CCTAAGGGATGCCGATAGAA,23,5166156
yqaEp,14.0,73,4,CCCATGACACGCCGGGCGAG,69,5168768
yqaEp,3.2,19,4,CCATCTGCTTGAAGTTGCAG,15,5167223
yqaEp,0.4,5,4,CCAAGTTGAGGTCAATCCCT,1,5163094
yqaEp,3.0,18,4,CACTTCTCGACAAAGAAGTT,14,5165431
yqaEp,3.4,20,4,CACCGGCGCCCTTCGAGACA,16,5163567
yqaEp,0.8,7,4,CAATTCGGGCTGGCTTCGGA,3,5163428
yqaEp,0.8,7,4,CAATCCTTTAGTAGACTATT,3,5167578
yqaEp,2.6,16,4,CAAATCGTAAAGGGGCGCAT,12,5168797
yqaEp,7.4,40,4,CAAAGTACCGGTAGGAGGCG,36,5163104
yqaEp,2.4,15,4,ATTGTATAATTTGAGGTCTG,11,5168466
yqaEp,0.4,5,4,ATTCCGCCCTCCAACGTATA,1,5165591
yqaEp,1.4,10,4,ATTAGGGTGCATAACGCTCC,6,5167550
yqaEp,2.4,15,4,ATTACTTCGCGCCCACCCAT,11,5168937
yqaEp,0.6,6,4,ATCGGTCCGTGGGCCTCGCA,2,5167927
yqaEp,2.4,15,4,ATCGCGGGATCAGTGGAGAG,11,5163413
yqaEp,4.2,24,4,ATAGAAATAGGTTGGCTCGG,20,5165765
yqaEp,0.4,5,4,ATAAGTCTACGAGGTCAACT,1,5166139
yqaEp,0.8,7,4,ATAAGTCAGAGGATCATTGT,3,5162788
yqaEp,8.8,47,4,AGGTCTGGGCACAGCGTAAG,43,5168533
yqaEp,2.2,14,4,AGGTATTGTGTATGGAAGGA,10,5164379
yqaEp,2.2,14,4,AGGACTCGATAAAATTAATG,10,5167920
yqaEp,0.8,7,4,AGGAAGGACCGTTCGTTCAT,3,5163237
yqaEp,0.4,5,4,AGCATGCCGATATCAGTATT,1,5168135
yqaEp,1.4,10,4,AGCATGCCCGCTCTACTTGA,6,5167829
yqaEp,1.8,12,4,ACTGATCTGTCATTGCTGTC,8,5163609
yqaEp,0.6,6,4,ACGGGTATACAATAGCTGAA,2,5164412
yqaEp,0.4,5,4,AAGGCTCACGTGATTCCACC,1,5166273
yqaEp,2.6,16,4,AAGCAGTATGGGAAGTACCC,12,5167345
yqaEp,3.25,15,3,TTTTGAACCGTCGGTTCCTG,12,5165596
yqaEp,2.0,10,3,TTCTGGCTCTCGCTTATAGT,7,5166170
yqaEp,5.5,24,3,TTCCATCGCAACCCCTACGA,21,5169100
yqaEp,6.0,26,3,TTCATCCGGTTGTGTCTCCA,23,5166047
yqaEp,2.0,10,3,TGGGTTAATGCAGAGATGTT,7,5163049
yqaEp,1.5,8,3,TGGGGATGAGGCCGAATACC,5,5164786
yqaEp,1.0,6,3,TGCGACGATGTAAGGGGTAG,3,5162876
yqaEp,3.0,14,3,TCGTTAGGCTGGGACACTGG,11,5169182
yqaEp,2.5,12,3,TCGCCAGGTGATCCAGGTTC,9,5165522
yqaEp,2.0,10,3,TCGCCAACGACCGTAACGCA,7,5166739
yqaEp,1.25,7,3,TCCTCTCGCTTACTATATGG,4,5164752
yqaEp,0.5,4,3,TCCACCAGGCTATTGGAGCT,1,5166852
yqaEp,7.0,30,3,TCAGCACCGATACTCGATTC,27,5165925
yqaEp,3.25,15,3,TCACTCGCCATCCCGCCCCG,12,5162919
yqaEp,3.0,14,3,TATGCATGGGCTATTTTGTA,11,5170620
yqaEp,10.75,45,3,TATCTTGGGATCTAAGCAGG,42,5162903
yqaEp,1.25,7,3,TAAACGCCTTTCATATGGGC,4,5166091
yqaEp,10.5,44,3,GTTTCACGATAAACATTCGA,41,5166073
yqaEp,1.25,7,3,GTTGGGGGCTGTTTGCTGAA,4,5169180
yqaEp,3.5,16,3,GTTGCGGATGAAGGGTCGTT,13,5164640
yqaEp,1.25,7,3,GTGGGGTGTCTCAGAAAATC,4,5165581
yqaEp,3.25,15,3,GTGGCACGTCTCACCCGGCA,12,5166859
yqaEp,3.25,15,3,GTGCAAGCGAAAGGAGTCAT,12,5164094
yqaEp,0.75,5,3,GTCCATCAGGTGTATTTGTA,2,5165005
yqaEp,1.75,9,3,GTATCACATGTACGGAATAT,6,5167625
yqaEp,2.5,12,3,GTAGACAACATTCCGTGATT,9,5164504
yqaEp,3.75,17,3,GTACGCCATAACAGACCGGA,14,5168129
yqaEp,1.75,9,3,GGTAGGAATATCCTCTGCTG,6,5164308
yqaEp,2.0,10,3,GGGTAAATTAGGCTCTTGAG,7,5168312
yqaEp,1.25,7,3,GGGGTGCCATAGTTACAAAT,4,5164027
yqaEp,6.0,26,3,GGGGACATTAAGCACAGTCA,23,5166577
yqaEp,4.25,19,3,GGCCGTCACGGGGAGTTTGG,16,5164602
yqaEp,1.25,7,3,GGCCAGGGGTGTTGACTTAT,4,5170059
yqaEp,0.5,4,3,GCTTGCAAAATTTACCGCAG,1,5166475
yqaEp,9.0,38,3,GCTAGCGGGGGCTAGGGGCA,35,5169869
yqaEp,4.25,19,3,GCGTTCGGTACCGATTTTGG,16,5169613
yqaEp,0.75,5,3,GCCCTGGGCACAGTGAACGG,2,5164524
yqaEp,1.75,9,3,GCAAATATTCTTAATTTCGA,6,5162851
yqaEp,0.75,5,3,GATGTTAGTACTATAGGCTG,2,5167850
yqaEp,5.75,25,3,GAGTTAGCAGAGTGCGTAGG,22,5165002
yqaEp,8.0,34,3,GAGGGTCCCAGATGGCCTTG,31,5169524
yqaEp,1.5,8,3,GAGCAGTACGTTTATAAATG,5,5168049
yqaEp,0.5,4,3,GACTGAGGGCACATGACAGG,1,5164301
yqaEp,2.5,12,3,GAATTAGATTGGGGACACAC,9,5166694
yqaEp,1.0,6,3,CTTTACTCAATCGGAGGCGC,3,5164993
yqaEp,2.0,10,3,CTGCCGCCAAGCTTCCCCCG,7,5170186
yqaEp,0.5,4,3,CTCCGGTGTGGTTGATAAGC,1,5162656
yqaEp,3.25,15,3,CTAGGTGGAGCGAACACGGA,12,5166018
yqaEp,1.5,8,3,CTAGGTGCGTCGAGCCACCC,5,5168019
yqaEp,1.0,6,3,CTACTAGCTGCGCTTATAAT,3,5165492
yqaEp,3.5,16,3,CGTCATATGCGTCTGAGCTG,13,5162913
yqaEp,5.0,22,3,CGGTTTTTGACAAAATAATG,19,5162911
yqaEp,0.5,4,3,CGGGGGCCTCCATGGGAAGC,1,5167026
yqaEp,0.75,5,3,CGCAAAATCTAGCAGTGTGC,2,5163540
yqaEp,1.25,7,3,CGATGCTCAATTCAGGGGGT,4,5165504
yqaEp,0.75,5,3,CCTTGCTCAAGCGAAATATA,2,5164243
yqaEp,1.25,7,3,CCGTCGTTCCTAGGACCTAG,4,5167255
yqaEp,0.75,5,3,CCGCTCATCTTCTGGCCCTA,2,5167636
yqaEp,0.5,4,3,CCGCTCACGTGTGTGGCTAT,1,5163590
yqaEp,1.5,8,3,CCGCCGGCCTACGAGCCTTA,5,5170196
yqaEp,1.5,8,3,CCGATGAGCCCGAGCATATT,5,5163924
yqaEp,1.25,7,3,CCGAAGTGGCGAGGAACCCT,4,5169032
yqaEp,1.0,6,3,CCCGCCTCCGTGTGTCCCGA,3,5168900
yqaEp,1.0,6,3,CCATTGTCGTCGCGTAATGA,3,5164271
yqaEp,1.25,7,3,CCAGAGCATTGCCGGTAGCC,4,5168286
yqaEp,2.0,10,3,CCACGTTTATCGCACATACA,7,5168322
yqaEp,2.25,11,3,CAGCTGGTAGTCGGCCATCT,8,5168308
yqaEp,1.25,7,3,CACTTGAGCTTTTAGGGGTT,4,5168258
yqaEp,0.5,4,3,CACGCAGCTGCAGGCGCCTA,1,5168300
yqaEp,11.25,47,3,CAAGCTTTTGTAAAGCACCT,44,5167461
yqaEp,3.5,16,3,CAAGCGACGGTTTAGAGTCT,13,5162845
yqaEp,3.0,14,3,ATTGAAGCCGTTACAGTGCT,11,5163887
yqaEp,5.75,25,3,ATTCACCACGCGCTTAATGG,22,5170594
yqaEp,8.5,36,3,ATGCTTATGTAGAGTGTACA,33,5163471
yqaEp,1.5,8,3,ATCGGCACTACCCCCCTCTG,5,5167672
yqaEp,0.75,5,3,ATACTGATTATAGAGTATAG,2,5163863
yqaEp,1.25,7,3,AGTTTCTTAGGCCGAGATGC,4,5169437
yqaEp,1.25,7,3,AGTTGGGAGCCACTAAGTTA,4,5166203
yqaEp,0.5,4,3,AGTGCTCACACAAGACTTAT,1,5167716
yqaEp,1.75,9,3,AGGATCCGTCTCACGTGCGT,6,5166567
yqaEp,2.75,13,3,AGGAGACTCGAACCATGTGA,10,5169228
yqaEp,5.75,25,3,AGATGCATGGTTGAAAAGAA,22,5168235
yqaEp,5.5,24,3,AGACAGGGGTCCGTGGGGTC,21,5163926
yqaEp,1.0,6,3,ACTCCTCCGCGCTCACTTCC,3,5165897
yqaEp,5.75,25,3,ACTATGTCTCGAGATTAGGC,22,5166071
yqaEp,1.25,7,3,ACTACAATGATCCCCATACT,4,5166255
yqaEp,12.0,50,3,ACGGCACTCACTATTCCTCT,47,5163984
yqaEp,10.25,43,3,ACCGGGTAACAAGTTCGCGT,40,5168498
yqaEp,1.75,9,3,ACAGATGCAGTGCAGCCGTC,6,5165243
yqaEp,3.5,16,3,ACACTTCTAGTATGTACGGT,13,5168938
yqaEp,0.5,4,3,ACACGCGGTACCTCGGACAC,1,5166660
yqaEp,2.5,12,3,AATTGACCCGACGTCCGGCT,9,5168566
yqaEp,1.25,7,3,AATGGTGTGATAATAACCGA,4,5167179
yqaEp,6.0,26,3,AAGTCGAGTCAAAGTTATTG,23,5163084
yqaEp,3.0,14,3,AAAGCGCGTGGCACAGAGGG,11,5166292
yqaEp,4.333333333333333,14,2,TTTTGCCCCGTATCGTCAAT,12,5164749
yqaEp,0.6666666666666666,3,2,TTTCTCCATGGGTTGCGGGT,1,5165516
yqaEp,3.6666666666666665,12,2,TTGTAATCAAAGGTCGCATC,10,5170418
yqaEp,2.6666666666666665,9,2,TTCAGTCGAGATGCTGGCGG,7,5163642
yqaEp,3.0,10,2,TTACGCTGATGGCTAGCTGT,8,5165513
yqaEp,2.6666666666666665,9,2,TGCCGAGGACTGCCGATCAT,7,5168892
yqaEp,4.0,13,2,TGCAATGTAGAGCGATCGTT,11,5163651
yqaEp,1.6666666666666667,6,2,TCCATAGGCATATGAGAGAT,4,5167913
yqaEp,1.6666666666666667,6,2,TATCAACGTGCCTATGTGCA,4,5164522
yqaEp,1.6666666666666667,6,2,TAGAAGATTGTGCGAAGGCC,4,5164083
yqaEp,8.0,25,2,GTTTTGGGGTTGGACTTAGA,23,5162750
yqaEp,5.666666666666667,18,2,GTTTTATGATATTTGTTAGC,16,5169346
yqaEp,2.6666666666666665,9,2,GTTGTAAATCTTTGCGCGTG,7,5165404
yqaEp,5.0,16,2,GTTCAGTCGGCGCGGCCTAA,14,5168240
yqaEp,2.0,7,2,GTGTAAAGCCCAACTCCCAC,5,5166206
yqaEp,3.6666666666666665,12,2,GTGGAATTCGTACAATTTAT,10,5167449
yqaEp,6.666666666666667,21,2,GTGAAGTACATGTGTACATT,19,5166194
yqaEp,1.6666666666666667,6,2,GTCGTACAACGAAAGTAGAG,4,5168731
yqaEp,0.6666666666666666,3,2,GTATTGGGTCTAAAAATCGA,1,5162988
yqaEp,2.0,7,2,GTAAGCGCGTTGGCGTATGA,5,5166106
yqaEp,2.6666666666666665,9,2,GGTAACTATACCAGTTCCGC,7,5169174
yqaEp,0.6666666666666666,3,2,GGGTTTGATCGCCGCGCAGG,1,5165459
yqaEp,3.0,10,2,GGCTTGGCTCGCCTCGTATC,8,5166744
yqaEp,1.3333333333333333,5,2,GGCGGGGGATTCGTTGGCAT,3,5167456
yqaEp,5.0,16,2,GGCGAATGGGAATGCAATAT,14,5163046
yqaEp,8.666666666666666,27,2,GGAATATGCCTCTGTTCGTA,25,5165458
yqaEp,3.0,10,2,GCTTCCTTAGAGCCATTGCG,8,5168679
yqaEp,0.6666666666666666,3,2,GCTGCGTAGGGTATTGTTAC,1,5165402
yqaEp,1.3333333333333333,5,2,GCGGCCAGTCACCACTAGAC,3,5166688
yqaEp,1.0,4,2,GCCTCCTTTCTTACAGTCAG,2,5165252
yqaEp,10.666666666666666,33,2,GCCGGTCAGGTTATTGTCAC,31,5163733
yqaEp,12.666666666666666,39,2,GCAGTATCCATTGCTGAAGA,37,5165724
yqaEp,7.333333333333333,23,2,GCAGCGCATACCGCAACAGA,21,5165403
yqaEp,1.0,4,2,GCACCTTCCGCGAATAATCT,2,5163217
yqaEp,1.0,4,2,GCACCACTTAGTCACTTCCT,2,5169401
yqaEp,2.0,7,2,GCACAAAGGGATTCGCATGC,5,5167962
yqaEp,16.0,49,2,GCAAAGATTGATACCCTTCT,47,5166059
yqaEp,0.6666666666666666,3,2,GACCCCCAGGTACGGCCCCT,1,5164629
yqaEp,2.6666666666666665,9,2,GAATAGTGGCCAATTCAGAC,7,5168795
yqaEp,0.6666666666666666,3,2,CTTTAGGCCTTCTTATTAGA,1,5169969
yqaEp,2.6666666666666665,9,2,CTGCTAGGAGCAAAGCATTG,7,5164436
yqaEp,3.3333333333333335,11,2,CTCGCTTCGCTAAAAGTGCC,9,5163089
yqaEp,1.0,4,2,CTATACACCTTATGGCAGGT,2,5167139
yqaEp,1.0,4,2,CTAACGTCTGTGACGTTCCA,2,5166279
yqaEp,1.6666666666666667,6,2,CGTTTCGTGGGCTTCCACTC,4,5167940
yqaEp,8.0,25,2,CGGACGAGCGGTCAGACGCC,23,5164215
yqaEp,5.333333333333333,17,2,CGCTCTCGACCGTAACGCTC,15,5163588
yqaEp,1.6666666666666667,6,2,CGCTCTCCTGGCGTCGGTAT,4,5169608
yqaEp,1.0,4,2,CGCCGCACGCCTTGCGCGTG,2,5163739
yqaEp,3.3333333333333335,11,2,CGCATGGGCGATCTGCATGA,9,5168456
yqaEp,0.6666666666666666,3,2,CGCAGAAGTTGGCCCCTAGC,1,5163703
yqaEp,5.0,16,2,CGATGGCTCTGGGCAAACTG,14,5165149
yqaEp,3.3333333333333335,11,2,CGACGTAAACGCCGAAAACG,9,5166337
yqaEp,10.666666666666666,33,2,CGACAATTTTCGAATGGCGG,31,5170332
yqaEp,2.0,7,2,CCTGCTCCACTACTATGCCT,5,5163488
yqaEp,2.3333333333333335,8,2,CCTCCTCAGACGAGATTGTA,6,5164118
yqaEp,1.6666666666666667,6,2,CCGTAGTGAGGACTGGCGAC,4,5169037
yqaEp,2.3333333333333335,8,2,CCCCGAACGCTTCGTAGAAA,6,5169714
yqaEp,3.6666666666666665,12,2,CCCACCTCTGAAGTTTAACT,10,5169924
yqaEp,1.0,4,2,CCAGTTCAAGTCGGCCGCGT,2,5163010
yqaEp,0.6666666666666666,3,2,CCACTATATTGCGCAGCAGT,1,5163698
yqaEp,1.6666666666666667,6,2,CATGTCCCGTAGGGTCCTGC,4,5169745
yqaEp,6.333333333333333,20,2,CATGGGCCAGCCCCGCGTTA,18,5169226
yqaEp,0.6666666666666666,3,2,CAGGGGAATTGACGGATTCC,1,5166210
yqaEp,1.6666666666666667,6,2,CAGCATGTGTTGCGGAAAGC,4,5164924
yqaEp,1.0,4,2,CACTGCCGTTCAATGCTTCC,2,5162852
yqaEp,5.0,16,2,CAATTGAAGCGCGGTTGTGC,14,5169195
yqaEp,1.3333333333333333,5,2,CAAGCTTGTGGATTTTATGT,3,5170491
yqaEp,1.6666666666666667,6,2,CAAGCAGATCTCTTATTCCA,4,5166164
yqaEp,2.3333333333333335,8,2,CAAATATGAGGACCCGCCAT,6,5163690
yqaEp,0.6666666666666666,3,2,ATTGTACGGGTACAAGCCTT,1,5162794
yqaEp,3.3333333333333335,11,2,ATGTGCTTCCGCGGGAGATA,9,5170734
yqaEp,1.6666666666666667,6,2,ATGTGCGGCACGCCTGGAGA,4,5165442
yqaEp,0.6666666666666666,3,2,ATGCGTATATGTGAGTGCAG,1,5167499
yqaEp,0.6666666666666666,3,2,ATATTGAGAATGAGGCATTC,1,5168372
yqaEp,8.333333333333334,26,2,ATAATTGAAGTCGGCAAGTC,24,5168037
yqaEp,16.666666666666668,51,2,AGTGTTGTAGCTGTCGATTT,49,5166063
yqaEp,1.3333333333333333,5,2,AGTACGCCTTCGTATGGCTC,3,5165680
yqaEp,8.333333333333334,26,2,AGGAGCTGGACCCGGCAGCC,24,5169710
yqaEp,15.0,46,2,AGCGAATCACGGATGGGGCT,44,5167660
yqaEp,24.333333333333332,74,2,AGAATGACGGTCGTGTACCA,72,5168529
yqaEp,1.0,4,2,ACGGTGCATCGAGCAAGTTT,2,5164019
yqaEp,3.0,10,2,ACGATTCACAACCTCGTCTT,8,5165150
yqaEp,4.333333333333333,14,2,ACCGTTGCATGGTGAGCATG,12,5169406
yqaEp,0.6666666666666666,3,2,ACCGTAGTACTAGACCCAGT,1,5164842
yqaEp,2.0,7,2,ACATGGGCAGACTCCGATCG,5,5162991
yqaEp,0.6666666666666666,3,2,ACACCACCATGTAGCTATAC,1,5164059
yqaEp,0.6666666666666666,3,2,AATAGCGATCTCCCCACGTG,1,5164380
yqaEp,2.6666666666666665,9,2,AAGCCGTGTCGGGGGCCAGC,7,5166224
yqaEp,2.0,7,2,AACAGGGCCGCCAACATAAT,5,5166628
yqaEp,7.333333333333333,23,2,AAAGACTTAGGGAAAGAGTC,21,5165646
yqaEp,13.5,27,1,TTGGTACACGTTCCGAGACA,26,5166800
yqaEp,2.0,4,1,TTCAACCTTGTGAAAAACTG,3,5170443
yqaEp,12.5,25,1,TGTTTCGTTTGCAATCGGCT,24,5168773
yqaEp,5.5,11,1,TGCTCGAGAAGTCGTAGGGA,10,5165396
yqaEp,5.5,11,1,TGCGCTTGGTTGCATCGAGG,10,5164790
yqaEp,5.5,11,1,TGCCTACTATCACTGGAATT,10,5170098
yqaEp,4.0,8,1,TGAGGGCTACGCGTCAAATA,7,5165246
yqaEp,3.0,6,1,TCTTGCTACAGTTTATTCTG,5,5164237
yqaEp,4.5,9,1,TCGTTAACCAGTCATAGTCG,8,5164644
yqaEp,1.5,3,1,TCCCGCTGGAGTAGTCTGTT,2,5162764
yqaEp,6.0,12,1,TCAAGCATTTGTCAGCATAA,11,5169502
yqaEp,4.0,8,1,TCAAACTGCTTGTTAGACTC,7,5166163
yqaEp,9.5,19,1,TATCCAATTGTGGACCACGA,18,5170498
yqaEp,2.5,5,1,TATCACACTGCGTGTTGGCG,4,5164299
yqaEp,2.5,5,1,TAGGCAGGGTCTATCCCATA,4,5163992
yqaEp,3.5,7,1,TAAAGCCATTACAGGCTTAA,6,5166997
yqaEp,2.5,5,1,GGTGATGGATCCCGAGCGGC,4,5166925
yqaEp,2.5,5,1,GGTACTATGGACATGAACGA,4,5166058
yqaEp,20.0,40,1,GGGCAAAATCATGCTCTTGT,39,5165409
yqaEp,5.5,11,1,GGCTAATGGGGCGTCTTGAA,10,5164605
yqaEp,2.0,4,1,GGCCTCTATGTGTGATAATT,3,5163078
yqaEp,4.5,9,1,GGCCGTGAAACTGGGTCCAG,8,5166266
yqaEp,2.0,4,1,GGCACACGCCTCCTACGGCT,3,5164428
yqaEp,1.0,2,1,GGAGGCCATTCCCCAGACTC,1,5163077
yqaEp,6.5,13,1,GGACGGACTATGTCATCATC,12,5167600
yqaEp,53.5,107,1,GCTGGGGGACATTATCTCAA,106,5168833
yqaEp,13.5,27,1,GCGTCATACGTGAACGGTTC,26,5166735
yqaEp,3.0,6,1,GCGAGCATATGGGGGAAAAT,5,5164394
yqaEp,25.0,50,1,GCGAAGAGGACTTGGACCGG,49,5168614
yqaEp,2.5,5,1,GCCCGCAGCAGCATTAAAGA,4,5163568
yqaEp,4.5,9,1,GCCACGAGTGGAGTCATGAT,8,5169262
yqaEp,2.5,5,1,GCCAACTTAACAACGTGCCA,4,5165349
yqaEp,5.0,10,1,GCATTAAACTGCCTTATTTT,9,5163464
yqaEp,11.5,23,1,GAGCCGGGTCAGGTTGGGCA,22,5163569
yqaEp,4.5,9,1,GAGAGCTAGCCCTATGCGGC,8,5169568
yqaEp,5.5,11,1,GAGAAGTAAATGGTACCGGC,10,5169421
yqaEp,9.0,18,1,GACCGCGCGTGGTAGCATAA,17,5162978
yqaEp,18.5,37,1,GAATTTACAGGTCCATAAAT,36,5167469
yqaEp,3.5,7,1,GAACGAGGAGTCTAATCGAG,6,5164723
yqaEp,16.0,32,1,CTTTCATGGTGCTAGATAGC,31,5168869
yqaEp,2.0,4,1,CTTGTGCTCGGCGGGGTGAT,3,5164404
yqaEp,1.5,3,1,CTGAAACCCCCGGGCATTGG,2,5164690
yqaEp,1.0,2,1,CTCTGATGTTAAAAGAGGGT,1,5168882
yqaEp,2.0,4,1,CGTCGGCCTGGGGAGAAGCC,3,5165967
yqaEp,2.0,4,1,CGGGCATTTCTTAGATTAAT,3,5170016
yqaEp,1.5,3,1,CGCGTTATGTATTCCTCGCC,2,5164607
yqaEp,3.5,7,1,CGCATTGGGGTTCCCTCCCC,6,5166536
yqaEp,1.0,2,1,CGAGCTCGTAGGGCCGAGCT,1,5164724
yqaEp,5.0,10,1,CGACTACATTGTACCTAAAG,9,5169772
yqaEp,2.5,5,1,CCTGTGGGATCTGGGCATAC,4,5169797
yqaEp,3.5,7,1,CCTCGGTGACAGCTCTACAC,6,5166383
yqaEp,5.5,11,1,CCGGGTTTACGCGACCCTTT,10,5169839
yqaEp,5.0,10,1,CCGAAACGCGCGTAAATTTC,9,5163479
yqaEp,6.0,12,1,CCCTTAGTGGTGGGAAGGCG,11,5165181
yqaEp,1.5,3,1,CCCTAAGAGCCCATTCATTC,2,5165141
yqaEp,1.0,2,1,CCCGCTATCGGTTACGGCTA,1,5166885
yqaEp,4.0,8,1,CCAGCAGTGTTGCGACCTCT,7,5165365
yqaEp,1.0,2,1,CCAGAACCCCATCTTAAAGA,1,5166158
yqaEp,1.0,2,1,CATGTATGAATTTGTGAGGT,1,5167604
yqaEp,8.0,16,1,CATCGGAGGCTTATCTATCT,15,5163566
yqaEp,2.0,4,1,CATCCAACGAATTCCGGTTA,3,5165007
yqaEp,12.5,25,1,CAGGACATCAACGCCAAGGC,24,5166205
yqaEp,1.5,3,1,CACCTTCGTTGATTACTCGT,2,5164612
yqaEp,1.5,3,1,CAAGCAACAATCGCAGGGGT,2,5165286
yqaEp,26.5,53,1,CAACGTAGGTGCTGTGGAGT,52,5165315
yqaEp,3.5,7,1,CAAAACGTCTCCTAGTCCAT,6,5167599
yqaEp,1.0,2,1,ATTTACCGACGTTATGGAGA,1,5167647
yqaEp,12.5,25,1,ATTGTAAGCCTTAACACACA,24,5164606
yqaEp,4.0,8,1,ATTATCATGCCCTGCTCCGA,7,5165644
yqaEp,3.0,6,1,ATCTCCCGGTGGGTAGGAGT,5,5164923
yqaEp,2.0,4,1,ATCCCGCTATAGGGAACGCG,3,5167267
yqaEp,3.0,6,1,ATCAGACGTCCGAAGGAATA,5,5164754
yqaEp,2.5,5,1,ATAGATGTTAGTTGTTTCAA,4,5163484
yqaEp,1.0,2,1,ATACGTATAATGGTTTCGCA,1,5164475
yqaEp,2.0,4,1,AGTTTTCACGTATGGGCGAA,3,5168858
yqaEp,4.5,9,1,AGGGGTCCGCCAGCCACTAC,8,5162742
yqaEp,4.0,8,1,AGGGATTAGTCGCCCGGAGT,7,5170547
yqaEp,3.0,6,1,AGGCGTTTCGCACATCCAAC,5,5166833
yqaEp,4.5,9,1,AGATACGCGACTTGCGCTGT,8,5169185
yqaEp,10.0,20,1,AGAAAACCCCAGTCCCTGCT,19,5167964
yqaEp,3.5,7,1,ACTCATTTGGTACTCTGTTT,6,5166656
yqaEp,1.0,2,1,ACTACAAACAGGCGAGCGTC,1,5163473
yqaEp,5.5,11,1,ACGTGGGACTATCACTTTAT,10,5169448
yqaEp,21.0,42,1,ACGAGCAAGATCGTTAATCC,41,5165271
yqaEp,1.0,2,1,ACGAGAATATAAAGTGCCCC,1,5169506
yqaEp,1.0,2,1,ACCTGTTCAGGGTCTCCAAA,1,5165200
yqaEp,4.5,9,1,ACCGCAATTATACGTAGAGA,8,5166169
yqaEp,1.0,2,1,ACCGAAACTTGAGCAAATTA,1,5169104
yqaEp,1.0,2,1,ACACCACTCTAAGAGGTGGA,1,5164792
yqaEp,7.5,15,1,ACAAGGATCCTTGTTGCACG,14,5170173
yqaEp,2.5,5,1,AATCTCAAGGACATCAAGTA,4,5168279
yqaEp,6.5,13,1,AATCCCGACTAGGACCAGTA,12,5164594
yqaEp,8.0,16,1,AAGTGGCCTCAGATGGCTTA,15,5165653
yqaEp,11.5,23,1,AAGGGCCACCTAATCATTGT,22,5165407
yqaEp,1.0,2,1,AAGGCCCGTGAAAGCGGGAG,1,5163706
yqaEp,3.0,6,1,AAGATCTTCGCACGGATGTA,5,5163875
yqaEp,3.0,6,1,AAGAATTAGTTGACTTATTG,5,5170214
yqaEp,3.0,6,1,AACCAGGTCTGGACCGTTAA,5,5166222
yqaEp,2.0,4,1,AACAGATGCCGGGCCAGGTG,3,5165847
yqaEp,1.5,3,1,AAATGCCGAAGGGATGTAAT,2,5167685
yqaEp,0.02040816326530612,48,48,CTAAGAGGAAGCTTCTAATA,0,5169405
yqaEp,0.023809523809523808,41,41,CGAGAGATACGGGTAACGTG,0,5162729
yqaEp,0.02702702702702703,36,36,AATACTCAAGTTTTAGATAG,0,5163125
yqaEp,0.027777777777777776,35,35,ACATCGGACATAGACTTTAG,0,5166868
yqaEp,0.02857142857142857,34,34,TAGGTTTCGCCGGTTTCAAG,0,5169322
yqaEp,0.03125,31,31,TCTTTACGTGGCCCTACTAG,0,5169341
yqaEp,0.03225806451612903,30,30,GGCGGGAATGTCACGAGATT,0,5166537
yqaEp,0.03225806451612903,30,30,GCTAGGGTGACTGTCGTCTA,0,5169047
yqaEp,0.03333333333333333,29,29,TTTTTAGGCGGAAGATTGAT,0,5166935
yqaEp,0.03333333333333333,29,29,TGTACGGGCGGCCTTGCATA,0,5168144
yqaEp,0.03333333333333333,29,29,TCCAGCGTACCTTCACTGAT,0,5164837
yqaEp,0.034482758620689655,28,28,AAACCTAAAATAGAAGGTTG,0,5162930
yqaEp,0.03571428571428571,27,27,TCGTTTATGGAACCACAGCT,0,5166393
yqaEp,0.03571428571428571,27,27,TAGGTTGGGAATTCGTGGGT,0,5166466
yqaEp,0.03571428571428571,27,27,GTGTAGCGACTTACCTCGAT,0,5168808
yqaEp,0.03571428571428571,27,27,ACCTCTAACATCAACCATAA,0,5167320
yqaEp,0.03571428571428571,27,27,ACCGACTTAACTCAGTAAAA,0,5163635
yqaEp,0.037037037037037035,26,26,TTTCCAGGCGGCTGTTTCGA,0,5169377
yqaEp,0.037037037037037035,26,26,TATAAACAGGCGCTCTCAAA,0,5162858
yqaEp,0.038461538461538464,25,25,GTCAAGAGATGCAGAAATAA,0,5164568
yqaEp,0.038461538461538464,25,25,GGAACCATGACCAGCAGGTA,0,5167196
yqaEp,0.038461538461538464,25,25,GAGGGTGTCTTGAAGTGACT,0,5165896
yqaEp,0.038461538461538464,25,25,CTAGATCTCATCTAATTATC,0,5167805
yqaEp,0.038461538461538464,25,25,CCTCGTAGGTGGGTCAGTTG,0,5164015
yqaEp,0.04,24,24,TTTCGTCCGTAGCGGCCCCA,0,5162882
yqaEp,0.04,24,24,GTTCAATTATCGTCTCGGTC,0,5162730
yqaEp,0.04,24,24,GGGCGACTAGATAGGTCGGA,0,5163578
yqaEp,0.04,24,24,GGGAGGACCGCAAAGGTTGT,0,5164855
yqaEp,0.041666666666666664,23,23,CTTGCCATCGCGATGCTGTA,0,5169165
yqaEp,0.041666666666666664,23,23,CGGCACATCAGGTGCGATCT,0,5166518
yqaEp,0.043478260869565216,22,22,GTCAGACCTATGGTTATACG,0,5163280
yqaEp,0.043478260869565216,22,22,GCATAGCAAAGATCGGTTTG,0,5168073
yqaEp,0.043478260869565216,22,22,AGGGCACCACTCAACGAGTA,0,5167773
yqaEp,0.045454545454545456,21,21,TGCCCCGGTACCTCGACTCT,0,5164518
yqaEp,0.045454545454545456,21,21,CTCAACAAAAGGGCTGTCTT,0,5167176
yqaEp,0.045454545454545456,21,21,CGTTTGTGTAAGCACTCGTT,0,5168157
yqaEp,0.045454545454545456,21,21,ACGCGGAAGTTTTTTATGAA,0,5167767
yqaEp,0.047619047619047616,20,20,TTTCAAGACGCAGGAGACTT,0,5163894
yqaEp,0.047619047619047616,20,20,GCGTAAAAACAAGTGGTCAT,0,5166875
yqaEp,0.047619047619047616,20,20,CTGGGGTAGTTATCTGAACA,0,5164801
yqaEp,0.047619047619047616,20,20,CAGTGCGGCAAGTGGCATTC,0,5165831
yqaEp,0.047619047619047616,20,20,ATTACTCGCACTAAGTTTAC,0,5167078
yqaEp,0.05,19,19,TTTGACGAGGGCTATGGATT,0,5169324
yqaEp,0.05,19,19,TTCAGTAACGATTTTTATGA,0,5163376
yqaEp,0.05,19,19,TCTACTCGCCAGGGTTCAGT,0,5164465
yqaEp,0.05,19,19,TCCTGTCGGGGGGTAAATGG,0,5169985
yqaEp,0.05,19,19,GGGCTCACCGTATATCTTTG,0,5164976
yqaEp,0.05,19,19,GGCAGAGAGGTTGAAATCTT,0,5164503
yqaEp,0.05,19,19,GCCGAAAATCGGAGAAGGTA,0,5162807
yqaEp,0.05,19,19,GACCATGTGAAAGCTCTTAG,0,5163029
yqaEp,0.05,19,19,CCGGGCGTTATGTTCACGAC,0,5164093
yqaEp,0.05,19,19,AGAACGCTCGGTGAAATAGT,0,5163377
yqaEp,0.05263157894736842,18,18,TTGGCAATGTAATCTAGATG,0,5170140
yqaEp,0.05263157894736842,18,18,TTGATGACCCGAGTTGCGCT,0,5165709
yqaEp,0.05263157894736842,18,18,TGGGAAGATCGGTGCTAATG,0,5169838
yqaEp,0.05263157894736842,18,18,TATTATCCTGAATTCCCGGA,0,5166535
yqaEp,0.05263157894736842,18,18,TAAGACGGCTTTATAGTAAG,0,5167195
yqaEp,0.05263157894736842,18,18,GTACCCGCGCTATCGTGACA,0,5163129
yqaEp,0.05263157894736842,18,18,GCAGTACACGGAGGATCACG,0,5164676
yqaEp,0.05263157894736842,18,18,GAGGACCACGTCCAGGCTGA,0,5166821
yqaEp,0.05263157894736842,18,18,CTAATCCTTGACCATATTAA,0,5169804
yqaEp,0.05263157894736842,18,18,CCATATTTACAACCGACGAT,0,5166228
yqaEp,0.05263157894736842,18,18,CAGAAGGCGTGAACTACTTA,0,5168852
yqaEp,0.05263157894736842,18,18,AGTGCGGGCCGGTAGTTGTC,0,5169663
yqaEp,0.05263157894736842,18,18,AAACGGGAACTTATGAGGGC,0,5166992
yqaEp,0.05555555555555555,17,17,GGCAATGTACGGGGAGCAGT,0,5163726
yqaEp,0.05555555555555555,17,17,GCGGTAAAGTATACCATAAA,0,5168541
yqaEp,0.05555555555555555,17,17,GACATCTACGCCCGGACTGC,0,5167018
yqaEp,0.05555555555555555,17,17,ATGGGGTAATAATGGTTCCG,0,5168674
yqaEp,0.05555555555555555,17,17,AGCATATCGGGTTTTGAAGG,0,5164821
yqaEp,0.05555555555555555,17,17,AAAAGGCAAAGCTGCGGCAA,0,5164187
yqaEp,0.058823529411764705,16,16,TGAGCCACGGCTTCGTTCGC,0,5164882
yqaEp,0.058823529411764705,16,16,TCGGGGGTGGTTCTCAGCGA,0,5167917
yqaEp,0.058823529411764705,16,16,GTAGTGACGGGGCGGCGAAT,0,5164464
yqaEp,0.058823529411764705,16,16,GGATGGGACTGATCTATGCG,0,5167626
yqaEp,0.058823529411764705,16,16,GACATCAATGTATGGCTGTA,0,5166790
yqaEp,0.058823529411764705,16,16,CGTCGGTCGTGTCTGAAGAA,0,5164765
yqaEp,0.058823529411764705,16,16,CCTTGAAATGAGTAGTCTCC,0,5163284
yqaEp,0.058823529411764705,16,16,CCACCTCCGTTTTCCGGAAT,0,5163019
yqaEp,0.058823529411764705,16,16,AGGTCGTAGTCAATCATCCC,0,5166782
yqaEp,0.058823529411764705,16,16,AGGGTTCATGACGCACGCGC,0,5164501
yqaEp,0.058823529411764705,16,16,AGATTCGAAGAGTAATAACG,0,5163420
yqaEp,0.058823529411764705,16,16,AGATATGCAGTGACCGGTCA,0,5165696
yqaEp,0.058823529411764705,16,16,AAGGCCATGTTCGCCGCAGT,0,5164408
yqaEp,0.0625,15,15,TTGGCCAGTAGCCGAACCTA,0,5168559
yqaEp,0.0625,15,15,TGTGCCATTTGCAAACTAAT,0,5165749
yqaEp,0.0625,15,15,TCAGATCGAGGAACCTGCAG,0,5163454
yqaEp,0.0625,15,15,GTGCTGGATCATTGGCGGCT,0,5164319
yqaEp,0.0625,15,15,GGCGGCGGGCCACAACACGG,0,5170116
yqaEp,0.0625,15,15,GGCCATAGTGTTAGGTCACA,0,5168158
yqaEp,0.0625,15,15,GCCAATAGCTCAAGGGGTCG,0,5168117
yqaEp,0.0625,15,15,GATAAAGGAGGGCGGCCCTT,0,5167088
yqaEp,0.0625,15,15,CTCGGCTAGAACTCCCACAC,0,5166712
yqaEp,0.0625,15,15,CGCGCGTTCGGACCAGGCAT,0,5169312
yqaEp,0.0625,15,15,CGCCTATAGACATCCACCAA,0,5170073
yqaEp,0.0625,15,15,ATCACAGGAAGCATCTCAGG,0,5166519
yqaEp,0.0625,15,15,ATCAAGGACGGAAACCTCGG,0,5163364
yqaEp,0.0625,15,15,AAACCTTGTAGAAATAGCCA,0,5169300
yqaEp,0.06666666666666667,14,14,TTTTCAGACGTGGTACTCAC,0,5167014
yqaEp,0.06666666666666667,14,14,TCTGACGGGCACTATATTTA,0,5164578
yqaEp,0.06666666666666667,14,14,GTGAGTGACAATATTCTGCA,0,5169387
yqaEp,0.06666666666666667,14,14,GGGGGTCCTTGTTCGTGCTG,0,5168955
yqaEp,0.06666666666666667,14,14,GCAGCGGCTAAATTTGCTGT,0,5165810
yqaEp,0.06666666666666667,14,14,CTCTACATACTCGCAGGATC,0,5164117
yqaEp,0.06666666666666667,14,14,CGCCCCTCTTAATACGGGCA,0,5164531
yqaEp,0.06666666666666667,14,14,CCGTGTGCTGTAGCGACCTA,0,5169380
yqaEp,0.06666666666666667,14,14,CATTTGCACTTCGTTCCGAG,0,5166507
yqaEp,0.06666666666666667,14,14,CAGCCACAAGCGCCCTCGTG,0,5163260
yqaEp,0.06666666666666667,14,14,CAGAATGTCATCACAGTGGG,0,5168950
yqaEp,0.06666666666666667,14,14,ATTTTCGTAACCTGTGTCTG,0,5169094
yqaEp,0.06666666666666667,14,14,AGTCAGCTAGATTCCATTAT,0,5165094
yqaEp,0.06666666666666667,14,14,ACACCCATTAGTCCATCATA,0,5162857
yqaEp,0.07142857142857142,13,13,TTATCGATAGGATGCCGCAG,0,5166437
yqaEp,0.07142857142857142,13,13,TGGAAGGTCGTCTATTAAGA,0,5170412
yqaEp,0.07142857142857142,13,13,TGCTTAGGCTTAGAGTCCCG,0,5163782
yqaEp,0.07142857142857142,13,13,TCTGGGTGGTTCGCATGAGT,0,5168930
yqaEp,0.07142857142857142,13,13,TCTGGGGTTGCAGCATCGTG,0,5164409
yqaEp,0.07142857142857142,13,13,TCGCATTAGCAAGGATCAAG,0,5163391
yqaEp,0.07142857142857142,13,13,GTGGGAAGGGGCTAATTCAC,0,5168821
yqaEp,0.07142857142857142,13,13,GGTTTCGTAGGGGCCGTAGG,0,5163297
yqaEp,0.07142857142857142,13,13,GGAGGGACAAGGGGGTTTTT,0,5169487
yqaEp,0.07142857142857142,13,13,GCGCTTCAACAGCCAATGGA,0,5163615
yqaEp,0.07142857142857142,13,13,GACATCCGTTTAGCCCGTGC,0,5164831
yqaEp,0.07142857142857142,13,13,CTCGGTAGCCCATGACAAAG,0,5165043
yqaEp,0.07142857142857142,13,13,CGGGGGGGTTATCACTAGCG,0,5162648
yqaEp,0.07142857142857142,13,13,CGCTTATTATGGAGATGAGT,0,5163343
yqaEp,0.07142857142857142,13,13,CCTCGCTCCATGACTGCACT,0,5167876
yqaEp,0.07142857142857142,13,13,CCCAGCAAATATTGCCGGGT,0,5168107
yqaEp,0.07142857142857142,13,13,CAAAGAATAATGTTAGGCGT,0,5164332
yqaEp,0.07142857142857142,13,13,AGTATACCCTGGCAATAGGT,0,5166430
yqaEp,0.07142857142857142,13,13,AGGCAGGATCGCAAACGAAG,0,5163039
yqaEp,0.07142857142857142,13,13,AACAACTCGCATGCAATATA,0,5166928
yqaEp,0.07692307692307693,12,12,TTTGCAATTCTGGAATCCGT,0,5164150
yqaEp,0.07692307692307693,12,12,TTGGTAGTGAGTATCTGTAG,0,5165505
yqaEp,0.07692307692307693,12,12,TCGTGCTACATCCAACTCAA,0,5169769
yqaEp,0.07692307692307693,12,12,TCGCCCGTGGCCATTGGCAG,0,5165770
yqaEp,0.07692307692307693,12,12,TACAATACTCGCTGGGGGAG,0,5165295
yqaEp,0.07692307692307693,12,12,GTCGTTTTCGAAGTGACGCT,0,5168126
yqaEp,0.07692307692307693,12,12,GTCCGTTCTTGTTAGTTTAC,0,5168134
yqaEp,0.07692307692307693,12,12,GGGCAGCCCTGTTGTTAACA,0,5164829
yqaEp,0.07692307692307693,12,12,GGGAGATAATTTGTAAGTCT,0,5168977
yqaEp,0.07692307692307693,12,12,GCACGCGGTCAGGTCCGAGA,0,5163309
yqaEp,0.07692307692307693,12,12,GAACAGAGTTAGTTTCCTAT,0,5166326
yqaEp,0.07692307692307693,12,12,CTTTTCGGTCTAACCCAAAC,0,5164003
yqaEp,0.07692307692307693,12,12,CTTCGGACTTAATTGCGTCT,0,5164259
yqaEp,0.07692307692307693,12,12,CTTACGCTACCGCATCATCT,0,5170442
yqaEp,0.07692307692307693,12,12,CTGGGAGTAGGGGGAAACGA,0,5162676
yqaEp,0.07692307692307693,12,12,CTAAGACGTGTGGTGGAGGA,0,5164100
yqaEp,0.07692307692307693,12,12,CGCTTTTGAGCATACGCCGC,0,5170414
yqaEp,0.07692307692307693,12,12,CCGCGAGCGAAGCGTTAGGG,0,5163287
yqaEp,0.07692307692307693,12,12,CCAGCAAGGTGAGCAAGAAC,0,5164366
yqaEp,0.07692307692307693,12,12,CAAGCGACAATGCCATTATC,0,5170229
yqaEp,0.07692307692307693,12,12,AGGTCTAGTACCTTAGCGCT,0,5163720
yqaEp,0.07692307692307693,12,12,ACTGTGAGTGCGCTATGTAT,0,5165477
yqaEp,0.07692307692307693,12,12,ACCGGAAGGAGATCGTGCCC,0,5163552
yqaEp,0.07692307692307693,12,12,AAGCGCCGAACACAGGGTGT,0,5166967
yqaEp,0.08333333333333333,11,11,TTTTTGAAATCAATAGCTGA,0,5168110
yqaEp,0.08333333333333333,11,11,TTCGATCGTTCGTACGGGGC,0,5169342
yqaEp,0.08333333333333333,11,11,TGGTTTCACTGCTTCGACAT,0,5164426
yqaEp,0.08333333333333333,11,11,TCGGACTAAGAGCATCCCCG,0,5169798
yqaEp,0.08333333333333333,11,11,TCAATTGCGGGATCACATAA,0,5167270
yqaEp,0.08333333333333333,11,11,TCAACCTCGGCTCGAATTGA,0,5165942
yqaEp,0.08333333333333333,11,11,TATCCCAACCTGACCGGTAA,0,5165202
yqaEp,0.08333333333333333,11,11,TACCCGCAATTACGGAGCGT,0,5169665
yqaEp,0.08333333333333333,11,11,GTTTGACTGAACTCAAACAC,0,5163333
yqaEp,0.08333333333333333,11,11,GGTGAAGTTTCAGGTAAACC,0,5168085
yqaEp,0.08333333333333333,11,11,GGTCTTTATTGTTCGCCTAT,0,5165732
yqaEp,0.08333333333333333,11,11,GGCCCTCACGTTGGTGTTGG,0,5170160
yqaEp,0.08333333333333333,11,11,GCGCTTCCATGCAGATTGTC,0,5168187
yqaEp,0.08333333333333333,11,11,GCCGATGAGGTAACTAGTTC,0,5165191
yqaEp,0.08333333333333333,11,11,GAATTCTCAAACTAGCGACG,0,5164888
yqaEp,0.08333333333333333,11,11,CTCAAAGAGTGGAGCGCCCA,0,5167687
yqaEp,0.08333333333333333,11,11,CTACATACGCCATGGAAGAC,0,5166896
yqaEp,0.08333333333333333,11,11,CTAAAATTCTCGACTACAGT,0,5169632
yqaEp,0.08333333333333333,11,11,CGGCAATATCAGATGGCGCC,0,5165201
yqaEp,0.08333333333333333,11,11,CGCACGATCTCCTTCCGCTT,0,5168149
yqaEp,0.08333333333333333,11,11,CCGGGGATTAAACGTCGACT,0,5165363
yqaEp,0.08333333333333333,11,11,CCCAGCGTGTTATATGGTAA,0,5168800
yqaEp,0.08333333333333333,11,11,CATTTGGTGTAGTACTCAAT,0,5166530
yqaEp,0.08333333333333333,11,11,ATGGAGGTCAAATTGCCTAG,0,5165772
yqaEp,0.08333333333333333,11,11,ATCGATTTTTTCTCAGCTGT,0,5165255
yqaEp,0.08333333333333333,11,11,ATACTACGTCCTCCTAAGAC,0,5168607
yqaEp,0.08333333333333333,11,11,ATAAAGGTATAACCATACAT,0,5164468
yqaEp,0.08333333333333333,11,11,AGTGCCGGTGCCAGAGGTGG,0,5164262
yqaEp,0.08333333333333333,11,11,AGTAATTGAAGCAACGTTCA,0,5166926
yqaEp,0.08333333333333333,11,11,AGGTTAATGGATTACTAATT,0,5165998
yqaEp,0.08333333333333333,11,11,AGGAGGGTGTACACAATCTC,0,5166851
yqaEp,0.08333333333333333,11,11,AGCCTTTAACATGAGATCGT,0,5169033
yqaEp,0.08333333333333333,11,11,ACCTTCTATATGCAACCGCA,0,5167674
yqaEp,0.08333333333333333,11,11,ACCCCGTATACTTCGGGTTA,0,5162940
yqaEp,0.08333333333333333,11,11,AACGTTCATCTGTGAGCACA,0,5169034
yqaEp,0.09090909090909091,10,10,TTGTTTGGAGGTCCAGACGC,0,5167001
yqaEp,0.09090909090909091,10,10,TTGAACGAAACAATTCTGCG,0,5164013
yqaEp,0.09090909090909091,10,10,TTCGTATCCGCGCTTACGTC,0,5167825
yqaEp,0.09090909090909091,10,10,TTCGCCAGTTGATAGGTAGG,0,5165479
yqaEp,0.09090909090909091,10,10,TTCGATTTAGGTGTGAAAGC,0,5166586
yqaEp,0.09090909090909091,10,10,TGTGGTGATGAGGACGGGCA,0,5162655
yqaEp,0.09090909090909091,10,10,TGCGTAGGTGCGGGAGCGCA,0,5169533
yqaEp,0.09090909090909091,10,10,TGCACCGGTTCCGCTGAGTA,0,5168392
yqaEp,0.09090909090909091,10,10,TGACTTCTTTTACCGACCTG,0,5167522
yqaEp,0.09090909090909091,10,10,TCTACGCTGATTATATTCGT,0,5166927
yqaEp,0.09090909090909091,10,10,TATTTGATGCATTTCTCGTC,0,5168722
yqaEp,0.09090909090909091,10,10,GTTACGGGCTCTGCATATTC,0,5168361
yqaEp,0.09090909090909091,10,10,GTGATTGGCCGGTCGGCGGC,0,5166846
yqaEp,0.09090909090909091,10,10,GTCAATAGTCCGATATTGCA,0,5169974
yqaEp,0.09090909090909091,10,10,GGTGCCTACTGCGTTAACCA,0,5169245
yqaEp,0.09090909090909091,10,10,GGCAAGCATGTGGCCCCAGG,0,5170637
yqaEp,0.09090909090909091,10,10,GCCTAAAGGTCGGGTCCGTC,0,5169863
yqaEp,0.09090909090909091,10,10,GAGTAGGAAACCATTCGTAC,0,5165637
yqaEp,0.09090909090909091,10,10,GAAGGACAGAAATCCACTAC,0,5168450
yqaEp,0.09090909090909091,10,10,CTGTTTTGTTCGTGACTTAG,0,5170064
yqaEp,0.09090909090909091,10,10,CTCGCCAAATTTAACTTCCC,0,5168578
yqaEp,0.09090909090909091,10,10,CGCGAGAGAATGACACGACA,0,5170322
yqaEp,0.09090909090909091,10,10,CGCCCCCTGGGCGAAACGCT,0,5167877
yqaEp,0.09090909090909091,10,10,CATCACCAGGCTGGCAGCCT,0,5163307
yqaEp,0.09090909090909091,10,10,CAGGCTGCGAACATGTGGCT,0,5166847
yqaEp,0.09090909090909091,10,10,CACCCAAGGAGGACGCGCAT,0,5163186
yqaEp,0.09090909090909091,10,10,CACAGCAGTGTGCTGGCGTC,0,5165116
yqaEp,0.09090909090909091,10,10,CAACGGTAGCCGAGCCGGTA,0,5163676
yqaEp,0.09090909090909091,10,10,ATAGCCATCCGGGTTCGCTA,0,5164241
yqaEp,0.09090909090909091,10,10,AGTTTCTAGTCCTTCTCTTT,0,5165983
yqaEp,0.09090909090909091,10,10,ACAGCATGACCAAGGTCTCT,0,5166784
yqaEp,0.09090909090909091,10,10,ACACGGGGTCTTACTCTGTG,0,5169781
yqaEp,0.1,9,9,TTGGACAAGGGGGATCCAAG,0,5168512
yqaEp,0.1,9,9,TTCTTTTTGGTAACGTGGTT,0,5164471
yqaEp,0.1,9,9,TGTTGAGCCAGTCGATCGTA,0,5163288
yqaEp,0.1,9,9,TGTCCGTAAGGTCATTCGGA,0,5168823
yqaEp,0.1,9,9,TGTACCCGAAACTAGAACCT,0,5166986
yqaEp,0.1,9,9,TGGATATTATCTAGCGTTCC,0,5164466
yqaEp,0.1,9,9,TCTTTGAGCGAATTTTGATC,0,5163922
yqaEp,0.1,9,9,TCTGTCCAGTACCAGGATAT,0,5167898
yqaEp,0.1,9,9,TCTCATTTCATAAAAGTTAC,0,5168543
yqaEp,0.1,9,9,TATTTCTAGGTTTATTTTAG,0,5165060
yqaEp,0.1,9,9,TAGCGTTAGCAGAAGCATCG,0,5167458
yqaEp,0.1,9,9,GTTTTTTATGTTGATTAATG,0,5165015
yqaEp,0.1,9,9,GTTAATATGGCTATGCCCTA,0,5168652
yqaEp,0.1,9,9,GTCTACTGGGCCGGTAGGTT,0,5170383
yqaEp,0.1,9,9,GGTTACCCAGGTAGGGACAA,0,5169343
yqaEp,0.1,9,9,GGGCTGCTGCTGGGGTGAGC,0,5164803
yqaEp,0.1,9,9,GCCATAGAAAAAGCAGTAGC,0,5168664
yqaEp,0.1,9,9,GCATCGTCGAAACTTCCGTG,0,5168640
yqaEp,0.1,9,9,GATGATAACTGCGTGTAGAC,0,5168015
yqaEp,0.1,9,9,GAACAATGTGCTAAGCGTTG,0,5163537
yqaEp,0.1,9,9,CGGCCGTGAACTTCCGCTAA,0,5164897
yqaEp,0.1,9,9,CGCATAACAGGACACGAAGT,0,5162650
yqaEp,0.1,9,9,CCTCGAGAGTAATGGGATGT,0,5165127
yqaEp,0.1,9,9,CCTATGGATCTGTTTGAGCA,0,5163323
yqaEp,0.1,9,9,CCCGAGACATCCTCGTGACG,0,5169532
yqaEp,0.1,9,9,CCCCGGGGTGTGACCCTCTT,0,5164854
yqaEp,0.1,9,9,CCAGTAAGGTAGAAACTTAT,0,5169246
yqaEp,0.1,9,9,CCACTATTAAGAATTTGTTT,0,5167103
yqaEp,0.1,9,9,CAGTTACGTCAAAGGGAGAG,0,5163579
yqaEp,0.1,9,9,CAGGCACACAACGTGTTCGG,0,5164873
yqaEp,0.1,9,9,CAACAAGAGGTCAATAATCA,0,5166227
yqaEp,0.1,9,9,ATAAAAGTGGAGCTTCGAAG,0,5169518
yqaEp,0.1,9,9,AGGGAGAACTTAACTTCCGA,0,5166855
yqaEp,0.1,9,9,ACTACCGGCGTTTGCTCGAA,0,5170346
yqaEp,0.1,9,9,ACCTAAGCTCCTTGTCCGTT,0,5164884
yqaEp,0.1,9,9,AAGCCCGGCATTACCGAGCT,0,5164272
yqaEp,0.1,9,9,AAGCCATGAAGACTGCAGTC,0,5165520
yqaEp,0.1,9,9,AACCCGCACGATCGAACGAT,0,5165824
yqaEp,0.1,9,9,AACAGCCCAATCGGCGATTA,0,5164918
yqaEp,0.1111111111111111,8,8,TTTCGGTGAACGTCTCTAAG,0,5165353
yqaEp,0.1111111111111111,8,8,TTTCCTCGGGTCACGGTATA,0,5168907
yqaEp,0.1111111111111111,8,8,TTTATTATCTGGCTTGAAAA,0,5166959
yqaEp,0.1111111111111111,8,8,TTCCGTAGGGAGACGCTCCT,0,5165817
yqaEp,0.1111111111111111,8,8,TTATCCTTTTAATTTAAGGC,0,5165846
yqaEp,0.1111111111111111,8,8,TGTGCAAAGACGGCGTTATC,0,5169833
yqaEp,0.1111111111111111,8,8,TGGTACGCAGCTGTCTGGTA,0,5170141
yqaEp,0.1111111111111111,8,8,TGCTCGGTAAGTAAGCGTAT,0,5167138
yqaEp,0.1111111111111111,8,8,TGCACATATTTAATCGGCGC,0,5168176
yqaEp,0.1111111111111111,8,8,TGCAATAACGTGCGATCAGT,0,5170633
yqaEp,0.1111111111111111,8,8,TGACTATCATAAAAGACCAG,0,5167500
yqaEp,0.1111111111111111,8,8,TCTAGGGGTCCGGTCAAAAT,0,5163319
yqaEp,0.1111111111111111,8,8,TCGATCTAATGGCTGAGCTG,0,5162985
yqaEp,0.1111111111111111,8,8,TAGGGAGTTGGCGAACCATA,0,5163031
yqaEp,0.1111111111111111,8,8,TAATTAGGTTCACTTCCATG,0,5168891
yqaEp,0.1111111111111111,8,8,GTGAGCCCTAGATCCAAACT,0,5166377
yqaEp,0.1111111111111111,8,8,GTCTGTTTTCTACTCAAGGG,0,5164909
yqaEp,0.1111111111111111,8,8,GTCGCAGCCGTCGCGCTCAT,0,5163169
yqaEp,0.1111111111111111,8,8,GGGGTGTTATGGGGGTCAGT,0,5166597
yqaEp,0.1111111111111111,8,8,GGCCTTTGAGTGCCTCCGAA,0,5163218
yqaEp,0.1111111111111111,8,8,GCTCTTTCTTGGTATTTGCA,0,5165806
yqaEp,0.1111111111111111,8,8,GCTCCATCTGAGACTATGCC,0,5163165
yqaEp,0.1111111111111111,8,8,GCTATTAACGGGAGCTATTT,0,5169326
yqaEp,0.1111111111111111,8,8,GCCGGAGATTAAGTTAATGC,0,5167724
yqaEp,0.1111111111111111,8,8,GCACTAGCAGGCGCATGATA,0,5164583
yqaEp,0.1111111111111111,8,8,GATTTCATGGTTGTTGTCTG,0,5167895
yqaEp,0.1111111111111111,8,8,CTGGAGCAAGTCCATAAAGG,0,5164109
yqaEp,0.1111111111111111,8,8,CTGACTACAAAGGCCAAGGA,0,5165899
yqaEp,0.1111111111111111,8,8,CTGACGCTTGGACAGCTGTA,0,5163215
yqaEp,0.1111111111111111,8,8,CTCAGAAGTTGCGGGCGGGA,0,5165769
yqaEp,0.1111111111111111,8,8,CGTTGAGAGATGCATTGTCA,0,5163516
yqaEp,0.1111111111111111,8,8,CGTACAGTTTACGCCGATGT,0,5168339
yqaEp,0.1111111111111111,8,8,CGCATATGTTATGTGCTTCA,0,5166705
yqaEp,0.1111111111111111,8,8,CCTTAGCCACTCAAATAGAG,0,5169021
yqaEp,0.1111111111111111,8,8,CCCTTGCCGATTGGTCCTAG,0,5166677
yqaEp,0.1111111111111111,8,8,CCCTATTCTTTTAGGCCTGG,0,5167420
yqaEp,0.1111111111111111,8,8,CCCGCGGTGGATGTGCGGAA,0,5164586
yqaEp,0.1111111111111111,8,8,CATGATTAGATATAACACTA,0,5165189
yqaEp,0.1111111111111111,8,8,CAGGCTTCGGATGCCGTCAG,0,5168956
yqaEp,0.1111111111111111,8,8,CAGCACTGTTGAATTGCATG,0,5168953
yqaEp,0.1111111111111111,8,8,CAACGAGTAAAGGTGCGCGT,0,5163311
yqaEp,0.1111111111111111,8,8,ATTCGTGCTGGGATTGTAAT,0,5163512
yqaEp,0.1111111111111111,8,8,ATTCACGGGAGTGATACTCA,0,5167293
yqaEp,0.1111111111111111,8,8,ATGTGAGCTCACCCTGCTAG,0,5169585
yqaEp,0.1111111111111111,8,8,ATCAATTTCCACCCGAAAAT,0,5169578
yqaEp,0.1111111111111111,8,8,AGTCTAAACGATTTCGTGTT,0,5163503
yqaEp,0.1111111111111111,8,8,AGGCGTTCCCGTCCGTTGGT,0,5165417
yqaEp,0.1111111111111111,8,8,AGCGCTGGAGGTTGGTTGAG,0,5163009
yqaEp,0.1111111111111111,8,8,AGCAACTCTACTCAGCCCGT,0,5167835
yqaEp,0.1111111111111111,8,8,AGATGAAATTTGATATGACC,0,5170267
yqaEp,0.1111111111111111,8,8,AGACATTATTAGTTGGATCC,0,5166638
yqaEp,0.1111111111111111,8,8,ACGGACCCCCTGGAAGTGAT,0,5170044
yqaEp,0.1111111111111111,8,8,ACCCTGCAACACTATTTCCC,0,5167367
yqaEp,0.1111111111111111,8,8,ACAAGTGCCACTGATTCTAG,0,5169991
yqaEp,0.1111111111111111,8,8,AACACCGGGCTTCGACTAGA,0,5166726
yqaEp,0.125,7,7,TTTGGAATCCAATCACAAAG,0,5170038
yqaEp,0.125,7,7,TTTATTAGGAATTATAGCAG,0,5163959
yqaEp,0.125,7,7,TTCCGCCTGACATAATTACG,0,5169866
yqaEp,0.125,7,7,TTATTCAATCGGGACACGCA,0,5165845
yqaEp,0.125,7,7,TGGTAGAACCATGAGCTACA,0,5165537
yqaEp,0.125,7,7,TGGCAGGTGGACACCATTGG,0,5165182
yqaEp,0.125,7,7,TGCGGTGATGTCCGTGGGAT,0,5167119
yqaEp,0.125,7,7,TGCACACCGATGGTATTATC,0,5163243
yqaEp,0.125,7,7,TCAGTGCAGCGTAAAACGTA,0,5168606
yqaEp,0.125,7,7,TATGTACCATGAGCATATAT,0,5167178
yqaEp,0.125,7,7,TATGATTCTATGGTAGGGGA,0,5166853
yqaEp,0.125,7,7,TATCTCCTTGAAGGGAGGCC,0,5166006
yqaEp,0.125,7,7,TATCCATAATGAGTTCAACT,0,5164857
yqaEp,0.125,7,7,TAGGGTTCCACTGGCTCTTG,0,5166303
yqaEp,0.125,7,7,TACTAGATGCAAGTGGTGTA,0,5166115
yqaEp,0.125,7,7,GTTCGAATGTGCCTAGCCAA,0,5167730
yqaEp,0.125,7,7,GTTATGCGGCGGATTGTCTC,0,5167263
yqaEp,0.125,7,7,GTGGATTGATCGTCAGGTGA,0,5168052
yqaEp,0.125,7,7,GTGAATACATGCAAGGAAAG,0,5163315
yqaEp,0.125,7,7,GTCGGAGGACTGTTGCCTTT,0,5166241
yqaEp,0.125,7,7,GTCGGACGAAACCAACGTGA,0,5168210
yqaEp,0.125,7,7,GTAAGCATTGAATTAAAGAC,0,5167713
yqaEp,0.125,7,7,GTAAACGAATCCGGTTGTAA,0,5166323
yqaEp,0.125,7,7,GGTTTGTATAAAGCGATAAT,0,5165296
yqaEp,0.125,7,7,GGGCAAGGAAACCGGTGTAC,0,5167453
yqaEp,0.125,7,7,GGCCATCATTATGCGCCGTA,0,5166980
yqaEp,0.125,7,7,GCTCGAAGGGGTGAAGCTCT,0,5167454
yqaEp,0.125,7,7,GCGCACTGGGACAGAGTACT,0,5168086
yqaEp,0.125,7,7,GCCACGTAAGCCATTCATGC,0,5164472
yqaEp,0.125,7,7,GCATACGAGACGGTGAGCGC,0,5169612
yqaEp,0.125,7,7,GCACTTAAAGATCATTCCTA,0,5163504
yqaEp,0.125,7,7,GAGCATAGTACGGGGAATGT,0,5169767
yqaEp,0.125,7,7,GAGAACAACGTAGGCTGTTG,0,5163498
yqaEp,0.125,7,7,GACTTCCACTATGTCCAATG,0,5170336
yqaEp,0.125,7,7,CTTTTTTTTACATCACAGGT,0,5167046
yqaEp,0.125,7,7,CTTGGCTTAGCCCATACTTA,0,5167771
yqaEp,0.125,7,7,CTTGAACATCAACGCACGTC,0,5162990
yqaEp,0.125,7,7,CTCCTCAATGGTGAGGTGAT,0,5166979
yqaEp,0.125,7,7,CGTGGTAATCTCGTCGTTTA,0,5168656
yqaEp,0.125,7,7,CGAGTCTAATTCTATAAAAT,0,5167277
yqaEp,0.125,7,7,CGAGCAATATTTTTTGTCTT,0,5169237
yqaEp,0.125,7,7,CCTCTTAGTCCCTGAGTGAG,0,5163633
yqaEp,0.125,7,7,CCTCGCGAAACCGTTTGCGC,0,5163506
yqaEp,0.125,7,7,CCATTTAGTCTGCATGATAA,0,5164717
yqaEp,0.125,7,7,CCAGGGGTAACACTTCATGC,0,5163792
yqaEp,0.125,7,7,CAGGTCACACGCCTAAAAGG,0,5163111
yqaEp,0.125,7,7,CACATTAATTATGTATAGAC,0,5168228
yqaEp,0.125,7,7,CAATCCTGGAAGTCGCACCT,0,5168493
yqaEp,0.125,7,7,CAAACTGCAGAACCGGAGGA,0,5166114
yqaEp,0.125,7,7,ATTGTCCCAGTCCAATGAGC,0,5164046
yqaEp,0.125,7,7,ATTGCAAAGTTTACTTCGGT,0,5170743
yqaEp,0.125,7,7,ATTCATTGTAACAGACATAG,0,5165819
yqaEp,0.125,7,7,ATGTAGGATCCCCCCTGGGT,0,5170400
yqaEp,0.125,7,7,ATGGGTCGTCTCGCAGAGTC,0,5164354
yqaEp,0.125,7,7,ATGGCCACGTGTATCTCTGG,0,5169673
yqaEp,0.125,7,7,ATCTATGTTAACCCTATTGC,0,5163174
yqaEp,0.125,7,7,ATCGGCCCACAGCCACTATT,0,5169124
yqaEp,0.125,7,7,ATCATCCATATTAAGCACTG,0,5168059
yqaEp,0.125,7,7,ATCAGCTGCCACGCCTAGTC,0,5164057
yqaEp,0.125,7,7,ATACTTGTATTTACGTCAAC,0,5165582
yqaEp,0.125,7,7,AGGCCCTCGGGATCCGTCAC,0,5164689
yqaEp,0.125,7,7,AGCTCAGCGGACGCCATTAA,0,5163477
yqaEp,0.125,7,7,AGCGAGAGGCTTCAGCGCCC,0,5167254
yqaEp,0.125,7,7,AGATTTTGTGGATAGGGTTA,0,5162692
yqaEp,0.125,7,7,ACTTCTGGGATGGGGGTGAT,0,5162838
yqaEp,0.125,7,7,ACGCAAGTACGACCCGTGGC,0,5165944
yqaEp,0.125,7,7,AATTGGTTACGATTCTGGCC,0,5164979
yqaEp,0.14285714285714285,6,6,TTTGTCCACATTTTCTGGCT,0,5162943
yqaEp,0.14285714285714285,6,6,TTTATAATTGTCATCAAGCT,0,5164552
yqaEp,0.14285714285714285,6,6,TTGGCTAGGGAAGATCCGTG,0,5163829
yqaEp,0.14285714285714285,6,6,TGGGTGAGTCGCCATTCGTC,0,5169653
yqaEp,0.14285714285714285,6,6,TGGGGTAACCACACTATGCT,0,5169823
yqaEp,0.14285714285714285,6,6,TGGCATAGGCCTTTCGAATA,0,5164081
yqaEp,0.14285714285714285,6,6,TGCACGGCCGCGGGCGCGAT,0,5166710
yqaEp,0.14285714285714285,6,6,TGAACCGGGGTCCCGATCAC,0,5166977
yqaEp,0.14285714285714285,6,6,TCTGCGCGAGGAATCCTATC,0,5168204
yqaEp,0.14285714285714285,6,6,TCCTCTGCGACGGTCCATAC,0,5166477
yqaEp,0.14285714285714285,6,6,TCCCGTGGGAACAGGACAAC,0,5163329
yqaEp,0.14285714285714285,6,6,TAGACTGGGAAATTTATTCA,0,5165731
yqaEp,0.14285714285714285,6,6,TAAACGAGGAACAATTGGAT,0,5169831
yqaEp,0.14285714285714285,6,6,GTTCTCGCACACGATCATGA,0,5169076
yqaEp,0.14285714285714285,6,6,GTTCCACCCCCAGGAATGGG,0,5165903
yqaEp,0.14285714285714285,6,6,GTGTGTCATGTAGTAGGTGT,0,5163434
yqaEp,0.14285714285714285,6,6,GTCTGAGCGTGACTAAAGGT,0,5164509
yqaEp,0.14285714285714285,6,6,GTATCACCGGACGAGAAAAC,0,5170154
yqaEp,0.14285714285714285,6,6,GGTCATCTAAGAGGAACGAG,0,5166883
yqaEp,0.14285714285714285,6,6,GGGTACCACCAGCAACTGTG,0,5165235
yqaEp,0.14285714285714285,6,6,GGGCCGTCCTAGTACGCGTG,0,5166907
yqaEp,0.14285714285714285,6,6,GGCTCAATCGAAATCCAGGA,0,5169299
yqaEp,0.14285714285714285,6,6,GGCGCTTTTTTTTCGGTTTC,0,5168071
yqaEp,0.14285714285714285,6,6,GGCAAGGTATGGCTGTTACA,0,5166296
yqaEp,0.14285714285714285,6,6,GGACTAAGTTATTGTATGCT,0,5165535
yqaEp,0.14285714285714285,6,6,GCTTATCTTTCACGACTGTC,0,5164006
yqaEp,0.14285714285714285,6,6,GCTCTTTGTATCAGAGCCGA,0,5166527
yqaEp,0.14285714285714285,6,6,GCTAGGCCCGTAGGTGCGGC,0,5167678
yqaEp,0.14285714285714285,6,6,GCCCAGGTCGGCAGCACTGT,0,5167132
yqaEp,0.14285714285714285,6,6,GCAGTTAATATGAGAATATT,0,5167882
yqaEp,0.14285714285714285,6,6,GAGTCAGCCAATGTTATACG,0,5166216
yqaEp,0.14285714285714285,6,6,GAGGCAACGTACAATTCCGC,0,5169725
yqaEp,0.14285714285714285,6,6,GAAGCCGGTCGGTCTGATTA,0,5163757
yqaEp,0.14285714285714285,6,6,CTGTTTCTTTGGAGGGTGCT,0,5165841
yqaEp,0.14285714285714285,6,6,CTGCGTTAACATGTTAGCGC,0,5170252
yqaEp,0.14285714285714285,6,6,CTGCGAGATGGTGACATCTC,0,5165532
yqaEp,0.14285714285714285,6,6,CTCGGGCGATATTGCGTAAA,0,5165730
yqaEp,0.14285714285714285,6,6,CTCGGAGCTCCCACTTTCGG,0,5165579
yqaEp,0.14285714285714285,6,6,CTCAGAGTGACTAGACAAAG,0,5170375
yqaEp,0.14285714285714285,6,6,CGTGTTGACATAAACTTGAA,0,5165941
yqaEp,0.14285714285714285,6,6,CGTGGTGAGGGCGTCGCCTA,0,5169986
yqaEp,0.14285714285714285,6,6,CGTATTTTATAGCGCTTCGC,0,5164527
yqaEp,0.14285714285714285,6,6,CGGTCCGTAAGCCGACCGAT,0,5169621
yqaEp,0.14285714285714285,6,6,CGGGCCATTGACAGCACATC,0,5169206
yqaEp,0.14285714285714285,6,6,CGCTGTGAGCTGGCCTATTG,0,5170707
yqaEp,0.14285714285714285,6,6,CGCCTCGAATCTATGCGATG,0,5165433
yqaEp,0.14285714285714285,6,6,CCTGTCCGCCGATGCTGAAG,0,5167588
yqaEp,0.14285714285714285,6,6,CCGCGGTAATCCCGGCCCGG,0,5170569
yqaEp,0.14285714285714285,6,6,CCCTCATCATGTTCGGATAG,0,5163807
yqaEp,0.14285714285714285,6,6,CCCAACTGGGCCGAGTGTAC,0,5164143
yqaEp,0.14285714285714285,6,6,CCCAACGGATTCTCACAGAT,0,5167867
yqaEp,0.14285714285714285,6,6,CCACGGGGCTTGTGTAGTAA,0,5167064
yqaEp,0.14285714285714285,6,6,CCAATCATTAGGACCCTGAG,0,5164055
yqaEp,0.14285714285714285,6,6,CAGGGATCGGGCAAAGATGC,0,5165715
yqaEp,0.14285714285714285,6,6,CACTCCCGCTGCATAGTATA,0,5170121
yqaEp,0.14285714285714285,6,6,CACGCTAGGTTGTCTGAAAG,0,5165175
yqaEp,0.14285714285714285,6,6,CACGCGGTTTAAGATTGACC,0,5163768
yqaEp,0.14285714285714285,6,6,CACGCGGAGTGTTTTGGGAC,0,5165434
yqaEp,0.14285714285714285,6,6,CACCGCACCGAGCGACGCGA,0,5168713
yqaEp,0.14285714285714285,6,6,CACAACTTCGTAATAGTCTG,0,5167385
yqaEp,0.14285714285714285,6,6,CAAGCCAGACAGATGTTGGC,0,5163528
yqaEp,0.14285714285714285,6,6,CAACTTAAGCGGCCGACCTA,0,5166141
yqaEp,0.14285714285714285,6,6,ATGGCACTTTCACTTTCGCC,0,5170316
yqaEp,0.14285714285714285,6,6,ATAAGGAGGGATGCCTTATG,0,5164901
yqaEp,0.14285714285714285,6,6,AGTTGAGAGGGTGTAGTGAG,0,5163261
yqaEp,0.14285714285714285,6,6,AGTGAACGACGGAACATAAG,0,5170470
yqaEp,0.14285714285714285,6,6,AGTACTTGAAGAGACATCGG,0,5163429
yqaEp,0.14285714285714285,6,6,AGTACGGTTAATCCTAGCCT,0,5166918
yqaEp,0.14285714285714285,6,6,AGTAAGTGCAGTGGAAGTTA,0,5162779
yqaEp,0.14285714285714285,6,6,AGGCGCTCAGTACTCGCCGT,0,5168565
yqaEp,0.14285714285714285,6,6,AGGCAGAAGGTTGCCTGGTT,0,5164828
yqaEp,0.14285714285714285,6,6,AGCCAAATTCATGTTATTCC,0,5167956
yqaEp,0.14285714285714285,6,6,AGCAGACGTGCACACAGCGT,0,5165490
yqaEp,0.14285714285714285,6,6,AGAATCCGCGCTTACCTATC,0,5170345
yqaEp,0.14285714285714285,6,6,ACGGCTATCAAAAGAAAATT,0,5168553
yqaEp,0.14285714285714285,6,6,ACGAGCTAAATTATGCCAGG,0,5167110
yqaEp,0.14285714285714285,6,6,AATGATCTTAAAACGCGTAT,0,5169146
yqaEp,0.14285714285714285,6,6,AATACCTCGCGCTCTGCAAG,0,5162731
yqaEp,0.14285714285714285,6,6,AATAATACGAAGGTAATCAG,0,5164254
yqaEp,0.14285714285714285,6,6,AAGGTAACTTTGCACTCGAG,0,5170295
yqaEp,0.14285714285714285,6,6,AACTCACACATAACCAAGTG,0,5163990
yqaEp,0.14285714285714285,6,6,AACCCTTACACATACAGAAT,0,5168443
yqaEp,0.14285714285714285,6,6,AACACCGCCTCCCAACGTGG,0,5170099
yqaEp,0.14285714285714285,6,6,AAATGCTGGCGCGTGGAGTC,0,5169135
yqaEp,0.14285714285714285,6,6,AAAGGAATGGCGTAATAACT,0,5168706
yqaEp,0.14285714285714285,6,6,AAACGGCTCACACAAATTGA,0,5164157
yqaEp,0.16666666666666666,5,5,TTTCAGAGTCCCGAGACTAT,0,5168141
yqaEp,0.16666666666666666,5,5,TTGAGAACGGCGATCTCGAT,0,5168581
yqaEp,0.16666666666666666,5,5,TTCACGTAAGGGACCCGGGT,0,5166308
yqaEp,0.16666666666666666,5,5,TTAGTTACGGGGCCTGCTTA,0,5163805
yqaEp,0.16666666666666666,5,5,TTAGACAGTGATATAAGGCA,0,5167062
yqaEp,0.16666666666666666,5,5,TGTTTTTACATGTCTGTTGC,0,5163543
yqaEp,0.16666666666666666,5,5,TGTTGCACGACCAGCGGATG,0,5165762
yqaEp,0.16666666666666666,5,5,TGGTATGTGGCCCCAATGGC,0,5165694
yqaEp,0.16666666666666666,5,5,TGGTACACACGAGGCTAATG,0,5166396
yqaEp,0.16666666666666666,5,5,TGCGCTTAATTGTCGCGTAC,0,5169667
yqaEp,0.16666666666666666,5,5,TGAGAATGCAAAGGGAAGGC,0,5167381
yqaEp,0.16666666666666666,5,5,TCTGAGATGTGTACGGAGCG,0,5169554
yqaEp,0.16666666666666666,5,5,TCCTCCGTCGGGGTTAATAC,0,5163688
yqaEp,0.16666666666666666,5,5,TATGTGACTGCGAGCGGAGC,0,5166127
yqaEp,0.16666666666666666,5,5,TATGTGACACGTCCCCTTAA,0,5164883
yqaEp,0.16666666666666666,5,5,TATGCAGCCCTCACACCGTG,0,5165677
yqaEp,0.16666666666666666,5,5,TATATAGATGGGCATGATAC,0,5166914
yqaEp,0.16666666666666666,5,5,TATAGAACTACTTAACGATC,0,5166113
yqaEp,0.16666666666666666,5,5,TACGTTAAGTGTCTCACCAG,0,5165830
yqaEp,0.16666666666666666,5,5,TACACATACCAAAAAATAAC,0,5167538
yqaEp,0.16666666666666666,5,5,TACAATTTCATATCTATCAA,0,5164307
yqaEp,0.16666666666666666,5,5,TAAGTTGTGGGTGTGTATGT,0,5167319
yqaEp,0.16666666666666666,5,5,TAAGTGCATCTCAACGGTAA,0,5164085
yqaEp,0.16666666666666666,5,5,GTTGTCGTCGGGTTGGTCTG,0,5166957
yqaEp,0.16666666666666666,5,5,GTTGATGGTCATCTACTTCA,0,5166419
yqaEp,0.16666666666666666,5,5,GTTAGATTAGCCTGGTGGAT,0,5165304
yqaEp,0.16666666666666666,5,5,GTGAGAGTTGAACATCCGTT,0,5170206
yqaEp,0.16666666666666666,5,5,GTCTCAAGGCAATTCTTGTT,0,5165823
yqaEp,0.16666666666666666,5,5,GTCATTGTCAGGTAGACTGT,0,5165013
yqaEp,0.16666666666666666,5,5,GTAAGGAGTTAAAACGGTCA,0,5165044
yqaEp,0.16666666666666666,5,5,GTAAGCGTACCACGTGGCCA,0,5163542
yqaEp,0.16666666666666666,5,5,GTAAACTCCGTAAAGGTGCT,0,5167610
yqaEp,0.16666666666666666,5,5,GGGGTAGCTCTTTTTTGTCG,0,5164084
yqaEp,0.16666666666666666,5,5,GGCTCGATAGGTCGCCGTTC,0,5165888
yqaEp,0.16666666666666666,5,5,GGCGGGGTTAATCTCAGGAT,0,5163902
yqaEp,0.16666666666666666,5,5,GCTCCGGTCCATCGGCAATA,0,5169308
yqaEp,0.16666666666666666,5,5,GCTCAGAAGTTAACAGCCGG,0,5163207
yqaEp,0.16666666666666666,5,5,GCTACATATCCTAGGTATTC,0,5169400
yqaEp,0.16666666666666666,5,5,GCGTCGATTTCCGTACAACG,0,5167114
yqaEp,0.16666666666666666,5,5,GCGACGCCGTGACCTGGTGA,0,5168780
yqaEp,0.16666666666666666,5,5,GCAGGTTCACAGCAACCGGT,0,5169379
yqaEp,0.16666666666666666,5,5,GCACTCTTTGTTGAACGGCC,0,5162699
yqaEp,0.16666666666666666,5,5,GCAAGAATTCTACAGTGTTT,0,5170428
yqaEp,0.16666666666666666,5,5,GATTTACGCTCCGCAGCTAT,0,5168906
yqaEp,0.16666666666666666,5,5,GATTACTACACGGGCGCCGC,0,5165821
yqaEp,0.16666666666666666,5,5,GAGCTCATCACTGTTGCCCC,0,5164706
yqaEp,0.16666666666666666,5,5,GAGAGCCGATGGGCTTAGGT,0,5164679
yqaEp,0.16666666666666666,5,5,GACCATACACATACCCTGGT,0,5168567
yqaEp,0.16666666666666666,5,5,GACACTTTGCTGGTGTAATT,0,5165568
yqaEp,0.16666666666666666,5,5,GAAAGGTTCACCTTAGCATC,0,5166732
yqaEp,0.16666666666666666,5,5,CTTGCATCAGACTAACTAAT,0,5164664
yqaEp,0.16666666666666666,5,5,CTTCGCCGGGATCGACAGGT,0,5165832
yqaEp,0.16666666666666666,5,5,CTTAAACCACGGTTCTATCA,0,5163152
yqaEp,0.16666666666666666,5,5,CTGTTGTACAGGGTTACTCC,0,5169806
yqaEp,0.16666666666666666,5,5,CTGTGCACATCACTAGAAGC,0,5167858
yqaEp,0.16666666666666666,5,5,CTGCTATACTCTGGGCGACT,0,5167740
yqaEp,0.16666666666666666,5,5,CTCTCTCTATTCCTAAGAAA,0,5165827
yqaEp,0.16666666666666666,5,5,CTACTGTATCAGCGGGGGGT,0,5169276
yqaEp,0.16666666666666666,5,5,CTACAACGTAAGATGAAGCT,0,5166600
yqaEp,0.16666666666666666,5,5,CTAATGCTGGATAGGAAATG,0,5169396
yqaEp,0.16666666666666666,5,5,CGTTCTACGACGCTCGTGAA,0,5169879
yqaEp,0.16666666666666666,5,5,CGTTACTAGATTGTTTCTAA,0,5164779
yqaEp,0.16666666666666666,5,5,CGGTAGACTACCTATTTCAC,0,5162715
yqaEp,0.16666666666666666,5,5,CGGCGATTAGGGCATCGTCC,0,5170493
yqaEp,0.16666666666666666,5,5,CGGCGAGACAGTGCCTAGGC,0,5162778
yqaEp,0.16666666666666666,5,5,CGGCCGAAACCAACATCATA,0,5163082
yqaEp,0.16666666666666666,5,5,CGAGCAGGGCTCTCCTGCAT,0,5164151
yqaEp,0.16666666666666666,5,5,CCTGGTTCTAAACTTCCTGA,0,5165842
yqaEp,0.16666666666666666,5,5,CCTGGTTCCCATGTGAGTCA,0,5163189
yqaEp,0.16666666666666666,5,5,CCACTCATCTTGCAGGCATC,0,5167983
yqaEp,0.16666666666666666,5,5,CATAGCAAAACCTGCACATT,0,5165194
yqaEp,0.16666666666666666,5,5,CAGCGCCGTATGGTTGCGAA,0,5163830
yqaEp,0.16666666666666666,5,5,CACTCAAGCGTACATAAAGC,0,5169893
yqaEp,0.16666666666666666,5,5,ATGTCCGTGAGTATTGGGCT,0,5164693
yqaEp,0.16666666666666666,5,5,ATGACACAGATGCCTTTTCT,0,5169624
yqaEp,0.16666666666666666,5,5,ATCCTATGCCCTATCTGACA,0,5162951
yqaEp,0.16666666666666666,5,5,ATCCCGAGCTCGTTCTTCCA,0,5166381
yqaEp,0.16666666666666666,5,5,ATACCGTTTTTGAAGCCAGC,0,5163616
yqaEp,0.16666666666666666,5,5,AGTCATCATGAACGAGCCTA,0,5170614
yqaEp,0.16666666666666666,5,5,AGTAAAGTAATGCAGTGGGC,0,5164668
yqaEp,0.16666666666666666,5,5,AGCTGTGAATCGATGTATGG,0,5169171
yqaEp,0.16666666666666666,5,5,AGCGCCAGTGCGCTAGATTG,0,5163168
yqaEp,0.16666666666666666,5,5,AGAATGAGCCTGGTCCCGAA,0,5162859
yqaEp,0.16666666666666666,5,5,ACTCAGGACTAACTCAATGA,0,5166272
yqaEp,0.16666666666666666,5,5,ACACTGACACCTATTTGTTA,0,5169080
yqaEp,0.16666666666666666,5,5,AATCATGCGCTGCGGTTATA,0,5166893
yqaEp,0.16666666666666666,5,5,AAGCTTTGAGGGAACACAAG,0,5169601
yqaEp,0.16666666666666666,5,5,AAGCGTGCAAAAGAATTTTG,0,5164033
yqaEp,0.16666666666666666,5,5,AAGCGGACTCCAGTCCAACG,0,5170655
yqaEp,0.16666666666666666,5,5,AAGCCCAAGCGCTCTCCAAG,0,5168728
yqaEp,0.16666666666666666,5,5,AACTGGCTTCACATCAGTGC,0,5164126
yqaEp,0.2,4,4,TTTGTGGTGCATGGCAAAAC,0,5168268
yqaEp,0.2,4,4,TTTGGAGGCATAAATCTCAT,0,5166873
yqaEp,0.2,4,4,TTTATTTTCACGAGTAACGT,0,5167068
yqaEp,0.2,4,4,TTGGCCAAAGGAAAGTCAAA,0,5170232
yqaEp,0.2,4,4,TTCAGATGAGCACCTGTGCT,0,5165510
yqaEp,0.2,4,4,TTAGCTCAATCTATCCGCGA,0,5167868
yqaEp,0.2,4,4,TTAACGCAATACGCTATGTT,0,5163022
yqaEp,0.2,4,4,TTAAAGTTCCTTTCTTATTA,0,5164704
yqaEp,0.2,4,4,TGTTCCTGATAGTAGTCGGG,0,5168579
yqaEp,0.2,4,4,TGGTTCATAATACCTGGCTA,0,5166952
yqaEp,0.2,4,4,TGGTGTATTGGGGTTCCGTC,0,5164838
yqaEp,0.2,4,4,TGGGTTCATATATCCCCTGA,0,5170201
yqaEp,0.2,4,4,TGGAATGGGTCGGCCTGGTC,0,5165650
yqaEp,0.2,4,4,TGGAAGGGAAGGACTCGGTC,0,5170520
yqaEp,0.2,4,4,TGCCTAATCTCGAAAAAGAC,0,5167833
yqaEp,0.2,4,4,TGAAAGAGCTTTCGAGGTCA,0,5163864
yqaEp,0.2,4,4,TCTGGGATCTAACCAGGGTT,0,5166809
yqaEp,0.2,4,4,TCTGCCGGGAACAGGCGTTA,0,5165167
yqaEp,0.2,4,4,TCTGCCATACCGATTTGGCG,0,5167077
yqaEp,0.2,4,4,TCGCTTAATCAACTTACAGG,0,5166294
yqaEp,0.2,4,4,TCGATTCGACTGCAATCAGT,0,5164306
yqaEp,0.2,4,4,TCAGGCCTCTTGTGCCTGCG,0,5169672
yqaEp,0.2,4,4,TACCCATGCTAACCGCTCCT,0,5164220
yqaEp,0.2,4,4,GTTTTGCACGACAACTTACA,0,5167289
yqaEp,0.2,4,4,GTTCACCTGTGCGTTGCAAG,0,5169668
yqaEp,0.2,4,4,GTTAACCATACCTTGATGCT,0,5169295
yqaEp,0.2,4,4,GTGGTCAAGCGTTGGGGATG,0,5166635
yqaEp,0.2,4,4,GTGGGATGACCTTGTTATTA,0,5166456
yqaEp,0.2,4,4,GTCTTTGACGTGGGCTGTCA,0,5164060
yqaEp,0.2,4,4,GTCTTGCTTGTTGAAGACCA,0,5169993
yqaEp,0.2,4,4,GTCTCCTTGCCCACTGGTTG,0,5164041
yqaEp,0.2,4,4,GTAGGCTTTAGGAGTAGAGG,0,5166149
yqaEp,0.2,4,4,GTAAAAAGCTCGGCCACAAT,0,5170530
yqaEp,0.2,4,4,GGTTTTTTTTTAGATGTCGG,0,5167159
yqaEp,0.2,4,4,GGTTGGGGACGTGGTGTGTC,0,5168870
yqaEp,0.2,4,4,GGTATTTGCGGTCGCATTGG,0,5164035
yqaEp,0.2,4,4,GGGCGCGAACACAGGCGCTC,0,5170646
yqaEp,0.2,4,4,GGGAGTACCTCCAGGAATCC,0,5163612
yqaEp,0.2,4,4,GGGACCTAGGGCAGCAGCTC,0,5164153
yqaEp,0.2,4,4,GGCTTTGGCTTCCTAGGAGA,0,5163438
yqaEp,0.2,4,4,GGCTCACCTATCATAACCAG,0,5167098
yqaEp,0.2,4,4,GGCTATCACTGTTAATATAC,0,5167628
yqaEp,0.2,4,4,GGAACATAGCACGCTATAAC,0,5170378
yqaEp,0.2,4,4,GCTTAAAAGTGGGCCTTAGA,0,5165473
yqaEp,0.2,4,4,GCCCATGGGGTTCCGAGATT,0,5168976
yqaEp,0.2,4,4,GCCAGTGCAAGAGGCATAAG,0,5168873
yqaEp,0.2,4,4,GCAGGCCACTAGACGAAAAA,0,5170265
yqaEp,0.2,4,4,GCACAATAGTTTCAAGGGGC,0,5163163
yqaEp,0.2,4,4,GAGACTTTCTACAAGGGAGA,0,5165561
yqaEp,0.2,4,4,GACTGTTAGTATTGATGCTC,0,5166958
yqaEp,0.2,4,4,GACGAACTTATGATTTTGTC,0,5164313
yqaEp,0.2,4,4,CTTCCCGGGGATGTTCCTTG,0,5165691
yqaEp,0.2,4,4,CTTATAGTAGTATGGAAGCA,0,5168685
yqaEp,0.2,4,4,CTGTGTGCACCGCTTGCGCA,0,5164972
yqaEp,0.2,4,4,CTGGAATTCGAGGAACGACT,0,5167645
yqaEp,0.2,4,4,CTCGATATGCCTAGAACAAT,0,5165232
yqaEp,0.2,4,4,CTACGAGCAATTCTCCTTCT,0,5164845
yqaEp,0.2,4,4,CTACACGGAAGGGATTCCGA,0,5166778
yqaEp,0.2,4,4,CGTGTGAGCAGACAGCCATG,0,5169334
yqaEp,0.2,4,4,CGGTGCGGGTTGACTTCACG,0,5167083
yqaEp,0.2,4,4,CGGTATAGTCGCTTTGCGTG,0,5167752
yqaEp,0.2,4,4,CGGGCTTAGGGCGCGCTAGC,0,5164049
yqaEp,0.2,4,4,CGCTGCAGAGTAACAAGTAT,0,5166365
yqaEp,0.2,4,4,CGCCCGGATGCCGCGGACCC,0,5166088
yqaEp,0.2,4,4,CGAATGACCGGCATGGTTGT,0,5163749
yqaEp,0.2,4,4,CCTGTCCGAATGCGCCGTAC,0,5170667
yqaEp,0.2,4,4,CCTCGTCCACGTGCGTAAGT,0,5169239
yqaEp,0.2,4,4,CCGGAGTGTTGAAATTACGA,0,5167871
yqaEp,0.2,4,4,CCCGTGAAACTGCGCATCAA,0,5167005
yqaEp,0.2,4,4,CCCGAGGTTGATTTAGGTCT,0,5170139
yqaEp,0.2,4,4,CCCCGCAAAGTGCTAACGCC,0,5166716
yqaEp,0.2,4,4,CCCATTGCCCCTGCGTGCGT,0,5164856
yqaEp,0.2,4,4,CCAGGTTGTGTACGTCATAG,0,5165573
yqaEp,0.2,4,4,CCAGCCCCCAAGCGGCGGTA,0,5167238
yqaEp,0.2,4,4,CATTGGCGCTGACCACTGTT,0,5166646
yqaEp,0.2,4,4,CATTCGTCAAGCTAAGTCCT,0,5164108
yqaEp,0.2,4,4,CAGTCGTAGTTCTGGATTTG,0,5167965
yqaEp,0.2,4,4,CAGCTTTTAATTGGTTCGAA,0,5163945
yqaEp,0.2,4,4,CAGAAAGGACGCATGGTCAC,0,5167076
yqaEp,0.2,4,4,CAATTTGTTATGTAGGCGGG,0,5165729
yqaEp,0.2,4,4,CAATATACAATGGATAGAGG,0,5164688
yqaEp,0.2,4,4,ATTTTCCACTACGGCTCGTA,0,5164875
yqaEp,0.2,4,4,ATTAGTTACCCCGACAATAA,0,5166727
yqaEp,0.2,4,4,ATGGAGCCTGGGACATAAAT,0,5164898
yqaEp,0.2,4,4,ATGAGCACAGCATCTCAACC,0,5168682
yqaEp,0.2,4,4,ATCTTACTAATAAATTTGTC,0,5164252
yqaEp,0.2,4,4,ATCGTAGGGCGGCTACATAT,0,5164948
yqaEp,0.2,4,4,ATCAGCCAGCTAGTGTGACG,0,5167087
yqaEp,0.2,4,4,ATATGTGAATGAAGGGTTAT,0,5164452
yqaEp,0.2,4,4,ATAGCTACTATTTGGAGACT,0,5167640
yqaEp,0.2,4,4,AGTGGTAGTCTAGGCGAGAA,0,5168724
yqaEp,0.2,4,4,AGTGGCGTAGGACAATAAAG,0,5164911
yqaEp,0.2,4,4,AGTAAGTCAAGCGAACGAAC,0,5166713
yqaEp,0.2,4,4,AGGTTCATAGTAGCTCTGAG,0,5167362
yqaEp,0.2,4,4,AGGTGGGCCCCTGCGCAGAA,0,5167847
yqaEp,0.2,4,4,AGGTCTCGGTTTGCTTACGA,0,5166376
yqaEp,0.2,4,4,AGGCGAAAGCTTTGTAAGAT,0,5170657
yqaEp,0.2,4,4,AGCGGCGCGGGCTCCACTAC,0,5168414
yqaEp,0.2,4,4,AGCAGAATTAGATCATTTGA,0,5164937
yqaEp,0.2,4,4,AGACTTCCGCCCACTATTCA,0,5169940
yqaEp,0.2,4,4,AGACACTTTGGAAATCTATA,0,5170676
yqaEp,0.2,4,4,AGAAGGAAGTTGACAACTGG,0,5162774
yqaEp,0.2,4,4,ACTTATCCATCGAGCTCCGG,0,5162958
yqaEp,0.2,4,4,ACTGTTCCCCTAACTGGAAT,0,5163135
yqaEp,0.2,4,4,ACTCCGGCTGGCTTGAGCAT,0,5163069
yqaEp,0.2,4,4,ACTAATAACTATAAACGAAC,0,5163732
yqaEp,0.2,4,4,ACGTCTCGTCAGGGCATTGG,0,5169576
yqaEp,0.2,4,4,ACGTACACGTGTCATATAAA,0,5165820
yqaEp,0.2,4,4,ACGGGGAAGCGAAGGGTACC,0,5165035
yqaEp,0.2,4,4,ACATCATACGAGCTTCAGGC,0,5166515
yqaEp,0.2,4,4,ACACAGGCACCAAATGGGTG,0,5163071
yqaEp,0.2,4,4,AAGTAGAACAGCTCCATACA,0,5168974
yqaEp,0.2,4,4,AAGAAAGATCCGTGGCCTCT,0,5170061
yqaEp,0.2,4,4,AACTGAATGTTGAAGACGGT,0,5166467
yqaEp,0.2,4,4,AACGTCGGAATGTTCCCATT,0,5164549
yqaEp,0.2,4,4,AACCACGAGTTGTGCGGAGA,0,5166434
yqaEp,0.2,4,4,AAAGGTATCCGTCCCAGTCG,0,5163144
yqaEp,0.2,4,4,AAAGGGTTTTAAACGGGACC,0,5168809
yqaEp,0.25,3,3,TTTCTGGATATGTTCCGCTC,0,5168714
yqaEp,0.25,3,3,TTTCTGCACCCGAAACTGGT,0,5170155
yqaEp,0.25,3,3,TTGGTCATGGACATGGTATG,0,5162864
yqaEp,0.25,3,3,TTGGTATTACAATGTTAGAA,0,5163944
yqaEp,0.25,3,3,TTGGACTCATCTGATTGAGG,0,5170607
yqaEp,0.25,3,3,TTCATAAGTATCGTTACACA,0,5166701
yqaEp,0.25,3,3,TTAGACTTGATTATGTTCTT,0,5165037
yqaEp,0.25,3,3,TGTGTGAATACTACCAACTA,0,5168624
yqaEp,0.25,3,3,TGTCCCACAATGCACTCAAT,0,5169234
yqaEp,0.25,3,3,TGTCAAGATCGAAACGCCAC,0,5167043
yqaEp,0.25,3,3,TGTAAGTATGTAAGTAGGTC,0,5168236
yqaEp,0.25,3,3,TGTAACGGTAGAATGGTTGT,0,5167108
yqaEp,0.25,3,3,TGGTGGCTTGGCCAGTTTTT,0,5163966
yqaEp,0.25,3,3,TGGGGATCTGATTCGCAGTC,0,5166591
yqaEp,0.25,3,3,TGGGCATGCCCGGTATGGGG,0,5166973
yqaEp,0.25,3,3,TGCGATCTGTTATGCTTGAG,0,5167947
yqaEp,0.25,3,3,TGCAAGTAAGGTAGCCCCAC,0,5169998
yqaEp,0.25,3,3,TGACTTAATGCCGTAGGAAA,0,5166325
yqaEp,0.25,3,3,TGAAGAGATAGAACTTGCGG,0,5166457
yqaEp,0.25,3,3,TCCTGGTGTCAATGGCTTTG,0,5165422
yqaEp,0.25,3,3,TCCATTAAAGGGACTGCAAA,0,5169534
yqaEp,0.25,3,3,TCCACAGTCACTCCTAAATT,0,5163608
yqaEp,0.25,3,3,TCATAGCGTCGGTATTCACT,0,5167702
yqaEp,0.25,3,3,TCAGTCCCAATAAAGAGATA,0,5170763
yqaEp,0.25,3,3,TCAGCTGACCGCCGAGGGAT,0,5166097
yqaEp,0.25,3,3,TCAGCGTCGCTAGTTTGAAT,0,5163224
yqaEp,0.25,3,3,TCAAGCGTGGTTTTGGGACT,0,5164129
yqaEp,0.25,3,3,TATTGTACAACGGGCGCCAC,0,5169285
yqaEp,0.25,3,3,TATGCTAACCGTTAGACATG,0,5164002
yqaEp,0.25,3,3,TAGGAGGTGAGCTCCAGAAC,0,5167408
yqaEp,0.25,3,3,TAGCACCCATTGGCCCGTCT,0,5168325
yqaEp,0.25,3,3,TACTGTTACCAAGGTTTCTC,0,5169017
yqaEp,0.25,3,3,TACTGTCTCGACCTAATCGG,0,5170512
yqaEp,0.25,3,3,TACTCTGGGGGTTTCCCAGT,0,5167492
yqaEp,0.25,3,3,TAATCATTTGGGTGCGTTAC,0,5166872
yqaEp,0.25,3,3,TAATAGGTTGATTCCGTCGC,0,5168402
yqaEp,0.25,3,3,TAAGGGTGGGCAAGGATGCC,0,5163619
yqaEp,0.25,3,3,TAAATCACAGGCTGCTACCC,0,5170698
yqaEp,0.25,3,3,GTTTGAGCTATTCTGATTGC,0,5169025
yqaEp,0.25,3,3,GTTCCGAACAGAACCAATTC,0,5164410
yqaEp,0.25,3,3,GTTAAGATCTAGATTATACT,0,5167370
yqaEp,0.25,3,3,GTGCGTACTCTATTATTATT,0,5164283
yqaEp,0.25,3,3,GTCTTGGCCCAGAGGTGGAC,0,5163971
yqaEp,0.25,3,3,GTCCTGCCCATAAAAAGCGC,0,5164365
yqaEp,0.25,3,3,GTATAGCTGCCCGAATATGT,0,5164351
yqaEp,0.25,3,3,GTAGCCGAAGCCGAGCAAGT,0,5167365
yqaEp,0.25,3,3,GTAAGGGGGAACTGCGCTTA,0,5170475
yqaEp,0.25,3,3,GTAAGCGATGTACCGGCCCT,0,5164561
yqaEp,0.25,3,3,GTAACAAAACATTTCGCACC,0,5170639
yqaEp,0.25,3,3,GGTCTCTGTCTCAACGATGT,0,5169605
yqaEp,0.25,3,3,GGTCATGTTGATAGCTTCGC,0,5165529
yqaEp,0.25,3,3,GGGTACCGAATTGCGCGCGG,0,5164636
yqaEp,0.25,3,3,GGGCATTGGAGGAAGTCTCA,0,5170761
yqaEp,0.25,3,3,GGGATACTGTTTATATACGT,0,5169854
yqaEp,0.25,3,3,GGCTCTGCCAGACCACTTAT,0,5163396
yqaEp,0.25,3,3,GGCGTGAGGAAAGTTGCGGA,0,5166936
yqaEp,0.25,3,3,GGCGGATGTCAATCATTTAT,0,5165538
yqaEp,0.25,3,3,GGCATGATTGATGACCTCGC,0,5169955
yqaEp,0.25,3,3,GGAGCTCCTTGCTCATGGTC,0,5168991
yqaEp,0.25,3,3,GGACACTTACGAGGACAGGT,0,5164435
yqaEp,0.25,3,3,GCTTAGTATTGTCGCAGAAA,0,5162972
yqaEp,0.25,3,3,GCTGAAACGGTTGATAATTG,0,5164952
yqaEp,0.25,3,3,GCGGCGAGTCAATTGCCAGC,0,5169123
yqaEp,0.25,3,3,GCCTGTCCAGGTTCTGACAT,0,5165760
yqaEp,0.25,3,3,GCCCTTTCTCACGTCAGACA,0,5163394
yqaEp,0.25,3,3,GCATTTGTAATAGAGGAGAG,0,5166043
yqaEp,0.25,3,3,GCAAGTAGGCTATGGGGACA,0,5162689
yqaEp,0.25,3,3,GATTGATCTGTGGTACTGGG,0,5163126
yqaEp,0.25,3,3,GATTAGATGTGCGCACTAAT,0,5162885
yqaEp,0.25,3,3,GATGTGGGAGCGCGGTAGCC,0,5164521
yqaEp,0.25,3,3,GAGGTCATTCGGTGAAATTG,0,5166278
yqaEp,0.25,3,3,GACTGGTGAGGATGTTGTTA,0,5170247
yqaEp,0.25,3,3,GACAACTATACAGAATAGAT,0,5170291
yqaEp,0.25,3,3,GAATGTAATAGTAATAGGCT,0,5167197
yqaEp,0.25,3,3,GAAACAGGGGGCTTATTTGT,0,5167662
yqaEp,0.25,3,3,CTTTACTGATGTCCCCTGAT,0,5169903
yqaEp,0.25,3,3,CTTTACTACACCCTGTACAA,0,5167634
yqaEp,0.25,3,3,CTTACGCGAGGTGGATTCTA,0,5164062
yqaEp,0.25,3,3,CTCAGTGCGCACATCTCCTT,0,5170200
yqaEp,0.25,3,3,CTATTGTCGAGACCATCCGG,0,5169650
yqaEp,0.25,3,3,CTATGCTCCACGGCTATTAT,0,5164776
yqaEp,0.25,3,3,CTAGCTTTTATAGCCAGAGC,0,5167200
yqaEp,0.25,3,3,CTAAACTATCCCAACAGTTA,0,5169452
yqaEp,0.25,3,3,CGTGTTGGGAATACCTTTCT,0,5170032
yqaEp,0.25,3,3,CGTGTGCAACTGCCATTTCC,0,5169616
yqaEp,0.25,3,3,CGGGGTCGTAGGACGGGTCC,0,5167184
yqaEp,0.25,3,3,CGGGCCACTTACGAGTGGCC,0,5166558
yqaEp,0.25,3,3,CGGCATTGCCGCGCGTTGCT,0,5164789
yqaEp,0.25,3,3,CGGATGCTATGTGTGCTGCA,0,5163695
yqaEp,0.25,3,3,CGGAATTGGCGGCCACTCGC,0,5167878
yqaEp,0.25,3,3,CGCCTCTGTAAGTGGGGGAT,0,5164853
yqaEp,0.25,3,3,CGCAGCAATCGCGGCATATG,0,5168917
yqaEp,0.25,3,3,CGCACTATTGGCGCCTTGTC,0,5165870
yqaEp,0.25,3,3,CGATCTATATCAAGGCTTGT,0,5164539
yqaEp,0.25,3,3,CGACCATCAGCCCCTCCTCA,0,5169055
yqaEp,0.25,3,3,CCTGCCTAGATGGTGTCAGC,0,5163018
yqaEp,0.25,3,3,CCTATATCCAAGGTATATGA,0,5167821
yqaEp,0.25,3,3,CCGTAGTTTCGGAGCGTTAA,0,5168237
yqaEp,0.25,3,3,CCGGGCCGCGACCGTGCATT,0,5170574
yqaEp,0.25,3,3,CCGCCCTGTTTAAGCTGGTG,0,5169125
yqaEp,0.25,3,3,CCCCGTTACATGAGTGATCG,0,5165245
yqaEp,0.25,3,3,CCCCCCAGCAAAAAGGGATA,0,5166989
yqaEp,0.25,3,3,CCAGGCCATCACATTAACGA,0,5166848
yqaEp,0.25,3,3,CCAATACGCATAATCAGTTC,0,5166938
yqaEp,0.25,3,3,CATTAGGCCGCTGTGCACTA,0,5163236
yqaEp,0.25,3,3,CATCTCGTGCAGACAATTCG,0,5167972
yqaEp,0.25,3,3,CATCAGAACACACTTAGCCC,0,5166029
yqaEp,0.25,3,3,CAGCGGTAAAACTCTCGAGA,0,5166017
yqaEp,0.25,3,3,CACTACCAACTGGCCCCGCC,0,5164414
yqaEp,0.25,3,3,CACCTAGTTTTGCATTTACG,0,5163780
yqaEp,0.25,3,3,CACACTCCTTAGATTAAGAA,0,5163669
yqaEp,0.25,3,3,CAAGCAAAAGACTTGTAATG,0,5169383
yqaEp,0.25,3,3,CAAAGAGCACTGGTTGTTTT,0,5165382
yqaEp,0.25,3,3,ATTGTGTAGGCTCCCATGAA,0,5165478
yqaEp,0.25,3,3,ATGTACTAGATTTTTGTCTA,0,5165688
yqaEp,0.25,3,3,ATGTACGTGGCTGTACGGCC,0,5166916
yqaEp,0.25,3,3,ATGCTACCCCGAGATCGCGA,0,5165030
yqaEp,0.25,3,3,ATGCGGCTCAAAATTACTAC,0,5168416
yqaEp,0.25,3,3,ATATTTATTCTTTCTAGTGC,0,5164596
yqaEp,0.25,3,3,AGTATATGGTTCTCATTTGA,0,5170417
yqaEp,0.25,3,3,AGTACAAAAGTTAGCATCTT,0,5169389
yqaEp,0.25,3,3,AGGTTCACTTGAAGGTATTT,0,5165869
yqaEp,0.25,3,3,AGGCTAAGCCGCCTGTCCGC,0,5168205
yqaEp,0.25,3,3,AGCCTGGTCCCTGGGCGAAA,0,5167698
yqaEp,0.25,3,3,AGCCCATTTGTCACGCTGCA,0,5165799
yqaEp,0.25,3,3,AGAGTTGGTGATAGTCAGAC,0,5168748
yqaEp,0.25,3,3,AGACTCGCGGGATTTGCCCG,0,5169827
yqaEp,0.25,3,3,ACTTCGTTACCTATTGCCCC,0,5163605
yqaEp,0.25,3,3,ACTTACAGGGCGACCCATAT,0,5169296
yqaEp,0.25,3,3,ACTCCGGGTGAAATGGTGGT,0,5165508
yqaEp,0.25,3,3,ACGTGAGGGGGGACCACTAA,0,5169287
yqaEp,0.25,3,3,ACGGGTAGGGTCGTTGTCCC,0,5167387
yqaEp,0.25,3,3,ACGGAACCCACAAATTGCCA,0,5165392
yqaEp,0.25,3,3,ACGCTCTATTGGGATGCGCT,0,5165163
yqaEp,0.25,3,3,ACGATTTTTGTGATAATTCT,0,5169743
yqaEp,0.25,3,3,ACGACATTGTAGGGGTAATC,0,5169255
yqaEp,0.25,3,3,ACCTGCAAGGTGCTTCTTTT,0,5163320
yqaEp,0.25,3,3,ACCGCGATTGTATGTGGGCT,0,5167369
yqaEp,0.25,3,3,ACCAGCGAACAGATGCCGAC,0,5165908
yqaEp,0.25,3,3,ACACATGGGTGACAGGGTCA,0,5167000
yqaEp,0.25,3,3,ACACATGATCAATTTTTGGT,0,5166949
yqaEp,0.25,3,3,ACAAAGGACACATGCAACGG,0,5166100
yqaEp,0.25,3,3,AATTTAGGTTGGCGGATCTT,0,5167891
yqaEp,0.25,3,3,AAGTGGTTGTACGAGTTGTA,0,5163909
yqaEp,0.25,3,3,AAGGCCTAGAGTTAACAAAT,0,5164225
yqaEp,0.25,3,3,AAGCGCCGAAATGTTCTCAA,0,5167904
yqaEp,0.25,3,3,AAACATGGGATAAATGCAAA,0,5167016
yqaEp,0.25,3,3,AAAACTCGTGCTTATTTGCG,0,5170187
yqaEp,0.25,3,3,AAAAAGGATGCACAGGTATT,0,5163011
yqaEp,0.3333333333333333,2,2,TTTTCTTGTTCATAATGGTT,0,5170224
yqaEp,0.3333333333333333,2,2,TTTGGTAGTCGGAAAGAGTA,0,5168063
yqaEp,0.3333333333333333,2,2,TTTATTGATCTGATTATTTT,0,5169862
yqaEp,0.3333333333333333,2,2,TTGGTCTCCCGATACAAGAT,0,5164570
yqaEp,0.3333333333333333,2,2,TTGCCTTTAGCCCCCTTCAC,0,5168939
yqaEp,0.3333333333333333,2,2,TTGCCGGCGCAAGCCGTCAC,0,5168945
yqaEp,0.3333333333333333,2,2,TTCGTCGAGTTCGCTTTGTG,0,5168276
yqaEp,0.3333333333333333,2,2,TTCGCACAGTTGGTTAGGCA,0,5168514
yqaEp,0.3333333333333333,2,2,TTCGAATTAAAACACAAATG,0,5170473
yqaEp,0.3333333333333333,2,2,TTCCTAATATGCCAGTAATT,0,5166087
yqaEp,0.3333333333333333,2,2,TTCAACCCGCAAGAATGTCG,0,5165662
yqaEp,0.3333333333333333,2,2,TTACAGACCAATTGAACTAA,0,5168167
yqaEp,0.3333333333333333,2,2,TGCGATTGGCCTTATAGACT,0,5167838
yqaEp,0.3333333333333333,2,2,TGCCTTCCCTCGCACACTCC,0,5162944
yqaEp,0.3333333333333333,2,2,TGATATGCGATATACACTTC,0,5164978
yqaEp,0.3333333333333333,2,2,TGAACCGTCGGGTATAATTT,0,5166998
yqaEp,0.3333333333333333,2,2,TGAAACAAGCAAAACGGTGG,0,5166599
yqaEp,0.3333333333333333,2,2,TCTTGAGCCCTACATACGTA,0,5164138
yqaEp,0.3333333333333333,2,2,TCTCGGACGGGCAGCTATGT,0,5169024
yqaEp,0.3333333333333333,2,2,TCGGTTAGACGTGGGAACGG,0,5169954
yqaEp,0.3333333333333333,2,2,TCGGGAAGCGTTCCCGCCGG,0,5167817
yqaEp,0.3333333333333333,2,2,TCGGCAGGGCCGACCGGCAT,0,5165487
yqaEp,0.3333333333333333,2,2,TCGCTATCGGGTGGAGGGCA,0,5168775
yqaEp,0.3333333333333333,2,2,TCGCCTGAAAGGCACCGAGC,0,5167312
yqaEp,0.3333333333333333,2,2,TCGAAAGTGGAGCGTGCCTA,0,5164975
yqaEp,0.3333333333333333,2,2,TCCTCTATACTCCTCAACGT,0,5168846
yqaEp,0.3333333333333333,2,2,TCCGAGTGACATATTCTGAC,0,5165449
yqaEp,0.3333333333333333,2,2,TCCCTGCGTCAGAATTCTCG,0,5170668
yqaEp,0.3333333333333333,2,2,TCCAGATTGTTGCAATCGTG,0,5166912
yqaEp,0.3333333333333333,2,2,TCCACGAGATCGCTTTGCCT,0,5168704
yqaEp,0.3333333333333333,2,2,TCATTGCCGAATGACATTTA,0,5165976
yqaEp,0.3333333333333333,2,2,TCAGTCCGAAATTCATGGCA,0,5164808
yqaEp,0.3333333333333333,2,2,TATTTGTTAGTGACAGTTCA,0,5167205
yqaEp,0.3333333333333333,2,2,TATTTGGGAGTCTGAGGCGT,0,5169378
yqaEp,0.3333333333333333,2,2,TATAACCGGCCCTCGGCTCC,0,5166324
yqaEp,0.3333333333333333,2,2,TAGGGGTCGATCCTTATTGA,0,5168203
yqaEp,0.3333333333333333,2,2,TAGGGGGTCCGCACTCGGGC,0,5168266
yqaEp,0.3333333333333333,2,2,TAGGGGGGGCATGTAGCAGT,0,5169344
yqaEp,0.3333333333333333,2,2,TAGAGTAGTTTAAGCGTGCT,0,5164238
yqaEp,0.3333333333333333,2,2,TACTAGGCCAAGGGACGTGG,0,5164391
yqaEp,0.3333333333333333,2,2,TACGTGAGCGTGTCGAACAC,0,5169603
yqaEp,0.3333333333333333,2,2,TACGCCACGTTATGGTCGGG,0,5168362
yqaEp,0.3333333333333333,2,2,TACAGCCGAGGAGCCATCAA,0,5170395
yqaEp,0.3333333333333333,2,2,TAATATCTTAAGTCTTTCGG,0,5169562
yqaEp,0.3333333333333333,2,2,TAATAGTGGGCCTATGACAG,0,5169631
yqaEp,0.3333333333333333,2,2,TAAAACGTCCAACTTATGTC,0,5166969
yqaEp,0.3333333333333333,2,2,GTTCTAGCAGTCGAGTCGCA,0,5163308
yqaEp,0.3333333333333333,2,2,GTTCGTTTCCTGACACATTG,0,5167131
yqaEp,0.3333333333333333,2,2,GTTCATTATGAATCGTTATA,0,5169267
yqaEp,0.3333333333333333,2,2,GTTATTACGAGTGTTTTCAG,0,5166413
yqaEp,0.3333333333333333,2,2,GTGTATAACAGCGCCCAGGT,0,5169315
yqaEp,0.3333333333333333,2,2,GTGGATCTTAGGTTTGGGTA,0,5168822
yqaEp,0.3333333333333333,2,2,GTGAGGTGAATTGTTAAGAT,0,5168791
yqaEp,0.3333333333333333,2,2,GTATTACCGCAAGAGCTTTG,0,5169870
yqaEp,0.3333333333333333,2,2,GTACCAGGTTACCAGAAGAC,0,5167846
yqaEp,0.3333333333333333,2,2,GTAAATTCATGCGCGCGGAT,0,5165793
yqaEp,0.3333333333333333,2,2,GTAAACGTTGCTGTTAGGGG,0,5169846
yqaEp,0.3333333333333333,2,2,GGTTTAACGTACGAGTTTTC,0,5167425
yqaEp,0.3333333333333333,2,2,GGGTGCACGGAACCTCAGTT,0,5167591
yqaEp,0.3333333333333333,2,2,GGGCCCTTCCAACGATATTC,0,5166780
yqaEp,0.3333333333333333,2,2,GGGAACCCTTCTCATAGTTT,0,5167843
yqaEp,0.3333333333333333,2,2,GGCTTGGTATGTTGGTCCAC,0,5170634
yqaEp,0.3333333333333333,2,2,GGCGCATTCCAACGGCGAAA,0,5166395
yqaEp,0.3333333333333333,2,2,GGCCATGCTGGGGGTTATAA,0,5168427
yqaEp,0.3333333333333333,2,2,GGCACTTCCTATTCCTAGAC,0,5168989
yqaEp,0.3333333333333333,2,2,GGCAAAAACGGATGACCGAT,0,5167389
yqaEp,0.3333333333333333,2,2,GGAGGCCATGCAGCGTAGGG,0,5165472
yqaEp,0.3333333333333333,2,2,GGAGCCCTGTTAGTTACCCA,0,5168683
yqaEp,0.3333333333333333,2,2,GGACGCGCGCTCAAATGAAT,0,5167967
yqaEp,0.3333333333333333,2,2,GGACATAGAAGAATGTAGCT,0,5166435
yqaEp,0.3333333333333333,2,2,GGAAAACGGTATTGCATATC,0,5170348
yqaEp,0.3333333333333333,2,2,GCTGGCAGAAGACGCCATGC,0,5169538
yqaEp,0.3333333333333333,2,2,GCTGCCAGGGTGATCGCTTG,0,5167304
yqaEp,0.3333333333333333,2,2,GCTCATCCTCAGAAACGTCT,0,5170312
yqaEp,0.3333333333333333,2,2,GCGTAAAGTGGCAGTGCTAC,0,5170053
yqaEp,0.3333333333333333,2,2,GCCAGAGGCTCTTCTCCTAA,0,5166372
yqaEp,0.3333333333333333,2,2,GCATGATGCGTACCTGGAAT,0,5166407
yqaEp,0.3333333333333333,2,2,GCAGGCTGTTTACTTTATCA,0,5165445
yqaEp,0.3333333333333333,2,2,GATGGAGATCAGTATGCGTA,0,5165638
yqaEp,0.3333333333333333,2,2,GATCGGTGGAATAGCGTCCC,0,5163220
yqaEp,0.3333333333333333,2,2,GAGTGTACCGCTCTAGTGTA,0,5168193
yqaEp,0.3333333333333333,2,2,GAGCTTCCACGTAAATGAGC,0,5169063
yqaEp,0.3333333333333333,2,2,GAGCTGTTTTGTTCATCATA,0,5169484
yqaEp,0.3333333333333333,2,2,GAGCTAAAGCACGTAGGGGG,0,5166944
yqaEp,0.3333333333333333,2,2,GAGACTTGCGACTGCTAATT,0,5162670
yqaEp,0.3333333333333333,2,2,GAGACAGCACTTTATATCCT,0,5168183
yqaEp,0.3333333333333333,2,2,GACGAAACGGATTTCTTGTG,0,5170209
yqaEp,0.3333333333333333,2,2,GACCCTCGAGTCTGGAACAT,0,5166985
yqaEp,0.3333333333333333,2,2,GAATTCTTTAGGGAGCGGCA,0,5164514
yqaEp,0.3333333333333333,2,2,GAATTAGATCTTGGACAATC,0,5162846
yqaEp,0.3333333333333333,2,2,GAATTACCGTAACTTTTAGA,0,5166637
yqaEp,0.3333333333333333,2,2,GAATGAAGCATATAATATGT,0,5164056
yqaEp,0.3333333333333333,2,2,GAATCTGGTGAGTTCAGATA,0,5167434
yqaEp,0.3333333333333333,2,2,GAATCCAACCCTCTTACTCA,0,5168542
yqaEp,0.3333333333333333,2,2,GAAGGAGACTAACGGGTATA,0,5164510
yqaEp,0.3333333333333333,2,2,GAACTATTTATAAGTAGCGG,0,5166649
yqaEp,0.3333333333333333,2,2,GAACTATCGGACTCCATGCC,0,5163092
yqaEp,0.3333333333333333,2,2,CTTTCGGCCCTGCACCTTCA,0,5166745
yqaEp,0.3333333333333333,2,2,CTTTACGGTTAAATGAAGCT,0,5168336
yqaEp,0.3333333333333333,2,2,CTTCGCACCTGATGTTAGTG,0,5166595
yqaEp,0.3333333333333333,2,2,CTTACAGTTTAGTTGATAAA,0,5169935
yqaEp,0.3333333333333333,2,2,CTTAACCTAATATTCGTGGA,0,5164551
yqaEp,0.3333333333333333,2,2,CTGTCGCGGCGATAGCCGCT,0,5169305
yqaEp,0.3333333333333333,2,2,CTGGTCACTCGAATGAGACG,0,5165571
yqaEp,0.3333333333333333,2,2,CTCTACGTGAAACGAAGATG,0,5163770
yqaEp,0.3333333333333333,2,2,CTCCATCTGAAGAAATTTTG,0,5165818
yqaEp,0.3333333333333333,2,2,CGTCCTCAGACAGCCTTTGA,0,5164322
yqaEp,0.3333333333333333,2,2,CGTCCGGCAACGGCGGAGTG,0,5166307
yqaEp,0.3333333333333333,2,2,CGGCGTCTGCTGTATCTCTT,0,5165987
yqaEp,0.3333333333333333,2,2,CGCCCAAAAGGACAAATTGG,0,5162945
yqaEp,0.3333333333333333,2,2,CGATGATCTGTTATTTTCTG,0,5167112
yqaEp,0.3333333333333333,2,2,CCTGGCAAATGGTACGGTGG,0,5162875
yqaEp,0.3333333333333333,2,2,CCTCGATATACCATGAGATC,0,5169911
yqaEp,0.3333333333333333,2,2,CCTCCTGAGGACGCTGATGA,0,5170505
yqaEp,0.3333333333333333,2,2,CCGTAGGCTGAAGTGGGGGT,0,5167239
yqaEp,0.3333333333333333,2,2,CCGCTCACTATGTTTAGGTC,0,5166080
yqaEp,0.3333333333333333,2,2,CCCCGCTTATCCCCTCGCGA,0,5165752
yqaEp,0.3333333333333333,2,2,CCCCAAGCTTTCCAGCTTTT,0,5166321
yqaEp,0.3333333333333333,2,2,CCCATGTGTGCTTTTCAACG,0,5164054
yqaEp,0.3333333333333333,2,2,CCATTAAAGGTGAATGGTTT,0,5168145
yqaEp,0.3333333333333333,2,2,CCATCTCGCGGGACCACTGG,0,5170577
yqaEp,0.3333333333333333,2,2,CCATATTGCCAGAGGAGTTA,0,5164139
yqaEp,0.3333333333333333,2,2,CCAAATGAGTGGATTGCGTC,0,5163262
yqaEp,0.3333333333333333,2,2,CCAAAGCAAGTGTCTCCCAG,0,5163918
yqaEp,0.3333333333333333,2,2,CATGGCGTGCTCTGGGGATT,0,5166956
yqaEp,0.3333333333333333,2,2,CATCGGTCTATCTCACAGCA,0,5169107
yqaEp,0.3333333333333333,2,2,CATCGGCAGGGAAAATAGAT,0,5165455
yqaEp,0.3333333333333333,2,2,CATCCGTCGTATATTTACTC,0,5170185
yqaEp,0.3333333333333333,2,2,CATACATGGGTCGAAGGTTG,0,5169792
yqaEp,0.3333333333333333,2,2,CATACAACCGAATGAGGAGT,0,5170595
yqaEp,0.3333333333333333,2,2,CATAAAGGATGGAATTAGAC,0,5163067
yqaEp,0.3333333333333333,2,2,CAGTCTTCAATATGGTTATG,0,5167472
yqaEp,0.3333333333333333,2,2,CAGTCAAACCAACAACGCTG,0,5167302
yqaEp,0.3333333333333333,2,2,CAGGGTACCTCTGTCGTTTC,0,5163521
yqaEp,0.3333333333333333,2,2,CAGGATAGCGGCTCACTAAA,0,5162890
yqaEp,0.3333333333333333,2,2,CACTTGTATCGAGCCGAAGA,0,5170151
yqaEp,0.3333333333333333,2,2,CACTGCTGGGAAAGGGAAGC,0,5167897
yqaEp,0.3333333333333333,2,2,CACATGGCGTTGATACATGT,0,5164025
yqaEp,0.3333333333333333,2,2,CACAGCCGTATTTGTACCAC,0,5168585
yqaEp,0.3333333333333333,2,2,CACACCAGCCCTGAATCTTT,0,5164141
yqaEp,0.3333333333333333,2,2,CAATCAGCTCGTCCCACGGC,0,5165530
yqaEp,0.3333333333333333,2,2,CAAGCGCCGGAACCGGGGGC,0,5163007
yqaEp,0.3333333333333333,2,2,CAACACGCAGAAAACCCCGT,0,5168715
yqaEp,0.3333333333333333,2,2,CAACACACCGGATCGCTAGT,0,5168078
yqaEp,0.3333333333333333,2,2,CAACAAAACGCAGCTTTGTG,0,5168555
yqaEp,0.3333333333333333,2,2,ATTTAAAGGTATTCCAATGG,0,5169976
yqaEp,0.3333333333333333,2,2,ATTGATGGGTATATCCGAGG,0,5166886
yqaEp,0.3333333333333333,2,2,ATTCCGCTATTTGGTTTTTA,0,5166229
yqaEp,0.3333333333333333,2,2,ATGTTATCTTTTCTCCTCGT,0,5164994
yqaEp,0.3333333333333333,2,2,ATGCCCAGACCGCCGGTTAT,0,5164546
yqaEp,0.3333333333333333,2,2,ATGATTTCGTTCATCTTCCA,0,5163812
yqaEp,0.3333333333333333,2,2,ATGATGTAGTGTGATTAGCT,0,5169849
yqaEp,0.3333333333333333,2,2,ATCTTTTTAACTTTTAATTA,0,5165803
yqaEp,0.3333333333333333,2,2,ATCTCGTACGGTGCGATCAT,0,5168155
yqaEp,0.3333333333333333,2,2,ATCGATCTCTTACATGTTTT,0,5163798
yqaEp,0.3333333333333333,2,2,ATCAAGGAAGTTTTGGACAG,0,5170389
yqaEp,0.3333333333333333,2,2,ATATCAGTGCTGCTCTCGTC,0,5168883
yqaEp,0.3333333333333333,2,2,ATAAGCGGCAGCTGCCATTT,0,5167714
yqaEp,0.3333333333333333,2,2,AGTTCCAGTACGCAGGTAGA,0,5162721
yqaEp,0.3333333333333333,2,2,AGTAATCTCGAGGGAGCAGA,0,5165107
yqaEp,0.3333333333333333,2,2,AGGTGGCATCGACCTTGGAA,0,5165117
yqaEp,0.3333333333333333,2,2,AGGTCCTGTTCCGGCGGTCA,0,5168185
yqaEp,0.3333333333333333,2,2,AGGGCGTCACAGAGAAAATG,0,5169812
yqaEp,0.3333333333333333,2,2,AGGCTGGCTGGATAGTAAAC,0,5163518
yqaEp,0.3333333333333333,2,2,AGGACCTATTCCGGCACCAT,0,5168269
yqaEp,0.3333333333333333,2,2,AGGAATATGACGCGGATACG,0,5170269
yqaEp,0.3333333333333333,2,2,AGATAAAGGAAACCGACTGT,0,5167770
yqaEp,0.3333333333333333,2,2,ACTTGAACCTACCATAAGCT,0,5168571
yqaEp,0.3333333333333333,2,2,ACTTAAGTGGGCGGGCGTGG,0,5163689
yqaEp,0.3333333333333333,2,2,ACTGAATGAACTTTAAACAC,0,5163773
yqaEp,0.3333333333333333,2,2,ACTAGGGGACGGACGACGTT,0,5169832
yqaEp,0.3333333333333333,2,2,ACGTAAGGGCCACATGTATG,0,5165738
yqaEp,0.3333333333333333,2,2,ACGGCGGCGAAAGAAAATGA,0,5165631
yqaEp,0.3333333333333333,2,2,ACGCGCTGGGGTGCGTCTCT,0,5166707
yqaEp,0.3333333333333333,2,2,ACGATTGTCAATGGGAGTGA,0,5169449
yqaEp,0.3333333333333333,2,2,ACCACAGCATTCCCTCTTCG,0,5164321
yqaEp,0.3333333333333333,2,2,ACATGTGCCACGCCATCCCT,0,5168087
yqaEp,0.3333333333333333,2,2,ACATAATACTATTATTGTGT,0,5170556
yqaEp,0.3333333333333333,2,2,ACAGCAGGTCGTCAACGAAG,0,5165935
yqaEp,0.3333333333333333,2,2,ACACATCGATGGGGGCGGAG,0,5167273
yqaEp,0.3333333333333333,2,2,ACAAAATGCGCATCTGTTCA,0,5167015
yqaEp,0.3333333333333333,2,2,AATTGCGTCACTAGAATTGG,0,5168166
yqaEp,0.3333333333333333,2,2,AATTGACTCGGGGCACAGAG,0,5169307
yqaEp,0.3333333333333333,2,2,AATGGAGTTGGAAAACGGTA,0,5164558
yqaEp,0.3333333333333333,2,2,AATGCACGACGCTCGTGCGA,0,5162870
yqaEp,0.3333333333333333,2,2,AATCACCGCGGGCATTGATA,0,5163917
yqaEp,0.3333333333333333,2,2,AAGCGGTTTGTGTCACTTAG,0,5165902
yqaEp,0.3333333333333333,2,2,AACTAACAAGTTTATTGTGA,0,5167572
yqaEp,0.3333333333333333,2,2,AACGTTTACGGGGGGTTAGT,0,5170559
yqaEp,0.3333333333333333,2,2,AACCGGACGCATAGAGGAAT,0,5163718
yqaEp,0.3333333333333333,2,2,AAATTTCATTCTGGGGCGAG,0,5170765
yqaEp,0.3333333333333333,2,2,AAACCGCTTCATACCACGAA,0,5164947
yqaEp,0.3333333333333333,2,2,AAAAGGAGGTGAACGCATAA,0,5169614
yqaEp,0.5,1,1,TTTTGCAACCACACCGTTTA,0,5168676
yqaEp,0.5,1,1,TTTGTGAATCTAATTACCTC,0,5165946
yqaEp,0.5,1,1,TTTGGACCAATTCGTCTGTG,0,5167397
yqaEp,0.5,1,1,TTTAGGTCCACTTGTGGCAT,0,5162719
yqaEp,0.5,1,1,TTGGTCTCCCTGGAGGCGTT,0,5165685
yqaEp,0.5,1,1,TTGGATTCGATTCCCGAATC,0,5164938
yqaEp,0.5,1,1,TTGGACCATCTAGGAGATTA,0,5167190
yqaEp,0.5,1,1,TTCTGCTTTTACATAACCCA,0,5170310
yqaEp,0.5,1,1,TTCTATGCCGATGGGAGTAT,0,5164957
yqaEp,0.5,1,1,TTCGGTTTCCGGAGGCACGT,0,5169071
yqaEp,0.5,1,1,TTCACTATTGCAGGTACACC,0,5163577
yqaEp,0.5,1,1,TTATCAACAGGGGGAGAGGA,0,5163232
yqaEp,0.5,1,1,TTAGCTTCCATCTGTCGTTA,0,5168569
yqaEp,0.5,1,1,TTAGATTGCTACCGAAACGC,0,5164014
yqaEp,0.5,1,1,TGTGGGGTTATCGCAAGAAA,0,5163395
yqaEp,0.5,1,1,TGTGAGCGAGAAAACCTAGG,0,5166157
yqaEp,0.5,1,1,TGTCTTCGTGATGGAAATGA,0,5167155
yqaEp,0.5,1,1,TGTCTACAGCTAATACACTT,0,5166237
yqaEp,0.5,1,1,TGTATGAGTTAAGTGTATTC,0,5165439
yqaEp,0.5,1,1,TGGGCATCCAATCATTAGAC,0,5163191
yqaEp,0.5,1,1,TGGATAAATAGGAAGGGATA,0,5168871
yqaEp,0.5,1,1,TGGACGTTACGAGCGGAAGA,0,5166884
yqaEp,0.5,1,1,TGCTCAATTTCATTCTGAAT,0,5169310
yqaEp,0.5,1,1,TGCTAGGTACGGGCTAACGG,0,5167038
yqaEp,0.5,1,1,TGCCCATGCTCATCATCCAT,0,5166209
yqaEp,0.5,1,1,TGATTTCCTGCGTCGATCAA,0,5169604
yqaEp,0.5,1,1,TGATAATAGAACGTACGGGA,0,5164034
yqaEp,0.5,1,1,TGAGCAGATGAGACCGGGGT,0,5169061
yqaEp,0.5,1,1,TGACCCCTACCATACTATCT,0,5166306
yqaEp,0.5,1,1,TGACATACCCCACTTGTAAT,0,5163883
yqaEp,0.5,1,1,TGACAGATCTTGAGTTCACT,0,5169098
yqaEp,0.5,1,1,TGACAATCCTTAATTTCTCT,0,5170504
yqaEp,0.5,1,1,TGAACACGACGACAACGAGT,0,5168485
yqaEp,0.5,1,1,TCTGTTGCACGAGGCGGACA,0,5168790
yqaEp,0.5,1,1,TCTGAACAACGGGACATCTC,0,5169543
yqaEp,0.5,1,1,TCTCTGACATGACAGTTAAC,0,5165714
yqaEp,0.5,1,1,TCTCTACGTTTTGACAAGAC,0,5163755
yqaEp,0.5,1,1,TCTCGATGGGCTGGAATATA,0,5163172
yqaEp,0.5,1,1,TCTCAAAGAAAATACTGGTA,0,5167146
yqaEp,0.5,1,1,TCGTAGAGGACCTGACCGGC,0,5163691
yqaEp,0.5,1,1,TCGCTTGCCATCCGGAACGT,0,5163233
yqaEp,0.5,1,1,TCGCGCGCACCAGCCTAACT,0,5167777
yqaEp,0.5,1,1,TCGCCGTCGTTCACCACGTG,0,5166770
yqaEp,0.5,1,1,TCCTTAGCTGTTAATTCAGC,0,5165046
yqaEp,0.5,1,1,TCCGGGCCATATAGCAGCTC,0,5166950
yqaEp,0.5,1,1,TCCAGCCACCAGTTCAATCG,0,5165716
yqaEp,0.5,1,1,TCATATTTAGGGATTATAGG,0,5165628
yqaEp,0.5,1,1,TCACAGCATGCTGTTCGGAA,0,5163853
yqaEp,0.5,1,1,TATTGGAATTTCGGGCTGAT,0,5163964
yqaEp,0.5,1,1,TATTACATCCTGGGGTGGTA,0,5166870
yqaEp,0.5,1,1,TATGGAGACCCAGCGTCTGG,0,5167072
yqaEp,0.5,1,1,TATGGAACTCCACTATTGGC,0,5166793
yqaEp,0.5,1,1,TATATTCTCGAGCAGATCAA,0,5167266
yqaEp,0.5,1,1,TATAGTGCCAGATATATGAG,0,5166044
yqaEp,0.5,1,1,TATAGCTGCGGTAGCACGAT,0,5163494
yqaEp,0.5,1,1,TAGGCTACTTGATGAGCGGT,0,5167480
yqaEp,0.5,1,1,TAGCTTATTTGAGAGTGGAT,0,5169242
yqaEp,0.5,1,1,TAGAGTCAGGATGAGCTTGC,0,5166144
yqaEp,0.5,1,1,TACGCCGGGATGGCATAAAG,0,5167816
yqaEp,0.5,1,1,TACGAAACGGACATGATCTG,0,5168859
yqaEp,0.5,1,1,TACCCCGCACCAGCGGTCCT,0,5163584
yqaEp,0.5,1,1,TACAATGTCCAGTATTCACT,0,5169930
yqaEp,0.5,1,1,TAACGTCTACGGGACTAAAC,0,5170720
yqaEp,0.5,1,1,GTTTTTAGTGAGGCACTTCT,0,5169286
yqaEp,0.5,1,1,GTTTCCATTAATTAGTGGTG,0,5170455
yqaEp,0.5,1,1,GTTGGCCCTCTCCCGAAAAC,0,5163492
yqaEp,0.5,1,1,GTTGAGTCGTTTGCGCTCAG,0,5170342
yqaEp,0.5,1,1,GTGCGAAAAAGGATGCAAGT,0,5166751
yqaEp,0.5,1,1,GTCAGACTGTAAAGCAAAGG,0,5163143
yqaEp,0.5,1,1,GTATACGTTCTAGATTATTC,0,5167615
yqaEp,0.5,1,1,GTAATTAACTTTTCTCACGT,0,5167124
yqaEp,0.5,1,1,GGTTTGGCTGGCCATCCGCC,0,5169753
yqaEp,0.5,1,1,GGTTGGCCAGGTTACACAGC,0,5165840
yqaEp,0.5,1,1,GGTTCGGATTCAGGGTACCA,0,5164433
yqaEp,0.5,1,1,GGTTAGTCGGATCTTCGCTA,0,5170588
yqaEp,0.5,1,1,GGTCTGGTAATCAAGCCCAT,0,5170027
yqaEp,0.5,1,1,GGTCGCGCAACCTGCGCATA,0,5167354
yqaEp,0.5,1,1,GGGTGGATCATGCGGAACTG,0,5169089
yqaEp,0.5,1,1,GGGTGGACAGCACGCAGCAG,0,5166882
yqaEp,0.5,1,1,GGGTAGGAAGAGCACGCCCA,0,5168186
yqaEp,0.5,1,1,GGGGGTTGTGCCGTATAGCC,0,5162855
yqaEp,0.5,1,1,GGGGCTTTGGTGCAGTGCAG,0,5170706
yqaEp,0.5,1,1,GGGGCATCATGCCTACGCGT,0,5168481
yqaEp,0.5,1,1,GGGGATCCATAGCTCGGTCC,0,5165188
yqaEp,0.5,1,1,GGGCATGTCTGTAGTAGTCC,0,5163093
yqaEp,0.5,1,1,GGGCAGTAGGCATTGGCCGA,0,5169257
yqaEp,0.5,1,1,GGGAACCAGTCCAAAAGTTG,0,5165438
yqaEp,0.5,1,1,GGCTCTTGAACGAAAGTTAA,0,5168752
yqaEp,0.5,1,1,GGCTCTTATAAAAATATCAG,0,5168599
yqaEp,0.5,1,1,GGCGGTCAGGATACGAAGGG,0,5167555
yqaEp,0.5,1,1,GGCCTCTTCAAAGCGTGGGC,0,5170276
yqaEp,0.5,1,1,GGCATCGCGCACCCTGCCGG,0,5164132
yqaEp,0.5,1,1,GGCAAGGTTGCATAAACAGT,0,5168211
yqaEp,0.5,1,1,GGATTGTCTACCTATTTGAC,0,5166849
yqaEp,0.5,1,1,GGAAGAAGGTGGATTTTTAC,0,5164805
yqaEp,0.5,1,1,GGAAAGATACGGGGCGTTGA,0,5167253
yqaEp,0.5,1,1,GCTTGGAATAGCGGAGTCCA,0,5166411
yqaEp,0.5,1,1,GCTTGCGATGCGGCTTAGGA,0,5169748
yqaEp,0.5,1,1,GCTTATTCTTCTCCAGATAC,0,5163208
yqaEp,0.5,1,1,GCTGGACTGGGTGCCGTAGC,0,5166404
yqaEp,0.5,1,1,GCTCACTTGAGCTTTGTGTG,0,5168008
yqaEp,0.5,1,1,GCTAATACATTGCACGCATT,0,5166488
yqaEp,0.5,1,1,GCGTGAATGTCGTCTATTAC,0,5167109
yqaEp,0.5,1,1,GCGTCCTCACACCTTTCTCA,0,5164802
yqaEp,0.5,1,1,GCGGTTCGTAGTGTCGGCCA,0,5168190
yqaEp,0.5,1,1,GCGCTGCAACACTAAGTTGA,0,5169404
yqaEp,0.5,1,1,GCGCTACTAAGGATCTGGAG,0,5163422
yqaEp,0.5,1,1,GCGACTCGTTATGACGGTAA,0,5168649
yqaEp,0.5,1,1,GCCTGAATTGCTCGTACACT,0,5169084
yqaEp,0.5,1,1,GCCTCTGGATGCACACTACA,0,5162801
yqaEp,0.5,1,1,GCCGTAGGAATGTTCGTGTG,0,5169029
yqaEp,0.5,1,1,GCCAGATCACCTGACTAGAG,0,5166185
yqaEp,0.5,1,1,GCATCAAATTGTTGAGGCGG,0,5164310
yqaEp,0.5,1,1,GCATATGACTATCGTGTGGT,0,5166869
yqaEp,0.5,1,1,GCAATGGCCTAACTACCCAG,0,5165687
yqaEp,0.5,1,1,GATGTGACACATGGTCACAA,0,5168306
yqaEp,0.5,1,1,GATCCAGCGTATCCCACTTA,0,5169117
yqaEp,0.5,1,1,GATACGGGGAAGCGTCTACA,0,5163628
yqaEp,0.5,1,1,GAGTCCAGGGTATAGAGTAC,0,5166631
yqaEp,0.5,1,1,GAGCAGGACCCGCGCCCAAC,0,5170190
yqaEp,0.5,1,1,GAGAGCCGGTGGGCTAAAGC,0,5168471
yqaEp,0.5,1,1,GAGAAGGTGACTGCGCTTGT,0,5167836
yqaEp,0.5,1,1,GACCATTTGGATGACAGGTT,0,5169651
yqaEp,0.5,1,1,GACCAATTGCAGATCAGCAA,0,5165857
yqaEp,0.5,1,1,GAATAGGCCGCTAGCATTAG,0,5165661
yqaEp,0.5,1,1,GAAGTTCACTGGCGAAAAGT,0,5164230
yqaEp,0.5,1,1,GAACATCTCTGCTCCACTCC,0,5170308
yqaEp,0.5,1,1,CTGTCCGGGCGCACGTTAAA,0,5164293
yqaEp,0.5,1,1,CTGGAGGTTGGGTTGCATAT,0,5163705
yqaEp,0.5,1,1,CTCTTTGGTGGGGGTCACCC,0,5168133
yqaEp,0.5,1,1,CTCTCCGACAATGTTAACGC,0,5168462
yqaEp,0.5,1,1,CTCAGTCTCGAGGCGATTCA,0,5167177
yqaEp,0.5,1,1,CTATTTCAGTTTACCAAATG,0,5168758
yqaEp,0.5,1,1,CTAAGGTGGCCCTTTTTGGG,0,5168993
yqaEp,0.5,1,1,CGGTGAAGCCTCACAACTAT,0,5167282
yqaEp,0.5,1,1,CGGTATTGCCTAATTGCCAG,0,5170450
yqaEp,0.5,1,1,CGGCAAGCCATTTACTCGCC,0,5169066
yqaEp,0.5,1,1,CGCTTACCACCGCGAATGCG,0,5170270
yqaEp,0.5,1,1,CGCGTTAACGTCATGGTGGT,0,5164797
yqaEp,0.5,1,1,CGCCGGGAAACTACGTCGTG,0,5168927
yqaEp,0.5,1,1,CGCAATTAGCCGCGGCTCGT,0,5166730
yqaEp,0.5,1,1,CGATAATATTTAACCTCGAA,0,5167045
yqaEp,0.5,1,1,CGACAGCTCATCCGTGAGGC,0,5163363
yqaEp,0.5,1,1,CGAAGTTTACGGTGCCATAA,0,5163353
yqaEp,0.5,1,1,CCTGTGCGGGGCGCCGCCTT,0,5166462
yqaEp,0.5,1,1,CCGTGTAGACTGCCGGGCTG,0,5166425
yqaEp,0.5,1,1,CCGTGCGGCCAAATGACACA,0,5163063
yqaEp,0.5,1,1,CCGTCGCGTATTGCAAAGAA,0,5163975
yqaEp,0.5,1,1,CCGTAGGCACATTTGCCATT,0,5163324
yqaEp,0.5,1,1,CCGCGTCATCAGTTAAGACG,0,5166754
yqaEp,0.5,1,1,CCGCGTAATACGTTTCCCGG,0,5169655
yqaEp,0.5,1,1,CCGCACTGTGAAAATACCGG,0,5167890
yqaEp,0.5,1,1,CCCTTGTATTAAACCAGTAT,0,5170606
yqaEp,0.5,1,1,CCCGGGCTCGTATGTGAATA,0,5168160
yqaEp,0.5,1,1,CCCGCGATACGGGGAACGCA,0,5166469
yqaEp,0.5,1,1,CCCGATTCGGTGGAGGAAAA,0,5167298
yqaEp,0.5,1,1,CCCGACTGCGACGGTACTAT,0,5164685
yqaEp,0.5,1,1,CCCCGCACACGTGGACAATA,0,5164176
yqaEp,0.5,1,1,CCCCCTCCCCTCGGAAGCTA,0,5165209
yqaEp,0.5,1,1,CCCCCCCGAACGGAAAGGTC,0,5166517
yqaEp,0.5,1,1,CCCCAGGGCTGGTCCGGCTT,0,5168267
yqaEp,0.5,1,1,CCCCAAGATTAGCCTATGTT,0,5168598
yqaEp,0.5,1,1,CCCATCTCCCTAAAAGAAAG,0,5170195
yqaEp,0.5,1,1,CCACCAATTATACGTGGATA,0,5169397
yqaEp,0.5,1,1,CCACAAGCTCGGCGCGCTAT,0,5164457
yqaEp,0.5,1,1,CCAATCTTCTTTATGCAAAC,0,5170476
yqaEp,0.5,1,1,CCAACGGTTATCACAGCCAA,0,5168524
yqaEp,0.5,1,1,CATTTCATCAACAGGGCCTT,0,5167523
yqaEp,0.5,1,1,CATTCCTATCGGGCACAAAG,0,5168005
yqaEp,0.5,1,1,CATGTGCCCAGTTGATCGCT,0,5166160
yqaEp,0.5,1,1,CATCAACGCTGGATGACTGG,0,5168391
yqaEp,0.5,1,1,CAGTTAGGACGACGACCGGA,0,5165131
yqaEp,0.5,1,1,CAGTGGCTGGACTCACGTTG,0,5168513
yqaEp,0.5,1,1,CAGTCAATGTCTCTCGCCAC,0,5162653
yqaEp,0.5,1,1,CAGGCCGGGAGTGGTCGCGA,0,5167145
yqaEp,0.5,1,1,CACTTAGTCAATCCTTTTTT,0,5164619
yqaEp,0.5,1,1,CACGGGACGCGTAAAGGAGC,0,5170544
yqaEp,0.5,1,1,CACCTAGCTGCTACTGCTCA,0,5166820
yqaEp,0.5,1,1,CACCGGCTCGTCTAGGGGCA,0,5169136
yqaEp,0.5,1,1,CACAAAAAGTCGAGCGACTC,0,5165491
yqaEp,0.5,1,1,CAAAAGCAGATGGAGATGGC,0,5164140
yqaEp,0.5,1,1,ATTTCCGCGTGTGTAGGGCG,0,5168557
yqaEp,0.5,1,1,ATTGCGATCCGATATGGCGC,0,5165872
yqaEp,0.5,1,1,ATTCGCCAAATAGTGGAGAT,0,5167283
yqaEp,0.5,1,1,ATTAGGAGGGGGCGGGGCTG,0,5164781
yqaEp,0.5,1,1,ATGGACAGGATTGTATGGTG,0,5163621
yqaEp,0.5,1,1,ATGCTGATGACGGTTGCCCG,0,5166932
yqaEp,0.5,1,1,ATGCGGACACCATCCTACGC,0,5163636
yqaEp,0.5,1,1,ATGCCGTCAGCTATAGACAT,0,5162659
yqaEp,0.5,1,1,ATCCCATTGCTACAAATCAT,0,5169254
yqaEp,0.5,1,1,ATATCAACCACACGAGGGGG,0,5165589
yqaEp,0.5,1,1,ATATAAGCTAATAGTTCTAC,0,5165995
yqaEp,0.5,1,1,ATACAGGGACAAGAGCGGCC,0,5167092
yqaEp,0.5,1,1,AGTGTATGTCCTCGAAATGA,0,5164774
yqaEp,0.5,1,1,AGTGGTACCCGGTCAGTCCT,0,5169850
yqaEp,0.5,1,1,AGTGGACACTCAGTTGCATG,0,5170638
yqaEp,0.5,1,1,AGTGCTGAAATAAGATAAAG,0,5164834
yqaEp,0.5,1,1,AGTGACCCGTACATCGATCG,0,5170356
yqaEp,0.5,1,1,AGTCGTATGTTGAGGGGATT,0,5164719
yqaEp,0.5,1,1,AGTCCAAGAATATAGTGCGT,0,5166816
yqaEp,0.5,1,1,AGTCAAAAGCTCTCCCGGCA,0,5163969
yqaEp,0.5,1,1,AGGTTAGTCTAGCTGGATAG,0,5164022
yqaEp,0.5,1,1,AGGTCCGTTTTAGGAGGTGC,0,5167824
yqaEp,0.5,1,1,AGGTATTATGCAATGGCACC,0,5162841
yqaEp,0.5,1,1,AGGTAACCGTTACCGCGCTA,0,5164653
yqaEp,0.5,1,1,AGGGTGGAAATCTCCAATCT,0,5162674
yqaEp,0.5,1,1,AGGCTACGGCTCAACTGGTA,0,5163708
yqaEp,0.5,1,1,AGGCGTCGTATAGGGGAGTG,0,5163520
yqaEp,0.5,1,1,AGGCCAATCAGACTGGCAAA,0,5170430
yqaEp,0.5,1,1,AGGATGTCCCGTTGCAAACC,0,5167300
yqaEp,0.5,1,1,AGGAGATCCGTGAGTAATGG,0,5164610
yqaEp,0.5,1,1,AGCTCATCGAAAATGGGTCC,0,5168360
yqaEp,0.5,1,1,AGCGTGTTTGCATGGTATCA,0,5169549
yqaEp,0.5,1,1,AGCGGCTTCAGTGTAATAGA,0,5168746
yqaEp,0.5,1,1,AGCCTTCGCACCAAGCACGG,0,5162891
yqaEp,0.5,1,1,AGCCCCCCCATCTGTATCTG,0,5167422
yqaEp,0.5,1,1,AGATTGATAACATTATACTT,0,5165536
yqaEp,0.5,1,1,AGATCCCGAGACCGGGCCAC,0,5163923
yqaEp,0.5,1,1,AGATAGCACCGGGACTTCCC,0,5167932
yqaEp,0.5,1,1,AGACGGAGCGCCCGTCACAC,0,5167507
yqaEp,0.5,1,1,AGACATATGACATGTTGTAG,0,5167929
yqaEp,0.5,1,1,AGACACAGTGTGATCGTATG,0,5167586
yqaEp,0.5,1,1,AGAAGTGTCCTTTATCGTGG,0,5167172
yqaEp,0.5,1,1,AGAAGTGCTTATCAGGGTTT,0,5164095
yqaEp,0.5,1,1,AGAACATTAAGCCGTCTAAC,0,5164921
yqaEp,0.5,1,1,ACTTTACCGGTTCGCCACGG,0,5167154
yqaEp,0.5,1,1,ACTTAAGATTACTCTGTTAC,0,5163888
yqaEp,0.5,1,1,ACTCTACGGCCTCTGATTCA,0,5167608
yqaEp,0.5,1,1,ACGTGCGCAAGTAACAGTGC,0,5164915
yqaEp,0.5,1,1,ACGGAAGAGACCTCCTAACT,0,5164080
yqaEp,0.5,1,1,ACGCTGGGTTTAAAGACCTG,0,5164811
yqaEp,0.5,1,1,ACGATTGCTTAGTATCAGTA,0,5167352
yqaEp,0.5,1,1,ACCTCTAAGCCCATAACATA,0,5166135
yqaEp,0.5,1,1,ACCCGCGTGAGGATGGACGG,0,5163927
yqaEp,0.5,1,1,ACCCGAAAGCCTCCATCGAA,0,5164560
yqaEp,0.5,1,1,ACATTACATGTGCGGTTGTC,0,5163175
yqaEp,0.5,1,1,ACATACTGGAGTCGTAGATA,0,5166204
yqaEp,0.5,1,1,ACAGGTTAGTAGTGGATGCC,0,5169183
yqaEp,0.5,1,1,ACAGGGGAATCGTATAATCT,0,5165236
yqaEp,0.5,1,1,ACAGGCATGACGGGCCGACC,0,5163393
yqaEp,0.5,1,1,ACACGACATTGGAACAGGCA,0,5166370
yqaEp,0.5,1,1,ACACACCAGTCTCCGCGCGC,0,5163312
yqaEp,0.5,1,1,AATGGGAAGATGGATACGGC,0,5167275
yqaEp,0.5,1,1,AATGAACCGAGAACAAGTGC,0,5163795
yqaEp,0.5,1,1,AATCTGAATGGCGCGTTGCG,0,5164822
yqaEp,0.5,1,1,AAGTCACGGCCGAGTAATCA,0,5163359
yqaEp,0.5,1,1,AAGGTTTTCGGGTTAGGGTT,0,5166560
yqaEp,0.5,1,1,AAGGGATTTGAACTAGAACA,0,5166639
yqaEp,0.5,1,1,AAGGCGAGAGGGCGTTGTGG,0,5169067
yqaEp,0.5,1,1,AAGACGGTGTAGTGCGATAT,0,5162757
yqaEp,0.5,1,1,AAATTTGTATCATCCGGGGC,0,5169758
yqaEp,0.5,1,1,AAATCCTGAGTAGTTGTGAA,0,5164105
yqaEp,0.5,1,1,AAAGGCGTTCCACGGGTCGG,0,5168017
yqaEp,0.5,1,1,AAACTCGACTGTATTATAAC,0,5165230
yqaEp,0.5,1,1,AAACTATTGGGTTGAGGCAG,0,5170370
yqaEp,0.5,1,1,AAACCTCTATTCCGGTGTCG,0,5165308
yqaEp,0.5,1,1,AAAAGAGCACACAACTTACG,0,5164191
yqaEp,0.5,1,1,AAAAAGCTTTCGAGTTTGAA,0,5163549
yqaEp,46.0,45,0,ACATGGAATGTGTCTTCCTA,45,5167189
yqaEp,37.0,36,0,CAGAAGGATGAAACTAGAAG,36,5169360
yqaEp,37.0,36,0,ACGACTATATCGTGGTTGGG,36,5163412
yqaEp,36.0,35,0,TCACATGTCTCGATTGGCGC,35,5162923
yqaEp,33.0,32,0,GACTGATCAGACTGGACTGA,32,5166775
yqaEp,27.0,26,0,AAGTGGCATACATATCGAAT,26,5163416
yqaEp,26.0,25,0,CGAGCACCAAGATCGCAGAC,25,5169905
yqaEp,23.0,22,0,TTTCCGTTGCTTATGTTCAC,22,5166674
yqaEp,23.0,22,0,GGTCGCGGTGCCTTTTGCAT,22,5164110
yqaEp,23.0,22,0,CCGTCAACGCCAGTAGAGTC,22,5165261
yqaEp,22.0,21,0,CTTGGGATAGTGGAGCTATC,21,5169446
yqaEp,21.0,20,0,ATAAGTCAGCAGGTGCTTTT,20,5166829
yqaEp,20.0,19,0,AGCCCACTGGCACAGAGCGT,19,5166763
yqaEp,19.0,18,0,TATTCCTTAGATCGTGGCCT,18,5170525
yqaEp,19.0,18,0,AGACGGATGTGCTGTGCAAT,18,5162867
yqaEp,17.0,16,0,TGACATAGCCTGTCCGGAGC,16,5168044
yqaEp,17.0,16,0,AGCCCACCAGATAATAAGGC,16,5170579
yqaEp,16.0,15,0,TTCGGATCCGATCCAGGAGG,15,5170431
yqaEp,16.0,15,0,GTAGCTGGATGTAGGGATTC,15,5163643
yqaEp,16.0,15,0,CCCAGCAATCTTCTTATAAG,15,5166119
yqaEp,15.0,14,0,TTCACCAATAGTAGGTGAGA,14,5164020
yqaEp,15.0,14,0,TCGGACATGTTTGGTATAGG,14,5165616
yqaEp,15.0,14,0,TAAGGAGTGTCGCAGGGAGT,14,5169770
yqaEp,15.0,14,0,GTAGGCATGTCATTAGCGCT,14,5170580
yqaEp,15.0,14,0,AGGTACGATTGCCCGTTGGA,14,5169231
yqaEp,14.0,13,0,TCAATACAGGGACCGCAGGT,13,5167561
yqaEp,14.0,13,0,AGACATTAGACGTATCCTGT,13,5162740
yqaEp,13.0,12,0,TTTATGCGACCGCGCGTAAC,12,5165269
yqaEp,13.0,12,0,TGCGACCCAGTCTATCGAAA,12,5167952
yqaEp,13.0,12,0,TAAGCCCCCCGTACCACTGC,12,5163684
yqaEp,13.0,12,0,CAATAACATTGGTATGTACA,12,5167799
yqaEp,13.0,12,0,ACAACGTCGGTTGACTGGAA,12,5168548
yqaEp,12.0,11,0,GGTTATTAATCGACTAACCA,11,5170605
yqaEp,12.0,11,0,ATTAGGATCTTCACATTGAA,11,5166064
yqaEp,12.0,11,0,ATGTCTCTGATGTTAAACGG,11,5167855
yqaEp,12.0,11,0,ACCAGTGTGTCGCGGTTCAC,11,5163198
yqaEp,11.0,10,0,TTCGGGTCCTGGGCGCGTGA,10,5166550
yqaEp,11.0,10,0,TGAACGTGGTCCTACTGGCG,10,5164122
yqaEp,11.0,10,0,TATAGAAGTCTTGATCGAAG,10,5167911
yqaEp,11.0,10,0,GTCTTATGCAGTTGGTCCTT,10,5166056
yqaEp,11.0,10,0,GCGAAGCACACTATGGCCGG,10,5162643
yqaEp,11.0,10,0,GATTTATGAATATAGGGTAC,10,5166009
yqaEp,11.0,10,0,CGCTGCTTTCGATGTCACTA,10,5166802
yqaEp,10.0,9,0,TTGTTTAAATGCCTCGGGAA,9,5169592
yqaEp,10.0,9,0,TGTCGCTGCTCCGGTTCGTT,9,5166553
yqaEp,10.0,9,0,GATACAATCGAACGGTGAAA,9,5170125
yqaEp,10.0,9,0,CTGATGCGGGCGAATGTGCG,9,5165451
yqaEp,10.0,9,0,CACGGACGTTCACGCTGTCA,9,5167411
yqaEp,9.0,8,0,CTAGTGGGTCGAGGACTTAC,8,5165723
yqaEp,9.0,8,0,CGCCGGTGAGAGGCTCGGAT,8,5162922
yqaEp,9.0,8,0,CAATTGACTGTTAGGTCGCC,8,5166920
yqaEp,9.0,8,0,ATATTAAATCCCCAAAATGC,8,5168424
yqaEp,9.0,8,0,ACTATGAGCAAGCAGTAGAT,8,5170303
yqaEp,9.0,8,0,ACGTATTTGATACCGGTATC,8,5167803
yqaEp,9.0,8,0,ACGAACTCTACTCGAAGATT,8,5166070
yqaEp,8.0,7,0,TCCGCAGCCGGAACATTGAC,7,5164395
yqaEp,8.0,7,0,TAAAATCGATTAAAACGTTT,7,5167446
yqaEp,8.0,7,0,GTACTTCTTGGGGGTGGCGG,7,5167102
yqaEp,8.0,7,0,GCCCTTTTATTACCTTGGGT,7,5163850
yqaEp,8.0,7,0,GAGGTTCAAGTCGGACCCCG,7,5166105
yqaEp,8.0,7,0,GACGGGCAAGTCTTAAATTC,7,5169570
yqaEp,8.0,7,0,CTATAACGCAACCCATTAGC,7,5167951
yqaEp,8.0,7,0,CGGTGGGGTGCATTCAACGA,7,5167924
yqaEp,8.0,7,0,CGCCGTATGGCCTAACACAA,7,5169626
yqaEp,7.0,6,0,TTACACAGGCAGCTCTAAAT,6,5164074
yqaEp,7.0,6,0,TGATTGCGGAACGAGCCAGA,6,5164490
yqaEp,7.0,6,0,GTCTGCGGCCCTAACTACTA,6,5167478
yqaEp,7.0,6,0,GGAAGCGCTTACTGGATAGA,6,5167915
yqaEp,7.0,6,0,CAAGGTGAACGCGAAAGTTA,6,5168291
yqaEp,7.0,6,0,ATAGTTCCAAACATGTCGGT,6,5170573
yqaEp,7.0,6,0,AGTATCAGGGTCCTGGTCAG,6,5170524
yqaEp,7.0,6,0,ACGCGACTTAGATACGTCGG,6,5164712
yqaEp,7.0,6,0,AACGTTTGCCAGTCTAGCGA,6,5166913
yqaEp,6.0,5,0,TTGGACGCTCTCATTGGCTC,5,5164670
yqaEp,6.0,5,0,TGCCGCCGAGGGTCTTTATG,5,5163110
yqaEp,6.0,5,0,TCGTTGCTTCTATCACTGCA,5,5166757
yqaEp,6.0,5,0,TCCTAAGTCACAAGCGTAAT,5,5167126
yqaEp,6.0,5,0,TATAGAGTTGGCAGCAGGAA,5,5169359
yqaEp,6.0,5,0,TACTGCATAGAGCTGGTGCC,5,5167607
yqaEp,6.0,5,0,TACGTGATTTGGCGGGTCAT,5,5167865
yqaEp,6.0,5,0,TAAGGTGACTGGTTGATCCA,5,5169350
yqaEp,6.0,5,0,GTGGACAATATTGGTCACAT,5,5164385
yqaEp,6.0,5,0,GGGGCCGCGCGGTAAATGCG,5,5166607
yqaEp,6.0,5,0,GCGTGGGTATGACCAGTATT,5,5168301
yqaEp,6.0,5,0,GCGGAACAGTAAACTGATGC,5,5163958
yqaEp,6.0,5,0,GCAGTGCCCGCGGACGGATG,5,5164660
yqaEp,6.0,5,0,CTGGCGGTTCGTTCGTACCT,5,5170176
yqaEp,6.0,5,0,CCGCACGAAGTTAAACACGA,5,5166946
yqaEp,6.0,5,0,CAAAGCCTGTTGCGATAAAG,5,5163555
yqaEp,6.0,5,0,ATTTCCCTGTATGAATAACG,5,5163040
yqaEp,6.0,5,0,ATGGATTCCGAATTTAATTT,5,5170272
yqaEp,6.0,5,0,AGGGCCATAGGCCCGTCGTG,5,5168425
yqaEp,6.0,5,0,AGCCTCCTATAGACGCTAAC,5,5169814
yqaEp,6.0,5,0,AGCAAGATTGGAGGACCTGA,5,5167798
yqaEp,6.0,5,0,ACTTAAGGAGAGGCGTTATA,5,5169216
yqaEp,6.0,5,0,ACAGTCGGGAAGCAATGCTA,5,5169126
yqaEp,5.0,4,0,TTTTAATCGACAAATCTTGC,4,5165009
yqaEp,5.0,4,0,TTCACAGCGTACACAGGACC,4,5169187
yqaEp,5.0,4,0,TGCAAGCGCGATGCTCTAAT,4,5168799
yqaEp,5.0,4,0,TAGCGGTGGCATCGTAAGGT,4,5167659
yqaEp,5.0,4,0,GGCATTTGGAATCTACATCT,4,5169881
yqaEp,5.0,4,0,GATTGGCGGGTAGGCGGCCT,4,5164623
yqaEp,5.0,4,0,GAACACACAAAGAACGGTAA,4,5170365
yqaEp,5.0,4,0,ATCTCCGTAACACGCGACCA,4,5163199
yqaEp,5.0,4,0,ATAAGTGCACCGAGTCTGCT,4,5169010
yqaEp,5.0,4,0,ACTGCACGGCGCTCCCCCGG,4,5166421
yqaEp,5.0,4,0,AACGGTACTTATTCTGAGTG,4,5168615
yqaEp,4.0,3,0,TTTGCTCCTTCCGAGAACTA,3,5165193
yqaEp,4.0,3,0,TTGACACATTTCAAGGTCGA,3,5169120
yqaEp,4.0,3,0,TCGGGTTTGAACGACGTATT,3,5167303
yqaEp,4.0,3,0,TCGGCATGATAGCGCTGTTG,3,5162920
yqaEp,4.0,3,0,TAGCGTCGGAGGCAGCCGCG,3,5168021
yqaEp,4.0,3,0,GTTTGCAATGATAGAGATTG,3,5168459
yqaEp,4.0,3,0,GTTCCGGACGGATGAAGACA,3,5163818
yqaEp,4.0,3,0,GCCACAAGTGAGATTCGCTC,3,5165240
yqaEp,4.0,3,0,GATAGATCGCGACTCAGTAT,3,5166676
yqaEp,4.0,3,0,GAGTGGCAGCCCGCTGCATT,3,5168198
yqaEp,4.0,3,0,CTTCTCCAGGCACATAGTCC,3,5163779
yqaEp,4.0,3,0,CTAGTTGTGAACGTCATTAC,3,5165483
yqaEp,4.0,3,0,CCTCACCCGGTTACATGAGC,3,5163409
yqaEp,4.0,3,0,CCCTCGATACTCATCGGTAT,3,5165660
yqaEp,4.0,3,0,CCCTATCCTCTAAGCATGCC,3,5168772
yqaEp,4.0,3,0,CATTCTTGCAGCTAGAGATA,3,5165648
yqaEp,4.0,3,0,CATACCGTTGGTAATTCGTA,3,5166629
yqaEp,4.0,3,0,AGGGTCCGAATTTAGCTCAA,3,5163310
yqaEp,4.0,3,0,ACTTATTAATACGTTTGTGA,3,5167359
yqaEp,4.0,3,0,ACGGACCACGCCGGGCTTTA,3,5166459
yqaEp,4.0,3,0,AAATGCCTCCGGCTGTATCT,3,5164643
yqaEp,4.0,3,0,AAAACCGCTACGGTCCCTTG,3,5164611
yqaEp,3.0,2,0,TTCTGCCCCCACCGTCCACA,2,5163469
yqaEp,3.0,2,0,TCACTTGACAGACCCAGTAG,2,5164167
yqaEp,3.0,2,0,TATTGCGTGCTTTAAAACCT,2,5166268
yqaEp,3.0,2,0,GTATGATTGATGGTGATAAT,2,5162690
yqaEp,3.0,2,0,GGTAACCAACATCTGGGTAG,2,5166978
yqaEp,3.0,2,0,CTAGCGCGTACAGTATCTAG,2,5165090
yqaEp,3.0,2,0,CGGCTTGTCAACAGAGACTT,2,5166814
yqaEp,3.0,2,0,CGCGGCCCATTTAGGGACAA,2,5163387
yqaEp,3.0,2,0,ATTCAGGGACGATTCGGGGC,2,5164185
yqaEp,3.0,2,0,ACGCGTGAGACACCGACGTG,2,5169642
yqaEp,3.0,2,0,AATTTCGGGGCGGGCCAAAA,2,5167632
yqaEp,3.0,2,0,AACGCTCCGGCCTCAAGCAG,2,5168491
yqaEp,2.0,1,0,TTTCTGATCGGGTCTTACAG,1,5164227
yqaEp,2.0,1,0,TTGTTCACGTCTCAAACCGG,1,5170501
yqaEp,2.0,1,0,TGGAGGATCATGGAAGTCTA,1,5170258
yqaEp,2.0,1,0,TGCCATTGGCCAGTAAGTAT,1,5165958
yqaEp,2.0,1,0,TCCCTTACCACCAACGTATC,1,5168296
yqaEp,2.0,1,0,TAACGGTCGTCAAACCGATA,1,5165350
yqaEp,2.0,1,0,GTTGGATCCGTCCGGCAGTG,1,5168954
yqaEp,2.0,1,0,GGATGCGTTACTTCTTCGGC,1,5169677
yqaEp,2.0,1,0,GGAGAGATTGGATATCCATG,1,5166690
yqaEp,2.0,1,0,CGTGGCTTTTTCATACACCT,1,5169904
yqaEp,2.0,1,0,CCGAACGTTGCACAAGGTAT,1,5163638
yqaEp,2.0,1,0,CCCTGACAAGCAGTGCCTTC,1,5168038
yqaEp,2.0,1,0,CCCCTAACATATGATAAGAT,1,5169734
yqaEp,2.0,1,0,CAGAATTGTTCTCATGCAAG,1,5170716
yqaEp,2.0,1,0,CACCGGATTAATTTTCCCAT,1,5166274
yqaEp,2.0,1,0,CAACAATATACGCGGCGAGG,1,5168561
yqaEp,2.0,1,0,CAAAAGGATGGGTAGATGGT,1,5162871
yqaEp,2.0,1,0,ATCCGACGTGCCACAGGACA,1,5165254
yqaEp,2.0,1,0,ATAGGAACTTACCAGGTCAT,1,5168444
yqaEp,2.0,1,0,AGAGTCCACGTGTATGTGTG,1,5165617
yqaEp,2.0,1,0,AGAACTGGTCGCTGGAAAGA,1,5165739
yqaEp,2.0,1,0,ACCGCGGCTAAGAGGGGCCT,1,5168769
yqaEp,2.0,1,0,AAAGTGGCTAGGAGTTAACT,1,5168002
