name,relative_counts,ct,ct_0,barcode,ct_1,barcode_ind
yqjE_yqjK_yqjD_yqjC_predicted,11.938931297709924,3388,261,GAAGAAAGCTTATCGCGGCC,3127,5220838
yqjE_yqjK_yqjD_yqjC_predicted,0.1977401129943503,210,176,CACTCGCGCTTGTGGAGGTT,34,5232186
yqjE_yqjK_yqjD_yqjC_predicted,0.5384615384615384,138,90,GACACTGTGTCACTGCCGAA,48,5249118
yqjE_yqjK_yqjD_yqjC_predicted,1.9195402298850575,252,86,GCGTACTTGCGTGTAATAGG,166,5207116
yqjE_yqjK_yqjD_yqjC_predicted,0.8160919540229885,156,86,CCGAGGGGGCAGGGCATTGT,70,5258782
yqjE_yqjK_yqjD_yqjC_predicted,0.3372093023255814,113,85,AAAAGCTTTAAAAAGCGGAG,28,5192102
yqjE_yqjK_yqjD_yqjC_predicted,2.4545454545454546,264,76,CTTTCCATGCTAGCTACATA,188,5177596
yqjE_yqjK_yqjD_yqjC_predicted,0.7397260273972602,125,72,TCAAGCTATCCCATACTTGT,53,5220037
yqjE_yqjK_yqjD_yqjC_predicted,10.41095890410959,831,72,GTCTGTGTCACGGGCATTGA,759,5185363
yqjE_yqjK_yqjD_yqjC_predicted,0.7714285714285715,122,69,TGCATTGAATATATCGGAAG,53,5222764
yqjE_yqjK_yqjD_yqjC_predicted,0.34285714285714286,92,69,GACATACCCATCGATAACCA,23,5224217
yqjE_yqjK_yqjD_yqjC_predicted,0.8,115,64,CGGCGGAGTGAACCGCGTCT,51,5187425
yqjE_yqjK_yqjD_yqjC_predicted,1.2769230769230768,146,64,CCAATTCTGACTCGTTTAGT,82,5185772
yqjE_yqjK_yqjD_yqjC_predicted,1.8387096774193548,174,61,CAATGGTGTGGTATTCGGCT,113,5176449
yqjE_yqjK_yqjD_yqjC_predicted,0.9166666666666666,113,59,CGTAGTAGATATGGCAGCGA,54,5176813
yqjE_yqjK_yqjD_yqjC_predicted,2.559322033898305,208,58,CGCTATTTCTCTATGAGATT,150,5179655
yqjE_yqjK_yqjD_yqjC_predicted,1.912280701754386,164,56,GTCTCCGTAGCGTCAGCACG,108,5217753
yqjE_yqjK_yqjD_yqjC_predicted,0.5,82,55,GCTCAACTTCCAACATGTCA,27,5178014
yqjE_yqjK_yqjD_yqjC_predicted,1.0714285714285714,114,55,ACTTGATTCCAATGGGGCTA,59,5228424
yqjE_yqjK_yqjD_yqjC_predicted,0.4727272727272727,79,54,TGCGGGACGTATCGATATTA,25,5202540
yqjE_yqjK_yqjD_yqjC_predicted,2.090909090909091,168,54,GTGGACCCCCTCGTCACCAG,114,5216920
yqjE_yqjK_yqjD_yqjC_predicted,0.03636363636363636,55,54,GTAAGTGTCGCGGCCGGTCA,1,5172622
yqjE_yqjK_yqjD_yqjC_predicted,3.0,218,54,GAATAGCTATCCACTGTAAA,164,5178349
yqjE_yqjK_yqjD_yqjC_predicted,1.3703703703703705,126,53,GAATTCGCCATTTCTGGCTG,73,5235928
yqjE_yqjK_yqjD_yqjC_predicted,2.2037037037037037,171,53,ACAGAATTGTATATCTAAAG,118,5203966
yqjE_yqjK_yqjD_yqjC_predicted,1.0943396226415094,109,52,ATCCAAGTTTCCTCTGTGAT,57,5219923
yqjE_yqjK_yqjD_yqjC_predicted,2.1538461538461537,162,51,TCCGGGAATTCTCTCGTGCG,111,5222498
yqjE_yqjK_yqjD_yqjC_predicted,6.403846153846154,383,51,CTGACCTGCGAGGTAAGCGT,332,5171359
yqjE_yqjK_yqjD_yqjC_predicted,1.9803921568627452,150,50,GGGGAGTTAGGTTGATCGAA,100,5187607
yqjE_yqjK_yqjD_yqjC_predicted,1.588235294117647,130,50,GGCCATGGATAGGGTAGGGA,80,5181179
yqjE_yqjK_yqjD_yqjC_predicted,1.1176470588235294,106,50,CGGGTAGGTGCGGGATCGCT,56,5185648
yqjE_yqjK_yqjD_yqjC_predicted,0.56,76,49,GATGTCCAGGAGGTTCTACA,27,5232303
yqjE_yqjK_yqjD_yqjC_predicted,0.28,62,49,CAAGCTTTCGAGGAGACTGA,13,5172465
yqjE_yqjK_yqjD_yqjC_predicted,1.04,100,49,AGGCCCTAACCACCGTTCCT,51,5246776
yqjE_yqjK_yqjD_yqjC_predicted,0.66,81,49,AAGGGTTAACACCGATGGTT,32,5206576
yqjE_yqjK_yqjD_yqjC_predicted,0.82,89,49,AAAACTCGCAGACTATGTAA,40,5227866
yqjE_yqjK_yqjD_yqjC_predicted,0.8163265306122449,87,48,GCCGATCGACCCTTAACAAT,39,5248408
yqjE_yqjK_yqjD_yqjC_predicted,0.30612244897959184,62,48,AGGGGGGAGGGTCGGGGGGA,14,5258462
yqjE_yqjK_yqjD_yqjC_predicted,0.9795918367346939,95,48,ACCATTGCAGAGGTAACGAC,47,5170772
yqjE_yqjK_yqjD_yqjC_predicted,0.9591836734693877,94,48,AAGGGATGCGGTCTACTCGA,46,5172007
yqjE_yqjK_yqjD_yqjC_predicted,2.2083333333333335,152,47,TCGACGCATATTGCCTACTT,105,5240406
yqjE_yqjK_yqjD_yqjC_predicted,1.7291666666666667,129,47,GTCGTCGAAAGGATCATTGT,82,5180021
yqjE_yqjK_yqjD_yqjC_predicted,0.8125,85,47,CAATAGATTCTCTGGTATTT,38,5208411
yqjE_yqjK_yqjD_yqjC_predicted,0.2978723404255319,59,46,TTTGCTGTGGTATGTCTACT,13,5262017
yqjE_yqjK_yqjD_yqjC_predicted,1.148936170212766,99,46,GCCATTGTGGGAACAAATCA,53,5256408
yqjE_yqjK_yqjD_yqjC_predicted,3.6595744680851063,217,46,GACCAGGTGGGACCATTGGA,171,5195269
yqjE_yqjK_yqjD_yqjC_predicted,3.1702127659574466,194,46,ACCGGAAGACCCATGGCTTA,148,5218912
yqjE_yqjK_yqjD_yqjC_predicted,12.804347826086957,633,45,GGTTGTATGATTTAGCTCAC,588,5214166
yqjE_yqjK_yqjD_yqjC_predicted,0.043478260869565216,46,45,GCCTCAACGATTCATGGTCT,1,5189520
yqjE_yqjK_yqjD_yqjC_predicted,3.1956521739130435,191,45,AAAAACCCCTTTCCGTTCGG,146,5256723
yqjE_yqjK_yqjD_yqjC_predicted,0.6222222222222222,71,44,TGGCGAAAATAGCTCATAGT,27,5246308
yqjE_yqjK_yqjD_yqjC_predicted,1.4444444444444444,108,44,TCAATGTGATCCGGCCCACG,64,5175231
yqjE_yqjK_yqjD_yqjC_predicted,0.08888888888888889,47,44,GTCGCCCGGTGTCCAAGCCC,3,5240997
yqjE_yqjK_yqjD_yqjC_predicted,5.444444444444445,288,44,GGATGTTGTGCTCTTCGCAA,244,5179227
yqjE_yqjK_yqjD_yqjC_predicted,9.8,484,44,GACGGTATGAAGAAATGGGA,440,5218395
yqjE_yqjK_yqjD_yqjC_predicted,1.8444444444444446,126,44,CCATTCCTTCATGAACGGGA,82,5181183
yqjE_yqjK_yqjD_yqjC_predicted,1.1777777777777778,96,44,CATGCAGGTGTGAGGACCCT,52,5240358
yqjE_yqjK_yqjD_yqjC_predicted,1.9333333333333333,130,44,AGCCACACCCGCTCCAGCAG,86,5214202
yqjE_yqjK_yqjD_yqjC_predicted,0.2727272727272727,54,43,TTAAGCATAGCCAATTGTGT,11,5255799
yqjE_yqjK_yqjD_yqjC_predicted,0.3181818181818182,56,43,TGTCCGCACGTTTTACAAAT,13,5197296
yqjE_yqjK_yqjD_yqjC_predicted,0.3181818181818182,56,43,TGTCATCCGCCACCGTCCAT,13,5174065
yqjE_yqjK_yqjD_yqjC_predicted,4.659090909090909,247,43,GCAATAGTGAAACGGCCCCA,204,5177636
yqjE_yqjK_yqjD_yqjC_predicted,1.0681818181818181,89,43,CGTCCCCGCCCCACTCGACT,46,5171934
yqjE_yqjK_yqjD_yqjC_predicted,0.3181818181818182,56,43,CGGACTCAAGGGAATGACGT,13,5197940
yqjE_yqjK_yqjD_yqjC_predicted,2.8863636363636362,169,43,CAGCCTGAGTGCGGCGGAGG,126,5211131
yqjE_yqjK_yqjD_yqjC_predicted,0.25,53,43,CACTGTTGGTGTACGGCCTA,10,5212794
yqjE_yqjK_yqjD_yqjC_predicted,0.06976744186046512,44,42,TTTGCCCTGTGTTTCACATA,2,5228488
yqjE_yqjK_yqjD_yqjC_predicted,3.0,170,42,GTTCACAGTCCATGTCAGGT,128,5242150
yqjE_yqjK_yqjD_yqjC_predicted,4.674418604651163,242,42,GCTATGTGGTTCGGCTTCAA,200,5221666
yqjE_yqjK_yqjD_yqjC_predicted,0.2558139534883721,52,42,ATACGGTATGATTGCTTTTC,10,5202709
yqjE_yqjK_yqjD_yqjC_predicted,0.37209302325581395,57,42,AGTGGGACTGCTCCCGCTGA,15,5177571
yqjE_yqjK_yqjD_yqjC_predicted,18.714285714285715,826,41,GAAAATTTTAGCGAAGACAG,785,5257338
yqjE_yqjK_yqjD_yqjC_predicted,0.6585365853658537,66,40,TCCCAGAATGGTCTCGACCT,26,5196183
yqjE_yqjK_yqjD_yqjC_predicted,1.2439024390243902,90,40,GGCATTACAAAGGGGCTTTG,50,5196431
yqjE_yqjK_yqjD_yqjC_predicted,0.6341463414634146,65,40,GCGTGATGCCGGACACCCAG,25,5185295
yqjE_yqjK_yqjD_yqjC_predicted,4.463414634146342,222,40,CGATAAGCCACGTTGGTATC,182,5251931
yqjE_yqjK_yqjD_yqjC_predicted,2.097560975609756,125,40,CCACGCATTACACGACATAT,85,5170776
yqjE_yqjK_yqjD_yqjC_predicted,0.24390243902439024,49,40,ATAGCTCATGCGTGCTGTGA,9,5176094
yqjE_yqjK_yqjD_yqjC_predicted,0.2926829268292683,51,40,ATAATTCGACCCTTCTAGTT,11,5239084
yqjE_yqjK_yqjD_yqjC_predicted,1.0731707317073171,83,40,AACCCAGCCTCACACTTGGA,43,5219410
yqjE_yqjK_yqjD_yqjC_predicted,0.325,51,39,TGATGGAGCTATTATGGCAG,12,5175164
yqjE_yqjK_yqjD_yqjC_predicted,0.525,59,39,TCCCAAATAAACAAACCGAT,20,5229757
yqjE_yqjK_yqjD_yqjC_predicted,7.925,355,39,TCAACACGGGCGTTAAGCGA,316,5207467
yqjE_yqjK_yqjD_yqjC_predicted,0.95,76,39,CATAATCATTTTAGGGGGAT,37,5203301
yqjE_yqjK_yqjD_yqjC_predicted,1.325,91,39,CAGATTTGCTCGGGGATTGG,52,5251609
yqjE_yqjK_yqjD_yqjC_predicted,7.475,337,39,ATCACACCGCGGGTTATTAC,298,5172108
yqjE_yqjK_yqjD_yqjC_predicted,1.1538461538461537,82,38,TTTGTAAAGAACACGGCAGA,44,5235570
yqjE_yqjK_yqjD_yqjC_predicted,2.8461538461538463,148,38,TATTACTAAGATTGAATACG,110,5171131
yqjE_yqjK_yqjD_yqjC_predicted,0.5641025641025641,59,38,GTGCTAGTTTCTCGCGCTGT,21,5226861
yqjE_yqjK_yqjD_yqjC_predicted,0.05128205128205128,39,38,GTAGGATCGTTATAGGAGGT,1,5177723
yqjE_yqjK_yqjD_yqjC_predicted,0.3076923076923077,49,38,CTTGGGTGACTCTGCATGCA,11,5177728
yqjE_yqjK_yqjD_yqjC_predicted,11.692307692307692,493,38,AATACATCTAGCCACCAGGA,455,5182884
yqjE_yqjK_yqjD_yqjC_predicted,8.736842105263158,368,37,TTGCTCTTTAGCGAGCCGGA,331,5173226
yqjE_yqjK_yqjD_yqjC_predicted,4.868421052631579,221,37,TTAGCGCAAGACGTCTAGGT,184,5247696
yqjE_yqjK_yqjD_yqjC_predicted,0.6842105263157895,62,37,TGGCACGAACGAGGCGTAGA,25,5216402
yqjE_yqjK_yqjD_yqjC_predicted,0.07894736842105263,39,37,TCTCGAGTGGGTTTTACGGT,2,5230603
yqjE_yqjK_yqjD_yqjC_predicted,0.2894736842105263,47,37,TACTTAAGCTGGTATAGGCC,10,5209879
yqjE_yqjK_yqjD_yqjC_predicted,23.13157894736842,915,37,GTAGGTAGGCAGGGAGGATA,878,5235255
yqjE_yqjK_yqjD_yqjC_predicted,2.473684210526316,130,37,GCCGCGCGTTATCCGGAAAT,93,5214647
yqjE_yqjK_yqjD_yqjC_predicted,1.736842105263158,102,37,CGTGCTACCAAGTACCAGGG,65,5217543
yqjE_yqjK_yqjD_yqjC_predicted,0.5789473684210527,58,37,CGGGCATGCAGGATTGTCCA,21,5201404
yqjE_yqjK_yqjD_yqjC_predicted,0.47368421052631576,54,37,AGGTATGCAATCAGTTACCA,17,5180881
yqjE_yqjK_yqjD_yqjC_predicted,2.6578947368421053,137,37,ACCCGTCCACGTTGTTTGAA,100,5193385
yqjE_yqjK_yqjD_yqjC_predicted,2.7027027027027026,135,36,TCACAGGGATGACCGAGATG,99,5237745
yqjE_yqjK_yqjD_yqjC_predicted,33.67567567567568,1281,36,GATCGACCGTTCGGCATCAC,1245,5181325
yqjE_yqjK_yqjD_yqjC_predicted,12.0,479,36,GAACTACTTCGCCATCCCGA,443,5172137
yqjE_yqjK_yqjD_yqjC_predicted,0.13513513513513514,40,36,CTACTGGAGCTAGCATACTA,4,5189530
yqjE_yqjK_yqjD_yqjC_predicted,1.2972972972972974,83,36,CTACCCCGACACTTGCTCAG,47,5255725
yqjE_yqjK_yqjD_yqjC_predicted,0.9459459459459459,70,36,ACGTTGGAATAAAGCATTGA,34,5215717
yqjE_yqjK_yqjD_yqjC_predicted,1.6756756756756757,97,36,ACGCGCCCTTTGGCAATGTA,61,5230005
yqjE_yqjK_yqjD_yqjC_predicted,5.648648648648648,244,36,AATCCCATAACGCTCGTCTG,208,5178891
yqjE_yqjK_yqjD_yqjC_predicted,1.5675675675675675,93,36,AAGAGGGCGACTAACATCAA,57,5171329
yqjE_yqjK_yqjD_yqjC_predicted,7.888888888888889,318,35,TTGGCTTAAATTTAGTTCGA,283,5174710
yqjE_yqjK_yqjD_yqjC_predicted,1.1388888888888888,75,35,TGTCCTCCCGCATTTTAGGA,40,5178638
yqjE_yqjK_yqjD_yqjC_predicted,0.3611111111111111,47,35,TCTGCCAGCAGAGAGTTGGT,12,5213916
yqjE_yqjK_yqjD_yqjC_predicted,0.6388888888888888,57,35,TAATGCTAGGGCACAGACGT,22,5179904
yqjE_yqjK_yqjD_yqjC_predicted,12.833333333333334,496,35,GTGTGACGGGAAGACACAAC,461,5191704
yqjE_yqjK_yqjD_yqjC_predicted,27.666666666666668,1030,35,GTCCACCCCGTACAGCATTA,995,5191937
yqjE_yqjK_yqjD_yqjC_predicted,2.111111111111111,110,35,GGTTCTTGCCCCCTGAGCGA,75,5174951
yqjE_yqjK_yqjD_yqjC_predicted,4.805555555555555,207,35,GGAGGCCGTTGGCAAAACTA,172,5174884
yqjE_yqjK_yqjD_yqjC_predicted,1.9166666666666667,103,35,GGAGAACGAATCGAGTCACA,68,5182065
yqjE_yqjK_yqjD_yqjC_predicted,0.05555555555555555,36,35,GCGTATCGCTTTATGATTTC,1,5239710
yqjE_yqjK_yqjD_yqjC_predicted,0.1111111111111111,38,35,GAGGTGGAATGCCAGCCAGA,3,5170866
yqjE_yqjK_yqjD_yqjC_predicted,1.4166666666666667,85,35,CTGAGAAATAACCTGATCCT,50,5199068
yqjE_yqjK_yqjD_yqjC_predicted,0.7222222222222222,60,35,CTGAACGCGGTCGGGCAGTG,25,5189228
yqjE_yqjK_yqjD_yqjC_predicted,1.1944444444444444,77,35,CTCGATATTCGCAGCTTCAG,42,5180503
yqjE_yqjK_yqjD_yqjC_predicted,0.4444444444444444,50,35,CGATCTTTACCGCACCGATC,15,5251741
yqjE_yqjK_yqjD_yqjC_predicted,1.75,97,35,CCGTTGCAGCTCCGGCCAGG,62,5193766
yqjE_yqjK_yqjD_yqjC_predicted,2.5,124,35,CAGCGGCCATCGTCCGGGCT,89,5225797
yqjE_yqjK_yqjD_yqjC_predicted,1.5277777777777777,89,35,AGCGAACAGGAATATCGTAC,54,5253617
yqjE_yqjK_yqjD_yqjC_predicted,1.3333333333333333,82,35,AGAGACTACGTCGGCTGTGA,47,5206564
yqjE_yqjK_yqjD_yqjC_predicted,1.2222222222222223,78,35,ACGGGCGGCTCGGTCAGCGA,43,5235336
yqjE_yqjK_yqjD_yqjC_predicted,1.4444444444444444,86,35,ACCTATGGTACACATTTAAC,51,5180575
yqjE_yqjK_yqjD_yqjC_predicted,0.3888888888888889,48,35,AAGTTATATATTGGTGAGTT,13,5237071
yqjE_yqjK_yqjD_yqjC_predicted,0.8333333333333334,64,35,AAGATAGGTCAGGCACTTAA,29,5249681
yqjE_yqjK_yqjD_yqjC_predicted,1.2571428571428571,77,34,TCTTCGACCGCGGGTTATGT,43,5215709
yqjE_yqjK_yqjD_yqjC_predicted,3.857142857142857,168,34,TCGTATATTCAGTATGGCGC,134,5172393
yqjE_yqjK_yqjD_yqjC_predicted,4.885714285714286,204,34,TCCACCAATGTTTCAGGCTA,170,5188564
yqjE_yqjK_yqjD_yqjC_predicted,1.0,68,34,GATTGCGTCTCTTAACACCA,34,5241455
yqjE_yqjK_yqjD_yqjC_predicted,2.7714285714285714,130,34,CTCGGAGACGAGGCCTCTCT,96,5176451
yqjE_yqjK_yqjD_yqjC_predicted,1.3142857142857143,79,34,CTATACGCGTTGGTTGTCTC,45,5180426
yqjE_yqjK_yqjD_yqjC_predicted,0.7428571428571429,59,34,CGATAAAAAGTAGGTCGCGT,25,5188243
yqjE_yqjK_yqjD_yqjC_predicted,3.742857142857143,164,34,CCGGACGACGGGCGAACTTA,130,5176763
yqjE_yqjK_yqjD_yqjC_predicted,0.7714285714285715,60,34,ATGAATGAGGCAACGCACTC,26,5211458
yqjE_yqjK_yqjD_yqjC_predicted,0.8571428571428571,63,34,ATAGGGGCCTGGTACTGTAA,29,5233558
yqjE_yqjK_yqjD_yqjC_predicted,1.6285714285714286,90,34,AGACCAATAGTTTGGGGATA,56,5174130
yqjE_yqjK_yqjD_yqjC_predicted,3.9705882352941178,167,33,TTTGCAAGGTTGAGAGCTCC,134,5182157
yqjE_yqjK_yqjD_yqjC_predicted,0.9411764705882353,64,33,TCTACCTATCCGCGAATACT,31,5221215
yqjE_yqjK_yqjD_yqjC_predicted,0.7941176470588235,59,33,GTGTAGACAAGTATTGCGCT,26,5217495
yqjE_yqjK_yqjD_yqjC_predicted,2.823529411764706,128,33,GTCATTACTCCCACGTGTTA,95,5214652
yqjE_yqjK_yqjD_yqjC_predicted,0.38235294117647056,45,33,GGTCCGGGCTTCGACACTTA,12,5212701
yqjE_yqjK_yqjD_yqjC_predicted,0.7647058823529411,58,33,GCCTCCTAGGCTAACTTTTC,25,5182737
yqjE_yqjK_yqjD_yqjC_predicted,0.7647058823529411,58,33,GAGTTTGGATGGGACAAACG,25,5226650
yqjE_yqjK_yqjD_yqjC_predicted,20.294117647058822,722,33,CTCATCATTTGAGGCTGCGC,689,5218386
yqjE_yqjK_yqjD_yqjC_predicted,0.4117647058823529,46,33,CCAACAATCACTGGTTCGAA,13,5189461
yqjE_yqjK_yqjD_yqjC_predicted,6.088235294117647,239,33,CAGGTACTGAAGACGTTACA,206,5187911
yqjE_yqjK_yqjD_yqjC_predicted,0.5882352941176471,52,33,CAGCCTGCGCGGTCAGGAGA,19,5185839
yqjE_yqjK_yqjD_yqjC_predicted,3.9411764705882355,166,33,CACCGTTCCAATGCAGCGCT,133,5218638
yqjE_yqjK_yqjD_yqjC_predicted,2.2941176470588234,110,33,CAATAATTAGCTCGCTGCAG,77,5260907
yqjE_yqjK_yqjD_yqjC_predicted,7.617647058823529,291,33,ACTCCGCCAGCTCCGCGCAA,258,5233018
yqjE_yqjK_yqjD_yqjC_predicted,0.058823529411764705,34,33,ACACCCTAGCCGGTACCACT,1,5250910
yqjE_yqjK_yqjD_yqjC_predicted,20.5,729,33,AACTTTACGGTCTCGTAGAC,696,5174795
yqjE_yqjK_yqjD_yqjC_predicted,0.09090909090909091,34,32,TCGGACTATCGACTGCCCTA,2,5200153
yqjE_yqjK_yqjD_yqjC_predicted,0.6060606060606061,51,32,TCCCCGATGAGTACCTAAAG,19,5181588
yqjE_yqjK_yqjD_yqjC_predicted,1.2727272727272727,73,32,GTTGATTAGTGAAGGATAAG,41,5174135
yqjE_yqjK_yqjD_yqjC_predicted,2.484848484848485,113,32,GTGTCGCGACTTCATGAATA,81,5176984
yqjE_yqjK_yqjD_yqjC_predicted,2.393939393939394,110,32,GGCCTGCGGACGTAGAAGCT,78,5251910
yqjE_yqjK_yqjD_yqjC_predicted,0.06060606060606061,33,32,CTGGAGTCCGCCTGGCACAT,1,5247268
yqjE_yqjK_yqjD_yqjC_predicted,0.6060606060606061,51,32,CTAACCGATTCGTAAATAAA,19,5173287
yqjE_yqjK_yqjD_yqjC_predicted,0.18181818181818182,37,32,CGGTGGGCACTTTCTGGCGT,5,5218585
yqjE_yqjK_yqjD_yqjC_predicted,0.8787878787878788,60,32,CCCCGCATCAAGTTAGTAAT,28,5208206
yqjE_yqjK_yqjD_yqjC_predicted,2.1515151515151514,102,32,ATAGCTTAGCGGGAGGCTTT,70,5219660
yqjE_yqjK_yqjD_yqjC_predicted,9.090909090909092,331,32,AGTGGACGTCATTGATACGA,299,5198187
yqjE_yqjK_yqjD_yqjC_predicted,1.5757575757575757,83,32,AAGGTCTTGAGTACCCGCGT,51,5229681
yqjE_yqjK_yqjD_yqjC_predicted,14.8125,504,31,TTGATCCGGACGATCATGGA,473,5197621
yqjE_yqjK_yqjD_yqjC_predicted,3.15625,131,31,TTAATAGCACTACATTCAAA,100,5180091
yqjE_yqjK_yqjD_yqjC_predicted,1.78125,87,31,TTAAGAGCGAGCAACGGCTG,56,5247143
yqjE_yqjK_yqjD_yqjC_predicted,0.96875,61,31,TGGCACTTCGTACCTAAAGA,30,5220497
yqjE_yqjK_yqjD_yqjC_predicted,0.34375,41,31,TATCGTCTCCTTACCTGCAG,10,5213553
yqjE_yqjK_yqjD_yqjC_predicted,0.875,58,31,TACGAGGGTATACATAGAGG,27,5236664
yqjE_yqjK_yqjD_yqjC_predicted,0.375,42,31,GTTATACTGAGTCATGATGT,11,5257033
yqjE_yqjK_yqjD_yqjC_predicted,0.625,50,31,GTGTACCTGACACGTGCCCC,19,5234182
yqjE_yqjK_yqjD_yqjC_predicted,1.15625,67,31,GGTCGTTCACATCAGCGGTA,36,5186704
yqjE_yqjK_yqjD_yqjC_predicted,3.875,154,31,GGCGTTAAGTATTGCCTATG,123,5236572
yqjE_yqjK_yqjD_yqjC_predicted,0.46875,45,31,GGACCACGCTTTACGAAAAG,14,5175894
yqjE_yqjK_yqjD_yqjC_predicted,0.8125,56,31,GGAAGGGATTTTCAAATCCT,25,5175702
yqjE_yqjK_yqjD_yqjC_predicted,8.03125,287,31,GAGACAGGCATGCCGCGTTA,256,5174644
yqjE_yqjK_yqjD_yqjC_predicted,1.78125,87,31,GAAAGGGTAAATTGAGGACA,56,5182941
yqjE_yqjK_yqjD_yqjC_predicted,0.75,54,31,CGTGTTAAAACGGTTGTTCT,23,5182070
yqjE_yqjK_yqjD_yqjC_predicted,1.21875,69,31,CGCTATCGGCGGTTCTTATA,38,5254874
yqjE_yqjK_yqjD_yqjC_predicted,21.0625,704,31,CGCCTTTGTTCTCTGGCTAA,673,5258138
yqjE_yqjK_yqjD_yqjC_predicted,0.59375,49,31,CGCCAACGTGTGACTTGTAA,18,5226392
yqjE_yqjK_yqjD_yqjC_predicted,6.5625,240,31,CCGCATGAGGATCTTGGTCT,209,5218211
yqjE_yqjK_yqjD_yqjC_predicted,0.375,42,31,CCCCCCGGATTTAACTGCAT,11,5203182
yqjE_yqjK_yqjD_yqjC_predicted,0.0625,32,31,CATTGTCAGCTAGTTTAGAA,1,5235019
yqjE_yqjK_yqjD_yqjC_predicted,0.71875,53,31,CATAGAGCTAGTTGAGGTGT,22,5251437
yqjE_yqjK_yqjD_yqjC_predicted,1.09375,65,31,CAGTGACCAGGATCCGGTAT,34,5202959
yqjE_yqjK_yqjD_yqjC_predicted,0.25,38,31,CACGAGCCCAAACCATTCTT,7,5254548
yqjE_yqjK_yqjD_yqjC_predicted,3.1875,132,31,AGGTAGCGCAGCTGCGTTCA,101,5179516
yqjE_yqjK_yqjD_yqjC_predicted,1.03125,63,31,ACAATCCGGAAATACGTCCT,32,5253172
yqjE_yqjK_yqjD_yqjC_predicted,0.25,38,31,AAGGTCAGAGAATTCATATT,7,5173746
yqjE_yqjK_yqjD_yqjC_predicted,1.5161290322580645,76,30,TGTTGTACGTGGAGACTTAA,46,5209634
yqjE_yqjK_yqjD_yqjC_predicted,6.516129032258065,231,30,TGCTTATTGCAGTTCCAGAG,201,5200938
yqjE_yqjK_yqjD_yqjC_predicted,2.2903225806451615,100,30,TCCACGTACATGTTGGTTCT,70,5183118
yqjE_yqjK_yqjD_yqjC_predicted,0.6774193548387096,50,30,TAAGCACCCGCAATACAAAA,20,5237472
yqjE_yqjK_yqjD_yqjC_predicted,0.16129032258064516,34,30,GGGGCATTTTGGTCCGGGGT,4,5215933
yqjE_yqjK_yqjD_yqjC_predicted,14.838709677419354,489,30,GCCCTTCCAGGGTCCCGTAG,459,5242515
yqjE_yqjK_yqjD_yqjC_predicted,0.06451612903225806,31,30,CTGGTCACAGGTCGTCCTGT,1,5183766
yqjE_yqjK_yqjD_yqjC_predicted,1.4193548387096775,73,30,CTCTTCAGGGCCGGAGCAAG,43,5230906
yqjE_yqjK_yqjD_yqjC_predicted,4.064516129032258,155,30,CCTGACATATCATCTGGCAG,125,5195547
yqjE_yqjK_yqjD_yqjC_predicted,0.06451612903225806,31,30,CCACGCCCGACACACTGCTC,1,5230542
yqjE_yqjK_yqjD_yqjC_predicted,0.5806451612903226,47,30,CCACCGACGGTTTATACGGC,17,5246730
yqjE_yqjK_yqjD_yqjC_predicted,1.096774193548387,63,30,CACCATCCCACAGTAACTCT,33,5193455
yqjE_yqjK_yqjD_yqjC_predicted,11.483870967741936,385,30,ATGACACGTCTAGAATTAGT,355,5226190
yqjE_yqjK_yqjD_yqjC_predicted,2.2903225806451615,100,30,AGATTAGAAAGGTAGTCGTG,70,5183006
yqjE_yqjK_yqjD_yqjC_predicted,20.733333333333334,650,29,TTGGGGCTCGGTGGACTTTT,621,5214809
yqjE_yqjK_yqjD_yqjC_predicted,8.3,277,29,TGTGCGTCATTTTCACCGTG,248,5243336
yqjE_yqjK_yqjD_yqjC_predicted,1.8,82,29,TGGCGGACCTGCGCGAACCA,53,5182810
yqjE_yqjK_yqjD_yqjC_predicted,2.533333333333333,104,29,TGCATTTAACAGATTCAATG,75,5255283
yqjE_yqjK_yqjD_yqjC_predicted,0.9,55,29,TGATGGATATACTAGATAAA,26,5220749
yqjE_yqjK_yqjD_yqjC_predicted,1.1,61,29,TGATAATGACGTTTGGCTAT,32,5237663
yqjE_yqjK_yqjD_yqjC_predicted,2.6333333333333333,107,29,TCGTGCTAGTTAGCAAACAT,78,5260231
yqjE_yqjK_yqjD_yqjC_predicted,2.8666666666666667,114,29,TATCTCCACAGGCGGGTCCT,85,5177833
yqjE_yqjK_yqjD_yqjC_predicted,1.1,61,29,GGAGAGGAGTCTGCCACACA,32,5218641
yqjE_yqjK_yqjD_yqjC_predicted,0.6,46,29,GCTTGCCTTGCCGGGTAGTA,17,5240980
yqjE_yqjK_yqjD_yqjC_predicted,15.133333333333333,482,29,CTGTGTTCATTCTGGGCCAT,453,5197594
yqjE_yqjK_yqjD_yqjC_predicted,0.2,34,29,CGTTTGTAACGCTATAGGAG,5,5224332
yqjE_yqjK_yqjD_yqjC_predicted,8.0,268,29,CGGGCTTAGCCAATTTAGTT,239,5240248
yqjE_yqjK_yqjD_yqjC_predicted,1.7,79,29,CGCGCGGGCACTCCCGACGT,50,5196713
yqjE_yqjK_yqjD_yqjC_predicted,35.166666666666664,1083,29,CCTAGATATTGCTGCCCCGA,1054,5233797
yqjE_yqjK_yqjD_yqjC_predicted,0.4666666666666667,42,29,CCAAATAGCAACTCAACTAT,13,5242985
yqjE_yqjK_yqjD_yqjC_predicted,0.8,52,29,CATAGGAAAGTGGTCAGGGG,23,5180549
yqjE_yqjK_yqjD_yqjC_predicted,1.7333333333333334,80,29,CACTACGACCACCTCTCCTA,51,5257804
yqjE_yqjK_yqjD_yqjC_predicted,0.8333333333333334,53,29,ATTGGGTAGAGATTATAAAT,24,5193564
yqjE_yqjK_yqjD_yqjC_predicted,0.06666666666666667,30,29,ATTGCGGTCCAGTTTCTAAG,1,5229264
yqjE_yqjK_yqjD_yqjC_predicted,0.6666666666666666,48,29,ATCCCACTATAGAAGGTGAG,19,5207160
yqjE_yqjK_yqjD_yqjC_predicted,23.4,730,29,AGTAGGTTTTCCCGGGCGAG,701,5186128
yqjE_yqjK_yqjD_yqjC_predicted,0.13333333333333333,32,29,AGCAACACTGCCGACAAAGT,3,5205392
yqjE_yqjK_yqjD_yqjC_predicted,0.5,43,29,AGATGTTGTATCACCCAAAT,14,5196787
yqjE_yqjK_yqjD_yqjC_predicted,2.6,106,29,ACTTGAGAGCGCGCTCGGGA,77,5239534
yqjE_yqjK_yqjD_yqjC_predicted,2.2,94,29,ACGCCGTAGGTACTGCGAGG,65,5204610
yqjE_yqjK_yqjD_yqjC_predicted,0.9,55,29,ACCGACATGAGGCCATAGGG,26,5235404
yqjE_yqjK_yqjD_yqjC_predicted,0.8666666666666667,54,29,ACATGCATCAGCCGTTATTG,25,5176142
yqjE_yqjK_yqjD_yqjC_predicted,0.16666666666666666,33,29,ACACTTAGCATTAATTCCGC,4,5187569
yqjE_yqjK_yqjD_yqjC_predicted,0.06896551724137931,29,28,TTTTACCGGGTTAACAAAGT,1,5224400
yqjE_yqjK_yqjD_yqjC_predicted,0.3793103448275862,38,28,TTTCGATGTATCGTTCTCCT,10,5190634
yqjE_yqjK_yqjD_yqjC_predicted,3.7241379310344827,135,28,TTTCCTTGTTGGAGACACAC,107,5209465
yqjE_yqjK_yqjD_yqjC_predicted,1.3448275862068966,66,28,TGTAGTTGGTCCACTACTTT,38,5245130
yqjE_yqjK_yqjD_yqjC_predicted,17.137931034482758,524,28,TGACGATTTTTTATTTACCT,496,5233454
yqjE_yqjK_yqjD_yqjC_predicted,0.8620689655172413,52,28,TGACACGGCTTCTCGGCGCT,24,5252177
yqjE_yqjK_yqjD_yqjC_predicted,1.4827586206896552,70,28,TCGGGTAAGCGTGAACTCAG,42,5191638
yqjE_yqjK_yqjD_yqjC_predicted,0.5517241379310345,43,28,TCGCGCCTTTAACGCGGGCA,15,5232006
yqjE_yqjK_yqjD_yqjC_predicted,0.20689655172413793,33,28,TCCTGAAGGATGGTCATAAC,5,5229751
yqjE_yqjK_yqjD_yqjC_predicted,1.3793103448275863,67,28,TCATTTCGCGAAGCAGTTGC,39,5178894
yqjE_yqjK_yqjD_yqjC_predicted,0.5862068965517241,44,28,TAGCTCTGAGTGTACTGTAT,16,5228579
yqjE_yqjK_yqjD_yqjC_predicted,34.06896551724138,1015,28,TACCTATGACTTTGGTCCAT,987,5186121
yqjE_yqjK_yqjD_yqjC_predicted,4.413793103448276,155,28,GGTCACTACGCCAAAGATTT,127,5218794
yqjE_yqjK_yqjD_yqjC_predicted,0.9310344827586207,54,28,GGGACAGTCTATGGAAACCA,26,5183620
yqjE_yqjK_yqjD_yqjC_predicted,2.6206896551724137,103,28,GGCCTGAATTCTAAACCCAA,75,5211137
yqjE_yqjK_yqjD_yqjC_predicted,0.3793103448275862,38,28,GAATTAGCCATATTTTCGAA,10,5250105
yqjE_yqjK_yqjD_yqjC_predicted,2.0689655172413794,87,28,CCTCGGAAAAGTACCTTCTG,59,5192249
yqjE_yqjK_yqjD_yqjC_predicted,0.6551724137931034,46,28,CCAACATTGGAATATTCTCC,18,5198242
yqjE_yqjK_yqjD_yqjC_predicted,0.5172413793103449,42,28,CAGGACTAGCCCACGCATAC,14,5218431
yqjE_yqjK_yqjD_yqjC_predicted,0.9310344827586207,54,28,CAGGACGCCCAATGGGTCAA,26,5186439
yqjE_yqjK_yqjD_yqjC_predicted,1.3448275862068966,66,28,CACAGCGTCTGGGTAGACCT,38,5231313
yqjE_yqjK_yqjD_yqjC_predicted,0.7586206896551724,49,28,CACAAACCGAGATATTACGT,21,5202253
yqjE_yqjK_yqjD_yqjC_predicted,0.6551724137931034,46,28,ATTAGTAGTTTACCGGACAC,18,5228037
yqjE_yqjK_yqjD_yqjC_predicted,0.2413793103448276,34,28,AGGTGGGGCAACTAGGCTAC,6,5201615
yqjE_yqjK_yqjD_yqjC_predicted,2.2758620689655173,93,28,AGGCCCTATTAAATGACTGT,65,5172395
yqjE_yqjK_yqjD_yqjC_predicted,0.6551724137931034,46,28,AGCTTTCTCGGGTGAGGTTG,18,5190248
yqjE_yqjK_yqjD_yqjC_predicted,6.758620689655173,223,28,AGATTATGGTCCGTCCAGTA,195,5194796
yqjE_yqjK_yqjD_yqjC_predicted,2.2758620689655173,93,28,AACGAGCTGACAGGGCGCGA,65,5236061
yqjE_yqjK_yqjD_yqjC_predicted,0.1724137931034483,32,28,AAACAGTGTACACGGCCCCA,4,5191859
yqjE_yqjK_yqjD_yqjC_predicted,1.4285714285714286,66,27,TGTCACAAGTTTTAGGAGGA,39,5226864
yqjE_yqjK_yqjD_yqjC_predicted,1.1071428571428572,57,27,TGTACGCTAGCAAGCGAGAG,30,5221665
yqjE_yqjK_yqjD_yqjC_predicted,0.75,47,27,TGCGAGAGGTAATGGAGTGT,20,5238509
yqjE_yqjK_yqjD_yqjC_predicted,25.75,747,27,TGCCGTACCCACCGTTCGAT,720,5183925
yqjE_yqjK_yqjD_yqjC_predicted,1.1785714285714286,59,27,TGATCCGTTTGATAACGCCC,32,5233959
yqjE_yqjK_yqjD_yqjC_predicted,1.6785714285714286,73,27,TGATATGGGCAAACGCGGAG,46,5212664
yqjE_yqjK_yqjD_yqjC_predicted,2.7857142857142856,104,27,TGAGGATACACCGTCCCCGA,77,5246348
yqjE_yqjK_yqjD_yqjC_predicted,1.6428571428571428,72,27,TGACCGTAGGGATGGCAAAG,45,5235697
yqjE_yqjK_yqjD_yqjC_predicted,0.35714285714285715,36,27,TCGGGGGACATGAGGTGTGG,9,5238462
yqjE_yqjK_yqjD_yqjC_predicted,0.25,33,27,TCGCGGAGGTTTAATAAAGC,6,5244037
yqjE_yqjK_yqjD_yqjC_predicted,0.75,47,27,TCGCGCAGTAGCAGAGTTCT,20,5183066
yqjE_yqjK_yqjD_yqjC_predicted,1.0357142857142858,55,27,TCATTGGCCGATTGGAACAC,28,5187455
yqjE_yqjK_yqjD_yqjC_predicted,0.75,47,27,GTAGAAGTAATGACACATGC,20,5240077
yqjE_yqjK_yqjD_yqjC_predicted,6.071428571428571,196,27,GGCATCCGAAGAAAATGGCT,169,5173602
yqjE_yqjK_yqjD_yqjC_predicted,0.07142857142857142,28,27,GGCAGCGGCTTAATTTATTC,1,5209789
yqjE_yqjK_yqjD_yqjC_predicted,0.32142857142857145,35,27,GGAGAGAAACACCCTTCTGT,8,5195114
yqjE_yqjK_yqjD_yqjC_predicted,2.2142857142857144,88,27,GCCATTTTGTTCGAGCCCGA,61,5255807
yqjE_yqjK_yqjD_yqjC_predicted,2.4642857142857144,95,27,GCCACCTGCATTAACGCGGT,68,5185004
yqjE_yqjK_yqjD_yqjC_predicted,0.32142857142857145,35,27,CTTAAAATAGACAGGTGCGA,8,5243723
yqjE_yqjK_yqjD_yqjC_predicted,20.464285714285715,599,27,CTGTCAGGATGAAATTACCA,572,5181327
yqjE_yqjK_yqjD_yqjC_predicted,3.2142857142857144,116,27,CTATGAACGTGAACTACGTA,89,5236207
yqjE_yqjK_yqjD_yqjC_predicted,0.7142857142857143,46,27,CTAGATACGTGGGTCTTGAG,19,5261857
yqjE_yqjK_yqjD_yqjC_predicted,2.2142857142857144,88,27,CGGGACTTTCAACTGTCGCA,61,5176747
yqjE_yqjK_yqjD_yqjC_predicted,6.321428571428571,203,27,CGGGACTAAGTCGGAACGGT,176,5191236
yqjE_yqjK_yqjD_yqjC_predicted,0.4642857142857143,39,27,CGCTCTGCCAGGGATCAGTA,12,5185234
yqjE_yqjK_yqjD_yqjC_predicted,0.07142857142857142,28,27,CCTTCGTAGGTTTCCTCCAC,1,5212994
yqjE_yqjK_yqjD_yqjC_predicted,0.6785714285714286,45,27,CCTCAATGCCTGGCCCTGAT,18,5213107
yqjE_yqjK_yqjD_yqjC_predicted,9.928571428571429,304,27,CCTACCCTTGTTCGTGACTA,277,5208660
yqjE_yqjK_yqjD_yqjC_predicted,6.357142857142857,204,27,CCGTTAAGACGTGCTGGACG,177,5211623
yqjE_yqjK_yqjD_yqjC_predicted,16.25,481,27,CATCTAATCCTTCGTTTCCC,454,5171279
yqjE_yqjK_yqjD_yqjC_predicted,0.9285714285714286,52,27,CAGCTGTTCTTCACTGGACA,25,5182505
yqjE_yqjK_yqjD_yqjC_predicted,6.25,201,27,CACTCCGCCATGGCTACTAA,174,5227186
yqjE_yqjK_yqjD_yqjC_predicted,3.5357142857142856,125,27,ATTCGTCAATGGCAATACTC,98,5184136
yqjE_yqjK_yqjD_yqjC_predicted,0.10714285714285714,29,27,ATTACAACCCCGCGCCCAGC,2,5182011
yqjE_yqjK_yqjD_yqjC_predicted,0.6428571428571429,44,27,ATTAATTACTGACATGTTGT,17,5227356
yqjE_yqjK_yqjD_yqjC_predicted,0.5714285714285714,42,27,ATCGCTAGCGACCCCTGGAA,15,5240359
yqjE_yqjK_yqjD_yqjC_predicted,1.4285714285714286,66,27,ATCCCCCGATGTACTTGCCT,39,5173864
yqjE_yqjK_yqjD_yqjC_predicted,0.14285714285714285,30,27,ATAAGCGGATCTATTGAAAC,3,5190241
yqjE_yqjK_yqjD_yqjC_predicted,0.5357142857142857,41,27,ACTCAAGACGCGGCCAAATG,14,5231769
yqjE_yqjK_yqjD_yqjC_predicted,2.642857142857143,100,27,ACTACACCAGTCTAGGTATC,73,5204716
yqjE_yqjK_yqjD_yqjC_predicted,0.25,33,27,ACCATTATCCGACAATGGTA,6,5211547
yqjE_yqjK_yqjD_yqjC_predicted,1.2142857142857142,60,27,ACCAGTTGATCTTGCGAAAG,33,5241264
yqjE_yqjK_yqjD_yqjC_predicted,1.0714285714285714,56,27,ACCAGAGGGATAGTAAAATA,29,5177398
yqjE_yqjK_yqjD_yqjC_predicted,1.5714285714285714,70,27,ACATCTAATTACGGAACTGG,43,5194292
yqjE_yqjK_yqjD_yqjC_predicted,1.0,54,27,ACACATTCAGCGTACAACGT,27,5197001
yqjE_yqjK_yqjD_yqjC_predicted,5.714285714285714,186,27,AACGGGGGTGAAGTTGAACC,159,5189004
yqjE_yqjK_yqjD_yqjC_predicted,0.8888888888888888,49,26,TGTGATCCCCGTTTCTTCTA,23,5216269
yqjE_yqjK_yqjD_yqjC_predicted,1.0740740740740742,54,26,TGTCGGGTGTGGTAGGGCCA,28,5226876
yqjE_yqjK_yqjD_yqjC_predicted,0.07407407407407407,27,26,TGAACCCCACTGGAAACCTC,1,5185852
yqjE_yqjK_yqjD_yqjC_predicted,0.1111111111111111,28,26,TCTAGCGCAAGTCCAGTATA,2,5179858
yqjE_yqjK_yqjD_yqjC_predicted,0.7777777777777778,46,26,TCCGTACCAATCAGGCTCAA,20,5175712
yqjE_yqjK_yqjD_yqjC_predicted,1.2592592592592593,59,26,TCAGAACTAAGGTTCTCTGT,33,5210734
yqjE_yqjK_yqjD_yqjC_predicted,7.518518518518518,228,26,TAAGTGCAACAACCTTCAAG,202,5247610
yqjE_yqjK_yqjD_yqjC_predicted,3.8518518518518516,129,26,GTTAGCGTCGAAATGGAACG,103,5247967
yqjE_yqjK_yqjD_yqjC_predicted,8.555555555555555,256,26,GTATAACTATGGGGGAAGAA,230,5191490
yqjE_yqjK_yqjD_yqjC_predicted,12.11111111111111,352,26,GGGCAGTACGGGGTTGCTAG,326,5180931
yqjE_yqjK_yqjD_yqjC_predicted,2.2222222222222223,85,26,GGAAACCCTGACAGTATAAC,59,5245619
yqjE_yqjK_yqjD_yqjC_predicted,1.2222222222222223,58,26,GCTACATCTAGATATGCAGA,32,5223266
yqjE_yqjK_yqjD_yqjC_predicted,0.14814814814814814,29,26,GCGGCACTAAAGGCCGAACT,3,5229094
yqjE_yqjK_yqjD_yqjC_predicted,4.222222222222222,139,26,GCATCGTTTGCCTTTGGCGG,113,5200097
yqjE_yqjK_yqjD_yqjC_predicted,1.8518518518518519,75,26,GCAAATATCATGTGTTCCGC,49,5245360
yqjE_yqjK_yqjD_yqjC_predicted,0.4444444444444444,37,26,CTCCCACAACCTGAGTCTGT,11,5207062
yqjE_yqjK_yqjD_yqjC_predicted,0.2222222222222222,31,26,CGTATAGTTCTTTACTGTGT,5,5195351
yqjE_yqjK_yqjD_yqjC_predicted,0.07407407407407407,27,26,CGTAACGTAAGGACTGTGCA,1,5193059
yqjE_yqjK_yqjD_yqjC_predicted,2.1481481481481484,83,26,CGGAGGCCTACGCAACACTA,57,5205567
yqjE_yqjK_yqjD_yqjC_predicted,1.8518518518518519,75,26,CGCGCTGGAGGCCGATCATC,49,5171951
yqjE_yqjK_yqjD_yqjC_predicted,3.1481481481481484,110,26,CATGTTGGGGTAGACTCATA,84,5223327
yqjE_yqjK_yqjD_yqjC_predicted,0.7777777777777778,46,26,ATGTCCTCGTAGATCAATAA,20,5186442
yqjE_yqjK_yqjD_yqjC_predicted,0.6296296296296297,42,26,ATGAACATGATGTCGCACCT,16,5244034
yqjE_yqjK_yqjD_yqjC_predicted,0.4444444444444444,37,26,ATCTAGTCCCCAAAGGGCGA,11,5210048
yqjE_yqjK_yqjD_yqjC_predicted,2.1481481481481484,83,26,ATCCGTGGCGTGCAGTCGCT,57,5233757
yqjE_yqjK_yqjD_yqjC_predicted,5.074074074074074,162,26,ATCCACGCCCCAGAAGGAGT,136,5205127
yqjE_yqjK_yqjD_yqjC_predicted,2.3703703703703702,89,26,AGTGCGCGGGACCCGGTAAA,63,5192465
yqjE_yqjK_yqjD_yqjC_predicted,0.7037037037037037,44,26,AGTCTCCTCTTCGGATTATC,18,5186705
yqjE_yqjK_yqjD_yqjC_predicted,1.0,52,26,AGGCGCTACCCCAAAGGAAT,26,5252071
yqjE_yqjK_yqjD_yqjC_predicted,1.9259259259259258,77,26,ACGCACCATATAGCGTGCTA,51,5218571
yqjE_yqjK_yqjD_yqjC_predicted,0.14814814814814814,29,26,AACTCAAACGCTTTATCCAC,3,5207184
yqjE_yqjK_yqjD_yqjC_predicted,0.2692307692307692,31,25,TTTATGCTCCGTGCCGGTGG,6,5176951
yqjE_yqjK_yqjD_yqjC_predicted,0.9230769230769231,48,25,TTGTAAACCTGTGGCACAGA,23,5242912
yqjE_yqjK_yqjD_yqjC_predicted,5.423076923076923,165,25,TTACCAGGAGAATGCGGAGA,140,5204107
yqjE_yqjK_yqjD_yqjC_predicted,0.07692307692307693,26,25,TTAAGACATGTCAAATTCAG,1,5174468
yqjE_yqjK_yqjD_yqjC_predicted,1.0384615384615385,51,25,TGGTACGCCATCTACATGAG,26,5246999
yqjE_yqjK_yqjD_yqjC_predicted,1.3076923076923077,58,25,TGATAAGAACCGATTTGAGG,33,5213199
yqjE_yqjK_yqjD_yqjC_predicted,2.3076923076923075,84,25,TCATGGTATTGTTTTGCCTT,59,5192461
yqjE_yqjK_yqjD_yqjC_predicted,1.3461538461538463,59,25,TAGCAGATAGTCTGGTGCCT,34,5190165
yqjE_yqjK_yqjD_yqjC_predicted,22.692307692307693,614,25,TAAAGCGAGGGTGCTTAGTG,589,5197229
yqjE_yqjK_yqjD_yqjC_predicted,0.19230769230769232,29,25,GTTTTAAGCGGTATACACAA,4,5183900
yqjE_yqjK_yqjD_yqjC_predicted,3.423076923076923,113,25,GTGGGAGTCTTCCTATGGTA,88,5257796
yqjE_yqjK_yqjD_yqjC_predicted,1.9230769230769231,74,25,GTCTCACCTCTACATTGTTA,49,5194689
yqjE_yqjK_yqjD_yqjC_predicted,2.0384615384615383,77,25,GGTAGGATCACGCAGCGGCT,52,5189138
yqjE_yqjK_yqjD_yqjC_predicted,2.3461538461538463,85,25,GGTAGGACGATACTGTCAAG,60,5229490
yqjE_yqjK_yqjD_yqjC_predicted,5.230769230769231,160,25,GGGTACGTACGTTTTGGATA,135,5254419
yqjE_yqjK_yqjD_yqjC_predicted,0.9615384615384616,49,25,GGAGGTGGTACTGGTGCAGG,24,5214643
yqjE_yqjK_yqjD_yqjC_predicted,2.576923076923077,91,25,GAGTCTCGTAGCCCACCGGT,66,5247318
yqjE_yqjK_yqjD_yqjC_predicted,1.2307692307692308,56,25,GAGCGGGACCTCCGGTGTGT,31,5199857
yqjE_yqjK_yqjD_yqjC_predicted,0.07692307692307693,26,25,GAGCGGCTGAATGTATGTTG,1,5186475
yqjE_yqjK_yqjD_yqjC_predicted,2.5,89,25,GAATCAAGTGAAACTGAGCT,64,5190407
yqjE_yqjK_yqjD_yqjC_predicted,0.34615384615384615,33,25,CTTGTTGGCGCTTGCTTCCT,8,5213919
yqjE_yqjK_yqjD_yqjC_predicted,11.23076923076923,316,25,CTGTATTACCGACGAACCCT,291,5219177
yqjE_yqjK_yqjD_yqjC_predicted,11.76923076923077,330,25,CGCCATCACCGCACGGCTTT,305,5191708
yqjE_yqjK_yqjD_yqjC_predicted,0.07692307692307693,26,25,CCGCCGTATTGTGTTCCTTT,1,5259328
yqjE_yqjK_yqjD_yqjC_predicted,0.3076923076923077,32,25,CCAAGCGTTCTAACCACTTT,7,5186393
yqjE_yqjK_yqjD_yqjC_predicted,6.269230769230769,187,25,CACCTTTCAGGCTGGCACCA,162,5198188
yqjE_yqjK_yqjD_yqjC_predicted,0.07692307692307693,26,25,AGTTTTATCTGACCGCCAGT,1,5171420
yqjE_yqjK_yqjD_yqjC_predicted,34.84615384615385,930,25,AGTCAGACAGAGGTAACAGT,905,5191942
yqjE_yqjK_yqjD_yqjC_predicted,1.6538461538461537,67,25,ACGGCTTGAGGGCAGAATCT,42,5230751
yqjE_yqjK_yqjD_yqjC_predicted,2.3461538461538463,85,25,ACCTGTAGGACAAGTGGACC,60,5185713
yqjE_yqjK_yqjD_yqjC_predicted,2.769230769230769,96,25,ACATCCCTGAAAGATTGAAA,71,5205950
yqjE_yqjK_yqjD_yqjC_predicted,1.5,63,25,AAGTGAGTTCGGTCTGCCTG,38,5178372
yqjE_yqjK_yqjD_yqjC_predicted,1.9230769230769231,74,25,AAGTCTCGCAGGCGGCCGTA,49,5217476
yqjE_yqjK_yqjD_yqjC_predicted,0.9230769230769231,48,25,AAGGCTGGCTGGTTCGTAGT,23,5201393
yqjE_yqjK_yqjD_yqjC_predicted,1.2307692307692308,56,25,AAGCATTACCCAACGATCAA,31,5240029
yqjE_yqjK_yqjD_yqjC_predicted,2.52,86,24,TTCGGACGGAAGCGGAATTG,62,5199181
yqjE_yqjK_yqjD_yqjC_predicted,7.64,214,24,TTAGCCTACTGTAGCGGAAG,190,5199000
yqjE_yqjK_yqjD_yqjC_predicted,1.12,51,24,TGCTTGAGCGCAGCCTCGAT,27,5196649
yqjE_yqjK_yqjD_yqjC_predicted,1.32,56,24,TGCGTAGATGATTCAGCGCT,32,5174574
yqjE_yqjK_yqjD_yqjC_predicted,2.56,87,24,TGAACATCGTAAGTACAAAA,63,5207110
yqjE_yqjK_yqjD_yqjC_predicted,0.4,33,24,TCTTGACAGCCCAAAAGCAA,9,5244183
yqjE_yqjK_yqjD_yqjC_predicted,1.68,65,24,TCGGGTCAGCTCTTTTAAGT,41,5182955
yqjE_yqjK_yqjD_yqjC_predicted,3.16,102,24,TCGCAAGTTGCTTTGGACTC,78,5190465
yqjE_yqjK_yqjD_yqjC_predicted,2.44,84,24,TCCAGGCACAGGGGTCCAAA,60,5260239
yqjE_yqjK_yqjD_yqjC_predicted,1.08,50,24,GTCTCAGCTGGTAGAGGCCA,26,5180892
yqjE_yqjK_yqjD_yqjC_predicted,0.08,25,24,GTAAGTGGTACTGAAGCCAT,1,5235131
yqjE_yqjK_yqjD_yqjC_predicted,0.44,34,24,GGTTCACACGGCGGCAGCAT,10,5213860
yqjE_yqjK_yqjD_yqjC_predicted,0.52,36,24,GGTAGATGCGGCATTCCTAT,12,5222615
yqjE_yqjK_yqjD_yqjC_predicted,3.2,103,24,GCTAACGGACTAGGCATAGT,79,5220099
yqjE_yqjK_yqjD_yqjC_predicted,0.52,36,24,GCATTTCTAGAAGGTTAATA,12,5209055
yqjE_yqjK_yqjD_yqjC_predicted,0.92,46,24,GCACACAGACGGGCTGCTTG,22,5234670
yqjE_yqjK_yqjD_yqjC_predicted,0.76,42,24,GCAACACAGCCCGAACGACT,18,5206915
yqjE_yqjK_yqjD_yqjC_predicted,0.32,31,24,GATCCCTGAGATGTAAATGA,7,5211821
yqjE_yqjK_yqjD_yqjC_predicted,0.6,38,24,GACTGAAGATGGGGTCGTAA,14,5250099
yqjE_yqjK_yqjD_yqjC_predicted,1.6,63,24,GACGATATCGACCAATCATT,39,5217398
yqjE_yqjK_yqjD_yqjC_predicted,4.6,138,24,GACAAATTCGCGCTCCCGTT,114,5200093
yqjE_yqjK_yqjD_yqjC_predicted,3.96,122,24,GAAAGTAGTTGCGTTAGAGA,98,5174638
yqjE_yqjK_yqjD_yqjC_predicted,1.16,52,24,CTTGGGGGGTATCTAGTTAC,28,5254921
yqjE_yqjK_yqjD_yqjC_predicted,1.04,49,24,CTTGACTTGCTGAGCAACTT,25,5209401
yqjE_yqjK_yqjD_yqjC_predicted,1.48,60,24,CTAAAGATAAAAAGGGCTTG,36,5218909
yqjE_yqjK_yqjD_yqjC_predicted,0.52,36,24,CCGGTAGGCTTACCGAATAT,12,5189092
yqjE_yqjK_yqjD_yqjC_predicted,0.76,42,24,CCCAAAGGTATACATCGGTC,18,5257631
yqjE_yqjK_yqjD_yqjC_predicted,0.08,25,24,CCATAAAGGTAAGAAGGAAT,1,5180897
yqjE_yqjK_yqjD_yqjC_predicted,4.8,143,24,CAACCTCGTGGGCTCACTAT,119,5216095
yqjE_yqjK_yqjD_yqjC_predicted,1.0,48,24,CAAATTTATGAATGTGTGAA,24,5223945
yqjE_yqjK_yqjD_yqjC_predicted,3.44,109,24,ATTATGTGACCAACCTGTCA,85,5260363
yqjE_yqjK_yqjD_yqjC_predicted,3.48,110,24,ATCGCGATCTCTAGTGCGGT,86,5215261
yqjE_yqjK_yqjD_yqjC_predicted,1.2,53,24,ATCCGACCGTCTAAGCGCAT,29,5208828
yqjE_yqjK_yqjD_yqjC_predicted,0.56,37,24,ATCATCGTCAGATATGGTGG,13,5211950
yqjE_yqjK_yqjD_yqjC_predicted,1.8,68,24,AGGAGGAACAGGCCGGAGTC,44,5199806
yqjE_yqjK_yqjD_yqjC_predicted,1.12,51,24,AGATGTAGGCTAAGGATTTT,27,5249175
yqjE_yqjK_yqjD_yqjC_predicted,1.16,52,24,AGAGGTTTAGACAATCGTTA,28,5259416
yqjE_yqjK_yqjD_yqjC_predicted,1.28,55,24,ACTACGTATGCCAAGGCCAT,31,5250364
yqjE_yqjK_yqjD_yqjC_predicted,3.72,116,24,ACCGTTAAAACGGGTTTCAT,92,5174690
yqjE_yqjK_yqjD_yqjC_predicted,0.08,25,24,AATTATTATGAAGGACGGAG,1,5243796
yqjE_yqjK_yqjD_yqjC_predicted,1.48,60,24,AAACCCCTCCAATTAGATTA,36,5190004
yqjE_yqjK_yqjD_yqjC_predicted,0.6666666666666666,38,23,TTGTTCTATGTCCCGGTGGT,15,5243424
yqjE_yqjK_yqjD_yqjC_predicted,1.125,49,23,TTCTTTTGCTTTTGCACGAC,26,5240156
yqjE_yqjK_yqjD_yqjC_predicted,0.3333333333333333,30,23,TTCCCTCTCACATACTAACG,7,5194181
yqjE_yqjK_yqjD_yqjC_predicted,2.875,91,23,TTCAAGAAATAGGGGTTCCT,68,5261217
yqjE_yqjK_yqjD_yqjC_predicted,1.0,46,23,TTATTGAGCGTGCACTCTGC,23,5227871
yqjE_yqjK_yqjD_yqjC_predicted,1.0833333333333333,48,23,TTATGAGGCATCTTTTTCTC,25,5205279
yqjE_yqjK_yqjD_yqjC_predicted,0.3333333333333333,30,23,TGCGGATCGACGATTGTTGA,7,5200674
yqjE_yqjK_yqjD_yqjC_predicted,1.6666666666666667,62,23,TGCCATTCCACCTCGCAATT,39,5201061
yqjE_yqjK_yqjD_yqjC_predicted,1.7083333333333333,63,23,TCGCGCGGGGACCATTTTTC,40,5262148
yqjE_yqjK_yqjD_yqjC_predicted,1.4166666666666667,56,23,TCGAGGTGAGAGGTCGTATA,33,5225877
yqjE_yqjK_yqjD_yqjC_predicted,33.666666666666664,830,23,TCCCTACGAGGGCGATGCGA,807,5180836
yqjE_yqjK_yqjD_yqjC_predicted,2.375,79,23,TCAGTTAAGGTAAAACTCAA,56,5181732
yqjE_yqjK_yqjD_yqjC_predicted,2.0833333333333335,72,23,TAGGGTGTAATTGGACCGCG,49,5173550
yqjE_yqjK_yqjD_yqjC_predicted,0.5833333333333334,36,23,TAATCACACGAATGACACCT,13,5176968
yqjE_yqjK_yqjD_yqjC_predicted,8.375,223,23,GTACCAACGGGGTCGCGATA,200,5253351
yqjE_yqjK_yqjD_yqjC_predicted,1.5416666666666667,59,23,GGTAAGCCAGAGGCTAGCAT,36,5206503
yqjE_yqjK_yqjD_yqjC_predicted,16.0,406,23,GGCGGTCTTCATAGAGTCGT,383,5256922
yqjE_yqjK_yqjD_yqjC_predicted,0.125,25,23,GGACATGCTGCCATAATGAT,2,5221476
yqjE_yqjK_yqjD_yqjC_predicted,0.625,37,23,GCTCCCCAAAATGCATACCT,14,5204829
yqjE_yqjK_yqjD_yqjC_predicted,0.08333333333333333,24,23,GCGTTTTAATAATGTTAACG,1,5231828
yqjE_yqjK_yqjD_yqjC_predicted,1.375,55,23,GCCTACGGTCAGAGGAATAA,32,5223955
yqjE_yqjK_yqjD_yqjC_predicted,0.8333333333333334,42,23,GCCGGACTTCTCGTTCGATC,19,5256708
yqjE_yqjK_yqjD_yqjC_predicted,3.125,97,23,GATTGAATGTCGAGGACCCA,74,5217239
yqjE_yqjK_yqjD_yqjC_predicted,2.9166666666666665,92,23,GAGTAGCGCCAGGTTAGTCA,69,5203141
yqjE_yqjK_yqjD_yqjC_predicted,2.5416666666666665,83,23,GAGATACATTCGCGATCGCT,60,5221892
yqjE_yqjK_yqjD_yqjC_predicted,0.7916666666666666,41,23,CTGTCCCAAGACGAAGATTA,18,5173553
yqjE_yqjK_yqjD_yqjC_predicted,2.75,88,23,CTCGTAGTGGGCATTTGTTT,65,5251790
yqjE_yqjK_yqjD_yqjC_predicted,0.8333333333333334,42,23,CGTTCAGCTGCAATGGTTTA,19,5226460
yqjE_yqjK_yqjD_yqjC_predicted,0.125,25,23,CGTCCTATGCGAGTGTCCAG,2,5183291
yqjE_yqjK_yqjD_yqjC_predicted,0.16666666666666666,26,23,CGATGTCTTCTCCAGCCGTC,3,5255103
yqjE_yqjK_yqjD_yqjC_predicted,2.2916666666666665,77,23,CGAGACGGCGAAGCCATTCG,54,5257291
yqjE_yqjK_yqjD_yqjC_predicted,1.1666666666666667,50,23,CCATCTTAAGACAGTTCGGC,27,5198619
yqjE_yqjK_yqjD_yqjC_predicted,0.875,43,23,CATTAGCGTCCTCCTCATGG,20,5218564
yqjE_yqjK_yqjD_yqjC_predicted,11.458333333333334,297,23,CACCGTGGTTATCTGTACTA,274,5258128
yqjE_yqjK_yqjD_yqjC_predicted,1.6666666666666667,62,23,ATTATCAAATACTTCTTCTA,39,5223762
yqjE_yqjK_yqjD_yqjC_predicted,2.1666666666666665,74,23,ATGAGTGCGGTCGCGTGAGC,51,5217811
yqjE_yqjK_yqjD_yqjC_predicted,7.166666666666667,194,23,ATCAGGGATTACTTCTGTTA,171,5202048
yqjE_yqjK_yqjD_yqjC_predicted,0.08333333333333333,24,23,ATATTGGTCTTCAGTTGCGG,1,5181143
yqjE_yqjK_yqjD_yqjC_predicted,1.4583333333333333,57,23,ATAGCTCGTTCGTGTATTTT,34,5180884
yqjE_yqjK_yqjD_yqjC_predicted,0.125,25,23,ATAACCCCTTTCGGAGACTT,2,5197782
yqjE_yqjK_yqjD_yqjC_predicted,1.2083333333333333,51,23,AGTTGCTCATTCTTAGTTTG,28,5202628
yqjE_yqjK_yqjD_yqjC_predicted,0.08333333333333333,24,23,AGTAGCAGTTTTACGACAAT,1,5205209
yqjE_yqjK_yqjD_yqjC_predicted,1.25,52,23,ACTAGAGCCAAATCTCCCGC,29,5214645
yqjE_yqjK_yqjD_yqjC_predicted,0.3333333333333333,30,23,ACGTTCGCGAGGAAAGTAAA,7,5212706
yqjE_yqjK_yqjD_yqjC_predicted,0.4583333333333333,33,23,ACCGACCAAACAATTTATTC,10,5262055
yqjE_yqjK_yqjD_yqjC_predicted,1.625,61,23,ACCCAGGTGCGGGAATAAAA,38,5182349
yqjE_yqjK_yqjD_yqjC_predicted,9.75,256,23,ACACGTCGGTTCGCCCTCTT,233,5193992
yqjE_yqjK_yqjD_yqjC_predicted,2.2916666666666665,77,23,AATAGGTTTATGGGTAATCG,54,5236212
yqjE_yqjK_yqjD_yqjC_predicted,1.4782608695652173,55,22,TTTCCCGCCCAGTCGTCTCA,33,5174136
yqjE_yqjK_yqjD_yqjC_predicted,2.6956521739130435,83,22,TTATCTTTAAAACTATACGC,61,5227187
yqjE_yqjK_yqjD_yqjC_predicted,0.391304347826087,30,22,TTAGGGAATCTTGCTCCGGG,8,5172624
yqjE_yqjK_yqjD_yqjC_predicted,3.5217391304347827,102,22,TGTCGGCGCGTATGTACTAA,80,5180097
yqjE_yqjK_yqjD_yqjC_predicted,6.217391304347826,164,22,TGCCTCTTAGTAAGGTGTCT,142,5207893
yqjE_yqjK_yqjD_yqjC_predicted,1.8695652173913044,64,22,TGCCACGTTAGGGCATTCAC,42,5257792
yqjE_yqjK_yqjD_yqjC_predicted,3.8260869565217392,109,22,TGACACGCTCACAATCACAT,87,5174711
yqjE_yqjK_yqjD_yqjC_predicted,18.347826086956523,443,22,TCTTTCGTAGTACACGGTAT,421,5214138
yqjE_yqjK_yqjD_yqjC_predicted,0.34782608695652173,29,22,TCTTTAAGCCTCGCCGTCCG,7,5252790
yqjE_yqjK_yqjD_yqjC_predicted,1.2173913043478262,49,22,TCAACGGAATGCCCTGTAAC,27,5227203
yqjE_yqjK_yqjD_yqjC_predicted,7.782608695652174,200,22,TATCATGCTCGGTGGGACTG,178,5182678
yqjE_yqjK_yqjD_yqjC_predicted,1.2608695652173914,50,22,GTTCGTGCCATATTGTCGGT,28,5197345
yqjE_yqjK_yqjD_yqjC_predicted,5.521739130434782,148,22,GTGCGGCGCAATTCGTCTGT,126,5187702
yqjE_yqjK_yqjD_yqjC_predicted,11.0,274,22,GTCCGCACTTCTTCCCGTTA,252,5201326
yqjE_yqjK_yqjD_yqjC_predicted,11.826086956521738,293,22,GTCCCGAAGCTTGTATAATT,271,5208089
yqjE_yqjK_yqjD_yqjC_predicted,0.9565217391304348,43,22,GTCACTTCTTTTAGGGGATC,21,5220680
yqjE_yqjK_yqjD_yqjC_predicted,2.4347826086956523,77,22,GTCACGAGGTGTAATAACCT,55,5174953
yqjE_yqjK_yqjD_yqjC_predicted,1.173913043478261,48,22,GTACGGGACTCGGCTACTGG,26,5257630
yqjE_yqjK_yqjD_yqjC_predicted,1.7826086956521738,62,22,GGTGCTGGACCGGCTTCGAC,40,5216142
yqjE_yqjK_yqjD_yqjC_predicted,1.4782608695652173,55,22,GGGAACTCGACAGCGACCAT,33,5215315
yqjE_yqjK_yqjD_yqjC_predicted,3.9565217391304346,112,22,GGCTTCAGTTTGCGTACAAC,90,5205565
yqjE_yqjK_yqjD_yqjC_predicted,1.0,44,22,GGCAGATGCATCCTCTACAC,22,5173603
yqjE_yqjK_yqjD_yqjC_predicted,0.7391304347826086,38,22,GGCAGAAGGGATATAATCTT,16,5171010
yqjE_yqjK_yqjD_yqjC_predicted,15.869565217391305,386,22,GGATGTACCAGAGGAGCCTT,364,5185376
yqjE_yqjK_yqjD_yqjC_predicted,1.4782608695652173,55,22,GCGACCGAGGCTTACGACTC,33,5240778
yqjE_yqjK_yqjD_yqjC_predicted,1.826086956521739,63,22,GCGAATCAGGAGTATTGGAG,41,5248897
yqjE_yqjK_yqjD_yqjC_predicted,12.173913043478262,301,22,GCAATCACCGAAACGACTGG,279,5184508
yqjE_yqjK_yqjD_yqjC_predicted,4.130434782608695,116,22,GACGCTCCGGATGGTAGTTG,94,5244803
yqjE_yqjK_yqjD_yqjC_predicted,4.695652173913044,129,22,GACGACTCCCTAAAACACCC,107,5175808
yqjE_yqjK_yqjD_yqjC_predicted,0.08695652173913043,23,22,CTTTAAAGAATGGCAGTTCC,1,5222687
yqjE_yqjK_yqjD_yqjC_predicted,7.695652173913044,198,22,CTGGGGTCTGGTTCGGATGA,176,5187601
yqjE_yqjK_yqjD_yqjC_predicted,1.8695652173913044,64,22,CTGGGCAAAGACTGGAATCG,42,5178946
yqjE_yqjK_yqjD_yqjC_predicted,0.08695652173913043,23,22,CTATCCGGTCTCACCCTGAA,1,5215937
yqjE_yqjK_yqjD_yqjC_predicted,0.13043478260869565,24,22,CGTAGTCACGAAGGGTCACG,2,5203622
yqjE_yqjK_yqjD_yqjC_predicted,0.8260869565217391,40,22,CGCGTTGGAGGCGAGTTTAG,18,5208901
yqjE_yqjK_yqjD_yqjC_predicted,28.26086956521739,671,22,CGAGGCGTTAGACTAATGTG,649,5174807
yqjE_yqjK_yqjD_yqjC_predicted,0.08695652173913043,23,22,CGAAATGCGGCAACGGGGAC,1,5223062
yqjE_yqjK_yqjD_yqjC_predicted,1.6956521739130435,60,22,CCTTGACGTATAACTTTCCT,38,5242447
yqjE_yqjK_yqjD_yqjC_predicted,0.391304347826087,30,22,CATTTATCCATTTAGCGCAG,8,5219856
yqjE_yqjK_yqjD_yqjC_predicted,9.652173913043478,243,22,CAGTTGCATATACTCAACTG,221,5245639
yqjE_yqjK_yqjD_yqjC_predicted,3.391304347826087,99,22,CAGCCGACGCTACTATTTAC,77,5246494
yqjE_yqjK_yqjD_yqjC_predicted,0.08695652173913043,23,22,CAGACGGACACTAATAACGA,1,5257025
yqjE_yqjK_yqjD_yqjC_predicted,3.0869565217391304,92,22,CACTTAGTTGAGGTCAGGCT,70,5202714
yqjE_yqjK_yqjD_yqjC_predicted,0.43478260869565216,31,22,CACATAGAGAAAGGGATGGC,9,5244572
yqjE_yqjK_yqjD_yqjC_predicted,3.8260869565217392,109,22,CAACTAGATGCGCCATAGAC,87,5178769
yqjE_yqjK_yqjD_yqjC_predicted,0.6956521739130435,37,22,ATGTGAGATTCAGACCCCGA,15,5228811
yqjE_yqjK_yqjD_yqjC_predicted,0.8695652173913043,41,22,ATGGTAGTGGGCCAGCTCGG,19,5202644
yqjE_yqjK_yqjD_yqjC_predicted,1.0869565217391304,46,22,ATGATTGCGTGATACCTTAA,24,5213365
yqjE_yqjK_yqjD_yqjC_predicted,1.9130434782608696,65,22,ATATAAGTGGTTTTGAGTGG,43,5196326
yqjE_yqjK_yqjD_yqjC_predicted,1.9565217391304348,66,22,ATAGGTCTTGCCCTGAGCCT,44,5178408
yqjE_yqjK_yqjD_yqjC_predicted,8.565217391304348,218,22,AGGTCCTTATCCCTGGCTAG,196,5238406
yqjE_yqjK_yqjD_yqjC_predicted,0.08695652173913043,23,22,AGGTCAAATATCTGACATTA,1,5171182
yqjE_yqjK_yqjD_yqjC_predicted,0.9565217391304348,43,22,AGGGGTGAGGCTGGGAGCCC,21,5211667
yqjE_yqjK_yqjD_yqjC_predicted,1.565217391304348,57,22,AGGACAGAGGTGACGGCGTA,35,5251286
yqjE_yqjK_yqjD_yqjC_predicted,0.08695652173913043,23,22,AGCTCTACACGCTGGAGAAC,1,5213058
yqjE_yqjK_yqjD_yqjC_predicted,1.6521739130434783,59,22,AGATCTTACTGTACATCTAA,37,5220626
yqjE_yqjK_yqjD_yqjC_predicted,0.6521739130434783,36,22,AGATCCAGGGTTCAGCAAAT,14,5230018
yqjE_yqjK_yqjD_yqjC_predicted,8.652173913043478,220,22,AGATAAGTACCCCGTCAGAT,198,5181946
yqjE_yqjK_yqjD_yqjC_predicted,0.08695652173913043,23,22,ACGGTCTTTTGTATAAATAA,1,5257241
yqjE_yqjK_yqjD_yqjC_predicted,2.6956521739130435,83,22,ACGGGTAGAACACGTGGTCT,61,5236449
yqjE_yqjK_yqjD_yqjC_predicted,2.0869565217391304,69,22,ACGGACTGAATGGAGACTAA,47,5210241
yqjE_yqjK_yqjD_yqjC_predicted,1.3043478260869565,51,22,AAGGGACGGGTGAAGCGGAT,29,5212942
yqjE_yqjK_yqjD_yqjC_predicted,1.6363636363636365,56,21,TTGCTCCTGCAAATCAAGCC,35,5251798
yqjE_yqjK_yqjD_yqjC_predicted,0.8181818181818182,38,21,TTCTTACCATGTCATACTGC,17,5213228
yqjE_yqjK_yqjD_yqjC_predicted,1.2272727272727273,47,21,TTAATGTGTTTGAATATATA,26,5235720
yqjE_yqjK_yqjD_yqjC_predicted,0.13636363636363635,23,21,TGGTGTTGTTTCCGTCGAGC,2,5185660
yqjE_yqjK_yqjD_yqjC_predicted,4.681818181818182,123,21,TGGGTCGCCTCCCCCGAGTT,102,5197880
yqjE_yqjK_yqjD_yqjC_predicted,5.636363636363637,144,21,TGGGGATATATGCCCCAGTC,123,5180952
yqjE_yqjK_yqjD_yqjC_predicted,5.454545454545454,140,21,TGGCACGTAAGGTCTCGCAT,119,5216035
yqjE_yqjK_yqjD_yqjC_predicted,1.6363636363636365,56,21,TGCGAAGACGGGAAGAGGGT,35,5171138
yqjE_yqjK_yqjD_yqjC_predicted,2.9545454545454546,85,21,TGAATGACTGAAATCCAGAG,64,5204692
yqjE_yqjK_yqjD_yqjC_predicted,1.0454545454545454,43,21,TCTTGTATAACCATGGGCCT,22,5249685
yqjE_yqjK_yqjD_yqjC_predicted,0.18181818181818182,24,21,TCGGAGGTACGGCTGTAGGT,3,5229548
yqjE_yqjK_yqjD_yqjC_predicted,1.3636363636363635,50,21,TCGACCAGTAGTGGTGACAA,29,5227489
yqjE_yqjK_yqjD_yqjC_predicted,2.227272727272727,69,21,TCCTCTTGCGTAGGTCAGCT,48,5211143
yqjE_yqjK_yqjD_yqjC_predicted,0.8636363636363636,39,21,TCACCGGGGATATTGAACTA,18,5197442
yqjE_yqjK_yqjD_yqjC_predicted,0.09090909090909091,22,21,GTTTCCTCAGCCCGTTTGCT,1,5235080
yqjE_yqjK_yqjD_yqjC_predicted,0.3181818181818182,27,21,GTACCAGTCAGTTAGCAGAT,6,5238063
yqjE_yqjK_yqjD_yqjC_predicted,0.7727272727272727,37,21,GGTGCCTAGAACCAATTGTT,16,5182944
yqjE_yqjK_yqjD_yqjC_predicted,3.1818181818181817,90,21,GCTTTGGGGATGCGCAGTAT,69,5246300
yqjE_yqjK_yqjD_yqjC_predicted,4.954545454545454,129,21,GCTTTCGTCAGTCGCTTGGA,108,5245122
yqjE_yqjK_yqjD_yqjC_predicted,1.5909090909090908,55,21,GCGCCCAACCTACATGCTAG,34,5201280
yqjE_yqjK_yqjD_yqjC_predicted,2.1363636363636362,67,21,GCCGGCGCGTTATGAAGGAA,46,5214594
yqjE_yqjK_yqjD_yqjC_predicted,18.727272727272727,432,21,GCCGCGGCTTGATGTGCCCT,411,5261744
yqjE_yqjK_yqjD_yqjC_predicted,0.6818181818181818,35,21,GCCGATCCGAGTTATGAGCT,14,5188542
yqjE_yqjK_yqjD_yqjC_predicted,11.909090909090908,282,21,GATAGGCTCGGTGTCGGTAT,261,5236611
yqjE_yqjK_yqjD_yqjC_predicted,0.09090909090909091,22,21,GAGTGGTATGGGTATTCTAG,1,5181013
yqjE_yqjK_yqjD_yqjC_predicted,1.7727272727272727,59,21,GACTGGTTGTAGCGTTAGGC,38,5259808
yqjE_yqjK_yqjD_yqjC_predicted,1.5,53,21,GACTCCTTCCTCAGCCGAGA,32,5176386
yqjE_yqjK_yqjD_yqjC_predicted,2.6363636363636362,78,21,GACTACTTACAACCTCTCAT,57,5204433
yqjE_yqjK_yqjD_yqjC_predicted,2.8636363636363638,83,21,GAAGCTAATTAATTACGCGG,62,5222454
yqjE_yqjK_yqjD_yqjC_predicted,0.13636363636363635,23,21,CTTCGACGAGCCCTATTGAA,2,5245383
yqjE_yqjK_yqjD_yqjC_predicted,9.5,229,21,CTTAAGTGAGTACGTCCTAC,208,5234790
yqjE_yqjK_yqjD_yqjC_predicted,0.36363636363636365,28,21,CTGTCCTGGGCCTGAGAACT,7,5245564
yqjE_yqjK_yqjD_yqjC_predicted,1.2272727272727273,47,21,CTGGTAGTGTACCTAACCTA,26,5182564
yqjE_yqjK_yqjD_yqjC_predicted,1.5,53,21,CTGCTGCGGGTAAAGGTGGA,32,5196660
yqjE_yqjK_yqjD_yqjC_predicted,0.9545454545454546,41,21,CTCGAAAAGTATACTTGATC,20,5259947
yqjE_yqjK_yqjD_yqjC_predicted,0.09090909090909091,22,21,CGTTCGGCTTAAGCGGGCTT,1,5173146
yqjE_yqjK_yqjD_yqjC_predicted,1.3181818181818181,49,21,CGTCCAACGGAAGTGCAGAT,28,5179854
yqjE_yqjK_yqjD_yqjC_predicted,1.4545454545454546,52,21,CGGCCACCATACGCCCTGCA,31,5220576
yqjE_yqjK_yqjD_yqjC_predicted,0.3181818181818182,27,21,CCTTAACCCGGAGGTAAGGG,6,5245504
yqjE_yqjK_yqjD_yqjC_predicted,1.6818181818181819,57,21,CCTGCTTTAAGATTTTTACT,36,5228887
yqjE_yqjK_yqjD_yqjC_predicted,0.09090909090909091,22,21,CCTGCCCCGCCTTGCGTTCG,1,5195003
yqjE_yqjK_yqjD_yqjC_predicted,1.9545454545454546,63,21,CCGTTTCTGCTCGCCCAACT,42,5210992
yqjE_yqjK_yqjD_yqjC_predicted,1.0454545454545454,43,21,CCCTTGCCTTATAAATAACA,22,5195335
yqjE_yqjK_yqjD_yqjC_predicted,0.4090909090909091,29,21,CCATGCACCTATCCGAGGTT,8,5252353
yqjE_yqjK_yqjD_yqjC_predicted,0.2727272727272727,26,21,CCAAGCCCCTACTTCTAATT,5,5261900
yqjE_yqjK_yqjD_yqjC_predicted,12.636363636363637,298,21,CATCTTGGTTTATCAAGTGC,277,5197606
yqjE_yqjK_yqjD_yqjC_predicted,1.0,42,21,CATCCCCCCTACTGAACGTT,21,5230650
yqjE_yqjK_yqjD_yqjC_predicted,5.318181818181818,137,21,CAGGATGATTCGGGATTATT,116,5214314
yqjE_yqjK_yqjD_yqjC_predicted,1.5454545454545454,54,21,CAGGAATCGGGTGGAGGGGT,33,5181256
yqjE_yqjK_yqjD_yqjC_predicted,1.2272727272727273,47,21,CAAGGTTAGGTAGTTAAAAA,26,5208286
yqjE_yqjK_yqjD_yqjC_predicted,1.6818181818181819,57,21,CAACGGGGAACTAATCAGAC,36,5209462
yqjE_yqjK_yqjD_yqjC_predicted,3.409090909090909,95,21,ATATGTAGTCCCATTCGTCC,74,5222992
yqjE_yqjK_yqjD_yqjC_predicted,0.7272727272727273,36,21,AGTAGAGCACCACAGATAAT,15,5242687
yqjE_yqjK_yqjD_yqjC_predicted,0.2727272727272727,26,21,AGCCCGACACAAAGTGACGA,5,5255039
yqjE_yqjK_yqjD_yqjC_predicted,0.8181818181818182,38,21,ACTACACCGGAGCGGCTATC,17,5226913
yqjE_yqjK_yqjD_yqjC_predicted,0.5909090909090909,33,21,ACCGTCTCGCCGATTGTTGG,12,5173141
yqjE_yqjK_yqjD_yqjC_predicted,0.4090909090909091,29,21,ACCGCGCAAGGGTCGGATTG,8,5238843
yqjE_yqjK_yqjD_yqjC_predicted,3.9545454545454546,107,21,ACCCAATCAACGTGTCAGAG,86,5182234
yqjE_yqjK_yqjD_yqjC_predicted,0.5,31,21,AATCACGTTCCTACACGTAA,10,5203303
yqjE_yqjK_yqjD_yqjC_predicted,3.9545454545454546,107,21,AATATCTGGTCAGATGAGAG,86,5259269
yqjE_yqjK_yqjD_yqjC_predicted,2.8636363636363638,83,21,AAGTCGGGACCTCTTGATTA,62,5191006
yqjE_yqjK_yqjD_yqjC_predicted,2.6818181818181817,79,21,AACTTGTAGTGACATTACAC,58,5215757
yqjE_yqjK_yqjD_yqjC_predicted,3.6818181818181817,101,21,AACCCCCAGTGATGCTCATC,80,5189221
yqjE_yqjK_yqjD_yqjC_predicted,1.0,42,21,AAATATCGGAGTTTTCTGCA,21,5177837
yqjE_yqjK_yqjD_yqjC_predicted,0.7272727272727273,36,21,AAACTGCCTTGTCCCGTTCA,15,5233156
yqjE_yqjK_yqjD_yqjC_predicted,2.409090909090909,73,21,AAAATATCTCGGAAACCAGT,52,5183122
yqjE_yqjK_yqjD_yqjC_predicted,5.714285714285714,139,20,TTGGTAGCTTCAGTTTCTTC,119,5218212
yqjE_yqjK_yqjD_yqjC_predicted,3.3333333333333335,89,20,TTCGTACCGACCTTATTAAT,69,5179243
yqjE_yqjK_yqjD_yqjC_predicted,2.2857142857142856,67,20,TTCCGGTGAGCTCCCAACAG,47,5247978
yqjE_yqjK_yqjD_yqjC_predicted,3.1904761904761907,86,20,TTCCAGCACCGTCGGTTAAA,66,5191246
yqjE_yqjK_yqjD_yqjC_predicted,0.09523809523809523,21,20,TTAGATACCTTGCACGGAGC,1,5209813
yqjE_yqjK_yqjD_yqjC_predicted,1.0952380952380953,42,20,TTAAGTTCGCCAGTTGCCGG,22,5236024
yqjE_yqjK_yqjD_yqjC_predicted,5.809523809523809,141,20,TGTGAACACTTTCCGATTTG,121,5200282
yqjE_yqjK_yqjD_yqjC_predicted,4.428571428571429,112,20,TGTAACTATCCAAATCCGTC,92,5173216
yqjE_yqjK_yqjD_yqjC_predicted,1.5238095238095237,51,20,TGAGGTGTTACGGCCCTCCA,31,5249955
yqjE_yqjK_yqjD_yqjC_predicted,1.7619047619047619,56,20,TGAGCTCTAGGTGCGATTCA,36,5177928
yqjE_yqjK_yqjD_yqjC_predicted,1.6666666666666667,54,20,TCGCCCACTCTGGGGCTGTA,34,5258816
yqjE_yqjK_yqjD_yqjC_predicted,1.1428571428571428,43,20,TCGAGCTGATATGACCCTGG,23,5187612
yqjE_yqjK_yqjD_yqjC_predicted,0.38095238095238093,27,20,TCACGTCCTGAACTGTTGCG,7,5249718
yqjE_yqjK_yqjD_yqjC_predicted,2.4761904761904763,71,20,TATAAACCCACGGTTGCTGT,51,5176277
yqjE_yqjK_yqjD_yqjC_predicted,13.380952380952381,300,20,TAGGCGTCCAAGCGCCGAAA,280,5187240
yqjE_yqjK_yqjD_yqjC_predicted,1.8095238095238095,57,20,TAGGACCTGATACTCCTCCA,37,5217902
yqjE_yqjK_yqjD_yqjC_predicted,2.0952380952380953,63,20,TACCGCGCTCGTCTATCGCT,43,5179773
yqjE_yqjK_yqjD_yqjC_predicted,2.1904761904761907,65,20,TAATCGCTCTTCCCGTGTAA,45,5243450
yqjE_yqjK_yqjD_yqjC_predicted,3.238095238095238,87,20,GTTTCAGCAACCCTCATTAA,67,5232725
yqjE_yqjK_yqjD_yqjC_predicted,2.142857142857143,64,20,GTTAATCTACGCCTTTAGTG,44,5224782
yqjE_yqjK_yqjD_yqjC_predicted,2.0476190476190474,62,20,GTGTTGCATTACAGACATTC,42,5175947
yqjE_yqjK_yqjD_yqjC_predicted,0.8571428571428571,37,20,GTGACTCCACCTAATGTCAT,17,5187043
yqjE_yqjK_yqjD_yqjC_predicted,38.523809523809526,828,20,GTGACCTGTATCACCTCAAT,808,5235264
yqjE_yqjK_yqjD_yqjC_predicted,1.8095238095238095,57,20,GTCGCTACCAGTTAGGCCCA,37,5209943
yqjE_yqjK_yqjD_yqjC_predicted,0.42857142857142855,28,20,GTAGTGGAAGGTCTCTCTAA,8,5233693
yqjE_yqjK_yqjD_yqjC_predicted,2.761904761904762,77,20,GTAGAACCTTACCCATTAGG,57,5257800
yqjE_yqjK_yqjD_yqjC_predicted,0.09523809523809523,21,20,GGCACATTTCCTCGCCACCT,1,5176095
yqjE_yqjK_yqjD_yqjC_predicted,1.4761904761904763,50,20,GGAAATCGCAAATTCTTTCG,30,5184409
yqjE_yqjK_yqjD_yqjC_predicted,0.42857142857142855,28,20,GCTAGGTAGGACCTGTTTCA,8,5202627
yqjE_yqjK_yqjD_yqjC_predicted,1.9523809523809523,60,20,GCGGGAAGTTACTACTTCCG,40,5172446
yqjE_yqjK_yqjD_yqjC_predicted,0.47619047619047616,29,20,GCGCATGGGAAGAGGCGCAA,9,5203490
yqjE_yqjK_yqjD_yqjC_predicted,1.7619047619047619,56,20,GCGAGGCTCGTCCCTAAGTG,36,5234170
yqjE_yqjK_yqjD_yqjC_predicted,1.380952380952381,48,20,GCATGGGCTATACTGTTTCC,28,5217556
yqjE_yqjK_yqjD_yqjC_predicted,7.333333333333333,173,20,GATCACCTTGTTAACCAACG,153,5221668
yqjE_yqjK_yqjD_yqjC_predicted,3.619047619047619,95,20,GATACGTGGCGCCGCCGAAA,75,5256537
yqjE_yqjK_yqjD_yqjC_predicted,1.1428571428571428,43,20,GAGCAAAGGTTTCACCTCTA,23,5254347
yqjE_yqjK_yqjD_yqjC_predicted,2.1904761904761907,65,20,GAACCTCTTCTTTCAGTTTC,45,5244798
yqjE_yqjK_yqjD_yqjC_predicted,0.5714285714285714,31,20,GAAAGGTTGCCTATGAATAG,11,5208190
yqjE_yqjK_yqjD_yqjC_predicted,1.0476190476190477,41,20,CTGAAGCCCTGTTTCCCGTT,21,5213075
yqjE_yqjK_yqjD_yqjC_predicted,0.9523809523809523,39,20,CTCGCTGAACGGGACTCGCA,19,5207128
yqjE_yqjK_yqjD_yqjC_predicted,2.6666666666666665,75,20,CTCATACAGCGATTAGCGTA,55,5188074
yqjE_yqjK_yqjD_yqjC_predicted,6.761904761904762,161,20,CTACATGCGGTGCCTCCGCC,141,5260372
yqjE_yqjK_yqjD_yqjC_predicted,9.523809523809524,219,20,CGTATAGGACCGGCCCTTCT,199,5189415
yqjE_yqjK_yqjD_yqjC_predicted,5.476190476190476,134,20,CGGTCAAGTTTTTAGGAATG,114,5198999
yqjE_yqjK_yqjD_yqjC_predicted,1.1904761904761905,44,20,CGGGGGACTAATATATTTCA,24,5207588
yqjE_yqjK_yqjD_yqjC_predicted,2.380952380952381,69,20,CCTGGGAACTAGGGGTTAGA,49,5229270
yqjE_yqjK_yqjD_yqjC_predicted,1.1428571428571428,43,20,CCTAATGGACGATCCGGGAC,23,5256452
yqjE_yqjK_yqjD_yqjC_predicted,1.1904761904761905,44,20,CCCGTGTCCATCTATTGCAA,24,5206350
yqjE_yqjK_yqjD_yqjC_predicted,2.6666666666666665,75,20,CATATCGCTCTCACGTGTCC,55,5211737
yqjE_yqjK_yqjD_yqjC_predicted,3.9047619047619047,101,20,CAGTGGTGCGTAGGGGTCTA,81,5172810
yqjE_yqjK_yqjD_yqjC_predicted,0.42857142857142855,28,20,CAGGACGCGTAAATCGCTAG,8,5240144
yqjE_yqjK_yqjD_yqjC_predicted,1.0952380952380953,42,20,CACGGATGTCTCAACTCTTA,22,5225932
yqjE_yqjK_yqjD_yqjC_predicted,0.14285714285714285,22,20,CACGACAACCCGAGCCTGCG,2,5241843
yqjE_yqjK_yqjD_yqjC_predicted,8.571428571428571,199,20,CACAAGAGGCCGGAAGAGCA,179,5218143
yqjE_yqjK_yqjD_yqjC_predicted,0.7142857142857143,34,20,CAAGTTACTCATTGTATGTT,14,5173489
yqjE_yqjK_yqjD_yqjC_predicted,1.7619047619047619,56,20,CAACATGAACTCTTACGAAA,36,5181191
yqjE_yqjK_yqjD_yqjC_predicted,1.1428571428571428,43,20,CAAACGTCAGCTATTATTCG,23,5216578
yqjE_yqjK_yqjD_yqjC_predicted,2.761904761904762,77,20,ATTGAGCTTGTATTGTCTTC,57,5243160
yqjE_yqjK_yqjD_yqjC_predicted,4.714285714285714,118,20,ATGGCGCCGACCGGTATAAT,98,5195489
yqjE_yqjK_yqjD_yqjC_predicted,5.571428571428571,136,20,ATGGACACATTGACAGGTTT,116,5262844
yqjE_yqjK_yqjD_yqjC_predicted,0.8571428571428571,37,20,ATCTTAGTGTGAGTTCTTGT,17,5182747
yqjE_yqjK_yqjD_yqjC_predicted,0.2857142857142857,25,20,ATAGGTCATCGGGGATAATA,5,5181397
yqjE_yqjK_yqjD_yqjC_predicted,0.7142857142857143,34,20,AGGGTTTCGAAGAATAGTAA,14,5222327
yqjE_yqjK_yqjD_yqjC_predicted,0.6666666666666666,33,20,AGATTATCCCTGTTAGGTTT,13,5183866
yqjE_yqjK_yqjD_yqjC_predicted,1.2380952380952381,45,20,AGAAGGGACCATTCGCGCTG,25,5173646
yqjE_yqjK_yqjD_yqjC_predicted,40.476190476190474,869,20,ACTTGTAGGCTTCATTAAGT,849,5174796
yqjE_yqjK_yqjD_yqjC_predicted,3.1904761904761907,86,20,ACTGGCGAAAGGGGCGACGT,66,5181744
yqjE_yqjK_yqjD_yqjC_predicted,1.7142857142857142,55,20,ACTAGGGCGTGCTCTTCCGG,35,5198396
yqjE_yqjK_yqjD_yqjC_predicted,0.47619047619047616,29,20,ACGGGTGGGGTTCGTTCACG,9,5225664
yqjE_yqjK_yqjD_yqjC_predicted,7.0476190476190474,167,20,ACCGCGAGACAAGTTGCCTT,147,5200420
yqjE_yqjK_yqjD_yqjC_predicted,10.666666666666666,243,20,AAGCATACGTGACGTGTGGT,223,5193000
yqjE_yqjK_yqjD_yqjC_predicted,0.09523809523809523,21,20,AACGGTATTCCGGTCTGGTT,1,5242255
yqjE_yqjK_yqjD_yqjC_predicted,3.857142857142857,100,20,AACGAGTTATTTACGCCTCA,80,5203137
yqjE_yqjK_yqjD_yqjC_predicted,8.142857142857142,190,20,AACCTCTCGGCCCTATCATC,170,5174886
yqjE_yqjK_yqjD_yqjC_predicted,2.6666666666666665,75,20,AAAGCAGATAAAAAACGGAT,55,5182249
yqjE_yqjK_yqjD_yqjC_predicted,2.0,58,19,TTTACTACCGTGGCCTACCA,39,5245385
yqjE_yqjK_yqjD_yqjC_predicted,1.05,39,19,TTTAATGTGACTGTGATAAG,20,5235486
yqjE_yqjK_yqjD_yqjC_predicted,0.55,29,19,TTGGCTCTCTCTGATAATAG,10,5226348
yqjE_yqjK_yqjD_yqjC_predicted,3.7,92,19,TTGCACAAATGGCTCGTAGC,73,5243040
yqjE_yqjK_yqjD_yqjC_predicted,1.2,42,19,TTATGATTCCGACGAACACT,23,5253240
yqjE_yqjK_yqjD_yqjC_predicted,1.55,49,19,TTAGACGCCTTGGTGTTCAT,30,5221147
yqjE_yqjK_yqjD_yqjC_predicted,27.7,572,19,TGGTCGTGCAAGGCTGCACT,553,5181330
yqjE_yqjK_yqjD_yqjC_predicted,5.75,133,19,TGGATGTACAAAGTTCGGCC,114,5193993
yqjE_yqjK_yqjD_yqjC_predicted,1.45,47,19,TCTTCAACGGAACTATGTCA,28,5247943
yqjE_yqjK_yqjD_yqjC_predicted,0.4,26,19,TCTCAATGGATATCCGTGGG,7,5219624
yqjE_yqjK_yqjD_yqjC_predicted,0.1,20,19,TCTAATCCAAGAGCATGACA,1,5188857
yqjE_yqjK_yqjD_yqjC_predicted,0.85,35,19,TCGTGGGCTTAACGCCTTCT,16,5196510
yqjE_yqjK_yqjD_yqjC_predicted,7.2,162,19,TCGGGACTCCCATGTAGGAA,143,5239492
yqjE_yqjK_yqjD_yqjC_predicted,4.75,113,19,TCGCGGTATAAGCGGGGGGT,94,5184997
yqjE_yqjK_yqjD_yqjC_predicted,0.25,23,19,TCCTCAAAGCTATTTAGTTA,4,5176175
yqjE_yqjK_yqjD_yqjC_predicted,1.0,38,19,TCCCGAGTTGGGACTAGCTT,19,5199215
yqjE_yqjK_yqjD_yqjC_predicted,2.6,70,19,TCAGGTACGACCAGTGTTCC,51,5248343
yqjE_yqjK_yqjD_yqjC_predicted,1.55,49,19,TATCTGAGCTAGACACGTTG,30,5209468
yqjE_yqjK_yqjD_yqjC_predicted,1.1,40,19,TATCAGAACACCGGAGTGAC,21,5247430
yqjE_yqjK_yqjD_yqjC_predicted,8.05,179,19,TATCACAGTTAACCATAAGA,160,5182886
yqjE_yqjK_yqjD_yqjC_predicted,0.8,34,19,TAGGCGACACCGGAGCGTCA,15,5188077
yqjE_yqjK_yqjD_yqjC_predicted,5.9,136,19,GTTGCGACAGCAGGTCAAGT,117,5226241
yqjE_yqjK_yqjD_yqjC_predicted,2.45,67,19,GTTGCCCACTGCCCTAAGGT,48,5190404
yqjE_yqjK_yqjD_yqjC_predicted,1.3,44,19,GTTCTTCGGTTCTCCTATTT,25,5187840
yqjE_yqjK_yqjD_yqjC_predicted,1.25,43,19,GTTAATGTATTGTCCAGATC,24,5214597
yqjE_yqjK_yqjD_yqjC_predicted,2.35,65,19,GTCGGGGGCTCCGTTTAATG,46,5214465
yqjE_yqjK_yqjD_yqjC_predicted,1.85,55,19,GTCAGGATTCATGTGCTCTA,36,5196296
yqjE_yqjK_yqjD_yqjC_predicted,0.55,29,19,GGTGTGAACTCTCTCAACGG,10,5205894
yqjE_yqjK_yqjD_yqjC_predicted,0.85,35,19,GGTATATGCATAAGATTTAT,16,5184340
yqjE_yqjK_yqjD_yqjC_predicted,0.1,20,19,GGTAGTATAATGAAGAGCTG,1,5224868
yqjE_yqjK_yqjD_yqjC_predicted,9.5,208,19,GGTACGGGTTTATCTCCATC,189,5198220
yqjE_yqjK_yqjD_yqjC_predicted,5.7,132,19,GGTACACTTACTACGTCACT,113,5226505
yqjE_yqjK_yqjD_yqjC_predicted,1.7,52,19,GGGTGTTACGTTACATGTCT,33,5243820
yqjE_yqjK_yqjD_yqjC_predicted,4.05,99,19,GGGTGATCTTAAATGATCGA,80,5215359
yqjE_yqjK_yqjD_yqjC_predicted,7.15,161,19,GGGCATCGTGGTCCAAATAT,142,5224460
yqjE_yqjK_yqjD_yqjC_predicted,0.95,37,19,GGCGACCCTCGTATCACAAC,18,5206384
yqjE_yqjK_yqjD_yqjC_predicted,1.95,57,19,GGAGCCTGGATACCTTCGGT,38,5187676
yqjE_yqjK_yqjD_yqjC_predicted,2.15,61,19,GGACGCACTTCATAGCGCTA,42,5175787
yqjE_yqjK_yqjD_yqjC_predicted,1.4,46,19,GGAAGGGGACGCGTTACTGG,27,5181026
yqjE_yqjK_yqjD_yqjC_predicted,3.4,86,19,GCTGAACGCGCCCAAACAGT,67,5230758
yqjE_yqjK_yqjD_yqjC_predicted,1.85,55,19,GCGGGGACGGGTCATAACCT,36,5173694
yqjE_yqjK_yqjD_yqjC_predicted,0.4,26,19,GCCTCCCTATTGCCCGATCA,7,5194936
yqjE_yqjK_yqjD_yqjC_predicted,5.5,128,19,GCCACGTTCTCCTCGGGTAA,109,5227987
yqjE_yqjK_yqjD_yqjC_predicted,1.15,41,19,GCCAAAGTACGGCGTACTTA,22,5234208
yqjE_yqjK_yqjD_yqjC_predicted,0.75,33,19,GCAGAATCGTGGATGCAACT,14,5197178
yqjE_yqjK_yqjD_yqjC_predicted,5.15,121,19,GATAGTCATCAACAGCAGGC,102,5249930
yqjE_yqjK_yqjD_yqjC_predicted,0.6,30,19,GAGCAACTGCAGTTGCCCGT,11,5209683
yqjE_yqjK_yqjD_yqjC_predicted,0.95,37,19,GAGAGGGTACGTCATCTTTA,18,5199369
yqjE_yqjK_yqjD_yqjC_predicted,4.25,103,19,GAAAGCGCGATCCTCGCAAT,84,5198122
yqjE_yqjK_yqjD_yqjC_predicted,12.9,276,19,CTTTGGTTGTCATTGAAGGT,257,5200284
yqjE_yqjK_yqjD_yqjC_predicted,16.85,355,19,CTTGTTGTATTCATACAGCA,336,5219152
yqjE_yqjK_yqjD_yqjC_predicted,1.65,51,19,CTTGGGTTTTAAGTGGTACG,32,5229549
yqjE_yqjK_yqjD_yqjC_predicted,0.4,26,19,CTTAACAAAAATTGTAAGGT,7,5221759
yqjE_yqjK_yqjD_yqjC_predicted,0.95,37,19,CTGTAATAAATTAGCGTTCT,18,5193487
yqjE_yqjK_yqjD_yqjC_predicted,7.95,177,19,CTGGGGGTCGGCAGGATTAT,158,5231601
yqjE_yqjK_yqjD_yqjC_predicted,21.25,443,19,CTGGGCAACCCGGTGTTCGC,424,5197626
yqjE_yqjK_yqjD_yqjC_predicted,0.1,20,19,CTATGACAGTGGTTATTGAT,1,5178828
yqjE_yqjK_yqjD_yqjC_predicted,1.3,44,19,CTAACACGAGAGCCAAAGCT,25,5194937
yqjE_yqjK_yqjD_yqjC_predicted,3.85,95,19,CGTACACCGGTATCGGGATA,76,5196964
yqjE_yqjK_yqjD_yqjC_predicted,0.6,30,19,CGGTAACTGTACATAGGCTA,11,5222762
yqjE_yqjK_yqjD_yqjC_predicted,5.45,127,19,CGATTTTAGCGCTCCGCGTT,108,5189214
yqjE_yqjK_yqjD_yqjC_predicted,0.6,30,19,CGATGGACCTCATGGTCAAG,11,5192910
yqjE_yqjK_yqjD_yqjC_predicted,1.05,39,19,CGAGGGAAAGACAACGTACG,20,5228779
yqjE_yqjK_yqjD_yqjC_predicted,0.25,23,19,CCTTCGGGCGTACGGTGTGA,4,5189917
yqjE_yqjK_yqjD_yqjC_predicted,5.8,134,19,CCTCTCCCTTATAGACGCGG,115,5220819
yqjE_yqjK_yqjD_yqjC_predicted,2.35,65,19,CCGGTAGGGCAGGCATATGC,46,5180516
yqjE_yqjK_yqjD_yqjC_predicted,5.1,120,19,CCCGGCCCGGTCAGGTGTCA,101,5198139
yqjE_yqjK_yqjD_yqjC_predicted,1.35,45,19,CCCGCGGAGATCCGCGTCGT,26,5212856
yqjE_yqjK_yqjD_yqjC_predicted,1.65,51,19,CCAGTCCCCAAACACTTCAA,32,5220949
yqjE_yqjK_yqjD_yqjC_predicted,4.2,102,19,CCACACAGTCTTACGATGAA,83,5218141
yqjE_yqjK_yqjD_yqjC_predicted,0.5,28,19,CATAAATTCGCAGCACCCCC,9,5183075
yqjE_yqjK_yqjD_yqjC_predicted,0.9,36,19,CAGTCGGGCAGCGTTCGCTC,17,5174949
yqjE_yqjK_yqjD_yqjC_predicted,0.95,37,19,CAGTAGCTTTCACATCGGAA,18,5226512
yqjE_yqjK_yqjD_yqjC_predicted,2.65,71,19,CAGAAGGCTGCCTCCAGTCA,52,5220117
yqjE_yqjK_yqjD_yqjC_predicted,1.25,43,19,CACAGGCGGCCCTATCCTAG,24,5221307
yqjE_yqjK_yqjD_yqjC_predicted,0.2,22,19,CAACGTTGGGCCAACGTGGT,3,5249046
yqjE_yqjK_yqjD_yqjC_predicted,3.1,80,19,ATGGAACGGCACGTCAGTCC,61,5202076
yqjE_yqjK_yqjD_yqjC_predicted,0.5,28,19,ATCTACTTTTGCCGAAGATT,9,5231539
yqjE_yqjK_yqjD_yqjC_predicted,1.15,41,19,ATCCGGAACAGGACGTCCAG,22,5243901
yqjE_yqjK_yqjD_yqjC_predicted,1.95,57,19,ATATCCAACTGAGGGTCCAC,38,5176690
yqjE_yqjK_yqjD_yqjC_predicted,3.75,93,19,AGTTTTCATGTTCCCTTCTA,74,5174889
yqjE_yqjK_yqjD_yqjC_predicted,1.3,44,19,AGTTCCTATACAAAATGTTC,25,5183164
yqjE_yqjK_yqjD_yqjC_predicted,0.45,27,19,AGTTATTAAACGTCAATCTG,8,5198241
yqjE_yqjK_yqjD_yqjC_predicted,13.6,290,19,AGGTTCGACGGTTATAGAAA,271,5257350
yqjE_yqjK_yqjD_yqjC_predicted,0.75,33,19,AGGCGCTACTGCTAAAGTCT,14,5175087
yqjE_yqjK_yqjD_yqjC_predicted,2.0,58,19,AGGCGATATAGAGTATGAGC,39,5232715
yqjE_yqjK_yqjD_yqjC_predicted,0.55,29,19,AGCACCCGAACAAGGGGTAA,10,5250794
yqjE_yqjK_yqjD_yqjC_predicted,4.0,98,19,AGCAAAGTCAACAGAGATGT,79,5255315
yqjE_yqjK_yqjD_yqjC_predicted,1.2,42,19,ACTCTCGCCTTACCGAGTGT,23,5260595
yqjE_yqjK_yqjD_yqjC_predicted,5.55,129,19,ACTAGCCCGACCGGATAGTG,110,5255615
yqjE_yqjK_yqjD_yqjC_predicted,1.75,53,19,ACGTCCTGGTGCATCTGGCA,34,5192617
yqjE_yqjK_yqjD_yqjC_predicted,5.75,133,19,ACGGCCGCCTGCGCGGTACG,114,5208705
yqjE_yqjK_yqjD_yqjC_predicted,0.4,26,19,ACCTAAGAATCATTTTGAAT,7,5195427
yqjE_yqjK_yqjD_yqjC_predicted,1.2,42,19,ACATCGCCCTGCAGTGTCGC,23,5223279
yqjE_yqjK_yqjD_yqjC_predicted,14.4,306,19,ACAGGTCGGAGTCGAATCCC,287,5172114
yqjE_yqjK_yqjD_yqjC_predicted,0.1,20,19,AATTTCAGGCAATGTCCACG,1,5216651
yqjE_yqjK_yqjD_yqjC_predicted,2.6,70,19,AATTCACAATAAGAACAACA,51,5228246
yqjE_yqjK_yqjD_yqjC_predicted,2.5,68,19,AAGCAGACAGGTAAAGAAGT,49,5250024
yqjE_yqjK_yqjD_yqjC_predicted,23.9,496,19,AAGAAGGTAGACTCGCCCAT,477,5214142
yqjE_yqjK_yqjD_yqjC_predicted,2.4,66,19,AACTCCCCGGGACATCGATA,47,5216149
yqjE_yqjK_yqjD_yqjC_predicted,1.3,44,19,AACTAAATACAAACGAAACA,25,5182071
yqjE_yqjK_yqjD_yqjC_predicted,1.6,50,19,AACCGCGTGGTCAGTGTCCA,31,5216882
yqjE_yqjK_yqjD_yqjC_predicted,2.9,76,19,AAACGAGAGGTTGGCCCGCA,57,5249230
yqjE_yqjK_yqjD_yqjC_predicted,0.3157894736842105,23,18,TTTTCAATGATGATGGCGGT,5,5200094
yqjE_yqjK_yqjD_yqjC_predicted,0.10526315789473684,19,18,TTGTCGCCGGCGCTGCACTA,1,5194858
yqjE_yqjK_yqjD_yqjC_predicted,1.5263157894736843,46,18,TTGTATGGTACAGAGGTTGT,28,5185663
yqjE_yqjK_yqjD_yqjC_predicted,0.47368421052631576,26,18,TTGGGCCGACCTTAACTAAT,8,5235031
yqjE_yqjK_yqjD_yqjC_predicted,1.368421052631579,43,18,TTGGGCATCAGACAGTTGCG,25,5240665
yqjE_yqjK_yqjD_yqjC_predicted,0.10526315789473684,19,18,TTGATGTCACTCCGATCAGC,1,5237479
yqjE_yqjK_yqjD_yqjC_predicted,0.3157894736842105,23,18,TTCCAAAAATGTATTACTAG,5,5262593
yqjE_yqjK_yqjD_yqjC_predicted,29.263157894736842,573,18,TTATGGCTACAAATGAATGT,555,5187237
yqjE_yqjK_yqjD_yqjC_predicted,0.5789473684210527,28,18,TTACCATATGATGGGTCACT,10,5238839
yqjE_yqjK_yqjD_yqjC_predicted,1.105263157894737,38,18,TTAATTTGCAGTGGTCTCGT,20,5175940
yqjE_yqjK_yqjD_yqjC_predicted,0.10526315789473684,19,18,TTAAGGAGGCAAACAGATAC,1,5228306
yqjE_yqjK_yqjD_yqjC_predicted,35.63157894736842,694,18,TGGTTCAGTCTCAAGGGAGT,676,5191920
yqjE_yqjK_yqjD_yqjC_predicted,6.052631578947368,132,18,TGGTTAAAAATCAGGTCAAA,114,5180927
yqjE_yqjK_yqjD_yqjC_predicted,8.842105263157896,185,18,TGGTCAGTTTTGCTCGGGAT,167,5191716
yqjE_yqjK_yqjD_yqjC_predicted,2.6315789473684212,67,18,TGGTCAGCATTCTGTGGGAC,49,5187699
yqjE_yqjK_yqjD_yqjC_predicted,11.736842105263158,240,18,TGGTACTAGGCTCGTGTCCC,222,5243340
yqjE_yqjK_yqjD_yqjC_predicted,11.157894736842104,229,18,TGCCCTCATTTCGAAGCTCC,211,5219163
yqjE_yqjK_yqjD_yqjC_predicted,1.263157894736842,41,18,TGACTGGTGGACTAGCACTA,23,5232842
yqjE_yqjK_yqjD_yqjC_predicted,1.7894736842105263,51,18,TCTTCGCTTATGTTCAAAGG,33,5228623
yqjE_yqjK_yqjD_yqjC_predicted,2.0,55,18,TCCTCGAGGTATTGGACCCA,37,5213362
yqjE_yqjK_yqjD_yqjC_predicted,1.263157894736842,41,18,TCCCTGCGGACATATAAGCG,23,5190572
yqjE_yqjK_yqjD_yqjC_predicted,5.315789473684211,118,18,TATGCATGTCCTGGGCAATG,100,5233314
yqjE_yqjK_yqjD_yqjC_predicted,0.10526315789473684,19,18,TATGCAAGGGCTCCCATATG,1,5251358
yqjE_yqjK_yqjD_yqjC_predicted,3.0526315789473686,75,18,TATACCACGCGGACTCGTCC,57,5193509
yqjE_yqjK_yqjD_yqjC_predicted,2.8421052631578947,71,18,TATAAGTGGCGTGAAAAACT,53,5233748
yqjE_yqjK_yqjD_yqjC_predicted,1.736842105263158,50,18,TAGCTTTAGTACCGGGCGTC,32,5230745
yqjE_yqjK_yqjD_yqjC_predicted,5.947368421052632,130,18,TAGATGGCGGACATCAGCGT,112,5174648
yqjE_yqjK_yqjD_yqjC_predicted,0.8421052631578947,33,18,TACCCGTCAAAGTGGTGTTA,15,5181814
yqjE_yqjK_yqjD_yqjC_predicted,0.21052631578947367,21,18,TAAATACAATTTGCCGACTC,3,5231543
yqjE_yqjK_yqjD_yqjC_predicted,7.2631578947368425,155,18,GTTGGTGTTGACCGCGGTAT,137,5221606
yqjE_yqjK_yqjD_yqjC_predicted,2.473684210526316,64,18,GTTGGCAACCAATGTTAAAA,46,5200233
yqjE_yqjK_yqjD_yqjC_predicted,0.10526315789473684,19,18,GTTGCTATAGGGGCATACGT,1,5183274
yqjE_yqjK_yqjD_yqjC_predicted,0.47368421052631576,26,18,GTTCCGAACAGGCACTCGAG,8,5173598
yqjE_yqjK_yqjD_yqjC_predicted,0.5263157894736842,27,18,GTGTTCTAAGATGGCAGCAG,9,5183168
yqjE_yqjK_yqjD_yqjC_predicted,1.3157894736842106,42,18,GTCGCGTTAGGACGATCATA,24,5202248
yqjE_yqjK_yqjD_yqjC_predicted,0.631578947368421,29,18,GTCCTTGTTTGATCCGCATA,11,5226896
yqjE_yqjK_yqjD_yqjC_predicted,1.4210526315789473,44,18,GTCCGCGGGCCAAACGTGTA,26,5212540
yqjE_yqjK_yqjD_yqjC_predicted,1.6842105263157894,49,18,GTCCACTGATATGCCAGGCT,31,5253620
yqjE_yqjK_yqjD_yqjC_predicted,0.631578947368421,29,18,GTCACACATTATTAAGTAGG,11,5209793
yqjE_yqjK_yqjD_yqjC_predicted,1.0526315789473684,37,18,GTATAAGCGCTATATGATTA,19,5186323
yqjE_yqjK_yqjD_yqjC_predicted,0.10526315789473684,19,18,GGTTGGTCGTACCTTCAAAT,1,5214525
yqjE_yqjK_yqjD_yqjC_predicted,2.210526315789474,59,18,GGTAGCGGAGCCAAAAGTGC,41,5249146
yqjE_yqjK_yqjD_yqjC_predicted,9.263157894736842,193,18,GGTAAGACTGTTCAGAAATA,175,5190854
yqjE_yqjK_yqjD_yqjC_predicted,1.0526315789473684,37,18,GGGTTATGCCAAGGTTGCCA,19,5212991
yqjE_yqjK_yqjD_yqjC_predicted,1.1578947368421053,39,18,GGGGATTCAAATACGACTCG,21,5196295
yqjE_yqjK_yqjD_yqjC_predicted,0.3684210526315789,24,18,GGGAAGGCCGCGTCCGTGGA,6,5207719
yqjE_yqjK_yqjD_yqjC_predicted,1.4736842105263157,45,18,GGCTCCAAGATGTTCCCTGA,27,5228576
yqjE_yqjK_yqjD_yqjC_predicted,0.10526315789473684,19,18,GGCAGGAGTCGGACAGATCT,1,5204185
yqjE_yqjK_yqjD_yqjC_predicted,2.526315789473684,65,18,GGACGGCCAGATGTCCCGGC,47,5224631
yqjE_yqjK_yqjD_yqjC_predicted,2.526315789473684,65,18,GCGGTCGATGGACTAGCTGC,47,5187914
yqjE_yqjK_yqjD_yqjC_predicted,0.9473684210526315,35,18,GCCTCAGTTTTAGTCTATAA,17,5178582
yqjE_yqjK_yqjD_yqjC_predicted,0.10526315789473684,19,18,GCCGCAGCAACGCATCGTAC,1,5252792
yqjE_yqjK_yqjD_yqjC_predicted,13.210526315789474,268,18,GCCCGGCCAAGTAACAGAAC,250,5198201
yqjE_yqjK_yqjD_yqjC_predicted,6.421052631578948,139,18,GCAACAACCGGGAGCACTGA,121,5241807
yqjE_yqjK_yqjD_yqjC_predicted,1.1578947368421053,39,18,GATCTCGGAACCAGACGTAT,21,5203621
yqjE_yqjK_yqjD_yqjC_predicted,1.2105263157894737,40,18,GATAGACGGCGATCTGAACA,22,5251800
yqjE_yqjK_yqjD_yqjC_predicted,4.842105263157895,109,18,GAGTCGGGTACGGCAGGGTC,91,5182669
yqjE_yqjK_yqjD_yqjC_predicted,1.736842105263158,50,18,GAGGGCACAACGCTTGGACA,32,5204764
yqjE_yqjK_yqjD_yqjC_predicted,2.3157894736842106,61,18,GACGGATCGCACGATCCAGA,43,5220253
yqjE_yqjK_yqjD_yqjC_predicted,23.526315789473685,464,18,GACGCTCCTTCGTCATGACT,446,5232616
yqjE_yqjK_yqjD_yqjC_predicted,1.4210526315789473,44,18,GAACGGGTCAAGGTCCGCAA,26,5261919
yqjE_yqjK_yqjD_yqjC_predicted,5.578947368421052,123,18,GAACAGTGGGTTCTAAGGGA,105,5211600
yqjE_yqjK_yqjD_yqjC_predicted,1.3157894736842106,42,18,CTTTAAGACGCCCAGTTCGA,24,5193523
yqjE_yqjK_yqjD_yqjC_predicted,5.2105263157894735,116,18,CTTGAGCCCGATCGAGGAAT,98,5234892
yqjE_yqjK_yqjD_yqjC_predicted,5.947368421052632,130,18,CTGTTTTGTAATGGTACCGG,112,5218894
yqjE_yqjK_yqjD_yqjC_predicted,0.21052631578947367,21,18,CTGTCCACTGGCCGCCTTGG,3,5187751
yqjE_yqjK_yqjD_yqjC_predicted,3.8947368421052633,91,18,CTGGGCCAGTGGACCATCGG,73,5197764
yqjE_yqjK_yqjD_yqjC_predicted,3.0,74,18,CTCGGGCTACGTCACGCCCG,56,5241865
yqjE_yqjK_yqjD_yqjC_predicted,1.736842105263158,50,18,CTCCACCTCCCCAGTTCGAT,32,5185888
yqjE_yqjK_yqjD_yqjC_predicted,0.3157894736842105,23,18,CTAGCTTAACTGGTCTCCTC,5,5248725
yqjE_yqjK_yqjD_yqjC_predicted,3.526315789473684,84,18,CGTTTCAGTTATACCCCGTG,66,5194803
yqjE_yqjK_yqjD_yqjC_predicted,0.9473684210526315,35,18,CGTGGGCAGCGCGCTCAACT,17,5215186
yqjE_yqjK_yqjD_yqjC_predicted,0.15789473684210525,20,18,CGGTGGTTCGAAACTTAGCC,2,5225931
yqjE_yqjK_yqjD_yqjC_predicted,1.3157894736842106,42,18,CGGTGACTGGCATTAATAAG,24,5255208
yqjE_yqjK_yqjD_yqjC_predicted,0.42105263157894735,25,18,CGGGACTGGCGGGCGCCAAC,7,5236259
yqjE_yqjK_yqjD_yqjC_predicted,0.15789473684210525,20,18,CGCGAGTGATCTTTCTTCCA,2,5262546
yqjE_yqjK_yqjD_yqjC_predicted,0.42105263157894735,25,18,CGACATTTAAGGTTTACCCA,7,5180030
yqjE_yqjK_yqjD_yqjC_predicted,2.473684210526316,64,18,CCTTGATATTGGCATTCCGA,46,5178320
yqjE_yqjK_yqjD_yqjC_predicted,34.21052631578947,667,18,CCGTTTCTCTCTGCACCGAG,649,5191927
yqjE_yqjK_yqjD_yqjC_predicted,0.631578947368421,29,18,CCCTATTAATATCAGGGCCA,11,5202446
yqjE_yqjK_yqjD_yqjC_predicted,12.842105263157896,261,18,CCCCGCGCAACAAGTTGGAA,243,5214140
yqjE_yqjK_yqjD_yqjC_predicted,7.157894736842105,153,18,CCCCAAGACCCTGTCCTCCT,135,5202016
yqjE_yqjK_yqjD_yqjC_predicted,1.736842105263158,50,18,CCAACGGTAACCAATCACGT,32,5249799
yqjE_yqjK_yqjD_yqjC_predicted,0.2631578947368421,22,18,CACATTACATTGTCTGCACA,4,5228211
yqjE_yqjK_yqjD_yqjC_predicted,11.789473684210526,241,18,CAAGCTGAGATTCTTTACAA,223,5232452
yqjE_yqjK_yqjD_yqjC_predicted,11.842105263157896,242,18,CAAGAGGATGTCGGTCATTA,224,5251879
yqjE_yqjK_yqjD_yqjC_predicted,1.9473684210526316,54,18,ATTTAGTTCACCACGTGCGG,36,5259596
yqjE_yqjK_yqjD_yqjC_predicted,1.4210526315789473,44,18,ATTCAGAATAAATGTCTCGT,26,5240780
yqjE_yqjK_yqjD_yqjC_predicted,2.473684210526316,64,18,ATTCACAGCGTCCGGCTCTC,46,5183682
yqjE_yqjK_yqjD_yqjC_predicted,3.1578947368421053,77,18,ATGTGGTGCTATCAGTATCT,59,5217542
yqjE_yqjK_yqjD_yqjC_predicted,2.5789473684210527,66,18,ATGGCACGATTTCAAGGCGC,48,5198880
yqjE_yqjK_yqjD_yqjC_predicted,3.526315789473684,84,18,ATCTGTAACATAGGCCGAGA,66,5227929
yqjE_yqjK_yqjD_yqjC_predicted,1.263157894736842,41,18,ATCGTCGAACGTCATCGTTT,23,5207194
yqjE_yqjK_yqjD_yqjC_predicted,2.8947368421052633,72,18,ATAGGTATCCGGGAATTCAA,54,5182077
yqjE_yqjK_yqjD_yqjC_predicted,16.94736842105263,339,18,AGTTTCGCCTATTAAATCCT,321,5211596
yqjE_yqjK_yqjD_yqjC_predicted,2.0,55,18,AGGACTTCGGCGATGGTTTA,37,5173638
yqjE_yqjK_yqjD_yqjC_predicted,1.5263157894736843,46,18,AGCGAACTTATCTCCAGTGT,28,5239397
yqjE_yqjK_yqjD_yqjC_predicted,1.3157894736842106,42,18,AGAGTTATAGCCAACCAGCA,24,5244565
yqjE_yqjK_yqjD_yqjC_predicted,0.3684210526315789,24,18,AGAGATGTGAGCGTGGTTAG,6,5215738
yqjE_yqjK_yqjD_yqjC_predicted,5.0,112,18,AGACTAGGACCAGACGGCTA,94,5237630
yqjE_yqjK_yqjD_yqjC_predicted,0.8421052631578947,33,18,ACTTCTCCGGATACACCTCT,15,5224922
yqjE_yqjK_yqjD_yqjC_predicted,8.157894736842104,172,18,ACGTTGGAACTGTCAAGCCT,154,5197856
yqjE_yqjK_yqjD_yqjC_predicted,0.21052631578947367,21,18,ACGTACTCCGTCACCTCCAC,3,5207718
yqjE_yqjK_yqjD_yqjC_predicted,0.6842105263157895,30,18,ACGGTACCCAGTAGTGCATT,12,5259680
yqjE_yqjK_yqjD_yqjC_predicted,0.10526315789473684,19,18,ACGGGGCTTGAAGAACCTGA,1,5220682
yqjE_yqjK_yqjD_yqjC_predicted,7.315789473684211,156,18,ACCTAAGCGCCGAGGTAGGA,138,5216080
yqjE_yqjK_yqjD_yqjC_predicted,4.2631578947368425,98,18,ACCGTCACTCGCGTGGCAGG,80,5185005
yqjE_yqjK_yqjD_yqjC_predicted,1.5789473684210527,47,18,ACCATAGCACGGCTACGGTT,29,5184763
yqjE_yqjK_yqjD_yqjC_predicted,1.4736842105263157,45,18,ACCACCTCTTCATGGTAGCG,27,5257028
yqjE_yqjK_yqjD_yqjC_predicted,9.842105263157896,204,18,ACATCGTCACGGAAGGGACG,186,5176678
yqjE_yqjK_yqjD_yqjC_predicted,5.2105263157894735,116,18,AATTTTTTAACATCAGACAT,98,5208576
yqjE_yqjK_yqjD_yqjC_predicted,0.15789473684210525,20,18,AATCTGAGCGGAGTACGGGA,2,5247717
yqjE_yqjK_yqjD_yqjC_predicted,0.7894736842105263,32,18,AATCTGACATAAGTTACGCT,14,5175256
yqjE_yqjK_yqjD_yqjC_predicted,2.4210526315789473,63,18,AACCGCCATATTTGTCCGGC,45,5195268
yqjE_yqjK_yqjD_yqjC_predicted,3.5789473684210527,85,18,AAACCGAAACAACAATCGAT,67,5207952
yqjE_yqjK_yqjD_yqjC_predicted,0.2631578947368421,22,18,AAAATGAGACATTTTAGGGC,4,5249720
yqjE_yqjK_yqjD_yqjC_predicted,3.2222222222222223,74,17,TTTCATGATGCGGGACATTG,57,5203092
yqjE_yqjK_yqjD_yqjC_predicted,10.11111111111111,198,17,TTGGCAAGCAGAAGTCCTCA,181,5220804
yqjE_yqjK_yqjD_yqjC_predicted,3.0555555555555554,71,17,TTGCTACTTAATTACCGGCC,54,5210170
yqjE_yqjK_yqjD_yqjC_predicted,0.5,25,17,TTCGTTCGAGTCGCAATCGA,8,5211672
yqjE_yqjK_yqjD_yqjC_predicted,2.7222222222222223,65,17,TTATTGGTAAAGATTCATTG,48,5209690
yqjE_yqjK_yqjD_yqjC_predicted,1.6111111111111112,45,17,TTAGCCAAAAAGGTGTGCAA,28,5232010
yqjE_yqjK_yqjD_yqjC_predicted,0.1111111111111111,18,17,TGTCCCATGCTCTAATGAAA,1,5212121
yqjE_yqjK_yqjD_yqjC_predicted,3.5555555555555554,80,17,TGTAGACAAGTGACGCTCTT,63,5173607
yqjE_yqjK_yqjD_yqjC_predicted,1.3888888888888888,41,17,TGGCTGCCGAGTGAGTTAGA,24,5187443
yqjE_yqjK_yqjD_yqjC_predicted,1.8888888888888888,50,17,TGGATCTTCGGGACCCGCGG,33,5202249
yqjE_yqjK_yqjD_yqjC_predicted,0.1111111111111111,18,17,TGCGTTCCTGGTAGTGCAAC,1,5173951
yqjE_yqjK_yqjD_yqjC_predicted,5.611111111111111,117,17,TGAAATCTCGCGTCTCGTAG,100,5216129
yqjE_yqjK_yqjD_yqjC_predicted,1.2222222222222223,38,17,TCTTCATTTAGGGATGACAT,21,5250162
yqjE_yqjK_yqjD_yqjC_predicted,1.0555555555555556,35,17,TCTCCGGTATACAGATCTAT,18,5247326
yqjE_yqjK_yqjD_yqjC_predicted,11.055555555555555,215,17,TCGGAGATCGGACCGGCGGT,198,5191715
yqjE_yqjK_yqjD_yqjC_predicted,1.3888888888888888,41,17,TCGCGTATCACAGCCGCTAG,24,5177529
yqjE_yqjK_yqjD_yqjC_predicted,6.055555555555555,125,17,TCCTGTCGGGTTTTTGCAGC,108,5173218
yqjE_yqjK_yqjD_yqjC_predicted,1.6111111111111112,45,17,TCCTGGTTTTGCGCTACAGA,28,5187688
yqjE_yqjK_yqjD_yqjC_predicted,0.5555555555555556,26,17,TCCTGCGTTCCGTCACGGAC,9,5213408
yqjE_yqjK_yqjD_yqjC_predicted,1.1111111111111112,36,17,TCCGTTGTCGGTCATGGCGA,19,5251003
yqjE_yqjK_yqjD_yqjC_predicted,0.4444444444444444,24,17,TCCAAAAATCCATTGTCGGC,7,5229692
yqjE_yqjK_yqjD_yqjC_predicted,5.555555555555555,116,17,TCAAGGGACGCATTAATACA,99,5254444
yqjE_yqjK_yqjD_yqjC_predicted,4.277777777777778,93,17,TATTACGACAACTAGGCTGA,76,5207616
yqjE_yqjK_yqjD_yqjC_predicted,1.1111111111111112,36,17,TATGGGAGCACTGGAGTCCG,19,5190222
yqjE_yqjK_yqjD_yqjC_predicted,1.3333333333333333,40,17,TATGGCAATACGTGGCGGAG,23,5175021
yqjE_yqjK_yqjD_yqjC_predicted,2.7777777777777777,66,17,TATATATGGGGTTCCTCCCT,49,5187389
yqjE_yqjK_yqjD_yqjC_predicted,3.2222222222222223,74,17,TAGGAGTGGACCAGCCATGA,57,5200358
yqjE_yqjK_yqjD_yqjC_predicted,0.1111111111111111,18,17,TAGCTATACGGTCTTACTTA,1,5178576
yqjE_yqjK_yqjD_yqjC_predicted,1.0555555555555556,35,17,TACGTTATGTAAGTCCGGGG,18,5229816
yqjE_yqjK_yqjD_yqjC_predicted,1.0555555555555556,35,17,TAACGTAACAGTACCATCAG,18,5221317
yqjE_yqjK_yqjD_yqjC_predicted,4.777777777777778,102,17,TAACCTGATGGTATATAAGA,85,5238713
yqjE_yqjK_yqjD_yqjC_predicted,0.16666666666666666,19,17,GTTTACTTCGTATATTTTAG,2,5223212
yqjE_yqjK_yqjD_yqjC_predicted,0.1111111111111111,18,17,GTTCCCGAGTGCCACACATG,1,5242094
yqjE_yqjK_yqjD_yqjC_predicted,1.3888888888888888,41,17,GTGGCTCTACAAGAGCGTGA,24,5213201
yqjE_yqjK_yqjD_yqjC_predicted,0.6111111111111112,27,17,GTGGCTAATAGAGGCAGGAA,10,5238137
yqjE_yqjK_yqjD_yqjC_predicted,3.388888888888889,77,17,GTGCAGTGAGGTGACTACTA,60,5194576
yqjE_yqjK_yqjD_yqjC_predicted,0.5,25,17,GTCGGGGTGTGTTCCTTGTT,8,5208857
yqjE_yqjK_yqjD_yqjC_predicted,1.1111111111111112,36,17,GTATTTTGCAGGGTGTTTCG,19,5180576
yqjE_yqjK_yqjD_yqjC_predicted,0.9444444444444444,33,17,GTAGCATAAGCATTTCTGTT,16,5173060
yqjE_yqjK_yqjD_yqjC_predicted,4.722222222222222,101,17,GGTGGTGTCACCATTTGGCA,84,5217436
yqjE_yqjK_yqjD_yqjC_predicted,0.1111111111111111,18,17,GGTCTTCTCCGTTTGAGCGA,1,5210678
yqjE_yqjK_yqjD_yqjC_predicted,0.6111111111111112,27,17,GGTCGCCTAGGGGGGGTATT,10,5197657
yqjE_yqjK_yqjD_yqjC_predicted,0.8888888888888888,32,17,GGGGTAACGAGCCCGATCCT,15,5191989
yqjE_yqjK_yqjD_yqjC_predicted,7.555555555555555,152,17,GGGGGCTCCCGACAACACGA,135,5184890
yqjE_yqjK_yqjD_yqjC_predicted,2.0,52,17,GGGGAACGTTCTGGTTGGCA,35,5259895
yqjE_yqjK_yqjD_yqjC_predicted,0.8333333333333334,31,17,GGGCGCGGAACCTAGACCTC,14,5256154
yqjE_yqjK_yqjD_yqjC_predicted,1.8888888888888888,50,17,GGGCCAGGCCCGTATGTGGG,33,5205547
yqjE_yqjK_yqjD_yqjC_predicted,0.6666666666666666,28,17,GGCGGCGTAAATGATTGTGT,11,5214458
yqjE_yqjK_yqjD_yqjC_predicted,2.7777777777777777,66,17,GGCCTCTCGCTTAATAGAAG,49,5181176
yqjE_yqjK_yqjD_yqjC_predicted,8.38888888888889,167,17,GGCATCATCTTGCATCGACT,150,5242497
yqjE_yqjK_yqjD_yqjC_predicted,0.2222222222222222,20,17,GGAGATGGCCAATACTGAGT,3,5226740
yqjE_yqjK_yqjD_yqjC_predicted,4.944444444444445,105,17,GCTTTAGAACAGACGCTTGT,88,5170944
yqjE_yqjK_yqjD_yqjC_predicted,0.4444444444444444,24,17,GCGTTGAACAAGTAGCGCTT,7,5198387
yqjE_yqjK_yqjD_yqjC_predicted,2.3333333333333335,58,17,GCGGGTGTATTGAGATGGTC,41,5178355
yqjE_yqjK_yqjD_yqjC_predicted,0.1111111111111111,18,17,GCCCTTTCAGCGCCCGTATT,1,5254038
yqjE_yqjK_yqjD_yqjC_predicted,1.2222222222222223,38,17,GCCCCCCGTGGAAGAGCCTT,21,5261471
yqjE_yqjK_yqjD_yqjC_predicted,0.1111111111111111,18,17,GCCAGGCGGTCCGGCCCGTT,1,5224967
yqjE_yqjK_yqjD_yqjC_predicted,1.1666666666666667,37,17,GCCACTGATTTCTGAAGGAC,20,5176450
yqjE_yqjK_yqjD_yqjC_predicted,3.388888888888889,77,17,GCAAACGTGCGTACAGCCAC,60,5188076
yqjE_yqjK_yqjD_yqjC_predicted,1.5,43,17,GATTTGGCCAAAATTTTTAG,26,5238139
yqjE_yqjK_yqjD_yqjC_predicted,2.0,52,17,GATTCTGGGTGTCCTCTTGA,35,5192324
yqjE_yqjK_yqjD_yqjC_predicted,4.888888888888889,104,17,GATGTATCACGTCCACTAAG,87,5191492
yqjE_yqjK_yqjD_yqjC_predicted,0.6111111111111112,27,17,GACCAAGTTGGCCAGGGGGA,10,5189223
yqjE_yqjK_yqjD_yqjC_predicted,0.1111111111111111,18,17,CTTGACGACGAGTTCGTGCA,1,5251056
yqjE_yqjK_yqjD_yqjC_predicted,0.6666666666666666,28,17,CTTCTACCGGAGGCACAGCA,11,5225061
yqjE_yqjK_yqjD_yqjC_predicted,1.8333333333333333,49,17,CTTCAATTTGGCTGAGCCCT,32,5226974
yqjE_yqjK_yqjD_yqjC_predicted,1.1111111111111112,36,17,CTTATGTTATATGACAGTGT,19,5183616
yqjE_yqjK_yqjD_yqjC_predicted,1.7222222222222223,47,17,CTGTAATTGGTAAGGTGATA,30,5224710
yqjE_yqjK_yqjD_yqjC_predicted,8.055555555555555,161,17,CTGGTGTTGCTGGAGAGAGT,144,5202049
yqjE_yqjK_yqjD_yqjC_predicted,0.2777777777777778,21,17,CTCTAAAGTTGTTGGGGTCA,4,5260713
yqjE_yqjK_yqjD_yqjC_predicted,1.1666666666666667,37,17,CTCATATGTTCATCTTTGGA,20,5249138
yqjE_yqjK_yqjD_yqjC_predicted,2.6666666666666665,64,17,CTCAAGCTGGCGTCGCGACA,47,5227052
yqjE_yqjK_yqjD_yqjC_predicted,0.1111111111111111,18,17,CGTTCCGCAAAGGCCCCCCG,1,5226983
yqjE_yqjK_yqjD_yqjC_predicted,0.7777777777777778,30,17,CGTGTTTCAGGTTTCAGGTG,13,5181785
yqjE_yqjK_yqjD_yqjC_predicted,2.1666666666666665,55,17,CGGTTTTGATAAGGCTAAAT,38,5176753
yqjE_yqjK_yqjD_yqjC_predicted,0.1111111111111111,18,17,CGCAGGAGTTGATTTGCCAT,1,5261549
yqjE_yqjK_yqjD_yqjC_predicted,2.4444444444444446,60,17,CGCAATGAGGTTACCTACCC,43,5198392
yqjE_yqjK_yqjD_yqjC_predicted,0.2777777777777778,21,17,CGCAAAGCCCTACCGAAAAA,4,5194561
yqjE_yqjK_yqjD_yqjC_predicted,11.666666666666666,226,17,CGAGGCGTGGGCTCTCCTGT,209,5185367
yqjE_yqjK_yqjD_yqjC_predicted,8.11111111111111,162,17,CCTTTCTAACCTGATGCTCA,145,5185356
yqjE_yqjK_yqjD_yqjC_predicted,0.8888888888888888,32,17,CCTCGGAAGGCGAGCAAAAT,15,5189408
yqjE_yqjK_yqjD_yqjC_predicted,0.7777777777777778,30,17,CCTATCATGCAGGTGGCACT,13,5204212
yqjE_yqjK_yqjD_yqjC_predicted,0.3333333333333333,22,17,CCTAGCGAAGCCAGCGTTGT,5,5249581
yqjE_yqjK_yqjD_yqjC_predicted,0.3888888888888889,23,17,CCGGGCTACCCACACGGATA,6,5229020
yqjE_yqjK_yqjD_yqjC_predicted,2.9444444444444446,69,17,CCGGGAATCGCGTGTCCATC,52,5196965
yqjE_yqjK_yqjD_yqjC_predicted,10.0,196,17,CCCCGATCACCGAAATCCGA,179,5180612
yqjE_yqjK_yqjD_yqjC_predicted,0.16666666666666666,19,17,CCCATTGTTGAGGTATCATC,2,5250258
yqjE_yqjK_yqjD_yqjC_predicted,1.5555555555555556,44,17,CCAGCAGAGTGTGTGTAGTG,27,5178406
yqjE_yqjK_yqjD_yqjC_predicted,6.277777777777778,129,17,CCACGGTATAAGGATGGTGA,112,5247699
yqjE_yqjK_yqjD_yqjC_predicted,2.6666666666666665,64,17,CCACCGTTTGCGCCTACATC,47,5198393
yqjE_yqjK_yqjD_yqjC_predicted,5.277777777777778,111,17,CATTGCAATTGTTCGCAAGG,94,5247544
yqjE_yqjK_yqjD_yqjC_predicted,3.0555555555555554,71,17,CATTCCGCACCTGGTGAGAT,54,5195411
yqjE_yqjK_yqjD_yqjC_predicted,1.8888888888888888,50,17,CAGTGGCGCAAAACTACTCG,33,5231336
yqjE_yqjK_yqjD_yqjC_predicted,1.0,34,17,CAGCCTCAACGGCGTCGGGT,17,5213355
yqjE_yqjK_yqjD_yqjC_predicted,21.5,403,17,CACCCACACGCTTGGGAGGC,386,5189655
yqjE_yqjK_yqjD_yqjC_predicted,2.0,52,17,CACCAACCGCTAAACTATTT,35,5234526
yqjE_yqjK_yqjD_yqjC_predicted,0.5,25,17,CACATGTAAGCATTATGGCA,8,5259816
yqjE_yqjK_yqjD_yqjC_predicted,0.4444444444444444,24,17,CACAAATTTTAACTTCGATT,7,5198941
yqjE_yqjK_yqjD_yqjC_predicted,1.4444444444444444,42,17,CAATCGTACCCGTAGCAGGA,25,5199742
yqjE_yqjK_yqjD_yqjC_predicted,15.0,286,17,CAAGCTGTCCACTAATTCGA,269,5262685
yqjE_yqjK_yqjD_yqjC_predicted,11.277777777777779,219,17,CAAATGGTCTAGTTGTCCCT,202,5255658
yqjE_yqjK_yqjD_yqjC_predicted,5.5,115,17,ATTAGTACCTGGGCACGTTC,98,5183605
yqjE_yqjK_yqjD_yqjC_predicted,1.3333333333333333,40,17,ATTAGACATCCATTCGTTTA,23,5199205
yqjE_yqjK_yqjD_yqjC_predicted,0.16666666666666666,19,17,ATTACCCGCGTCCCCGAGAC,2,5232128
yqjE_yqjK_yqjD_yqjC_predicted,1.3333333333333333,40,17,ATGCAAGCGCCAGCTTGTAG,23,5225814
yqjE_yqjK_yqjD_yqjC_predicted,1.1666666666666667,37,17,ATCTTAAAGTGCACCTAGTT,20,5208845
yqjE_yqjK_yqjD_yqjC_predicted,0.8888888888888888,32,17,ATCCGCAGATGGGTGCGAAT,15,5198243
yqjE_yqjK_yqjD_yqjC_predicted,1.1666666666666667,37,17,ATCAACGGAAGTCGCTACGT,20,5236678
yqjE_yqjK_yqjD_yqjC_predicted,1.1111111111111112,36,17,ATATGCGCATTGTCGCACTA,19,5199533
yqjE_yqjK_yqjD_yqjC_predicted,0.8333333333333334,31,17,ATATAACCTGTCTTCTCGTG,14,5237822
yqjE_yqjK_yqjD_yqjC_predicted,1.6666666666666667,46,17,ATAAAGCGTGTGGTTTCCCT,29,5258506
yqjE_yqjK_yqjD_yqjC_predicted,0.5,25,17,AGTTGGGTTGGATTGAGAGT,8,5252791
yqjE_yqjK_yqjD_yqjC_predicted,6.333333333333333,130,17,AGTTCTGGGTTCTTATTCTG,113,5183699
yqjE_yqjK_yqjD_yqjC_predicted,1.0555555555555556,35,17,AGTTAGGGGTCACTTTGATT,18,5230887
yqjE_yqjK_yqjD_yqjC_predicted,1.4444444444444444,42,17,AGTCCCTTTCGCAGTCGAGT,25,5237474
yqjE_yqjK_yqjD_yqjC_predicted,0.3333333333333333,22,17,AGGAAAAGGCACTAATATCG,5,5192740
yqjE_yqjK_yqjD_yqjC_predicted,0.6111111111111112,27,17,AGCCGCACAGGGTTACAGCT,10,5181188
yqjE_yqjK_yqjD_yqjC_predicted,2.611111111111111,63,17,AGCCAGGTACGGCGGCAGAT,46,5171697
yqjE_yqjK_yqjD_yqjC_predicted,1.8888888888888888,50,17,AGCACTATACTAATTTATGC,33,5180800
yqjE_yqjK_yqjD_yqjC_predicted,2.3333333333333335,58,17,AGAATTGTAATCCCGTGGAC,41,5241839
yqjE_yqjK_yqjD_yqjC_predicted,0.1111111111111111,18,17,AGAAACGGCAATAGATAGCA,1,5219586
yqjE_yqjK_yqjD_yqjC_predicted,2.5,61,17,ACTCCGGTTCAGTCCAGAAG,44,5245126
yqjE_yqjK_yqjD_yqjC_predicted,3.0555555555555554,71,17,ACGGTCGATCTCATTCTGAT,54,5180650
yqjE_yqjK_yqjD_yqjC_predicted,1.4444444444444444,42,17,ACGATCAATCATTAGGACAT,25,5203038
yqjE_yqjK_yqjD_yqjC_predicted,0.5555555555555556,26,17,ACCCGGGTAGGCGGTGCGTA,9,5178586
yqjE_yqjK_yqjD_yqjC_predicted,1.2777777777777777,39,17,ACCATATTGCCCGTTTTCGA,22,5231332
yqjE_yqjK_yqjD_yqjC_predicted,1.2777777777777777,39,17,ACATTAAAAGCATAACCGGT,22,5211549
yqjE_yqjK_yqjD_yqjC_predicted,9.055555555555555,179,17,ACATGGCGGGCAACGTCAGG,162,5241134
yqjE_yqjK_yqjD_yqjC_predicted,1.1111111111111112,36,17,ACATCCTCCGCACCATGATC,19,5172632
yqjE_yqjK_yqjD_yqjC_predicted,1.5,43,17,ACAGTAGATGAGGATCAGCA,26,5183604
yqjE_yqjK_yqjD_yqjC_predicted,1.3333333333333333,40,17,ACAAGTCAGGGTGTATACTT,23,5208572
yqjE_yqjK_yqjD_yqjC_predicted,5.611111111111111,117,17,AATTTTTATGTCATCATCTT,100,5214178
yqjE_yqjK_yqjD_yqjC_predicted,3.4444444444444446,78,17,AATGTAGAATTTAGCGAGCA,61,5256526
yqjE_yqjK_yqjD_yqjC_predicted,3.8333333333333335,85,17,AATGCACACCTCTATCGAGA,68,5192244
yqjE_yqjK_yqjD_yqjC_predicted,0.6666666666666666,28,17,AAGAGTCCATAGCAGTATAT,11,5241039
yqjE_yqjK_yqjD_yqjC_predicted,0.3888888888888889,23,17,AAGACATTAGTGGAGCAAAT,6,5211382
yqjE_yqjK_yqjD_yqjC_predicted,4.722222222222222,101,17,AACGCACAAGAGGATTTCAT,84,5205138
yqjE_yqjK_yqjD_yqjC_predicted,0.3888888888888889,23,17,AACAGCCGTGGGGGAGTTAT,6,5195470
yqjE_yqjK_yqjD_yqjC_predicted,0.5,25,17,AAAATTTCCGCACTTGAAAC,8,5229152
yqjE_yqjK_yqjD_yqjC_predicted,1.0,32,16,TTTGGTATAAAACTTGCATT,16,5221395
yqjE_yqjK_yqjD_yqjC_predicted,2.9411764705882355,65,16,TTTGACTATTCGATTTACCA,49,5226749
yqjE_yqjK_yqjD_yqjC_predicted,1.8235294117647058,46,16,TTTCCATGGATAGATTGTAG,30,5236039
yqjE_yqjK_yqjD_yqjC_predicted,11.764705882352942,215,16,TTTAGAGTTATCACATTCCA,199,5214139
yqjE_yqjK_yqjD_yqjC_predicted,6.0588235294117645,118,16,TTGTACTATACAGGATCGTC,102,5176791
yqjE_yqjK_yqjD_yqjC_predicted,0.11764705882352941,17,16,TTCGGCGGGGCAATGTGGCT,1,5195728
yqjE_yqjK_yqjD_yqjC_predicted,1.9411764705882353,48,16,TTCCTAGGCGGGGGGGATTA,32,5184410
yqjE_yqjK_yqjD_yqjC_predicted,0.5882352941176471,25,16,TTACACGTCGAATACGGGTG,9,5223502
yqjE_yqjK_yqjD_yqjC_predicted,5.176470588235294,103,16,TGTTGAACGTCCAGGTCAGT,87,5224988
yqjE_yqjK_yqjD_yqjC_predicted,0.11764705882352941,17,16,TGTGACGCGGTGGGACAGGT,1,5177931
yqjE_yqjK_yqjD_yqjC_predicted,1.0,32,16,TGTCAGGGTGCAAAGATTGT,16,5220326
yqjE_yqjK_yqjD_yqjC_predicted,2.411764705882353,56,16,TGTATATAAGTGAGCTTTTT,40,5251249
yqjE_yqjK_yqjD_yqjC_predicted,5.882352941176471,115,16,TGGTCTGCCTGTCCCTTGTT,99,5196656
yqjE_yqjK_yqjD_yqjC_predicted,2.2941176470588234,54,16,TGGGTCTTCCTCGACAACTA,38,5188805
yqjE_yqjK_yqjD_yqjC_predicted,1.6470588235294117,43,16,TGGCAGCCTGCTACTTCCGA,27,5252799
yqjE_yqjK_yqjD_yqjC_predicted,4.294117647058823,88,16,TGATTCCGTTGAAGGGAGTT,72,5186441
yqjE_yqjK_yqjD_yqjC_predicted,3.9411764705882355,82,16,TGAGTGGTGCCAAAGGGTCC,66,5251632
yqjE_yqjK_yqjD_yqjC_predicted,2.6470588235294117,60,16,TGAAGGCCGCATGTCCTATG,44,5185028
yqjE_yqjK_yqjD_yqjC_predicted,1.4705882352941178,40,16,TCTTTATGGGGCGTGCCGGA,24,5207589
yqjE_yqjK_yqjD_yqjC_predicted,0.35294117647058826,21,16,TCTATTCGGAAGCTGGGACT,5,5193864
yqjE_yqjK_yqjD_yqjC_predicted,1.7647058823529411,45,16,TCGGCCAGGCTGTGATATGT,29,5220131
yqjE_yqjK_yqjD_yqjC_predicted,23.941176470588236,422,16,TCGAAGAACTGTCTGCATAT,406,5235274
yqjE_yqjK_yqjD_yqjC_predicted,1.4705882352941178,40,16,TCCGGTCATGTCGGTCGTTC,24,5229034
yqjE_yqjK_yqjD_yqjC_predicted,4.705882352941177,95,16,TCCGCTAAGAGGTTACAGCT,79,5224681
yqjE_yqjK_yqjD_yqjC_predicted,0.9411764705882353,31,16,TCCCGGGATACCCCTCTTGT,15,5229552
yqjE_yqjK_yqjD_yqjC_predicted,2.0,49,16,TCCCCAATAGCTCCGCCATC,33,5244423
yqjE_yqjK_yqjD_yqjC_predicted,1.588235294117647,42,16,TCATGAAGCTTATCGTCGTG,26,5243981
yqjE_yqjK_yqjD_yqjC_predicted,1.2352941176470589,36,16,TCAGATTAAGCTGGATTGTA,20,5175503
yqjE_yqjK_yqjD_yqjC_predicted,0.8823529411764706,30,16,TCACAACTTAATTGTATGTA,14,5258692
yqjE_yqjK_yqjD_yqjC_predicted,1.9411764705882353,48,16,TATGTAGACAGAGATCAATA,32,5228627
yqjE_yqjK_yqjD_yqjC_predicted,2.764705882352941,62,16,TAGGGAATGTTTTGAGGGTA,46,5250693
yqjE_yqjK_yqjD_yqjC_predicted,0.35294117647058826,21,16,TAGCCATGGCTTCAGTGAGT,5,5227274
yqjE_yqjK_yqjD_yqjC_predicted,0.8235294117647058,29,16,TAGATAATTAGGTGCAAGAC,13,5230583
yqjE_yqjK_yqjD_yqjC_predicted,1.5294117647058822,41,16,TACGGTAGGGTGTGGTCCCA,25,5173971
yqjE_yqjK_yqjD_yqjC_predicted,1.8235294117647058,46,16,TACGCAAGCTGTTCTAGCGG,30,5251608
yqjE_yqjK_yqjD_yqjC_predicted,1.8235294117647058,46,16,TAATACGCTTCCTAAATAAC,30,5195274
yqjE_yqjK_yqjD_yqjC_predicted,1.0588235294117647,33,16,TAATAATCGGCTCCGTGGCT,17,5251236
yqjE_yqjK_yqjD_yqjC_predicted,4.764705882352941,96,16,TAAAGTTTCACTCCAAAGAC,80,5191015
yqjE_yqjK_yqjD_yqjC_predicted,1.1764705882352942,35,16,GTTGGTGGCTTAGGGTGTGT,19,5215181
yqjE_yqjK_yqjD_yqjC_predicted,1.4705882352941178,40,16,GTTCCTCAATGGAAGGTGGT,24,5218047
yqjE_yqjK_yqjD_yqjC_predicted,18.823529411764707,335,16,GTTATGTTGATCGAGCATTG,319,5247573
yqjE_yqjK_yqjD_yqjC_predicted,0.5294117647058824,24,16,GTGATCCCGTTCCAGGTTCG,8,5210996
yqjE_yqjK_yqjD_yqjC_predicted,0.17647058823529413,18,16,GTGAGCGATGATGGCCCTTC,2,5219787
yqjE_yqjK_yqjD_yqjC_predicted,1.6470588235294117,43,16,GTGAATGCGATAGGTTCCAA,27,5210649
yqjE_yqjK_yqjD_yqjC_predicted,6.235294117647059,121,16,GTCCGAAAGGTTGCAGCCCT,105,5210901
yqjE_yqjK_yqjD_yqjC_predicted,4.9411764705882355,99,16,GTAAGAGCCGCGCCTTAGCT,83,5210176
yqjE_yqjK_yqjD_yqjC_predicted,6.0,117,16,GGGTATCGCAGTTCTGTTAC,101,5262673
yqjE_yqjK_yqjD_yqjC_predicted,0.11764705882352941,17,16,GGCTGTATTGGAGGGCACGA,1,5251708
yqjE_yqjK_yqjD_yqjC_predicted,0.8823529411764706,30,16,GGCCGTAACACCCAGTCAAT,14,5184996
yqjE_yqjK_yqjD_yqjC_predicted,2.0,49,16,GGCATATATGAACGATACGA,33,5191642
yqjE_yqjK_yqjD_yqjC_predicted,0.6470588235294118,26,16,GGACTTGTTCTAGTCGATAG,10,5227727
yqjE_yqjK_yqjD_yqjC_predicted,0.29411764705882354,20,16,GGACTCAGGAAGTCAGTAAT,4,5211735
yqjE_yqjK_yqjD_yqjC_predicted,4.823529411764706,97,16,GCGCGCTGCCCGGTACGGTA,81,5247722
yqjE_yqjK_yqjD_yqjC_predicted,5.9411764705882355,116,16,GCCGTCTATCTTTACCGGTG,100,5187720
yqjE_yqjK_yqjD_yqjC_predicted,0.23529411764705882,19,16,GCAGTAAAGCTGGAGGATCT,3,5250327
yqjE_yqjK_yqjD_yqjC_predicted,3.4705882352941178,74,16,GCACAGCGCTGACATTATTT,58,5231320
yqjE_yqjK_yqjD_yqjC_predicted,2.0588235294117645,50,16,GCAATCAACACTAGCGCAAG,34,5180092
yqjE_yqjK_yqjD_yqjC_predicted,4.294117647058823,88,16,GATCTTCTTTTTGCTATCGT,72,5199010
yqjE_yqjK_yqjD_yqjC_predicted,2.1176470588235294,51,16,GATCTACAGCGTTTAGAAAA,35,5229037
yqjE_yqjK_yqjD_yqjC_predicted,0.9411764705882353,31,16,GAGTATAGTACGTAAGTCTA,15,5217904
yqjE_yqjK_yqjD_yqjC_predicted,0.8823529411764706,30,16,GAGGGCTCGATGTGTCGCGC,14,5246562
yqjE_yqjK_yqjD_yqjC_predicted,0.11764705882352941,17,16,GAGACCAACGGACCCGGGGA,1,5247341
yqjE_yqjK_yqjD_yqjC_predicted,2.235294117647059,53,16,GAGACAGTATACCCAGTAGT,37,5213241
yqjE_yqjK_yqjD_yqjC_predicted,4.411764705882353,90,16,GACTTGTAATCTCCCGTCAC,74,5229818
yqjE_yqjK_yqjD_yqjC_predicted,0.7647058823529411,28,16,GAACGAATCCCAGATTCTCA,12,5219516
yqjE_yqjK_yqjD_yqjC_predicted,6.764705882352941,130,16,GAACCGCAACTCCTCGGGCT,114,5193015
yqjE_yqjK_yqjD_yqjC_predicted,1.9411764705882353,48,16,CTTGTGGTTCTACGATTTCC,32,5195412
yqjE_yqjK_yqjD_yqjC_predicted,0.8235294117647058,29,16,CTTGGATGCCGAAACGCGTT,13,5199620
yqjE_yqjK_yqjD_yqjC_predicted,0.6470588235294118,26,16,CTTCTTCAACATCCTCAGAT,10,5220954
yqjE_yqjK_yqjD_yqjC_predicted,0.5294117647058824,24,16,CTGTACGGGGTCTTCGAGGC,8,5193065
yqjE_yqjK_yqjD_yqjC_predicted,0.47058823529411764,23,16,CTCTTGCTAGTGCCCGACGT,7,5253593
yqjE_yqjK_yqjD_yqjC_predicted,0.29411764705882354,20,16,CTCTAAACCGTCCGTGCATC,4,5252118
yqjE_yqjK_yqjD_yqjC_predicted,6.176470588235294,120,16,CTCACGGGTTGATACAGTTA,104,5227642
yqjE_yqjK_yqjD_yqjC_predicted,2.411764705882353,56,16,CTAGGATCGTACGCATCTGC,40,5191787
yqjE_yqjK_yqjD_yqjC_predicted,0.7647058823529411,28,16,CTACAAACAGGAATTCTATT,12,5202511
yqjE_yqjK_yqjD_yqjC_predicted,11.058823529411764,203,16,CGTGTGTCGTGCATACGTGT,187,5207461
yqjE_yqjK_yqjD_yqjC_predicted,2.1176470588235294,51,16,CGTAATTGAGCTGGCCACTG,35,5240355
yqjE_yqjK_yqjD_yqjC_predicted,0.11764705882352941,17,16,CGGTCTGTGTGACAGGGAAA,1,5216923
yqjE_yqjK_yqjD_yqjC_predicted,3.3529411764705883,72,16,CGGCATAAGGGATCGGCGAT,56,5210450
yqjE_yqjK_yqjD_yqjC_predicted,2.1176470588235294,51,16,CGGAAAATAGGGGGCACTTG,35,5226775
yqjE_yqjK_yqjD_yqjC_predicted,0.6470588235294118,26,16,CGCTGAGCTGACAAGAGCAT,10,5196716
yqjE_yqjK_yqjD_yqjC_predicted,1.3529411764705883,38,16,CGCGCGCAAAGGGAAATAGG,22,5204949
yqjE_yqjK_yqjD_yqjC_predicted,5.647058823529412,111,16,CGCGATGAGTCTCTTCGGGT,95,5237748
yqjE_yqjK_yqjD_yqjC_predicted,1.0588235294117647,33,16,CGCGACCCTCATCGCCATGC,17,5231940
yqjE_yqjK_yqjD_yqjC_predicted,2.5294117647058822,58,16,CGAGTCAGGCATGACCATAT,42,5215975
yqjE_yqjK_yqjD_yqjC_predicted,7.705882352941177,146,16,CCTGCCGGGTCTGACACATG,130,5193375
yqjE_yqjK_yqjD_yqjC_predicted,0.5294117647058824,24,16,CCTCTGACTGTAGGCGGCGA,8,5200510
yqjE_yqjK_yqjD_yqjC_predicted,1.7647058823529411,45,16,CCGGCTGCGGGTTTGGGGCG,29,5176239
yqjE_yqjK_yqjD_yqjC_predicted,0.5294117647058824,24,16,CCGATTTTATTACACTGTGT,8,5261169
yqjE_yqjK_yqjD_yqjC_predicted,1.0,32,16,CCAGGGCGTTCCACACTAGC,16,5176960
yqjE_yqjK_yqjD_yqjC_predicted,5.705882352941177,112,16,CCAGGGAGAAATTTGAATGA,96,5214159
yqjE_yqjK_yqjD_yqjC_predicted,2.9411764705882355,65,16,CCAGGCCCCCAACGTGGTCT,49,5210920
yqjE_yqjK_yqjD_yqjC_predicted,2.6470588235294117,60,16,CCAGCACTTATAGGGTCCAC,44,5187686
yqjE_yqjK_yqjD_yqjC_predicted,1.588235294117647,42,16,CCAATTGCCTTCCTTTGCTT,26,5246512
yqjE_yqjK_yqjD_yqjC_predicted,3.1176470588235294,68,16,CATCGAACCCCTTTAACGGA,52,5244787
yqjE_yqjK_yqjD_yqjC_predicted,0.11764705882352941,17,16,CAGGCATGTAGCTTGTCGTA,1,5203515
yqjE_yqjK_yqjD_yqjC_predicted,0.6470588235294118,26,16,CAGCGGACCCAGTCAACTGG,10,5197759
yqjE_yqjK_yqjD_yqjC_predicted,1.2352941176470589,36,16,CACTTAAATTCCAAGTGATA,20,5204024
yqjE_yqjK_yqjD_yqjC_predicted,15.235294117647058,274,16,CACTACCCTGAAAATCGCGT,258,5194814
yqjE_yqjK_yqjD_yqjC_predicted,1.411764705882353,39,16,CACCTTAATCAGCGCATTTC,23,5193401
yqjE_yqjK_yqjD_yqjC_predicted,0.11764705882352941,17,16,ATTGGGGAGTTTTAAGGCTG,1,5193176
yqjE_yqjK_yqjD_yqjC_predicted,1.2941176470588236,37,16,ATGTTTGGCTAGAGTATCGT,21,5206642
yqjE_yqjK_yqjD_yqjC_predicted,0.6470588235294118,26,16,ATGTGCTCGGTTGGGTGTCT,10,5245187
yqjE_yqjK_yqjD_yqjC_predicted,5.352941176470588,106,16,ATGGTTCCGAGGCTCATCCA,90,5217303
yqjE_yqjK_yqjD_yqjC_predicted,0.4117647058823529,22,16,ATGGCTCATAAGGCGACAGT,6,5201604
yqjE_yqjK_yqjD_yqjC_predicted,1.1764705882352942,35,16,ATGCCGCCCTGACATGAAAT,19,5240025
yqjE_yqjK_yqjD_yqjC_predicted,12.764705882352942,232,16,ATCTTAAATGCGTCTTTACA,216,5205014
yqjE_yqjK_yqjD_yqjC_predicted,1.1764705882352942,35,16,ATCTGCAGTTGTCGATGGAA,19,5232520
yqjE_yqjK_yqjD_yqjC_predicted,1.2941176470588236,37,16,AGTTATCACTTGACTTTGTC,21,5242608
yqjE_yqjK_yqjD_yqjC_predicted,0.47058823529411764,23,16,AGTCGGTGCTATAGGAATTT,7,5200683
yqjE_yqjK_yqjD_yqjC_predicted,3.411764705882353,73,16,AGGTTTTTCGGTTTTTACAC,57,5194935
yqjE_yqjK_yqjD_yqjC_predicted,2.2941176470588234,54,16,AGGTTAACTCGGCGCTGGAT,38,5187918
yqjE_yqjK_yqjD_yqjC_predicted,3.4705882352941178,74,16,AGGTGAGCACGGCCGGCGGA,58,5229489
yqjE_yqjK_yqjD_yqjC_predicted,7.411764705882353,141,16,AGGGCATTCAGGTAGGGCGA,125,5254309
yqjE_yqjK_yqjD_yqjC_predicted,3.0,66,16,AGCTCCAGCGGTGCCGGCGG,50,5233855
yqjE_yqjK_yqjD_yqjC_predicted,1.2941176470588236,37,16,AGCGTGGGGCTCAGCAACGT,21,5250014
yqjE_yqjK_yqjD_yqjC_predicted,1.4705882352941178,40,16,AGATCCTAACTTTCCGGTCT,24,5182502
yqjE_yqjK_yqjD_yqjC_predicted,0.17647058823529413,18,16,AGAGTATCGGTACGAAAAGT,2,5231176
yqjE_yqjK_yqjD_yqjC_predicted,1.2941176470588236,37,16,AGAAGTGCGGCATCGTGCGT,21,5240785
yqjE_yqjK_yqjD_yqjC_predicted,8.0,151,16,ACTGCTCTACAGCTTCCCAA,135,5254415
yqjE_yqjK_yqjD_yqjC_predicted,21.176470588235293,375,16,ACTCTAACCGCTCGCACGAC,359,5180846
yqjE_yqjK_yqjD_yqjC_predicted,0.17647058823529413,18,16,ACGGGCACAAGAATTCTCCG,2,5255358
yqjE_yqjK_yqjD_yqjC_predicted,1.3529411764705883,38,16,ACGGCCAACGGGTTCGGCCA,22,5234909
yqjE_yqjK_yqjD_yqjC_predicted,0.7058823529411765,27,16,ACGCAAATCTCAGTAATGTA,11,5233867
yqjE_yqjK_yqjD_yqjC_predicted,0.7647058823529411,28,16,ACGACGTAAGATTACCGAGA,12,5220295
yqjE_yqjK_yqjD_yqjC_predicted,20.235294117647058,359,16,ACATGGAAAAGTGGAAAGCG,343,5177635
yqjE_yqjK_yqjD_yqjC_predicted,1.0,32,16,ACAGCAAGTTAGCTCCTGGA,16,5219568
yqjE_yqjK_yqjD_yqjC_predicted,1.2352941176470589,36,16,ACAAGTTTATACGACGAGGA,20,5175228
yqjE_yqjK_yqjD_yqjC_predicted,2.764705882352941,62,16,ACAAGTCTGTAGGATGGTGT,46,5220109
yqjE_yqjK_yqjD_yqjC_predicted,3.411764705882353,73,16,AATTAGAAGTTAGGCACGCA,57,5260031
yqjE_yqjK_yqjD_yqjC_predicted,2.176470588235294,52,16,AATTAAATCCACCGTCCGAC,36,5207180
yqjE_yqjK_yqjD_yqjC_predicted,6.235294117647059,121,16,AAGGGCTGGGGGTTTCAGCT,105,5247851
yqjE_yqjK_yqjD_yqjC_predicted,7.352941176470588,140,16,AAGCTCACAAGACGGGTCTT,124,5187639
yqjE_yqjK_yqjD_yqjC_predicted,2.8823529411764706,64,16,AACTTAGCAGCGGCTGTCGG,48,5206206
yqjE_yqjK_yqjD_yqjC_predicted,3.9411764705882355,82,16,AACTAGCCGCATTACAGCTG,66,5191005
yqjE_yqjK_yqjD_yqjC_predicted,1.3529411764705883,38,16,AACGGCCTACCGGCACGCAT,22,5225171
yqjE_yqjK_yqjD_yqjC_predicted,0.11764705882352941,17,16,AACGCGACCGCAGCGTAATT,1,5188268
yqjE_yqjK_yqjD_yqjC_predicted,0.6470588235294118,26,16,AACACGGTAAAATAACTACA,10,5212123
yqjE_yqjK_yqjD_yqjC_predicted,3.6875,73,15,TTTCCACGATCATTTGTTGC,58,5179507
yqjE_yqjK_yqjD_yqjC_predicted,0.5,22,15,TTGATGTTTAGTACTGGTCG,7,5199676
yqjE_yqjK_yqjD_yqjC_predicted,1.75,42,15,TTCCGAGTGTTGTGGCTAAA,27,5200381
yqjE_yqjK_yqjD_yqjC_predicted,0.625,24,15,TTCCCCCCGCGACCGGTGCG,9,5186172
yqjE_yqjK_yqjD_yqjC_predicted,1.1875,33,15,TTAGGTGCATCTTACTCGGC,18,5201512
yqjE_yqjK_yqjD_yqjC_predicted,2.25,50,15,TTACTTTTCGCTGTTTGTTC,35,5230824
yqjE_yqjK_yqjD_yqjC_predicted,3.125,64,15,TGTGTGAGCCTAGCTGGAAA,49,5213400
yqjE_yqjK_yqjD_yqjC_predicted,4.1875,81,15,TGTCACTCGATCGGACACGT,66,5211665
yqjE_yqjK_yqjD_yqjC_predicted,0.6875,25,15,TGGGTCCGTATATATGCAAC,10,5233519
yqjE_yqjK_yqjD_yqjC_predicted,3.125,64,15,TGGGGTCGGCATAAACCAGT,49,5255035
yqjE_yqjK_yqjD_yqjC_predicted,2.4375,53,15,TGGACCTTTCCTTCTTACAT,38,5174649
yqjE_yqjK_yqjD_yqjC_predicted,30.25,498,15,TGGAAATAGACGGGAATTCT,483,5197595
yqjE_yqjK_yqjD_yqjC_predicted,0.5,22,15,TGCGTTGCTGATAGATCGGG,7,5206431
yqjE_yqjK_yqjD_yqjC_predicted,0.125,16,15,TGCGTAGGGAAAACGCTGAG,1,5247475
yqjE_yqjK_yqjD_yqjC_predicted,7.4375,133,15,TGCGACCAGACGGTTGGCAT,118,5182661
yqjE_yqjK_yqjD_yqjC_predicted,3.75,74,15,TGCCATAGTGGCAACGTCTA,59,5231599
yqjE_yqjK_yqjD_yqjC_predicted,0.125,16,15,TGATGCGCCCTGCATTGCTA,1,5179855
yqjE_yqjK_yqjD_yqjC_predicted,2.0625,47,15,TGATCATAATATTAAAAGCT,32,5171374
yqjE_yqjK_yqjD_yqjC_predicted,4.3125,83,15,TGAAGTCATGGGTCAACGGT,68,5194285
yqjE_yqjK_yqjD_yqjC_predicted,7.4375,133,15,TCGCGCACACTCGGCCCAAC,118,5195061
yqjE_yqjK_yqjD_yqjC_predicted,1.9375,45,15,TCCTTGGTTGTTGATACGTG,30,5259897
yqjE_yqjK_yqjD_yqjC_predicted,2.8125,59,15,TCCGTCTAGCGGGCTAGGAG,44,5178404
yqjE_yqjK_yqjD_yqjC_predicted,3.3125,67,15,TCCGGTACGGCCCTACCGGA,52,5212855
yqjE_yqjK_yqjD_yqjC_predicted,0.3125,19,15,TCCAGAACGTAAGGATGAGT,4,5178405
yqjE_yqjK_yqjD_yqjC_predicted,0.125,16,15,TCAGGTATATCAGCTTGTTT,1,5177929
yqjE_yqjK_yqjD_yqjC_predicted,4.125,80,15,TCAGGTAGTATGTAACCCGG,65,5174639
yqjE_yqjK_yqjD_yqjC_predicted,14.6875,249,15,TCACTATCACTTTTTTTAGA,234,5191546
yqjE_yqjK_yqjD_yqjC_predicted,2.9375,61,15,TATGTCAATGTAAGGCCAGT,46,5258386
yqjE_yqjK_yqjD_yqjC_predicted,4.4375,85,15,TATGGCCATACTTGCTAGGC,70,5189184
yqjE_yqjK_yqjD_yqjC_predicted,3.375,68,15,TATGCCTACCCGGTCCCTTC,53,5257851
yqjE_yqjK_yqjD_yqjC_predicted,5.375,100,15,TATCAGGGCACGGTTAAGAA,85,5236907
yqjE_yqjK_yqjD_yqjC_predicted,6.4375,117,15,TAGGTACAGGTTAGCTAACA,102,5176679
yqjE_yqjK_yqjD_yqjC_predicted,2.9375,61,15,TAGGCTTATCGGCCATCGAA,46,5238100
yqjE_yqjK_yqjD_yqjC_predicted,0.5625,23,15,TACCACCGTCAGCGGGCAAT,8,5213349
yqjE_yqjK_yqjD_yqjC_predicted,1.1875,33,15,TACATCACACTCGACCCCGT,18,5252190
yqjE_yqjK_yqjD_yqjC_predicted,2.6875,57,15,TAATAAAGCTCTTATCACGA,42,5176859
yqjE_yqjK_yqjD_yqjC_predicted,1.125,32,15,TAACCTCTAAGCGGTCTCGG,17,5187441
yqjE_yqjK_yqjD_yqjC_predicted,0.1875,17,15,GTTTGAGCATGAGTTCTGGC,2,5201696
yqjE_yqjK_yqjD_yqjC_predicted,1.9375,45,15,GTTCCGGGTAGTCCTGCCGA,30,5185908
yqjE_yqjK_yqjD_yqjC_predicted,2.75,58,15,GTTCCCGGCCAACGATAGGC,43,5195603
yqjE_yqjK_yqjD_yqjC_predicted,1.5625,39,15,GTTCCAGCTACCTGAGGTTA,24,5211736
yqjE_yqjK_yqjD_yqjC_predicted,0.125,16,15,GTGTTCTTTCATAATGCGTA,1,5257685
yqjE_yqjK_yqjD_yqjC_predicted,2.1875,49,15,GTGGTCATTTTTTGTTCATT,34,5249193
yqjE_yqjK_yqjD_yqjC_predicted,6.0625,111,15,GTGGGTTACGCCACGGAGAT,96,5203965
yqjE_yqjK_yqjD_yqjC_predicted,0.125,16,15,GTGAGATCTAGCGGGGCCAG,1,5195001
yqjE_yqjK_yqjD_yqjC_predicted,3.5,70,15,GTAGGCATCCGCATCTCCTC,55,5183648
yqjE_yqjK_yqjD_yqjC_predicted,8.5,150,15,GTAGGAGTTGGCGTGGGAAA,135,5177845
yqjE_yqjK_yqjD_yqjC_predicted,3.5,70,15,GTACTTTGTAACATCCGAGT,55,5200876
yqjE_yqjK_yqjD_yqjC_predicted,2.5625,55,15,GGTTGTCAAACGTACCGGCA,40,5197036
yqjE_yqjK_yqjD_yqjC_predicted,0.4375,21,15,GGTGGGCACAGTTGAAAGTT,6,5223217
yqjE_yqjK_yqjD_yqjC_predicted,0.3125,19,15,GGTGGACCTTGAGGGCACTC,4,5236531
yqjE_yqjK_yqjD_yqjC_predicted,0.4375,21,15,GGTATATTGACGGCTGTGCA,6,5201510
yqjE_yqjK_yqjD_yqjC_predicted,2.75,58,15,GGTAAGTAAGATCGGCACCT,43,5202133
yqjE_yqjK_yqjD_yqjC_predicted,0.8125,27,15,GGGTCGGTTTGAGATTACGT,12,5245322
yqjE_yqjK_yqjD_yqjC_predicted,0.9375,29,15,GGGGTTAATGCTAGGTGAAT,14,5238050
yqjE_yqjK_yqjD_yqjC_predicted,12.25,210,15,GGGCATGAGAGGATGCTGCA,195,5247567
yqjE_yqjK_yqjD_yqjC_predicted,0.9375,29,15,GGCTATGTCGCTGAAAAGCA,14,5249792
yqjE_yqjK_yqjD_yqjC_predicted,9.3125,163,15,GGCCACACGGATGGCGGAGC,148,5204130
yqjE_yqjK_yqjD_yqjC_predicted,1.9375,45,15,GGATTTCGTATTTACGCCAT,30,5225370
yqjE_yqjK_yqjD_yqjC_predicted,1.25,34,15,GGATTGGAGTTCGTGGCGCA,19,5206920
yqjE_yqjK_yqjD_yqjC_predicted,0.8125,27,15,GGATACGTCAAGTGTGACTC,12,5231344
yqjE_yqjK_yqjD_yqjC_predicted,0.625,24,15,GGAAGACTACCCCGCCTCCC,9,5235607
yqjE_yqjK_yqjD_yqjC_predicted,5.3125,99,15,GCTTACCTTAGGTCCCCCTT,84,5254301
yqjE_yqjK_yqjD_yqjC_predicted,7.6875,137,15,GCTGTCTGGGGGGTCCTCGA,122,5256904
yqjE_yqjK_yqjD_yqjC_predicted,0.5625,23,15,GCTCGCCTGTTCACAGAGGC,8,5207157
yqjE_yqjK_yqjD_yqjC_predicted,32.625,536,15,GCGATGCTACCTTAGCCCAG,521,5221252
yqjE_yqjK_yqjD_yqjC_predicted,4.0625,79,15,GCCTATGTATAACAGAGGGC,64,5174883
yqjE_yqjK_yqjD_yqjC_predicted,4.3125,83,15,GCCCACTCTCTTTACGCTAT,68,5234280
yqjE_yqjK_yqjD_yqjC_predicted,1.5,38,15,GCAGCCAACTATGAATCCGA,23,5238934
yqjE_yqjK_yqjD_yqjC_predicted,0.125,16,15,GCAGATACCAGAGGTTTTCC,1,5189309
yqjE_yqjK_yqjD_yqjC_predicted,1.875,44,15,GCACCCGTTCGCCGTGGAAT,29,5211959
yqjE_yqjK_yqjD_yqjC_predicted,1.0,30,15,GCACACACTTGTAGTCGAGC,15,5178905
yqjE_yqjK_yqjD_yqjC_predicted,0.6875,25,15,GCAATCACGTACCCGTTCTC,10,5193928
yqjE_yqjK_yqjD_yqjC_predicted,1.0625,31,15,GATTGGAGAACTAGCTCTCG,16,5201060
yqjE_yqjK_yqjD_yqjC_predicted,0.5625,23,15,GATTCTGGTCACCTGCCGGG,8,5230892
yqjE_yqjK_yqjD_yqjC_predicted,1.0625,31,15,GAGGGGGTCAGGGACCTCTC,16,5181634
yqjE_yqjK_yqjD_yqjC_predicted,0.4375,21,15,GAACCGGGTCACTTTTTTCG,6,5239952
yqjE_yqjK_yqjD_yqjC_predicted,0.125,16,15,CTTTTGCGCGGCCCGTTTGT,1,5176964
yqjE_yqjK_yqjD_yqjC_predicted,1.1875,33,15,CTTGTAGTCTCATTCGTGCA,18,5206354
yqjE_yqjK_yqjD_yqjC_predicted,3.6875,73,15,CTTCACAGTCTATACAACTA,58,5237148
yqjE_yqjK_yqjD_yqjC_predicted,10.25,178,15,CTTACTCTATAACTGGAATA,163,5178895
yqjE_yqjK_yqjD_yqjC_predicted,0.625,24,15,CTGTTCCCTAACAAGGCAAC,9,5248187
yqjE_yqjK_yqjD_yqjC_predicted,19.125,320,15,CTGTACTACCTAGGATGATG,305,5233457
yqjE_yqjK_yqjD_yqjC_predicted,2.4375,53,15,CTGGGAGACACAGGTTCCAG,38,5178292
yqjE_yqjK_yqjD_yqjC_predicted,1.375,36,15,CTGAGACCGACCTCATAAAT,21,5193125
yqjE_yqjK_yqjD_yqjC_predicted,2.9375,61,15,CTCTTCAGCGGGCAGGCAAA,46,5239233
yqjE_yqjK_yqjD_yqjC_predicted,2.5625,55,15,CTCGCGGGCCTTACCTAGAC,40,5213401
yqjE_yqjK_yqjD_yqjC_predicted,0.125,16,15,CTCCCGAGGTCCAGTATCAC,1,5250933
yqjE_yqjK_yqjD_yqjC_predicted,3.375,68,15,CTATGGTTGTTCCAGTAAGC,53,5237400
yqjE_yqjK_yqjD_yqjC_predicted,4.1875,81,15,CTATACTCTCTAGCCACAGC,66,5171978
yqjE_yqjK_yqjD_yqjC_predicted,2.0,46,15,CTAAGGAGCCCACGGCTTGA,31,5252894
yqjE_yqjK_yqjD_yqjC_predicted,29.0625,479,15,CGTTTGTCTCGAGAATAGTT,464,5181371
yqjE_yqjK_yqjD_yqjC_predicted,1.375,36,15,CGTTTGCTTCCAAGTCAAGA,21,5206371
yqjE_yqjK_yqjD_yqjC_predicted,36.3125,595,15,CGTGTCATACAATAACACTG,580,5183926
yqjE_yqjK_yqjD_yqjC_predicted,2.375,52,15,CGTATGCCCGCCCGAGGGAT,37,5231710
yqjE_yqjK_yqjD_yqjC_predicted,0.125,16,15,CGTAATAAATCCCAGGCTAG,1,5221146
yqjE_yqjK_yqjD_yqjC_predicted,3.25,66,15,CGGCTTGGGCCTGCTTTGAA,51,5247002
yqjE_yqjK_yqjD_yqjC_predicted,0.5625,23,15,CGGCCGCCGACGGCATTATC,8,5258756
yqjE_yqjK_yqjD_yqjC_predicted,3.0625,63,15,CGCTGCATCCGTGACGTTCA,48,5260414
yqjE_yqjK_yqjD_yqjC_predicted,0.875,28,15,CGCGATGCGAGTTCCAGTAA,13,5221394
yqjE_yqjK_yqjD_yqjC_predicted,1.1875,33,15,CGCCGGAACGATATCGTGGA,18,5182122
yqjE_yqjK_yqjD_yqjC_predicted,1.4375,37,15,CGATTATATCGTTGACATCA,22,5215033
yqjE_yqjK_yqjD_yqjC_predicted,1.5625,39,15,CGATGGGCGACCAGTGGCGA,24,5177385
yqjE_yqjK_yqjD_yqjC_predicted,0.5,22,15,CGATCCCGTCCGCTTGCACA,7,5198450
yqjE_yqjK_yqjD_yqjC_predicted,5.375,100,15,CGATCCAACACTGGTAAGCG,85,5200091
yqjE_yqjK_yqjD_yqjC_predicted,1.375,36,15,CCTAGGTTGGCGGGCCGCCT,21,5197066
yqjE_yqjK_yqjD_yqjC_predicted,1.125,32,15,CCTAGAGTCTGGGGCCGTGA,17,5218855
yqjE_yqjK_yqjD_yqjC_predicted,1.5625,39,15,CCGTTAGAACATCAAAAGTC,24,5187182
yqjE_yqjK_yqjD_yqjC_predicted,0.125,16,15,CCGGAAAGTTTACTCTACAT,1,5216662
yqjE_yqjK_yqjD_yqjC_predicted,1.875,44,15,CCGAGAGAGAAAAAGAACGG,29,5241109
yqjE_yqjK_yqjD_yqjC_predicted,2.625,56,15,CCCTTTTTCCGCCTTCTCTA,41,5190481
yqjE_yqjK_yqjD_yqjC_predicted,1.8125,43,15,CCCTGCTTGGCAACGGTTTA,28,5199345
yqjE_yqjK_yqjD_yqjC_predicted,1.25,34,15,CCCGCTGCACGTTGCCCCGG,19,5198322
yqjE_yqjK_yqjD_yqjC_predicted,2.75,58,15,CCCACACCAGGCTCGCTACA,43,5254199
yqjE_yqjK_yqjD_yqjC_predicted,0.4375,21,15,CCATTTCTGGTAGGGAGATT,6,5201105
yqjE_yqjK_yqjD_yqjC_predicted,3.5625,71,15,CCATCCTCTAGCCCGAGGTG,56,5215785
yqjE_yqjK_yqjD_yqjC_predicted,6.3125,115,15,CCACTCCTCCGCCTGGTAAG,100,5225371
yqjE_yqjK_yqjD_yqjC_predicted,13.8125,235,15,CCACCTTGCAACCGCAAATA,220,5220835
yqjE_yqjK_yqjD_yqjC_predicted,1.4375,37,15,CCACATTCACTAAGCAACGG,22,5191007
yqjE_yqjK_yqjD_yqjC_predicted,1.25,34,15,CCACACAAGTGGGTCCAGTA,19,5176845
yqjE_yqjK_yqjD_yqjC_predicted,0.25,18,15,CATTGGCTGTTCTGGCCTCT,3,5177466
yqjE_yqjK_yqjD_yqjC_predicted,4.875,92,15,CATCCTTATGCGGGTTCGTA,77,5190483
yqjE_yqjK_yqjD_yqjC_predicted,3.6875,73,15,CATACGACTGAGGACTTTAT,58,5234343
yqjE_yqjK_yqjD_yqjC_predicted,1.625,40,15,CATAAGAGGGATACGTACTT,25,5206863
yqjE_yqjK_yqjD_yqjC_predicted,2.3125,51,15,CAGGAGTCCCCAGGAGGTGA,36,5258911
yqjE_yqjK_yqjD_yqjC_predicted,7.625,136,15,CAGCCAATGATTTCGTTGAT,121,5247866
yqjE_yqjK_yqjD_yqjC_predicted,0.8125,27,15,CAGAGCTGTACGCGGAGCGC,12,5247007
yqjE_yqjK_yqjD_yqjC_predicted,3.25,66,15,CAGACAGTTTTCATTCTGGA,51,5173609
yqjE_yqjK_yqjD_yqjC_predicted,2.5,54,15,CACTATCTATTGCTATTCGG,39,5187430
yqjE_yqjK_yqjD_yqjC_predicted,0.6875,25,15,CAACTGGCTAAAGAATCTCG,10,5260638
yqjE_yqjK_yqjD_yqjC_predicted,3.3125,67,15,CAACGGGATCACGCACGAAG,52,5241150
yqjE_yqjK_yqjD_yqjC_predicted,3.1875,65,15,ATTGGTTTTGTGTCGGAAGC,50,5241912
yqjE_yqjK_yqjD_yqjC_predicted,2.5,54,15,ATTAGCGTAAGAAGAGAAAG,39,5182562
yqjE_yqjK_yqjD_yqjC_predicted,1.25,34,15,ATTAACCCGTGAGCACGTGC,19,5204205
yqjE_yqjK_yqjD_yqjC_predicted,1.1875,33,15,ATGGTGTATCAGTGCCTCGT,18,5197058
yqjE_yqjK_yqjD_yqjC_predicted,9.0,158,15,ATGACTTGCTCCGGGGTTAA,143,5254328
yqjE_yqjK_yqjD_yqjC_predicted,8.1875,145,15,ATCTCCCTAATATGTCGAGC,130,5194023
yqjE_yqjK_yqjD_yqjC_predicted,1.125,32,15,ATCTATGCACGGACGCATGG,17,5217493
yqjE_yqjK_yqjD_yqjC_predicted,8.625,152,15,ATCCTGTGTGTTGGGCAAGA,137,5225548
yqjE_yqjK_yqjD_yqjC_predicted,0.5,22,15,ATCCTGTCTCGTCGTGACGC,7,5227338
yqjE_yqjK_yqjD_yqjC_predicted,1.6875,41,15,ATAGCAGTTGTATGAGTCCA,26,5194670
yqjE_yqjK_yqjD_yqjC_predicted,1.8125,43,15,ATACTTTTATACGCTAAATG,28,5216876
yqjE_yqjK_yqjD_yqjC_predicted,4.625,88,15,ATACGCCAGACGTCTGATGT,73,5237146
yqjE_yqjK_yqjD_yqjC_predicted,3.875,76,15,AGTTCAACCCGCTAGGCAGA,61,5170958
yqjE_yqjK_yqjD_yqjC_predicted,15.4375,261,15,AGTCGTGTCTGGCAGCGGAG,246,5214141
yqjE_yqjK_yqjD_yqjC_predicted,2.1875,49,15,AGGGTTTTGTACTGCGTCAC,34,5175269
yqjE_yqjK_yqjD_yqjC_predicted,2.625,56,15,AGCTCCCCTGAGTGCGTCGA,41,5245883
yqjE_yqjK_yqjD_yqjC_predicted,0.6875,25,15,AGCTCCCCTAAGATAAGAGT,10,5206853
yqjE_yqjK_yqjD_yqjC_predicted,3.6875,73,15,AGCATCCTAAGCCGTATATA,58,5195295
yqjE_yqjK_yqjD_yqjC_predicted,13.0,222,15,AGATGGTACCGTTTCTGTGT,207,5242503
yqjE_yqjK_yqjD_yqjC_predicted,0.125,16,15,AGAGTAGTTGGGCACCAATG,1,5208274
yqjE_yqjK_yqjD_yqjC_predicted,0.125,16,15,AGAGCTCTGCACCCCACATA,1,5246079
yqjE_yqjK_yqjD_yqjC_predicted,1.0625,31,15,AGAGCTAGAAGTGGGATTCT,16,5206870
yqjE_yqjK_yqjD_yqjC_predicted,2.875,60,15,ACTTGTTCACCTCCCCCAAT,45,5210168
yqjE_yqjK_yqjD_yqjC_predicted,13.9375,237,15,ACTGGGGATCTGAGGCGCTA,222,5181947
yqjE_yqjK_yqjD_yqjC_predicted,6.5,118,15,ACGTGATACGGCACCGCACA,103,5240272
yqjE_yqjK_yqjD_yqjC_predicted,0.125,16,15,ACGCGCCCGACTGGACTAGG,1,5171562
yqjE_yqjK_yqjD_yqjC_predicted,1.375,36,15,ACGCGATGTTCCGAGCTTAG,21,5250954
yqjE_yqjK_yqjD_yqjC_predicted,0.125,16,15,ACGCCGAACTAGGCAGATCG,1,5225361
yqjE_yqjK_yqjD_yqjC_predicted,3.75,74,15,ACCTGTGGGATAAGTACAGT,59,5217295
yqjE_yqjK_yqjD_yqjC_predicted,2.0625,47,15,ACCAATTTAGCATGTGGGTT,32,5189220
yqjE_yqjK_yqjD_yqjC_predicted,0.125,16,15,ACATAATGCCCGAGTCCGCG,1,5244679
yqjE_yqjK_yqjD_yqjC_predicted,0.5,22,15,ACACGGGAAACTTTCATCGA,7,5262589
yqjE_yqjK_yqjD_yqjC_predicted,1.5,38,15,ACACAACGGTATACCGCGTT,23,5234889
yqjE_yqjK_yqjD_yqjC_predicted,0.75,26,15,AATGTCGGGTCATTAATTCT,11,5202449
yqjE_yqjK_yqjD_yqjC_predicted,2.25,50,15,AATAAATGCATTCTGGAGGG,35,5190424
yqjE_yqjK_yqjD_yqjC_predicted,6.5,118,15,AAGTTAACTGTGGGGTAGAA,103,5212449
yqjE_yqjK_yqjD_yqjC_predicted,8.5,150,15,AAGTGACTGGCCAGCGAGAT,135,5237589
yqjE_yqjK_yqjD_yqjC_predicted,1.125,32,15,AAGCGGCTTACCGGCCGGAC,17,5191082
yqjE_yqjK_yqjD_yqjC_predicted,6.1875,113,15,AAGCCGGCCTGATGAATATG,98,5214095
yqjE_yqjK_yqjD_yqjC_predicted,0.125,16,15,AACCTCGCGTCCCAGGCGGT,1,5207245
yqjE_yqjK_yqjD_yqjC_predicted,4.375,84,15,AAAATGGAGCCGTTTAATAA,69,5184195
yqjE_yqjK_yqjD_yqjC_predicted,1.1333333333333333,30,14,TTTGTGGGCCGGTAGTTTCC,16,5199671
yqjE_yqjK_yqjD_yqjC_predicted,0.9333333333333333,27,14,TTGTTGCCAACGCAAGTCAC,13,5196180
yqjE_yqjK_yqjD_yqjC_predicted,2.4,49,14,TTGGCATATACAACTGGCGA,35,5176465
yqjE_yqjK_yqjD_yqjC_predicted,6.133333333333334,105,14,TTGATACGTTTTGACTAGCA,91,5225542
yqjE_yqjK_yqjD_yqjC_predicted,3.066666666666667,59,14,TTGAGTGGGAGCCGTTAGAT,45,5232723
yqjE_yqjK_yqjD_yqjC_predicted,3.8,70,14,TTCCGTTTGAAAGTTCCGAT,56,5262814
yqjE_yqjK_yqjD_yqjC_predicted,2.933333333333333,57,14,TTAGCCAGAAGCCACCTTAT,43,5249939
yqjE_yqjK_yqjD_yqjC_predicted,1.5333333333333334,36,14,TTAGACCACGATTCCTCTTG,22,5260463
yqjE_yqjK_yqjD_yqjC_predicted,4.866666666666666,86,14,TTACGTCCCCACCGAAGGAA,72,5237624
yqjE_yqjK_yqjD_yqjC_predicted,0.8,25,14,TGTTGCATCCGGTCACGTCC,11,5228849
yqjE_yqjK_yqjD_yqjC_predicted,1.4666666666666666,35,14,TGTTGAAGTTAATAGAAGAA,21,5246565
yqjE_yqjK_yqjD_yqjC_predicted,1.6666666666666667,38,14,TGTCGAAGATCAAGGGCAGG,24,5190786
yqjE_yqjK_yqjD_yqjC_predicted,1.4,34,14,TGTCAGCATCCAAGCTCTCA,20,5222637
yqjE_yqjK_yqjD_yqjC_predicted,0.8,25,14,TGGATTGGCCCCCGCATACT,11,5222771
yqjE_yqjK_yqjD_yqjC_predicted,0.13333333333333333,15,14,TGGATATCGTAACAGGAAGT,1,5197360
yqjE_yqjK_yqjD_yqjC_predicted,1.3333333333333333,33,14,TGGACGGTATGGCAGCCCCT,19,5180613
yqjE_yqjK_yqjD_yqjC_predicted,0.8,25,14,TGCTGTGTTGATCGGTATTC,11,5179353
yqjE_yqjK_yqjD_yqjC_predicted,0.8666666666666667,26,14,TGCAATAAATACAGGTTTAG,12,5230177
yqjE_yqjK_yqjD_yqjC_predicted,3.2666666666666666,62,14,TGATCTACCTATCTGTAAGA,48,5242720
yqjE_yqjK_yqjD_yqjC_predicted,12.6,202,14,TGAGCAGCATGCCAGAAATC,188,5189649
yqjE_yqjK_yqjD_yqjC_predicted,0.13333333333333333,15,14,TCTCCGGAACAGTGAGCGAT,1,5251395
yqjE_yqjK_yqjD_yqjC_predicted,1.8666666666666667,41,14,TCGGTATATCAGGCATCACG,27,5227458
yqjE_yqjK_yqjD_yqjC_predicted,1.7333333333333334,39,14,TCGGAATGCTGCTGTATGCT,25,5240818
yqjE_yqjK_yqjD_yqjC_predicted,1.3333333333333333,33,14,TCGCGTTTACTACCCTAGAG,19,5199355
yqjE_yqjK_yqjD_yqjC_predicted,0.4,19,14,TCCTGAAAAACTGCTATGTA,5,5256288
yqjE_yqjK_yqjD_yqjC_predicted,1.0666666666666667,29,14,TCCCTCTTCGCGGCAATTGT,15,5178779
yqjE_yqjK_yqjD_yqjC_predicted,2.6666666666666665,53,14,TCCAGCAGGGCAAATGGCGT,39,5251744
yqjE_yqjK_yqjD_yqjC_predicted,1.1333333333333333,30,14,TCAGCCGCGTAGAAGAACGC,16,5180317
yqjE_yqjK_yqjD_yqjC_predicted,0.13333333333333333,15,14,TCAGAATCTGGGGAATGTCA,1,5173497
yqjE_yqjK_yqjD_yqjC_predicted,2.2666666666666666,47,14,TCACCACGAAATGAGCAAAT,33,5190475
yqjE_yqjK_yqjD_yqjC_predicted,1.8666666666666667,41,14,TCAAAGGGGCCATACTTGGT,27,5256033
yqjE_yqjK_yqjD_yqjC_predicted,1.9333333333333333,42,14,TAGGCGGTTTCTGTTTCGCT,28,5221062
yqjE_yqjK_yqjD_yqjC_predicted,5.266666666666667,92,14,TAGATCGTGCCAGTATCAAA,78,5241541
yqjE_yqjK_yqjD_yqjC_predicted,3.1333333333333333,60,14,TAGACTTCAGTGACGACATG,46,5215256
yqjE_yqjK_yqjD_yqjC_predicted,5.4,94,14,TACTATGAAATCAACTTATG,80,5171695
yqjE_yqjK_yqjD_yqjC_predicted,1.3333333333333333,33,14,TACGATCTCATTCCGGCTTG,19,5219500
yqjE_yqjK_yqjD_yqjC_predicted,0.8,25,14,TACACAGTACAGGGAACATG,11,5175938
yqjE_yqjK_yqjD_yqjC_predicted,2.533333333333333,51,14,TAATCCAGGGGCTTGGGTAG,37,5189967
yqjE_yqjK_yqjD_yqjC_predicted,40.666666666666664,623,14,TAAGGTAATATCCCCGCGTT,609,5174806
yqjE_yqjK_yqjD_yqjC_predicted,4.066666666666666,74,14,TAAGCGTCAACTTCAAACAT,60,5203140
yqjE_yqjK_yqjD_yqjC_predicted,4.2,76,14,TAACCGATCCTACATGGGTA,62,5191341
yqjE_yqjK_yqjD_yqjC_predicted,0.13333333333333333,15,14,TAACATTATCGGCTTCCTGT,1,5240107
yqjE_yqjK_yqjD_yqjC_predicted,0.9333333333333333,27,14,TAAACTCCCTGCCAGTAGGG,13,5228946
yqjE_yqjK_yqjD_yqjC_predicted,5.666666666666667,98,14,GTTCCATGCTAGTTGTACAG,84,5208586
yqjE_yqjK_yqjD_yqjC_predicted,3.3333333333333335,63,14,GTTATCAAGGATTTTCGAAG,49,5236298
yqjE_yqjK_yqjD_yqjC_predicted,1.2666666666666666,32,14,GTGTTGTCAGATATATTTAG,18,5178948
yqjE_yqjK_yqjD_yqjC_predicted,1.6,37,14,GTGTGCTTAGATTTGTCCGA,23,5200090
yqjE_yqjK_yqjD_yqjC_predicted,3.2,61,14,GTGGGCCATCCCTTCGATCA,47,5242154
yqjE_yqjK_yqjD_yqjC_predicted,1.2666666666666666,32,14,GTGCTAAGGTAACAAGACTC,18,5248007
yqjE_yqjK_yqjD_yqjC_predicted,3.466666666666667,65,14,GTGACTCCTATTCGGTCTTC,51,5251485
yqjE_yqjK_yqjD_yqjC_predicted,10.8,175,14,GTACTGATTCCGATAGCTCG,161,5177834
yqjE_yqjK_yqjD_yqjC_predicted,0.8666666666666667,26,14,GGTTATCCCTGCGATCATAT,12,5183872
yqjE_yqjK_yqjD_yqjC_predicted,0.8666666666666667,26,14,GGTTATACCATCCCAAATAA,12,5236672
yqjE_yqjK_yqjD_yqjC_predicted,2.2666666666666666,47,14,GGTTAAATCGACTTCGTATT,33,5226496
yqjE_yqjK_yqjD_yqjC_predicted,0.4,19,14,GGTGCGAAGTCCTGTAAGCA,5,5172587
yqjE_yqjK_yqjD_yqjC_predicted,5.933333333333334,102,14,GGTGCCTAAGGGTCTTAGAA,88,5180502
yqjE_yqjK_yqjD_yqjC_predicted,0.8,25,14,GGTCTCGTGGGATCTTTCCT,11,5229485
yqjE_yqjK_yqjD_yqjC_predicted,1.5333333333333334,36,14,GGGTCAGTTAATACCGGTCT,22,5173140
yqjE_yqjK_yqjD_yqjC_predicted,10.8,175,14,GGGTATCACGAGCGACGTTG,161,5237629
yqjE_yqjK_yqjD_yqjC_predicted,15.4,244,14,GGGGTATCATCCGCTTCTGG,230,5218385
yqjE_yqjK_yqjD_yqjC_predicted,2.8,55,14,GGGGACTAGAAGCCCTCCGT,41,5209474
yqjE_yqjK_yqjD_yqjC_predicted,0.4,19,14,GGGCAGTAACAGACAACATT,5,5218449
yqjE_yqjK_yqjD_yqjC_predicted,2.933333333333333,57,14,GGGACTGTTCACTCCCAAAC,43,5261151
yqjE_yqjK_yqjD_yqjC_predicted,1.6,37,14,GGCTCAAGTCGAGTAGACAA,23,5230837
yqjE_yqjK_yqjD_yqjC_predicted,0.2,16,14,GGCATCTATTTCGAGGTCAT,2,5238661
yqjE_yqjK_yqjD_yqjC_predicted,2.7333333333333334,54,14,GGCATAAGCTGCATGATGAG,40,5182555
yqjE_yqjK_yqjD_yqjC_predicted,2.2,46,14,GGCACTGTAACTGGCTCGCT,32,5195267
yqjE_yqjK_yqjD_yqjC_predicted,9.4,154,14,GGCACATAAAGTTTTCTTAT,140,5184520
yqjE_yqjK_yqjD_yqjC_predicted,1.2,31,14,GGAGGGTATTTGTTAAGAGA,17,5173231
yqjE_yqjK_yqjD_yqjC_predicted,3.933333333333333,72,14,GGAGCATGAACAGCCTACTT,58,5233866
yqjE_yqjK_yqjD_yqjC_predicted,13.733333333333333,219,14,GGACGAGGCGCGATTTTTTG,205,5255613
yqjE_yqjK_yqjD_yqjC_predicted,1.1333333333333333,30,14,GGACATCCTTGGGAAATCGC,16,5195415
yqjE_yqjK_yqjD_yqjC_predicted,3.3333333333333335,63,14,GGAAGCCGGTCATGTGAATA,49,5175272
yqjE_yqjK_yqjD_yqjC_predicted,6.266666666666667,107,14,GCTTTGGGAAAGATCTTCTG,93,5232238
yqjE_yqjK_yqjD_yqjC_predicted,6.266666666666667,107,14,GCTTCCTTTATGAATGCATG,93,5211946
yqjE_yqjK_yqjD_yqjC_predicted,1.8666666666666667,41,14,GCTAGATACCATGCCACTGG,27,5178017
yqjE_yqjK_yqjD_yqjC_predicted,2.8666666666666667,56,14,GCGCTCATCTTATCCGATGA,42,5230852
yqjE_yqjK_yqjD_yqjC_predicted,2.933333333333333,57,14,GCGCAACCGCGGGCCCTGGT,43,5235985
yqjE_yqjK_yqjD_yqjC_predicted,1.4666666666666666,35,14,GCCGCCTTGAATCGTCGGTC,21,5176241
yqjE_yqjK_yqjD_yqjC_predicted,1.4,34,14,GCCACCGGCCGCGACTGGTA,20,5192016
yqjE_yqjK_yqjD_yqjC_predicted,1.2,31,14,GCAGGTTACTGGGGACCCTG,17,5190485
yqjE_yqjK_yqjD_yqjC_predicted,1.4666666666666666,35,14,GCACCCTTCAGTACGTCATA,21,5210057
yqjE_yqjK_yqjD_yqjC_predicted,0.4666666666666667,20,14,GCAATCTTCATCAAATCGAA,6,5260565
yqjE_yqjK_yqjD_yqjC_predicted,0.7333333333333333,24,14,GCAACCATTGGTGAACTCTT,10,5231377
yqjE_yqjK_yqjD_yqjC_predicted,1.1333333333333333,30,14,GCAAATTAAAATATGAACAC,16,5188141
yqjE_yqjK_yqjD_yqjC_predicted,0.6,22,14,GCAAACGTCCCCCGGGGTTT,8,5259195
yqjE_yqjK_yqjD_yqjC_predicted,2.0,43,14,GATTAGCGTTCTAATTTGCA,29,5189213
yqjE_yqjK_yqjD_yqjC_predicted,14.866666666666667,236,14,GATGCTCTGAGTGACGTGAG,222,5214795
yqjE_yqjK_yqjD_yqjC_predicted,1.8666666666666667,41,14,GATCTCGCATACGGCCGGCT,27,5181250
yqjE_yqjK_yqjD_yqjC_predicted,1.9333333333333333,42,14,GATAATAGCACACTCCGGCC,28,5246304
yqjE_yqjK_yqjD_yqjC_predicted,0.13333333333333333,15,14,GAGGGTAGTGAACGGATTTA,1,5236161
yqjE_yqjK_yqjD_yqjC_predicted,7.0,118,14,GAGGAATTCGGATACCGACT,104,5186036
yqjE_yqjK_yqjD_yqjC_predicted,2.6,52,14,GAGCGTCATTCCATCCAACT,38,5254889
yqjE_yqjK_yqjD_yqjC_predicted,1.8,40,14,GAGCCCACATCCGACTTAAG,26,5225376
yqjE_yqjK_yqjD_yqjC_predicted,1.0666666666666667,29,14,GACGGAGGTAACGCTGCATA,15,5207307
yqjE_yqjK_yqjD_yqjC_predicted,1.0666666666666667,29,14,GACAGGGTAGGCCGACTCCT,15,5230087
yqjE_yqjK_yqjD_yqjC_predicted,3.0,58,14,CTTTTAGGCGCGCACACTAT,44,5233308
yqjE_yqjK_yqjD_yqjC_predicted,0.8666666666666667,26,14,CTTTCTGCGAAGGGATTTGA,12,5247001
yqjE_yqjK_yqjD_yqjC_predicted,4.8,85,14,CTTTAGAAATTGTAATTGCC,71,5231638
yqjE_yqjK_yqjD_yqjC_predicted,5.0,88,14,CTTTAATCGACCCTGTTACT,74,5184192
yqjE_yqjK_yqjD_yqjC_predicted,0.13333333333333333,15,14,CTTCTTTGCTTTAGCGGGTA,1,5236362
yqjE_yqjK_yqjD_yqjC_predicted,0.6666666666666666,23,14,CTTCGCGAATTACCATTTAG,9,5184245
yqjE_yqjK_yqjD_yqjC_predicted,3.1333333333333333,60,14,CTTCCACTAACCAGACGAGC,46,5242662
yqjE_yqjK_yqjD_yqjC_predicted,2.3333333333333335,48,14,CTGCCGCTTATGTTGAAGAA,34,5204956
yqjE_yqjK_yqjD_yqjC_predicted,1.7333333333333334,39,14,CTCTGAGTGAAAACGCAGTC,25,5238196
yqjE_yqjK_yqjD_yqjC_predicted,4.0,73,14,CTCTCCATCGCGAAGGACTA,59,5261130
yqjE_yqjK_yqjD_yqjC_predicted,0.4666666666666667,20,14,CTAGGTACCTCGCAACCGTA,6,5227552
yqjE_yqjK_yqjD_yqjC_predicted,0.13333333333333333,15,14,CTAGGCACGTAATGTGGTTA,1,5202505
yqjE_yqjK_yqjD_yqjC_predicted,7.933333333333334,132,14,CTACAGGATTCGAGGACGTA,118,5217294
yqjE_yqjK_yqjD_yqjC_predicted,6.133333333333334,105,14,CTACAAACCCTCCGTGCCCA,91,5256912
yqjE_yqjK_yqjD_yqjC_predicted,2.1333333333333333,45,14,CGTTCCAAACTGACGCACGA,31,5194504
yqjE_yqjK_yqjD_yqjC_predicted,0.4,19,14,CGTGCTTAGCAGGTAAGTGT,5,5182590
yqjE_yqjK_yqjD_yqjC_predicted,1.1333333333333333,30,14,CGGTTAGAGGAAGGTTTGTT,16,5218895
yqjE_yqjK_yqjD_yqjC_predicted,3.066666666666667,59,14,CGGTGCATTTCTGGTACGAA,45,5187934
yqjE_yqjK_yqjD_yqjC_predicted,2.066666666666667,44,14,CGGATGGGGTTAAGCGGTGG,30,5260288
yqjE_yqjK_yqjD_yqjC_predicted,4.333333333333333,78,14,CGCCCCAGCCCGGCGGAGCG,64,5226092
yqjE_yqjK_yqjD_yqjC_predicted,4.733333333333333,84,14,CGCATGCCACGCAAGTAGTC,70,5197700
yqjE_yqjK_yqjD_yqjC_predicted,2.066666666666667,44,14,CGACAGGCAAACATAGTTAG,30,5201799
yqjE_yqjK_yqjD_yqjC_predicted,6.533333333333333,111,14,CCTGCAAAGCAGTGGCCGTT,97,5174714
yqjE_yqjK_yqjD_yqjC_predicted,1.3333333333333333,33,14,CCTGAGTTCCGTTCCCAGTA,19,5195741
yqjE_yqjK_yqjD_yqjC_predicted,0.8,25,14,CCTAGAGTAAGACCATTAAA,11,5245750
yqjE_yqjK_yqjD_yqjC_predicted,1.2,31,14,CCGTCTTCGAAGTTAGGTAC,17,5229025
yqjE_yqjK_yqjD_yqjC_predicted,0.7333333333333333,24,14,CCGTACCCGTTTGAGTAACT,10,5174469
yqjE_yqjK_yqjD_yqjC_predicted,2.3333333333333335,48,14,CCGTAATACATAAGCACGGA,34,5204774
yqjE_yqjK_yqjD_yqjC_predicted,5.533333333333333,96,14,CCCTTATAATGTGCCAAATG,82,5190403
yqjE_yqjK_yqjD_yqjC_predicted,6.0,103,14,CCCGGTCTGCGGAGGAGCAT,89,5181476
yqjE_yqjK_yqjD_yqjC_predicted,2.533333333333333,51,14,CCCGCTCAACAAGTAGGAAC,37,5236578
yqjE_yqjK_yqjD_yqjC_predicted,2.7333333333333334,54,14,CCCCCGTGTACAAATCTTTC,40,5229258
yqjE_yqjK_yqjD_yqjC_predicted,1.2666666666666666,32,14,CCCCCATCGGCCGAGGTACG,18,5209755
yqjE_yqjK_yqjD_yqjC_predicted,6.866666666666666,116,14,CCCATATGAAATTGTTAGAT,102,5190417
yqjE_yqjK_yqjD_yqjC_predicted,3.6666666666666665,68,14,CCCAAAAGCGGCATGCTAGT,54,5246282
yqjE_yqjK_yqjD_yqjC_predicted,10.066666666666666,164,14,CCACTGGGCGAAGTTACAGA,150,5262248
yqjE_yqjK_yqjD_yqjC_predicted,3.7333333333333334,69,14,CCAAATATCCTGACGCACGT,55,5236281
yqjE_yqjK_yqjD_yqjC_predicted,7.066666666666666,119,14,CATACGACGTCCGCACACCT,105,5262545
yqjE_yqjK_yqjD_yqjC_predicted,1.4,34,14,CAGGTAGTCTAATGCGAGCA,20,5197678
yqjE_yqjK_yqjD_yqjC_predicted,0.6666666666666666,23,14,CACTATTGGGCGCTCAGATT,9,5219928
yqjE_yqjK_yqjD_yqjC_predicted,0.6,22,14,CACATGGTATACCGTTATTG,8,5182363
yqjE_yqjK_yqjD_yqjC_predicted,3.6666666666666665,68,14,CAAGTGCAAAAGCAACATCA,54,5204100
yqjE_yqjK_yqjD_yqjC_predicted,0.8,25,14,CAAGCACATGCAAACAACTT,11,5231523
yqjE_yqjK_yqjD_yqjC_predicted,0.8,25,14,CAAATGACTTCAGCCTGCCC,11,5189971
yqjE_yqjK_yqjD_yqjC_predicted,0.5333333333333333,21,14,ATTAGCCTGGACCTGACCGG,7,5196982
yqjE_yqjK_yqjD_yqjC_predicted,4.066666666666666,74,14,ATTACGTATTGGTTATGCAG,60,5210447
yqjE_yqjK_yqjD_yqjC_predicted,3.8,70,14,ATGTGGCGTGGATTGAGGTC,56,5211149
yqjE_yqjK_yqjD_yqjC_predicted,7.533333333333333,126,14,ATGTACTTGAATCTAGTCCC,112,5247692
yqjE_yqjK_yqjD_yqjC_predicted,1.2666666666666666,32,14,ATGGCTTTACGTTAGATCCT,18,5215791
yqjE_yqjK_yqjD_yqjC_predicted,2.4,49,14,ATGGACCCAAGGCTAATTCG,35,5182784
yqjE_yqjK_yqjD_yqjC_predicted,1.2666666666666666,32,14,ATGGAAACGGATACTTGGAT,18,5227039
yqjE_yqjK_yqjD_yqjC_predicted,0.13333333333333333,15,14,ATCGGAGGAATCCCTGCTGA,1,5183247
yqjE_yqjK_yqjD_yqjC_predicted,0.9333333333333333,27,14,ATCCAAAACGCGGATTATCT,13,5211389
yqjE_yqjK_yqjD_yqjC_predicted,7.066666666666666,119,14,ATCAGTGGTAGGGTTTCGGG,105,5199743
yqjE_yqjK_yqjD_yqjC_predicted,5.933333333333334,102,14,ATCAGACATTATTCCTAGAA,88,5217297
yqjE_yqjK_yqjD_yqjC_predicted,0.8666666666666667,26,14,ATACTCTAAACCTCAACTAA,12,5233562
yqjE_yqjK_yqjD_yqjC_predicted,1.5333333333333334,36,14,ATACACCTGCAGCTATAGGA,22,5234079
yqjE_yqjK_yqjD_yqjC_predicted,5.666666666666667,98,14,AGTTTCGCCTGTATAGCCAC,84,5202569
yqjE_yqjK_yqjD_yqjC_predicted,0.3333333333333333,18,14,AGTCTTTGTCAGGCAGGTCG,4,5211964
yqjE_yqjK_yqjD_yqjC_predicted,2.466666666666667,50,14,AGTACGGTCACTTGTGTAAC,36,5176267
yqjE_yqjK_yqjD_yqjC_predicted,16.733333333333334,264,14,AGGGAGCTTTATAGGATGTG,250,5185359
yqjE_yqjK_yqjD_yqjC_predicted,6.6,112,14,AGGCGTTTGTATGTGGACGA,98,5200951
yqjE_yqjK_yqjD_yqjC_predicted,7.6,127,14,AGGCCTCGGGTAAGGAAAGG,113,5181733
yqjE_yqjK_yqjD_yqjC_predicted,4.0,73,14,AGGAGCTTCGACGCGAGACG,59,5184190
yqjE_yqjK_yqjD_yqjC_predicted,0.13333333333333333,15,14,AGCTATCATTGATAACGAAA,1,5175786
yqjE_yqjK_yqjD_yqjC_predicted,0.3333333333333333,18,14,AGCGTCTGTTTTAGGTAAGA,4,5192285
yqjE_yqjK_yqjD_yqjC_predicted,1.4666666666666666,35,14,AGCGGTTGTGTGAATAGGCA,21,5238466
yqjE_yqjK_yqjD_yqjC_predicted,3.3333333333333335,63,14,AGAGTTCTTCTATGACAGTC,49,5188075
yqjE_yqjK_yqjD_yqjC_predicted,1.8,40,14,AGACCGGGGGGGACTTCGAC,26,5240309
yqjE_yqjK_yqjD_yqjC_predicted,32.93333333333333,507,14,ACTTTAGATTAGTGAATCAG,493,5180837
yqjE_yqjK_yqjD_yqjC_predicted,1.7333333333333334,39,14,ACTTGTAGTTACCTCCGGAT,25,5252233
yqjE_yqjK_yqjD_yqjC_predicted,1.3333333333333333,33,14,ACTCTCGACTCGACTAGCCT,19,5243973
yqjE_yqjK_yqjD_yqjC_predicted,2.7333333333333334,54,14,ACGTGTCGTATATGAGAGTA,40,5189343
yqjE_yqjK_yqjD_yqjC_predicted,0.8666666666666667,26,14,ACGTATTTACGCGACGAAAC,12,5193566
yqjE_yqjK_yqjD_yqjC_predicted,3.3333333333333335,63,14,ACGGTCTTCTTGCGTTTTCC,49,5183059
yqjE_yqjK_yqjD_yqjC_predicted,3.466666666666667,65,14,ACGATGCTCAGAATGTCCCC,51,5221702
yqjE_yqjK_yqjD_yqjC_predicted,1.0666666666666667,29,14,ACGAATCTGTGTGGTGGCCC,15,5214491
yqjE_yqjK_yqjD_yqjC_predicted,0.3333333333333333,18,14,ACCTCCAACGAGAGTTTTTT,4,5194610
yqjE_yqjK_yqjD_yqjC_predicted,15.133333333333333,240,14,ACATATCTAGGTTACTGGCG,226,5189691
yqjE_yqjK_yqjD_yqjC_predicted,1.2666666666666666,32,14,AATGGGAACATGGGACAGGG,18,5235568
yqjE_yqjK_yqjD_yqjC_predicted,0.26666666666666666,17,14,AATAGAGTATCGCGAACCAT,3,5176097
yqjE_yqjK_yqjD_yqjC_predicted,1.8666666666666667,41,14,AATACTTCCAACAAAGAGCA,27,5249090
yqjE_yqjK_yqjD_yqjC_predicted,23.266666666666666,362,14,AAGTAGGAAGGATAGGTAAA,348,5181363
yqjE_yqjK_yqjD_yqjC_predicted,1.4666666666666666,35,14,AAGGTAGGGCAGTAGGTAAA,21,5183377
yqjE_yqjK_yqjD_yqjC_predicted,0.6666666666666666,23,14,AAGCCCAGTCTGCTTTAAGT,9,5200722
yqjE_yqjK_yqjD_yqjC_predicted,0.2,16,14,AAGACTATGTTCAATGCAGT,2,5173850
yqjE_yqjK_yqjD_yqjC_predicted,3.6666666666666665,68,14,AACCCACAGGCTGCACTCCG,54,5237415
yqjE_yqjK_yqjD_yqjC_predicted,1.8666666666666667,41,14,AAAGACCGAGCGAAGAGGTT,27,5233544
yqjE_yqjK_yqjD_yqjC_predicted,0.26666666666666666,17,14,AAACACTAGGCAAACTCATA,3,5191431
yqjE_yqjK_yqjD_yqjC_predicted,0.14285714285714285,14,13,TTTTTTAGTCTGACGGTCCC,1,5206939
yqjE_yqjK_yqjD_yqjC_predicted,7.928571428571429,123,13,TTGTCGGCCTTCCAGCGGTT,110,5188587
yqjE_yqjK_yqjD_yqjC_predicted,1.0714285714285714,27,13,TTGGTGAGAACCACATTCCA,14,5207066
yqjE_yqjK_yqjD_yqjC_predicted,0.14285714285714285,14,13,TTGGGGTGGTCTCCTCGCTT,1,5221209
yqjE_yqjK_yqjD_yqjC_predicted,6.5,103,13,TTGGAATGTACCAAGCCTCC,90,5242054
yqjE_yqjK_yqjD_yqjC_predicted,26.285714285714285,380,13,TTGGAAATCGTGATAGGGGG,367,5238905
yqjE_yqjK_yqjD_yqjC_predicted,6.285714285714286,100,13,TTGCACGGAGAGCCCGATTA,87,5262749
yqjE_yqjK_yqjD_yqjC_predicted,4.071428571428571,69,13,TTCTTTACCGCCATGAGTAT,56,5197129
yqjE_yqjK_yqjD_yqjC_predicted,0.8571428571428571,24,13,TTCTACGGAGTAACAGACAT,11,5193858
yqjE_yqjK_yqjD_yqjC_predicted,1.0,26,13,TTCGTTTGGGACACTCGACC,13,5209636
yqjE_yqjK_yqjD_yqjC_predicted,3.142857142857143,56,13,TTCGAGCTTTTGAAAGCACA,43,5173219
yqjE_yqjK_yqjD_yqjC_predicted,2.0,40,13,TTCAAAATGTGAATCTCCCC,27,5260635
yqjE_yqjK_yqjD_yqjC_predicted,1.2142857142857142,29,13,TTATTCGTGGTGGGCTGGCA,16,5171183
yqjE_yqjK_yqjD_yqjC_predicted,1.7142857142857142,36,13,TTAGGGACCCAGGGCCCGCA,23,5210517
yqjE_yqjK_yqjD_yqjC_predicted,0.7142857142857143,22,13,TTACGTGGTGCCTGGAGGAC,9,5216973
yqjE_yqjK_yqjD_yqjC_predicted,1.0714285714285714,27,13,TTACGCTTGAGAACCGGCTT,14,5233854
yqjE_yqjK_yqjD_yqjC_predicted,1.0,26,13,TTAATACATTTAGGTCCTCA,13,5219970
yqjE_yqjK_yqjD_yqjC_predicted,0.2857142857142857,16,13,TTAAGGTTATGGTTAGTTAG,3,5187100
yqjE_yqjK_yqjD_yqjC_predicted,1.5714285714285714,34,13,TGTCATGCCAAACCCGCTGT,21,5232080
yqjE_yqjK_yqjD_yqjC_predicted,0.35714285714285715,17,13,TGGGCAAACGTCTCCGAAGT,4,5252206
yqjE_yqjK_yqjD_yqjC_predicted,1.2142857142857142,29,13,TGGCTATAAGGGAAATTTAT,16,5217601
yqjE_yqjK_yqjD_yqjC_predicted,1.7857142857142858,37,13,TGGCCTGGAACCAGAGCGGT,24,5173661
yqjE_yqjK_yqjD_yqjC_predicted,0.35714285714285715,17,13,TGCTATACTTAGTCCCGTTA,4,5236612
yqjE_yqjK_yqjD_yqjC_predicted,4.142857142857143,70,13,TGCATCGTTCATTTATTTCC,57,5210175
yqjE_yqjK_yqjD_yqjC_predicted,1.2142857142857142,29,13,TGCAAAAGTAGGCCGTCACA,16,5179094
yqjE_yqjK_yqjD_yqjC_predicted,3.5,61,13,TGATTTTCCGTTAGCTAGTC,48,5218893
yqjE_yqjK_yqjD_yqjC_predicted,0.42857142857142855,18,13,TGAGCTATTTTTTCACGGGT,5,5204881
yqjE_yqjK_yqjD_yqjC_predicted,0.7142857142857143,22,13,TGAGCTAAGTCTTCCGGCTG,9,5242983
yqjE_yqjK_yqjD_yqjC_predicted,1.6428571428571428,35,13,TGACTAGGAGGCCTTATGGC,22,5190629
yqjE_yqjK_yqjD_yqjC_predicted,0.14285714285714285,14,13,TGAAACCGAGAGAGAGTCTC,1,5207345
yqjE_yqjK_yqjD_yqjC_predicted,1.9285714285714286,39,13,TCTGGTCGTGGAATATTGCT,26,5175169
yqjE_yqjK_yqjD_yqjC_predicted,1.9285714285714286,39,13,TCTGGGTACATACTGTTATA,26,5216814
yqjE_yqjK_yqjD_yqjC_predicted,2.357142857142857,45,13,TCTCGCTCCATTGTTTTTCG,32,5261025
yqjE_yqjK_yqjD_yqjC_predicted,1.2142857142857142,29,13,TCTACGCATAATAAGCTCGA,16,5223838
yqjE_yqjK_yqjD_yqjC_predicted,5.071428571428571,83,13,TCGGATCAGTAACTCTTGTG,70,5225555
yqjE_yqjK_yqjD_yqjC_predicted,5.142857142857143,84,13,TCGCTCGACATGCGTGGTAA,71,5201327
yqjE_yqjK_yqjD_yqjC_predicted,0.5714285714285714,20,13,TCGAGGTTCAATTGATTCAG,7,5235862
yqjE_yqjK_yqjD_yqjC_predicted,5.928571428571429,95,13,TCGAATCCAACCTGTCATCT,82,5177602
yqjE_yqjK_yqjD_yqjC_predicted,0.8571428571428571,24,13,TCCTAGCCCTCGGGCGTGCT,11,5224621
yqjE_yqjK_yqjD_yqjC_predicted,3.0,54,13,TCCCCGTTACTCTTCATTAA,41,5253945
yqjE_yqjK_yqjD_yqjC_predicted,0.8571428571428571,24,13,TCAATCGCACCAATACCCTT,11,5192128
yqjE_yqjK_yqjD_yqjC_predicted,9.071428571428571,139,13,TCAAGTTGTGCGTCGGAAAG,126,5254585
yqjE_yqjK_yqjD_yqjC_predicted,1.3571428571428572,31,13,TATTAAATTGTCTCAACGGT,18,5232119
yqjE_yqjK_yqjD_yqjC_predicted,5.857142857142857,94,13,TATCCGATAAAAAGGCGGAT,81,5185378
yqjE_yqjK_yqjD_yqjC_predicted,2.9285714285714284,53,13,TAGCCATTTGAGCCTACATC,40,5181486
yqjE_yqjK_yqjD_yqjC_predicted,5.285714285714286,86,13,TAGAACATTAGGGATTAACT,73,5203156
yqjE_yqjK_yqjD_yqjC_predicted,0.14285714285714285,14,13,TAGAACACCATTTGCGAAAA,1,5233295
yqjE_yqjK_yqjD_yqjC_predicted,1.3571428571428572,31,13,TACTCACGGTTGCGATATCT,18,5203637
yqjE_yqjK_yqjD_yqjC_predicted,2.5,47,13,TACTACGAGCCTTACATGTT,34,5203909
yqjE_yqjK_yqjD_yqjC_predicted,0.8571428571428571,24,13,GTTTCATACCTACTCAACAG,11,5228895
yqjE_yqjK_yqjD_yqjC_predicted,1.3571428571428572,31,13,GTTGCGCCGTCAACACAACA,18,5197669
yqjE_yqjK_yqjD_yqjC_predicted,0.42857142857142855,18,13,GTTGCAGACGATGTGTAGTG,5,5207338
yqjE_yqjK_yqjD_yqjC_predicted,0.2857142857142857,16,13,GTTGACCTTCTATTAAGCTT,3,5193923
yqjE_yqjK_yqjD_yqjC_predicted,1.5,33,13,GTTCAGAGGACCCTTACCAA,20,5256748
yqjE_yqjK_yqjD_yqjC_predicted,1.1428571428571428,28,13,GTTCACAAACGTACATGGGA,15,5221115
yqjE_yqjK_yqjD_yqjC_predicted,2.642857142857143,49,13,GTGTCCGTATCAGAAAAGCA,36,5233914
yqjE_yqjK_yqjD_yqjC_predicted,2.4285714285714284,46,13,GTGCAGGAAACGCGCAGGGG,33,5232049
yqjE_yqjK_yqjD_yqjC_predicted,1.0,26,13,GTGAGCGGGGTGTGCATGTA,13,5211957
yqjE_yqjK_yqjD_yqjC_predicted,0.9285714285714286,25,13,GTGACCCTATCCGTATGTAA,12,5171408
yqjE_yqjK_yqjD_yqjC_predicted,18.785714285714285,275,13,GTGAATCTCGCGAGAATCAC,262,5180928
yqjE_yqjK_yqjD_yqjC_predicted,2.7142857142857144,50,13,GTCCTTGTAAGGAGTTTCGA,37,5191356
yqjE_yqjK_yqjD_yqjC_predicted,5.857142857142857,94,13,GTATATGTAGCGTTGTGGAA,81,5176318
yqjE_yqjK_yqjD_yqjC_predicted,4.5,75,13,GTAGGACTGTTAAGCAGTCA,62,5251793
yqjE_yqjK_yqjD_yqjC_predicted,22.571428571428573,328,13,GTACCACATAGAGAACCGAT,315,5238888
yqjE_yqjK_yqjD_yqjC_predicted,1.7142857142857142,36,13,GGTCCAGTAGCGGCTGGTAG,23,5222453
yqjE_yqjK_yqjD_yqjC_predicted,3.0,54,13,GGTAACGCTCAGATCCGTGA,41,5187679
yqjE_yqjK_yqjD_yqjC_predicted,0.14285714285714285,14,13,GGGTTTGGCCCATTACTCAG,1,5207559
yqjE_yqjK_yqjD_yqjC_predicted,14.785714285714286,219,13,GGGGGGCCGGTTTCCGAGAC,206,5214099
yqjE_yqjK_yqjD_yqjC_predicted,3.142857142857143,56,13,GGGGGATATGACTTCCCGTT,43,5238254
yqjE_yqjK_yqjD_yqjC_predicted,13.785714285714286,205,13,GGGGCTTTTTAAACCGCGAC,192,5194005
yqjE_yqjK_yqjD_yqjC_predicted,0.7857142857142857,23,13,GGGCTAAGCCACAGCCAAAG,10,5244493
yqjE_yqjK_yqjD_yqjC_predicted,2.2142857142857144,43,13,GGGCGATAATTGATGAGCCA,30,5210527
yqjE_yqjK_yqjD_yqjC_predicted,0.14285714285714285,14,13,GGCTTGCCCGGAATCTCAAG,1,5259615
yqjE_yqjK_yqjD_yqjC_predicted,0.7142857142857143,22,13,GGCTTACACAACTAATTTGC,9,5259130
yqjE_yqjK_yqjD_yqjC_predicted,0.7142857142857143,22,13,GGCTCTCCAAGGGCTCCTTT,9,5262020
yqjE_yqjK_yqjD_yqjC_predicted,11.571428571428571,174,13,GGCGTTGTAAGCACCCAGTG,161,5171696
yqjE_yqjK_yqjD_yqjC_predicted,1.6428571428571428,35,13,GGCCTAATTAATATTTGAAG,22,5217546
yqjE_yqjK_yqjD_yqjC_predicted,1.0714285714285714,27,13,GGCCAGGAGTAGTGCCCGGA,14,5241960
yqjE_yqjK_yqjD_yqjC_predicted,1.1428571428571428,28,13,GCTGGTATCGCGACTTATGA,15,5238618
yqjE_yqjK_yqjD_yqjC_predicted,10.642857142857142,161,13,GCTATTCATGCCCGGACTCA,148,5205025
yqjE_yqjK_yqjD_yqjC_predicted,32.07142857142857,461,13,GCTACTATTGGCAGAAATAG,448,5180838
yqjE_yqjK_yqjD_yqjC_predicted,5.714285714285714,92,13,GCGGGTCGCTGCGGTTTGAT,79,5171936
yqjE_yqjK_yqjD_yqjC_predicted,0.42857142857142855,18,13,GCGGCATCGGGGGAACTGTG,5,5262631
yqjE_yqjK_yqjD_yqjC_predicted,0.21428571428571427,15,13,GCGAGTACGGAACGGCCGCG,2,5253375
yqjE_yqjK_yqjD_yqjC_predicted,0.6428571428571429,21,13,GCCGGGGCTAATATAGGTTG,8,5196793
yqjE_yqjK_yqjD_yqjC_predicted,4.071428571428571,69,13,GCCGCCGGGACCCACAGGAC,56,5226062
yqjE_yqjK_yqjD_yqjC_predicted,1.5,33,13,GCCCAGAGGGGCAACAACTT,20,5199186
yqjE_yqjK_yqjD_yqjC_predicted,8.642857142857142,133,13,GCATTGGGACCCATACCTCA,120,5248127
yqjE_yqjK_yqjD_yqjC_predicted,2.4285714285714284,46,13,GCATATGTAGCCCTCGGGTC,33,5171141
yqjE_yqjK_yqjD_yqjC_predicted,1.5,33,13,GCAAGGGGCGAACGGTTTCA,20,5184999
yqjE_yqjK_yqjD_yqjC_predicted,0.21428571428571427,15,13,GCAACATTCCCTATGGTGTA,2,5199949
yqjE_yqjK_yqjD_yqjC_predicted,1.4285714285714286,32,13,GATGTGTCAAGAAAGCTGTG,19,5216599
yqjE_yqjK_yqjD_yqjC_predicted,3.2857142857142856,58,13,GATGCCCGGTAAAAGTTAGA,45,5262991
yqjE_yqjK_yqjD_yqjC_predicted,0.7857142857142857,23,13,GATCAACCGACAGCTGTTCT,10,5187622
yqjE_yqjK_yqjD_yqjC_predicted,2.9285714285714284,53,13,GATAGGCCTCTTACCTTGTG,40,5174131
yqjE_yqjK_yqjD_yqjC_predicted,0.7142857142857143,22,13,GAGCTTCCACGTCTCGAGCA,9,5190127
yqjE_yqjK_yqjD_yqjC_predicted,6.928571428571429,109,13,GAGCGTCACGTACTACATGT,96,5247385
yqjE_yqjK_yqjD_yqjC_predicted,1.7142857142857142,36,13,GAGATCTAATTGGAACCTCT,23,5238413
yqjE_yqjK_yqjD_yqjC_predicted,6.142857142857143,98,13,GAGATCACTCACCCAGGCCG,85,5217328
yqjE_yqjK_yqjD_yqjC_predicted,1.3571428571428572,31,13,GACTACCGTTAAGAGTTTCT,18,5198087
yqjE_yqjK_yqjD_yqjC_predicted,17.857142857142858,262,13,GACACTGCCTGTGCTTGGCA,249,5226208
yqjE_yqjK_yqjD_yqjC_predicted,2.0714285714285716,41,13,GAACAAAGCAACCTTCAGAG,28,5199428
yqjE_yqjK_yqjD_yqjC_predicted,2.2857142857142856,44,13,GAAAATGATGGACACGTTTC,31,5209836
yqjE_yqjK_yqjD_yqjC_predicted,0.7142857142857143,22,13,CTTTTGCGGCGGGTGGCAAG,9,5228711
yqjE_yqjK_yqjD_yqjC_predicted,1.2857142857142858,30,13,CTTGTTCTTTTAGCGAGCCT,17,5196794
yqjE_yqjK_yqjD_yqjC_predicted,1.7857142857142858,37,13,CTTCGAAGCTCGTATCGCAT,24,5203761
yqjE_yqjK_yqjD_yqjC_predicted,7.857142857142857,122,13,CTTAGGGGATAGTCAAAAGA,109,5246023
yqjE_yqjK_yqjD_yqjC_predicted,5.428571428571429,88,13,CTGTATATTCCATGCCTAAG,75,5216130
yqjE_yqjK_yqjD_yqjC_predicted,0.2857142857142857,16,13,CTGGTTACTTCACATTATTT,3,5205980
yqjE_yqjK_yqjD_yqjC_predicted,3.7857142857142856,65,13,CTCTGGAGCATTACGCTCCT,52,5182251
yqjE_yqjK_yqjD_yqjC_predicted,0.14285714285714285,14,13,CTCGAATAATCAGAGAGGTT,1,5243987
yqjE_yqjK_yqjD_yqjC_predicted,0.6428571428571429,21,13,CTCGAAGCATTTGCAGTCAT,8,5246568
yqjE_yqjK_yqjD_yqjC_predicted,5.928571428571429,95,13,CTCCTTTCCGCAGATGGTAG,82,5176469
yqjE_yqjK_yqjD_yqjC_predicted,0.14285714285714285,14,13,CTCACATTAGCCAGACCAGC,1,5222147
yqjE_yqjK_yqjD_yqjC_predicted,2.5,47,13,CTATATTAGCGTAGGATCGT,34,5232236
yqjE_yqjK_yqjD_yqjC_predicted,1.7857142857142858,37,13,CTAGTCCCGAGGTCAAGTAT,24,5252953
yqjE_yqjK_yqjD_yqjC_predicted,9.214285714285714,141,13,CTAGGACGCGCTCTTTCACT,128,5218387
yqjE_yqjK_yqjD_yqjC_predicted,7.857142857142857,122,13,CTAGCGGCCATTGTGTGGGG,109,5233882
yqjE_yqjK_yqjD_yqjC_predicted,3.2857142857142856,58,13,CTACTTTCTCAGTTAATGTC,45,5217305
yqjE_yqjK_yqjD_yqjC_predicted,0.6428571428571429,21,13,CTACAAGTGTCACTAGCTGT,8,5245512
yqjE_yqjK_yqjD_yqjC_predicted,0.8571428571428571,24,13,CTAAGGCGCCAACCAGGATT,11,5260925
yqjE_yqjK_yqjD_yqjC_predicted,2.2142857142857144,43,13,CGTGTTAGGCGACGGGCTCT,30,5216862
yqjE_yqjK_yqjD_yqjC_predicted,1.9285714285714286,39,13,CGGTTAGGATCATGTGGTAT,26,5218033
yqjE_yqjK_yqjD_yqjC_predicted,0.2857142857142857,16,13,CGGTGCTTATTTTACGCCGA,3,5227713
yqjE_yqjK_yqjD_yqjC_predicted,1.8571428571428572,38,13,CGGTATTGTCGCGCGAGTTA,25,5245755
yqjE_yqjK_yqjD_yqjC_predicted,1.2142857142857142,29,13,CGGTAGGCTTCTATGGCACA,16,5185010
yqjE_yqjK_yqjD_yqjC_predicted,0.14285714285714285,14,13,CGGGTTTGGTCTACCGCGAC,1,5173673
yqjE_yqjK_yqjD_yqjC_predicted,1.5714285714285714,34,13,CGGGTCTACGCGGAAGCCTG,21,5207115
yqjE_yqjK_yqjD_yqjC_predicted,0.5714285714285714,20,13,CGGGTAGATAGGCACCAGAA,7,5194957
yqjE_yqjK_yqjD_yqjC_predicted,4.142857142857143,70,13,CGGCTTGACGTCTCGTCGAA,57,5252583
yqjE_yqjK_yqjD_yqjC_predicted,0.7142857142857143,22,13,CGGCTACATAAAAGCCGTGG,9,5235026
yqjE_yqjK_yqjD_yqjC_predicted,1.0,26,13,CGCTACTCCTTAGTAATCTC,13,5217703
yqjE_yqjK_yqjD_yqjC_predicted,0.8571428571428571,24,13,CGCGAATCACTTGTCGGATA,11,5229813
yqjE_yqjK_yqjD_yqjC_predicted,2.5,47,13,CGCCTGTGGTGAAGCCACAA,34,5238265
yqjE_yqjK_yqjD_yqjC_predicted,1.4285714285714286,32,13,CGCCTACGGCTAGCAAATGT,19,5206692
yqjE_yqjK_yqjD_yqjC_predicted,4.357142857142857,73,13,CGCCGCGGGCGCACTGTAAA,60,5175245
yqjE_yqjK_yqjD_yqjC_predicted,3.642857142857143,63,13,CGCCACATATTTCACGTCGT,50,5185771
yqjE_yqjK_yqjD_yqjC_predicted,1.9285714285714286,39,13,CGCAGTTGATTGAGGATTCA,26,5217927
yqjE_yqjK_yqjD_yqjC_predicted,4.928571428571429,81,13,CGCACTATATCAGTCCGGAG,68,5209209
yqjE_yqjK_yqjD_yqjC_predicted,2.4285714285714284,46,13,CGAGCCTTATAAGCGGGTAA,33,5247829
yqjE_yqjK_yqjD_yqjC_predicted,1.5,33,13,CGAAGACTGAGCCATCGGGT,20,5190263
yqjE_yqjK_yqjD_yqjC_predicted,1.2857142857142858,30,13,CCTCAGTCCACAGTCAGTGC,17,5234720
yqjE_yqjK_yqjD_yqjC_predicted,1.6428571428571428,35,13,CCTACCGGGACGTCTGCTTT,22,5243162
yqjE_yqjK_yqjD_yqjC_predicted,2.2142857142857144,43,13,CCTACCACATATATAGCGTA,30,5256141
yqjE_yqjK_yqjD_yqjC_predicted,0.35714285714285715,17,13,CCGGGTATGTGGTATTGTCT,4,5232744
yqjE_yqjK_yqjD_yqjC_predicted,2.2857142857142856,44,13,CCGCGGTTAGACAATCCACT,31,5209510
yqjE_yqjK_yqjD_yqjC_predicted,2.0714285714285716,41,13,CCCCGCTTGATACCTCGTAA,28,5225485
yqjE_yqjK_yqjD_yqjC_predicted,1.5,33,13,CCATTTTCCTCAAGGGGATA,20,5248465
yqjE_yqjK_yqjD_yqjC_predicted,0.5714285714285714,20,13,CCAGTTCTAGACAAGAAGAT,7,5175869
yqjE_yqjK_yqjD_yqjC_predicted,4.928571428571429,81,13,CCAGGGTAGAGCAAGGGCCT,68,5219099
yqjE_yqjK_yqjD_yqjC_predicted,7.857142857142857,122,13,CCACGCGGAGCTATGTTGAG,109,5247860
yqjE_yqjK_yqjD_yqjC_predicted,0.14285714285714285,14,13,CCAATCTTGATGCCGGGACA,1,5186900
yqjE_yqjK_yqjD_yqjC_predicted,1.5,33,13,CCAAGTACATGACTGAATAA,20,5251492
yqjE_yqjK_yqjD_yqjC_predicted,1.2857142857142858,30,13,CCAACGCGTAGGGATCGGGT,17,5200497
yqjE_yqjK_yqjD_yqjC_predicted,7.642857142857143,119,13,CATTCTCTGTATGATAAAGG,106,5238193
yqjE_yqjK_yqjD_yqjC_predicted,41.642857142857146,595,13,CATATAAACCCACGCCTAGA,582,5191922
yqjE_yqjK_yqjD_yqjC_predicted,0.7857142857142857,23,13,CAGGTAGCGGCTCTGAAAAT,10,5214650
yqjE_yqjK_yqjD_yqjC_predicted,1.3571428571428572,31,13,CAGGATTATCGACATCGTCT,18,5193165
yqjE_yqjK_yqjD_yqjC_predicted,12.357142857142858,185,13,CACGCTCTTTCGCGGCCCTT,172,5243342
yqjE_yqjK_yqjD_yqjC_predicted,4.0,68,13,CACCCAACTCGGTTAGAGTG,55,5252185
yqjE_yqjK_yqjD_yqjC_predicted,2.7142857142857144,50,13,CACACCTTCGTCATTGGAGA,37,5221810
yqjE_yqjK_yqjD_yqjC_predicted,1.2142857142857142,29,13,CACAACGTTATCTATCGCTC,16,5248232
yqjE_yqjK_yqjD_yqjC_predicted,1.5,33,13,CAATGGTGCGCATAAGGACG,20,5234028
yqjE_yqjK_yqjD_yqjC_predicted,1.5714285714285714,34,13,CAATGCACACTGCTACAGCT,21,5224494
yqjE_yqjK_yqjD_yqjC_predicted,0.14285714285714285,14,13,CAATAGAGCTCAGAATTCCA,1,5231225
yqjE_yqjK_yqjD_yqjC_predicted,0.7142857142857143,22,13,CAAGTCACCCGAATCTATCC,9,5202158
yqjE_yqjK_yqjD_yqjC_predicted,2.357142857142857,45,13,CAAGGTTCAGGTACTGACAC,32,5211393
yqjE_yqjK_yqjD_yqjC_predicted,9.0,138,13,CAAGGACCATAGGCAAGCTT,125,5207474
yqjE_yqjK_yqjD_yqjC_predicted,3.857142857142857,66,13,CAAATCCTCGCGGGTATTTG,53,5247854
yqjE_yqjK_yqjD_yqjC_predicted,1.4285714285714286,32,13,ATTTTTAGTGAACGTGCTAT,19,5174494
yqjE_yqjK_yqjD_yqjC_predicted,21.571428571428573,314,13,ATTGCAGTTCGAGTCAATAG,301,5256905
yqjE_yqjK_yqjD_yqjC_predicted,1.7857142857142858,37,13,ATTGAGGATACCCAGGATAA,24,5212897
yqjE_yqjK_yqjD_yqjC_predicted,4.071428571428571,69,13,ATGGTCTGTATCGTATTCCC,56,5190025
yqjE_yqjK_yqjD_yqjC_predicted,1.0714285714285714,27,13,ATGAACCTGTATTTCGTTAT,14,5173640
yqjE_yqjK_yqjD_yqjC_predicted,3.857142857142857,66,13,ATGAACCCCTTTCGTATGAT,53,5203157
yqjE_yqjK_yqjD_yqjC_predicted,0.14285714285714285,14,13,ATGAACCACCCTCTCGTCCC,1,5230367
yqjE_yqjK_yqjD_yqjC_predicted,8.285714285714286,128,13,ATCGGGTAAGGATTGTACAC,115,5190482
yqjE_yqjK_yqjD_yqjC_predicted,0.7142857142857143,22,13,ATCGCCAACGTCACACGTTT,9,5237825
yqjE_yqjK_yqjD_yqjC_predicted,0.8571428571428571,24,13,ATCCTCTAGTCCCACGCGCA,11,5249472
yqjE_yqjK_yqjD_yqjC_predicted,9.714285714285714,148,13,ATCATTAAGGAAATCTGAAA,135,5214800
yqjE_yqjK_yqjD_yqjC_predicted,1.2142857142857142,29,13,ATCATGTGACAGCCTACAGT,16,5203138
yqjE_yqjK_yqjD_yqjC_predicted,2.7857142857142856,51,13,ATCAGAGTTAACAGATGCGT,38,5251770
yqjE_yqjK_yqjD_yqjC_predicted,0.7857142857142857,23,13,ATCACACATCACAGCGGCTA,10,5177538
yqjE_yqjK_yqjD_yqjC_predicted,2.2857142857142856,44,13,ATAGAAACGGGTGGATTGAT,31,5200489
yqjE_yqjK_yqjD_yqjC_predicted,10.5,159,13,ATACTATCGAATCAGCGCGA,146,5223474
yqjE_yqjK_yqjD_yqjC_predicted,2.857142857142857,52,13,ATACAGGTACGCGGCTGTGT,39,5238192
yqjE_yqjK_yqjD_yqjC_predicted,1.2857142857142858,30,13,ATAAAAATTGGGCGAGGTCA,17,5214924
yqjE_yqjK_yqjD_yqjC_predicted,0.14285714285714285,14,13,AGTTCTTTTTCCCCCAATTT,1,5176103
yqjE_yqjK_yqjD_yqjC_predicted,0.42857142857142855,18,13,AGTCGATTATGAGCGGTGGG,5,5183132
yqjE_yqjK_yqjD_yqjC_predicted,8.214285714285714,127,13,AGTCAGTCGGGTCTACGTCT,114,5182155
yqjE_yqjK_yqjD_yqjC_predicted,2.2142857142857144,43,13,AGTATCACGCGAACAGATTG,30,5226050
yqjE_yqjK_yqjD_yqjC_predicted,10.5,159,13,AGTACACTGGTAAGTTGAGA,146,5177873
yqjE_yqjK_yqjD_yqjC_predicted,3.0714285714285716,55,13,AGGTTACTCCAATATGCATC,42,5182736
yqjE_yqjK_yqjD_yqjC_predicted,1.2857142857142858,30,13,AGGCAGCACCCCCCTCGTCA,17,5231562
yqjE_yqjK_yqjD_yqjC_predicted,6.428571428571429,102,13,AGCCCTAACAAGTCTCGCGA,89,5192966
yqjE_yqjK_yqjD_yqjC_predicted,2.0714285714285716,41,13,AGATTAACTGTTCGCAGATA,28,5229555
yqjE_yqjK_yqjD_yqjC_predicted,3.5,61,13,AGATGTCACCCTCCTGCCAA,48,5261822
yqjE_yqjK_yqjD_yqjC_predicted,2.9285714285714284,53,13,AGACAATGTCTACGTTCTGT,40,5219833
yqjE_yqjK_yqjD_yqjC_predicted,43.0,614,13,ACTTTTTATAAGATACGGCT,601,5174811
yqjE_yqjK_yqjD_yqjC_predicted,5.714285714285714,92,13,ACTGTGTCTGGAACGTAGAT,79,5230746
yqjE_yqjK_yqjD_yqjC_predicted,0.14285714285714285,14,13,ACTACCAACCCATGTGCCGA,1,5252068
yqjE_yqjK_yqjD_yqjC_predicted,6.928571428571429,109,13,ACGTGTAAGCCGATTGCCTA,96,5225577
yqjE_yqjK_yqjD_yqjC_predicted,2.2142857142857144,43,13,ACGTCCCCCATAGCTGCAAC,30,5198699
yqjE_yqjK_yqjD_yqjC_predicted,0.8571428571428571,24,13,ACGGTTCCGACACAGTGCTC,11,5185169
yqjE_yqjK_yqjD_yqjC_predicted,1.4285714285714286,32,13,ACGGAAGGAATCCTCTCAAC,19,5240904
yqjE_yqjK_yqjD_yqjC_predicted,1.1428571428571428,28,13,ACGCTGCCCTGTATTCAGTT,15,5231314
yqjE_yqjK_yqjD_yqjC_predicted,4.214285714285714,71,13,ACGCCTTGTGGGGCTCTTAC,58,5187913
yqjE_yqjK_yqjD_yqjC_predicted,19.142857142857142,280,13,ACGATCGAAGCTCCTATGTA,267,5256939
yqjE_yqjK_yqjD_yqjC_predicted,1.0714285714285714,27,13,ACCGGGGTCCCGTTTACCAT,14,5221762
yqjE_yqjK_yqjD_yqjC_predicted,4.642857142857143,77,13,ACCGGGATCATCAGCATATG,64,5195418
yqjE_yqjK_yqjD_yqjC_predicted,6.714285714285714,106,13,ACCCCGTTCCTCCGTCTATC,93,5172811
yqjE_yqjK_yqjD_yqjC_predicted,0.14285714285714285,14,13,ACACGACGGGGAAAGACGAG,1,5212051
yqjE_yqjK_yqjD_yqjC_predicted,0.14285714285714285,14,13,ACAATCTAATTTTTGTCACT,1,5240147
yqjE_yqjK_yqjD_yqjC_predicted,0.14285714285714285,14,13,AATCCTAAGCGGTGAGATGG,1,5250170
yqjE_yqjK_yqjD_yqjC_predicted,2.642857142857143,49,13,AATATTTGTCTCTCGTAGTG,36,5190511
yqjE_yqjK_yqjD_yqjC_predicted,3.5714285714285716,62,13,AAGTCCGGGTGAACATGTGA,49,5187923
yqjE_yqjK_yqjD_yqjC_predicted,1.9285714285714286,39,13,AAGGGTACTCATCAAAAATA,26,5186654
yqjE_yqjK_yqjD_yqjC_predicted,0.14285714285714285,14,13,AACGCGATCTAACGCTGCTT,1,5177909
yqjE_yqjK_yqjD_yqjC_predicted,1.1428571428571428,28,13,AACACAGGCAAGCACGCGAA,15,5192902
yqjE_yqjK_yqjD_yqjC_predicted,2.7142857142857144,50,13,AACACACTCTATCGGTAACG,37,5198227
yqjE_yqjK_yqjD_yqjC_predicted,4.642857142857143,77,13,AACAATGCGTTGAAAAAATA,64,5254308
yqjE_yqjK_yqjD_yqjC_predicted,3.5714285714285716,62,13,AACAAGGCATTGTTAAAAAG,49,5209489
yqjE_yqjK_yqjD_yqjC_predicted,2.0,40,13,AAATTAATGCCTCAGGGAGA,27,5180714
yqjE_yqjK_yqjD_yqjC_predicted,0.5,19,13,AAAGTCTTTCAGGGACCGCC,6,5204888
yqjE_yqjK_yqjD_yqjC_predicted,6.142857142857143,98,13,AAACATAGGTGGAAATCTCA,85,5257456
yqjE_yqjK_yqjD_yqjC_predicted,1.2307692307692308,27,12,TTTTCTGAGTTGGGGTTCGT,15,5227730
yqjE_yqjK_yqjD_yqjC_predicted,0.3076923076923077,15,12,TTGTTCAGCGCTTAACACCA,3,5260922
yqjE_yqjK_yqjD_yqjC_predicted,0.8461538461538461,22,12,TTGTCATATTCTGTAGTCTG,10,5188347
yqjE_yqjK_yqjD_yqjC_predicted,0.3076923076923077,15,12,TTGACCTGCCTAGAGCAGGG,3,5216326
yqjE_yqjK_yqjD_yqjC_predicted,5.0,76,12,TTCTTTGAATCTTATAACTA,64,5237147
yqjE_yqjK_yqjD_yqjC_predicted,1.7692307692307692,34,12,TTCTAAAAAGATTTGTGTGC,22,5191786
yqjE_yqjK_yqjD_yqjC_predicted,4.3076923076923075,67,12,TTATTGTTTCATGAAATTCT,55,5244790
yqjE_yqjK_yqjD_yqjC_predicted,2.8461538461538463,48,12,TTATGTGACAGAGGCGGTGT,36,5218559
yqjE_yqjK_yqjD_yqjC_predicted,4.153846153846154,65,12,TTAGTTGTCTCAAACATAAT,53,5195508
yqjE_yqjK_yqjD_yqjC_predicted,2.230769230769231,40,12,TGTAACCGAGGTAACGGCTC,28,5227200
yqjE_yqjK_yqjD_yqjC_predicted,1.3076923076923077,28,12,TGGGTTTTGGATCTTCAGAT,16,5223694
yqjE_yqjK_yqjD_yqjC_predicted,9.615384615384615,136,12,TGGCTTTGGTCTGACTTAAT,124,5237435
yqjE_yqjK_yqjD_yqjC_predicted,4.153846153846154,65,12,TGGCCATTGTGTCTGGACAG,53,5185610
yqjE_yqjK_yqjD_yqjC_predicted,1.3076923076923077,28,12,TGGATTTAGAATAGGGGTCC,16,5189549
yqjE_yqjK_yqjD_yqjC_predicted,1.2307692307692308,27,12,TGGAGGAACTCGGACACACC,15,5216611
yqjE_yqjK_yqjD_yqjC_predicted,3.5384615384615383,57,12,TGGACAACAGGGAACCCCGT,45,5247141
yqjE_yqjK_yqjD_yqjC_predicted,2.5384615384615383,44,12,TGGAATCGATAGTTTGGAAC,32,5230929
yqjE_yqjK_yqjD_yqjC_predicted,2.5384615384615383,44,12,TGGAAAGTTATAATGGTTCT,32,5199745
yqjE_yqjK_yqjD_yqjC_predicted,0.8461538461538461,22,12,TGCTGGGTCGTGACGTCCAC,10,5176205
yqjE_yqjK_yqjD_yqjC_predicted,0.23076923076923078,14,12,TGCCCTTTTCGTTTGCCTTT,2,5211146
yqjE_yqjK_yqjD_yqjC_predicted,2.8461538461538463,48,12,TGCCAGTTTTCGGGCTGTTC,36,5189483
yqjE_yqjK_yqjD_yqjC_predicted,1.0,24,12,TGCCAGGATATTAGAGAGCG,12,5218644
yqjE_yqjK_yqjD_yqjC_predicted,3.6153846153846154,58,12,TGAGCCTTTGGTGACTTGGT,46,5182073
yqjE_yqjK_yqjD_yqjC_predicted,0.46153846153846156,17,12,TGACGGACCGGCGAGCACTC,5,5231542
yqjE_yqjK_yqjD_yqjC_predicted,0.6923076923076923,20,12,TCTGTCGCATGACGATGTCT,8,5189922
yqjE_yqjK_yqjD_yqjC_predicted,1.5384615384615385,31,12,TCTGTCAACCCCGGTGTATC,19,5215453
yqjE_yqjK_yqjD_yqjC_predicted,0.6923076923076923,20,12,TCTCCGGCCGTAGGGGTCCA,8,5174646
yqjE_yqjK_yqjD_yqjC_predicted,0.23076923076923078,14,12,TCGGTCTCTGCTATTCGTAG,2,5241698
yqjE_yqjK_yqjD_yqjC_predicted,1.6923076923076923,33,12,TCGGGAATGAGAGTCCAAAT,21,5171481
yqjE_yqjK_yqjD_yqjC_predicted,5.230769230769231,79,12,TCGGCACTCGCCACGAAAGC,67,5198690
yqjE_yqjK_yqjD_yqjC_predicted,5.0,76,12,TCGCGGGGTCGTAAAATCCT,64,5191344
yqjE_yqjK_yqjD_yqjC_predicted,1.1538461538461537,26,12,TCGAGATTGGAATAGCAATC,14,5245574
yqjE_yqjK_yqjD_yqjC_predicted,0.15384615384615385,13,12,TCGAGAGTGTGCCCGATTGC,1,5226825
yqjE_yqjK_yqjD_yqjC_predicted,1.2307692307692308,27,12,TCGAGAACAGCCAGGGGACA,15,5230025
yqjE_yqjK_yqjD_yqjC_predicted,8.846153846153847,126,12,TCGACACTTTGCAGGCGCAT,114,5217408
yqjE_yqjK_yqjD_yqjC_predicted,26.692307692307693,358,12,TCCTAGTCTTTGCGCTCAAT,346,5255504
yqjE_yqjK_yqjD_yqjC_predicted,0.6923076923076923,20,12,TCCGGCTTGTGAAAAGTCCC,8,5172462
yqjE_yqjK_yqjD_yqjC_predicted,0.15384615384615385,13,12,TCCGGCCCGTTATTCGGCAT,1,5237020
yqjE_yqjK_yqjD_yqjC_predicted,1.7692307692307692,34,12,TCCCGCTCCCCGGACACTCG,22,5173749
yqjE_yqjK_yqjD_yqjC_predicted,2.230769230769231,40,12,TCCCCTTTGGCGCCATCCAT,28,5195038
yqjE_yqjK_yqjD_yqjC_predicted,3.3076923076923075,54,12,TCCCCTATCTGTTTAGGCAC,42,5239948
yqjE_yqjK_yqjD_yqjC_predicted,2.230769230769231,40,12,TCAGCACAGGGCTAAGTGCG,28,5244094
yqjE_yqjK_yqjD_yqjC_predicted,2.4615384615384617,43,12,TATTGAACTCTAGACTCATC,31,5171373
yqjE_yqjK_yqjD_yqjC_predicted,2.769230769230769,47,12,TATTAGGTCTACCCGAGCTC,35,5197384
yqjE_yqjK_yqjD_yqjC_predicted,0.15384615384615385,13,12,TATTAAAGGGTAAGTGACCG,1,5230436
yqjE_yqjK_yqjD_yqjC_predicted,2.4615384615384617,43,12,TATGTACGCTAGAACAGCCT,31,5214622
yqjE_yqjK_yqjD_yqjC_predicted,0.15384615384615385,13,12,TATGAATTAGCTAGGCCAAT,1,5211222
yqjE_yqjK_yqjD_yqjC_predicted,6.461538461538462,95,12,TATATGGGTTGTGCGCTGCA,83,5254271
yqjE_yqjK_yqjD_yqjC_predicted,6.6923076923076925,98,12,TAGATGTCTTTTTTACGCTG,86,5182637
yqjE_yqjK_yqjD_yqjC_predicted,18.615384615384617,253,12,TAGAGGGATAGGGCAGGGTA,241,5238897
yqjE_yqjK_yqjD_yqjC_predicted,6.923076923076923,101,12,TAGACCTGACAGAGGTCACC,89,5199054
yqjE_yqjK_yqjD_yqjC_predicted,0.23076923076923078,14,12,TACTGTATCAACGGTTGCGC,2,5214350
yqjE_yqjK_yqjD_yqjC_predicted,0.3076923076923077,15,12,TACTCACGGACCATTCTAAT,3,5170867
yqjE_yqjK_yqjD_yqjC_predicted,1.1538461538461537,26,12,TACTAGATTGTGTATATGTT,14,5188155
yqjE_yqjK_yqjD_yqjC_predicted,2.4615384615384617,43,12,TACCTATTTGTGCATCTAGG,31,5220532
yqjE_yqjK_yqjD_yqjC_predicted,9.846153846153847,139,12,TACCTAGTCGGTGGCCCATG,127,5216004
yqjE_yqjK_yqjD_yqjC_predicted,2.6923076923076925,46,12,TAATTCAGTTATTTTTCGTT,34,5224338
yqjE_yqjK_yqjD_yqjC_predicted,0.46153846153846156,17,12,TAATCATTGATTCGTTGTTC,5,5178024
yqjE_yqjK_yqjD_yqjC_predicted,0.38461538461538464,16,12,TAAGCAAGCAATTCGCATTA,4,5222575
yqjE_yqjK_yqjD_yqjC_predicted,19.923076923076923,270,12,TAACGGGCAGGCGGAGCATT,258,5181326
yqjE_yqjK_yqjD_yqjC_predicted,0.46153846153846156,17,12,TAACACATCAATTAGCGGTG,5,5220686
yqjE_yqjK_yqjD_yqjC_predicted,3.3076923076923075,54,12,GTTTGCCTGGGACCCTGCTT,42,5259036
yqjE_yqjK_yqjD_yqjC_predicted,5.3076923076923075,80,12,GTGTACCAGTGGCCCCTAGA,68,5186125
yqjE_yqjK_yqjD_yqjC_predicted,1.1538461538461537,26,12,GTGGCGGATGACTTAGCTCT,14,5189345
yqjE_yqjK_yqjD_yqjC_predicted,5.769230769230769,86,12,GTGCCGTTGTCACGAGACAC,74,5240868
yqjE_yqjK_yqjD_yqjC_predicted,2.230769230769231,40,12,GTCTTATCGCTGAAAGCTTT,28,5228803
yqjE_yqjK_yqjD_yqjC_predicted,3.3846153846153846,55,12,GTCTACAGCCGATCCGTCAT,43,5174678
yqjE_yqjK_yqjD_yqjC_predicted,1.0769230769230769,25,12,GTCTAAGCGGTTTAGAGCTG,13,5224221
yqjE_yqjK_yqjD_yqjC_predicted,5.923076923076923,88,12,GTCGCTGTTTGATAGATATT,76,5259052
yqjE_yqjK_yqjD_yqjC_predicted,1.4615384615384615,30,12,GTCGATAACGAATCTTTACA,18,5203528
yqjE_yqjK_yqjD_yqjC_predicted,2.0,37,12,GTCCCGATTGTGTCATTGTA,25,5187687
yqjE_yqjK_yqjD_yqjC_predicted,1.3846153846153846,29,12,GTCCATGGGCGTTAGAGGCT,17,5177887
yqjE_yqjK_yqjD_yqjC_predicted,0.23076923076923078,14,12,GTCATCCGTCCAGGCGGGTC,2,5186959
yqjE_yqjK_yqjD_yqjC_predicted,1.9230769230769231,36,12,GTAGTTAAGTTCTAGTGCTC,24,5193768
yqjE_yqjK_yqjD_yqjC_predicted,1.3846153846153846,29,12,GTAGACGCCTTTTACATTAC,17,5181251
yqjE_yqjK_yqjD_yqjC_predicted,5.0,76,12,GGTTTTAGAAACGGTAGAGT,64,5198195
yqjE_yqjK_yqjD_yqjC_predicted,2.8461538461538463,48,12,GGTTTCAGTCGCCTTTACGC,36,5189412
yqjE_yqjK_yqjD_yqjC_predicted,10.307692307692308,145,12,GGTTATATATGTCCTAAGGG,133,5254646
yqjE_yqjK_yqjD_yqjC_predicted,0.5384615384615384,18,12,GGTCTCGAACATTACATGAG,6,5186487
yqjE_yqjK_yqjD_yqjC_predicted,5.615384615384615,84,12,GGGGAGTCCTTGTCGCGCTG,72,5198148
yqjE_yqjK_yqjD_yqjC_predicted,0.6153846153846154,19,12,GGGCTAACCATAGGGGCCTG,7,5195336
yqjE_yqjK_yqjD_yqjC_predicted,7.384615384615385,107,12,GGGCCTATAGATGGGCTAGC,95,5182240
yqjE_yqjK_yqjD_yqjC_predicted,3.6923076923076925,59,12,GGGATACAGAGGACCAGAAG,47,5191929
yqjE_yqjK_yqjD_yqjC_predicted,3.5384615384615383,57,12,GGGAGCGAGCGCTTTTTAAC,45,5198252
yqjE_yqjK_yqjD_yqjC_predicted,1.3076923076923077,28,12,GGGAAGGCAGACCCCTCCGC,16,5210473
yqjE_yqjK_yqjD_yqjC_predicted,3.6923076923076925,59,12,GGCTAGTCTTGTGCTAATCA,47,5226042
yqjE_yqjK_yqjD_yqjC_predicted,1.1538461538461537,26,12,GGCGTTAAATCGCTTCGTTT,14,5236788
yqjE_yqjK_yqjD_yqjC_predicted,1.2307692307692308,27,12,GGCGGGGAAAGTCAGCGAGT,15,5194620
yqjE_yqjK_yqjD_yqjC_predicted,10.307692307692308,145,12,GGCGGCTGTAGGTCACATCT,133,5224620
yqjE_yqjK_yqjD_yqjC_predicted,12.153846153846153,169,12,GGCGCTATGTCATTGGGCGT,157,5208140
yqjE_yqjK_yqjD_yqjC_predicted,0.15384615384615385,13,12,GGAGGCTGATCAGTTAATTT,1,5197751
yqjE_yqjK_yqjD_yqjC_predicted,0.5384615384615384,18,12,GGACTCTGTAAACCCTAGCG,6,5187748
yqjE_yqjK_yqjD_yqjC_predicted,9.615384615384615,136,12,GGACGAAGAGTTCAGGTTAG,124,5216006
yqjE_yqjK_yqjD_yqjC_predicted,5.076923076923077,77,12,GGACGAAATATGCCGTGGTA,65,5203091
yqjE_yqjK_yqjD_yqjC_predicted,3.1538461538461537,52,12,GGAACATGATTCCGACTTAC,40,5260637
yqjE_yqjK_yqjD_yqjC_predicted,1.5384615384615385,31,12,GCTTATAATGCCGGCCTAGA,19,5181244
yqjE_yqjK_yqjD_yqjC_predicted,5.153846153846154,78,12,GCTTAACCTTGGGGTATATA,66,5262251
yqjE_yqjK_yqjD_yqjC_predicted,0.23076923076923078,14,12,GCTGGGTGGATCATCATGGT,2,5230075
yqjE_yqjK_yqjD_yqjC_predicted,30.846153846153847,412,12,GCGTTGGAGCGTAGCCCCGG,400,5232638
yqjE_yqjK_yqjD_yqjC_predicted,0.8461538461538461,22,12,GCGTCTTGCTCGAATACGTG,10,5221673
yqjE_yqjK_yqjD_yqjC_predicted,0.7692307692307693,21,12,GCGTAATTGATGCTTGTACG,9,5211488
yqjE_yqjK_yqjD_yqjC_predicted,4.461538461538462,69,12,GCGGGTGAAGTGGCGTAACT,57,5190405
yqjE_yqjK_yqjD_yqjC_predicted,3.6923076923076925,59,12,GCGGCAGGAGAGCTTATGCG,47,5217331
yqjE_yqjK_yqjD_yqjC_predicted,0.9230769230769231,23,12,GCGCTGCTGGGGTAAGTTGT,11,5199152
yqjE_yqjK_yqjD_yqjC_predicted,57.46153846153846,758,12,GCGAACAAAGAATATGCGGC,746,5181352
yqjE_yqjK_yqjD_yqjC_predicted,4.076923076923077,64,12,GCCTTTTAGGTTGACTTCCA,52,5211729
yqjE_yqjK_yqjD_yqjC_predicted,1.6153846153846154,32,12,GCCGTGTGAGCTTTGCGCAG,20,5202719
yqjE_yqjK_yqjD_yqjC_predicted,0.38461538461538464,16,12,GCCCATGTTGTAACCGGAGG,4,5219059
yqjE_yqjK_yqjD_yqjC_predicted,0.6153846153846154,19,12,GCCAACCGGTTATTACCAAC,7,5213921
yqjE_yqjK_yqjD_yqjC_predicted,0.6923076923076923,20,12,GCATTTCAAGGGTATCAGAG,8,5177225
yqjE_yqjK_yqjD_yqjC_predicted,1.7692307692307692,34,12,GCATGGCGGTAAAGGGCGGT,22,5257987
yqjE_yqjK_yqjD_yqjC_predicted,2.4615384615384617,43,12,GCATGCTTCAGTGTCTGCCT,31,5251398
yqjE_yqjK_yqjD_yqjC_predicted,10.692307692307692,150,12,GCATCCTATATTATCTGTTG,138,5191522
yqjE_yqjK_yqjD_yqjC_predicted,2.3846153846153846,42,12,GCATATGCCGCAGATATGCA,30,5242680
yqjE_yqjK_yqjD_yqjC_predicted,6.3076923076923075,93,12,GCACCCATGTCTGGGAGTGT,81,5191336
yqjE_yqjK_yqjD_yqjC_predicted,1.0769230769230769,25,12,GCACAAACCGCCTAAGGACC,13,5242370
yqjE_yqjK_yqjD_yqjC_predicted,2.5384615384615383,44,12,GCAATGAGGAACCAGAATGC,32,5251949
yqjE_yqjK_yqjD_yqjC_predicted,5.230769230769231,79,12,GATGGCGTTGTAACTATTCT,67,5228703
yqjE_yqjK_yqjD_yqjC_predicted,2.923076923076923,49,12,GAGTCTCCCGGATGTCTGTA,37,5251420
yqjE_yqjK_yqjD_yqjC_predicted,0.15384615384615385,13,12,GAGACTCCCTAGCAATGTTA,1,5245760
yqjE_yqjK_yqjD_yqjC_predicted,4.0,63,12,GACTGTGGAGGAACCATCTA,51,5178402
yqjE_yqjK_yqjD_yqjC_predicted,2.3846153846153846,42,12,GACTGCTCTTCTCGCCAAGG,30,5197763
yqjE_yqjK_yqjD_yqjC_predicted,3.5384615384615383,57,12,GACCTTTACAGTCGCCATTT,45,5245885
yqjE_yqjK_yqjD_yqjC_predicted,2.6923076923076925,46,12,GACATCTGACACCATGCGTC,34,5200235
yqjE_yqjK_yqjD_yqjC_predicted,4.461538461538462,69,12,GAATTGCCGTGCGTGCTGCA,57,5217315
yqjE_yqjK_yqjD_yqjC_predicted,2.0,37,12,GAAGATTCCAGTTCATCGAT,25,5187433
yqjE_yqjK_yqjD_yqjC_predicted,5.0,76,12,GAACGGGCTTACGGACCGGT,64,5227139
yqjE_yqjK_yqjD_yqjC_predicted,5.923076923076923,88,12,GAACAGACTAATGTCAAACG,76,5201332
yqjE_yqjK_yqjD_yqjC_predicted,7.3076923076923075,106,12,CTTTTTGCAAACTAACCGCT,94,5190867
yqjE_yqjK_yqjD_yqjC_predicted,2.076923076923077,38,12,CTTGGCTTATACCGCGTCAT,26,5211949
yqjE_yqjK_yqjD_yqjC_predicted,0.15384615384615385,13,12,CTTCTGATAAAATTATTCCA,1,5211545
yqjE_yqjK_yqjD_yqjC_predicted,1.1538461538461537,26,12,CTTCTCTTATTATTTTAGTG,14,5213855
yqjE_yqjK_yqjD_yqjC_predicted,2.3076923076923075,41,12,CTTCGTTCTGCGACAATACA,29,5220488
yqjE_yqjK_yqjD_yqjC_predicted,3.0,50,12,CTTCCGTGGGACGCAGGGAA,38,5247027
yqjE_yqjK_yqjD_yqjC_predicted,3.5384615384615383,57,12,CTTATAGCGTAAAAAAGCAA,45,5222625
yqjE_yqjK_yqjD_yqjC_predicted,2.076923076923077,38,12,CTTACTGAGATTCCATCCTG,26,5206859
yqjE_yqjK_yqjD_yqjC_predicted,4.384615384615385,68,12,CTGGGTAATTTTCACGGATA,56,5210172
yqjE_yqjK_yqjD_yqjC_predicted,2.923076923076923,49,12,CTGCTGCTAGGGCGGCTAAT,37,5191245
yqjE_yqjK_yqjD_yqjC_predicted,1.6153846153846154,32,12,CTGAACCACGGCAGGATAGT,20,5197492
yqjE_yqjK_yqjD_yqjC_predicted,7.3076923076923075,106,12,CTCGTGTTGGCCAGGGAACT,94,5172802
yqjE_yqjK_yqjD_yqjC_predicted,6.6923076923076925,98,12,CTCGGACACGCTCGAACTCT,86,5181769
yqjE_yqjK_yqjD_yqjC_predicted,0.9230769230769231,23,12,CTCGAGTACTACGTTGGGGG,11,5180733
yqjE_yqjK_yqjD_yqjC_predicted,7.384615384615385,107,12,CTCATTCACGAGTGCGACGA,95,5217321
yqjE_yqjK_yqjD_yqjC_predicted,1.8461538461538463,35,12,CTCAAACAACCCAGCTAGAT,23,5174565
yqjE_yqjK_yqjD_yqjC_predicted,0.3076923076923077,15,12,CTACAATAGCTCAAGCATGT,3,5185640
yqjE_yqjK_yqjD_yqjC_predicted,4.461538461538462,69,12,CTAACCTCTTTTCAAGAGCA,57,5175796
yqjE_yqjK_yqjD_yqjC_predicted,8.153846153846153,117,12,CGTTGTCAGGTGCACCGTTT,105,5244316
yqjE_yqjK_yqjD_yqjC_predicted,1.9230769230769231,36,12,CGTCATCATGAGGCCCTACC,24,5256699
yqjE_yqjK_yqjD_yqjC_predicted,8.384615384615385,120,12,CGTAGCTGACTGATTAGTTT,108,5176141
yqjE_yqjK_yqjD_yqjC_predicted,0.15384615384615385,13,12,CGGTTTTATGGTAGAGTAAG,1,5194416
yqjE_yqjK_yqjD_yqjC_predicted,5.153846153846154,78,12,CGGTTCTAAAGCTAATGGAC,66,5229033
yqjE_yqjK_yqjD_yqjC_predicted,12.846153846153847,178,12,CGGTCCTTGGTAGAGTTAAA,166,5185360
yqjE_yqjK_yqjD_yqjC_predicted,9.692307692307692,137,12,CGGGTCTACACTCGAACGCC,125,5247574
yqjE_yqjK_yqjD_yqjC_predicted,0.6923076923076923,20,12,CGGCGTTAGTCTACGAACAC,8,5217526
yqjE_yqjK_yqjD_yqjC_predicted,4.615384615384615,71,12,CGGACTCAAGCCCGGTTTAA,59,5204105
yqjE_yqjK_yqjD_yqjC_predicted,0.6923076923076923,20,12,CGCTGTCCATGGTTTTGTGA,8,5197367
yqjE_yqjK_yqjD_yqjC_predicted,0.5384615384615384,18,12,CGCTATTCTGAACAGTAGAT,6,5252942
yqjE_yqjK_yqjD_yqjC_predicted,1.6153846153846154,32,12,CGCCCCCGGCTAACACGTCA,20,5258429
yqjE_yqjK_yqjD_yqjC_predicted,5.846153846153846,87,12,CGATTCTCAGTTCCAATTAT,75,5244307
yqjE_yqjK_yqjD_yqjC_predicted,1.5384615384615385,31,12,CGATGAATCTGTTGAATTGA,19,5241752
yqjE_yqjK_yqjD_yqjC_predicted,2.230769230769231,40,12,CGAGCTATCAGCTGCGAATA,28,5211166
yqjE_yqjK_yqjD_yqjC_predicted,6.384615384615385,94,12,CGAGCCTACTAATACGAGGT,82,5191485
yqjE_yqjK_yqjD_yqjC_predicted,17.46153846153846,238,12,CGAGCCGTCTGTCGCACTGC,226,5218391
yqjE_yqjK_yqjD_yqjC_predicted,1.8461538461538463,35,12,CGAGATAACTTAACCTCCAA,23,5204875
yqjE_yqjK_yqjD_yqjC_predicted,5.615384615384615,84,12,CGACCGGGATTGATCTGGTA,72,5188094
yqjE_yqjK_yqjD_yqjC_predicted,1.8461538461538463,35,12,CCTGAGTATCAGTATCCGGG,23,5195201
yqjE_yqjK_yqjD_yqjC_predicted,1.9230769230769231,36,12,CCGTGCGAACTTTTACCACA,24,5200357
yqjE_yqjK_yqjD_yqjC_predicted,1.0769230769230769,25,12,CCGAGGCCGAAGAGACGGGT,13,5176139
yqjE_yqjK_yqjD_yqjC_predicted,2.3076923076923075,41,12,CCGAGCGGTTGACCATCCAG,29,5237751
yqjE_yqjK_yqjD_yqjC_predicted,0.15384615384615385,13,12,CCCGTAGCCCTATGTACGAG,1,5200881
yqjE_yqjK_yqjD_yqjC_predicted,5.384615384615385,81,12,CCCGCTAAGGGGAACGCCAC,69,5241837
yqjE_yqjK_yqjD_yqjC_predicted,2.3076923076923075,41,12,CCCGCGGCTGGTCGTCCACA,29,5204646
yqjE_yqjK_yqjD_yqjC_predicted,0.46153846153846156,17,12,CCCATGCATACGAAAAGGGC,5,5201066
yqjE_yqjK_yqjD_yqjC_predicted,0.15384615384615385,13,12,CCCAGTATCCGGACCTCTAT,1,5228203
yqjE_yqjK_yqjD_yqjC_predicted,0.5384615384615384,18,12,CCAGGTGCGGCTTCAAAGCG,6,5196186
yqjE_yqjK_yqjD_yqjC_predicted,2.5384615384615383,44,12,CCAGATGACCGTGATGCCAA,32,5219784
yqjE_yqjK_yqjD_yqjC_predicted,5.615384615384615,84,12,CATGGTCTAGCTTCCGCTTC,72,5187678
yqjE_yqjK_yqjD_yqjC_predicted,2.4615384615384617,43,12,CATGCGGACTGGGTTAGTCT,31,5204740
yqjE_yqjK_yqjD_yqjC_predicted,0.3076923076923077,15,12,CATATGTACTGATGCACATA,3,5247321
yqjE_yqjK_yqjD_yqjC_predicted,4.0,63,12,CATAGATACAAGCGATTAAG,51,5182890
yqjE_yqjK_yqjD_yqjC_predicted,50.30769230769231,665,12,CATAATTATGGTACGTCTTT,653,5186115
yqjE_yqjK_yqjD_yqjC_predicted,1.1538461538461537,26,12,CAGGTTGAGGCCGCCCGTAA,14,5236757
yqjE_yqjK_yqjD_yqjC_predicted,2.1538461538461537,39,12,CACTTACTGTGTACCCCCGA,27,5190513
yqjE_yqjK_yqjD_yqjC_predicted,12.923076923076923,179,12,CACGTAACGCATCCGGTTGC,167,5178890
yqjE_yqjK_yqjD_yqjC_predicted,2.4615384615384617,43,12,CACGGCTCCTAACTGCAGGT,31,5238006
yqjE_yqjK_yqjD_yqjC_predicted,4.846153846153846,74,12,CACCGGCTTGGTGGTGCCCC,62,5171503
yqjE_yqjK_yqjD_yqjC_predicted,5.153846153846154,78,12,CACACGACAGGATTGCCTCA,66,5248766
yqjE_yqjK_yqjD_yqjC_predicted,0.15384615384615385,13,12,CAAGTGTCCATTGCACCTTT,1,5237519
yqjE_yqjK_yqjD_yqjC_predicted,7.538461538461538,109,12,ATTTCGACGAATGGCTTTAT,97,5230181
yqjE_yqjK_yqjD_yqjC_predicted,1.1538461538461537,26,12,ATTTCCACTACCTCGCTGAG,14,5231319
yqjE_yqjK_yqjD_yqjC_predicted,0.15384615384615385,13,12,ATTCGTCCGGCAACATACAT,1,5173475
yqjE_yqjK_yqjD_yqjC_predicted,3.0,50,12,ATTAAGGGGTTGTTCAGAAA,38,5203313
yqjE_yqjK_yqjD_yqjC_predicted,10.461538461538462,147,12,ATGTTCTGAAGGTTCAGTCT,135,5172814
yqjE_yqjK_yqjD_yqjC_predicted,0.15384615384615385,13,12,ATGTGATCAGGAACTATAAC,1,5175555
yqjE_yqjK_yqjD_yqjC_predicted,0.9230769230769231,23,12,ATGTATATCAACAGGATTGT,11,5206064
yqjE_yqjK_yqjD_yqjC_predicted,0.5384615384615384,18,12,ATGGGGATTTTGGCTGGATG,6,5179354
yqjE_yqjK_yqjD_yqjC_predicted,0.15384615384615385,13,12,ATGGGCGGCCGCTCTAATAG,1,5229554
yqjE_yqjK_yqjD_yqjC_predicted,6.076923076923077,90,12,ATGCTTAGGGGACGTCATGA,78,5254593
yqjE_yqjK_yqjD_yqjC_predicted,1.4615384615384615,30,12,ATGCCCTAAGGGTTCATGAT,18,5258964
yqjE_yqjK_yqjD_yqjC_predicted,2.230769230769231,40,12,ATGCCAATAGTTGCGGCTTC,28,5194197
yqjE_yqjK_yqjD_yqjC_predicted,1.2307692307692308,27,12,ATGCAGCGCGGTTGCGTAAT,15,5230253
yqjE_yqjK_yqjD_yqjC_predicted,2.5384615384615383,44,12,ATGAGATGCAGTATTAAGCT,32,5170950
yqjE_yqjK_yqjD_yqjC_predicted,4.6923076923076925,72,12,ATCGTAGAGGGGACAATGTG,60,5225360
yqjE_yqjK_yqjD_yqjC_predicted,1.7692307692307692,34,12,ATCCCAGTGACCGGTGAGAA,22,5224623
yqjE_yqjK_yqjD_yqjC_predicted,2.4615384615384617,43,12,ATACCTACGAAGGCGTGCGA,31,5211668
yqjE_yqjK_yqjD_yqjC_predicted,0.9230769230769231,23,12,AGTTACCACTGCGTACGTCA,11,5188514
yqjE_yqjK_yqjD_yqjC_predicted,0.9230769230769231,23,12,AGTGACTGATGGTGGTGGTG,11,5262978
yqjE_yqjK_yqjD_yqjC_predicted,1.3846153846153846,29,12,AGTCTGGCCCGTATGGGCCT,17,5187741
yqjE_yqjK_yqjD_yqjC_predicted,3.230769230769231,53,12,AGTCGGCTACTTCCACATAA,41,5227498
yqjE_yqjK_yqjD_yqjC_predicted,24.076923076923077,324,12,AGGTTATAAGGCCCCGAGGA,312,5228743
yqjE_yqjK_yqjD_yqjC_predicted,2.6153846153846154,45,12,AGGTGCATTCCGGCCTTGAG,33,5256448
yqjE_yqjK_yqjD_yqjC_predicted,2.0,37,12,AGGGGCTTCTCGGGGGCTGG,25,5209837
yqjE_yqjK_yqjD_yqjC_predicted,1.2307692307692308,27,12,AGCTGTTTCGCCTTACGGTC,15,5258158
yqjE_yqjK_yqjD_yqjC_predicted,2.8461538461538463,48,12,AGCTCCGGACGCTGTGATCA,36,5235979
yqjE_yqjK_yqjD_yqjC_predicted,2.076923076923077,38,12,AGCGACTTAGGCCCGTTCAG,26,5251761
yqjE_yqjK_yqjD_yqjC_predicted,2.0,37,12,AGATCAGCTTTAATTGATCT,25,5231171
yqjE_yqjK_yqjD_yqjC_predicted,1.1538461538461537,26,12,AGATAGGTGATGGGTCGGCG,14,5191131
yqjE_yqjK_yqjD_yqjC_predicted,10.153846153846153,143,12,AGAGACTTGGCCCTGCAGAG,131,5186628
yqjE_yqjK_yqjD_yqjC_predicted,1.3076923076923077,28,12,AGAAGAGTAAGGCACTCCGC,16,5213616
yqjE_yqjK_yqjD_yqjC_predicted,8.923076923076923,127,12,AGAACACACGTCCAAGCCCT,115,5195289
yqjE_yqjK_yqjD_yqjC_predicted,2.076923076923077,38,12,ACTGGCCGATTTTGCAGTGC,26,5191988
yqjE_yqjK_yqjD_yqjC_predicted,1.8461538461538463,35,12,ACTCTGTATCCTCTGTCACA,23,5230027
yqjE_yqjK_yqjD_yqjC_predicted,8.615384615384615,123,12,ACTCCATTGTAATGCTTGGA,111,5189131
yqjE_yqjK_yqjD_yqjC_predicted,1.2307692307692308,27,12,ACTATGCGAACGTAGTATAT,15,5226880
yqjE_yqjK_yqjD_yqjC_predicted,3.230769230769231,53,12,ACTAGGCAGACTCCTTCTGT,41,5197662
yqjE_yqjK_yqjD_yqjC_predicted,1.8461538461538463,35,12,ACGGAGTGGTATGCCCTAAT,23,5254922
yqjE_yqjK_yqjD_yqjC_predicted,11.23076923076923,157,12,ACGCGTCATATTGGGGCATA,145,5181350
yqjE_yqjK_yqjD_yqjC_predicted,6.230769230769231,92,12,ACGAATATCCAGAGAATCTG,80,5197056
yqjE_yqjK_yqjD_yqjC_predicted,0.15384615384615385,13,12,ACCCCTGAGTTTTTTGTTAA,1,5213731
yqjE_yqjK_yqjD_yqjC_predicted,4.769230769230769,73,12,ACACTACACTGAGTGGAAAT,61,5238354
yqjE_yqjK_yqjD_yqjC_predicted,3.0,50,12,ACACGTAGCGTAAAACATAA,38,5200359
yqjE_yqjK_yqjD_yqjC_predicted,1.8461538461538463,35,12,ACAATAGGTGTCAGCATTGT,23,5256590
yqjE_yqjK_yqjD_yqjC_predicted,0.5384615384615384,18,12,ACAAAAGTAAACGAGGATTA,6,5200117
yqjE_yqjK_yqjD_yqjC_predicted,13.384615384615385,185,12,ACAAAACAATGCGACGAGTA,173,5254598
yqjE_yqjK_yqjD_yqjC_predicted,5.769230769230769,86,12,AATTATCACAAGACATTGCA,74,5247870
yqjE_yqjK_yqjD_yqjC_predicted,4.6923076923076925,72,12,AATGGTGTTGCCTATGGCTC,60,5180623
yqjE_yqjK_yqjD_yqjC_predicted,3.0,50,12,AATGGCCTGTGTTGATTAAG,38,5209455
yqjE_yqjK_yqjD_yqjC_predicted,1.7692307692307692,34,12,AATGAGGGGGGCGGGGAAGA,22,5221102
yqjE_yqjK_yqjD_yqjC_predicted,1.7692307692307692,34,12,AATCAAGCGGTTCCACGTTG,22,5210908
yqjE_yqjK_yqjD_yqjC_predicted,0.46153846153846156,17,12,AATCAAACACTTAAGTCTTG,5,5253596
yqjE_yqjK_yqjD_yqjC_predicted,3.923076923076923,62,12,AATATTCAGTTTTAGTTTTT,50,5243192
yqjE_yqjK_yqjD_yqjC_predicted,1.2307692307692308,27,12,AAGTCTTAAATGACCATTGG,15,5210980
yqjE_yqjK_yqjD_yqjC_predicted,4.384615384615385,68,12,AAGGGACGTTTTCGATATAC,56,5262595
yqjE_yqjK_yqjD_yqjC_predicted,17.53846153846154,239,12,AAGCTCCCACCGCATGAGCC,227,5208667
yqjE_yqjK_yqjD_yqjC_predicted,2.5384615384615383,44,12,AAGCCACCCCTTGTGGCTAC,32,5236464
yqjE_yqjK_yqjD_yqjC_predicted,0.3076923076923077,15,12,AACTCTCGCTGCTCCACAGC,3,5223267
yqjE_yqjK_yqjD_yqjC_predicted,5.076923076923077,77,12,AACTCCGTGGCTTGTATGGA,65,5212680
yqjE_yqjK_yqjD_yqjC_predicted,6.6923076923076925,98,12,AACTAACACTACTAGAATTC,86,5214101
yqjE_yqjK_yqjD_yqjC_predicted,7.923076923076923,114,12,AACCTCTGGTCCATGTCAGT,102,5182160
yqjE_yqjK_yqjD_yqjC_predicted,0.15384615384615385,13,12,AACACTTAGGGTGCGAAGTA,1,5261262
yqjE_yqjK_yqjD_yqjC_predicted,0.15384615384615385,13,12,AAATGGGGTTTTGTTATCCG,1,5252801
yqjE_yqjK_yqjD_yqjC_predicted,3.230769230769231,53,12,AAAGCCCCTAAAGAAACATT,41,5257695
yqjE_yqjK_yqjD_yqjC_predicted,9.461538461538462,134,12,AAACGGAGTGTTCTAAGAGG,122,5253285
yqjE_yqjK_yqjD_yqjC_predicted,10.23076923076923,144,12,AAAATACGTGTTCCTCGGAT,132,5236055
yqjE_yqjK_yqjD_yqjC_predicted,0.38461538461538464,16,12,AAAAGTAGGTCAACTAGAAC,4,5202630
yqjE_yqjK_yqjD_yqjC_predicted,0.16666666666666666,12,11,TTTTTTTAATAATCGCCTAA,1,5187839
yqjE_yqjK_yqjD_yqjC_predicted,1.0,22,11,TTTGAGTTGCCCATGCTCAC,11,5254992
yqjE_yqjK_yqjD_yqjC_predicted,0.6666666666666666,18,11,TTTCCACGCAAGTCCATCTC,7,5180384
yqjE_yqjK_yqjD_yqjC_predicted,26.583333333333332,329,11,TTTAGGTTCCTTCCTTGATC,318,5181333
yqjE_yqjK_yqjD_yqjC_predicted,1.9166666666666667,33,11,TTGCTTAGAAGGCACAGTTT,22,5240882
yqjE_yqjK_yqjD_yqjC_predicted,1.0833333333333333,23,11,TTGCGCAAAACTGGTAATCT,12,5202451
yqjE_yqjK_yqjD_yqjC_predicted,1.0833333333333333,23,11,TTGATGTTTAGAGGTACTGT,12,5242371
yqjE_yqjK_yqjD_yqjC_predicted,72.66666666666667,882,11,TTGAATGTGCCTTAACATCC,871,5197228
yqjE_yqjK_yqjD_yqjC_predicted,0.16666666666666666,12,11,TTCTGCAAAAATTATATGGC,1,5236686
yqjE_yqjK_yqjD_yqjC_predicted,1.5833333333333333,29,11,TTCTAATTGTTTGACGAATT,18,5178079
yqjE_yqjK_yqjD_yqjC_predicted,0.5,16,11,TTCGCTTCAGATTGTAGTGT,5,5190130
yqjE_yqjK_yqjD_yqjC_predicted,1.6666666666666667,30,11,TTCCCGCGGGTAAGAGGACG,19,5260669
yqjE_yqjK_yqjD_yqjC_predicted,14.916666666666666,189,11,TTCACTATATACCGACCGGG,178,5251913
yqjE_yqjK_yqjD_yqjC_predicted,10.333333333333334,134,11,TTACGCAAGAATCGAACGTG,123,5201358
yqjE_yqjK_yqjD_yqjC_predicted,1.9166666666666667,33,11,TTACATTGTGAGTCACCATT,22,5206854
yqjE_yqjK_yqjD_yqjC_predicted,1.25,25,11,TTACAGCCCCGGTATATAAA,14,5182313
yqjE_yqjK_yqjD_yqjC_predicted,4.833333333333333,68,11,TGTGTAGCTGAAACATAATG,57,5187373
yqjE_yqjK_yqjD_yqjC_predicted,2.25,37,11,TGTGGACGTTGTATTGGTCG,26,5228780
yqjE_yqjK_yqjD_yqjC_predicted,0.5,16,11,TGTACTTCTCGCTTGATTTT,5,5233430
yqjE_yqjK_yqjD_yqjC_predicted,3.0833333333333335,47,11,TGTACAGGCACTGGGCCTAC,36,5224666
yqjE_yqjK_yqjD_yqjC_predicted,3.25,49,11,TGTAAACGCCAGATCCGATA,38,5197889
yqjE_yqjK_yqjD_yqjC_predicted,0.16666666666666666,12,11,TGGTTGTTACTATCAGGAGC,1,5211965
yqjE_yqjK_yqjD_yqjC_predicted,2.0833333333333335,35,11,TGGTTAGACGTACAACACCT,24,5183131
yqjE_yqjK_yqjD_yqjC_predicted,6.333333333333333,86,11,TGGGTGGGTGGTAAGGTGAA,75,5240251
yqjE_yqjK_yqjD_yqjC_predicted,30.75,379,11,TGGCCTGTATAGGTCCCCGA,368,5197235
yqjE_yqjK_yqjD_yqjC_predicted,2.0,34,11,TGGAGTACATTGGTACCGAA,23,5230897
yqjE_yqjK_yqjD_yqjC_predicted,3.75,55,11,TGCCTGGCGCAGGCGCTGGG,44,5175980
yqjE_yqjK_yqjD_yqjC_predicted,2.0,34,11,TGCCCGAAACCTTGTGCGGA,23,5256535
yqjE_yqjK_yqjD_yqjC_predicted,1.5833333333333333,29,11,TGATTCGCGGCCAGGCCACC,18,5238056
yqjE_yqjK_yqjD_yqjC_predicted,0.16666666666666666,12,11,TGACTCCGAAACGCGGATCC,1,5194619
yqjE_yqjK_yqjD_yqjC_predicted,2.5,40,11,TGACCCGTATAAGTTGTAAT,29,5237023
yqjE_yqjK_yqjD_yqjC_predicted,2.75,43,11,TGAAGGTTGGCAGGCTAGGA,32,5223539
yqjE_yqjK_yqjD_yqjC_predicted,2.75,43,11,TGAACGTACAAGGAGATTGT,32,5255332
yqjE_yqjK_yqjD_yqjC_predicted,11.166666666666666,144,11,TCTGCCGAGGTACATGGGAT,133,5205067
yqjE_yqjK_yqjD_yqjC_predicted,2.0833333333333335,35,11,TCGTGCTTCGTGGTCTCAGA,24,5188996
yqjE_yqjK_yqjD_yqjC_predicted,2.3333333333333335,38,11,TCGTAGATATGTATGGCTGT,27,5246145
yqjE_yqjK_yqjD_yqjC_predicted,0.16666666666666666,12,11,TCGGGAGGCAGGATTGCGAC,1,5209592
yqjE_yqjK_yqjD_yqjC_predicted,1.5833333333333333,29,11,TCGGATTGGGTCCTAATCTT,18,5210900
yqjE_yqjK_yqjD_yqjC_predicted,1.8333333333333333,32,11,TCGGAACAAAGCCAAGAGGA,21,5181838
yqjE_yqjK_yqjD_yqjC_predicted,16.75,211,11,TCGATGACACCAAGGTCATC,200,5223473
yqjE_yqjK_yqjD_yqjC_predicted,2.5833333333333335,41,11,TCGAGGGGATCGGAGATCGG,30,5208136
yqjE_yqjK_yqjD_yqjC_predicted,2.5,40,11,TCCTCATGGCGGAACACAAA,29,5223337
yqjE_yqjK_yqjD_yqjC_predicted,0.16666666666666666,12,11,TCCTAGGTGCTGGCGGAAGG,1,5261336
yqjE_yqjK_yqjD_yqjC_predicted,1.75,31,11,TCCGGCTTTGGATAGATCAT,20,5261656
yqjE_yqjK_yqjD_yqjC_predicted,1.75,31,11,TCCCAGGATCAGGCAGGCAA,20,5211719
yqjE_yqjK_yqjD_yqjC_predicted,4.75,67,11,TCCATGGGCTACCGGCCTCG,56,5239400
yqjE_yqjK_yqjD_yqjC_predicted,1.1666666666666667,24,11,TCATATACAGACGATGTGTG,13,5209355
yqjE_yqjK_yqjD_yqjC_predicted,5.166666666666667,72,11,TCAGGACCGGCTAATGGCAG,61,5185716
yqjE_yqjK_yqjD_yqjC_predicted,1.6666666666666667,30,11,TCACCCAACGTTGGTTCAGG,19,5240979
yqjE_yqjK_yqjD_yqjC_predicted,1.5833333333333333,29,11,TCACAAAATGTGACACGTCC,18,5220042
yqjE_yqjK_yqjD_yqjC_predicted,3.8333333333333335,56,11,TCAAGAGTAGCCAAAAGTTT,45,5180429
yqjE_yqjK_yqjD_yqjC_predicted,2.3333333333333335,38,11,TATTGGAGGCACTCTGGCAA,27,5204680
yqjE_yqjK_yqjD_yqjC_predicted,11.666666666666666,150,11,TATAGTGAACATTCCATTAG,139,5202053
yqjE_yqjK_yqjD_yqjC_predicted,11.333333333333334,146,11,TATACCCACTGGACGGAATC,135,5231945
yqjE_yqjK_yqjD_yqjC_predicted,2.0833333333333335,35,11,TATAATGCCCTTGCTCTGAT,24,5261460
yqjE_yqjK_yqjD_yqjC_predicted,3.0833333333333335,47,11,TAGCCATAAGCACCAAGGGT,36,5177476
yqjE_yqjK_yqjD_yqjC_predicted,2.1666666666666665,36,11,TAGCACTAGGTATGCCGCGC,25,5228496
yqjE_yqjK_yqjD_yqjC_predicted,1.3333333333333333,26,11,TAGATCTATTAGCGTTATTA,15,5194685
yqjE_yqjK_yqjD_yqjC_predicted,2.3333333333333335,38,11,TACCGTGGCCAACAGAGGTA,27,5235932
yqjE_yqjK_yqjD_yqjC_predicted,0.16666666666666666,12,11,TACCGCCTGTTCCCGGCGAT,1,5213793
yqjE_yqjK_yqjD_yqjC_predicted,1.25,25,11,TAATTGCTTGTCGTCAGTAA,14,5202256
yqjE_yqjK_yqjD_yqjC_predicted,2.1666666666666665,36,11,TAATACGTAGATCAAACGAA,25,5225801
yqjE_yqjK_yqjD_yqjC_predicted,1.0,22,11,TAAGGGAAATTGTGTTCGCG,11,5237847
yqjE_yqjK_yqjD_yqjC_predicted,1.3333333333333333,26,11,TAAGCATTAGTTGTCTCCAC,15,5197758
yqjE_yqjK_yqjD_yqjC_predicted,0.6666666666666666,18,11,TAAGATCAGTCTGAGGTAGA,7,5176280
yqjE_yqjK_yqjD_yqjC_predicted,2.1666666666666665,36,11,TAACACAGCAGCATTATTAG,25,5223472
yqjE_yqjK_yqjD_yqjC_predicted,12.333333333333334,158,11,GTTTGTACGGCCACATTCCG,147,5251860
yqjE_yqjK_yqjD_yqjC_predicted,3.6666666666666665,54,11,GTTTCCAAACAGTTAGCTCT,43,5179657
yqjE_yqjK_yqjD_yqjC_predicted,9.416666666666666,123,11,GTTGACACGTCTAACTTGCG,112,5218758
yqjE_yqjK_yqjD_yqjC_predicted,0.16666666666666666,12,11,GTTCGAAGTTGTTTCTTCAG,1,5194365
yqjE_yqjK_yqjD_yqjC_predicted,2.4166666666666665,39,11,GTTCCGTGAGAGGTCCATTA,28,5219096
yqjE_yqjK_yqjD_yqjC_predicted,6.166666666666667,84,11,GTGTTGTTGTTTAGCGCCCC,73,5247856
yqjE_yqjK_yqjD_yqjC_predicted,3.25,49,11,GTGTCAGCGGTCACCCGCGC,38,5230834
yqjE_yqjK_yqjD_yqjC_predicted,9.5,124,11,GTGTATTGGACCCCCAGGGG,113,5197624
yqjE_yqjK_yqjD_yqjC_predicted,10.916666666666666,141,11,GTGCTTCCAGTTGAGACGTA,130,5187494
yqjE_yqjK_yqjD_yqjC_predicted,0.3333333333333333,14,11,GTGCGCGGGAAGAAATACTT,3,5225740
yqjE_yqjK_yqjD_yqjC_predicted,1.4166666666666667,27,11,GTCTTTCGCATAACGACTAC,16,5206656
yqjE_yqjK_yqjD_yqjC_predicted,3.0,46,11,GTCTCTTTATAGGACAATCT,35,5201819
yqjE_yqjK_yqjD_yqjC_predicted,0.16666666666666666,12,11,GTCTCCTTTGCGCGGTGAGA,1,5232701
yqjE_yqjK_yqjD_yqjC_predicted,1.6666666666666667,30,11,GTATAAACCCTACGAAGATC,19,5197389
yqjE_yqjK_yqjD_yqjC_predicted,3.25,49,11,GTACGTCTTCAGACGCATTG,38,5218906
yqjE_yqjK_yqjD_yqjC_predicted,0.8333333333333334,20,11,GTACCCCTCAATGAGGCTAT,9,5243404
yqjE_yqjK_yqjD_yqjC_predicted,3.5833333333333335,53,11,GTAAGACACGGTGGGCTAGA,42,5233772
yqjE_yqjK_yqjD_yqjC_predicted,2.1666666666666665,36,11,GTAAAACCATACGCTTCTTA,25,5182078
yqjE_yqjK_yqjD_yqjC_predicted,2.3333333333333335,38,11,GTAAAAATTAATCGTGCGCA,27,5182085
yqjE_yqjK_yqjD_yqjC_predicted,4.416666666666667,63,11,GGTGTCACACAGTCAATCAG,52,5230894
yqjE_yqjK_yqjD_yqjC_predicted,1.9166666666666667,33,11,GGTCCTCAGTTAGTTAGCCA,22,5183460
yqjE_yqjK_yqjD_yqjC_predicted,1.3333333333333333,26,11,GGTCCGGGCCTGGTGATCGT,15,5179988
yqjE_yqjK_yqjD_yqjC_predicted,5.166666666666667,72,11,GGTCAACCGTCGCTGTTGTA,61,5180515
yqjE_yqjK_yqjD_yqjC_predicted,2.1666666666666665,36,11,GGTATGCTTGCCCGATATGC,25,5206184
yqjE_yqjK_yqjD_yqjC_predicted,0.16666666666666666,12,11,GGTATGCGGTGGGATATGAA,1,5173982
yqjE_yqjK_yqjD_yqjC_predicted,13.083333333333334,167,11,GGGTGGACGGTTATGGCTCA,156,5205017
yqjE_yqjK_yqjD_yqjC_predicted,5.333333333333333,74,11,GGGTGCGAGTGCTATGTAGA,63,5202908
yqjE_yqjK_yqjD_yqjC_predicted,37.5,460,11,GGGCTAGAAAGGATTAATTT,449,5221268
yqjE_yqjK_yqjD_yqjC_predicted,17.416666666666668,219,11,GGGCCATCAAGTTGTCTTGC,208,5193003
yqjE_yqjK_yqjD_yqjC_predicted,3.75,55,11,GGGATCCTGTGTCCTCCCGC,44,5246029
yqjE_yqjK_yqjD_yqjC_predicted,2.3333333333333335,38,11,GGGAAATTAACAATGTTCTC,27,5196596
yqjE_yqjK_yqjD_yqjC_predicted,4.833333333333333,68,11,GGCTTGGGTCGAGAAGGCTT,57,5224333
yqjE_yqjK_yqjD_yqjC_predicted,0.16666666666666666,12,11,GGCTCTCGAGGTGAGCGAAT,1,5171860
yqjE_yqjK_yqjD_yqjC_predicted,6.416666666666667,87,11,GGCGGAGTTCAGGACGAGCT,76,5237402
yqjE_yqjK_yqjD_yqjC_predicted,2.4166666666666665,39,11,GGCCCCCAGTCATGAATTAG,28,5185515
yqjE_yqjK_yqjD_yqjC_predicted,9.083333333333334,119,11,GGCCACGTGTTTAAATGTTT,108,5206738
yqjE_yqjK_yqjD_yqjC_predicted,1.5,28,11,GGCAACATAAAAGGGTTCTA,17,5215270
yqjE_yqjK_yqjD_yqjC_predicted,1.1666666666666667,24,11,GGATAAGCGACAGGCCTTGT,13,5203169
yqjE_yqjK_yqjD_yqjC_predicted,0.16666666666666666,12,11,GGACAAGCGAGGGCTTTTTA,1,5189856
yqjE_yqjK_yqjD_yqjC_predicted,0.75,19,11,GGAATGTACCCATATGGGCA,8,5233919
yqjE_yqjK_yqjD_yqjC_predicted,2.1666666666666665,36,11,GGAATCTAAATGTCGTGGAG,25,5202728
yqjE_yqjK_yqjD_yqjC_predicted,4.333333333333333,62,11,GGAAACTATCGTCCCGCGGG,51,5189401
yqjE_yqjK_yqjD_yqjC_predicted,5.5,76,11,GCTGCACATCCATCCATGGC,65,5195342
yqjE_yqjK_yqjD_yqjC_predicted,7.25,97,11,GCTCTTTCTGAACGTTCTGC,86,5228900
yqjE_yqjK_yqjD_yqjC_predicted,60.5,736,11,GCTCGTAATGTGAAGATTCC,725,5181945
yqjE_yqjK_yqjD_yqjC_predicted,2.25,37,11,GCGTTACACTGGACCGAACC,26,5257469
yqjE_yqjK_yqjD_yqjC_predicted,1.0,22,11,GCGTCTGGATCTGCATACTC,11,5195200
yqjE_yqjK_yqjD_yqjC_predicted,7.666666666666667,102,11,GCGTCTAAGCCTTGCCGAGT,91,5185982
yqjE_yqjK_yqjD_yqjC_predicted,0.5,16,11,GCGGGAACTGCTTTACGCGC,5,5190726
yqjE_yqjK_yqjD_yqjC_predicted,3.5,52,11,GCGCAAAGCCTGGTTCCTGG,41,5200305
yqjE_yqjK_yqjD_yqjC_predicted,1.8333333333333333,32,11,GCGATATTTTACGTAAACAT,21,5223698
yqjE_yqjK_yqjD_yqjC_predicted,1.9166666666666667,33,11,GCGACATCCAGCCCTCGCGT,22,5262815
yqjE_yqjK_yqjD_yqjC_predicted,0.3333333333333333,14,11,GCCTGATTAAATTTGTTTTA,3,5258691
yqjE_yqjK_yqjD_yqjC_predicted,1.5833333333333333,29,11,GCCTCGCCAGTATTGTGCGA,18,5190620
yqjE_yqjK_yqjD_yqjC_predicted,7.833333333333333,104,11,GCCGCGTACGATCATAGAAG,93,5175792
yqjE_yqjK_yqjD_yqjC_predicted,8.833333333333334,116,11,GCATTGCACCTTACGTGATC,105,5248115
yqjE_yqjK_yqjD_yqjC_predicted,11.25,145,11,GCATTCGCTCGCTCAGGGTT,134,5242508
yqjE_yqjK_yqjD_yqjC_predicted,2.25,37,11,GCAGTCCTTGTAGCGGGAGC,26,5222451
yqjE_yqjK_yqjD_yqjC_predicted,0.16666666666666666,12,11,GCAGAATGAGTTAAATTTAT,1,5238931
yqjE_yqjK_yqjD_yqjC_predicted,2.4166666666666665,39,11,GCACGGCCGTACATCCGTGT,28,5216860
yqjE_yqjK_yqjD_yqjC_predicted,0.5833333333333334,17,11,GCACAACTACTGCGAATAAG,6,5183972
yqjE_yqjK_yqjD_yqjC_predicted,0.5,16,11,GCACAACGGTGCCGTCGGTA,5,5230840
yqjE_yqjK_yqjD_yqjC_predicted,12.333333333333334,158,11,GCAATGACAACCGCATTAAC,147,5171706
yqjE_yqjK_yqjD_yqjC_predicted,0.5833333333333334,17,11,GCAAGCGTAGCAATGGCCGA,6,5190519
yqjE_yqjK_yqjD_yqjC_predicted,3.75,55,11,GATTCACCGTTTGTATCTCT,44,5230901
yqjE_yqjK_yqjD_yqjC_predicted,1.8333333333333333,32,11,GATTATGGCAATAGTCTAGT,21,5231547
yqjE_yqjK_yqjD_yqjC_predicted,16.666666666666668,210,11,GATGAATCCTTTCTTTGCGA,199,5254402
yqjE_yqjK_yqjD_yqjC_predicted,1.4166666666666667,27,11,GATCGTTGGATGGGTCGTGT,16,5203170
yqjE_yqjK_yqjD_yqjC_predicted,3.5,52,11,GATCCAGAGTTCTCTAAATC,41,5233755
yqjE_yqjK_yqjD_yqjC_predicted,1.8333333333333333,32,11,GATAAATTGAAGAGTCCACT,21,5214648
yqjE_yqjK_yqjD_yqjC_predicted,4.25,61,11,GAGGTGCTTTTGGCGGCCGA,50,5257741
yqjE_yqjK_yqjD_yqjC_predicted,3.0,46,11,GAGGGGGAGCCGCCGCCCGT,35,5247569
yqjE_yqjK_yqjD_yqjC_predicted,1.0,22,11,GAGCTGTCGCAGGGTGAAGT,11,5255367
yqjE_yqjK_yqjD_yqjC_predicted,1.0833333333333333,23,11,GAGCGTGGTGTTTCCCTCCT,12,5176177
yqjE_yqjK_yqjD_yqjC_predicted,1.4166666666666667,27,11,GAGCGTGATTTTTGGATACG,16,5171154
yqjE_yqjK_yqjD_yqjC_predicted,2.3333333333333335,38,11,GAGACCGCGTGATACACCAC,27,5247630
yqjE_yqjK_yqjD_yqjC_predicted,0.4166666666666667,15,11,GAGACATAAACCTTGTTCAC,4,5236560
yqjE_yqjK_yqjD_yqjC_predicted,2.5,40,11,GACTGTGTACCGGTCGCAGG,29,5258580
yqjE_yqjK_yqjD_yqjC_predicted,1.0833333333333333,23,11,GACGAGCTAGCTGGACTAAA,12,5215255
yqjE_yqjK_yqjD_yqjC_predicted,4.75,67,11,GACGAAGGACCGTGCATCTC,56,5214110
yqjE_yqjK_yqjD_yqjC_predicted,2.8333333333333335,44,11,GACAGTGGGGACATTCTACC,33,5248186
yqjE_yqjK_yqjD_yqjC_predicted,1.5,28,11,GACAGCCGTACCACGTCAGT,17,5211464
yqjE_yqjK_yqjD_yqjC_predicted,2.4166666666666665,39,11,GACACGGTCCCGTACTCGGA,28,5216083
yqjE_yqjK_yqjD_yqjC_predicted,5.416666666666667,75,11,GACACAGCCTGACCCTCGCG,64,5219151
yqjE_yqjK_yqjD_yqjC_predicted,17.0,214,11,GACAATAGAGTCTCTTTGGC,203,5242548
yqjE_yqjK_yqjD_yqjC_predicted,30.75,379,11,GAATGCGGGTATCGATTCGC,368,5191962
yqjE_yqjK_yqjD_yqjC_predicted,3.75,55,11,GAAGCACTTGTGAGCTCGTA,44,5247862
yqjE_yqjK_yqjD_yqjC_predicted,5.666666666666667,78,11,GAAACTGTGTCTAATGCGAG,67,5178304
yqjE_yqjK_yqjD_yqjC_predicted,14.583333333333334,185,11,GAAAAATAATACGTCCCTGA,174,5198416
yqjE_yqjK_yqjD_yqjC_predicted,52.25,637,11,CTTTGAGCTCAACTCTGGAG,626,5233812
yqjE_yqjK_yqjD_yqjC_predicted,2.4166666666666665,39,11,CTTGAACCCAGGAATGTCTA,28,5228910
yqjE_yqjK_yqjD_yqjC_predicted,4.75,67,11,CTTATTTCGCCACCAGCTCT,56,5241525
yqjE_yqjK_yqjD_yqjC_predicted,0.16666666666666666,12,11,CTTATCTCCTGATGGCATGC,1,5209461
yqjE_yqjK_yqjD_yqjC_predicted,1.3333333333333333,26,11,CTGTATTGGACATTGCTGAA,15,5170900
yqjE_yqjK_yqjD_yqjC_predicted,1.5,28,11,CTGGGTCTCTCAACGATATA,17,5247695
yqjE_yqjK_yqjD_yqjC_predicted,2.9166666666666665,45,11,CTGGATGTTTTATTCCACAA,34,5208907
yqjE_yqjK_yqjD_yqjC_predicted,7.25,97,11,CTGCTTGGACTGGGGGAAGG,86,5190577
yqjE_yqjK_yqjD_yqjC_predicted,0.4166666666666667,15,11,CTGCCTTTGATTTAGGCAGA,4,5251238
yqjE_yqjK_yqjD_yqjC_predicted,1.1666666666666667,24,11,CTGAGTGATAAGTATTTCTT,13,5207594
yqjE_yqjK_yqjD_yqjC_predicted,0.16666666666666666,12,11,CTGAGGCGTCGATCGGACAC,1,5180636
yqjE_yqjK_yqjD_yqjC_predicted,3.75,55,11,CTGAAGCCGGCACATACGAT,44,5208689
yqjE_yqjK_yqjD_yqjC_predicted,1.5833333333333333,29,11,CTCGCAGGTAAGTGGGCTTA,18,5229635
yqjE_yqjK_yqjD_yqjC_predicted,4.416666666666667,63,11,CTCCGGCGATATATAATCAT,52,5230898
yqjE_yqjK_yqjD_yqjC_predicted,12.25,157,11,CTCAACGATCCGGTGGGAAA,146,5233032
yqjE_yqjK_yqjD_yqjC_predicted,2.9166666666666665,45,11,CTAGGTACCGAGCAAAGTGT,34,5259911
yqjE_yqjK_yqjD_yqjC_predicted,5.583333333333333,77,11,CTAGGCCCTGGACGACCAAT,66,5244336
yqjE_yqjK_yqjD_yqjC_predicted,3.6666666666666665,54,11,CTAAAAGAGTGCTTCAACAT,43,5233752
yqjE_yqjK_yqjD_yqjC_predicted,3.5,52,11,CGTTGTATGTAGTCGCGCGG,41,5200047
yqjE_yqjK_yqjD_yqjC_predicted,0.5,16,11,CGTTCCACACAATAGGCCCA,5,5216225
yqjE_yqjK_yqjD_yqjC_predicted,4.5,64,11,CGTTCACGTTCCCAATCTCA,53,5254404
yqjE_yqjK_yqjD_yqjC_predicted,4.166666666666667,60,11,CGTGCCTCGAGCCAAATAGG,49,5215462
yqjE_yqjK_yqjD_yqjC_predicted,3.6666666666666665,54,11,CGGTCCTCGGAGGCATCAGA,43,5224560
yqjE_yqjK_yqjD_yqjC_predicted,0.75,19,11,CGGGCGCGCTTGGAAGCTGG,8,5211968
yqjE_yqjK_yqjD_yqjC_predicted,9.333333333333334,122,11,CGGGATGAGTATGAATACGC,111,5247386
yqjE_yqjK_yqjD_yqjC_predicted,1.4166666666666667,27,11,CGGAGCCTTGTGACAAGCTG,16,5217256
yqjE_yqjK_yqjD_yqjC_predicted,0.9166666666666666,21,11,CGGAAACGACACAAGGCACT,10,5190499
yqjE_yqjK_yqjD_yqjC_predicted,2.8333333333333335,44,11,CGCTGGTATGTAGGATGCGT,33,5212319
yqjE_yqjK_yqjD_yqjC_predicted,1.8333333333333333,32,11,CGCGTCAATCCTGCTATTCC,21,5218661
yqjE_yqjK_yqjD_yqjC_predicted,0.5833333333333334,17,11,CGCCTTATGCAGATAATTCT,6,5181400
yqjE_yqjK_yqjD_yqjC_predicted,1.5,28,11,CGCCGTCATGGGCGAAGGTT,17,5209344
yqjE_yqjK_yqjD_yqjC_predicted,1.5833333333333333,29,11,CGCAGTAGGTTCGACTGAAA,18,5255737
yqjE_yqjK_yqjD_yqjC_predicted,2.5,40,11,CGATATGCTACGTTGAGTAT,29,5232684
yqjE_yqjK_yqjD_yqjC_predicted,7.833333333333333,104,11,CGAGACCGGAGCGCCAGGAT,93,5189968
yqjE_yqjK_yqjD_yqjC_predicted,4.0,58,11,CGACTCGAGCAACTGCAGTT,47,5241854
yqjE_yqjK_yqjD_yqjC_predicted,2.4166666666666665,39,11,CGAAAGCCATGCGTACTCGA,28,5192165
yqjE_yqjK_yqjD_yqjC_predicted,4.416666666666667,63,11,CCTTTTTAGATGAACCGTTT,52,5195270
yqjE_yqjK_yqjD_yqjC_predicted,1.0,22,11,CCTGTTACAAGCCTGATCGT,11,5249470
yqjE_yqjK_yqjD_yqjC_predicted,3.5,52,11,CCTGTCATGGTTCAGATAAA,41,5219027
yqjE_yqjK_yqjD_yqjC_predicted,25.416666666666668,315,11,CCTCCTAACGGTCTCGCTGA,304,5226186
yqjE_yqjK_yqjD_yqjC_predicted,8.916666666666666,117,11,CCTCATACTAGGGGTTCAAC,106,5237143
yqjE_yqjK_yqjD_yqjC_predicted,1.5833333333333333,29,11,CCTACTTAAAGTAAAACACG,18,5256711
yqjE_yqjK_yqjD_yqjC_predicted,6.833333333333333,92,11,CCTAAAAGTCGCTGGAGCAG,81,5259730
yqjE_yqjK_yqjD_yqjC_predicted,2.1666666666666665,36,11,CCGTTTTGCCGGGGGCTCTC,25,5178036
yqjE_yqjK_yqjD_yqjC_predicted,1.0,22,11,CCGTGCGATTGGGCAAAATT,11,5183690
yqjE_yqjK_yqjD_yqjC_predicted,2.0,34,11,CCGCTTTTAAGTCCATTTGC,23,5260317
yqjE_yqjK_yqjD_yqjC_predicted,2.0833333333333335,35,11,CCGCTTAAGCTGAGTACAAA,24,5180022
yqjE_yqjK_yqjD_yqjC_predicted,1.8333333333333333,32,11,CCGCACAGGAAACCACGAGT,21,5226627
yqjE_yqjK_yqjD_yqjC_predicted,3.5,52,11,CCGATAGTTACAGCGGTTCA,41,5237868
yqjE_yqjK_yqjD_yqjC_predicted,2.3333333333333335,38,11,CCCGTCGCAGTAGTGTCAAC,27,5215446
yqjE_yqjK_yqjD_yqjC_predicted,3.6666666666666665,54,11,CCCGGTTCATGAGTATTTCT,43,5251235
yqjE_yqjK_yqjD_yqjC_predicted,1.9166666666666667,33,11,CCCCTTTCCACATTTTTGTT,22,5180100
yqjE_yqjK_yqjD_yqjC_predicted,1.5833333333333333,29,11,CCCACAGAAAGCACATTGAT,18,5227123
yqjE_yqjK_yqjD_yqjC_predicted,3.3333333333333335,50,11,CCATGAGGGATGCTCGTTCT,39,5214866
yqjE_yqjK_yqjD_yqjC_predicted,2.6666666666666665,42,11,CCATCTTCAACTGGCACGCA,31,5192241
yqjE_yqjK_yqjD_yqjC_predicted,0.3333333333333333,14,11,CCATCCCTGTTTGCGTAATT,3,5227209
yqjE_yqjK_yqjD_yqjC_predicted,0.16666666666666666,12,11,CCAGTTATATGACATATCGC,1,5237046
yqjE_yqjK_yqjD_yqjC_predicted,2.4166666666666665,39,11,CCAGGCGGGCGTGGCCGTTC,28,5213403
yqjE_yqjK_yqjD_yqjC_predicted,0.16666666666666666,12,11,CCAGCCACACAGACAGCGGG,1,5192277
yqjE_yqjK_yqjD_yqjC_predicted,2.5,40,11,CCAGACATGACTGTGGGGGA,29,5240721
yqjE_yqjK_yqjD_yqjC_predicted,1.0,22,11,CCACTCAATTTGCGCATGTC,11,5251390
yqjE_yqjK_yqjD_yqjC_predicted,1.0,22,11,CCACATCCTTTATCGTGAAA,11,5187288
yqjE_yqjK_yqjD_yqjC_predicted,0.16666666666666666,12,11,CCACAGACTCGGAACAATGT,1,5177573
yqjE_yqjK_yqjD_yqjC_predicted,2.25,37,11,CCAAACGGCCGCTGTAATGC,26,5185933
yqjE_yqjK_yqjD_yqjC_predicted,2.75,43,11,CATTCACGCCTGATAAATCA,32,5246345
yqjE_yqjK_yqjD_yqjC_predicted,2.6666666666666665,42,11,CATGAGTGGCGTACCGAACA,31,5243411
yqjE_yqjK_yqjD_yqjC_predicted,0.5833333333333334,17,11,CATCCCGAAGACCTAACACT,6,5244181
yqjE_yqjK_yqjD_yqjC_predicted,1.4166666666666667,27,11,CATATTCAGCCCAGCTCACC,16,5220755
yqjE_yqjK_yqjD_yqjC_predicted,4.833333333333333,68,11,CATAATATAGTGTGGTGCCC,57,5238266
yqjE_yqjK_yqjD_yqjC_predicted,4.0,58,11,CAGTTACCATTTGCCGTAAA,47,5184951
yqjE_yqjK_yqjD_yqjC_predicted,17.833333333333332,224,11,CAGTATCTGTCGAGCAGTCT,213,5205037
yqjE_yqjK_yqjD_yqjC_predicted,0.25,13,11,CAGTATCTAGTCGTCGATCT,2,5190048
yqjE_yqjK_yqjD_yqjC_predicted,1.4166666666666667,27,11,CAGGCTCTGGAATCTCACAA,16,5179603
yqjE_yqjK_yqjD_yqjC_predicted,4.583333333333333,65,11,CAGGCAATACTATCACATTA,54,5242557
yqjE_yqjK_yqjD_yqjC_predicted,27.333333333333332,338,11,CAGCTAGCGCCGTACAACTG,327,5238887
yqjE_yqjK_yqjD_yqjC_predicted,17.75,223,11,CAGACCCCGCCAGAAAGATT,212,5183933
yqjE_yqjK_yqjD_yqjC_predicted,2.1666666666666665,36,11,CACTACCTACTCTTCAGATG,25,5176541
yqjE_yqjK_yqjD_yqjC_predicted,4.916666666666667,69,11,CACGAGTTTAGGAATGGCTG,58,5190904
yqjE_yqjK_yqjD_yqjC_predicted,2.0833333333333335,35,11,CACGAGGTCCTCTTTGGCGG,24,5172643
yqjE_yqjK_yqjD_yqjC_predicted,1.75,31,11,CACCGCCAACATGGACCTAA,20,5257645
yqjE_yqjK_yqjD_yqjC_predicted,4.0,58,11,CACATCTTTGCACGCCCCAA,47,5172892
yqjE_yqjK_yqjD_yqjC_predicted,2.25,37,11,CACAGGAAGTCAGATCTCAG,26,5225739
yqjE_yqjK_yqjD_yqjC_predicted,0.25,13,11,CAATCTACCCTATCTGTAGG,2,5228305
yqjE_yqjK_yqjD_yqjC_predicted,2.6666666666666665,42,11,CAAGGGTTTTGACTTTCACC,31,5253484
yqjE_yqjK_yqjD_yqjC_predicted,1.6666666666666667,30,11,CAACGAGCACCACAGACAGG,19,5259907
yqjE_yqjK_yqjD_yqjC_predicted,7.166666666666667,96,11,CAAACGATACCCATCGAAAA,85,5180933
yqjE_yqjK_yqjD_yqjC_predicted,0.8333333333333334,20,11,ATTTTCGAGTGATGCATCGT,9,5199074
yqjE_yqjK_yqjD_yqjC_predicted,19.833333333333332,248,11,ATTTGGCGGCAGATCCTGCG,237,5243378
yqjE_yqjK_yqjD_yqjC_predicted,18.583333333333332,233,11,ATTCTAGTCAAGGATGGGAA,222,5251854
yqjE_yqjK_yqjD_yqjC_predicted,2.6666666666666665,42,11,ATTCCCTGCTGATGTTCTAT,31,5243335
yqjE_yqjK_yqjD_yqjC_predicted,0.5833333333333334,17,11,ATTAAAATGCCGGGAAACCT,6,5260003
yqjE_yqjK_yqjD_yqjC_predicted,0.25,13,11,ATGTTTCAGCACCAGTAGAC,2,5184193
yqjE_yqjK_yqjD_yqjC_predicted,10.5,136,11,ATCTACTCGTAGGGGATACA,125,5256934
yqjE_yqjK_yqjD_yqjC_predicted,19.75,247,11,ATCTAAGCGTCAGCGGCCTA,236,5231887
yqjE_yqjK_yqjD_yqjC_predicted,10.083333333333334,131,11,ATCTAACGGCCACTGTGATG,120,5191712
yqjE_yqjK_yqjD_yqjC_predicted,3.0,46,11,ATCGCGAGCCGCATCCGTAG,35,5251152
yqjE_yqjK_yqjD_yqjC_predicted,0.25,13,11,ATCGCCCACGCTCCTCGGGC,2,5262775
yqjE_yqjK_yqjD_yqjC_predicted,3.4166666666666665,51,11,ATCGAAAATGTTTTTTCGTG,40,5252587
yqjE_yqjK_yqjD_yqjC_predicted,7.583333333333333,101,11,ATCCTTGTGACGTAGCAGTT,90,5233028
yqjE_yqjK_yqjD_yqjC_predicted,1.8333333333333333,32,11,ATCCGATGCAGAACCTCCAA,21,5222005
yqjE_yqjK_yqjD_yqjC_predicted,1.0833333333333333,23,11,ATATGATGTATTTCACGGCG,12,5192235
yqjE_yqjK_yqjD_yqjC_predicted,7.083333333333333,95,11,ATACTACACCTGTGTATGCG,84,5176748
yqjE_yqjK_yqjD_yqjC_predicted,0.16666666666666666,12,11,ATACCGTTCTGACCTCTTTA,1,5243532
yqjE_yqjK_yqjD_yqjC_predicted,8.166666666666666,108,11,AGTATCGCGCTGTAAAGCCT,97,5210456
yqjE_yqjK_yqjD_yqjC_predicted,2.3333333333333335,38,11,AGTAAGTGAGAGGAACCTCC,27,5183794
yqjE_yqjK_yqjD_yqjC_predicted,0.25,13,11,AGGTCTGCTAGCGCGATTCA,2,5183556
yqjE_yqjK_yqjD_yqjC_predicted,2.25,37,11,AGGGTCCGCGAGAGCCTGCT,26,5256525
yqjE_yqjK_yqjD_yqjC_predicted,3.0833333333333335,47,11,AGGGGTGGATGGCTATTACA,36,5241764
yqjE_yqjK_yqjD_yqjC_predicted,6.083333333333333,83,11,AGGCCTTCCTGTTGTATCAC,72,5251498
yqjE_yqjK_yqjD_yqjC_predicted,18.083333333333332,227,11,AGGAGCGGTCGATTCATGAG,216,5243363
yqjE_yqjK_yqjD_yqjC_predicted,4.416666666666667,63,11,AGGACGTGCGCCTTGAAGTA,52,5212863
yqjE_yqjK_yqjD_yqjC_predicted,0.16666666666666666,12,11,AGCTGGACACTTTTTTTAGA,1,5226283
yqjE_yqjK_yqjD_yqjC_predicted,1.8333333333333333,32,11,AGCGGGCATCAATGATGTAA,21,5173301
yqjE_yqjK_yqjD_yqjC_predicted,0.16666666666666666,12,11,AGCATACGGAGGTCCTGTCG,1,5227801
yqjE_yqjK_yqjD_yqjC_predicted,2.0833333333333335,35,11,AGCACGAGACCAATGCTGCT,24,5224463
yqjE_yqjK_yqjD_yqjC_predicted,2.5,40,11,AGCAACTCTCGAGCGATTTG,29,5191785
yqjE_yqjK_yqjD_yqjC_predicted,5.583333333333333,77,11,AGAGTGTCAAAGAAATATCA,66,5183961
yqjE_yqjK_yqjD_yqjC_predicted,1.1666666666666667,24,11,AGACGTCGGAGTAGCCTCTG,13,5244860
yqjE_yqjK_yqjD_yqjC_predicted,0.8333333333333334,20,11,AGACCTCATTTCAATAGCCC,9,5184201
yqjE_yqjK_yqjD_yqjC_predicted,0.9166666666666666,21,11,AGAATTAATAGCCATATAGT,10,5243059
yqjE_yqjK_yqjD_yqjC_predicted,1.5833333333333333,29,11,AGAACTGGAAACGCAATTAT,18,5243537
yqjE_yqjK_yqjD_yqjC_predicted,1.4166666666666667,27,11,AGAACGCATGGGCTGTCAAT,16,5255154
yqjE_yqjK_yqjD_yqjC_predicted,2.75,43,11,ACTCGATTGAATCGGCCATT,32,5173028
yqjE_yqjK_yqjD_yqjC_predicted,8.75,115,11,ACTAGGAGATGAATAGACTG,104,5225562
yqjE_yqjK_yqjD_yqjC_predicted,1.5,28,11,ACGTCCCCAGATTAACTCGC,17,5199525
yqjE_yqjK_yqjD_yqjC_predicted,6.083333333333333,83,11,ACGTAATGCTAGATTGTCGT,72,5215402
yqjE_yqjK_yqjD_yqjC_predicted,1.3333333333333333,26,11,ACGGTCAGACTGCACCTTTA,15,5215704
yqjE_yqjK_yqjD_yqjC_predicted,16.416666666666668,207,11,ACGGAACCCAGGCCCAGAGA,196,5238775
yqjE_yqjK_yqjD_yqjC_predicted,7.166666666666667,96,11,ACGCGAAATTCTGAATAGGA,85,5217651
yqjE_yqjK_yqjD_yqjC_predicted,0.25,13,11,ACGCCGGCATTGTAAGCTGA,2,5246572
yqjE_yqjK_yqjD_yqjC_predicted,0.16666666666666666,12,11,ACGCATGGACGCCTTTAACA,1,5172635
yqjE_yqjK_yqjD_yqjC_predicted,1.4166666666666667,27,11,ACGCACGTAAGCCACCCTTG,16,5203667
yqjE_yqjK_yqjD_yqjC_predicted,14.666666666666666,186,11,ACGATTTTATATCTTAGCTA,175,5197601
yqjE_yqjK_yqjD_yqjC_predicted,14.5,184,11,ACGACCCTCCTGGTCCATGA,173,5253294
yqjE_yqjK_yqjD_yqjC_predicted,2.6666666666666665,42,11,ACCATCACAGGCACACAGTT,31,5249098
yqjE_yqjK_yqjD_yqjC_predicted,0.8333333333333334,20,11,ACAACCGGGAATGCCATCAC,9,5197371
yqjE_yqjK_yqjD_yqjC_predicted,1.8333333333333333,32,11,ACAAAGAACATGTGTTCACT,21,5236897
yqjE_yqjK_yqjD_yqjC_predicted,1.8333333333333333,32,11,AATTGCCTGAACTAGATGCA,21,5178400
yqjE_yqjK_yqjD_yqjC_predicted,1.6666666666666667,30,11,AATTCTTCAATTCGCCATCC,19,5212509
yqjE_yqjK_yqjD_yqjC_predicted,18.5,232,11,AATGTACCACCTGGTGAACA,221,5185397
yqjE_yqjK_yqjD_yqjC_predicted,1.6666666666666667,30,11,AAGTTATGATATGGCAGACT,19,5250056
yqjE_yqjK_yqjD_yqjC_predicted,2.75,43,11,AAGTGAGGATGGCGTGGTAC,32,5243181
yqjE_yqjK_yqjD_yqjC_predicted,2.1666666666666665,36,11,AAGTGAACGTAGCCTTCATC,25,5251742
yqjE_yqjK_yqjD_yqjC_predicted,1.75,31,11,AAGTCCGTAGGACCCTCACG,20,5203970
yqjE_yqjK_yqjD_yqjC_predicted,2.3333333333333335,38,11,AAGTAACACTGCAATAGCCA,27,5198888
yqjE_yqjK_yqjD_yqjC_predicted,6.916666666666667,93,11,AAGGTATCATCTCGAGCCTG,82,5262663
yqjE_yqjK_yqjD_yqjC_predicted,0.75,19,11,AAGCCCTACTAAGCCGCCTC,8,5188163
yqjE_yqjK_yqjD_yqjC_predicted,1.6666666666666667,30,11,AAGATGTCATCTAACTATTA,19,5185783
yqjE_yqjK_yqjD_yqjC_predicted,4.25,61,11,AAGAATGGGTCAAGTACGTC,50,5175218
yqjE_yqjK_yqjD_yqjC_predicted,1.6666666666666667,30,11,AAGAACCGGAGTTAGTTCTT,19,5198031
yqjE_yqjK_yqjD_yqjC_predicted,1.3333333333333333,26,11,AACTAGGCTTAGTTCCTAAT,15,5239675
yqjE_yqjK_yqjD_yqjC_predicted,2.0833333333333335,35,11,AACTAGAATTGCATTATGAA,24,5177638
yqjE_yqjK_yqjD_yqjC_predicted,2.4166666666666665,39,11,AACCTCACGGCAGGAAACGC,28,5203323
yqjE_yqjK_yqjD_yqjC_predicted,3.3333333333333335,50,11,AACAGCACTCACGGAAAGAT,39,5207340
yqjE_yqjK_yqjD_yqjC_predicted,3.9166666666666665,57,11,AACAAGGGATTCGTCGTCTA,46,5191247
yqjE_yqjK_yqjD_yqjC_predicted,1.5,28,11,AAAGCCCTTCTATGCGTTAC,17,5198940
yqjE_yqjK_yqjD_yqjC_predicted,6.083333333333333,83,11,AAACTCGGCATAACAGGTCA,72,5177862
yqjE_yqjK_yqjD_yqjC_predicted,7.25,97,11,AAACGCGAGGCCTGCCGTGA,86,5214304
yqjE_yqjK_yqjD_yqjC_predicted,0.36363636363636365,13,10,TTTTGTGCCAGATCATTCGA,3,5191855
yqjE_yqjK_yqjD_yqjC_predicted,1.3636363636363635,24,10,TTTGAGACTCAGTTCTTTCT,14,5207471
yqjE_yqjK_yqjD_yqjC_predicted,2.4545454545454546,36,10,TTTCAGGCCAGCTGACATGT,26,5202657
yqjE_yqjK_yqjD_yqjC_predicted,1.7272727272727273,28,10,TTTATTCTCTCACGGGTGTT,18,5172949
yqjE_yqjK_yqjD_yqjC_predicted,1.0909090909090908,21,10,TTTATACAATCGTTCGTGGA,11,5217406
yqjE_yqjK_yqjD_yqjC_predicted,2.1818181818181817,33,10,TTTAGTTCAAATCCGAGTTG,23,5221409
yqjE_yqjK_yqjD_yqjC_predicted,6.0,75,10,TTTAAGCGGCGGTGGCAATG,65,5229513
yqjE_yqjK_yqjD_yqjC_predicted,7.545454545454546,92,10,TTGTTATTATCTGCTCAACG,82,5234295
yqjE_yqjK_yqjD_yqjC_predicted,0.5454545454545454,15,10,TTGCCCGAGCACAGTTAGAC,5,5173265
yqjE_yqjK_yqjD_yqjC_predicted,1.0909090909090908,21,10,TTGCCACCTTGGCAGGACGG,11,5214019
yqjE_yqjK_yqjD_yqjC_predicted,2.8181818181818183,40,10,TTGAGCTAATATGACTCTTC,30,5218427
yqjE_yqjK_yqjD_yqjC_predicted,4.0,53,10,TTCTTCATACGAGACTTCTT,43,5254435
yqjE_yqjK_yqjD_yqjC_predicted,6.545454545454546,81,10,TTCGTCTGAAACTCTCCCAT,71,5205582
yqjE_yqjK_yqjD_yqjC_predicted,0.6363636363636364,16,10,TTCGAGTCGTCTGTGGTAGA,6,5241144
yqjE_yqjK_yqjD_yqjC_predicted,1.1818181818181819,22,10,TTCCGTTATTGTTTCATAAC,12,5177449
yqjE_yqjK_yqjD_yqjC_predicted,4.181818181818182,55,10,TTCAGCTTAGCTGTGACGCT,45,5244338
yqjE_yqjK_yqjD_yqjC_predicted,3.8181818181818183,51,10,TTCACGAATAGAATCGGAAC,41,5237866
yqjE_yqjK_yqjD_yqjC_predicted,3.090909090909091,43,10,TTATGATTTAATGGCTTTCT,33,5237818
yqjE_yqjK_yqjD_yqjC_predicted,7.545454545454546,92,10,TTATCGCATACGGTACCAAG,82,5171948
yqjE_yqjK_yqjD_yqjC_predicted,0.18181818181818182,11,10,TTATCCGTCCATTACCATGG,1,5246144
yqjE_yqjK_yqjD_yqjC_predicted,2.6363636363636362,38,10,TTATAGCACGCGAAGGGATC,28,5235704
yqjE_yqjK_yqjD_yqjC_predicted,3.1818181818181817,44,10,TTAGTATGACTTAGGAGTGG,34,5200871
yqjE_yqjK_yqjD_yqjC_predicted,5.636363636363637,71,10,TTAGGACAGGCAGTAACACT,61,5195473
yqjE_yqjK_yqjD_yqjC_predicted,2.090909090909091,32,10,TTAGCACTCAATTGTCGCGT,22,5206299
yqjE_yqjK_yqjD_yqjC_predicted,45.09090909090909,505,10,TTAGATAGCAGCATCGTAGA,495,5233802
yqjE_yqjK_yqjD_yqjC_predicted,9.272727272727273,111,10,TTACTTTGCGTTCAACAAGC,101,5253333
yqjE_yqjK_yqjD_yqjC_predicted,5.636363636363637,71,10,TTACGCCGGGCAGCAGGACG,61,5236077
yqjE_yqjK_yqjD_yqjC_predicted,2.090909090909091,32,10,TTACACAAGATTAAGGGCTG,22,5239445
yqjE_yqjK_yqjD_yqjC_predicted,5.636363636363637,71,10,TTAATTTTATTGTTACTGAG,61,5226040
yqjE_yqjK_yqjD_yqjC_predicted,2.727272727272727,39,10,TTAAGGCTACACCAACCAAG,29,5219219
yqjE_yqjK_yqjD_yqjC_predicted,0.9090909090909091,19,10,TTAACGCCGGGCAACCCATT,9,5218969
yqjE_yqjK_yqjD_yqjC_predicted,1.5454545454545454,26,10,TGTGAGCGACGAAGTCACGA,16,5215782
yqjE_yqjK_yqjD_yqjC_predicted,46.36363636363637,519,10,TGTGACATAGGTCTGTTTGC,509,5233806
yqjE_yqjK_yqjD_yqjC_predicted,2.5454545454545454,37,10,TGTCATTCGAGTTGCCGCCT,27,5230013
yqjE_yqjK_yqjD_yqjC_predicted,6.545454545454546,81,10,TGTATCTCCAGGAAAGTCCT,71,5199028
yqjE_yqjK_yqjD_yqjC_predicted,3.727272727272727,50,10,TGGTCACGACCACGGCGCTC,40,5180779
yqjE_yqjK_yqjD_yqjC_predicted,1.8181818181818181,29,10,TGGTAAGTCAGCAGCGTTTA,19,5247332
yqjE_yqjK_yqjD_yqjC_predicted,1.6363636363636365,27,10,TGGGCGTTCTAAGATAGCTT,17,5242223
yqjE_yqjK_yqjD_yqjC_predicted,2.090909090909091,32,10,TGGGATCCAATTGTTATACG,22,5215632
yqjE_yqjK_yqjD_yqjC_predicted,2.4545454545454546,36,10,TGGGAAAGTAGAAGGGTAAT,26,5262154
yqjE_yqjK_yqjD_yqjC_predicted,0.7272727272727273,17,10,TGGAGTGTGAAAAATGTTTT,7,5182958
yqjE_yqjK_yqjD_yqjC_predicted,1.1818181818181819,22,10,TGGAGTGCGATCTGAGCATC,12,5196997
yqjE_yqjK_yqjD_yqjC_predicted,1.6363636363636365,27,10,TGCCGGAAACGTGTCGGACC,17,5254985
yqjE_yqjK_yqjD_yqjC_predicted,0.7272727272727273,17,10,TGCATTCCAAACCTCCACCA,7,5244527
yqjE_yqjK_yqjD_yqjC_predicted,0.18181818181818182,11,10,TGCATCGTACTTATTAAGAA,1,5195572
yqjE_yqjK_yqjD_yqjC_predicted,4.181818181818182,55,10,TGCAGTGCACCTCATGTTCT,45,5254493
yqjE_yqjK_yqjD_yqjC_predicted,3.0,42,10,TGCAAGTTTCGAACGTAAGT,32,5218404
yqjE_yqjK_yqjD_yqjC_predicted,1.0909090909090908,21,10,TGATGGGGGAACAGTAACAG,11,5258924
yqjE_yqjK_yqjD_yqjC_predicted,5.0,64,10,TGATAAGAGGGTTCCTGCTC,54,5177450
yqjE_yqjK_yqjD_yqjC_predicted,0.9090909090909091,19,10,TGAGCGTCCAGTCCTTTAGG,9,5262553
yqjE_yqjK_yqjD_yqjC_predicted,7.454545454545454,91,10,TGAGAGAACACGTCACGTTG,81,5182086
yqjE_yqjK_yqjD_yqjC_predicted,2.727272727272727,39,10,TGACTTGGCGCGGGGACTGA,29,5251508
yqjE_yqjK_yqjD_yqjC_predicted,1.9090909090909092,30,10,TGACTGTAGCCATGTGACGG,20,5244066
yqjE_yqjK_yqjD_yqjC_predicted,9.636363636363637,115,10,TGACCTAATAGCGGTAATTT,105,5218899
yqjE_yqjK_yqjD_yqjC_predicted,0.9090909090909091,19,10,TGACATGGCCGCGGTTGAAC,9,5239694
yqjE_yqjK_yqjD_yqjC_predicted,0.8181818181818182,18,10,TGAAGCTCTGTAATCCATGG,8,5173016
yqjE_yqjK_yqjD_yqjC_predicted,1.0909090909090908,21,10,TGAAGATCCGGCGCTGGCCC,11,5218115
yqjE_yqjK_yqjD_yqjC_predicted,10.363636363636363,123,10,TCTTTAGAGACCGTGCTACA,113,5185369
yqjE_yqjK_yqjD_yqjC_predicted,2.4545454545454546,36,10,TCTGTAGGCTCCGATGCCTC,26,5232719
yqjE_yqjK_yqjD_yqjC_predicted,1.8181818181818181,29,10,TCTGCATCACATGTGAGATT,19,5220113
yqjE_yqjK_yqjD_yqjC_predicted,6.363636363636363,79,10,TCTGCAGTCGATACCACGAC,69,5198189
yqjE_yqjK_yqjD_yqjC_predicted,2.8181818181818183,40,10,TCTATCGGGGGCTAGACGTA,30,5217785
yqjE_yqjK_yqjD_yqjC_predicted,9.181818181818182,110,10,TCGTGACCTATTTTTATCGC,100,5189155
yqjE_yqjK_yqjD_yqjC_predicted,2.1818181818181817,33,10,TCGGTGGGAGGTTACCGTTC,23,5189363
yqjE_yqjK_yqjD_yqjC_predicted,0.18181818181818182,11,10,TCGGGAGAAGATGTTGTTCA,1,5256573
yqjE_yqjK_yqjD_yqjC_predicted,3.727272727272727,50,10,TCGCTCAACTGGAGTCCTCA,40,5207188
yqjE_yqjK_yqjD_yqjC_predicted,2.3636363636363638,35,10,TCGCTATACCAAACAGATAC,25,5180101
yqjE_yqjK_yqjD_yqjC_predicted,2.1818181818181817,33,10,TCGAAAGTTTGTGTTTCGTA,23,5207614
yqjE_yqjK_yqjD_yqjC_predicted,1.1818181818181819,22,10,TCCTTTCCATGAGATGAATT,12,5171377
yqjE_yqjK_yqjD_yqjC_predicted,3.727272727272727,50,10,TCCGCGCGGCCCTATTCCGA,40,5202258
yqjE_yqjK_yqjD_yqjC_predicted,0.18181818181818182,11,10,TCCACACAGTGAGCGACAAG,1,5236027
yqjE_yqjK_yqjD_yqjC_predicted,0.18181818181818182,11,10,TCATTGGTAGAACTTCGATC,1,5241475
yqjE_yqjK_yqjD_yqjC_predicted,11.363636363636363,134,10,TCAGGCTTTCAAATCTCAGA,124,5181384
yqjE_yqjK_yqjD_yqjC_predicted,2.727272727272727,39,10,TCACTCTCAGACCGCGCTGA,29,5227046
yqjE_yqjK_yqjD_yqjC_predicted,6.2727272727272725,78,10,TCACGTCCGTCTTATATGAG,68,5234033
yqjE_yqjK_yqjD_yqjC_predicted,3.0,42,10,TCAACTGACATAATGTTATT,32,5240357
yqjE_yqjK_yqjD_yqjC_predicted,0.18181818181818182,11,10,TCAACCCTCAATGTCGTTCT,1,5249757
yqjE_yqjK_yqjD_yqjC_predicted,6.818181818181818,84,10,TATGGATTGCACGCCTCCCA,74,5200239
yqjE_yqjK_yqjD_yqjC_predicted,1.5454545454545454,26,10,TATGCAGGGCCGAGGCGATG,16,5211885
yqjE_yqjK_yqjD_yqjC_predicted,3.1818181818181817,44,10,TATGCAACCCTGGAGCAAGG,34,5200288
yqjE_yqjK_yqjD_yqjC_predicted,3.0,42,10,TATCTCTTGCAGACGCGATG,32,5178760
yqjE_yqjK_yqjD_yqjC_predicted,0.45454545454545453,14,10,TATCACGAGAGCTGCGTCGG,4,5251572
yqjE_yqjK_yqjD_yqjC_predicted,0.7272727272727273,17,10,TATACTGGACGCCCTTTTGC,7,5196728
yqjE_yqjK_yqjD_yqjC_predicted,3.6363636363636362,49,10,TATACCGGAGACGTCCGCTC,39,5240978
yqjE_yqjK_yqjD_yqjC_predicted,3.090909090909091,43,10,TAGGTGTTTTTCCTACGTAC,33,5207886
yqjE_yqjK_yqjD_yqjC_predicted,1.6363636363636365,27,10,TAGGGTCCAGGTGATCTACA,17,5245288
yqjE_yqjK_yqjD_yqjC_predicted,9.909090909090908,118,10,TAGCTTTTATTTCCAAAAAT,108,5185383
yqjE_yqjK_yqjD_yqjC_predicted,0.18181818181818182,11,10,TAGCGGGTTTAACCATGAGT,1,5205674
yqjE_yqjK_yqjD_yqjC_predicted,0.5454545454545454,15,10,TAGCATGAACTTCGAGTGTC,5,5216988
yqjE_yqjK_yqjD_yqjC_predicted,2.6363636363636362,38,10,TAGACTAGGTGGATAATGAG,28,5182066
yqjE_yqjK_yqjD_yqjC_predicted,3.8181818181818183,51,10,TACGGATAGCTTATAGTGCT,41,5172946
yqjE_yqjK_yqjD_yqjC_predicted,0.18181818181818182,11,10,TACGCGGATAGTTTATCACA,1,5189365
yqjE_yqjK_yqjD_yqjC_predicted,2.272727272727273,34,10,TACCGAATAAGTTCCACGAC,24,5185773
yqjE_yqjK_yqjD_yqjC_predicted,5.090909090909091,65,10,TACATTGTGTTTGACACTAT,55,5182645
yqjE_yqjK_yqjD_yqjC_predicted,0.6363636363636364,16,10,TACATCTGAGCAAGCTAATC,6,5208951
yqjE_yqjK_yqjD_yqjC_predicted,3.4545454545454546,47,10,TAATTTAGCCGATCTTGATT,37,5198209
yqjE_yqjK_yqjD_yqjC_predicted,2.3636363636363638,35,10,TAATGCATACAATGCGGGAA,25,5251510
yqjE_yqjK_yqjD_yqjC_predicted,3.5454545454545454,48,10,TAATAAGAACGGAAGGAGAT,38,5198247
yqjE_yqjK_yqjD_yqjC_predicted,5.181818181818182,66,10,TAAGCGCCGCATGTTCGTAA,56,5215449
yqjE_yqjK_yqjD_yqjC_predicted,2.272727272727273,34,10,TAAGACGCGCGTACGGGCCT,24,5244313
yqjE_yqjK_yqjD_yqjC_predicted,6.363636363636363,79,10,TAACGCGGAGATCTGGCTTA,69,5246285
yqjE_yqjK_yqjD_yqjC_predicted,1.7272727272727273,28,10,TAAAGTACGTTCATACATCA,18,5228077
yqjE_yqjK_yqjD_yqjC_predicted,4.0,53,10,TAAAGAATACGTCCTGTAGG,43,5217312
yqjE_yqjK_yqjD_yqjC_predicted,2.4545454545454546,36,10,GTTTTGTAGATGGCTTCGGA,26,5178075
yqjE_yqjK_yqjD_yqjC_predicted,2.3636363636363638,35,10,GTTTTGGTTACGTTCGTGGT,25,5187350
yqjE_yqjK_yqjD_yqjC_predicted,1.2727272727272727,23,10,GTTTCCGTCGCCTACGCTTC,13,5188997
yqjE_yqjK_yqjD_yqjC_predicted,1.6363636363636365,27,10,GTTGTGGGGGACGTTGCCCC,17,5191812
yqjE_yqjK_yqjD_yqjC_predicted,1.5454545454545454,26,10,GTTCCACTTAAATTCCCTCT,16,5173616
yqjE_yqjK_yqjD_yqjC_predicted,1.9090909090909092,30,10,GTTATATTAGGATTTGAGTA,20,5223764
yqjE_yqjK_yqjD_yqjC_predicted,0.18181818181818182,11,10,GTTACCGGTCTATCATTTCA,1,5258942
yqjE_yqjK_yqjD_yqjC_predicted,3.5454545454545454,48,10,GTGTTTACCAATCAGATGCT,38,5187189
yqjE_yqjK_yqjD_yqjC_predicted,2.727272727272727,39,10,GTGTGGTCGGGATGGTGATA,29,5260919
yqjE_yqjK_yqjD_yqjC_predicted,0.8181818181818182,18,10,GTGTCGAGCACAATTTTAGA,8,5259439
yqjE_yqjK_yqjD_yqjC_predicted,0.2727272727272727,12,10,GTGTAGTTATCATCGTAGGT,2,5218287
yqjE_yqjK_yqjD_yqjC_predicted,32.63636363636363,368,10,GTGCTCTCATCGTATAAAAA,358,5238774
yqjE_yqjK_yqjD_yqjC_predicted,11.272727272727273,133,10,GTGCACTGGCGTATAATCCT,123,5186648
yqjE_yqjK_yqjD_yqjC_predicted,2.4545454545454546,36,10,GTCTCATGGCCCTCCAAGGC,26,5241842
yqjE_yqjK_yqjD_yqjC_predicted,0.18181818181818182,11,10,GTCTAGAAACTGGAGCTTCT,1,5185192
yqjE_yqjK_yqjD_yqjC_predicted,4.2727272727272725,56,10,GTCCGGCTTAAGCTTTAGAC,46,5233872
yqjE_yqjK_yqjD_yqjC_predicted,9.636363636363637,115,10,GTCCCTCTGCCCATATGTAA,105,5230748
yqjE_yqjK_yqjD_yqjC_predicted,2.727272727272727,39,10,GTCAATCAGATAAGCTGCGA,29,5229847
yqjE_yqjK_yqjD_yqjC_predicted,1.6363636363636365,27,10,GTATGGGGTCGTCTGTAGCG,17,5186086
yqjE_yqjK_yqjD_yqjC_predicted,2.272727272727273,34,10,GTATGCTACGACGGTACGCA,24,5191706
yqjE_yqjK_yqjD_yqjC_predicted,14.636363636363637,170,10,GTAGTGTTTGCCCGTCACTT,160,5218397
yqjE_yqjK_yqjD_yqjC_predicted,2.727272727272727,39,10,GTACATAGGCCGGTACCAGA,29,5199467
yqjE_yqjK_yqjD_yqjC_predicted,3.4545454545454546,47,10,GTACACGACTGCCCACGTGA,37,5174771
yqjE_yqjK_yqjD_yqjC_predicted,7.454545454545454,91,10,GTAAGATCGGTGTGGGTATG,81,5195070
yqjE_yqjK_yqjD_yqjC_predicted,2.5454545454545454,37,10,GGTCTTGTATCTACCTAATA,27,5213638
yqjE_yqjK_yqjD_yqjC_predicted,2.0,31,10,GGTCGGCCGAAAAACTCGCT,21,5260233
yqjE_yqjK_yqjD_yqjC_predicted,0.8181818181818182,18,10,GGTATTACCCCCTTGGTGCT,8,5230850
yqjE_yqjK_yqjD_yqjC_predicted,2.3636363636363638,35,10,GGTACTAGCTAGCCTTACGA,25,5251909
yqjE_yqjK_yqjD_yqjC_predicted,0.45454545454545453,14,10,GGTAATCGCCTGACGGGTGC,4,5245063
yqjE_yqjK_yqjD_yqjC_predicted,5.636363636363637,71,10,GGGTGGCGCCCTTCAGGACT,61,5240875
yqjE_yqjK_yqjD_yqjC_predicted,1.0909090909090908,21,10,GGGTATTTTCTGATAGGCTG,11,5190860
yqjE_yqjK_yqjD_yqjC_predicted,17.636363636363637,203,10,GGGTAAGTCATGACAAACAA,193,5247560
yqjE_yqjK_yqjD_yqjC_predicted,1.4545454545454546,25,10,GGGTAAGTAGGCAAAACATT,15,5211985
yqjE_yqjK_yqjD_yqjC_predicted,0.8181818181818182,18,10,GGGGGGAATATCGTCGGCGT,8,5219559
yqjE_yqjK_yqjD_yqjC_predicted,12.909090909090908,151,10,GGGCGTCACCAGGGTTCAGG,141,5247861
yqjE_yqjK_yqjD_yqjC_predicted,5.909090909090909,74,10,GGGCGGACACTGGTTTCGGA,64,5178412
yqjE_yqjK_yqjD_yqjC_predicted,3.8181818181818183,51,10,GGGCAGAACGGCAGAAAGAA,41,5206999
yqjE_yqjK_yqjD_yqjC_predicted,5.090909090909091,65,10,GGGAAACGTAGTCTCGCGCG,55,5193774
yqjE_yqjK_yqjD_yqjC_predicted,5.363636363636363,68,10,GGCTGTAGAGTCAGCACCGA,58,5200244
yqjE_yqjK_yqjD_yqjC_predicted,0.18181818181818182,11,10,GGCTAGCCATCATAGGAGGC,1,5177945
yqjE_yqjK_yqjD_yqjC_predicted,0.18181818181818182,11,10,GGCCGAAGTCCGAACATTTC,1,5250410
yqjE_yqjK_yqjD_yqjC_predicted,30.636363636363637,346,10,GGCATGTGTGGAGCGTCATA,336,5197243
yqjE_yqjK_yqjD_yqjC_predicted,1.0,20,10,GGATGCTCTTAGCACCTAAT,10,5190125
yqjE_yqjK_yqjD_yqjC_predicted,0.9090909090909091,19,10,GGAGCTATGAAACGGTGCAA,9,5180683
yqjE_yqjK_yqjD_yqjC_predicted,0.2727272727272727,12,10,GGACTTCACGCGTGTTTAAA,2,5243041
yqjE_yqjK_yqjD_yqjC_predicted,9.818181818181818,117,10,GGACGTAAGTAAGTCTAATA,107,5185392
yqjE_yqjK_yqjD_yqjC_predicted,5.363636363636363,68,10,GGACGGCATGCATATTCATC,58,5243168
yqjE_yqjK_yqjD_yqjC_predicted,3.4545454545454546,47,10,GGAATGCTACCGTCCTCCTA,37,5201417
yqjE_yqjK_yqjD_yqjC_predicted,1.0,20,10,GGAACGTTAAAGTCTAGCCA,10,5212865
yqjE_yqjK_yqjD_yqjC_predicted,6.545454545454546,81,10,GCTTGACTACTGTACATGGA,71,5204104
yqjE_yqjK_yqjD_yqjC_predicted,10.818181818181818,128,10,GCTGGATACATAACTGCTGA,118,5177841
yqjE_yqjK_yqjD_yqjC_predicted,4.545454545454546,59,10,GCTGAATTTGTAGGGCTAAA,49,5247600
yqjE_yqjK_yqjD_yqjC_predicted,0.18181818181818182,11,10,GCTACAAGGTGAGTCCCGTA,1,5259315
yqjE_yqjK_yqjD_yqjC_predicted,3.4545454545454546,47,10,GCGTGAGTGGGCTGATTGCC,37,5262828
yqjE_yqjK_yqjD_yqjC_predicted,1.9090909090909092,30,10,GCGCCTTAAGAGATCCTCGC,20,5245803
yqjE_yqjK_yqjD_yqjC_predicted,1.5454545454545454,26,10,GCGCAGGGTCAGGTATTATT,16,5219661
yqjE_yqjK_yqjD_yqjC_predicted,3.5454545454545454,48,10,GCGATACGTTAGATTTGCAA,38,5211383
yqjE_yqjK_yqjD_yqjC_predicted,2.727272727272727,39,10,GCGAGGGGTTGGCGTTGCGC,29,5219662
yqjE_yqjK_yqjD_yqjC_predicted,5.909090909090909,74,10,GCCTCCGCTTGCCAAATTCA,64,5197926
yqjE_yqjK_yqjD_yqjC_predicted,1.5454545454545454,26,10,GCCCTCGATTAACTCGAAAG,16,5246361
yqjE_yqjK_yqjD_yqjC_predicted,0.2727272727272727,12,10,GCCCGTTTTGACTTTTAAGA,2,5242803
yqjE_yqjK_yqjD_yqjC_predicted,45.27272727272727,507,10,GCCATTGGAGTCAAAGGGAA,497,5232631
yqjE_yqjK_yqjD_yqjC_predicted,0.5454545454545454,15,10,GCCAATTCACCTGGGGAGGA,5,5261403
yqjE_yqjK_yqjD_yqjC_predicted,5.909090909090909,74,10,GCATGCCTTCAAACCTGAGG,64,5226514
yqjE_yqjK_yqjD_yqjC_predicted,0.45454545454545453,14,10,GCAGCGCTCACGAATAAGAA,4,5259234
yqjE_yqjK_yqjD_yqjC_predicted,2.727272727272727,39,10,GCACTGGACCTCTGATTTCG,29,5220094
yqjE_yqjK_yqjD_yqjC_predicted,5.545454545454546,70,10,GATTAGGGAGTCTGGCACAG,60,5243293
yqjE_yqjK_yqjD_yqjC_predicted,2.909090909090909,41,10,GATTAGGCCCTAAACCGATA,31,5257537
yqjE_yqjK_yqjD_yqjC_predicted,3.090909090909091,43,10,GATGGCGCTCTATAGGTCCT,33,5177187
yqjE_yqjK_yqjD_yqjC_predicted,3.4545454545454546,47,10,GATCCTGTTCGATGAATTGT,37,5174640
yqjE_yqjK_yqjD_yqjC_predicted,1.7272727272727273,28,10,GATCCGCCGGTGGTGGACGG,18,5239865
yqjE_yqjK_yqjD_yqjC_predicted,2.1818181818181817,33,10,GATCAATTCGATCAACCGCT,23,5210625
yqjE_yqjK_yqjD_yqjC_predicted,2.6363636363636362,38,10,GATCAAGGTGAGCGACGGAA,28,5238005
yqjE_yqjK_yqjD_yqjC_predicted,0.18181818181818182,11,10,GATACGCCGTATAAGATCTG,1,5251611
yqjE_yqjK_yqjD_yqjC_predicted,0.45454545454545453,14,10,GAGTGAAGAGCCGAGCGCTT,4,5251104
yqjE_yqjK_yqjD_yqjC_predicted,2.727272727272727,39,10,GAGGTGGCCGTGAAAGTGGC,29,5221303
yqjE_yqjK_yqjD_yqjC_predicted,5.2727272727272725,67,10,GAGGTCCACCTCATATCAAA,57,5195623
yqjE_yqjK_yqjD_yqjC_predicted,0.18181818181818182,11,10,GAGGGCTATTGAATAACTCT,1,5242096
yqjE_yqjK_yqjD_yqjC_predicted,15.636363636363637,181,10,GACTGTTGACTTAGGGGCTT,171,5234360
yqjE_yqjK_yqjD_yqjC_predicted,3.6363636363636362,49,10,GACTGGGAATCGCCAATAGC,39,5243355
yqjE_yqjK_yqjD_yqjC_predicted,0.2727272727272727,12,10,GACTGCTGCTTGCGTATTGC,2,5223573
yqjE_yqjK_yqjD_yqjC_predicted,9.090909090909092,109,10,GACGAGCGCTGATGAGGGCA,99,5241153
yqjE_yqjK_yqjD_yqjC_predicted,2.4545454545454546,36,10,GACGACCAATGTGAGCCCGG,26,5220504
yqjE_yqjK_yqjD_yqjC_predicted,3.727272727272727,50,10,GACATTGTGCAGCAAGGTCG,40,5224355
yqjE_yqjK_yqjD_yqjC_predicted,3.3636363636363638,46,10,GACATCGCTCATGACAGATG,36,5191237
yqjE_yqjK_yqjD_yqjC_predicted,3.4545454545454546,47,10,GACACGACTGTGCGAACGGC,37,5200947
yqjE_yqjK_yqjD_yqjC_predicted,1.6363636363636365,27,10,GAAGTTAGATGGCAACGAAA,17,5225939
yqjE_yqjK_yqjD_yqjC_predicted,1.5454545454545454,26,10,GAAGCTGGTTCGTTATAAGC,16,5236460
yqjE_yqjK_yqjD_yqjC_predicted,2.272727272727273,34,10,GAAGCGGCTTGTATTGTACA,24,5189331
yqjE_yqjK_yqjD_yqjC_predicted,0.18181818181818182,11,10,GAAGAGTGGATGGAAAACGA,1,5216224
yqjE_yqjK_yqjD_yqjC_predicted,1.7272727272727273,28,10,GAACTCGTGTTTGAGCAAAT,18,5208926
yqjE_yqjK_yqjD_yqjC_predicted,2.272727272727273,34,10,CTTGGTTTCATAAGGGCCGT,24,5207209
yqjE_yqjK_yqjD_yqjC_predicted,4.0,53,10,CTTGAAGTGAGTGGGGCGAT,43,5262603
yqjE_yqjK_yqjD_yqjC_predicted,1.7272727272727273,28,10,CTTCGTACACAGCCTGAACG,18,5218578
yqjE_yqjK_yqjD_yqjC_predicted,0.8181818181818182,18,10,CTTCCCACACTTTTCCTTGT,8,5221018
yqjE_yqjK_yqjD_yqjC_predicted,3.8181818181818183,51,10,CTTCCACATGGGTTTGCAGG,41,5213739
yqjE_yqjK_yqjD_yqjC_predicted,0.18181818181818182,11,10,CTTATCAACCCCAATATCTT,1,5196308
yqjE_yqjK_yqjD_yqjC_predicted,2.4545454545454546,36,10,CTGTCCGGGTTTGGGCCTGC,26,5211871
yqjE_yqjK_yqjD_yqjC_predicted,4.7272727272727275,61,10,CTGTAGCAATTCTGAGCGTG,51,5212464
yqjE_yqjK_yqjD_yqjC_predicted,2.909090909090909,41,10,CTGGTCGTGATCTCATGGAT,31,5191008
yqjE_yqjK_yqjD_yqjC_predicted,1.1818181818181819,22,10,CTGGGGTTCACGAATGGGTG,12,5201522
yqjE_yqjK_yqjD_yqjC_predicted,0.45454545454545453,14,10,CTGGGGGTGTTTTAAGGATA,4,5196590
yqjE_yqjK_yqjD_yqjC_predicted,6.909090909090909,85,10,CTGGCCGGGTGAACTCCCAA,75,5200232
yqjE_yqjK_yqjD_yqjC_predicted,2.6363636363636362,38,10,CTGGCAATAAAGGTCTCCTA,28,5189970
yqjE_yqjK_yqjD_yqjC_predicted,1.9090909090909092,30,10,CTGGAATTGAGATACATTGA,20,5254504
yqjE_yqjK_yqjD_yqjC_predicted,2.6363636363636362,38,10,CTGGAATGAACCATTAAGGG,28,5204771
yqjE_yqjK_yqjD_yqjC_predicted,2.6363636363636362,38,10,CTGCCGTAAACAGCAAATTA,28,5236082
yqjE_yqjK_yqjD_yqjC_predicted,1.9090909090909092,30,10,CTGCCATTGGTATGGGGTAC,20,5243638
yqjE_yqjK_yqjD_yqjC_predicted,4.363636363636363,57,10,CTGATCTCGCGCTAGGCCAC,47,5251818
yqjE_yqjK_yqjD_yqjC_predicted,0.18181818181818182,11,10,CTGAGTCATTCTAGTCCCAT,1,5229833
yqjE_yqjK_yqjD_yqjC_predicted,3.909090909090909,52,10,CTGAGATCAGTAAAGAATCG,42,5249042
yqjE_yqjK_yqjD_yqjC_predicted,3.1818181818181817,44,10,CTCTTTTGACCACATAGCGT,34,5187700
yqjE_yqjK_yqjD_yqjC_predicted,2.4545454545454546,36,10,CTCGTTCCATCCACCAGATT,26,5260807
yqjE_yqjK_yqjD_yqjC_predicted,2.4545454545454546,36,10,CTCGGTTCTCACCGGGAATA,26,5255033
yqjE_yqjK_yqjD_yqjC_predicted,14.272727272727273,166,10,CTCAAATTACGCCTTCGTCT,156,5212338
yqjE_yqjK_yqjD_yqjC_predicted,2.3636363636363638,35,10,CTATTCACGGCGAGCGTGCA,25,5213232
yqjE_yqjK_yqjD_yqjC_predicted,6.636363636363637,82,10,CTATCGATGGTTCAGTCAGA,72,5234797
yqjE_yqjK_yqjD_yqjC_predicted,5.636363636363637,71,10,CTATCAACGTCGTTTGTCCC,61,5180930
yqjE_yqjK_yqjD_yqjC_predicted,0.18181818181818182,11,10,CTAGAGGTTGTACGAGAAGG,1,5198330
yqjE_yqjK_yqjD_yqjC_predicted,9.454545454545455,113,10,CTACCGATTTACAAACGCGC,103,5229484
yqjE_yqjK_yqjD_yqjC_predicted,1.5454545454545454,26,10,CTACAACAGGGCCTTGTGGT,16,5195340
yqjE_yqjK_yqjD_yqjC_predicted,6.454545454545454,80,10,CTAAGCGGGGTAGCACACGT,70,5183019
yqjE_yqjK_yqjD_yqjC_predicted,11.0,130,10,CTAAATTTTTCTACGACCGG,120,5230167
yqjE_yqjK_yqjD_yqjC_predicted,2.0,31,10,CGTTAAGTGAGTTCAAACGC,21,5173288
yqjE_yqjK_yqjD_yqjC_predicted,13.727272727272727,160,10,CGTCATGCCATGGAGGTTTA,150,5208084
yqjE_yqjK_yqjD_yqjC_predicted,0.9090909090909091,19,10,CGTAGGGTCATGGAGTATCT,9,5192162
yqjE_yqjK_yqjD_yqjC_predicted,3.909090909090909,52,10,CGGTCTACGCAGAACCGCGT,42,5206798
yqjE_yqjK_yqjD_yqjC_predicted,0.36363636363636365,13,10,CGGGTCGCATGTTAGCCTTA,3,5229905
yqjE_yqjK_yqjD_yqjC_predicted,0.6363636363636364,16,10,CGGCTGTCACCGGGTTCGCT,6,5203679
yqjE_yqjK_yqjD_yqjC_predicted,0.2727272727272727,12,10,CGGCTCCTACGCATATGTTT,2,5182569
yqjE_yqjK_yqjD_yqjC_predicted,7.181818181818182,88,10,CGGCCTTGCCACTGGCCGCA,78,5205551
yqjE_yqjK_yqjD_yqjC_predicted,0.9090909090909091,19,10,CGGCACACGCTATCGAGCCT,9,5171945
yqjE_yqjK_yqjD_yqjC_predicted,1.1818181818181819,22,10,CGGCAACGCTAGAGTCAGGA,12,5176948
yqjE_yqjK_yqjD_yqjC_predicted,7.636363636363637,93,10,CGGACCTGATGGCAAGCGAT,83,5218761
yqjE_yqjK_yqjD_yqjC_predicted,1.0909090909090908,21,10,CGCTGTCTAGACAGACCAGG,11,5177236
yqjE_yqjK_yqjD_yqjC_predicted,1.3636363636363635,24,10,CGCCTAATGCACCATGGCGA,14,5232746
yqjE_yqjK_yqjD_yqjC_predicted,1.8181818181818181,29,10,CGCCGGTCGCTGCTTGGCGA,19,5174931
yqjE_yqjK_yqjD_yqjC_predicted,1.9090909090909092,30,10,CGCCGAAATCAATCAGGACC,20,5175944
yqjE_yqjK_yqjD_yqjC_predicted,2.8181818181818183,40,10,CGATGGCGAAAACTGTCCAT,30,5236273
yqjE_yqjK_yqjD_yqjC_predicted,0.9090909090909091,19,10,CGATAATTATTGTGCTTGGG,9,5196714
yqjE_yqjK_yqjD_yqjC_predicted,0.18181818181818182,11,10,CGAGTTAGTGTAGATTGGTA,1,5249067
yqjE_yqjK_yqjD_yqjC_predicted,3.1818181818181817,44,10,CGAGGAGATTTGTCCTATTG,34,5208575
yqjE_yqjK_yqjD_yqjC_predicted,2.5454545454545454,37,10,CGAGAAAGGAACAACCCAAC,27,5211141
yqjE_yqjK_yqjD_yqjC_predicted,1.4545454545454546,25,10,CGACTGCGCTGCAGGAGCTC,15,5227949
yqjE_yqjK_yqjD_yqjC_predicted,45.0,504,10,CGAAGGAGCCGACACCTGCC,494,5191923
yqjE_yqjK_yqjD_yqjC_predicted,2.272727272727273,34,10,CGAACCAGCACGACCTCGTC,24,5244140
yqjE_yqjK_yqjD_yqjC_predicted,5.454545454545454,69,10,CCTTTTTCCGTCGTCCCTAG,59,5210455
yqjE_yqjK_yqjD_yqjC_predicted,0.36363636363636365,13,10,CCTTGCTCGCGTTGTAGGTG,3,5214733
yqjE_yqjK_yqjD_yqjC_predicted,2.3636363636363638,35,10,CCTTGCAATCTGGTAGACGG,25,5205885
yqjE_yqjK_yqjD_yqjC_predicted,1.7272727272727273,28,10,CCTTGAATTTCGCTCACTTA,18,5244523
yqjE_yqjK_yqjD_yqjC_predicted,2.0,31,10,CCTTGAAACTAACGTGAGCT,21,5189127
yqjE_yqjK_yqjD_yqjC_predicted,2.3636363636363638,35,10,CCTGTCGTTAAACGTTCTGG,25,5217407
yqjE_yqjK_yqjD_yqjC_predicted,4.2727272727272725,56,10,CCTGTAGTATCGTCGGGATT,46,5255530
yqjE_yqjK_yqjD_yqjC_predicted,13.454545454545455,157,10,CCTCTGGGGCTACTCATAGC,147,5191705
yqjE_yqjK_yqjD_yqjC_predicted,7.454545454545454,91,10,CCTCTCCATTTCCTCAAACA,81,5205128
yqjE_yqjK_yqjD_yqjC_predicted,7.454545454545454,91,10,CCTCAGGTCAAGTCTTGATA,81,5245882
yqjE_yqjK_yqjD_yqjC_predicted,2.1818181818181817,33,10,CCTATTTAAAGTGACCATGG,23,5261683
yqjE_yqjK_yqjD_yqjC_predicted,2.090909090909091,32,10,CCTATCCTTGGGGCTATAGT,22,5239229
yqjE_yqjK_yqjD_yqjC_predicted,14.0,163,10,CCTAGGACCACTCCGACGTT,153,5239487
yqjE_yqjK_yqjD_yqjC_predicted,2.8181818181818183,40,10,CCGTGGCAACGTTTGTCCAT,30,5262459
yqjE_yqjK_yqjD_yqjC_predicted,1.8181818181818181,29,10,CCGTGACACGATCGTAGTTG,19,5234480
yqjE_yqjK_yqjD_yqjC_predicted,2.090909090909091,32,10,CCGTCTCCAGTACGAGTGGA,22,5220261
yqjE_yqjK_yqjD_yqjC_predicted,0.18181818181818182,11,10,CCGTAATTACGCGGGTGCCA,1,5181561
yqjE_yqjK_yqjD_yqjC_predicted,1.9090909090909092,30,10,CCGGCCGCCCCGGTTCGAGT,20,5211685
yqjE_yqjK_yqjD_yqjC_predicted,2.1818181818181817,33,10,CCGCGTGGGTGGTGCCTAGA,23,5172486
yqjE_yqjK_yqjD_yqjC_predicted,2.6363636363636362,38,10,CCGCCCTGATCGTGCATCTG,28,5232924
yqjE_yqjK_yqjD_yqjC_predicted,3.4545454545454546,47,10,CCCGTGATGAAACGAAGCCC,37,5184542
yqjE_yqjK_yqjD_yqjC_predicted,4.7272727272727275,61,10,CCCGACTACGCGCGTTCGTT,51,5236067
yqjE_yqjK_yqjD_yqjC_predicted,0.18181818181818182,11,10,CCCGACCCGTATACGTACAC,1,5254557
yqjE_yqjK_yqjD_yqjC_predicted,4.2727272727272725,56,10,CCCACAGTTTTACGTCATTG,46,5229684
yqjE_yqjK_yqjD_yqjC_predicted,9.454545454545455,113,10,CCATTAGCTCTTTGCAAGGC,103,5230765
yqjE_yqjK_yqjD_yqjC_predicted,1.9090909090909092,30,10,CCATGTGGACCTGTGGGTCC,20,5176460
yqjE_yqjK_yqjD_yqjC_predicted,14.0,163,10,CCATGAGGTAATCATGGCGA,153,5247765
yqjE_yqjK_yqjD_yqjC_predicted,7.181818181818182,88,10,CCATCGTGCTGCTACCATCA,78,5218389
yqjE_yqjK_yqjD_yqjC_predicted,2.272727272727273,34,10,CCAGTAGTCAGGGTCCGTAG,24,5260370
yqjE_yqjK_yqjD_yqjC_predicted,1.9090909090909092,30,10,CCAGCATTTTACAAGGGATA,20,5170989
yqjE_yqjK_yqjD_yqjC_predicted,4.454545454545454,58,10,CATTGCAATTACCCCGCCAC,48,5188350
yqjE_yqjK_yqjD_yqjC_predicted,4.0,53,10,CATGCTGGAGGCGATCGCTC,43,5226699
yqjE_yqjK_yqjD_yqjC_predicted,0.2727272727272727,12,10,CATGCCTCCCGCTACGGTCA,2,5174647
yqjE_yqjK_yqjD_yqjC_predicted,5.2727272727272725,67,10,CATCTTCATTTGGATTGGAT,57,5177852
yqjE_yqjK_yqjD_yqjC_predicted,2.8181818181818183,40,10,CATCGGATTCTTCGTTGCTC,30,5209881
yqjE_yqjK_yqjD_yqjC_predicted,20.454545454545453,234,10,CAGTTTAAGTACTAATTTCC,224,5202005
yqjE_yqjK_yqjD_yqjC_predicted,0.45454545454545453,14,10,CAGTTATTCCCGAAGAAGGG,4,5219638
yqjE_yqjK_yqjD_yqjC_predicted,0.18181818181818182,11,10,CAGTGCAACTGCACGACATG,1,5187755
yqjE_yqjK_yqjD_yqjC_predicted,5.7272727272727275,72,10,CAGTCGATGGGTTAATATCG,62,5251612
yqjE_yqjK_yqjD_yqjC_predicted,8.727272727272727,105,10,CAGGGCACTGTGCCCCGGAC,95,5253347
yqjE_yqjK_yqjD_yqjC_predicted,1.7272727272727273,28,10,CAGCAAGTGGATTCACATTC,18,5237152
yqjE_yqjK_yqjD_yqjC_predicted,8.545454545454545,103,10,CAGATGGCTAAAACGCCGTA,93,5221608
yqjE_yqjK_yqjD_yqjC_predicted,1.0909090909090908,21,10,CAGAGAGCATTCAACCAACG,11,5262752
yqjE_yqjK_yqjD_yqjC_predicted,3.727272727272727,50,10,CAGACATGCCGCGTACTGGA,40,5235693
yqjE_yqjK_yqjD_yqjC_predicted,0.2727272727272727,12,10,CACTTCCCGGACATAATCAC,2,5229808
yqjE_yqjK_yqjD_yqjC_predicted,1.8181818181818181,29,10,CACGCCGCCCGCCGCCCCTT,19,5228432
yqjE_yqjK_yqjD_yqjC_predicted,13.818181818181818,161,10,CAATGGTCTAAACTGCCCAA,151,5194820
yqjE_yqjK_yqjD_yqjC_predicted,1.4545454545454546,25,10,CAACTACGCATGACATTGAC,15,5255753
yqjE_yqjK_yqjD_yqjC_predicted,3.0,42,10,CAAAGGTGATACCCCCCCTA,32,5199774
yqjE_yqjK_yqjD_yqjC_predicted,4.7272727272727275,61,10,CAAACCGTTGCTAGTGTTCA,51,5171168
yqjE_yqjK_yqjD_yqjC_predicted,13.0,152,10,ATTGTCTTTCATGCCTGGTC,142,5180939
yqjE_yqjK_yqjD_yqjC_predicted,0.36363636363636365,13,10,ATTGCCCACTTCGCCACCCC,3,5255077
yqjE_yqjK_yqjD_yqjC_predicted,0.8181818181818182,18,10,ATTCTTCAGGAGTCCCAAAC,8,5214739
yqjE_yqjK_yqjD_yqjC_predicted,17.90909090909091,206,10,ATTCTATGGCCCGGGAAAGT,196,5234792
yqjE_yqjK_yqjD_yqjC_predicted,1.4545454545454546,25,10,ATTCCCGCCTCGTGTTTGAG,15,5233722
yqjE_yqjK_yqjD_yqjC_predicted,2.4545454545454546,36,10,ATTCATCTCCCTAAGAAGTT,26,5255113
yqjE_yqjK_yqjD_yqjC_predicted,0.18181818181818182,11,10,ATTCAACGGACTTAGGTCCG,1,5203173
yqjE_yqjK_yqjD_yqjC_predicted,2.3636363636363638,35,10,ATTAGACAAATGGACAGAAT,25,5185774
yqjE_yqjK_yqjD_yqjC_predicted,0.18181818181818182,11,10,ATGTAGAGACTAAGCGACAA,1,5205202
yqjE_yqjK_yqjD_yqjC_predicted,3.1818181818181817,44,10,ATGTAAGACGCCACCAAAAT,34,5262585
yqjE_yqjK_yqjD_yqjC_predicted,2.0,31,10,ATGGGTGGTTGCCGCAATAG,21,5207724
yqjE_yqjK_yqjD_yqjC_predicted,0.5454545454545454,15,10,ATGGGAGGTTTCTTTCCGAT,5,5174262
yqjE_yqjK_yqjD_yqjC_predicted,1.3636363636363635,24,10,ATGCCACAAAGCTATCCATC,14,5172015
yqjE_yqjK_yqjD_yqjC_predicted,4.0,53,10,ATGCATTCGGTCCAATACTT,43,5194800
yqjE_yqjK_yqjD_yqjC_predicted,1.9090909090909092,30,10,ATGATGCCACGAGCAGATAA,20,5245304
yqjE_yqjK_yqjD_yqjC_predicted,1.7272727272727273,28,10,ATCTCTAGACTGGAACCGGC,18,5238461
yqjE_yqjK_yqjD_yqjC_predicted,1.3636363636363635,24,10,ATCGGGATAATAGCTCTTTC,14,5183635
yqjE_yqjK_yqjD_yqjC_predicted,4.454545454545454,58,10,ATCCGCAGGGGCCGGGGTAG,48,5258660
yqjE_yqjK_yqjD_yqjC_predicted,2.272727272727273,34,10,ATCAGTAATGAGTTCGGGTA,24,5187850
yqjE_yqjK_yqjD_yqjC_predicted,12.545454545454545,147,10,ATATTTTGACGAGAAAACTT,137,5198388
yqjE_yqjK_yqjD_yqjC_predicted,0.6363636363636364,16,10,ATATCCCGCATCCTTACAAA,6,5262841
yqjE_yqjK_yqjD_yqjC_predicted,2.1818181818181817,33,10,ATAGCGTCCTAGACTTCATC,23,5252004
yqjE_yqjK_yqjD_yqjC_predicted,4.090909090909091,54,10,ATAGCGCTATGCTGTGGTAA,44,5195667
yqjE_yqjK_yqjD_yqjC_predicted,15.363636363636363,178,10,ATAGCCATCGCTAGAGCAGT,168,5247381
yqjE_yqjK_yqjD_yqjC_predicted,0.8181818181818182,18,10,ATAGCAGGGTCTTCCCGCTT,8,5194801
yqjE_yqjK_yqjD_yqjC_predicted,0.18181818181818182,11,10,ATACGCGACTCCACATAGTA,1,5215279
yqjE_yqjK_yqjD_yqjC_predicted,0.5454545454545454,15,10,AGTTGGCTTGGCATATCACT,5,5247808
yqjE_yqjK_yqjD_yqjC_predicted,3.3636363636363638,46,10,AGTTGATGCCAGGTCTTAAC,36,5208979
yqjE_yqjK_yqjD_yqjC_predicted,0.5454545454545454,15,10,AGTTCTGGTCTTACCAAGAA,5,5208240
yqjE_yqjK_yqjD_yqjC_predicted,0.18181818181818182,11,10,AGTGGAACCTTCCCAGCATG,1,5192245
yqjE_yqjK_yqjD_yqjC_predicted,1.0,20,10,AGTGACTGGATTTCCTGGGA,10,5192771
yqjE_yqjK_yqjD_yqjC_predicted,3.727272727272727,50,10,AGTACTCTTATTGTAGAATA,40,5244751
yqjE_yqjK_yqjD_yqjC_predicted,4.2727272727272725,56,10,AGTAAGCATTGTTGTCGTGC,46,5171953
yqjE_yqjK_yqjD_yqjC_predicted,12.818181818181818,150,10,AGGTTAGGAGTCAACTGGCG,140,5191727
yqjE_yqjK_yqjD_yqjC_predicted,2.8181818181818183,40,10,AGGTCAGTTCCAAACCGTAC,30,5232708
yqjE_yqjK_yqjD_yqjC_predicted,6.090909090909091,76,10,AGGGGAAGAACCAAGAGTTG,66,5194624
yqjE_yqjK_yqjD_yqjC_predicted,13.363636363636363,156,10,AGGCTCCAATTGGGTACGTG,146,5189031
yqjE_yqjK_yqjD_yqjC_predicted,1.3636363636363635,24,10,AGGCGGTCTTAATGCTTGTG,14,5233388
yqjE_yqjK_yqjD_yqjC_predicted,2.090909090909091,32,10,AGGCGCACACCCCTACTCGT,22,5235621
yqjE_yqjK_yqjD_yqjC_predicted,2.090909090909091,32,10,AGGAGTCTCCGAGCTCACTG,22,5219030
yqjE_yqjK_yqjD_yqjC_predicted,2.5454545454545454,37,10,AGCTATCGGGACAAAAGAAG,27,5193118
yqjE_yqjK_yqjD_yqjC_predicted,0.18181818181818182,11,10,AGCGCCTCGACGGGTCCGTC,1,5173485
yqjE_yqjK_yqjD_yqjC_predicted,0.36363636363636365,13,10,AGCCTTCGAGGCTTCCTTCT,3,5239731
yqjE_yqjK_yqjD_yqjC_predicted,1.5454545454545454,26,10,AGCCCCTAGAGACGCCTCTA,16,5247797
yqjE_yqjK_yqjD_yqjC_predicted,5.0,64,10,AGATTACACAACGATGCTGT,54,5232450
yqjE_yqjK_yqjD_yqjC_predicted,2.6363636363636362,38,10,AGAGTGATACTCACTTAAGA,28,5253471
yqjE_yqjK_yqjD_yqjC_predicted,2.8181818181818183,40,10,AGAGAACTGGGGGTCCAGCG,30,5259273
yqjE_yqjK_yqjD_yqjC_predicted,1.4545454545454546,25,10,AGACCATAAGATCTGGATGC,15,5174739
yqjE_yqjK_yqjD_yqjC_predicted,3.8181818181818183,51,10,AGAACAATTTGCGGGTTTAA,41,5260629
yqjE_yqjK_yqjD_yqjC_predicted,1.9090909090909092,30,10,ACTGTAATTTGTAGCTTTAG,20,5229832
yqjE_yqjK_yqjD_yqjC_predicted,1.6363636363636365,27,10,ACTGCCCCACCCACAAGTAG,17,5191722
yqjE_yqjK_yqjD_yqjC_predicted,3.0,42,10,ACTCCAGGTTATCGTCGTTT,32,5226509
yqjE_yqjK_yqjD_yqjC_predicted,5.2727272727272725,67,10,ACTACCGACCCGTTTGGTTT,57,5211598
yqjE_yqjK_yqjD_yqjC_predicted,1.4545454545454546,25,10,ACGGCAGAGAGGTCGGATAG,15,5227986
yqjE_yqjK_yqjD_yqjC_predicted,0.5454545454545454,15,10,ACGCTGGTGCGTTTGTAGGG,5,5180139
yqjE_yqjK_yqjD_yqjC_predicted,2.5454545454545454,37,10,ACGCAATCGCGTAGCCCTGG,27,5231535
yqjE_yqjK_yqjD_yqjC_predicted,1.7272727272727273,28,10,ACGATTTTAACCCCAAATGG,18,5247707
yqjE_yqjK_yqjD_yqjC_predicted,12.545454545454545,147,10,ACCTTGGGTCCCATGCGATT,137,5234888
yqjE_yqjK_yqjD_yqjC_predicted,8.363636363636363,101,10,ACCTCCTTCATCCAATGTTT,91,5178925
yqjE_yqjK_yqjD_yqjC_predicted,2.0,31,10,ACCTATCGCCCGCGTTAGGT,21,5201790
yqjE_yqjK_yqjD_yqjC_predicted,1.2727272727272727,23,10,ACCGGGTACAGTAGGTCAAA,13,5192351
yqjE_yqjK_yqjD_yqjC_predicted,2.5454545454545454,37,10,ACCGCTTCTTCGGCGAGCGT,27,5245568
yqjE_yqjK_yqjD_yqjC_predicted,0.45454545454545453,14,10,ACCATTTTGGCTGGCGGTGC,4,5212654
yqjE_yqjK_yqjD_yqjC_predicted,19.0,218,10,ACCAGACACACATCTGCGTC,208,5185976
yqjE_yqjK_yqjD_yqjC_predicted,16.09090909090909,186,10,ACCAAGAAATGCTCCGTTTA,176,5262713
yqjE_yqjK_yqjD_yqjC_predicted,0.8181818181818182,18,10,ACATAAGCTATGTGATCTTA,8,5241948
yqjE_yqjK_yqjD_yqjC_predicted,21.454545454545453,245,10,ACACATAGTGCTGTATGACT,235,5191516
yqjE_yqjK_yqjD_yqjC_predicted,6.818181818181818,84,10,ACAATCCAGTCCAGTCGATT,74,5171482
yqjE_yqjK_yqjD_yqjC_predicted,0.8181818181818182,18,10,AATTATATCCCAAAGTTATG,8,5189014
yqjE_yqjK_yqjD_yqjC_predicted,1.4545454545454546,25,10,AATGGTCTCCCCCCTGAATC,15,5217405
yqjE_yqjK_yqjD_yqjC_predicted,0.9090909090909091,19,10,AATGATCCCTTGTGATGTGA,9,5238283
yqjE_yqjK_yqjD_yqjC_predicted,0.2727272727272727,12,10,AATCGCGAATTCATTGCTGT,2,5183721
yqjE_yqjK_yqjD_yqjC_predicted,34.90909090909091,393,10,AATAGGGCGGCCGCCTGGGT,383,5221253
yqjE_yqjK_yqjD_yqjC_predicted,1.3636363636363635,24,10,AATAACTTAACCAGGTGAGT,14,5234239
yqjE_yqjK_yqjD_yqjC_predicted,2.3636363636363638,35,10,AAGTTTCGTGGGTAACACAT,25,5231526
yqjE_yqjK_yqjD_yqjC_predicted,2.5454545454545454,37,10,AAGCTAGATGGTGGTACTTC,27,5221471
yqjE_yqjK_yqjD_yqjC_predicted,9.363636363636363,112,10,AAGCCATATGCCTACTTGCG,102,5228745
yqjE_yqjK_yqjD_yqjC_predicted,5.0,64,10,AAGATTGTGGATGCAGAATT,54,5191517
yqjE_yqjK_yqjD_yqjC_predicted,8.181818181818182,99,10,AAGATGACAACAACGGATAC,89,5179663
yqjE_yqjK_yqjD_yqjC_predicted,0.36363636363636365,13,10,AAGAGACAGCCCTAGAGCCC,3,5191345
yqjE_yqjK_yqjD_yqjC_predicted,5.454545454545454,69,10,AAGAACTGGCCGGAGCCCGT,59,5234887
yqjE_yqjK_yqjD_yqjC_predicted,2.6363636363636362,38,10,AAGAAACGCGCGTCGTGCTC,28,5227654
yqjE_yqjK_yqjD_yqjC_predicted,2.4545454545454546,36,10,AACTCTCCATAACGGATGTC,26,5173755
yqjE_yqjK_yqjD_yqjC_predicted,1.2727272727272727,23,10,AACTAAGGGGAAAGGTTTCC,13,5181173
yqjE_yqjK_yqjD_yqjC_predicted,1.6363636363636365,27,10,AACCGTACATTTGATTTTCT,17,5191184
yqjE_yqjK_yqjD_yqjC_predicted,0.45454545454545453,14,10,AACAACGGCTTTTCCGGTAA,4,5197711
yqjE_yqjK_yqjD_yqjC_predicted,1.5454545454545454,26,10,AAATTCACTAGATTGATACG,16,5204453
yqjE_yqjK_yqjD_yqjC_predicted,0.2727272727272727,12,10,AAACTCTGACACTTGGTGCC,2,5216926
yqjE_yqjK_yqjD_yqjC_predicted,3.0,42,10,AAACATTTCCCGTTCTGCAG,32,5238351
yqjE_yqjK_yqjD_yqjC_predicted,1.0909090909090908,21,10,AAACAGCTTAGAGGGGGACA,11,5258860
yqjE_yqjK_yqjD_yqjC_predicted,4.6,54,9,TTTTGCCCATCTTGACGTAG,45,5258126
yqjE_yqjK_yqjD_yqjC_predicted,0.3,11,9,TTTTGCAGTGTCCGAGAGCG,2,5233022
yqjE_yqjK_yqjD_yqjC_predicted,3.3,41,9,TTTTCTTGGCCACCCTTGCG,32,5216534
yqjE_yqjK_yqjD_yqjC_predicted,17.9,187,9,TTTTCTTACGGCCCATTGGT,178,5190912
yqjE_yqjK_yqjD_yqjC_predicted,2.6,34,9,TTTCTAGTACTGGGCCGGAA,25,5214649
yqjE_yqjK_yqjD_yqjC_predicted,3.2,40,9,TTTACCACGATTATCATCTT,31,5213411
yqjE_yqjK_yqjD_yqjC_predicted,0.7,15,9,TTGGTTTAGACGACGCCTTC,6,5187713
yqjE_yqjK_yqjD_yqjC_predicted,0.6,14,9,TTGGGTTATGAGTCCCTCCA,5,5189545
yqjE_yqjK_yqjD_yqjC_predicted,0.6,14,9,TTGGCCCTGGTGAGACAACA,5,5190469
yqjE_yqjK_yqjD_yqjC_predicted,2.7,35,9,TTGATTTAACTACTCCTTCG,26,5250025
yqjE_yqjK_yqjD_yqjC_predicted,0.4,12,9,TTGAGCAACTTTTCCGCAAG,3,5196748
yqjE_yqjK_yqjD_yqjC_predicted,6.8,76,9,TTGACAGCGCTGCGGCTCAT,67,5236288
yqjE_yqjK_yqjD_yqjC_predicted,5.3,61,9,TTCCGCGCAGTGTATGGGTA,52,5233046
yqjE_yqjK_yqjD_yqjC_predicted,1.8,26,9,TTCCGAACAGTGCCATCGGT,17,5251191
yqjE_yqjK_yqjD_yqjC_predicted,5.4,62,9,TTCATAATAGGAGCTCCTTC,53,5245920
yqjE_yqjK_yqjD_yqjC_predicted,0.7,15,9,TTCATAAGCCGGGGGTGGGT,6,5177791
yqjE_yqjK_yqjD_yqjC_predicted,7.5,83,9,TTCAATAGCATATCTGCTAG,74,5261753
yqjE_yqjK_yqjD_yqjC_predicted,1.8,26,9,TTATCTCAGTCTTTTAGGAA,17,5261885
yqjE_yqjK_yqjD_yqjC_predicted,8.3,91,9,TTAGTTAAGACGGACGCCTG,82,5197597
yqjE_yqjK_yqjD_yqjC_predicted,1.0,18,9,TTAGTGGTAAAAGCACTATA,9,5187970
yqjE_yqjK_yqjD_yqjC_predicted,13.4,142,9,TTAGAAACTTGTGAATGTCT,133,5248238
yqjE_yqjK_yqjD_yqjC_predicted,2.1,29,9,TTACAAGAGCCTTGAAAAGA,20,5257446
yqjE_yqjK_yqjD_yqjC_predicted,2.4,32,9,TTAAGCAACTCAGAGGTTGA,23,5195420
yqjE_yqjK_yqjD_yqjC_predicted,0.2,10,9,TTAACCCGTCAGAGCCAACT,1,5262554
yqjE_yqjK_yqjD_yqjC_predicted,2.5,33,9,TGTTTTGGTTCGCGAAAGTA,24,5236901
yqjE_yqjK_yqjD_yqjC_predicted,2.7,35,9,TGTTCTGTCGCCCAATAGGA,26,5196331
yqjE_yqjK_yqjD_yqjC_predicted,2.2,30,9,TGTTCGATATTAAATTTTTA,21,5226824
yqjE_yqjK_yqjD_yqjC_predicted,0.2,10,9,TGTTACGATGGAGAGACCCA,1,5233969
yqjE_yqjK_yqjD_yqjC_predicted,0.2,10,9,TGTGCGTGCATTTGGAAACC,1,5200748
yqjE_yqjK_yqjD_yqjC_predicted,0.2,10,9,TGTAGTATAGCACCTCTACA,1,5225174
yqjE_yqjK_yqjD_yqjC_predicted,3.3,41,9,TGTAGAGGCCAGAGCAAGGA,32,5193007
yqjE_yqjK_yqjD_yqjC_predicted,13.1,139,9,TGGTGCCAACATAATTGTTT,130,5191924
yqjE_yqjK_yqjD_yqjC_predicted,43.7,445,9,TGGGTACTGAGGCCAATATC,436,5233798
yqjE_yqjK_yqjD_yqjC_predicted,3.6,44,9,TGGCTAGGAAATACTGCGGT,35,5203314
yqjE_yqjK_yqjD_yqjC_predicted,3.7,45,9,TGGAATATACGAACGCGGTG,36,5234014
yqjE_yqjK_yqjD_yqjC_predicted,1.8,26,9,TGCTATGTGAGACTAGGCTA,17,5260038
yqjE_yqjK_yqjD_yqjC_predicted,1.2,20,9,TGCGCAACTGTACTCATCCA,11,5204804
yqjE_yqjK_yqjD_yqjC_predicted,1.2,20,9,TGATTAAGTGAAGATAGTTT,11,5243921
yqjE_yqjK_yqjD_yqjC_predicted,2.2,30,9,TGATTAAGCAAAGTTGGCGT,21,5182165
yqjE_yqjK_yqjD_yqjC_predicted,2.4,32,9,TGAGGAAGGTCAGATCCGAT,23,5255317
yqjE_yqjK_yqjD_yqjC_predicted,4.6,54,9,TGAGCATATGATCGACACCA,45,5226868
yqjE_yqjK_yqjD_yqjC_predicted,5.6,64,9,TGACTGATGCCTTGCCTAAA,55,5255800
yqjE_yqjK_yqjD_yqjC_predicted,0.3,11,9,TGAATTGATTTTAGGACTAA,2,5259714
yqjE_yqjK_yqjD_yqjC_predicted,0.2,10,9,TCTTCGGACCTCACCAATTT,1,5261976
yqjE_yqjK_yqjD_yqjC_predicted,4.9,57,9,TCTGTGTGTAGAACCGCCCT,48,5184808
yqjE_yqjK_yqjD_yqjC_predicted,3.5,43,9,TCTGTGTGGATCTTATTAGC,34,5199121
yqjE_yqjK_yqjD_yqjC_predicted,9.4,102,9,TCTGATCTAAAGTTGCGGGT,93,5257362
yqjE_yqjK_yqjD_yqjC_predicted,0.2,10,9,TCTGAAGGCGACGTATGTAC,1,5221946
yqjE_yqjK_yqjD_yqjC_predicted,0.4,12,9,TCGTGCCTCGGGGGCTCCTC,3,5235646
yqjE_yqjK_yqjD_yqjC_predicted,6.2,70,9,TCGTAGTCCTTGTTCCTGAT,61,5224478
yqjE_yqjK_yqjD_yqjC_predicted,2.0,28,9,TCGGTTCGTGTAACTCGTCT,19,5205559
yqjE_yqjK_yqjD_yqjC_predicted,3.1,39,9,TCGGAATAAGTGTCTTAGTT,30,5258328
yqjE_yqjK_yqjD_yqjC_predicted,1.7,25,9,TCGCCCTGTGCAAGCCATTA,16,5230888
yqjE_yqjK_yqjD_yqjC_predicted,2.4,32,9,TCGAGGTCCCTAACGTCGCA,23,5220083
yqjE_yqjK_yqjD_yqjC_predicted,1.0,18,9,TCCCCGCCCGGCCCTCCTAT,9,5242931
yqjE_yqjK_yqjD_yqjC_predicted,2.3,31,9,TCCCCACCGTGGCTGACTTG,22,5262011
yqjE_yqjK_yqjD_yqjC_predicted,1.9,27,9,TCCAAGAGCTCCAAACACGA,18,5183020
yqjE_yqjK_yqjD_yqjC_predicted,2.3,31,9,TCATTGCGGGCTAGTTCTTA,22,5216875
yqjE_yqjK_yqjD_yqjC_predicted,0.7,15,9,TCATACACAACCAAGGATGA,6,5188080
yqjE_yqjK_yqjD_yqjC_predicted,0.2,10,9,TCAGTCTTCGTCCCTGACAC,1,5180517
yqjE_yqjK_yqjD_yqjC_predicted,2.7,35,9,TCAGGGACTGCCTTGTTTAT,26,5187625
yqjE_yqjK_yqjD_yqjC_predicted,1.8,26,9,TCAGCGATTCCACGTGCGCT,17,5227551
yqjE_yqjK_yqjD_yqjC_predicted,4.6,54,9,TCACCTTTCTAAAAAGCCAA,45,5187926
yqjE_yqjK_yqjD_yqjC_predicted,2.4,32,9,TCACCATGATTTCCGGCACC,23,5225363
yqjE_yqjK_yqjD_yqjC_predicted,2.0,28,9,TCACAGCTGGCAGGTGAGGG,19,5196459
yqjE_yqjK_yqjD_yqjC_predicted,2.3,31,9,TCAAGAAAGGCTCCCTGTGC,22,5188866
yqjE_yqjK_yqjD_yqjC_predicted,52.9,537,9,TCAACCGGTCTGGGTATTCT,528,5186131
yqjE_yqjK_yqjD_yqjC_predicted,4.9,57,9,TCAAAGCTTCCCAGGTGGAC,48,5219169
yqjE_yqjK_yqjD_yqjC_predicted,4.9,57,9,TATGGGTTACTTTCGCACAT,48,5197034
yqjE_yqjK_yqjD_yqjC_predicted,5.5,63,9,TATGGGGCTTCCAACTTGGA,54,5252754
yqjE_yqjK_yqjD_yqjC_predicted,5.2,60,9,TATCCCCTGGTAATCACGCA,51,5179292
yqjE_yqjK_yqjD_yqjC_predicted,2.5,33,9,TATATAGGTGAGTATACGAC,24,5185381
yqjE_yqjK_yqjD_yqjC_predicted,1.5,23,9,TAGGGCACGGGGTACACGTT,14,5199007
yqjE_yqjK_yqjD_yqjC_predicted,2.4,32,9,TAGGAGCGGCTCTAGACTCT,23,5196078
yqjE_yqjK_yqjD_yqjC_predicted,2.3,31,9,TAGCCCGCCTGTTCAATCAA,22,5229571
yqjE_yqjK_yqjD_yqjC_predicted,5.8,66,9,TAGATAATGTACGCCGCTCT,57,5254699
yqjE_yqjK_yqjD_yqjC_predicted,0.8,16,9,TAGAGACCATCGCGTCCTCG,7,5203093
yqjE_yqjK_yqjD_yqjC_predicted,2.3,31,9,TACTTATTTCCTGCGGGTAT,22,5219684
yqjE_yqjK_yqjD_yqjC_predicted,3.1,39,9,TAATGTTTTATTAATTCGAT,30,5224625
yqjE_yqjK_yqjD_yqjC_predicted,16.4,172,9,TAATGTCCTATTAGCTAAGT,163,5197263
yqjE_yqjK_yqjD_yqjC_predicted,3.7,45,9,TAATGGATGCCGAAGTCCAA,36,5209400
yqjE_yqjK_yqjD_yqjC_predicted,3.7,45,9,TAATACCTGAACTGCCTAGT,36,5212448
yqjE_yqjK_yqjD_yqjC_predicted,1.5,23,9,TAAGTACCGTACGTTCGTGT,14,5214862
yqjE_yqjK_yqjD_yqjC_predicted,8.0,88,9,TAAGCTATAGTGGCATTGAC,79,5195063
yqjE_yqjK_yqjD_yqjC_predicted,3.3,41,9,TAAGCGCACAGATCTAAGAG,32,5175232
yqjE_yqjK_yqjD_yqjC_predicted,1.7,25,9,TAAGATAGGTCAGCGAAGCA,16,5182546
yqjE_yqjK_yqjD_yqjC_predicted,4.4,52,9,TAAATTGTCGTGCCATCGCA,43,5183468
yqjE_yqjK_yqjD_yqjC_predicted,0.2,10,9,TAAATGTTGGTTAATATGTG,1,5171916
yqjE_yqjK_yqjD_yqjC_predicted,1.2,20,9,TAAACCGCCTCACGGGTCCA,11,5249316
yqjE_yqjK_yqjD_yqjC_predicted,10.0,108,9,GTTTGGGTGTACAGGTAGTA,99,5192835
yqjE_yqjK_yqjD_yqjC_predicted,2.0,28,9,GTTTGGAATAGGCCTGCTCA,19,5172063
yqjE_yqjK_yqjD_yqjC_predicted,3.7,45,9,GTTTGCTCAAACAAAGAAGC,36,5236898
yqjE_yqjK_yqjD_yqjC_predicted,7.2,80,9,GTTGGGGAGGCATCAAAAAG,71,5241529
yqjE_yqjK_yqjD_yqjC_predicted,0.9,17,9,GTTGAGCATATACCCGTATG,8,5194059
yqjE_yqjK_yqjD_yqjC_predicted,1.6,24,9,GTTCTCCGCGTCTTGAGATC,15,5205402
yqjE_yqjK_yqjD_yqjC_predicted,3.7,45,9,GTTCCAGGCCAATCGTTTTC,36,5202081
yqjE_yqjK_yqjD_yqjC_predicted,0.2,10,9,GTTAGTCTCACCCTAGCGCG,1,5244567
yqjE_yqjK_yqjD_yqjC_predicted,0.2,10,9,GTTACGTTTTTTGTCTGCTT,1,5193860
yqjE_yqjK_yqjD_yqjC_predicted,1.0,18,9,GTTACCTGGGCTTCCAGTGC,9,5178140
yqjE_yqjK_yqjD_yqjC_predicted,9.8,106,9,GTGTCTAGGTATGAGGTTAA,97,5182156
yqjE_yqjK_yqjD_yqjC_predicted,26.2,270,9,GTGTATCGGAGAGTCGGTCT,261,5248105
yqjE_yqjK_yqjD_yqjC_predicted,1.2,20,9,GTGGCGTTAGCTTTCCGGAC,11,5188940
yqjE_yqjK_yqjD_yqjC_predicted,2.7,35,9,GTGGATGACTCCTCGAGGCC,26,5245416
yqjE_yqjK_yqjD_yqjC_predicted,0.6,14,9,GTGGAGGATCTTTCTTCCGA,5,5214174
yqjE_yqjK_yqjD_yqjC_predicted,2.2,30,9,GTGGAGGATCTCTAAAGGTA,21,5197769
yqjE_yqjK_yqjD_yqjC_predicted,2.7,35,9,GTGCTCACTTTTAAATTTTT,26,5238712
yqjE_yqjK_yqjD_yqjC_predicted,4.2,50,9,GTGCGGAGAACGATGCGCTT,41,5212657
yqjE_yqjK_yqjD_yqjC_predicted,1.1,19,9,GTGATCGGGCCGGAGAAAGT,10,5208597
yqjE_yqjK_yqjD_yqjC_predicted,3.0,38,9,GTGAGTGGCCTTGATGTAAT,29,5237417
yqjE_yqjK_yqjD_yqjC_predicted,0.9,17,9,GTCTAAGATCTAACTCTCTA,8,5180753
yqjE_yqjK_yqjD_yqjC_predicted,1.2,20,9,GTCGTTTATCGTTCATCCCG,11,5248230
yqjE_yqjK_yqjD_yqjC_predicted,5.3,61,9,GTCGATCATATATCGCCTCA,52,5195293
yqjE_yqjK_yqjD_yqjC_predicted,0.2,10,9,GTCAGGCGCAACGAAGATGC,1,5200768
yqjE_yqjK_yqjD_yqjC_predicted,1.0,18,9,GTCAATTGTTTACCTTATTC,9,5199553
yqjE_yqjK_yqjD_yqjC_predicted,3.4,42,9,GTCAAATTACGGTGCGTGGA,33,5194078
yqjE_yqjK_yqjD_yqjC_predicted,1.8,26,9,GTAGTGTTGTTGCCAGCGGA,17,5194006
yqjE_yqjK_yqjD_yqjC_predicted,53.3,541,9,GTAGGAGTTTGTGCAATCCC,532,5235273
yqjE_yqjK_yqjD_yqjC_predicted,9.1,99,9,GTAGCATCACGGCATTAAAC,90,5190871
yqjE_yqjK_yqjD_yqjC_predicted,2.8,36,9,GTACTGGAGCACGGGGCAGC,27,5180505
yqjE_yqjK_yqjD_yqjC_predicted,2.5,33,9,GTACTGACTGGTTAAAGGGG,24,5252039
yqjE_yqjK_yqjD_yqjC_predicted,0.2,10,9,GTACTAAAAACCACTACTTC,1,5257040
yqjE_yqjK_yqjD_yqjC_predicted,1.2,20,9,GTAAATTGTACCGGCCGTGG,11,5234002
yqjE_yqjK_yqjD_yqjC_predicted,1.9,27,9,GTAAAACATGCTGTTCGACA,18,5202252
yqjE_yqjK_yqjD_yqjC_predicted,2.0,28,9,GGTTTCCAGAGTAACCGGCC,19,5254006
yqjE_yqjK_yqjD_yqjC_predicted,5.6,64,9,GGTGTTGCAGCGATCCAAGA,55,5220526
yqjE_yqjK_yqjD_yqjC_predicted,0.2,10,9,GGTGGTAGAGGATTTGCATT,1,5230998
yqjE_yqjK_yqjD_yqjC_predicted,6.9,77,9,GGTGCCCACGTGTTCGGTCT,68,5210902
yqjE_yqjK_yqjD_yqjC_predicted,1.2,20,9,GGTAGATTAATATGTTAGAT,11,5255191
yqjE_yqjK_yqjD_yqjC_predicted,0.2,10,9,GGGTACATTTGTGGATTTGC,1,5188216
yqjE_yqjK_yqjD_yqjC_predicted,2.0,28,9,GGGTAACGATTAAGAGGTGT,19,5234171
yqjE_yqjK_yqjD_yqjC_predicted,1.1,19,9,GGGGGACTGGGACTAGCAGC,10,5209712
yqjE_yqjK_yqjD_yqjC_predicted,3.6,44,9,GGGGCCGGACCTGCACGCGT,35,5216170
yqjE_yqjK_yqjD_yqjC_predicted,1.6,24,9,GGGCGAAGCAGGTTAAAATT,15,5208920
yqjE_yqjK_yqjD_yqjC_predicted,3.7,45,9,GGGCCGCGGAGCCGATGAGA,36,5251939
yqjE_yqjK_yqjD_yqjC_predicted,4.9,57,9,GGGCATTTTTCTTCAGGAAG,48,5234024
yqjE_yqjK_yqjD_yqjC_predicted,6.3,71,9,GGGATGGGCAACCAGTCATG,62,5226202
yqjE_yqjK_yqjD_yqjC_predicted,0.2,10,9,GGCGTCCCGTACCGCCCGAT,1,5185319
yqjE_yqjK_yqjD_yqjC_predicted,1.2,20,9,GGCGGAGAGCTTCATGGGAG,11,5245310
yqjE_yqjK_yqjD_yqjC_predicted,3.0,38,9,GGCGCTCACTTTAGGGGAAT,29,5174721
yqjE_yqjK_yqjD_yqjC_predicted,2.8,36,9,GGCGAGTGTGGGTTTCCAAC,27,5212463
yqjE_yqjK_yqjD_yqjC_predicted,1.9,27,9,GGCCTAGCTCCGGACCAAAA,18,5221400
yqjE_yqjK_yqjD_yqjC_predicted,2.9,37,9,GGCCAATGTAATAACCGCGT,28,5199371
yqjE_yqjK_yqjD_yqjC_predicted,4.7,55,9,GGCAACAGCACGCGGTAGTG,46,5175430
yqjE_yqjK_yqjD_yqjC_predicted,3.5,43,9,GGATTGTCCTCCGCTTTGCC,34,5178425
yqjE_yqjK_yqjD_yqjC_predicted,39.8,406,9,GGATGGTTCCGGAGCAGTTG,397,5191925
yqjE_yqjK_yqjD_yqjC_predicted,4.7,55,9,GGATGCTACTTATGTTTTCT,46,5226507
yqjE_yqjK_yqjD_yqjC_predicted,1.2,20,9,GGATCTTAAGCAGCTAGAGA,11,5204046
yqjE_yqjK_yqjD_yqjC_predicted,1.0,18,9,GGATAGCACGTATTCTCAGC,9,5251052
yqjE_yqjK_yqjD_yqjC_predicted,5.6,64,9,GGAGCAGATCATATGGTCGT,55,5227188
yqjE_yqjK_yqjD_yqjC_predicted,3.9,47,9,GGACAAGTACGGCTCTACAT,38,5176757
yqjE_yqjK_yqjD_yqjC_predicted,8.3,91,9,GGAATGACCCGGGGGGGAAA,82,5239235
yqjE_yqjK_yqjD_yqjC_predicted,2.6,34,9,GCTTACAAACAACAGGGGTA,25,5238710
yqjE_yqjK_yqjD_yqjC_predicted,13.9,147,9,GCTCGGGTCAACAAAGAAAT,138,5218394
yqjE_yqjK_yqjD_yqjC_predicted,0.6,14,9,GCTATGGGGTGGCCTCAGCA,5,5252058
yqjE_yqjK_yqjD_yqjC_predicted,1.0,18,9,GCGTCTAAAACGACTTTTAA,9,5228661
yqjE_yqjK_yqjD_yqjC_predicted,11.3,121,9,GCGGTCGCTACAGTATCGAT,112,5221257
yqjE_yqjK_yqjD_yqjC_predicted,4.1,49,9,GCGGTACGTATAGGACCGGC,40,5213551
yqjE_yqjK_yqjD_yqjC_predicted,2.1,29,9,GCGGAGGCGTTGTTCCCTTA,20,5230581
yqjE_yqjK_yqjD_yqjC_predicted,3.6,44,9,GCGCTGGAGATCCAAGTGTC,35,5244949
yqjE_yqjK_yqjD_yqjC_predicted,5.5,63,9,GCCTGCGGGAGCCTTTTACC,54,5209633
yqjE_yqjK_yqjD_yqjC_predicted,9.4,102,9,GCCGGTATTGAGGCTGCAAG,93,5256919
yqjE_yqjK_yqjD_yqjC_predicted,2.5,33,9,GCCGAGCGAGGTCCCCTTTG,24,5241860
yqjE_yqjK_yqjD_yqjC_predicted,0.2,10,9,GCCGACACCACCCGACCCCT,1,5195193
yqjE_yqjK_yqjD_yqjC_predicted,0.8,16,9,GCCCTTGGCCACTTTCTGAT,7,5248815
yqjE_yqjK_yqjD_yqjC_predicted,2.2,30,9,GCCCTGACTCACTCGAATTG,21,5240075
yqjE_yqjK_yqjD_yqjC_predicted,4.6,54,9,GCCCTACAATACACTCGGGC,45,5185714
yqjE_yqjK_yqjD_yqjC_predicted,2.5,33,9,GCCCAATTACGAACGGGTTG,24,5211846
yqjE_yqjK_yqjD_yqjC_predicted,4.1,49,9,GCCAATCTCGGCGGTGGTGA,40,5171935
yqjE_yqjK_yqjD_yqjC_predicted,0.7,15,9,GCATCTCTGTGTAGTAGAGC,6,5185902
yqjE_yqjK_yqjD_yqjC_predicted,1.9,27,9,GCACATGATATCGAACAGCG,18,5238104
yqjE_yqjK_yqjD_yqjC_predicted,0.4,12,9,GCAAGGTAAAGGAAACGCCC,3,5227690
yqjE_yqjK_yqjD_yqjC_predicted,1.4,22,9,GCAACAAGGATATGCCCCGT,13,5214683
yqjE_yqjK_yqjD_yqjC_predicted,2.0,28,9,GCAAATCTAATACAAGACCA,19,5246739
yqjE_yqjK_yqjD_yqjC_predicted,8.8,96,9,GATTCCTTGACCTGCGTCTC,87,5185975
yqjE_yqjK_yqjD_yqjC_predicted,1.3,21,9,GATTAATAGCCCTTTAGTTA,12,5201191
yqjE_yqjK_yqjD_yqjC_predicted,9.1,99,9,GATGGAGGGCAGGGCCACAA,90,5226209
yqjE_yqjK_yqjD_yqjC_predicted,1.1,19,9,GATGAGATCTATTGCTATCA,10,5249251
yqjE_yqjK_yqjD_yqjC_predicted,1.6,24,9,GATCTTCGAGGAAATCTTAA,15,5212457
yqjE_yqjK_yqjD_yqjC_predicted,7.1,79,9,GATCGACGTGTTCGTTGGCA,70,5182169
yqjE_yqjK_yqjD_yqjC_predicted,5.4,62,9,GATATACTGGAGGCAGTTAA,53,5191498
yqjE_yqjK_yqjD_yqjC_predicted,0.4,12,9,GATAGACAAGCCTCGGCCTT,3,5261417
yqjE_yqjK_yqjD_yqjC_predicted,0.3,11,9,GATAAAAAGTGTTTCTGCTG,2,5186420
yqjE_yqjK_yqjD_yqjC_predicted,2.9,37,9,GAGTACCCTAGATTCTTCGT,28,5253015
yqjE_yqjK_yqjD_yqjC_predicted,3.3,41,9,GAGTAACGTGGTGTATACTT,32,5202651
yqjE_yqjK_yqjD_yqjC_predicted,3.1,39,9,GAGCCTTGAGATACCTATTA,30,5253230
yqjE_yqjK_yqjD_yqjC_predicted,3.5,43,9,GAGCAAACACCACTCTGAGA,34,5218144
yqjE_yqjK_yqjD_yqjC_predicted,1.6,24,9,GAGACAATCCGTCTGGTTAA,15,5192947
yqjE_yqjK_yqjD_yqjC_predicted,0.8,16,9,GAGAAAGCGGCGCGTGGTAA,7,5261974
yqjE_yqjK_yqjD_yqjC_predicted,0.2,10,9,GACTGTTAGAATGAGTTGCC,1,5250993
yqjE_yqjK_yqjD_yqjC_predicted,8.5,93,9,GACTGAGTGCATCGAGGGTG,84,5243357
yqjE_yqjK_yqjD_yqjC_predicted,1.2,20,9,GACTAACCGCCATGCCTCGG,11,5184765
yqjE_yqjK_yqjD_yqjC_predicted,2.0,28,9,GACATAAAGGAATTTATATA,19,5231716
yqjE_yqjK_yqjD_yqjC_predicted,0.2,10,9,GAAGGCACACCACGTGCCCG,1,5183999
yqjE_yqjK_yqjD_yqjC_predicted,2.4,32,9,GAACCCCCTCCAGGAATAGC,23,5171940
yqjE_yqjK_yqjD_yqjC_predicted,2.2,30,9,GAAAGACGTTACGCGGCAAT,21,5175486
yqjE_yqjK_yqjD_yqjC_predicted,9.6,104,9,CTTGCGTAGGTGTTAAAATG,95,5199751
yqjE_yqjK_yqjD_yqjC_predicted,8.4,92,9,CTTGCGTACTAGGAACTTAG,83,5198553
yqjE_yqjK_yqjD_yqjC_predicted,5.1,59,9,CTTGCGATGTGGAGCCTGAG,50,5174651
yqjE_yqjK_yqjD_yqjC_predicted,0.2,10,9,CTTATATCGCGGCATTATTG,1,5245305
yqjE_yqjK_yqjD_yqjC_predicted,2.5,33,9,CTTAAATTTGTCGTATTAAT,24,5211211
yqjE_yqjK_yqjD_yqjC_predicted,0.7,15,9,CTGTATTTAGGTCTGCGGAG,6,5209466
yqjE_yqjK_yqjD_yqjC_predicted,3.1,39,9,CTGGTAGCCGAGTATAAGCT,30,5237944
yqjE_yqjK_yqjD_yqjC_predicted,5.0,58,9,CTGCCTTGGTCACGTTCTGA,49,5210226
yqjE_yqjK_yqjD_yqjC_predicted,0.5,13,9,CTGATGCCCAAATCAGTCTA,4,5228548
yqjE_yqjK_yqjD_yqjC_predicted,3.8,46,9,CTCGTAACGGCATGGCGAAC,37,5260362
yqjE_yqjK_yqjD_yqjC_predicted,0.8,16,9,CTCGAGTATTCAAGCAGAAC,7,5177186
yqjE_yqjK_yqjD_yqjC_predicted,6.3,71,9,CTCGACTAATACAACTGACT,62,5214801
yqjE_yqjK_yqjD_yqjC_predicted,4.1,49,9,CTCATTATATCGTTCGAATG,40,5241910
yqjE_yqjK_yqjD_yqjC_predicted,3.1,39,9,CTATTGAAGTCTCAGTGGAA,30,5204678
yqjE_yqjK_yqjD_yqjC_predicted,1.4,22,9,CTATTCAGGCTTGTTAACTT,13,5224342
yqjE_yqjK_yqjD_yqjC_predicted,3.2,40,9,CTATCGGGTAATAAAAGGGA,31,5191343
yqjE_yqjK_yqjD_yqjC_predicted,1.2,20,9,CTATATCGGTGGACATCACC,11,5184244
yqjE_yqjK_yqjD_yqjC_predicted,0.2,10,9,CTAGGCTATCGCGCAATGGA,1,5236111
yqjE_yqjK_yqjD_yqjC_predicted,0.2,10,9,CTACTGGCCGTGTTGGTGAC,1,5176468
yqjE_yqjK_yqjD_yqjC_predicted,1.4,22,9,CTAATTTCGACTCTAAGCGT,13,5184911
yqjE_yqjK_yqjD_yqjC_predicted,1.0,18,9,CTAACCTGGTACACGTCTTC,9,5201783
yqjE_yqjK_yqjD_yqjC_predicted,2.5,33,9,CGTTACCTCCACGGCTCGTT,24,5237399
yqjE_yqjK_yqjD_yqjC_predicted,1.4,22,9,CGTGAACGGGTTAGACATGT,13,5192907
yqjE_yqjK_yqjD_yqjC_predicted,8.9,97,9,CGTCACAGATACGGACCTTA,88,5202577
yqjE_yqjK_yqjD_yqjC_predicted,0.2,10,9,CGTCAATTAGTACGGGTTTT,1,5211951
yqjE_yqjK_yqjD_yqjC_predicted,7.2,80,9,CGTAGTTCAAGCGATACGCC,71,5198199
yqjE_yqjK_yqjD_yqjC_predicted,5.8,66,9,CGGTTCTAACACGTGGAATA,57,5210173
yqjE_yqjK_yqjD_yqjC_predicted,5.9,67,9,CGGTTCATTTACGGGTTCTA,58,5220116
yqjE_yqjK_yqjD_yqjC_predicted,1.4,22,9,CGGGTGTTACATGTCACCCC,13,5179774
yqjE_yqjK_yqjD_yqjC_predicted,5.7,65,9,CGGGGGGGAACGGCAGACGG,56,5179392
yqjE_yqjK_yqjD_yqjC_predicted,2.0,28,9,CGGGGATCCAGTGGCTTGAG,19,5219395
yqjE_yqjK_yqjD_yqjC_predicted,4.5,53,9,CGGGAGGAGTCGCGTCGAAA,44,5171705
yqjE_yqjK_yqjD_yqjC_predicted,2.6,34,9,CGGCAGTTGATAACATAACG,25,5207956
yqjE_yqjK_yqjD_yqjC_predicted,12.8,136,9,CGGCACCGATGTCGGTCAAT,127,5208094
yqjE_yqjK_yqjD_yqjC_predicted,1.0,18,9,CGGAGCCTATGCGCGTTGAG,9,5184840
yqjE_yqjK_yqjD_yqjC_predicted,5.0,58,9,CGCTTGAGTGTAGTTATGTT,49,5173223
yqjE_yqjK_yqjD_yqjC_predicted,9.7,105,9,CGCTCCTTTGGCCTACGGAG,96,5205027
yqjE_yqjK_yqjD_yqjC_predicted,12.2,130,9,CGCTCCCAGTTAAACGGGAG,121,5242045
yqjE_yqjK_yqjD_yqjC_predicted,5.0,58,9,CGCGCGGTTTAAACGTGTTG,49,5237157
yqjE_yqjK_yqjD_yqjC_predicted,2.2,30,9,CGCGAGGGTACGTTACATAA,21,5261702
yqjE_yqjK_yqjD_yqjC_predicted,1.3,21,9,CGCAGTCGTTCGGCTCCTTG,12,5220490
yqjE_yqjK_yqjD_yqjC_predicted,3.4,42,9,CGCAGAAAAGTGGGCCGGTC,33,5210732
yqjE_yqjK_yqjD_yqjC_predicted,5.1,59,9,CGATTAACTTTTTGGTACAC,50,5181519
yqjE_yqjK_yqjD_yqjC_predicted,4.6,54,9,CGACTCCCGCGGCACCAAGA,45,5196715
yqjE_yqjK_yqjD_yqjC_predicted,0.7,15,9,CGAATTGGGCCTTCCTATGT,6,5208480
yqjE_yqjK_yqjD_yqjC_predicted,2.4,32,9,CGAACATTACATCACAGTTT,23,5254182
yqjE_yqjK_yqjD_yqjC_predicted,2.4,32,9,CCTTTACGGTTTGCCATTTT,23,5187538
yqjE_yqjK_yqjD_yqjC_predicted,1.1,19,9,CCTGGCTTAGACGAGCACAG,10,5217263
yqjE_yqjK_yqjD_yqjC_predicted,0.8,16,9,CCTGGCAAGCGGCCATTGAA,7,5206080
yqjE_yqjK_yqjD_yqjC_predicted,5.5,63,9,CCTCTTTAGGGGCAGTAGCC,54,5244689
yqjE_yqjK_yqjD_yqjC_predicted,3.1,39,9,CCTCAGGAGATGGAGACTCT,30,5246605
yqjE_yqjK_yqjD_yqjC_predicted,17.4,182,9,CCTCACGGGTTGCCAGTTAT,173,5232451
yqjE_yqjK_yqjD_yqjC_predicted,0.3,11,9,CCTAGGAGCGTCTATACTCA,2,5220681
yqjE_yqjK_yqjD_yqjC_predicted,3.4,42,9,CCGTGCCGCGATTCGGCATG,33,5189976
yqjE_yqjK_yqjD_yqjC_predicted,0.3,11,9,CCGGTGCTTGTAGGCTCTGC,2,5174618
yqjE_yqjK_yqjD_yqjC_predicted,9.9,107,9,CCGGTCGGTGCTTTCCGGCA,98,5190545
yqjE_yqjK_yqjD_yqjC_predicted,3.2,40,9,CCGGCGCATAAAAGACTGGG,31,5227224
yqjE_yqjK_yqjD_yqjC_predicted,10.9,117,9,CCGGCCTCTACCTACGATGT,108,5188596
yqjE_yqjK_yqjD_yqjC_predicted,6.1,69,9,CCGCTGATTGGCGGAGTAGG,60,5202565
yqjE_yqjK_yqjD_yqjC_predicted,2.3,31,9,CCGCACACGCCACAGGCAAC,22,5193185
yqjE_yqjK_yqjD_yqjC_predicted,1.6,24,9,CCGAAGTTGGGTGGATTTGA,15,5188963
yqjE_yqjK_yqjD_yqjC_predicted,4.4,52,9,CCGAAGGCGCAGAGGTTCTC,43,5207346
yqjE_yqjK_yqjD_yqjC_predicted,1.3,21,9,CCCGGCTCCTGCGTTTCAAC,12,5245357
yqjE_yqjK_yqjD_yqjC_predicted,2.8,36,9,CCCGGCACGGTAAACGCACT,27,5244185
yqjE_yqjK_yqjD_yqjC_predicted,2.2,30,9,CCCCTACTGTCAGTGCCCTT,21,5250661
yqjE_yqjK_yqjD_yqjC_predicted,1.2,20,9,CCCCCCATGTGTAGGAAAAC,11,5194014
yqjE_yqjK_yqjD_yqjC_predicted,2.7,35,9,CCCATGTTAGGCCATGTCAG,26,5207472
yqjE_yqjK_yqjD_yqjC_predicted,8.4,92,9,CCCATGAAGAATAACCGGTT,83,5212298
yqjE_yqjK_yqjD_yqjC_predicted,13.0,138,9,CCCACCGTGCTATTAGGATT,129,5174716
yqjE_yqjK_yqjD_yqjC_predicted,1.2,20,9,CCCACCCTAGGGGGGGTTAC,11,5224314
yqjE_yqjK_yqjD_yqjC_predicted,3.8,46,9,CCATGTGACACGGTTAACTT,37,5178903
yqjE_yqjK_yqjD_yqjC_predicted,1.4,22,9,CCATAAGCTACGTTATTCGT,13,5176470
yqjE_yqjK_yqjD_yqjC_predicted,7.0,78,9,CCACTGAGCTAGAGACCGTT,69,5245950
yqjE_yqjK_yqjD_yqjC_predicted,1.0,18,9,CCACTAGCGGCCAGTGTGTG,9,5255296
yqjE_yqjK_yqjD_yqjC_predicted,5.6,64,9,CCAATGTCACAGATTGCCTG,55,5178410
yqjE_yqjK_yqjD_yqjC_predicted,3.2,40,9,CCAAGAACTGGCTTGTCACA,31,5188336
yqjE_yqjK_yqjD_yqjC_predicted,0.3,11,9,CATTCCGGCAGAACCGCCCT,2,5249723
yqjE_yqjK_yqjD_yqjC_predicted,4.7,55,9,CATGTTGTTCGAGCGGACAT,46,5211135
yqjE_yqjK_yqjD_yqjC_predicted,0.3,11,9,CATGGGTGTCCACACAGAGA,2,5236597
yqjE_yqjK_yqjD_yqjC_predicted,2.6,34,9,CATCCTAGGCAACCTCCGAA,25,5230293
yqjE_yqjK_yqjD_yqjC_predicted,5.1,59,9,CATCATGATTTTTGTTGCGT,50,5195414
yqjE_yqjK_yqjD_yqjC_predicted,0.2,10,9,CATACGTAATCATTAAGCTC,1,5208043
yqjE_yqjK_yqjD_yqjC_predicted,2.6,34,9,CATACATGTCACAAGCAGAT,25,5200690
yqjE_yqjK_yqjD_yqjC_predicted,6.3,71,9,CAGGTTACCGGGTGCTCTCG,62,5221670
yqjE_yqjK_yqjD_yqjC_predicted,3.3,41,9,CAGGGTAAATCAGTTCCATT,32,5240723
yqjE_yqjK_yqjD_yqjC_predicted,13.5,143,9,CAGGGCATCATCGCCTTAAA,134,5247523
yqjE_yqjK_yqjD_yqjC_predicted,8.3,91,9,CAGACGAGATATGGGTGATA,82,5208116
yqjE_yqjK_yqjD_yqjC_predicted,3.6,44,9,CACTGCATTGGGCGGAGCAA,35,5178359
yqjE_yqjK_yqjD_yqjC_predicted,2.0,28,9,CACGTGGGGAGCCTGAACGC,19,5206207
yqjE_yqjK_yqjD_yqjC_predicted,1.5,23,9,CACGTCATCTATCCGAGATT,14,5200882
yqjE_yqjK_yqjD_yqjC_predicted,11.8,126,9,CACGCCATGCTCGTTCCGTC,117,5175441
yqjE_yqjK_yqjD_yqjC_predicted,0.2,10,9,CACGATCAGAGGTCCAGGAG,1,5211227
yqjE_yqjK_yqjD_yqjC_predicted,4.3,51,9,CACCGGGGTTGCCAGGCGTA,42,5240262
yqjE_yqjK_yqjD_yqjC_predicted,8.7,95,9,CACAAACGGCAATGAAAATT,86,5245904
yqjE_yqjK_yqjD_yqjC_predicted,1.5,23,9,CAATTATCGTGGCAACTCTG,14,5259541
yqjE_yqjK_yqjD_yqjC_predicted,3.5,43,9,CAATGGATGCCAAGTAGATC,34,5189003
yqjE_yqjK_yqjD_yqjC_predicted,12.3,131,9,CAATGATCTTTTCCTTAATA,122,5231635
yqjE_yqjK_yqjD_yqjC_predicted,0.2,10,9,CAAGGCATGGCCGGGATCAC,1,5197154
yqjE_yqjK_yqjD_yqjC_predicted,1.4,22,9,CAACGAAAAAATTAACGAAC,13,5188601
yqjE_yqjK_yqjD_yqjC_predicted,4.1,49,9,CAAAAATTTATCGGGTTAAA,40,5207896
yqjE_yqjK_yqjD_yqjC_predicted,2.5,33,9,ATTTTGAATAAGCTCCAGAA,24,5250436
yqjE_yqjK_yqjD_yqjC_predicted,5.3,61,9,ATTTTAGGGCTAAGTCCCTC,52,5226083
yqjE_yqjK_yqjD_yqjC_predicted,2.9,37,9,ATTTGAGGTTTTGAGCTCGA,28,5216600
yqjE_yqjK_yqjD_yqjC_predicted,3.7,45,9,ATTTCATATTAATCAGTGAA,36,5242506
yqjE_yqjK_yqjD_yqjC_predicted,4.7,55,9,ATTTATGAATTGCCACAGCA,46,5218393
yqjE_yqjK_yqjD_yqjC_predicted,1.6,24,9,ATTGTTCGTAGTTAACAAAT,15,5214710
yqjE_yqjK_yqjD_yqjC_predicted,1.8,26,9,ATTGACCCACGTTGTGAGTT,17,5212869
yqjE_yqjK_yqjD_yqjC_predicted,4.7,55,9,ATTGACATGGCTTGCGGGGC,46,5236062
yqjE_yqjK_yqjD_yqjC_predicted,1.2,20,9,ATTCTTTGACCTTGGTCTAC,11,5220001
yqjE_yqjK_yqjD_yqjC_predicted,1.0,18,9,ATTCTCTGGTAGCAAGGCAT,9,5254364
yqjE_yqjK_yqjD_yqjC_predicted,1.6,24,9,ATTCGTGGAAGTTCTTAGCA,15,5229073
yqjE_yqjK_yqjD_yqjC_predicted,3.1,39,9,ATTCATATGAGTGCCTAATA,30,5188947
yqjE_yqjK_yqjD_yqjC_predicted,0.2,10,9,ATTCAACCCGCGGCCTCTCG,1,5213863
yqjE_yqjK_yqjD_yqjC_predicted,1.1,19,9,ATTACATTGGCTGGAAGGTC,10,5226640
yqjE_yqjK_yqjD_yqjC_predicted,5.8,66,9,ATGTTGATTAGTAATGAGAG,57,5189657
yqjE_yqjK_yqjD_yqjC_predicted,2.0,28,9,ATGGGGTCAATTGGGAGGGT,19,5212885
yqjE_yqjK_yqjD_yqjC_predicted,2.9,37,9,ATGGAACTCCGTACTGGTGA,28,5246490
yqjE_yqjK_yqjD_yqjC_predicted,2.9,37,9,ATCTTGTGACTCTACGGTGA,28,5196963
yqjE_yqjK_yqjD_yqjC_predicted,13.3,141,9,ATCTGGGTGCGTGCTAAGAA,132,5190875
yqjE_yqjK_yqjD_yqjC_predicted,1.1,19,9,ATCTGCTCGTTTTTTAAGAA,10,5202650
yqjE_yqjK_yqjD_yqjC_predicted,1.5,23,9,ATCTCGTCCTTCCCCGCCTA,14,5249995
yqjE_yqjK_yqjD_yqjC_predicted,4.2,50,9,ATCTATACTTTCACGGTGAT,41,5180630
yqjE_yqjK_yqjD_yqjC_predicted,2.0,28,9,ATCGGCGTATATACGGTGTC,19,5193063
yqjE_yqjK_yqjD_yqjC_predicted,2.6,34,9,ATCGCGGGTGGAAAGGCACT,25,5202937
yqjE_yqjK_yqjD_yqjC_predicted,1.1,19,9,ATCGCAGGGGTATGGCACTA,10,5235165
yqjE_yqjK_yqjD_yqjC_predicted,11.2,120,9,ATCCTCTATGTTATGCCCAT,111,5234817
yqjE_yqjK_yqjD_yqjC_predicted,2.1,29,9,ATCCGTATGCAACGGGTGAA,20,5245577
yqjE_yqjK_yqjD_yqjC_predicted,2.2,30,9,ATCACCCCCCGTCGCAGCGG,21,5243306
yqjE_yqjK_yqjD_yqjC_predicted,3.0,38,9,ATCAACATCCCCCTATAATT,29,5208101
yqjE_yqjK_yqjD_yqjC_predicted,6.2,70,9,ATATTCGTAATCTGGAGACA,61,5227047
yqjE_yqjK_yqjD_yqjC_predicted,2.5,33,9,ATATTAAGCGGCACTACCAC,24,5180726
yqjE_yqjK_yqjD_yqjC_predicted,4.3,51,9,ATAGTTGTCGTACACGTAGA,42,5230274
yqjE_yqjK_yqjD_yqjC_predicted,0.7,15,9,ATACTGTTGGTGTGAACGCG,6,5207822
yqjE_yqjK_yqjD_yqjC_predicted,1.1,19,9,ATACCGATCGGTCAAGCCAA,10,5188379
yqjE_yqjK_yqjD_yqjC_predicted,2.3,31,9,ATACCCCGTTCGTTCGGGAT,22,5261120
yqjE_yqjK_yqjD_yqjC_predicted,2.5,33,9,ATAACGGCAGAACGTAGATG,24,5174660
yqjE_yqjK_yqjD_yqjC_predicted,1.8,26,9,AGTTTCGTCACTTGGATTGC,17,5192955
yqjE_yqjK_yqjD_yqjC_predicted,1.8,26,9,AGTGTCTCCTAAAAAGGCGT,17,5171511
yqjE_yqjK_yqjD_yqjC_predicted,0.2,10,9,AGTGTACTGAGTCATTGGAC,1,5186262
yqjE_yqjK_yqjD_yqjC_predicted,12.5,133,9,AGTGATCTAAGTAAAGAAGA,124,5204102
yqjE_yqjK_yqjD_yqjC_predicted,0.2,10,9,AGTCGTCAATAGAAGTTAGG,1,5246729
yqjE_yqjK_yqjD_yqjC_predicted,4.7,55,9,AGTCGACCACAAGCAATGTA,46,5202567
yqjE_yqjK_yqjD_yqjC_predicted,0.2,10,9,AGTCCGGGCCTTTGGTCCCC,1,5241961
yqjE_yqjK_yqjD_yqjC_predicted,3.4,42,9,AGTCCCTGAGGTGAGCCGGG,33,5218907
yqjE_yqjK_yqjD_yqjC_predicted,2.8,36,9,AGTCCCTCTGGTCATAACAA,27,5244557
yqjE_yqjK_yqjD_yqjC_predicted,2.7,35,9,AGTCACTCAGTGCGCATCAA,26,5210899
yqjE_yqjK_yqjD_yqjC_predicted,4.4,52,9,AGTAGGGGGTCGTATCAGGA,43,5238530
yqjE_yqjK_yqjD_yqjC_predicted,2.1,29,9,AGTACGGAACCGGGCGCGTA,20,5243972
yqjE_yqjK_yqjD_yqjC_predicted,3.7,45,9,AGTAAGGTTGTTCAGGAAGA,36,5247382
yqjE_yqjK_yqjD_yqjC_predicted,5.5,63,9,AGGTTTTGCCTTGCGTGGGT,54,5181949
yqjE_yqjK_yqjD_yqjC_predicted,3.1,39,9,AGGTTGTCATCTCTCGAGAA,30,5241103
yqjE_yqjK_yqjD_yqjC_predicted,0.2,10,9,AGGTGTGATTCCGGGGCTCA,1,5239605
yqjE_yqjK_yqjD_yqjC_predicted,2.2,30,9,AGGTGGTGAAACTTTGGAAT,21,5173701
yqjE_yqjK_yqjD_yqjC_predicted,0.7,15,9,AGCGGCGGCACAGATTACAG,6,5251982
yqjE_yqjK_yqjD_yqjC_predicted,1.1,19,9,AGCGCTTGTCAGCTTACATT,10,5245427
yqjE_yqjK_yqjD_yqjC_predicted,7.8,86,9,AGCCTCGGACGACACCAGGC,77,5245618
yqjE_yqjK_yqjD_yqjC_predicted,0.4,12,9,AGCCACGCATATCGCTACCA,3,5183442
yqjE_yqjK_yqjD_yqjC_predicted,1.7,25,9,AGCACGCTCGTCAATCCCAT,16,5235983
yqjE_yqjK_yqjD_yqjC_predicted,10.0,108,9,AGCACCCGCCCATGTAATAT,99,5262653
yqjE_yqjK_yqjD_yqjC_predicted,4.3,51,9,AGATGCGGCCTGACAACGGC,42,5173258
yqjE_yqjK_yqjD_yqjC_predicted,3.0,38,9,ACTTTGTCGGAAAAAACTAA,29,5222256
yqjE_yqjK_yqjD_yqjC_predicted,12.2,130,9,ACTGACATTGCATCATCTGG,121,5183942
yqjE_yqjK_yqjD_yqjC_predicted,3.6,44,9,ACTGAACAACTATTTGGTAA,35,5217307
yqjE_yqjK_yqjD_yqjC_predicted,2.6,34,9,ACTAGGTTCCCCGGATAAAA,25,5216934
yqjE_yqjK_yqjD_yqjC_predicted,6.2,70,9,ACGTTCGCCTCCAGATTACT,61,5178293
yqjE_yqjK_yqjD_yqjC_predicted,1.1,19,9,ACGGTCGAGGAAATCGTGGA,10,5196591
yqjE_yqjK_yqjD_yqjC_predicted,1.4,22,9,ACGGGGGAACTGCTGATCAT,13,5195345
yqjE_yqjK_yqjD_yqjC_predicted,4.2,50,9,ACGGCGTAGCCTTTAGGCTA,41,5198629
yqjE_yqjK_yqjD_yqjC_predicted,0.6,14,9,ACGCCATCTCCCGAACAATT,5,5252897
yqjE_yqjK_yqjD_yqjC_predicted,3.7,45,9,ACGCCACCATATAACCTCCG,36,5175937
yqjE_yqjK_yqjD_yqjC_predicted,3.9,47,9,ACGACCGTACCCACCTTTCT,38,5255376
yqjE_yqjK_yqjD_yqjC_predicted,4.0,48,9,ACGAAGACTTGCTCTCACTG,39,5214332
yqjE_yqjK_yqjD_yqjC_predicted,2.9,37,9,ACCGGCCCTAGGTGGTTACA,28,5191274
yqjE_yqjK_yqjD_yqjC_predicted,2.9,37,9,ACCGCGAGATGGAGGACCTC,28,5184816
yqjE_yqjK_yqjD_yqjC_predicted,0.6,14,9,ACCCCGGGAAGTGTTTAGGT,5,5196612
yqjE_yqjK_yqjD_yqjC_predicted,3.4,42,9,ACCAAGAATAAGAGCCGCAG,33,5249044
yqjE_yqjK_yqjD_yqjC_predicted,0.2,10,9,ACCAAACGACTTAAGGGACC,1,5232528
yqjE_yqjK_yqjD_yqjC_predicted,6.3,71,9,ACATTTCGGTTCCGGTCGGG,62,5231659
yqjE_yqjK_yqjD_yqjC_predicted,2.1,29,9,ACAGCGCTATAACGCTAGTA,20,5187112
yqjE_yqjK_yqjD_yqjC_predicted,3.4,42,9,ACACGCGGCATCGTTTCTTC,33,5208822
yqjE_yqjK_yqjD_yqjC_predicted,0.2,10,9,ACACGAAGCTCGTCCTCCGG,1,5221424
yqjE_yqjK_yqjD_yqjC_predicted,4.0,48,9,AATTAGTGTGGGCCGAACGC,39,5224348
yqjE_yqjK_yqjD_yqjC_predicted,5.5,63,9,AATGCTTACTTGAAAACGGG,54,5189137
yqjE_yqjK_yqjD_yqjC_predicted,0.5,13,9,AATGAGCCCGCAGCAACTTG,4,5258970
yqjE_yqjK_yqjD_yqjC_predicted,2.2,30,9,AATCTTTTTGGGTTGAGCTT,21,5254181
yqjE_yqjK_yqjD_yqjC_predicted,4.7,55,9,AATCGCCCGATACACGGGAC,46,5247876
yqjE_yqjK_yqjD_yqjC_predicted,3.5,43,9,AATCCTGCCCCAACATCGCG,34,5254526
yqjE_yqjK_yqjD_yqjC_predicted,1.4,22,9,AATCAACACAGATAACACCT,13,5207142
yqjE_yqjK_yqjD_yqjC_predicted,7.7,85,9,AATAGCAGGTTTCGCTTCAA,76,5185974
yqjE_yqjK_yqjD_yqjC_predicted,1.6,24,9,AAGTGATATAGCGGTCGCAT,15,5173150
yqjE_yqjK_yqjD_yqjC_predicted,11.4,122,9,AAGTGACAGGTTTGAGGCTG,113,5220807
yqjE_yqjK_yqjD_yqjC_predicted,0.8,16,9,AAGTCCGTGTTTGGGGTATA,7,5193943
yqjE_yqjK_yqjD_yqjC_predicted,6.0,68,9,AAGTACAAGTCCGTAACGGG,59,5247625
yqjE_yqjK_yqjD_yqjC_predicted,2.5,33,9,AAGGTTTAACTAAATGCGAA,24,5200103
yqjE_yqjK_yqjD_yqjC_predicted,0.2,10,9,AAGGTCACAAGGTGTGTTAA,1,5252698
yqjE_yqjK_yqjD_yqjC_predicted,3.4,42,9,AAGACGTACAGCGACCCGCA,33,5256533
yqjE_yqjK_yqjD_yqjC_predicted,1.8,26,9,AACTTCTTCGTCGCCGCCTA,17,5227550
yqjE_yqjK_yqjD_yqjC_predicted,3.9,47,9,AACTAAACCCCACAGGTAAC,38,5219113
yqjE_yqjK_yqjD_yqjC_predicted,17.6,184,9,AACGTCGTTTGGGCCATCCC,175,5171746
yqjE_yqjK_yqjD_yqjC_predicted,0.2,10,9,AACCAAGACAAGAGTCTATC,1,5177304
yqjE_yqjK_yqjD_yqjC_predicted,2.6,34,9,AACATAGATAGATTTAACGT,25,5215312
yqjE_yqjK_yqjD_yqjC_predicted,6.3,71,9,AAATGTAAGAACGTAAATCA,62,5253775
yqjE_yqjK_yqjD_yqjC_predicted,3.2,40,9,AAAGGAGGTCAAATATCGAT,31,5240880
yqjE_yqjK_yqjD_yqjC_predicted,0.3,11,9,AAACTTCCGAGGAGGCAAAA,2,5203179
yqjE_yqjK_yqjD_yqjC_predicted,1.3,21,9,AAACGTTCCACCCGATTTAA,12,5245309
yqjE_yqjK_yqjD_yqjC_predicted,4.3,51,9,AAACGGGTGAGGGGCTCGCA,42,5232705
yqjE_yqjK_yqjD_yqjC_predicted,13.7,145,9,AAACCCAGGCGTATTCTGGA,136,5216073
yqjE_yqjK_yqjD_yqjC_predicted,1.7777777777777777,23,8,TTTTTTGCTTGAATTGAATT,15,5187677
yqjE_yqjK_yqjD_yqjC_predicted,2.111111111111111,26,8,TTTTTAGCATGACGTTTCGC,18,5226504
yqjE_yqjK_yqjD_yqjC_predicted,1.3333333333333333,19,8,TTTTACTACCACTTTTTGGC,11,5206500
yqjE_yqjK_yqjD_yqjC_predicted,4.111111111111111,44,8,TTTGTATGCAATCCTCGAGA,36,5178950
yqjE_yqjK_yqjD_yqjC_predicted,4.666666666666667,49,8,TTTCACAATAATTCCAAGTC,41,5205019
yqjE_yqjK_yqjD_yqjC_predicted,7.888888888888889,78,8,TTTATGGCGTTACATAGGTA,70,5237144
yqjE_yqjK_yqjD_yqjC_predicted,1.2222222222222223,18,8,TTTATCAGATGGGTGTAACT,10,5187307
yqjE_yqjK_yqjD_yqjC_predicted,10.222222222222221,99,8,TTTAGTGTGTTTGATTCACA,91,5234387
yqjE_yqjK_yqjD_yqjC_predicted,0.5555555555555556,12,8,TTTAAGGTAATGAGGTCTAG,4,5199343
yqjE_yqjK_yqjD_yqjC_predicted,1.4444444444444444,20,8,TTGTTTCAGCGACAGTGGAC,12,5173507
yqjE_yqjK_yqjD_yqjC_predicted,0.2222222222222222,9,8,TTGTGTATGTTAGGACAGTC,1,5261158
yqjE_yqjK_yqjD_yqjC_predicted,1.0,16,8,TTGTGGATATCCGACCTAGT,8,5203838
yqjE_yqjK_yqjD_yqjC_predicted,0.8888888888888888,15,8,TTGTGCGGTCACGACAGCGT,7,5207306
yqjE_yqjK_yqjD_yqjC_predicted,3.2222222222222223,36,8,TTGGGGATTCTTATTTCGAC,28,5209640
yqjE_yqjK_yqjD_yqjC_predicted,5.222222222222222,54,8,TTGGCCCGCCGTTTTTTGCT,46,5172111
yqjE_yqjK_yqjD_yqjC_predicted,9.222222222222221,90,8,TTGCGCTGGATATTCTGAAA,82,5195278
yqjE_yqjK_yqjD_yqjC_predicted,1.8888888888888888,24,8,TTGCGACGCTTTTATCACAT,16,5193704
yqjE_yqjK_yqjD_yqjC_predicted,51.0,466,8,TTGAGGACTCCGTAATGTGT,458,5233795
yqjE_yqjK_yqjD_yqjC_predicted,1.6666666666666667,22,8,TTGAAAGCTGACGGAAGATA,14,5211489
yqjE_yqjK_yqjD_yqjC_predicted,10.444444444444445,101,8,TTCTGATAGAAAATCGCTTC,93,5257385
yqjE_yqjK_yqjD_yqjC_predicted,2.111111111111111,26,8,TTCTAAGACCAATGACCCTT,18,5257697
yqjE_yqjK_yqjD_yqjC_predicted,3.0,34,8,TTCCTTTATCTAAAGTAGAA,26,5232009
yqjE_yqjK_yqjD_yqjC_predicted,6.333333333333333,64,8,TTCCTGGTACGAACTAAAAC,56,5174728
yqjE_yqjK_yqjD_yqjC_predicted,1.5555555555555556,21,8,TTCCCGAATGTATGTACGAC,13,5238421
yqjE_yqjK_yqjD_yqjC_predicted,10.222222222222221,99,8,TTAGGTTTGCCACTTGGAGT,91,5204146
yqjE_yqjK_yqjD_yqjC_predicted,9.555555555555555,93,8,TTAGGAGCCCAGCTAACGAG,85,5254605
yqjE_yqjK_yqjD_yqjC_predicted,1.1111111111111112,17,8,TTAGCTGGTACAACCGAATG,9,5229422
yqjE_yqjK_yqjD_yqjC_predicted,2.6666666666666665,31,8,TTAGATTCGGTACATAAGTT,23,5250013
yqjE_yqjK_yqjD_yqjC_predicted,1.7777777777777777,23,8,TTAGAAGGCGGACGGTCGTT,15,5243736
yqjE_yqjK_yqjD_yqjC_predicted,1.5555555555555556,21,8,TTACTCTTGTATGCCGTCGC,13,5249467
yqjE_yqjK_yqjD_yqjC_predicted,6.222222222222222,63,8,TTACTCAGCACGGGCTACTA,55,5191038
yqjE_yqjK_yqjD_yqjC_predicted,1.1111111111111112,17,8,TTACCATTGCGCAGGATTGG,9,5181477
yqjE_yqjK_yqjD_yqjC_predicted,4.666666666666667,49,8,TTAATCGGTTCATTGAATTA,41,5180647
yqjE_yqjK_yqjD_yqjC_predicted,2.4444444444444446,29,8,TTAACATTTTATCGGCTGTC,21,5192827
yqjE_yqjK_yqjD_yqjC_predicted,3.111111111111111,35,8,TGTTAGCCAAGGAGTAACTA,27,5186248
yqjE_yqjK_yqjD_yqjC_predicted,13.777777777777779,131,8,TGTGCCGGGCTATTCCCTTA,123,5208577
yqjE_yqjK_yqjD_yqjC_predicted,19.77777777777778,185,8,TGTCTGAATATGCACCGGTA,177,5182889
yqjE_yqjK_yqjD_yqjC_predicted,10.222222222222221,99,8,TGTACCACGTGTACGCGAAT,91,5174928
yqjE_yqjK_yqjD_yqjC_predicted,2.111111111111111,26,8,TGGTTCGTCGATCTTTACCA,18,5205403
yqjE_yqjK_yqjD_yqjC_predicted,5.555555555555555,57,8,TGGTTCAGGGAATCCACATG,49,5200285
yqjE_yqjK_yqjD_yqjC_predicted,3.6666666666666665,40,8,TGGTTATGCATGCAGTGCAA,32,5217895
yqjE_yqjK_yqjD_yqjC_predicted,3.3333333333333335,37,8,TGGTTAAGAGGGCTTTGTCT,29,5231315
yqjE_yqjK_yqjD_yqjC_predicted,34.111111111111114,314,8,TGGTGGATGTGGTCACGTGT,306,5256899
yqjE_yqjK_yqjD_yqjC_predicted,3.5555555555555554,39,8,TGGGGAATTCATCAAGCGAA,31,5189972
yqjE_yqjK_yqjD_yqjC_predicted,5.444444444444445,56,8,TGGGCAGCCTTTTGTTTACG,48,5242152
yqjE_yqjK_yqjD_yqjC_predicted,9.0,88,8,TGGCTCCCGCCTATCTCCTG,80,5251501
yqjE_yqjK_yqjD_yqjC_predicted,2.888888888888889,33,8,TGGCACTTAGTACTAACGGT,25,5217767
yqjE_yqjK_yqjD_yqjC_predicted,6.555555555555555,66,8,TGCTGACACCGTCGCATACT,58,5204101
yqjE_yqjK_yqjD_yqjC_predicted,1.7777777777777777,23,8,TGCGTCTGTGTCGTGAGTTA,15,5242260
yqjE_yqjK_yqjD_yqjC_predicted,3.5555555555555554,39,8,TGCGGCTAGGATTGCGAGGT,31,5207210
yqjE_yqjK_yqjD_yqjC_predicted,1.6666666666666667,22,8,TGCCTATATAATCTTCGGCC,14,5207000
yqjE_yqjK_yqjD_yqjC_predicted,2.6666666666666665,31,8,TGCCGCATCCGGTACACGAA,23,5201573
yqjE_yqjK_yqjD_yqjC_predicted,0.7777777777777778,14,8,TGCATGGCTAACAAAGCCTC,6,5178399
yqjE_yqjK_yqjD_yqjC_predicted,2.7777777777777777,32,8,TGCACTGTCAGGGGAATTAC,24,5208921
yqjE_yqjK_yqjD_yqjC_predicted,1.7777777777777777,23,8,TGAGTGGCTTGTGTCTAAAC,15,5221052
yqjE_yqjK_yqjD_yqjC_predicted,3.0,34,8,TGAGTAACGCCGTCAACTTG,26,5210764
yqjE_yqjK_yqjD_yqjC_predicted,2.111111111111111,26,8,TGAGATCCAGAAAATCAAAC,18,5234290
yqjE_yqjK_yqjD_yqjC_predicted,14.777777777777779,140,8,TGACTGGCCAGAAGGTATAA,132,5226227
yqjE_yqjK_yqjD_yqjC_predicted,0.7777777777777778,14,8,TGACCTATTGGTAACTGTCA,6,5241138
yqjE_yqjK_yqjD_yqjC_predicted,5.666666666666667,58,8,TGACCGCAGTACTAGAACGT,50,5213245
yqjE_yqjK_yqjD_yqjC_predicted,2.111111111111111,26,8,TGAATGGGAGCACCCGTGCT,18,5247522
yqjE_yqjK_yqjD_yqjC_predicted,0.2222222222222222,9,8,TGAAAATGGAGATACCATCG,1,5212886
yqjE_yqjK_yqjD_yqjC_predicted,4.0,43,8,TCTTTATTGGCCGGGGATGA,35,5244176
yqjE_yqjK_yqjD_yqjC_predicted,2.111111111111111,26,8,TCTTGACATTTCTAAGAGCG,18,5259674
yqjE_yqjK_yqjD_yqjC_predicted,10.777777777777779,104,8,TCTGTCATCCCTTAAATGAT,96,5248776
yqjE_yqjK_yqjD_yqjC_predicted,0.4444444444444444,11,8,TCTAGTAAATTGTCAAAACG,3,5170967
yqjE_yqjK_yqjD_yqjC_predicted,9.666666666666666,94,8,TCTAGGCACAGTTGAGTACA,86,5226189
yqjE_yqjK_yqjD_yqjC_predicted,52.111111111111114,476,8,TCTAGCCTTCTTTAAACTTA,468,5183932
yqjE_yqjK_yqjD_yqjC_predicted,3.0,34,8,TCTACAAGACTGCCCAAGGA,26,5209637
yqjE_yqjK_yqjD_yqjC_predicted,0.3333333333333333,10,8,TCGTTAGGGTGGGCGGGTTA,2,5178809
yqjE_yqjK_yqjD_yqjC_predicted,17.0,160,8,TCGTGTAGGGATCATATGGA,152,5245622
yqjE_yqjK_yqjD_yqjC_predicted,1.5555555555555556,21,8,TCGTCTCGCATGCCCATCCA,13,5239232
yqjE_yqjK_yqjD_yqjC_predicted,9.11111111111111,89,8,TCGGCGTTTGAAAATCTTCT,81,5254608
yqjE_yqjK_yqjD_yqjC_predicted,0.2222222222222222,9,8,TCGATTCATTAGAGAACACT,1,5187139
yqjE_yqjK_yqjD_yqjC_predicted,4.333333333333333,46,8,TCGACTGCCCAGCGCTAAAT,38,5247527
yqjE_yqjK_yqjD_yqjC_predicted,0.5555555555555556,12,8,TCGACCAAGCATTCAACGCC,4,5192841
yqjE_yqjK_yqjD_yqjC_predicted,6.0,61,8,TCCTAGGCGGCGTTGGAACT,53,5226051
yqjE_yqjK_yqjD_yqjC_predicted,0.2222222222222222,9,8,TCCTAATAGGCGGATCACAG,1,5208618
yqjE_yqjK_yqjD_yqjC_predicted,1.8888888888888888,24,8,TCCGTCAGACCTCCCTGGAC,16,5227492
yqjE_yqjK_yqjD_yqjC_predicted,0.4444444444444444,11,8,TCCGCTGTACAGAAATCCTT,3,5232666
yqjE_yqjK_yqjD_yqjC_predicted,3.111111111111111,35,8,TCCAGGTTGGTACTTGTCGG,27,5186889
yqjE_yqjK_yqjD_yqjC_predicted,1.5555555555555556,21,8,TCCAAGCTCGAAGATTTTCA,13,5259305
yqjE_yqjK_yqjD_yqjC_predicted,1.0,16,8,TCATTTCAACCTGAACGCCT,8,5252538
yqjE_yqjK_yqjD_yqjC_predicted,1.2222222222222223,18,8,TCAGTTCCACCGTGTTAAAG,10,5226814
yqjE_yqjK_yqjD_yqjC_predicted,1.7777777777777777,23,8,TCACCGGCGGGCCGGCATTC,15,5240140
yqjE_yqjK_yqjD_yqjC_predicted,0.5555555555555556,12,8,TCACATACGCTCTCGGACGC,4,5195337
yqjE_yqjK_yqjD_yqjC_predicted,0.8888888888888888,15,8,TCAACCTCTTGGGCAGATGT,7,5173618
yqjE_yqjK_yqjD_yqjC_predicted,0.3333333333333333,10,8,TATTGCTGCGACTAAAGGCT,2,5199611
yqjE_yqjK_yqjD_yqjC_predicted,6.777777777777778,68,8,TATTCGGTTATATCCTGGAC,60,5234342
yqjE_yqjK_yqjD_yqjC_predicted,2.5555555555555554,30,8,TATGTTACGGCAAGGTAGTA,22,5183443
yqjE_yqjK_yqjD_yqjC_predicted,5.0,52,8,TATGTAGGCGATGGTACGCA,44,5205581
yqjE_yqjK_yqjD_yqjC_predicted,5.555555555555555,57,8,TATCGTGCGTCGATTATAAG,49,5249970
yqjE_yqjK_yqjD_yqjC_predicted,34.77777777777778,320,8,TATAGTTCAGTCAGAGTCGG,312,5221269
yqjE_yqjK_yqjD_yqjC_predicted,1.1111111111111112,17,8,TATACTAGCTGCTTAAAAAA,9,5202276
yqjE_yqjK_yqjD_yqjC_predicted,5.111111111111111,53,8,TAGGTCTTCTTATCTGCATC,45,5186632
yqjE_yqjK_yqjD_yqjC_predicted,0.2222222222222222,9,8,TAGGGGCTGCAGTCCTCGCT,1,5240867
yqjE_yqjK_yqjD_yqjC_predicted,0.8888888888888888,15,8,TAGGGCCATCTGATACCAGA,7,5219812
yqjE_yqjK_yqjD_yqjC_predicted,0.2222222222222222,9,8,TAGGGATATACCAATGCTAT,1,5244620
yqjE_yqjK_yqjD_yqjC_predicted,2.3333333333333335,28,8,TAGCGGAAGGACCGTAACGT,20,5217965
yqjE_yqjK_yqjD_yqjC_predicted,1.2222222222222223,18,8,TAGATGGGGATTTTGGTATC,10,5198132
yqjE_yqjK_yqjD_yqjC_predicted,3.0,34,8,TAGACAGCCGTTCCGGCAAT,26,5198894
yqjE_yqjK_yqjD_yqjC_predicted,1.7777777777777777,23,8,TACTTTAGTTACGTACCTGA,15,5182351
yqjE_yqjK_yqjD_yqjC_predicted,1.6666666666666667,22,8,TACTTCGCTACGATATCTGT,14,5184834
yqjE_yqjK_yqjD_yqjC_predicted,1.6666666666666667,22,8,TACTAGCCTAAAACGCATTG,14,5259815
yqjE_yqjK_yqjD_yqjC_predicted,2.888888888888889,33,8,TACTACACAAGAGTCCCATG,25,5242051
yqjE_yqjK_yqjD_yqjC_predicted,1.4444444444444444,20,8,TACGGTCCGGCAAGATACCA,12,5195771
yqjE_yqjK_yqjD_yqjC_predicted,0.7777777777777778,14,8,TACGGCCTACGGCTTGTAGA,6,5211847
yqjE_yqjK_yqjD_yqjC_predicted,4.333333333333333,46,8,TACCGGTATGCGCGCCTAAA,38,5213621
yqjE_yqjK_yqjD_yqjC_predicted,2.7777777777777777,32,8,TACAGTTATTTTTCGTTCGA,24,5220103
yqjE_yqjK_yqjD_yqjC_predicted,1.3333333333333333,19,8,TACACATACGAGTGATTACA,11,5245700
yqjE_yqjK_yqjD_yqjC_predicted,4.111111111111111,44,8,TACAAAGGGCGGTTGGGCGC,36,5231966
yqjE_yqjK_yqjD_yqjC_predicted,1.4444444444444444,20,8,TAAGCTTGCTCCGCAGCATT,12,5214743
yqjE_yqjK_yqjD_yqjC_predicted,3.3333333333333335,37,8,TAACTTAAGATCAGAAATCA,29,5249655
yqjE_yqjK_yqjD_yqjC_predicted,8.222222222222221,81,8,TAAAGTGTTGTGGAGAGCGC,73,5233052
yqjE_yqjK_yqjD_yqjC_predicted,2.111111111111111,26,8,GTTTTTCAGTGCCAGACGCA,18,5240771
yqjE_yqjK_yqjD_yqjC_predicted,1.5555555555555556,21,8,GTTGTGCGTCCCGCATGATG,13,5226863
yqjE_yqjK_yqjD_yqjC_predicted,3.5555555555555554,39,8,GTTGCCACACTATTGTTTTC,31,5257740
yqjE_yqjK_yqjD_yqjC_predicted,2.0,25,8,GTTGCAAGCCCTGGTGGATC,17,5198621
yqjE_yqjK_yqjD_yqjC_predicted,2.888888888888889,33,8,GTTCGTTGGTGGACCCGTCG,25,5237872
yqjE_yqjK_yqjD_yqjC_predicted,2.888888888888889,33,8,GTTCGCGATCCGATAGGGTC,25,5194753
yqjE_yqjK_yqjD_yqjC_predicted,2.111111111111111,26,8,GTTCATCTTCGGGCCTAAAC,18,5199148
yqjE_yqjK_yqjD_yqjC_predicted,21.555555555555557,201,8,GTTAGGGATAAGAAAGGCAG,193,5189680
yqjE_yqjK_yqjD_yqjC_predicted,4.333333333333333,46,8,GTTAACGGCGGGGGACTAAA,38,5251740
yqjE_yqjK_yqjD_yqjC_predicted,2.7777777777777777,32,8,GTGTTAGGCCGGCCCATACA,24,5236555
yqjE_yqjK_yqjD_yqjC_predicted,8.777777777777779,86,8,GTGTAGTCGTAATGACGAGG,78,5234353
yqjE_yqjK_yqjD_yqjC_predicted,0.8888888888888888,15,8,GTGCCCCAGTCGGAGATAGC,7,5209299
yqjE_yqjK_yqjD_yqjC_predicted,2.111111111111111,26,8,GTGATTTTACCACGCTGTGT,18,5193383
yqjE_yqjK_yqjD_yqjC_predicted,0.2222222222222222,9,8,GTGATCTTGTTCTAAAACGT,1,5192189
yqjE_yqjK_yqjD_yqjC_predicted,2.3333333333333335,28,8,GTGACCGTTTTAGTGGCCCC,20,5258086
yqjE_yqjK_yqjD_yqjC_predicted,3.111111111111111,35,8,GTCTGAGAGGGGTCGTAAGT,27,5177572
yqjE_yqjK_yqjD_yqjC_predicted,8.11111111111111,80,8,GTCTCTCTATCTTATGTCAT,72,5212295
yqjE_yqjK_yqjD_yqjC_predicted,0.5555555555555556,12,8,GTCTCGTCCGATACGCTGTT,4,5178137
yqjE_yqjK_yqjD_yqjC_predicted,0.3333333333333333,10,8,GTCATGCTACATCAATTTCT,2,5233115
yqjE_yqjK_yqjD_yqjC_predicted,2.6666666666666665,31,8,GTATTCCGGAGTCTCTTGGT,23,5236287
yqjE_yqjK_yqjD_yqjC_predicted,4.666666666666667,49,8,GTAACCCTTCCTATCTAGTC,41,5209457
yqjE_yqjK_yqjD_yqjC_predicted,17.444444444444443,164,8,GGTTTTGTAGTTGCTTTTAA,156,5211591
yqjE_yqjK_yqjD_yqjC_predicted,2.0,25,8,GGTTATTATCGCTGAATGGC,17,5260384
yqjE_yqjK_yqjD_yqjC_predicted,2.888888888888889,33,8,GGTGTCACACCGTCTACTTT,25,5223553
yqjE_yqjK_yqjD_yqjC_predicted,6.888888888888889,69,8,GGTGATCACGCCCACGACGA,61,5248178
yqjE_yqjK_yqjD_yqjC_predicted,2.888888888888889,33,8,GGTCGGGCTAGCTGGATAGG,25,5259579
yqjE_yqjK_yqjD_yqjC_predicted,5.444444444444445,56,8,GGTCCTCGAAAGACTGGGAT,48,5196650
yqjE_yqjK_yqjD_yqjC_predicted,0.6666666666666666,13,8,GGTCCAGGCTCACGCTCCTT,5,5259038
yqjE_yqjK_yqjD_yqjC_predicted,2.6666666666666665,31,8,GGTAGGTCGGTCAAATAATT,23,5204242
yqjE_yqjK_yqjD_yqjC_predicted,2.4444444444444446,29,8,GGTAAGTATGCCAAAATGCG,21,5217404
yqjE_yqjK_yqjD_yqjC_predicted,6.444444444444445,65,8,GGGTTGTGCTGACACAAGGT,57,5247588
yqjE_yqjK_yqjD_yqjC_predicted,2.2222222222222223,27,8,GGGTTGGGCCTGCCCCCTTA,19,5177281
yqjE_yqjK_yqjD_yqjC_predicted,2.6666666666666665,31,8,GGGTGCCCCCCGCGTTGGAA,23,5242261
yqjE_yqjK_yqjD_yqjC_predicted,1.2222222222222223,18,8,GGGGTTTATAAGTACACGGA,10,5233191
yqjE_yqjK_yqjD_yqjC_predicted,4.555555555555555,48,8,GGGATGTATATATAATCCAG,40,5248569
yqjE_yqjK_yqjD_yqjC_predicted,1.5555555555555556,21,8,GGGATGCTCAAGACTGGCTG,13,5211136
yqjE_yqjK_yqjD_yqjC_predicted,0.7777777777777778,14,8,GGGACCACCAATTGCGCTAG,6,5217599
yqjE_yqjK_yqjD_yqjC_predicted,6.444444444444445,65,8,GGCTTTTCCGTTATGTTGTC,57,5175224
yqjE_yqjK_yqjD_yqjC_predicted,0.5555555555555556,12,8,GGCTTGGCACTCTAACGGCC,4,5249452
yqjE_yqjK_yqjD_yqjC_predicted,3.111111111111111,35,8,GGCTTAGCTACTTGCTCCAT,27,5240988
yqjE_yqjK_yqjD_yqjC_predicted,7.444444444444445,74,8,GGCTCCATTGAAGCCTAGAC,66,5214175
yqjE_yqjK_yqjD_yqjC_predicted,4.222222222222222,45,8,GGCGGGCCATAGGCATACTA,37,5225553
yqjE_yqjK_yqjD_yqjC_predicted,5.888888888888889,60,8,GGCCACAGAAGCAACATTCC,52,5182887
yqjE_yqjK_yqjD_yqjC_predicted,2.888888888888889,33,8,GGCAGGTCAGGTAAGAGAAG,25,5174156
yqjE_yqjK_yqjD_yqjC_predicted,3.5555555555555554,39,8,GGATGCGGAACGGCTCGGAT,31,5202029
yqjE_yqjK_yqjD_yqjC_predicted,13.88888888888889,132,8,GGATCAATTGGCGCCAGTGT,124,5201331
yqjE_yqjK_yqjD_yqjC_predicted,1.8888888888888888,24,8,GGATAGGTCGTATGGTTGTT,16,5187409
yqjE_yqjK_yqjD_yqjC_predicted,3.888888888888889,42,8,GGAGTTGGGCCGATTGTCAA,34,5192943
yqjE_yqjK_yqjD_yqjC_predicted,8.666666666666666,85,8,GGAGTGAAAAGGATTCTTTA,77,5203153
yqjE_yqjK_yqjD_yqjC_predicted,4.444444444444445,47,8,GGAGGTGCTCGTGTCCGTAT,39,5227128
yqjE_yqjK_yqjD_yqjC_predicted,23.666666666666668,220,8,GGAGCTAGCCGAATCGACAC,212,5238808
yqjE_yqjK_yqjD_yqjC_predicted,6.111111111111111,62,8,GGAAACTATTAGAATGCCGG,54,5198245
yqjE_yqjK_yqjD_yqjC_predicted,1.3333333333333333,19,8,GCTTTGATTCGGGTACGGCC,11,5204582
yqjE_yqjK_yqjD_yqjC_predicted,4.666666666666667,49,8,GCTGTAATCGACGGAATCAC,41,5253165
yqjE_yqjK_yqjD_yqjC_predicted,7.333333333333333,73,8,GCTGGTTAGCCCCAAACCGT,65,5193389
yqjE_yqjK_yqjD_yqjC_predicted,3.0,34,8,GCTGAACTCAAAGACTCTGG,26,5224467
yqjE_yqjK_yqjD_yqjC_predicted,17.333333333333332,163,8,GCTCGGAACTGAAAGACCGT,155,5202015
yqjE_yqjK_yqjD_yqjC_predicted,2.4444444444444446,29,8,GCTCGCGATTACTAGAGAAC,21,5190507
yqjE_yqjK_yqjD_yqjC_predicted,10.666666666666666,103,8,GCTAGTCCGGGAGCCGGCCT,95,5254243
yqjE_yqjK_yqjD_yqjC_predicted,0.2222222222222222,9,8,GCGTGGCCCGAGTTCGCCAG,1,5202148
yqjE_yqjK_yqjD_yqjC_predicted,2.2222222222222223,27,8,GCGGGGCTTGTGTACATTCC,19,5202711
yqjE_yqjK_yqjD_yqjC_predicted,24.77777777777778,230,8,GCGGGATTCGTATGCGAATG,222,5208679
yqjE_yqjK_yqjD_yqjC_predicted,8.11111111111111,80,8,GCGGAGATGAGGCAGCTTAC,72,5200943
yqjE_yqjK_yqjD_yqjC_predicted,0.2222222222222222,9,8,GCGGAACTTCTGCAGGCCGT,1,5247328
yqjE_yqjK_yqjD_yqjC_predicted,1.0,16,8,GCGCGTCTCTACTGTTGTAT,8,5197754
yqjE_yqjK_yqjD_yqjC_predicted,0.7777777777777778,14,8,GCGCCGAAAATACAGCGAAT,6,5252326
yqjE_yqjK_yqjD_yqjC_predicted,8.555555555555555,84,8,GCGCACTTAAAACGCGTCTA,76,5184807
yqjE_yqjK_yqjD_yqjC_predicted,2.0,25,8,GCGAACTCAGTGATAAGCGA,17,5253989
yqjE_yqjK_yqjD_yqjC_predicted,8.11111111111111,80,8,GCCGTTTGTTTGGTTTATGT,72,5178361
yqjE_yqjK_yqjD_yqjC_predicted,3.0,34,8,GCCGGTTTTTCTGTTGCGAA,26,5178419
yqjE_yqjK_yqjD_yqjC_predicted,1.7777777777777777,23,8,GCCGCAACGACACAAGTCAT,15,5213106
yqjE_yqjK_yqjD_yqjC_predicted,4.0,43,8,GCCATCGTGCTACAATACGG,35,5182238
yqjE_yqjK_yqjD_yqjC_predicted,1.1111111111111112,17,8,GCCATCCGCCATCAAAGAAT,9,5221306
yqjE_yqjK_yqjD_yqjC_predicted,1.0,16,8,GCCAGTTGCTCGTGCCGAGT,8,5252766
yqjE_yqjK_yqjD_yqjC_predicted,2.3333333333333335,28,8,GCCACGCTATAAGTAACAGG,20,5261669
yqjE_yqjK_yqjD_yqjC_predicted,4.777777777777778,50,8,GCATGCATCTAACCCGGTCT,42,5191710
yqjE_yqjK_yqjD_yqjC_predicted,2.6666666666666665,31,8,GCAGCAGTTAAGTAATCCCT,23,5231463
yqjE_yqjK_yqjD_yqjC_predicted,0.8888888888888888,15,8,GCACGTGGTCAGGCTGGTTT,7,5233298
yqjE_yqjK_yqjD_yqjC_predicted,1.8888888888888888,24,8,GCACACCTCTCTGTATGACA,16,5236941
yqjE_yqjK_yqjD_yqjC_predicted,0.2222222222222222,9,8,GCAAGGCGGCACAGTCAAAA,1,5185841
yqjE_yqjK_yqjD_yqjC_predicted,3.888888888888889,42,8,GCAAGCTGTCCTGGTACTCA,34,5190401
yqjE_yqjK_yqjD_yqjC_predicted,1.3333333333333333,19,8,GCAAGCCAGAGCTCGGGCTG,11,5229421
yqjE_yqjK_yqjD_yqjC_predicted,3.6666666666666665,40,8,GATTGCCGACAGTACTCCGA,32,5178340
yqjE_yqjK_yqjD_yqjC_predicted,13.777777777777779,131,8,GATTGCATGGGGTCCTTTCG,123,5248129
yqjE_yqjK_yqjD_yqjC_predicted,0.7777777777777778,14,8,GATTCTGTCGAAAGCATCAT,6,5210665
yqjE_yqjK_yqjD_yqjC_predicted,3.0,34,8,GATTCATGTAGGCAGAATTG,26,5176976
yqjE_yqjK_yqjD_yqjC_predicted,3.888888888888889,42,8,GATTCAGAATTAGACCACCA,34,5229035
yqjE_yqjK_yqjD_yqjC_predicted,7.0,70,8,GATGGGAACCACCAAGTACA,62,5240263
yqjE_yqjK_yqjD_yqjC_predicted,6.111111111111111,62,8,GATCTGCGAGCCACTAAAAC,54,5183440
yqjE_yqjK_yqjD_yqjC_predicted,1.4444444444444444,20,8,GATCTGCCGAGCACTGTGAA,12,5228581
yqjE_yqjK_yqjD_yqjC_predicted,3.2222222222222223,36,8,GATACGCCGGTCATCCCCCA,28,5241625
yqjE_yqjK_yqjD_yqjC_predicted,2.3333333333333335,28,8,GAGTACCCTGCGAGACGTAA,20,5246497
yqjE_yqjK_yqjD_yqjC_predicted,1.1111111111111112,17,8,GAGGTGAGAGAGTTCGATAA,9,5251766
yqjE_yqjK_yqjD_yqjC_predicted,4.111111111111111,44,8,GAGGGTACCTTACCGAACTA,36,5179518
yqjE_yqjK_yqjD_yqjC_predicted,1.7777777777777777,23,8,GAGCCTTGCAGTTAACAACC,15,5260818
yqjE_yqjK_yqjD_yqjC_predicted,3.3333333333333335,37,8,GAGCCTGGAGGTTTAATATT,29,5229281
yqjE_yqjK_yqjD_yqjC_predicted,1.3333333333333333,19,8,GAGATTTCGTTGCAAGCGCT,11,5245505
yqjE_yqjK_yqjD_yqjC_predicted,1.5555555555555556,21,8,GAGAATTAGCCTAGCTCCTT,13,5234086
yqjE_yqjK_yqjD_yqjC_predicted,2.888888888888889,33,8,GACTTACCTAAAGTGAGACT,25,5235988
yqjE_yqjK_yqjD_yqjC_predicted,3.111111111111111,35,8,GACCACGCCTCTGTAAACAT,27,5219786
yqjE_yqjK_yqjD_yqjC_predicted,1.1111111111111112,17,8,GACATGGAGGGGGTGGAGAT,9,5219043
yqjE_yqjK_yqjD_yqjC_predicted,0.8888888888888888,15,8,GACAGGGTATTTAACGGTAA,7,5256974
yqjE_yqjK_yqjD_yqjC_predicted,0.5555555555555556,12,8,GACAGACTGGCTGTTTCGAA,4,5260812
yqjE_yqjK_yqjD_yqjC_predicted,8.666666666666666,85,8,GAAGGTTAAGAAACCAGTGG,77,5208573
yqjE_yqjK_yqjD_yqjC_predicted,5.888888888888889,60,8,GAAGGGAGTTTGATTGGGAC,52,5200280
yqjE_yqjK_yqjD_yqjC_predicted,0.2222222222222222,9,8,GAACTTGCCCTTCGAATTAA,1,5206351
yqjE_yqjK_yqjD_yqjC_predicted,4.0,43,8,GAACTTACCTAGACGATTTA,35,5192840
yqjE_yqjK_yqjD_yqjC_predicted,0.2222222222222222,9,8,CTTTCAATCGAAGGAAGCCT,1,5196537
yqjE_yqjK_yqjD_yqjC_predicted,1.4444444444444444,20,8,CTTTACTTCTTTCGTTTCCA,12,5237878
yqjE_yqjK_yqjD_yqjC_predicted,2.111111111111111,26,8,CTTGGGTTCATGAAATTTTC,18,5225340
yqjE_yqjK_yqjD_yqjC_predicted,9.11111111111111,89,8,CTTGCGTCACTATCATTGTC,81,5215313
yqjE_yqjK_yqjD_yqjC_predicted,7.111111111111111,71,8,CTTCGAATCTATGCTCCCAT,63,5174664
yqjE_yqjK_yqjD_yqjC_predicted,16.555555555555557,156,8,CTTATGGAGAGCTTATGTTA,148,5187269
yqjE_yqjK_yqjD_yqjC_predicted,0.7777777777777778,14,8,CTTATGAGACCACTTCGGAA,6,5209120
yqjE_yqjK_yqjD_yqjC_predicted,0.2222222222222222,9,8,CTTAAGTGCATCCGAACGTT,1,5189735
yqjE_yqjK_yqjD_yqjC_predicted,11.777777777777779,113,8,CTTAACGGGGCCGCGACGTG,105,5182945
yqjE_yqjK_yqjD_yqjC_predicted,3.111111111111111,35,8,CTGTGGGTACGCCTACCGGA,27,5237796
yqjE_yqjK_yqjD_yqjC_predicted,1.1111111111111112,17,8,CTGGAGAAAAAAGGCGAGAA,9,5257477
yqjE_yqjK_yqjD_yqjC_predicted,4.222222222222222,45,8,CTGCTTAAGTCTTCCGAGGG,37,5254327
yqjE_yqjK_yqjD_yqjC_predicted,1.4444444444444444,20,8,CTGCCCTAAAATTAACTCTG,12,5195338
yqjE_yqjK_yqjD_yqjC_predicted,2.6666666666666665,31,8,CTGCAGCGGAATCGTTAGAT,23,5244491
yqjE_yqjK_yqjD_yqjC_predicted,3.3333333333333335,37,8,CTCTTGAATGGGGTTTTGAT,29,5241928
yqjE_yqjK_yqjD_yqjC_predicted,1.2222222222222223,18,8,CTCTAATGTTGGGCTGCTTG,10,5256710
yqjE_yqjK_yqjD_yqjC_predicted,23.666666666666668,220,8,CTCGGTGCCCTGGGCTATGG,212,5185984
yqjE_yqjK_yqjD_yqjC_predicted,1.2222222222222223,18,8,CTCCTCATTAGCAGCAGTCC,10,5186779
yqjE_yqjK_yqjD_yqjC_predicted,2.111111111111111,26,8,CTCCCTTAGATGCCAGTCGG,18,5235638
yqjE_yqjK_yqjD_yqjC_predicted,8.444444444444445,83,8,CTCAACATTTGATATGTATA,75,5184528
yqjE_yqjK_yqjD_yqjC_predicted,1.6666666666666667,22,8,CTATTTCTTGTGTCTGTTCT,14,5187969
yqjE_yqjK_yqjD_yqjC_predicted,3.0,34,8,CTATAGCGACTACTCTCGAC,26,5249043
yqjE_yqjK_yqjD_yqjC_predicted,3.5555555555555554,39,8,CTAGGCCTCTTGACGGCTCA,31,5201692
yqjE_yqjK_yqjD_yqjC_predicted,1.2222222222222223,18,8,CTAGACGAAATGGCGGCACT,10,5192672
yqjE_yqjK_yqjD_yqjC_predicted,3.6666666666666665,40,8,CTACTGGCACTAGACGATAT,32,5201736
yqjE_yqjK_yqjD_yqjC_predicted,2.111111111111111,26,8,CTAATCCGCGCAACTTGGAT,18,5257991
yqjE_yqjK_yqjD_yqjC_predicted,3.0,34,8,CTAACTAGCGCTAAACGCCT,26,5244938
yqjE_yqjK_yqjD_yqjC_predicted,2.4444444444444446,29,8,CGTTCCTACAAGCACACGGA,21,5259539
yqjE_yqjK_yqjD_yqjC_predicted,1.7777777777777777,23,8,CGTTCCCGCTTCGAAAGTGG,15,5190642
yqjE_yqjK_yqjD_yqjC_predicted,1.7777777777777777,23,8,CGTGTTCGTAGGCATCCCAC,15,5229843
yqjE_yqjK_yqjD_yqjC_predicted,3.0,34,8,CGTCGTTTAATATGGCCGCT,26,5255284
yqjE_yqjK_yqjD_yqjC_predicted,3.888888888888889,42,8,CGTCGTGTTTAATGACGGCT,34,5235937
yqjE_yqjK_yqjD_yqjC_predicted,3.0,34,8,CGTAGCATGCCTTTCAGCAG,26,5173249
yqjE_yqjK_yqjD_yqjC_predicted,2.2222222222222223,27,8,CGGTTGGGCTCAGTGAGGCC,19,5233971
yqjE_yqjK_yqjD_yqjC_predicted,5.777777777777778,59,8,CGGTTCAATACCCCGTTGGG,51,5248183
yqjE_yqjK_yqjD_yqjC_predicted,3.4444444444444446,38,8,CGGTTATGGGTCTCTAGCAG,30,5240033
yqjE_yqjK_yqjD_yqjC_predicted,21.77777777777778,203,8,CGGTAGTTGCGGGATGAATC,195,5238770
yqjE_yqjK_yqjD_yqjC_predicted,1.7777777777777777,23,8,CGGGGGCAACCAATTCCAGG,15,5211960
yqjE_yqjK_yqjD_yqjC_predicted,1.3333333333333333,19,8,CGGGCTCTGATAGCGCTACT,11,5244788
yqjE_yqjK_yqjD_yqjC_predicted,0.3333333333333333,10,8,CGGGACATCTGATCATCCAT,2,5188101
yqjE_yqjK_yqjD_yqjC_predicted,8.333333333333334,82,8,CGGCTCGTAGACATAGCAGG,74,5244537
yqjE_yqjK_yqjD_yqjC_predicted,0.2222222222222222,9,8,CGGCGTTTCGCCTTTATCAC,1,5184119
yqjE_yqjK_yqjD_yqjC_predicted,4.666666666666667,49,8,CGGCGGTATTAATTCACTGC,41,5215357
yqjE_yqjK_yqjD_yqjC_predicted,1.8888888888888888,24,8,CGGCGCATGTTGGCTGCTTA,16,5230471
yqjE_yqjK_yqjD_yqjC_predicted,5.333333333333333,55,8,CGGCCTAAAGGGATTGCGTG,47,5239240
yqjE_yqjK_yqjD_yqjC_predicted,5.0,52,8,CGGCACTGACGCGGTTGGCT,44,5215445
yqjE_yqjK_yqjD_yqjC_predicted,0.6666666666666666,13,8,CGGCACAGGTCGATGTGTAA,5,5180441
yqjE_yqjK_yqjD_yqjC_predicted,5.666666666666667,58,8,CGGACAACGATTTTTGGCGC,50,5218225
yqjE_yqjK_yqjD_yqjC_predicted,3.7777777777777777,41,8,CGCGTCAGTGCGCTTTATTC,33,5237149
yqjE_yqjK_yqjD_yqjC_predicted,2.0,25,8,CGCGACCAAATCAAAGGCCT,17,5200874
yqjE_yqjK_yqjD_yqjC_predicted,3.6666666666666665,40,8,CGATTGTAAGGACATACAAT,32,5173630
yqjE_yqjK_yqjD_yqjC_predicted,1.0,16,8,CGATCAGTCGTGGCTGGCGG,8,5255718
yqjE_yqjK_yqjD_yqjC_predicted,0.2222222222222222,9,8,CGATATTCTCGAGGGCGCTT,1,5196534
yqjE_yqjK_yqjD_yqjC_predicted,3.2222222222222223,36,8,CGATAGTATTAGGGGAAGTT,28,5200940
yqjE_yqjK_yqjD_yqjC_predicted,1.4444444444444444,20,8,CGAGTCAAGATGTATCACAG,12,5229074
yqjE_yqjK_yqjD_yqjC_predicted,3.6666666666666665,40,8,CGAGGCTATTAACAATCATG,32,5171365
yqjE_yqjK_yqjD_yqjC_predicted,4.222222222222222,45,8,CGAGACAAACGCAAGGATCA,37,5212299
yqjE_yqjK_yqjD_yqjC_predicted,0.2222222222222222,9,8,CGACGTGGCACGGTTAGTAC,1,5196632
yqjE_yqjK_yqjD_yqjC_predicted,3.2222222222222223,36,8,CGAATCCGTGTGTGGATCCC,28,5211002
yqjE_yqjK_yqjD_yqjC_predicted,2.6666666666666665,31,8,CGAATCAGTGACTGAATGTT,23,5177161
yqjE_yqjK_yqjD_yqjC_predicted,5.111111111111111,53,8,CCTGGCCGGGCGACGAATGC,45,5174925
yqjE_yqjK_yqjD_yqjC_predicted,2.2222222222222223,27,8,CCTGCGGAAGAGGCAATCGG,19,5223091
yqjE_yqjK_yqjD_yqjC_predicted,2.5555555555555554,30,8,CCTCTAAATCGAGCGACCTG,22,5207004
yqjE_yqjK_yqjD_yqjC_predicted,7.777777777777778,77,8,CCGTATAAGGAGCAACGTTC,69,5245630
yqjE_yqjK_yqjD_yqjC_predicted,1.3333333333333333,19,8,CCGGTCGTCCCTACAGGGAA,11,5250355
yqjE_yqjK_yqjD_yqjC_predicted,0.7777777777777778,14,8,CCGCCCTACGAGCGAGAGAG,6,5217466
yqjE_yqjK_yqjD_yqjC_predicted,1.4444444444444444,20,8,CCGATCGGCAAGTGACAGGG,12,5217598
yqjE_yqjK_yqjD_yqjC_predicted,3.6666666666666665,40,8,CCCGGTAAACTGCTCGCCCC,32,5178018
yqjE_yqjK_yqjD_yqjC_predicted,1.1111111111111112,17,8,CCCGGATCATTTATGAATTT,9,5243908
yqjE_yqjK_yqjD_yqjC_predicted,2.0,25,8,CCCGGAGGCTTAGGGGGTTA,17,5258952
yqjE_yqjK_yqjD_yqjC_predicted,7.444444444444445,74,8,CCCGAACTCCGGCGACAATT,66,5253590
yqjE_yqjK_yqjD_yqjC_predicted,9.555555555555555,93,8,CCCCCAACTGCAGTTTGCGT,85,5194654
yqjE_yqjK_yqjD_yqjC_predicted,0.4444444444444444,11,8,CCCATGCTGTGTAGCCTGAA,3,5238680
yqjE_yqjK_yqjD_yqjC_predicted,3.888888888888889,42,8,CCCATGCATATAGACTGTGA,34,5251151
yqjE_yqjK_yqjD_yqjC_predicted,2.6666666666666665,31,8,CCCAGTAAAAGTCGCCGGGT,23,5247053
yqjE_yqjK_yqjD_yqjC_predicted,0.2222222222222222,9,8,CCCACCGGCTTCAGTGTGTT,1,5227731
yqjE_yqjK_yqjD_yqjC_predicted,0.2222222222222222,9,8,CCCAAGGCCCCCATGCTTTC,1,5240143
yqjE_yqjK_yqjD_yqjC_predicted,2.6666666666666665,31,8,CCATTCTCGGAGGGACGCTT,23,5236049
yqjE_yqjK_yqjD_yqjC_predicted,1.7777777777777777,23,8,CCATGTCTGATTGCACCGCG,15,5245972
yqjE_yqjK_yqjD_yqjC_predicted,3.3333333333333335,37,8,CCATGGTGCCATCTGCCGTT,29,5182503
yqjE_yqjK_yqjD_yqjC_predicted,0.2222222222222222,9,8,CCAGGCCCAGCAAATGGCCT,1,5260996
yqjE_yqjK_yqjD_yqjC_predicted,0.6666666666666666,13,8,CCACTCCAATCGGTGAATAT,5,5257089
yqjE_yqjK_yqjD_yqjC_predicted,2.3333333333333335,28,8,CCAACTCTAGGGTGGGTCGC,20,5188355
yqjE_yqjK_yqjD_yqjC_predicted,2.6666666666666665,31,8,CCAACCCGGTCCCAGCAAGC,23,5213926
yqjE_yqjK_yqjD_yqjC_predicted,0.2222222222222222,9,8,CCAACAACACGATATTTGAA,1,5229828
yqjE_yqjK_yqjD_yqjC_predicted,2.5555555555555554,30,8,CATTTCATTATGCATCTTGC,22,5243970
yqjE_yqjK_yqjD_yqjC_predicted,12.0,115,8,CATGCGCTCCTTGTAAGGCG,107,5189611
yqjE_yqjK_yqjD_yqjC_predicted,4.111111111111111,44,8,CATAGTCTTGTGCCATTGTC,36,5228297
yqjE_yqjK_yqjD_yqjC_predicted,5.111111111111111,53,8,CATACGCTGGCACGGGTCAG,45,5186637
yqjE_yqjK_yqjD_yqjC_predicted,3.0,34,8,CATAAGGCTCGCTGTGGGGA,26,5182812
yqjE_yqjK_yqjD_yqjC_predicted,0.6666666666666666,13,8,CAGGTGCTTCGTACTGCCCA,5,5193494
yqjE_yqjK_yqjD_yqjC_predicted,2.2222222222222223,27,8,CAGGTCACGTAAGTCCAAAA,19,5189001
yqjE_yqjK_yqjD_yqjC_predicted,2.0,25,8,CAGGTAGTTGACAGGTAAGG,17,5229641
yqjE_yqjK_yqjD_yqjC_predicted,10.222222222222221,99,8,CAGGGATGTCCGAACTGAAC,91,5251876
yqjE_yqjK_yqjD_yqjC_predicted,6.111111111111111,62,8,CAGGACTTTACCGCACAGTA,54,5181181
yqjE_yqjK_yqjD_yqjC_predicted,3.111111111111111,35,8,CAGCGTCTCATAACATCTCC,27,5184532
yqjE_yqjK_yqjD_yqjC_predicted,1.7777777777777777,23,8,CAGCGCACTGGGCATGCCCT,15,5247615
yqjE_yqjK_yqjD_yqjC_predicted,1.5555555555555556,21,8,CAGCAATGGCCTGAGGTCTA,13,5192670
yqjE_yqjK_yqjD_yqjC_predicted,2.5555555555555554,30,8,CAGATCCAGGGTGACGGTGA,22,5190427
yqjE_yqjK_yqjD_yqjC_predicted,1.7777777777777777,23,8,CAGAGCGAAGCGCGGCAGGT,15,5173629
yqjE_yqjK_yqjD_yqjC_predicted,0.6666666666666666,13,8,CAGAAGTCCATTACTTGCCC,5,5189817
yqjE_yqjK_yqjD_yqjC_predicted,0.8888888888888888,15,8,CACTCCCGGGTAGACGCATG,7,5227337
yqjE_yqjK_yqjD_yqjC_predicted,3.6666666666666665,40,8,CACTCACAGCGGGTTTCACC,32,5239392
yqjE_yqjK_yqjD_yqjC_predicted,2.4444444444444446,29,8,CACGGTGAGGAAACAGGGTG,21,5246296
yqjE_yqjK_yqjD_yqjC_predicted,5.666666666666667,58,8,CACATTACTGGAGTGAAAAT,50,5194643
yqjE_yqjK_yqjD_yqjC_predicted,1.3333333333333333,19,8,CACATCATCAAGCATGTATT,11,5203969
yqjE_yqjK_yqjD_yqjC_predicted,2.888888888888889,33,8,CACACCGACCTGTACACTCA,25,5247606
yqjE_yqjK_yqjD_yqjC_predicted,1.5555555555555556,21,8,CAATTAGTTAGTGCTGGCGG,13,5251076
yqjE_yqjK_yqjD_yqjC_predicted,6.111111111111111,62,8,CAATGCAATCCTGGCAGCGG,54,5242498
yqjE_yqjK_yqjD_yqjC_predicted,1.2222222222222223,18,8,CAATCTGTTTCGCCTTCATC,10,5219709
yqjE_yqjK_yqjD_yqjC_predicted,3.111111111111111,35,8,CAATAACAGGTAGTTAGGCA,27,5187963
yqjE_yqjK_yqjD_yqjC_predicted,0.4444444444444444,11,8,CAACAAGTTTCTGTGAACAA,3,5200762
yqjE_yqjK_yqjD_yqjC_predicted,0.2222222222222222,9,8,ATTTACGACCTTTCGCTGTG,1,5175562
yqjE_yqjK_yqjD_yqjC_predicted,6.444444444444445,65,8,ATTGTATATCGATGCGTATC,57,5200950
yqjE_yqjK_yqjD_yqjC_predicted,1.7777777777777777,23,8,ATTGGGGCTGATATAGTAAG,15,5205428
yqjE_yqjK_yqjD_yqjC_predicted,4.333333333333333,46,8,ATTCGTACGCATCAGTTTTG,38,5220273
yqjE_yqjK_yqjD_yqjC_predicted,0.6666666666666666,13,8,ATTCGGGGCGCCATCACTAC,5,5192746
yqjE_yqjK_yqjD_yqjC_predicted,10.444444444444445,101,8,ATTAGTACGTTAGGTACAAT,93,5247391
yqjE_yqjK_yqjD_yqjC_predicted,4.555555555555555,48,8,ATTACTCAGAAGGTTACGTC,40,5196653
yqjE_yqjK_yqjD_yqjC_predicted,1.7777777777777777,23,8,ATTACGTGATTGCGTCCCCG,15,5232260
yqjE_yqjK_yqjD_yqjC_predicted,3.0,34,8,ATTACGATGGAATAATAGAA,26,5172055
yqjE_yqjK_yqjD_yqjC_predicted,51.55555555555556,471,8,ATTAACCCTTATTATCTGGT,463,5221265
yqjE_yqjK_yqjD_yqjC_predicted,2.3333333333333335,28,8,ATGGTCGGCCGGCCTCGCGA,20,5233696
yqjE_yqjK_yqjD_yqjC_predicted,2.4444444444444446,29,8,ATGGGCTCATCCAAGGTGCA,21,5234479
yqjE_yqjK_yqjD_yqjC_predicted,4.444444444444445,47,8,ATGGCCTATGTGTGCAAGAT,39,5244317
yqjE_yqjK_yqjD_yqjC_predicted,0.8888888888888888,15,8,ATGGATATTCTATGGCAACA,7,5184254
yqjE_yqjK_yqjD_yqjC_predicted,7.333333333333333,73,8,ATGCCTTGCTCAACAAAGAT,65,5238420
yqjE_yqjK_yqjD_yqjC_predicted,0.2222222222222222,9,8,ATGAACTTATTTAGAGGCTC,1,5225879
yqjE_yqjK_yqjD_yqjC_predicted,0.6666666666666666,13,8,ATCTTTGTGGAACAATTGGG,5,5257753
yqjE_yqjK_yqjD_yqjC_predicted,1.5555555555555556,21,8,ATCTTACGAGACAGATCGCG,13,5245511
yqjE_yqjK_yqjD_yqjC_predicted,4.333333333333333,46,8,ATCTACGCACTTAATGTTTG,38,5251190
yqjE_yqjK_yqjD_yqjC_predicted,5.444444444444445,56,8,ATCGCGTGGTATATTTGTTC,48,5236894
yqjE_yqjK_yqjD_yqjC_predicted,1.2222222222222223,18,8,ATCATCGCTAGTCAAAGATT,10,5228989
yqjE_yqjK_yqjD_yqjC_predicted,3.6666666666666665,40,8,ATCACTCAAAGGCGTCCTGG,32,5210448
yqjE_yqjK_yqjD_yqjC_predicted,0.4444444444444444,11,8,ATATCTCCGTGCGCCAACCG,3,5241014
yqjE_yqjK_yqjD_yqjC_predicted,3.5555555555555554,39,8,ATATCAGATTGGTGTGGTGA,31,5233384
yqjE_yqjK_yqjD_yqjC_predicted,2.0,25,8,ATAGCTACGTCCACTACGTT,17,5229491
yqjE_yqjK_yqjD_yqjC_predicted,1.5555555555555556,21,8,ATACTCCGGTCCAAGGCGGA,13,5206686
yqjE_yqjK_yqjD_yqjC_predicted,0.2222222222222222,9,8,ATACGGACGGTAGTCACAAC,1,5201612
yqjE_yqjK_yqjD_yqjC_predicted,1.2222222222222223,18,8,ATACGCCGGTAAGGCCCATT,10,5253073
yqjE_yqjK_yqjD_yqjC_predicted,3.111111111111111,35,8,ATAATTGGGAAGGTTATGGT,27,5211390
yqjE_yqjK_yqjD_yqjC_predicted,1.1111111111111112,17,8,ATAAGCCGAAACCCCAGGGT,9,5214714
yqjE_yqjK_yqjD_yqjC_predicted,5.444444444444445,56,8,ATAAATAATGCATGAGATTA,48,5246349
yqjE_yqjK_yqjD_yqjC_predicted,5.333333333333333,55,8,AGTTCATGAACCCGGATCTC,47,5231614
yqjE_yqjK_yqjD_yqjC_predicted,0.8888888888888888,15,8,AGTTAGCATTCCGTGGTCTT,7,5197170
yqjE_yqjK_yqjD_yqjC_predicted,1.0,16,8,AGTGGGCGTGGGCAAAGTAT,8,5182970
yqjE_yqjK_yqjD_yqjC_predicted,1.6666666666666667,22,8,AGTGCCCGTTGCGCAGATCT,14,5196337
yqjE_yqjK_yqjD_yqjC_predicted,0.2222222222222222,9,8,AGTGAGGAGCGTTGGGAGTA,1,5212465
yqjE_yqjK_yqjD_yqjC_predicted,6.0,61,8,AGTCAGAAATAATCCAGTCA,53,5226061
yqjE_yqjK_yqjD_yqjC_predicted,2.7777777777777777,32,8,AGTACTTGAACATGGGCTAG,24,5236266
yqjE_yqjK_yqjD_yqjC_predicted,1.2222222222222223,18,8,AGTAATCGAGAGCAACCAGA,10,5216144
yqjE_yqjK_yqjD_yqjC_predicted,20.444444444444443,191,8,AGGTCGATAGTGCCTAACCA,183,5190901
yqjE_yqjK_yqjD_yqjC_predicted,2.888888888888889,33,8,AGGTACTGCGCATATGATCA,25,5213231
yqjE_yqjK_yqjD_yqjC_predicted,6.444444444444445,65,8,AGGTAAGCAGGTTCCTCAGC,57,5180511
yqjE_yqjK_yqjD_yqjC_predicted,3.0,34,8,AGGGTTTCGGGGTAGACTAC,26,5214938
yqjE_yqjK_yqjD_yqjC_predicted,10.88888888888889,105,8,AGGGAGGAACTTATCAGACC,97,5237584
yqjE_yqjK_yqjD_yqjC_predicted,1.7777777777777777,23,8,AGGGAAGAGATTCAGGTGTT,15,5201693
yqjE_yqjK_yqjD_yqjC_predicted,2.2222222222222223,27,8,AGGCTTCGTACTGGGACCTG,19,5195608
yqjE_yqjK_yqjD_yqjC_predicted,4.333333333333333,46,8,AGGCTTATTGTCCCTTGCGG,38,5239536
yqjE_yqjK_yqjD_yqjC_predicted,2.0,25,8,AGGCCCACACACAACCATGC,17,5194367
yqjE_yqjK_yqjD_yqjC_predicted,0.4444444444444444,11,8,AGGATGGGATACGTAGGACT,3,5237711
yqjE_yqjK_yqjD_yqjC_predicted,1.3333333333333333,19,8,AGGAGCAGCAAACCAATAGG,11,5206402
yqjE_yqjK_yqjD_yqjC_predicted,6.444444444444445,65,8,AGGAGATACAGTCCGTAATA,57,5186030
yqjE_yqjK_yqjD_yqjC_predicted,2.5555555555555554,30,8,AGGAGAACGTGTTGGTGGGA,22,5232154
yqjE_yqjK_yqjD_yqjC_predicted,1.7777777777777777,23,8,AGCTTGGTGTGCGGACCGCG,15,5203677
yqjE_yqjK_yqjD_yqjC_predicted,3.888888888888889,42,8,AGCGCAGCTCTTAAGGCCAA,34,5250844
yqjE_yqjK_yqjD_yqjC_predicted,5.444444444444445,56,8,AGCCTAAGTGGACGCATTAA,48,5212296
yqjE_yqjK_yqjD_yqjC_predicted,1.1111111111111112,17,8,AGCCGCTCTCTCTCCCCCTA,9,5207186
yqjE_yqjK_yqjD_yqjC_predicted,2.7777777777777777,32,8,AGCAACGAGTATAACTGTCC,24,5190925
yqjE_yqjK_yqjD_yqjC_predicted,1.8888888888888888,24,8,AGATTGCACTGCGCTGAACG,16,5185006
yqjE_yqjK_yqjD_yqjC_predicted,3.6666666666666665,40,8,AGATGTGGGCCAATGGGACC,32,5208627
yqjE_yqjK_yqjD_yqjC_predicted,3.111111111111111,35,8,AGATATCTACTGCAATGCTC,27,5200287
yqjE_yqjK_yqjD_yqjC_predicted,9.222222222222221,90,8,AGAGGAAAACTTCCTTGTGA,82,5181526
yqjE_yqjK_yqjD_yqjC_predicted,1.0,16,8,AGAGCATTGGTCAACTTGAG,8,5247037
yqjE_yqjK_yqjD_yqjC_predicted,5.444444444444445,56,8,AGAGCAATACCCTCATGGTG,48,5189007
yqjE_yqjK_yqjD_yqjC_predicted,2.111111111111111,26,8,AGACCCGCGCTCGTACTAGA,18,5233774
yqjE_yqjK_yqjD_yqjC_predicted,4.777777777777778,50,8,AGAATGTAGTTTAATGTCTC,42,5262993
yqjE_yqjK_yqjD_yqjC_predicted,6.666666666666667,67,8,AGAAGGGATCGGCTCCATGT,59,5177860
yqjE_yqjK_yqjD_yqjC_predicted,4.333333333333333,46,8,ACTTATTGTACTTTCGCTTT,38,5174717
yqjE_yqjK_yqjD_yqjC_predicted,3.888888888888889,42,8,ACTTAGTCCTTTAGACGGTG,34,5222156
yqjE_yqjK_yqjD_yqjC_predicted,0.4444444444444444,11,8,ACTGGGGTAACGTTCAAAAG,3,5253535
yqjE_yqjK_yqjD_yqjC_predicted,32.666666666666664,301,8,ACTGGATGGCTAAATGCTAT,293,5221289
yqjE_yqjK_yqjD_yqjC_predicted,1.0,16,8,ACTCACAGCTCCCTAATTGC,8,5207541
yqjE_yqjK_yqjD_yqjC_predicted,2.3333333333333335,28,8,ACTATTCGATCCCTCCGCTG,20,5208207
yqjE_yqjK_yqjD_yqjC_predicted,4.555555555555555,48,8,ACTACATTGTGCTTGTGTGC,40,5189208
yqjE_yqjK_yqjD_yqjC_predicted,8.777777777777779,86,8,ACGTGCCTTGCTGCTGCCAT,78,5210171
yqjE_yqjK_yqjD_yqjC_predicted,20.0,187,8,ACGTCCATTTGTGTATTTTA,179,5234787
yqjE_yqjK_yqjD_yqjC_predicted,6.444444444444445,65,8,ACGGGGAGCGAGTACGCAGA,57,5180783
yqjE_yqjK_yqjD_yqjC_predicted,3.2222222222222223,36,8,ACGCCTCGGAACTGGGTGGT,28,5249498
yqjE_yqjK_yqjD_yqjC_predicted,1.1111111111111112,17,8,ACGCATCAAAAGAGGCGATC,9,5211560
yqjE_yqjK_yqjD_yqjC_predicted,5.777777777777778,59,8,ACCTGTGCGGAGCTTCGGGA,51,5247324
yqjE_yqjK_yqjD_yqjC_predicted,3.3333333333333335,37,8,ACCTCGTCCTTGCGGAAGGA,29,5236665
yqjE_yqjK_yqjD_yqjC_predicted,1.7777777777777777,23,8,ACCGGTCGGATCTTTGACAA,15,5215400
yqjE_yqjK_yqjD_yqjC_predicted,2.5555555555555554,30,8,ACCGCCAACCACTCCTATGC,22,5254602
yqjE_yqjK_yqjD_yqjC_predicted,3.888888888888889,42,8,ACCCAAAAGGTTGTCTACGC,34,5230774
yqjE_yqjK_yqjD_yqjC_predicted,5.111111111111111,53,8,ACCATGCATGCTCGTCCTCG,45,5238252
yqjE_yqjK_yqjD_yqjC_predicted,3.111111111111111,35,8,ACCACGTGTAATAGGGATCG,27,5243823
yqjE_yqjK_yqjD_yqjC_predicted,0.2222222222222222,9,8,ACATTATCCGCTAGCATGGA,1,5260777
yqjE_yqjK_yqjD_yqjC_predicted,3.4444444444444446,38,8,ACATCAATACCGGCGGTTAC,30,5250709
yqjE_yqjK_yqjD_yqjC_predicted,4.222222222222222,45,8,ACACGGTGCCGGGCCTGTGG,37,5173234
yqjE_yqjK_yqjD_yqjC_predicted,2.888888888888889,33,8,ACACATGATATCACTGCTGT,25,5204210
yqjE_yqjK_yqjD_yqjC_predicted,0.6666666666666666,13,8,ACAATTGGAGAGCCGCCCCT,5,5237749
yqjE_yqjK_yqjD_yqjC_predicted,3.0,34,8,ACAATTGATGTGTGAGTATA,26,5171701
yqjE_yqjK_yqjD_yqjC_predicted,0.4444444444444444,11,8,ACAAGGGCATTACTGCGGTG,3,5218311
yqjE_yqjK_yqjD_yqjC_predicted,5.111111111111111,53,8,AATTGTTATCAAGGTGTCTC,45,5195505
yqjE_yqjK_yqjD_yqjC_predicted,2.0,25,8,AATTCCTTTCAAGCCCGCGC,17,5201077
yqjE_yqjK_yqjD_yqjC_predicted,1.2222222222222223,18,8,AATTCATGTTTTCTGCTCGT,10,5257023
yqjE_yqjK_yqjD_yqjC_predicted,2.3333333333333335,28,8,AATGTTCCTTTGTTGTAATT,20,5226218
yqjE_yqjK_yqjD_yqjC_predicted,1.8888888888888888,24,8,AATGATTTGGCCCGAGTGAT,16,5221008
yqjE_yqjK_yqjD_yqjC_predicted,20.444444444444443,191,8,AATCCTCGCTTCCGGTCACG,183,5218388
yqjE_yqjK_yqjD_yqjC_predicted,0.2222222222222222,9,8,AATCCCTGTCGCTATCACCC,1,5240774
yqjE_yqjK_yqjD_yqjC_predicted,1.5555555555555556,21,8,AATCCAACAAAAGCAAGTGC,13,5191011
yqjE_yqjK_yqjD_yqjC_predicted,3.4444444444444446,38,8,AATACTGCCGGTCCGGCGTC,30,5235138
yqjE_yqjK_yqjD_yqjC_predicted,0.2222222222222222,9,8,AATAAAGTTCTCCGGCTTAC,1,5203096
yqjE_yqjK_yqjD_yqjC_predicted,2.2222222222222223,27,8,AAGTCCTGCCGCGATATCGC,19,5189219
yqjE_yqjK_yqjD_yqjC_predicted,3.0,34,8,AAGTAAAAGTGGGAGGTGAG,26,5184927
yqjE_yqjK_yqjD_yqjC_predicted,4.444444444444445,47,8,AAGGTTCAGTACTCGGGACG,39,5190862
yqjE_yqjK_yqjD_yqjC_predicted,2.0,25,8,AAGGCGCGTTTACTCAACGA,17,5176335
yqjE_yqjK_yqjD_yqjC_predicted,1.7777777777777777,23,8,AAGCTTCGAGAAACTTAACG,15,5224354
yqjE_yqjK_yqjD_yqjC_predicted,0.2222222222222222,9,8,AAGCATGCTGAATCGAACAT,1,5227888
yqjE_yqjK_yqjD_yqjC_predicted,1.6666666666666667,22,8,AAGCACAAGTCGGTGAGACA,14,5192828
yqjE_yqjK_yqjD_yqjC_predicted,2.888888888888889,33,8,AAGATTCGCATTGCAACGCA,25,5196722
yqjE_yqjK_yqjD_yqjC_predicted,4.111111111111111,44,8,AAGATGATATTTGATAGGGT,36,5210462
yqjE_yqjK_yqjD_yqjC_predicted,5.111111111111111,53,8,AAGACCTGAGCGAGCAGTTT,45,5207598
yqjE_yqjK_yqjD_yqjC_predicted,0.8888888888888888,15,8,AACTGGTAGTCAGTTGAATC,7,5197867
yqjE_yqjK_yqjD_yqjC_predicted,4.111111111111111,44,8,AACGGGACGCACTGATCTCA,36,5259196
yqjE_yqjK_yqjD_yqjC_predicted,1.0,16,8,AACGATAGTCGGGGTAACTT,8,5223549
yqjE_yqjK_yqjD_yqjC_predicted,27.333333333333332,253,8,AACCGTATAAGATTGTCTTA,245,5181338
yqjE_yqjK_yqjD_yqjC_predicted,1.1111111111111112,17,8,AACCATATTCCTGACCCTTT,9,5226089
yqjE_yqjK_yqjD_yqjC_predicted,6.444444444444445,65,8,AACACAGCAATCCACTAACT,57,5253384
yqjE_yqjK_yqjD_yqjC_predicted,10.333333333333334,100,8,AAATCGCGATAGTAGCACCT,92,5247209
yqjE_yqjK_yqjD_yqjC_predicted,3.7777777777777777,41,8,AAATCATCAATGTTCGTATG,33,5194018
yqjE_yqjK_yqjD_yqjC_predicted,2.888888888888889,33,8,AAAGTAACCTCGTTGCCGTC,25,5233760
yqjE_yqjK_yqjD_yqjC_predicted,3.888888888888889,42,8,AAACGGGAGAGCATTGCGCC,34,5232488
yqjE_yqjK_yqjD_yqjC_predicted,3.888888888888889,42,8,AAACAGCCAAGGTACACAAA,34,5214181
yqjE_yqjK_yqjD_yqjC_predicted,3.2222222222222223,36,8,AAAATCTCGCGCAGTATTTT,28,5213405
yqjE_yqjK_yqjD_yqjC_predicted,3.6666666666666665,40,8,AAAAGCGTGGGCTCGGGGGC,32,5251507
yqjE_yqjK_yqjD_yqjC_predicted,4.333333333333333,46,8,AAAAAAGGTGGGGTTTTATG,38,5192253
yqjE_yqjK_yqjD_yqjC_predicted,8.75,76,7,TTTTTTCCGGCTATTCACCA,69,5190517
yqjE_yqjK_yqjD_yqjC_predicted,8.125,71,7,TTTTTTCACCCTACTGAGGC,64,5213928
yqjE_yqjK_yqjD_yqjC_predicted,1.5,18,7,TTTTGTTCCTCGTATTAATT,11,5203354
yqjE_yqjK_yqjD_yqjC_predicted,41.625,339,7,TTTTCTGTAGGCCCCGTATT,332,5197233
yqjE_yqjK_yqjD_yqjC_predicted,7.125,63,7,TTTTCCATCTGGTTCTCTAG,56,5188342
yqjE_yqjK_yqjD_yqjC_predicted,11.125,95,7,TTTTATTACTTCATGGTTAA,88,5242046
yqjE_yqjK_yqjD_yqjC_predicted,1.625,19,7,TTTTACAAAATAATTGCGAT,12,5256577
yqjE_yqjK_yqjD_yqjC_predicted,0.5,10,7,TTTGTTGGACGTTTACGCGT,3,5216789
yqjE_yqjK_yqjD_yqjC_predicted,4.375,41,7,TTTGTCTTCCGGTCGTCAAA,34,5229492
yqjE_yqjK_yqjD_yqjC_predicted,2.125,23,7,TTTGACTACTCCTATCGCGT,16,5257159
yqjE_yqjK_yqjD_yqjC_predicted,2.5,26,7,TTTCTGGCGAAAATCCACGA,19,5218588
yqjE_yqjK_yqjD_yqjC_predicted,0.25,8,7,TTTACGTGAGCTACAGCTTG,1,5175195
yqjE_yqjK_yqjD_yqjC_predicted,1.375,17,7,TTGTGTTTTGTTCTACCGTG,10,5170942
yqjE_yqjK_yqjD_yqjC_predicted,9.25,80,7,TTGTAGGGAGGTTTTCGACG,73,5247741
yqjE_yqjK_yqjD_yqjC_predicted,3.0,30,7,TTGGTATCGATGTATAAGAA,23,5203519
yqjE_yqjK_yqjD_yqjC_predicted,1.375,17,7,TTGGGCGACTGCCCCCCGTC,10,5249313
yqjE_yqjK_yqjD_yqjC_predicted,2.875,29,7,TTGGAGCAGCTCCAAGCCAC,22,5234168
yqjE_yqjK_yqjD_yqjC_predicted,2.75,28,7,TTGCCAGGTCCTCGTTCTCT,21,5247521
yqjE_yqjK_yqjD_yqjC_predicted,6.875,61,7,TTGCACATTCCGGGATGGAC,54,5262874
yqjE_yqjK_yqjD_yqjC_predicted,7.375,65,7,TTGATCTGGTCATGGCCCGT,58,5189609
yqjE_yqjK_yqjD_yqjC_predicted,0.75,12,7,TTGATACCTACCCTAGTTGA,5,5175234
yqjE_yqjK_yqjD_yqjC_predicted,0.625,11,7,TTGAGAGCACTCAGATGGTT,4,5231841
yqjE_yqjK_yqjD_yqjC_predicted,3.0,30,7,TTCTGCCCAACATGATAACT,23,5214621
yqjE_yqjK_yqjD_yqjC_predicted,5.25,48,7,TTCTATCGTCCAAGCGTGTA,41,5203626
yqjE_yqjK_yqjD_yqjC_predicted,6.25,56,7,TTCGTCTCGGGTTACTGGCG,49,5177171
yqjE_yqjK_yqjD_yqjC_predicted,1.125,15,7,TTCGTATTTTCTTGTGGATG,8,5196330
yqjE_yqjK_yqjD_yqjC_predicted,1.25,16,7,TTCCTCTACAAACGGAACTG,9,5243313
yqjE_yqjK_yqjD_yqjC_predicted,3.0,30,7,TTCCATCCTCTAGTAAAGAC,23,5217049
yqjE_yqjK_yqjD_yqjC_predicted,1.375,17,7,TTCATATAAAGTGCCTGGTA,10,5235894
yqjE_yqjK_yqjD_yqjC_predicted,4.5,42,7,TTCAGACGACTACTCTTATG,35,5248787
yqjE_yqjK_yqjD_yqjC_predicted,6.0,54,7,TTCAATCTGCATGCGTGAAT,47,5192267
yqjE_yqjK_yqjD_yqjC_predicted,2.875,29,7,TTATCGGTATCGAGGTGCCA,22,5224978
yqjE_yqjK_yqjD_yqjC_predicted,20.875,173,7,TTATACAGTCCGGATGAGCA,166,5208697
yqjE_yqjK_yqjD_yqjC_predicted,4.25,40,7,TTAGCGTTGTCAACTGGGTC,33,5254027
yqjE_yqjK_yqjD_yqjC_predicted,8.0,70,7,TTACCCTGCTCCTACGTTTT,63,5217351
yqjE_yqjK_yqjD_yqjC_predicted,1.375,17,7,TTACAGAAAATTTTGCAACC,10,5231691
yqjE_yqjK_yqjD_yqjC_predicted,0.75,12,7,TGTTCCACAGCAGGTGGGAT,5,5180970
yqjE_yqjK_yqjD_yqjC_predicted,0.625,11,7,TGTTCAAGTGAATGACTATC,4,5228032
yqjE_yqjK_yqjD_yqjC_predicted,5.125,47,7,TGTTATGGAAACTTAGGGGC,40,5200957
yqjE_yqjK_yqjD_yqjC_predicted,5.25,48,7,TGTGTAGAAATGTGCGATTT,41,5226058
yqjE_yqjK_yqjD_yqjC_predicted,5.625,51,7,TGTGGCTGGTACTTTGCCCA,44,5258326
yqjE_yqjK_yqjD_yqjC_predicted,2.5,26,7,TGTGATTATATCTCTTACGC,19,5245125
yqjE_yqjK_yqjD_yqjC_predicted,1.75,20,7,TGTCGGTCTACCGAAGGTTA,13,5172821
yqjE_yqjK_yqjD_yqjC_predicted,0.25,8,7,TGTCGGGTTCGGAGCTGAGA,1,5243771
yqjE_yqjK_yqjD_yqjC_predicted,2.75,28,7,TGTAGAGGATGGAGCTACGC,21,5225942
yqjE_yqjK_yqjD_yqjC_predicted,0.5,10,7,TGTACAAGTCACGCGATGTA,3,5256072
yqjE_yqjK_yqjD_yqjC_predicted,2.5,26,7,TGTAAACCAAACTTGTTATG,19,5196299
yqjE_yqjK_yqjD_yqjC_predicted,22.5,186,7,TGGTCGATGGCAGAGTAAAA,179,5226228
yqjE_yqjK_yqjD_yqjC_predicted,34.5,282,7,TGGGGTTGCGGAGGCAACTG,275,5191953
yqjE_yqjK_yqjD_yqjC_predicted,14.875,125,7,TGGGGAGTCCGTATCAATAT,118,5239230
yqjE_yqjK_yqjD_yqjC_predicted,4.375,41,7,TGGGGAGTCCAAACATAGTG,34,5224309
yqjE_yqjK_yqjD_yqjC_predicted,3.0,30,7,TGGGAAGTCATTGCAGTCAG,23,5252902
yqjE_yqjK_yqjD_yqjC_predicted,0.5,10,7,TGGACCCTTGGTGGATAACC,3,5199855
yqjE_yqjK_yqjD_yqjC_predicted,0.375,9,7,TGGAATACTGGCGCTCTTCC,2,5235050
yqjE_yqjK_yqjD_yqjC_predicted,0.5,10,7,TGCTAGGGTACAGACCTAAG,3,5215931
yqjE_yqjK_yqjD_yqjC_predicted,10.75,92,7,TGCTAATAAGAGAGTGTTAT,85,5246048
yqjE_yqjK_yqjD_yqjC_predicted,2.5,26,7,TGCTAAGCGGGTCACTACTT,19,5225073
yqjE_yqjK_yqjD_yqjC_predicted,1.125,15,7,TGCGCGTAGTATAATGTACA,8,5175432
yqjE_yqjK_yqjD_yqjC_predicted,9.125,79,7,TGCGCCGGATGAGATGTCAT,72,5198197
yqjE_yqjK_yqjD_yqjC_predicted,3.125,31,7,TGCGCATGCAAATCTCAGCG,24,5195726
yqjE_yqjK_yqjD_yqjC_predicted,2.375,25,7,TGCCGCTCTTGGCGCTATCT,18,5222459
yqjE_yqjK_yqjD_yqjC_predicted,2.875,29,7,TGCCGAGGGCACCGTCGTTC,22,5188015
yqjE_yqjK_yqjD_yqjC_predicted,3.0,30,7,TGATTCCTATCGGGGTTGGA,23,5196700
yqjE_yqjK_yqjD_yqjC_predicted,0.625,11,7,TGAGGTGGTCTCTAGGTACG,4,5180782
yqjE_yqjK_yqjD_yqjC_predicted,3.125,31,7,TGAGAAACCCGGCTGACATG,24,5249453
yqjE_yqjK_yqjD_yqjC_predicted,4.0,38,7,TGACTGACTCTGGTCTTGCA,31,5206145
yqjE_yqjK_yqjD_yqjC_predicted,17.625,147,7,TGACGAAGATTAATCGAACG,140,5233015
yqjE_yqjK_yqjD_yqjC_predicted,0.875,13,7,TGACCCGTTTCGCCTCCAGC,6,5262548
yqjE_yqjK_yqjD_yqjC_predicted,0.25,8,7,TGAATGTACCAACCGATGCA,1,5229208
yqjE_yqjK_yqjD_yqjC_predicted,0.75,12,7,TGAAGCAATGAGATTCTCTT,5,5222648
yqjE_yqjK_yqjD_yqjC_predicted,3.875,37,7,TGAAGATGCCGTGCATTACG,30,5179781
yqjE_yqjK_yqjD_yqjC_predicted,0.625,11,7,TGAACCGGGGGATTTTAGTT,4,5258758
yqjE_yqjK_yqjD_yqjC_predicted,34.375,281,7,TCTTTTTATAGTCGTTTAAA,274,5248293
yqjE_yqjK_yqjD_yqjC_predicted,3.875,37,7,TCTGATCTCGTATGGCGGTC,30,5228698
yqjE_yqjK_yqjD_yqjC_predicted,15.0,126,7,TCTCTGATCAATTGATAGAA,119,5205052
yqjE_yqjK_yqjD_yqjC_predicted,1.0,14,7,TCTCTACTGCGGAAACCTCT,7,5231825
yqjE_yqjK_yqjD_yqjC_predicted,0.25,8,7,TCTAGCATCGCGACGATAAC,1,5224693
yqjE_yqjK_yqjD_yqjC_predicted,4.25,40,7,TCGTTTACACGGGATCTTAA,33,5222991
yqjE_yqjK_yqjD_yqjC_predicted,4.0,38,7,TCGGTCGGTTATGCCTTCTG,31,5218765
yqjE_yqjK_yqjD_yqjC_predicted,18.125,151,7,TCGGGTCGGCCGGCTTTGAA,144,5174875
yqjE_yqjK_yqjD_yqjC_predicted,1.0,14,7,TCGGAGCCATCACGTTAGTA,7,5204434
yqjE_yqjK_yqjD_yqjC_predicted,5.125,47,7,TCGCGTGTACACAGTCATCA,40,5173689
yqjE_yqjK_yqjD_yqjC_predicted,22.875,189,7,TCGCCGATGCCCTCTTTCGA,182,5254648
yqjE_yqjK_yqjD_yqjC_predicted,3.5,34,7,TCGCATACCTTTTCCAGGAG,27,5199206
yqjE_yqjK_yqjD_yqjC_predicted,1.625,19,7,TCGAATCGGCCATAATGGGA,12,5176234
yqjE_yqjK_yqjD_yqjC_predicted,3.625,35,7,TCGAACCGACCGCACGTGGT,28,5255738
yqjE_yqjK_yqjD_yqjC_predicted,3.25,32,7,TCCTCTGTCCATTTGTTCTT,25,5244277
yqjE_yqjK_yqjD_yqjC_predicted,0.25,8,7,TCCTAGTACAGCAAAGGATA,1,5245695
yqjE_yqjK_yqjD_yqjC_predicted,8.0,70,7,TCCGTAAGTGCGAGCTGATG,63,5198399
yqjE_yqjK_yqjD_yqjC_predicted,1.875,21,7,TCCGGGAGCTCTCTACTGCT,14,5187636
yqjE_yqjK_yqjD_yqjC_predicted,1.875,21,7,TCCGGAATTTTAAACTCCCA,14,5249996
yqjE_yqjK_yqjD_yqjC_predicted,7.75,68,7,TCCATGTCGATCCGGCCGGT,61,5245646
yqjE_yqjK_yqjD_yqjC_predicted,6.125,55,7,TCCAGGAGTGGTATAGCGTG,48,5181736
yqjE_yqjK_yqjD_yqjC_predicted,0.25,8,7,TCCACTGCCGGCGCGGTAAT,1,5251064
yqjE_yqjK_yqjD_yqjC_predicted,7.0,62,7,TCCACGAACCTCCTTGGTCC,55,5248786
yqjE_yqjK_yqjD_yqjC_predicted,11.5,98,7,TCCACAGTCCCCTGAGGGCT,91,5180966
yqjE_yqjK_yqjD_yqjC_predicted,3.625,35,7,TCATTCTTGTTGCAGCAAGA,28,5173604
yqjE_yqjK_yqjD_yqjC_predicted,3.375,33,7,TCATCTTAATCCCGGTAGCA,26,5220538
yqjE_yqjK_yqjD_yqjC_predicted,1.125,15,7,TCATAATGCGGGTCCTCGTA,8,5199301
yqjE_yqjK_yqjD_yqjC_predicted,3.75,36,7,TCAGCTGGAACGCGGAGACT,29,5230957
yqjE_yqjK_yqjD_yqjC_predicted,2.5,26,7,TCAGCGCGAGAATGGGCTGG,19,5211572
yqjE_yqjK_yqjD_yqjC_predicted,0.25,8,7,TCACATATCTCATGTTTCCG,1,5180729
yqjE_yqjK_yqjD_yqjC_predicted,2.0,22,7,TCAAGTATAAAAGGTTACTC,15,5217300
yqjE_yqjK_yqjD_yqjC_predicted,3.5,34,7,TATTCAATTAGGGTCAAGAA,27,5242671
yqjE_yqjK_yqjD_yqjC_predicted,0.375,9,7,TATTACAGATGTGGGAAGCG,2,5251754
yqjE_yqjK_yqjD_yqjC_predicted,3.125,31,7,TATGTTTAGGAATCCGGGGT,24,5188348
yqjE_yqjK_yqjD_yqjC_predicted,2.625,27,7,TATGAGCGCCAATCGGGGTT,20,5177518
yqjE_yqjK_yqjD_yqjC_predicted,8.625,75,7,TATCCTCGTTAATCTGGAGG,68,5255628
yqjE_yqjK_yqjD_yqjC_predicted,2.625,27,7,TATCAGGGCGCACCCTCTGG,20,5244108
yqjE_yqjK_yqjD_yqjC_predicted,13.375,113,7,TAGGTATTGGACGCCATCGT,106,5254449
yqjE_yqjK_yqjD_yqjC_predicted,1.875,21,7,TAGGGTACGGGGTTTCAACA,14,5202629
yqjE_yqjK_yqjD_yqjC_predicted,3.25,32,7,TAGGGAACCAGTCCAGACCT,25,5206737
yqjE_yqjK_yqjD_yqjC_predicted,26.625,219,7,TAGCTCTAAATAGGACGTCT,212,5261733
yqjE_yqjK_yqjD_yqjC_predicted,2.5,26,7,TAGCGACACCGAGACTCTTT,19,5241522
yqjE_yqjK_yqjD_yqjC_predicted,2.5,26,7,TAGCCGCGGTGATTCCTAAC,19,5172729
yqjE_yqjK_yqjD_yqjC_predicted,3.0,30,7,TAGCCCCACGACTGGCGCGA,23,5237036
yqjE_yqjK_yqjD_yqjC_predicted,1.0,14,7,TAGAGTAGTCCCCCCTCTTA,7,5234962
yqjE_yqjK_yqjD_yqjC_predicted,1.75,20,7,TAGACGTAACGATTTTCCCC,13,5252441
yqjE_yqjK_yqjD_yqjC_predicted,7.125,63,7,TACTTATCAGGATATATGCA,56,5238709
yqjE_yqjK_yqjD_yqjC_predicted,1.0,14,7,TACTGGTTGACATTGAGCCC,7,5261164
yqjE_yqjK_yqjD_yqjC_predicted,2.875,29,7,TACTGGTAGTGTATTCGCCT,22,5221069
yqjE_yqjK_yqjD_yqjC_predicted,3.125,31,7,TACTGCAAAAGATATGGAAG,24,5208202
yqjE_yqjK_yqjD_yqjC_predicted,1.375,17,7,TACTATCTGTGGACCACGAA,10,5181756
yqjE_yqjK_yqjD_yqjC_predicted,2.25,24,7,TACTAAATCTAATTCGGTTG,17,5196523
yqjE_yqjK_yqjD_yqjC_predicted,7.75,68,7,TACGGAAGTGACGTGTTCGG,61,5248291
yqjE_yqjK_yqjD_yqjC_predicted,0.25,8,7,TACGAGGCAGACGCATTATG,1,5176467
yqjE_yqjK_yqjD_yqjC_predicted,0.375,9,7,TACCGTCCTCAGTTGTAGAG,2,5258996
yqjE_yqjK_yqjD_yqjC_predicted,6.0,54,7,TAAGTTCACGAATTTGCAAA,47,5251866
yqjE_yqjK_yqjD_yqjC_predicted,3.5,34,7,TAAGGTAGGGTAGCCAATTT,27,5202051
yqjE_yqjK_yqjD_yqjC_predicted,4.25,40,7,TAACTTGGTATTAACATAGT,33,5258945
yqjE_yqjK_yqjD_yqjC_predicted,4.125,39,7,TAACTGCTAATCCGGTGCCT,32,5201091
yqjE_yqjK_yqjD_yqjC_predicted,13.125,111,7,TAACTAAGACTTTAGCCGTG,104,5241596
yqjE_yqjK_yqjD_yqjC_predicted,16.25,136,7,TAACGTGACCTTTCCAGAGG,129,5226231
yqjE_yqjK_yqjD_yqjC_predicted,14.375,121,7,TAACGTCGAGAAAGATACTC,114,5256909
yqjE_yqjK_yqjD_yqjC_predicted,1.75,20,7,TAACGGCACGTCATCGAGTA,13,5232239
yqjE_yqjK_yqjD_yqjC_predicted,5.75,52,7,TAAAGGCCTGTACGGTTGGG,45,5171490
yqjE_yqjK_yqjD_yqjC_predicted,3.375,33,7,TAAAATTGAAGATCGAGCTC,26,5190571
yqjE_yqjK_yqjD_yqjC_predicted,6.875,61,7,GTTTACTACTGCGAAATCCG,54,5230744
yqjE_yqjK_yqjD_yqjC_predicted,3.5,34,7,GTTTAAACCGCCACGGGCAA,27,5227211
yqjE_yqjK_yqjD_yqjC_predicted,30.25,248,7,GTTCCAGATGGCATGCGTAA,241,5202018
yqjE_yqjK_yqjD_yqjC_predicted,3.375,33,7,GTTCCACATGACCGCTATAA,26,5183462
yqjE_yqjK_yqjD_yqjC_predicted,5.0,46,7,GTTATCTCCTTGCAACGGCC,39,5232927
yqjE_yqjK_yqjD_yqjC_predicted,0.375,9,7,GTTAGGGTCTAGATGGCGCT,2,5175436
yqjE_yqjK_yqjD_yqjC_predicted,1.0,14,7,GTGTACTGTGCCCTGACCGG,7,5251129
yqjE_yqjK_yqjD_yqjC_predicted,3.375,33,7,GTGGGGCGCCTTTATGGTTT,26,5260882
yqjE_yqjK_yqjD_yqjC_predicted,2.75,28,7,GTGGAGCTTTCGTCTGGTTA,21,5212765
yqjE_yqjK_yqjD_yqjC_predicted,0.25,8,7,GTGATCAAGCTTAACTGTTA,1,5261077
yqjE_yqjK_yqjD_yqjC_predicted,5.125,47,7,GTCTGGCGCACCATTGCCAC,40,5204270
yqjE_yqjK_yqjD_yqjC_predicted,0.25,8,7,GTCATCTGAAACCCGTGTTA,1,5201062
yqjE_yqjK_yqjD_yqjC_predicted,18.375,153,7,GTCAGTTGCAGCGTTCCTAA,146,5251489
yqjE_yqjK_yqjD_yqjC_predicted,4.0,38,7,GTACCGCCAGTCATCTCGCC,31,5227495
yqjE_yqjK_yqjD_yqjC_predicted,4.75,44,7,GTACCGACAACTATTTACGT,37,5188017
yqjE_yqjK_yqjD_yqjC_predicted,2.5,26,7,GTAATAGGCCTGCTACGAGG,19,5185775
yqjE_yqjK_yqjD_yqjC_predicted,3.375,33,7,GTAAGCTGCAAGCGTCGCAT,26,5246259
yqjE_yqjK_yqjD_yqjC_predicted,3.5,34,7,GGTTGGTCGGGGTGGAAATT,27,5238195
yqjE_yqjK_yqjD_yqjC_predicted,3.0,30,7,GGTGTAGCTAATGCCCTACG,23,5249969
yqjE_yqjK_yqjD_yqjC_predicted,12.875,109,7,GGTGATTTCGCCTCTATAAG,102,5205066
yqjE_yqjK_yqjD_yqjC_predicted,1.75,20,7,GGTGAGTCTGGGCGCAACGC,13,5176100
yqjE_yqjK_yqjD_yqjC_predicted,1.5,18,7,GGTCTGGGTAAGGATGAAGA,11,5235616
yqjE_yqjK_yqjD_yqjC_predicted,2.75,28,7,GGTCTAGGCGAAATGTCTGG,21,5205570
yqjE_yqjK_yqjD_yqjC_predicted,1.75,20,7,GGTATTCGTCCCATGCCGGG,13,5228259
yqjE_yqjK_yqjD_yqjC_predicted,26.25,216,7,GGTAATTGCACCCTCCATCT,209,5174810
yqjE_yqjK_yqjD_yqjC_predicted,1.875,21,7,GGTAATAGGGCGGTGACGAG,14,5227683
yqjE_yqjK_yqjD_yqjC_predicted,0.5,10,7,GGTAAGCCCAAGTCGAGATA,3,5215385
yqjE_yqjK_yqjD_yqjC_predicted,6.75,60,7,GGGTTACTCTGACAACGGTT,53,5181489
yqjE_yqjK_yqjD_yqjC_predicted,9.125,79,7,GGGTTAACTTGCGGATCCTT,72,5250691
yqjE_yqjK_yqjD_yqjC_predicted,2.25,24,7,GGGTCATAAGTCTGGCTTGG,17,5181178
yqjE_yqjK_yqjD_yqjC_predicted,2.875,29,7,GGGTAACCCTCTCCTTACCG,22,5187186
yqjE_yqjK_yqjD_yqjC_predicted,3.5,34,7,GGGGGCTCGGGCGTTGGACA,27,5183241
yqjE_yqjK_yqjD_yqjC_predicted,3.25,32,7,GGGGCCTAGCGCTAACGCCA,25,5210449
yqjE_yqjK_yqjD_yqjC_predicted,4.375,41,7,GGGGAACGTGAGGATGGATT,34,5243166
yqjE_yqjK_yqjD_yqjC_predicted,3.5,34,7,GGGCCACGGTGCACTGAGGG,27,5230173
yqjE_yqjK_yqjD_yqjC_predicted,0.25,8,7,GGGAGTCAATTAATCCGAAT,1,5183444
yqjE_yqjK_yqjD_yqjC_predicted,2.375,25,7,GGGAGCAGGTAATGGAGTTA,18,5253964
yqjE_yqjK_yqjD_yqjC_predicted,4.375,41,7,GGCTTTGGGGATACTGCCAT,34,5262588
yqjE_yqjK_yqjD_yqjC_predicted,3.75,36,7,GGCTCCTCCTGGCTCGTTGT,29,5233495
yqjE_yqjK_yqjD_yqjC_predicted,4.75,44,7,GGCGATTGTTCTATCTTGGA,37,5247701
yqjE_yqjK_yqjD_yqjC_predicted,2.375,25,7,GGCCTGATTTCTTCAATGGT,18,5258956
yqjE_yqjK_yqjD_yqjC_predicted,4.0,38,7,GGCCTCGGTTCCATCAAAGA,31,5177521
yqjE_yqjK_yqjD_yqjC_predicted,2.875,29,7,GGCCTATTGCAGCCCGCAAA,22,5258348
yqjE_yqjK_yqjD_yqjC_predicted,2.5,26,7,GGCCCAGCTCGATTCCGGGG,19,5220520
yqjE_yqjK_yqjD_yqjC_predicted,3.75,36,7,GGCCAACGCAAAAACAAAGA,29,5258760
yqjE_yqjK_yqjD_yqjC_predicted,17.625,147,7,GGCATGGGACTTCAGCATAG,140,5186658
yqjE_yqjK_yqjD_yqjC_predicted,9.5,82,7,GGCAACGAGTTTCTGTCCAA,75,5205147
yqjE_yqjK_yqjD_yqjC_predicted,1.875,21,7,GGATAGGTGTGTCAAATCTC,14,5234062
yqjE_yqjK_yqjD_yqjC_predicted,2.375,25,7,GGATAAGACGTGGCAGTTAG,18,5183465
yqjE_yqjK_yqjD_yqjC_predicted,5.75,52,7,GGAGCCGTGTGGTGCTTTAG,45,5233749
yqjE_yqjK_yqjD_yqjC_predicted,4.25,40,7,GGACTATAAAAACTCAGCCA,33,5204207
yqjE_yqjK_yqjD_yqjC_predicted,0.25,8,7,GGACCCATGGAGCACTCTTA,1,5244882
yqjE_yqjK_yqjD_yqjC_predicted,3.5,34,7,GGACCCATCGGTTCTCTGCA,27,5260722
yqjE_yqjK_yqjD_yqjC_predicted,6.0,54,7,GGAACGTTATCAATGAGTCC,47,5189977
yqjE_yqjK_yqjD_yqjC_predicted,1.5,18,7,GCTTGTCGAATCTCAAGGGA,11,5247817
yqjE_yqjK_yqjD_yqjC_predicted,7.375,65,7,GCTGTTGATGAAATAGGGCA,58,5237744
yqjE_yqjK_yqjD_yqjC_predicted,0.25,8,7,GCTGATCCGGCACTGCATTA,1,5235426
yqjE_yqjK_yqjD_yqjC_predicted,2.75,28,7,GCTACAGCCAGGTGGCTACT,21,5256558
yqjE_yqjK_yqjD_yqjC_predicted,27.0,222,7,GCGTGTCTAGTTAGCCCAGG,215,5232623
yqjE_yqjK_yqjD_yqjC_predicted,9.125,79,7,GCGGTATAGAGCCAGGGACA,72,5187241
yqjE_yqjK_yqjD_yqjC_predicted,3.0,30,7,GCGGGGTATGTTGCCGCTAT,23,5178096
yqjE_yqjK_yqjD_yqjC_predicted,17.625,147,7,GCGGCTCTCTCCGTGCTGTA,140,5204109
yqjE_yqjK_yqjD_yqjC_predicted,1.625,19,7,GCGGCCCCAGCGAGTGTCAT,12,5197670
yqjE_yqjK_yqjD_yqjC_predicted,1.125,15,7,GCGGCACGTAAAAGGGCTTA,8,5202503
yqjE_yqjK_yqjD_yqjC_predicted,0.875,13,7,GCGGAAGAAGTGAACTCATA,6,5234082
yqjE_yqjK_yqjD_yqjC_predicted,6.375,57,7,GCGATCAAAGGAACTGCCAA,50,5233711
yqjE_yqjK_yqjD_yqjC_predicted,16.5,138,7,GCGAGGTTCGGTATCCCATT,131,5202556
yqjE_yqjK_yqjD_yqjC_predicted,16.375,137,7,GCCTTCATACGAAACAAAGT,130,5243286
yqjE_yqjK_yqjD_yqjC_predicted,1.125,15,7,GCCTCTCTGATCTCTGTAAT,8,5252024
yqjE_yqjK_yqjD_yqjC_predicted,7.25,64,7,GCCGAAGCGGGTTTTGCATG,57,5214203
yqjE_yqjK_yqjD_yqjC_predicted,22.875,189,7,GCCCCATGCATGAAGGACCT,182,5239506
yqjE_yqjK_yqjD_yqjC_predicted,3.125,31,7,GCCCATTGGGTGCGAGGGCG,24,5182640
yqjE_yqjK_yqjD_yqjC_predicted,5.0,46,7,GCCAGTTCTTCAGCTAATGT,39,5187640
yqjE_yqjK_yqjD_yqjC_predicted,2.0,22,7,GCCAGATCGTCTAATGCTTA,15,5180634
yqjE_yqjK_yqjD_yqjC_predicted,2.25,24,7,GCCACCAAGGTATCGGATAA,17,5183243
yqjE_yqjK_yqjD_yqjC_predicted,2.5,26,7,GCATGCTAAATGCGGTGGAG,19,5235893
yqjE_yqjK_yqjD_yqjC_predicted,12.375,105,7,GCATCATGCGTGTGCCGGAC,98,5231900
yqjE_yqjK_yqjD_yqjC_predicted,3.5,34,7,GCATAGAGTAGGATAAACAG,27,5221904
yqjE_yqjK_yqjD_yqjC_predicted,6.125,55,7,GCATACGCTGTGGTAAGTGT,48,5171160
yqjE_yqjK_yqjD_yqjC_predicted,0.25,8,7,GCAGCCGCGGGCAGATCATA,1,5231953
yqjE_yqjK_yqjD_yqjC_predicted,3.25,32,7,GCACCGCTCCCTCTGCTATG,25,5181475
yqjE_yqjK_yqjD_yqjC_predicted,20.0,166,7,GCAAGTATCTGAAATCGCCT,159,5236640
yqjE_yqjK_yqjD_yqjC_predicted,0.875,13,7,GATTGCCCGAATTCAGCGTT,6,5257094
yqjE_yqjK_yqjD_yqjC_predicted,3.0,30,7,GATTATTCCGCTGTTAAGCG,23,5242669
yqjE_yqjK_yqjD_yqjC_predicted,12.75,108,7,GAGTTCAAGCATTCAGTGGG,101,5185429
yqjE_yqjK_yqjD_yqjC_predicted,0.25,8,7,GAGGGTACACACGTAAGTGG,1,5182843
yqjE_yqjK_yqjD_yqjC_predicted,3.5,34,7,GAGGGACAAGGGGTTGTTAC,27,5238101
yqjE_yqjK_yqjD_yqjC_predicted,6.125,55,7,GAGGATGGTAGGCCCGTCAC,48,5185362
yqjE_yqjK_yqjD_yqjC_predicted,7.75,68,7,GAGGACTGACATCTAGAATT,61,5208085
yqjE_yqjK_yqjD_yqjC_predicted,4.75,44,7,GAGGACCATTGGAGTCTTAG,37,5178897
yqjE_yqjK_yqjD_yqjC_predicted,0.75,12,7,GAGCGAGGCGGTGTCAGCCT,5,5215392
yqjE_yqjK_yqjD_yqjC_predicted,1.375,17,7,GAGATCGCGCGGAGTCCGTA,10,5233215
yqjE_yqjK_yqjD_yqjC_predicted,3.875,37,7,GAGAGAAAGAGCCGATTAAC,30,5253077
yqjE_yqjK_yqjD_yqjC_predicted,2.25,24,7,GAGACACCGAGCTACTCTAA,17,5238210
yqjE_yqjK_yqjD_yqjC_predicted,1.25,16,7,GAGACAATCAAGTGATTATT,9,5230021
yqjE_yqjK_yqjD_yqjC_predicted,2.625,27,7,GACTTGCGATATTTGAGCGC,20,5175526
yqjE_yqjK_yqjD_yqjC_predicted,2.0,22,7,GACTGTGCGCGTGGTAATCG,15,5223664
yqjE_yqjK_yqjD_yqjC_predicted,13.75,116,7,GACGTGTAGCGCATCGTGGA,109,5189403
yqjE_yqjK_yqjD_yqjC_predicted,1.375,17,7,GACGCGTGTGCTGCCTGGGC,10,5229698
yqjE_yqjK_yqjD_yqjC_predicted,0.25,8,7,GACCTGTGAAGGGCGTCGCG,1,5212898
yqjE_yqjK_yqjD_yqjC_predicted,5.25,48,7,GACCCAAGCAAAGGTGGCGA,41,5234374
yqjE_yqjK_yqjD_yqjC_predicted,6.25,56,7,GACAGATTCCAATCGAGGTT,49,5213128
yqjE_yqjK_yqjD_yqjC_predicted,1.75,20,7,GAATTGTCACTTACGGTTCA,13,5189129
yqjE_yqjK_yqjD_yqjC_predicted,2.5,26,7,GAATAGTACTACCTGAATAC,19,5205741
yqjE_yqjK_yqjD_yqjC_predicted,0.625,11,7,GAATAGGCAGATACAAGGGT,4,5204019
yqjE_yqjK_yqjD_yqjC_predicted,12.125,103,7,GAATACTTGAAAAACTAGCC,96,5199763
yqjE_yqjK_yqjD_yqjC_predicted,0.875,13,7,GAAGTCCGGTTGATCTGGAG,6,5236580
yqjE_yqjK_yqjD_yqjC_predicted,1.25,16,7,GAAGGCTCAGTTAATCATAA,9,5247694
yqjE_yqjK_yqjD_yqjC_predicted,2.5,26,7,GAAGCTTGGTAGATTGCTAC,19,5180431
yqjE_yqjK_yqjD_yqjC_predicted,1.875,21,7,GAACTGCACAATGTGGGCTG,14,5237694
yqjE_yqjK_yqjD_yqjC_predicted,2.625,27,7,GAAAGTTGGGTCGCATGATT,20,5199606
yqjE_yqjK_yqjD_yqjC_predicted,2.75,28,7,GAAAGTCTTCTGGTTTTCCT,21,5224411
yqjE_yqjK_yqjD_yqjC_predicted,4.375,41,7,GAAAGCAAACAGCGGCGCCT,34,5182954
yqjE_yqjK_yqjD_yqjC_predicted,7.375,65,7,GAAAGAACCACCCGAGTTGG,58,5261653
yqjE_yqjK_yqjD_yqjC_predicted,1.875,21,7,CTTTTGATGAAATACGTCCT,14,5215825
yqjE_yqjK_yqjD_yqjC_predicted,6.625,59,7,CTTTCGAGGCGAGACATCGA,52,5212861
yqjE_yqjK_yqjD_yqjC_predicted,1.625,19,7,CTTTCCCGTCAGGCGCCCGT,12,5174349
yqjE_yqjK_yqjD_yqjC_predicted,0.25,8,7,CTTGCCACAGGCAAATCACC,1,5243352
yqjE_yqjK_yqjD_yqjC_predicted,0.25,8,7,CTTCGCTGACTATCAAACTT,1,5227388
yqjE_yqjK_yqjD_yqjC_predicted,8.375,73,7,CTTCCATCATCCCATCCATT,66,5255192
yqjE_yqjK_yqjD_yqjC_predicted,5.625,51,7,CTTAGTTCATATAAACGACT,44,5195599
yqjE_yqjK_yqjD_yqjC_predicted,2.5,26,7,CTTAGTACTCCGGTCCTAGG,19,5219095
yqjE_yqjK_yqjD_yqjC_predicted,7.0,62,7,CTTAAGATCGGGTCGTGATG,55,5255155
yqjE_yqjK_yqjD_yqjC_predicted,4.125,39,7,CTGTCACAAAAGCTTCGTAT,32,5215455
yqjE_yqjK_yqjD_yqjC_predicted,5.625,51,7,CTGTAAGCAGTACTGGTGTA,44,5255316
yqjE_yqjK_yqjD_yqjC_predicted,2.75,28,7,CTGTAACAGTTTAAGCGTGA,21,5196665
yqjE_yqjK_yqjD_yqjC_predicted,3.125,31,7,CTGGAATAGGGTCCAGCAGG,24,5178019
yqjE_yqjK_yqjD_yqjC_predicted,9.375,81,7,CTGCTGTTCCGAGAGGGTTC,74,5186636
yqjE_yqjK_yqjD_yqjC_predicted,2.125,23,7,CTGCTGGGCAACACTCTCTG,16,5196712
yqjE_yqjK_yqjD_yqjC_predicted,0.25,8,7,CTGCTCAGTACGTTCTTCGT,1,5192129
yqjE_yqjK_yqjD_yqjC_predicted,15.0,126,7,CTGCGGCATGTGTCAACTCC,119,5233473
yqjE_yqjK_yqjD_yqjC_predicted,0.25,8,7,CTGCAAGTCTTACGTTTGTG,1,5185170
yqjE_yqjK_yqjD_yqjC_predicted,0.875,13,7,CTGACCCAGGACTCTCCTAG,6,5246559
yqjE_yqjK_yqjD_yqjC_predicted,2.25,24,7,CTGAATCCGGATTTCTGATA,17,5198265
yqjE_yqjK_yqjD_yqjC_predicted,14.0,118,7,CTCTTCGTTATTGGTTTACT,111,5181966
yqjE_yqjK_yqjD_yqjC_predicted,3.625,35,7,CTCTGCTTCCTGACATGTCA,28,5203353
yqjE_yqjK_yqjD_yqjC_predicted,20.0,166,7,CTCTCCGCTAGTGGCGCGAT,159,5246015
yqjE_yqjK_yqjD_yqjC_predicted,0.5,10,7,CTCGTGTGATGAACCAGCAG,3,5217897
yqjE_yqjK_yqjD_yqjC_predicted,8.0,70,7,CTCGGTGTCTCCTTCCAGTG,63,5241547
yqjE_yqjK_yqjD_yqjC_predicted,4.5,42,7,CTCGACCAGGTTCAGCCAGG,35,5223493
yqjE_yqjK_yqjD_yqjC_predicted,5.25,48,7,CTCCGCTCACAGACCCTGTA,41,5205954
yqjE_yqjK_yqjD_yqjC_predicted,4.75,44,7,CTCCGACGCGTCAGTTCAGT,37,5190455
yqjE_yqjK_yqjD_yqjC_predicted,15.875,133,7,CTCAGCTCAAACTGGGTCTC,126,5202056
yqjE_yqjK_yqjD_yqjC_predicted,8.25,72,7,CTATTGTTGCTGTAACACGC,65,5233857
yqjE_yqjK_yqjD_yqjC_predicted,13.625,115,7,CTAGGGTCTGTCCGCATTTA,108,5253595
yqjE_yqjK_yqjD_yqjC_predicted,8.75,76,7,CTACGCTGTCTTAATTCGGA,69,5239495
yqjE_yqjK_yqjD_yqjC_predicted,7.0,62,7,CTACGAACGCACAGTCTTAA,55,5254305
yqjE_yqjK_yqjD_yqjC_predicted,7.125,63,7,CGTTGTTTTGGGTCAGGTCA,56,5214810
yqjE_yqjK_yqjD_yqjC_predicted,1.375,17,7,CGTTCTGTCCTTCCCGTATA,10,5225611
yqjE_yqjK_yqjD_yqjC_predicted,3.5,34,7,CGTTCCGCGACAAGCATAAC,27,5205205
yqjE_yqjK_yqjD_yqjC_predicted,3.375,33,7,CGTTACGTTCTTGGTCAGGA,26,5247394
yqjE_yqjK_yqjD_yqjC_predicted,4.125,39,7,CGTGAGCTCTCTAGCAGCAG,32,5235405
yqjE_yqjK_yqjD_yqjC_predicted,2.25,24,7,CGTCTTCAACGATTGGCGCA,17,5191334
yqjE_yqjK_yqjD_yqjC_predicted,3.75,36,7,CGTCATCGCTACTCCGGAAG,29,5236663
yqjE_yqjK_yqjD_yqjC_predicted,1.125,15,7,CGTAGTAAAGTCTGGAAAGG,8,5173644
yqjE_yqjK_yqjD_yqjC_predicted,0.375,9,7,CGTAGGGCAGCTCGTCACAA,2,5182166
yqjE_yqjK_yqjD_yqjC_predicted,0.25,8,7,CGTAGCAGTAATAAGAAAAT,1,5207041
yqjE_yqjK_yqjD_yqjC_predicted,1.75,20,7,CGTACGTACGAGACCGAAAT,13,5227641
yqjE_yqjK_yqjD_yqjC_predicted,0.625,11,7,CGGGAATTATCCAAAACCAC,4,5227003
yqjE_yqjK_yqjD_yqjC_predicted,2.75,28,7,CGGCTAATGATTAGATTAAA,21,5172681
yqjE_yqjK_yqjD_yqjC_predicted,3.125,31,7,CGGACTAGCCATCGTCTTAT,24,5262808
yqjE_yqjK_yqjD_yqjC_predicted,2.625,27,7,CGGACGATGCTTTCATGGTC,20,5226287
yqjE_yqjK_yqjD_yqjC_predicted,1.125,15,7,CGGAACTCAATCACTTACTC,8,5240865
yqjE_yqjK_yqjD_yqjC_predicted,2.25,24,7,CGCTTGTCATAGGCAGTGTT,17,5236029
yqjE_yqjK_yqjD_yqjC_predicted,2.875,29,7,CGCTGGTTCGCCTAGGTGGG,22,5195272
yqjE_yqjK_yqjD_yqjC_predicted,2.25,24,7,CGCTGCGGACCCCCAATTGC,17,5177405
yqjE_yqjK_yqjD_yqjC_predicted,5.5,50,7,CGCTAACAGTACTCCCTCAC,43,5194813
yqjE_yqjK_yqjD_yqjC_predicted,3.125,31,7,CGCGGGTCACGCGGAGTATT,24,5254981
yqjE_yqjK_yqjD_yqjC_predicted,29.875,245,7,CGCGCATTTGAAAGCACTAA,238,5186118
yqjE_yqjK_yqjD_yqjC_predicted,3.875,37,7,CGCGATGTACGCAAATCGGG,30,5255152
yqjE_yqjK_yqjD_yqjC_predicted,27.5,226,7,CGCGATGCTTTGATACCAAT,219,5238776
yqjE_yqjK_yqjD_yqjC_predicted,0.5,10,7,CGCCTTTTTTTAATAAACAT,3,5176475
yqjE_yqjK_yqjD_yqjC_predicted,2.0,22,7,CGCCGCGTGTGTGGCATCGT,15,5258508
yqjE_yqjK_yqjD_yqjC_predicted,2.75,28,7,CGCCCTTGTGCTTAAATGTG,21,5260029
yqjE_yqjK_yqjD_yqjC_predicted,15.375,129,7,CGCCACATAACGTTAAAATT,122,5191751
yqjE_yqjK_yqjD_yqjC_predicted,8.625,75,7,CGCAGGTAAAAGGCCGTATC,68,5234367
yqjE_yqjK_yqjD_yqjC_predicted,0.25,8,7,CGCAGCACAAGTAGAATAAC,1,5244250
yqjE_yqjK_yqjD_yqjC_predicted,0.25,8,7,CGCAACGATCGGAACGGACA,1,5187608
yqjE_yqjK_yqjD_yqjC_predicted,1.625,19,7,CGATTCTATCGGTGACCAAA,12,5248237
yqjE_yqjK_yqjD_yqjC_predicted,11.0,94,7,CGATAGGGCTGCCAACGCCT,87,5237422
yqjE_yqjK_yqjD_yqjC_predicted,4.75,44,7,CGAGTAGGGAGACAGTCACG,37,5243158
yqjE_yqjK_yqjD_yqjC_predicted,7.375,65,7,CGAGGCAGAGGCCTGCCAGT,58,5219666
yqjE_yqjK_yqjD_yqjC_predicted,0.5,10,7,CGAGGCACATTGGTTTGTGT,3,5209203
yqjE_yqjK_yqjD_yqjC_predicted,4.875,45,7,CGAGCGGCGTGTAAAGCGTG,38,5236290
yqjE_yqjK_yqjD_yqjC_predicted,0.875,13,7,CGACTTCGCGCGCCGACGTA,6,5188412
yqjE_yqjK_yqjD_yqjC_predicted,6.125,55,7,CGACCGCTACCCAGCGGATA,48,5174755
yqjE_yqjK_yqjD_yqjC_predicted,3.125,31,7,CGAATCTTAAGAGGGTATCA,24,5262861
yqjE_yqjK_yqjD_yqjC_predicted,6.375,57,7,CGAAATATGTGCCGATAGAA,50,5214201
yqjE_yqjK_yqjD_yqjC_predicted,1.875,21,7,CGAAAGGTCATGTCCCCCTT,14,5259918
yqjE_yqjK_yqjD_yqjC_predicted,0.75,12,7,CCTTGTTATTCTGATGCCGT,5,5233638
yqjE_yqjK_yqjD_yqjC_predicted,1.375,17,7,CCTTGCATAGCTACTTATTG,10,5231908
yqjE_yqjK_yqjD_yqjC_predicted,4.75,44,7,CCTTCTTCTGGTTCCGTCTG,37,5180971
yqjE_yqjK_yqjD_yqjC_predicted,26.875,221,7,CCTTCAGGAGTTTTGTCAGC,214,5208675
yqjE_yqjK_yqjD_yqjC_predicted,6.875,61,7,CCTGCTCCCGGGGGTCCAAG,54,5262274
yqjE_yqjK_yqjD_yqjC_predicted,0.25,8,7,CCTCTGTCACATCCGGATAT,1,5198340
yqjE_yqjK_yqjD_yqjC_predicted,4.375,41,7,CCTATGTTAGTTAAAGACTT,34,5248010
yqjE_yqjK_yqjD_yqjC_predicted,1.875,21,7,CCTATGGTATTTCGAATATC,14,5214741
yqjE_yqjK_yqjD_yqjC_predicted,3.75,36,7,CCTACCATTGTCCACTAGAT,29,5212454
yqjE_yqjK_yqjD_yqjC_predicted,3.125,31,7,CCTAAGGCCGTACTCCTATA,24,5210754
yqjE_yqjK_yqjD_yqjC_predicted,6.875,61,7,CCGTCGTGTTGACCGTACAA,54,5199041
yqjE_yqjK_yqjD_yqjC_predicted,3.75,36,7,CCGGTTTCATCTACGATTTA,29,5191040
yqjE_yqjK_yqjD_yqjC_predicted,32.875,269,7,CCGGTGTGCACGTGCAATCG,262,5205021
yqjE_yqjK_yqjD_yqjC_predicted,3.125,31,7,CCGGGTATGAGATCTCCAAT,24,5204362
yqjE_yqjK_yqjD_yqjC_predicted,0.375,9,7,CCGGAATGAACAGCGGCGCA,2,5204183
yqjE_yqjK_yqjD_yqjC_predicted,3.125,31,7,CCGCATGAACGTAAAGTATT,24,5248180
yqjE_yqjK_yqjD_yqjC_predicted,4.5,42,7,CCGCAGCCCGGAACGGTTAA,35,5192946
yqjE_yqjK_yqjD_yqjC_predicted,10.875,93,7,CCGCACAAGACAATGCACGG,86,5185382
yqjE_yqjK_yqjD_yqjC_predicted,23.125,191,7,CCGATTGGTCGCCACCCAGG,184,5254594
yqjE_yqjK_yqjD_yqjC_predicted,5.25,48,7,CCGATCTAGCTCTAGACTGT,41,5191991
yqjE_yqjK_yqjD_yqjC_predicted,0.5,10,7,CCGATATTTGGTGCAGTTAT,3,5241077
yqjE_yqjK_yqjD_yqjC_predicted,0.25,8,7,CCGAGTTGGGGTATTGAATT,1,5224776
yqjE_yqjK_yqjD_yqjC_predicted,3.125,31,7,CCGAGTTGCGCAAATTTATA,24,5188088
yqjE_yqjK_yqjD_yqjC_predicted,1.875,21,7,CCGACTCCAGGTACGAAATT,14,5240203
yqjE_yqjK_yqjD_yqjC_predicted,45.5,370,7,CCCTGATTCTTGCTTTTCAT,363,5256928
yqjE_yqjK_yqjD_yqjC_predicted,0.875,13,7,CCCGTTCTAGAGCACAAGTG,6,5197399
yqjE_yqjK_yqjD_yqjC_predicted,0.25,8,7,CCCGCCTGGCTATACGCGAA,1,5187475
yqjE_yqjK_yqjD_yqjC_predicted,8.375,73,7,CCCGCAGAGTTCAGATTCAA,66,5260253
yqjE_yqjK_yqjD_yqjC_predicted,0.25,8,7,CCCCTAACGTAGGCTCCGGC,1,5201778
yqjE_yqjK_yqjD_yqjC_predicted,0.75,12,7,CCCCGGGCGCAAGGTATGTC,5,5177996
yqjE_yqjK_yqjD_yqjC_predicted,5.125,47,7,CCCCGCTAAAACGTTCGTGA,40,5201338
yqjE_yqjK_yqjD_yqjC_predicted,2.625,27,7,CCCCAGCGCCTTCCAGTTCT,20,5178143
yqjE_yqjK_yqjD_yqjC_predicted,14.75,124,7,CCCCACGTCTATGCCGATGG,117,5226194
yqjE_yqjK_yqjD_yqjC_predicted,1.25,16,7,CCCCACGGGACGAATCCCTA,9,5254190
yqjE_yqjK_yqjD_yqjC_predicted,2.25,24,7,CCCAAGTCCCTCGGGACGAC,17,5260765
yqjE_yqjK_yqjD_yqjC_predicted,5.875,53,7,CCATTTGCATAAACCCTGGT,46,5201098
yqjE_yqjK_yqjD_yqjC_predicted,3.875,37,7,CCATTCGATTTCCCGTTATG,30,5180945
yqjE_yqjK_yqjD_yqjC_predicted,5.375,49,7,CCATCTGTTTCCCCCGGCTG,42,5232445
yqjE_yqjK_yqjD_yqjC_predicted,2.5,26,7,CCATCTGCAACACCTTACTG,19,5236258
yqjE_yqjK_yqjD_yqjC_predicted,8.5,74,7,CCATATGCATGCCGGTGATA,67,5184876
yqjE_yqjK_yqjD_yqjC_predicted,3.125,31,7,CCAGCGACATCTCGGCAAGT,24,5255132
yqjE_yqjK_yqjD_yqjC_predicted,7.375,65,7,CCAGCCCAGCGCTCATAGAT,58,5255324
yqjE_yqjK_yqjD_yqjC_predicted,1.125,15,7,CCAGCATCCGGATCTTCTAA,8,5239045
yqjE_yqjK_yqjD_yqjC_predicted,0.25,8,7,CCAGCAATTCCTCGGGTTAG,1,5239601
yqjE_yqjK_yqjD_yqjC_predicted,29.875,245,7,CCACTTTAAGGGGCACACTA,238,5189654
yqjE_yqjK_yqjD_yqjC_predicted,3.25,32,7,CCACACGTCTGGTTTAGGAG,25,5238276
yqjE_yqjK_yqjD_yqjC_predicted,2.375,25,7,CCAATGCATGCCGGTCCGCG,18,5203089
yqjE_yqjK_yqjD_yqjC_predicted,31.25,256,7,CCAATCTAGGCGGCCCCGTG,249,5180844
yqjE_yqjK_yqjD_yqjC_predicted,5.125,47,7,CCAAGGGGGGATCCTGAAGA,40,5183013
yqjE_yqjK_yqjD_yqjC_predicted,38.875,317,7,CCAAGGCAACCCGCAATATG,310,5180839
yqjE_yqjK_yqjD_yqjC_predicted,0.625,11,7,CCAAGCCGAGGGACAGGCAA,4,5181015
yqjE_yqjK_yqjD_yqjC_predicted,3.0,30,7,CATTGCGGGATATCACAGTG,23,5186707
yqjE_yqjK_yqjD_yqjC_predicted,8.0,70,7,CATTCTAAGCGCCAGCGGTA,63,5252012
yqjE_yqjK_yqjD_yqjC_predicted,2.625,27,7,CATGTACGCCTAAAGGTGTT,20,5227207
yqjE_yqjK_yqjD_yqjC_predicted,5.25,48,7,CATGCAGAACAACCAGGTCT,41,5202921
yqjE_yqjK_yqjD_yqjC_predicted,8.125,71,7,CATGACGAAATTTCCAGGAC,64,5191540
yqjE_yqjK_yqjD_yqjC_predicted,2.625,27,7,CATAAAGGGTCAGTTTGGTC,20,5201780
yqjE_yqjK_yqjD_yqjC_predicted,7.375,65,7,CAGTAATAGCGTCATATCAG,58,5200475
yqjE_yqjK_yqjD_yqjC_predicted,0.25,8,7,CAGGGGCGAGTCCTATACAT,1,5218949
yqjE_yqjK_yqjD_yqjC_predicted,8.25,72,7,CAGGCTCGTTCATAGCTATC,65,5243337
yqjE_yqjK_yqjD_yqjC_predicted,6.125,55,7,CAGGCTACGGAAATGGTATC,48,5234357
yqjE_yqjK_yqjD_yqjC_predicted,18.25,152,7,CAGGATCTATCAGTAGAATA,145,5262708
yqjE_yqjK_yqjD_yqjC_predicted,5.75,52,7,CAGCTCTCGCTCCAAATGAT,45,5246506
yqjE_yqjK_yqjD_yqjC_predicted,0.75,12,7,CAGCCGGCATAGGCGAACTT,5,5199120
yqjE_yqjK_yqjD_yqjC_predicted,0.75,12,7,CAGATAAACAAGTGTGAGTA,5,5206742
yqjE_yqjK_yqjD_yqjC_predicted,51.125,415,7,CACTACCTTAACTACCGCTA,408,5208664
yqjE_yqjK_yqjD_yqjC_predicted,0.875,13,7,CACCTAGGCATAGCGTATTG,6,5253106
yqjE_yqjK_yqjD_yqjC_predicted,3.25,32,7,CACCATAAGGGGCAATTAGT,25,5211828
yqjE_yqjK_yqjD_yqjC_predicted,0.25,8,7,CACAGACCCGGTTGTCGGTT,1,5248023
yqjE_yqjK_yqjD_yqjC_predicted,4.75,44,7,CAATGTCGGACAGTTACTTT,37,5179359
yqjE_yqjK_yqjD_yqjC_predicted,1.875,21,7,CAAGGTGATCTAGCGGCGTA,14,5230968
yqjE_yqjK_yqjD_yqjC_predicted,4.375,41,7,CAAGCGCCAGGTATGCGTCT,34,5237097
yqjE_yqjK_yqjD_yqjC_predicted,1.75,20,7,CAAGCCCCAGGAGCTGACAA,13,5226398
yqjE_yqjK_yqjD_yqjC_predicted,1.875,21,7,CAACTGTTGTGAGTTCCCAT,14,5173848
yqjE_yqjK_yqjD_yqjC_predicted,3.0,30,7,CAACTCGCATCATGGATATT,23,5247101
yqjE_yqjK_yqjD_yqjC_predicted,15.25,128,7,CAACGACTGTGAACAGTCCA,121,5238893
yqjE_yqjK_yqjD_yqjC_predicted,0.875,13,7,CAACCCGTTCAAGAGCACCA,6,5198125
yqjE_yqjK_yqjD_yqjC_predicted,3.75,36,7,CAACAGATTCGGCACGTAAA,29,5198688
yqjE_yqjK_yqjD_yqjC_predicted,10.375,89,7,ATTTTCTTTCGGGCGGGAGG,82,5231624
yqjE_yqjK_yqjD_yqjC_predicted,2.625,27,7,ATTTGTTATTTTGGGGGGGT,20,5261664
yqjE_yqjK_yqjD_yqjC_predicted,1.375,17,7,ATTTCCCAAGGGCTGGGTGA,10,5247832
yqjE_yqjK_yqjD_yqjC_predicted,3.0,30,7,ATTTCATGGACGCAGACACT,23,5248470
yqjE_yqjK_yqjD_yqjC_predicted,0.25,8,7,ATTGGGCTTCTTGGACTCGC,1,5184652
yqjE_yqjK_yqjD_yqjC_predicted,4.5,42,7,ATTCTGGAGTTTCCTTGAGT,35,5202011
yqjE_yqjK_yqjD_yqjC_predicted,0.25,8,7,ATTCCGGGGAAACGTCATGT,1,5178703
yqjE_yqjK_yqjD_yqjC_predicted,6.75,60,7,ATTCCAAGGTTTGGCGGGCG,53,5250646
yqjE_yqjK_yqjD_yqjC_predicted,3.5,34,7,ATTAGGCTCTTTCAACAAAA,27,5174514
yqjE_yqjK_yqjD_yqjC_predicted,4.375,41,7,ATTACACATTGTGCCACACA,34,5243238
yqjE_yqjK_yqjD_yqjC_predicted,9.375,81,7,ATGTTATTGACCCAGGGTTC,74,5254259
yqjE_yqjK_yqjD_yqjC_predicted,2.875,29,7,ATGTTAGTGGCGAAGAATTT,22,5254032
yqjE_yqjK_yqjD_yqjC_predicted,12.25,104,7,ATGTGTAGGGGGCCTAAGTC,97,5247863
yqjE_yqjK_yqjD_yqjC_predicted,0.25,8,7,ATGTCCGTTATGCACACGCA,1,5225893
yqjE_yqjK_yqjD_yqjC_predicted,0.25,8,7,ATGTCAGGCTGCTTCGGGTG,1,5232787
yqjE_yqjK_yqjD_yqjC_predicted,0.75,12,7,ATGGGCCTGGTATGTCGATG,5,5194942
yqjE_yqjK_yqjD_yqjC_predicted,4.125,39,7,ATGGCGTGCCTCCTTGTTTC,32,5245053
yqjE_yqjK_yqjD_yqjC_predicted,2.5,26,7,ATGCGCGGGTTTTGATGACT,19,5178150
yqjE_yqjK_yqjD_yqjC_predicted,0.5,10,7,ATGCGCAATGCCCTTCTATA,3,5245809
yqjE_yqjK_yqjD_yqjC_predicted,6.25,56,7,ATGCCCGTGGGATTATGCCT,49,5258141
yqjE_yqjK_yqjD_yqjC_predicted,3.75,36,7,ATGCCCAAGGAATAGAGAAG,29,5237815
yqjE_yqjK_yqjD_yqjC_predicted,7.75,68,7,ATGCACCTAGCCGACAGGTT,61,5240136
yqjE_yqjK_yqjD_yqjC_predicted,7.5,66,7,ATGCAAGTCAGCGCACCGAT,59,5237130
yqjE_yqjK_yqjD_yqjC_predicted,2.875,29,7,ATGAGTCTTTATGATATATC,22,5184165
yqjE_yqjK_yqjD_yqjC_predicted,0.875,13,7,ATGAGACTGGGAACCTTGGC,6,5255720
yqjE_yqjK_yqjD_yqjC_predicted,0.25,8,7,ATGAAATGAGAACAGGCCAA,1,5177739
yqjE_yqjK_yqjD_yqjC_predicted,3.75,36,7,ATCTTCAGCAGTACAGTGAA,29,5194436
yqjE_yqjK_yqjD_yqjC_predicted,11.75,100,7,ATCTGTTTGTCCCCAAGTCC,93,5219157
yqjE_yqjK_yqjD_yqjC_predicted,6.875,61,7,ATCTATAGAGCGCGTTTTTA,54,5233025
yqjE_yqjK_yqjD_yqjC_predicted,2.625,27,7,ATCGAGTTTCACGTCCTGTT,20,5217900
yqjE_yqjK_yqjD_yqjC_predicted,5.125,47,7,ATCCCGAGTGATCATGTGCC,40,5195187
yqjE_yqjK_yqjD_yqjC_predicted,3.125,31,7,ATCATACAAACCGGATTGGC,24,5172982
yqjE_yqjK_yqjD_yqjC_predicted,0.25,8,7,ATCAATCGTTTCAGACGCTT,1,5252794
yqjE_yqjK_yqjD_yqjC_predicted,10.0,86,7,ATCAAGGTCATGCTTTGGGA,79,5243281
yqjE_yqjK_yqjD_yqjC_predicted,2.5,26,7,ATCAAACTCATATTTTTGAT,19,5235696
yqjE_yqjK_yqjD_yqjC_predicted,1.625,19,7,ATATGGGCTAGCCGCGATTA,12,5199353
yqjE_yqjK_yqjD_yqjC_predicted,3.0,30,7,ATATCGATCGGTTAGGATCT,23,5174952
yqjE_yqjK_yqjD_yqjC_predicted,0.25,8,7,ATAGGGTGATAACGTCCGAC,1,5254790
yqjE_yqjK_yqjD_yqjC_predicted,11.5,98,7,ATAGATTCAAATGTTGCCTG,91,5233458
yqjE_yqjK_yqjD_yqjC_predicted,0.375,9,7,ATAGAGGTTTTTCGCATATC,2,5227643
yqjE_yqjK_yqjD_yqjC_predicted,4.625,43,7,ATACGCCGAGCTGGCTTAAA,36,5198946
yqjE_yqjK_yqjD_yqjC_predicted,4.125,39,7,ATACAGTAATCTCTGAGGTT,32,5176271
yqjE_yqjK_yqjD_yqjC_predicted,5.875,53,7,ATAACGGTTCGCGGCATTTC,46,5187922
yqjE_yqjK_yqjD_yqjC_predicted,3.875,37,7,ATAACGATAGCCACTATAAA,30,5211979
yqjE_yqjK_yqjD_yqjC_predicted,5.0,46,7,AGTTCGTACACTTCGGGTAA,39,5261128
yqjE_yqjK_yqjD_yqjC_predicted,8.625,75,7,AGTGTGACAACAGACCGAAT,68,5225572
yqjE_yqjK_yqjD_yqjC_predicted,8.625,75,7,AGTGGCAACTCATTCTCGGT,68,5180949
yqjE_yqjK_yqjD_yqjC_predicted,1.875,21,7,AGTGAGGAGGCCGGTAGCCA,14,5220104
yqjE_yqjK_yqjD_yqjC_predicted,3.875,37,7,AGTGAGCCATGCGACGTAGG,30,5180780
yqjE_yqjK_yqjD_yqjC_predicted,0.5,10,7,AGTATTTACTGTAAGAGACG,3,5177746
yqjE_yqjK_yqjD_yqjC_predicted,2.75,28,7,AGTATTAAGTCAAGAAATCC,21,5218022
yqjE_yqjK_yqjD_yqjC_predicted,1.125,15,7,AGTACTAATCTGCCTCCGGG,8,5221050
yqjE_yqjK_yqjD_yqjC_predicted,4.125,39,7,AGGTTGGCGCGCACCCGTGG,32,5178409
yqjE_yqjK_yqjD_yqjC_predicted,2.25,24,7,AGGTAGAAAACAGGCGAATG,17,5229621
yqjE_yqjK_yqjD_yqjC_predicted,0.25,8,7,AGGGCAAATTTCTGAATAGT,1,5179993
yqjE_yqjK_yqjD_yqjC_predicted,2.0,22,7,AGGGATACCCCCCGTCGGTA,15,5200526
yqjE_yqjK_yqjD_yqjC_predicted,17.875,149,7,AGGCTCACCTTCCGACCAGT,142,5205031
yqjE_yqjK_yqjD_yqjC_predicted,7.5,66,7,AGGCGAATGTATCCCTGTTC,59,5202550
yqjE_yqjK_yqjD_yqjC_predicted,2.625,27,7,AGGCAGGTTAAGTTTACCTA,20,5249596
yqjE_yqjK_yqjD_yqjC_predicted,2.5,26,7,AGGACCAACGGATCACCTCG,19,5253961
yqjE_yqjK_yqjD_yqjC_predicted,1.125,15,7,AGCTTCCTGGCTCGCGTTTT,8,5176010
yqjE_yqjK_yqjD_yqjC_predicted,3.375,33,7,AGCTTCCCGGTTAAGGAGAA,26,5194960
yqjE_yqjK_yqjD_yqjC_predicted,0.25,8,7,AGCTCGTCGTGTGTGGGGAC,1,5260756
yqjE_yqjK_yqjD_yqjC_predicted,2.25,24,7,AGCTATAGTTACTCATCTGT,17,5173978
yqjE_yqjK_yqjD_yqjC_predicted,2.5,26,7,AGCGGATCCGGTGTGATGTG,19,5173916
yqjE_yqjK_yqjD_yqjC_predicted,2.125,23,7,AGCGATGTGAGGGAGACACA,16,5228626
yqjE_yqjK_yqjD_yqjC_predicted,1.625,19,7,AGCCTGGGGGACGATGAAAA,12,5207639
yqjE_yqjK_yqjD_yqjC_predicted,2.5,26,7,AGCCCTAGAGGTGGAGTAGA,19,5241034
yqjE_yqjK_yqjD_yqjC_predicted,2.875,29,7,AGCCATAGTCTCCTTGACTT,22,5172398
yqjE_yqjK_yqjD_yqjC_predicted,2.25,24,7,AGCATTTTCCCGGGCAATCG,17,5216504
yqjE_yqjK_yqjD_yqjC_predicted,3.0,30,7,AGATTGCAGCTTAGATATAT,23,5173559
yqjE_yqjK_yqjD_yqjC_predicted,2.875,29,7,AGATCTATGACTGCTGGAGC,22,5187600
yqjE_yqjK_yqjD_yqjC_predicted,3.875,37,7,AGACTATTTCCTTGTCTGTA,30,5236296
yqjE_yqjK_yqjD_yqjC_predicted,0.375,9,7,AGACGGCAAGATGGCAATAG,2,5183894
yqjE_yqjK_yqjD_yqjC_predicted,0.25,8,7,AGACCTCGCGGGCGTCTGAG,1,5241491
yqjE_yqjK_yqjD_yqjC_predicted,1.0,14,7,ACTTTTGTACCCAGCTGTCG,7,5209855
yqjE_yqjK_yqjD_yqjC_predicted,4.5,42,7,ACTTGGTGTACAGCTACTCA,35,5262452
yqjE_yqjK_yqjD_yqjC_predicted,1.125,15,7,ACTTGCCACTGTCTAGGGGT,8,5249960
yqjE_yqjK_yqjD_yqjC_predicted,1.0,14,7,ACTTATCAAGCCCTTAATAA,7,5241866
yqjE_yqjK_yqjD_yqjC_predicted,3.125,31,7,ACTCTTGAATCTAGCAAGCG,24,5228621
yqjE_yqjK_yqjD_yqjC_predicted,0.25,8,7,ACTCCTGAATCGAGGAACAG,1,5253472
yqjE_yqjK_yqjD_yqjC_predicted,2.375,25,7,ACTAGGCCGCTTCCCGGTAC,18,5208011
yqjE_yqjK_yqjD_yqjC_predicted,4.125,39,7,ACTACTCTTGTTCTCGTCGG,32,5235572
yqjE_yqjK_yqjD_yqjC_predicted,1.5,18,7,ACTACGGCTCGTGAGTCTTC,11,5226639
yqjE_yqjK_yqjD_yqjC_predicted,0.375,9,7,ACTACCGCTCGGAAGGTATA,2,5196589
yqjE_yqjK_yqjD_yqjC_predicted,1.5,18,7,ACTAACGGAGGGGATACACT,11,5228258
yqjE_yqjK_yqjD_yqjC_predicted,0.5,10,7,ACGTTATCCGGCATCACGTC,3,5207542
yqjE_yqjK_yqjD_yqjC_predicted,0.875,13,7,ACGTATTGGTACATCTTGGT,6,5220132
yqjE_yqjK_yqjD_yqjC_predicted,5.0,46,7,ACGGAGAGGGTCCGGACCGT,39,5175425
yqjE_yqjK_yqjD_yqjC_predicted,3.875,37,7,ACGCTCCGGCCATCTGCTTC,30,5249217
yqjE_yqjK_yqjD_yqjC_predicted,2.375,25,7,ACGCCGAGGCATAGTAGCAT,18,5209222
yqjE_yqjK_yqjD_yqjC_predicted,16.375,137,7,ACGCACGTTTGTATCCCTGC,130,5200958
yqjE_yqjK_yqjD_yqjC_predicted,10.375,89,7,ACGATTTATGTGCAGTGCAT,82,5171958
yqjE_yqjK_yqjD_yqjC_predicted,0.25,8,7,ACGATCGTCCTAGAAAGGGT,1,5181482
yqjE_yqjK_yqjD_yqjC_predicted,8.0,70,7,ACCTTGGTTCTAACTCTACT,63,5231943
yqjE_yqjK_yqjD_yqjC_predicted,35.125,287,7,ACCTGGATAGATGGTTTTAT,280,5174797
yqjE_yqjK_yqjD_yqjC_predicted,3.25,32,7,ACCTCATTGTTACTCGACGA,25,5212602
yqjE_yqjK_yqjD_yqjC_predicted,1.5,18,7,ACCGTTGCCTGGATGGTTGT,11,5204267
yqjE_yqjK_yqjD_yqjC_predicted,12.625,107,7,ACCGTCGGGAGCTGCCGCCA,100,5171941
yqjE_yqjK_yqjD_yqjC_predicted,3.125,31,7,ACCGCCCGTTAAATTCTAGT,24,5176680
yqjE_yqjK_yqjD_yqjC_predicted,3.75,36,7,ACCCGGCCAAACGGCTACAG,29,5197600
yqjE_yqjK_yqjD_yqjC_predicted,3.0,30,7,ACCCCGTACTCGCATCAAGA,23,5214179
yqjE_yqjK_yqjD_yqjC_predicted,3.5,34,7,ACCAGTCAGCCGTTTTTTAT,27,5180044
yqjE_yqjK_yqjD_yqjC_predicted,2.625,27,7,ACCAGCTGATAGGAAAAGTT,20,5187375
yqjE_yqjK_yqjD_yqjC_predicted,4.625,43,7,ACCAGAAGCCCCGAAGCGCG,36,5210219
yqjE_yqjK_yqjD_yqjC_predicted,1.5,18,7,ACCAAATATGGTTGTGGCAA,11,5236497
yqjE_yqjK_yqjD_yqjC_predicted,4.875,45,7,ACCAAAGTATCATCAAGCCT,38,5209467
yqjE_yqjK_yqjD_yqjC_predicted,0.25,8,7,ACATCCTTATTCTGTAGCTC,1,5228951
yqjE_yqjK_yqjD_yqjC_predicted,3.125,31,7,ACATACCCGCGGGTCTACAC,24,5176200
yqjE_yqjK_yqjD_yqjC_predicted,0.375,9,7,ACATAAATCGAATGGGACGC,2,5194010
yqjE_yqjK_yqjD_yqjC_predicted,0.875,13,7,ACAGTATTGTGTGGTAATCG,6,5230912
yqjE_yqjK_yqjD_yqjC_predicted,6.625,59,7,ACAGGTGCTTCAATGGAGCT,52,5247894
yqjE_yqjK_yqjD_yqjC_predicted,5.25,48,7,ACAGGGTAGGCAGACACCAA,41,5171518
yqjE_yqjK_yqjD_yqjC_predicted,3.0,30,7,ACAGCCGGCGCACCATGCAT,23,5260237
yqjE_yqjK_yqjD_yqjC_predicted,2.5,26,7,ACAACAACAGGCTAGTACGT,19,5229110
yqjE_yqjK_yqjD_yqjC_predicted,1.875,21,7,AATTTTACTTACAGTTGTTG,14,5245769
yqjE_yqjK_yqjD_yqjC_predicted,3.625,35,7,AATTTCACAACGTGCGATGT,28,5191393
yqjE_yqjK_yqjD_yqjC_predicted,6.875,61,7,AATGTCAATCCATCGTAGTC,54,5177843
yqjE_yqjK_yqjD_yqjC_predicted,0.25,8,7,AATCGGCACCGGATGCTTAA,1,5212980
yqjE_yqjK_yqjD_yqjC_predicted,0.25,8,7,AATCCGTGGGGGGTGACGCT,1,5215111
yqjE_yqjK_yqjD_yqjC_predicted,2.5,26,7,AATCCCGATCTGAGACTATG,19,5199122
yqjE_yqjK_yqjD_yqjC_predicted,8.5,74,7,AATCCAGAACACTTATGGGA,67,5177900
yqjE_yqjK_yqjD_yqjC_predicted,4.5,42,7,AATAGTGCCAGACCCCAGGG,35,5210169
yqjE_yqjK_yqjD_yqjC_predicted,4.25,40,7,AATACTGACAGGCGTACCTT,33,5189613
yqjE_yqjK_yqjD_yqjC_predicted,3.0,30,7,AATAAAGGAGGGCAACTCCA,23,5196020
yqjE_yqjK_yqjD_yqjC_predicted,1.5,18,7,AATAAAAATTGGAAACGAAT,11,5180757
yqjE_yqjK_yqjD_yqjC_predicted,7.875,69,7,AAGTGGAATACATCACCCAC,62,5240864
yqjE_yqjK_yqjD_yqjC_predicted,4.375,41,7,AAGTCTTCGTCCATCGCGGA,34,5232016
yqjE_yqjK_yqjD_yqjC_predicted,4.0,38,7,AAGGGTTTTGCTTACGGGTG,31,5200005
yqjE_yqjK_yqjD_yqjC_predicted,3.375,33,7,AAGGGTGCGGGCGACCACTT,26,5198295
yqjE_yqjK_yqjD_yqjC_predicted,23.75,196,7,AAGCTGAGAGTGAGTGCTAC,189,5246050
yqjE_yqjK_yqjD_yqjC_predicted,16.0,134,7,AAGCACCCAACGACGGAGAT,127,5197596
yqjE_yqjK_yqjD_yqjC_predicted,8.0,70,7,AAGATGCATAGACTCACCCG,63,5176517
yqjE_yqjK_yqjD_yqjC_predicted,14.125,119,7,AACGTCCGACGGGGGATCGG,112,5179656
yqjE_yqjK_yqjD_yqjC_predicted,10.25,88,7,AACGGAATGACCACATGCGG,81,5234355
yqjE_yqjK_yqjD_yqjC_predicted,3.875,37,7,AACCTAGAGCCTAAAAACGT,30,5196842
yqjE_yqjK_yqjD_yqjC_predicted,18.125,151,7,AACCGTGCCGGTTGTGCTTG,144,5217322
yqjE_yqjK_yqjD_yqjC_predicted,4.25,40,7,AACAGTCGTCGGGACATCAT,33,5241543
yqjE_yqjK_yqjD_yqjC_predicted,2.375,25,7,AACACACTATGACAAGATAA,18,5240830
yqjE_yqjK_yqjD_yqjC_predicted,3.625,35,7,AACAATATCCCCAGATTTCC,28,5189046
yqjE_yqjK_yqjD_yqjC_predicted,6.875,61,7,AAATTAGCTGAGAATGTAGT,54,5226257
yqjE_yqjK_yqjD_yqjC_predicted,3.625,35,7,AAATTAGCGATCCGCAAGGC,28,5192257
yqjE_yqjK_yqjD_yqjC_predicted,2.125,23,7,AAACAAAGTACCGACCTAGC,16,5189467
yqjE_yqjK_yqjD_yqjC_predicted,6.25,56,7,AAAATAATCCACGTCTGCTA,49,5193393
yqjE_yqjK_yqjD_yqjC_predicted,2.0,22,7,AAAAGTTGTGGTATTGTGAT,15,5192779
yqjE_yqjK_yqjD_yqjC_predicted,1.625,19,7,AAAAGGTCGAGGGGCCGTTC,12,5207595
yqjE_yqjK_yqjD_yqjC_predicted,4.714285714285714,38,6,TTTTGTAAAAGACCTCTTTA,32,5247640
yqjE_yqjK_yqjD_yqjC_predicted,4.142857142857143,34,6,TTTTCCGGGTATCCAACATC,28,5224817
yqjE_yqjK_yqjD_yqjC_predicted,2.857142857142857,25,6,TTTTATGCAATCAAGATACA,19,5205295
yqjE_yqjK_yqjD_yqjC_predicted,1.1428571428571428,13,6,TTTCTTTGTCTGAAAGCTCC,7,5194875
yqjE_yqjK_yqjD_yqjC_predicted,4.0,33,6,TTGTTCGAGATAATCGGTAT,27,5242156
yqjE_yqjK_yqjD_yqjC_predicted,3.4285714285714284,29,6,TTGTTCCTAATCTCACGTTT,23,5184469
yqjE_yqjK_yqjD_yqjC_predicted,3.0,26,6,TTGTGATACTCGACTTCTCA,20,5242745
yqjE_yqjK_yqjD_yqjC_predicted,3.4285714285714284,29,6,TTGGTGGGTATGTAATGTAG,23,5182575
yqjE_yqjK_yqjD_yqjC_predicted,6.571428571428571,51,6,TTGGTCCAGCGAAGGTCAGT,45,5226501
yqjE_yqjK_yqjD_yqjC_predicted,0.5714285714285714,9,6,TTGGGTCTGGCATGACAAAT,3,5224664
yqjE_yqjK_yqjD_yqjC_predicted,1.4285714285714286,15,6,TTGGCTCTAATCCGAGTTAC,9,5191789
yqjE_yqjK_yqjD_yqjC_predicted,2.857142857142857,25,6,TTGGATTTTAGGGAGGCAGA,19,5190874
yqjE_yqjK_yqjD_yqjC_predicted,5.285714285714286,42,6,TTGGATTCTCAGAGAGTCCA,36,5171334
yqjE_yqjK_yqjD_yqjC_predicted,2.7142857142857144,24,6,TTGCTACTGGCTTACGTCAC,18,5248093
yqjE_yqjK_yqjD_yqjC_predicted,0.2857142857142857,7,6,TTGCCTCTTAACTTCAAACT,1,5216771
yqjE_yqjK_yqjD_yqjC_predicted,16.0,117,6,TTGATAGTCCGAGAGAGCAA,111,5199749
yqjE_yqjK_yqjD_yqjC_predicted,3.2857142857142856,28,6,TTGACGTATCTGGATGGATG,22,5190496
yqjE_yqjK_yqjD_yqjC_predicted,3.4285714285714284,29,6,TTGAAAGTGGGTTGGTGGCT,23,5223787
yqjE_yqjK_yqjD_yqjC_predicted,36.285714285714285,259,6,TTCTGGTTGTGTTATAGTTA,253,5247855
yqjE_yqjK_yqjD_yqjC_predicted,13.428571428571429,99,6,TTCTCATATTTGCGGATACA,93,5262660
yqjE_yqjK_yqjD_yqjC_predicted,4.571428571428571,37,6,TTCGTGACCGCTGTTTACCA,31,5208598
yqjE_yqjK_yqjD_yqjC_predicted,0.2857142857142857,7,6,TTCCTGTGTAACTACACACT,1,5176708
yqjE_yqjK_yqjD_yqjC_predicted,9.714285714285714,73,6,TTCCGTATATGATCTCGACA,67,5171177
yqjE_yqjK_yqjD_yqjC_predicted,2.5714285714285716,23,6,TTCATAACGAACCGAATCCT,17,5198261
yqjE_yqjK_yqjD_yqjC_predicted,0.42857142857142855,8,6,TTCACTTCGAAATCAGAATC,2,5214932
yqjE_yqjK_yqjD_yqjC_predicted,3.2857142857142856,28,6,TTATGACCGGAATCCTTTCC,22,5257141
yqjE_yqjK_yqjD_yqjC_predicted,16.714285714285715,122,6,TTATGACCACTGTCGCACCT,116,5202557
yqjE_yqjK_yqjD_yqjC_predicted,4.571428571428571,37,6,TTATCCTACAGGAATCGGTA,31,5190658
yqjE_yqjK_yqjD_yqjC_predicted,3.142857142857143,27,6,TTATATGCAGTACTACTCAC,21,5198216
yqjE_yqjK_yqjD_yqjC_predicted,4.0,33,6,TTATATGAGGCCGGTCACTA,27,5212067
yqjE_yqjK_yqjD_yqjC_predicted,12.285714285714286,91,6,TTAGTTATCGTCAAGAATGG,85,5202077
yqjE_yqjK_yqjD_yqjC_predicted,7.0,54,6,TTACTGTGTGGGGGTAATCT,48,5187603
yqjE_yqjK_yqjD_yqjC_predicted,6.0,47,6,TTACTCTGTCTAGTACCTAT,41,5216132
yqjE_yqjK_yqjD_yqjC_predicted,13.571428571428571,100,6,TTACCGATTTAACGAAAGGT,94,5189040
yqjE_yqjK_yqjD_yqjC_predicted,3.857142857142857,32,6,TTACCCCGATCCCTGGGATA,26,5217027
yqjE_yqjK_yqjD_yqjC_predicted,12.428571428571429,92,6,TTAAATTATGGGCCGCGGAT,86,5255509
yqjE_yqjK_yqjD_yqjC_predicted,2.4285714285714284,22,6,TGTTTTCCAATTATTTTAAA,16,5211465
yqjE_yqjK_yqjD_yqjC_predicted,4.0,33,6,TGTTTCGTTCCGCTTCGGTT,27,5223811
yqjE_yqjK_yqjD_yqjC_predicted,5.571428571428571,44,6,TGTTCTGTCTGCCTTTCCCG,38,5203996
yqjE_yqjK_yqjD_yqjC_predicted,2.857142857142857,25,6,TGTTATGAGCAAGTTTTAGC,19,5185307
yqjE_yqjK_yqjD_yqjC_predicted,8.714285714285714,66,6,TGTGGGGGTATCAGGCGCGC,60,5218771
yqjE_yqjK_yqjD_yqjC_predicted,1.7142857142857142,17,6,TGTGGATTAATTGGAATCAG,11,5248898
yqjE_yqjK_yqjD_yqjC_predicted,2.2857142857142856,21,6,TGTGCTGATATCGGGACCTA,15,5201067
yqjE_yqjK_yqjD_yqjC_predicted,3.4285714285714284,29,6,TGTGATAGAGTTGTACATAG,23,5241118
yqjE_yqjK_yqjD_yqjC_predicted,39.285714285714285,280,6,TGTGAGAATTACATCACTGC,274,5238804
yqjE_yqjK_yqjD_yqjC_predicted,1.1428571428571428,13,6,TGTCTTCTTTCACTCCTGCA,7,5259948
yqjE_yqjK_yqjD_yqjC_predicted,3.2857142857142856,28,6,TGTCTAGATGGGAGTCCTGA,22,5232064
yqjE_yqjK_yqjD_yqjC_predicted,2.7142857142857144,24,6,TGTCGCCACCCTGTAGCGAC,18,5181472
yqjE_yqjK_yqjD_yqjC_predicted,4.285714285714286,35,6,TGTCACAGGGACGCCCAAGT,29,5226474
yqjE_yqjK_yqjD_yqjC_predicted,5.428571428571429,43,6,TGTAATGATCTAAGTACGCT,37,5200366
yqjE_yqjK_yqjD_yqjC_predicted,4.285714285714286,35,6,TGGTTTGGGTCTACTGGGGG,29,5258125
yqjE_yqjK_yqjD_yqjC_predicted,1.5714285714285714,16,6,TGGTCGTCGCAATAAGATAC,10,5199129
yqjE_yqjK_yqjD_yqjC_predicted,8.285714285714286,63,6,TGGTCACTGGGACACGAGTT,57,5198246
yqjE_yqjK_yqjD_yqjC_predicted,1.8571428571428572,18,6,TGGGTGGTACTGCGGGTCTG,12,5246266
yqjE_yqjK_yqjD_yqjC_predicted,3.142857142857143,27,6,TGGGCCCAATTATCCAGTGG,21,5259032
yqjE_yqjK_yqjD_yqjC_predicted,2.4285714285714284,22,6,TGGGCAAGATACTGCACGAA,16,5200430
yqjE_yqjK_yqjD_yqjC_predicted,1.7142857142857142,17,6,TGGCTGCAATCAAACTCAGG,11,5177157
yqjE_yqjK_yqjD_yqjC_predicted,2.142857142857143,20,6,TGGCGTCGGTATGCTTCAGT,14,5244092
yqjE_yqjK_yqjD_yqjC_predicted,13.857142857142858,102,6,TGGCACCGTGATTGGTTTTC,96,5211605
yqjE_yqjK_yqjD_yqjC_predicted,4.142857142857143,34,6,TGGATCCCTGAACGCATACG,28,5242688
yqjE_yqjK_yqjD_yqjC_predicted,6.714285714285714,52,6,TGGAGGTCCCTATTAAATCC,46,5176707
yqjE_yqjK_yqjD_yqjC_predicted,7.714285714285714,59,6,TGGAACCACTATCTAGGTTC,53,5227440
yqjE_yqjK_yqjD_yqjC_predicted,3.857142857142857,32,6,TGCTTTGTTATCAGGGTGAT,26,5225794
yqjE_yqjK_yqjD_yqjC_predicted,21.714285714285715,157,6,TGCTTTAACTAAAAGGTCAT,151,5245624
yqjE_yqjK_yqjD_yqjC_predicted,1.8571428571428572,18,6,TGCTCACAGCCGCCCATCTA,12,5176330
yqjE_yqjK_yqjD_yqjC_predicted,3.142857142857143,27,6,TGCGATGGCGTGTGCCATTG,21,5172841
yqjE_yqjK_yqjD_yqjC_predicted,2.2857142857142856,21,6,TGCCCATGTACCGGCCGTCA,15,5230959
yqjE_yqjK_yqjD_yqjC_predicted,0.8571428571428571,11,6,TGCATGGCCTTCGCCGGTTA,5,5248780
yqjE_yqjK_yqjD_yqjC_predicted,0.42857142857142855,8,6,TGCAATCCCCGAATCGTTTC,2,5259191
yqjE_yqjK_yqjD_yqjC_predicted,0.2857142857142857,7,6,TGCAACCGACCGGTAAAAAC,1,5214959
yqjE_yqjK_yqjD_yqjC_predicted,10.285714285714286,77,6,TGATTGGATTGGTGAGACCC,71,5247742
yqjE_yqjK_yqjD_yqjC_predicted,4.714285714285714,38,6,TGATTCGCCCCAGCCGTCAA,32,5247008
yqjE_yqjK_yqjD_yqjC_predicted,18.428571428571427,134,6,TGATGGTCAATAATATCCAG,128,5228760
yqjE_yqjK_yqjD_yqjC_predicted,8.0,61,6,TGAACCAGGAAGGGGCGATC,55,5262859
yqjE_yqjK_yqjD_yqjC_predicted,5.428571428571429,43,6,TCTGCTGCCACTAGGGACCG,37,5185000
yqjE_yqjK_yqjD_yqjC_predicted,2.2857142857142856,21,6,TCTGCCCGTGATTAAGCTCG,15,5196460
yqjE_yqjK_yqjD_yqjC_predicted,0.7142857142857143,10,6,TCTCTTCTTCATGGGCCTTG,4,5190661
yqjE_yqjK_yqjD_yqjC_predicted,0.2857142857142857,7,6,TCTCATAAAGCAATGTATGT,1,5220224
yqjE_yqjK_yqjD_yqjC_predicted,1.4285714285714286,15,6,TCTCAGAATCTCGGTTTGAC,9,5226309
yqjE_yqjK_yqjD_yqjC_predicted,3.4285714285714284,29,6,TCTATTTTCGTGCTAAGGTC,23,5184120
yqjE_yqjK_yqjD_yqjC_predicted,1.5714285714285714,16,6,TCTATTGCCTCGTCTACTCC,10,5236785
yqjE_yqjK_yqjD_yqjC_predicted,5.142857142857143,41,6,TCGTTACAGAAAAAGTCGTC,35,5247325
yqjE_yqjK_yqjD_yqjC_predicted,3.5714285714285716,30,6,TCGTGCACCTCACAGCAATA,24,5189354
yqjE_yqjK_yqjD_yqjC_predicted,3.5714285714285716,30,6,TCGTCTAACAAAGCCTAACC,24,5181747
yqjE_yqjK_yqjD_yqjC_predicted,1.7142857142857142,17,6,TCGTATGAATCGTCTATAGA,11,5181198
yqjE_yqjK_yqjD_yqjC_predicted,8.285714285714286,63,6,TCGTACCGCGTTAGGCTCCA,57,5187500
yqjE_yqjK_yqjD_yqjC_predicted,8.857142857142858,67,6,TCGGGGACGAATAACCGATT,61,5254321
yqjE_yqjK_yqjD_yqjC_predicted,1.1428571428571428,13,6,TCGGATTCGCTACGCCGTAA,7,5185779
yqjE_yqjK_yqjD_yqjC_predicted,1.8571428571428572,18,6,TCGGACGTGTTGCGAGCTTG,12,5218736
yqjE_yqjK_yqjD_yqjC_predicted,1.4285714285714286,15,6,TCGAGAGTTAATTAGACGCA,9,5189125
yqjE_yqjK_yqjD_yqjC_predicted,2.2857142857142856,21,6,TCGACTCGCCCAAGTCACAG,15,5226123
yqjE_yqjK_yqjD_yqjC_predicted,0.8571428571428571,11,6,TCGAAGTCGTCCACCAGCAG,5,5218569
yqjE_yqjK_yqjD_yqjC_predicted,2.857142857142857,25,6,TCCTAACTCGGGGAAGGTGA,19,5182113
yqjE_yqjK_yqjD_yqjC_predicted,5.142857142857143,41,6,TCCGGAGGGTAATAATAATA,35,5214789
yqjE_yqjK_yqjD_yqjC_predicted,0.7142857142857143,10,6,TCCGAGGACGTCGTTGAGAC,4,5245136
yqjE_yqjK_yqjD_yqjC_predicted,4.142857142857143,34,6,TCCCTCAATTGACTGAACCC,28,5253631
yqjE_yqjK_yqjD_yqjC_predicted,8.714285714285714,66,6,TCCCGGCAGGGCTCACACTG,60,5174672
yqjE_yqjK_yqjD_yqjC_predicted,4.285714285714286,35,6,TCCCCGCCTGCCCGTTCGGT,29,5191244
yqjE_yqjK_yqjD_yqjC_predicted,2.0,19,6,TCCCCGACTCCCTTCGATTT,13,5190421
yqjE_yqjK_yqjD_yqjC_predicted,1.1428571428571428,13,6,TCCAAAGTAGGTTGACCGTT,7,5240061
yqjE_yqjK_yqjD_yqjC_predicted,3.5714285714285716,30,6,TCATTCTGGTTGTCCTTTGC,24,5176400
yqjE_yqjK_yqjD_yqjC_predicted,12.0,89,6,TCATACTGGAAAGCAGGCTA,83,5226196
yqjE_yqjK_yqjD_yqjC_predicted,4.0,33,6,TCAGGTCAATTACCACCTGT,27,5233962
yqjE_yqjK_yqjD_yqjC_predicted,11.571428571428571,86,6,TCAGGGGCTCTGGCCTATTA,80,5189603
yqjE_yqjK_yqjD_yqjC_predicted,6.571428571428571,51,6,TCAGCCGGAGCAGAACCGGT,45,5205549
yqjE_yqjK_yqjD_yqjC_predicted,12.857142857142858,95,6,TCAACAATTTGGTTCCAAGA,89,5193995
yqjE_yqjK_yqjD_yqjC_predicted,1.4285714285714286,15,6,TCAAAGGTAAAAATTGATTA,9,5182561
yqjE_yqjK_yqjD_yqjC_predicted,4.714285714285714,38,6,TATTGTAATCAGTCGTTTTT,32,5188590
yqjE_yqjK_yqjD_yqjC_predicted,6.428571428571429,50,6,TATTCCAAGGCGTTACTAAC,44,5180941
yqjE_yqjK_yqjD_yqjC_predicted,1.2857142857142858,14,6,TATGGTACGAAGGTCAGGGG,8,5216606
yqjE_yqjK_yqjD_yqjC_predicted,3.2857142857142856,28,6,TATGGGAACTACTCCACATT,22,5235864
yqjE_yqjK_yqjD_yqjC_predicted,1.0,12,6,TATCTTAGTCAAGTCCAAGA,6,5236427
yqjE_yqjK_yqjD_yqjC_predicted,5.285714285714286,42,6,TATCGGTGGCGGGTCCTACT,36,5210174
yqjE_yqjK_yqjD_yqjC_predicted,0.2857142857142857,7,6,TATACTGGGGTTTTCATACT,1,5176452
yqjE_yqjK_yqjD_yqjC_predicted,3.7142857142857144,31,6,TATACTGCATGCATTCCAAA,25,5236215
yqjE_yqjK_yqjD_yqjC_predicted,3.0,26,6,TATACTCCTTGTGCTTCCAA,20,5204691
yqjE_yqjK_yqjD_yqjC_predicted,0.42857142857142855,8,6,TATACTCATGTTTTGAGGGA,2,5206566
yqjE_yqjK_yqjD_yqjC_predicted,2.2857142857142856,21,6,TAGGGTGCTACTCACAATTC,15,5233853
yqjE_yqjK_yqjD_yqjC_predicted,6.857142857142857,53,6,TAGGAACGATTGTCTCTGCC,47,5240415
yqjE_yqjK_yqjD_yqjC_predicted,2.5714285714285716,23,6,TAGCGTCGCAACGTGTCATA,17,5238144
yqjE_yqjK_yqjD_yqjC_predicted,0.5714285714285714,9,6,TAGACAACCTGGCAATCATT,3,5238489
yqjE_yqjK_yqjD_yqjC_predicted,0.5714285714285714,9,6,TACTTCGGTGCTTCCTTTGC,3,5253091
yqjE_yqjK_yqjD_yqjC_predicted,1.0,12,6,TACTGCTGAAACTATCTTTT,6,5201711
yqjE_yqjK_yqjD_yqjC_predicted,4.142857142857143,34,6,TACTGATCCAGGCGTGCTCA,28,5253293
yqjE_yqjK_yqjD_yqjC_predicted,3.857142857142857,32,6,TACTCCTGAGAGAATGGCTA,26,5218648
yqjE_yqjK_yqjD_yqjC_predicted,31.714285714285715,227,6,TACGAGTCGAACCGAAGGTT,221,5208668
yqjE_yqjK_yqjD_yqjC_predicted,7.0,54,6,TACGACAGATCGGGATAGTT,48,5217372
yqjE_yqjK_yqjD_yqjC_predicted,2.857142857142857,25,6,TACCTGTAGGTCATGGCTGT,19,5192954
yqjE_yqjK_yqjD_yqjC_predicted,19.285714285714285,140,6,TACCTACGCTGGCCTAACTA,134,5221270
yqjE_yqjK_yqjD_yqjC_predicted,8.0,61,6,TACCGGTTAGCACCACCATC,55,5240256
yqjE_yqjK_yqjD_yqjC_predicted,6.857142857142857,53,6,TACCCATGCCGGCTAAATAG,47,5177652
yqjE_yqjK_yqjD_yqjC_predicted,0.2857142857142857,7,6,TACATTCACTCAAACTCGAG,1,5243574
yqjE_yqjK_yqjD_yqjC_predicted,1.1428571428571428,13,6,TACAACTCTAGCCACATGTT,7,5230767
yqjE_yqjK_yqjD_yqjC_predicted,9.0,68,6,TAATTCGCCTATATAAGGGC,62,5211163
yqjE_yqjK_yqjD_yqjC_predicted,5.714285714285714,45,6,TAATTACAGTCTGAATCTAT,39,5220100
yqjE_yqjK_yqjD_yqjC_predicted,2.2857142857142856,21,6,TAATAAGACAGCGCTGTGTT,15,5198271
yqjE_yqjK_yqjD_yqjC_predicted,1.1428571428571428,13,6,TAAGGCCCCAGCTCAGGCGG,7,5251179
yqjE_yqjK_yqjD_yqjC_predicted,3.142857142857143,27,6,TAAGGAGCAAACTCCATGGT,21,5181734
yqjE_yqjK_yqjD_yqjC_predicted,2.5714285714285716,23,6,TAACTACGCCATCGGCCCCG,17,5204086
yqjE_yqjK_yqjD_yqjC_predicted,3.857142857142857,32,6,TAAAGTTTATTCTGTACAAG,26,5240252
yqjE_yqjK_yqjD_yqjC_predicted,2.5714285714285716,23,6,TAAACTTCAACTCGGCCACT,17,5188007
yqjE_yqjK_yqjD_yqjC_predicted,18.285714285714285,133,6,TAAACCCATTTTTGCGGACC,127,5197237
yqjE_yqjK_yqjD_yqjC_predicted,7.428571428571429,57,6,GTTTTGGCTACTGCGTTGTT,51,5251491
yqjE_yqjK_yqjD_yqjC_predicted,0.8571428571428571,11,6,GTTTAGGGGAGCGGTGCACG,5,5175097
yqjE_yqjK_yqjD_yqjC_predicted,2.5714285714285716,23,6,GTTTACTTATTTGAGACCAG,17,5188378
yqjE_yqjK_yqjD_yqjC_predicted,5.0,40,6,GTTGGCGCTCCGGGATTGTT,34,5247718
yqjE_yqjK_yqjD_yqjC_predicted,7.428571428571429,57,6,GTTGCTAGGGGAATAATGCT,51,5247384
yqjE_yqjK_yqjD_yqjC_predicted,1.1428571428571428,13,6,GTTGCCGACCGCGTTCTGTT,7,5217551
yqjE_yqjK_yqjD_yqjC_predicted,5.142857142857143,41,6,GTTCGTACGAGTATGCCAAA,35,5171136
yqjE_yqjK_yqjD_yqjC_predicted,1.2857142857142858,14,6,GTTAGGGCTATGACTCAACC,8,5170773
yqjE_yqjK_yqjD_yqjC_predicted,0.2857142857142857,7,6,GTTAGCCGACATGGTCATAG,1,5196385
yqjE_yqjK_yqjD_yqjC_predicted,1.4285714285714286,15,6,GTTAACAATCGTAAGTGCTT,9,5241450
yqjE_yqjK_yqjD_yqjC_predicted,25.142857142857142,181,6,GTGTTCCGCAGCATCGATGC,175,5185389
yqjE_yqjK_yqjD_yqjC_predicted,2.142857142857143,20,6,GTGTCTGGCTGGTGTAACGG,14,5229750
yqjE_yqjK_yqjD_yqjC_predicted,2.857142857142857,25,6,GTGTCCTTCGAGTATCGACC,19,5248491
yqjE_yqjK_yqjD_yqjC_predicted,2.142857142857143,20,6,GTGGTAACAGTAATGGATGG,14,5239410
yqjE_yqjK_yqjD_yqjC_predicted,1.7142857142857142,17,6,GTGGGGGCAGGGCTGCCGTT,11,5208830
yqjE_yqjK_yqjD_yqjC_predicted,0.2857142857142857,7,6,GTGGCCTACACCTATAGGCT,1,5255726
yqjE_yqjK_yqjD_yqjC_predicted,3.4285714285714284,29,6,GTGGACCCGCTGAAGAAAAA,23,5185748
yqjE_yqjK_yqjD_yqjC_predicted,3.4285714285714284,29,6,GTGCTGATTTCCAGACAACA,23,5197045
yqjE_yqjK_yqjD_yqjC_predicted,0.5714285714285714,9,6,GTGCCCTGTGAGCTCAAATT,3,5259710
yqjE_yqjK_yqjD_yqjC_predicted,2.7142857142857144,24,6,GTGCCAGCCTAATACGTTGT,18,5206076
yqjE_yqjK_yqjD_yqjC_predicted,12.428571428571429,92,6,GTGCATTGACGATGTGGAAA,86,5172123
yqjE_yqjK_yqjD_yqjC_predicted,2.4285714285714284,22,6,GTGAGTTCCTCTTGATTGGA,16,5171362
yqjE_yqjK_yqjD_yqjC_predicted,3.142857142857143,27,6,GTGACGTGTGCGGCCACCGA,21,5226483
yqjE_yqjK_yqjD_yqjC_predicted,4.714285714285714,38,6,GTCTGGAGTGGCGTCACGGT,32,5199810
yqjE_yqjK_yqjD_yqjC_predicted,3.857142857142857,32,6,GTCTCGAGAATCCGCGACGA,26,5246601
yqjE_yqjK_yqjD_yqjC_predicted,15.142857142857142,111,6,GTCCCGAGCCGAACCCGAAT,105,5249953
yqjE_yqjK_yqjD_yqjC_predicted,3.2857142857142856,28,6,GTCACGTCGTGCCATGACAG,22,5262245
yqjE_yqjK_yqjD_yqjC_predicted,1.2857142857142858,14,6,GTCAAGCCAACGGGAGACGA,8,5251791
yqjE_yqjK_yqjD_yqjC_predicted,34.0,243,6,GTATCTGTACAAGTCGAGAT,237,5191930
yqjE_yqjK_yqjD_yqjC_predicted,5.571428571428571,44,6,GTATCTCGGCAAGTACTTCA,38,5214816
yqjE_yqjK_yqjD_yqjC_predicted,8.0,61,6,GTATCGACCTCCGCTGGACC,55,5198432
yqjE_yqjK_yqjD_yqjC_predicted,18.285714285714285,133,6,GTATATACAAACATTACGCT,127,5236623
yqjE_yqjK_yqjD_yqjC_predicted,0.7142857142857143,10,6,GTATAGGAGAATGGGGCATA,4,5239004
yqjE_yqjK_yqjD_yqjC_predicted,3.857142857142857,32,6,GTAGTTGGGGATTGGTTAGA,26,5253514
yqjE_yqjK_yqjD_yqjC_predicted,3.142857142857143,27,6,GTAGTGTCTGGTCACAGAAG,21,5178147
yqjE_yqjK_yqjD_yqjC_predicted,0.2857142857142857,7,6,GTAGGTGGACGAGGAACCAC,1,5201706
yqjE_yqjK_yqjD_yqjC_predicted,3.4285714285714284,29,6,GTACTTACGCTGAGAGCAAA,23,5237784
yqjE_yqjK_yqjD_yqjC_predicted,0.8571428571428571,11,6,GTACCTTAATGCTTTGGGCT,5,5194122
yqjE_yqjK_yqjD_yqjC_predicted,3.857142857142857,32,6,GTAATGGGCATTGAGGGTTA,26,5211132
yqjE_yqjK_yqjD_yqjC_predicted,4.0,33,6,GTAACGCCTGAGAACGCGAT,27,5204681
yqjE_yqjK_yqjD_yqjC_predicted,0.8571428571428571,11,6,GGTTCTTATAATGTGCCAAT,5,5262900
yqjE_yqjK_yqjD_yqjC_predicted,7.571428571428571,58,6,GGTTCCGGACATTTCACGTT,52,5251154
yqjE_yqjK_yqjD_yqjC_predicted,2.142857142857143,20,6,GGTTATTTTAACCCAGGGAA,14,5199527
yqjE_yqjK_yqjD_yqjC_predicted,102.57142857142857,723,6,GGTTATCCTCCTTTCAGCCA,717,5257818
yqjE_yqjK_yqjD_yqjC_predicted,3.142857142857143,27,6,GGTGTCCTAACTCTGATTAG,21,5175900
yqjE_yqjK_yqjD_yqjC_predicted,0.8571428571428571,11,6,GGTGGAATATTCCACAATAG,5,5184279
yqjE_yqjK_yqjD_yqjC_predicted,5.142857142857143,41,6,GGTGCGGATGCCGGATAGAA,35,5225543
yqjE_yqjK_yqjD_yqjC_predicted,0.8571428571428571,11,6,GGTGCCCTGTGGAAAGTGCG,5,5257660
yqjE_yqjK_yqjD_yqjC_predicted,15.857142857142858,116,6,GGTCGGTCCTTAATTGTCAC,110,5226210
yqjE_yqjK_yqjD_yqjC_predicted,6.428571428571429,50,6,GGTCCGATCAGTGCGTCAAG,44,5218398
yqjE_yqjK_yqjD_yqjC_predicted,4.571428571428571,37,6,GGTATTAAACTGGGGGCAGC,31,5201836
yqjE_yqjK_yqjD_yqjC_predicted,5.714285714285714,45,6,GGTATGCTCGGTTCGTTATG,39,5241140
yqjE_yqjK_yqjD_yqjC_predicted,7.857142857142857,60,6,GGTATCCGGGCGGTCTAAGG,54,5217417
yqjE_yqjK_yqjD_yqjC_predicted,2.0,19,6,GGTACGTGGGTTCCATGTAT,13,5200120
yqjE_yqjK_yqjD_yqjC_predicted,2.142857142857143,20,6,GGGTGGTGGGACTTTATCCA,14,5196443
yqjE_yqjK_yqjD_yqjC_predicted,6.428571428571429,50,6,GGGTACAGTGTCCCGACTGC,44,5221622
yqjE_yqjK_yqjD_yqjC_predicted,1.5714285714285714,16,6,GGGGTCGATTTCCATCAATC,10,5257160
yqjE_yqjK_yqjD_yqjC_predicted,3.142857142857143,27,6,GGGGTCCGTCGGCACGCTGG,21,5200454
yqjE_yqjK_yqjD_yqjC_predicted,2.2857142857142856,21,6,GGGGCGCGTCGTATCAAACA,15,5236556
yqjE_yqjK_yqjD_yqjC_predicted,2.857142857142857,25,6,GGGGCCGGGCCTCCAAGGGC,19,5248486
yqjE_yqjK_yqjD_yqjC_predicted,7.285714285714286,56,6,GGGCTGTTTTGGTTGGCCGG,50,5250037
yqjE_yqjK_yqjD_yqjC_predicted,2.857142857142857,25,6,GGGCGTAAAAGGACCTAGGC,19,5174892
yqjE_yqjK_yqjD_yqjC_predicted,5.142857142857143,41,6,GGGCAAAGAGGTCTCGCTTC,35,5252890
yqjE_yqjK_yqjD_yqjC_predicted,2.142857142857143,20,6,GGGATGTATTATGGAATAGT,14,5249168
yqjE_yqjK_yqjD_yqjC_predicted,13.428571428571429,99,6,GGGAGTATCTGGACAGCCTT,93,5207890
yqjE_yqjK_yqjD_yqjC_predicted,36.142857142857146,258,6,GGGACATTGGCCACCTCTGC,252,5237597
yqjE_yqjK_yqjD_yqjC_predicted,4.714285714285714,38,6,GGGAACTATGTTATCAAGGC,32,5236050
yqjE_yqjK_yqjD_yqjC_predicted,2.4285714285714284,22,6,GGCTCTGGATAGAGGCCTTC,16,5174509
yqjE_yqjK_yqjD_yqjC_predicted,4.142857142857143,34,6,GGCTCTATCCTTTAATCAGT,28,5249197
yqjE_yqjK_yqjD_yqjC_predicted,5.428571428571429,43,6,GGCTCGGTCGGTGCCGGAGG,37,5246433
yqjE_yqjK_yqjD_yqjC_predicted,0.42857142857142855,8,6,GGCTCATACCGTCAGTAATT,2,5216148
yqjE_yqjK_yqjD_yqjC_predicted,36.142857142857146,258,6,GGCGGACCTGAGGCTGGTGA,252,5232637
yqjE_yqjK_yqjD_yqjC_predicted,1.5714285714285714,16,6,GGCGCATAGTAGATCCTCCT,10,5196988
yqjE_yqjK_yqjD_yqjC_predicted,9.428571428571429,71,6,GGCCCGTGTTTCAGTATTAT,65,5173217
yqjE_yqjK_yqjD_yqjC_predicted,9.285714285714286,70,6,GGCCCCTCTGTACAAACCAT,64,5195090
yqjE_yqjK_yqjD_yqjC_predicted,11.857142857142858,88,6,GGCATTCATCAAGAACCTAA,82,5253379
yqjE_yqjK_yqjD_yqjC_predicted,0.5714285714285714,9,6,GGCACTTCTGATTTACTATT,3,5261799
yqjE_yqjK_yqjD_yqjC_predicted,4.714285714285714,38,6,GGCACGTACTGGAACAGTGA,32,5170941
yqjE_yqjK_yqjD_yqjC_predicted,3.5714285714285716,30,6,GGCAAGTTCTGTGCCTTTAA,24,5254264
yqjE_yqjK_yqjD_yqjC_predicted,24.142857142857142,174,6,GGATTGAGAATTCTTGCCGG,168,5190853
yqjE_yqjK_yqjD_yqjC_predicted,0.2857142857142857,7,6,GGATGCTTTAACACGAGTCA,1,5229280
yqjE_yqjK_yqjD_yqjC_predicted,4.857142857142857,39,6,GGATCTTATTCGTCTTACGT,33,5200965
yqjE_yqjK_yqjD_yqjC_predicted,26.0,187,6,GGATCAATGTTTCCAGCCTC,181,5181355
yqjE_yqjK_yqjD_yqjC_predicted,43.42857142857143,309,6,GGAATAGAAGAACTGCGAGC,303,5233811
yqjE_yqjK_yqjD_yqjC_predicted,3.0,26,6,GGAAGCGGCCTTTGACGTTG,20,5234369
yqjE_yqjK_yqjD_yqjC_predicted,3.5714285714285716,30,6,GGAAATCGTAGCGAGCAAGT,24,5250655
yqjE_yqjK_yqjD_yqjC_predicted,3.2857142857142856,28,6,GGAAATCCCAACCGTCAATA,22,5191155
yqjE_yqjK_yqjD_yqjC_predicted,8.428571428571429,64,6,GGAAATAGGTCCCCCTGCGT,58,5202808
yqjE_yqjK_yqjD_yqjC_predicted,14.428571428571429,106,6,GCTTCGCTTTTATCGTGGGA,100,5190561
yqjE_yqjK_yqjD_yqjC_predicted,1.1428571428571428,13,6,GCTGCGCTAATTTGAAGCTC,7,5253346
yqjE_yqjK_yqjD_yqjC_predicted,6.428571428571429,50,6,GCTGATTCAAATGAATCACA,44,5190814
yqjE_yqjK_yqjD_yqjC_predicted,2.2857142857142856,21,6,GCTCTTTATTGCAGCTTCGA,15,5245363
yqjE_yqjK_yqjD_yqjC_predicted,12.571428571428571,93,6,GCTCGTTACCGAACGGACGA,87,5187235
yqjE_yqjK_yqjD_yqjC_predicted,4.142857142857143,34,6,GCTCGTAGAGATCTACCATG,28,5220512
yqjE_yqjK_yqjD_yqjC_predicted,1.5714285714285714,16,6,GCTCGTACCATGAAGCCACT,10,5180123
yqjE_yqjK_yqjD_yqjC_predicted,8.857142857142858,67,6,GCTCGCGAACAGAGTACAAC,61,5257144
yqjE_yqjK_yqjD_yqjC_predicted,21.428571428571427,155,6,GCTCAACGGGTACAGGGGAA,149,5187276
yqjE_yqjK_yqjD_yqjC_predicted,4.142857142857143,34,6,GCTACAATATTTGCGGTAAT,28,5196850
yqjE_yqjK_yqjD_yqjC_predicted,3.7142857142857144,31,6,GCGTCACCATTAGGTTGCCG,25,5218213
yqjE_yqjK_yqjD_yqjC_predicted,40.714285714285715,290,6,GCGCTTATTCGGTGGTCTTG,284,5248278
yqjE_yqjK_yqjD_yqjC_predicted,4.0,33,6,GCGCCGCAGCAGTGTACGGA,27,5247188
yqjE_yqjK_yqjD_yqjC_predicted,2.0,19,6,GCGCAAATGGCGGATGTCAA,13,5192834
yqjE_yqjK_yqjD_yqjC_predicted,0.2857142857142857,7,6,GCGATGCGCCCTCCGGGGCG,1,5193569
yqjE_yqjK_yqjD_yqjC_predicted,5.714285714285714,45,6,GCGATCTGATACAGATTGGA,39,5223586
yqjE_yqjK_yqjD_yqjC_predicted,2.2857142857142856,21,6,GCGAGACCTAAGTAGAGCGT,15,5211931
yqjE_yqjK_yqjD_yqjC_predicted,1.2857142857142858,14,6,GCGACCTGTACTTTTAGAAT,8,5206638
yqjE_yqjK_yqjD_yqjC_predicted,0.8571428571428571,11,6,GCGACACATTATGACGTGTC,5,5212952
yqjE_yqjK_yqjD_yqjC_predicted,2.142857142857143,20,6,GCGAAACCCAAAAGCTATCT,14,5203670
yqjE_yqjK_yqjD_yqjC_predicted,1.7142857142857142,17,6,GCCTGTTATCGATCGAACGG,11,5219222
yqjE_yqjK_yqjD_yqjC_predicted,11.285714285714286,84,6,GCCTGCATGAAGCACTACGT,78,5199995
yqjE_yqjK_yqjD_yqjC_predicted,3.2857142857142856,28,6,GCCCGTGCACACCTCACCCA,22,5195120
yqjE_yqjK_yqjD_yqjC_predicted,0.2857142857142857,7,6,GCCCGGATTAGAATCATAAC,1,5204969
yqjE_yqjK_yqjD_yqjC_predicted,1.2857142857142858,14,6,GCCCGACCGGCACATAAATT,8,5192769
yqjE_yqjK_yqjD_yqjC_predicted,3.4285714285714284,29,6,GCCCAGGACTTTCAATCGTT,23,5187915
yqjE_yqjK_yqjD_yqjC_predicted,1.8571428571428572,18,6,GCCATGCGGCGATTCATAGT,12,5250633
yqjE_yqjK_yqjD_yqjC_predicted,3.857142857142857,32,6,GCCAGTCGCGACATAACGTG,26,5193454
yqjE_yqjK_yqjD_yqjC_predicted,4.571428571428571,37,6,GCCAGGTGCAACGGTGTGAG,31,5240264
yqjE_yqjK_yqjD_yqjC_predicted,25.285714285714285,182,6,GCCAAGGGTTAGTGTAGCCT,176,5262655
yqjE_yqjK_yqjD_yqjC_predicted,0.2857142857142857,7,6,GCCAAACGATGAAAACACTG,1,5239588
yqjE_yqjK_yqjD_yqjC_predicted,3.2857142857142856,28,6,GCATGCCATTCGAGGATAAT,22,5178324
yqjE_yqjK_yqjD_yqjC_predicted,6.857142857142857,53,6,GCATGAGTAATAATCCTGGT,47,5214094
yqjE_yqjK_yqjD_yqjC_predicted,0.2857142857142857,7,6,GCATATGGTACCGATCGTTT,1,5190746
yqjE_yqjK_yqjD_yqjC_predicted,4.714285714285714,38,6,GCAGGGCTACGCCCTACGGG,32,5219828
yqjE_yqjK_yqjD_yqjC_predicted,0.2857142857142857,7,6,GCAGCGTTCGTCCCTGCGGG,1,5258316
yqjE_yqjK_yqjD_yqjC_predicted,4.714285714285714,38,6,GCAGCATGCAGTAAGAATTG,32,5247496
yqjE_yqjK_yqjD_yqjC_predicted,2.0,19,6,GCACTACCGGAAACCATCAC,13,5213610
yqjE_yqjK_yqjD_yqjC_predicted,2.0,19,6,GCAATGAAATAGGTGGACCC,13,5181512
yqjE_yqjK_yqjD_yqjC_predicted,0.5714285714285714,9,6,GATTATGATGACAAAATAAT,3,5217074
yqjE_yqjK_yqjD_yqjC_predicted,2.2857142857142856,21,6,GATTACGTTCCGTATCGCAT,15,5227493
yqjE_yqjK_yqjD_yqjC_predicted,1.4285714285714286,15,6,GATGACCGATGGAGTCCACG,9,5253874
yqjE_yqjK_yqjD_yqjC_predicted,9.285714285714286,70,6,GATGACAAGTAAAGAAGCGT,64,5248785
yqjE_yqjK_yqjD_yqjC_predicted,3.142857142857143,27,6,GATCTTTTGACTTAGCCTCA,21,5244303
yqjE_yqjK_yqjD_yqjC_predicted,3.857142857142857,32,6,GATCTGAGTAGGATGAGTCT,26,5174650
yqjE_yqjK_yqjD_yqjC_predicted,4.571428571428571,37,6,GATCGGGGGTCGCCTTTAAG,31,5211583
yqjE_yqjK_yqjD_yqjC_predicted,3.0,26,6,GATCGAGCAACGAATTGATA,20,5199451
yqjE_yqjK_yqjD_yqjC_predicted,3.5714285714285716,30,6,GATCAGCGCCTGTCACGCAG,24,5182593
yqjE_yqjK_yqjD_yqjC_predicted,2.0,19,6,GATAGAGAATCGACGAGTGA,13,5192884
yqjE_yqjK_yqjD_yqjC_predicted,3.5714285714285716,30,6,GAGTAGACACAGGTAAAAAA,24,5260359
yqjE_yqjK_yqjD_yqjC_predicted,3.5714285714285716,30,6,GAGGGCGTCGCTAGTGTGCA,24,5219197
yqjE_yqjK_yqjD_yqjC_predicted,1.1428571428571428,13,6,GAGCCCTGAGCTTTGTCGAT,7,5178951
yqjE_yqjK_yqjD_yqjC_predicted,2.4285714285714284,22,6,GAGAGCCGAGTGCATGACAA,16,5241600
yqjE_yqjK_yqjD_yqjC_predicted,3.2857142857142856,28,6,GACTGAGCCCTGATATTATC,22,5260464
yqjE_yqjK_yqjD_yqjC_predicted,3.2857142857142856,28,6,GACTCCGGAGGCAGCAGTGT,22,5254546
yqjE_yqjK_yqjD_yqjC_predicted,18.0,131,6,GACGAAATCGCACGGGCCGA,125,5242062
yqjE_yqjK_yqjD_yqjC_predicted,0.7142857142857143,10,6,GACCGGCCGTGCGACTGGAA,4,5219037
yqjE_yqjK_yqjD_yqjC_predicted,3.2857142857142856,28,6,GACCCTACTGAATACTCCTT,22,5241615
yqjE_yqjK_yqjD_yqjC_predicted,3.857142857142857,32,6,GACCCATTCAATGGAGCGCT,26,5236451
yqjE_yqjK_yqjD_yqjC_predicted,3.4285714285714284,29,6,GACAGGCAAAATCTCTTCCA,23,5194357
yqjE_yqjK_yqjD_yqjC_predicted,2.2857142857142856,21,6,GACAAACGTGTTGTCCGATA,15,5219860
yqjE_yqjK_yqjD_yqjC_predicted,5.0,40,6,GAACTAAGGAAATATGAGTA,34,5235999
yqjE_yqjK_yqjD_yqjC_predicted,7.428571428571429,57,6,GAACGTAATTAACCTACATA,51,5229326
yqjE_yqjK_yqjD_yqjC_predicted,2.7142857142857144,24,6,GAACGCACTGCTCCTGTACT,18,5195601
yqjE_yqjK_yqjD_yqjC_predicted,12.142857142857142,90,6,GAACAAGGCAGAGGGCTTCA,84,5194843
yqjE_yqjK_yqjD_yqjC_predicted,5.0,40,6,GAAATGGTTTATGTTTCATA,34,5251820
yqjE_yqjK_yqjD_yqjC_predicted,1.1428571428571428,13,6,GAAATAGCACTATCACAACG,7,5195602
yqjE_yqjK_yqjD_yqjC_predicted,16.428571428571427,120,6,GAAAACGTCGGCCTGACCTC,114,5197232
yqjE_yqjK_yqjD_yqjC_predicted,2.142857142857143,20,6,CTTTGGCATTGGGGACAGGA,14,5205957
yqjE_yqjK_yqjD_yqjC_predicted,2.4285714285714284,22,6,CTTTGATGTACTTAGTACCT,16,5221671
yqjE_yqjK_yqjD_yqjC_predicted,8.571428571428571,65,6,CTTTAAGAACCGGCTGATCT,59,5231326
yqjE_yqjK_yqjD_yqjC_predicted,1.4285714285714286,15,6,CTTGTGTGTTATCAAAGCGT,9,5212028
yqjE_yqjK_yqjD_yqjC_predicted,1.4285714285714286,15,6,CTTGTCAAAGCCTATACCTA,9,5193172
yqjE_yqjK_yqjD_yqjC_predicted,8.142857142857142,62,6,CTTGGGTCATCCTTGATCCA,56,5209235
yqjE_yqjK_yqjD_yqjC_predicted,13.857142857142858,102,6,CTTGAATGATGACTCTAATT,96,5238716
yqjE_yqjK_yqjD_yqjC_predicted,3.142857142857143,27,6,CTTCATATATCTTAATGGTA,21,5234022
yqjE_yqjK_yqjD_yqjC_predicted,8.571428571428571,65,6,CTTATATAGGGGCATCGGCT,59,5218640
yqjE_yqjK_yqjD_yqjC_predicted,0.2857142857142857,7,6,CTTAAGGTCTTAACGTACAG,1,5226977
yqjE_yqjK_yqjD_yqjC_predicted,7.0,54,6,CTGTTGCTCAGGGTCAATCG,48,5211947
yqjE_yqjK_yqjD_yqjC_predicted,11.857142857142858,88,6,CTGTGGATTCTGTTGACCGC,82,5254601
yqjE_yqjK_yqjD_yqjC_predicted,3.4285714285714284,29,6,CTGTGAGTCAGGAGCCTGAA,23,5183634
yqjE_yqjK_yqjD_yqjC_predicted,0.2857142857142857,7,6,CTGGGTCAGGGAGGCTAAAC,1,5220127
yqjE_yqjK_yqjD_yqjC_predicted,2.7142857142857144,24,6,CTGGAGACCAACGCGCTAGT,18,5171724
yqjE_yqjK_yqjD_yqjC_predicted,2.142857142857143,20,6,CTGCTACGGACTCTTACTCC,14,5201527
yqjE_yqjK_yqjD_yqjC_predicted,3.2857142857142856,28,6,CTGCGAGGGCGCGTAAAACC,22,5241816
yqjE_yqjK_yqjD_yqjC_predicted,2.142857142857143,20,6,CTGCCGTTTCGCCCGAATAT,14,5181436
yqjE_yqjK_yqjD_yqjC_predicted,1.5714285714285714,16,6,CTGATAATACGCAGAGCAAA,10,5199118
yqjE_yqjK_yqjD_yqjC_predicted,27.571428571428573,198,6,CTGACCCTCTCAAGCGACCA,192,5253554
yqjE_yqjK_yqjD_yqjC_predicted,3.0,26,6,CTCTGGTAGTAGAGGGTCGC,20,5217409
yqjE_yqjK_yqjD_yqjC_predicted,8.142857142857142,62,6,CTCGGTTGCGGTTCTTTGTT,56,5176174
yqjE_yqjK_yqjD_yqjC_predicted,4.571428571428571,37,6,CTCGCAGACTCTCAATTTTT,31,5207117
yqjE_yqjK_yqjD_yqjC_predicted,2.2857142857142856,21,6,CTCCTCGCCTTGCCCAGGCT,15,5189237
yqjE_yqjK_yqjD_yqjC_predicted,4.285714285714286,35,6,CTCCTCCAACCTGGCGTATG,29,5202913
yqjE_yqjK_yqjD_yqjC_predicted,1.8571428571428572,18,6,CTCCTCAAAATAAATCCCCC,12,5199310
yqjE_yqjK_yqjD_yqjC_predicted,8.0,61,6,CTCATCGTATACAAGACTGA,55,5234895
yqjE_yqjK_yqjD_yqjC_predicted,1.7142857142857142,17,6,CTCAACGTAGGGGCGGGCGA,11,5203282
yqjE_yqjK_yqjD_yqjC_predicted,3.0,26,6,CTATTGGTGTTAGTATTCTG,20,5198562
yqjE_yqjK_yqjD_yqjC_predicted,1.2857142857142858,14,6,CTATTCTTGGATATCGACAG,8,5211147
yqjE_yqjK_yqjD_yqjC_predicted,3.0,26,6,CTATTAGGCCAAGACAAAAC,20,5189215
yqjE_yqjK_yqjD_yqjC_predicted,0.2857142857142857,7,6,CTATCCAGCGTAAGTAACAG,1,5245976
yqjE_yqjK_yqjD_yqjC_predicted,5.571428571428571,44,6,CTATAAGAGGGAACTTTGTA,38,5182662
yqjE_yqjK_yqjD_yqjC_predicted,2.142857142857143,20,6,CTATAACGGGGCTCAGCGTG,14,5262304
yqjE_yqjK_yqjD_yqjC_predicted,2.0,19,6,CTAGTGCGTAAAGGCGATGT,13,5200340
yqjE_yqjK_yqjD_yqjC_predicted,1.5714285714285714,16,6,CTAGTCCTTGCACTCGCTTA,10,5176213
yqjE_yqjK_yqjD_yqjC_predicted,13.0,96,6,CTAGGTTCGGGGCCACTCAA,90,5231622
yqjE_yqjK_yqjD_yqjC_predicted,3.0,26,6,CTAGCTCGTGCGTAAACACT,20,5210941
yqjE_yqjK_yqjD_yqjC_predicted,19.285714285714285,140,6,CTAGCCTTAAGGCGGGGTAA,134,5254610
yqjE_yqjK_yqjD_yqjC_predicted,1.0,12,6,CTAGAGTGATAAGGTACAAA,6,5240167
yqjE_yqjK_yqjD_yqjC_predicted,7.0,54,6,CTACTTGAGAAAATCCGGCG,48,5182250
yqjE_yqjK_yqjD_yqjC_predicted,2.2857142857142856,21,6,CTACTGCAAATGTCTAAGGA,15,5170949
yqjE_yqjK_yqjD_yqjC_predicted,2.142857142857143,20,6,CTACGGTCGTAGTCAGTTTA,14,5215360
yqjE_yqjK_yqjD_yqjC_predicted,5.285714285714286,42,6,CTACGATTAGGATCATTAGT,36,5239938
yqjE_yqjK_yqjD_yqjC_predicted,9.714285714285714,73,6,CTAATGATTACGGTCAGACT,67,5253685
yqjE_yqjK_yqjD_yqjC_predicted,1.8571428571428572,18,6,CTAATCCGGGTTGTGGGAGA,12,5215318
yqjE_yqjK_yqjD_yqjC_predicted,1.1428571428571428,13,6,CTAATACAGTACGATGATGA,7,5189139
yqjE_yqjK_yqjD_yqjC_predicted,1.5714285714285714,16,6,CTAAACGGCAATCATCGCCA,10,5243646
yqjE_yqjK_yqjD_yqjC_predicted,5.571428571428571,44,6,CGTTGTGAGGAGCACCGTGA,38,5185033
yqjE_yqjK_yqjD_yqjC_predicted,6.714285714285714,52,6,CGTGCCGCCAACTAACAACG,46,5217274
yqjE_yqjK_yqjD_yqjC_predicted,10.285714285714286,77,6,CGTGAGGTGGCATTTTCTTG,71,5241569
yqjE_yqjK_yqjD_yqjC_predicted,1.2857142857142858,14,6,CGTCGTCTGGTGCTTGCCGA,8,5244095
yqjE_yqjK_yqjD_yqjC_predicted,12.857142857142858,95,6,CGTCCATTCTTGACACAAGT,89,5179510
yqjE_yqjK_yqjD_yqjC_predicted,9.428571428571429,71,6,CGTCAATATCTGTTATCCAT,65,5189010
yqjE_yqjK_yqjD_yqjC_predicted,1.4285714285714286,15,6,CGTATAGGTAAAGCAAGGGA,9,5196655
yqjE_yqjK_yqjD_yqjC_predicted,3.142857142857143,27,6,CGTAGTGAGCCCATGATGTT,21,5200427
yqjE_yqjK_yqjD_yqjC_predicted,5.285714285714286,42,6,CGTACTTACCCACATGCGGT,36,5226215
yqjE_yqjK_yqjD_yqjC_predicted,0.42857142857142855,8,6,CGTACTCTAGCCTTGGCCAA,2,5190908
yqjE_yqjK_yqjD_yqjC_predicted,5.857142857142857,46,6,CGGTCCTCCTAGACATATAT,40,5200456
yqjE_yqjK_yqjD_yqjC_predicted,4.857142857142857,39,6,CGGTATCAAGGGCGTGAAGA,33,5200307
yqjE_yqjK_yqjD_yqjC_predicted,1.1428571428571428,13,6,CGGTAAGTACAAAGGTGTAC,7,5255094
yqjE_yqjK_yqjD_yqjC_predicted,3.4285714285714284,29,6,CGGGTAGCCAGGTTGCCCTT,23,5224277
yqjE_yqjK_yqjD_yqjC_predicted,7.857142857142857,60,6,CGGGGCGGTAAGACAGCGTG,54,5245884
yqjE_yqjK_yqjD_yqjC_predicted,3.7142857142857144,31,6,CGGGGAGCGGAAAAACTCAC,25,5224317
yqjE_yqjK_yqjD_yqjC_predicted,22.428571428571427,162,6,CGGGCATGACCGTCGAATCA,156,5253286
yqjE_yqjK_yqjD_yqjC_predicted,3.5714285714285716,30,6,CGGCTGGCGGACACCAGATT,24,5221831
yqjE_yqjK_yqjD_yqjC_predicted,2.4285714285714284,22,6,CGGCTAATTACACCGGCCTC,16,5249371
yqjE_yqjK_yqjD_yqjC_predicted,4.571428571428571,37,6,CGGCAGGGCCACCAATTGTG,31,5228277
yqjE_yqjK_yqjD_yqjC_predicted,8.142857142857142,62,6,CGGATCTGTGAAGGTCCCTT,56,5175945
yqjE_yqjK_yqjD_yqjC_predicted,4.571428571428571,37,6,CGGATCTAGGCTATCCGCAG,31,5236895
yqjE_yqjK_yqjD_yqjC_predicted,2.2857142857142856,21,6,CGGAGCCTCATTTCTAAGAA,15,5261131
yqjE_yqjK_yqjD_yqjC_predicted,2.857142857142857,25,6,CGGAATGACAAACGAATTGT,19,5224832
yqjE_yqjK_yqjD_yqjC_predicted,4.142857142857143,34,6,CGCTGATATCCTGCGCGTAA,28,5175015
yqjE_yqjK_yqjD_yqjC_predicted,1.4285714285714286,15,6,CGCTCGGTGGGTTCGCGTGT,9,5190430
yqjE_yqjK_yqjD_yqjC_predicted,2.2857142857142856,21,6,CGCTCCGTAAAGATTCTATC,15,5171244
yqjE_yqjK_yqjD_yqjC_predicted,3.4285714285714284,29,6,CGCGTATGTGATAAGCTGAA,23,5247666
yqjE_yqjK_yqjD_yqjC_predicted,3.5714285714285716,30,6,CGCGCGTGGGGCGTAACAGT,24,5188229
yqjE_yqjK_yqjD_yqjC_predicted,8.0,61,6,CGCGAGCATGGGGGAGTATA,55,5248109
yqjE_yqjK_yqjD_yqjC_predicted,0.5714285714285714,9,6,CGCGAACAGTAACCGGATGT,3,5198653
yqjE_yqjK_yqjD_yqjC_predicted,3.5714285714285716,30,6,CGCCTCATCCCATTTGTTGG,24,5212940
yqjE_yqjK_yqjD_yqjC_predicted,0.7142857142857143,10,6,CGCCAATTTGGAAATAATTT,4,5230247
yqjE_yqjK_yqjD_yqjC_predicted,8.142857142857142,62,6,CGATGCCTAGGGTAGTCGCG,56,5198215
yqjE_yqjK_yqjD_yqjC_predicted,2.857142857142857,25,6,CGACGAGTAGCACCCAAGCT,19,5197598
yqjE_yqjK_yqjD_yqjC_predicted,2.5714285714285716,23,6,CGACCGGGCGAGCAAGATGC,17,5229273
yqjE_yqjK_yqjD_yqjC_predicted,3.7142857142857144,31,6,CGAATCAAGGGAGTCCTAGC,25,5259866
yqjE_yqjK_yqjD_yqjC_predicted,3.0,26,6,CGAAGTGCTGTACGCTGGAA,20,5228786
yqjE_yqjK_yqjD_yqjC_predicted,2.7142857142857144,24,6,CGAAGGAGATCCCCTGGAAT,18,5230595
yqjE_yqjK_yqjD_yqjC_predicted,8.857142857142858,67,6,CGAACAGCACTGCCGCATTT,61,5205584
yqjE_yqjK_yqjD_yqjC_predicted,3.142857142857143,27,6,CCTTCTCCTTCGTTATCTAG,21,5179543
yqjE_yqjK_yqjD_yqjC_predicted,17.571428571428573,128,6,CCTGGTCTATTAATGCATCC,122,5236275
yqjE_yqjK_yqjD_yqjC_predicted,0.42857142857142855,8,6,CCTGCAGATCGTCATCTCCA,2,5200966
yqjE_yqjK_yqjD_yqjC_predicted,5.142857142857143,41,6,CCTCTATCGCCGGGGGCGCT,35,5174656
yqjE_yqjK_yqjD_yqjC_predicted,0.2857142857142857,7,6,CCTCGGTGACCGTATGGGGG,1,5241874
yqjE_yqjK_yqjD_yqjC_predicted,4.0,33,6,CCTCCAGTTGGTTCGATTTA,27,5206749
yqjE_yqjK_yqjD_yqjC_predicted,1.1428571428571428,13,6,CCTATTGGACCGGACTCATC,7,5226439
yqjE_yqjK_yqjD_yqjC_predicted,12.428571428571429,92,6,CCTAGACAGTCCGTGGTCCG,86,5228759
yqjE_yqjK_yqjD_yqjC_predicted,2.857142857142857,25,6,CCTACCTGCGTAATGGGCAA,19,5176151
yqjE_yqjK_yqjD_yqjC_predicted,7.142857142857143,55,6,CCTAAGTGCGCGTGTTACGT,49,5241838
yqjE_yqjK_yqjD_yqjC_predicted,0.8571428571428571,11,6,CCGTTGCCTTGCGTCATTAC,5,5192623
yqjE_yqjK_yqjD_yqjC_predicted,12.714285714285714,94,6,CCGTGTTAAGTGTTATGAAT,88,5248298
yqjE_yqjK_yqjD_yqjC_predicted,2.857142857142857,25,6,CCGTGGGGTTTCATTACATA,19,5203980
yqjE_yqjK_yqjD_yqjC_predicted,3.142857142857143,27,6,CCGTGCATCCGGGAAAGATC,21,5231058
yqjE_yqjK_yqjD_yqjC_predicted,4.428571428571429,36,6,CCGTGATGAGTCGGCCCATG,30,5211004
yqjE_yqjK_yqjD_yqjC_predicted,8.285714285714286,63,6,CCGTATGACATACTTGGTGA,57,5205060
yqjE_yqjK_yqjD_yqjC_predicted,1.2857142857142858,14,6,CCGGTATATTTTGGGTGACG,8,5180267
yqjE_yqjK_yqjD_yqjC_predicted,1.2857142857142858,14,6,CCGGCGCGGCCGTGGAAGTC,8,5202722
yqjE_yqjK_yqjD_yqjC_predicted,3.7142857142857144,31,6,CCGCCACCTACGTCCGGTTC,25,5260084
yqjE_yqjK_yqjD_yqjC_predicted,2.5714285714285716,23,6,CCGCAGCAAAAATAATAGAT,17,5206023
yqjE_yqjK_yqjD_yqjC_predicted,3.0,26,6,CCGACTTGGTAGGCCGTCTG,20,5200316
yqjE_yqjK_yqjD_yqjC_predicted,2.4285714285714284,22,6,CCGACGAGTCTCCCGGGTTC,16,5174642
yqjE_yqjK_yqjD_yqjC_predicted,1.2857142857142858,14,6,CCGACAAAGGGACCGAGTGT,8,5207181
yqjE_yqjK_yqjD_yqjC_predicted,6.0,47,6,CCCTGTTTGACAGGTCCCAT,41,5240303
yqjE_yqjK_yqjD_yqjC_predicted,1.5714285714285714,16,6,CCCGGTTAGGCAGGTGGGCT,10,5181270
yqjE_yqjK_yqjD_yqjC_predicted,3.4285714285714284,29,6,CCCCTTAGGACCACATATAG,23,5203764
yqjE_yqjK_yqjD_yqjC_predicted,1.5714285714285714,16,6,CCCCGAGACTAGAAGTAGTG,10,5198274
yqjE_yqjK_yqjD_yqjC_predicted,1.0,12,6,CCCCAGACGTCCGAAGTATA,6,5173704
yqjE_yqjK_yqjD_yqjC_predicted,0.42857142857142855,8,6,CCCATGTAGAATGCTCTCGT,2,5240091
yqjE_yqjK_yqjD_yqjC_predicted,16.571428571428573,121,6,CCCATAATCAGAATAGCGCT,115,5231922
yqjE_yqjK_yqjD_yqjC_predicted,3.142857142857143,27,6,CCCAAGATGAGACCCGGGGA,21,5230439
yqjE_yqjK_yqjD_yqjC_predicted,2.142857142857143,20,6,CCATTACGGCGTCGATAGCG,14,5187291
yqjE_yqjK_yqjD_yqjC_predicted,0.2857142857142857,7,6,CCATGTACATTCCGTAATAC,1,5209609
yqjE_yqjK_yqjD_yqjC_predicted,0.2857142857142857,7,6,CCATCTTTGAGCCGCGTCCC,1,5199237
yqjE_yqjK_yqjD_yqjC_predicted,2.142857142857143,20,6,CCATCACCGAGACTGGGTAG,14,5208199
yqjE_yqjK_yqjD_yqjC_predicted,17.714285714285715,129,6,CCAGTCTTTGCAGGTGCGCT,123,5191737
yqjE_yqjK_yqjD_yqjC_predicted,0.2857142857142857,7,6,CCAGCCGCCCCACATTACGA,1,5227555
yqjE_yqjK_yqjD_yqjC_predicted,4.0,33,6,CCACTGGATCAGGGATAGCC,27,5187924
yqjE_yqjK_yqjD_yqjC_predicted,1.4285714285714286,15,6,CCACGTAAACATCTTGCTTT,9,5193457
yqjE_yqjK_yqjD_yqjC_predicted,1.7142857142857142,17,6,CCACGCCGGCTATATTTCGC,11,5224482
yqjE_yqjK_yqjD_yqjC_predicted,9.857142857142858,74,6,CCACCTCATGGGTCCGAATG,68,5182899
yqjE_yqjK_yqjD_yqjC_predicted,2.5714285714285716,23,6,CCACCAATCCGGGCAACTCA,17,5175559
yqjE_yqjK_yqjD_yqjC_predicted,3.2857142857142856,28,6,CCACAGGCGGAGACGTACGA,22,5230183
yqjE_yqjK_yqjD_yqjC_predicted,3.857142857142857,32,6,CCAATATAGAGATTTCCCAG,26,5177687
yqjE_yqjK_yqjD_yqjC_predicted,1.5714285714285714,16,6,CCAACGTTTTTTTTGCGGTC,10,5238447
yqjE_yqjK_yqjD_yqjC_predicted,2.857142857142857,25,6,CCAACCTGGAAATGTGTTGA,19,5251613
yqjE_yqjK_yqjD_yqjC_predicted,3.4285714285714284,29,6,CCAACACGTACCGAGACTTA,23,5239812
yqjE_yqjK_yqjD_yqjC_predicted,4.142857142857143,34,6,CCAAATAGGCATGACCGGGA,28,5261420
yqjE_yqjK_yqjD_yqjC_predicted,3.0,26,6,CATTGCCCCGCTAACGAGAT,20,5227227
yqjE_yqjK_yqjD_yqjC_predicted,4.0,33,6,CATTGAGGGCCAAAAGTTAG,27,5219391
yqjE_yqjK_yqjD_yqjC_predicted,4.0,33,6,CATGTCTAGTAATTGATCGT,27,5253986
yqjE_yqjK_yqjD_yqjC_predicted,3.7142857142857144,31,6,CATCGAGCATCAACCTGGGA,25,5176896
yqjE_yqjK_yqjD_yqjC_predicted,0.2857142857142857,7,6,CATATATTAATCTGGTAGAC,1,5201691
yqjE_yqjK_yqjD_yqjC_predicted,3.0,26,6,CATAGCGCCAGTTGCCAGAA,20,5255390
yqjE_yqjK_yqjD_yqjC_predicted,2.5714285714285716,23,6,CAGTTATAGGATTCTAGGAA,17,5205962
yqjE_yqjK_yqjD_yqjC_predicted,12.857142857142858,95,6,CAGTACCTTGTTGGTACGGC,89,5219168
yqjE_yqjK_yqjD_yqjC_predicted,1.7142857142857142,17,6,CAGGTCATAAATACATAAGC,11,5238096
yqjE_yqjK_yqjD_yqjC_predicted,5.285714285714286,42,6,CAGGGGCATGTTCGTGGCCA,36,5193002
yqjE_yqjK_yqjD_yqjC_predicted,3.4285714285714284,29,6,CAGGGCCAAGCGAAGCGGGT,23,5250748
yqjE_yqjK_yqjD_yqjC_predicted,1.1428571428571428,13,6,CAGAGACATTTGAAAAAAAG,7,5227072
yqjE_yqjK_yqjD_yqjC_predicted,3.4285714285714284,29,6,CAGACAGCGCGCGGTCAGTG,23,5229496
yqjE_yqjK_yqjD_yqjC_predicted,5.142857142857143,41,6,CAGAAAGGTGACAGTATGCT,35,5204036
yqjE_yqjK_yqjD_yqjC_predicted,3.2857142857142856,28,6,CAGAAAAGGTATACCGCGGC,22,5203642
yqjE_yqjK_yqjD_yqjC_predicted,5.714285714285714,45,6,CACTATCCCCGTATCGTCAT,39,5259922
yqjE_yqjK_yqjD_yqjC_predicted,3.7142857142857144,31,6,CACTACAGCGAGTATTTGCC,25,5253619
yqjE_yqjK_yqjD_yqjC_predicted,1.0,12,6,CACGTCACAGGAGGCGTTTT,6,5242157
yqjE_yqjK_yqjD_yqjC_predicted,1.5714285714285714,16,6,CACGGTTTACAACGTGCGGG,10,5216614
yqjE_yqjK_yqjD_yqjC_predicted,1.8571428571428572,18,6,CACGCTAGGAACAATACCTA,12,5185456
yqjE_yqjK_yqjD_yqjC_predicted,13.0,96,6,CACGCGTAAGTTATCTGGGC,90,5220829
yqjE_yqjK_yqjD_yqjC_predicted,0.2857142857142857,7,6,CACCTCACACCCCGATGTGT,1,5204583
yqjE_yqjK_yqjD_yqjC_predicted,24.428571428571427,176,6,CACCGTTATAAGTTGGTTAT,170,5242047
yqjE_yqjK_yqjD_yqjC_predicted,8.142857142857142,62,6,CACCGGTTTTTTCTGTCCGA,56,5239243
yqjE_yqjK_yqjD_yqjC_predicted,4.142857142857143,34,6,CACCGCGCGTTGATTATGCG,28,5194570
yqjE_yqjK_yqjD_yqjC_predicted,5.571428571428571,44,6,CAATTAGAGGCCAGCATCGT,38,5205126
yqjE_yqjK_yqjD_yqjC_predicted,3.5714285714285716,30,6,CAACTTAACGCCGACGTCGA,24,5171143
yqjE_yqjK_yqjD_yqjC_predicted,1.1428571428571428,13,6,CAACGACTTCAACTTCGACA,7,5198047
yqjE_yqjK_yqjD_yqjC_predicted,2.0,19,6,CAACCCTGACTTTACCTGCA,13,5256158
yqjE_yqjK_yqjD_yqjC_predicted,5.428571428571429,43,6,CAAATAACCCTCGAGTCTGT,37,5262989
yqjE_yqjK_yqjD_yqjC_predicted,9.428571428571429,71,6,ATTTGCGGGTTCTGGCACCA,65,5230171
yqjE_yqjK_yqjD_yqjC_predicted,10.714285714285714,80,6,ATTGGGGCCATTAACCGGGG,74,5224488
yqjE_yqjK_yqjD_yqjC_predicted,9.428571428571429,71,6,ATTGCCCTTTACATCGCGAG,65,5243250
yqjE_yqjK_yqjD_yqjC_predicted,3.142857142857143,27,6,ATTGATTACCAGTCCTTCGA,21,5220492
yqjE_yqjK_yqjD_yqjC_predicted,1.2857142857142858,14,6,ATTCCAAAGTCTTTGACCCT,8,5186786
yqjE_yqjK_yqjD_yqjC_predicted,1.2857142857142858,14,6,ATTCATTTCGCCACGGCGTA,8,5196987
yqjE_yqjK_yqjD_yqjC_predicted,0.2857142857142857,7,6,ATTCAAATATGTGTAACAAT,1,5221939
yqjE_yqjK_yqjD_yqjC_predicted,6.285714285714286,49,6,ATTATGAATAGCCTATGTAG,43,5196849
yqjE_yqjK_yqjD_yqjC_predicted,3.0,26,6,ATTAGTTACATGGCTGGTGA,20,5202661
yqjE_yqjK_yqjD_yqjC_predicted,11.428571428571429,85,6,ATTAGGGATGTCTGGTCCAC,79,5234798
yqjE_yqjK_yqjD_yqjC_predicted,2.857142857142857,25,6,ATTAGGCTAGCGGGACTCCC,19,5204457
yqjE_yqjK_yqjD_yqjC_predicted,8.142857142857142,62,6,ATGTTCCCAAAAATCAGTGC,56,5226647
yqjE_yqjK_yqjD_yqjC_predicted,2.4285714285714284,22,6,ATGATGGGGCGAGGAGATGA,16,5256683
yqjE_yqjK_yqjD_yqjC_predicted,23.285714285714285,168,6,ATGAGGGTTCCCTCCGATTC,162,5238912
yqjE_yqjK_yqjD_yqjC_predicted,1.0,12,6,ATGAGGGGCAACTACCTGCA,6,5207607
yqjE_yqjK_yqjD_yqjC_predicted,5.285714285714286,42,6,ATGACATTTCCATCCATCGT,36,5244796
yqjE_yqjK_yqjD_yqjC_predicted,1.5714285714285714,16,6,ATCTTACTCAGTGTTAAATA,10,5196291
yqjE_yqjK_yqjD_yqjC_predicted,1.0,12,6,ATCTCAGGGTTCATGGGCGT,6,5235838
yqjE_yqjK_yqjD_yqjC_predicted,15.857142857142858,116,6,ATCTAAGAGTCCGATTGGAA,110,5214188
yqjE_yqjK_yqjD_yqjC_predicted,3.857142857142857,32,6,ATCGTTCTGGTGCGTGCTCC,26,5255165
yqjE_yqjK_yqjD_yqjC_predicted,12.428571428571429,92,6,ATCGTATCGTCGCTGTCTCT,86,5202033
yqjE_yqjK_yqjD_yqjC_predicted,5.714285714285714,45,6,ATCGCTACGAAAAGACGGCC,39,5235700
yqjE_yqjK_yqjD_yqjC_predicted,3.2857142857142856,28,6,ATCGCAAGGAGTGGTGCCCG,22,5262249
yqjE_yqjK_yqjD_yqjC_predicted,2.857142857142857,25,6,ATCGAGGGGGGCGTCACCAT,19,5195235
yqjE_yqjK_yqjD_yqjC_predicted,1.1428571428571428,13,6,ATCCTTCTAACATCACCGAT,7,5211477
yqjE_yqjK_yqjD_yqjC_predicted,0.2857142857142857,7,6,ATCCGGTGCCATAAGGCGGC,1,5215457
yqjE_yqjK_yqjD_yqjC_predicted,2.5714285714285716,23,6,ATCCCCAGCTCTGACCGGTT,17,5236574
yqjE_yqjK_yqjD_yqjC_predicted,5.0,40,6,ATCAAACGGGTGAGTTTAGA,34,5223488
yqjE_yqjK_yqjD_yqjC_predicted,9.142857142857142,69,6,ATATAGCTGACTAGCCGATA,63,5211741
yqjE_yqjK_yqjD_yqjC_predicted,4.142857142857143,34,6,ATATAAATCTCAGGCCCAAG,28,5246856
yqjE_yqjK_yqjD_yqjC_predicted,2.4285714285714284,22,6,ATAGTGATCTGTATAAATCG,16,5179097
yqjE_yqjK_yqjD_yqjC_predicted,5.142857142857143,41,6,ATAGTGAAACTGCCGGTAAA,35,5256673
yqjE_yqjK_yqjD_yqjC_predicted,4.285714285714286,35,6,ATAGTACTTGAGCGAGGAGC,29,5181314
yqjE_yqjK_yqjD_yqjC_predicted,2.857142857142857,25,6,ATAGCATCATATGATTCCTA,19,5253363
yqjE_yqjK_yqjD_yqjC_predicted,2.7142857142857144,24,6,ATAGACGTGGGTTGTCCATA,18,5240304
yqjE_yqjK_yqjD_yqjC_predicted,3.4285714285714284,29,6,ATACGCTTGTCCGGAAGCTT,23,5173501
yqjE_yqjK_yqjD_yqjC_predicted,6.571428571428571,51,6,ATACAGCGAAAATACGACCC,45,5253349
yqjE_yqjK_yqjD_yqjC_predicted,2.2857142857142856,21,6,ATAACACAGAAGGGTTTCGG,15,5181823
yqjE_yqjK_yqjD_yqjC_predicted,3.142857142857143,27,6,ATAAAGTTCCGAGGCATCAC,21,5225666
yqjE_yqjK_yqjD_yqjC_predicted,47.42857142857143,337,6,AGTTGTATCGTAGATACCGT,331,5255505
yqjE_yqjK_yqjD_yqjC_predicted,1.4285714285714286,15,6,AGTGGACCCGTCAGCGAGCT,9,5244709
yqjE_yqjK_yqjD_yqjC_predicted,4.428571428571429,36,6,AGTGCTTACTGAGCTGTCGT,30,5174652
yqjE_yqjK_yqjD_yqjC_predicted,1.0,12,6,AGTCCCCTGCTAGGCCCAGA,6,5229046
yqjE_yqjK_yqjD_yqjC_predicted,43.857142857142854,312,6,AGTCATTGTAGGTCCCCAAT,306,5181990
yqjE_yqjK_yqjD_yqjC_predicted,11.571428571428571,86,6,AGTATGCCAAGCGCAGGGGG,80,5193997
yqjE_yqjK_yqjD_yqjC_predicted,2.5714285714285716,23,6,AGTATAGGCAGAGAAATATA,17,5190948
yqjE_yqjK_yqjD_yqjC_predicted,3.857142857142857,32,6,AGTAAGAGCTTAAGAATCAC,26,5218940
yqjE_yqjK_yqjD_yqjC_predicted,7.142857142857143,55,6,AGTAAACTTTGGCAACCATA,49,5242531
yqjE_yqjK_yqjD_yqjC_predicted,0.2857142857142857,7,6,AGGTTCACCCCCTCCCTATG,1,5244381
yqjE_yqjK_yqjD_yqjC_predicted,3.857142857142857,32,6,AGGTCCAGTGTTGAGCTTGT,26,5211945
yqjE_yqjK_yqjD_yqjC_predicted,1.1428571428571428,13,6,AGGTATTTGTCATGGACCGG,7,5203666
yqjE_yqjK_yqjD_yqjC_predicted,0.2857142857142857,7,6,AGGGTTGCTTGCAACCGGCC,1,5196300
yqjE_yqjK_yqjD_yqjC_predicted,8.285714285714286,63,6,AGGGTTCTTTCTCTCGGCTC,57,5218223
yqjE_yqjK_yqjD_yqjC_predicted,19.857142857142858,144,6,AGGGTAGTTTCCTAACGCTT,138,5242059
yqjE_yqjK_yqjD_yqjC_predicted,1.5714285714285714,16,6,AGGGTAACAATCACAAAGTT,10,5194672
yqjE_yqjK_yqjD_yqjC_predicted,5.285714285714286,42,6,AGGGCATCGGCCTCAAGTGG,36,5243218
yqjE_yqjK_yqjD_yqjC_predicted,3.5714285714285716,30,6,AGGGACGGTAGAGAGTCCAA,24,5212445
yqjE_yqjK_yqjD_yqjC_predicted,5.142857142857143,41,6,AGGGAATTACAACGACTGTA,35,5214192
yqjE_yqjK_yqjD_yqjC_predicted,2.7142857142857144,24,6,AGGCCGTTTGCAATGCGGGA,18,5232043
yqjE_yqjK_yqjD_yqjC_predicted,8.142857142857142,62,6,AGGAGAGACCCTTGTTCCTC,56,5181509
yqjE_yqjK_yqjD_yqjC_predicted,4.0,33,6,AGGACAGACATGAGAGCATA,27,5257693
yqjE_yqjK_yqjD_yqjC_predicted,10.142857142857142,76,6,AGGAAGCATCGCTGCAAACC,70,5211603
yqjE_yqjK_yqjD_yqjC_predicted,1.1428571428571428,13,6,AGCTTCTTCTATACACCCTC,7,5241853
yqjE_yqjK_yqjD_yqjC_predicted,11.714285714285714,87,6,AGCCAGACAGGATGCTTCCG,81,5202089
yqjE_yqjK_yqjD_yqjC_predicted,1.7142857142857142,17,6,AGATTAGCTATTATACATAG,11,5188512
yqjE_yqjK_yqjD_yqjC_predicted,0.2857142857142857,7,6,AGATCCCTGTCTAGAGATGT,1,5246610
yqjE_yqjK_yqjD_yqjC_predicted,3.7142857142857144,31,6,AGATAACATTCCCAGAGTCA,25,5234294
yqjE_yqjK_yqjD_yqjC_predicted,1.1428571428571428,13,6,AGAGTAATTTGATAAGGCCT,7,5257217
yqjE_yqjK_yqjD_yqjC_predicted,8.857142857142858,67,6,AGACTTACGATCTTGCACTC,61,5237747
yqjE_yqjK_yqjD_yqjC_predicted,11.714285714285714,87,6,AGACAACTGAGTTAAAATAT,81,5238719
yqjE_yqjK_yqjD_yqjC_predicted,20.571428571428573,149,6,AGAAGGAGTGGACTCGACTC,143,5232611
yqjE_yqjK_yqjD_yqjC_predicted,1.2857142857142858,14,6,ACTTTTATCACTGAGCACTA,8,5175554
yqjE_yqjK_yqjD_yqjC_predicted,9.571428571428571,72,6,ACTTTATGCGTCAAAGCACC,66,5251920
yqjE_yqjK_yqjD_yqjC_predicted,2.4285714285714284,22,6,ACTTCTCCGGGTTCAATACG,16,5196861
yqjE_yqjK_yqjD_yqjC_predicted,0.2857142857142857,7,6,ACTTCGCCATCGGCTATACT,1,5228109
yqjE_yqjK_yqjD_yqjC_predicted,9.142857142857142,69,6,ACTGTCATCTTCGGTCAAAT,63,5204099
yqjE_yqjK_yqjD_yqjC_predicted,7.142857142857143,55,6,ACTCTTATTTGTTAATCGCT,49,5238291
yqjE_yqjK_yqjD_yqjC_predicted,5.285714285714286,42,6,ACTCTACAAAAACGTGAGTA,36,5182653
yqjE_yqjK_yqjD_yqjC_predicted,3.4285714285714284,29,6,ACTCGCGCTCACCATGGGGT,23,5175677
yqjE_yqjK_yqjD_yqjC_predicted,0.8571428571428571,11,6,ACTACGGGAGACGAAACTCA,5,5244810
yqjE_yqjK_yqjD_yqjC_predicted,0.2857142857142857,7,6,ACGTTGGCATCTAGCTGTCC,1,5233423
yqjE_yqjK_yqjD_yqjC_predicted,1.2857142857142858,14,6,ACGTGAGGCATGATGTGCGT,8,5180788
yqjE_yqjK_yqjD_yqjC_predicted,25.285714285714285,182,6,ACGTGAGCCTCTAATACTGT,176,5248292
yqjE_yqjK_yqjD_yqjC_predicted,10.714285714285714,80,6,ACGTCGTTCGAGTCGTAAGG,74,5193994
yqjE_yqjK_yqjD_yqjC_predicted,10.428571428571429,78,6,ACGTCAGGTCTAAAGGTCTT,72,5253658
yqjE_yqjK_yqjD_yqjC_predicted,5.0,40,6,ACGTCACATGCCCAGGTGCA,34,5203094
yqjE_yqjK_yqjD_yqjC_predicted,8.285714285714286,63,6,ACGTAGAGCGGGGTGGTGCA,57,5186656
yqjE_yqjK_yqjD_yqjC_predicted,19.857142857142858,144,6,ACGTACTGCGGTCGGTTTAG,138,5261785
yqjE_yqjK_yqjD_yqjC_predicted,9.428571428571429,71,6,ACGGTCCCCGAGAATACAAC,65,5180934
yqjE_yqjK_yqjD_yqjC_predicted,5.714285714285714,45,6,ACGGCCTTGCTTGTGTCCGA,39,5208047
yqjE_yqjK_yqjD_yqjC_predicted,0.7142857142857143,10,6,ACGGACAGAGCGCCTACAAT,4,5210496
yqjE_yqjK_yqjD_yqjC_predicted,0.2857142857142857,7,6,ACGCTTCATGCACGACAACA,1,5224461
yqjE_yqjK_yqjD_yqjC_predicted,7.0,54,6,ACGCCCGCCTACTTACGTTA,48,5186016
yqjE_yqjK_yqjD_yqjC_predicted,3.7142857142857144,31,6,ACGCCATTGATCCGCGGACC,25,5239528
yqjE_yqjK_yqjD_yqjC_predicted,2.7142857142857144,24,6,ACGCAAAGCTGGGGATCGAA,18,5230914
yqjE_yqjK_yqjD_yqjC_predicted,10.0,75,6,ACGATGGAGATCATTAGTAT,69,5216008
yqjE_yqjK_yqjD_yqjC_predicted,7.857142857142857,60,6,ACGATACCATAGTTATGTAG,54,5244300
yqjE_yqjK_yqjD_yqjC_predicted,1.2857142857142858,14,6,ACGAGGCTGCAAGTGGCTAG,8,5225383
yqjE_yqjK_yqjD_yqjC_predicted,37.0,264,6,ACGAGCACGATCACCATTTA,258,5235256
yqjE_yqjK_yqjD_yqjC_predicted,6.0,47,6,ACGACACTCTAAGCCATCAC,41,5198152
yqjE_yqjK_yqjD_yqjC_predicted,4.285714285714286,35,6,ACCTTGGTCGTGTCTTGTCT,29,5180641
yqjE_yqjK_yqjD_yqjC_predicted,2.4285714285714284,22,6,ACCTGTTAAATTACTAAGGC,16,5176685
yqjE_yqjK_yqjD_yqjC_predicted,2.7142857142857144,24,6,ACCTGCGTCCGCTCATTGAC,18,5184631
yqjE_yqjK_yqjD_yqjC_predicted,0.7142857142857143,10,6,ACCTGCAGTTGTGGATATCT,4,5228252
yqjE_yqjK_yqjD_yqjC_predicted,11.285714285714286,84,6,ACCTGACCAGCAGTGATCCA,78,5202061
yqjE_yqjK_yqjD_yqjC_predicted,2.857142857142857,25,6,ACCGTGGAGATTAGTTTAGG,19,5197866
yqjE_yqjK_yqjD_yqjC_predicted,1.4285714285714286,15,6,ACCGTGGAAGGAAAGCGTCT,9,5217970
yqjE_yqjK_yqjD_yqjC_predicted,6.571428571428571,51,6,ACCGGCATACCGCCGTGGTA,45,5254242
yqjE_yqjK_yqjD_yqjC_predicted,51.42857142857143,365,6,ACCCGAATGATGAACGCTGT,359,5181332
yqjE_yqjK_yqjD_yqjC_predicted,2.142857142857143,20,6,ACCATCGTGTCCCCTTATTA,14,5248523
yqjE_yqjK_yqjD_yqjC_predicted,1.0,12,6,ACATTCCTTTTAACAAGTGC,6,5225571
yqjE_yqjK_yqjD_yqjC_predicted,1.4285714285714286,15,6,ACATGAGTTGTTTGTCCAGC,9,5224435
yqjE_yqjK_yqjD_yqjC_predicted,0.42857142857142855,8,6,ACATCGCGAAGGGCAGCAAG,2,5234130
yqjE_yqjK_yqjD_yqjC_predicted,19.285714285714285,140,6,ACATAAGACGCTCGGCCATT,134,5200248
yqjE_yqjK_yqjD_yqjC_predicted,2.2857142857142856,21,6,ACAGGTCGCCGTGAATCGTA,15,5240695
yqjE_yqjK_yqjD_yqjC_predicted,5.142857142857143,41,6,ACAGGCCTCTTGAAAGTAAT,35,5198878
yqjE_yqjK_yqjD_yqjC_predicted,3.142857142857143,27,6,ACAGACTCCTAGCTGTCCTC,21,5259825
yqjE_yqjK_yqjD_yqjC_predicted,4.714285714285714,38,6,ACACTATGATTTAAGCCGTA,32,5191732
yqjE_yqjK_yqjD_yqjC_predicted,4.0,33,6,ACACGCTCTTGCTGTCGTAG,27,5252286
yqjE_yqjK_yqjD_yqjC_predicted,7.428571428571429,57,6,ACACCGGCGATTGGAAAAGA,51,5194815
yqjE_yqjK_yqjD_yqjC_predicted,2.7142857142857144,24,6,ACACCACTGGATTTAGCGGT,18,5221789
yqjE_yqjK_yqjD_yqjC_predicted,1.5714285714285714,16,6,ACAATGGGGGCGAAAAGTTA,10,5232093
yqjE_yqjK_yqjD_yqjC_predicted,3.857142857142857,32,6,ACAACTTCGAACAGACCGTG,26,5227096
yqjE_yqjK_yqjD_yqjC_predicted,15.428571428571429,113,6,ACAACTGATAGATAACCTTT,107,5254453
yqjE_yqjK_yqjD_yqjC_predicted,3.4285714285714284,29,6,ACAACGTACTTCAAGACCAC,23,5170964
yqjE_yqjK_yqjD_yqjC_predicted,2.142857142857143,20,6,ACAAATGAGAGAGGCTCCCT,14,5223878
yqjE_yqjK_yqjD_yqjC_predicted,1.5714285714285714,16,6,ACAAATCTCTATTGACATGT,10,5225803
yqjE_yqjK_yqjD_yqjC_predicted,1.1428571428571428,13,6,ACAAAAGCGGGCGTGCGTCT,7,5253743
yqjE_yqjK_yqjD_yqjC_predicted,2.0,19,6,AATGTGTAATTTCTATCGAA,13,5243971
yqjE_yqjK_yqjD_yqjC_predicted,2.0,19,6,AATGCTGTTTTCTGTCACAG,13,5192940
yqjE_yqjK_yqjD_yqjC_predicted,1.2857142857142858,14,6,AATCGCCGTTGTGCCCTTAC,8,5170892
yqjE_yqjK_yqjD_yqjC_predicted,0.7142857142857143,10,6,AATCGCCGCCGTCGAGTTTA,4,5192104
yqjE_yqjK_yqjD_yqjC_predicted,1.2857142857142858,14,6,AATCAGTGTCATCGAACACC,8,5203630
yqjE_yqjK_yqjD_yqjC_predicted,2.5714285714285716,23,6,AATATTTCATAAGGCATCTC,17,5262777
yqjE_yqjK_yqjD_yqjC_predicted,0.2857142857142857,7,6,AATATCGCTGCCAATCCAGA,1,5243483
yqjE_yqjK_yqjD_yqjC_predicted,0.42857142857142855,8,6,AATAGACCACCCTTCGACAC,2,5203444
yqjE_yqjK_yqjD_yqjC_predicted,4.285714285714286,35,6,AATAAATGCATCCCAAGGCC,29,5225745
yqjE_yqjK_yqjD_yqjC_predicted,7.428571428571429,57,6,AAGTGTCGTCTCTCTGGCCG,51,5176689
yqjE_yqjK_yqjD_yqjC_predicted,7.857142857142857,60,6,AAGTCCCTCCTAACCAATCT,54,5224289
yqjE_yqjK_yqjD_yqjC_predicted,3.857142857142857,32,6,AAGTATATTCATCCGTGATT,26,5219497
yqjE_yqjK_yqjD_yqjC_predicted,25.571428571428573,184,6,AAGGTGTTCCTCTCGGTGTT,178,5191931
yqjE_yqjK_yqjD_yqjC_predicted,12.142857142857142,90,6,AAGGAGACTATGGTACGCAA,84,5247536
yqjE_yqjK_yqjD_yqjC_predicted,1.7142857142857142,17,6,AAGGACCATTCCGTTTACGA,11,5184703
yqjE_yqjK_yqjD_yqjC_predicted,0.2857142857142857,7,6,AAGCGCCCAGTGACTGTCCC,1,5226360
yqjE_yqjK_yqjD_yqjC_predicted,7.142857142857143,55,6,AAGCCGGCTGTATACAACGT,49,5212467
yqjE_yqjK_yqjD_yqjC_predicted,5.0,40,6,AAGCCCAAGCTGCAGGGTCA,34,5237625
yqjE_yqjK_yqjD_yqjC_predicted,3.7142857142857144,31,6,AAGCACGCCAACGAACTTGG,25,5229402
yqjE_yqjK_yqjD_yqjC_predicted,6.857142857142857,53,6,AAGCAAAATCATATCTTTTC,47,5210368
yqjE_yqjK_yqjD_yqjC_predicted,4.0,33,6,AAGAGTAGCATCACTATCGG,27,5178295
yqjE_yqjK_yqjD_yqjC_predicted,13.142857142857142,97,6,AAGAGATCCGGCCGAATTGT,91,5223814
yqjE_yqjK_yqjD_yqjC_predicted,3.142857142857143,27,6,AAGAAGGTGATGGGATAAGT,21,5223804
yqjE_yqjK_yqjD_yqjC_predicted,4.428571428571429,36,6,AAGAACTTTCAATCACACGA,30,5212343
yqjE_yqjK_yqjD_yqjC_predicted,5.142857142857143,41,6,AACTCTGGGTGAGCTGTAAA,35,5254995
yqjE_yqjK_yqjD_yqjC_predicted,10.714285714285714,80,6,AACTAAGGACCATGGATCTG,74,5244298
yqjE_yqjK_yqjD_yqjC_predicted,4.142857142857143,34,6,AACGTTTTGGGGGTCACTTC,28,5204874
yqjE_yqjK_yqjD_yqjC_predicted,3.4285714285714284,29,6,AACGTGCTCTGAGGGATACA,23,5253311
yqjE_yqjK_yqjD_yqjC_predicted,12.0,89,6,AACGAGATCCCGGTGCAGTT,83,5246024
yqjE_yqjK_yqjD_yqjC_predicted,6.571428571428571,51,6,AACCGCAAATCCGGGCTCCA,45,5191254
yqjE_yqjK_yqjD_yqjC_predicted,4.285714285714286,35,6,AACCGAGGACGGGAAGGGCA,29,5171152
yqjE_yqjK_yqjD_yqjC_predicted,4.714285714285714,38,6,AACCCTGGTTGTAAAGGTCT,32,5231483
yqjE_yqjK_yqjD_yqjC_predicted,2.0,19,6,AACCATCACCCTGGCAGAAC,13,5192807
yqjE_yqjK_yqjD_yqjC_predicted,2.7142857142857144,24,6,AACACCTTTAAGGAGCAATG,18,5205455
yqjE_yqjK_yqjD_yqjC_predicted,1.2857142857142858,14,6,AAATAAGCGGTTGTGAAATG,8,5249369
yqjE_yqjK_yqjD_yqjC_predicted,3.0,26,6,AAACGGGGTTGGAACCAATG,20,5172568
yqjE_yqjK_yqjD_yqjC_predicted,2.857142857142857,25,6,AAACGAGGTCTAGTTTCGAT,19,5259278
yqjE_yqjK_yqjD_yqjC_predicted,2.7142857142857144,24,6,AAACAGAAGAGTGTAGTAGA,18,5211628
yqjE_yqjK_yqjD_yqjC_predicted,1.8571428571428572,18,6,AAAAAGTCATCCCTTTTGCG,12,5226790
yqjE_yqjK_yqjD_yqjC_predicted,14.833333333333334,93,5,TTTTGTGAGGAGAGATGAAG,88,5187282
yqjE_yqjK_yqjD_yqjC_predicted,0.8333333333333334,9,5,TTTTGACAGAGCACGCATCC,4,5227040
yqjE_yqjK_yqjD_yqjC_predicted,2.5,19,5,TTTTGAATATGATTAGATCC,14,5185452
yqjE_yqjK_yqjD_yqjC_predicted,1.0,10,5,TTTGTTCCCGTTGCTATTGA,5,5241655
yqjE_yqjK_yqjD_yqjC_predicted,8.166666666666666,53,5,TTTCTGCTAGGTTTAGGTAG,48,5178896
yqjE_yqjK_yqjD_yqjC_predicted,0.8333333333333334,9,5,TTTCTCTCGACCAATGGACG,4,5238943
yqjE_yqjK_yqjD_yqjC_predicted,6.166666666666667,41,5,TTTCTCGGTACGTACCAGAT,36,5218162
yqjE_yqjK_yqjD_yqjC_predicted,3.8333333333333335,27,5,TTTCCTATACTATTGCGAGG,22,5211593
yqjE_yqjK_yqjD_yqjC_predicted,13.333333333333334,84,5,TTTCCAGTAAATCTGCGCCT,79,5251867
yqjE_yqjK_yqjD_yqjC_predicted,8.833333333333334,57,5,TTTCAGACATACGTTATGTT,52,5176473
yqjE_yqjK_yqjD_yqjC_predicted,0.3333333333333333,6,5,TTTATCAAGTTGAATCGAAA,1,5197522
yqjE_yqjK_yqjD_yqjC_predicted,2.0,16,5,TTTAAGCTGCTCGTGAGGCT,11,5176683
yqjE_yqjK_yqjD_yqjC_predicted,2.1666666666666665,17,5,TTGTTATCGACGGTGAGAGA,12,5212460
yqjE_yqjK_yqjD_yqjC_predicted,2.8333333333333335,21,5,TTGTGCTCGACGGATTGACT,16,5185792
yqjE_yqjK_yqjD_yqjC_predicted,9.0,58,5,TTGTCCGCGCGATAGATAAT,53,5231903
yqjE_yqjK_yqjD_yqjC_predicted,3.5,25,5,TTGGCTGTGCGTATAATATT,20,5248334
yqjE_yqjK_yqjD_yqjC_predicted,4.5,31,5,TTGGCCTGAAATGGAATCGC,26,5205566
yqjE_yqjK_yqjD_yqjC_predicted,2.3333333333333335,18,5,TTGGATACCCGTGTTATGGT,13,5184122
yqjE_yqjK_yqjD_yqjC_predicted,3.6666666666666665,26,5,TTGATATGACTGCATACAGA,21,5226818
yqjE_yqjK_yqjD_yqjC_predicted,6.166666666666667,41,5,TTCTCGGATGTGACTAGGAA,36,5233859
yqjE_yqjK_yqjD_yqjC_predicted,5.666666666666667,38,5,TTCTATGTATCAGGCTACAT,33,5207888
yqjE_yqjK_yqjD_yqjC_predicted,55.666666666666664,338,5,TTCGCCTTCTTGTTTAAGGG,333,5257336
yqjE_yqjK_yqjD_yqjC_predicted,2.0,16,5,TTCGAGGACGTGGGAATTGC,11,5224228
yqjE_yqjK_yqjD_yqjC_predicted,11.666666666666666,74,5,TTCAGGTCCACCTCTTGTGC,69,5210918
yqjE_yqjK_yqjD_yqjC_predicted,3.0,22,5,TTCAAAGCCGCCTTGAACAA,17,5195610
yqjE_yqjK_yqjD_yqjC_predicted,1.8333333333333333,15,5,TTATCGGTGTGCAGTTATTC,10,5229290
yqjE_yqjK_yqjD_yqjC_predicted,3.8333333333333335,27,5,TTATCACGTATGCAGAAGGT,22,5257276
yqjE_yqjK_yqjD_yqjC_predicted,0.6666666666666666,8,5,TTATAGCGCCTAATCCCCGT,3,5185108
yqjE_yqjK_yqjD_yqjC_predicted,4.5,31,5,TTAGCGGGTCAGCAAACTCG,26,5206192
yqjE_yqjK_yqjD_yqjC_predicted,6.0,40,5,TTAGCCGAAACACCCGTGTT,35,5259075
yqjE_yqjK_yqjD_yqjC_predicted,0.3333333333333333,6,5,TTAGCACGTCTGCGGCGTCT,1,5234729
yqjE_yqjK_yqjD_yqjC_predicted,4.5,31,5,TTAGAAACAGATGCGGTGAT,26,5205133
yqjE_yqjK_yqjD_yqjC_predicted,4.5,31,5,TTAATACGGTCGAAGTAGGA,26,5232038
yqjE_yqjK_yqjD_yqjC_predicted,6.5,43,5,TTAAACGGGCACTGAGAGCT,38,5186630
yqjE_yqjK_yqjD_yqjC_predicted,9.833333333333334,63,5,TGTTCTTCCGTGGACCTCGA,58,5175434
yqjE_yqjK_yqjD_yqjC_predicted,4.666666666666667,32,5,TGTGTCATCCTATATCGGAA,27,5203370
yqjE_yqjK_yqjD_yqjC_predicted,44.833333333333336,273,5,TGTGGATTTGTGTTGTACGT,268,5181360
yqjE_yqjK_yqjD_yqjC_predicted,5.666666666666667,38,5,TGTGCCCTACTAGCGCCTAT,33,5245754
yqjE_yqjK_yqjD_yqjC_predicted,9.0,58,5,TGTCTTTGCGGCCTAGGGAA,53,5202054
yqjE_yqjK_yqjD_yqjC_predicted,1.8333333333333333,15,5,TGTCTGTGAAAGCGGTTTTT,10,5255322
yqjE_yqjK_yqjD_yqjC_predicted,2.3333333333333335,18,5,TGTCTGAAAGTTGGGGGGAC,13,5218821
yqjE_yqjK_yqjD_yqjC_predicted,2.5,19,5,TGTCGTACTTACTTAGTGAT,14,5177760
yqjE_yqjK_yqjD_yqjC_predicted,57.666666666666664,350,5,TGTCGGAAATGCCTCGGAAA,345,5181328
yqjE_yqjK_yqjD_yqjC_predicted,12.333333333333334,78,5,TGTCCTGTTAGATCGCTAAG,73,5242050
yqjE_yqjK_yqjD_yqjC_predicted,3.1666666666666665,23,5,TGTATAACATTCGATACCTT,18,5237298
yqjE_yqjK_yqjD_yqjC_predicted,4.0,28,5,TGTACACTGGCATCCTGCAG,23,5201796
yqjE_yqjK_yqjD_yqjC_predicted,2.8333333333333335,21,5,TGGTCCGTAAAGACACGACA,16,5251914
yqjE_yqjK_yqjD_yqjC_predicted,2.1666666666666665,17,5,TGGTACTATATATGTGGATT,12,5172012
yqjE_yqjK_yqjD_yqjC_predicted,5.666666666666667,38,5,TGGTACGGATGTTCTTGGAT,33,5219079
yqjE_yqjK_yqjD_yqjC_predicted,25.0,154,5,TGGGGTGTCTTAGTAGTGGA,149,5197268
yqjE_yqjK_yqjD_yqjC_predicted,11.333333333333334,72,5,TGGGATGCTCAGCTGGTCAT,67,5180848
yqjE_yqjK_yqjD_yqjC_predicted,9.0,58,5,TGGCCTGGAGGCAGGACAAT,53,5248123
yqjE_yqjK_yqjD_yqjC_predicted,3.8333333333333335,27,5,TGGATACACCCTGTTATACG,22,5227144
yqjE_yqjK_yqjD_yqjC_predicted,0.5,7,5,TGGACGCAAAATGGAGTGGC,2,5187619
yqjE_yqjK_yqjD_yqjC_predicted,25.166666666666668,155,5,TGGACATACTTGAGTTACAG,150,5235334
yqjE_yqjK_yqjD_yqjC_predicted,9.333333333333334,60,5,TGCTTCTCAGAAATTTTATC,55,5171285
yqjE_yqjK_yqjD_yqjC_predicted,6.166666666666667,41,5,TGCTTATGCAGAGTATGTCA,36,5249223
yqjE_yqjK_yqjD_yqjC_predicted,2.8333333333333335,21,5,TGCTGGCAACAGTTAGGCAA,16,5184602
yqjE_yqjK_yqjD_yqjC_predicted,5.166666666666667,35,5,TGCTCCTCCCGTCAATTCGT,30,5232261
yqjE_yqjK_yqjD_yqjC_predicted,11.166666666666666,71,5,TGCGGGATAGAGGATCATCG,66,5207938
yqjE_yqjK_yqjD_yqjC_predicted,21.333333333333332,132,5,TGCCACAAACCCTATTCATA,127,5238785
yqjE_yqjK_yqjD_yqjC_predicted,3.3333333333333335,24,5,TGCATTTTATTGACTCCCGG,19,5243417
yqjE_yqjK_yqjD_yqjC_predicted,5.0,34,5,TGCAGCCGTTGCTGGGGCAT,29,5208888
yqjE_yqjK_yqjD_yqjC_predicted,4.166666666666667,29,5,TGCAATTGGTCTGGCGTAAC,24,5206563
yqjE_yqjK_yqjD_yqjC_predicted,4.166666666666667,29,5,TGATCTTAGCCAACGCGAGA,24,5256492
yqjE_yqjK_yqjD_yqjC_predicted,1.5,13,5,TGAGGTAAGCTGCAAGATCC,8,5259487
yqjE_yqjK_yqjD_yqjC_predicted,3.8333333333333335,27,5,TGACCTCCCGAAACGCGTGA,22,5174980
yqjE_yqjK_yqjD_yqjC_predicted,4.166666666666667,29,5,TCTTTGGACTCTTGGGAGAA,24,5178033
yqjE_yqjK_yqjD_yqjC_predicted,3.0,22,5,TCTTTAACAGCTGGGCGCAA,17,5195656
yqjE_yqjK_yqjD_yqjC_predicted,2.0,16,5,TCTTATAGGTAACGTTTGAA,11,5254553
yqjE_yqjK_yqjD_yqjC_predicted,0.3333333333333333,6,5,TCTGCTGTCAGTCAATAGAC,1,5211765
yqjE_yqjK_yqjD_yqjC_predicted,13.5,85,5,TCTGCTGCATAAAATGACCG,80,5255545
yqjE_yqjK_yqjD_yqjC_predicted,4.0,28,5,TCTCGAGATGTAGCTGAGTC,23,5215387
yqjE_yqjK_yqjD_yqjC_predicted,13.5,85,5,TCTCAGTTTGAACACTGCTG,80,5234800
yqjE_yqjK_yqjD_yqjC_predicted,3.3333333333333335,24,5,TCTATTTTCCCGCTGGATGA,19,5242663
yqjE_yqjK_yqjD_yqjC_predicted,0.6666666666666666,8,5,TCTAACTCTGATAACAAGGA,3,5248162
yqjE_yqjK_yqjD_yqjC_predicted,3.8333333333333335,27,5,TCGTGGTCCTCACGGCAGGT,22,5180633
yqjE_yqjK_yqjD_yqjC_predicted,2.0,16,5,TCGTATATTCGTAACCCCGC,11,5202132
yqjE_yqjK_yqjD_yqjC_predicted,4.0,28,5,TCGGTTGGACAGGACACTAC,23,5226537
yqjE_yqjK_yqjD_yqjC_predicted,0.8333333333333334,9,5,TCGGCGCCCGGGATGTTGCT,4,5182644
yqjE_yqjK_yqjD_yqjC_predicted,11.333333333333334,72,5,TCGGAACTAGCCACTGAGTT,67,5202595
yqjE_yqjK_yqjD_yqjC_predicted,4.5,31,5,TCGCTCTAGTCAGAGGGGTC,26,5241608
yqjE_yqjK_yqjD_yqjC_predicted,0.3333333333333333,6,5,TCGCCTTCGACCTTAGCTCG,1,5251312
yqjE_yqjK_yqjD_yqjC_predicted,1.8333333333333333,15,5,TCGCAGTTTATATACTTGAA,10,5233961
yqjE_yqjK_yqjD_yqjC_predicted,0.3333333333333333,6,5,TCGCAGGCTCCTCATATGTC,1,5207021
yqjE_yqjK_yqjD_yqjC_predicted,3.8333333333333335,27,5,TCGATCTGCGCCGTCCGAGG,22,5230895
yqjE_yqjK_yqjD_yqjC_predicted,2.5,19,5,TCGAGAATGTGTTCGTTTTA,14,5249091
yqjE_yqjK_yqjD_yqjC_predicted,0.3333333333333333,6,5,TCGACAAAGCTAAATAGTGC,1,5228253
yqjE_yqjK_yqjD_yqjC_predicted,3.3333333333333335,24,5,TCGAAGATACTTTCGATGGT,19,5189457
yqjE_yqjK_yqjD_yqjC_predicted,0.3333333333333333,6,5,TCCTGTTTCATACCCTAGTA,1,5185327
yqjE_yqjK_yqjD_yqjC_predicted,7.833333333333333,51,5,TCCTCTCATACGAACCACTA,46,5255815
yqjE_yqjK_yqjD_yqjC_predicted,5.166666666666667,35,5,TCCCGACTTGTTCCTACGTG,30,5221698
yqjE_yqjK_yqjD_yqjC_predicted,11.0,70,5,TCCCAGCTCCCGGTGTTGTG,65,5210228
yqjE_yqjK_yqjD_yqjC_predicted,3.6666666666666665,26,5,TCCATTGCATAGGCGGATGG,21,5171135
yqjE_yqjK_yqjD_yqjC_predicted,0.8333333333333334,9,5,TCCAGGTCCACACGGGGTCA,4,5208264
yqjE_yqjK_yqjD_yqjC_predicted,4.0,28,5,TCCAGGATGATGGTACCCTG,23,5230832
yqjE_yqjK_yqjD_yqjC_predicted,2.3333333333333335,18,5,TCATCGTACCACACGGCCAT,13,5224365
yqjE_yqjK_yqjD_yqjC_predicted,3.1666666666666665,23,5,TCATCGCTTTCTATGCTGGT,18,5219505
yqjE_yqjK_yqjD_yqjC_predicted,4.166666666666667,29,5,TCAGGATACCTGAGTAGTGG,24,5214213
yqjE_yqjK_yqjD_yqjC_predicted,1.5,13,5,TCAGCCGCACTACCTCACGA,8,5244826
yqjE_yqjK_yqjD_yqjC_predicted,4.5,31,5,TCACTCCCCTCACTTAGGTC,26,5216034
yqjE_yqjK_yqjD_yqjC_predicted,5.0,34,5,TCACCCGCATCTGGTCGGAA,29,5248584
yqjE_yqjK_yqjD_yqjC_predicted,5.0,34,5,TCACATCTAGGCGAGTGAGA,29,5238858
yqjE_yqjK_yqjD_yqjC_predicted,5.5,37,5,TCAACCTGCGATCGCATTGG,32,5185372
yqjE_yqjK_yqjD_yqjC_predicted,3.5,25,5,TCAACAGTATCGACGCACAT,20,5173169
yqjE_yqjK_yqjD_yqjC_predicted,1.1666666666666667,11,5,TCAAAACGGAGCGGTAGTCA,6,5202671
yqjE_yqjK_yqjD_yqjC_predicted,0.5,7,5,TATTTGCCACACCGGCATCC,2,5180523
yqjE_yqjK_yqjD_yqjC_predicted,4.666666666666667,32,5,TATTACAGCCGATTTGGGGA,27,5221683
yqjE_yqjK_yqjD_yqjC_predicted,10.5,67,5,TATGCAAGATGCGTACGGAA,62,5208721
yqjE_yqjK_yqjD_yqjC_predicted,33.166666666666664,203,5,TATCTGTTGCCCAGTGGGCG,198,5174841
yqjE_yqjK_yqjD_yqjC_predicted,7.333333333333333,48,5,TATCTAGTCGAATCGTGAAA,43,5191741
yqjE_yqjK_yqjD_yqjC_predicted,1.5,13,5,TATCGTTGGACGTACCCACA,8,5247706
yqjE_yqjK_yqjD_yqjC_predicted,3.1666666666666665,23,5,TATCGGGTCATATTCCGGTC,18,5212528
yqjE_yqjK_yqjD_yqjC_predicted,3.0,22,5,TATAGCGCTAACAAGCTCCC,17,5171424
yqjE_yqjK_yqjD_yqjC_predicted,3.8333333333333335,27,5,TATAGACCACGCAAATCCTT,22,5259538
yqjE_yqjK_yqjD_yqjC_predicted,6.5,43,5,TATACAAACAGCACTTTCAG,38,5220518
yqjE_yqjK_yqjD_yqjC_predicted,2.8333333333333335,21,5,TAGGTGGTAGACAGATCTCA,16,5203981
yqjE_yqjK_yqjD_yqjC_predicted,9.666666666666666,62,5,TAGGGTGTGAGTAAACCTAG,57,5186120
yqjE_yqjK_yqjD_yqjC_predicted,4.666666666666667,32,5,TAGGGGGTAATAAGTCGGGG,27,5170874
yqjE_yqjK_yqjD_yqjC_predicted,22.666666666666668,140,5,TAGGATGAATCCTTAGATCC,135,5191499
yqjE_yqjK_yqjD_yqjC_predicted,7.0,46,5,TAGCTCCGTCCCCACAGTTT,41,5212308
yqjE_yqjK_yqjD_yqjC_predicted,3.1666666666666665,23,5,TAGATAACACACTCCTCATA,18,5202911
yqjE_yqjK_yqjD_yqjC_predicted,14.333333333333334,90,5,TAGAGCAGTGGACACCAGCT,85,5221259
yqjE_yqjK_yqjD_yqjC_predicted,2.6666666666666665,20,5,TACTTCGTATGAGCGGGGTG,15,5177390
yqjE_yqjK_yqjD_yqjC_predicted,0.3333333333333333,6,5,TACTCAACTTGAGTACCATG,1,5250516
yqjE_yqjK_yqjD_yqjC_predicted,1.8333333333333333,15,5,TACGTCCCTACAACTAGCAT,10,5237107
yqjE_yqjK_yqjD_yqjC_predicted,3.0,22,5,TACCTATTCAACATCGATAT,17,5173930
yqjE_yqjK_yqjD_yqjC_predicted,0.3333333333333333,6,5,TACCATTACGCCTCACAAAT,1,5200681
yqjE_yqjK_yqjD_yqjC_predicted,6.666666666666667,44,5,TACCAGGGGAGCGTCTTCCG,39,5172800
yqjE_yqjK_yqjD_yqjC_predicted,7.5,49,5,TACATTGTTTTAAGTGCTAA,44,5210217
yqjE_yqjK_yqjD_yqjC_predicted,0.3333333333333333,6,5,TACATTCCTCTCTAAAAGAA,1,5253957
yqjE_yqjK_yqjD_yqjC_predicted,0.3333333333333333,6,5,TACAGAGTCCAGTCCCGTTT,1,5232242
yqjE_yqjK_yqjD_yqjC_predicted,2.6666666666666665,20,5,TACAGAGGGGAGGGTAAACT,15,5189239
yqjE_yqjK_yqjD_yqjC_predicted,7.166666666666667,47,5,TAATGCCTATTGATGCAGAA,42,5256900
yqjE_yqjK_yqjD_yqjC_predicted,2.8333333333333335,21,5,TAATACTGGCTAGAGGCAGA,16,5207545
yqjE_yqjK_yqjD_yqjC_predicted,2.1666666666666665,17,5,TAATAAACCTTTTCCCTAGG,12,5193407
yqjE_yqjK_yqjD_yqjC_predicted,2.5,19,5,TAAGTACTCTGATCAGCCAG,14,5249959
yqjE_yqjK_yqjD_yqjC_predicted,10.666666666666666,68,5,TAAGCAGGGCTACCTCATTC,63,5220753
yqjE_yqjK_yqjD_yqjC_predicted,5.666666666666667,38,5,TAACCGAGAGGTGAGGGCAT,33,5240872
yqjE_yqjK_yqjD_yqjC_predicted,6.5,43,5,TAACAGGCAGCACTAATATG,38,5195282
yqjE_yqjK_yqjD_yqjC_predicted,14.5,91,5,TAAATTCGGTTTAGTATTTG,86,5178354
yqjE_yqjK_yqjD_yqjC_predicted,3.6666666666666665,26,5,TAAAAGGAGATCGACCTTCC,21,5213492
yqjE_yqjK_yqjD_yqjC_predicted,0.3333333333333333,6,5,GTTTTTCTCCCATTTCACCT,1,5173643
yqjE_yqjK_yqjD_yqjC_predicted,0.3333333333333333,6,5,GTTTTGGACGACCAGCGGTG,1,5171380
yqjE_yqjK_yqjD_yqjC_predicted,11.166666666666666,71,5,GTTTGTGAATGGAATGAGAC,66,5210213
yqjE_yqjK_yqjD_yqjC_predicted,6.166666666666667,41,5,GTTTGATCTATGACCCGTCA,36,5185989
yqjE_yqjK_yqjD_yqjC_predicted,64.0,388,5,GTTGGGAATGCCTTGGCTAG,383,5174829
yqjE_yqjK_yqjD_yqjC_predicted,8.0,52,5,GTTGATAGTAGGGGAATAAT,47,5205023
yqjE_yqjK_yqjD_yqjC_predicted,3.0,22,5,GTTCATTGAGTTTGGGTCAT,17,5223271
yqjE_yqjK_yqjD_yqjC_predicted,1.8333333333333333,15,5,GTTCACACCTCGAGGCCCCG,10,5201385
yqjE_yqjK_yqjD_yqjC_predicted,12.166666666666666,77,5,GTGTTTGCCACATATGCTTA,72,5191788
yqjE_yqjK_yqjD_yqjC_predicted,12.5,79,5,GTGTCCGTTCATGGGTAGGT,74,5179515
yqjE_yqjK_yqjD_yqjC_predicted,1.5,13,5,GTGTCAACGGCATTTTAATA,8,5220278
yqjE_yqjK_yqjD_yqjC_predicted,1.8333333333333333,15,5,GTGGTGTATCATTTCGCTAT,10,5187614
yqjE_yqjK_yqjD_yqjC_predicted,5.166666666666667,35,5,GTGGGGATTGTACGATACAA,30,5226005
yqjE_yqjK_yqjD_yqjC_predicted,1.5,13,5,GTGGAGGCAGAGGACCAAGA,8,5252387
yqjE_yqjK_yqjD_yqjC_predicted,5.166666666666667,35,5,GTGCGACCAAGGTATAAGAG,30,5237750
yqjE_yqjK_yqjD_yqjC_predicted,8.5,55,5,GTGCCTAGGTATCCGACAAC,50,5248156
yqjE_yqjK_yqjD_yqjC_predicted,4.0,28,5,GTGCATTTTTCAATGGGAGT,23,5262587
yqjE_yqjK_yqjD_yqjC_predicted,1.3333333333333333,12,5,GTGCAGGGTTCCGCAATATA,7,5174409
yqjE_yqjK_yqjD_yqjC_predicted,9.833333333333334,63,5,GTGATCATGTTGAGACCGAA,58,5260438
yqjE_yqjK_yqjD_yqjC_predicted,4.166666666666667,29,5,GTGATCAACGCAAGCCGGAT,24,5181518
yqjE_yqjK_yqjD_yqjC_predicted,9.0,58,5,GTGATAACTACAGCGAGGCT,53,5239722
yqjE_yqjK_yqjD_yqjC_predicted,0.3333333333333333,6,5,GTGAATGCTTGTATGGGGGC,1,5205960
yqjE_yqjK_yqjD_yqjC_predicted,1.5,13,5,GTGAAACCCGGTGAGAACCA,8,5253713
yqjE_yqjK_yqjD_yqjC_predicted,0.3333333333333333,6,5,GTCGATGGTTATAGTGAAGT,1,5250004
yqjE_yqjK_yqjD_yqjC_predicted,5.166666666666667,35,5,GTCCCTGGGTGGCAGATTCA,30,5243422
yqjE_yqjK_yqjD_yqjC_predicted,0.3333333333333333,6,5,GTATGCCGGCCGGGGTAACT,1,5214833
yqjE_yqjK_yqjD_yqjC_predicted,2.1666666666666665,17,5,GTAGTATCAGCTGGTTCTTT,12,5223400
yqjE_yqjK_yqjD_yqjC_predicted,5.666666666666667,38,5,GTAGAGAGCATGTAGGAAAA,33,5237426
yqjE_yqjK_yqjD_yqjC_predicted,70.33333333333333,426,5,GTACGTATCGATTAGAAGGT,421,5232608
yqjE_yqjK_yqjD_yqjC_predicted,3.0,22,5,GGTTGACAGAGATCAGTCAC,17,5244171
yqjE_yqjK_yqjD_yqjC_predicted,56.0,340,5,GGTGCGTAAGTCCATGGGAT,335,5180853
yqjE_yqjK_yqjD_yqjC_predicted,3.3333333333333335,24,5,GGTGACGTTCGGCAAGGCTG,19,5177744
yqjE_yqjK_yqjD_yqjC_predicted,23.333333333333332,144,5,GGTCTCTCATCTCGTGTGAA,139,5187268
yqjE_yqjK_yqjD_yqjC_predicted,3.3333333333333335,24,5,GGTCTAGCGCTCATAGGAGG,19,5225890
yqjE_yqjK_yqjD_yqjC_predicted,3.8333333333333335,27,5,GGTCTAGAGTTGAGGGCCAG,22,5252368
yqjE_yqjK_yqjD_yqjC_predicted,0.3333333333333333,6,5,GGGTTCCGTAAATTCCTAGT,1,5255810
yqjE_yqjK_yqjD_yqjC_predicted,2.8333333333333335,21,5,GGGGGTGACGGCTCATACAG,16,5184113
yqjE_yqjK_yqjD_yqjC_predicted,7.0,46,5,GGGGGCACCGAAACCGGCTC,41,5176702
yqjE_yqjK_yqjD_yqjC_predicted,0.3333333333333333,6,5,GGGGGACGTTGCCTCGCTGA,1,5239701
yqjE_yqjK_yqjD_yqjC_predicted,4.333333333333333,30,5,GGGGAAGCATATGGAAGCCC,25,5251161
yqjE_yqjK_yqjD_yqjC_predicted,0.5,7,5,GGGCTTCCCGGACATGCGTT,2,5230168
yqjE_yqjK_yqjD_yqjC_predicted,1.8333333333333333,15,5,GGGCGTTAGTAATAGTTGTC,10,5211990
yqjE_yqjK_yqjD_yqjC_predicted,6.166666666666667,41,5,GGGCCAGCCACTAGCCAGAT,36,5215454
yqjE_yqjK_yqjD_yqjC_predicted,3.8333333333333335,27,5,GGGCAGTTGAGATGTCAGCT,22,5189325
yqjE_yqjK_yqjD_yqjC_predicted,3.5,25,5,GGGCAATGCTCCCTTTGAGT,20,5183144
yqjE_yqjK_yqjD_yqjC_predicted,8.5,55,5,GGGATGTATTAGTGTTCACT,50,5253378
yqjE_yqjK_yqjD_yqjC_predicted,3.3333333333333335,24,5,GGGAGGACGAGATTGGTAGA,19,5234307
yqjE_yqjK_yqjD_yqjC_predicted,3.6666666666666665,26,5,GGGAGAAGACAGTGCTATCT,21,5257245
yqjE_yqjK_yqjD_yqjC_predicted,1.1666666666666667,11,5,GGGACGTGATGGCTTCAGTG,6,5194725
yqjE_yqjK_yqjD_yqjC_predicted,0.8333333333333334,9,5,GGGACGGAATCACCGGCACT,4,5227686
yqjE_yqjK_yqjD_yqjC_predicted,14.0,88,5,GGGACGATTTTCTGTGCCAC,83,5246022
yqjE_yqjK_yqjD_yqjC_predicted,3.6666666666666665,26,5,GGGAATGCCGGCTGCGCCAA,21,5194635
yqjE_yqjK_yqjD_yqjC_predicted,5.166666666666667,35,5,GGGAACAGAGGGCATACCGT,30,5191497
yqjE_yqjK_yqjD_yqjC_predicted,9.0,58,5,GGCTTATTGGCAGACAAAAT,53,5245237
yqjE_yqjK_yqjD_yqjC_predicted,11.5,73,5,GGCTCGTGTCGTCAATATTC,68,5191484
yqjE_yqjK_yqjD_yqjC_predicted,1.8333333333333333,15,5,GGCTCACAGGCTAACTGCTC,10,5194120
yqjE_yqjK_yqjD_yqjC_predicted,5.333333333333333,36,5,GGCTAAGTAACCATGGGTGT,31,5189016
yqjE_yqjK_yqjD_yqjC_predicted,2.6666666666666665,20,5,GGCGGAGCGCTCCCTCGAAG,15,5215326
yqjE_yqjK_yqjD_yqjC_predicted,6.333333333333333,42,5,GGCGCAAATATATGTAACAC,37,5213987
yqjE_yqjK_yqjD_yqjC_predicted,7.0,46,5,GGCGACTTATCTGCAATGCT,41,5229504
yqjE_yqjK_yqjD_yqjC_predicted,0.3333333333333333,6,5,GGCCCTAGAAGGTTTCGTAG,1,5172951
yqjE_yqjK_yqjD_yqjC_predicted,1.8333333333333333,15,5,GGCAGTATCGGCTGCATTGT,10,5234481
yqjE_yqjK_yqjD_yqjC_predicted,0.3333333333333333,6,5,GGCAGCTGGATAGTCGGGTG,1,5225330
yqjE_yqjK_yqjD_yqjC_predicted,9.0,58,5,GGCAGCAAATGGCGAAGACC,53,5208090
yqjE_yqjK_yqjD_yqjC_predicted,5.666666666666667,38,5,GGCAGAACCCCTAAGCTGTT,33,5183951
yqjE_yqjK_yqjD_yqjC_predicted,2.3333333333333335,18,5,GGCACTGCCCGCCTTTCATA,13,5231323
yqjE_yqjK_yqjD_yqjC_predicted,8.5,55,5,GGCAAATAAGCCGGACACTG,50,5237585
yqjE_yqjK_yqjD_yqjC_predicted,1.6666666666666667,14,5,GGATTGACGTACTTAAGCGT,9,5211602
yqjE_yqjK_yqjD_yqjC_predicted,3.5,25,5,GGATTCCACCGGCTATATAG,20,5183398
yqjE_yqjK_yqjD_yqjC_predicted,6.833333333333333,45,5,GGATCTCGTGTTGTGTATCT,40,5183469
yqjE_yqjK_yqjD_yqjC_predicted,2.6666666666666665,20,5,GGAGTGGTTATCTCACTATG,15,5231369
yqjE_yqjK_yqjD_yqjC_predicted,5.666666666666667,38,5,GGAGGTATCATCCAATGCGG,33,5189973
yqjE_yqjK_yqjD_yqjC_predicted,10.666666666666666,68,5,GGACGTCTGCTGGGAATGCA,63,5208677
yqjE_yqjK_yqjD_yqjC_predicted,4.333333333333333,30,5,GGACCAAGATCCGAAAAACC,25,5241841
yqjE_yqjK_yqjD_yqjC_predicted,7.833333333333333,51,5,GGACACCCAGACCATGTCCA,46,5218768
yqjE_yqjK_yqjD_yqjC_predicted,10.5,67,5,GGAACGACGAACGGCTCAGC,62,5184882
yqjE_yqjK_yqjD_yqjC_predicted,2.6666666666666665,20,5,GGAACACTGTTTCTTTAGGT,15,5205217
yqjE_yqjK_yqjD_yqjC_predicted,5.0,34,5,GCTTGAGGCTAACTCATCAT,29,5177587
yqjE_yqjK_yqjD_yqjC_predicted,12.166666666666666,77,5,GCTTATGAGCGAACTAACTT,72,5170976
yqjE_yqjK_yqjD_yqjC_predicted,2.6666666666666665,20,5,GCTGGTAATCTGGGGCCACC,15,5206440
yqjE_yqjK_yqjD_yqjC_predicted,13.166666666666666,83,5,GCTGATCGTTGGTGAGCTAA,78,5254654
yqjE_yqjK_yqjD_yqjC_predicted,24.5,151,5,GCTCTCTGGCACATTCAGAA,146,5232635
yqjE_yqjK_yqjD_yqjC_predicted,3.0,22,5,GCTCGTCGATTTTGGGTGTT,17,5206454
yqjE_yqjK_yqjD_yqjC_predicted,5.166666666666667,35,5,GCTCCGTCTTGCGGTGCGAA,30,5260659
yqjE_yqjK_yqjD_yqjC_predicted,1.8333333333333333,15,5,GCTCATGACCTTAACTCTGC,10,5249115
yqjE_yqjK_yqjD_yqjC_predicted,0.8333333333333334,9,5,GCTAATGTTACATGGCCCGT,4,5212249
yqjE_yqjK_yqjD_yqjC_predicted,0.3333333333333333,6,5,GCGTGGAGGGCGGCGATTTG,1,5201223
yqjE_yqjK_yqjD_yqjC_predicted,5.666666666666667,38,5,GCGTGCACTTAAGGGAAAGC,33,5236618
yqjE_yqjK_yqjD_yqjC_predicted,0.3333333333333333,6,5,GCGTCATAGTGTCTGCAGTG,1,5209089
yqjE_yqjK_yqjD_yqjC_predicted,12.166666666666666,77,5,GCGGTGTCACGAGAGCCGAG,72,5182915
yqjE_yqjK_yqjD_yqjC_predicted,1.5,13,5,GCGGTCGAAGTACAATATAA,8,5214657
yqjE_yqjK_yqjD_yqjC_predicted,9.833333333333334,63,5,GCGGGACCCATATGGGGACT,58,5205029
yqjE_yqjK_yqjD_yqjC_predicted,5.0,34,5,GCGGCGGCGCCTAGTTAGCT,29,5237879
yqjE_yqjK_yqjD_yqjC_predicted,0.3333333333333333,6,5,GCGGCGCAGATTACCAGGGA,1,5230757
yqjE_yqjK_yqjD_yqjC_predicted,10.5,67,5,GCGGCCCGCGGAGGTCAGTC,62,5199022
yqjE_yqjK_yqjD_yqjC_predicted,3.1666666666666665,23,5,GCGCTCGGTCTGAAATTTTG,18,5204958
yqjE_yqjK_yqjD_yqjC_predicted,5.833333333333333,39,5,GCGCGAAAATCTTACAAATT,34,5244151
yqjE_yqjK_yqjD_yqjC_predicted,0.3333333333333333,6,5,GCGCCTATATTCAGACACGG,1,5253273
yqjE_yqjK_yqjD_yqjC_predicted,0.6666666666666666,8,5,GCGCATATAAAGCACTGAGG,3,5229213
yqjE_yqjK_yqjD_yqjC_predicted,5.0,34,5,GCGACCTTAATATTGTGATT,29,5175747
yqjE_yqjK_yqjD_yqjC_predicted,5.166666666666667,35,5,GCCTCTCGTTTGCCCCAACT,30,5178401
yqjE_yqjK_yqjD_yqjC_predicted,2.0,16,5,GCCCGTGAGTACGAATACAG,11,5246741
yqjE_yqjK_yqjD_yqjC_predicted,4.166666666666667,29,5,GCCCAACCATCTAGACGCCA,24,5247083
yqjE_yqjK_yqjD_yqjC_predicted,0.3333333333333333,6,5,GCCATAGACCGTGTTGGGCA,1,5208158
yqjE_yqjK_yqjD_yqjC_predicted,49.833333333333336,303,5,GCATGATCGGCCCATATCGC,298,5174851
yqjE_yqjK_yqjD_yqjC_predicted,0.3333333333333333,6,5,GCAGTATTCAAGTTACTGGA,1,5215133
yqjE_yqjK_yqjD_yqjC_predicted,10.5,67,5,GCAGGGTGAGTAGTAAGAGC,62,5197912
yqjE_yqjK_yqjD_yqjC_predicted,9.666666666666666,62,5,GCAGCCCAGGAAGGTTCCGT,57,5238900
yqjE_yqjK_yqjD_yqjC_predicted,3.6666666666666665,26,5,GCACTAGAAGTACAGACACT,21,5227988
yqjE_yqjK_yqjD_yqjC_predicted,2.0,16,5,GCACATGCCCGTCTAAGTTG,11,5242906
yqjE_yqjK_yqjD_yqjC_predicted,7.666666666666667,50,5,GCAATTGGGTACAGAGTCTG,45,5233017
yqjE_yqjK_yqjD_yqjC_predicted,3.6666666666666665,26,5,GATTTTTAGGAGTGCCTATT,21,5247223
yqjE_yqjK_yqjD_yqjC_predicted,5.833333333333333,39,5,GATTATGTGAGAATGGCACG,34,5228766
yqjE_yqjK_yqjD_yqjC_predicted,2.0,16,5,GATTACTCTTGTTCCGTAAC,11,5236735
yqjE_yqjK_yqjD_yqjC_predicted,5.0,34,5,GATTAAGGTATCAGTCGCAA,29,5225366
yqjE_yqjK_yqjD_yqjC_predicted,1.3333333333333333,12,5,GATGTCTACGGGTACGCGCC,7,5210904
yqjE_yqjK_yqjD_yqjC_predicted,13.333333333333334,84,5,GATGTCCCCACTGACGATTG,79,5238827
yqjE_yqjK_yqjD_yqjC_predicted,5.666666666666667,38,5,GATGGGTATCTAGGAAATAC,33,5247598
yqjE_yqjK_yqjD_yqjC_predicted,3.3333333333333335,24,5,GATGACTGAAGATCCCGCGT,19,5262865
yqjE_yqjK_yqjD_yqjC_predicted,4.166666666666667,29,5,GATCGTTATTTCTGTCGTAT,24,5241267
yqjE_yqjK_yqjD_yqjC_predicted,3.3333333333333335,24,5,GAGTGAATAAATCCTGGCTG,19,5245060
yqjE_yqjK_yqjD_yqjC_predicted,1.3333333333333333,12,5,GAGTCCTATTACAGGCCAAC,7,5196666
yqjE_yqjK_yqjD_yqjC_predicted,1.3333333333333333,12,5,GAGGGGGTACCCCGTGCCCA,7,5202473
yqjE_yqjK_yqjD_yqjC_predicted,0.3333333333333333,6,5,GAGGCTTTCTACGCGTTAAC,1,5223045
yqjE_yqjK_yqjD_yqjC_predicted,2.3333333333333335,18,5,GAGCAATCATAAAGTATGCA,13,5171500
yqjE_yqjK_yqjD_yqjC_predicted,2.5,19,5,GAGACACGGCGTTGGCCGCG,14,5244397
yqjE_yqjK_yqjD_yqjC_predicted,1.1666666666666667,11,5,GACTGTATAGGCCATATACT,6,5255798
yqjE_yqjK_yqjD_yqjC_predicted,3.5,25,5,GACTACGATTTCACTGTATT,20,5230019
yqjE_yqjK_yqjD_yqjC_predicted,7.0,46,5,GACGGATCCCGCTAACCGCT,41,5188666
yqjE_yqjK_yqjD_yqjC_predicted,3.8333333333333335,27,5,GACCTTCTTAGCCGCCCGTT,22,5182600
yqjE_yqjK_yqjD_yqjC_predicted,6.833333333333333,45,5,GACCTGCCCTGGGTGGACAC,40,5253627
yqjE_yqjK_yqjD_yqjC_predicted,2.3333333333333335,18,5,GACCGGTCGTCGTAATAAAA,13,5190528
yqjE_yqjK_yqjD_yqjC_predicted,0.5,7,5,GAATGACGCAACGGCGCTAA,2,5199465
yqjE_yqjK_yqjD_yqjC_predicted,1.8333333333333333,15,5,GAATCGCAAGGTTGGTGTCG,10,5201594
yqjE_yqjK_yqjD_yqjC_predicted,13.333333333333334,84,5,GAAGTAGGCTGAAAAACCCG,79,5214147
yqjE_yqjK_yqjD_yqjC_predicted,2.3333333333333335,18,5,GAAGAATTCCAACGAGGGCT,13,5210630
yqjE_yqjK_yqjD_yqjC_predicted,13.0,82,5,GAACCGCCATCTGCGTGTCC,77,5246034
yqjE_yqjK_yqjD_yqjC_predicted,2.3333333333333335,18,5,GAAATCCTTCCCTATTTTTC,13,5207596
yqjE_yqjK_yqjD_yqjC_predicted,5.333333333333333,36,5,GAAAGCGAGTATGCCTTCCC,31,5220757
yqjE_yqjK_yqjD_yqjC_predicted,3.5,25,5,GAAAAGTTGGGGTAGGCAGA,20,5204217
yqjE_yqjK_yqjD_yqjC_predicted,6.5,43,5,GAAAAAAATCACCCGAATAC,38,5175479
yqjE_yqjK_yqjD_yqjC_predicted,7.333333333333333,48,5,CTTTGCCTGAGAGGTTGTTG,43,5231952
yqjE_yqjK_yqjD_yqjC_predicted,0.3333333333333333,6,5,CTTTCGATGCTTAACAACAC,1,5188025
yqjE_yqjK_yqjD_yqjC_predicted,5.333333333333333,36,5,CTTCTTAGGATTTCTATTTA,31,5230299
yqjE_yqjK_yqjD_yqjC_predicted,2.0,16,5,CTTCGCATATCAGTAACCTG,11,5172110
yqjE_yqjK_yqjD_yqjC_predicted,0.3333333333333333,6,5,CTTCCGACGATGGTCAGACC,1,5252262
yqjE_yqjK_yqjD_yqjC_predicted,4.666666666666667,32,5,CTTCATACAAACCGCGTAAA,27,5202715
yqjE_yqjK_yqjD_yqjC_predicted,3.6666666666666665,26,5,CTTAGAAAAACTTACAGTTT,21,5217922
yqjE_yqjK_yqjD_yqjC_predicted,32.5,199,5,CTTAATGTACTTAAGTGGGT,194,5243353
yqjE_yqjK_yqjD_yqjC_predicted,0.3333333333333333,6,5,CTGTTTTGATCTTCCCGCGA,1,5179523
yqjE_yqjK_yqjD_yqjC_predicted,0.8333333333333334,9,5,CTGTCGCTCCTTAGCCGGGT,4,5192236
yqjE_yqjK_yqjD_yqjC_predicted,2.1666666666666665,17,5,CTGTAAACTCGGCCGTCTAC,12,5184638
yqjE_yqjK_yqjD_yqjC_predicted,4.333333333333333,30,5,CTGGTCCGTACCGGTGGGCT,25,5216492
yqjE_yqjK_yqjD_yqjC_predicted,7.666666666666667,50,5,CTGGGCACCTGTCAGGAGGA,45,5262871
yqjE_yqjK_yqjD_yqjC_predicted,17.0,106,5,CTGGAAGTGCCGTGATCCAC,101,5170945
yqjE_yqjK_yqjD_yqjC_predicted,1.3333333333333333,12,5,CTGGAAGCGTACCTAGCGGC,7,5244801
yqjE_yqjK_yqjD_yqjC_predicted,5.5,37,5,CTGCGGTACGTTCTAGCAGT,32,5218220
yqjE_yqjK_yqjD_yqjC_predicted,18.833333333333332,117,5,CTGCCGCTAACTAAAAATAT,112,5226053
yqjE_yqjK_yqjD_yqjC_predicted,2.5,19,5,CTGAGGGCATTTTTGCCGGG,14,5235410
yqjE_yqjK_yqjD_yqjC_predicted,1.1666666666666667,11,5,CTGACCGGGGAATCGTGAAT,6,5241763
yqjE_yqjK_yqjD_yqjC_predicted,1.6666666666666667,14,5,CTCTGAGATAGCGTAATACA,9,5224276
yqjE_yqjK_yqjD_yqjC_predicted,0.3333333333333333,6,5,CTCCGTACATGGACGGATGA,1,5239091
yqjE_yqjK_yqjD_yqjC_predicted,25.333333333333332,156,5,CTCCGGCAACGCGCCTTATC,151,5171294
yqjE_yqjK_yqjD_yqjC_predicted,2.8333333333333335,21,5,CTCCCTATCGCGTCCGTTAA,16,5233979
yqjE_yqjK_yqjD_yqjC_predicted,1.3333333333333333,12,5,CTCACGTCAGTCTGAAGGAC,7,5225748
yqjE_yqjK_yqjD_yqjC_predicted,2.5,19,5,CTCAATTTTACTCCGCTTTT,14,5173369
yqjE_yqjK_yqjD_yqjC_predicted,4.5,31,5,CTATTAGCAGATGGTTAGCA,26,5190585
yqjE_yqjK_yqjD_yqjC_predicted,2.8333333333333335,21,5,CTATCGCTTCTGCCCGCGTA,16,5237163
yqjE_yqjK_yqjD_yqjC_predicted,1.3333333333333333,12,5,CTATATCTGAGTAGCGCTGA,7,5219524
yqjE_yqjK_yqjD_yqjC_predicted,52.333333333333336,318,5,CTATATAGATCGCATAACAG,313,5174824
yqjE_yqjK_yqjD_yqjC_predicted,8.5,55,5,CTATAGGAGAGCAGTGGGGA,50,5201034
yqjE_yqjK_yqjD_yqjC_predicted,0.5,7,5,CTAGGTCTCCCTCAAGCAGA,2,5217606
yqjE_yqjK_yqjD_yqjC_predicted,0.3333333333333333,6,5,CTACATTCCCCTACCAATTA,1,5187881
yqjE_yqjK_yqjD_yqjC_predicted,8.5,55,5,CTACACAGTTATCGCACGCG,50,5217317
yqjE_yqjK_yqjD_yqjC_predicted,1.5,13,5,CTAATTTACAAGTAGCAATG,8,5262666
yqjE_yqjK_yqjD_yqjC_predicted,4.666666666666667,32,5,CTAATGTCGTGGCTGTAAGT,27,5234980
yqjE_yqjK_yqjD_yqjC_predicted,4.0,28,5,CGTTTCCGCGGGAGCGGATA,23,5214183
yqjE_yqjK_yqjD_yqjC_predicted,9.5,61,5,CGTTTATACCAGCCTAACGT,56,5198210
yqjE_yqjK_yqjD_yqjC_predicted,3.8333333333333335,27,5,CGTTCATACTTCATTGCCAC,22,5202941
yqjE_yqjK_yqjD_yqjC_predicted,7.666666666666667,50,5,CGTGGGCATATGGTAAATGT,45,5186123
yqjE_yqjK_yqjD_yqjC_predicted,0.5,7,5,CGTGATCTGGTTCTCCGAGT,2,5231600
yqjE_yqjK_yqjD_yqjC_predicted,11.166666666666666,71,5,CGTCCAGTGGAGATCCACGT,66,5210184
yqjE_yqjK_yqjD_yqjC_predicted,1.8333333333333333,15,5,CGTAGGGGCATGACTCGTGG,10,5238216
yqjE_yqjK_yqjD_yqjC_predicted,0.3333333333333333,6,5,CGTACAGCTGATTTCAAATG,1,5250614
yqjE_yqjK_yqjD_yqjC_predicted,6.666666666666667,44,5,CGTAAGCGAATCTTATTACT,39,5256995
yqjE_yqjK_yqjD_yqjC_predicted,0.3333333333333333,6,5,CGGTTCACAGGCGTTAGCGG,1,5208137
yqjE_yqjK_yqjD_yqjC_predicted,0.3333333333333333,6,5,CGGTGTTCTCGTTATAACCC,1,5224331
yqjE_yqjK_yqjD_yqjC_predicted,14.333333333333334,90,5,CGGTCGTGAGCAATCCCTGT,85,5198196
yqjE_yqjK_yqjD_yqjC_predicted,0.3333333333333333,6,5,CGGTATGGCCACGGACGTCA,1,5205991
yqjE_yqjK_yqjD_yqjC_predicted,5.666666666666667,38,5,CGGTACGTGAATGACTCCCT,33,5191745
yqjE_yqjK_yqjD_yqjC_predicted,3.1666666666666665,23,5,CGGGTTAAACAAAGCCGGTC,18,5202230
yqjE_yqjK_yqjD_yqjC_predicted,0.3333333333333333,6,5,CGGGCCAAAAATATTGGAAG,1,5249461
yqjE_yqjK_yqjD_yqjC_predicted,1.3333333333333333,12,5,CGGGATTAGAAAAACAAGCA,7,5208827
yqjE_yqjK_yqjD_yqjC_predicted,6.333333333333333,42,5,CGGGATCCAAAGCGGTGTCT,37,5258371
yqjE_yqjK_yqjD_yqjC_predicted,0.8333333333333334,9,5,CGGGAGTTACCGAGAAGTCA,4,5182161
yqjE_yqjK_yqjD_yqjC_predicted,2.3333333333333335,18,5,CGGCTTTTCAGAGTATCCGA,13,5238856
yqjE_yqjK_yqjD_yqjC_predicted,3.6666666666666665,26,5,CGGCCGTCCTGTTTCCCATC,21,5238871
yqjE_yqjK_yqjD_yqjC_predicted,5.5,37,5,CGGCATTAGGTCTTACAAGC,32,5245812
yqjE_yqjK_yqjD_yqjC_predicted,11.666666666666666,74,5,CGGATCCCAAACCTGCGGCT,69,5191489
yqjE_yqjK_yqjD_yqjC_predicted,9.833333333333334,63,5,CGGATAAAGTTGGGATTATT,58,5202027
yqjE_yqjK_yqjD_yqjC_predicted,10.0,64,5,CGGAGGATAAGCATAAAGGA,59,5220568
yqjE_yqjK_yqjD_yqjC_predicted,4.333333333333333,30,5,CGGAGGACAACGTGACGTGT,25,5179285
yqjE_yqjK_yqjD_yqjC_predicted,6.333333333333333,42,5,CGGAGATGAATCCTTATATG,37,5193018
yqjE_yqjK_yqjD_yqjC_predicted,0.5,7,5,CGCTGCCTGCTTCACTCTAG,2,5215386
yqjE_yqjK_yqjD_yqjC_predicted,3.6666666666666665,26,5,CGCTCAGCAACCCCAGGTGT,21,5226770
yqjE_yqjK_yqjD_yqjC_predicted,0.3333333333333333,6,5,CGCGTCTCTATCTACTGGAA,1,5176312
yqjE_yqjK_yqjD_yqjC_predicted,22.166666666666668,137,5,CGCGACCACTTCCAATCAGA,132,5207473
yqjE_yqjK_yqjD_yqjC_predicted,2.5,19,5,CGCCTCGGAGCCTTCCCAGA,14,5192399
yqjE_yqjK_yqjD_yqjC_predicted,2.5,19,5,CGCATTCTGCCTCAAGGGTG,14,5229400
yqjE_yqjK_yqjD_yqjC_predicted,6.166666666666667,41,5,CGCAGGAAGCACATCTTTTA,36,5176746
yqjE_yqjK_yqjD_yqjC_predicted,9.333333333333334,60,5,CGCACTGTGACTACGTACCC,55,5234807
yqjE_yqjK_yqjD_yqjC_predicted,3.8333333333333335,27,5,CGCACTCCCATCAACAAATA,22,5223360
yqjE_yqjK_yqjD_yqjC_predicted,0.3333333333333333,6,5,CGATTCCGGGTTAAAGGGCA,1,5184975
yqjE_yqjK_yqjD_yqjC_predicted,25.833333333333332,159,5,CGAGTTCGACTCCTAAGTGT,154,5254464
yqjE_yqjK_yqjD_yqjC_predicted,5.5,37,5,CGACTTATCGATCTTTTGTT,32,5175563
yqjE_yqjK_yqjD_yqjC_predicted,3.6666666666666665,26,5,CGACGTCACCCGTCATGGTC,21,5202086
yqjE_yqjK_yqjD_yqjC_predicted,1.1666666666666667,11,5,CGACCCATATGCATGACGAG,6,5175444
yqjE_yqjK_yqjD_yqjC_predicted,4.333333333333333,30,5,CGACAACGGTCGATCAACGA,25,5227194
yqjE_yqjK_yqjD_yqjC_predicted,4.0,28,5,CGACAAATCAATCGCACGTC,23,5187929
yqjE_yqjK_yqjD_yqjC_predicted,2.6666666666666665,20,5,CGAAAGCCGCTTGATACAGA,15,5248924
yqjE_yqjK_yqjD_yqjC_predicted,18.0,112,5,CCTTGCCTTTCATATCCGTA,107,5185361
yqjE_yqjK_yqjD_yqjC_predicted,2.1666666666666665,17,5,CCTTGCCCGAGATAGTATCA,12,5171280
yqjE_yqjK_yqjD_yqjC_predicted,0.6666666666666666,8,5,CCTGTTGAGGCAAACATACC,3,5205393
yqjE_yqjK_yqjD_yqjC_predicted,8.0,52,5,CCTGGAGTGGGAGAAGCTGA,47,5235659
yqjE_yqjK_yqjD_yqjC_predicted,4.5,31,5,CCTCGGGTCTCATATTACGT,26,5227882
yqjE_yqjK_yqjD_yqjC_predicted,25.166666666666668,155,5,CCTCATCTGTTACCGTTGCA,150,5255503
yqjE_yqjK_yqjD_yqjC_predicted,5.833333333333333,39,5,CCTAGCATAATTCTCGAGAC,34,5190402
yqjE_yqjK_yqjD_yqjC_predicted,3.0,22,5,CCTAGATATGTATGTAACTA,17,5179446
yqjE_yqjK_yqjD_yqjC_predicted,14.666666666666666,92,5,CCTAGAGATGACAGTCGGTG,87,5208175
yqjE_yqjK_yqjD_yqjC_predicted,0.8333333333333334,9,5,CCGTTTAGTCGGAAGTCCCT,4,5180103
yqjE_yqjK_yqjD_yqjC_predicted,8.166666666666666,53,5,CCGTTCGTTACGTCCCTTAT,48,5176703
yqjE_yqjK_yqjD_yqjC_predicted,4.833333333333333,33,5,CCGTCACGGTTGTGTTACAT,28,5229044
yqjE_yqjK_yqjD_yqjC_predicted,5.333333333333333,36,5,CCGGCTAGTGGTTGAGGGTC,31,5182306
yqjE_yqjK_yqjD_yqjC_predicted,3.5,25,5,CCGCTTATGTCTTTTGGGCT,20,5218525
yqjE_yqjK_yqjD_yqjC_predicted,0.3333333333333333,6,5,CCGCTGGGAGGAATCTGTTA,1,5174492
yqjE_yqjK_yqjD_yqjC_predicted,4.5,31,5,CCGCGCGGGTACCGTCCAAT,26,5237808
yqjE_yqjK_yqjD_yqjC_predicted,0.3333333333333333,6,5,CCGCGAAGCCAACTCCGTTT,1,5198468
yqjE_yqjK_yqjD_yqjC_predicted,3.3333333333333335,24,5,CCGCCGTGTCAAAGGAGCTG,19,5181751
yqjE_yqjK_yqjD_yqjC_predicted,5.333333333333333,36,5,CCGCACGGTCTAATACCATC,31,5171293
yqjE_yqjK_yqjD_yqjC_predicted,3.1666666666666665,23,5,CCGCAATCATAGCTCGCCGT,18,5183017
yqjE_yqjK_yqjD_yqjC_predicted,2.5,19,5,CCGCAAGCGTTTAGTTAAAA,14,5230825
yqjE_yqjK_yqjD_yqjC_predicted,4.166666666666667,29,5,CCGCAACAGAGCATGGCGTG,24,5187744
yqjE_yqjK_yqjD_yqjC_predicted,3.0,22,5,CCGACCCCAGCCTTAGGTAA,17,5255160
yqjE_yqjK_yqjD_yqjC_predicted,3.8333333333333335,27,5,CCCTGGGCCGGATTTGTCAC,22,5185240
yqjE_yqjK_yqjD_yqjC_predicted,3.5,25,5,CCCGCGAGGGACGGGTCTCC,20,5188287
yqjE_yqjK_yqjD_yqjC_predicted,5.166666666666667,35,5,CCCCTCGTTAAGCACTGCGT,30,5259261
yqjE_yqjK_yqjD_yqjC_predicted,5.166666666666667,35,5,CCCCGTTGCGGCAGACCAGG,30,5241814
yqjE_yqjK_yqjD_yqjC_predicted,6.166666666666667,41,5,CCCCAGGCCTAGTAGTCGTG,36,5213354
yqjE_yqjK_yqjD_yqjC_predicted,24.166666666666668,149,5,CCATTCTTACTCCAGGTCCA,144,5255580
yqjE_yqjK_yqjD_yqjC_predicted,3.6666666666666665,26,5,CCAGTTGTCGAAGAGCCCTA,21,5206001
yqjE_yqjK_yqjD_yqjC_predicted,6.666666666666667,44,5,CCAGGTTTATTCTGCAATAT,39,5214653
yqjE_yqjK_yqjD_yqjC_predicted,4.166666666666667,29,5,CCAGCGTGTGAAAGCGCTAT,24,5171645
yqjE_yqjK_yqjD_yqjC_predicted,0.3333333333333333,6,5,CCAGATGGGGTTTGCGAAGG,1,5189953
yqjE_yqjK_yqjD_yqjC_predicted,1.8333333333333333,15,5,CCACTGCTCCGGCCACGCAG,10,5255099
yqjE_yqjK_yqjD_yqjC_predicted,3.5,25,5,CCAACTTCATCACACGTACA,20,5197860
yqjE_yqjK_yqjD_yqjC_predicted,4.5,31,5,CCAAAAGAGACTTGACAGCG,26,5194036
yqjE_yqjK_yqjD_yqjC_predicted,11.666666666666666,74,5,CATTTGCTACCATACATGCT,69,5247620
yqjE_yqjK_yqjD_yqjC_predicted,8.0,52,5,CATTTGAAGCATTTCGATTA,47,5197884
yqjE_yqjK_yqjD_yqjC_predicted,2.8333333333333335,21,5,CATTTCATCGCTGCGAGCCA,16,5255212
yqjE_yqjK_yqjD_yqjC_predicted,2.0,16,5,CATTTACGACCGACGAGGAC,11,5182641
yqjE_yqjK_yqjD_yqjC_predicted,5.0,34,5,CATTGATGATTGTAGAAGTT,29,5177198
yqjE_yqjK_yqjD_yqjC_predicted,3.1666666666666665,23,5,CATTCGAAAAAGGGGGATCC,18,5220768
yqjE_yqjK_yqjD_yqjC_predicted,11.166666666666666,71,5,CATTCACAAAGAGTCTCGAG,66,5172121
yqjE_yqjK_yqjD_yqjC_predicted,2.8333333333333335,21,5,CATGGCGGTCGATTGTGTCC,16,5225559
yqjE_yqjK_yqjD_yqjC_predicted,4.0,28,5,CATGCTAGTGGAAACTCTAG,23,5177967
yqjE_yqjK_yqjD_yqjC_predicted,3.1666666666666665,23,5,CATGAAACTTTCCTAAAGCC,18,5244310
yqjE_yqjK_yqjD_yqjC_predicted,3.1666666666666665,23,5,CATCGTGGGTATGTAGCTGC,18,5195350
yqjE_yqjK_yqjD_yqjC_predicted,1.6666666666666667,14,5,CATCGCTATGGGGGACGCCT,9,5195416
yqjE_yqjK_yqjD_yqjC_predicted,3.1666666666666665,23,5,CATCGAAAGGACCGAATGGC,18,5232908
yqjE_yqjK_yqjD_yqjC_predicted,23.166666666666668,143,5,CATCCACGCATCGGCTACGT,138,5238256
yqjE_yqjK_yqjD_yqjC_predicted,2.3333333333333335,18,5,CATATGACGGGAACGGTGTG,13,5195936
yqjE_yqjK_yqjD_yqjC_predicted,3.3333333333333335,24,5,CAGTTGCGTTGGTTACCTTG,19,5254800
yqjE_yqjK_yqjD_yqjC_predicted,2.8333333333333335,21,5,CAGTGCAATACTCCGTATCG,16,5211731
yqjE_yqjK_yqjD_yqjC_predicted,2.3333333333333335,18,5,CAGTCCCTGTTTACTTAGCT,13,5219504
yqjE_yqjK_yqjD_yqjC_predicted,0.3333333333333333,6,5,CAGTATGCCTTCCTTATCGC,1,5260895
yqjE_yqjK_yqjD_yqjC_predicted,2.1666666666666665,17,5,CAGTATCCAGTTCGGGGTTA,12,5245923
yqjE_yqjK_yqjD_yqjC_predicted,2.6666666666666665,20,5,CAGGTCGGCTCATTAAGTAA,15,5246609
yqjE_yqjK_yqjD_yqjC_predicted,3.5,25,5,CAGGGGTGACATTTAGGACG,20,5191765
yqjE_yqjK_yqjD_yqjC_predicted,0.6666666666666666,8,5,CAGGGGCTAGCTCACGGGTC,3,5197175
yqjE_yqjK_yqjD_yqjC_predicted,3.5,25,5,CAGGGGCGCGGGGATCAGCA,20,5258379
yqjE_yqjK_yqjD_yqjC_predicted,7.333333333333333,48,5,CAGGCATCGCACTGCTGGGA,43,5238226
yqjE_yqjK_yqjD_yqjC_predicted,4.666666666666667,32,5,CAGGACAGATGGTTCAGACT,27,5205518
yqjE_yqjK_yqjD_yqjC_predicted,14.0,88,5,CAGATAGGTGCGGTCTGGCA,83,5226044
yqjE_yqjK_yqjD_yqjC_predicted,5.0,34,5,CAGAGGGAAAGTCCGATTGC,29,5235980
yqjE_yqjK_yqjD_yqjC_predicted,4.833333333333333,33,5,CAGACGTTATTAGAAACTTC,28,5180508
yqjE_yqjK_yqjD_yqjC_predicted,30.333333333333332,186,5,CAGACGCATGAAATTCTCAC,181,5208662
yqjE_yqjK_yqjD_yqjC_predicted,2.3333333333333335,18,5,CAGACGACGCCGAGCGAAGT,13,5209277
yqjE_yqjK_yqjD_yqjC_predicted,8.166666666666666,53,5,CACTTTTGCTGGGGACTTGA,48,5218997
yqjE_yqjK_yqjD_yqjC_predicted,9.833333333333334,63,5,CACTTACGTGTTAATAACCA,58,5183659
yqjE_yqjK_yqjD_yqjC_predicted,0.3333333333333333,6,5,CACTAATTGGACTCCGGGCA,1,5220761
yqjE_yqjK_yqjD_yqjC_predicted,3.0,22,5,CACGCGCTGTTTCCGTTTAC,17,5192469
yqjE_yqjK_yqjD_yqjC_predicted,0.3333333333333333,6,5,CACGACATAAACAAAGTCCT,1,5249884
yqjE_yqjK_yqjD_yqjC_predicted,14.0,88,5,CACCGGGAATGATCGTATAA,83,5205550
yqjE_yqjK_yqjD_yqjC_predicted,2.6666666666666665,20,5,CACCGGCACTTGCGCCCATC,15,5195611
yqjE_yqjK_yqjD_yqjC_predicted,1.1666666666666667,11,5,CACCCGCAATGCCTTCCATG,6,5194998
yqjE_yqjK_yqjD_yqjC_predicted,2.5,19,5,CACAACAAGTCGCCGTAGTG,14,5188108
yqjE_yqjK_yqjD_yqjC_predicted,3.8333333333333335,27,5,CAATGTTCTCGCCGTTGGGT,22,5260893
yqjE_yqjK_yqjD_yqjC_predicted,5.666666666666667,38,5,CAATAGATCGGTCCCAAGAA,33,5226761
yqjE_yqjK_yqjD_yqjC_predicted,11.0,70,5,CAAGGTTCCAAGATACCTTC,65,5211153
yqjE_yqjK_yqjD_yqjC_predicted,4.833333333333333,33,5,CAAGGACATAGGACCAGTTG,28,5231643
yqjE_yqjK_yqjD_yqjC_predicted,2.5,19,5,CAAGCGATAATCATATCCAT,14,5231894
yqjE_yqjK_yqjD_yqjC_predicted,30.333333333333332,186,5,CAACTTGTCCACGTTAATCA,181,5238772
yqjE_yqjK_yqjD_yqjC_predicted,5.333333333333333,36,5,CAACGTCCAAGCCATCCATT,31,5171332
yqjE_yqjK_yqjD_yqjC_predicted,16.0,100,5,CAACGGCTACTGCCACATGT,95,5251512
yqjE_yqjK_yqjD_yqjC_predicted,12.0,76,5,CAACCAGCGAGGGTAGCCAA,71,5214797
yqjE_yqjK_yqjD_yqjC_predicted,10.666666666666666,68,5,ATTTCAGGTGGAGAAGACAA,63,5183607
yqjE_yqjK_yqjD_yqjC_predicted,0.3333333333333333,6,5,ATTTAGGCCACTGTTTACTA,1,5182093
yqjE_yqjK_yqjD_yqjC_predicted,22.833333333333332,141,5,ATTGAGCCAGTAACACGCAG,136,5187498
yqjE_yqjK_yqjD_yqjC_predicted,19.333333333333332,120,5,ATTCGGGAGCCGCAGTAGAT,115,5248279
yqjE_yqjK_yqjD_yqjC_predicted,0.3333333333333333,6,5,ATTATCGCGGACTATGATCT,1,5233086
yqjE_yqjK_yqjD_yqjC_predicted,1.8333333333333333,15,5,ATTACGGCACATAGTGCCAA,10,5174022
yqjE_yqjK_yqjD_yqjC_predicted,0.3333333333333333,6,5,ATTAATCACACCAAACACAC,1,5178244
yqjE_yqjK_yqjD_yqjC_predicted,6.166666666666667,41,5,ATGTTTATCGTCCGGCAGCG,36,5249722
yqjE_yqjK_yqjD_yqjC_predicted,5.0,34,5,ATGTTGAGATGCGTCAACTA,29,5236114
yqjE_yqjK_yqjD_yqjC_predicted,4.166666666666667,29,5,ATGTTCGCCACTTTCGAGCT,24,5240137
yqjE_yqjK_yqjD_yqjC_predicted,4.833333333333333,33,5,ATGTGCGTCAGCTAAGTCTA,28,5218241
yqjE_yqjK_yqjD_yqjC_predicted,2.8333333333333335,21,5,ATGTCGCCTGTTGAGCAGTG,16,5226508
yqjE_yqjK_yqjD_yqjC_predicted,7.833333333333333,51,5,ATGTACTTTTTACGGCGTTG,46,5227202
yqjE_yqjK_yqjD_yqjC_predicted,4.666666666666667,32,5,ATGGGTTATCCAACAATATT,27,5171491
yqjE_yqjK_yqjD_yqjC_predicted,1.1666666666666667,11,5,ATGGCGGGCCTACGGCAGGC,6,5195697
yqjE_yqjK_yqjD_yqjC_predicted,0.3333333333333333,6,5,ATGGCCTATAATAACGCTTT,1,5186333
yqjE_yqjK_yqjD_yqjC_predicted,3.3333333333333335,24,5,ATGGATGCCAGAGTATGCGA,19,5224464
yqjE_yqjK_yqjD_yqjC_predicted,27.666666666666668,170,5,ATGCTGTCATTCGGCGTTGT,165,5183949
yqjE_yqjK_yqjD_yqjC_predicted,2.0,16,5,ATGACAGGGCCAATATCCAT,11,5221458
yqjE_yqjK_yqjD_yqjC_predicted,4.5,31,5,ATCTGATATTGGGATATCTC,26,5223525
yqjE_yqjK_yqjD_yqjC_predicted,5.5,37,5,ATCTCGCCTAATGAGCCACC,32,5205041
yqjE_yqjK_yqjD_yqjC_predicted,5.0,34,5,ATCTCCTATTAGAATACTAT,29,5205421
yqjE_yqjK_yqjD_yqjC_predicted,2.8333333333333335,21,5,ATCTAAGTTAATACTGATTA,16,5210208
yqjE_yqjK_yqjD_yqjC_predicted,2.5,19,5,ATCGTATTTTCTAACTCAAT,14,5225798
yqjE_yqjK_yqjD_yqjC_predicted,2.6666666666666665,20,5,ATCGGCTGGACACTGGGGGA,15,5216072
yqjE_yqjK_yqjD_yqjC_predicted,6.166666666666667,41,5,ATCGCACCCTGTTGTACGCG,36,5194678
yqjE_yqjK_yqjD_yqjC_predicted,11.666666666666666,74,5,ATCGAACGATGTGGGTCTCT,69,5197608
yqjE_yqjK_yqjD_yqjC_predicted,3.0,22,5,ATCCGAGCAATGTTTAGAGG,17,5207593
yqjE_yqjK_yqjD_yqjC_predicted,0.8333333333333334,9,5,ATCCCCGTCTGGGTGTAGTA,4,5188572
yqjE_yqjK_yqjD_yqjC_predicted,2.8333333333333335,21,5,ATCCACGCGTTTCGACATTG,16,5179245
yqjE_yqjK_yqjD_yqjC_predicted,2.5,19,5,ATCACTCGAGGCCCGGACTC,14,5243110
yqjE_yqjK_yqjD_yqjC_predicted,134.66666666666666,812,5,ATCACGGCCTTTTTAACTGT,807,5191944
yqjE_yqjK_yqjD_yqjC_predicted,5.333333333333333,36,5,ATATGGGTAATCAGAATCTG,31,5233750
yqjE_yqjK_yqjD_yqjC_predicted,4.166666666666667,29,5,ATATCAAATTGCGGTGCTGT,24,5243224
yqjE_yqjK_yqjD_yqjC_predicted,2.6666666666666665,20,5,ATAGGGTAGATTCCTCGCGA,15,5234574
yqjE_yqjK_yqjD_yqjC_predicted,6.833333333333333,45,5,ATAGGGCGTCGGGATGCAGA,40,5180938
yqjE_yqjK_yqjD_yqjC_predicted,10.166666666666666,65,5,ATAGCTGAAATCTGTGAGAT,60,5204490
yqjE_yqjK_yqjD_yqjC_predicted,0.6666666666666666,8,5,ATAGCCTATGGCTACGTGCT,3,5201835
yqjE_yqjK_yqjD_yqjC_predicted,1.0,10,5,ATAGAATCTCAATGGTATGG,5,5180950
yqjE_yqjK_yqjD_yqjC_predicted,0.3333333333333333,6,5,ATACGGGTCGGTTGTATGTA,1,5251757
yqjE_yqjK_yqjD_yqjC_predicted,1.0,10,5,ATACGCATGCCCTGTAGCCA,5,5185903
yqjE_yqjK_yqjD_yqjC_predicted,6.333333333333333,42,5,ATACGAGGGCGGGGACATGA,37,5248185
yqjE_yqjK_yqjD_yqjC_predicted,4.333333333333333,30,5,ATACGACTTCGGCTGGTTGG,25,5260472
yqjE_yqjK_yqjD_yqjC_predicted,24.333333333333332,150,5,ATACGAAGACTGTTTTGTAG,145,5254443
yqjE_yqjK_yqjD_yqjC_predicted,38.333333333333336,234,5,ATAATTGTAGGTCACTCCTA,229,5197275
yqjE_yqjK_yqjD_yqjC_predicted,5.5,37,5,ATAAGGATACCGGATTAACG,32,5221004
yqjE_yqjK_yqjD_yqjC_predicted,3.3333333333333335,24,5,ATAACTACATCTCTCGTAGT,19,5224643
yqjE_yqjK_yqjD_yqjC_predicted,1.8333333333333333,15,5,ATAACCTGCTTTCGCGCAGA,10,5248239
yqjE_yqjK_yqjD_yqjC_predicted,13.666666666666666,86,5,ATAAAGGGCTCGGGGGCCAC,81,5173236
yqjE_yqjK_yqjD_yqjC_predicted,10.5,67,5,ATAAAATCTAAGACACTACA,62,5183941
yqjE_yqjK_yqjD_yqjC_predicted,7.333333333333333,48,5,AGTTTAAAAGGACGGGACCA,43,5239767
yqjE_yqjK_yqjD_yqjC_predicted,4.166666666666667,29,5,AGTTAGTTGCTATTAGGAAG,24,5239530
yqjE_yqjK_yqjD_yqjC_predicted,0.8333333333333334,9,5,AGTTAGCATTCTCGCATAAA,4,5221339
yqjE_yqjK_yqjD_yqjC_predicted,3.6666666666666665,26,5,AGTGAACTCAGCTGGTCCAG,21,5215829
yqjE_yqjK_yqjD_yqjC_predicted,3.0,22,5,AGTCGTTGCTTAGACGCTGT,17,5236673
yqjE_yqjK_yqjD_yqjC_predicted,3.1666666666666665,23,5,AGTATACGGGCTGCTTCGAA,18,5175222
yqjE_yqjK_yqjD_yqjC_predicted,11.166666666666666,71,5,AGTAGCGTCGGGGAGGTATG,66,5226201
yqjE_yqjK_yqjD_yqjC_predicted,9.0,58,5,AGGTTATTACGGGGGGCGGT,53,5245634
yqjE_yqjK_yqjD_yqjC_predicted,11.0,70,5,AGGCTAGGTCATCACGTGAT,65,5236262
yqjE_yqjK_yqjD_yqjC_predicted,6.5,43,5,AGGATTTCAAGACCCCAGTA,38,5188341
yqjE_yqjK_yqjD_yqjC_predicted,3.6666666666666665,26,5,AGGAGGGCAGTCAATTATTG,21,5203449
yqjE_yqjK_yqjD_yqjC_predicted,1.6666666666666667,14,5,AGGAGATCCAAGACTGGCAA,9,5223645
yqjE_yqjK_yqjD_yqjC_predicted,13.333333333333334,84,5,AGCTGGGGCTAGCTCACAGT,79,5185380
yqjE_yqjK_yqjD_yqjC_predicted,1.0,10,5,AGCTGAGCCCTAGTGGTTCC,5,5196182
yqjE_yqjK_yqjD_yqjC_predicted,1.8333333333333333,15,5,AGCGTTGCTGCCGTATGCCT,10,5240430
yqjE_yqjK_yqjD_yqjC_predicted,4.166666666666667,29,5,AGCGCGCTGTCTTTTTGGTT,24,5239258
yqjE_yqjK_yqjD_yqjC_predicted,1.0,10,5,AGCCTCGCGTATAGACTCTG,5,5239533
yqjE_yqjK_yqjD_yqjC_predicted,9.833333333333334,63,5,AGCCACCATTATCGTATACT,58,5245881
yqjE_yqjK_yqjD_yqjC_predicted,2.8333333333333335,21,5,AGCACGCACAGCGATACCTT,16,5250564
yqjE_yqjK_yqjD_yqjC_predicted,4.833333333333333,33,5,AGATCGCACTTTGAACCTCA,28,5199018
yqjE_yqjK_yqjD_yqjC_predicted,9.833333333333334,63,5,AGACGTGTGGACGGACGTTG,58,5182888
yqjE_yqjK_yqjD_yqjC_predicted,3.5,25,5,AGACACTGCCGGATTAAGTA,20,5185793
yqjE_yqjK_yqjD_yqjC_predicted,1.6666666666666667,14,5,AGAATTCGGGTCTTCGCATG,9,5232275
yqjE_yqjK_yqjD_yqjC_predicted,4.166666666666667,29,5,ACTTATCCCCACTGAGAAGG,24,5212877
yqjE_yqjK_yqjD_yqjC_predicted,3.0,22,5,ACTGACAGGAGGGAACACGC,17,5179532
yqjE_yqjK_yqjD_yqjC_predicted,0.3333333333333333,6,5,ACTGAATTGTAAGCTGGATT,1,5251071
yqjE_yqjK_yqjD_yqjC_predicted,7.0,46,5,ACTCCAAAAAGGCAGGATTT,41,5174522
yqjE_yqjK_yqjD_yqjC_predicted,4.333333333333333,30,5,ACTCAAGTCCCACCGGCTCA,25,5218140
yqjE_yqjK_yqjD_yqjC_predicted,1.0,10,5,ACTAAAAGCGTATGAGACAG,5,5207979
yqjE_yqjK_yqjD_yqjC_predicted,4.333333333333333,30,5,ACGTTGCTGACTCTATCTCG,25,5196669
yqjE_yqjK_yqjD_yqjC_predicted,5.333333333333333,36,5,ACGTTACCCGTACTTGAAGG,31,5174518
yqjE_yqjK_yqjD_yqjC_predicted,2.6666666666666665,20,5,ACGTCGTCCTTCGTACCGGT,15,5213803
yqjE_yqjK_yqjD_yqjC_predicted,4.5,31,5,ACGGTCTCAGGGAGTTTTTC,26,5245535
yqjE_yqjK_yqjD_yqjC_predicted,3.8333333333333335,27,5,ACGGTCGGTAGCCTCAGCCT,22,5183009
yqjE_yqjK_yqjD_yqjC_predicted,4.0,28,5,ACGGATGCCCGTGGTGACTG,23,5190129
yqjE_yqjK_yqjD_yqjC_predicted,5.333333333333333,36,5,ACGCGAGCCAACTATCTTTG,31,5258327
yqjE_yqjK_yqjD_yqjC_predicted,3.1666666666666665,23,5,ACGCACAGTACTTGAAAGGT,18,5223484
yqjE_yqjK_yqjD_yqjC_predicted,1.1666666666666667,11,5,ACGAAAGTCGTTTGGGATAA,6,5261163
yqjE_yqjK_yqjD_yqjC_predicted,3.6666666666666665,26,5,ACCTTTTTACTTCTCCCCCA,21,5211666
yqjE_yqjK_yqjD_yqjC_predicted,0.3333333333333333,6,5,ACCTCAAGTCATTTCGGGAT,1,5259612
yqjE_yqjK_yqjD_yqjC_predicted,3.5,25,5,ACCTAGCTTGCGTCTAATTT,20,5211733
yqjE_yqjK_yqjD_yqjC_predicted,8.166666666666666,53,5,ACCGTCAGCTCTTAACGCCC,48,5180940
yqjE_yqjK_yqjD_yqjC_predicted,5.0,34,5,ACCGCGATTCTCTTTGAGGC,29,5179294
yqjE_yqjK_yqjD_yqjC_predicted,1.0,10,5,ACCGACCAGCAGTAGGTCGC,5,5184965
yqjE_yqjK_yqjD_yqjC_predicted,5.166666666666667,35,5,ACCCTTTGTAAGGTACCGGC,30,5249824
yqjE_yqjK_yqjD_yqjC_predicted,6.0,40,5,ACCAACGTTAGTCATTGCTT,35,5253289
yqjE_yqjK_yqjD_yqjC_predicted,5.666666666666667,38,5,ACCAACGTCTGTTCATAAGC,33,5200503
yqjE_yqjK_yqjD_yqjC_predicted,7.333333333333333,48,5,ACATTTTGAGTCGAATCGAC,43,5240298
yqjE_yqjK_yqjD_yqjC_predicted,1.0,10,5,ACATGTTTCCTGAAAGCCGT,5,5195417
yqjE_yqjK_yqjD_yqjC_predicted,1.8333333333333333,15,5,ACATATTATAACTTAATCAA,10,5232268
yqjE_yqjK_yqjD_yqjC_predicted,8.0,52,5,ACATATCGTACCGCAATGGC,47,5225878
yqjE_yqjK_yqjD_yqjC_predicted,53.333333333333336,324,5,ACAGTGGACTGCTATGAAAT,319,5191943
yqjE_yqjK_yqjD_yqjC_predicted,3.8333333333333335,27,5,ACAGTCTTGACCCGCCAGTT,22,5262687
yqjE_yqjK_yqjD_yqjC_predicted,7.333333333333333,48,5,ACAGAGTATCATTCCTTGGA,43,5254411
yqjE_yqjK_yqjD_yqjC_predicted,0.5,7,5,ACACTAAGGCCGGAGACCCG,2,5187863
yqjE_yqjK_yqjD_yqjC_predicted,2.8333333333333335,21,5,ACACCTGTTGTGCACGAATC,16,5178200
yqjE_yqjK_yqjD_yqjC_predicted,4.0,28,5,ACACCACGCTCAGGGCATGG,23,5171391
yqjE_yqjK_yqjD_yqjC_predicted,6.166666666666667,41,5,ACACATGTGTTTTGGAGTCG,36,5258725
yqjE_yqjK_yqjD_yqjC_predicted,4.5,31,5,ACAAAGAAAACACGGAATTC,26,5250804
yqjE_yqjK_yqjD_yqjC_predicted,7.166666666666667,47,5,AATTCTGTCCCATAGCGAGA,42,5180617
yqjE_yqjK_yqjD_yqjC_predicted,0.3333333333333333,6,5,AATGTACTTGACCACGGTGG,1,5200188
yqjE_yqjK_yqjD_yqjC_predicted,10.666666666666666,68,5,AATGCTAAAGTGTCTAAAGG,63,5208108
yqjE_yqjK_yqjD_yqjC_predicted,9.833333333333334,63,5,AATGAGTAGTCTACGAGTTT,58,5195071
yqjE_yqjK_yqjD_yqjC_predicted,4.166666666666667,29,5,AATCGATTCCCTGCGTGAGA,24,5196651
yqjE_yqjK_yqjD_yqjC_predicted,7.166666666666667,47,5,AATCCTACGGTGGTACGGCA,42,5233299
yqjE_yqjK_yqjD_yqjC_predicted,2.8333333333333335,21,5,AATCCATGTTGGCTAAAGTG,16,5220041
yqjE_yqjK_yqjD_yqjC_predicted,3.0,22,5,AATAGCAGTAGTATGAATCC,17,5225316
yqjE_yqjK_yqjD_yqjC_predicted,8.833333333333334,57,5,AATAACGGGTGCGAACATTA,52,5218400
yqjE_yqjK_yqjD_yqjC_predicted,0.3333333333333333,6,5,AAGTTGGGTAGCAAGTGTGT,1,5172232
yqjE_yqjK_yqjD_yqjC_predicted,6.333333333333333,42,5,AAGTGAAAGCAATTTTTAAG,37,5180520
yqjE_yqjK_yqjD_yqjC_predicted,0.3333333333333333,6,5,AAGTATGGAGCTCAACGACC,1,5201532
yqjE_yqjK_yqjD_yqjC_predicted,7.333333333333333,48,5,AAGTACCCCGCGGCCCCATA,43,5184946
yqjE_yqjK_yqjD_yqjC_predicted,3.5,25,5,AAGGTGCGATCGGCACTAGC,20,5188277
yqjE_yqjK_yqjD_yqjC_predicted,2.8333333333333335,21,5,AAGGACCGGCCCCGACTACT,16,5229488
yqjE_yqjK_yqjD_yqjC_predicted,2.5,19,5,AAGCTCCATCCAGGAAGTAG,14,5184881
yqjE_yqjK_yqjD_yqjC_predicted,0.3333333333333333,6,5,AACTTTCGAATAATGTGTCA,1,5238308
yqjE_yqjK_yqjD_yqjC_predicted,0.3333333333333333,6,5,AACTGTCGGCTATCAAGATG,1,5243044
yqjE_yqjK_yqjD_yqjC_predicted,3.6666666666666665,26,5,AACTGGTTTAATATCTAACA,21,5193773
yqjE_yqjK_yqjD_yqjC_predicted,1.1666666666666667,11,5,AACTCTCGGGCCGTGAATGT,6,5262292
yqjE_yqjK_yqjD_yqjC_predicted,34.166666666666664,209,5,AACTCAGCAATCTTTTTAGA,204,5220802
yqjE_yqjK_yqjD_yqjC_predicted,35.0,214,5,AACGTTTCGGATGCGGCCTG,209,5184509
yqjE_yqjK_yqjD_yqjC_predicted,4.166666666666667,29,5,AACGAACCTAAGGCTGCACG,24,5258930
yqjE_yqjK_yqjD_yqjC_predicted,3.3333333333333335,24,5,AACCTCTGTCATGCACTTCG,19,5228466
yqjE_yqjK_yqjD_yqjC_predicted,0.3333333333333333,6,5,AACCTATCGTTTAAAGACAC,1,5175250
yqjE_yqjK_yqjD_yqjC_predicted,1.1666666666666667,11,5,AACCGACCGATTCCGTGAAA,6,5210930
yqjE_yqjK_yqjD_yqjC_predicted,30.0,184,5,AACCACACTATAGAGGGAAC,179,5261768
yqjE_yqjK_yqjD_yqjC_predicted,2.0,16,5,AACAAGCGTCACGCGTGGAT,11,5186662
yqjE_yqjK_yqjD_yqjC_predicted,0.3333333333333333,6,5,AAATTTATGAGTAATTTACG,1,5187868
yqjE_yqjK_yqjD_yqjC_predicted,0.3333333333333333,6,5,AAATTCCGGTTAATCTGCAT,1,5197310
yqjE_yqjK_yqjD_yqjC_predicted,2.8333333333333335,21,5,AAATGGACGTACACCCAATC,16,5200560
yqjE_yqjK_yqjD_yqjC_predicted,0.3333333333333333,6,5,AAATAAGACAAAGTCTCGCG,1,5172318
yqjE_yqjK_yqjD_yqjC_predicted,0.6666666666666666,8,5,AAAGGGTGTGCCCGGTGAAG,3,5247558
yqjE_yqjK_yqjD_yqjC_predicted,3.8333333333333335,27,5,AAAGATAAGGGCTCCGTTCG,22,5248438
yqjE_yqjK_yqjD_yqjC_predicted,4.0,28,5,AAACTGAGTAGATCCCGGTT,23,5248478
yqjE_yqjK_yqjD_yqjC_predicted,9.833333333333334,63,5,AAACGCTGACTACGACGCTT,58,5224350
yqjE_yqjK_yqjD_yqjC_predicted,2.0,16,5,AAACATGGTGAACCACACAC,11,5204966
yqjE_yqjK_yqjD_yqjC_predicted,3.8333333333333335,27,5,AAAATTGTAAATCCATGTTA,22,5173068
yqjE_yqjK_yqjD_yqjC_predicted,5.666666666666667,38,5,AAAATCTTGTACTGAATTGG,33,5221016
yqjE_yqjK_yqjD_yqjC_predicted,4.333333333333333,30,5,AAAAGGCATTATGGGCCTTT,25,5258755
yqjE_yqjK_yqjD_yqjC_predicted,1.8333333333333333,15,5,AAAAACCGGTGTACCTACAC,10,5205580
yqjE_yqjK_yqjD_yqjC_predicted,2.0,13,4,TTTTTCCGAATAGGTACATT,9,5183724
yqjE_yqjK_yqjD_yqjC_predicted,8.4,45,4,TTTTGGCTGGGTACCTTGCG,41,5178334
yqjE_yqjK_yqjD_yqjC_predicted,22.0,113,4,TTTTCGTTCGGAGCGTTTAC,109,5262670
yqjE_yqjK_yqjD_yqjC_predicted,6.2,34,4,TTTTCACAGGAGAGAGACGT,30,5218685
yqjE_yqjK_yqjD_yqjC_predicted,8.2,44,4,TTTGTCGCTTCTGCATCTTG,40,5200506
yqjE_yqjK_yqjD_yqjC_predicted,6.2,34,4,TTTGCTGTACATGCATCACA,30,5189679
yqjE_yqjK_yqjD_yqjC_predicted,2.6,16,4,TTTCTAGCGTACTCTCGCTG,12,5204286
yqjE_yqjK_yqjD_yqjC_predicted,1.6,11,4,TTTCGTGCATCTCCTTGGCT,7,5237392
yqjE_yqjK_yqjD_yqjC_predicted,5.8,32,4,TTTCGTAGAACGTTGCCGCG,28,5242201
yqjE_yqjK_yqjD_yqjC_predicted,5.0,28,4,TTTCCTCCCTTCCAGCCATG,24,5231478
yqjE_yqjK_yqjD_yqjC_predicted,4.4,25,4,TTTCAAGAAGCCTTGCCTTA,21,5171750
yqjE_yqjK_yqjD_yqjC_predicted,3.0,18,4,TTTATACCACAAAAATGAGA,14,5182177
yqjE_yqjK_yqjD_yqjC_predicted,7.6,41,4,TTTAGTGTATATAGGCGTTA,37,5172836
yqjE_yqjK_yqjD_yqjC_predicted,1.2,9,4,TTTAATCCGCACGCTGCTTT,5,5235574
yqjE_yqjK_yqjD_yqjC_predicted,3.0,18,4,TTGTCGGCATTTAAAATAAG,14,5231533
yqjE_yqjK_yqjD_yqjC_predicted,10.8,57,4,TTGGTGAGTACTGTAGACGA,53,5228758
yqjE_yqjK_yqjD_yqjC_predicted,33.2,169,4,TTGGTACGACACCCCTATTT,165,5257342
yqjE_yqjK_yqjD_yqjC_predicted,5.0,28,4,TTGGGGCAGGAGTAGATATA,24,5262599
yqjE_yqjK_yqjD_yqjC_predicted,5.4,30,4,TTGGATCCTGGATGGACCTC,26,5246301
yqjE_yqjK_yqjD_yqjC_predicted,5.8,32,4,TTGGAGGTGATATGGTGAGG,28,5198244
yqjE_yqjK_yqjD_yqjC_predicted,2.2,14,4,TTGGAAACGCGATTGTAGCG,10,5203361
yqjE_yqjK_yqjD_yqjC_predicted,6.2,34,4,TTGCGTTTGATTTGGAAGCA,30,5247736
yqjE_yqjK_yqjD_yqjC_predicted,3.6,21,4,TTGCGACAAACGATCGCGTA,17,5245004
yqjE_yqjK_yqjD_yqjC_predicted,3.6,21,4,TTGCCAAGCTCCTCACCGTA,17,5180986
yqjE_yqjK_yqjD_yqjC_predicted,2.8,17,4,TTGATTAGGCTCCATTCCTA,13,5191034
yqjE_yqjK_yqjD_yqjC_predicted,4.8,27,4,TTGATGTCCTGCATAAAGGG,23,5183653
yqjE_yqjK_yqjD_yqjC_predicted,6.2,34,4,TTGATGATCGTGATCACCAT,30,5193236
yqjE_yqjK_yqjD_yqjC_predicted,1.2,9,4,TTGAGAATCTACGGGGCGAT,5,5221584
yqjE_yqjK_yqjD_yqjC_predicted,1.2,9,4,TTCTAATGGCTTCGAGAAGC,5,5236076
yqjE_yqjK_yqjD_yqjC_predicted,3.8,22,4,TTCGTCGAAAGATCTACCCT,18,5249997
yqjE_yqjK_yqjD_yqjC_predicted,5.8,32,4,TTCGGCTGTGTCCCCACTTT,28,5216027
yqjE_yqjK_yqjD_yqjC_predicted,2.8,17,4,TTCCTCCAGCTGAGATCGAG,13,5199939
yqjE_yqjK_yqjD_yqjC_predicted,11.8,62,4,TTCAGGGGGTGCAACTGTAA,58,5237638
yqjE_yqjK_yqjD_yqjC_predicted,5.0,28,4,TTCACAGTCAGATAAAGACA,24,5217301
yqjE_yqjK_yqjD_yqjC_predicted,6.4,35,4,TTCAAATCCTTTCGGTAAAG,31,5233323
yqjE_yqjK_yqjD_yqjC_predicted,4.8,27,4,TTATAATCGACACCGTCCTT,23,5223556
yqjE_yqjK_yqjD_yqjC_predicted,1.0,8,4,TTAGGACGCTTGTCTTCGTT,4,5235876
yqjE_yqjK_yqjD_yqjC_predicted,1.8,12,4,TTAGCCATTTACGCCGTACT,8,5183039
yqjE_yqjK_yqjD_yqjC_predicted,1.0,8,4,TTACGCAATCCCAGTGGATT,4,5247163
yqjE_yqjK_yqjD_yqjC_predicted,2.8,17,4,TTACCGGACCCGTTCAATGA,13,5204784
yqjE_yqjK_yqjD_yqjC_predicted,40.0,203,4,TTACATGAGGATAGCTTCTT,199,5261735
yqjE_yqjK_yqjD_yqjC_predicted,22.0,113,4,TTAATCGCGTTCTTCTATAC,109,5180840
yqjE_yqjK_yqjD_yqjC_predicted,7.2,39,4,TTAATCCTTGGGAGCGGGTA,35,5243248
yqjE_yqjK_yqjD_yqjC_predicted,4.4,25,4,TTAATAGGATGTGCCGAACT,21,5228730
yqjE_yqjK_yqjD_yqjC_predicted,1.6,11,4,TTAACTTCCATTAAAGGACC,7,5223958
yqjE_yqjK_yqjD_yqjC_predicted,1.2,9,4,TTAACAGTAGGTTCGCGACC,5,5189517
yqjE_yqjK_yqjD_yqjC_predicted,2.2,14,4,TGTTCTTTAATTACCGGTCT,10,5180614
yqjE_yqjK_yqjD_yqjC_predicted,3.8,22,4,TGTTATGAGGCTTTAAGAGT,18,5243079
yqjE_yqjK_yqjD_yqjC_predicted,2.2,14,4,TGTGTGTCAGTTCAATGTTG,10,5215310
yqjE_yqjK_yqjD_yqjC_predicted,1.6,11,4,TGTGGGAAAACGTGGCTAGG,7,5258703
yqjE_yqjK_yqjD_yqjC_predicted,5.8,32,4,TGTGGATTATATGTTAATTT,28,5254450
yqjE_yqjK_yqjD_yqjC_predicted,19.6,101,4,TGTGATTTGTGGGGCAAGAG,97,5187270
yqjE_yqjK_yqjD_yqjC_predicted,11.6,61,4,TGTGAACGGGGCCAAGTTTG,57,5187917
yqjE_yqjK_yqjD_yqjC_predicted,10.4,55,4,TGTCTAACACATGATGCAGA,51,5171485
yqjE_yqjK_yqjD_yqjC_predicted,6.6,36,4,TGTCCTACTCTGCTAAGCAT,32,5257454
yqjE_yqjK_yqjD_yqjC_predicted,4.4,25,4,TGTCCACCTGAGTCGTATGT,21,5201633
yqjE_yqjK_yqjD_yqjC_predicted,10.0,53,4,TGTCATCTCTAGGTACCCAC,49,5181752
yqjE_yqjK_yqjD_yqjC_predicted,5.0,28,4,TGTATTCCCCGGCAGGGCAT,24,5204113
yqjE_yqjK_yqjD_yqjC_predicted,6.6,36,4,TGTACTCGATTCGGATGTGG,32,5226230
yqjE_yqjK_yqjD_yqjC_predicted,3.4,20,4,TGGTTCATATAAAAGGCGTC,16,5247532
yqjE_yqjK_yqjD_yqjC_predicted,16.4,85,4,TGGTTATCAAGGAGGGTAGC,81,5237153
yqjE_yqjK_yqjD_yqjC_predicted,3.4,20,4,TGGTGTTCTGCACGTATTAG,16,5209351
yqjE_yqjK_yqjD_yqjC_predicted,17.4,90,4,TGGTCAGCCTCTGTGCGGTT,86,5230760
yqjE_yqjK_yqjD_yqjC_predicted,2.4,15,4,TGGGCTTTGTATTTGGTCGC,11,5261121
yqjE_yqjK_yqjD_yqjC_predicted,5.0,28,4,TGGCTGGTTCGGGTCTCTGT,24,5237287
yqjE_yqjK_yqjD_yqjC_predicted,9.4,50,4,TGGCTGGTTAGAGCGCGTAT,46,5204253
yqjE_yqjK_yqjD_yqjC_predicted,9.4,50,4,TGGCGTCTCTTTTTGTTTCG,46,5243420
yqjE_yqjK_yqjD_yqjC_predicted,7.0,38,4,TGGCCTTGGATTGCGACATA,34,5176393
yqjE_yqjK_yqjD_yqjC_predicted,6.4,35,4,TGGATGACACGTGATTTCGC,31,5187656
yqjE_yqjK_yqjD_yqjC_predicted,2.0,13,4,TGGATCGACATCTAAGAGGC,9,5218176
yqjE_yqjK_yqjD_yqjC_predicted,10.6,56,4,TGGACAAATGCTTCTCGGCG,52,5197855
yqjE_yqjK_yqjD_yqjC_predicted,3.8,22,4,TGCTTTGGTCTAGCTGTAGA,18,5185988
yqjE_yqjK_yqjD_yqjC_predicted,4.6,26,4,TGCTGTACTGCCCTGACGTT,22,5223961
yqjE_yqjK_yqjD_yqjC_predicted,1.8,12,4,TGCTCGGGGATTAACGTGAG,8,5212013
yqjE_yqjK_yqjD_yqjC_predicted,2.0,13,4,TGCTCGCAGGAAGTTAGGGC,9,5180116
yqjE_yqjK_yqjD_yqjC_predicted,8.8,47,4,TGCGTTGTTGAGACTGGAAC,43,5186017
yqjE_yqjK_yqjD_yqjC_predicted,2.2,14,4,TGCGTTAAGACTGGAGTTTT,10,5216861
yqjE_yqjK_yqjD_yqjC_predicted,0.4,5,4,TGCGGTTGGTTGGTTCAGGC,1,5176963
yqjE_yqjK_yqjD_yqjC_predicted,4.4,25,4,TGCGCGGGAAGCTGTTCAAT,21,5180969
yqjE_yqjK_yqjD_yqjC_predicted,11.8,62,4,TGCGAAGCACAGTGTCGAAC,58,5254599
yqjE_yqjK_yqjD_yqjC_predicted,2.8,17,4,TGCAGTGGCGCAAGAAGATT,13,5204677
yqjE_yqjK_yqjD_yqjC_predicted,2.8,17,4,TGCAGCATTATACAGTGCGT,13,5214736
yqjE_yqjK_yqjD_yqjC_predicted,5.2,29,4,TGCAAACTCGCCAGCGGTCA,25,5237336
yqjE_yqjK_yqjD_yqjC_predicted,1.6,11,4,TGATGTTGAACGACGCCTTC,7,5219797
yqjE_yqjK_yqjD_yqjC_predicted,7.0,38,4,TGAGTTAAATTTGTGTTTAA,34,5185387
yqjE_yqjK_yqjD_yqjC_predicted,1.4,10,4,TGAGTGGACTTCAGCGTGCG,6,5202314
yqjE_yqjK_yqjD_yqjC_predicted,2.6,16,4,TGAGGTCTACGCACGGACGG,12,5217908
yqjE_yqjK_yqjD_yqjC_predicted,1.6,11,4,TGAGACAGTTTTTGGGAGAA,7,5212305
yqjE_yqjK_yqjD_yqjC_predicted,4.4,25,4,TGACTTGCGATTAAGTCCGC,21,5194134
yqjE_yqjK_yqjD_yqjC_predicted,19.0,98,4,TGAACCAGATATTGCGGTGT,94,5205018
yqjE_yqjK_yqjD_yqjC_predicted,4.4,25,4,TGAACAAAACGATGATTTTG,21,5233054
yqjE_yqjK_yqjD_yqjC_predicted,3.6,21,4,TGAAAGTTACTATACGCAGC,17,5233351
yqjE_yqjK_yqjD_yqjC_predicted,3.0,18,4,TGAAACTGGGGACTCTACTG,14,5179416
yqjE_yqjK_yqjD_yqjC_predicted,0.4,5,4,TGAAACCAAGGCGCGGACCC,1,5256601
yqjE_yqjK_yqjD_yqjC_predicted,1.2,9,4,TGAAAAGGGATCTCGTGCCA,5,5179848
yqjE_yqjK_yqjD_yqjC_predicted,21.4,110,4,TCTTTATGTATGGCCTTGCA,106,5256902
yqjE_yqjK_yqjD_yqjC_predicted,6.4,35,4,TCTTTAAACGCATCTGACGG,31,5173220
yqjE_yqjK_yqjD_yqjC_predicted,4.2,24,4,TCTTGCAGGCGATACCGATA,20,5231132
yqjE_yqjK_yqjD_yqjC_predicted,5.0,28,4,TCTTATTACCGTAACTCTGA,24,5254409
yqjE_yqjK_yqjD_yqjC_predicted,16.0,83,4,TCTGCTAAACGTTACGCGGG,79,5191532
yqjE_yqjK_yqjD_yqjC_predicted,1.6,11,4,TCTGACCGCGTCGGCCGAGC,7,5260885
yqjE_yqjK_yqjD_yqjC_predicted,11.6,61,4,TCTCTGAGCCACTGGGGGAC,57,5247402
yqjE_yqjK_yqjD_yqjC_predicted,0.8,7,4,TCTCTAACGGTAACTCTCTT,3,5259265
yqjE_yqjK_yqjD_yqjC_predicted,5.6,31,4,TCTCCTTCAGTAAGTCCGAT,27,5229836
yqjE_yqjK_yqjD_yqjC_predicted,31.8,162,4,TCTCCCAGCGAGATGTCTTT,158,5189697
yqjE_yqjK_yqjD_yqjC_predicted,5.4,30,4,TCTCATGGCCGTGTGCGTAC,26,5198140
yqjE_yqjK_yqjD_yqjC_predicted,4.0,23,4,TCTCAGTTTAGATATAGTAG,19,5215794
yqjE_yqjK_yqjD_yqjC_predicted,4.8,27,4,TCTCAGATTTGTCTGTTCCT,23,5191079
yqjE_yqjK_yqjD_yqjC_predicted,8.2,44,4,TCTACCTGTGGCAAATAGAG,40,5189985
yqjE_yqjK_yqjD_yqjC_predicted,6.4,35,4,TCTACCCGTTAAAACCGTTA,31,5185719
yqjE_yqjK_yqjD_yqjC_predicted,0.4,5,4,TCGTGTGCGCCATAGAGCTT,1,5178766
yqjE_yqjK_yqjD_yqjC_predicted,1.8,12,4,TCGTAATCCAGGCCGTGTGA,8,5174011
yqjE_yqjK_yqjD_yqjC_predicted,4.0,23,4,TCGGTCAGTTGGGGGACAAC,19,5187202
yqjE_yqjK_yqjD_yqjC_predicted,10.6,56,4,TCGGTATAGTCCACAGAGAC,52,5236052
yqjE_yqjK_yqjD_yqjC_predicted,4.6,26,4,TCGGGTCCGCCTAGTACTGA,22,5189071
yqjE_yqjK_yqjD_yqjC_predicted,6.0,33,4,TCGCTTCGAGGTAAAAATCT,29,5237886
yqjE_yqjK_yqjD_yqjC_predicted,2.6,16,4,TCGCGGGAAAGCGGGTCAGT,12,5182173
yqjE_yqjK_yqjD_yqjC_predicted,7.6,41,4,TCGCCTATTTTTGGAACTTG,37,5212667
yqjE_yqjK_yqjD_yqjC_predicted,1.8,12,4,TCGCCATAGAAGTAAATCCC,8,5206715
yqjE_yqjK_yqjD_yqjC_predicted,0.4,5,4,TCGATCGAGCCCACATCGAC,1,5225402
yqjE_yqjK_yqjD_yqjC_predicted,6.0,33,4,TCGAGGTGTCGTTAGACTAG,29,5220756
yqjE_yqjK_yqjD_yqjC_predicted,5.6,31,4,TCGAGCGGTTAGGAGGTGGC,27,5198419
yqjE_yqjK_yqjD_yqjC_predicted,6.8,37,4,TCGAATTTTCAATTAATCGT,33,5192830
yqjE_yqjK_yqjD_yqjC_predicted,4.2,24,4,TCCTTCTCGGATGACGATGC,20,5246423
yqjE_yqjK_yqjD_yqjC_predicted,1.2,9,4,TCCTGGGCCGGGTGATTCGC,5,5213150
yqjE_yqjK_yqjD_yqjC_predicted,0.4,5,4,TCCTGACTGAGTTAACATGA,1,5212537
yqjE_yqjK_yqjD_yqjC_predicted,1.2,9,4,TCCTAGCGCCTGTATGAATA,5,5235888
yqjE_yqjK_yqjD_yqjC_predicted,9.4,50,4,TCCGGGTTTCAACTTGACGA,46,5212347
yqjE_yqjK_yqjD_yqjC_predicted,0.4,5,4,TCCGGGGGCGCCACGCTGGG,1,5250656
yqjE_yqjK_yqjD_yqjC_predicted,9.8,52,4,TCCGCCACGACCAACAGCGT,48,5238202
yqjE_yqjK_yqjD_yqjC_predicted,5.0,28,4,TCCGCAAGGCATTTCCCATA,24,5192903
yqjE_yqjK_yqjD_yqjC_predicted,4.2,24,4,TCCCTTTTTTTCGTAAGGTG,20,5177581
yqjE_yqjK_yqjD_yqjC_predicted,21.0,108,4,TCCCTAGAGCAAGGGCCAGA,104,5190866
yqjE_yqjK_yqjD_yqjC_predicted,6.6,36,4,TCCCGTGTAAAAGGCGCCCT,32,5177082
yqjE_yqjK_yqjD_yqjC_predicted,6.6,36,4,TCCCCCGCACTCTGTAGAGC,32,5231628
yqjE_yqjK_yqjD_yqjC_predicted,1.4,10,4,TCCCCAATTGAAGCCTCAGA,6,5220424
yqjE_yqjK_yqjD_yqjC_predicted,4.0,23,4,TCCCATAGGCACTTACGCAT,19,5204960
yqjE_yqjK_yqjD_yqjC_predicted,4.4,25,4,TCCCAGGAATTGCTTGGTCT,21,5233985
yqjE_yqjK_yqjD_yqjC_predicted,6.2,34,4,TCCAGGGGGTCATCTTTGGT,30,5202559
yqjE_yqjK_yqjD_yqjC_predicted,12.2,64,4,TCAGTACGTAAGCTCAACAA,60,5251855
yqjE_yqjK_yqjD_yqjC_predicted,0.8,7,4,TCAGATCAGTGGTTTAGTCT,3,5233763
yqjE_yqjK_yqjD_yqjC_predicted,7.8,42,4,TCAGACTTGGGTAGAATCAG,38,5218501
yqjE_yqjK_yqjD_yqjC_predicted,3.6,21,4,TCAGAACTCTGAGGAGAGCA,17,5184702
yqjE_yqjK_yqjD_yqjC_predicted,1.6,11,4,TCAGAAACTCGGCTTGCTGT,7,5257803
yqjE_yqjK_yqjD_yqjC_predicted,2.0,13,4,TCACTTACACGGAATGGTGA,9,5225322
yqjE_yqjK_yqjD_yqjC_predicted,3.8,22,4,TCACGACATGATTCATCCTA,18,5243818
yqjE_yqjK_yqjD_yqjC_predicted,0.6,6,4,TCACCTGCTGTATGGAGGCT,2,5259099
yqjE_yqjK_yqjD_yqjC_predicted,7.6,41,4,TCACCTAAGGGGGTGTGGTA,37,5176378
yqjE_yqjK_yqjD_yqjC_predicted,4.8,27,4,TCACCAATGCTATCCTGGGC,23,5239862
yqjE_yqjK_yqjD_yqjC_predicted,12.6,66,4,TCACATTCTGAGAGTATTCA,62,5226547
yqjE_yqjK_yqjD_yqjC_predicted,5.6,31,4,TCAATCGAATCACTAGAAGC,27,5262823
yqjE_yqjK_yqjD_yqjC_predicted,17.6,91,4,TCAATATCCCTTACTTGTGT,87,5254325
yqjE_yqjK_yqjD_yqjC_predicted,0.4,5,4,TCAAACTGAGACTGGACACC,1,5182692
yqjE_yqjK_yqjD_yqjC_predicted,6.2,34,4,TCAAACACTTAGAGCTCGCA,30,5184892
yqjE_yqjK_yqjD_yqjC_predicted,8.2,44,4,TATTGGTAGCAATCAACCCA,40,5175492
yqjE_yqjK_yqjD_yqjC_predicted,1.6,11,4,TATTAGATCGGGCCACGGGT,7,5204030
yqjE_yqjK_yqjD_yqjC_predicted,2.2,14,4,TATTACTATACTACATCGAT,10,5220344
yqjE_yqjK_yqjD_yqjC_predicted,2.2,14,4,TATGGTTCTCCATTCTCCAA,10,5183998
yqjE_yqjK_yqjD_yqjC_predicted,4.8,27,4,TATGGGAGATTTCTTGATAC,23,5197661
yqjE_yqjK_yqjD_yqjC_predicted,5.6,31,4,TATGGATTCGACGCCGCTTT,27,5231914
yqjE_yqjK_yqjD_yqjC_predicted,1.0,8,4,TATGGAACCTGTCTGTAAGC,4,5237667
yqjE_yqjK_yqjD_yqjC_predicted,6.8,37,4,TATGCTTGAACGATCGGAAG,33,5205554
yqjE_yqjK_yqjD_yqjC_predicted,24.8,127,4,TATGACCTTTTCATCCTCGA,123,5241534
yqjE_yqjK_yqjD_yqjC_predicted,1.8,12,4,TATCCTTACGGGACGGACTA,8,5259031
yqjE_yqjK_yqjD_yqjC_predicted,8.0,43,4,TATCCCTGGGGGGAACCGTG,39,5191735
yqjE_yqjK_yqjD_yqjC_predicted,2.8,17,4,TATCAGTTTAGCATTAAGTG,13,5224099
yqjE_yqjK_yqjD_yqjC_predicted,3.6,21,4,TATAGTGCGGAGACATCGGG,17,5219156
yqjE_yqjK_yqjD_yqjC_predicted,23.0,118,4,TAGTGACGTTACGTCCCGCA,114,5247226
yqjE_yqjK_yqjD_yqjC_predicted,5.6,31,4,TAGGGGTATATTCTGGGGTT,27,5204876
yqjE_yqjK_yqjD_yqjC_predicted,11.2,59,4,TAGGGGATGAGCAGACAGGT,55,5179783
yqjE_yqjK_yqjD_yqjC_predicted,5.2,29,4,TAGGGCCACCCAACTGGTAC,25,5246510
yqjE_yqjK_yqjD_yqjC_predicted,8.4,45,4,TAGGGAGTTAAACTGAGGAT,41,5243198
yqjE_yqjK_yqjD_yqjC_predicted,0.8,7,4,TAGGCTGCCGATTCTTAGTC,3,5218390
yqjE_yqjK_yqjD_yqjC_predicted,10.2,54,4,TAGCTATATTGGATTTTCGA,50,5232913
yqjE_yqjK_yqjD_yqjC_predicted,5.8,32,4,TAGCGCGCTCAGTACGTCCT,28,5218410
yqjE_yqjK_yqjD_yqjC_predicted,0.4,5,4,TAGCCTGATCTGAGGATTAG,1,5251802
yqjE_yqjK_yqjD_yqjC_predicted,45.0,228,4,TAGCATGTGGCGGTCACTGA,224,5181948
yqjE_yqjK_yqjD_yqjC_predicted,4.6,26,4,TAGCATGGGAGGCACTACTG,22,5180052
yqjE_yqjK_yqjD_yqjC_predicted,8.0,43,4,TAGAGGGGCAGGAGTGAGTA,39,5247852
yqjE_yqjK_yqjD_yqjC_predicted,3.4,20,4,TAGAATCGCAATCTGTTGAC,16,5219752
yqjE_yqjK_yqjD_yqjC_predicted,1.2,9,4,TAGAATCAATTTCCAGGAGT,5,5205898
yqjE_yqjK_yqjD_yqjC_predicted,26.4,135,4,TAGAAGGAAGCGATTGCTAT,131,5182649
yqjE_yqjK_yqjD_yqjC_predicted,14.0,73,4,TACTGTTTGCTCCCCCGCTT,69,5256523
yqjE_yqjK_yqjD_yqjC_predicted,2.2,14,4,TACTGTCCAGAAGGCAAGTC,10,5235583
yqjE_yqjK_yqjD_yqjC_predicted,4.8,27,4,TACTGCGCTCGCCGGCCAGA,23,5175800
yqjE_yqjK_yqjD_yqjC_predicted,9.6,51,4,TACTCTGTATCATAGGTCAT,47,5236256
yqjE_yqjK_yqjD_yqjC_predicted,1.0,8,4,TACGTGTGCTGGTCATCACT,4,5213418
yqjE_yqjK_yqjD_yqjC_predicted,13.4,70,4,TACGCTGCAGTCTGCCAGCT,66,5186692
yqjE_yqjK_yqjD_yqjC_predicted,1.2,9,4,TACATCGGTGGGTCCTGGTA,5,5250028
yqjE_yqjK_yqjD_yqjC_predicted,7.6,41,4,TACAGGTCTCAATTTGATAT,37,5194664
yqjE_yqjK_yqjD_yqjC_predicted,4.0,23,4,TACAGCCTGAGGTGGCAGAA,19,5235141
yqjE_yqjK_yqjD_yqjC_predicted,2.0,13,4,TAATTTAGTCGGGGAGTTAG,9,5249224
yqjE_yqjK_yqjD_yqjC_predicted,10.4,55,4,TAATAGCTTTTTTTTAGATT,51,5226442
yqjE_yqjK_yqjD_yqjC_predicted,24.0,123,4,TAATACGAAGCATGTATACC,119,5174815
yqjE_yqjK_yqjD_yqjC_predicted,3.8,22,4,TAAGTGCCGCTGAAGTTGCA,18,5200790
yqjE_yqjK_yqjD_yqjC_predicted,6.8,37,4,TAACTCCATGCACCTTTGGG,33,5180716
yqjE_yqjK_yqjD_yqjC_predicted,20.0,103,4,TAACGGCAAGATCAGGTTCT,99,5218227
yqjE_yqjK_yqjD_yqjC_predicted,2.8,17,4,TAACCGGCACCGGTTAGCTA,13,5227133
yqjE_yqjK_yqjD_yqjC_predicted,0.4,5,4,TAACACACTTACACAACGAT,1,5245668
yqjE_yqjK_yqjD_yqjC_predicted,2.4,15,4,TAAATACAAGAATCCGTCAG,11,5252271
yqjE_yqjK_yqjD_yqjC_predicted,4.4,25,4,TAAAGCCGCGAAATTGCATT,21,5241432
yqjE_yqjK_yqjD_yqjC_predicted,5.6,31,4,TAAAAACAAGACGGACACAA,27,5185744
yqjE_yqjK_yqjD_yqjC_predicted,3.8,22,4,GTTTTCCGACCGAGCCCTAA,18,5233315
yqjE_yqjK_yqjD_yqjC_predicted,0.4,5,4,GTTGTTCAAAGTAGATGTCG,1,5170973
yqjE_yqjK_yqjD_yqjC_predicted,2.2,14,4,GTTGTGCTCTATTTGATATG,10,5257629
yqjE_yqjK_yqjD_yqjC_predicted,2.4,15,4,GTTGCGGGATGAGTTTGTCC,11,5218759
yqjE_yqjK_yqjD_yqjC_predicted,3.8,22,4,GTTAATGGCCCGCTCATAGT,18,5175450
yqjE_yqjK_yqjD_yqjC_predicted,3.4,20,4,GTTAATGCCGGCCCTTTCAT,16,5205398
yqjE_yqjK_yqjD_yqjC_predicted,1.4,10,4,GTTAACATGGCAATTACGTA,6,5197031
yqjE_yqjK_yqjD_yqjC_predicted,2.0,13,4,GTGTTTAACCCCACCTTAAG,9,5177948
yqjE_yqjK_yqjD_yqjC_predicted,1.2,9,4,GTGTTCGTACGTGTTTAGCA,5,5255289
yqjE_yqjK_yqjD_yqjC_predicted,5.8,32,4,GTGTTACAGTCAACGCCAAC,28,5177649
yqjE_yqjK_yqjD_yqjC_predicted,3.8,22,4,GTGGCATTGACGGCCACGAG,18,5250019
yqjE_yqjK_yqjD_yqjC_predicted,2.6,16,4,GTGCTGACAGCAACGACCTG,12,5260679
yqjE_yqjK_yqjD_yqjC_predicted,2.6,16,4,GTGATTTGATGCGACTTTCT,12,5213311
yqjE_yqjK_yqjD_yqjC_predicted,4.6,26,4,GTGAGGGTGGCGGACGCGGT,22,5187258
yqjE_yqjK_yqjD_yqjC_predicted,5.8,32,4,GTGAGCCGGTCAACCCATCA,28,5173641
yqjE_yqjK_yqjD_yqjC_predicted,4.2,24,4,GTCTTCTGTTCGATTGCAGT,20,5236910
yqjE_yqjK_yqjD_yqjC_predicted,1.2,9,4,GTCTCGATTTAATTTGATTT,5,5242699
yqjE_yqjK_yqjD_yqjC_predicted,15.2,79,4,GTCTCGAAGCTCCTCCGTGC,75,5178947
yqjE_yqjK_yqjD_yqjC_predicted,4.2,24,4,GTCTAGGGTTCACCGAAGAG,20,5175429
yqjE_yqjK_yqjD_yqjC_predicted,5.0,28,4,GTCTAACCAGGAGGGAACAA,24,5177655
yqjE_yqjK_yqjD_yqjC_predicted,10.2,54,4,GTCGGAAAAACGAGTTATTT,50,5218215
yqjE_yqjK_yqjD_yqjC_predicted,1.0,8,4,GTCGCTTCGAGCTGGCGTGT,4,5194702
yqjE_yqjK_yqjD_yqjC_predicted,1.4,10,4,GTCGAACACGCGAGCTTGTG,6,5210186
yqjE_yqjK_yqjD_yqjC_predicted,26.2,134,4,GTCCTACATTAGCGGAACTT,130,5231598
yqjE_yqjK_yqjD_yqjC_predicted,8.4,45,4,GTCCGGAAGGTGGCGTCGTC,41,5218776
yqjE_yqjK_yqjD_yqjC_predicted,9.8,52,4,GTCCGAGTAGGGGTACTGGA,48,5221111
yqjE_yqjK_yqjD_yqjC_predicted,5.8,32,4,GTCAAACCTTGAAGGTTCGC,28,5233701
yqjE_yqjK_yqjD_yqjC_predicted,13.6,71,4,GTATTTGGCACCTTCAAATT,67,5189481
yqjE_yqjK_yqjD_yqjC_predicted,2.4,15,4,GTATTAGGTAGGTATGGGTG,11,5172907
yqjE_yqjK_yqjD_yqjC_predicted,0.4,5,4,GTATCTGTTGCCGCCATTCG,1,5196042
yqjE_yqjK_yqjD_yqjC_predicted,0.6,6,4,GTACAGGAGGCGACTCGGTC,2,5182332
yqjE_yqjK_yqjD_yqjC_predicted,2.8,17,4,GGTTGGCAAAGCCTTTACGA,13,5199346
yqjE_yqjK_yqjD_yqjC_predicted,1.4,10,4,GGTTCGGACTGAAACAAAAT,6,5206193
yqjE_yqjK_yqjD_yqjC_predicted,1.2,9,4,GGTTATAGCCCTCGATATTA,5,5174329
yqjE_yqjK_yqjD_yqjC_predicted,4.4,25,4,GGTTACAAGAGCTCCGGACA,21,5224648
yqjE_yqjK_yqjD_yqjC_predicted,2.0,13,4,GGTTAAAAAACGAATCGACT,9,5244347
yqjE_yqjK_yqjD_yqjC_predicted,0.4,5,4,GGTGTCTGCGTTGTGTGGCA,1,5189988
yqjE_yqjK_yqjD_yqjC_predicted,3.2,19,4,GGTGCACCTCCTTATATCGC,15,5189000
yqjE_yqjK_yqjD_yqjC_predicted,10.6,56,4,GGTCGTTGATCACCCCCATC,52,5208688
yqjE_yqjK_yqjD_yqjC_predicted,4.8,27,4,GGTCGATAAAATTCCAGTGG,23,5213064
yqjE_yqjK_yqjD_yqjC_predicted,4.2,24,4,GGTCCCGTGCCTTAGAACGT,20,5182309
yqjE_yqjK_yqjD_yqjC_predicted,0.4,5,4,GGTATCAAATTCGTCCGGAG,1,5231770
yqjE_yqjK_yqjD_yqjC_predicted,5.2,29,4,GGTAGACTCGGTCTTTAGAC,25,5251792
yqjE_yqjK_yqjD_yqjC_predicted,7.0,38,4,GGTACTTTGACAGAGCTCAT,34,5247853
yqjE_yqjK_yqjD_yqjC_predicted,26.2,134,4,GGGTTCGAACTGTTCGGGAC,130,5186148
yqjE_yqjK_yqjD_yqjC_predicted,7.8,42,4,GGGTGCTCCTCCCGTACGGT,38,5191833
yqjE_yqjK_yqjD_yqjC_predicted,2.0,13,4,GGGTCGCTGTGGTGACAAAA,9,5262549
yqjE_yqjK_yqjD_yqjC_predicted,12.6,66,4,GGGTCAATTGATATCGCACG,62,5253300
yqjE_yqjK_yqjD_yqjC_predicted,2.2,14,4,GGGGTCGCTATTACAGCTAA,10,5236000
yqjE_yqjK_yqjD_yqjC_predicted,32.4,165,4,GGGGTCGAGATGTCTGTATC,161,5253287
yqjE_yqjK_yqjD_yqjC_predicted,8.0,43,4,GGGGCACACGGCTATCACTA,39,5226204
yqjE_yqjK_yqjD_yqjC_predicted,18.4,95,4,GGGGATTCTACTGGCCTGTA,91,5174802
yqjE_yqjK_yqjD_yqjC_predicted,4.0,23,4,GGGGATCGTAGGGGGATCTA,19,5189225
yqjE_yqjK_yqjD_yqjC_predicted,3.6,21,4,GGGCTGGTGCTTATGGTTTA,17,5182262
yqjE_yqjK_yqjD_yqjC_predicted,5.2,29,4,GGGAGTATTGGCATCATTCG,25,5232906
yqjE_yqjK_yqjD_yqjC_predicted,3.0,18,4,GGGAGACCCGGTTACCGAGT,14,5248762
yqjE_yqjK_yqjD_yqjC_predicted,5.6,31,4,GGCTGCTCCCGTAATCCGTT,27,5191512
yqjE_yqjK_yqjD_yqjC_predicted,13.2,69,4,GGCTCTGAGCTACGGCATAT,65,5186649
yqjE_yqjK_yqjD_yqjC_predicted,15.2,79,4,GGCTCGGGGTTCATGGGTTA,75,5237615
yqjE_yqjK_yqjD_yqjC_predicted,11.4,60,4,GGCTCCGTACCAAGTTGCCA,56,5195344
yqjE_yqjK_yqjD_yqjC_predicted,20.2,104,4,GGCTCATGAGCCTCCGAGCA,100,5200333
yqjE_yqjK_yqjD_yqjC_predicted,12.4,65,4,GGCTAGCTATCTGTCAGACT,61,5211977
yqjE_yqjK_yqjD_yqjC_predicted,7.6,41,4,GGCGTTAAGTCCGCCAGTTT,37,5214177
yqjE_yqjK_yqjD_yqjC_predicted,20.6,106,4,GGCGCTCAGTTGGGTACTCC,102,5243282
yqjE_yqjK_yqjD_yqjC_predicted,4.4,25,4,GGCGCGACACATGAATGTAC,21,5176987
yqjE_yqjK_yqjD_yqjC_predicted,3.4,20,4,GGCCTGTCGCCACCTATGGG,16,5178764
yqjE_yqjK_yqjD_yqjC_predicted,5.0,28,4,GGCCCATCGCAAAAACCCGG,24,5260723
yqjE_yqjK_yqjD_yqjC_predicted,11.6,61,4,GGCCATTTTTGCGCTAGACG,57,5221281
yqjE_yqjK_yqjD_yqjC_predicted,13.2,69,4,GGCAGTCGTGGAGTGGACAC,65,5233455
yqjE_yqjK_yqjD_yqjC_predicted,4.4,25,4,GGCAGCCCTCAAAGATTTAA,21,5220432
yqjE_yqjK_yqjD_yqjC_predicted,4.2,24,4,GGCACGGTTATGGGCTCGAT,20,5182527
yqjE_yqjK_yqjD_yqjC_predicted,14.4,75,4,GGCACCGCGCAAACGTCAGC,71,5191335
yqjE_yqjK_yqjD_yqjC_predicted,4.0,23,4,GGATATGGCGCGGCCCCGCG,19,5186996
yqjE_yqjK_yqjD_yqjC_predicted,25.6,131,4,GGATAGTGTGCTATATGCCA,127,5205032
yqjE_yqjK_yqjD_yqjC_predicted,5.0,28,4,GGACTTCAGGTTGGGCCAAA,24,5221497
yqjE_yqjK_yqjD_yqjC_predicted,10.6,56,4,GGAATCTAACACAGCGCAAA,52,5232472
yqjE_yqjK_yqjD_yqjC_predicted,4.4,25,4,GGAAGCACCCCTCTGTGAAC,21,5227268
yqjE_yqjK_yqjD_yqjC_predicted,1.4,10,4,GCTTACTTCGCAAGCCCCAA,6,5177162
yqjE_yqjK_yqjD_yqjC_predicted,10.6,56,4,GCTTAAAGGCTTGGGCCGTG,52,5208141
yqjE_yqjK_yqjD_yqjC_predicted,4.4,25,4,GCTGGGATGTTATTAATCTA,21,5217373
yqjE_yqjK_yqjD_yqjC_predicted,2.6,16,4,GCTGGAGCGTAAACAGGATG,12,5204441
yqjE_yqjK_yqjD_yqjC_predicted,3.8,22,4,GCTGATAGTTCAGAGTGTGA,18,5257756
yqjE_yqjK_yqjD_yqjC_predicted,2.2,14,4,GCTGACAATCTTATGAGAGA,10,5241297
yqjE_yqjK_yqjD_yqjC_predicted,1.8,12,4,GCTCTTTAAACCGAGCCGAT,8,5235496
yqjE_yqjK_yqjD_yqjC_predicted,2.6,16,4,GCTCTGCAACTGTCAGTATT,12,5258127
yqjE_yqjK_yqjD_yqjC_predicted,102.4,515,4,GCTATTGCGGGAGTGGGCCG,511,5221260
yqjE_yqjK_yqjD_yqjC_predicted,0.4,5,4,GCTACGTCAAGGGCGGACGA,1,5192624
yqjE_yqjK_yqjD_yqjC_predicted,11.0,58,4,GCTACAATACCGGTCATTTG,54,5247232
yqjE_yqjK_yqjD_yqjC_predicted,1.4,10,4,GCTAACTTGGTTCTGTTCGG,6,5188833
yqjE_yqjK_yqjD_yqjC_predicted,6.6,36,4,GCGTTGGGGACGAACTGTAC,32,5179357
yqjE_yqjK_yqjD_yqjC_predicted,0.8,7,4,GCGTTCGTCTAAAGGGACGA,3,5201787
yqjE_yqjK_yqjD_yqjC_predicted,0.4,5,4,GCGTCTAGGCTACATTGGAT,1,5189996
yqjE_yqjK_yqjD_yqjC_predicted,11.2,59,4,GCGTACGAGGAGGAGTTAGT,55,5238418
yqjE_yqjK_yqjD_yqjC_predicted,7.0,38,4,GCGTAATGAAGACCAGTCTT,34,5187884
yqjE_yqjK_yqjD_yqjC_predicted,0.8,7,4,GCGGGAGTACGTCGATCTGG,3,5256742
yqjE_yqjK_yqjD_yqjC_predicted,1.0,8,4,GCGGGAGGGAGTTCCATCGC,4,5238253
yqjE_yqjK_yqjD_yqjC_predicted,6.6,36,4,GCGCGCAATGGACTAAGAAG,32,5224798
yqjE_yqjK_yqjD_yqjC_predicted,1.2,9,4,GCGAGTTGGGGAGACGTTCA,5,5171345
yqjE_yqjK_yqjD_yqjC_predicted,2.6,16,4,GCGAGAAACATAGGAACGTC,12,5255380
yqjE_yqjK_yqjD_yqjC_predicted,2.8,17,4,GCGAACGGCTCTTCTCAATG,13,5186708
yqjE_yqjK_yqjD_yqjC_predicted,3.6,21,4,GCCTGTCTCGTCTAGAAGCA,17,5206790
yqjE_yqjK_yqjD_yqjC_predicted,3.8,22,4,GCCGCGTATATCAGCCTGAC,18,5221777
yqjE_yqjK_yqjD_yqjC_predicted,2.2,14,4,GCCGCGTAAGAATTACGATT,10,5172432
yqjE_yqjK_yqjD_yqjC_predicted,5.0,28,4,GCCGACATATACCTTTCACT,24,5178715
yqjE_yqjK_yqjD_yqjC_predicted,0.8,7,4,GCCCTGAGTCGCGCCCCCCG,3,5211298
yqjE_yqjK_yqjD_yqjC_predicted,23.8,122,4,GCCAGGGTTTCTCAAGCGGT,118,5254446
yqjE_yqjK_yqjD_yqjC_predicted,31.2,159,4,GCCAATCCGGCCACGCACCA,155,5174809
yqjE_yqjK_yqjD_yqjC_predicted,0.8,7,4,GCATTTAGGGACGGGGTGTG,3,5248522
yqjE_yqjK_yqjD_yqjC_predicted,22.4,115,4,GCATGGGATGCTCCTTGTGA,111,5232613
yqjE_yqjK_yqjD_yqjC_predicted,17.8,92,4,GCATGCCCCAACGAGGTGCA,88,5177838
yqjE_yqjK_yqjD_yqjC_predicted,3.6,21,4,GCATATGGACGGGTGTTCGT,17,5207343
yqjE_yqjK_yqjD_yqjC_predicted,1.4,10,4,GCATACCACTGGGATTTTAT,6,5261135
yqjE_yqjK_yqjD_yqjC_predicted,3.2,19,4,GCACTGAGTTCTATCACCCA,15,5242164
yqjE_yqjK_yqjD_yqjC_predicted,4.4,25,4,GCACCCGAAGGGTAGTCAAG,21,5255723
yqjE_yqjK_yqjD_yqjC_predicted,1.6,11,4,GCAAGTGTAGCCTTAGACGG,7,5176818
yqjE_yqjK_yqjD_yqjC_predicted,5.6,31,4,GCAAGAGGTGTACAGCGATT,27,5211159
yqjE_yqjK_yqjD_yqjC_predicted,0.6,6,4,GCAACCTTAAGGGGTCCTAT,2,5221219
yqjE_yqjK_yqjD_yqjC_predicted,9.2,49,4,GCAACCTGAAGCGAACTCTG,45,5226497
yqjE_yqjK_yqjD_yqjC_predicted,8.4,45,4,GATTCTCTGTCCACATAGCG,41,5251864
yqjE_yqjK_yqjD_yqjC_predicted,12.8,67,4,GATTACTCTCTTGAGCATCT,63,5177848
yqjE_yqjK_yqjD_yqjC_predicted,2.4,15,4,GATTACCCAGATAGCGACAT,11,5183517
yqjE_yqjK_yqjD_yqjC_predicted,7.2,39,4,GATGTGGCGTGATTCACGCT,35,5216494
yqjE_yqjK_yqjD_yqjC_predicted,8.8,47,4,GATCGGTCAAGGTATGACTC,43,5207464
yqjE_yqjK_yqjD_yqjC_predicted,4.0,23,4,GATCGAGCCTACAGGCTGGA,19,5228622
yqjE_yqjK_yqjD_yqjC_predicted,3.0,18,4,GATACGTACAGTTATATCAG,14,5240365
yqjE_yqjK_yqjD_yqjC_predicted,5.8,32,4,GAGTCCCCGTCATCCTGAGG,28,5194676
yqjE_yqjK_yqjD_yqjC_predicted,3.6,21,4,GAGTATTGCAGGTCTCGACG,17,5190338
yqjE_yqjK_yqjD_yqjC_predicted,3.6,21,4,GAGGGCTGACCGGAATACAG,17,5243651
yqjE_yqjK_yqjD_yqjC_predicted,3.0,18,4,GAGGGCAAGCCCAGGATTAG,14,5223167
yqjE_yqjK_yqjD_yqjC_predicted,5.4,30,4,GAGGCTCCAGGGAAGAGCCT,26,5221329
yqjE_yqjK_yqjD_yqjC_predicted,39.8,202,4,GAGGACTTCGGTGCGGGCTT,198,5253290
yqjE_yqjK_yqjD_yqjC_predicted,30.4,155,4,GAGCGAAAGGTGGAGTATTC,151,5208712
yqjE_yqjK_yqjD_yqjC_predicted,21.6,111,4,GAGATGTAGATCTGAATGAG,107,5189974
yqjE_yqjK_yqjD_yqjC_predicted,8.2,44,4,GACTGGACAAAACGGTATGA,40,5177526
yqjE_yqjK_yqjD_yqjC_predicted,9.6,51,4,GACTCCCATGGGTGTCTTCC,47,5247210
yqjE_yqjK_yqjD_yqjC_predicted,4.4,25,4,GACGTCCCCGTGGTACTACT,21,5238901
yqjE_yqjK_yqjD_yqjC_predicted,11.6,61,4,GACGTATCAGTTGATGGAAA,57,5247720
yqjE_yqjK_yqjD_yqjC_predicted,1.2,9,4,GACGGAGTAGGTATCCGCGA,5,5216242
yqjE_yqjK_yqjD_yqjC_predicted,0.6,6,4,GACGCGCGCGGCAAAAAGGA,2,5234324
yqjE_yqjK_yqjD_yqjC_predicted,18.8,97,4,GACGCAGCTCGTGGTGCGTA,93,5233051
yqjE_yqjK_yqjD_yqjC_predicted,2.4,15,4,GAATTGTGGGACCTACAGGA,11,5255042
yqjE_yqjK_yqjD_yqjC_predicted,1.6,11,4,GAAGGGGCTGGTCCCGATGG,7,5183015
yqjE_yqjK_yqjD_yqjC_predicted,0.4,5,4,GAAGCTTAGATGCAATTGAC,1,5253973
yqjE_yqjK_yqjD_yqjC_predicted,19.4,100,4,GAACGGCCTGTTGGAATGAG,96,5256931
yqjE_yqjK_yqjD_yqjC_predicted,10.6,56,4,GAACCAGCGCGGGTAAAGGG,52,5217293
yqjE_yqjK_yqjD_yqjC_predicted,11.6,61,4,GAAATGCACCGTAAATCGGA,57,5203967
yqjE_yqjK_yqjD_yqjC_predicted,13.0,68,4,CTTTTAAATCTATATAGGGT,64,5181974
yqjE_yqjK_yqjD_yqjC_predicted,7.4,40,4,CTTTGTATAATAACCATTAG,36,5231883
yqjE_yqjK_yqjD_yqjC_predicted,0.4,5,4,CTTTGGTGGGCGACACTTCG,1,5261410
yqjE_yqjK_yqjD_yqjC_predicted,8.2,44,4,CTTTGGCTGCTTTCCAGATC,40,5188574
yqjE_yqjK_yqjD_yqjC_predicted,4.8,27,4,CTTTGACATCCCGCTCTGAC,23,5234897
yqjE_yqjK_yqjD_yqjC_predicted,6.6,36,4,CTTGGATAGGCAGCACATCT,32,5184929
yqjE_yqjK_yqjD_yqjC_predicted,11.6,61,4,CTTGCGGAGGTAGCCGGGGC,57,5218237
yqjE_yqjK_yqjD_yqjC_predicted,13.0,68,4,CTTGATTATGGGCGCGGTGT,64,5197095
yqjE_yqjK_yqjD_yqjC_predicted,0.4,5,4,CTTCCCGGCCCCACGACATA,1,5194720
yqjE_yqjK_yqjD_yqjC_predicted,2.2,14,4,CTTCAGGTCGGTAATAATCA,10,5202152
yqjE_yqjK_yqjD_yqjC_predicted,5.0,28,4,CTTCACGACTGAAAAGTCAG,24,5233024
yqjE_yqjK_yqjD_yqjC_predicted,3.2,19,4,CTTATTTAAGGGCGTAGTTA,15,5171284
yqjE_yqjK_yqjD_yqjC_predicted,6.8,37,4,CTTACTCCTAATCATATAGT,33,5217499
yqjE_yqjK_yqjD_yqjC_predicted,2.6,16,4,CTTAATTGCCCGCACGGCTG,12,5196800
yqjE_yqjK_yqjD_yqjC_predicted,7.0,38,4,CTTAATTACCACGTGCTTTG,34,5218478
yqjE_yqjK_yqjD_yqjC_predicted,4.8,27,4,CTTAAGTAAGACTGAAGCAG,23,5237790
yqjE_yqjK_yqjD_yqjC_predicted,5.2,29,4,CTGTTAAATGGTAGGAGTAT,25,5211674
yqjE_yqjK_yqjD_yqjC_predicted,2.0,13,4,CTGTCCTGCCCTAACGGGAC,9,5202917
yqjE_yqjK_yqjD_yqjC_predicted,3.4,20,4,CTGGGGATTGCGTGTCAGAG,16,5236081
yqjE_yqjK_yqjD_yqjC_predicted,2.0,13,4,CTGGCAGGACATGGTCATTC,9,5187428
yqjE_yqjK_yqjD_yqjC_predicted,8.8,47,4,CTGGATCGGTAAACATCTGC,43,5178954
yqjE_yqjK_yqjD_yqjC_predicted,2.0,13,4,CTGCTCTGAGCCCTTTCGGG,9,5262359
yqjE_yqjK_yqjD_yqjC_predicted,1.6,11,4,CTGCTCGTATGCGGGGCTCT,7,5176907
yqjE_yqjK_yqjD_yqjC_predicted,0.8,7,4,CTGCCGAACCCGAACAAATT,3,5205257
yqjE_yqjK_yqjD_yqjC_predicted,1.8,12,4,CTGAACCGACTATAAGCCCC,8,5206855
yqjE_yqjK_yqjD_yqjC_predicted,6.6,36,4,CTCTTGCTGGACCAATTTGC,32,5250648
yqjE_yqjK_yqjD_yqjC_predicted,9.6,51,4,CTCTTCGAAGGCCGAGACTG,47,5231926
yqjE_yqjK_yqjD_yqjC_predicted,3.0,18,4,CTCTATACTCATCAATCCAC,14,5191342
yqjE_yqjK_yqjD_yqjC_predicted,4.8,27,4,CTCGTAGACCATCGAGAGGT,23,5240305
yqjE_yqjK_yqjD_yqjC_predicted,16.6,86,4,CTCGCAATAATAGATACTAT,82,5223819
yqjE_yqjK_yqjD_yqjC_predicted,4.2,24,4,CTCGACGGATGATTTGCTAG,20,5187957
yqjE_yqjK_yqjD_yqjC_predicted,10.8,57,4,CTCGACCCGCAGCCAAAAAC,53,5251484
yqjE_yqjK_yqjD_yqjC_predicted,3.8,22,4,CTCGACAAGAGGCGGAGCCC,18,5236619
yqjE_yqjK_yqjD_yqjC_predicted,4.4,25,4,CTCGAAATAGTGCCTATTTG,21,5184941
yqjE_yqjK_yqjD_yqjC_predicted,0.4,5,4,CTCCGTCACTCGACCGCTTA,1,5195121
yqjE_yqjK_yqjD_yqjC_predicted,3.6,21,4,CTCCAGAAAGGAATCGCGGC,17,5197757
yqjE_yqjK_yqjD_yqjC_predicted,16.8,87,4,CTATTGACCGGTCCTGAACA,83,5226916
yqjE_yqjK_yqjD_yqjC_predicted,5.8,32,4,CTATGACACAATGTTACAGT,28,5230996
yqjE_yqjK_yqjD_yqjC_predicted,4.2,24,4,CTAGTTCACGGGTTCGATTC,20,5254059
yqjE_yqjK_yqjD_yqjC_predicted,6.4,35,4,CTACTCGACGCTATTGTCTT,31,5247803
yqjE_yqjK_yqjD_yqjC_predicted,0.8,7,4,CTACTCAGGTACAGTAGGGT,3,5242635
yqjE_yqjK_yqjD_yqjC_predicted,5.6,31,4,CTACAAAAGAACCTGGGAAC,27,5229391
yqjE_yqjK_yqjD_yqjC_predicted,0.4,5,4,CTAAATAGTGATCAGTTAGT,1,5183299
yqjE_yqjK_yqjD_yqjC_predicted,5.0,28,4,CTAAATAATCCTAGCTCCAT,24,5255036
yqjE_yqjK_yqjD_yqjC_predicted,5.0,28,4,CTAAAGGGCAATTAACAATG,24,5177955
yqjE_yqjK_yqjD_yqjC_predicted,13.4,70,4,CGTTTGTGCTCAGGCTGTAC,66,5238810
yqjE_yqjK_yqjD_yqjC_predicted,2.6,16,4,CGTTTAAATTGGTTCTATGT,12,5215929
yqjE_yqjK_yqjD_yqjC_predicted,7.4,40,4,CGTTCGATTTAACTCCTGAG,36,5211140
yqjE_yqjK_yqjD_yqjC_predicted,7.2,39,4,CGTTACCGGTAGTTCGGTCC,35,5191354
yqjE_yqjK_yqjD_yqjC_predicted,0.8,7,4,CGTGGCAGTGGATGCACTTG,3,5206586
yqjE_yqjK_yqjD_yqjC_predicted,9.0,48,4,CGTGCGGGGAACGTAGATTC,44,5262592
yqjE_yqjK_yqjD_yqjC_predicted,4.6,26,4,CGTGAAGAGCGACGACGTCA,22,5224679
yqjE_yqjK_yqjD_yqjC_predicted,3.2,19,4,CGTCTCGACAAAGCGGATAA,15,5227876
yqjE_yqjK_yqjD_yqjC_predicted,40.0,203,4,CGTCCGCCGCAAGTACGTCG,199,5186122
yqjE_yqjK_yqjD_yqjC_predicted,25.4,130,4,CGTCAATCCCTTACTAAGGC,126,5202052
yqjE_yqjK_yqjD_yqjC_predicted,12.0,63,4,CGGTGCCAGAGCATGCACGG,59,5240045
yqjE_yqjK_yqjD_yqjC_predicted,14.8,77,4,CGGTCAAGCTATGTCTTACT,73,5234282
yqjE_yqjK_yqjD_yqjC_predicted,5.4,30,4,CGGTATTTACGAATATCTGG,26,5180069
yqjE_yqjK_yqjD_yqjC_predicted,0.8,7,4,CGGGGCGAATGACGGTTGCT,3,5225988
yqjE_yqjK_yqjD_yqjC_predicted,0.4,5,4,CGGGCGTAAATCAAGTCCCT,1,5245846
yqjE_yqjK_yqjD_yqjC_predicted,15.8,82,4,CGGGACAGCCCACGAGCTGC,78,5208742
yqjE_yqjK_yqjD_yqjC_predicted,9.4,50,4,CGGCTCGGCATAAGGGAGGC,46,5174662
yqjE_yqjK_yqjD_yqjC_predicted,29.8,152,4,CGGCCCTGACGACAAGGTGA,148,5238777
yqjE_yqjK_yqjD_yqjC_predicted,4.2,24,4,CGGCATCGTGAAGTCGAGTT,20,5210465
yqjE_yqjK_yqjD_yqjC_predicted,5.8,32,4,CGGATTGTTAAGTTTTCACT,28,5186680
yqjE_yqjK_yqjD_yqjC_predicted,4.2,24,4,CGGATGACCTGGAGTGATAT,20,5243501
yqjE_yqjK_yqjD_yqjC_predicted,4.8,27,4,CGGACTGCCGCATATCTGAG,23,5188610
yqjE_yqjK_yqjD_yqjC_predicted,11.2,59,4,CGGACCTGCCAATAGGATAT,55,5198135
yqjE_yqjK_yqjD_yqjC_predicted,5.0,28,4,CGGACCGGTCGATATACGGA,24,5213114
yqjE_yqjK_yqjD_yqjC_predicted,7.8,42,4,CGGACCCCCGGATACCCATC,38,5255554
yqjE_yqjK_yqjD_yqjC_predicted,10.4,55,4,CGCTTGTGGACAAAATACTC,51,5182089
yqjE_yqjK_yqjD_yqjC_predicted,9.8,52,4,CGCTAGAGATCAAAGGAAAG,48,5231529
yqjE_yqjK_yqjD_yqjC_predicted,4.0,23,4,CGCGTTCTCGCACAGGTATT,19,5245234
yqjE_yqjK_yqjD_yqjC_predicted,1.8,12,4,CGCGCGACAAGGGGCGAAGG,8,5255159
yqjE_yqjK_yqjD_yqjC_predicted,17.6,91,4,CGCGACTCCATCACTTGGGA,87,5197857
yqjE_yqjK_yqjD_yqjC_predicted,2.6,16,4,CGCCTGGATGAAACCGGCTT,12,5228885
yqjE_yqjK_yqjD_yqjC_predicted,9.2,49,4,CGCCGCTTCACTTTCAACCC,45,5244328
yqjE_yqjK_yqjD_yqjC_predicted,14.6,76,4,CGCCGAATCGGGCTCCATGT,72,5230752
yqjE_yqjK_yqjD_yqjC_predicted,4.6,26,4,CGCCCCGGCCACTTCCAGCT,22,5186247
yqjE_yqjK_yqjD_yqjC_predicted,3.4,20,4,CGCCAGTTAGGGCAGGCCAT,16,5211539
yqjE_yqjK_yqjD_yqjC_predicted,3.8,22,4,CGCCAAGGAACTGATGGGTC,18,5198260
yqjE_yqjK_yqjD_yqjC_predicted,0.4,5,4,CGCATTAGCACAGGGCTGAA,1,5227639
yqjE_yqjK_yqjD_yqjC_predicted,6.4,35,4,CGCACGGCATGACTCACATT,31,5173612
yqjE_yqjK_yqjD_yqjC_predicted,5.0,28,4,CGCAATGGGCTTGCTGGCGA,24,5178311
yqjE_yqjK_yqjD_yqjC_predicted,6.2,34,4,CGCAAGTGCGATGCGACAAG,30,5223482
yqjE_yqjK_yqjD_yqjC_predicted,16.8,87,4,CGCAACATAGTATATGGAAT,83,5214093
yqjE_yqjK_yqjD_yqjC_predicted,2.8,17,4,CGATTGGTTCACGGACGGCG,13,5176760
yqjE_yqjK_yqjD_yqjC_predicted,13.2,69,4,CGATTGAAGGGAGCTCATCC,65,5200300
yqjE_yqjK_yqjD_yqjC_predicted,6.2,34,4,CGATTCGGCTCTAATAAAAT,30,5260419
yqjE_yqjK_yqjD_yqjC_predicted,5.6,31,4,CGATGGTCCGGACTGATTTA,27,5227667
yqjE_yqjK_yqjD_yqjC_predicted,5.4,30,4,CGATGCCACGTACATCGGCT,26,5218914
yqjE_yqjK_yqjD_yqjC_predicted,10.2,54,4,CGATCCAGCCTACTGACTTA,50,5247231
yqjE_yqjK_yqjD_yqjC_predicted,4.8,27,4,CGAGGGGCACACATACCCTG,23,5254540
yqjE_yqjK_yqjD_yqjC_predicted,36.6,186,4,CGAGCTACACAGGCAACTTG,182,5174876
yqjE_yqjK_yqjD_yqjC_predicted,2.4,15,4,CGAGATAGCTATTCCGAAAA,11,5258810
yqjE_yqjK_yqjD_yqjC_predicted,4.8,27,4,CGACTAAAATCATTAATTTT,23,5250318
yqjE_yqjK_yqjD_yqjC_predicted,2.4,15,4,CGACGTTTTATGCACTACCT,11,5228236
yqjE_yqjK_yqjD_yqjC_predicted,0.6,6,4,CGACGCCCCAAAAGGCGCTT,2,5207182
yqjE_yqjK_yqjD_yqjC_predicted,59.8,302,4,CGACCGCCACATATTTGTGA,298,5181337
yqjE_yqjK_yqjD_yqjC_predicted,0.8,7,4,CGAATCCTATACCGCCTCTC,3,5242914
yqjE_yqjK_yqjD_yqjC_predicted,5.8,32,4,CGAACTCCGAGGTAATTCAC,28,5254315
yqjE_yqjK_yqjD_yqjC_predicted,7.2,39,4,CGAAACTATCTTGACGTAAG,35,5202105
yqjE_yqjK_yqjD_yqjC_predicted,5.6,31,4,CGAAAAGGGAAAGTGTCCAA,27,5251055
yqjE_yqjK_yqjD_yqjC_predicted,0.6,6,4,CCTTTTCGTGCTACCATCGC,2,5255914
yqjE_yqjK_yqjD_yqjC_predicted,1.4,10,4,CCTTTGTCCTGATAGCGATC,6,5200767
yqjE_yqjK_yqjD_yqjC_predicted,4.0,23,4,CCTGTGGCGGTGTACGCTGT,19,5239228
yqjE_yqjK_yqjD_yqjC_predicted,4.2,24,4,CCTGTACGCTAAGTTAAGAG,20,5176422
yqjE_yqjK_yqjD_yqjC_predicted,1.0,8,4,CCTGGCGTCGAGGCCTCCTT,4,5183364
yqjE_yqjK_yqjD_yqjC_predicted,6.6,36,4,CCTGGATCGGTAATGGCCCC,32,5245907
yqjE_yqjK_yqjD_yqjC_predicted,3.0,18,4,CCTGGACCGCGAGAACAAAT,14,5244352
yqjE_yqjK_yqjD_yqjC_predicted,4.6,26,4,CCTGATGGACTGCATAGCGT,22,5236214
yqjE_yqjK_yqjD_yqjC_predicted,9.4,50,4,CCTCTAATCATAGTTGCGGA,46,5258420
yqjE_yqjK_yqjD_yqjC_predicted,10.0,53,4,CCTCGGGGACGCTTACTTTA,49,5218813
yqjE_yqjK_yqjD_yqjC_predicted,3.6,21,4,CCTCGGCCTTGTCCGCGACC,17,5208767
yqjE_yqjK_yqjD_yqjC_predicted,2.4,15,4,CCTCGCAAACAGCAAATTTT,11,5240692
yqjE_yqjK_yqjD_yqjC_predicted,5.6,31,4,CCTCGAGCAATGTGGATAGC,27,5186057
yqjE_yqjK_yqjD_yqjC_predicted,6.4,35,4,CCTATTACCGGGGCATACGA,31,5253284
yqjE_yqjK_yqjD_yqjC_predicted,1.6,11,4,CCTATGCAAATGTGTAGAAA,7,5209224
yqjE_yqjK_yqjD_yqjC_predicted,5.4,30,4,CCTATCCAACGTCTGGAAGG,26,5249748
yqjE_yqjK_yqjD_yqjC_predicted,2.0,13,4,CCTACGTCCCGACAACTGAT,9,5187463
yqjE_yqjK_yqjD_yqjC_predicted,2.6,16,4,CCTACGCGCGCTTCAATCAC,12,5243215
yqjE_yqjK_yqjD_yqjC_predicted,14.6,76,4,CCGTGTGCATCTCAATCACA,72,5242052
yqjE_yqjK_yqjD_yqjC_predicted,4.8,27,4,CCGTAATTCACACACGGTAC,23,5192806
yqjE_yqjK_yqjD_yqjC_predicted,2.0,13,4,CCGGTGTCCATCTTTTAGTG,9,5182328
yqjE_yqjK_yqjD_yqjC_predicted,8.6,46,4,CCGGTCACCCTGAAGGACTC,42,5220766
yqjE_yqjK_yqjD_yqjC_predicted,9.4,50,4,CCGGGTTAGAGAACCCAAGC,46,5248903
yqjE_yqjK_yqjD_yqjC_predicted,2.2,14,4,CCGGGAATTCGGAATTTCTT,10,5196294
yqjE_yqjK_yqjD_yqjC_predicted,3.6,21,4,CCGGCGCCATGCCATATAAA,17,5244148
yqjE_yqjK_yqjD_yqjC_predicted,7.8,42,4,CCGCTGACCCGTATTTTCCT,38,5191009
yqjE_yqjK_yqjD_yqjC_predicted,3.4,20,4,CCGCCAGCTAAAGAACCAGC,16,5247633
yqjE_yqjK_yqjD_yqjC_predicted,3.0,18,4,CCGCAGCGAACAAACATCGC,14,5257090
yqjE_yqjK_yqjD_yqjC_predicted,6.0,33,4,CCGAAACCCTTCCGAGGCCT,29,5176073
yqjE_yqjK_yqjD_yqjC_predicted,7.0,38,4,CCCTTGGAAACATCTGAAAC,34,5217419
yqjE_yqjK_yqjD_yqjC_predicted,0.4,5,4,CCCGTCTGAGCTGTATGTAA,1,5239540
yqjE_yqjK_yqjD_yqjC_predicted,8.8,47,4,CCCGAGATTTAATAGAGTAC,43,5238045
yqjE_yqjK_yqjD_yqjC_predicted,9.6,51,4,CCCGAGATATAACTCTCGCT,47,5192741
yqjE_yqjK_yqjD_yqjC_predicted,6.4,35,4,CCCCCGCCCGAGCGCCGGCG,31,5219841
yqjE_yqjK_yqjD_yqjC_predicted,1.8,12,4,CCCCCATAGGGCGGGAAGCA,8,5246312
yqjE_yqjK_yqjD_yqjC_predicted,13.6,71,4,CCCATGAATGGTTTGCATTT,67,5175422
yqjE_yqjK_yqjD_yqjC_predicted,1.0,8,4,CCCACTGGTACGTTGGGTTA,4,5241632
yqjE_yqjK_yqjD_yqjC_predicted,1.8,12,4,CCATTTGCAGGGTCCACCAT,8,5174915
yqjE_yqjK_yqjD_yqjC_predicted,3.0,18,4,CCATGTCGAACGTCGTTTAT,14,5249151
yqjE_yqjK_yqjD_yqjC_predicted,7.6,41,4,CCATCACGGCGACAGTCCTC,37,5214851
yqjE_yqjK_yqjD_yqjC_predicted,11.6,61,4,CCATATACTTCTATTTGTTT,57,5255343
yqjE_yqjK_yqjD_yqjC_predicted,0.4,5,4,CCAGGTTTGATCGGGCAAAT,1,5243553
yqjE_yqjK_yqjD_yqjC_predicted,3.2,19,4,CCAGGATCCTGGTTACCATT,15,5243412
yqjE_yqjK_yqjD_yqjC_predicted,3.4,20,4,CCAGCTGGCGATTGTTTGTA,16,5210476
yqjE_yqjK_yqjD_yqjC_predicted,23.8,122,4,CCACTGAGGGTAAAAGCGTA,118,5212333
yqjE_yqjK_yqjD_yqjC_predicted,8.2,44,4,CCACTCTTGAACGTTTCAAA,40,5207468
yqjE_yqjK_yqjD_yqjC_predicted,27.8,142,4,CCACGCGCAATACTTGATGG,138,5191955
yqjE_yqjK_yqjD_yqjC_predicted,0.4,5,4,CCAAGGTATCATATTTGTAA,1,5175966
yqjE_yqjK_yqjD_yqjC_predicted,1.6,11,4,CCAAGCACAGGTTCATAGAA,7,5187609
yqjE_yqjK_yqjD_yqjC_predicted,3.8,22,4,CCAAACGCTATATCTTGTGA,18,5231492
yqjE_yqjK_yqjD_yqjC_predicted,5.2,29,4,CATTTCACATGGATAGTGAT,25,5251796
yqjE_yqjK_yqjD_yqjC_predicted,0.4,5,4,CATTGCGCTCGTAGCTCTAC,1,5258015
yqjE_yqjK_yqjD_yqjC_predicted,0.6,6,4,CATTAGAAGGAATGGTGTTA,2,5243552
yqjE_yqjK_yqjD_yqjC_predicted,6.2,34,4,CATGTGGGCACTCCTGAACT,30,5210382
yqjE_yqjK_yqjD_yqjC_predicted,0.4,5,4,CATGTATGCCCGTCGGGGGT,1,5204683
yqjE_yqjK_yqjD_yqjC_predicted,12.4,65,4,CATGCTCCGTGACTTAACCA,61,5203995
yqjE_yqjK_yqjD_yqjC_predicted,12.4,65,4,CATGCATCTCATTGAACCCT,61,5203159
yqjE_yqjK_yqjD_yqjC_predicted,7.6,41,4,CATCTTGCCATAATTGCTCA,37,5200318
yqjE_yqjK_yqjD_yqjC_predicted,6.6,36,4,CATCTAGCTCAATACGCAAC,32,5233764
yqjE_yqjK_yqjD_yqjC_predicted,12.0,63,4,CATCGTGTCACGAACATGTG,59,5254400
yqjE_yqjK_yqjD_yqjC_predicted,2.4,15,4,CATCAGATATATAGAGAGGG,11,5177515
yqjE_yqjK_yqjD_yqjC_predicted,5.0,28,4,CATAGGTCGGGCCTACTAGA,24,5256854
yqjE_yqjK_yqjD_yqjC_predicted,1.0,8,4,CATACGAATGCCACCGTTTC,4,5243976
yqjE_yqjK_yqjD_yqjC_predicted,1.2,9,4,CATACATATGTGCCGTCGCG,5,5178398
yqjE_yqjK_yqjD_yqjC_predicted,9.4,50,4,CATACAAGGTTAGGATCTGG,46,5217913
yqjE_yqjK_yqjD_yqjC_predicted,5.6,31,4,CAGTGTGCCCCAGCCGACAC,27,5241135
yqjE_yqjK_yqjD_yqjC_predicted,50.0,253,4,CAGTGGTCGCACGGGTCAAT,249,5221273
yqjE_yqjK_yqjD_yqjC_predicted,4.0,23,4,CAGGTCGCGAACGGTCAGTA,19,5250573
yqjE_yqjK_yqjD_yqjC_predicted,6.2,34,4,CAGGGTCTGTTATAAGTCCT,30,5187691
yqjE_yqjK_yqjD_yqjC_predicted,4.2,24,4,CAGGCTATTCTAGATTGGAT,20,5234352
yqjE_yqjK_yqjD_yqjC_predicted,3.8,22,4,CAGGCCTAATACAGCAGAAT,18,5195628
yqjE_yqjK_yqjD_yqjC_predicted,0.4,5,4,CAGCCCCTCGAGTCTAGTGA,1,5232662
yqjE_yqjK_yqjD_yqjC_predicted,1.8,12,4,CAGCCATGGATGTTACCCTA,8,5249980
yqjE_yqjK_yqjD_yqjC_predicted,4.4,25,4,CAGCAGTAAGTGATACCCCC,21,5232674
yqjE_yqjK_yqjD_yqjC_predicted,2.8,17,4,CACTGCCAAATTTGGGCACG,13,5253391
yqjE_yqjK_yqjD_yqjC_predicted,4.6,26,4,CACTCAAGCGAAATCCGCAT,22,5184942
yqjE_yqjK_yqjD_yqjC_predicted,0.4,5,4,CACGTTGGGAAAACGGATGG,1,5222417
yqjE_yqjK_yqjD_yqjC_predicted,4.4,25,4,CACGTGGCCAATATGACTCA,21,5230861
yqjE_yqjK_yqjD_yqjC_predicted,5.4,30,4,CACGTCAGTGCTTTTCCTTG,26,5236243
yqjE_yqjK_yqjD_yqjC_predicted,8.0,43,4,CACGGTCCAACATAGATAAT,39,5191028
yqjE_yqjK_yqjD_yqjC_predicted,64.4,325,4,CACGGTCATGGGTAGGCACC,321,5208663
yqjE_yqjK_yqjD_yqjC_predicted,0.4,5,4,CACGCTCTGGGGTTACCAAG,1,5194808
yqjE_yqjK_yqjD_yqjC_predicted,14.8,77,4,CACGCGTATAGTGACCTCCA,73,5207362
yqjE_yqjK_yqjD_yqjC_predicted,3.0,18,4,CACGCGGTCGCCAGGTATGG,14,5258182
yqjE_yqjK_yqjD_yqjC_predicted,47.0,238,4,CACGATTATATGGCGCGTTT,234,5235313
yqjE_yqjK_yqjD_yqjC_predicted,15.2,79,4,CACGACTAAAGGGACCGCAT,75,5187693
yqjE_yqjK_yqjD_yqjC_predicted,6.2,34,4,CACATTACTGCCAAAGATTT,30,5236562
yqjE_yqjK_yqjD_yqjC_predicted,4.4,25,4,CACACTGTTACTGAGTGCTG,21,5176428
yqjE_yqjK_yqjD_yqjC_predicted,3.0,18,4,CACAAGGTGTGAATCTGATT,14,5248564
yqjE_yqjK_yqjD_yqjC_predicted,3.8,22,4,CAATTGAGGTCACGGCCCGG,18,5176711
yqjE_yqjK_yqjD_yqjC_predicted,4.8,27,4,CAAGGGCCACATAAGCCGGG,23,5232901
yqjE_yqjK_yqjD_yqjC_predicted,30.8,157,4,CAAGACTTAATCAACAGATC,153,5233759
yqjE_yqjK_yqjD_yqjC_predicted,0.4,5,4,CAACTCGTTAGATTTAAGTT,1,5197927
yqjE_yqjK_yqjD_yqjC_predicted,4.4,25,4,CAACAGGGTAAGCGGTCTTC,21,5251620
yqjE_yqjK_yqjD_yqjC_predicted,0.4,5,4,CAACACCGGTAGGGAGCAGG,1,5215719
yqjE_yqjK_yqjD_yqjC_predicted,15.2,79,4,CAAATAAGGATTACCCAGTT,75,5224286
yqjE_yqjK_yqjD_yqjC_predicted,0.4,5,4,CAAAGGATGTCTGTCTTCGG,1,5262762
yqjE_yqjK_yqjD_yqjC_predicted,5.2,29,4,CAAAGCCAGCGGAGGAGGGT,25,5244871
yqjE_yqjK_yqjD_yqjC_predicted,11.0,58,4,CAAACTCTCGGCGGTGGCGT,54,5176716
yqjE_yqjK_yqjD_yqjC_predicted,1.4,10,4,ATTTTTTATAACGTGGCATG,6,5248355
yqjE_yqjK_yqjD_yqjC_predicted,12.0,63,4,ATTTCTCGGTTAGTGCACAA,59,5170940
yqjE_yqjK_yqjD_yqjC_predicted,5.2,29,4,ATTGTAGGATGACTATCGAA,25,5238109
yqjE_yqjK_yqjD_yqjC_predicted,3.6,21,4,ATTGCCGTTTAATGGACCCA,17,5176576
yqjE_yqjK_yqjD_yqjC_predicted,8.2,44,4,ATTGCCGGCCAAACCTACGT,40,5172084
yqjE_yqjK_yqjD_yqjC_predicted,1.8,12,4,ATTGATTTAAAGTCAAGCTC,8,5190627
yqjE_yqjK_yqjD_yqjC_predicted,3.6,21,4,ATTGAGCCAATCCTTGCGCG,17,5215299
yqjE_yqjK_yqjD_yqjC_predicted,8.8,47,4,ATTCTGCTCCGGGCTATTGG,43,5199797
yqjE_yqjK_yqjD_yqjC_predicted,1.2,9,4,ATTCTAGGGGCCACTAACTA,5,5246234
yqjE_yqjK_yqjD_yqjC_predicted,5.4,30,4,ATTCGTTGAAGGCGCCGCTC,26,5201333
yqjE_yqjK_yqjD_yqjC_predicted,11.6,61,4,ATTCGGGTAGAACATCGTAT,57,5247258
yqjE_yqjK_yqjD_yqjC_predicted,11.8,62,4,ATTCGCATTTCGGCGTTATA,58,5182174
yqjE_yqjK_yqjD_yqjC_predicted,17.6,91,4,ATTCCGACTCTATCCCTCCA,87,5254586
yqjE_yqjK_yqjD_yqjC_predicted,5.6,31,4,ATTCCCGTTCGGATTATTGG,27,5225795
yqjE_yqjK_yqjD_yqjC_predicted,4.8,27,4,ATTACTAACTGGACTCTCCG,23,5253494
yqjE_yqjK_yqjD_yqjC_predicted,15.2,79,4,ATGTTCATAAGTCTGAGGAC,75,5180111
yqjE_yqjK_yqjD_yqjC_predicted,3.4,20,4,ATGTCCGGGCATGGTCGAAC,16,5173317
yqjE_yqjK_yqjD_yqjC_predicted,67.6,341,4,ATGGTGTGCTGAGGTCCCGA,337,5248296
yqjE_yqjK_yqjD_yqjC_predicted,13.0,68,4,ATGGCATTTACACAAACAGA,64,5183007
yqjE_yqjK_yqjD_yqjC_predicted,9.2,49,4,ATGGATAGGTCCTATGTTAG,45,5172016
yqjE_yqjK_yqjD_yqjC_predicted,5.0,28,4,ATGCTTTAGATTGCCCTCAA,24,5222612
yqjE_yqjK_yqjD_yqjC_predicted,2.4,15,4,ATGCGCTAATAGATTGACAT,11,5173696
yqjE_yqjK_yqjD_yqjC_predicted,1.8,12,4,ATGCGAGGGGTTGGATTAAA,8,5196983
yqjE_yqjK_yqjD_yqjC_predicted,43.4,220,4,ATGAGGCGACTACTGCGAAA,216,5235263
yqjE_yqjK_yqjD_yqjC_predicted,3.4,20,4,ATGACTAAGTACAGCAAAAA,16,5226054
yqjE_yqjK_yqjD_yqjC_predicted,9.6,51,4,ATGAAGTTTCTCACCGTCGT,47,5205946
yqjE_yqjK_yqjD_yqjC_predicted,3.8,22,4,ATCTTTCGCAAGAGGCCTTC,18,5198334
yqjE_yqjK_yqjD_yqjC_predicted,2.2,14,4,ATCTGTATATACCGGGTGCT,10,5199003
yqjE_yqjK_yqjD_yqjC_predicted,5.6,31,4,ATCTCCGAGTCCCAGGGTTT,27,5229558
yqjE_yqjK_yqjD_yqjC_predicted,0.4,5,4,ATCGGAGTCCACACTTCAAG,1,5188107
yqjE_yqjK_yqjD_yqjC_predicted,1.2,9,4,ATCCGCGTCCTGAATTATCT,5,5211435
yqjE_yqjK_yqjD_yqjC_predicted,3.2,19,4,ATCATATGTGTTGACATGAG,15,5204177
yqjE_yqjK_yqjD_yqjC_predicted,1.2,9,4,ATCACTGCCGCATCATATCC,5,5220494
yqjE_yqjK_yqjD_yqjC_predicted,2.0,13,4,ATAGGTCCCGGCATTCCTGA,9,5228827
yqjE_yqjK_yqjD_yqjC_predicted,8.0,43,4,ATACGGCACGCGAGCCAACT,39,5177598
yqjE_yqjK_yqjD_yqjC_predicted,3.0,18,4,ATACAGAAGTCGCGCGGACC,14,5222235
yqjE_yqjK_yqjD_yqjC_predicted,8.2,44,4,ATACACTGAGGTGTTTTACC,40,5247593
yqjE_yqjK_yqjD_yqjC_predicted,0.4,5,4,AGTTCGTACAGTCTTAGCTA,1,5206717
yqjE_yqjK_yqjD_yqjC_predicted,5.8,32,4,AGTTCCAGCGCTTAATGTCA,28,5189608
yqjE_yqjK_yqjD_yqjC_predicted,2.0,13,4,AGTTACCGCTGGGCTCCGTG,9,5261202
yqjE_yqjK_yqjD_yqjC_predicted,3.8,22,4,AGTGTAAAGTATTAATTTGA,18,5249732
yqjE_yqjK_yqjD_yqjC_predicted,0.4,5,4,AGTGGCCGCCGCCTATTCAT,1,5233704
yqjE_yqjK_yqjD_yqjC_predicted,9.8,52,4,AGTCAGACGGGAAGGACGCT,48,5251873
yqjE_yqjK_yqjD_yqjC_predicted,3.4,20,4,AGTCACCCACGGGCCTCTGT,16,5254128
yqjE_yqjK_yqjD_yqjC_predicted,6.8,37,4,AGTATATTAGACATCCAAAT,33,5182282
yqjE_yqjK_yqjD_yqjC_predicted,12.2,64,4,AGTATAATGGTGATCGAGAG,60,5259903
yqjE_yqjK_yqjD_yqjC_predicted,4.8,27,4,AGTACGTTCGGCATATTCTT,23,5173809
yqjE_yqjK_yqjD_yqjC_predicted,7.2,39,4,AGTAATGATTACGTTGCTGT,35,5197863
yqjE_yqjK_yqjD_yqjC_predicted,3.2,19,4,AGTAAGCATGCGTTGATGTA,15,5233737
yqjE_yqjK_yqjD_yqjC_predicted,1.2,9,4,AGTAAAGCTCAGGACCCGAC,5,5179692
yqjE_yqjK_yqjD_yqjC_predicted,6.0,33,4,AGGTTTGGAATTGTGCGCCT,29,5171967
yqjE_yqjK_yqjD_yqjC_predicted,1.4,10,4,AGGTGTTCCAACTAGAGCGA,6,5209657
yqjE_yqjK_yqjD_yqjC_predicted,0.4,5,4,AGGTAGGTCAGAGGCTTGTA,1,5203689
yqjE_yqjK_yqjD_yqjC_predicted,1.4,10,4,AGGTACGGTGAACAAACGCC,6,5178193
yqjE_yqjK_yqjD_yqjC_predicted,2.2,14,4,AGGCTATGCACAGCTTCCGC,10,5177396
yqjE_yqjK_yqjD_yqjC_predicted,3.2,19,4,AGGCCTGTATAAAGTCCGAA,15,5176403
yqjE_yqjK_yqjD_yqjC_predicted,4.6,26,4,AGGCATCGCGATCGCAGTGT,22,5199790
yqjE_yqjK_yqjD_yqjC_predicted,5.4,30,4,AGGCAACCACGGCAGTAGGA,26,5170907
yqjE_yqjK_yqjD_yqjC_predicted,3.2,19,4,AGGATTACAAGCCTAGCACG,15,5211210
yqjE_yqjK_yqjD_yqjC_predicted,1.2,9,4,AGGATAATCGTGCCAAAAGC,5,5237817
yqjE_yqjK_yqjD_yqjC_predicted,2.4,15,4,AGGAGAGGCCTCGGAATTGC,11,5173977
yqjE_yqjK_yqjD_yqjC_predicted,5.0,28,4,AGGACCTTACGAAATTCAGT,24,5248920
yqjE_yqjK_yqjD_yqjC_predicted,1.6,11,4,AGGAACTTGCCTCCTTGCGT,7,5236905
yqjE_yqjK_yqjD_yqjC_predicted,1.8,12,4,AGCTGTATTTTTTGACCCTT,8,5234893
yqjE_yqjK_yqjD_yqjC_predicted,21.8,112,4,AGCTCATGGCGGGGGCGGGT,108,5257368
yqjE_yqjK_yqjD_yqjC_predicted,0.4,5,4,AGCGGGGCTACCGGTTGATT,1,5194910
yqjE_yqjK_yqjD_yqjC_predicted,0.6,6,4,AGCGATGTATTGCATATTAC,2,5190663
yqjE_yqjK_yqjD_yqjC_predicted,1.2,9,4,AGCGATACATACATACCAGG,5,5181511
yqjE_yqjK_yqjD_yqjC_predicted,12.4,65,4,AGCCTTTAGCTCCGAGTGAG,61,5219181
yqjE_yqjK_yqjD_yqjC_predicted,5.6,31,4,AGCCGTGATTCACGCCTGTT,27,5255805
yqjE_yqjK_yqjD_yqjC_predicted,7.2,39,4,AGCCACTCTCTAAGGTGTCC,35,5179315
yqjE_yqjK_yqjD_yqjC_predicted,2.0,13,4,AGCAGCACTCTTGTTGTAGG,9,5256342
yqjE_yqjK_yqjD_yqjC_predicted,2.2,14,4,AGCAGACCAGAAAGACACTA,10,5200563
yqjE_yqjK_yqjD_yqjC_predicted,8.2,44,4,AGCACACTAAGAAGAACTCG,40,5244333
yqjE_yqjK_yqjD_yqjC_predicted,2.8,17,4,AGCAAGTTAGGAAAAACTAG,13,5262614
yqjE_yqjK_yqjD_yqjC_predicted,3.2,19,4,AGATGATGTAAGTTTAGACA,15,5170787
yqjE_yqjK_yqjD_yqjC_predicted,4.8,27,4,AGATCCTACAGATTAAGCCC,23,5229483
yqjE_yqjK_yqjD_yqjC_predicted,2.8,17,4,AGAGGCTCTTCCACTGTCCT,13,5216592
yqjE_yqjK_yqjD_yqjC_predicted,20.8,107,4,AGAGACGCTCGTTGAGATGT,103,5237175
yqjE_yqjK_yqjD_yqjC_predicted,1.8,12,4,AGACTTCATCCCATCAATGG,8,5174532
yqjE_yqjK_yqjD_yqjC_predicted,6.4,35,4,AGACCCGCGAAGATATCAGT,31,5262268
yqjE_yqjK_yqjD_yqjC_predicted,9.6,51,4,AGACATAAGACATCGAGCCA,47,5247597
yqjE_yqjK_yqjD_yqjC_predicted,3.8,22,4,AGACAATCGGCGTTTCTCTC,18,5183796
yqjE_yqjK_yqjD_yqjC_predicted,3.6,21,4,AGAAGGTCACCTTAATTTTG,17,5197639
yqjE_yqjK_yqjD_yqjC_predicted,4.6,26,4,ACTTTATGTCAGGCTAACAG,22,5193274
yqjE_yqjK_yqjD_yqjC_predicted,5.2,29,4,ACTTCAGACTGTCTTCTACT,25,5207914
yqjE_yqjK_yqjD_yqjC_predicted,7.0,38,4,ACTTATCCTCGGTCGGCATT,34,5257798
yqjE_yqjK_yqjD_yqjC_predicted,5.8,32,4,ACTGGCGGTAGATATGTTGA,28,5199514
yqjE_yqjK_yqjD_yqjC_predicted,2.0,13,4,ACTGACACTGTACTAATGAT,9,5241137
yqjE_yqjK_yqjD_yqjC_predicted,4.2,24,4,ACTCTCTGCTAAATCCTCTC,20,5227435
yqjE_yqjK_yqjD_yqjC_predicted,9.8,52,4,ACTCGTCAAGTTATCGCAAC,48,5218157
yqjE_yqjK_yqjD_yqjC_predicted,2.2,14,4,ACTATCGACGATACAGGCAA,10,5249109
yqjE_yqjK_yqjD_yqjC_predicted,4.6,26,4,ACTAGCTTGGTGCGAAGATC,22,5198257
yqjE_yqjK_yqjD_yqjC_predicted,3.8,22,4,ACTAAACATTCCGGACCCGG,18,5241881
yqjE_yqjK_yqjD_yqjC_predicted,8.4,45,4,ACGTTTACCAGTGGGCGTTG,41,5258910
yqjE_yqjK_yqjD_yqjC_predicted,2.0,13,4,ACGTGTTTTTACAGGCGCGA,9,5210972
yqjE_yqjK_yqjD_yqjC_predicted,4.2,24,4,ACGTGACCCGAGGGGAAATC,20,5218139
yqjE_yqjK_yqjD_yqjC_predicted,27.4,140,4,ACGGTATTGGGATTGCGCCC,136,5238892
yqjE_yqjK_yqjD_yqjC_predicted,34.2,174,4,ACGGGCTCTACCGTGACGAA,170,5183931
yqjE_yqjK_yqjD_yqjC_predicted,9.8,52,4,ACGGGCCGTGAGGGTTAGGA,48,5221255
yqjE_yqjK_yqjD_yqjC_predicted,3.0,18,4,ACGGACCGTGCCATACTTAC,14,5176461
yqjE_yqjK_yqjD_yqjC_predicted,3.4,20,4,ACGCGCAAACGCCTATGCAA,16,5241523
yqjE_yqjK_yqjD_yqjC_predicted,3.0,18,4,ACGCCCGAGGTACGTACGCA,14,5213130
yqjE_yqjK_yqjD_yqjC_predicted,3.0,18,4,ACGCAGTTCGTTGTCGGAGG,14,5228583
yqjE_yqjK_yqjD_yqjC_predicted,1.4,10,4,ACGCAGCCCGAGCACCGGAT,6,5180274
yqjE_yqjK_yqjD_yqjC_predicted,2.6,16,4,ACGAGGAAGACGGTGCGGAG,12,5216199
yqjE_yqjK_yqjD_yqjC_predicted,8.8,47,4,ACGAGAGAGCTGCTCGCTTA,43,5187274
yqjE_yqjK_yqjD_yqjC_predicted,3.4,20,4,ACGAATGCTTTTGCTATGTA,16,5253790
yqjE_yqjK_yqjD_yqjC_predicted,6.6,36,4,ACCTTTGCCTCTCGTATCAC,32,5179255
yqjE_yqjK_yqjD_yqjC_predicted,2.6,16,4,ACCTAATCGGTACAAGAGTA,12,5214651
yqjE_yqjK_yqjD_yqjC_predicted,5.2,29,4,ACCTAAGTATGCTCGAGGAT,25,5204699
yqjE_yqjK_yqjD_yqjC_predicted,0.6,6,4,ACCTAAGCCTTCATATTTCT,2,5205480
yqjE_yqjK_yqjD_yqjC_predicted,8.2,44,4,ACCGTTTAGGGTTTTGTCCC,40,5179236
yqjE_yqjK_yqjD_yqjC_predicted,0.4,5,4,ACCGGTTACCTTCCCTATCG,1,5228913
yqjE_yqjK_yqjD_yqjC_predicted,3.4,20,4,ACCGGCGCAACCGTAGGCTG,16,5214104
yqjE_yqjK_yqjD_yqjC_predicted,12.0,63,4,ACCGGAATGACACTCCAACC,59,5208862
yqjE_yqjK_yqjD_yqjC_predicted,0.8,7,4,ACCGAAGTTCGACTGAATGA,3,5262911
yqjE_yqjK_yqjD_yqjC_predicted,0.8,7,4,ACCATCTCAATTCGCTGAGA,3,5204279
yqjE_yqjK_yqjD_yqjC_predicted,3.0,18,4,ACCAGCGGAATCACAAAATA,14,5185015
yqjE_yqjK_yqjD_yqjC_predicted,3.6,21,4,ACCACTGACTCAACAAGGGA,17,5196237
yqjE_yqjK_yqjD_yqjC_predicted,5.6,31,4,ACCACAACACAGGTGTCAAC,27,5187376
yqjE_yqjK_yqjD_yqjC_predicted,8.4,45,4,ACATTCTAGATGTAGGAACT,41,5216788
yqjE_yqjK_yqjD_yqjC_predicted,4.6,26,4,ACATGAACAACGGCACAAGA,22,5220508
yqjE_yqjK_yqjD_yqjC_predicted,2.0,13,4,ACATCTTGGACGTGCAAGCC,9,5223237
yqjE_yqjK_yqjD_yqjC_predicted,3.4,20,4,ACACGCCCTCATGGAAAGAC,16,5182829
yqjE_yqjK_yqjD_yqjC_predicted,1.2,9,4,ACAATATCGAAGGTTCTCGG,5,5192842
yqjE_yqjK_yqjD_yqjC_predicted,8.4,45,4,ACAAACTCTTGACAAAGCAA,41,5175426
yqjE_yqjK_yqjD_yqjC_predicted,14.0,73,4,ACAAAAAGTCTAGCTCATAA,69,5241531
yqjE_yqjK_yqjD_yqjC_predicted,4.2,24,4,AATTGTTAACTGGGGCGGCA,20,5226641
yqjE_yqjK_yqjD_yqjC_predicted,6.0,33,4,AATTGTGGGGCACAATGCGC,29,5214644
yqjE_yqjK_yqjD_yqjC_predicted,0.4,5,4,AATTGCATCACTGCTGTAGT,1,5226313
yqjE_yqjK_yqjD_yqjC_predicted,1.2,9,4,AATTCGAAGAGGCATGAATA,5,5204285
yqjE_yqjK_yqjD_yqjC_predicted,7.2,39,4,AATGGATGCTACAAGTCACG,35,5171756
yqjE_yqjK_yqjD_yqjC_predicted,15.0,78,4,AATGCTGGATTTAAGATAGA,74,5195305
yqjE_yqjK_yqjD_yqjC_predicted,18.0,93,4,AATGCTACCGAACCGCACGC,89,5216009
yqjE_yqjK_yqjD_yqjC_predicted,3.6,21,4,AATGAAGTTCACTACCTGCA,17,5192892
yqjE_yqjK_yqjD_yqjC_predicted,0.6,6,4,AATGAAAGTGCAGCCAAGCC,2,5199607
yqjE_yqjK_yqjD_yqjC_predicted,1.2,9,4,AATCCGCTTCTAAGATAAAT,5,5226873
yqjE_yqjK_yqjD_yqjC_predicted,4.6,26,4,AATCCCACATAGCTAATAAT,22,5202635
yqjE_yqjK_yqjD_yqjC_predicted,2.0,13,4,AATAGCAGGCAAACCACAAT,9,5230775
yqjE_yqjK_yqjD_yqjC_predicted,3.0,18,4,AATAGCACAGAATCTTCTTA,14,5189474
yqjE_yqjK_yqjD_yqjC_predicted,0.8,7,4,AAGTTGCTAGTCTGGTGCGT,3,5174141
yqjE_yqjK_yqjD_yqjC_predicted,5.8,32,4,AAGTCGAAGATTTTTACGGC,28,5245922
yqjE_yqjK_yqjD_yqjC_predicted,3.8,22,4,AAGTCCAAACGTTCAGATTT,18,5174959
yqjE_yqjK_yqjD_yqjC_predicted,10.0,53,4,AAGGGTATGTATCAAGCTTC,49,5255544
yqjE_yqjK_yqjD_yqjC_predicted,6.0,33,4,AAGGGTAGATCATTTCTAAA,29,5216143
yqjE_yqjK_yqjD_yqjC_predicted,12.2,64,4,AAGGGCCGGTCTTCAATAAT,60,5178357
yqjE_yqjK_yqjD_yqjC_predicted,18.4,95,4,AAGGCTCCGGCAGAGTGCCT,91,5246031
yqjE_yqjK_yqjD_yqjC_predicted,4.6,26,4,AAGGAATGATTTGATGCCAT,22,5211682
yqjE_yqjK_yqjD_yqjC_predicted,1.0,8,4,AAGCGTTCGGAGTTTACCTG,4,5215322
yqjE_yqjK_yqjD_yqjC_predicted,1.4,10,4,AAGCGTCAAACCTAGGCGCG,6,5217218
yqjE_yqjK_yqjD_yqjC_predicted,1.0,8,4,AAGCAAGTTCATTAAGCACA,4,5242445
yqjE_yqjK_yqjD_yqjC_predicted,2.0,13,4,AACTTGCTTACAGGGACTTA,9,5196798
yqjE_yqjK_yqjD_yqjC_predicted,5.2,29,4,AACTGTGGTAAGGTCCCGCC,25,5205396
yqjE_yqjK_yqjD_yqjC_predicted,4.2,24,4,AACTGCAAGTAAATCCATAC,20,5182643
yqjE_yqjK_yqjD_yqjC_predicted,29.0,148,4,AACTATTATCTCTCCTCTAG,144,5171325
yqjE_yqjK_yqjD_yqjC_predicted,4.2,24,4,AACTAACAAGTGGCAAAGAC,20,5190491
yqjE_yqjK_yqjD_yqjC_predicted,7.8,42,4,AACGGACGATAGCGAGCTGT,38,5220842
yqjE_yqjK_yqjD_yqjC_predicted,3.2,19,4,AACGCGCGATACGAATCCCA,15,5194621
yqjE_yqjK_yqjD_yqjC_predicted,9.4,50,4,AACGCAGAGATGTTAGGATA,46,5218778
yqjE_yqjK_yqjD_yqjC_predicted,3.6,21,4,AACCTGTAGCCCGACGCGCA,17,5238091
yqjE_yqjK_yqjD_yqjC_predicted,1.6,11,4,AACCTAGCCTCAAGTTCATC,7,5228268
yqjE_yqjK_yqjD_yqjC_predicted,23.0,118,4,AACCCTTTTGGACTGCAACG,114,5255597
yqjE_yqjK_yqjD_yqjC_predicted,9.4,50,4,AACATTCTTGTCAACCTACT,46,5209650
yqjE_yqjK_yqjD_yqjC_predicted,0.4,5,4,AACATGGCTGGTGCAGAAAA,1,5195255
yqjE_yqjK_yqjD_yqjC_predicted,2.2,14,4,AACAGTTGAAACGGGTGCGC,10,5262246
yqjE_yqjK_yqjD_yqjC_predicted,2.4,15,4,AACAGTTCGAATTCTGCGGG,11,5237296
yqjE_yqjK_yqjD_yqjC_predicted,5.8,32,4,AACAGTGCGACATAAGGTAG,28,5245906
yqjE_yqjK_yqjD_yqjC_predicted,4.4,25,4,AACAGCAGACATTCCGTCTC,21,5247993
yqjE_yqjK_yqjD_yqjC_predicted,1.0,8,4,AAATCTTACGCCTGTTGTGT,4,5196107
yqjE_yqjK_yqjD_yqjC_predicted,2.0,13,4,AAATCAGGGCTGGCTGGTGG,9,5208786
yqjE_yqjK_yqjD_yqjC_predicted,2.8,17,4,AAAGATGCAGCTAGGGGAGT,13,5188035
yqjE_yqjK_yqjD_yqjC_predicted,4.2,24,4,AAACTTTAAGGACAACGGAG,20,5245889
yqjE_yqjK_yqjD_yqjC_predicted,0.6,6,4,AAACTGCGCCATGGAATCAT,2,5237316
yqjE_yqjK_yqjD_yqjC_predicted,3.8,22,4,AAACGGCCTCTACATGATAT,18,5234260
yqjE_yqjK_yqjD_yqjC_predicted,9.4,50,4,AAAATGTGAATTCAACCTGT,46,5257627
yqjE_yqjK_yqjD_yqjC_predicted,4.4,25,4,AAAAGCCCCCCATGGCAGAT,21,5250560
yqjE_yqjK_yqjD_yqjC_predicted,6.2,34,4,AAAACAAGTGCTCGAATATC,30,5254810
yqjE_yqjK_yqjD_yqjC_predicted,3.75,17,3,TTTTCTCTCGGGGATGTCAT,14,5217355
yqjE_yqjK_yqjD_yqjC_predicted,5.25,23,3,TTTTCGCGTAATATCCTTAT,20,5215328
yqjE_yqjK_yqjD_yqjC_predicted,4.75,21,3,TTTTCCTAGGAGGCAACTTC,18,5194130
yqjE_yqjK_yqjD_yqjC_predicted,1.25,7,3,TTTTAGAACAATGGGCTCGA,4,5219838
yqjE_yqjK_yqjD_yqjC_predicted,56.25,227,3,TTTGTTCCAAAAGCTAGCCA,224,5255511
yqjE_yqjK_yqjD_yqjC_predicted,77.5,312,3,TTTGTATGTGTGGCTTGCTC,309,5238891
yqjE_yqjK_yqjD_yqjC_predicted,0.75,5,3,TTTGCACTTGTCTCACTGTA,2,5213146
yqjE_yqjK_yqjD_yqjC_predicted,2.5,12,3,TTTCTCGCCCGTTCCTAGAT,9,5236211
yqjE_yqjK_yqjD_yqjC_predicted,0.5,4,3,TTTCCAACTGGCGAAGCGTA,1,5197297
yqjE_yqjK_yqjD_yqjC_predicted,6.5,28,3,TTTCATCCACTTCCCTGCTG,25,5219669
yqjE_yqjK_yqjD_yqjC_predicted,39.5,160,3,TTTCAGAATAGATATGCTAT,157,5181334
yqjE_yqjK_yqjD_yqjC_predicted,0.5,4,3,TTTATTCACTATTGCTCCGG,1,5236031
yqjE_yqjK_yqjD_yqjC_predicted,5.75,25,3,TTTATGCCTAAGGCCACGGC,22,5180504
yqjE_yqjK_yqjD_yqjC_predicted,1.75,9,3,TTTATCGCTCTATCTAATTG,6,5191348
yqjE_yqjK_yqjD_yqjC_predicted,31.25,127,3,TTTAGGCAAGTTCCCGCTAG,124,5234366
yqjE_yqjK_yqjD_yqjC_predicted,24.25,99,3,TTTAATTCTGACGCTGGAGT,96,5181366
yqjE_yqjK_yqjD_yqjC_predicted,24.75,101,3,TTTAACACATGGATTGTAAA,98,5199046
yqjE_yqjK_yqjD_yqjC_predicted,6.5,28,3,TTGTTGCACATTCACTGATA,25,5230230
yqjE_yqjK_yqjD_yqjC_predicted,9.75,41,3,TTGTAGAGCCCGTAAGGTCT,38,5177844
yqjE_yqjK_yqjD_yqjC_predicted,13.75,57,3,TTGGTCTCAGGCCAATGCAA,54,5204234
yqjE_yqjK_yqjD_yqjC_predicted,6.5,28,3,TTGGGTCCGGAAACTTCTGG,25,5221416
yqjE_yqjK_yqjD_yqjC_predicted,1.0,6,3,TTGGCATTTTACCGAAACTT,3,5178294
yqjE_yqjK_yqjD_yqjC_predicted,20.5,84,3,TTGGCACCGCGTCCCAGTGG,81,5251522
yqjE_yqjK_yqjD_yqjC_predicted,14.25,59,3,TTGGAGGACAGATGGGTCCT,56,5248284
yqjE_yqjK_yqjD_yqjC_predicted,5.25,23,3,TTGGAAGAATTGTTCAAGAG,20,5182152
yqjE_yqjK_yqjD_yqjC_predicted,2.5,12,3,TTGCTTCTAAGCAACGTTAG,9,5172808
yqjE_yqjK_yqjD_yqjC_predicted,0.5,4,3,TTGCGGACTTCTCGGCGAAT,1,5257549
yqjE_yqjK_yqjD_yqjC_predicted,4.0,18,3,TTGCCGCTCATCGGTCACCG,15,5173692
yqjE_yqjK_yqjD_yqjC_predicted,3.5,16,3,TTGCACATGGGGCAGTGTGT,13,5192887
yqjE_yqjK_yqjD_yqjC_predicted,4.0,18,3,TTGCAAGAAAACGGCGGGAC,15,5247535
yqjE_yqjK_yqjD_yqjC_predicted,4.0,18,3,TTGAGCCCGCGTCGGACGAG,15,5237612
yqjE_yqjK_yqjD_yqjC_predicted,5.5,24,3,TTCTTGACCAGCAGCGCGGA,21,5224772
yqjE_yqjK_yqjD_yqjC_predicted,3.5,16,3,TTCTCGGATGGAGGACTTGT,13,5205562
yqjE_yqjK_yqjD_yqjC_predicted,2.5,12,3,TTCTCCCAAACATGGCTCGT,9,5234545
yqjE_yqjK_yqjD_yqjC_predicted,15.5,64,3,TTCTATTGACTAATTTGGTT,61,5206215
yqjE_yqjK_yqjD_yqjC_predicted,6.25,27,3,TTCGCCAGTTTGAATGCTAA,24,5174760
yqjE_yqjK_yqjD_yqjC_predicted,7.75,33,3,TTCCGCGCATCTTATAGGAT,30,5215463
yqjE_yqjK_yqjD_yqjC_predicted,1.0,6,3,TTCCCACATACATCCCGTTG,3,5235929
yqjE_yqjK_yqjD_yqjC_predicted,4.75,21,3,TTCATGCCAAATCGGTTTGG,18,5245367
yqjE_yqjK_yqjD_yqjC_predicted,6.0,26,3,TTCATGAGAGTATATTCTTC,23,5234843
yqjE_yqjK_yqjD_yqjC_predicted,18.25,75,3,TTCATAACGCTCTTAGAGAC,72,5251869
yqjE_yqjK_yqjD_yqjC_predicted,3.0,14,3,TTCAGTAAGCCGCGCCGACA,11,5228387
yqjE_yqjK_yqjD_yqjC_predicted,7.25,31,3,TTCAGATATGCGCTCGGGCT,28,5174517
yqjE_yqjK_yqjD_yqjC_predicted,2.75,13,3,TTCAGAAAGCAGACCCGCTC,10,5258049
yqjE_yqjK_yqjD_yqjC_predicted,3.5,16,3,TTCAAACTTTATAATCGGTA,13,5257935
yqjE_yqjK_yqjD_yqjC_predicted,6.75,29,3,TTATCCATCGTAATTGATGA,26,5259498
yqjE_yqjK_yqjD_yqjC_predicted,14.5,60,3,TTATATTTCTAGCATCGGTT,57,5232455
yqjE_yqjK_yqjD_yqjC_predicted,1.0,6,3,TTAGTTATTGAGTGTTCCCA,3,5233569
yqjE_yqjK_yqjD_yqjC_predicted,30.0,122,3,TTACTGTGGATAGCGCAGTT,119,5187255
yqjE_yqjK_yqjD_yqjC_predicted,2.25,11,3,TTACTGCTTCCCCTCGGACA,8,5179586
yqjE_yqjK_yqjD_yqjC_predicted,34.75,141,3,TTACCGGAAAAGTGGAATGA,138,5180845
yqjE_yqjK_yqjD_yqjC_predicted,2.0,10,3,TTACCCAGCGGAGAACATAA,7,5200416
yqjE_yqjK_yqjD_yqjC_predicted,13.5,56,3,TTAAGCACGGTGTTATCATG,53,5171938
yqjE_yqjK_yqjD_yqjC_predicted,5.75,25,3,TTAAGATCCTTAAAAAGCCT,22,5176839
yqjE_yqjK_yqjD_yqjC_predicted,5.75,25,3,TTAAATTAAACTGGTCCTCA,22,5245152
yqjE_yqjK_yqjD_yqjC_predicted,31.75,129,3,TTAAATGTCAGTATCGTTCA,126,5181358
yqjE_yqjK_yqjD_yqjC_predicted,7.75,33,3,TGTTGGGCATTTCACTTGCA,30,5189619
yqjE_yqjK_yqjD_yqjC_predicted,1.0,6,3,TGTTGATAGCGGGGCGGGCG,3,5225925
yqjE_yqjK_yqjD_yqjC_predicted,0.5,4,3,TGTTGATAGCAGGTTCCGAT,1,5179371
yqjE_yqjK_yqjD_yqjC_predicted,1.25,7,3,TGTTAACTGTAGGTTGATAA,4,5200095
yqjE_yqjK_yqjD_yqjC_predicted,5.0,22,3,TGTGTTGGTCTGAGGCCTGG,19,5194291
yqjE_yqjK_yqjD_yqjC_predicted,27.75,113,3,TGTGTTAAATTAGGAATCTG,110,5234347
yqjE_yqjK_yqjD_yqjC_predicted,0.75,5,3,TGTGGTTGCGGGACTCGCTA,2,5229310
yqjE_yqjK_yqjD_yqjC_predicted,22.5,92,3,TGTCTGACGGGGATCGTCCT,89,5176755
yqjE_yqjK_yqjD_yqjC_predicted,0.5,4,3,TGTCTCACACGCAGGCGAAG,1,5184644
yqjE_yqjK_yqjD_yqjC_predicted,10.25,43,3,TGTCGTCGTCAGAACTTAAT,40,5178937
yqjE_yqjK_yqjD_yqjC_predicted,0.75,5,3,TGTCGCCTAATACCAACATC,2,5202940
yqjE_yqjK_yqjD_yqjC_predicted,2.25,11,3,TGTCCCTACTTCTCTTCCTC,8,5246099
yqjE_yqjK_yqjD_yqjC_predicted,0.5,4,3,TGTCCATTGTCCACTGATTA,1,5260062
yqjE_yqjK_yqjD_yqjC_predicted,3.75,17,3,TGTCACCGTAACGTTCCTGC,14,5235633
yqjE_yqjK_yqjD_yqjC_predicted,14.5,60,3,TGTCAAAGCCGGGTACAGAA,57,5184633
yqjE_yqjK_yqjD_yqjC_predicted,2.5,12,3,TGTACTGAACGTCTGAAACT,9,5239443
yqjE_yqjK_yqjD_yqjC_predicted,0.75,5,3,TGGTGGGTGATCATAACCTA,2,5240366
yqjE_yqjK_yqjD_yqjC_predicted,2.0,10,3,TGGTCCGTTCGTGATGGAGC,7,5195616
yqjE_yqjK_yqjD_yqjC_predicted,1.25,7,3,TGGTACACGCTGGACGCTGA,4,5174926
yqjE_yqjK_yqjD_yqjC_predicted,4.75,21,3,TGGGTCTAAATGCTCGCTTC,18,5192749
yqjE_yqjK_yqjD_yqjC_predicted,5.75,25,3,TGGGTCCGAGTACTTTGTAA,22,5185890
yqjE_yqjK_yqjD_yqjC_predicted,8.5,36,3,TGGGGGGGTTAAGCACATTC,33,5191531
yqjE_yqjK_yqjD_yqjC_predicted,6.0,26,3,TGGGCTTGTTCTGTGAAGAG,23,5259731
yqjE_yqjK_yqjD_yqjC_predicted,5.75,25,3,TGGCCCAGCGTTGTCCTCTC,22,5212301
yqjE_yqjK_yqjD_yqjC_predicted,0.5,4,3,TGGCCAATCTTATGTCCAAA,1,5258839
yqjE_yqjK_yqjD_yqjC_predicted,4.25,19,3,TGGCATAACTATGCTTGTCG,16,5181201
yqjE_yqjK_yqjD_yqjC_predicted,2.75,13,3,TGGATGATTAGCAGCGTAGG,10,5238806
yqjE_yqjK_yqjD_yqjC_predicted,4.0,18,3,TGCTGCGGAACCGATCCACA,15,5196436
yqjE_yqjK_yqjD_yqjC_predicted,25.5,104,3,TGCTATATTTTCCAGTCTCT,101,5185996
yqjE_yqjK_yqjD_yqjC_predicted,0.5,4,3,TGCTACCAGATCTCTACCAC,1,5194990
yqjE_yqjK_yqjD_yqjC_predicted,1.5,8,3,TGCGTCTAGAGTTAGATTCC,5,5239665
yqjE_yqjK_yqjD_yqjC_predicted,0.5,4,3,TGCGCCTCGTACGGTATCGA,1,5260169
yqjE_yqjK_yqjD_yqjC_predicted,0.5,4,3,TGCGATCACGTAGTAAATAA,1,5248188
yqjE_yqjK_yqjD_yqjC_predicted,13.0,54,3,TGCGACCGGACGAGAGGACT,51,5254603
yqjE_yqjK_yqjD_yqjC_predicted,3.0,14,3,TGCCTGTTAGAGGTCCCTGT,11,5183467
yqjE_yqjK_yqjD_yqjC_predicted,0.75,5,3,TGCCTCTGGGTTGAAGAAAA,2,5243584
yqjE_yqjK_yqjD_yqjC_predicted,3.75,17,3,TGCCTCACGTCATCGTCCCC,14,5196847
yqjE_yqjK_yqjD_yqjC_predicted,9.5,40,3,TGCCTACGATCCTTAGGTTA,37,5254313
yqjE_yqjK_yqjD_yqjC_predicted,5.25,23,3,TGCCCTCCGCGGATGGTCTG,20,5192325
yqjE_yqjK_yqjD_yqjC_predicted,0.5,4,3,TGCCCGCTCTCTCCGCTTGC,1,5179239
yqjE_yqjK_yqjD_yqjC_predicted,9.75,41,3,TGCCCGCGATTAGCATTATC,38,5174938
yqjE_yqjK_yqjD_yqjC_predicted,14.75,61,3,TGCCATTCAGATTCTAGACC,58,5214170
yqjE_yqjK_yqjD_yqjC_predicted,3.25,15,3,TGCATCCGGAGAGTTTTTGG,12,5259002
yqjE_yqjK_yqjD_yqjC_predicted,3.25,15,3,TGCAATCTCGAACTTGCGCC,12,5171939
yqjE_yqjK_yqjD_yqjC_predicted,0.5,4,3,TGATTAGACAGTGAATGTAG,1,5236892
yqjE_yqjK_yqjD_yqjC_predicted,13.5,56,3,TGATGCTGATACATCGACAG,53,5226195
yqjE_yqjK_yqjD_yqjC_predicted,17.75,73,3,TGATCCTTGCTTATAGTGAA,70,5220810
yqjE_yqjK_yqjD_yqjC_predicted,2.5,12,3,TGAGTAATCTCTGGTATCAC,9,5205586
yqjE_yqjK_yqjD_yqjC_predicted,4.25,19,3,TGACCGAGGGTTAGATTAGG,16,5200096
yqjE_yqjK_yqjD_yqjC_predicted,42.75,173,3,TGACAAGAATAGGAAGAAAG,170,5191970
yqjE_yqjK_yqjD_yqjC_predicted,1.5,8,3,TGAAGCATCGAGTCATGCGT,5,5236887
yqjE_yqjK_yqjD_yqjC_predicted,26.0,106,3,TGAAGCAACGACCATCGGAA,103,5241852
yqjE_yqjK_yqjD_yqjC_predicted,25.25,103,3,TCTTGGACCATCCACACTGT,100,5187728
yqjE_yqjK_yqjD_yqjC_predicted,4.25,19,3,TCTTGCACCCGATTTAACCT,16,5198692
yqjE_yqjK_yqjD_yqjC_predicted,1.0,6,3,TCTGTATTTCGATCTTACCT,3,5215843
yqjE_yqjK_yqjD_yqjC_predicted,7.75,33,3,TCTGGGGACGTTCGCTACAA,30,5223528
yqjE_yqjK_yqjD_yqjC_predicted,0.5,4,3,TCTGGATGCCCAGGTCAAGC,1,5184476
yqjE_yqjK_yqjD_yqjC_predicted,4.5,20,3,TCTGGACGTTAAGGGAATCT,17,5205648
yqjE_yqjK_yqjD_yqjC_predicted,7.5,32,3,TCTGAAGCAGGATGTGTAGT,29,5214334
yqjE_yqjK_yqjD_yqjC_predicted,5.75,25,3,TCTCATTCTCATGGACATTC,22,5217615
yqjE_yqjK_yqjD_yqjC_predicted,10.0,42,3,TCTACAGACTGTTAATCCGT,39,5200464
yqjE_yqjK_yqjD_yqjC_predicted,3.0,14,3,TCGTTACAACGAGTCATCCC,11,5176202
yqjE_yqjK_yqjD_yqjC_predicted,6.5,28,3,TCGTGTCCATACTATGACCT,25,5187254
yqjE_yqjK_yqjD_yqjC_predicted,8.5,36,3,TCGTGCAATGACGAATTGAA,33,5194640
yqjE_yqjK_yqjD_yqjC_predicted,5.5,24,3,TCGGTGTGACGTCCCCGATG,21,5204520
yqjE_yqjK_yqjD_yqjC_predicted,2.75,13,3,TCGGTCGTGCTGAGTAGAGG,10,5174087
yqjE_yqjK_yqjD_yqjC_predicted,9.0,38,3,TCGGGTGATCCAGTGTCCGA,35,5243323
yqjE_yqjK_yqjD_yqjC_predicted,31.0,126,3,TCGGGTCGTCCTCAGGGACT,123,5262656
yqjE_yqjK_yqjD_yqjC_predicted,20.5,84,3,TCGGGGTTTTCATAAGCATG,81,5246012
yqjE_yqjK_yqjD_yqjC_predicted,2.5,12,3,TCGGAGCGTCAGCATCCATA,9,5226662
yqjE_yqjK_yqjD_yqjC_predicted,13.75,57,3,TCGCGGTGCGTATCATGACA,54,5240290
yqjE_yqjK_yqjD_yqjC_predicted,4.0,18,3,TCGCCTCAAGGTACCGGTTG,15,5197660
yqjE_yqjK_yqjD_yqjC_predicted,4.0,18,3,TCGCACTGCAACAGGCTACA,15,5204271
yqjE_yqjK_yqjD_yqjC_predicted,1.0,6,3,TCGATCTGTAACTGAGATTT,3,5244043
yqjE_yqjK_yqjD_yqjC_predicted,5.0,22,3,TCGACGCAACCGATAACAGT,19,5189013
yqjE_yqjK_yqjD_yqjC_predicted,11.0,46,3,TCGACAAGGGACTATTAATT,43,5181346
yqjE_yqjK_yqjD_yqjC_predicted,5.75,25,3,TCCTGGCCACCCTGCGATAC,22,5194679
yqjE_yqjK_yqjD_yqjC_predicted,9.5,40,3,TCCGGACAAGCCCCATATGC,37,5202642
yqjE_yqjK_yqjD_yqjC_predicted,6.0,26,3,TCCGCTCTAGGATAAGGCTA,23,5247804
yqjE_yqjK_yqjD_yqjC_predicted,8.5,36,3,TCCGCCGGTCCAATGTGCAT,33,5177849
yqjE_yqjK_yqjD_yqjC_predicted,11.0,46,3,TCCGCCGAACGTCGGCGGCT,43,5261774
yqjE_yqjK_yqjD_yqjC_predicted,7.75,33,3,TCCGCCCGCCGCATGCAGAT,30,5238717
yqjE_yqjK_yqjD_yqjC_predicted,0.5,4,3,TCCGATATAGAGGGATCCGG,1,5213069
yqjE_yqjK_yqjD_yqjC_predicted,10.5,44,3,TCCGACTCATGGAGATCTGT,41,5244360
yqjE_yqjK_yqjD_yqjC_predicted,5.0,22,3,TCCCGCGGGTAGTCAAGTAT,19,5243220
yqjE_yqjK_yqjD_yqjC_predicted,7.0,30,3,TCCCCAGTGAGACGCGGTGA,27,5208669
yqjE_yqjK_yqjD_yqjC_predicted,5.75,25,3,TCCACTTGCACCTGAGCCGA,22,5212224
yqjE_yqjK_yqjD_yqjC_predicted,8.75,37,3,TCCACCACATTATTCCCATA,34,5233294
yqjE_yqjK_yqjD_yqjC_predicted,5.0,22,3,TCCAAGTTTCACCCCACGAA,19,5203318
yqjE_yqjK_yqjD_yqjC_predicted,6.75,29,3,TCCAAGGTAACACCGCTTCA,26,5247770
yqjE_yqjK_yqjD_yqjC_predicted,7.0,30,3,TCATTACCCAGGTATTTCCT,27,5201108
yqjE_yqjK_yqjD_yqjC_predicted,47.0,190,3,TCATGTGCGTGGTGAGTTGC,187,5256911
yqjE_yqjK_yqjD_yqjC_predicted,0.5,4,3,TCATGGCATGTTCAATAGTT,1,5234379
yqjE_yqjK_yqjD_yqjC_predicted,3.25,15,3,TCATGCTGTATGACGACGTA,12,5237155
yqjE_yqjK_yqjD_yqjC_predicted,8.0,34,3,TCAGTTGCAAGCCGAGTAAA,31,5201705
yqjE_yqjK_yqjD_yqjC_predicted,1.25,7,3,TCAGTCTGTGACAATGTCGT,4,5185082
yqjE_yqjK_yqjD_yqjC_predicted,22.75,93,3,TCAGACCTGGCTTGCGTACG,90,5233036
yqjE_yqjK_yqjD_yqjC_predicted,5.0,22,3,TCACTGCAGTAAATCTGCGG,19,5234344
yqjE_yqjK_yqjD_yqjC_predicted,7.25,31,3,TCACGAACTTCCAACATTTA,28,5191133
yqjE_yqjK_yqjD_yqjC_predicted,4.5,20,3,TCACCACATGAGAAAGTCAC,17,5245636
yqjE_yqjK_yqjD_yqjC_predicted,6.0,26,3,TCAATCGACATTAGGTGGCG,23,5212043
yqjE_yqjK_yqjD_yqjC_predicted,6.25,27,3,TCAAGTCAAAGCTAGTGTAC,24,5200283
yqjE_yqjK_yqjD_yqjC_predicted,5.75,25,3,TCAAGGTGGTATGTTGGGAT,22,5257305
yqjE_yqjK_yqjD_yqjC_predicted,10.75,45,3,TCAACCATAATACCACACTA,42,5219031
yqjE_yqjK_yqjD_yqjC_predicted,2.75,13,3,TCAACATTCATTTATATTGC,10,5211755
yqjE_yqjK_yqjD_yqjC_predicted,2.5,12,3,TCAAATTTTGAGAGGCCCAA,9,5241562
yqjE_yqjK_yqjD_yqjC_predicted,7.0,30,3,TCAAATTACATTCTGTCCAA,27,5232594
yqjE_yqjK_yqjD_yqjC_predicted,4.75,21,3,TATTTGGATGGGGTATGGTT,18,5228897
yqjE_yqjK_yqjD_yqjC_predicted,2.25,11,3,TATTATGTGGAGGAGTCTCC,8,5260030
yqjE_yqjK_yqjD_yqjC_predicted,6.75,29,3,TATGTTTCACCTTCGATCAT,26,5186018
yqjE_yqjK_yqjD_yqjC_predicted,2.25,11,3,TATGTTATGAGCATGGGTCC,8,5243904
yqjE_yqjK_yqjD_yqjC_predicted,6.75,29,3,TATGTAGCGGACTTGAGAGT,26,5218490
yqjE_yqjK_yqjD_yqjC_predicted,0.75,5,3,TATCTAGGCGCACAGCCAAC,2,5174967
yqjE_yqjK_yqjD_yqjC_predicted,5.25,23,3,TATCGCACTTTGATGATATT,20,5208097
yqjE_yqjK_yqjD_yqjC_predicted,2.5,12,3,TATCCCTAGCAGGGTACGAA,9,5231896
yqjE_yqjK_yqjD_yqjC_predicted,13.5,56,3,TATATTCTCAACCGTGGAAA,53,5254267
yqjE_yqjK_yqjD_yqjC_predicted,3.0,14,3,TATATTCCTTTTAGGGGTCC,11,5234018
yqjE_yqjK_yqjD_yqjC_predicted,4.5,20,3,TATATGTGCCGGATTTGCCT,17,5175255
yqjE_yqjK_yqjD_yqjC_predicted,4.0,18,3,TATAGTTTATGATTTGCACC,15,5180268
yqjE_yqjK_yqjD_yqjC_predicted,25.5,104,3,TATAGGCTTCTTGGTCGTTT,101,5174820
yqjE_yqjK_yqjD_yqjC_predicted,4.25,19,3,TATAGACGGTGCCTCGGTGT,16,5176286
yqjE_yqjK_yqjD_yqjC_predicted,0.5,4,3,TAGGTGCTATGTTCAAGGAT,1,5219710
yqjE_yqjK_yqjD_yqjC_predicted,1.5,8,3,TAGGTCACGAGCCAACGAGT,5,5254479
yqjE_yqjK_yqjD_yqjC_predicted,7.5,32,3,TAGGTACTGTGCGCAGCATA,29,5201383
yqjE_yqjK_yqjD_yqjC_predicted,10.75,45,3,TAGGAGGCATTAAAAGCGGA,42,5219199
yqjE_yqjK_yqjD_yqjC_predicted,1.0,6,3,TAGCGCCCGTAACTAGCTGT,3,5190159
yqjE_yqjK_yqjD_yqjC_predicted,2.5,12,3,TAGCGCACGTTTATTGCTGT,9,5185023
yqjE_yqjK_yqjD_yqjC_predicted,3.5,16,3,TAGCAGCTCCCCCTACTCCT,13,5204282
yqjE_yqjK_yqjD_yqjC_predicted,40.5,164,3,TAGAGTATCCAGCATTAGTG,161,5174818
yqjE_yqjK_yqjD_yqjC_predicted,14.0,58,3,TAGACGTGTAAGATTTAAGG,55,5249484
yqjE_yqjK_yqjD_yqjC_predicted,5.25,23,3,TAGACCCCATCAAAGCCAAG,20,5232314
yqjE_yqjK_yqjD_yqjC_predicted,5.0,22,3,TACTTTCAATGACGCAAATT,19,5171455
yqjE_yqjK_yqjD_yqjC_predicted,5.75,25,3,TACTCGCCCGCACAATACGA,22,5246292
yqjE_yqjK_yqjD_yqjC_predicted,6.75,29,3,TACTCCGCATGTCGTGTAGC,26,5185777
yqjE_yqjK_yqjD_yqjC_predicted,10.75,45,3,TACGTTCTTGTTTACCGGAA,42,5242667
yqjE_yqjK_yqjD_yqjC_predicted,3.5,16,3,TACGTCGTCTCATTAGGTAG,13,5171368
yqjE_yqjK_yqjD_yqjC_predicted,0.5,4,3,TACGACAAAGATCACATTGA,1,5208824
yqjE_yqjK_yqjD_yqjC_predicted,13.75,57,3,TACCTTGTTTTGCGCCATGC,54,5183028
yqjE_yqjK_yqjD_yqjC_predicted,1.5,8,3,TACCTATTAAAGGGTAGGAT,5,5215470
yqjE_yqjK_yqjD_yqjC_predicted,9.25,39,3,TACCGGGCAACTACGACTAT,36,5195300
yqjE_yqjK_yqjD_yqjC_predicted,24.75,101,3,TACCAGCGGGTCGGCACCTG,98,5255527
yqjE_yqjK_yqjD_yqjC_predicted,2.5,12,3,TACCACGGCGAATGTCCGAT,9,5218231
yqjE_yqjK_yqjD_yqjC_predicted,7.75,33,3,TACCACATCAGTGGCCTTCG,30,5176146
yqjE_yqjK_yqjD_yqjC_predicted,6.25,27,3,TACATGAGGTTTAAAGATAT,24,5223052
yqjE_yqjK_yqjD_yqjC_predicted,20.0,82,3,TAATTGAGGCAACCAATACC,79,5233030
yqjE_yqjK_yqjD_yqjC_predicted,1.0,6,3,TAATTAGCCACCCACGCACA,3,5237268
yqjE_yqjK_yqjD_yqjC_predicted,8.25,35,3,TAAGTTTCTGCTATATTTGG,32,5190869
yqjE_yqjK_yqjD_yqjC_predicted,20.25,83,3,TAAGTCGAGCGCCATCCCGT,80,5189998
yqjE_yqjK_yqjD_yqjC_predicted,0.5,4,3,TAAGGAAGATAGTTGGCTAG,1,5234724
yqjE_yqjK_yqjD_yqjC_predicted,20.0,82,3,TAAGCGGTCATCAGCATCGC,79,5234805
yqjE_yqjK_yqjD_yqjC_predicted,0.5,4,3,TAAGCACGCATATACCGGTT,1,5244382
yqjE_yqjK_yqjD_yqjC_predicted,5.25,23,3,TAAGAGACCCGCAGCTCACC,20,5244542
yqjE_yqjK_yqjD_yqjC_predicted,4.75,21,3,TAACTCATATAAAGAGGTGG,18,5206903
yqjE_yqjK_yqjD_yqjC_predicted,8.5,36,3,TAACCAGAGTAGCATAAATT,33,5177876
yqjE_yqjK_yqjD_yqjC_predicted,11.25,47,3,TAACAGGAGCAATTTTAATC,44,5214316
yqjE_yqjK_yqjD_yqjC_predicted,0.5,4,3,TAAATAAGAACCGTCAAGCT,1,5248468
yqjE_yqjK_yqjD_yqjC_predicted,4.25,19,3,GTTTCTTGTTTGAGTGGCCA,16,5227577
yqjE_yqjK_yqjD_yqjC_predicted,0.75,5,3,GTTTCATGCGACGAACACAT,2,5223916
yqjE_yqjK_yqjD_yqjC_predicted,0.5,4,3,GTTTAATAGATGGCACACAC,1,5228205
yqjE_yqjK_yqjD_yqjC_predicted,94.25,379,3,GTTGTCGGTAAAGCCGGACT,376,5262702
yqjE_yqjK_yqjD_yqjC_predicted,3.0,14,3,GTTGTATCCACGCCATGGCG,11,5198234
yqjE_yqjK_yqjD_yqjC_predicted,0.5,4,3,GTTGTACCGCAAACGGCGGG,1,5189480
yqjE_yqjK_yqjD_yqjC_predicted,1.5,8,3,GTTGGTTCCGTCTCATGCCT,5,5186236
yqjE_yqjK_yqjD_yqjC_predicted,21.5,88,3,GTTGACAGTGTATGACCCAT,85,5256529
yqjE_yqjK_yqjD_yqjC_predicted,3.75,17,3,GTTCGTTCATATGGACCAAC,14,5214024
yqjE_yqjK_yqjD_yqjC_predicted,2.25,11,3,GTTCGCCTGAGCTGGCCGGT,8,5234401
yqjE_yqjK_yqjD_yqjC_predicted,8.0,34,3,GTTATGGTAATCGCAGCGAA,31,5204670
yqjE_yqjK_yqjD_yqjC_predicted,8.25,35,3,GTTATATGGATACATGATTT,32,5231891
yqjE_yqjK_yqjD_yqjC_predicted,3.5,16,3,GTTACCTGTTGTATGGAGAA,13,5171698
yqjE_yqjK_yqjD_yqjC_predicted,36.0,146,3,GTGTTGAAGGCAATCAGCCC,143,5186130
yqjE_yqjK_yqjD_yqjC_predicted,0.75,5,3,GTGTCTCGGCACGTGGGCAG,2,5224275
yqjE_yqjK_yqjD_yqjC_predicted,2.0,10,3,GTGTCATTATCTTGAAGTCG,7,5204347
yqjE_yqjK_yqjD_yqjC_predicted,12.75,53,3,GTGGGCGAGTACCGAGTTCG,50,5261738
yqjE_yqjK_yqjD_yqjC_predicted,7.0,30,3,GTGGCTCGAACTATTGGGCT,27,5208583
yqjE_yqjK_yqjD_yqjC_predicted,14.25,59,3,GTGGCCCGTATAGTCAACTT,56,5197612
yqjE_yqjK_yqjD_yqjC_predicted,3.0,14,3,GTGGCATTGCCGCCGCAATG,11,5247139
yqjE_yqjK_yqjD_yqjC_predicted,8.25,35,3,GTGGAGAGTACGATTAGCCA,32,5237115
yqjE_yqjK_yqjD_yqjC_predicted,7.5,32,3,GTGCGTCGTGACATCCTCAA,29,5184870
yqjE_yqjK_yqjD_yqjC_predicted,6.25,27,3,GTGCAGAATTTCAAGGCCCG,24,5175818
yqjE_yqjK_yqjD_yqjC_predicted,1.0,6,3,GTGCAAGGTTCTGAAGGATT,3,5190628
yqjE_yqjK_yqjD_yqjC_predicted,11.25,47,3,GTGATTCCGAGAGTAGCTAT,44,5212673
yqjE_yqjK_yqjD_yqjC_predicted,8.5,36,3,GTGACTGATACTCGGAGATC,33,5187465
yqjE_yqjK_yqjD_yqjC_predicted,2.5,12,3,GTGACGTTTCAGAGGTATTA,9,5256536
yqjE_yqjK_yqjD_yqjC_predicted,3.75,17,3,GTGACGCTCTTCGTGTTAGT,14,5257698
yqjE_yqjK_yqjD_yqjC_predicted,3.5,16,3,GTGAAATTCTCGCCACCCGG,13,5218275
yqjE_yqjK_yqjD_yqjC_predicted,2.5,12,3,GTCTTGACGGTGATATGCTT,9,5208130
yqjE_yqjK_yqjD_yqjC_predicted,20.25,83,3,GTCTGGTGTTATAGGGGTTT,80,5235279
yqjE_yqjK_yqjD_yqjC_predicted,7.25,31,3,GTCTGATGGTTGTGACAGGG,28,5233296
yqjE_yqjK_yqjD_yqjC_predicted,4.75,21,3,GTCTCGCAAACTTGGTGCCA,18,5233303
yqjE_yqjK_yqjD_yqjC_predicted,3.0,14,3,GTCTCCCATGAGAGTTCGCC,11,5194039
yqjE_yqjK_yqjD_yqjC_predicted,12.5,52,3,GTCTATGGATTGTCCAGCTG,49,5181000
yqjE_yqjK_yqjD_yqjC_predicted,2.0,10,3,GTCGTACCGGACCCTTGATT,7,5252383
yqjE_yqjK_yqjD_yqjC_predicted,2.75,13,3,GTCCCCAGGCCTAGCAACAC,10,5189994
yqjE_yqjK_yqjD_yqjC_predicted,1.75,9,3,GTCCATGAAATCTCACTACC,6,5189368
yqjE_yqjK_yqjD_yqjC_predicted,1.75,9,3,GTCCAGTGGTTGGTCTGTCA,6,5222719
yqjE_yqjK_yqjD_yqjC_predicted,0.75,5,3,GTCATCCCGGTCTATTGCTC,2,5189052
yqjE_yqjK_yqjD_yqjC_predicted,0.5,4,3,GTCAGTCTGTAAAGTAAATA,1,5215520
yqjE_yqjK_yqjD_yqjC_predicted,3.0,14,3,GTCAGTCATGTTGCGAGTTT,11,5214670
yqjE_yqjK_yqjD_yqjC_predicted,3.75,17,3,GTCAGCCGGTCCGAACGCCT,14,5237524
yqjE_yqjK_yqjD_yqjC_predicted,20.5,84,3,GTCACGTATACACGCCAGGT,81,5183929
yqjE_yqjK_yqjD_yqjC_predicted,4.25,19,3,GTATTTTCGTGACCTTACCC,16,5183669
yqjE_yqjK_yqjD_yqjC_predicted,16.75,69,3,GTATGGATCTAGTTCGACTG,66,5242528
yqjE_yqjK_yqjD_yqjC_predicted,3.5,16,3,GTAGGGATCTAAATCTTAAC,13,5202910
yqjE_yqjK_yqjD_yqjC_predicted,8.25,35,3,GTAGCGGAAACTACCATTGG,32,5224785
yqjE_yqjK_yqjD_yqjC_predicted,3.0,14,3,GTACTCCTGGTGATTCAGAA,11,5187880
yqjE_yqjK_yqjD_yqjC_predicted,4.25,19,3,GTACGGGAGCACGCTTTTGC,16,5237184
yqjE_yqjK_yqjD_yqjC_predicted,0.5,4,3,GTACATCACGGGTATACAGT,1,5199093
yqjE_yqjK_yqjD_yqjC_predicted,5.75,25,3,GTAAGGTTCTTCCAGGGCAG,22,5175451
yqjE_yqjK_yqjD_yqjC_predicted,2.0,10,3,GTAACATTAAAAGGGTCGAT,7,5214254
yqjE_yqjK_yqjD_yqjC_predicted,10.75,45,3,GTAAATGATCGTGTGAGGTG,42,5210190
yqjE_yqjK_yqjD_yqjC_predicted,6.0,26,3,GGTGGGCCGTGACGTTTGCT,23,5198495
yqjE_yqjK_yqjD_yqjC_predicted,33.5,136,3,GGTGCGTTCACTCTGCCGGT,133,5191934
yqjE_yqjK_yqjD_yqjC_predicted,6.0,26,3,GGTGCAACCCTCGCACGGCT,23,5206877
yqjE_yqjK_yqjD_yqjC_predicted,4.25,19,3,GGTGAGTCCAGCCGCTAAGT,16,5212616
yqjE_yqjK_yqjD_yqjC_predicted,10.0,42,3,GGTGACTGCTGGTACGATGT,39,5221848
yqjE_yqjK_yqjD_yqjC_predicted,18.5,76,3,GGTCGCGGTGCGTCTTCTCG,73,5189405
yqjE_yqjK_yqjD_yqjC_predicted,4.25,19,3,GGTCATTCACTGCGTCCTCA,16,5193247
yqjE_yqjK_yqjD_yqjC_predicted,5.25,23,3,GGTCACATTCATCTACTTGA,20,5205613
yqjE_yqjK_yqjD_yqjC_predicted,4.25,19,3,GGTATTGGGCACACGCGAAT,16,5212148
yqjE_yqjK_yqjD_yqjC_predicted,3.25,15,3,GGTATCAAACGCCGTCCCCT,12,5175454
yqjE_yqjK_yqjD_yqjC_predicted,3.5,16,3,GGTAAGAACAGGTACGACTA,13,5243982
yqjE_yqjK_yqjD_yqjC_predicted,4.0,18,3,GGTAACGAGGCCGATAAATC,15,5239339
yqjE_yqjK_yqjD_yqjC_predicted,6.0,26,3,GGGTCCGATAATAGGACGTA,23,5237100
yqjE_yqjK_yqjD_yqjC_predicted,9.75,41,3,GGGTAGTTTGACAGAGGTAG,38,5198550
yqjE_yqjK_yqjD_yqjC_predicted,5.5,24,3,GGGTACAAGAGGATACTTGC,21,5171393
yqjE_yqjK_yqjD_yqjC_predicted,9.5,40,3,GGGTAATTGCTTACGTGGAA,37,5244309
yqjE_yqjK_yqjD_yqjC_predicted,34.0,138,3,GGGGTATCAACACTCACAAT,135,5181336
yqjE_yqjK_yqjD_yqjC_predicted,3.25,15,3,GGGGGAATCTGACATCATGC,12,5231090
yqjE_yqjK_yqjD_yqjC_predicted,5.5,24,3,GGGGCCACGTTAAAAAGTTC,21,5202092
yqjE_yqjK_yqjD_yqjC_predicted,0.75,5,3,GGGGAAGAAGTCGTCTAGGA,2,5178919
yqjE_yqjK_yqjD_yqjC_predicted,7.25,31,3,GGGAGGGATCTCTACTACTT,28,5255825
yqjE_yqjK_yqjD_yqjC_predicted,2.75,13,3,GGGAACATGGGATGTTACTT,10,5191238
yqjE_yqjK_yqjD_yqjC_predicted,4.75,21,3,GGCTTCACGCAACCCACTCG,18,5259491
yqjE_yqjK_yqjD_yqjC_predicted,4.5,20,3,GGCTTAGGCAGTTTTTGGTA,17,5173023
yqjE_yqjK_yqjD_yqjC_predicted,4.75,21,3,GGCTCTCAACGCGTAAGCTT,18,5177489
yqjE_yqjK_yqjD_yqjC_predicted,4.5,20,3,GGCGTGAGGTTCACGGATAG,17,5172960
yqjE_yqjK_yqjD_yqjC_predicted,7.75,33,3,GGCGGGAGTACGTGGTGCCT,30,5188369
yqjE_yqjK_yqjD_yqjC_predicted,8.75,37,3,GGCGGCACGCTTAACATCGG,34,5189607
yqjE_yqjK_yqjD_yqjC_predicted,7.5,32,3,GGCGGATTGAGTGCCAGTCC,29,5238110
yqjE_yqjK_yqjD_yqjC_predicted,2.75,13,3,GGCGCAGTGTATACACCACT,10,5191132
yqjE_yqjK_yqjD_yqjC_predicted,4.5,20,3,GGCCGACCAGATAGGGTCCC,17,5196427
yqjE_yqjK_yqjD_yqjC_predicted,5.5,24,3,GGCCCTTTAGAGTTACCACA,21,5202074
yqjE_yqjK_yqjD_yqjC_predicted,4.75,21,3,GGCCCTCACGCGGCAGCACC,18,5246283
yqjE_yqjK_yqjD_yqjC_predicted,4.0,18,3,GGCCCCATTTCTTCAGAGTT,15,5202063
yqjE_yqjK_yqjD_yqjC_predicted,3.25,15,3,GGCAGCTCACTTCGCTTGTA,12,5201726
yqjE_yqjK_yqjD_yqjC_predicted,4.75,21,3,GGCAGATGTGGTCAATCGCA,18,5210912
yqjE_yqjK_yqjD_yqjC_predicted,12.5,52,3,GGCAATCGATCGAGGTTGGA,49,5180978
yqjE_yqjK_yqjD_yqjC_predicted,0.5,4,3,GGATTTTGGTTTCACGGTGA,1,5239360
yqjE_yqjK_yqjD_yqjC_predicted,3.25,15,3,GGATTATAGAAGTCACCGCG,12,5203922
yqjE_yqjK_yqjD_yqjC_predicted,6.75,29,3,GGATGAGAAACAGATGAGGA,26,5243408
yqjE_yqjK_yqjD_yqjC_predicted,4.25,19,3,GGATATGTCGATGGGTAATC,16,5219036
yqjE_yqjK_yqjD_yqjC_predicted,7.75,33,3,GGATAACCGCGTGAATGACT,30,5207891
yqjE_yqjK_yqjD_yqjC_predicted,5.0,22,3,GGAGTCACGCCGGTCGATCT,19,5256695
yqjE_yqjK_yqjD_yqjC_predicted,92.5,372,3,GGAGTAAAAGGTTAAACGGA,369,5235258
yqjE_yqjK_yqjD_yqjC_predicted,0.5,4,3,GGAGGACGTAGAAACTCAAA,1,5171337
yqjE_yqjK_yqjD_yqjC_predicted,6.0,26,3,GGACTATTATTCCTAACCCA,23,5189128
yqjE_yqjK_yqjD_yqjC_predicted,8.75,37,3,GGACGTATGAAGTTATTGCT,34,5178256
yqjE_yqjK_yqjD_yqjC_predicted,9.5,40,3,GGACCGTTAACCGCGGGGGG,37,5220767
yqjE_yqjK_yqjD_yqjC_predicted,5.5,24,3,GGACCCTTCTAACGATCCCG,21,5221614
yqjE_yqjK_yqjD_yqjC_predicted,2.0,10,3,GGACCCCTTAGTATAGGGTA,7,5237766
yqjE_yqjK_yqjD_yqjC_predicted,1.25,7,3,GGACCAAGAGTAGGGGCGGG,4,5185994
yqjE_yqjK_yqjD_yqjC_predicted,6.5,28,3,GGACAGGCTACTCAAATCGA,25,5191263
yqjE_yqjK_yqjD_yqjC_predicted,21.5,88,3,GGACAAAATGGTATGACTCT,85,5174801
yqjE_yqjK_yqjD_yqjC_predicted,10.75,45,3,GGAAGCCCGATACCAGGGAC,42,5221674
yqjE_yqjK_yqjD_yqjC_predicted,0.5,4,3,GCTTTCTAATGTAACCTTTA,1,5257166
yqjE_yqjK_yqjD_yqjC_predicted,1.25,7,3,GCTTGCCACACCGCGACGCG,4,5181740
yqjE_yqjK_yqjD_yqjC_predicted,6.25,27,3,GCTTCGCCTCGGATCGGTTT,24,5211800
yqjE_yqjK_yqjD_yqjC_predicted,15.0,62,3,GCTGTATGTTATCACAGTAC,59,5202554
yqjE_yqjK_yqjD_yqjC_predicted,7.75,33,3,GCTCGTATCCAGACGCTACG,30,5262703
yqjE_yqjK_yqjD_yqjC_predicted,3.75,17,3,GCTATTACGAATGAGGTCAC,14,5234896
yqjE_yqjK_yqjD_yqjC_predicted,8.0,34,3,GCTACCTCCGAGAATTTAAG,31,5190462
yqjE_yqjK_yqjD_yqjC_predicted,0.5,4,3,GCTACATCCAGACATGGGGT,1,5219840
yqjE_yqjK_yqjD_yqjC_predicted,1.25,7,3,GCTACAAAGGCATGTAAGAG,4,5178450
yqjE_yqjK_yqjD_yqjC_predicted,14.0,58,3,GCGTTTCAGGGGCTTCTCGT,55,5218806
yqjE_yqjK_yqjD_yqjC_predicted,10.75,45,3,GCGGTTAAAGAGTGCCTGCG,42,5219161
yqjE_yqjK_yqjD_yqjC_predicted,9.5,40,3,GCGCGTTTTTCACATCCGCT,37,5238807
yqjE_yqjK_yqjD_yqjC_predicted,8.0,34,3,GCGCCAGAACTAACGGGTTG,31,5182435
yqjE_yqjK_yqjD_yqjC_predicted,4.5,20,3,GCGCAGGGGGGCAGTTTTTC,17,5229262
yqjE_yqjK_yqjD_yqjC_predicted,2.0,10,3,GCGCAAGTACCTGAAATTAA,7,5245501
yqjE_yqjK_yqjD_yqjC_predicted,6.0,26,3,GCGATATCGACTTGGCTTGA,23,5197528
yqjE_yqjK_yqjD_yqjC_predicted,8.25,35,3,GCCTTCTCGGGTAACCCTAT,32,5223507
yqjE_yqjK_yqjD_yqjC_predicted,5.25,23,3,GCCTGGTACCACAGATGACT,20,5233803
yqjE_yqjK_yqjD_yqjC_predicted,8.75,37,3,GCCTCTCGTTACAACCGTAG,34,5196593
yqjE_yqjK_yqjD_yqjC_predicted,11.0,46,3,GCCGTATCGGGCGGAACAGC,43,5197265
yqjE_yqjK_yqjD_yqjC_predicted,26.25,107,3,GCCGAGGAAAGGCGCCTGCC,104,5247549
yqjE_yqjK_yqjD_yqjC_predicted,2.0,10,3,GCCGACTCGTTTTAAACATC,7,5192948
yqjE_yqjK_yqjD_yqjC_predicted,14.5,60,3,GCCCTGTCAAACTATAAGAT,57,5217304
yqjE_yqjK_yqjD_yqjC_predicted,3.0,14,3,GCCAAATGGTCACGACAGAC,11,5242435
yqjE_yqjK_yqjD_yqjC_predicted,4.0,18,3,GCATCCGGAGGGCAGACTCG,15,5220762
yqjE_yqjK_yqjD_yqjC_predicted,2.75,13,3,GCAGGTGAACTACTGGTCAA,10,5224489
yqjE_yqjK_yqjD_yqjC_predicted,10.0,42,3,GCAGCACGAAGGTCTTTGCG,39,5212302
yqjE_yqjK_yqjD_yqjC_predicted,20.5,84,3,GCACTGGTGCCTCACGCATA,81,5210973
yqjE_yqjK_yqjD_yqjC_predicted,8.0,34,3,GCACGAAGAGATGTGCATAC,31,5203740
yqjE_yqjK_yqjD_yqjC_predicted,5.75,25,3,GCACCGCTCCCCCCGAATGA,22,5185993
yqjE_yqjK_yqjD_yqjC_predicted,9.75,41,3,GCACATAAACGTATTGGAAA,38,5244794
yqjE_yqjK_yqjD_yqjC_predicted,6.75,29,3,GCAATTAGGTTCCTGGCTGG,26,5252074
yqjE_yqjK_yqjD_yqjC_predicted,2.5,12,3,GCAACTTTCCTCACATTGGT,9,5224952
yqjE_yqjK_yqjD_yqjC_predicted,8.0,34,3,GATGTGACTGTGGATATCTA,31,5248329
yqjE_yqjK_yqjD_yqjC_predicted,1.75,9,3,GATGCTCGAACGGACAAGTC,6,5195477
yqjE_yqjK_yqjD_yqjC_predicted,9.0,38,3,GATGCGTGTGTCAACGGCCG,35,5186010
yqjE_yqjK_yqjD_yqjC_predicted,0.5,4,3,GATCGCGACCTGAGTATATG,1,5212196
yqjE_yqjK_yqjD_yqjC_predicted,7.25,31,3,GATCGCAACACTCTACACTC,28,5197659
yqjE_yqjK_yqjD_yqjC_predicted,0.5,4,3,GATCCTCGGTCGTAGGGATA,1,5257997
yqjE_yqjK_yqjD_yqjC_predicted,0.5,4,3,GATCCGTAGTGCTTACCACA,1,5199243
yqjE_yqjK_yqjD_yqjC_predicted,3.5,16,3,GATCCGGTGCTTCAGGACAG,13,5192013
yqjE_yqjK_yqjD_yqjC_predicted,1.0,6,3,GATCCCGACTCGAAAACCCG,3,5210853
yqjE_yqjK_yqjD_yqjC_predicted,14.5,60,3,GATCCAGTTTTCTGGGCTTG,57,5180098
yqjE_yqjK_yqjD_yqjC_predicted,13.25,55,3,GATATAGACCCATCATCTTG,52,5179350
yqjE_yqjK_yqjD_yqjC_predicted,22.5,92,3,GATAGGGGCATGGCACTTCG,89,5186116
yqjE_yqjK_yqjD_yqjC_predicted,4.0,18,3,GATAGCCTGAATGACCTTCG,15,5182354
yqjE_yqjK_yqjD_yqjC_predicted,52.0,210,3,GATACTGGCAAACTATTGTT,207,5197234
yqjE_yqjK_yqjD_yqjC_predicted,10.75,45,3,GATAAAAGTCGCAGCATGGT,42,5247534
yqjE_yqjK_yqjD_yqjC_predicted,16.75,69,3,GAGTTCGCATGACTCGGGGG,66,5182900
yqjE_yqjK_yqjD_yqjC_predicted,6.75,29,3,GAGTGATAGAATATTATGCA,26,5188084
yqjE_yqjK_yqjD_yqjC_predicted,8.75,37,3,GAGTCAGGTCTGCGTTGTAT,34,5255506
yqjE_yqjK_yqjD_yqjC_predicted,16.75,69,3,GAGGGCTGCTCGAGGCAGGT,66,5261222
yqjE_yqjK_yqjD_yqjC_predicted,5.75,25,3,GAGGCTCCTAGGGGTAAAGT,22,5245888
yqjE_yqjK_yqjD_yqjC_predicted,2.75,13,3,GAGGCACTTTCTGGCACTTT,10,5255181
yqjE_yqjK_yqjD_yqjC_predicted,25.75,105,3,GAGGCAAGCAAATGCACAAT,102,5186155
yqjE_yqjK_yqjD_yqjC_predicted,4.25,19,3,GAGCTTTAGAGAATGTACGA,16,5255624
yqjE_yqjK_yqjD_yqjC_predicted,4.0,18,3,GAGCGGTAGAGCATCAACAG,15,5184827
yqjE_yqjK_yqjD_yqjC_predicted,13.5,56,3,GAGAACCTTAGTATCGTTTC,53,5244308
yqjE_yqjK_yqjD_yqjC_predicted,3.5,16,3,GACTGGTGTGAGGGATGGTT,13,5257466
yqjE_yqjK_yqjD_yqjC_predicted,3.0,14,3,GACTGAACAATAATCTATGC,11,5177835
yqjE_yqjK_yqjD_yqjC_predicted,0.75,5,3,GACTCATCGAGAGACCGGGC,2,5207895
yqjE_yqjK_yqjD_yqjC_predicted,10.0,42,3,GACTAGCTAGGCACCCAGGA,39,5207599
yqjE_yqjK_yqjD_yqjC_predicted,8.5,36,3,GACGTGATGTGTCAGAAGAG,33,5180588
yqjE_yqjK_yqjD_yqjC_predicted,7.25,31,3,GACCTAAAAGAAACCGGACG,28,5246564
yqjE_yqjK_yqjD_yqjC_predicted,1.75,9,3,GACAGCAATGACTCGGCGTC,6,5240028
yqjE_yqjK_yqjD_yqjC_predicted,4.25,19,3,GACAGAGTGTCGAGCTGTAC,16,5245061
yqjE_yqjK_yqjD_yqjC_predicted,9.5,40,3,GACACTAGGGCTTTGAGATA,37,5185715
yqjE_yqjK_yqjD_yqjC_predicted,9.25,39,3,GAATTGTGCCCACTACCCTG,36,5229632
yqjE_yqjK_yqjD_yqjC_predicted,5.75,25,3,GAATCTCCAGAGATCTCCCA,22,5260421
yqjE_yqjK_yqjD_yqjC_predicted,6.25,27,3,GAATATATTTTATAAGGCGG,24,5190638
yqjE_yqjK_yqjD_yqjC_predicted,33.25,135,3,GAAGTTACCACCTCATAGAG,132,5187260
yqjE_yqjK_yqjD_yqjC_predicted,17.0,70,3,GAAGTCATTCTTACGAGATA,67,5249966
yqjE_yqjK_yqjD_yqjC_predicted,9.75,41,3,GAAGGGGTTTTAACCTATCC,38,5238412
yqjE_yqjK_yqjD_yqjC_predicted,0.5,4,3,GAAGGGAGTAGAAGTCACAA,1,5229481
yqjE_yqjK_yqjD_yqjC_predicted,0.5,4,3,GAAGGAAAATCCGTTGCTTT,1,5230030
yqjE_yqjK_yqjD_yqjC_predicted,7.25,31,3,GAAGCGCACGTTGGCCGGGC,28,5214303
yqjE_yqjK_yqjD_yqjC_predicted,4.75,21,3,GAAGCACCTAACGGATCCTC,18,5232256
yqjE_yqjK_yqjD_yqjC_predicted,4.0,18,3,GAACCCCCTAGAGAAGAGTA,15,5201944
yqjE_yqjK_yqjD_yqjC_predicted,2.0,10,3,GAACAGACAAGAGCAGGATC,7,5248363
yqjE_yqjK_yqjD_yqjC_predicted,9.75,41,3,GAACACATTACAGCTTGGGA,38,5240678
yqjE_yqjK_yqjD_yqjC_predicted,1.5,8,3,GAACAACAGATGAGCTACAT,5,5181097
yqjE_yqjK_yqjD_yqjC_predicted,4.25,19,3,GAAATGTAGGCCGGTACTGG,16,5238213
yqjE_yqjK_yqjD_yqjC_predicted,6.5,28,3,GAAACCGTGATAAATTTCCA,25,5220809
yqjE_yqjK_yqjD_yqjC_predicted,3.75,17,3,GAAAACGGGCGAAGGTGCCA,14,5204171
yqjE_yqjK_yqjD_yqjC_predicted,0.5,4,3,CTTGTAATATAATAGGAAGT,1,5240984
yqjE_yqjK_yqjD_yqjC_predicted,3.75,17,3,CTTGTAAGGCACTATAAGGG,14,5222487
yqjE_yqjK_yqjD_yqjC_predicted,8.5,36,3,CTTGGTGTGTCTTTTCTCCA,33,5210062
yqjE_yqjK_yqjD_yqjC_predicted,3.25,15,3,CTTGGATAGTAATTTTGGCG,12,5208266
yqjE_yqjK_yqjD_yqjC_predicted,14.0,58,3,CTTGCGTGTCACCCTAGCTT,55,5216033
yqjE_yqjK_yqjD_yqjC_predicted,9.0,38,3,CTTGCCAATCACTACTAGGT,35,5241006
yqjE_yqjK_yqjD_yqjC_predicted,18.0,74,3,CTTGACTTGGGCAATTTAAC,71,5182170
yqjE_yqjK_yqjD_yqjC_predicted,12.0,50,3,CTTGACCCTAAGTGGTTGAC,47,5200466
yqjE_yqjK_yqjD_yqjC_predicted,58.0,234,3,CTTCTAAAAGTTCCATCCAG,231,5262705
yqjE_yqjK_yqjD_yqjC_predicted,5.0,22,3,CTTATACTCAGAATGCTCTA,19,5217905
yqjE_yqjK_yqjD_yqjC_predicted,38.75,157,3,CTTACGCTGAGTTATTTAAT,154,5254615
yqjE_yqjK_yqjD_yqjC_predicted,3.0,14,3,CTGTTGACCTGCAATTAGAA,11,5244010
yqjE_yqjK_yqjD_yqjC_predicted,8.0,34,3,CTGTGTAGGGTAATCCATTT,31,5187387
yqjE_yqjK_yqjD_yqjC_predicted,2.0,10,3,CTGTCCACAACGGTGATCAA,7,5240669
yqjE_yqjK_yqjD_yqjC_predicted,14.25,59,3,CTGTCAATGACTCTGTGGAT,56,5238779
yqjE_yqjK_yqjD_yqjC_predicted,5.5,24,3,CTGGGAAAACGTCCACCCAT,21,5216752
yqjE_yqjK_yqjD_yqjC_predicted,0.5,4,3,CTGGCTACTCTCTTGATTCA,1,5217279
yqjE_yqjK_yqjD_yqjC_predicted,4.5,20,3,CTGGCATTTCGCCCACCGAC,17,5259203
yqjE_yqjK_yqjD_yqjC_predicted,6.75,29,3,CTGGACTACTTCTTCTGGTA,26,5199202
yqjE_yqjK_yqjD_yqjC_predicted,0.5,4,3,CTGGAAACGCGCTAAGTGGC,1,5173066
yqjE_yqjK_yqjD_yqjC_predicted,3.5,16,3,CTGCTAAACGTTCTACCATT,13,5230886
yqjE_yqjK_yqjD_yqjC_predicted,22.25,91,3,CTGCGCTGGACTCGTGTCAT,88,5243349
yqjE_yqjK_yqjD_yqjC_predicted,5.75,25,3,CTGCCCTATGAGGGGTTCGC,22,5251769
yqjE_yqjK_yqjD_yqjC_predicted,3.75,17,3,CTGCACGCCTGTAGTGTGCT,14,5220754
yqjE_yqjK_yqjD_yqjC_predicted,6.25,27,3,CTGCAAAGTATATGTCACGT,24,5262586
yqjE_yqjK_yqjD_yqjC_predicted,5.25,23,3,CTGATGTGCATACGGGTGTT,20,5172769
yqjE_yqjK_yqjD_yqjC_predicted,20.0,82,3,CTGATAGTGGTGCAGTACAT,79,5199764
yqjE_yqjK_yqjD_yqjC_predicted,6.0,26,3,CTCTTCTAGTTAAACCTTTA,23,5173794
yqjE_yqjK_yqjD_yqjC_predicted,2.5,12,3,CTCTGTTTAAAAATCAGAGC,9,5215713
yqjE_yqjK_yqjD_yqjC_predicted,10.5,44,3,CTCTATCTAAGCTGCCTAGA,41,5195312
yqjE_yqjK_yqjD_yqjC_predicted,5.5,24,3,CTCGTTTTAGTGCCAGGTAG,21,5252272
yqjE_yqjK_yqjD_yqjC_predicted,0.75,5,3,CTCGTTCTCTACCTCCAAAG,2,5210080
yqjE_yqjK_yqjD_yqjC_predicted,7.0,30,3,CTCGGGTCTCGCTTTATCTT,27,5250321
yqjE_yqjK_yqjD_yqjC_predicted,6.0,26,3,CTCGGCTCGGGGTGACCCGC,23,5173364
yqjE_yqjK_yqjD_yqjC_predicted,2.75,13,3,CTCGGAGTGTTATAGGATGT,10,5237765
yqjE_yqjK_yqjD_yqjC_predicted,14.0,58,3,CTCGGAGCAGTTGCATCAAC,55,5250705
yqjE_yqjK_yqjD_yqjC_predicted,11.25,47,3,CTCGCTATTAGCTTCGAATA,44,5241811
yqjE_yqjK_yqjD_yqjC_predicted,6.25,27,3,CTCGCGTCCATTGAACCTAA,24,5216549
yqjE_yqjK_yqjD_yqjC_predicted,0.5,4,3,CTCCTTCATTGCCAGAACCT,1,5208315
yqjE_yqjK_yqjD_yqjC_predicted,4.0,18,3,CTCCTCGAATTGTCTAAGTT,15,5260654
yqjE_yqjK_yqjD_yqjC_predicted,2.25,11,3,CTCCTCAAGAAAGGGTATCC,8,5247371
yqjE_yqjK_yqjD_yqjC_predicted,5.0,22,3,CTCCGCCGTTAGCGTAGGGT,19,5204847
yqjE_yqjK_yqjD_yqjC_predicted,9.0,38,3,CTCATATGTCACAAGCCGGA,35,5187370
yqjE_yqjK_yqjD_yqjC_predicted,17.0,70,3,CTCAGATCGCTATCTTCTGG,67,5251624
yqjE_yqjK_yqjD_yqjC_predicted,36.75,149,3,CTCAAAGTTTATGATCCGAC,146,5238828
yqjE_yqjK_yqjD_yqjC_predicted,0.5,4,3,CTAGGAGGGACGCAATCTAA,1,5239134
yqjE_yqjK_yqjD_yqjC_predicted,1.0,6,3,CTAGACTAGAATGGGAAATA,3,5209152
yqjE_yqjK_yqjD_yqjC_predicted,3.75,17,3,CTACTCCACGCTGGGATTTT,14,5206374
yqjE_yqjK_yqjD_yqjC_predicted,5.25,23,3,CTACTATCTCAAGTGTCTGC,20,5223537
yqjE_yqjK_yqjD_yqjC_predicted,30.0,122,3,CTACGATCAATGGAGTACGT,119,5247403
yqjE_yqjK_yqjD_yqjC_predicted,6.75,29,3,CTACCGCCCCATATGACACG,26,5255346
yqjE_yqjK_yqjD_yqjC_predicted,2.75,13,3,CTACCCTGCGCATGGGCTTT,10,5234017
yqjE_yqjK_yqjD_yqjC_predicted,2.0,10,3,CTACAAGCGACGATCGTGCG,7,5196739
yqjE_yqjK_yqjD_yqjC_predicted,4.25,19,3,CGTTCACCCATTGGGGGCAA,16,5199816
yqjE_yqjK_yqjD_yqjC_predicted,6.0,26,3,CGTGTGTACTGCTTGTTGGA,23,5191538
yqjE_yqjK_yqjD_yqjC_predicted,6.75,29,3,CGTGGGTATCATTTCCCTGT,26,5203634
yqjE_yqjK_yqjD_yqjC_predicted,44.0,178,3,CGTGGCTATCCAGGTCTTGT,175,5256910
yqjE_yqjK_yqjD_yqjC_predicted,6.75,29,3,CGTGGAACGCCATTAGTTAG,26,5225389
yqjE_yqjK_yqjD_yqjC_predicted,2.5,12,3,CGTCTTTCCGTAGTGCGCGG,9,5200519
yqjE_yqjK_yqjD_yqjC_predicted,3.75,17,3,CGTCTCTCCGTTAACTGCTA,14,5203976
yqjE_yqjK_yqjD_yqjC_predicted,9.25,39,3,CGTCCTGGCTTCGCTCGTAA,36,5241808
yqjE_yqjK_yqjD_yqjC_predicted,7.5,32,3,CGGTTTTGGGGCTGTTCCCG,29,5183606
yqjE_yqjK_yqjD_yqjC_predicted,7.25,31,3,CGGTTGCGATTCTTGTTGGG,28,5238711
yqjE_yqjK_yqjD_yqjC_predicted,6.25,27,3,CGGTTACGTTCTCGTGGGGT,24,5214802
yqjE_yqjK_yqjD_yqjC_predicted,3.0,14,3,CGGTGCACGTTAATTGCCTT,11,5230327
yqjE_yqjK_yqjD_yqjC_predicted,7.25,31,3,CGGTCTACTCCAGTTTAAGG,28,5188089
yqjE_yqjK_yqjD_yqjC_predicted,3.25,15,3,CGGTCCTACGGCCATTTGGT,12,5191139
yqjE_yqjK_yqjD_yqjC_predicted,9.25,39,3,CGGTAGAAATAATATGCATA,36,5205799
yqjE_yqjK_yqjD_yqjC_predicted,2.25,11,3,CGGGTGGGGACTCCAGTGTA,8,5253354
yqjE_yqjK_yqjD_yqjC_predicted,0.5,4,3,CGGGGTTTTAGCTATATTGC,1,5219663
yqjE_yqjK_yqjD_yqjC_predicted,4.0,18,3,CGGGGTAGGGGAAGCAAGGT,15,5217769
yqjE_yqjK_yqjD_yqjC_predicted,0.5,4,3,CGGGGAGCTTCCGGAGACTG,1,5171448
yqjE_yqjK_yqjD_yqjC_predicted,0.5,4,3,CGGGCATTTTGATATTCAAA,1,5262635
yqjE_yqjK_yqjD_yqjC_predicted,1.75,9,3,CGGGATAGAGAGTTAAATCT,6,5233712
yqjE_yqjK_yqjD_yqjC_predicted,4.75,21,3,CGGGATAAGCACGTAAGATG,18,5226516
yqjE_yqjK_yqjD_yqjC_predicted,12.0,50,3,CGGGAATAGCCCAATGAGAG,47,5218205
yqjE_yqjK_yqjD_yqjC_predicted,8.75,37,3,CGGCTGCGCCTATTTGCGTC,34,5178298
yqjE_yqjK_yqjD_yqjC_predicted,6.25,27,3,CGGCCGTGCCGCCAACGTAA,24,5262890
yqjE_yqjK_yqjD_yqjC_predicted,0.5,4,3,CGGCCGGCACTCCCCCGTGA,1,5225944
yqjE_yqjK_yqjD_yqjC_predicted,0.5,4,3,CGGCCAGAGTTGCATGACTT,1,5237916
yqjE_yqjK_yqjD_yqjC_predicted,5.5,24,3,CGGCAAGTATGCTTCAGGCA,21,5237124
yqjE_yqjK_yqjD_yqjC_predicted,1.75,9,3,CGGCAAGAGTGACAGTACCC,6,5208634
yqjE_yqjK_yqjD_yqjC_predicted,2.0,10,3,CGGATCCGTGAAATCCTGCA,7,5219685
yqjE_yqjK_yqjD_yqjC_predicted,11.0,46,3,CGGATATGATGGATTCGTTC,43,5200294
yqjE_yqjK_yqjD_yqjC_predicted,4.0,18,3,CGGATAGGAATCCAAGGCGG,15,5196354
yqjE_yqjK_yqjD_yqjC_predicted,0.75,5,3,CGGACTTCGATTTTGGCGCT,2,5242172
yqjE_yqjK_yqjD_yqjC_predicted,34.0,138,3,CGGACTCGGCGAGGCTGTAA,135,5251903
yqjE_yqjK_yqjD_yqjC_predicted,10.75,45,3,CGGAATTTCTGAGGCAGAAG,42,5262347
yqjE_yqjK_yqjD_yqjC_predicted,33.5,136,3,CGGAAGCATGCAGCCGATTT,133,5187236
yqjE_yqjK_yqjD_yqjC_predicted,3.5,16,3,CGCTGCACCCGGAGTTTCAT,13,5195294
yqjE_yqjK_yqjD_yqjC_predicted,0.5,4,3,CGCTCTACCATGTGATCCAT,1,5208468
yqjE_yqjK_yqjD_yqjC_predicted,0.5,4,3,CGCTAACTCTTGTTACTAAT,1,5259501
yqjE_yqjK_yqjD_yqjC_predicted,6.0,26,3,CGCGGATTGTAGGCTCCCCG,23,5178909
yqjE_yqjK_yqjD_yqjC_predicted,7.75,33,3,CGCGCACAGTGCCCGGAACC,30,5262272
yqjE_yqjK_yqjD_yqjC_predicted,11.75,49,3,CGCGAACGCCGGCGTATTGA,46,5175528
yqjE_yqjK_yqjD_yqjC_predicted,11.5,48,3,CGCGAAAAGTGATGTGGACT,45,5241528
yqjE_yqjK_yqjD_yqjC_predicted,17.5,72,3,CGCAGCCGCCCTAATCGATA,69,5219147
yqjE_yqjK_yqjD_yqjC_predicted,8.0,34,3,CGCACCCGTCCATCCGGATA,31,5200878
yqjE_yqjK_yqjD_yqjC_predicted,0.5,4,3,CGCAACAGAGTATACCCTAT,1,5217912
yqjE_yqjK_yqjD_yqjC_predicted,12.25,51,3,CGATTGCCTTCCCCCACTCA,48,5191752
yqjE_yqjK_yqjD_yqjC_predicted,7.0,30,3,CGATTCTGAAGAATTACTTT,27,5212461
yqjE_yqjK_yqjD_yqjC_predicted,3.5,16,3,CGACTCGGTCTTCATCGGGT,13,5236084
yqjE_yqjK_yqjD_yqjC_predicted,13.25,55,3,CGACAGCCGAGATCCTGCAG,52,5214681
yqjE_yqjK_yqjD_yqjC_predicted,1.25,7,3,CGAAGTGACCGAGACAGAAT,4,5244886
yqjE_yqjK_yqjD_yqjC_predicted,4.75,21,3,CGAACGTACGTGAGATATTC,18,5260647
yqjE_yqjK_yqjD_yqjC_predicted,2.5,12,3,CGAACGATACTGACTATCCT,9,5208322
yqjE_yqjK_yqjD_yqjC_predicted,0.5,4,3,CGAACATTGGGTGTTCCGTC,1,5177537
yqjE_yqjK_yqjD_yqjC_predicted,5.25,23,3,CGAAAACTGTTATTCGTTTG,20,5181956
yqjE_yqjK_yqjD_yqjC_predicted,30.5,124,3,CCTTTTCTTGGACGTGACTC,121,5243371
yqjE_yqjK_yqjD_yqjC_predicted,25.0,102,3,CCTTTATCACTCAACCTTTA,99,5189614
yqjE_yqjK_yqjD_yqjC_predicted,7.0,30,3,CCTTTACAAACCCGGAGGAG,27,5175227
yqjE_yqjK_yqjD_yqjC_predicted,4.25,19,3,CCTTGGGGTAGACTCGTGTA,16,5198150
yqjE_yqjK_yqjD_yqjC_predicted,4.75,21,3,CCTTGCTGAGGGATACGGCG,18,5199184
yqjE_yqjK_yqjD_yqjC_predicted,1.25,7,3,CCTTCGTCGTTTTGCCCGCA,4,5261988
yqjE_yqjK_yqjD_yqjC_predicted,0.5,4,3,CCTTAGCGGGCCACTAAGCG,1,5191667
yqjE_yqjK_yqjD_yqjC_predicted,6.75,29,3,CCTGTATAACTCCCTTGCGG,26,5232030
yqjE_yqjK_yqjD_yqjC_predicted,11.25,47,3,CCTGGTTTGGGGACCCTAGG,44,5212857
yqjE_yqjK_yqjD_yqjC_predicted,5.5,24,3,CCTGCTGAAACAACCTCACT,21,5210347
yqjE_yqjK_yqjD_yqjC_predicted,7.0,30,3,CCTGCGTAGTGGGCTATCTT,27,5206195
yqjE_yqjK_yqjD_yqjC_predicted,4.75,21,3,CCTGCATTTGATACGCTGGA,18,5198573
yqjE_yqjK_yqjD_yqjC_predicted,10.25,43,3,CCTGCAAATCGTGCAAGATG,40,5242504
yqjE_yqjK_yqjD_yqjC_predicted,9.75,41,3,CCTATGTAGCCCGACCTTGG,38,5249951
yqjE_yqjK_yqjD_yqjC_predicted,6.25,27,3,CCTATGGTGTTCTCGCCGAC,24,5242281
yqjE_yqjK_yqjD_yqjC_predicted,1.25,7,3,CCTAGGTATAGGACCCCAGT,4,5183761
yqjE_yqjK_yqjD_yqjC_predicted,35.25,143,3,CCGGGTCTAGCAGACAAAAT,140,5242053
yqjE_yqjK_yqjD_yqjC_predicted,3.25,15,3,CCGGGCTCCACTATCCGACT,12,5256421
yqjE_yqjK_yqjD_yqjC_predicted,101.0,406,3,CCGGATCATCCGGGTACTCG,403,5197238
yqjE_yqjK_yqjD_yqjC_predicted,9.0,38,3,CCGGAACCTCAAGTAAGCAA,35,5262892
yqjE_yqjK_yqjD_yqjC_predicted,1.75,9,3,CCGCTCAGGTGCAGGAGAGT,6,5172771
yqjE_yqjK_yqjD_yqjC_predicted,5.25,23,3,CCGCGGCGTACGGCGACGAA,20,5198892
yqjE_yqjK_yqjD_yqjC_predicted,0.5,4,3,CCGCGGCCACCAGTCGAATC,1,5246150
yqjE_yqjK_yqjD_yqjC_predicted,11.5,48,3,CCGCGAGTGTTTTCCAGTAC,45,5229487
yqjE_yqjK_yqjD_yqjC_predicted,1.5,8,3,CCGCGACTGAGGCTACTAAG,5,5175613
yqjE_yqjK_yqjD_yqjC_predicted,3.25,15,3,CCGCAGAGGCAGTGGGCTTT,12,5182911
yqjE_yqjK_yqjD_yqjC_predicted,7.0,30,3,CCGATTAGTTGCTCGCCGTC,27,5256541
yqjE_yqjK_yqjD_yqjC_predicted,6.25,27,3,CCGATATTTTATCGGGGAAC,24,5225675
yqjE_yqjK_yqjD_yqjC_predicted,0.5,4,3,CCGAGTGCAGAGCTGCTGGT,1,5243062
yqjE_yqjK_yqjD_yqjC_predicted,4.0,18,3,CCGAGGGGATATTCTCTTGA,15,5198577
yqjE_yqjK_yqjD_yqjC_predicted,4.25,19,3,CCGACTCCTTGCATCCAGAC,16,5223768
yqjE_yqjK_yqjD_yqjC_predicted,3.5,16,3,CCCTTTATTCAAACCGATAG,13,5248718
yqjE_yqjK_yqjD_yqjC_predicted,4.5,20,3,CCCTCCATGGATCCAGCATG,17,5208940
yqjE_yqjK_yqjD_yqjC_predicted,20.5,84,3,CCCTAGCCTTGGCCTAGCAA,81,5200238
yqjE_yqjK_yqjD_yqjC_predicted,4.25,19,3,CCCTAAGAAGCGCGTACTAA,16,5225646
yqjE_yqjK_yqjD_yqjC_predicted,1.25,7,3,CCCGTTGCACGGGTACCCGG,4,5254627
yqjE_yqjK_yqjD_yqjC_predicted,6.0,26,3,CCCGTCTAATGACCCCGGGA,23,5221611
yqjE_yqjK_yqjD_yqjC_predicted,3.5,16,3,CCCGTACCCCTCGTCGCCCC,13,5197870
yqjE_yqjK_yqjD_yqjC_predicted,9.0,38,3,CCCGCTTTGCGCCCGGACAA,35,5182158
yqjE_yqjK_yqjD_yqjC_predicted,0.5,4,3,CCCGAATTGTCAATTCCCCT,1,5258433
yqjE_yqjK_yqjD_yqjC_predicted,9.25,39,3,CCCCTGGTGACGTTAACGGA,36,5247609
yqjE_yqjK_yqjD_yqjC_predicted,5.75,25,3,CCCCGGGGATGCCATCCACG,22,5174957
yqjE_yqjK_yqjD_yqjC_predicted,1.25,7,3,CCCCCTCAGTGAGGACAGAT,4,5176153
yqjE_yqjK_yqjD_yqjC_predicted,7.5,32,3,CCCCCGCATGTGGTCTGACA,29,5242419
yqjE_yqjK_yqjD_yqjC_predicted,11.25,47,3,CCCATAATCTTGTTAGAGTA,44,5255584
yqjE_yqjK_yqjD_yqjC_predicted,7.25,31,3,CCATGTATTTCACGTAGCCG,28,5171514
yqjE_yqjK_yqjD_yqjC_predicted,0.5,4,3,CCATCGACCGGGCTAAAGTT,1,5241452
yqjE_yqjK_yqjD_yqjC_predicted,5.0,22,3,CCATCAAGCGTTTTGGCGCG,19,5183667
yqjE_yqjK_yqjD_yqjC_predicted,5.25,23,3,CCATAGGGTCCAGTCGGTGT,20,5216446
yqjE_yqjK_yqjD_yqjC_predicted,30.75,125,3,CCAGTGTGGATCTCAGGCAT,122,5232464
yqjE_yqjK_yqjD_yqjC_predicted,15.25,63,3,CCAGTGTGCCTCAGACGCGG,60,5200422
yqjE_yqjK_yqjD_yqjC_predicted,8.75,37,3,CCAGCGAACCCCGTTTAGGT,34,5214665
yqjE_yqjK_yqjD_yqjC_predicted,8.5,36,3,CCACTTAGATTGAGCCTCGA,33,5187604
yqjE_yqjK_yqjD_yqjC_predicted,2.5,12,3,CCACAGGAATCTTGACGCCG,9,5220129
yqjE_yqjK_yqjD_yqjC_predicted,2.0,10,3,CCACACCATGTTTCGGAATT,7,5193220
yqjE_yqjK_yqjD_yqjC_predicted,0.5,4,3,CCAATTACGCGACACCACTT,1,5202843
yqjE_yqjK_yqjD_yqjC_predicted,6.0,26,3,CCAAAGCGTGCTGGAATGCG,23,5241686
yqjE_yqjK_yqjD_yqjC_predicted,5.0,22,3,CATTGGCCAAATCTAGGGCT,19,5179230
yqjE_yqjK_yqjD_yqjC_predicted,6.5,28,3,CATTGAGACACTCACGAGGG,25,5238296
yqjE_yqjK_yqjD_yqjC_predicted,0.5,4,3,CATTACATACATATCTATAA,1,5232737
yqjE_yqjK_yqjD_yqjC_predicted,13.25,55,3,CATTAATCGGCGAAGCATTA,52,5175291
yqjE_yqjK_yqjD_yqjC_predicted,6.75,29,3,CATGTGCGGAACCCGCCGGC,26,5239252
yqjE_yqjK_yqjD_yqjC_predicted,7.5,32,3,CATGTCGGGTTTGAATCTAC,29,5249094
yqjE_yqjK_yqjD_yqjC_predicted,0.5,4,3,CATGTAAGCCTCACAAGTTC,1,5240209
yqjE_yqjK_yqjD_yqjC_predicted,6.25,27,3,CATGGCCATCCAGGCGGTTC,24,5220489
yqjE_yqjK_yqjD_yqjC_predicted,4.0,18,3,CATGATTAGTTGGCCTACGA,15,5240444
yqjE_yqjK_yqjD_yqjC_predicted,1.75,9,3,CATGATCGTACCAGATTCCA,6,5230833
yqjE_yqjK_yqjD_yqjC_predicted,2.25,11,3,CATGAAACTGGGGCAAACCT,8,5247973
yqjE_yqjK_yqjD_yqjC_predicted,34.0,138,3,CATCTTTACGGGGCGGGTGC,135,5181378
yqjE_yqjK_yqjD_yqjC_predicted,0.5,4,3,CATCGGTGTGTAATTCCTGG,1,5171385
yqjE_yqjK_yqjD_yqjC_predicted,5.5,24,3,CATCAGTTGCCGCCACAATA,21,5191582
yqjE_yqjK_yqjD_yqjC_predicted,4.25,19,3,CATATTTACACAGGTCTGCC,16,5182964
yqjE_yqjK_yqjD_yqjC_predicted,3.25,15,3,CATATGATGCGCGTTAGAGT,12,5173272
yqjE_yqjK_yqjD_yqjC_predicted,11.5,48,3,CATATCTCCATATAGAGCAT,45,5249454
yqjE_yqjK_yqjD_yqjC_predicted,8.5,36,3,CATACGAAGGAGAACCGAAT,33,5225365
yqjE_yqjK_yqjD_yqjC_predicted,0.5,4,3,CATACCGAGGGTGAGGTGAG,1,5188282
yqjE_yqjK_yqjD_yqjC_predicted,6.5,28,3,CATAAGCTATCGAACGGCAG,25,5175956
yqjE_yqjK_yqjD_yqjC_predicted,6.5,28,3,CAGTTCCTAGTCAGTGAGAT,25,5174724
yqjE_yqjK_yqjD_yqjC_predicted,37.5,152,3,CAGTGTAGGATTTCTACGGC,149,5261779
yqjE_yqjK_yqjD_yqjC_predicted,2.0,10,3,CAGGGGTAGATAAGGGGTGT,7,5255797
yqjE_yqjK_yqjD_yqjC_predicted,3.75,17,3,CAGGGCTAACAGGCTCCAAT,14,5240522
yqjE_yqjK_yqjD_yqjC_predicted,2.75,13,3,CAGGAAGGCCTCCGGCCAAA,10,5219999
yqjE_yqjK_yqjD_yqjC_predicted,4.75,21,3,CAGCTCAGTCCGGGCCTGTA,18,5251065
yqjE_yqjK_yqjD_yqjC_predicted,9.0,38,3,CAGCACACCTGGACAGCAGG,35,5253084
yqjE_yqjK_yqjD_yqjC_predicted,8.5,36,3,CAGATGGCTGGGTGAACTTT,33,5202597
yqjE_yqjK_yqjD_yqjC_predicted,0.5,4,3,CAGAGTCAGGTGCGGTGCCT,1,5260426
yqjE_yqjK_yqjD_yqjC_predicted,0.75,5,3,CAGAGGTTTATGCCATTGTC,2,5201547
yqjE_yqjK_yqjD_yqjC_predicted,2.25,11,3,CAGACGTCATCCATGTGCAA,8,5177865
yqjE_yqjK_yqjD_yqjC_predicted,13.0,54,3,CACTATTACTGTACAATGGG,51,5214793
yqjE_yqjK_yqjD_yqjC_predicted,2.5,12,3,CACTAGGCAATGCTCAGGTA,9,5256726
yqjE_yqjK_yqjD_yqjC_predicted,6.25,27,3,CACTACCCTGTGAAGTACAT,24,5215413
yqjE_yqjK_yqjD_yqjC_predicted,4.0,18,3,CACGTGCCTCTAGCGCAATT,15,5200223
yqjE_yqjK_yqjD_yqjC_predicted,0.5,4,3,CACGTGAAGGAAACCGCAAC,1,5186252
yqjE_yqjK_yqjD_yqjC_predicted,15.75,65,3,CACGTCCAACACGACAGTAG,62,5217357
yqjE_yqjK_yqjD_yqjC_predicted,4.5,20,3,CACGGGCCTACTCGCGCTCG,17,5228694
yqjE_yqjK_yqjD_yqjC_predicted,5.25,23,3,CACGGCTGTACAGGTAGGTT,20,5176782
yqjE_yqjK_yqjD_yqjC_predicted,0.5,4,3,CACGCGCACGGGTGCGTAAG,1,5202316
yqjE_yqjK_yqjD_yqjC_predicted,8.25,35,3,CACGACGGCGCTTAAGAGTG,32,5200246
yqjE_yqjK_yqjD_yqjC_predicted,4.25,19,3,CACCGTTACCTAGATGGATG,16,5253970
yqjE_yqjK_yqjD_yqjC_predicted,5.0,22,3,CACCGGGCTCACTCACCCTG,19,5219158
yqjE_yqjK_yqjD_yqjC_predicted,10.5,44,3,CACCCGGCTTGGTGGCCCGA,41,5259270
yqjE_yqjK_yqjD_yqjC_predicted,2.5,12,3,CACCATGTGTTTTGACTCTT,9,5190877
yqjE_yqjK_yqjD_yqjC_predicted,2.5,12,3,CACCATGCTGTAGAACCGGC,9,5228950
yqjE_yqjK_yqjD_yqjC_predicted,6.25,27,3,CACCATCCGCGGTATTATCT,24,5234060
yqjE_yqjK_yqjD_yqjC_predicted,0.75,5,3,CACCACGCAACAGGGATAAG,2,5243153
yqjE_yqjK_yqjD_yqjC_predicted,3.75,17,3,CACCACGAGGCGTGCTCCGC,14,5173974
yqjE_yqjK_yqjD_yqjC_predicted,1.5,8,3,CACATTGAATAAAAAATTTC,5,5258059
yqjE_yqjK_yqjD_yqjC_predicted,7.0,30,3,CACATGCCAGGTCAATTATT,27,5229655
yqjE_yqjK_yqjD_yqjC_predicted,1.5,8,3,CACAGGGGCTTGCAGGACAT,5,5174904
yqjE_yqjK_yqjD_yqjC_predicted,2.0,10,3,CACAGGCTATTATGCTTTAA,7,5215681
yqjE_yqjK_yqjD_yqjC_predicted,8.25,35,3,CACACTTGCGACTCTATTTT,32,5192918
yqjE_yqjK_yqjD_yqjC_predicted,2.25,11,3,CACACTGAGCAGTTTACTTC,8,5230012
yqjE_yqjK_yqjD_yqjC_predicted,0.75,5,3,CACAAAAGTCAATGACGTAA,2,5197295
yqjE_yqjK_yqjD_yqjC_predicted,17.5,72,3,CAATGTACTGGTCAGGTATA,69,5205552
yqjE_yqjK_yqjD_yqjC_predicted,5.25,23,3,CAATGCGTTCCCGCGGGTCT,20,5229811
yqjE_yqjK_yqjD_yqjC_predicted,4.5,20,3,CAATGCGGTCTCCACCAAAG,17,5236058
yqjE_yqjK_yqjD_yqjC_predicted,8.0,34,3,CAATCTATCATTCAATCGGT,31,5178660
yqjE_yqjK_yqjD_yqjC_predicted,1.5,8,3,CAATAGACTCCCCTCAAAGG,5,5177547
yqjE_yqjK_yqjD_yqjC_predicted,69.5,280,3,CAAGGACCTAGAGCATTGGT,277,5235282
yqjE_yqjK_yqjD_yqjC_predicted,7.5,32,3,CAAGCCAGGCAACCACGAAC,29,5237391
yqjE_yqjK_yqjD_yqjC_predicted,6.0,26,3,CAACGGAATTGGGCAGTTAG,23,5211279
yqjE_yqjK_yqjD_yqjC_predicted,0.5,4,3,CAACGAATACGACCATTGTC,1,5212450
yqjE_yqjK_yqjD_yqjC_predicted,8.5,36,3,CAACAACCGTTTGGAAAATC,33,5256907
yqjE_yqjK_yqjD_yqjC_predicted,0.5,4,3,CAAAGTTCGCTCACGCTATT,1,5226306
yqjE_yqjK_yqjD_yqjC_predicted,4.0,18,3,CAAAAGGTGGACCTTGTTGG,15,5183452
yqjE_yqjK_yqjD_yqjC_predicted,18.75,77,3,ATTTTAGCTTCAAAGGGCAA,74,5262259
yqjE_yqjK_yqjD_yqjC_predicted,11.0,46,3,ATTTGGACGCATAAGTACAG,43,5247524
yqjE_yqjK_yqjD_yqjC_predicted,4.5,20,3,ATTTCGTCTCCAAGGCATGT,17,5219944
yqjE_yqjK_yqjD_yqjC_predicted,22.25,91,3,ATTTAAGCCGGGTTTCGGTA,88,5262668
yqjE_yqjK_yqjD_yqjC_predicted,4.5,20,3,ATTTAAACGTTCAGGAGCCC,17,5261129
yqjE_yqjK_yqjD_yqjC_predicted,2.0,10,3,ATTGTCGGGATTATCAACAC,7,5202603
yqjE_yqjK_yqjD_yqjC_predicted,22.5,92,3,ATTGTACTAGGCAAGCGCAA,89,5256921
yqjE_yqjK_yqjD_yqjC_predicted,8.5,36,3,ATTGGTTGGGCTCGTGTCGT,33,5226523
yqjE_yqjK_yqjD_yqjC_predicted,0.5,4,3,ATTGGCCACGAATTCAAGGA,1,5231937
yqjE_yqjK_yqjD_yqjC_predicted,5.0,22,3,ATTGCTGTTAGGTTTAATAG,19,5189404
yqjE_yqjK_yqjD_yqjC_predicted,0.75,5,3,ATTGCGACAAGTGCTTGCGT,2,5234902
yqjE_yqjK_yqjD_yqjC_predicted,8.75,37,3,ATTGCCTCAGCTATGCGTTG,34,5197643
yqjE_yqjK_yqjD_yqjC_predicted,0.5,4,3,ATTGATACTTAAGTGGGTCA,1,5171776
yqjE_yqjK_yqjD_yqjC_predicted,1.25,7,3,ATTCGCAATTAACCGCGGTC,4,5182582
yqjE_yqjK_yqjD_yqjC_predicted,4.5,20,3,ATTCAACTGTCTGTTATGCA,17,5222400
yqjE_yqjK_yqjD_yqjC_predicted,0.75,5,3,ATTACCCGAGTATACGTGAG,2,5229220
yqjE_yqjK_yqjD_yqjC_predicted,12.0,50,3,ATTAACGGGTAAGCTAGCCT,47,5230179
yqjE_yqjK_yqjD_yqjC_predicted,15.75,65,3,ATGTTAGCAAGGTGACACTT,62,5193013
yqjE_yqjK_yqjD_yqjC_predicted,7.25,31,3,ATGTGAGCTCACGATGGAAA,28,5255089
yqjE_yqjK_yqjD_yqjC_predicted,13.5,56,3,ATGTCGGCAGAGTCTGTCCA,53,5202007
yqjE_yqjK_yqjD_yqjC_predicted,0.5,4,3,ATGGGGATCGCCAACGGGTG,1,5246513
yqjE_yqjK_yqjD_yqjC_predicted,0.5,4,3,ATGCTTCACATAACTCGTGT,1,5201413
yqjE_yqjK_yqjD_yqjC_predicted,6.75,29,3,ATGCCTTATGTTATCGGTTT,26,5221388
yqjE_yqjK_yqjD_yqjC_predicted,3.5,16,3,ATGATAGCAGACGGTCCCTG,13,5256999
yqjE_yqjK_yqjD_yqjC_predicted,7.25,31,3,ATGAGCTTCTTTTGTGACGA,28,5249447
yqjE_yqjK_yqjD_yqjC_predicted,7.25,31,3,ATGACGGTACCCGCTCCGTG,28,5182556
yqjE_yqjK_yqjD_yqjC_predicted,2.5,12,3,ATGACCTACAACGAAAATCT,9,5230065
yqjE_yqjK_yqjD_yqjC_predicted,6.0,26,3,ATGAACCTAGAGTTACATCA,23,5210959
yqjE_yqjK_yqjD_yqjC_predicted,10.75,45,3,ATGAACCCGGGTTAAGAGGT,42,5199832
yqjE_yqjK_yqjD_yqjC_predicted,4.0,18,3,ATCTTAGAGCGTCTTCTCCG,15,5240026
yqjE_yqjK_yqjD_yqjC_predicted,4.25,19,3,ATCTGCCGAGGGAGCCTTGT,16,5182334
yqjE_yqjK_yqjD_yqjC_predicted,14.25,59,3,ATCTCTAGTATCCGTAGCCT,56,5251496
yqjE_yqjK_yqjD_yqjC_predicted,10.25,43,3,ATCTCGTGGTTCGGGACGAT,40,5249686
yqjE_yqjK_yqjD_yqjC_predicted,13.5,56,3,ATCTAGTCATTAGGAAGACA,53,5237177
yqjE_yqjK_yqjD_yqjC_predicted,30.75,125,3,ATCGTGTTCCTTACTGCATT,122,5174749
yqjE_yqjK_yqjD_yqjC_predicted,3.75,17,3,ATCGATAGTGACTCACGCGG,14,5176698
yqjE_yqjK_yqjD_yqjC_predicted,0.5,4,3,ATCCGTATTGAGTCTGCTAT,1,5173914
yqjE_yqjK_yqjD_yqjC_predicted,5.5,24,3,ATCCGGGTTGATCAGCTGAA,21,5175239
yqjE_yqjK_yqjD_yqjC_predicted,12.5,52,3,ATCATTGTCGCATTTGTATT,49,5189621
yqjE_yqjK_yqjD_yqjC_predicted,0.5,4,3,ATCATTCTTATTCCAAGTGG,1,5224647
yqjE_yqjK_yqjD_yqjC_predicted,8.5,36,3,ATCAGGATGGAAACTTTTTG,33,5208707
yqjE_yqjK_yqjD_yqjC_predicted,8.25,35,3,ATCAAGGTCGAAGGAGTCAT,32,5260831
yqjE_yqjK_yqjD_yqjC_predicted,16.75,69,3,ATCAACTGCTGGTGTAGTTA,66,5193440
yqjE_yqjK_yqjD_yqjC_predicted,15.75,65,3,ATATTGCGTATCACGATTTA,62,5179288
yqjE_yqjK_yqjD_yqjC_predicted,1.25,7,3,ATATGTCGTGGGGTCCGCCG,4,5254280
yqjE_yqjK_yqjD_yqjC_predicted,12.25,51,3,ATATCTTGTCGCGAGACGAG,48,5215384
yqjE_yqjK_yqjD_yqjC_predicted,5.25,23,3,ATATCATCTCGGTGGTTTTC,20,5256522
yqjE_yqjK_yqjD_yqjC_predicted,5.5,24,3,ATAGGCTCGCCTTTGAATAC,21,5198133
yqjE_yqjK_yqjD_yqjC_predicted,3.0,14,3,ATAGCTCCCACATCTGTGCG,11,5182559
yqjE_yqjK_yqjD_yqjC_predicted,19.0,78,3,ATACTTAGAACATGATTGTT,75,5185358
yqjE_yqjK_yqjD_yqjC_predicted,7.25,31,3,ATACATGGACCCCGGATTTA,28,5224475
yqjE_yqjK_yqjD_yqjC_predicted,3.75,17,3,AGTTTAATTTTAAGTCAGTG,14,5251651
yqjE_yqjK_yqjD_yqjC_predicted,0.5,4,3,AGTTCTCGATATTGGAAGCT,1,5226846
yqjE_yqjK_yqjD_yqjC_predicted,3.5,16,3,AGTGTTGGCACCGCTTGGGG,13,5177941
yqjE_yqjK_yqjD_yqjC_predicted,5.75,25,3,AGTGATTAGTTGTAATGAGA,22,5221957
yqjE_yqjK_yqjD_yqjC_predicted,9.25,39,3,AGTGATACTTGCTGTGGTAC,36,5200296
yqjE_yqjK_yqjD_yqjC_predicted,4.25,19,3,AGTCAAACCGCTGAGAAAAG,16,5182429
yqjE_yqjK_yqjD_yqjC_predicted,1.5,8,3,AGTATACGCCCTGTCTGATT,5,5210432
yqjE_yqjK_yqjD_yqjC_predicted,2.25,11,3,AGTAGCGGTATCATGGTGTG,8,5251447
yqjE_yqjK_yqjD_yqjC_predicted,2.25,11,3,AGTAAAAGAAGCATAGCGGG,8,5197623
yqjE_yqjK_yqjD_yqjC_predicted,7.75,33,3,AGGTGGGTTTGAACACCGTT,30,5195285
yqjE_yqjK_yqjD_yqjC_predicted,2.0,10,3,AGGTATATCAGTGCGTAAAC,7,5243911
yqjE_yqjK_yqjD_yqjC_predicted,0.5,4,3,AGGGTTCTGTTCACAGCAAA,1,5226879
yqjE_yqjK_yqjD_yqjC_predicted,4.25,19,3,AGGGTCTACGAAAGCTTATG,16,5177118
yqjE_yqjK_yqjD_yqjC_predicted,2.75,13,3,AGGGGACGGTCCTGTTTGAC,10,5224805
yqjE_yqjK_yqjD_yqjC_predicted,9.5,40,3,AGGGGACGAGGCTGAGGTTT,37,5250627
yqjE_yqjK_yqjD_yqjC_predicted,1.0,6,3,AGGGAGCCTCTTGACCCACG,3,5215459
yqjE_yqjK_yqjD_yqjC_predicted,4.25,19,3,AGGGACATTTCATCCAGGAC,16,5237757
yqjE_yqjK_yqjD_yqjC_predicted,7.75,33,3,AGGGAAATGACCATTTAGAC,30,5218666
yqjE_yqjK_yqjD_yqjC_predicted,6.75,29,3,AGGCTCCTTCTAGCAGTATA,26,5191493
yqjE_yqjK_yqjD_yqjC_predicted,3.0,14,3,AGGCTCCGGTTAGGTGTAGA,11,5260369
yqjE_yqjK_yqjD_yqjC_predicted,10.5,44,3,AGGCATTCGGCCTTGAATTG,41,5258347
yqjE_yqjK_yqjD_yqjC_predicted,28.25,115,3,AGGATGCGGGTATAGTCCAC,112,5174804
yqjE_yqjK_yqjD_yqjC_predicted,2.5,12,3,AGGAAAGCAACGAGTCCGTA,9,5210409
yqjE_yqjK_yqjD_yqjC_predicted,17.5,72,3,AGCTGGTGGGAATTCCTTAG,69,5185312
yqjE_yqjK_yqjD_yqjC_predicted,2.0,10,3,AGCGTTGACTAAACCGGGAT,7,5226063
yqjE_yqjK_yqjD_yqjC_predicted,26.25,107,3,AGCGGGTGTCATTGTTAATT,104,5254458
yqjE_yqjK_yqjD_yqjC_predicted,7.75,33,3,AGCCGTCCAGTGCCTGATCA,30,5229940
yqjE_yqjK_yqjD_yqjC_predicted,9.25,39,3,AGCCCTTAAGTTGGCGTCAA,36,5248603
yqjE_yqjK_yqjD_yqjC_predicted,7.25,31,3,AGCCATAATATTGTCGCCCA,28,5170939
yqjE_yqjK_yqjD_yqjC_predicted,7.0,30,3,AGCCACACCGAGATGGTGTT,27,5182942
yqjE_yqjK_yqjD_yqjC_predicted,7.0,30,3,AGCATCACAGGTCGCCGAGA,27,5190575
yqjE_yqjK_yqjD_yqjC_predicted,6.25,27,3,AGCAGGTTGGATATCCCCAC,24,5253705
yqjE_yqjK_yqjD_yqjC_predicted,3.5,16,3,AGATTGATCGCAAATAGGGA,13,5248333
yqjE_yqjK_yqjD_yqjC_predicted,10.75,45,3,AGATAAATGCCTGTGATCGC,42,5259577
yqjE_yqjK_yqjD_yqjC_predicted,6.0,26,3,AGATAAAAAATTGCTATGGC,23,5235368
yqjE_yqjK_yqjD_yqjC_predicted,6.0,26,3,AGAGTCGAAAGACACCGAGG,23,5246336
yqjE_yqjK_yqjD_yqjC_predicted,9.25,39,3,AGAGTCATACAGTGTGCCAT,36,5233038
yqjE_yqjK_yqjD_yqjC_predicted,8.0,34,3,AGAGCCCGTGCACCGAAAGG,31,5255419
yqjE_yqjK_yqjD_yqjC_predicted,13.25,55,3,AGAGATGTGGACGGCTGATA,52,5254317
yqjE_yqjK_yqjD_yqjC_predicted,0.5,4,3,AGAGATGACAGCCAGAGGTT,1,5233915
yqjE_yqjK_yqjD_yqjC_predicted,1.25,7,3,AGAGATCGAGTATTGTTCAG,4,5190487
yqjE_yqjK_yqjD_yqjC_predicted,10.0,42,3,AGACCACGCTAGTACGGCGT,39,5258331
yqjE_yqjK_yqjD_yqjC_predicted,5.0,22,3,AGAATCCCCACAGCCCATAG,19,5183562
yqjE_yqjK_yqjD_yqjC_predicted,3.0,14,3,AGAATACCTCCGGTCATTTA,11,5226045
yqjE_yqjK_yqjD_yqjC_predicted,18.25,75,3,AGAAGACTGATCTATACGAC,72,5238781
yqjE_yqjK_yqjD_yqjC_predicted,1.5,8,3,AGAAAATAGCCGGGGGGCCT,5,5232997
yqjE_yqjK_yqjD_yqjC_predicted,20.25,83,3,AGAAAACCATGCCGGAGATT,80,5235300
yqjE_yqjK_yqjD_yqjC_predicted,2.25,11,3,ACTTTCTATGGGTTCGGACC,8,5236753
yqjE_yqjK_yqjD_yqjC_predicted,10.0,42,3,ACTTTACGAGTGATAAGAAG,39,5227048
yqjE_yqjK_yqjD_yqjC_predicted,3.25,15,3,ACTTTAAGCTAGATGTGTCC,12,5257193
yqjE_yqjK_yqjD_yqjC_predicted,8.75,37,3,ACTTGGTAATCGTCATTCGG,34,5235493
yqjE_yqjK_yqjD_yqjC_predicted,39.75,161,3,ACTTGAGTCGCAAGTGCATA,158,5181329
yqjE_yqjK_yqjD_yqjC_predicted,0.5,4,3,ACTTCCAACGCAAGGAGCAG,1,5199672
yqjE_yqjK_yqjD_yqjC_predicted,9.25,39,3,ACTTAGAGGACCAGTCGTTT,36,5254251
yqjE_yqjK_yqjD_yqjC_predicted,7.25,31,3,ACTTACGCCATCTGCCACGA,28,5254631
yqjE_yqjK_yqjD_yqjC_predicted,0.5,4,3,ACTGGGAGCAGCGACCAGAC,1,5190927
yqjE_yqjK_yqjD_yqjC_predicted,5.0,22,3,ACTGATACATGTCCATATTT,19,5177469
yqjE_yqjK_yqjD_yqjC_predicted,15.5,64,3,ACTGAGTGGAGACTCAGCTT,61,5230749
yqjE_yqjK_yqjD_yqjC_predicted,0.5,4,3,ACTCTGAGACGTCCGACATG,1,5244789
yqjE_yqjK_yqjD_yqjC_predicted,0.5,4,3,ACTCGGGGCTAGTTGGGGAA,1,5173863
yqjE_yqjK_yqjD_yqjC_predicted,7.0,30,3,ACTCCTTTACCTTCATGGGA,27,5261516
yqjE_yqjK_yqjD_yqjC_predicted,0.5,4,3,ACTCAAAAAACTTAGCGCGT,1,5260425
yqjE_yqjK_yqjD_yqjC_predicted,4.75,21,3,ACTATCCATCAGCCAGGCCT,18,5173730
yqjE_yqjK_yqjD_yqjC_predicted,7.25,31,3,ACTATAGCTAAAGTCCTCCG,28,5192814
yqjE_yqjK_yqjD_yqjC_predicted,4.5,20,3,ACTAGCTACTATGTCACTAA,17,5205464
yqjE_yqjK_yqjD_yqjC_predicted,1.0,6,3,ACTAATAAGGCGAATCGGGT,3,5248781
yqjE_yqjK_yqjD_yqjC_predicted,0.75,5,3,ACGTGTAACGTAGCATCGTA,2,5210925
yqjE_yqjK_yqjD_yqjC_predicted,2.75,13,3,ACGGGTTTCTCAGTCCCAGT,10,5179296
yqjE_yqjK_yqjD_yqjC_predicted,4.0,18,3,ACGGCCACTATTTACACTAG,15,5228884
yqjE_yqjK_yqjD_yqjC_predicted,5.0,22,3,ACGCGCGTCACGATCAGATA,19,5238738
yqjE_yqjK_yqjD_yqjC_predicted,2.75,13,3,ACGCGCCGTCAAATGTGACA,10,5239444
yqjE_yqjK_yqjD_yqjC_predicted,64.25,259,3,ACGCGATCCGCGGCTCAAAT,256,5208120
yqjE_yqjK_yqjD_yqjC_predicted,6.0,26,3,ACGCCTCGGGAGCGCCGGAA,23,5255170
yqjE_yqjK_yqjD_yqjC_predicted,6.0,26,3,ACGCCCCTCGTGCCGAGTGC,23,5226203
yqjE_yqjK_yqjD_yqjC_predicted,13.0,54,3,ACGCCATCGAGTCCACACAC,51,5226255
yqjE_yqjK_yqjD_yqjC_predicted,7.0,30,3,ACGCAGTTTGAACCAGACTA,27,5190646
yqjE_yqjK_yqjD_yqjC_predicted,0.5,4,3,ACGAGCTCATTTAGTTCATA,1,5178428
yqjE_yqjK_yqjD_yqjC_predicted,6.75,29,3,ACGAGCAGTTCACGCGGTCC,26,5205704
yqjE_yqjK_yqjD_yqjC_predicted,2.5,12,3,ACGACTCAGGCAGCAGATCC,9,5218102
yqjE_yqjK_yqjD_yqjC_predicted,9.75,41,3,ACCTTTTGGGCGCGGTTCTA,38,5232248
yqjE_yqjK_yqjD_yqjC_predicted,6.75,29,3,ACCTTCATTAATTAAGGATG,26,5238251
yqjE_yqjK_yqjD_yqjC_predicted,6.0,26,3,ACCTGTTGATGTGAGTCTGG,23,5189132
yqjE_yqjK_yqjD_yqjC_predicted,9.0,38,3,ACCTGTGCTTGTAATGTATT,35,5204297
yqjE_yqjK_yqjD_yqjC_predicted,11.5,48,3,ACCTGATCTCAGGGTCCGCA,45,5201328
yqjE_yqjK_yqjD_yqjC_predicted,6.75,29,3,ACCTCTGGGTTGCCAATTCT,26,5192191
yqjE_yqjK_yqjD_yqjC_predicted,21.0,86,3,ACCGGGTGTGGGTTCGGCTG,83,5214182
yqjE_yqjK_yqjD_yqjC_predicted,0.5,4,3,ACCGACGCTCTGATCAGTCA,1,5238729
yqjE_yqjK_yqjD_yqjC_predicted,11.25,47,3,ACCGACCCTTAGTTCGATAT,44,5249456
yqjE_yqjK_yqjD_yqjC_predicted,53.75,217,3,ACCCTCGCTTCAAAGACATG,214,5191928
yqjE_yqjK_yqjD_yqjC_predicted,7.75,33,3,ACCCTATGTGCCACTTAAAA,30,5219148
yqjE_yqjK_yqjD_yqjC_predicted,13.0,54,3,ACCACTGTAGGAAGCTATAA,51,5172139
yqjE_yqjK_yqjD_yqjC_predicted,4.75,21,3,ACCACAAAAGTGAGGATAGG,18,5213943
yqjE_yqjK_yqjD_yqjC_predicted,2.0,10,3,ACCAAACTGACCCAGTGAGC,7,5258310
yqjE_yqjK_yqjD_yqjC_predicted,4.5,20,3,ACATTGTCCAATTAGCCGGC,17,5255519
yqjE_yqjK_yqjD_yqjC_predicted,5.25,23,3,ACAGGAATCACTCCTAAAGA,20,5231889
yqjE_yqjK_yqjD_yqjC_predicted,10.25,43,3,ACAGCGTTGGCAAGGCCCAC,40,5237641
yqjE_yqjK_yqjD_yqjC_predicted,5.0,22,3,ACAGCAGGTGCAGCGTAGGA,19,5222241
yqjE_yqjK_yqjD_yqjC_predicted,5.5,24,3,ACACGTAACTCGTAGTATGT,21,5194729
yqjE_yqjK_yqjD_yqjC_predicted,0.5,4,3,ACACGGTGGGCGCATTGAGC,1,5223054
yqjE_yqjK_yqjD_yqjC_predicted,3.25,15,3,ACACGCTGACATCTTAGTCA,12,5242511
yqjE_yqjK_yqjD_yqjC_predicted,4.5,20,3,ACACCGTCAGGTCAGTGGGA,17,5238488
yqjE_yqjK_yqjD_yqjC_predicted,3.75,17,3,ACACAGAAAAACCCCAGTCA,14,5243260
yqjE_yqjK_yqjD_yqjC_predicted,7.25,31,3,ACAAGTACTGTTACTCTATC,28,5204492
yqjE_yqjK_yqjD_yqjC_predicted,2.0,10,3,AATTTACGCGTTTGAACACT,7,5231605
yqjE_yqjK_yqjD_yqjC_predicted,3.5,16,3,AATTCTCTCTTACTTCAGCA,13,5249457
yqjE_yqjK_yqjD_yqjC_predicted,6.75,29,3,AATTAGATTAGCCTAGAGTT,26,5234385
yqjE_yqjK_yqjD_yqjC_predicted,3.0,14,3,AATCGACATGCATGCAACCA,11,5251838
yqjE_yqjK_yqjD_yqjC_predicted,3.5,16,3,AATCATTCCATAGTCTCCGT,13,5210459
yqjE_yqjK_yqjD_yqjC_predicted,12.0,50,3,AATCACGCAACTTAGATCCC,47,5212303
yqjE_yqjK_yqjD_yqjC_predicted,11.0,46,3,AATAACAGCCCGCGGTGCCA,43,5201336
yqjE_yqjK_yqjD_yqjC_predicted,18.0,74,3,AAGTTACAACGGACCTGGTG,71,5174800
yqjE_yqjK_yqjD_yqjC_predicted,7.75,33,3,AAGTGTACGACCTCGTAAAG,30,5190361
yqjE_yqjK_yqjD_yqjC_predicted,0.5,4,3,AAGTCTACACCGTAACCACC,1,5208416
yqjE_yqjK_yqjD_yqjC_predicted,2.0,10,3,AAGGCAGCTATACTCACGAT,7,5238145
yqjE_yqjK_yqjD_yqjC_predicted,6.25,27,3,AAGCTGAAATCTCAAACCCT,24,5213251
yqjE_yqjK_yqjD_yqjC_predicted,3.5,16,3,AAGCTAAACTTCTCTAAAAG,13,5220048
yqjE_yqjK_yqjD_yqjC_predicted,0.5,4,3,AAGCGACCTGTGGGGCATAA,1,5191347
yqjE_yqjK_yqjD_yqjC_predicted,36.5,148,3,AAGCGAATCAAGGAGCTGGT,145,5254461
yqjE_yqjK_yqjD_yqjC_predicted,46.75,189,3,AAGCGAATCAACACTTCCGG,186,5174856
yqjE_yqjK_yqjD_yqjC_predicted,2.25,11,3,AAGCCTCGCAGACAAGGCAA,8,5203025
yqjE_yqjK_yqjD_yqjC_predicted,11.25,47,3,AAGCATCTGGAGGAGTGTCA,44,5237423
yqjE_yqjK_yqjD_yqjC_predicted,6.25,27,3,AAGCAAGCGGTGTGTGGCCA,24,5204002
yqjE_yqjK_yqjD_yqjC_predicted,16.25,67,3,AAGCAAATGGTCTGGATCAG,64,5208674
yqjE_yqjK_yqjD_yqjC_predicted,28.25,115,3,AAGACGGAATGAATACGATC,112,5219150
yqjE_yqjK_yqjD_yqjC_predicted,0.5,4,3,AACGTTTAGGGACTCTTAAT,1,5253778
yqjE_yqjK_yqjD_yqjC_predicted,15.25,63,3,AACGTGCTGCAAACGTCAGT,60,5218230
yqjE_yqjK_yqjD_yqjC_predicted,0.5,4,3,AACGTCTGCAGTACCATGGT,1,5251554
yqjE_yqjK_yqjD_yqjC_predicted,2.75,13,3,AACGGCAATTCGATGTCTTC,10,5242502
yqjE_yqjK_yqjD_yqjC_predicted,6.25,27,3,AACGGACCGCACCCGCTATC,24,5238939
yqjE_yqjK_yqjD_yqjC_predicted,5.25,23,3,AACGCGTAGTTGGGATTCAA,20,5236916
yqjE_yqjK_yqjD_yqjC_predicted,6.75,29,3,AACGCACACTACCGGACGCT,26,5205174
yqjE_yqjK_yqjD_yqjC_predicted,4.75,21,3,AACCTTCACAACCTGTAACA,18,5184826
yqjE_yqjK_yqjD_yqjC_predicted,2.5,12,3,AACCGGTATGAAGAGAGCCT,9,5192344
yqjE_yqjK_yqjD_yqjC_predicted,3.0,14,3,AACCGCCCAGCAAGAGACGA,11,5216609
yqjE_yqjK_yqjD_yqjC_predicted,5.75,25,3,AACATGGCAAGAACAGGTTC,22,5234682
yqjE_yqjK_yqjD_yqjC_predicted,2.25,11,3,AACACCTTAAGTAATGCACA,8,5213410
yqjE_yqjK_yqjD_yqjC_predicted,4.5,20,3,AACAACCATCTGCCTAGAGC,17,5194284
yqjE_yqjK_yqjD_yqjC_predicted,7.25,31,3,AAATTCTTGCGACTAATAAG,28,5195419
yqjE_yqjK_yqjD_yqjC_predicted,3.5,16,3,AAATTCGAGGTGGTCCCAGT,13,5227990
yqjE_yqjK_yqjD_yqjC_predicted,3.0,14,3,AAATTAATACGTTCGGTATT,11,5255673
yqjE_yqjK_yqjD_yqjC_predicted,19.5,80,3,AAATGATCCAACGGGGCACT,77,5258143
yqjE_yqjK_yqjD_yqjC_predicted,5.5,24,3,AAATAGTTAACGACAAATCT,21,5190637
yqjE_yqjK_yqjD_yqjC_predicted,4.5,20,3,AAATAAACGTCCCACGTGTG,17,5196131
yqjE_yqjK_yqjD_yqjC_predicted,5.75,25,3,AAAATGTATAGGTGTTACAT,22,5248174
yqjE_yqjK_yqjD_yqjC_predicted,14.25,59,3,AAAATCGCTTAAGTACCTTA,56,5244684
yqjE_yqjK_yqjD_yqjC_predicted,19.75,81,3,AAAAGTATTCGTATTAATTC,78,5187243
yqjE_yqjK_yqjD_yqjC_predicted,4.25,19,3,AAAAGGTGCTCCGCATACGT,16,5231467
yqjE_yqjK_yqjD_yqjC_predicted,2.6666666666666665,9,2,TTTTGGTAGTACAGGGCGAA,7,5237273
yqjE_yqjK_yqjD_yqjC_predicted,0.6666666666666666,3,2,TTTTGGACGTTCTCATCACT,1,5174336
yqjE_yqjK_yqjD_yqjC_predicted,4.0,13,2,TTTTGCTGCTTGCCAGCGTC,11,5244516
yqjE_yqjK_yqjD_yqjC_predicted,23.0,70,2,TTTTGATAGTGGAGTTACTA,68,5171712
yqjE_yqjK_yqjD_yqjC_predicted,20.0,61,2,TTTGGGAATCCTATTTGATT,59,5244346
yqjE_yqjK_yqjD_yqjC_predicted,7.0,22,2,TTTGGGAAATTCTATACGCA,20,5209996
yqjE_yqjK_yqjD_yqjC_predicted,0.6666666666666666,3,2,TTTGGCAAGCGAGTAAAAGT,1,5249322
yqjE_yqjK_yqjD_yqjC_predicted,30.666666666666668,93,2,TTTGGAATCCTGGCAATGCT,91,5233809
yqjE_yqjK_yqjD_yqjC_predicted,53.666666666666664,162,2,TTTGCCCCAGGGAGGTCAGT,160,5190865
yqjE_yqjK_yqjD_yqjC_predicted,11.666666666666666,36,2,TTTGCAACGGACCTGAGAGG,34,5233780
yqjE_yqjK_yqjD_yqjC_predicted,8.0,25,2,TTTGAACCGCTCGCTATTCG,23,5227093
yqjE_yqjK_yqjD_yqjC_predicted,25.0,76,2,TTTCCGAGCCGACACGAAGA,74,5238726
yqjE_yqjK_yqjD_yqjC_predicted,27.0,82,2,TTTATTCGATCTCCGCAATG,80,5216017
yqjE_yqjK_yqjD_yqjC_predicted,4.333333333333333,14,2,TTTATAAGTGAAGTTGTTTA,12,5248121
yqjE_yqjK_yqjD_yqjC_predicted,6.666666666666667,21,2,TTTAGTGTCCGGTCAGCTCT,19,5189624
yqjE_yqjK_yqjD_yqjC_predicted,4.666666666666667,15,2,TTTACTAAAGTACCGTGGAC,13,5199348
yqjE_yqjK_yqjD_yqjC_predicted,8.0,25,2,TTTAATCAGCTGTCGGGTGT,23,5206003
yqjE_yqjK_yqjD_yqjC_predicted,5.666666666666667,18,2,TTGTGCAAAGTACCCGGGTT,16,5246732
yqjE_yqjK_yqjD_yqjC_predicted,6.333333333333333,20,2,TTGTCGTGGTACTCTAGCAA,18,5226106
yqjE_yqjK_yqjD_yqjC_predicted,8.0,25,2,TTGGGCATTGAATATGCACT,23,5234345
yqjE_yqjK_yqjD_yqjC_predicted,1.0,4,2,TTGGCTCTACGTGCACATAT,2,5232926
yqjE_yqjK_yqjD_yqjC_predicted,14.0,43,2,TTGGCAGGGGTTCTAGTCTA,41,5243392
yqjE_yqjK_yqjD_yqjC_predicted,1.6666666666666667,6,2,TTGGAGAGTTGTCAGAAAGC,4,5224340
yqjE_yqjK_yqjD_yqjC_predicted,6.333333333333333,20,2,TTGCTCTTCTGTTGCTCGGT,18,5199653
yqjE_yqjK_yqjD_yqjC_predicted,2.0,7,2,TTGAGGCTGGGTATAGAGCG,5,5184180
yqjE_yqjK_yqjD_yqjC_predicted,4.666666666666667,15,2,TTCTTCCCTGAGATTCGGTC,13,5180271
yqjE_yqjK_yqjD_yqjC_predicted,6.666666666666667,21,2,TTCTCCTTCACGGATGGGTC,19,5240367
yqjE_yqjK_yqjD_yqjC_predicted,1.3333333333333333,5,2,TTCTATGGCGATGGGGATTT,3,5185299
yqjE_yqjK_yqjD_yqjC_predicted,0.6666666666666666,3,2,TTCTATGCCTATATTTCAAC,1,5174900
yqjE_yqjK_yqjD_yqjC_predicted,4.666666666666667,15,2,TTCGTTCCACTCGCGAACAA,13,5216899
yqjE_yqjK_yqjD_yqjC_predicted,1.0,4,2,TTCGTCCTGGCCATGATGCG,2,5243189
yqjE_yqjK_yqjD_yqjC_predicted,3.0,10,2,TTCGGTATAGATCGTAGAAC,8,5179232
yqjE_yqjK_yqjD_yqjC_predicted,4.666666666666667,15,2,TTCGCCAAAGTATTCCCACA,13,5230636
yqjE_yqjK_yqjD_yqjC_predicted,8.666666666666666,27,2,TTCGAATCTTCGTGCGCTTG,25,5203059
yqjE_yqjK_yqjD_yqjC_predicted,11.0,34,2,TTCCTTTTGTCTACGGGCGT,32,5195102
yqjE_yqjK_yqjD_yqjC_predicted,1.0,4,2,TTCCTGCTTCAGGAATTTAA,2,5191527
yqjE_yqjK_yqjD_yqjC_predicted,7.666666666666667,24,2,TTCCTCGCCAACGCAGTGTC,22,5173703
yqjE_yqjK_yqjD_yqjC_predicted,0.6666666666666666,3,2,TTCCGCCGATCTGTTCTCGC,1,5240396
yqjE_yqjK_yqjD_yqjC_predicted,6.333333333333333,20,2,TTCCCTTGGGGGTAGGCAGG,18,5176588
yqjE_yqjK_yqjD_yqjC_predicted,14.333333333333334,44,2,TTCCAGAGCTATTGTCGTGA,42,5198576
yqjE_yqjK_yqjD_yqjC_predicted,4.666666666666667,15,2,TTCCACACGGTCCTTACGTA,13,5232843
yqjE_yqjK_yqjD_yqjC_predicted,3.0,10,2,TTCATGTGGCACGTATGCAT,8,5247154
yqjE_yqjK_yqjD_yqjC_predicted,19.333333333333332,59,2,TTCATAGAAATAGCCTGTGA,57,5243339
yqjE_yqjK_yqjD_yqjC_predicted,8.0,25,2,TTCAGCTTCAAAGTCCTCGT,23,5171286
yqjE_yqjK_yqjD_yqjC_predicted,4.0,13,2,TTCACTATCGATGGTTCATG,11,5211610
yqjE_yqjK_yqjD_yqjC_predicted,1.6666666666666667,6,2,TTATTTCACATCCCCCGGCG,4,5253369
yqjE_yqjK_yqjD_yqjC_predicted,5.333333333333333,17,2,TTATGCGTTACTGGGAAACT,15,5192373
yqjE_yqjK_yqjD_yqjC_predicted,14.666666666666666,45,2,TTATCGGGCGATGGCATTCA,43,5254303
yqjE_yqjK_yqjD_yqjC_predicted,5.0,16,2,TTAGTTGTATAACAGTTTCG,14,5184517
yqjE_yqjK_yqjD_yqjC_predicted,31.333333333333332,95,2,TTAGGTCTGAGTGAGCGTTG,93,5261773
yqjE_yqjK_yqjD_yqjC_predicted,10.0,31,2,TTAGCCGTGACGAAACGCTA,29,5255119
yqjE_yqjK_yqjD_yqjC_predicted,4.333333333333333,14,2,TTAGAAAAGAGACCAGGAGC,12,5177159
yqjE_yqjK_yqjD_yqjC_predicted,4.333333333333333,14,2,TTACTATGGGGAGCAAGGAC,12,5196203
yqjE_yqjK_yqjD_yqjC_predicted,12.0,37,2,TTACGCGGACCTAGAAACTC,35,5233824
yqjE_yqjK_yqjD_yqjC_predicted,11.0,34,2,TTACCTCGGTGGAATGCAAG,32,5251952
yqjE_yqjK_yqjD_yqjC_predicted,1.6666666666666667,6,2,TTAATAGTGAGTGCTCCCGT,4,5211387
yqjE_yqjK_yqjD_yqjC_predicted,10.666666666666666,33,2,TTAAGGGTAATTGTAGATAT,31,5261730
yqjE_yqjK_yqjD_yqjC_predicted,3.6666666666666665,12,2,TTAAGCTGCGGGTCGGCTGT,10,5177839
yqjE_yqjK_yqjD_yqjC_predicted,7.666666666666667,24,2,TTAAGACGCAATGACCATGA,22,5255291
yqjE_yqjK_yqjD_yqjC_predicted,30.666666666666668,93,2,TTAAAGCTCCGCCTGACGGG,91,5262717
yqjE_yqjK_yqjD_yqjC_predicted,18.666666666666668,57,2,TGTTTCAGTTGCATCCGTGT,55,5172150
yqjE_yqjK_yqjD_yqjC_predicted,6.333333333333333,20,2,TGTTCCTCCAAACCAGGGTC,18,5230071
yqjE_yqjK_yqjD_yqjC_predicted,7.666666666666667,24,2,TGTGGTCCCGGTCGAGGTCT,22,5233756
yqjE_yqjK_yqjD_yqjC_predicted,8.0,25,2,TGTGCGCCGGTGCTCGCCAA,23,5186847
yqjE_yqjK_yqjD_yqjC_predicted,6.333333333333333,20,2,TGTCTAGATAAAGAACGTGG,18,5194804
yqjE_yqjK_yqjD_yqjC_predicted,0.6666666666666666,3,2,TGTCTAATTGCTTCCATTCA,1,5261523
yqjE_yqjK_yqjD_yqjC_predicted,2.6666666666666665,9,2,TGTCCACTTGTACCATGTTT,7,5241155
yqjE_yqjK_yqjD_yqjC_predicted,4.666666666666667,15,2,TGTATTTGGAGAGCCCAACG,13,5224821
yqjE_yqjK_yqjD_yqjC_predicted,19.0,58,2,TGTATCAACCGGACTCGTCC,56,5199765
yqjE_yqjK_yqjD_yqjC_predicted,59.333333333333336,179,2,TGTACGGAAACAACTAGCAA,177,5221279
yqjE_yqjK_yqjD_yqjC_predicted,4.0,13,2,TGTACCCGCAGTGCAAAAAG,11,5175652
yqjE_yqjK_yqjD_yqjC_predicted,11.0,34,2,TGGTCCAAATTCGCATAGGC,32,5176284
yqjE_yqjK_yqjD_yqjC_predicted,10.333333333333334,32,2,TGGTCAAGAGTTCCCCCCAG,30,5248198
yqjE_yqjK_yqjD_yqjC_predicted,2.3333333333333335,8,2,TGGTATGGCTTGCCGAGTGG,6,5231959
yqjE_yqjK_yqjD_yqjC_predicted,24.0,73,2,TGGGGGGCCACAAATTTCGG,71,5243243
yqjE_yqjK_yqjD_yqjC_predicted,6.666666666666667,21,2,TGGGAGACAGCTGTTTGTGT,19,5226432
yqjE_yqjK_yqjD_yqjC_predicted,6.0,19,2,TGGCTGGGGGTCACCCGCTC,17,5172407
yqjE_yqjK_yqjD_yqjC_predicted,1.0,4,2,TGGCTATGTGGGGTGACAGT,2,5210383
yqjE_yqjK_yqjD_yqjC_predicted,1.6666666666666667,6,2,TGGAGTTTGAGTTCGTGCCC,4,5192832
yqjE_yqjK_yqjD_yqjC_predicted,8.666666666666666,27,2,TGGAGGTCACGTGTCGGCAT,25,5174703
yqjE_yqjK_yqjD_yqjC_predicted,8.333333333333334,26,2,TGGAAGTAGCTGACCGTGCA,24,5190570
yqjE_yqjK_yqjD_yqjC_predicted,23.666666666666668,72,2,TGCTGAAGTCACTCAAAGTC,70,5237126
yqjE_yqjK_yqjD_yqjC_predicted,9.0,28,2,TGCTAGCCTGTTACGACCGT,26,5239552
yqjE_yqjK_yqjD_yqjC_predicted,5.666666666666667,18,2,TGCTAGACTAACCGCGCCTT,16,5181481
yqjE_yqjK_yqjD_yqjC_predicted,6.666666666666667,21,2,TGCTAACCGCTTCATTATCC,19,5245115
yqjE_yqjK_yqjD_yqjC_predicted,17.666666666666668,54,2,TGCGGGCGCGGTCAGGGGAA,52,5221610
yqjE_yqjK_yqjD_yqjC_predicted,5.666666666666667,18,2,TGCGCGCGCATAGGCCAATG,16,5230780
yqjE_yqjK_yqjD_yqjC_predicted,6.666666666666667,21,2,TGCGATCCCCGTAGTAGAGG,19,5173721
yqjE_yqjK_yqjD_yqjC_predicted,4.333333333333333,14,2,TGCCTCAGAGTAGTCATGCA,12,5208182
yqjE_yqjK_yqjD_yqjC_predicted,9.666666666666666,30,2,TGCCGGTTGTTTGTGTTAAT,28,5180937
yqjE_yqjK_yqjD_yqjC_predicted,1.3333333333333333,5,2,TGCCAATACTGGAGAACTCC,3,5235945
yqjE_yqjK_yqjD_yqjC_predicted,0.6666666666666666,3,2,TGCCAATAATGTACGACTTT,1,5174333
yqjE_yqjK_yqjD_yqjC_predicted,10.333333333333334,32,2,TGCAGATACTTATACGAGCT,30,5180513
yqjE_yqjK_yqjD_yqjC_predicted,7.0,22,2,TGCAAGAAACAAAGCACGGT,20,5247769
yqjE_yqjK_yqjD_yqjC_predicted,6.333333333333333,20,2,TGATGCGCGGCTTACGTAAT,18,5179708
yqjE_yqjK_yqjD_yqjC_predicted,8.333333333333334,26,2,TGATGAAGACTGAACATCGT,24,5182646
yqjE_yqjK_yqjD_yqjC_predicted,11.0,34,2,TGAGTTATGCGTGAAGTCTT,32,5199750
yqjE_yqjK_yqjD_yqjC_predicted,28.333333333333332,86,2,TGAGTGTACGCGGGACGCCG,84,5174838
yqjE_yqjK_yqjD_yqjC_predicted,0.6666666666666666,3,2,TGAGGAGAGGATGCTGCTAA,1,5206071
yqjE_yqjK_yqjD_yqjC_predicted,6.0,19,2,TGAGCAAGAAAGGGAGGGTT,17,5224870
yqjE_yqjK_yqjD_yqjC_predicted,7.0,22,2,TGAGAGGGGTGTATGTCTGA,20,5220801
yqjE_yqjK_yqjD_yqjC_predicted,18.666666666666668,57,2,TGAGAACAATCACTCTAGTG,55,5261201
yqjE_yqjK_yqjD_yqjC_predicted,0.6666666666666666,3,2,TGACGTCTCGCGGCGCTAAC,1,5205411
yqjE_yqjK_yqjD_yqjC_predicted,2.6666666666666665,9,2,TGACCGATCAATCTCCATAT,7,5174778
yqjE_yqjK_yqjD_yqjC_predicted,2.3333333333333335,8,2,TGAACGGGACTCAGGTGGCT,6,5246052
yqjE_yqjK_yqjD_yqjC_predicted,8.0,25,2,TCTTTTGATGATCTCCCGTG,23,5217425
yqjE_yqjK_yqjD_yqjC_predicted,8.666666666666666,27,2,TCTTCACCAACTCTGCAACA,25,5207597
yqjE_yqjK_yqjD_yqjC_predicted,6.666666666666667,21,2,TCTGTGCTCATCCCAATAAA,19,5192829
yqjE_yqjK_yqjD_yqjC_predicted,6.333333333333333,20,2,TCTGTAGCCAGGCTTCTCCA,18,5175547
yqjE_yqjK_yqjD_yqjC_predicted,0.6666666666666666,3,2,TCTGAGGATAAACTTACGAC,1,5251958
yqjE_yqjK_yqjD_yqjC_predicted,31.666666666666668,96,2,TCTGAGCCCTATATCTTCCT,94,5171704
yqjE_yqjK_yqjD_yqjC_predicted,4.333333333333333,14,2,TCTGAACGGGGGAGCGCCCT,12,5171528
yqjE_yqjK_yqjD_yqjC_predicted,6.333333333333333,20,2,TCTCTCGAGACCACTTCGCC,18,5251394
yqjE_yqjK_yqjD_yqjC_predicted,1.6666666666666667,6,2,TCTCGTTAATACACATAGCC,4,5248240
yqjE_yqjK_yqjD_yqjC_predicted,45.0,136,2,TCTCGTCTATAGCACTACAC,134,5208728
yqjE_yqjK_yqjD_yqjC_predicted,11.0,34,2,TCTCCTGTTACGCCATTCAC,32,5192748
yqjE_yqjK_yqjD_yqjC_predicted,14.0,43,2,TCTCCCGTCCGCATGATAGC,41,5243280
yqjE_yqjK_yqjD_yqjC_predicted,6.0,19,2,TCTCAAGTCGAGAATGATCA,17,5251643
yqjE_yqjK_yqjD_yqjC_predicted,4.0,13,2,TCTAGGTTGAACAGCCTTTG,11,5217245
yqjE_yqjK_yqjD_yqjC_predicted,32.333333333333336,98,2,TCTACTGAAGGGCATCACTC,96,5238889
yqjE_yqjK_yqjD_yqjC_predicted,5.333333333333333,17,2,TCTACGAAAATTAGAAATAA,15,5248485
yqjE_yqjK_yqjD_yqjC_predicted,10.333333333333334,32,2,TCTACACTGGCCAGATCATA,30,5175246
yqjE_yqjK_yqjD_yqjC_predicted,0.6666666666666666,3,2,TCTAAGTTGAGGAGTTCATG,1,5251090
yqjE_yqjK_yqjD_yqjC_predicted,9.0,28,2,TCTAAGTGTAGGTTAAACTT,26,5225085
yqjE_yqjK_yqjD_yqjC_predicted,23.666666666666668,72,2,TCGTTAGTAACAGGCGGATT,70,5237138
yqjE_yqjK_yqjD_yqjC_predicted,12.0,37,2,TCGTGCTCGACACACTTAGT,35,5177858
yqjE_yqjK_yqjD_yqjC_predicted,131.66666666666666,396,2,TCGTACTTCCAGACGCGATC,394,5232606
yqjE_yqjK_yqjD_yqjC_predicted,20.666666666666668,63,2,TCGGCCCGAGAATGAGTGCT,61,5253295
yqjE_yqjK_yqjD_yqjC_predicted,28.0,85,2,TCGGATTTAACCATACACTC,83,5245625
yqjE_yqjK_yqjD_yqjC_predicted,7.0,22,2,TCGCGGAAGATGTCTTTTAG,20,5232176
yqjE_yqjK_yqjD_yqjC_predicted,0.6666666666666666,3,2,TCGCCCCCGGAGAAGGAGAA,1,5229340
yqjE_yqjK_yqjD_yqjC_predicted,2.0,7,2,TCGCATCATGGCTTGGGAAA,5,5258423
yqjE_yqjK_yqjD_yqjC_predicted,0.6666666666666666,3,2,TCGATGAGCCCTCGCTTGGG,1,5205374
yqjE_yqjK_yqjD_yqjC_predicted,7.333333333333333,23,2,TCGACTACTACTGAGTGAAT,21,5211604
yqjE_yqjK_yqjD_yqjC_predicted,6.666666666666667,21,2,TCGACGCACATACCAAGTCG,19,5182586
yqjE_yqjK_yqjD_yqjC_predicted,5.0,16,2,TCGACCCTTTATTAAAAAAT,14,5218253
yqjE_yqjK_yqjD_yqjC_predicted,4.333333333333333,14,2,TCGAAGGTCAACAACTATGA,12,5173517
yqjE_yqjK_yqjD_yqjC_predicted,6.666666666666667,21,2,TCGAAGACGGACCAATAATG,19,5236051
yqjE_yqjK_yqjD_yqjC_predicted,5.666666666666667,18,2,TCGAACGGCTAAACATGAAT,16,5183621
yqjE_yqjK_yqjD_yqjC_predicted,11.0,34,2,TCCTTAACACAGGCGTCTGG,32,5249952
yqjE_yqjK_yqjD_yqjC_predicted,4.0,13,2,TCCTGACGAGTGGAGGCAGT,11,5238429
yqjE_yqjK_yqjD_yqjC_predicted,0.6666666666666666,3,2,TCCTATCGTAAAGCTGTTTC,1,5223124
yqjE_yqjK_yqjD_yqjC_predicted,4.666666666666667,15,2,TCCGTCCTGCGGTCCTGATA,13,5175729
yqjE_yqjK_yqjD_yqjC_predicted,11.0,34,2,TCCGTCCGCTTGGCATATCG,32,5186639
yqjE_yqjK_yqjD_yqjC_predicted,2.0,7,2,TCCCCAGGGTGCTCCTGACA,5,5238355
yqjE_yqjK_yqjD_yqjC_predicted,6.333333333333333,20,2,TCCATTGGGCTGGGACATCT,18,5250920
yqjE_yqjK_yqjD_yqjC_predicted,27.333333333333332,83,2,TCCATGGTTAGGCACCGGGA,81,5184513
yqjE_yqjK_yqjD_yqjC_predicted,5.333333333333333,17,2,TCCAAGGTCTATTCGTTAGA,15,5201546
yqjE_yqjK_yqjD_yqjC_predicted,3.0,10,2,TCATTAGGTTCAAAAGCAAT,8,5238203
yqjE_yqjK_yqjD_yqjC_predicted,6.333333333333333,20,2,TCATCTGCCCACGGCTTAAT,18,5262263
yqjE_yqjK_yqjD_yqjC_predicted,6.0,19,2,TCATCATCGCATGCAACCTG,17,5213572
yqjE_yqjK_yqjD_yqjC_predicted,1.0,4,2,TCATAATGGATTCCCTCGTG,2,5261409
yqjE_yqjK_yqjD_yqjC_predicted,28.666666666666668,87,2,TCAGCGAAGATCGAAAAAGA,85,5237098
yqjE_yqjK_yqjD_yqjC_predicted,4.333333333333333,14,2,TCACGTCTTGAGTCGTTGGC,12,5213413
yqjE_yqjK_yqjD_yqjC_predicted,1.6666666666666667,6,2,TCACGCCGTGAGAAGAACGA,4,5211983
yqjE_yqjK_yqjD_yqjC_predicted,0.6666666666666666,3,2,TCACACATTCTGTATAATGT,1,5177731
yqjE_yqjK_yqjD_yqjC_predicted,0.6666666666666666,3,2,TCAATGGCGTACTAAAGTGC,1,5178845
yqjE_yqjK_yqjD_yqjC_predicted,11.666666666666666,36,2,TCAAGACTGAACCGTGTCAT,34,5172175
yqjE_yqjK_yqjD_yqjC_predicted,13.666666666666666,42,2,TCAACGTTGCACCTCAAATA,40,5234789
yqjE_yqjK_yqjD_yqjC_predicted,7.666666666666667,24,2,TATTTAGGTGTCAGGGCGCA,22,5232019
yqjE_yqjK_yqjD_yqjC_predicted,4.666666666666667,15,2,TATTATAGCAGTCCTGCTAT,13,5226455
yqjE_yqjK_yqjD_yqjC_predicted,10.666666666666666,33,2,TATTACGACGTATAGTTTCA,31,5191802
yqjE_yqjK_yqjD_yqjC_predicted,4.333333333333333,14,2,TATGGCGTATCAGCCGAGGA,12,5237297
yqjE_yqjK_yqjD_yqjC_predicted,24.0,73,2,TATGCAAGGGGAACGGTGAA,71,5261760
yqjE_yqjK_yqjD_yqjC_predicted,24.666666666666668,75,2,TATGAGATACATCCACACAA,73,5195481
yqjE_yqjK_yqjD_yqjC_predicted,8.666666666666666,27,2,TATCGGGCTCTTACTCGAGA,25,5248841
yqjE_yqjK_yqjD_yqjC_predicted,15.0,46,2,TATCCGCACAACAGTAAGGG,44,5191718
yqjE_yqjK_yqjD_yqjC_predicted,2.6666666666666665,9,2,TATCAGCCTAGTCAGACAAT,7,5234737
yqjE_yqjK_yqjD_yqjC_predicted,9.666666666666666,30,2,TATATTGTCGGAATCAAGAA,28,5229497
yqjE_yqjK_yqjD_yqjC_predicted,4.333333333333333,14,2,TATAGCGGACCTCGGCACGC,12,5184944
yqjE_yqjK_yqjD_yqjC_predicted,25.666666666666668,78,2,TATAAAATCTTCATGGTAGG,76,5248133
yqjE_yqjK_yqjD_yqjC_predicted,14.666666666666666,45,2,TAGGTCCGGCATTTACCGAA,43,5174718
yqjE_yqjK_yqjD_yqjC_predicted,11.333333333333334,35,2,TAGGCTCTGATCGACTGCCT,33,5218760
yqjE_yqjK_yqjD_yqjC_predicted,12.333333333333334,38,2,TAGGCAGTGTTCCAAAGGCG,36,5234831
yqjE_yqjK_yqjD_yqjC_predicted,9.333333333333334,29,2,TAGGAATAAGTGGCTAAAGA,27,5217555
yqjE_yqjK_yqjD_yqjC_predicted,10.333333333333334,32,2,TAGCCTCCCGAAGGCCCCCT,30,5190893
yqjE_yqjK_yqjD_yqjC_predicted,9.333333333333334,29,2,TAGCCCTGCATCAAGTGACA,27,5205603
yqjE_yqjK_yqjD_yqjC_predicted,6.333333333333333,20,2,TAGATGGGTAAGTTCCTAGT,18,5227045
yqjE_yqjK_yqjD_yqjC_predicted,3.0,10,2,TAGAGTAGCGATATGTTCAC,8,5199015
yqjE_yqjK_yqjD_yqjC_predicted,10.666666666666666,33,2,TAGAGCTAAGCCTTCGAGCT,31,5201698
yqjE_yqjK_yqjD_yqjC_predicted,7.0,22,2,TACTTATATATTAATTGTGG,20,5199131
yqjE_yqjK_yqjD_yqjC_predicted,14.666666666666666,45,2,TACGTCGCGTTTAACTCTCC,43,5174511
yqjE_yqjK_yqjD_yqjC_predicted,1.0,4,2,TACGGCATCGGGTCGAGCCC,2,5220312
yqjE_yqjK_yqjD_yqjC_predicted,24.0,73,2,TACGATTGGTGGCATGCCAC,71,5203438
yqjE_yqjK_yqjD_yqjC_predicted,6.0,19,2,TACCGTTATTACTCCGTATA,17,5238822
yqjE_yqjK_yqjD_yqjC_predicted,9.666666666666666,30,2,TACCATCAAGGGCCTTGGAT,28,5195624
yqjE_yqjK_yqjD_yqjC_predicted,6.0,19,2,TAATTCTGCATGGCCTATTA,17,5189135
yqjE_yqjK_yqjD_yqjC_predicted,9.333333333333334,29,2,TAATGGCAGTATCCAACGGA,27,5237593
yqjE_yqjK_yqjD_yqjC_predicted,10.666666666666666,33,2,TAATATTACTTTCCTTTGGT,31,5200286
yqjE_yqjK_yqjD_yqjC_predicted,4.666666666666667,15,2,TAATAGAACGTACGCTTCGG,13,5217868
yqjE_yqjK_yqjD_yqjC_predicted,2.6666666666666665,9,2,TAATAACGTAAATAAAGGAG,7,5217339
yqjE_yqjK_yqjD_yqjC_predicted,31.0,94,2,TAAGTGCACGATGTGCACAG,92,5180843
yqjE_yqjK_yqjD_yqjC_predicted,19.0,58,2,TAAGGGTATATGTTCCTAAT,56,5254462
yqjE_yqjK_yqjD_yqjC_predicted,11.0,34,2,TAAGACGTAACCGGGGACCA,32,5238268
yqjE_yqjK_yqjD_yqjC_predicted,27.0,82,2,TAAGACACGACCAGGCGGCC,80,5233823
yqjE_yqjK_yqjD_yqjC_predicted,2.0,7,2,TAACGGTCTGGGCGCCGACT,5,5238269
yqjE_yqjK_yqjD_yqjC_predicted,6.333333333333333,20,2,TAACGAAGTAGGCGACAGGT,18,5249647
yqjE_yqjK_yqjD_yqjC_predicted,6.333333333333333,20,2,TAACAAAACGGTCGAATATT,18,5178305
yqjE_yqjK_yqjD_yqjC_predicted,5.666666666666667,18,2,TAAAGGGGGGGTGAGAACGA,16,5235986
yqjE_yqjK_yqjD_yqjC_predicted,9.0,28,2,TAAACGGTTCTACCTTTATG,26,5261911
yqjE_yqjK_yqjD_yqjC_predicted,2.0,7,2,TAAAAGGGAACAGCGCCACT,5,5177112
yqjE_yqjK_yqjD_yqjC_predicted,2.6666666666666665,9,2,TAAAACAACTCGGTTGAGGA,7,5199880
yqjE_yqjK_yqjD_yqjC_predicted,1.3333333333333333,5,2,GTTTTCTGGTACAGGGCAGT,3,5211686
yqjE_yqjK_yqjD_yqjC_predicted,2.3333333333333335,8,2,GTTTCATGGAGATGAGTAGA,6,5233021
yqjE_yqjK_yqjD_yqjC_predicted,28.0,85,2,GTTGTGCAGGTTCCTATCTA,83,5174863
yqjE_yqjK_yqjD_yqjC_predicted,23.333333333333332,71,2,GTTGGGGTTGAATCGAGACC,69,5251530
yqjE_yqjK_yqjD_yqjC_predicted,8.0,25,2,GTTGGAGGCAGGAGCGCGGT,23,5247766
yqjE_yqjK_yqjD_yqjC_predicted,3.0,10,2,GTTGCGCTTCGTGGAGGCCA,8,5173240
yqjE_yqjK_yqjD_yqjC_predicted,0.6666666666666666,3,2,GTTGACCCAAAGTGCTGCAT,1,5207730
yqjE_yqjK_yqjD_yqjC_predicted,14.666666666666666,45,2,GTTCGAATCGTCGTATGGTT,43,5247767
yqjE_yqjK_yqjD_yqjC_predicted,0.6666666666666666,3,2,GTTCAGTCCAGCTCAATAGG,1,5194057
yqjE_yqjK_yqjD_yqjC_predicted,16.0,49,2,GTTAGGACTACATACCTAGA,47,5246033
yqjE_yqjK_yqjD_yqjC_predicted,16.0,49,2,GTTAATGGTTACACGGCCTA,47,5214185
yqjE_yqjK_yqjD_yqjC_predicted,26.333333333333332,80,2,GTGTTGGGCAAACTTATCTT,78,5207605
yqjE_yqjK_yqjD_yqjC_predicted,6.333333333333333,20,2,GTGTTGGAATCCCCATGGAA,18,5173241
yqjE_yqjK_yqjD_yqjC_predicted,2.6666666666666665,9,2,GTGTCTCACGATCGCGCGGG,7,5172807
yqjE_yqjK_yqjD_yqjC_predicted,0.6666666666666666,3,2,GTGTCAAATATCTCTTACTC,1,5221501
yqjE_yqjK_yqjD_yqjC_predicted,12.666666666666666,39,2,GTGTACCCCTAGGACGGTAT,37,5183930
yqjE_yqjK_yqjD_yqjC_predicted,9.0,28,2,GTGGTCTAGATCGAGTGACC,26,5212381
yqjE_yqjK_yqjD_yqjC_predicted,50.0,151,2,GTGGTAATCAAATGATTGTT,149,5191938
yqjE_yqjK_yqjD_yqjC_predicted,13.0,40,2,GTGGGGAATGTCGTGGCAAT,38,5235315
yqjE_yqjK_yqjD_yqjC_predicted,5.333333333333333,17,2,GTGCGGGAATGTTAACATTA,15,5225678
yqjE_yqjK_yqjD_yqjC_predicted,12.333333333333334,38,2,GTCTTGTATCAATCATAAAG,36,5181480
yqjE_yqjK_yqjD_yqjC_predicted,1.0,4,2,GTCTGATCGTAATGACATGA,2,5234351
yqjE_yqjK_yqjD_yqjC_predicted,12.0,37,2,GTCTCGCAGTATCCCGTAGT,35,5230762
yqjE_yqjK_yqjD_yqjC_predicted,13.0,40,2,GTCTACACGAATCCGTGATT,38,5234031
yqjE_yqjK_yqjD_yqjC_predicted,0.6666666666666666,3,2,GTCGGGGTGAATAGTTTGAC,1,5251861
yqjE_yqjK_yqjD_yqjC_predicted,7.0,22,2,GTCGGGGAGAGATATGCGGC,20,5261220
yqjE_yqjK_yqjD_yqjC_predicted,20.666666666666668,63,2,GTCGCAATACGCACTGCAAT,61,5186029
yqjE_yqjK_yqjD_yqjC_predicted,3.0,10,2,GTCGATATCTGTTTCAGGAT,8,5171703
yqjE_yqjK_yqjD_yqjC_predicted,6.333333333333333,20,2,GTCCTCAGTTGGCGAGGATC,18,5188018
yqjE_yqjK_yqjD_yqjC_predicted,8.333333333333334,26,2,GTCCGAATATTATGTGGTAG,24,5202912
yqjE_yqjK_yqjD_yqjC_predicted,0.6666666666666666,3,2,GTCCAAAATCTTTCTTGAAT,1,5190664
yqjE_yqjK_yqjD_yqjC_predicted,20.666666666666668,63,2,GTCATAGAAATCATGATCAT,61,5180841
yqjE_yqjK_yqjD_yqjC_predicted,9.0,28,2,GTCAAGAGGCACTTTTACGG,26,5200242
yqjE_yqjK_yqjD_yqjC_predicted,3.0,10,2,GTATTTTAAATATTTTCCAT,8,5256449
yqjE_yqjK_yqjD_yqjC_predicted,12.333333333333334,38,2,GTATTATGGAGGGGGGGGGG,36,5255756
yqjE_yqjK_yqjD_yqjC_predicted,35.0,106,2,GTATTATCATACCCTACTAG,104,5235276
yqjE_yqjK_yqjD_yqjC_predicted,15.0,46,2,GTATGTCACGCTATAGGATT,44,5190016
yqjE_yqjK_yqjD_yqjC_predicted,9.0,28,2,GTATCTACTGTAGAGCTGTT,26,5182565
yqjE_yqjK_yqjD_yqjC_predicted,13.333333333333334,41,2,GTATAGGTCAAGAATGCCTC,39,5255538
yqjE_yqjK_yqjD_yqjC_predicted,0.6666666666666666,3,2,GTATAGCTACTTCCCAATCT,1,5217549
yqjE_yqjK_yqjD_yqjC_predicted,2.3333333333333335,8,2,GTAGGTTAACATCTCCAATT,6,5180913
yqjE_yqjK_yqjD_yqjC_predicted,4.666666666666667,15,2,GTACTTGTCTGTTTTTCCAG,13,5218970
yqjE_yqjK_yqjD_yqjC_predicted,5.333333333333333,17,2,GTACGAAATCATGTCACAAA,15,5211882
yqjE_yqjK_yqjD_yqjC_predicted,15.0,46,2,GTACATCATATGCGCACTGA,44,5220818
yqjE_yqjK_yqjD_yqjC_predicted,10.333333333333334,32,2,GTAAGTAAGTTTAGCTGAAC,30,5180943
yqjE_yqjK_yqjD_yqjC_predicted,14.0,43,2,GTAAGGGAATATCCCCGTTA,41,5226715
yqjE_yqjK_yqjD_yqjC_predicted,7.0,22,2,GTAAAACCTGATACGAACAT,20,5170953
yqjE_yqjK_yqjD_yqjC_predicted,17.666666666666668,54,2,GGTTTTAGCGGCGCTGGACA,52,5254473
yqjE_yqjK_yqjD_yqjC_predicted,4.333333333333333,14,2,GGTTTCCGCAGAATGCCTCG,12,5216075
yqjE_yqjK_yqjD_yqjC_predicted,13.666666666666666,42,2,GGTTATAATACCGGGGGGTT,40,5181980
yqjE_yqjK_yqjD_yqjC_predicted,6.333333333333333,20,2,GGTGCCATAACTTGCAGCTT,18,5203043
yqjE_yqjK_yqjD_yqjC_predicted,7.333333333333333,23,2,GGTGCACCAGTCGCTTTTAG,21,5208135
yqjE_yqjK_yqjD_yqjC_predicted,1.0,4,2,GGTGCAAGAGCAGAAAGAAT,2,5227053
yqjE_yqjK_yqjD_yqjC_predicted,0.6666666666666666,3,2,GGTCAAATTTCCCAGCGCCA,1,5232570
yqjE_yqjK_yqjD_yqjC_predicted,10.333333333333334,32,2,GGTACTGCGATCTGCTCTAG,30,5257334
yqjE_yqjK_yqjD_yqjC_predicted,28.0,85,2,GGTACCCCGCTGTGTACCTC,83,5175824
yqjE_yqjK_yqjD_yqjC_predicted,16.333333333333332,50,2,GGTACACGTCCTCGATAGGC,48,5232017
yqjE_yqjK_yqjD_yqjC_predicted,1.6666666666666667,6,2,GGGTGGGATGGGCGAAGTTC,4,5236063
yqjE_yqjK_yqjD_yqjC_predicted,6.666666666666667,21,2,GGGTCCAGAGACCAACCGCT,19,5202964
yqjE_yqjK_yqjD_yqjC_predicted,5.0,16,2,GGGGCTAGTTTCAGCCGCGA,14,5211165
yqjE_yqjK_yqjD_yqjC_predicted,6.333333333333333,20,2,GGGGCAATAATTGTGGACCC,18,5245638
yqjE_yqjK_yqjD_yqjC_predicted,0.6666666666666666,3,2,GGGGAATCTGACAGCGGGTT,1,5232764
yqjE_yqjK_yqjD_yqjC_predicted,12.333333333333334,38,2,GGGCTTAGTTCATCATTCTA,36,5262158
yqjE_yqjK_yqjD_yqjC_predicted,6.333333333333333,20,2,GGGCTACATCTTCAATCGGT,18,5223917
yqjE_yqjK_yqjD_yqjC_predicted,4.0,13,2,GGGCGGTGCCTGCCACTTCT,11,5232721
yqjE_yqjK_yqjD_yqjC_predicted,0.6666666666666666,3,2,GGGCCTATGTCCGGTAGAAA,1,5207381
yqjE_yqjK_yqjD_yqjC_predicted,6.333333333333333,20,2,GGGCAGCATTAAGCTTATTA,18,5192792
yqjE_yqjK_yqjD_yqjC_predicted,9.666666666666666,30,2,GGGCAGCAGGGCCTCGAATA,28,5199771
yqjE_yqjK_yqjD_yqjC_predicted,1.6666666666666667,6,2,GGGATCTGATGGCTTGCACT,4,5236616
yqjE_yqjK_yqjD_yqjC_predicted,6.0,19,2,GGGATCTCAGCATTTAAGAT,17,5262990
yqjE_yqjK_yqjD_yqjC_predicted,5.0,16,2,GGGAGCTACGGGCTGCCGAC,14,5191044
yqjE_yqjK_yqjD_yqjC_predicted,14.666666666666666,45,2,GGGAGACCAACATTACTTTT,43,5171331
yqjE_yqjK_yqjD_yqjC_predicted,1.3333333333333333,5,2,GGCTTGTAACGATTCCCAGG,3,5242055
yqjE_yqjK_yqjD_yqjC_predicted,4.0,13,2,GGCTTATTTCGTCTTTGGGT,11,5235603
yqjE_yqjK_yqjD_yqjC_predicted,7.666666666666667,24,2,GGCTGAGGTAGTACAATACT,22,5177836
yqjE_yqjK_yqjD_yqjC_predicted,45.333333333333336,137,2,GGCGTGTACGGCTGAACTCC,135,5214149
yqjE_yqjK_yqjD_yqjC_predicted,41.0,124,2,GGCGTAGGTGCCAAAGTTTC,122,5174821
yqjE_yqjK_yqjD_yqjC_predicted,21.0,64,2,GGCGTAGGTAACTCCTCGTC,62,5235261
yqjE_yqjK_yqjD_yqjC_predicted,6.0,19,2,GGCGCATTTCGTTATTTACC,17,5174008
yqjE_yqjK_yqjD_yqjC_predicted,5.666666666666667,18,2,GGCGCACGCCGAGTCGCGCG,16,5176331
yqjE_yqjK_yqjD_yqjC_predicted,12.666666666666666,39,2,GGCCGCCTTCGGTTACTCCC,37,5200939
yqjE_yqjK_yqjD_yqjC_predicted,3.6666666666666665,12,2,GGCACCCGAACCCATGCGGG,10,5258137
yqjE_yqjK_yqjD_yqjC_predicted,17.666666666666668,54,2,GGCACCAAAAGAAGTTTTCA,52,5202553
yqjE_yqjK_yqjD_yqjC_predicted,17.333333333333332,53,2,GGCAATCTGCACTCCCCTTA,51,5227241
yqjE_yqjK_yqjD_yqjC_predicted,14.0,43,2,GGCAAGAGTGTTGGCATCAT,41,5254596
yqjE_yqjK_yqjD_yqjC_predicted,3.6666666666666665,12,2,GGATGGGTCCATGAAGCGAT,10,5219173
yqjE_yqjK_yqjD_yqjC_predicted,16.666666666666668,51,2,GGAGCAGACATCTTTTCCTA,49,5180944
yqjE_yqjK_yqjD_yqjC_predicted,10.0,31,2,GGAGACTCTGCGTTGCCATC,29,5173221
yqjE_yqjK_yqjD_yqjC_predicted,8.0,25,2,GGACTGGAGTTGCTAGCCCT,23,5200253
yqjE_yqjK_yqjD_yqjC_predicted,11.666666666666666,36,2,GGACTCCGAGTACGACGTGA,34,5197042
yqjE_yqjK_yqjD_yqjC_predicted,22.0,67,2,GGACGTTCTGAGGCATGATC,65,5216544
yqjE_yqjK_yqjD_yqjC_predicted,35.333333333333336,107,2,GGACCCCGGGGTCAACCCCT,105,5243368
yqjE_yqjK_yqjD_yqjC_predicted,3.0,10,2,GGACACCGTATAGCAACCAC,8,5253486
yqjE_yqjK_yqjD_yqjC_predicted,7.333333333333333,23,2,GGACAACGATCGAACATGTT,21,5220630
yqjE_yqjK_yqjD_yqjC_predicted,6.666666666666667,21,2,GGAAGGCTGCTGGTCATAGT,19,5189240
yqjE_yqjK_yqjD_yqjC_predicted,7.0,22,2,GGAAGGCCAGTGATACTGAT,20,5206747
yqjE_yqjK_yqjD_yqjC_predicted,1.6666666666666667,6,2,GGAACTTTTATTAGTTCAGC,4,5179426
yqjE_yqjK_yqjD_yqjC_predicted,0.6666666666666666,3,2,GGAACATCTGACCCGAAGAG,1,5231338
yqjE_yqjK_yqjD_yqjC_predicted,0.6666666666666666,3,2,GGAAAACATCATAGTTTAGG,1,5175860
yqjE_yqjK_yqjD_yqjC_predicted,0.6666666666666666,3,2,GCTTTAGGGAATCATGTTCT,1,5252251
yqjE_yqjK_yqjD_yqjC_predicted,25.666666666666668,78,2,GCTTAACTACCCAGCTCGAA,76,5198157
yqjE_yqjK_yqjD_yqjC_predicted,13.0,40,2,GCTTAACGCCAAGGTGTTCA,38,5172112
yqjE_yqjK_yqjD_yqjC_predicted,7.0,22,2,GCTGCTGGGTGACGCACTCC,20,5243289
yqjE_yqjK_yqjD_yqjC_predicted,9.333333333333334,29,2,GCTGCGTTGCACCAGGCTCT,27,5219188
yqjE_yqjK_yqjD_yqjC_predicted,2.3333333333333335,8,2,GCTGATATATTGATCAGGTA,6,5228902
yqjE_yqjK_yqjD_yqjC_predicted,11.333333333333334,35,2,GCTCTAGGTGGTCTGCAGTA,33,5174885
yqjE_yqjK_yqjD_yqjC_predicted,3.3333333333333335,11,2,GCTCGCTATAGCTCTGCCTG,9,5175433
yqjE_yqjK_yqjD_yqjC_predicted,0.6666666666666666,3,2,GCTAGGTCGCATCTTAGACA,1,5203785
yqjE_yqjK_yqjD_yqjC_predicted,1.6666666666666667,6,2,GCTACTGTACTATGATCAAA,4,5192115
yqjE_yqjK_yqjD_yqjC_predicted,8.666666666666666,27,2,GCTAAATTAACACGTCGGCG,25,5261886
yqjE_yqjK_yqjD_yqjC_predicted,20.0,61,2,GCGTTGTCCGCGAAGCGCGT,59,5258142
yqjE_yqjK_yqjD_yqjC_predicted,34.666666666666664,105,2,GCGTTAGTTCGACCGAGCTT,103,5226199
yqjE_yqjK_yqjD_yqjC_predicted,1.3333333333333333,5,2,GCGGGTCGCGCCACGGCCTT,3,5217774
yqjE_yqjK_yqjD_yqjC_predicted,46.666666666666664,141,2,GCGGCGTGTGGATGTGACGC,139,5246014
yqjE_yqjK_yqjD_yqjC_predicted,21.0,64,2,GCGGCCTGGGCTACGTGCGA,62,5200281
yqjE_yqjK_yqjD_yqjC_predicted,4.666666666666667,15,2,GCGCCTCTGTTCTGACCCAA,13,5224801
yqjE_yqjK_yqjD_yqjC_predicted,3.6666666666666665,12,2,GCGCAATGATCGAGTCTGTT,10,5210367
yqjE_yqjK_yqjD_yqjC_predicted,7.333333333333333,23,2,GCGAACGTGTAGTCATTCGT,21,5199049
yqjE_yqjK_yqjD_yqjC_predicted,0.6666666666666666,3,2,GCCTTTTTACGGGGGCAAAA,1,5252430
yqjE_yqjK_yqjD_yqjC_predicted,0.6666666666666666,3,2,GCCTTACGGACTAGAGTATA,1,5204630
yqjE_yqjK_yqjD_yqjC_predicted,38.0,115,2,GCCTGCTCGTCGAGTCGCGG,113,5257358
yqjE_yqjK_yqjD_yqjC_predicted,3.3333333333333335,11,2,GCCTAGGACCCCGTTAAGTA,9,5241851
yqjE_yqjK_yqjD_yqjC_predicted,13.666666666666666,42,2,GCCGGAAAATTTAATAGACT,40,5197629
yqjE_yqjK_yqjD_yqjC_predicted,7.333333333333333,23,2,GCCCGCGCAGCCCCGTCAAA,21,5231470
yqjE_yqjK_yqjD_yqjC_predicted,3.3333333333333335,11,2,GCCCATCCGTCTCGCCTGAA,9,5198630
yqjE_yqjK_yqjD_yqjC_predicted,2.6666666666666665,9,2,GCCCAGAATATGCTCTTGTC,7,5246859
yqjE_yqjK_yqjD_yqjC_predicted,8.666666666666666,27,2,GCCATGCTTCACACGGATCA,25,5216145
yqjE_yqjK_yqjD_yqjC_predicted,8.333333333333334,26,2,GCCAGCGTTCCTTTGCAGGT,24,5190521
yqjE_yqjK_yqjD_yqjC_predicted,11.666666666666666,36,2,GCCAGCGATCTCCGTTGGTG,34,5190537
yqjE_yqjK_yqjD_yqjC_predicted,11.0,34,2,GCCACGCATTTGCGTATAAT,32,5210405
yqjE_yqjK_yqjD_yqjC_predicted,2.3333333333333335,8,2,GCCACCTACGTGGAAGCAGG,6,5194362
yqjE_yqjK_yqjD_yqjC_predicted,6.0,19,2,GCCACATATGGGTTACCTAT,17,5188078
yqjE_yqjK_yqjD_yqjC_predicted,25.666666666666668,78,2,GCCAAGCTGGATTTTACGTA,76,5197273
yqjE_yqjK_yqjD_yqjC_predicted,8.333333333333334,26,2,GCATGTCTACAAACCATTGA,24,5219501
yqjE_yqjK_yqjD_yqjC_predicted,3.6666666666666665,12,2,GCATGGATTGGACACTCGTT,10,5259905
yqjE_yqjK_yqjD_yqjC_predicted,10.333333333333334,32,2,GCATCTTGCGTGGAGGGGCA,30,5185167
yqjE_yqjK_yqjD_yqjC_predicted,2.6666666666666665,9,2,GCATCGCGGCAATTTCACGT,7,5196871
yqjE_yqjK_yqjD_yqjC_predicted,0.6666666666666666,3,2,GCATCAAATCAAGAGGCCCA,1,5203662
yqjE_yqjK_yqjD_yqjC_predicted,13.0,40,2,GCAGTTCACCGCGCGACTGT,38,5180628
yqjE_yqjK_yqjD_yqjC_predicted,25.333333333333332,77,2,GCAGTCCCTCGAGACGTGTA,75,5237105
yqjE_yqjK_yqjD_yqjC_predicted,14.0,43,2,GCAGTCAGGTTGTGGTATAT,41,5205022
yqjE_yqjK_yqjD_yqjC_predicted,3.6666666666666665,12,2,GCAGATGCAAGGGTCGAAAG,10,5172071
yqjE_yqjK_yqjD_yqjC_predicted,5.333333333333333,17,2,GCACTCGTTTCGCGACTAAA,15,5176338
yqjE_yqjK_yqjD_yqjC_predicted,24.666666666666668,75,2,GCACGTTCTACCAGCAACCC,73,5247563
yqjE_yqjK_yqjD_yqjC_predicted,4.333333333333333,14,2,GCACCCTAAGGGGGAGGTAA,12,5171140
yqjE_yqjK_yqjD_yqjC_predicted,12.0,37,2,GCACCAGGACATGGCAAGGG,35,5191494
yqjE_yqjK_yqjD_yqjC_predicted,24.333333333333332,74,2,GCACCACACGGTCTTATCGA,72,5190856
yqjE_yqjK_yqjD_yqjC_predicted,21.0,64,2,GCAATAAATGCAGCACCACA,62,5239501
yqjE_yqjK_yqjD_yqjC_predicted,3.3333333333333335,11,2,GCAAAGTATAGGGAGTGTTA,9,5193390
yqjE_yqjK_yqjD_yqjC_predicted,6.0,19,2,GCAAAATCGGTCCCGGAACG,17,5171333
yqjE_yqjK_yqjD_yqjC_predicted,9.333333333333334,29,2,GATTTCTTCTTATCATAGCA,27,5222827
yqjE_yqjK_yqjD_yqjC_predicted,0.6666666666666666,3,2,GATTCGTCTGGCGCCAGGAC,1,5251618
yqjE_yqjK_yqjD_yqjC_predicted,12.333333333333334,38,2,GATTCATGGTAACCAACTAT,36,5184510
yqjE_yqjK_yqjD_yqjC_predicted,3.6666666666666665,12,2,GATTCATACCTAAAGGTTGA,10,5216502
yqjE_yqjK_yqjD_yqjC_predicted,6.333333333333333,20,2,GATTACTTTGCCGCAAGCGT,18,5221667
yqjE_yqjK_yqjD_yqjC_predicted,3.6666666666666665,12,2,GATTAAGACCTGAATAGTAC,10,5186180
yqjE_yqjK_yqjD_yqjC_predicted,8.333333333333334,26,2,GATGTTTCCATTGGAAGGAC,24,5262296
yqjE_yqjK_yqjD_yqjC_predicted,8.0,25,2,GATGTCAAGTTAGGCGGTAA,23,5242158
yqjE_yqjK_yqjD_yqjC_predicted,8.666666666666666,27,2,GATGTACGGCGTTGGGAGAT,25,5247286
yqjE_yqjK_yqjD_yqjC_predicted,7.666666666666667,24,2,GATGGTGGTGGTGTCAAGAT,22,5198444
yqjE_yqjK_yqjD_yqjC_predicted,10.333333333333334,32,2,GATGGTCTCGTACACTTAAG,30,5176540
yqjE_yqjK_yqjD_yqjC_predicted,7.666666666666667,24,2,GATGGTCATCACAGGAAAGT,22,5179325
yqjE_yqjK_yqjD_yqjC_predicted,10.0,31,2,GATGGCTGGCGTGGGCGAAC,29,5173478
yqjE_yqjK_yqjD_yqjC_predicted,6.666666666666667,21,2,GATGCGTGGAATGTTCTACC,19,5200467
yqjE_yqjK_yqjD_yqjC_predicted,10.0,31,2,GATGAAGAAGCAAAGCACTC,29,5258003
yqjE_yqjK_yqjD_yqjC_predicted,28.666666666666668,87,2,GATCGAAATAAAAGTTACGT,85,5247529
yqjE_yqjK_yqjD_yqjC_predicted,2.3333333333333335,8,2,GATCAGGACATCTAAACAAC,6,5176354
yqjE_yqjK_yqjD_yqjC_predicted,19.666666666666668,60,2,GATATACGGGGCTGACGTGC,58,5251401
yqjE_yqjK_yqjD_yqjC_predicted,1.3333333333333333,5,2,GATAGATACATTGACTGGAA,3,5221310
yqjE_yqjK_yqjD_yqjC_predicted,1.3333333333333333,5,2,GATAGAGACAGACCGTAGAT,3,5174148
yqjE_yqjK_yqjD_yqjC_predicted,3.6666666666666665,12,2,GATACGAGATTCGCTGAAGA,10,5215342
yqjE_yqjK_yqjD_yqjC_predicted,0.6666666666666666,3,2,GATACCGCTATATTAAGGAG,1,5179149
yqjE_yqjK_yqjD_yqjC_predicted,19.666666666666668,60,2,GATAAGATTTCACCCGGGCA,58,5244515
yqjE_yqjK_yqjD_yqjC_predicted,10.666666666666666,33,2,GATAACGTTCGGGGGCCACC,31,5239251
yqjE_yqjK_yqjD_yqjC_predicted,5.0,16,2,GATAACGAAACGACAGTTCT,14,5257283
yqjE_yqjK_yqjD_yqjC_predicted,64.0,193,2,GATAAAGACTGACGGTCATT,191,5181347
yqjE_yqjK_yqjD_yqjC_predicted,1.0,4,2,GAGTAGTCCGCCACACCGGT,2,5262983
yqjE_yqjK_yqjD_yqjC_predicted,13.666666666666666,42,2,GAGGTTGCCGAAAATCCAGC,40,5249058
yqjE_yqjK_yqjD_yqjC_predicted,0.6666666666666666,3,2,GAGGCTTGACCACTTAGTCT,1,5255558
yqjE_yqjK_yqjD_yqjC_predicted,27.0,82,2,GAGGATCTACCTATCGGGGG,80,5233819
yqjE_yqjK_yqjD_yqjC_predicted,8.333333333333334,26,2,GAGCACCCCTCGACGGAGCG,24,5210766
yqjE_yqjK_yqjD_yqjC_predicted,0.6666666666666666,3,2,GAGATTGGTTCTCTAGCATA,1,5211505
yqjE_yqjK_yqjD_yqjC_predicted,24.666666666666668,75,2,GAGATTCGGAGCCAAAGCAT,73,5226187
yqjE_yqjK_yqjD_yqjC_predicted,18.666666666666668,57,2,GAGAGAAGCGGGCATTCTTT,55,5236271
yqjE_yqjK_yqjD_yqjC_predicted,20.333333333333332,62,2,GAGACTACAGCGGCCGCGAA,60,5175814
yqjE_yqjK_yqjD_yqjC_predicted,1.0,4,2,GAGAAGTAGGTCCTATGGGG,2,5234405
yqjE_yqjK_yqjD_yqjC_predicted,22.333333333333332,68,2,GAGAAATGCCAATAATCTTA,66,5178442
yqjE_yqjK_yqjD_yqjC_predicted,19.666666666666668,60,2,GACTCTTCATATCGACGAGA,58,5185384
yqjE_yqjK_yqjD_yqjC_predicted,8.0,25,2,GACTCTCTGTCCGATAGCCA,23,5219580
yqjE_yqjK_yqjD_yqjC_predicted,5.333333333333333,17,2,GACTCAAAAGCTTCTAACCC,15,5194489
yqjE_yqjK_yqjD_yqjC_predicted,17.666666666666668,54,2,GACGGAAAAATATCAGTGCG,52,5186126
yqjE_yqjK_yqjD_yqjC_predicted,5.333333333333333,17,2,GACGCTAGCGACAGGATTAG,15,5253396
yqjE_yqjK_yqjD_yqjC_predicted,9.666666666666666,30,2,GACGCCAGACACAAGAGGGC,28,5247859
yqjE_yqjK_yqjD_yqjC_predicted,9.0,28,2,GACGCACTAGACACCCGATC,26,5191349
yqjE_yqjK_yqjD_yqjC_predicted,4.333333333333333,14,2,GACCCAATTAGATGTGAGCT,12,5252726
yqjE_yqjK_yqjD_yqjC_predicted,4.0,13,2,GACCAGGACGTGAGGTCGAC,11,5195639
yqjE_yqjK_yqjD_yqjC_predicted,11.333333333333334,35,2,GACCACCCCGGGGGTTTATA,33,5242529
yqjE_yqjK_yqjD_yqjC_predicted,6.666666666666667,21,2,GACATTGAGGGATCACAAAA,19,5247587
yqjE_yqjK_yqjD_yqjC_predicted,7.666666666666667,24,2,GACATGGTGGTTCACCCTAT,22,5199402
yqjE_yqjK_yqjD_yqjC_predicted,6.666666666666667,21,2,GACAGCACTCGACATGGTGC,19,5232252
yqjE_yqjK_yqjD_yqjC_predicted,5.666666666666667,18,2,GAATGAGGGTTCCCAATTTA,16,5189478
yqjE_yqjK_yqjD_yqjC_predicted,15.333333333333334,47,2,GAAGTAGTATCTATAAGGCA,45,5254335
yqjE_yqjK_yqjD_yqjC_predicted,9.666666666666666,30,2,GAAGCGGAGTAAGTGACCTG,28,5191048
yqjE_yqjK_yqjD_yqjC_predicted,6.333333333333333,20,2,GAACTCAAAATCGATGGAGA,18,5215725
yqjE_yqjK_yqjD_yqjC_predicted,15.0,46,2,GAACATATCTTACCTTACGC,44,5242679
yqjE_yqjK_yqjD_yqjC_predicted,17.0,52,2,GAAATAGAAGGCGCCACGAA,50,5208713
yqjE_yqjK_yqjD_yqjC_predicted,11.333333333333334,35,2,GAAAGGCCTGTGTACTTAAT,33,5211766
yqjE_yqjK_yqjD_yqjC_predicted,6.0,19,2,GAAACCGCAACCAACAGTGA,17,5178773
yqjE_yqjK_yqjD_yqjC_predicted,7.0,22,2,GAAAATAATGCGATTAAATG,20,5178447
yqjE_yqjK_yqjD_yqjC_predicted,10.0,31,2,GAAAACGTTAAGGTAAACTT,29,5220328
yqjE_yqjK_yqjD_yqjC_predicted,17.666666666666668,54,2,GAAAACGAATAGCAGGTTAG,52,5226049
yqjE_yqjK_yqjD_yqjC_predicted,63.666666666666664,192,2,CTTTTAAAGAAGCTCATAAA,190,5189650
yqjE_yqjK_yqjD_yqjC_predicted,0.6666666666666666,3,2,CTTTGTCCCAGTGAGGCACA,1,5225341
yqjE_yqjK_yqjD_yqjC_predicted,10.0,31,2,CTTTCAACGGTTTATGTCCG,29,5173083
yqjE_yqjK_yqjD_yqjC_predicted,11.0,34,2,CTTTATCGGGTGGGGTCTGC,32,5210381
yqjE_yqjK_yqjD_yqjC_predicted,1.3333333333333333,5,2,CTTTACCTCAATCACTCCCC,3,5171513
yqjE_yqjK_yqjD_yqjC_predicted,31.0,94,2,CTTGGGTCTTGAATCACAAT,92,5240249
yqjE_yqjK_yqjD_yqjC_predicted,0.6666666666666666,3,2,CTTGGACGTGCGGTAGTCCT,1,5205644
yqjE_yqjK_yqjD_yqjC_predicted,44.0,133,2,CTTCTATCCGATAAGGCAAA,131,5254658
yqjE_yqjK_yqjD_yqjC_predicted,144.0,433,2,CTTCGTTGTGTTTCTGCTAG,431,5191952
yqjE_yqjK_yqjD_yqjC_predicted,7.666666666666667,24,2,CTTCCCGGATGCCCTTACGA,22,5199753
yqjE_yqjK_yqjD_yqjC_predicted,5.0,16,2,CTTCAAGAGGGGTGCCCAGA,14,5222691
yqjE_yqjK_yqjD_yqjC_predicted,13.0,40,2,CTTAGTTCCAAATGCGCTTA,38,5258358
yqjE_yqjK_yqjD_yqjC_predicted,27.666666666666668,84,2,CTTACGATGGCCATGCCGTC,82,5232607
yqjE_yqjK_yqjD_yqjC_predicted,8.333333333333334,26,2,CTTAAGTAATGCCCGGCAAC,24,5195501
yqjE_yqjK_yqjD_yqjC_predicted,7.0,22,2,CTTAACATCCCGGCAAATAG,20,5188523
yqjE_yqjK_yqjD_yqjC_predicted,5.333333333333333,17,2,CTTAAATCGTAAGTGTGGGT,15,5220163
yqjE_yqjK_yqjD_yqjC_predicted,4.0,13,2,CTGTGCCGTATGATGACGCA,11,5253946
yqjE_yqjK_yqjD_yqjC_predicted,3.3333333333333335,11,2,CTGGTCCCCGGAACGTGGAA,9,5236457
yqjE_yqjK_yqjD_yqjC_predicted,5.333333333333333,17,2,CTGGAAGGCGGGAGGTACAC,15,5247589
yqjE_yqjK_yqjD_yqjC_predicted,10.666666666666666,33,2,CTGGAACCACTGAAGACGTG,31,5197039
yqjE_yqjK_yqjD_yqjC_predicted,3.3333333333333335,11,2,CTGCTATGACCTGCGCGAAG,9,5258145
yqjE_yqjK_yqjD_yqjC_predicted,7.666666666666667,24,2,CTGCGCTATGGGACCGGAAG,22,5211916
yqjE_yqjK_yqjD_yqjC_predicted,5.333333333333333,17,2,CTGATGTGGGTTCACCTTAT,15,5212024
yqjE_yqjK_yqjD_yqjC_predicted,1.0,4,2,CTGAGATAGAATCACCCGTG,2,5241911
yqjE_yqjK_yqjD_yqjC_predicted,7.666666666666667,24,2,CTGAAGCGAACAGAGCGTAG,22,5208676
yqjE_yqjK_yqjD_yqjC_predicted,5.666666666666667,18,2,CTCTCGAAGCGTGATGCACA,16,5223003
yqjE_yqjK_yqjD_yqjC_predicted,7.0,22,2,CTCTCCTCAACAACCAAATT,20,5249450
yqjE_yqjK_yqjD_yqjC_predicted,0.6666666666666666,3,2,CTCGTCCTTTTGTTTAGTAT,1,5201731
yqjE_yqjK_yqjD_yqjC_predicted,57.333333333333336,173,2,CTCGCGATGTTTCCGCCCAG,171,5187238
yqjE_yqjK_yqjD_yqjC_predicted,7.333333333333333,23,2,CTCCTTCCATATAGAGAGGC,21,5227940
yqjE_yqjK_yqjD_yqjC_predicted,8.0,25,2,CTCCTCGCAGCGAGTGTCTG,23,5207547
yqjE_yqjK_yqjD_yqjC_predicted,5.333333333333333,17,2,CTCCTATGATATTACGGTCG,15,5261298
yqjE_yqjK_yqjD_yqjC_predicted,4.666666666666667,15,2,CTCCTAGATCTCTTAGGGGG,13,5179394
yqjE_yqjK_yqjD_yqjC_predicted,6.0,19,2,CTCCGTCTCAAAAGGGTGTG,17,5262898
yqjE_yqjK_yqjD_yqjC_predicted,7.333333333333333,23,2,CTCCGAAACAGTTTCCGTTG,21,5225754
yqjE_yqjK_yqjD_yqjC_predicted,6.333333333333333,20,2,CTCCCACGGCAATAGGCTGT,18,5210942
yqjE_yqjK_yqjD_yqjC_predicted,0.6666666666666666,3,2,CTCCAACGATTGCAGGGAGA,1,5175083
yqjE_yqjK_yqjD_yqjC_predicted,16.333333333333332,50,2,CTCAGTGACAACCTAGGGTA,48,5237628
yqjE_yqjK_yqjD_yqjC_predicted,38.333333333333336,116,2,CTCAGGCCACCTTAACAACA,114,5223498
yqjE_yqjK_yqjD_yqjC_predicted,34.666666666666664,105,2,CTCAATGATTCGTAGCATCG,103,5247586
yqjE_yqjK_yqjD_yqjC_predicted,9.0,28,2,CTCAAGGCTTGGCGAGGTCA,26,5187950
yqjE_yqjK_yqjD_yqjC_predicted,6.333333333333333,20,2,CTATGTCAATACCGGGCAAA,18,5248348
yqjE_yqjK_yqjD_yqjC_predicted,8.0,25,2,CTATGCAGCCAGGTCAACGT,23,5174043
yqjE_yqjK_yqjD_yqjC_predicted,5.333333333333333,17,2,CTACATATGGATGTTGTCCA,15,5198338
yqjE_yqjK_yqjD_yqjC_predicted,3.3333333333333335,11,2,CTACAACTTTGGGAATATGG,9,5175431
yqjE_yqjK_yqjD_yqjC_predicted,0.6666666666666666,3,2,CTAATTTAAATGTAAGGGTG,1,5216970
yqjE_yqjK_yqjD_yqjC_predicted,3.3333333333333335,11,2,CTAAATTCCAAGAGCATCCA,9,5241552
yqjE_yqjK_yqjD_yqjC_predicted,11.0,34,2,CGTTTTGACCCGAATATTCA,32,5202050
yqjE_yqjK_yqjD_yqjC_predicted,0.6666666666666666,3,2,CGTTTTCCCACTGCGTAGTT,1,5224449
yqjE_yqjK_yqjD_yqjC_predicted,6.0,19,2,CGTTGGATTTAGCGACGGTT,17,5257805
yqjE_yqjK_yqjD_yqjC_predicted,10.0,31,2,CGTTAGGGGTACGTATACTA,29,5257628
yqjE_yqjK_yqjD_yqjC_predicted,1.3333333333333333,5,2,CGTGGATAGATCGATCACTG,3,5220517
yqjE_yqjK_yqjD_yqjC_predicted,0.6666666666666666,3,2,CGTGCCGAATGCTGCCTTGC,1,5254944
yqjE_yqjK_yqjD_yqjC_predicted,6.666666666666667,21,2,CGTGACCCCCTCCGACCCCC,19,5251184
yqjE_yqjK_yqjD_yqjC_predicted,12.333333333333334,38,2,CGTGAACTGAAGGCGCGCAA,36,5207601
yqjE_yqjK_yqjD_yqjC_predicted,14.0,43,2,CGTCTTGAGCGGCGAGAACT,41,5257143
yqjE_yqjK_yqjD_yqjC_predicted,3.3333333333333335,11,2,CGTCTAGCCACAAATGCACG,9,5223824
yqjE_yqjK_yqjD_yqjC_predicted,13.333333333333334,41,2,CGTCGCCTGCCTTCAATAAA,39,5174956
yqjE_yqjK_yqjD_yqjC_predicted,1.0,4,2,CGTCGAACTAGCATTAGTGA,2,5214669
yqjE_yqjK_yqjD_yqjC_predicted,13.333333333333334,41,2,CGTCCCGAGCCTAACTGTGG,39,5183026
yqjE_yqjK_yqjD_yqjC_predicted,19.0,58,2,CGTACAGTAGGCCGCAGGAA,56,5247632
yqjE_yqjK_yqjD_yqjC_predicted,6.333333333333333,20,2,CGTAACTGCGCCACGGAGAT,18,5210993
yqjE_yqjK_yqjD_yqjC_predicted,5.0,16,2,CGGTGCGAGACCTAGTAGTG,14,5227099
yqjE_yqjK_yqjD_yqjC_predicted,2.6666666666666665,9,2,CGGTATCCCTCATTTTTTGC,7,5227127
yqjE_yqjK_yqjD_yqjC_predicted,7.666666666666667,24,2,CGGGTTTGTTCCTTTACTAG,22,5175984
yqjE_yqjK_yqjD_yqjC_predicted,22.0,67,2,CGGGTAACCGGAACCCATCC,65,5238769
yqjE_yqjK_yqjD_yqjC_predicted,10.333333333333334,32,2,CGGGAGTGTATGTGTGATAC,30,5260471
yqjE_yqjK_yqjD_yqjC_predicted,3.0,10,2,CGGGAAGACGACTCGGCCCC,8,5178900
yqjE_yqjK_yqjD_yqjC_predicted,19.666666666666668,60,2,CGGCTTTGTGTACTTTGCGT,58,5238907
yqjE_yqjK_yqjD_yqjC_predicted,10.666666666666666,33,2,CGGCCAAGCAAATCGGACAG,31,5215324
yqjE_yqjK_yqjD_yqjC_predicted,15.333333333333334,47,2,CGGCAAACCTGATCGGTTAC,45,5247215
yqjE_yqjK_yqjD_yqjC_predicted,16.666666666666668,51,2,CGGATGTTCACCCCTCCAGC,49,5230294
yqjE_yqjK_yqjD_yqjC_predicted,6.0,19,2,CGGATGTCCACCTATCATAG,17,5188858
yqjE_yqjK_yqjD_yqjC_predicted,6.333333333333333,20,2,CGGATATATCATATAATTTA,18,5197047
yqjE_yqjK_yqjD_yqjC_predicted,28.333333333333332,86,2,CGGAGCGAGCGATGGCTCGT,84,5251528
yqjE_yqjK_yqjD_yqjC_predicted,11.0,34,2,CGGACGCTGTGAGCGACTAA,32,5200496
yqjE_yqjK_yqjD_yqjC_predicted,3.0,10,2,CGGACAGAAGGACGGGGGGA,8,5206489
yqjE_yqjK_yqjD_yqjC_predicted,18.333333333333332,56,2,CGGAACGTGACCACGTGGAC,54,5216508
yqjE_yqjK_yqjD_yqjC_predicted,16.666666666666668,51,2,CGCTCCGATCCTGAGGGGAT,49,5211474
yqjE_yqjK_yqjD_yqjC_predicted,34.666666666666664,105,2,CGCTCCCGGAAGGGCGCTTT,103,5189622
yqjE_yqjK_yqjD_yqjC_predicted,20.333333333333332,62,2,CGCTAATAACCTCGCCGATT,60,5201339
yqjE_yqjK_yqjD_yqjC_predicted,19.333333333333332,59,2,CGCGTCCCATCCAGCCCTAA,57,5219674
yqjE_yqjK_yqjD_yqjC_predicted,2.6666666666666665,9,2,CGCGTCCAGTTACGAAGACT,7,5250180
yqjE_yqjK_yqjD_yqjC_predicted,27.666666666666668,84,2,CGCGGGATTCGCCGTTTATA,82,5187273
yqjE_yqjK_yqjD_yqjC_predicted,2.6666666666666665,9,2,CGCGGATGGTCCGTAGTGGC,7,5253608
yqjE_yqjK_yqjD_yqjC_predicted,0.6666666666666666,3,2,CGCGCCAACCATTAGCACGA,1,5176767
yqjE_yqjK_yqjD_yqjC_predicted,6.333333333333333,20,2,CGCGATCGGTCCTGATCTCA,18,5177431
yqjE_yqjK_yqjD_yqjC_predicted,4.0,13,2,CGCGACCAGGAAAACAACTC,11,5212172
yqjE_yqjK_yqjD_yqjC_predicted,5.0,16,2,CGCCGGTGCGTTAAAGGACC,14,5176199
yqjE_yqjK_yqjD_yqjC_predicted,5.333333333333333,17,2,CGCCAAGAGAGCGTGTCGTG,15,5197672
yqjE_yqjK_yqjD_yqjC_predicted,16.333333333333332,50,2,CGCAATATTTGCATAACATG,48,5187437
yqjE_yqjK_yqjD_yqjC_predicted,26.333333333333332,80,2,CGCAACATCCACCTCGATAA,78,5214814
yqjE_yqjK_yqjD_yqjC_predicted,9.666666666666666,30,2,CGATGGCTTATCATGAGCTT,28,5179406
yqjE_yqjK_yqjD_yqjC_predicted,13.333333333333334,41,2,CGATCACCTTTAGTGAGAGT,39,5243308
yqjE_yqjK_yqjD_yqjC_predicted,3.0,10,2,CGAGTCGCCTTACGGCGTTC,8,5261332
yqjE_yqjK_yqjD_yqjC_predicted,9.0,28,2,CGAGGTCGCACCCCGTAGGC,26,5255881
yqjE_yqjK_yqjD_yqjC_predicted,2.0,7,2,CGAGCCCCCGTTTTCAGTAA,5,5196625
yqjE_yqjK_yqjD_yqjC_predicted,11.666666666666666,36,2,CGAGCCACCACGAAACAACC,34,5180847
yqjE_yqjK_yqjD_yqjC_predicted,16.0,49,2,CGAGAATGTGATCCTCTATA,47,5193036
yqjE_yqjK_yqjD_yqjC_predicted,6.0,19,2,CGACTTGCGTCGAAATCGTT,17,5256530
yqjE_yqjK_yqjD_yqjC_predicted,0.6666666666666666,3,2,CGACTCTAGCACCACGAGTG,1,5210375
yqjE_yqjK_yqjD_yqjC_predicted,4.666666666666667,15,2,CGACGACGTTTCAGAGTGCG,13,5217634
yqjE_yqjK_yqjD_yqjC_predicted,11.0,34,2,CGACCATCAGGTCGTAGCCA,32,5251924
yqjE_yqjK_yqjD_yqjC_predicted,12.333333333333334,38,2,CGACATGTTTCGGCACAGGC,36,5186443
yqjE_yqjK_yqjD_yqjC_predicted,3.6666666666666665,12,2,CGAATAATTCGTACCTCCCC,10,5200930
yqjE_yqjK_yqjD_yqjC_predicted,12.333333333333334,38,2,CGAACGGCTAAATCTGAAAA,36,5205150
yqjE_yqjK_yqjD_yqjC_predicted,6.333333333333333,20,2,CCTTTGGTCGCTTCAGATAC,18,5187606
yqjE_yqjK_yqjD_yqjC_predicted,0.6666666666666666,3,2,CCTTTCTGACGGGCGGGTGT,1,5231156
yqjE_yqjK_yqjD_yqjC_predicted,3.6666666666666665,12,2,CCTTGTTCATGGCTCTCTCT,10,5230257
yqjE_yqjK_yqjD_yqjC_predicted,7.333333333333333,23,2,CCTTCGATGTCCCCCGACTA,21,5175856
yqjE_yqjK_yqjD_yqjC_predicted,18.0,55,2,CCTGTCGTTACTCTGCCATA,53,5256958
yqjE_yqjK_yqjD_yqjC_predicted,4.0,13,2,CCTGTCACGTTCACGAGGGA,11,5198167
yqjE_yqjK_yqjD_yqjC_predicted,6.666666666666667,21,2,CCTGGTCGTTATGCACATGA,19,5229341
yqjE_yqjK_yqjD_yqjC_predicted,7.0,22,2,CCTGGTACGAAACTCGACGT,20,5242539
yqjE_yqjK_yqjD_yqjC_predicted,4.333333333333333,14,2,CCTGACAATAATGACACAGT,12,5179508
yqjE_yqjK_yqjD_yqjC_predicted,9.0,28,2,CCTCGTAGTTGGTATCGAGC,26,5241940
yqjE_yqjK_yqjD_yqjC_predicted,5.0,16,2,CCTCCTACGAATGACGGTGG,14,5189337
yqjE_yqjK_yqjD_yqjC_predicted,42.666666666666664,129,2,CCTATCACCAGCGCAACGGG,127,5234363
yqjE_yqjK_yqjD_yqjC_predicted,18.333333333333332,56,2,CCTAGTTCTCTATGCTCTAC,54,5228744
yqjE_yqjK_yqjD_yqjC_predicted,10.0,31,2,CCTAGCAGTTCCTCGAGTTA,29,5250639
yqjE_yqjK_yqjD_yqjC_predicted,14.0,43,2,CCTACAGTATCAGAGTGAGA,41,5251494
yqjE_yqjK_yqjD_yqjC_predicted,12.333333333333334,38,2,CCGTTTCACCGGACAACTAG,36,5176777
yqjE_yqjK_yqjD_yqjC_predicted,13.0,40,2,CCGTGCAGGGGCCGGCCGCG,38,5253353
yqjE_yqjK_yqjD_yqjC_predicted,4.666666666666667,15,2,CCGTCCCATAATTTTGAGTC,13,5257202
yqjE_yqjK_yqjD_yqjC_predicted,12.333333333333334,38,2,CCGTAGACGGCACGCAATCC,36,5216604
yqjE_yqjK_yqjD_yqjC_predicted,1.6666666666666667,6,2,CCGTACACTTGGATTTCAAT,4,5195488
yqjE_yqjK_yqjD_yqjC_predicted,0.6666666666666666,3,2,CCGGGCCGGATTGGACACAA,1,5262818
yqjE_yqjK_yqjD_yqjC_predicted,3.3333333333333335,11,2,CCGGCTAGGCCCAAAACGAC,9,5235432
yqjE_yqjK_yqjD_yqjC_predicted,5.666666666666667,18,2,CCGGAACAATTTGGACCGTA,16,5221572
yqjE_yqjK_yqjD_yqjC_predicted,7.333333333333333,23,2,CCGCTACTTAGCGGGGACTG,21,5216135
yqjE_yqjK_yqjD_yqjC_predicted,6.0,19,2,CCGCCAGCTGCGGGATCAAA,17,5177170
yqjE_yqjK_yqjD_yqjC_predicted,0.6666666666666666,3,2,CCGCCAAATGAATGCGGAGT,1,5190408
yqjE_yqjK_yqjD_yqjC_predicted,18.0,55,2,CCGATTCCGTCAACAAGTGT,53,5198595
yqjE_yqjK_yqjD_yqjC_predicted,3.3333333333333335,11,2,CCGAATCACTGCGTCACCAC,9,5229026
yqjE_yqjK_yqjD_yqjC_predicted,3.3333333333333335,11,2,CCCTTGTGCAAGGGGTTGAC,9,5186675
yqjE_yqjK_yqjD_yqjC_predicted,0.6666666666666666,3,2,CCCTCAGCGCTGAAGAACTA,1,5226961
yqjE_yqjK_yqjD_yqjC_predicted,8.0,25,2,CCCTCAGATTCCAATATTCT,23,5248032
yqjE_yqjK_yqjD_yqjC_predicted,8.0,25,2,CCCTACTCCAGGGTTATCGG,23,5250079
yqjE_yqjK_yqjD_yqjC_predicted,10.0,31,2,CCCTAAAGACCGAGATGCCC,29,5215711
yqjE_yqjK_yqjD_yqjC_predicted,4.666666666666667,15,2,CCCGTTAGGCGGCCCGGGCA,13,5253637
yqjE_yqjK_yqjD_yqjC_predicted,4.333333333333333,14,2,CCCGGCGGCATACTTGGATA,12,5233450
yqjE_yqjK_yqjD_yqjC_predicted,8.333333333333334,26,2,CCCGAGTCATGTGACATGCG,24,5243161
yqjE_yqjK_yqjD_yqjC_predicted,3.3333333333333335,11,2,CCCGAGCTGTGATCACGGTC,9,5199786
yqjE_yqjK_yqjD_yqjC_predicted,1.0,4,2,CCCCTGTTTCGGAGCTGTTG,2,5211409
yqjE_yqjK_yqjD_yqjC_predicted,3.6666666666666665,12,2,CCCCGTGACATAAGAGCAAC,10,5232101
yqjE_yqjK_yqjD_yqjC_predicted,8.666666666666666,27,2,CCCAGTAGAGCTGCACTATG,25,5258905
yqjE_yqjK_yqjD_yqjC_predicted,8.0,25,2,CCCAAGGATCACAAACATTT,23,5179514
yqjE_yqjK_yqjD_yqjC_predicted,8.666666666666666,27,2,CCATTACACTGTACCGACAA,25,5174899
yqjE_yqjK_yqjD_yqjC_predicted,54.333333333333336,164,2,CCATGGCGCGGAGACACCTA,162,5181339
yqjE_yqjK_yqjD_yqjC_predicted,10.0,31,2,CCATACGGTGGCGGGCCACG,29,5252045
yqjE_yqjK_yqjD_yqjC_predicted,6.333333333333333,20,2,CCAGCAGGATGAAAGGAATT,18,5249059
yqjE_yqjK_yqjD_yqjC_predicted,8.333333333333334,26,2,CCAGCACGCGAGCACGGATT,24,5252463
yqjE_yqjK_yqjD_yqjC_predicted,13.333333333333334,41,2,CCAGAGTACATCGGGTGGTA,39,5224274
yqjE_yqjK_yqjD_yqjC_predicted,2.3333333333333335,8,2,CCAGAGCTAAGTCGTATTGG,6,5243297
yqjE_yqjK_yqjD_yqjC_predicted,11.0,34,2,CCACTGGATTTGCCACTGCC,32,5208139
yqjE_yqjK_yqjD_yqjC_predicted,1.6666666666666667,6,2,CCACGAGACGGGGTCAACCC,4,5247613
yqjE_yqjK_yqjD_yqjC_predicted,8.666666666666666,27,2,CCAATCACTAGATTCACTTA,25,5226066
yqjE_yqjK_yqjD_yqjC_predicted,9.666666666666666,30,2,CCAAGATCCGCTCCCGGTTT,28,5258342
yqjE_yqjK_yqjD_yqjC_predicted,2.6666666666666665,9,2,CCAACTTATGACCATTCTGT,7,5211969
yqjE_yqjK_yqjD_yqjC_predicted,7.333333333333333,23,2,CCAAAGGTGTATGTAAGCTA,21,5255588
yqjE_yqjK_yqjD_yqjC_predicted,3.0,10,2,CATTGTATTTTGGTTAGCGG,8,5177098
yqjE_yqjK_yqjD_yqjC_predicted,1.6666666666666667,6,2,CATTACAGGTGGACTCGTTA,4,5199144
yqjE_yqjK_yqjD_yqjC_predicted,10.333333333333334,32,2,CATGGTAACACGTTCAGCTA,30,5243276
yqjE_yqjK_yqjD_yqjC_predicted,3.0,10,2,CATGGGGCGTACGTTTCAAG,8,5224649
yqjE_yqjK_yqjD_yqjC_predicted,0.6666666666666666,3,2,CATGGCGGGCGACAAGAGCA,1,5181197
yqjE_yqjK_yqjD_yqjC_predicted,8.0,25,2,CATGCTAGTCGTCCTGGAAC,23,5236582
yqjE_yqjK_yqjD_yqjC_predicted,8.333333333333334,26,2,CATGCACGTCGGTCAACTCC,24,5208301
yqjE_yqjK_yqjD_yqjC_predicted,2.3333333333333335,8,2,CATGAGTGCCAGCTACTCGG,6,5182665
yqjE_yqjK_yqjD_yqjC_predicted,8.666666666666666,27,2,CATGAGTCGTTTATTGCCTT,25,5214812
yqjE_yqjK_yqjD_yqjC_predicted,3.3333333333333335,11,2,CATCGTCCTCAGGTTTTCAC,9,5242564
yqjE_yqjK_yqjD_yqjC_predicted,6.666666666666667,21,2,CATCCTTCGTTTTTTTATTC,19,5247151
yqjE_yqjK_yqjD_yqjC_predicted,8.333333333333334,26,2,CATCCTCGTTCGGATAGAGA,24,5260843
yqjE_yqjK_yqjD_yqjC_predicted,8.666666666666666,27,2,CATCAGAGTCTATAGTGAAT,25,5208168
yqjE_yqjK_yqjD_yqjC_predicted,3.6666666666666665,12,2,CATAGCTTTTCGGTCGTTAA,10,5191508
yqjE_yqjK_yqjD_yqjC_predicted,15.333333333333334,47,2,CATAGCTCCGATCCAGCGCC,45,5236217
yqjE_yqjK_yqjD_yqjC_predicted,13.333333333333334,41,2,CAGTTGTCCCGCGACCATGC,39,5243299
yqjE_yqjK_yqjD_yqjC_predicted,2.3333333333333335,8,2,CAGTCGGGGTTGGAACTGAT,6,5200236
yqjE_yqjK_yqjD_yqjC_predicted,0.6666666666666666,3,2,CAGTCGAGCACCGAAGTTAT,1,5185332
yqjE_yqjK_yqjD_yqjC_predicted,0.6666666666666666,3,2,CAGTCATTAAACGAACGGCA,1,5259705
yqjE_yqjK_yqjD_yqjC_predicted,12.333333333333334,38,2,CAGTCAACAAAACGCCATAT,36,5211171
yqjE_yqjK_yqjD_yqjC_predicted,10.666666666666666,33,2,CAGTATTGAGCCCTCATGTT,31,5192655
yqjE_yqjK_yqjD_yqjC_predicted,6.666666666666667,21,2,CAGTAGCCCCTCATGGCACG,19,5175495
yqjE_yqjK_yqjD_yqjC_predicted,17.333333333333332,53,2,CAGGTTCCGGGTATATCCTC,51,5193010
yqjE_yqjK_yqjD_yqjC_predicted,0.6666666666666666,3,2,CAGGTAAGTAATCTATCGAC,1,5215314
yqjE_yqjK_yqjD_yqjC_predicted,10.0,31,2,CAGGGAGCGTAGGAACATAA,29,5180855
yqjE_yqjK_yqjD_yqjC_predicted,2.6666666666666665,9,2,CAGGCAAAAACGCCAGCATT,7,5223018
yqjE_yqjK_yqjD_yqjC_predicted,16.0,49,2,CAGCTTATACTAATGGATCA,47,5191515
yqjE_yqjK_yqjD_yqjC_predicted,8.666666666666666,27,2,CAGCTCACTTGCCCGCACGG,25,5247590
yqjE_yqjK_yqjD_yqjC_predicted,6.666666666666667,21,2,CAGCCGAAGTGCGTCCGTTA,19,5245412
yqjE_yqjK_yqjD_yqjC_predicted,5.333333333333333,17,2,CAGAGCTGTACCTCTGCGGT,15,5237587
yqjE_yqjK_yqjD_yqjC_predicted,7.666666666666667,24,2,CAGACTCTAAAAGGTCAAAG,22,5192328
yqjE_yqjK_yqjD_yqjC_predicted,29.333333333333332,89,2,CAGACTAATAGTGAATTTTA,87,5238890
yqjE_yqjK_yqjD_yqjC_predicted,20.666666666666668,63,2,CAGAAGACTGGGGCCTTGGG,61,5220491
yqjE_yqjK_yqjD_yqjC_predicted,18.0,55,2,CACTTCGGAAGTCACGCGGG,53,5191509
yqjE_yqjK_yqjD_yqjC_predicted,9.0,28,2,CACGGATAGGCTTGGGTCCT,26,5257634
yqjE_yqjK_yqjD_yqjC_predicted,11.0,34,2,CACGCTCTTGGGAGGTCATA,32,5203974
yqjE_yqjK_yqjD_yqjC_predicted,6.0,19,2,CACGATTATTCCCTTAAGTA,17,5258257
yqjE_yqjK_yqjD_yqjC_predicted,0.6666666666666666,3,2,CACCTCTACTTATCAGTTAT,1,5261176
yqjE_yqjK_yqjD_yqjC_predicted,0.6666666666666666,3,2,CACCCGCTTTTTAGGCACGA,1,5206068
yqjE_yqjK_yqjD_yqjC_predicted,3.0,10,2,CACCCATATACCACCTCCAA,8,5225069
yqjE_yqjK_yqjD_yqjC_predicted,6.666666666666667,21,2,CACCCACCATTCTGATTTCA,19,5248328
yqjE_yqjK_yqjD_yqjC_predicted,22.0,67,2,CACACCACGTCGGCTAATTA,65,5242549
yqjE_yqjK_yqjD_yqjC_predicted,9.666666666666666,30,2,CACACACGCGCGTAATGACA,28,5258638
yqjE_yqjK_yqjD_yqjC_predicted,17.0,52,2,CACAATACGCAGGACACGCC,50,5195276
yqjE_yqjK_yqjD_yqjC_predicted,1.0,4,2,CACAAATCTCACGTTAGATC,2,5252717
yqjE_yqjK_yqjD_yqjC_predicted,2.6666666666666665,9,2,CAATGGAAATACAGGTAGAT,7,5258590
yqjE_yqjK_yqjD_yqjC_predicted,3.0,10,2,CAATGCACGGAGTACGATAG,8,5212089
yqjE_yqjK_yqjD_yqjC_predicted,3.6666666666666665,12,2,CAATCCAGAGTTCCGCCCGT,10,5220111
yqjE_yqjK_yqjD_yqjC_predicted,6.666666666666667,21,2,CAATAACAACAACTTCACGA,19,5236054
yqjE_yqjK_yqjD_yqjC_predicted,7.0,22,2,CAAGTTCCACCGCCCTTTCC,20,5259726
yqjE_yqjK_yqjD_yqjC_predicted,8.333333333333334,26,2,CAAGTGTGTGCGCACGTTAA,24,5248791
yqjE_yqjK_yqjD_yqjC_predicted,7.666666666666667,24,2,CAAGGGGGATACCGTATTAA,22,5252232
yqjE_yqjK_yqjD_yqjC_predicted,2.3333333333333335,8,2,CAAGCAAGTGCTACAAGACT,6,5261078
yqjE_yqjK_yqjD_yqjC_predicted,14.333333333333334,44,2,CAAGAGCCGCTTGATGAAAT,42,5251155
yqjE_yqjK_yqjD_yqjC_predicted,2.3333333333333335,8,2,CAAGAAAGGAGGTATCCGCC,6,5179367
yqjE_yqjK_yqjD_yqjC_predicted,3.3333333333333335,11,2,CAACTCATAGCGGACGCCGC,9,5262267
yqjE_yqjK_yqjD_yqjC_predicted,48.666666666666664,147,2,CAACGGTTCACTCTCGATGT,145,5262692
yqjE_yqjK_yqjD_yqjC_predicted,8.666666666666666,27,2,CAACGGGTAACATAGGATTT,25,5175509
yqjE_yqjK_yqjD_yqjC_predicted,8.0,25,2,CAACCGGTATAATGTCTATT,23,5196329
yqjE_yqjK_yqjD_yqjC_predicted,6.666666666666667,21,2,CAAATCTTGCGCTCTCAGTG,19,5174970
yqjE_yqjK_yqjD_yqjC_predicted,5.333333333333333,17,2,CAAAGAAAGCTGTGGTAGTA,15,5223490
yqjE_yqjK_yqjD_yqjC_predicted,9.333333333333334,29,2,CAAAACAATGGTTCGAGCGT,27,5194500
yqjE_yqjK_yqjD_yqjC_predicted,3.0,10,2,ATTTTAAATCGTCGTGACCT,8,5232245
yqjE_yqjK_yqjD_yqjC_predicted,16.666666666666668,51,2,ATTTGACAGCTATTCTGACA,49,5240268
yqjE_yqjK_yqjD_yqjC_predicted,9.666666666666666,30,2,ATTTCCCCCAAGTTAGCCTT,28,5237771
yqjE_yqjK_yqjD_yqjC_predicted,2.6666666666666665,9,2,ATTTAGAATGCGCTGGGAAA,7,5249455
yqjE_yqjK_yqjD_yqjC_predicted,6.333333333333333,20,2,ATTTACGCAGGACTGGACGC,18,5261307
yqjE_yqjK_yqjD_yqjC_predicted,6.666666666666667,21,2,ATTTAACCTCCGGGCGAATC,19,5208684
yqjE_yqjK_yqjD_yqjC_predicted,7.0,22,2,ATTGTGAAATATGGGTGTGT,20,5210821
yqjE_yqjK_yqjD_yqjC_predicted,21.0,64,2,ATTGGCGTCCATGATGTGTA,62,5257169
yqjE_yqjK_yqjD_yqjC_predicted,2.3333333333333335,8,2,ATTGCAAATCCGCTTACAAT,6,5260699
yqjE_yqjK_yqjD_yqjC_predicted,6.0,19,2,ATTGATTTACGCAACCCCAT,17,5179910
yqjE_yqjK_yqjD_yqjC_predicted,13.0,40,2,ATTGAGGAGTCTTCGGAGGC,38,5191778
yqjE_yqjK_yqjD_yqjC_predicted,6.0,19,2,ATTCGACGAGTCTCTGCCCA,17,5256309
yqjE_yqjK_yqjD_yqjC_predicted,17.666666666666668,54,2,ATTCCCGTTACCCGCACTCT,52,5251397
yqjE_yqjK_yqjD_yqjC_predicted,6.666666666666667,21,2,ATTCATACTTGGTTTAGTTC,19,5181738
yqjE_yqjK_yqjD_yqjC_predicted,6.333333333333333,20,2,ATTAATCATGTCAGTGCAGG,18,5229618
yqjE_yqjK_yqjD_yqjC_predicted,13.0,40,2,ATGTGTCAGTTCGACTTTCG,38,5242537
yqjE_yqjK_yqjD_yqjC_predicted,4.333333333333333,14,2,ATGTCAGTCAACTATAGCAA,12,5190599
yqjE_yqjK_yqjD_yqjC_predicted,6.666666666666667,21,2,ATGTATTCGTGGACATTTTT,19,5254666
yqjE_yqjK_yqjD_yqjC_predicted,14.666666666666666,45,2,ATGTACCTTAAAGGCGTGAC,43,5256528
yqjE_yqjK_yqjD_yqjC_predicted,8.666666666666666,27,2,ATGGTTCGAGGGTCTTCGAA,25,5243163
yqjE_yqjK_yqjD_yqjC_predicted,9.333333333333334,29,2,ATGGTATTTTAAGTGCGACG,27,5195472
yqjE_yqjK_yqjD_yqjC_predicted,3.3333333333333335,11,2,ATGGTAAGTTTTCGGTGATA,9,5199159
yqjE_yqjK_yqjD_yqjC_predicted,4.666666666666667,15,2,ATGGCCGTCGCCAAGCTCTA,13,5240397
yqjE_yqjK_yqjD_yqjC_predicted,5.0,16,2,ATGGCCGGCTATTAAGCTCC,14,5211739
yqjE_yqjK_yqjD_yqjC_predicted,6.666666666666667,21,2,ATGGCACAGCTGCAGAAAAT,19,5250223
yqjE_yqjK_yqjD_yqjC_predicted,6.333333333333333,20,2,ATGCTAGGTGCTCCCACGTA,18,5211255
yqjE_yqjK_yqjD_yqjC_predicted,6.666666666666667,21,2,ATGCGTAACTTCACACATTT,19,5241623
yqjE_yqjK_yqjD_yqjC_predicted,2.0,7,2,ATGCGGAGGTTCACAAGTTC,5,5186274
yqjE_yqjK_yqjD_yqjC_predicted,7.0,22,2,ATGCCCGGAGCGTGGAATTT,20,5203184
yqjE_yqjK_yqjD_yqjC_predicted,5.666666666666667,18,2,ATGCCAGACAACTTTCAAGA,16,5233471
yqjE_yqjK_yqjD_yqjC_predicted,26.0,79,2,ATGCAAGGACCTATCCTCAC,77,5232622
yqjE_yqjK_yqjD_yqjC_predicted,16.666666666666668,51,2,ATGATTACGTGATAGCGATC,49,5261740
yqjE_yqjK_yqjD_yqjC_predicted,0.6666666666666666,3,2,ATGATATGCCGAGTCTTAAC,1,5247818
yqjE_yqjK_yqjD_yqjC_predicted,22.666666666666668,69,2,ATGAGGAGGTGGGGGTTGGT,67,5257335
yqjE_yqjK_yqjD_yqjC_predicted,2.0,7,2,ATGACTGCGCCGTACACCCT,5,5218214
yqjE_yqjK_yqjD_yqjC_predicted,5.333333333333333,17,2,ATGACTAAGTGCGGGAGGAT,15,5243204
yqjE_yqjK_yqjD_yqjC_predicted,3.6666666666666665,12,2,ATGAATCGGGGGCATTGAAG,10,5210205
yqjE_yqjK_yqjD_yqjC_predicted,0.6666666666666666,3,2,ATCTTCACCTTTCTCTCTTT,1,5225404
yqjE_yqjK_yqjD_yqjC_predicted,1.3333333333333333,5,2,ATCTATTTTGGGCGTTCACT,3,5232669
yqjE_yqjK_yqjD_yqjC_predicted,2.3333333333333335,8,2,ATCGGGGCGTCTTACATAAA,6,5204824
yqjE_yqjK_yqjD_yqjC_predicted,19.0,58,2,ATCGGACCTGCTCCTAGCAG,56,5211193
yqjE_yqjK_yqjD_yqjC_predicted,25.333333333333332,77,2,ATCGCCCAGCCGAGACACGT,75,5254495
yqjE_yqjK_yqjD_yqjC_predicted,16.0,49,2,ATCGATAAGTCCTACTCGAG,47,5247700
yqjE_yqjK_yqjD_yqjC_predicted,5.0,16,2,ATCCTTGGCTGGAGAGACGC,14,5199677
yqjE_yqjK_yqjD_yqjC_predicted,8.333333333333334,26,2,ATCCTGACCGAAGGGGTCCT,24,5238740
yqjE_yqjK_yqjD_yqjC_predicted,5.0,16,2,ATCATCTGCCTTTAAGCAGA,14,5257294
yqjE_yqjK_yqjD_yqjC_predicted,19.333333333333332,59,2,ATCAGGTCGGCTTTATGGTT,57,5247892
yqjE_yqjK_yqjD_yqjC_predicted,6.0,19,2,ATCAGCATAAATCCTAGCGT,17,5191021
yqjE_yqjK_yqjD_yqjC_predicted,4.333333333333333,14,2,ATCACTGAATCAACATTGTC,12,5211415
yqjE_yqjK_yqjD_yqjC_predicted,3.0,10,2,ATCACTCGACCCGGTAGAGA,8,5224477
yqjE_yqjK_yqjD_yqjC_predicted,10.0,31,2,ATCACGCGGCTGAGGGTCTT,29,5189696
yqjE_yqjK_yqjD_yqjC_predicted,10.0,31,2,ATATTGCTGATCACGGGTTA,29,5241164
yqjE_yqjK_yqjD_yqjC_predicted,8.666666666666666,27,2,ATATGGGGAAGCTCGTGCCT,25,5182375
yqjE_yqjK_yqjD_yqjC_predicted,5.666666666666667,18,2,ATATCTGGGGGGCCAGAGCC,16,5200912
yqjE_yqjK_yqjD_yqjC_predicted,22.333333333333332,68,2,ATATCTAGCGAACCGGGACG,66,5257365
yqjE_yqjK_yqjD_yqjC_predicted,25.0,76,2,ATATCACGGTTATATTTGGT,74,5245649
yqjE_yqjK_yqjD_yqjC_predicted,30.333333333333332,92,2,ATATAACCGAAGTAAGAGTG,90,5232636
yqjE_yqjK_yqjD_yqjC_predicted,0.6666666666666666,3,2,ATAGGTAAAGAAGAAAAGCT,1,5210369
yqjE_yqjK_yqjD_yqjC_predicted,19.0,58,2,ATACTATGTGTAGTGTGTGC,56,5261412
yqjE_yqjK_yqjD_yqjC_predicted,15.0,46,2,ATACGCTACGTACAAGTCAG,44,5230187
yqjE_yqjK_yqjD_yqjC_predicted,32.666666666666664,99,2,ATACAGTCCGAGCTGTTCCG,97,5255501
yqjE_yqjK_yqjD_yqjC_predicted,0.6666666666666666,3,2,ATAACGTCAGTAATTAGTAG,1,5187332
yqjE_yqjK_yqjD_yqjC_predicted,6.333333333333333,20,2,ATAACGGGTGAAGACTTTAG,18,5176692
yqjE_yqjK_yqjD_yqjC_predicted,8.333333333333334,26,2,ATAACCCCTTTCGGACATGA,24,5205016
yqjE_yqjK_yqjD_yqjC_predicted,5.0,16,2,ATAAATGTCTACACGTTATG,14,5215016
yqjE_yqjK_yqjD_yqjC_predicted,6.333333333333333,20,2,ATAAATCATTCTATTTCTGT,18,5247358
yqjE_yqjK_yqjD_yqjC_predicted,3.3333333333333335,11,2,ATAAAGGATGTGCCGCTCCC,9,5243108
yqjE_yqjK_yqjD_yqjC_predicted,9.0,28,2,AGTTTACGGCATAATAACAT,26,5255397
yqjE_yqjK_yqjD_yqjC_predicted,0.6666666666666666,3,2,AGTTCTATGGCGACACTGGC,1,5222408
yqjE_yqjK_yqjD_yqjC_predicted,16.333333333333332,50,2,AGTTCGCAGTTGCGTGCGGT,48,5214143
yqjE_yqjK_yqjD_yqjC_predicted,12.666666666666666,39,2,AGTGTTCTCATGTTCCGCTG,37,5226510
yqjE_yqjK_yqjD_yqjC_predicted,21.333333333333332,65,2,AGTGCGTAGCTTTTTGCTCT,63,5175423
yqjE_yqjK_yqjD_yqjC_predicted,9.333333333333334,29,2,AGTGATTGATCCTACGACGT,27,5206067
yqjE_yqjK_yqjD_yqjC_predicted,2.6666666666666665,9,2,AGTGACAATCTATATATCCT,7,5214323
yqjE_yqjK_yqjD_yqjC_predicted,9.666666666666666,30,2,AGTCTTCATCCACTGAATTC,28,5182270
yqjE_yqjK_yqjD_yqjC_predicted,8.666666666666666,27,2,AGTCCCCGGTAATTATAAGA,25,5254241
yqjE_yqjK_yqjD_yqjC_predicted,7.333333333333333,23,2,AGTAAGCAGGTAGATTCAAA,21,5228125
yqjE_yqjK_yqjD_yqjC_predicted,9.666666666666666,30,2,AGTAAACTTGCAACTCAGAC,28,5248344
yqjE_yqjK_yqjD_yqjC_predicted,9.666666666666666,30,2,AGGTCCGTCCGAGCGTGGGT,28,5247702
yqjE_yqjK_yqjD_yqjC_predicted,15.0,46,2,AGGTAAGGGACTCCAAGCGT,44,5183650
yqjE_yqjK_yqjD_yqjC_predicted,7.333333333333333,23,2,AGGGTTCCAATGCTCTTGCG,21,5185957
yqjE_yqjK_yqjD_yqjC_predicted,22.0,67,2,AGGGTCACTAACTGGTCGGC,65,5247635
yqjE_yqjK_yqjD_yqjC_predicted,8.333333333333334,26,2,AGGGTAGGGTCCAGCACGAA,24,5179664
yqjE_yqjK_yqjD_yqjC_predicted,0.6666666666666666,3,2,AGGGGACCCACCATAAGTCA,1,5206211
yqjE_yqjK_yqjD_yqjC_predicted,11.666666666666666,36,2,AGGGCATTAGGGCAGGGCTT,34,5249052
yqjE_yqjK_yqjD_yqjC_predicted,7.333333333333333,23,2,AGGGACAGTCCTCGCGTACC,21,5176986
yqjE_yqjK_yqjD_yqjC_predicted,7.666666666666667,24,2,AGGGAATCAAGAAATTGCAT,22,5232447
yqjE_yqjK_yqjD_yqjC_predicted,19.333333333333332,59,2,AGGGAAAAAATTTGGGGGAG,57,5181375
yqjE_yqjK_yqjD_yqjC_predicted,2.0,7,2,AGGCTGATCCTCTCGGTAGA,5,5175187
yqjE_yqjK_yqjD_yqjC_predicted,7.0,22,2,AGGCTCGGAGTTACCCTATT,20,5249759
yqjE_yqjK_yqjD_yqjC_predicted,13.0,40,2,AGGCTAGTGATCTCAGCAGA,38,5197622
yqjE_yqjK_yqjD_yqjC_predicted,40.666666666666664,123,2,AGGCCTGAACTCGGCTAAAG,121,5197249
yqjE_yqjK_yqjD_yqjC_predicted,11.666666666666666,36,2,AGGCCATATTCGAATAATCG,34,5247570
yqjE_yqjK_yqjD_yqjC_predicted,19.0,58,2,AGGCAACGTTTCTCTCTTAG,56,5232903
yqjE_yqjK_yqjD_yqjC_predicted,8.666666666666666,27,2,AGGCAACAACGTTACACATG,25,5198578
yqjE_yqjK_yqjD_yqjC_predicted,1.6666666666666667,6,2,AGGAGTGCCATCAGGTTGTT,4,5262984
yqjE_yqjK_yqjD_yqjC_predicted,22.0,67,2,AGGACGGAGCGTAATCACGC,65,5208091
yqjE_yqjK_yqjD_yqjC_predicted,4.666666666666667,15,2,AGGAACGCCTTCGCGATGGG,13,5258675
yqjE_yqjK_yqjD_yqjC_predicted,1.0,4,2,AGCTTCGTGTTCGTTGTAAG,2,5202611
yqjE_yqjK_yqjD_yqjC_predicted,5.333333333333333,17,2,AGCTTAATTAGGGTCATTTG,15,5224720
yqjE_yqjK_yqjD_yqjC_predicted,1.3333333333333333,5,2,AGCTCCTGCACACGGGAACT,3,5231005
yqjE_yqjK_yqjD_yqjC_predicted,0.6666666666666666,3,2,AGCTCCGCTGGGCATTATCA,1,5209456
yqjE_yqjK_yqjD_yqjC_predicted,14.666666666666666,45,2,AGCTCCCTTAACGCATTAGG,43,5207478
yqjE_yqjK_yqjD_yqjC_predicted,15.666666666666666,48,2,AGCTCACGGAGTGAGATGTT,46,5233034
yqjE_yqjK_yqjD_yqjC_predicted,2.6666666666666665,9,2,AGCGTTGCCGTTGTAGGGTC,7,5200303
yqjE_yqjK_yqjD_yqjC_predicted,2.6666666666666665,9,2,AGCGTGCGCAAGACTGAAAT,7,5184191
yqjE_yqjK_yqjD_yqjC_predicted,0.6666666666666666,3,2,AGCGCGGATTGGCACAGGAT,1,5205604
yqjE_yqjK_yqjD_yqjC_predicted,1.6666666666666667,6,2,AGCGCCGTAGAGCACCGTGG,4,5234458
yqjE_yqjK_yqjD_yqjC_predicted,1.3333333333333333,5,2,AGCGCCCATTGTTAACTAAT,3,5175141
yqjE_yqjK_yqjD_yqjC_predicted,2.3333333333333335,8,2,AGCCTCGTCCACCACAACAT,6,5208487
yqjE_yqjK_yqjD_yqjC_predicted,2.0,7,2,AGCCTCGGGATCAGCACCCT,5,5227648
yqjE_yqjK_yqjD_yqjC_predicted,20.0,61,2,AGCCTCCGTTAGAGCCGGTT,59,5220820
yqjE_yqjK_yqjD_yqjC_predicted,9.666666666666666,30,2,AGCCTAGTTCTCTTACTGAA,28,5236681
yqjE_yqjK_yqjD_yqjC_predicted,3.0,10,2,AGCCTAAACGTCAGACAGCA,8,5229085
yqjE_yqjK_yqjD_yqjC_predicted,4.666666666666667,15,2,AGCCGGTCTTATTATCGGGT,13,5211167
yqjE_yqjK_yqjD_yqjC_predicted,0.6666666666666666,3,2,AGCCCTTGCTTCCGGCCGAT,1,5171298
yqjE_yqjK_yqjD_yqjC_predicted,19.333333333333332,59,2,AGCCCCCGCAATGCTTCCAT,57,5202008
yqjE_yqjK_yqjD_yqjC_predicted,3.3333333333333335,11,2,AGCCCACCGCGAGCTAGAAT,9,5185003
yqjE_yqjK_yqjD_yqjC_predicted,16.666666666666668,51,2,AGCCAGTTAAGCCTCGAGTC,49,5174712
yqjE_yqjK_yqjD_yqjC_predicted,27.666666666666668,84,2,AGCACGGGCAAGAAACCCGA,82,5248297
yqjE_yqjK_yqjD_yqjC_predicted,8.666666666666666,27,2,AGATCGGTGCGGTATTGAAT,25,5239237
yqjE_yqjK_yqjD_yqjC_predicted,5.333333333333333,17,2,AGATCAGTCTTACAGAAATT,15,5174793
yqjE_yqjK_yqjD_yqjC_predicted,9.0,28,2,AGAGTGGGTTCCGCGTGACG,26,5197872
yqjE_yqjK_yqjD_yqjC_predicted,7.666666666666667,24,2,AGAGGAGATTTCAAGAGAAT,22,5234818
yqjE_yqjK_yqjD_yqjC_predicted,4.333333333333333,14,2,AGACTTATTTCCGGGTAACT,12,5237116
yqjE_yqjK_yqjD_yqjC_predicted,7.333333333333333,23,2,AGACTGCATGTAGCCCTCTG,21,5189424
yqjE_yqjK_yqjD_yqjC_predicted,7.666666666666667,24,2,AGAAGCTCAGCATCTGGCTG,22,5184059
yqjE_yqjK_yqjD_yqjC_predicted,8.333333333333334,26,2,AGAACTAGGCGTTTCCGTGC,24,5220101
yqjE_yqjK_yqjD_yqjC_predicted,10.333333333333334,32,2,ACTTTATCCATATGTGTGCT,30,5178974
yqjE_yqjK_yqjD_yqjC_predicted,8.0,25,2,ACTTGGCACGAACCCCCAAT,23,5237881
yqjE_yqjK_yqjD_yqjC_predicted,10.0,31,2,ACTTATGTTTGATGCGATAC,29,5237892
yqjE_yqjK_yqjD_yqjC_predicted,2.3333333333333335,8,2,ACTGTGGGACGAAGTAATTG,6,5250630
yqjE_yqjK_yqjD_yqjC_predicted,2.0,7,2,ACTGGCCGATGGAGGTGCGC,5,5249047
yqjE_yqjK_yqjD_yqjC_predicted,18.333333333333332,56,2,ACTGGACATTGAACGGGCGT,54,5183617
yqjE_yqjK_yqjD_yqjC_predicted,5.666666666666667,18,2,ACTGCTGGTCCGTGGTGTGA,16,5251617
yqjE_yqjK_yqjD_yqjC_predicted,18.0,55,2,ACTCTGGTTTCGGTAAGTTC,53,5259554
yqjE_yqjK_yqjD_yqjC_predicted,4.0,13,2,ACTCTATTAGATCCTAGGGT,11,5182642
yqjE_yqjK_yqjD_yqjC_predicted,29.666666666666668,90,2,ACTCGTTAGGAAAACTCGTT,88,5214115
yqjE_yqjK_yqjD_yqjC_predicted,4.333333333333333,14,2,ACTCCCTTGGTTCGCGGCCT,12,5192359
yqjE_yqjK_yqjD_yqjC_predicted,0.6666666666666666,3,2,ACTCACCAGCTGACATCCCT,1,5237038
yqjE_yqjK_yqjD_yqjC_predicted,14.0,43,2,ACTATCTGACGCTCCTTCGT,41,5236694
yqjE_yqjK_yqjD_yqjC_predicted,25.666666666666668,78,2,ACTAGGTACATATCAGCGCC,76,5256913
yqjE_yqjK_yqjD_yqjC_predicted,0.6666666666666666,3,2,ACTACAGAAGCGCAGCGTCT,1,5196678
yqjE_yqjK_yqjD_yqjC_predicted,12.666666666666666,39,2,ACGTTGGTGTGATTACGATC,37,5175823
yqjE_yqjK_yqjD_yqjC_predicted,36.0,109,2,ACGTTATAACAGGCGGTACA,107,5185374
yqjE_yqjK_yqjD_yqjC_predicted,6.333333333333333,20,2,ACGTGGTGCGATGCCGATGT,18,5170816
yqjE_yqjK_yqjD_yqjC_predicted,9.666666666666666,30,2,ACGTGGCTCATCGCCAATCG,28,5223860
yqjE_yqjK_yqjD_yqjC_predicted,13.333333333333334,41,2,ACGGTGGGGGCGTGTTACGT,39,5177855
yqjE_yqjK_yqjD_yqjC_predicted,8.0,25,2,ACGGTAGCGGCCAAATCTTC,23,5189734
yqjE_yqjK_yqjD_yqjC_predicted,6.333333333333333,20,2,ACGGGCTTAGCAAAGCCGCT,18,5175223
yqjE_yqjK_yqjD_yqjC_predicted,3.0,10,2,ACGGACTTTCAAAATTCAGG,8,5181594
yqjE_yqjK_yqjD_yqjC_predicted,4.333333333333333,14,2,ACGCTCATCCGATATAGTAC,12,5176431
yqjE_yqjK_yqjD_yqjC_predicted,7.666666666666667,24,2,ACGCTCAGAGTCCTATTAAT,22,5191825
yqjE_yqjK_yqjD_yqjC_predicted,6.0,19,2,ACGCTACATATATTGACCTA,17,5195007
yqjE_yqjK_yqjD_yqjC_predicted,3.3333333333333335,11,2,ACGACTGTCGTTCCTTCCTC,9,5209838
yqjE_yqjK_yqjD_yqjC_predicted,8.333333333333334,26,2,ACGACGTCAATCTATCGAGC,24,5223815
yqjE_yqjK_yqjD_yqjC_predicted,4.333333333333333,14,2,ACCTTGTGATTCAGTCCTTG,12,5249487
yqjE_yqjK_yqjD_yqjC_predicted,14.333333333333334,44,2,ACCTTGCTACTCAAGTGCGG,42,5255325
yqjE_yqjK_yqjD_yqjC_predicted,3.3333333333333335,11,2,ACCTTACTACGAGCTTACAT,9,5235265
yqjE_yqjK_yqjD_yqjC_predicted,8.666666666666666,27,2,ACCTCCCCACTTCACGGCTT,25,5218459
yqjE_yqjK_yqjD_yqjC_predicted,0.6666666666666666,3,2,ACCGGGCGTCGATGCCCCTA,1,5226965
yqjE_yqjK_yqjD_yqjC_predicted,4.666666666666667,15,2,ACCGCTAGCCACTGCTGCTT,13,5195474
yqjE_yqjK_yqjD_yqjC_predicted,4.333333333333333,14,2,ACCGAAAAACTAAGGGTAGT,12,5258146
yqjE_yqjK_yqjD_yqjC_predicted,6.333333333333333,20,2,ACCCGGGGAGTTACCCCCGT,18,5242244
yqjE_yqjK_yqjD_yqjC_predicted,3.0,10,2,ACCCGCGCGAAGCTCCCCTT,8,5198098
yqjE_yqjK_yqjD_yqjC_predicted,8.333333333333334,26,2,ACCCAGCGGCTTGTGCCTAA,24,5246267
yqjE_yqjK_yqjD_yqjC_predicted,7.333333333333333,23,2,ACCATAGGGTTCCTAGTGCG,21,5189002
yqjE_yqjK_yqjD_yqjC_predicted,4.666666666666667,15,2,ACCATACACATTGCGTGGTT,13,5174826
yqjE_yqjK_yqjD_yqjC_predicted,6.666666666666667,21,2,ACCAGCGTCGGTGAATTAAG,19,5232249
yqjE_yqjK_yqjD_yqjC_predicted,8.333333333333334,26,2,ACATTTCACCAGCTGGATAA,24,5180932
yqjE_yqjK_yqjD_yqjC_predicted,10.333333333333334,32,2,ACATCTGTACTGAATCCCTA,30,5182171
yqjE_yqjK_yqjD_yqjC_predicted,6.333333333333333,20,2,ACATCGTGCGTTCTGCTCTT,18,5223569
yqjE_yqjK_yqjD_yqjC_predicted,10.0,31,2,ACATATTTGCGTATTGGAGA,29,5200946
yqjE_yqjK_yqjD_yqjC_predicted,1.0,4,2,ACATATGGCCAATTATTCGT,2,5207356
yqjE_yqjK_yqjD_yqjC_predicted,6.0,19,2,ACAGTTTAGGAGGTAAAAGA,17,5239545
yqjE_yqjK_yqjD_yqjC_predicted,11.0,34,2,ACAGTCCTACGTGGTCTCCG,32,5219429
yqjE_yqjK_yqjD_yqjC_predicted,1.6666666666666667,6,2,ACAGCTGGCATAAGCGGCTA,4,5191809
yqjE_yqjK_yqjD_yqjC_predicted,4.333333333333333,14,2,ACAGATCAATCAGTCGGTTT,12,5234289
yqjE_yqjK_yqjD_yqjC_predicted,5.333333333333333,17,2,ACACGTGCGCAGGGTCGGGA,15,5250228
yqjE_yqjK_yqjD_yqjC_predicted,6.666666666666667,21,2,ACACATGCCGGCACAGGAGA,19,5214679
yqjE_yqjK_yqjD_yqjC_predicted,13.666666666666666,42,2,ACAAGGACAGTACCGCCTGA,40,5185746
yqjE_yqjK_yqjD_yqjC_predicted,53.666666666666664,162,2,ACAACTGCTATGGGCTAGTG,160,5221254
yqjE_yqjK_yqjD_yqjC_predicted,0.6666666666666666,3,2,ACAAATACAGTTCGGGAAGT,1,5251283
yqjE_yqjK_yqjD_yqjC_predicted,8.333333333333334,26,2,AATTGCATCCCCCGGCCCGG,24,5188345
yqjE_yqjK_yqjD_yqjC_predicted,13.666666666666666,42,2,AATTAAAGCAGTTCCACGAT,40,5221607
yqjE_yqjK_yqjD_yqjC_predicted,17.666666666666668,54,2,AATGCAAATAACATGGGGAT,52,5183623
yqjE_yqjK_yqjD_yqjC_predicted,20.333333333333332,62,2,AATGACGTGTTGCGACCCTG,60,5214161
yqjE_yqjK_yqjD_yqjC_predicted,0.6666666666666666,3,2,AATCTTTCGCCTGCTGGCGC,1,5243116
yqjE_yqjK_yqjD_yqjC_predicted,10.333333333333334,32,2,AATCTTGGCCATCTAACATA,30,5179234
yqjE_yqjK_yqjD_yqjC_predicted,11.333333333333334,35,2,AATCATGAAGAATGCATAGT,33,5234964
yqjE_yqjK_yqjD_yqjC_predicted,8.666666666666666,27,2,AATCAGGGACGAGATTAGCA,25,5218233
yqjE_yqjK_yqjD_yqjC_predicted,10.333333333333334,32,2,AATAGTGGGGGGTTAACAGT,30,5198566
yqjE_yqjK_yqjD_yqjC_predicted,9.333333333333334,29,2,AATAATTCACCTGCTGTGGT,27,5243343
yqjE_yqjK_yqjD_yqjC_predicted,3.3333333333333335,11,2,AATAAGCGGGGGGGTGATAT,9,5207917
yqjE_yqjK_yqjD_yqjC_predicted,5.666666666666667,18,2,AAGTTGGGGTTCAGCTGAAT,16,5194016
yqjE_yqjK_yqjD_yqjC_predicted,7.0,22,2,AAGTGCGTCTTTTAGGTCAT,20,5235868
yqjE_yqjK_yqjD_yqjC_predicted,4.333333333333333,14,2,AAGTGCGATTCTTACCACCA,12,5254447
yqjE_yqjK_yqjD_yqjC_predicted,12.333333333333334,38,2,AAGTCCCGGTCGTCCCATTG,36,5233799
yqjE_yqjK_yqjD_yqjC_predicted,11.333333333333334,35,2,AAGGTTCATCCTGCTCGCGA,33,5243317
yqjE_yqjK_yqjD_yqjC_predicted,6.666666666666667,21,2,AAGGTGCTCAGCCACTGCTG,19,5194673
yqjE_yqjK_yqjD_yqjC_predicted,0.6666666666666666,3,2,AAGGTATTAGACGTTAGGTC,1,5206398
yqjE_yqjK_yqjD_yqjC_predicted,6.333333333333333,20,2,AAGGTAGGTTACAAATAAGA,18,5236696
yqjE_yqjK_yqjD_yqjC_predicted,6.333333333333333,20,2,AAGGTAAGAGGCCCTAGGTC,18,5253697
yqjE_yqjK_yqjD_yqjC_predicted,11.0,34,2,AAGGGTTATGAACCTCATGC,32,5243228
yqjE_yqjK_yqjD_yqjC_predicted,1.3333333333333333,5,2,AAGCTCGCGCCTGCCCGATA,3,5208891
yqjE_yqjK_yqjD_yqjC_predicted,6.333333333333333,20,2,AAGCTCCTCCGAGGCGAGGC,18,5251887
yqjE_yqjK_yqjD_yqjC_predicted,17.0,52,2,AAGCGAGTAACGCCCCGCAG,50,5241532
yqjE_yqjK_yqjD_yqjC_predicted,12.0,37,2,AAGATTGAGGATAAGCATCA,35,5247867
yqjE_yqjK_yqjD_yqjC_predicted,20.333333333333332,62,2,AAGAAGCGGCCATGCGGAAG,60,5179545
yqjE_yqjK_yqjD_yqjC_predicted,6.666666666666667,21,2,AAGAAGCCGGGTCAAATCAA,19,5202065
yqjE_yqjK_yqjD_yqjC_predicted,13.666666666666666,42,2,AAGAAATAGCCGGCGGAATC,40,5261889
yqjE_yqjK_yqjD_yqjC_predicted,4.0,13,2,AACTTGGCTTAATGTTTGCT,11,5220725
yqjE_yqjK_yqjD_yqjC_predicted,6.666666666666667,21,2,AACTTCTATCATGGATCTAT,19,5175943
yqjE_yqjK_yqjD_yqjC_predicted,1.6666666666666667,6,2,AACTCATGAGCTATATCGTG,4,5214674
yqjE_yqjK_yqjD_yqjC_predicted,10.0,31,2,AACTACGAGAGGTTACCCGG,29,5191019
yqjE_yqjK_yqjD_yqjC_predicted,4.333333333333333,14,2,AACGGCCAGCACCCTCTCCT,12,5243324
yqjE_yqjK_yqjD_yqjC_predicted,1.6666666666666667,6,2,AACCTAACCGGCACCTTCAA,4,5207725
yqjE_yqjK_yqjD_yqjC_predicted,12.0,37,2,AACCGGGAAACGACATACGG,35,5207887
yqjE_yqjK_yqjD_yqjC_predicted,2.6666666666666665,9,2,AACCCAGAGATAAAGATTCC,7,5179311
yqjE_yqjK_yqjD_yqjC_predicted,8.0,25,2,AACAGATCGACGGCCTCGTT,23,5196025
yqjE_yqjK_yqjD_yqjC_predicted,10.333333333333334,32,2,AACACAATCAAAGAAGGCCA,30,5252281
yqjE_yqjK_yqjD_yqjC_predicted,8.666666666666666,27,2,AAATGTAGGTATGGACGGGG,25,5228848
yqjE_yqjK_yqjD_yqjC_predicted,3.3333333333333335,11,2,AAATCGGAGCTTTGCCTGTC,9,5210117
yqjE_yqjK_yqjD_yqjC_predicted,4.666666666666667,15,2,AAATATTTAGGCATCGGATA,13,5189134
yqjE_yqjK_yqjD_yqjC_predicted,2.6666666666666665,9,2,AAAGTTCTGCTCAGGAAGCT,7,5177160
yqjE_yqjK_yqjD_yqjC_predicted,3.3333333333333335,11,2,AAAGTGATTGACAGGATTTA,9,5229309
yqjE_yqjK_yqjD_yqjC_predicted,6.0,19,2,AAAGCGACTATACCTGCCGA,17,5233425
yqjE_yqjK_yqjD_yqjC_predicted,25.333333333333332,77,2,AAAGAGGGGACTCCGCAGGA,75,5210182
yqjE_yqjK_yqjD_yqjC_predicted,5.333333333333333,17,2,AAACTGCTTTGCCAACTCTG,15,5247611
yqjE_yqjK_yqjD_yqjC_predicted,6.666666666666667,21,2,AAACGCGTTGCTTTTTGGAG,19,5235626
yqjE_yqjK_yqjD_yqjC_predicted,11.0,34,2,AAACCAGATTGCGGAAATTG,32,5202663
yqjE_yqjK_yqjD_yqjC_predicted,41.0,124,2,AAAACATTCTCCTCCCGCCT,122,5248283
yqjE_yqjK_yqjD_yqjC_predicted,2.0,7,2,AAAAAACGTAACAACGGGCT,5,5256737
yqjE_yqjK_yqjD_yqjC_predicted,9.5,19,1,TTTTTTTGTCTGAAATGTCC,18,5237424
yqjE_yqjK_yqjD_yqjC_predicted,14.0,28,1,TTTTTGCGCATGACGCAGAC,27,5215451
yqjE_yqjK_yqjD_yqjC_predicted,3.5,7,1,TTTTTAAGTCGATTAAGATT,6,5216003
yqjE_yqjK_yqjD_yqjC_predicted,1.0,2,1,TTTTGATCCGATAGCGAGAC,1,5172961
yqjE_yqjK_yqjD_yqjC_predicted,4.0,8,1,TTTTAAAACAGTTGATGGAG,7,5174725
yqjE_yqjK_yqjD_yqjC_predicted,1.0,2,1,TTTGTCTCAAATGCGGCCGT,1,5184824
yqjE_yqjK_yqjD_yqjC_predicted,3.5,7,1,TTTCTACTTCCAGCTTCCCT,6,5209210
yqjE_yqjK_yqjD_yqjC_predicted,10.0,20,1,TTTCGCGACTTGTTAGTTAT,19,5242520
yqjE_yqjK_yqjD_yqjC_predicted,16.0,32,1,TTTCCCAGTACTATTATGCG,31,5226200
yqjE_yqjK_yqjD_yqjC_predicted,7.0,14,1,TTTCCACGCGACCTGCGGCG,13,5221613
yqjE_yqjK_yqjD_yqjC_predicted,14.5,29,1,TTTCACCCCTAGGACCACCT,28,5245076
yqjE_yqjK_yqjD_yqjC_predicted,13.5,27,1,TTTCAACGTCGTACTTCTTG,26,5172516
yqjE_yqjK_yqjD_yqjC_predicted,7.5,15,1,TTTATTGCCGGCGGAAATAT,14,5186226
yqjE_yqjK_yqjD_yqjC_predicted,9.0,18,1,TTTATCGTGGATCATCCCCA,17,5179519
yqjE_yqjK_yqjD_yqjC_predicted,17.0,34,1,TTGTTGCACCATCAAAGGAC,33,5214602
yqjE_yqjK_yqjD_yqjC_predicted,14.0,28,1,TTGTAGTGTATTAGTGTGGT,27,5258169
yqjE_yqjK_yqjD_yqjC_predicted,1.0,2,1,TTGCTCTTTGTTCTTTCTGG,1,5244208
yqjE_yqjK_yqjD_yqjC_predicted,4.0,8,1,TTGCTACTCAGCGAGACTTG,7,5231848
yqjE_yqjK_yqjD_yqjC_predicted,11.0,22,1,TTGCGATACCCAAGAGGGAC,21,5211972
yqjE_yqjK_yqjD_yqjC_predicted,13.5,27,1,TTGCCACCCTGGTAAGATCC,26,5195065
yqjE_yqjK_yqjD_yqjC_predicted,1.0,2,1,TTGCAACTAAGTGATAGGAA,1,5232626
yqjE_yqjK_yqjD_yqjC_predicted,9.5,19,1,TTGACGTATGTCGCAACGAG,18,5178328
yqjE_yqjK_yqjD_yqjC_predicted,21.0,42,1,TTGACACCCGTCGGACAAAT,41,5178468
yqjE_yqjK_yqjD_yqjC_predicted,10.0,20,1,TTCTCAATTTTGTAAGATGC,19,5205015
yqjE_yqjK_yqjD_yqjC_predicted,7.5,15,1,TTCGTCCCCCAGTGTGCCAA,14,5248110
yqjE_yqjK_yqjD_yqjC_predicted,17.0,34,1,TTCGGGATGTCCTTCCCAAA,33,5214097
yqjE_yqjK_yqjD_yqjC_predicted,1.0,2,1,TTCCGGTGAGTGCGTCCCAA,1,5254382
yqjE_yqjK_yqjD_yqjC_predicted,22.0,44,1,TTCATACCCGCAGGTCGCCG,43,5262247
yqjE_yqjK_yqjD_yqjC_predicted,29.5,59,1,TTCAGTATACACTATCTGGT,58,5239493
yqjE_yqjK_yqjD_yqjC_predicted,13.0,26,1,TTCAGACGGACTCGTGGTTA,25,5252005
yqjE_yqjK_yqjD_yqjC_predicted,17.5,35,1,TTCAAGCTCGGAGGTCAACG,34,5221627
yqjE_yqjK_yqjD_yqjC_predicted,6.0,12,1,TTCAAATACGCCTTGGCTTA,11,5235892
yqjE_yqjK_yqjD_yqjC_predicted,10.0,20,1,TTCAAAAGTTCGCCCTAATA,19,5245121
yqjE_yqjK_yqjD_yqjC_predicted,11.5,23,1,TTATCAAGTTCTTAGTGGTT,22,5193461
yqjE_yqjK_yqjD_yqjC_predicted,10.5,21,1,TTATATCGTGGTCACGAAGT,20,5211996
yqjE_yqjK_yqjD_yqjC_predicted,30.0,60,1,TTAGGGTAACGTGCGCTAAG,59,5237608
yqjE_yqjK_yqjD_yqjC_predicted,9.0,18,1,TTAGGCCATGTTTTGGATGT,17,5205135
yqjE_yqjK_yqjD_yqjC_predicted,80.5,161,1,TTAGATCAGTAGTGGCGTCT,160,5181953
yqjE_yqjK_yqjD_yqjC_predicted,15.0,30,1,TTACTTTTTCTACAGTGTGG,29,5260930
yqjE_yqjK_yqjD_yqjC_predicted,26.5,53,1,TTACTAACATGCCGGGTGGA,52,5257343
yqjE_yqjK_yqjD_yqjC_predicted,6.0,12,1,TTACGATATTCCTGGTGAAT,11,5234253
yqjE_yqjK_yqjD_yqjC_predicted,11.0,22,1,TTACGAGTTCAGCGGGGATC,21,5251126
yqjE_yqjK_yqjD_yqjC_predicted,9.5,19,1,TTACACGGTGGATGCAGAGG,18,5214312
yqjE_yqjK_yqjD_yqjC_predicted,16.0,32,1,TTACAAGCGCCGAGGGTACC,31,5250707
yqjE_yqjK_yqjD_yqjC_predicted,7.0,14,1,TTAATTTTGCCCCTATCATG,13,5253605
yqjE_yqjK_yqjD_yqjC_predicted,12.5,25,1,TTAAGTCTTACAAACGATCA,24,5187505
yqjE_yqjK_yqjD_yqjC_predicted,2.5,5,1,TTAAAGCTTAGGGTCAGGAG,4,5241845
yqjE_yqjK_yqjD_yqjC_predicted,11.0,22,1,TGTTGAATCCAGACGGCTGG,21,5228665
yqjE_yqjK_yqjD_yqjC_predicted,10.0,20,1,TGTTCGAACGGTTCATAGGC,19,5249515
yqjE_yqjK_yqjD_yqjC_predicted,8.5,17,1,TGTTCAGGGCCGTTTGAGGC,16,5226087
yqjE_yqjK_yqjD_yqjC_predicted,7.0,14,1,TGTTCACTTTGGATAGCCAA,13,5205899
yqjE_yqjK_yqjD_yqjC_predicted,13.0,26,1,TGTGTTAGATATCTATCGAA,25,5200106
yqjE_yqjK_yqjD_yqjC_predicted,14.0,28,1,TGTGTCTTATGCCCGTGACT,27,5202905
yqjE_yqjK_yqjD_yqjC_predicted,1.0,2,1,TGTGGCTGGGTAAGGTTATC,1,5211161
yqjE_yqjK_yqjD_yqjC_predicted,41.0,82,1,TGTGAGGACGGCTGGTTTAG,81,5232609
yqjE_yqjK_yqjD_yqjC_predicted,3.0,6,1,TGTCTGTCTGGACGAACAGA,5,5257624
yqjE_yqjK_yqjD_yqjC_predicted,32.0,64,1,TGTCTCAGGGCCGAATGTGC,63,5235269
yqjE_yqjK_yqjD_yqjC_predicted,17.0,34,1,TGTCGTTTTCCATACAGCCA,33,5177259
yqjE_yqjK_yqjD_yqjC_predicted,6.0,12,1,TGTCCGTAGGAAAACCTGCA,11,5250181
yqjE_yqjK_yqjD_yqjC_predicted,22.0,44,1,TGTCCGGAAAGAAATATCAA,43,5231948
yqjE_yqjK_yqjD_yqjC_predicted,12.0,24,1,TGTCCAAGCGTCCGGTCAGA,23,5180128
yqjE_yqjK_yqjD_yqjC_predicted,26.5,53,1,TGTCAGGGAGTACACTCTAT,52,5251859
yqjE_yqjK_yqjD_yqjC_predicted,1.0,2,1,TGTCAGGACGCAGGCGATTA,1,5260819
yqjE_yqjK_yqjD_yqjC_predicted,5.5,11,1,TGTATGCAACGCAGGATGTC,10,5178041
yqjE_yqjK_yqjD_yqjC_predicted,8.0,16,1,TGTACACTTCTGTCCAGCGT,15,5246021
yqjE_yqjK_yqjD_yqjC_predicted,6.0,12,1,TGTAAGGATCAGCCTCGGGT,11,5248302
yqjE_yqjK_yqjD_yqjC_predicted,5.0,10,1,TGGTGGAAACGGATGAGCGC,9,5180885
yqjE_yqjK_yqjD_yqjC_predicted,1.0,2,1,TGGGTAGCATAACATCGGAC,1,5230754
yqjE_yqjK_yqjD_yqjC_predicted,12.5,25,1,TGGGGACTTGCTAGGTCCGT,24,5198898
yqjE_yqjK_yqjD_yqjC_predicted,2.5,5,1,TGGGCATACTCCATCTGTCA,4,5195635
yqjE_yqjK_yqjD_yqjC_predicted,19.5,39,1,TGGCGAGAGATTGGTCCATG,38,5226498
yqjE_yqjK_yqjD_yqjC_predicted,10.0,20,1,TGGCCAATTGTTGTCGGAAA,19,5177877
yqjE_yqjK_yqjD_yqjC_predicted,13.0,26,1,TGGATGACTCAATGCTTGGT,25,5198311
yqjE_yqjK_yqjD_yqjC_predicted,19.5,39,1,TGGAAGGGCATAATAGTGGG,38,5182933
yqjE_yqjK_yqjD_yqjC_predicted,10.0,20,1,TGCTTGAGTGTCCTTTTTGG,19,5260838
yqjE_yqjK_yqjD_yqjC_predicted,13.0,26,1,TGCTAGACACGGACCTAGGT,25,5253298
yqjE_yqjK_yqjD_yqjC_predicted,12.5,25,1,TGCGTTACTTACAGGATGAT,24,5238805
yqjE_yqjK_yqjD_yqjC_predicted,23.0,46,1,TGCGTCCCGACAGACGCCAT,45,5262661
yqjE_yqjK_yqjD_yqjC_predicted,5.0,10,1,TGCGGCGTCCACATTGAGGA,9,5202599
yqjE_yqjK_yqjD_yqjC_predicted,80.0,160,1,TGCCCGATGCAACTATACCC,159,5180965
yqjE_yqjK_yqjD_yqjC_predicted,4.0,8,1,TGCCCATACATCCCCTTTTT,7,5231613
yqjE_yqjK_yqjD_yqjC_predicted,3.0,6,1,TGCCCAGTAATTAATAGCAT,5,5213294
yqjE_yqjK_yqjD_yqjC_predicted,12.0,24,1,TGCAGATTTTGCTGTGTCCT,23,5200676
yqjE_yqjK_yqjD_yqjC_predicted,8.0,16,1,TGCACCTCAGTACGACGGGG,15,5255595
yqjE_yqjK_yqjD_yqjC_predicted,12.5,25,1,TGATTGCGTTTTCCTAGTTG,24,5208947
yqjE_yqjK_yqjD_yqjC_predicted,12.5,25,1,TGATGTTATTGTCTAGGCCT,24,5199174
yqjE_yqjK_yqjD_yqjC_predicted,15.0,30,1,TGATCATTCCAGAAGGTTGT,29,5187501
yqjE_yqjK_yqjD_yqjC_predicted,7.0,14,1,TGAGTATGTTCCACAAGCCC,13,5207659
yqjE_yqjK_yqjD_yqjC_predicted,5.5,11,1,TGAGCCTAGCCGCGTCTGAT,10,5207897
yqjE_yqjK_yqjD_yqjC_predicted,13.5,27,1,TGAGAAAGAAGGGGTTGTGG,26,5253941
yqjE_yqjK_yqjD_yqjC_predicted,11.5,23,1,TGACCGCACTTCTCGTATGC,22,5195598
yqjE_yqjK_yqjD_yqjC_predicted,160.0,320,1,TGACACTCAAACTGTGTTCG,319,5197247
yqjE_yqjK_yqjD_yqjC_predicted,39.0,78,1,TCTTTGGTTCTCATAACCAG,77,5260422
yqjE_yqjK_yqjD_yqjC_predicted,8.5,17,1,TCTGGTTCGGTATAGTGTTG,16,5240299
yqjE_yqjK_yqjD_yqjC_predicted,8.0,16,1,TCTGGTCCTCGGTAAGTGCT,15,5248104
yqjE_yqjK_yqjD_yqjC_predicted,6.5,13,1,TCTGGGGTCCATGTCTCAAC,12,5243117
yqjE_yqjK_yqjD_yqjC_predicted,21.0,42,1,TCTGGCTTGGCCTCGCAAAA,41,5256547
yqjE_yqjK_yqjD_yqjC_predicted,28.5,57,1,TCTGCCACACCTGGGATCTA,56,5197616
yqjE_yqjK_yqjD_yqjC_predicted,11.0,22,1,TCTGAGTTGCCGAATCGGCC,21,5204720
yqjE_yqjK_yqjD_yqjC_predicted,4.0,8,1,TCTGAAGACATCGCCAGCGG,7,5225937
yqjE_yqjK_yqjD_yqjC_predicted,13.0,26,1,TCTCGTTTGACGGGTGTAAC,25,5172975
yqjE_yqjK_yqjD_yqjC_predicted,53.5,107,1,TCTCGAAATGCGCAACATCT,106,5190855
yqjE_yqjK_yqjD_yqjC_predicted,1.0,2,1,TCTCCAGTCTGGGGTCCGTC,1,5187322
yqjE_yqjK_yqjD_yqjC_predicted,36.5,73,1,TCTCATATTCGAGACTTCTA,72,5254620
yqjE_yqjK_yqjD_yqjC_predicted,8.0,16,1,TCTCACCGGTGGCAACCCTT,15,5196292
yqjE_yqjK_yqjD_yqjC_predicted,4.0,8,1,TCTAGTGTGTTGAGTACCCC,7,5209502
yqjE_yqjK_yqjD_yqjC_predicted,32.5,65,1,TCTAAAGGTCCCCGCATGGA,64,5261728
yqjE_yqjK_yqjD_yqjC_predicted,9.5,19,1,TCGTTAGGCGCCCGCAATTG,18,5242455
yqjE_yqjK_yqjD_yqjC_predicted,7.0,14,1,TCGTGGATCATCATGTTTTA,13,5204853
yqjE_yqjK_yqjD_yqjC_predicted,39.0,78,1,TCGTGATCAATCCATCCCGG,77,5255502
yqjE_yqjK_yqjD_yqjC_predicted,37.5,75,1,TCGTCATGCTGGATCAAACG,74,5189676
yqjE_yqjK_yqjD_yqjC_predicted,13.0,26,1,TCGGTTAATATTGGGCTTAC,25,5258395
yqjE_yqjK_yqjD_yqjC_predicted,21.5,43,1,TCGGTATAGCAGGATTCGGT,42,5247526
yqjE_yqjK_yqjD_yqjC_predicted,5.0,10,1,TCGGTACAAAATCCCGGTAA,9,5177668
yqjE_yqjK_yqjD_yqjC_predicted,18.5,37,1,TCGCTCGGGAAGGCTGTGTA,36,5244707
yqjE_yqjK_yqjD_yqjC_predicted,1.0,2,1,TCGCTACGACAGTTGCGGTA,1,5211663
yqjE_yqjK_yqjD_yqjC_predicted,25.5,51,1,TCGCCGCGCCTCGCACACAG,50,5202693
yqjE_yqjK_yqjD_yqjC_predicted,41.5,83,1,TCGCCGATCCGTGATAGTCG,82,5186021
yqjE_yqjK_yqjD_yqjC_predicted,7.0,14,1,TCGAGATGTGGATAGCTTGT,13,5244779
yqjE_yqjK_yqjD_yqjC_predicted,11.0,22,1,TCGACGCAACGTGCGGTATT,21,5195296
yqjE_yqjK_yqjD_yqjC_predicted,8.0,16,1,TCGAATGCGGGGTTGTTCTT,15,5230904
yqjE_yqjK_yqjD_yqjC_predicted,26.0,52,1,TCCTAGAGCCGACAATGGCA,51,5235902
yqjE_yqjK_yqjD_yqjC_predicted,32.0,64,1,TCCTACCAACCAAATCAGGT,63,5243362
yqjE_yqjK_yqjD_yqjC_predicted,43.0,86,1,TCCGGAAAGGGAAGGGGCCA,85,5247778
yqjE_yqjK_yqjD_yqjC_predicted,46.0,92,1,TCCGCTAGGCAAAGACAAGG,91,5197269
yqjE_yqjK_yqjD_yqjC_predicted,17.0,34,1,TCCGCCTTGATAATTTTGCC,33,5217359
yqjE_yqjK_yqjD_yqjC_predicted,40.0,80,1,TCCCAATGATCTAGGACATT,79,5174666
yqjE_yqjK_yqjD_yqjC_predicted,1.0,2,1,TCCACCGGGCGTCAGCGCAT,1,5171702
yqjE_yqjK_yqjD_yqjC_predicted,12.5,25,1,TCATTGCGTCTCGCGAGAAT,24,5257091
yqjE_yqjK_yqjD_yqjC_predicted,36.5,73,1,TCATCGGACTTTTGTTATGT,72,5208087
yqjE_yqjK_yqjD_yqjC_predicted,1.0,2,1,TCATCACGTCTCCACTGGTA,1,5172737
yqjE_yqjK_yqjD_yqjC_predicted,4.0,8,1,TCATCACACGCTGCTCAAGA,7,5216885
yqjE_yqjK_yqjD_yqjC_predicted,3.0,6,1,TCATACCACAGTCCCGCGTG,5,5201335
yqjE_yqjK_yqjD_yqjC_predicted,9.5,19,1,TCAGGGCAGGTCCAAGTCAG,18,5172837
yqjE_yqjK_yqjD_yqjC_predicted,2.5,5,1,TCACTGTGTGGACGACGGTC,4,5198462
yqjE_yqjK_yqjD_yqjC_predicted,9.0,18,1,TCACCACCCTCAACGTGACA,17,5231939
yqjE_yqjK_yqjD_yqjC_predicted,13.5,27,1,TCACAGATCTGTTGAATTTG,26,5181083
yqjE_yqjK_yqjD_yqjC_predicted,16.5,33,1,TCAATAGAGCCGGTTTTCAC,32,5237876
yqjE_yqjK_yqjD_yqjC_predicted,14.5,29,1,TATTTCTTATGTCGTTATAG,28,5197248
yqjE_yqjK_yqjD_yqjC_predicted,1.5,3,1,TATTGTCCGCGGGCCATGAA,2,5259923
yqjE_yqjK_yqjD_yqjC_predicted,15.5,31,1,TATTAATCAGTATGACTTTT,30,5203090
yqjE_yqjK_yqjD_yqjC_predicted,1.0,2,1,TATGCTACAAATGGTCGCGA,1,5224094
yqjE_yqjK_yqjD_yqjC_predicted,1.0,2,1,TATGATTAAGACGAATCGAT,1,5257309
yqjE_yqjK_yqjD_yqjC_predicted,7.0,14,1,TATCTATCTCCGGCCCAATA,13,5172815
yqjE_yqjK_yqjD_yqjC_predicted,11.5,23,1,TATCGTTATCACAATTCAAT,22,5175556
yqjE_yqjK_yqjD_yqjC_predicted,27.0,54,1,TATCCCACACTTTATCGCTG,53,5226041
yqjE_yqjK_yqjD_yqjC_predicted,1.0,2,1,TATATCTCGACAGTCCGACG,1,5174142
yqjE_yqjK_yqjD_yqjC_predicted,1.5,3,1,TATATATGCACCAAAGGATT,2,5256347
yqjE_yqjK_yqjD_yqjC_predicted,8.0,16,1,TATACGGATGTAATTTCATG,15,5241408
yqjE_yqjK_yqjD_yqjC_predicted,10.0,20,1,TATACAGTATCAAATCTAAC,19,5226039
yqjE_yqjK_yqjD_yqjC_predicted,5.0,10,1,TATAATAGGCCCAATCTTGC,9,5195485
yqjE_yqjK_yqjD_yqjC_predicted,3.5,7,1,TAGGTAGTCAGGTGAGCTGC,6,5187912
yqjE_yqjK_yqjD_yqjC_predicted,2.5,5,1,TAGGTAAACGTGAATGAGCG,4,5232209
yqjE_yqjK_yqjD_yqjC_predicted,8.0,16,1,TAGGGGTTTTTCGACCACAT,15,5208904
yqjE_yqjK_yqjD_yqjC_predicted,23.5,47,1,TAGGATGGAACGCCATTACG,46,5182658
yqjE_yqjK_yqjD_yqjC_predicted,10.5,21,1,TAGGAGCAACCTTCCATGAA,20,5216010
yqjE_yqjK_yqjD_yqjC_predicted,1.0,2,1,TAGGACCCTAAATAACCTCG,1,5191995
yqjE_yqjK_yqjD_yqjC_predicted,13.0,26,1,TAGCTCGTTGCGTGGTCCGT,25,5227071
yqjE_yqjK_yqjD_yqjC_predicted,2.0,4,1,TAGCTCAGCCTGTGTGTCAT,3,5217327
yqjE_yqjK_yqjD_yqjC_predicted,4.5,9,1,TAGCGCCATTGATTCTCGAT,8,5225981
yqjE_yqjK_yqjD_yqjC_predicted,5.5,11,1,TAGCCACCGTTGGAGAATTT,10,5200541
yqjE_yqjK_yqjD_yqjC_predicted,10.5,21,1,TACTTGTCCTAAGCTTACAC,20,5179319
yqjE_yqjK_yqjD_yqjC_predicted,6.5,13,1,TACTGTCCTAGCCCAAACGG,12,5251871
yqjE_yqjK_yqjD_yqjC_predicted,1.0,2,1,TACTCATCCCCTGGCCGTGA,1,5204272
yqjE_yqjK_yqjD_yqjC_predicted,13.5,27,1,TACGTTAAGATCATCGCCCC,26,5188697
yqjE_yqjK_yqjD_yqjC_predicted,2.0,4,1,TACGCCTGAAATGGGAGGAT,3,5225560
yqjE_yqjK_yqjD_yqjC_predicted,9.5,19,1,TACGATGGTTCATCTGTACA,18,5178426
yqjE_yqjK_yqjD_yqjC_predicted,9.0,18,1,TACGAGGGTTTGTTCTCACA,17,5225561
yqjE_yqjK_yqjD_yqjC_predicted,15.0,30,1,TACGACTACCCTGGCAGAGA,29,5175491
yqjE_yqjK_yqjD_yqjC_predicted,14.5,29,1,TACCTCATGCTTCATTAATC,28,5189442
yqjE_yqjK_yqjD_yqjC_predicted,9.0,18,1,TACAGGTCGGATTATTAGCG,17,5190419
yqjE_yqjK_yqjD_yqjC_predicted,11.5,23,1,TACAGGTAGTCCGCATATAA,22,5254412
yqjE_yqjK_yqjD_yqjC_predicted,7.0,14,1,TACAATCTACGTAAAAGGTC,13,5210285
yqjE_yqjK_yqjD_yqjC_predicted,18.0,36,1,TACAAATCCCTACGCCGATC,35,5255610
yqjE_yqjK_yqjD_yqjC_predicted,4.0,8,1,TACAAACGAGTCGGCAAAAG,7,5241966
yqjE_yqjK_yqjD_yqjC_predicted,15.5,31,1,TAATTGTGGAGTAATTCTAC,30,5212714
yqjE_yqjK_yqjD_yqjC_predicted,9.5,19,1,TAATCGAAGTGGAGCTGTTT,18,5198158
yqjE_yqjK_yqjD_yqjC_predicted,105.5,211,1,TAAGCACATCCATCACTATT,210,5256901
yqjE_yqjK_yqjD_yqjC_predicted,11.0,22,1,TAAGATCCGGGGTGCCTGTG,21,5225137
yqjE_yqjK_yqjD_yqjC_predicted,3.0,6,1,TAACTAACCGTCGAACGTTG,5,5238996
yqjE_yqjK_yqjD_yqjC_predicted,6.5,13,1,TAACGGCCCGTCAGTGCACG,12,5252372
yqjE_yqjK_yqjD_yqjC_predicted,6.5,13,1,TAACCAACCGGCGGCGATTT,12,5249216
yqjE_yqjK_yqjD_yqjC_predicted,15.5,31,1,TAAATTTTTCGCAACGGGGA,30,5227514
yqjE_yqjK_yqjD_yqjC_predicted,21.0,42,1,TAAATCTCAGTTGGTGAACC,41,5234365
yqjE_yqjK_yqjD_yqjC_predicted,7.5,15,1,TAAAAGTGAGTCTGCAGGAG,14,5202528
yqjE_yqjK_yqjD_yqjC_predicted,12.0,24,1,TAAAACAATACCTTGCGCCC,23,5245623
yqjE_yqjK_yqjD_yqjC_predicted,1.0,2,1,GTTTTGTGCTGGCTTTCGCA,1,5226548
yqjE_yqjK_yqjD_yqjC_predicted,16.0,32,1,GTTTAAAGAGGCCGGCGAGC,31,5212325
yqjE_yqjK_yqjD_yqjC_predicted,43.5,87,1,GTTGGCAGGGAGTCTCGATG,86,5248282
yqjE_yqjK_yqjD_yqjC_predicted,22.0,44,1,GTTCTTATAGACTAATGGGT,43,5182651
yqjE_yqjK_yqjD_yqjC_predicted,52.0,104,1,GTTCGTCCGCCGTAACTTCT,103,5253291
yqjE_yqjK_yqjD_yqjC_predicted,9.0,18,1,GTTCGGAATGCCAGGGACCT,17,5217569
yqjE_yqjK_yqjD_yqjC_predicted,4.5,9,1,GTTCATTCCCTATTAAATCT,8,5242161
yqjE_yqjK_yqjD_yqjC_predicted,22.5,45,1,GTTATTTTCTGAGAGGAGAC,44,5197230
yqjE_yqjK_yqjD_yqjC_predicted,3.5,7,1,GTTATTTATCCATTAGAGAT,6,5191519
yqjE_yqjK_yqjD_yqjC_predicted,5.0,10,1,GTTATAAGTATGTATGCGAG,9,5189683
yqjE_yqjK_yqjD_yqjC_predicted,21.0,42,1,GTTAGTTTTACGTTTTATAC,41,5241136
yqjE_yqjK_yqjD_yqjC_predicted,1.0,2,1,GTTAGTCTCGTCCTCATGGG,1,5192680
yqjE_yqjK_yqjD_yqjC_predicted,9.5,19,1,GTTAGATGTCGAATCGTTCG,18,5255369
yqjE_yqjK_yqjD_yqjC_predicted,22.0,44,1,GTTACACGCTGGTGACTGAT,43,5189658
yqjE_yqjK_yqjD_yqjC_predicted,9.0,18,1,GTTAATGGCGCCTCATTTAG,17,5213958
yqjE_yqjK_yqjD_yqjC_predicted,2.0,4,1,GTGTGTTTCGCTGCACCTCA,3,5179244
yqjE_yqjK_yqjD_yqjC_predicted,29.5,59,1,GTGGTGTGAGCAAACACCCA,58,5247552
yqjE_yqjK_yqjD_yqjC_predicted,39.0,78,1,GTGGTCCGCATTCGGGACTT,77,5172109
yqjE_yqjK_yqjD_yqjC_predicted,3.0,6,1,GTGGTCCCTGTCTAAATTAC,5,5190555
yqjE_yqjK_yqjD_yqjC_predicted,69.5,139,1,GTGGTATATAGGGAACAGGC,138,5187242
yqjE_yqjK_yqjD_yqjC_predicted,24.0,48,1,GTGGGCACGGGTCTGCGTGA,47,5229511
yqjE_yqjK_yqjD_yqjC_predicted,12.5,25,1,GTGCTGACCAGCGTCCATAG,24,5230362
yqjE_yqjK_yqjD_yqjC_predicted,7.0,14,1,GTGCCGGCCCCGCCTCATGG,13,5175813
yqjE_yqjK_yqjD_yqjC_predicted,15.5,31,1,GTGATAACGCTGGGTAGATT,30,5227198
yqjE_yqjK_yqjD_yqjC_predicted,6.5,13,1,GTGAGTGCCCACTGTACCCA,12,5224800
yqjE_yqjK_yqjD_yqjC_predicted,1.0,2,1,GTGAGGAGACTTATCAACAG,1,5198476
yqjE_yqjK_yqjD_yqjC_predicted,1.5,3,1,GTGACGGTCAAGGCGACGTG,2,5210682
yqjE_yqjK_yqjD_yqjC_predicted,31.0,62,1,GTCTTTAGAATTTCAGAGGT,61,5262260
yqjE_yqjK_yqjD_yqjC_predicted,10.0,20,1,GTCTCGCCCCGGGAACTACA,19,5249056
yqjE_yqjK_yqjD_yqjC_predicted,31.0,62,1,GTCTCCGGGTGTCACGCATA,61,5197630
yqjE_yqjK_yqjD_yqjC_predicted,8.5,17,1,GTCTAGGGCTCAATGAGGGT,16,5206763
yqjE_yqjK_yqjD_yqjC_predicted,5.5,11,1,GTCGCCCCCTCAGATCAGAG,10,5244769
yqjE_yqjK_yqjD_yqjC_predicted,10.5,21,1,GTCCTTAACGGGTGGAATCG,20,5188565
yqjE_yqjK_yqjD_yqjC_predicted,44.0,88,1,GTCCTCTCCGCGTCGCGCTA,87,5238199
yqjE_yqjK_yqjD_yqjC_predicted,11.5,23,1,GTCCTAGACATAGTTTATCT,22,5241767
yqjE_yqjK_yqjD_yqjC_predicted,6.5,13,1,GTCCCTCGCCTAGTATGCCT,12,5236854
yqjE_yqjK_yqjD_yqjC_predicted,7.0,14,1,GTCATACCGGAACCGTACAG,13,5215197
yqjE_yqjK_yqjD_yqjC_predicted,8.0,16,1,GTATTTTTCGCGCATCCCGA,15,5171378
yqjE_yqjK_yqjD_yqjC_predicted,8.0,16,1,GTATTCAGTAATGATCCTGG,15,5228643
yqjE_yqjK_yqjD_yqjC_predicted,33.5,67,1,GTATCAAGTAACCGGGAATA,66,5255323
yqjE_yqjK_yqjD_yqjC_predicted,7.0,14,1,GTATAGTGCGCCCCCGCGGC,13,5203694
yqjE_yqjK_yqjD_yqjC_predicted,1.0,2,1,GTAGGGGGATAATACACTAT,1,5181483
yqjE_yqjK_yqjD_yqjC_predicted,26.5,53,1,GTAGATAATGGGGCAGACAC,52,5233481
yqjE_yqjK_yqjD_yqjC_predicted,23.5,47,1,GTAGACTGGGGACCGATAAG,46,5255611
yqjE_yqjK_yqjD_yqjC_predicted,11.0,22,1,GTACTGATCGTTGGTGCGTC,21,5174963
yqjE_yqjK_yqjD_yqjC_predicted,4.0,8,1,GTACAGTCTAGACCGTTCTC,7,5207483
yqjE_yqjK_yqjD_yqjC_predicted,36.5,73,1,GTAAGACGGCAAGCATATCT,72,5247234
yqjE_yqjK_yqjD_yqjC_predicted,11.0,22,1,GTAACTCCACACGTTATGGA,21,5218910
yqjE_yqjK_yqjD_yqjC_predicted,14.0,28,1,GTAAATTGATGTCAGTTTGG,27,5202582
yqjE_yqjK_yqjD_yqjC_predicted,6.0,12,1,GTAAAGTGTGAATGCTTGTT,11,5220258
yqjE_yqjK_yqjD_yqjC_predicted,34.0,68,1,GTAAAGGCGGTACGGATTGC,67,5262704
yqjE_yqjK_yqjD_yqjC_predicted,12.0,24,1,GTAAAGCAGCGGCTGTCTCT,23,5204460
yqjE_yqjK_yqjD_yqjC_predicted,11.5,23,1,GGTTGGGTTTACTTCGCTGT,22,5186351
yqjE_yqjK_yqjD_yqjC_predicted,13.5,27,1,GGTTGCTGGCCTCGCGCCAT,26,5187633
yqjE_yqjK_yqjD_yqjC_predicted,6.0,12,1,GGTTGACGTAATGATGACCC,11,5218402
yqjE_yqjK_yqjD_yqjC_predicted,8.0,16,1,GGTTCTAGTTTTCCGGTCAT,15,5194151
yqjE_yqjK_yqjD_yqjC_predicted,23.5,47,1,GGTTATGGATTAGGGTGTGA,46,5198223
yqjE_yqjK_yqjD_yqjC_predicted,8.5,17,1,GGTGCCGCACGCCGCTCAGC,16,5238791
yqjE_yqjK_yqjD_yqjC_predicted,21.5,43,1,GGTGAGGCTACCGGGGAACG,42,5216032
yqjE_yqjK_yqjD_yqjC_predicted,11.0,22,1,GGTCGTACTCCCCCATAACT,21,5211868
yqjE_yqjK_yqjD_yqjC_predicted,6.5,13,1,GGTCGCTTGCCGTATCCAAG,12,5251844
yqjE_yqjK_yqjD_yqjC_predicted,2.0,4,1,GGTCGAGGGACTATTGCAGT,3,5224657
yqjE_yqjK_yqjD_yqjC_predicted,13.0,26,1,GGTATTCAGCACTTACTAGA,25,5179895
yqjE_yqjK_yqjD_yqjC_predicted,13.5,27,1,GGTATCACGGCGGATACCAG,26,5172165
yqjE_yqjK_yqjD_yqjC_predicted,9.0,18,1,GGTACGTCCCGGACGCTACC,17,5227125
yqjE_yqjK_yqjD_yqjC_predicted,5.5,11,1,GGTAACCCCGTGTTGGTATA,10,5224844
yqjE_yqjK_yqjD_yqjC_predicted,39.5,79,1,GGTAACCACTGTCTAAGTGT,78,5202073
yqjE_yqjK_yqjD_yqjC_predicted,12.5,25,1,GGTAACCACAGGTGTCGGTC,24,5238792
yqjE_yqjK_yqjD_yqjC_predicted,6.5,13,1,GGTAACACCTAAATGTTTAG,12,5187525
yqjE_yqjK_yqjD_yqjC_predicted,5.5,11,1,GGGTGAAACGGCTACGCCAG,10,5243663
yqjE_yqjK_yqjD_yqjC_predicted,19.5,39,1,GGGGTTGTACTACTTGGCAA,38,5189479
yqjE_yqjK_yqjD_yqjC_predicted,2.5,5,1,GGGGGAAGACTATGCCGACT,4,5182620
yqjE_yqjK_yqjD_yqjC_predicted,13.0,26,1,GGGGGAACGAGGCATTATTC,25,5258827
yqjE_yqjK_yqjD_yqjC_predicted,23.0,46,1,GGGGCTGTTTGTCTCTTATC,45,5205034
yqjE_yqjK_yqjD_yqjC_predicted,1.0,2,1,GGGGCGGCGCACTCTCCCTT,1,5249597
yqjE_yqjK_yqjD_yqjC_predicted,1.5,3,1,GGGCTGCCAGCGGACCAGCC,2,5194722
yqjE_yqjK_yqjD_yqjC_predicted,16.5,33,1,GGGCTATCTTCACACAATCT,32,5176686
yqjE_yqjK_yqjD_yqjC_predicted,4.5,9,1,GGGCAGTTCTCGTGCATTTT,8,5244361
yqjE_yqjK_yqjD_yqjC_predicted,2.5,5,1,GGGCAATTATTGGTTCGTCT,4,5172127
yqjE_yqjK_yqjD_yqjC_predicted,1.0,2,1,GGGATCCGATGCTGGCCTGA,1,5174512
yqjE_yqjK_yqjD_yqjC_predicted,8.5,17,1,GGGATAGGCGCTATCCGGTT,16,5242545
yqjE_yqjK_yqjD_yqjC_predicted,1.0,2,1,GGGACTCCAACAGAAACTGG,1,5245664
yqjE_yqjK_yqjD_yqjC_predicted,7.5,15,1,GGGAAGGTGTTCTGATGCGC,14,5243234
yqjE_yqjK_yqjD_yqjC_predicted,2.5,5,1,GGCTTCATTTTTCACCTTCC,4,5199002
yqjE_yqjK_yqjD_yqjC_predicted,12.5,25,1,GGCTGTAGAATAGACTCTGT,24,5196970
yqjE_yqjK_yqjD_yqjC_predicted,5.5,11,1,GGCTGCATTGCGCTAGATCA,10,5189226
yqjE_yqjK_yqjD_yqjC_predicted,2.5,5,1,GGCGTACTTTAAACCGCAAC,4,5194684
yqjE_yqjK_yqjD_yqjC_predicted,10.5,21,1,GGCGCTGAGGAAAGGCCGTG,20,5209509
yqjE_yqjK_yqjD_yqjC_predicted,10.5,21,1,GGCGCTCCAGCTTATACCAT,20,5248528
yqjE_yqjK_yqjD_yqjC_predicted,7.5,15,1,GGCGCTAACATAGCTATTTC,14,5197006
yqjE_yqjK_yqjD_yqjC_predicted,3.5,7,1,GGCGCCTCGAATAAGTCGTC,6,5207476
yqjE_yqjK_yqjD_yqjC_predicted,19.5,39,1,GGCGACAGATGTCGCCCGCA,38,5227197
yqjE_yqjK_yqjD_yqjC_predicted,1.0,2,1,GGCCTGAGATTGGCGTTCAT,1,5255227
yqjE_yqjK_yqjD_yqjC_predicted,11.0,22,1,GGCCGTGTACCCCTCATAGT,21,5195386
yqjE_yqjK_yqjD_yqjC_predicted,6.0,12,1,GGCCGTGCAATGGTGGCGAA,11,5215336
yqjE_yqjK_yqjD_yqjC_predicted,16.5,33,1,GGCCGAAGGCGACGGTCTTT,32,5177807
yqjE_yqjK_yqjD_yqjC_predicted,1.0,2,1,GGCCCAACCGAATATGATGA,1,5251986
yqjE_yqjK_yqjD_yqjC_predicted,2.0,4,1,GGCCATTATAAGTAACGCTC,3,5230292
yqjE_yqjK_yqjD_yqjC_predicted,18.0,36,1,GGCATCATTCCTTGTCTTCT,35,5219520
yqjE_yqjK_yqjD_yqjC_predicted,10.5,21,1,GGCATATACCTCTGCCGTTC,20,5260328
yqjE_yqjK_yqjD_yqjC_predicted,1.5,3,1,GGCACGTTGGGGGTACTGTA,2,5186039
yqjE_yqjK_yqjD_yqjC_predicted,3.0,6,1,GGCACAAACTTCCCGGTGAG,5,5200250
yqjE_yqjK_yqjD_yqjC_predicted,1.0,2,1,GGATTCCCGCAGAGTTAAGT,1,5208775
yqjE_yqjK_yqjD_yqjC_predicted,4.5,9,1,GGATGTGTGTGCTTTTCCTG,8,5253356
yqjE_yqjK_yqjD_yqjC_predicted,13.0,26,1,GGATGGGGATTGCCGCGTTC,25,5237410
yqjE_yqjK_yqjD_yqjC_predicted,10.5,21,1,GGATCTTCGATACCGTGCCT,20,5255596
yqjE_yqjK_yqjD_yqjC_predicted,1.0,2,1,GGATAACATCGAACAGTTTC,1,5217903
yqjE_yqjK_yqjD_yqjC_predicted,4.5,9,1,GGAGGGCGGCATATCTGTTT,8,5226229
yqjE_yqjK_yqjD_yqjC_predicted,9.5,19,1,GGAGGCGCGTTGCAAATTGT,18,5249194
yqjE_yqjK_yqjD_yqjC_predicted,20.5,41,1,GGAGCGGGTAACGAATTGAT,40,5235457
yqjE_yqjK_yqjD_yqjC_predicted,10.5,21,1,GGACTTGCGGAAACGCGAAC,20,5241924
yqjE_yqjK_yqjD_yqjC_predicted,93.5,187,1,GGACTCTGCCTGTTAGTGCT,186,5238911
yqjE_yqjK_yqjD_yqjC_predicted,5.5,11,1,GGACGACGAAAACGAGGCGG,10,5216074
yqjE_yqjK_yqjD_yqjC_predicted,24.0,48,1,GGACCGCTGGACAGCTGCGG,47,5183945
yqjE_yqjK_yqjD_yqjC_predicted,7.0,14,1,GGACAACGAACCGTGTAAAT,13,5193507
yqjE_yqjK_yqjD_yqjC_predicted,21.0,42,1,GGAATCGGGTGTCTGGATTC,41,5235978
yqjE_yqjK_yqjD_yqjC_predicted,1.0,2,1,GGAAATCGGGACCATCGCAA,1,5220790
yqjE_yqjK_yqjD_yqjC_predicted,10.5,21,1,GGAAACCAAGGTTACCTGCA,20,5234928
yqjE_yqjK_yqjD_yqjC_predicted,18.5,37,1,GCTTTTCAATCCCGTCGTTA,36,5242514
yqjE_yqjK_yqjD_yqjC_predicted,1.0,2,1,GCTTGGTATCGGGCATACTG,1,5199128
yqjE_yqjK_yqjD_yqjC_predicted,2.0,4,1,GCTTACCTAGGATCCGTAAC,3,5241007
yqjE_yqjK_yqjD_yqjC_predicted,10.5,21,1,GCTGTGTCACCGCCCGCTAG,20,5228247
yqjE_yqjK_yqjD_yqjC_predicted,31.0,62,1,GCTGTAGAACTAATTGATAT,61,5261747
yqjE_yqjK_yqjD_yqjC_predicted,3.0,6,1,GCTGTACCAACGTGGGAGCA,5,5260673
yqjE_yqjK_yqjD_yqjC_predicted,10.0,20,1,GCTCTAATGGTTACGTGTAT,19,5221644
yqjE_yqjK_yqjD_yqjC_predicted,10.5,21,1,GCTCGGATATGCTGAGGATC,20,5187610
yqjE_yqjK_yqjD_yqjC_predicted,17.5,35,1,GCTCAGGGACTCTGGCAGGC,34,5224288
yqjE_yqjK_yqjD_yqjC_predicted,2.5,5,1,GCTCACAGTATCACGTGGTA,4,5200952
yqjE_yqjK_yqjD_yqjC_predicted,12.5,25,1,GCTAGGTATAACATGCCACA,24,5243315
yqjE_yqjK_yqjD_yqjC_predicted,3.0,6,1,GCGTTTTCCACTGGCATCGT,5,5218639
yqjE_yqjK_yqjD_yqjC_predicted,22.0,44,1,GCGTGTCAATTGGCTGTATT,43,5254421
yqjE_yqjK_yqjD_yqjC_predicted,8.5,17,1,GCGTGAGCTATGGCGGAACC,16,5249753
yqjE_yqjK_yqjD_yqjC_predicted,2.0,4,1,GCGTAATGTCTGTTGCGAAT,3,5221803
yqjE_yqjK_yqjD_yqjC_predicted,7.0,14,1,GCGGGCGGCGCTGACAGCAG,13,5253306
yqjE_yqjK_yqjD_yqjC_predicted,15.0,30,1,GCGGATGGTGTCTGGCAAGT,29,5245193
yqjE_yqjK_yqjD_yqjC_predicted,1.0,2,1,GCGGATCTTTAGGTAGGTCC,1,5228361
yqjE_yqjK_yqjD_yqjC_predicted,13.0,26,1,GCGCTCTTAGGTCTAATATC,25,5249196
yqjE_yqjK_yqjD_yqjC_predicted,8.0,16,1,GCGCTCCTGTTCAATACCGA,15,5241508
yqjE_yqjK_yqjD_yqjC_predicted,107.0,214,1,GCGCTACTAATGCAACGTAA,213,5191939
yqjE_yqjK_yqjD_yqjC_predicted,3.0,6,1,GCGCGACGACTATCATCAAC,5,5194812
yqjE_yqjK_yqjD_yqjC_predicted,15.5,31,1,GCGCCGAATGGAGCTGTACG,30,5257147
yqjE_yqjK_yqjD_yqjC_predicted,7.0,14,1,GCGACGGTGAATCGGCGTAT,13,5176236
yqjE_yqjK_yqjD_yqjC_predicted,13.0,26,1,GCGAATATTATGGGCCTGCA,25,5191533
yqjE_yqjK_yqjD_yqjC_predicted,5.5,11,1,GCCTGTGGACAGTATGTGGC,10,5178804
yqjE_yqjK_yqjD_yqjC_predicted,7.0,14,1,GCCGACTCGTTTCTGATTCC,13,5208153
yqjE_yqjK_yqjD_yqjC_predicted,28.5,57,1,GCCCTAGAGCCTGATTAATG,56,5251865
yqjE_yqjK_yqjD_yqjC_predicted,6.0,12,1,GCCCGCTCTACTTGCCAGGT,11,5211003
yqjE_yqjK_yqjD_yqjC_predicted,7.0,14,1,GCCCGACAATACTCTCTACT,13,5189044
yqjE_yqjK_yqjD_yqjC_predicted,8.0,16,1,GCCATTTTGGGTCAGTCCAA,15,5255579
yqjE_yqjK_yqjD_yqjC_predicted,7.0,14,1,GCCAGTGTTTACGTTTCGCA,13,5180512
yqjE_yqjK_yqjD_yqjC_predicted,1.0,2,1,GCCAAAGTCGATCTATTAAA,1,5213808
yqjE_yqjK_yqjD_yqjC_predicted,5.0,10,1,GCATTAGTTTGAATTAAGTC,9,5204315
yqjE_yqjK_yqjD_yqjC_predicted,55.5,111,1,GCATTACGCTATGTTAATGA,110,5261729
yqjE_yqjK_yqjD_yqjC_predicted,25.5,51,1,GCATATTATACCCTGCTATG,50,5191543
yqjE_yqjK_yqjD_yqjC_predicted,48.0,96,1,GCATAGGAATTAGGAAGTGA,95,5237596
yqjE_yqjK_yqjD_yqjC_predicted,8.5,17,1,GCATAAGCACCTATCATATA,16,5241863
yqjE_yqjK_yqjD_yqjC_predicted,13.0,26,1,GCAGGTGGTTCTCCAATCTT,25,5232578
yqjE_yqjK_yqjD_yqjC_predicted,2.5,5,1,GCAGGTGAGATTCACCACGG,4,5249986
yqjE_yqjK_yqjD_yqjC_predicted,16.5,33,1,GCAGAGGTTCTTCCATCAAG,32,5260261
yqjE_yqjK_yqjD_yqjC_predicted,15.5,31,1,GCACAGAGTCCCTTATGGCG,30,5188338
yqjE_yqjK_yqjD_yqjC_predicted,10.5,21,1,GCAATCAAGGGCTCCCGGTG,20,5217662
yqjE_yqjK_yqjD_yqjC_predicted,28.0,56,1,GCAACGTTATTACACGCCAG,55,5254591
yqjE_yqjK_yqjD_yqjC_predicted,13.0,26,1,GCAACGTGATAGAATCATGG,25,5173712
yqjE_yqjK_yqjD_yqjC_predicted,23.5,47,1,GCAACACCAGACGCTTGGGT,46,5238099
yqjE_yqjK_yqjD_yqjC_predicted,23.0,46,1,GATTTGCAGTATTGCGCGGA,45,5182239
yqjE_yqjK_yqjD_yqjC_predicted,81.0,162,1,GATTTCAAGCCTTTTGGTAT,161,5233813
yqjE_yqjK_yqjD_yqjC_predicted,2.5,5,1,GATGTTGTAAGAACGCTTCA,4,5208836
yqjE_yqjK_yqjD_yqjC_predicted,25.5,51,1,GATGTTACCCGTGGTCAGCA,50,5202069
yqjE_yqjK_yqjD_yqjC_predicted,7.5,15,1,GATGAACCAAGTTTAGCAAC,14,5174204
yqjE_yqjK_yqjD_yqjC_predicted,3.0,6,1,GATCGATGGCCATCATACAA,5,5253383
yqjE_yqjK_yqjD_yqjC_predicted,27.5,55,1,GATCCCCGAAATTTTCCTTG,54,5228634
yqjE_yqjK_yqjD_yqjC_predicted,7.5,15,1,GATCAGTTACGTTTCGCAGG,14,5206740
yqjE_yqjK_yqjD_yqjC_predicted,14.0,28,1,GATAGGTGATCTGAGGAGTT,27,5255614
yqjE_yqjK_yqjD_yqjC_predicted,7.0,14,1,GATAGCCAAGTGTCTAACAC,13,5187945
yqjE_yqjK_yqjD_yqjC_predicted,10.0,20,1,GATACTGTGTAAGGCTTCCT,19,5232444
yqjE_yqjK_yqjD_yqjC_predicted,14.5,29,1,GATACGCCTAGAGATGGACT,28,5244532
yqjE_yqjK_yqjD_yqjC_predicted,15.5,31,1,GATAATCCAAGTAAAAGGCT,30,5216866
yqjE_yqjK_yqjD_yqjC_predicted,16.0,32,1,GATAACTTGGATCAATTGTC,31,5211478
yqjE_yqjK_yqjD_yqjC_predicted,6.5,13,1,GAGTCTTTATTTTAATTGGC,12,5214546
yqjE_yqjK_yqjD_yqjC_predicted,16.5,33,1,GAGTACCCCAGCGCGTCCAT,32,5236221
yqjE_yqjK_yqjD_yqjC_predicted,10.0,20,1,GAGGTTTCGCTTGTGGGAAG,19,5180587
yqjE_yqjK_yqjD_yqjC_predicted,2.5,5,1,GAGGTGATACCTGAAGCTCC,4,5175445
yqjE_yqjK_yqjD_yqjC_predicted,3.0,6,1,GAGGGGGGGACTATCCACTT,5,5203143
yqjE_yqjK_yqjD_yqjC_predicted,4.5,9,1,GAGGGCACTTCAGCGCAGGA,8,5250167
yqjE_yqjK_yqjD_yqjC_predicted,17.5,35,1,GAGCCGGCGCCTACAGATGC,34,5226224
yqjE_yqjK_yqjD_yqjC_predicted,24.0,48,1,GAGCCCTGGTGACGCAACAT,47,5174813
yqjE_yqjK_yqjD_yqjC_predicted,33.5,67,1,GAGCCACCGGCATGTTTTAT,66,5202581
yqjE_yqjK_yqjD_yqjC_predicted,4.0,8,1,GAGATCCCTCTCTAAATCTT,7,5262140
yqjE_yqjK_yqjD_yqjC_predicted,22.5,45,1,GAGACTGTAGTCTCTTTACT,44,5221609
yqjE_yqjK_yqjD_yqjC_predicted,25.5,51,1,GAGAAGGTCCGTGGGTGTAA,50,5258136
yqjE_yqjK_yqjD_yqjC_predicted,1.0,2,1,GACTGGTCAGTGCGTTTATC,1,5251797
yqjE_yqjK_yqjD_yqjC_predicted,7.0,14,1,GACTCTTTTAACGTATAGTC,13,5184124
yqjE_yqjK_yqjD_yqjC_predicted,9.5,19,1,GACTCGGGATCACACATGTA,18,5224793
yqjE_yqjK_yqjD_yqjC_predicted,9.5,19,1,GACTCCATAGGGTGGGAGGA,18,5254260
yqjE_yqjK_yqjD_yqjC_predicted,14.0,28,1,GACTAAAGTTGAAATTTCTG,27,5236053
yqjE_yqjK_yqjD_yqjC_predicted,16.0,32,1,GACGTAGGCTACCGCGCTTG,31,5227482
yqjE_yqjK_yqjD_yqjC_predicted,5.0,10,1,GACGGAAACTTGTGACCATA,9,5181780
yqjE_yqjK_yqjD_yqjC_predicted,8.0,16,1,GACCTGGGGGGTTGGAATTG,15,5238419
yqjE_yqjK_yqjD_yqjC_predicted,3.5,7,1,GACCTGCCTGCCTAGTTCCT,6,5218925
yqjE_yqjK_yqjD_yqjC_predicted,11.5,23,1,GACCGCCGGGTGGTAGTCAT,22,5171296
yqjE_yqjK_yqjD_yqjC_predicted,43.5,87,1,GACCCCGGCACGGAAGTGCT,86,5214154
yqjE_yqjK_yqjD_yqjC_predicted,1.0,2,1,GACCATGCTGACCCCTCTCA,1,5214368
yqjE_yqjK_yqjD_yqjC_predicted,1.0,2,1,GACCATAGTGAAGCAACCAT,1,5245927
yqjE_yqjK_yqjD_yqjC_predicted,8.0,16,1,GACCAGTTGCAACAGACGTA,15,5230687
yqjE_yqjK_yqjD_yqjC_predicted,3.5,7,1,GACCAACCTCCCGACCCTAT,6,5210198
yqjE_yqjK_yqjD_yqjC_predicted,17.0,34,1,GACATTATTACCAGGCTCGC,33,5256578
yqjE_yqjK_yqjD_yqjC_predicted,3.5,7,1,GACATTAGCGGCAATTATAC,6,5215643
yqjE_yqjK_yqjD_yqjC_predicted,10.5,21,1,GACAGGTTTGGCACCATCAT,20,5256414
yqjE_yqjK_yqjD_yqjC_predicted,20.0,40,1,GACAGGTTGGGTTATGGTCC,39,5191739
yqjE_yqjK_yqjD_yqjC_predicted,13.0,26,1,GACAGGCGTAAGCCCTTAAC,25,5211616
yqjE_yqjK_yqjD_yqjC_predicted,8.5,17,1,GACAGCCTCTACGGTGAGCT,16,5247879
yqjE_yqjK_yqjD_yqjC_predicted,31.0,62,1,GACACAAGCGTGTACGACAC,61,5211385
yqjE_yqjK_yqjD_yqjC_predicted,54.0,108,1,GACAATTTGGCGAGGGCTGG,107,5254454
yqjE_yqjK_yqjD_yqjC_predicted,16.5,33,1,GACAAACACACATTCCAGAC,32,5226197
yqjE_yqjK_yqjD_yqjC_predicted,9.5,19,1,GAATTGTTCCCTAGGTCGCA,18,5231571
yqjE_yqjK_yqjD_yqjC_predicted,10.0,20,1,GAATTGGGTGGCCGATAAAG,19,5251794
yqjE_yqjK_yqjD_yqjC_predicted,39.0,78,1,GAATTCGCATCCAGTCGTTA,77,5217336
yqjE_yqjK_yqjD_yqjC_predicted,14.5,29,1,GAATGGCCGGTAACGCCGTA,28,5238002
yqjE_yqjK_yqjD_yqjC_predicted,14.5,29,1,GAATGAACGACTCACGTGCA,28,5256555
yqjE_yqjK_yqjD_yqjC_predicted,10.0,20,1,GAATACAGCCTCGAATCTAT,19,5244178
yqjE_yqjK_yqjD_yqjC_predicted,5.0,10,1,GAATAAGCAAATCTCGTACA,9,5226192
yqjE_yqjK_yqjD_yqjC_predicted,1.0,2,1,GAAGTAACCACTGCCAGTGG,1,5250217
yqjE_yqjK_yqjD_yqjC_predicted,15.0,30,1,GAAGAGTAAATGTCGGTTAC,29,5226048
yqjE_yqjK_yqjD_yqjC_predicted,21.5,43,1,GAAGAGGTACAACAGACCAT,42,5196391
yqjE_yqjK_yqjD_yqjC_predicted,18.0,36,1,GAACTTGGCCGGCGGTAAAA,35,5184535
yqjE_yqjK_yqjD_yqjC_predicted,15.0,30,1,GAACTGTCCGAAGGTCCGTC,29,5225551
yqjE_yqjK_yqjD_yqjC_predicted,19.5,39,1,GAACTAGAGTTCCGAGGCGA,38,5177659
yqjE_yqjK_yqjD_yqjC_predicted,19.5,39,1,GAACGGGGCACTGTTTGGGT,38,5254590
yqjE_yqjK_yqjD_yqjC_predicted,8.0,16,1,GAACGAGTGGCGCATCGGCT,15,5229663
yqjE_yqjK_yqjD_yqjC_predicted,11.0,22,1,GAACCGTATGCCACTCCATC,21,5197260
yqjE_yqjK_yqjD_yqjC_predicted,6.5,13,1,GAACCAACACAGTTCCGCAT,12,5221688
yqjE_yqjK_yqjD_yqjC_predicted,13.0,26,1,GAACATGGGAATCCCTGGCG,25,5203680
yqjE_yqjK_yqjD_yqjC_predicted,13.5,27,1,GAAACATGGTGTGTGGTTAC,26,5249201
yqjE_yqjK_yqjD_yqjC_predicted,1.0,2,1,CTTTTGAAATGTGTCTGCAA,1,5176816
yqjE_yqjK_yqjD_yqjC_predicted,3.0,6,1,CTTTTCTGCCCCATTGCCAG,5,5210845
yqjE_yqjK_yqjD_yqjC_predicted,3.0,6,1,CTTTGTCGTCCGAGTCTCGA,5,5248796
yqjE_yqjK_yqjD_yqjC_predicted,2.5,5,1,CTTTGGGTCCCCAAAACCTA,4,5223575
yqjE_yqjK_yqjD_yqjC_predicted,3.5,7,1,CTTTGGCGTGGGCATGTGCT,6,5258442
yqjE_yqjK_yqjD_yqjC_predicted,13.0,26,1,CTTTCTTCGGTCGATACGCG,25,5239457
yqjE_yqjK_yqjD_yqjC_predicted,1.5,3,1,CTTTCAAAACTAGCGGTCTC,2,5232469
yqjE_yqjK_yqjD_yqjC_predicted,18.5,37,1,CTTTATTCATGGGCAGCATT,36,5190607
yqjE_yqjK_yqjD_yqjC_predicted,9.0,18,1,CTTTAAAGTCTTAGAGAGTG,17,5255517
yqjE_yqjK_yqjD_yqjC_predicted,11.0,22,1,CTTGTGCATGGTTCTATGTC,21,5220521
yqjE_yqjK_yqjD_yqjC_predicted,30.0,60,1,CTTGTGAGGTCTGTTAATGT,59,5259930
yqjE_yqjK_yqjD_yqjC_predicted,15.0,30,1,CTTGTCTGAATCGTGAGGGT,29,5210458
yqjE_yqjK_yqjD_yqjC_predicted,5.5,11,1,CTTGTAGGTTAAGCCAAATC,10,5204110
yqjE_yqjK_yqjD_yqjC_predicted,13.0,26,1,CTTGGTTGATCCTGCCTTTC,25,5185373
yqjE_yqjK_yqjD_yqjC_predicted,13.5,27,1,CTTGGTGGGACCTCGAACAA,26,5259291
yqjE_yqjK_yqjD_yqjC_predicted,1.0,2,1,CTTGGAATGGCAAGGGGTAT,1,5234943
yqjE_yqjK_yqjD_yqjC_predicted,19.0,38,1,CTTGCTCATAGCCAACTCTG,37,5199761
yqjE_yqjK_yqjD_yqjC_predicted,6.0,12,1,CTTGACGTGAGGGAGGTTGT,11,5233773
yqjE_yqjK_yqjD_yqjC_predicted,11.5,23,1,CTTCTTTAAATCGTATTAAA,22,5208687
yqjE_yqjK_yqjD_yqjC_predicted,7.0,14,1,CTTCTCAGTTTGGTAGACCA,13,5227195
yqjE_yqjK_yqjD_yqjC_predicted,14.0,28,1,CTTCATACGGGTCACATCTA,27,5247014
yqjE_yqjK_yqjD_yqjC_predicted,2.5,5,1,CTTCAGACCCCTCGTGCTTA,4,5245468
yqjE_yqjK_yqjD_yqjC_predicted,43.0,86,1,CTTAGGTTTTTGGGAGTGTA,85,5208686
yqjE_yqjK_yqjD_yqjC_predicted,9.0,18,1,CTTAGGGTCTCGTAATGTAT,17,5229040
yqjE_yqjK_yqjD_yqjC_predicted,7.5,15,1,CTTACATGCCAGGATTTTTG,14,5184937
yqjE_yqjK_yqjD_yqjC_predicted,10.5,21,1,CTTAAGCGAACCCGTTGTAT,20,5200522
yqjE_yqjK_yqjD_yqjC_predicted,54.0,108,1,CTGTTCTGATCCCACGCGAC,107,5254637
yqjE_yqjK_yqjD_yqjC_predicted,56.0,112,1,CTGTGACTCAGTACGTGACA,111,5237102
yqjE_yqjK_yqjD_yqjC_predicted,16.5,33,1,CTGTATGGAGCGTACCGTAC,32,5236989
yqjE_yqjK_yqjD_yqjC_predicted,14.5,29,1,CTGTATGATCGTAGACTATC,28,5235442
yqjE_yqjK_yqjD_yqjC_predicted,1.0,2,1,CTGGTACAGTGGGACTAGAT,1,5180545
yqjE_yqjK_yqjD_yqjC_predicted,1.0,2,1,CTGGGCGCTTATCCTCTAAA,1,5251991
yqjE_yqjK_yqjD_yqjC_predicted,9.5,19,1,CTGGCATTTCAGGCTCGCGA,18,5244350
yqjE_yqjK_yqjD_yqjC_predicted,11.5,23,1,CTGGCAGTTACGGCCATGGT,22,5189201
yqjE_yqjK_yqjD_yqjC_predicted,1.0,2,1,CTGGCAAATGGGAGAAATTC,1,5208766
yqjE_yqjK_yqjD_yqjC_predicted,3.0,6,1,CTGCTTCATCCCGCTCGCAC,5,5182554
yqjE_yqjK_yqjD_yqjC_predicted,12.0,24,1,CTGCTATCTCTTCTGGTCGT,23,5251293
yqjE_yqjK_yqjD_yqjC_predicted,17.0,34,1,CTGCGACGCCAGGCAGGTAT,33,5254432
yqjE_yqjK_yqjD_yqjC_predicted,1.5,3,1,CTGCACGTCTCAAAGCCATT,2,5255326
yqjE_yqjK_yqjD_yqjC_predicted,1.0,2,1,CTGATCGGCACATCTAAGGT,1,5257688
yqjE_yqjK_yqjD_yqjC_predicted,6.0,12,1,CTGAGGACTACCTCGTGGTA,11,5215257
yqjE_yqjK_yqjD_yqjC_predicted,4.0,8,1,CTGACTACGGCGACAAGAGA,7,5180744
yqjE_yqjK_yqjD_yqjC_predicted,24.0,48,1,CTCTGGCGCAGCGGAGAGTT,47,5199043
yqjE_yqjK_yqjD_yqjC_predicted,3.5,7,1,CTCTCGCGACTATTCGAAGT,6,5257401
yqjE_yqjK_yqjD_yqjC_predicted,16.5,33,1,CTCGTTTCTAAGTAATGCTT,32,5220321
yqjE_yqjK_yqjD_yqjC_predicted,13.0,26,1,CTCGCGGGGGAAACATGCGT,25,5192526
yqjE_yqjK_yqjD_yqjC_predicted,9.5,19,1,CTCCGGCGTTTCCTCCAGCG,18,5217992
yqjE_yqjK_yqjD_yqjC_predicted,19.0,38,1,CTCCCACGACAACTATTGAC,37,5187506
yqjE_yqjK_yqjD_yqjC_predicted,16.0,32,1,CTCCAACAGCTACCAACTCG,31,5180929
yqjE_yqjK_yqjD_yqjC_predicted,18.5,37,1,CTCACCGGGCCTTTACGCCT,36,5245893
yqjE_yqjK_yqjD_yqjC_predicted,8.0,16,1,CTATTTCATCCGTAGATACT,15,5175631
yqjE_yqjK_yqjD_yqjC_predicted,8.5,17,1,CTATTGGCACTTTCCTGGAA,16,5180326
yqjE_yqjK_yqjD_yqjC_predicted,2.5,5,1,CTATTCATCACAATTGATAA,4,5244533
yqjE_yqjK_yqjD_yqjC_predicted,11.0,22,1,CTATTATAATTGGGCTGGCA,21,5182186
yqjE_yqjK_yqjD_yqjC_predicted,12.0,24,1,CTATTAACCAACGTACTCTC,23,5232660
yqjE_yqjK_yqjD_yqjC_predicted,30.5,61,1,CTATGTATCGTATTGGCTAT,60,5237403
yqjE_yqjK_yqjD_yqjC_predicted,3.5,7,1,CTATGCGAAATCAGGTGGAG,6,5220752
yqjE_yqjK_yqjD_yqjC_predicted,7.5,15,1,CTATGAACGTCTTGGATGGC,14,5239511
yqjE_yqjK_yqjD_yqjC_predicted,23.5,47,1,CTATACGTAGGAATTGTCGT,46,5181331
yqjE_yqjK_yqjD_yqjC_predicted,8.5,17,1,CTAGTAAGCTGACACCCGGG,16,5221457
yqjE_yqjK_yqjD_yqjC_predicted,2.5,5,1,CTAGGGCGTTCCCGCGCGAT,4,5177535
yqjE_yqjK_yqjD_yqjC_predicted,5.0,10,1,CTAGATGATTCACCGGCGAT,9,5177610
yqjE_yqjK_yqjD_yqjC_predicted,21.0,42,1,CTACGCGTTAAGGGCTCTGC,41,5211967
yqjE_yqjK_yqjD_yqjC_predicted,13.5,27,1,CTACCCCCGGCCGAAACCAA,26,5200472
yqjE_yqjK_yqjD_yqjC_predicted,6.5,13,1,CTACATCTGATCCATGAGTG,12,5198889
yqjE_yqjK_yqjD_yqjC_predicted,1.5,3,1,CTAATGGATTTCGCATGCTT,2,5178360
yqjE_yqjK_yqjD_yqjC_predicted,10.5,21,1,CTAATCTTTAAGAACCCGCC,20,5200421
yqjE_yqjK_yqjD_yqjC_predicted,18.0,36,1,CTAATCGTCGATAGATTAGG,35,5174897
yqjE_yqjK_yqjD_yqjC_predicted,2.0,4,1,CTAATATCAGATTACACACC,3,5171161
yqjE_yqjK_yqjD_yqjC_predicted,1.0,2,1,CTAAGTTCTCCAGACAGGTA,1,5258856
yqjE_yqjK_yqjD_yqjC_predicted,9.0,18,1,CGTTTTAATTTTGTCTTTAG,17,5237401
yqjE_yqjK_yqjD_yqjC_predicted,10.0,20,1,CGTTGGCCAATCAGAAAGAA,19,5209283
yqjE_yqjK_yqjD_yqjC_predicted,13.5,27,1,CGTTGCTCTTGAGCGCACAG,26,5248064
yqjE_yqjK_yqjD_yqjC_predicted,13.5,27,1,CGTTGCATGACTCAACGCAT,26,5178652
yqjE_yqjK_yqjD_yqjC_predicted,4.0,8,1,CGTTCTTGAACTGCAACACA,7,5182531
yqjE_yqjK_yqjD_yqjC_predicted,7.0,14,1,CGTTCTTACAGTGCCGCGGC,13,5260924
yqjE_yqjK_yqjD_yqjC_predicted,15.5,31,1,CGTGTAGCTAGTTACACCCA,30,5262129
yqjE_yqjK_yqjD_yqjC_predicted,11.5,23,1,CGTGGTAGTTCTACATCATC,22,5208579
yqjE_yqjK_yqjD_yqjC_predicted,12.5,25,1,CGTGCTACGAGCAGCTACGT,24,5208902
yqjE_yqjK_yqjD_yqjC_predicted,10.5,21,1,CGTGATGCTTTAATTCACGT,20,5171387
yqjE_yqjK_yqjD_yqjC_predicted,17.5,35,1,CGTCCTTATGGTATGCGACG,34,5183928
yqjE_yqjK_yqjD_yqjC_predicted,4.0,8,1,CGTCCTACCCTATCCTGGTC,7,5198391
yqjE_yqjK_yqjD_yqjC_predicted,74.0,148,1,CGTCATTGATTTAATAATCC,147,5191511
yqjE_yqjK_yqjD_yqjC_predicted,2.0,4,1,CGTCATACAGCAGAGACTTC,3,5233083
yqjE_yqjK_yqjD_yqjC_predicted,4.0,8,1,CGTACTTTCGAGTGGTGCCG,7,5236906
yqjE_yqjK_yqjD_yqjC_predicted,13.5,27,1,CGTACAACAAGGGGCTTCAC,26,5214123
yqjE_yqjK_yqjD_yqjC_predicted,14.0,28,1,CGGTTGATGGTGTATGGCAC,27,5253115
yqjE_yqjK_yqjD_yqjC_predicted,21.5,43,1,CGGTTAGCGGTAAGCACGCG,42,5205152
yqjE_yqjK_yqjD_yqjC_predicted,17.5,35,1,CGGTAGTTAAATTCGACTCT,34,5253332
yqjE_yqjK_yqjD_yqjC_predicted,13.0,26,1,CGGGGTGAGAGTACTTAACC,25,5231609
yqjE_yqjK_yqjD_yqjC_predicted,20.5,41,1,CGGGGTCACGTCCTGACTGT,40,5243295
yqjE_yqjK_yqjD_yqjC_predicted,23.5,47,1,CGGGGCATGCCATAGGCCGA,46,5214811
yqjE_yqjK_yqjD_yqjC_predicted,7.0,14,1,CGGGCGGTAAATGTGGTAGC,13,5205553
yqjE_yqjK_yqjD_yqjC_predicted,7.5,15,1,CGGGCAGTTCTTGAGTAGTG,14,5238789
yqjE_yqjK_yqjD_yqjC_predicted,1.5,3,1,CGGGAGTGCAGCTGAACCTA,2,5234664
yqjE_yqjK_yqjD_yqjC_predicted,38.5,77,1,CGGGAGAGTTGTCGTGGGAG,76,5214804
yqjE_yqjK_yqjD_yqjC_predicted,8.5,17,1,CGGGAAAGACAGACTCAGAG,16,5193462
yqjE_yqjK_yqjD_yqjC_predicted,13.0,26,1,CGGCTGCCGGTTGTCCGAGC,25,5187266
yqjE_yqjK_yqjD_yqjC_predicted,2.0,4,1,CGGCTATCAGACACGGACGA,3,5247724
yqjE_yqjK_yqjD_yqjC_predicted,15.5,31,1,CGGCGTTAGATACGTCATGT,30,5242685
yqjE_yqjK_yqjD_yqjC_predicted,25.5,51,1,CGGCAGCCAATGTAACCATC,50,5246320
yqjE_yqjK_yqjD_yqjC_predicted,8.5,17,1,CGGATCCACATACCTCCTCC,16,5232183
yqjE_yqjK_yqjD_yqjC_predicted,4.0,8,1,CGGATATAATAAAGTTTAGT,7,5211410
yqjE_yqjK_yqjD_yqjC_predicted,3.5,7,1,CGGAGTGACTTGGGTGTTAT,6,5205172
yqjE_yqjK_yqjD_yqjC_predicted,28.5,57,1,CGGAACGGTTCTGTACTAAT,56,5172116
yqjE_yqjK_yqjD_yqjC_predicted,15.5,31,1,CGGAAAAAATCATACCGTAC,30,5208142
yqjE_yqjK_yqjD_yqjC_predicted,84.0,168,1,CGCTTGGAAGCGACCCAGAG,167,5189666
yqjE_yqjK_yqjD_yqjC_predicted,7.0,14,1,CGCTTCGGGCCGGGTCCATG,13,5216591
yqjE_yqjK_yqjD_yqjC_predicted,3.0,6,1,CGCGCTGCTCCTACGTTAAT,5,5234796
yqjE_yqjK_yqjD_yqjC_predicted,39.0,78,1,CGCCGTTAGCAGCTGCCTTC,77,5197270
yqjE_yqjK_yqjD_yqjC_predicted,6.5,13,1,CGCCGCCTCGTCAAAAATAT,12,5171291
yqjE_yqjK_yqjD_yqjC_predicted,9.5,19,1,CGCCATTCGTGATGTGCAGA,18,5241580
yqjE_yqjK_yqjD_yqjC_predicted,3.5,7,1,CGCCAGTGGCAGCACGTGGA,6,5204628
yqjE_yqjK_yqjD_yqjC_predicted,7.0,14,1,CGCCAATCCCTCATCTTTCT,13,5195641
yqjE_yqjK_yqjD_yqjC_predicted,13.5,27,1,CGCCAACGTTCCATTAGCGG,26,5203660
yqjE_yqjK_yqjD_yqjC_predicted,18.5,37,1,CGCAGCAAGTCCGACGTTCA,36,5256366
yqjE_yqjK_yqjD_yqjC_predicted,30.5,61,1,CGCACTACGCCGCCTCACTT,60,5214092
yqjE_yqjK_yqjD_yqjC_predicted,14.0,28,1,CGATTTTGACCGCCTACATA,27,5220763
yqjE_yqjK_yqjD_yqjC_predicted,26.5,53,1,CGATGGAGAGCGTTGAACTT,52,5182236
yqjE_yqjK_yqjD_yqjC_predicted,5.0,10,1,CGATCCTATATATACTTGTG,9,5211133
yqjE_yqjK_yqjD_yqjC_predicted,10.5,21,1,CGATAAGCGCAAATATGTAA,20,5187224
yqjE_yqjK_yqjD_yqjC_predicted,12.5,25,1,CGAGTGTTTAGATGAATACT,24,5243428
yqjE_yqjK_yqjD_yqjC_predicted,20.5,41,1,CGAGTGTTATGTTCAGGATT,40,5251108
yqjE_yqjK_yqjD_yqjC_predicted,11.5,23,1,CGAGTGCAGTTCCAGATGAA,22,5184877
yqjE_yqjK_yqjD_yqjC_predicted,7.0,14,1,CGAGGGAAAGGTGTCTGCTC,13,5235950
yqjE_yqjK_yqjD_yqjC_predicted,7.5,15,1,CGAGAAAGCTCGAGAATCGT,14,5227644
yqjE_yqjK_yqjD_yqjC_predicted,12.5,25,1,CGACGACAAGCAGGATAAGG,24,5242160
yqjE_yqjK_yqjD_yqjC_predicted,16.5,33,1,CGACCGAGATATTCCTTGAC,32,5242048
yqjE_yqjK_yqjD_yqjC_predicted,15.0,30,1,CGACAGGGTCCTTAATTCTG,29,5217424
yqjE_yqjK_yqjD_yqjC_predicted,1.0,2,1,CGACACGAGACAGGGATGAA,1,5194069
yqjE_yqjK_yqjD_yqjC_predicted,1.0,2,1,CGAAGTATCCAGCTACGAGT,1,5231007
yqjE_yqjK_yqjD_yqjC_predicted,11.0,22,1,CGAAGAGTTACAGAACCATC,21,5232525
yqjE_yqjK_yqjD_yqjC_predicted,9.5,19,1,CGAACGCCAATCACTTCCAT,18,5192969
yqjE_yqjK_yqjD_yqjC_predicted,11.0,22,1,CGAAACGGATCATCGTCGAT,21,5180955
yqjE_yqjK_yqjD_yqjC_predicted,10.0,20,1,CCTTTTTTGTAGCGCAAGAC,19,5237413
yqjE_yqjK_yqjD_yqjC_predicted,14.5,29,1,CCTTTAGTCCGGGGGAAGGC,28,5237877
yqjE_yqjK_yqjD_yqjC_predicted,11.5,23,1,CCTTACCTATCGGCCGGTTC,22,5262295
yqjE_yqjK_yqjD_yqjC_predicted,6.5,13,1,CCTGGTTGTTTCCGTGTAAC,12,5241935
yqjE_yqjK_yqjD_yqjC_predicted,1.5,3,1,CCTGGCGTGGGCTAATTTGT,2,5173901
yqjE_yqjK_yqjD_yqjC_predicted,13.0,26,1,CCTCACTTTCAATAGTACTT,25,5171307
yqjE_yqjK_yqjD_yqjC_predicted,1.0,2,1,CCTCACTTCGAGGGCTTTGC,1,5189047
yqjE_yqjK_yqjD_yqjC_predicted,30.0,60,1,CCTCAAGGTGATTTGACGAT,59,5237607
yqjE_yqjK_yqjD_yqjC_predicted,15.5,31,1,CCTAGGTGGTTGCCGGACCA,30,5238727
yqjE_yqjK_yqjD_yqjC_predicted,5.5,11,1,CCTAAAAAGCTAAATTCGTC,10,5262942
yqjE_yqjK_yqjD_yqjC_predicted,10.5,21,1,CCGTGTCACTGGCACGGAAA,20,5262346
yqjE_yqjK_yqjD_yqjC_predicted,12.0,24,1,CCGTGCCTCCACGGCTGATG,23,5189604
yqjE_yqjK_yqjD_yqjC_predicted,8.0,16,1,CCGTCTCGACGCATTATGCA,15,5198792
yqjE_yqjK_yqjD_yqjC_predicted,7.5,15,1,CCGTCCGATGCCCACTTGGG,14,5237759
yqjE_yqjK_yqjD_yqjC_predicted,10.5,21,1,CCGTACCTCTCTTGCTCGCA,20,5228578
yqjE_yqjK_yqjD_yqjC_predicted,40.5,81,1,CCGGTTACCCTTGAAGATGC,80,5233820
yqjE_yqjK_yqjD_yqjC_predicted,3.0,6,1,CCGGGTCGTTATCGAATTTT,5,5209267
yqjE_yqjK_yqjD_yqjC_predicted,8.0,16,1,CCGGGGAAAGCCGGCGACTT,15,5204028
yqjE_yqjK_yqjD_yqjC_predicted,1.0,2,1,CCGGGCGCAGGACGCAGTAT,1,5255948
yqjE_yqjK_yqjD_yqjC_predicted,21.0,42,1,CCGGCCTCCGAGTTAAAGAA,41,5176714
yqjE_yqjK_yqjD_yqjC_predicted,1.0,2,1,CCGGCCGTCGCCGATAAAAG,1,5197057
yqjE_yqjK_yqjD_yqjC_predicted,15.5,31,1,CCGGCCGGTTTAATCAGCGA,30,5247733
yqjE_yqjK_yqjD_yqjC_predicted,12.0,24,1,CCGGCCCATGCTGCTCGTGT,23,5240160
yqjE_yqjK_yqjD_yqjC_predicted,11.5,23,1,CCGCTTCTGTCGATTCAGTC,22,5238495
yqjE_yqjK_yqjD_yqjC_predicted,9.5,19,1,CCGATGACGTACCTCCCGGA,18,5231955
yqjE_yqjK_yqjD_yqjC_predicted,4.5,9,1,CCGATAATTACATGCGTGGA,8,5247228
yqjE_yqjK_yqjD_yqjC_predicted,9.5,19,1,CCGAGGCCGTTACCTCGTGG,18,5220588
yqjE_yqjK_yqjD_yqjC_predicted,14.5,29,1,CCGAGCAAGCGAATTAGTGA,28,5207391
yqjE_yqjK_yqjD_yqjC_predicted,4.5,9,1,CCCTGGTGATGGAACGTTCA,8,5220839
yqjE_yqjK_yqjD_yqjC_predicted,13.0,26,1,CCCTGCGCTTGCGGGTGAAT,25,5245815
yqjE_yqjK_yqjD_yqjC_predicted,14.0,28,1,CCCTCTGGAGCACACTGAAA,27,5202548
yqjE_yqjK_yqjD_yqjC_predicted,9.0,18,1,CCCTCTCGAAGGGTCTAAAG,17,5223521
yqjE_yqjK_yqjD_yqjC_predicted,17.0,34,1,CCCTCGCTGGAATTGCTCTA,33,5238211
yqjE_yqjK_yqjD_yqjC_predicted,12.5,25,1,CCCGGTAGTAACTGAATATG,24,5181804
yqjE_yqjK_yqjD_yqjC_predicted,7.5,15,1,CCCGCCCAGTATGATGGTCA,14,5221628
yqjE_yqjK_yqjD_yqjC_predicted,14.5,29,1,CCCCTGGCGGGGAAACGTCC,28,5204277
yqjE_yqjK_yqjD_yqjC_predicted,11.5,23,1,CCCCTGCGTCTCTTTACGAC,22,5212826
yqjE_yqjK_yqjD_yqjC_predicted,21.0,42,1,CCCCGGTACAAGGTATTGCA,41,5247627
yqjE_yqjK_yqjD_yqjC_predicted,9.5,19,1,CCCAGATGCCCTGGCGCTCA,18,5231616
yqjE_yqjK_yqjD_yqjC_predicted,8.5,17,1,CCCAACGTACCGAACAGGGG,16,5232106
yqjE_yqjK_yqjD_yqjC_predicted,11.0,22,1,CCATTTGGGAAACGTACTCC,21,5247557
yqjE_yqjK_yqjD_yqjC_predicted,15.5,31,1,CCATGTGACTGAACACATTC,30,5194642
yqjE_yqjK_yqjD_yqjC_predicted,12.0,24,1,CCAGTGCGTCTGGTGCTCAC,23,5254298
yqjE_yqjK_yqjD_yqjC_predicted,11.5,23,1,CCAGCTGGGGAGAACAACTA,22,5223949
yqjE_yqjK_yqjD_yqjC_predicted,21.0,42,1,CCAGCGCGCAAGGCTTACTT,41,5224287
yqjE_yqjK_yqjD_yqjC_predicted,1.0,2,1,CCAGACAACATGAAGTTATT,1,5223125
yqjE_yqjK_yqjD_yqjC_predicted,10.0,20,1,CCAGAACTCCCTTGACGAAG,19,5185061
yqjE_yqjK_yqjD_yqjC_predicted,14.0,28,1,CCACTGTAGCTACAAATCGA,27,5244809
yqjE_yqjK_yqjD_yqjC_predicted,11.0,22,1,CCACTATCCGGCGGGCGTAG,21,5253387
yqjE_yqjK_yqjD_yqjC_predicted,4.5,9,1,CCACGAGCTTATGGGAGTAC,8,5213450
yqjE_yqjK_yqjD_yqjC_predicted,28.5,57,1,CCACACAGTTTACTTACAGG,56,5262597
yqjE_yqjK_yqjD_yqjC_predicted,6.5,13,1,CCACACAAAACAGCCAATGA,12,5197377
yqjE_yqjK_yqjD_yqjC_predicted,2.0,4,1,CCAAGCCTTTTTTTTTCGGC,3,5235698
yqjE_yqjK_yqjD_yqjC_predicted,2.0,4,1,CCAACGGCCGCGCCCGAGTT,3,5174257
yqjE_yqjK_yqjD_yqjC_predicted,11.5,23,1,CCAACGCACATCTACCTATC,22,5199615
yqjE_yqjK_yqjD_yqjC_predicted,12.5,25,1,CCAACCAGCGAGCTAGTTAA,24,5170960
yqjE_yqjK_yqjD_yqjC_predicted,13.5,27,1,CATTTGCCTGGGCACACACG,26,5179527
yqjE_yqjK_yqjD_yqjC_predicted,17.0,34,1,CATTCGCCACGCATTCAAGG,33,5211019
yqjE_yqjK_yqjD_yqjC_predicted,4.0,8,1,CATTCACAATCGCGGACAGC,7,5243398
yqjE_yqjK_yqjD_yqjC_predicted,9.0,18,1,CATTAGTCACCTCGGCAGTC,17,5254877
yqjE_yqjK_yqjD_yqjC_predicted,8.0,16,1,CATTAAGTTCTAGCCCATAG,15,5246295
yqjE_yqjK_yqjD_yqjC_predicted,6.5,13,1,CATTAAGGGGATTGAAATGC,12,5247775
yqjE_yqjK_yqjD_yqjC_predicted,3.5,7,1,CATGCGGGGTTCGGGTAGTC,6,5233870
yqjE_yqjK_yqjD_yqjC_predicted,12.5,25,1,CATGCCTGAGGCTCTCGCTA,24,5243229
yqjE_yqjK_yqjD_yqjC_predicted,14.0,28,1,CATGAACGTGCAGCGCTCCA,27,5248794
yqjE_yqjK_yqjD_yqjC_predicted,17.0,34,1,CATCTACGGACGACTCCGTA,33,5195513
yqjE_yqjK_yqjD_yqjC_predicted,34.5,69,1,CATCGTGGATATTAGAACTC,68,5214818
yqjE_yqjK_yqjD_yqjC_predicted,13.5,27,1,CATCATCGAAAGACGCCCTG,26,5252209
yqjE_yqjK_yqjD_yqjC_predicted,2.5,5,1,CATACCTACTAAGGTTTAAG,4,5191163
yqjE_yqjK_yqjD_yqjC_predicted,6.5,13,1,CATAATTCGCCCAGGCGATA,12,5201073
yqjE_yqjK_yqjD_yqjC_predicted,11.5,23,1,CAGTTGCTAAGCGTGAGACG,22,5227344
yqjE_yqjK_yqjD_yqjC_predicted,2.0,4,1,CAGTTGAAGTACTGGATAAT,3,5199249
yqjE_yqjK_yqjD_yqjC_predicted,17.0,34,1,CAGTGGGGTCGCTCGGAGGT,33,5253656
yqjE_yqjK_yqjD_yqjC_predicted,12.5,25,1,CAGTCAGCATGACGCCGGAC,24,5238356
yqjE_yqjK_yqjD_yqjC_predicted,1.5,3,1,CAGGGGATTGGCCGTGCGAT,2,5199863
yqjE_yqjK_yqjD_yqjC_predicted,8.0,16,1,CAGCTTGTTCCGTTTGACCT,15,5216986
yqjE_yqjK_yqjD_yqjC_predicted,11.0,22,1,CAGCGCACTTGGCGGAAGTA,21,5262872
yqjE_yqjK_yqjD_yqjC_predicted,8.5,17,1,CAGCATCGGTTTCCCATCTA,16,5238407
yqjE_yqjK_yqjD_yqjC_predicted,4.0,8,1,CAGCAGCAGTTTTGATCCAC,7,5244304
yqjE_yqjK_yqjD_yqjC_predicted,1.0,2,1,CAGATAATTCAGACCGCGAC,1,5229815
yqjE_yqjK_yqjD_yqjC_predicted,3.0,6,1,CACTACCTTCCCGGTGATGC,5,5262118
yqjE_yqjK_yqjD_yqjC_predicted,4.5,9,1,CACGTGGCAGTTTGCGGCTG,8,5185352
yqjE_yqjK_yqjD_yqjC_predicted,7.5,15,1,CACGGTAGCATGCAGACTCC,14,5199344
yqjE_yqjK_yqjD_yqjC_predicted,30.5,61,1,CACGGAGTTTGATGATGAGT,60,5247617
yqjE_yqjK_yqjD_yqjC_predicted,11.5,23,1,CACGCAAATTTGTTCACCGG,22,5172820
yqjE_yqjK_yqjD_yqjC_predicted,16.5,33,1,CACCGTCTATTCTTCCGCTC,32,5210185
yqjE_yqjK_yqjD_yqjC_predicted,19.0,38,1,CACATTCATCCGGGCATAAA,37,5186119
yqjE_yqjK_yqjD_yqjC_predicted,16.0,32,1,CACATAGAAAATCTTGGCTT,31,5223278
yqjE_yqjK_yqjD_yqjC_predicted,20.0,40,1,CACAATCGTCCTTTCTCTAC,39,5181986
yqjE_yqjK_yqjD_yqjC_predicted,8.0,16,1,CACAAACATAATCCCTCGGT,15,5249171
yqjE_yqjK_yqjD_yqjC_predicted,6.5,13,1,CAATTAAACCAATACCGGAC,12,5207130
yqjE_yqjK_yqjD_yqjC_predicted,1.0,2,1,CAATGCCTGGGATGTAAGCC,1,5184202
yqjE_yqjK_yqjD_yqjC_predicted,10.0,20,1,CAATCTTAAGTTCTCGTTTT,19,5249446
yqjE_yqjK_yqjD_yqjC_predicted,9.0,18,1,CAATAATCCAGCCCCCTTGT,17,5206199
yqjE_yqjK_yqjD_yqjC_predicted,5.0,10,1,CAAGTGCCACTCTCATCCTT,9,5209232
yqjE_yqjK_yqjD_yqjC_predicted,13.0,26,1,CAAGTAGCTGAGCTGGTGAC,25,5197126
yqjE_yqjK_yqjD_yqjC_predicted,34.0,68,1,CAAGGTAACGCCGGGTATTC,67,5253305
yqjE_yqjK_yqjD_yqjC_predicted,5.5,11,1,CAAGCACTAGCTCTAAGTTC,10,5189146
yqjE_yqjK_yqjD_yqjC_predicted,9.5,19,1,CAAGAATGCTGTGAGCGCAT,18,5253667
yqjE_yqjK_yqjD_yqjC_predicted,11.5,23,1,CAACTATAGGTCAAATGGCG,22,5201984
yqjE_yqjK_yqjD_yqjC_predicted,12.0,24,1,CAACGAAGTCGCTGCAACCG,23,5184971
yqjE_yqjK_yqjD_yqjC_predicted,5.5,11,1,CAACATCTATAGTCCTCAAT,10,5225103
yqjE_yqjK_yqjD_yqjC_predicted,1.0,2,1,CAAATTGTGGCGCGGGGGCG,1,5200021
yqjE_yqjK_yqjD_yqjC_predicted,21.5,43,1,CAAATGTGGTACGCAACGCG,42,5171340
yqjE_yqjK_yqjD_yqjC_predicted,24.0,48,1,CAAAGAGTATCCGTGCCGCT,47,5248313
yqjE_yqjK_yqjD_yqjC_predicted,6.5,13,1,CAAACTGTATAGTATTTCTA,12,5241938
yqjE_yqjK_yqjD_yqjC_predicted,7.0,14,1,ATTTGATATGTCATACATAA,13,5182910
yqjE_yqjK_yqjD_yqjC_predicted,16.5,33,1,ATTGTTGGTTTAGTTTTACC,32,5258157
yqjE_yqjK_yqjD_yqjC_predicted,7.5,15,1,ATTGCAGTCAAGAGGGCAAA,14,5208177
yqjE_yqjK_yqjD_yqjC_predicted,11.5,23,1,ATTAGCGAAAAGCTTATGTA,22,5247224
yqjE_yqjK_yqjD_yqjC_predicted,2.0,4,1,ATTACTTTTATTCACTCTTA,3,5249702
yqjE_yqjK_yqjD_yqjC_predicted,1.0,2,1,ATGTTCGGGGTGGCCCGGGG,1,5226657
yqjE_yqjK_yqjD_yqjC_predicted,19.5,39,1,ATGGTTCAATGTACGCTTCT,38,5179109
yqjE_yqjK_yqjD_yqjC_predicted,13.5,27,1,ATGGTCAGGCCTTAAATGAA,26,5244585
yqjE_yqjK_yqjD_yqjC_predicted,39.5,79,1,ATGGGCTCAAAGAAGCTAAA,78,5220843
yqjE_yqjK_yqjD_yqjC_predicted,3.5,7,1,ATGGGATAGTCATTCGACGT,6,5171767
yqjE_yqjK_yqjD_yqjC_predicted,1.0,2,1,ATGGCATTTACACAACCAGA,1,5183057
yqjE_yqjK_yqjD_yqjC_predicted,3.0,6,1,ATGGATCGATAATCTGACAT,5,5224825
yqjE_yqjK_yqjD_yqjC_predicted,13.5,27,1,ATGCGGAGCATACTGCTAGC,26,5208852
yqjE_yqjK_yqjD_yqjC_predicted,12.0,24,1,ATGCCGTCCAGTAGTGAACG,23,5255529
yqjE_yqjK_yqjD_yqjC_predicted,4.5,9,1,ATGAGCGGAAAGTTAACTTT,8,5185865
yqjE_yqjK_yqjD_yqjC_predicted,2.0,4,1,ATCGGTGTATCTCCCCTCAT,3,5214703
yqjE_yqjK_yqjD_yqjC_predicted,1.0,2,1,ATCGGTATCTTGTCCAAGTG,1,5239667
yqjE_yqjK_yqjD_yqjC_predicted,59.0,118,1,ATCAGCATATGTGACAAGCA,117,5257341
yqjE_yqjK_yqjD_yqjC_predicted,13.0,26,1,ATATTTGGAAAGTGAAAACT,25,5194004
yqjE_yqjK_yqjD_yqjC_predicted,18.0,36,1,ATATGTTATGGTATCTCGAA,35,5200291
yqjE_yqjK_yqjD_yqjC_predicted,10.5,21,1,ATATGTATCGATAGTATGAT,20,5198409
yqjE_yqjK_yqjD_yqjC_predicted,10.0,20,1,ATATCCCTCGTTCCCCTTGT,19,5180791
yqjE_yqjK_yqjD_yqjC_predicted,27.5,55,1,ATATAAGGCGAACAGTATGT,54,5227237
yqjE_yqjK_yqjD_yqjC_predicted,5.0,10,1,ATAGTCGCGTCATTCTGACT,9,5242683
yqjE_yqjK_yqjD_yqjC_predicted,9.0,18,1,ATAGGCGCATCGTGCGTAAG,17,5205043
yqjE_yqjK_yqjD_yqjC_predicted,11.5,23,1,ATAGGATATGAATTGTATAG,22,5198491
yqjE_yqjK_yqjD_yqjC_predicted,2.0,4,1,ATAAGTTTAATGCCTCACGT,3,5262494
yqjE_yqjK_yqjD_yqjC_predicted,3.5,7,1,ATAAATGAAATGGGGTACGG,6,5255619
yqjE_yqjK_yqjD_yqjC_predicted,7.5,15,1,AGTTGGTGTCAGGTTATCCT,14,5198930
yqjE_yqjK_yqjD_yqjC_predicted,7.5,15,1,AGTTCATTTGGAACCCGGGT,14,5200791
yqjE_yqjK_yqjD_yqjC_predicted,3.0,6,1,AGTTACAATTTGGTCTGACA,5,5202631
yqjE_yqjK_yqjD_yqjC_predicted,11.0,22,1,AGTGTATTGAAATGGGGAAT,21,5233019
yqjE_yqjK_yqjD_yqjC_predicted,6.0,12,1,AGTGCAAGGGTAAGAACCGT,11,5207488
yqjE_yqjK_yqjD_yqjC_predicted,4.0,8,1,AGTCTCTCTCTGAGCGCTTC,7,5200551
yqjE_yqjK_yqjD_yqjC_predicted,1.0,2,1,AGTCTCCGACGTAGGGAGCT,1,5260468
yqjE_yqjK_yqjD_yqjC_predicted,31.5,63,1,AGTACTGTACGCGCGCGGCC,62,5198192
yqjE_yqjK_yqjD_yqjC_predicted,6.0,12,1,AGTACGAAGAAGCCGGGAAG,11,5237173
yqjE_yqjK_yqjD_yqjC_predicted,7.0,14,1,AGTACCCAAATAAATTATGG,13,5197350
yqjE_yqjK_yqjD_yqjC_predicted,10.5,21,1,AGTACATACATGATCTGAAG,20,5193206
yqjE_yqjK_yqjD_yqjC_predicted,3.0,6,1,AGGTTTCGCTCGGAATCAGT,5,5209480
yqjE_yqjK_yqjD_yqjC_predicted,6.5,13,1,AGGTTACCTGGTACATCAAC,12,5204018
yqjE_yqjK_yqjD_yqjC_predicted,10.5,21,1,AGGTCCTGGTCGGTTGACAT,20,5175253
yqjE_yqjK_yqjD_yqjC_predicted,48.0,96,1,AGGTAGTAGCCCCCGAACTG,95,5181353
yqjE_yqjK_yqjD_yqjC_predicted,15.5,31,1,AGGTACGGCCGGGTTGAAGG,30,5208681
yqjE_yqjK_yqjD_yqjC_predicted,10.0,20,1,AGGGTTAGCTCGAGACAAAT,19,5245770
yqjE_yqjK_yqjD_yqjC_predicted,31.5,63,1,AGGGGCTATGGCTACGCAGG,62,5242082
yqjE_yqjK_yqjD_yqjC_predicted,16.0,32,1,AGGGCCTGGAGCAAGGTTAA,31,5228749
yqjE_yqjK_yqjD_yqjC_predicted,10.0,20,1,AGGGCCGAGGAATACATTTG,19,5196023
yqjE_yqjK_yqjD_yqjC_predicted,14.0,28,1,AGGCTGGAGTACTCGGCGCG,27,5178190
yqjE_yqjK_yqjD_yqjC_predicted,11.0,22,1,AGGAGGCCCAAACCTCAAGC,21,5210215
yqjE_yqjK_yqjD_yqjC_predicted,7.5,15,1,AGGAGCGGGAGGCGGAAGCA,14,5234069
yqjE_yqjK_yqjD_yqjC_predicted,6.5,13,1,AGCTTTGTCGATAAGACAGA,12,5252601
yqjE_yqjK_yqjD_yqjC_predicted,7.0,14,1,AGCTTACTATCCTAACCATT,13,5260442
yqjE_yqjK_yqjD_yqjC_predicted,5.0,10,1,AGCTGGTCGCGGACCGGTTC,9,5229568
yqjE_yqjK_yqjD_yqjC_predicted,7.0,14,1,AGCGGCCCTATGAAGCCATC,13,5229407
yqjE_yqjK_yqjD_yqjC_predicted,10.5,21,1,AGCGGATATAAACGGCACCT,20,5228886
yqjE_yqjK_yqjD_yqjC_predicted,10.5,21,1,AGCGATGTCTACCTAATCAA,20,5248349
yqjE_yqjK_yqjD_yqjC_predicted,4.0,8,1,AGCCTTAGCATTGCAAACTA,7,5247462
yqjE_yqjK_yqjD_yqjC_predicted,2.0,4,1,AGCCTAACTTCATCGTACAT,3,5250239
yqjE_yqjK_yqjD_yqjC_predicted,17.5,35,1,AGCCGGAGGGACGACGGGTT,34,5241772
yqjE_yqjK_yqjD_yqjC_predicted,45.5,91,1,AGCCGCATCAATCATCCTTA,90,5202014
yqjE_yqjK_yqjD_yqjC_predicted,14.0,28,1,AGCCGATAGAGCGATTAAAG,27,5217342
yqjE_yqjK_yqjD_yqjC_predicted,11.5,23,1,AGCCCTCCTGCTGAAGTCTG,22,5172066
yqjE_yqjK_yqjD_yqjC_predicted,58.0,116,1,AGCCCGTCACCTGCGATTAT,115,5187249
yqjE_yqjK_yqjD_yqjC_predicted,2.5,5,1,AGCATGAAGTCTGATCTAAT,4,5180723
yqjE_yqjK_yqjD_yqjC_predicted,20.5,41,1,AGCACTGTGGCATAAATCAG,40,5248099
yqjE_yqjK_yqjD_yqjC_predicted,11.5,23,1,AGCAACTCGAGAACATGGCC,22,5198130
yqjE_yqjK_yqjD_yqjC_predicted,15.0,30,1,AGATTATACAGGATTCCCGT,29,5175502
yqjE_yqjK_yqjD_yqjC_predicted,12.0,24,1,AGATGTCTTTACAAGTTGCT,23,5178351
yqjE_yqjK_yqjD_yqjC_predicted,11.5,23,1,AGATCAGGGTCTAGGAAGTT,22,5201114
yqjE_yqjK_yqjD_yqjC_predicted,12.0,24,1,AGAGCGCTTAAACCAATCAC,23,5255314
yqjE_yqjK_yqjD_yqjC_predicted,10.0,20,1,AGAGCCTGGGTGAGGTGTAC,19,5227999
yqjE_yqjK_yqjD_yqjC_predicted,5.0,10,1,AGACTCTGCGCTGCGTTTTT,9,5220858
yqjE_yqjK_yqjD_yqjC_predicted,11.5,23,1,AGACGAAAAATAAGGCTATC,22,5226454
yqjE_yqjK_yqjD_yqjC_predicted,6.0,12,1,AGAATGCGCTGCATGGAACT,11,5242057
yqjE_yqjK_yqjD_yqjC_predicted,6.5,13,1,AGAAGAAAAGCACTACTAGA,12,5214979
yqjE_yqjK_yqjD_yqjC_predicted,9.5,19,1,AGAAACACCCTTGGCAGGAC,18,5220118
yqjE_yqjK_yqjD_yqjC_predicted,59.5,119,1,ACTTTTACCCATTCCCAGTT,118,5220812
yqjE_yqjK_yqjD_yqjC_predicted,8.0,16,1,ACTTGAAATGCACACATTAA,15,5237698
yqjE_yqjK_yqjD_yqjC_predicted,17.0,34,1,ACTTCCGGCTTCCTCGGGCT,33,5237128
yqjE_yqjK_yqjD_yqjC_predicted,8.0,16,1,ACTTAGATTCCGATCTCTTT,15,5195273
yqjE_yqjK_yqjD_yqjC_predicted,17.5,35,1,ACTTAAATTCATATCTGTCA,34,5189460
yqjE_yqjK_yqjD_yqjC_predicted,13.0,26,1,ACTGTTTAGTGTACGCGAGC,25,5204140
yqjE_yqjK_yqjD_yqjC_predicted,5.5,11,1,ACTGTTGGGAACGTGCTCCT,10,5231963
yqjE_yqjK_yqjD_yqjC_predicted,12.0,24,1,ACTGTAGCAGCGAGCCTTCT,23,5201354
yqjE_yqjK_yqjD_yqjC_predicted,11.0,22,1,ACTGGTTCCTTCCGCCATAT,21,5175089
yqjE_yqjK_yqjD_yqjC_predicted,6.0,12,1,ACTGAGGAAGTTCGACCAGG,11,5223783
yqjE_yqjK_yqjD_yqjC_predicted,4.0,8,1,ACTCTTAATCTCCTTATTGC,7,5197079
yqjE_yqjK_yqjD_yqjC_predicted,31.5,63,1,ACTCGCCCATTCATCGCAAA,62,5237110
yqjE_yqjK_yqjD_yqjC_predicted,16.5,33,1,ACTCACCACAGATCAAGATA,32,5216884
yqjE_yqjK_yqjD_yqjC_predicted,11.0,22,1,ACGTGTTTCGGGGCATAGGG,21,5205607
yqjE_yqjK_yqjD_yqjC_predicted,20.5,41,1,ACGTGAAAAAGTTTCGCCAC,40,5229874
yqjE_yqjK_yqjD_yqjC_predicted,1.0,2,1,ACGGTAGCACAAGTAACAAG,1,5261820
yqjE_yqjK_yqjD_yqjC_predicted,1.5,3,1,ACGGGAGGGACTCACGATCC,2,5177582
yqjE_yqjK_yqjD_yqjC_predicted,16.0,32,1,ACGGCCACTCATGACGATTA,31,5240014
yqjE_yqjK_yqjD_yqjC_predicted,30.5,61,1,ACGCTAACTTGAGGTAAGCT,60,5214096
yqjE_yqjK_yqjD_yqjC_predicted,55.5,111,1,ACGCGCCGGTGAATAGGTGC,110,5191932
yqjE_yqjK_yqjD_yqjC_predicted,11.5,23,1,ACGCGCACATCAGGGTGCCC,22,5230176
yqjE_yqjK_yqjD_yqjC_predicted,5.0,10,1,ACGCGATCTAGAACTAGGAA,9,5251877
yqjE_yqjK_yqjD_yqjC_predicted,6.0,12,1,ACGATCGTACGTGGGCCGGT,11,5193262
yqjE_yqjK_yqjD_yqjC_predicted,6.5,13,1,ACGATCATGAGTAATATATG,12,5234915
yqjE_yqjK_yqjD_yqjC_predicted,10.0,20,1,ACCTGTACGTCCAGGGGGAC,19,5181896
yqjE_yqjK_yqjD_yqjC_predicted,1.0,2,1,ACCTCCTCTGTGACTTAAAG,1,5174510
yqjE_yqjK_yqjD_yqjC_predicted,10.0,20,1,ACCGGTCACGTCCTTGGAGC,19,5187495
yqjE_yqjK_yqjD_yqjC_predicted,3.5,7,1,ACCGGCCGCTACAGTTTGCC,6,5192773
yqjE_yqjK_yqjD_yqjC_predicted,9.0,18,1,ACCGCACGTTTCTGTAAGTG,17,5246672
yqjE_yqjK_yqjD_yqjC_predicted,1.5,3,1,ACCCTTTAACTCTTATACTA,2,5198561
yqjE_yqjK_yqjD_yqjC_predicted,11.5,23,1,ACCCGGACTATTGTTCTACT,22,5210389
yqjE_yqjK_yqjD_yqjC_predicted,10.5,21,1,ACCCATTTTATAAGTCCCCC,20,5188620
yqjE_yqjK_yqjD_yqjC_predicted,42.5,85,1,ACCAGCATAATCATGGTGCT,84,5231981
yqjE_yqjK_yqjD_yqjC_predicted,11.5,23,1,ACCAGCACTCGTCACTAGGT,22,5192795
yqjE_yqjK_yqjD_yqjC_predicted,9.0,18,1,ACATTCGGATCGATTTTTAA,17,5190651
yqjE_yqjK_yqjD_yqjC_predicted,17.5,35,1,ACATCTCTCCATCCTATACT,34,5200953
yqjE_yqjK_yqjD_yqjC_predicted,13.5,27,1,ACATCGAAATCTTAGGACGG,26,5171292
yqjE_yqjK_yqjD_yqjC_predicted,1.0,2,1,ACATATGCTGGCCCACCTTT,1,5190500
yqjE_yqjK_yqjD_yqjC_predicted,10.0,20,1,ACATACGTGTAAAACGGTGC,19,5223835
yqjE_yqjK_yqjD_yqjC_predicted,10.5,21,1,ACAGTACCTTACGTCATGTG,20,5241604
yqjE_yqjK_yqjD_yqjC_predicted,3.5,7,1,ACAGCTTTGAACAACCTCAT,6,5208096
yqjE_yqjK_yqjD_yqjC_predicted,12.5,25,1,ACACAGTCCCCCTCGACGAC,24,5259589
yqjE_yqjK_yqjD_yqjC_predicted,39.5,79,1,ACACAGCTTTCTATTCCACG,78,5238778
yqjE_yqjK_yqjD_yqjC_predicted,7.5,15,1,ACAATTGCAGTAGCTACGAA,14,5171709
yqjE_yqjK_yqjD_yqjC_predicted,2.5,5,1,ACAAGGGACTTCTATGTATA,4,5195211
yqjE_yqjK_yqjD_yqjC_predicted,11.0,22,1,ACAAGCGCATGTGAGCATTA,21,5172396
yqjE_yqjK_yqjD_yqjC_predicted,10.5,21,1,ACAACCTCTTGACAAAGCAA,20,5175477
yqjE_yqjK_yqjD_yqjC_predicted,16.0,32,1,ACAAAGTCCTTGGCGGGTCA,31,5247528
yqjE_yqjK_yqjD_yqjC_predicted,12.5,25,1,ACAAAGCCAGAGCCGCGTCG,24,5238442
yqjE_yqjK_yqjD_yqjC_predicted,25.5,51,1,ACAAAGACACCTGTTATCAA,50,5217608
yqjE_yqjK_yqjD_yqjC_predicted,22.5,45,1,AATTTGGAGACTCAGAGCGC,44,5247592
yqjE_yqjK_yqjD_yqjC_predicted,8.5,17,1,AATGGAGCCCCACTATTGAC,16,5226056
yqjE_yqjK_yqjD_yqjC_predicted,4.5,9,1,AATGGAATCTTCTTGTCAAT,8,5251934
yqjE_yqjK_yqjD_yqjC_predicted,6.5,13,1,AATCGTGGGACACTATCGAA,12,5193959
yqjE_yqjK_yqjD_yqjC_predicted,60.5,121,1,AATCGCCACTTGAAAGGACG,120,5254595
yqjE_yqjK_yqjD_yqjC_predicted,13.5,27,1,AATAGTGCACGACCCGACCA,26,5201299
yqjE_yqjK_yqjD_yqjC_predicted,13.0,26,1,AATAGGGTGCCGGGCAGTTC,25,5182293
yqjE_yqjK_yqjD_yqjC_predicted,21.5,43,1,AATACGGTCTAGGGGCATCA,42,5250611
yqjE_yqjK_yqjD_yqjC_predicted,20.5,41,1,AATAAGTTGCACAGCCTCAG,40,5186124
yqjE_yqjK_yqjD_yqjC_predicted,8.5,17,1,AAGTCCAATGATAGCCGCAA,16,5202187
yqjE_yqjK_yqjD_yqjC_predicted,11.0,22,1,AAGGTGGAAGACACGTACAT,21,5237393
yqjE_yqjK_yqjD_yqjC_predicted,14.0,28,1,AAGGCATGGACCTCACTATT,27,5185430
yqjE_yqjK_yqjD_yqjC_predicted,4.0,8,1,AAGATAACATGGGATACTCA,7,5217470
yqjE_yqjK_yqjD_yqjC_predicted,7.0,14,1,AAGAGGGTAAAATTCTTAAC,13,5248189
yqjE_yqjK_yqjD_yqjC_predicted,1.0,2,1,AAGAGGGCGACTAACATCAC,1,5171358
yqjE_yqjK_yqjD_yqjC_predicted,8.5,17,1,AAGAGGCGCCGAAAAAGGGT,16,5227305
yqjE_yqjK_yqjD_yqjC_predicted,5.5,11,1,AAGAGCATCCACACTCTTTC,10,5199132
yqjE_yqjK_yqjD_yqjC_predicted,6.0,12,1,AAGAACAGACAATTGAAGGC,11,5230946
yqjE_yqjK_yqjD_yqjC_predicted,1.5,3,1,AACTTCCAAGCCAGTAGTAC,2,5253782
yqjE_yqjK_yqjD_yqjC_predicted,16.0,32,1,AACTCCCGCGAAGTTTAGCA,31,5181959
yqjE_yqjK_yqjD_yqjC_predicted,4.5,9,1,AACTCAGATTTCAGTGTTTA,8,5243235
yqjE_yqjK_yqjD_yqjC_predicted,5.5,11,1,AACTATATAAAGATCCCTGT,10,5232163
yqjE_yqjK_yqjD_yqjC_predicted,6.5,13,1,AACGGAGCTCGGGCGAGGTT,12,5251525
yqjE_yqjK_yqjD_yqjC_predicted,6.5,13,1,AACGATTTAGGACGTGCGCG,12,5238206
yqjE_yqjK_yqjD_yqjC_predicted,18.5,37,1,AACCGTAGTCGCAATCTGTA,36,5237590
yqjE_yqjK_yqjD_yqjC_predicted,1.5,3,1,AACCGACGGCATGAACGACA,2,5179812
yqjE_yqjK_yqjD_yqjC_predicted,2.5,5,1,AACAGCACTCACGGAAAGTT,4,5207404
yqjE_yqjK_yqjD_yqjC_predicted,1.0,2,1,AACAATTATGCGGGGGACTG,1,5184537
yqjE_yqjK_yqjD_yqjC_predicted,1.0,2,1,AAATTACCATTGTGACAAGG,1,5183726
yqjE_yqjK_yqjD_yqjC_predicted,11.0,22,1,AAATGGTGGACGTCCCCGTG,21,5205144
yqjE_yqjK_yqjD_yqjC_predicted,18.0,36,1,AAATGCCTGAATGTGGCCCA,35,5243298
yqjE_yqjK_yqjD_yqjC_predicted,4.5,9,1,AAATCAGGTCCGTGTCGCAG,8,5198376
yqjE_yqjK_yqjD_yqjC_predicted,10.5,21,1,AAATAGTGTCCTTTCTCATC,20,5202372
yqjE_yqjK_yqjD_yqjC_predicted,3.0,6,1,AAAGTTCATAATCACAGCTG,5,5209218
yqjE_yqjK_yqjD_yqjC_predicted,8.5,17,1,AAAGCCGAGTAAAACATGAT,16,5243208
yqjE_yqjK_yqjD_yqjC_predicted,2.0,4,1,AAACACAGTACCCGCCTCGT,3,5227185
yqjE_yqjK_yqjD_yqjC_predicted,2.0,4,1,AAAATTGACAATACGCGCTT,3,5253196
yqjE_yqjK_yqjD_yqjC_predicted,14.0,28,1,AAAAGATCCCAAGTGCGTCT,27,5189702
yqjE_yqjK_yqjD_yqjC_predicted,11.0,22,1,AAAAATCAAATCCTCAAGTC,21,5207612
yqjE_yqjK_yqjD_yqjC_predicted,7.5,15,1,AAAAAGTCGATCGAAAAACC,14,5260047
yqjE_yqjK_yqjD_yqjC_predicted,0.01,99,99,GCAGGACGGAAAAACCCGGT,0,5224880
yqjE_yqjK_yqjD_yqjC_predicted,0.014925373134328358,66,66,CATAGGCACATTTACCGATA,0,5173747
yqjE_yqjK_yqjD_yqjC_predicted,0.015873015873015872,62,62,AAACCGAGTAAGGTGGCCAT,0,5207405
yqjE_yqjK_yqjD_yqjC_predicted,0.016129032258064516,61,61,TTCGACGCTTCGAACCCGCC,0,5171803
yqjE_yqjK_yqjD_yqjC_predicted,0.017241379310344827,57,57,CACCTGGCGACGCTCTGCGT,0,5227428
yqjE_yqjK_yqjD_yqjC_predicted,0.018867924528301886,52,52,CCAGGCTTCAGGTTTGGCAT,0,5214418
yqjE_yqjK_yqjD_yqjC_predicted,0.0196078431372549,50,50,TGGACACAGTGGGGACACCA,0,5258941
yqjE_yqjK_yqjD_yqjC_predicted,0.0196078431372549,50,50,AAAGGCCAGCTCCTCTCCGA,0,5205288
yqjE_yqjK_yqjD_yqjC_predicted,0.020833333333333332,47,47,TACCGAATTTCGCGTGGTGT,0,5208359
yqjE_yqjK_yqjD_yqjC_predicted,0.020833333333333332,47,47,ACACAGGGCCGTGAGTCACA,0,5196127
yqjE_yqjK_yqjD_yqjC_predicted,0.02127659574468085,46,46,TCCATAGGGTCGTTGGTTAT,0,5175370
yqjE_yqjK_yqjD_yqjC_predicted,0.02127659574468085,46,46,GTATAGCGCTCTTTCTAGTT,0,5225065
yqjE_yqjK_yqjD_yqjC_predicted,0.02127659574468085,46,46,ACTCCGCTGTAATTTCAAGT,0,5175640
yqjE_yqjK_yqjD_yqjC_predicted,0.02127659574468085,46,46,AATGCAGGGTCTGCACTAGG,0,5203357
yqjE_yqjK_yqjD_yqjC_predicted,0.022222222222222223,44,44,TCCGCTCACTAAAATTTCAG,0,5179144
yqjE_yqjK_yqjD_yqjC_predicted,0.023255813953488372,42,42,ATTTTCCTTTCTTGCTAAAG,0,5248519
yqjE_yqjK_yqjD_yqjC_predicted,0.023255813953488372,42,42,ATGTTAAGCTTGCACGGCAG,0,5215034
yqjE_yqjK_yqjD_yqjC_predicted,0.024390243902439025,40,40,CAAGCGGAGTGTTCAAGAAA,0,5186563
yqjE_yqjK_yqjD_yqjC_predicted,0.025,39,39,CGCTTGTCAGCTCCCACGAC,0,5175369
yqjE_yqjK_yqjD_yqjC_predicted,0.025,39,39,CCATCGCGTACCTTTAAGGG,0,5173289
yqjE_yqjK_yqjD_yqjC_predicted,0.02564102564102564,38,38,TAGCCGTTTGTGTCGGAGCA,0,5219926
yqjE_yqjK_yqjD_yqjC_predicted,0.02564102564102564,38,38,GGATTTATTGCGTATATTGT,0,5233383
yqjE_yqjK_yqjD_yqjC_predicted,0.02631578947368421,37,37,GTCCGGTCGGATAATATTAT,0,5187965
yqjE_yqjK_yqjD_yqjC_predicted,0.02631578947368421,37,37,GTCCAGTCTGGCACGGCAGA,0,5210534
yqjE_yqjK_yqjD_yqjC_predicted,0.02631578947368421,37,37,GGTTGATCATGCTATCATTA,0,5211468
yqjE_yqjK_yqjD_yqjC_predicted,0.02631578947368421,37,37,CGTCCAGACTATCAGACCGA,0,5178063
yqjE_yqjK_yqjD_yqjC_predicted,0.02702702702702703,36,36,GTATATTGATTGAGCAGTCC,0,5194682
yqjE_yqjK_yqjD_yqjC_predicted,0.02702702702702703,36,36,GTACCCTGCGGTAAAGGGCA,0,5174240
yqjE_yqjK_yqjD_yqjC_predicted,0.02702702702702703,36,36,GGCGACTTACGTGATGGTAA,0,5234750
yqjE_yqjK_yqjD_yqjC_predicted,0.02702702702702703,36,36,ATCTGTCCTCTCCCAGAGAG,0,5221007
yqjE_yqjK_yqjD_yqjC_predicted,0.02702702702702703,36,36,AGCACGTGCTCCTAATGGCT,0,5214931
yqjE_yqjK_yqjD_yqjC_predicted,0.02702702702702703,36,36,ACCGCGGCGCCCCAAGCAAT,0,5186059
yqjE_yqjK_yqjD_yqjC_predicted,0.027777777777777776,35,35,TTACAGGCAGTGGTGCTCCT,0,5216294
yqjE_yqjK_yqjD_yqjC_predicted,0.027777777777777776,35,35,TGATCGCTCGCGTTCAATTT,0,5216756
yqjE_yqjK_yqjD_yqjC_predicted,0.027777777777777776,35,35,TCCCTACAGAGTAATTCTAG,0,5212260
yqjE_yqjK_yqjD_yqjC_predicted,0.027777777777777776,35,35,GGAAGTAGAGTCGTGCCATG,0,5187842
yqjE_yqjK_yqjD_yqjC_predicted,0.027777777777777776,35,35,CCCGATTCGCCGCAGTCTAA,0,5187099
yqjE_yqjK_yqjD_yqjC_predicted,0.027777777777777776,35,35,ACCGGTTCTTCCGTCGAGAA,0,5238840
yqjE_yqjK_yqjD_yqjC_predicted,0.02857142857142857,34,34,GTGATTTAAAACTTGTACGG,0,5225983
yqjE_yqjK_yqjD_yqjC_predicted,0.02857142857142857,34,34,GGTGGGGGGCGGCGTGTGCA,0,5200745
yqjE_yqjK_yqjD_yqjC_predicted,0.02857142857142857,34,34,ATGGCAACCTATGCCCAGTC,0,5218453
yqjE_yqjK_yqjD_yqjC_predicted,0.029411764705882353,33,33,GGATAACAGGGAAGGGGCCT,0,5214235
yqjE_yqjK_yqjD_yqjC_predicted,0.029411764705882353,33,33,GAGCATGCCCTTAGGGCCGA,0,5184051
yqjE_yqjK_yqjD_yqjC_predicted,0.029411764705882353,33,33,CGCTTAACATTCCGCATTAT,0,5246793
yqjE_yqjK_yqjD_yqjC_predicted,0.029411764705882353,33,33,AGTTTCAAACGAAGGCAAGA,0,5248941
yqjE_yqjK_yqjD_yqjC_predicted,0.030303030303030304,32,32,ACAACCTCGCGACAGTACGC,0,5176093
yqjE_yqjK_yqjD_yqjC_predicted,0.03125,31,31,TTTGAATCATGTCTATTAAG,0,5176814
yqjE_yqjK_yqjD_yqjC_predicted,0.03125,31,31,TTTCTTAACCAATCATTGTG,0,5171862
yqjE_yqjK_yqjD_yqjC_predicted,0.03125,31,31,TACACTAAGTCCTGGAGTGT,0,5217158
yqjE_yqjK_yqjD_yqjC_predicted,0.03125,31,31,GGGTTTTCCTAGTTCTAGCT,0,5203435
yqjE_yqjK_yqjD_yqjC_predicted,0.03125,31,31,GGGGCAACTGTGCTGGCATA,0,5183977
yqjE_yqjK_yqjD_yqjC_predicted,0.03125,31,31,GGCGTAGGGACTAGCTCTGC,0,5176023
yqjE_yqjK_yqjD_yqjC_predicted,0.03125,31,31,GAGTCTGCGGGTGATAGTGT,0,5177691
yqjE_yqjK_yqjD_yqjC_predicted,0.03125,31,31,CCGGGTATAGAATCGGTAAT,0,5251723
yqjE_yqjK_yqjD_yqjC_predicted,0.03125,31,31,CCAAGGCACGATGCCGAGGA,0,5174195
yqjE_yqjK_yqjD_yqjC_predicted,0.03225806451612903,30,30,TTAGAGCCGTTAAAGAACTA,0,5201890
yqjE_yqjK_yqjD_yqjC_predicted,0.03225806451612903,30,30,TCAAATGACTGTATCTATGA,0,5218054
yqjE_yqjK_yqjD_yqjC_predicted,0.03225806451612903,30,30,TAGGGCCAGGACGATAGCCA,0,5194421
yqjE_yqjK_yqjD_yqjC_predicted,0.03225806451612903,30,30,TAACCAGCTGAGTGGTTCAT,0,5177023
yqjE_yqjK_yqjD_yqjC_predicted,0.03225806451612903,30,30,GTGTTAGCCCAGAGTGTCCA,0,5208291
yqjE_yqjK_yqjD_yqjC_predicted,0.03225806451612903,30,30,GTCCGGCCCAAGGTCCCGCA,0,5188717
yqjE_yqjK_yqjD_yqjC_predicted,0.03225806451612903,30,30,GGCTAGACACTCTATACACG,0,5222898
yqjE_yqjK_yqjD_yqjC_predicted,0.03225806451612903,30,30,GCGAAGTGGGCCACTACGAT,0,5179107
yqjE_yqjK_yqjD_yqjC_predicted,0.03225806451612903,30,30,GAGTGGCGTTAAAAGATCCA,0,5205252
yqjE_yqjK_yqjD_yqjC_predicted,0.03225806451612903,30,30,CGTGCCATGTCCGTAAACAT,0,5172469
yqjE_yqjK_yqjD_yqjC_predicted,0.03225806451612903,30,30,CGGCTTGAAGCACTAAGCTA,0,5186562
yqjE_yqjK_yqjD_yqjC_predicted,0.03225806451612903,30,30,CGGCAGCTTGATCCTGGTTT,0,5176096
yqjE_yqjK_yqjD_yqjC_predicted,0.03225806451612903,30,30,CGCTTTTTACCCGTGAATAA,0,5215062
yqjE_yqjK_yqjD_yqjC_predicted,0.03225806451612903,30,30,CAGTGGGTTAGCGCCCAGAC,0,5186486
yqjE_yqjK_yqjD_yqjC_predicted,0.03225806451612903,30,30,AATATTCACATGCATAACGT,0,5256801
yqjE_yqjK_yqjD_yqjC_predicted,0.03225806451612903,30,30,AAGGTAAATTCTTTAGTGAA,0,5260800
yqjE_yqjK_yqjD_yqjC_predicted,0.03225806451612903,30,30,AACCCTCTGCTATTTAACTG,0,5230055
yqjE_yqjK_yqjD_yqjC_predicted,0.03333333333333333,29,29,TTCATCACTTGTTAAGTTAA,0,5235140
yqjE_yqjK_yqjD_yqjC_predicted,0.03333333333333333,29,29,GGTACATGCATCCGTTACCG,0,5201133
yqjE_yqjK_yqjD_yqjC_predicted,0.03333333333333333,29,29,GCACTCAAGGAAAACGCTCA,0,5231222
yqjE_yqjK_yqjD_yqjC_predicted,0.03333333333333333,29,29,GATTGCCTAAGCTTAGTGGT,0,5207103
yqjE_yqjK_yqjD_yqjC_predicted,0.03333333333333333,29,29,GATGCTATTGGGCGCTGGGT,0,5213055
yqjE_yqjK_yqjD_yqjC_predicted,0.03333333333333333,29,29,CGGGAGACGAACCAGAGACA,0,5203664
yqjE_yqjK_yqjD_yqjC_predicted,0.03333333333333333,29,29,CGGACTGCGGCGTTAGCCCA,0,5217849
yqjE_yqjK_yqjD_yqjC_predicted,0.03333333333333333,29,29,AGCTTCGAAAGGTTCCTGGA,0,5217754
yqjE_yqjK_yqjD_yqjC_predicted,0.03333333333333333,29,29,ACCTCTCGACACAAGGCATT,0,5253417
yqjE_yqjK_yqjD_yqjC_predicted,0.03333333333333333,29,29,AACGGCCATCGGCACTGCTT,0,5214403
yqjE_yqjK_yqjD_yqjC_predicted,0.034482758620689655,28,28,GTTTTTGTCGTGGACAAAGG,0,5175084
yqjE_yqjK_yqjD_yqjC_predicted,0.034482758620689655,28,28,GTGCACTTATGGGCTGGGGT,0,5233120
yqjE_yqjK_yqjD_yqjC_predicted,0.034482758620689655,28,28,GTCCTTACCGGCGAATAGAT,0,5259194
yqjE_yqjK_yqjD_yqjC_predicted,0.034482758620689655,28,28,GGGTAGATCGAATGGCTGAG,0,5209103
yqjE_yqjK_yqjD_yqjC_predicted,0.034482758620689655,28,28,GCGAAATGGTCCGCCGTTTA,0,5230604
yqjE_yqjK_yqjD_yqjC_predicted,0.034482758620689655,28,28,CCACGGGGCGGTACATAACT,0,5190218
yqjE_yqjK_yqjD_yqjC_predicted,0.034482758620689655,28,28,ACTGACATATAGGCTGACTG,0,5218098
yqjE_yqjK_yqjD_yqjC_predicted,0.034482758620689655,28,28,ACTCATAGTATGAAATTTTG,0,5245354
yqjE_yqjK_yqjD_yqjC_predicted,0.03571428571428571,27,27,TCTGGGTGTGGTTTAACCAG,0,5261438
yqjE_yqjK_yqjD_yqjC_predicted,0.03571428571428571,27,27,TCCAGCAACCGCGCTGGATC,0,5260539
yqjE_yqjK_yqjD_yqjC_predicted,0.03571428571428571,27,27,TATCTGCGTCCAACTGGTCA,0,5230575
yqjE_yqjK_yqjD_yqjC_predicted,0.03571428571428571,27,27,GTTTGGTCACTCACGTCCAA,0,5239724
yqjE_yqjK_yqjD_yqjC_predicted,0.03571428571428571,27,27,GTTAACTACAGCTTTAATGA,0,5248532
yqjE_yqjK_yqjD_yqjC_predicted,0.03571428571428571,27,27,GTGTCCTCCACCGGCCAGTA,0,5209790
yqjE_yqjK_yqjD_yqjC_predicted,0.03571428571428571,27,27,GACGTTCCGTCGATCTCGCT,0,5243835
yqjE_yqjK_yqjD_yqjC_predicted,0.03571428571428571,27,27,CGTGAAAAGCCAGGCGTCTA,0,5180318
yqjE_yqjK_yqjD_yqjC_predicted,0.03571428571428571,27,27,CGAGACTGCGAGCTTGCCGT,0,5213063
yqjE_yqjK_yqjD_yqjC_predicted,0.03571428571428571,27,27,CATAAGTGCCGGAAGGCGGT,0,5192882
yqjE_yqjK_yqjD_yqjC_predicted,0.03571428571428571,27,27,ATGCTCGCCGGTTACCCGTG,0,5194728
yqjE_yqjK_yqjD_yqjC_predicted,0.03571428571428571,27,27,ATCACGGGGCTTAGGACGCT,0,5228979
yqjE_yqjK_yqjD_yqjC_predicted,0.037037037037037035,26,26,TCGTCCTTGGTCTGCCTATT,0,5175316
yqjE_yqjK_yqjD_yqjC_predicted,0.037037037037037035,26,26,TCCACGGATTGGTAACGCCC,0,5196382
yqjE_yqjK_yqjD_yqjC_predicted,0.037037037037037035,26,26,GTACCCCGGTGAGTCTGAGA,0,5239602
yqjE_yqjK_yqjD_yqjC_predicted,0.037037037037037035,26,26,GGTATTATGTGGCATACAAA,0,5242855
yqjE_yqjK_yqjD_yqjC_predicted,0.037037037037037035,26,26,GAAGCAGGCCTGTTCGATTC,0,5202803
yqjE_yqjK_yqjD_yqjC_predicted,0.037037037037037035,26,26,CTCACAATCTTAGAGATGAT,0,5184053
yqjE_yqjK_yqjD_yqjC_predicted,0.037037037037037035,26,26,CGTTGGCGTTTGGGCTATGG,0,5186233
yqjE_yqjK_yqjD_yqjC_predicted,0.037037037037037035,26,26,CGGTTTGACTTTACCCTACC,0,5179984
yqjE_yqjK_yqjD_yqjC_predicted,0.037037037037037035,26,26,CATGAACATGCCCTTCAAGT,0,5207543
yqjE_yqjK_yqjD_yqjC_predicted,0.037037037037037035,26,26,ATGTTTTTGTAGGCTCCACA,0,5239882
yqjE_yqjK_yqjD_yqjC_predicted,0.037037037037037035,26,26,AGGACGCCTGTATCAGCAAA,0,5215037
yqjE_yqjK_yqjD_yqjC_predicted,0.037037037037037035,26,26,AATGCAGGACTCGGTTTGGC,0,5194369
yqjE_yqjK_yqjD_yqjC_predicted,0.037037037037037035,26,26,AACCGGGTAGCAAATCGGCG,0,5252632
yqjE_yqjK_yqjD_yqjC_predicted,0.038461538461538464,25,25,TTCCCAGAGTCGGTCAGGGT,0,5210664
yqjE_yqjK_yqjD_yqjC_predicted,0.038461538461538464,25,25,TTAGACTACGCCTAAAATAC,0,5229838
yqjE_yqjK_yqjD_yqjC_predicted,0.038461538461538464,25,25,GTTTCTAGTTAGGGTGTGTT,0,5189921
yqjE_yqjK_yqjD_yqjC_predicted,0.038461538461538464,25,25,GTCGGCGATACATCCGGGTA,0,5195879
yqjE_yqjK_yqjD_yqjC_predicted,0.038461538461538464,25,25,GGGGATAAAGCGGGTTTCGC,0,5193618
yqjE_yqjK_yqjD_yqjC_predicted,0.038461538461538464,25,25,GATGGAAACCAGTTTGGCGG,0,5216330
yqjE_yqjK_yqjD_yqjC_predicted,0.038461538461538464,25,25,CGTGAAGTTGGCAGCTCGAA,0,5183186
yqjE_yqjK_yqjD_yqjC_predicted,0.038461538461538464,25,25,CGCCGTCACTACCCGAAGCA,0,5196587
yqjE_yqjK_yqjD_yqjC_predicted,0.038461538461538464,25,25,CCGGCGGTCCTCCAAGGTCT,0,5190922
yqjE_yqjK_yqjD_yqjC_predicted,0.038461538461538464,25,25,CATTGCACTAAACAAGTATT,0,5217029
yqjE_yqjK_yqjD_yqjC_predicted,0.038461538461538464,25,25,ATTTCCCCTTCCGTGAAAGT,0,5225245
yqjE_yqjK_yqjD_yqjC_predicted,0.038461538461538464,25,25,ATGACTGGTTGCAGGCCGGT,0,5240139
yqjE_yqjK_yqjD_yqjC_predicted,0.038461538461538464,25,25,ATATCAGTTCACCTTCTAGA,0,5206809
yqjE_yqjK_yqjD_yqjC_predicted,0.038461538461538464,25,25,AGCATAGTAAGGGACCTTTG,0,5187841
yqjE_yqjK_yqjD_yqjC_predicted,0.038461538461538464,25,25,AATCTGGTTGATGGGATGCT,0,5194917
yqjE_yqjK_yqjD_yqjC_predicted,0.04,24,24,TTCCACACTCCCGATGATGT,0,5229380
yqjE_yqjK_yqjD_yqjC_predicted,0.04,24,24,TGTTCACCATGAAACTACAT,0,5203177
yqjE_yqjK_yqjD_yqjC_predicted,0.04,24,24,TCATGAAAACGCTCTCGTGG,0,5254339
yqjE_yqjK_yqjD_yqjC_predicted,0.04,24,24,TAGATATTGAGCTGGAACCT,0,5211789
yqjE_yqjK_yqjD_yqjC_predicted,0.04,24,24,TAACAGAGTGCGTCTGCAGG,0,5228486
yqjE_yqjK_yqjD_yqjC_predicted,0.04,24,24,GTAGTAGGACAGACCAAACT,0,5171041
yqjE_yqjK_yqjD_yqjC_predicted,0.04,24,24,GGGATGACACTCGGAGGGCG,0,5217155
yqjE_yqjK_yqjD_yqjC_predicted,0.04,24,24,GGAAACTTCGTCGTGACGAT,0,5196508
yqjE_yqjK_yqjD_yqjC_predicted,0.04,24,24,GCCAGCCCGGACTGGGCAAG,0,5255410
yqjE_yqjK_yqjD_yqjC_predicted,0.04,24,24,GACACTCGCTGGGTATCTCG,0,5258174
yqjE_yqjK_yqjD_yqjC_predicted,0.04,24,24,CTCTACGACCCGATGCGGAG,0,5191135
yqjE_yqjK_yqjD_yqjC_predicted,0.04,24,24,CTCGTCATCACCGTTAGATT,0,5238993
yqjE_yqjK_yqjD_yqjC_predicted,0.04,24,24,CTAGTTGGAGAAGGGCTAAT,0,5212446
yqjE_yqjK_yqjD_yqjC_predicted,0.04,24,24,CTACAACGTGGAGGCAGGCA,0,5250476
yqjE_yqjK_yqjD_yqjC_predicted,0.04,24,24,CGGATTAAGTGGTCAATAAT,0,5221145
yqjE_yqjK_yqjD_yqjC_predicted,0.04,24,24,CCCGTTCGTGGTGACATTGG,0,5202800
yqjE_yqjK_yqjD_yqjC_predicted,0.04,24,24,CCCGGGAGGATCAACTGGCA,0,5246071
yqjE_yqjK_yqjD_yqjC_predicted,0.04,24,24,CCCGACAGAGACTGGAGCTT,0,5203439
yqjE_yqjK_yqjD_yqjC_predicted,0.04,24,24,CAAGCTGTTGGCTCGCCGGT,0,5224095
yqjE_yqjK_yqjD_yqjC_predicted,0.04,24,24,ATTTGTGTCCTTGCGAAGTA,0,5260506
yqjE_yqjK_yqjD_yqjC_predicted,0.04,24,24,ATTGCATAGCTCCTTGAAAT,0,5241332
yqjE_yqjK_yqjD_yqjC_predicted,0.04,24,24,ATGGCATCACGTCAGCCAAA,0,5179897
yqjE_yqjK_yqjD_yqjC_predicted,0.04,24,24,ATATGTCGTAACTACTACAG,0,5208552
yqjE_yqjK_yqjD_yqjC_predicted,0.04,24,24,ATACTGTCGATACGTCGCGT,0,5239803
yqjE_yqjK_yqjD_yqjC_predicted,0.04,24,24,AATCTTTCTGTCTCAGGGCA,0,5203762
yqjE_yqjK_yqjD_yqjC_predicted,0.04,24,24,AAGTGGTAAAGCTACCTTTA,0,5252653
yqjE_yqjK_yqjD_yqjC_predicted,0.041666666666666664,23,23,TTTAATAAAGGGCTCCGGTT,0,5237991
yqjE_yqjK_yqjD_yqjC_predicted,0.041666666666666664,23,23,TTGCCTTGGTAAATGGTCGT,0,5222901
yqjE_yqjK_yqjD_yqjC_predicted,0.041666666666666664,23,23,TGTAGCCCCCTGCCCAACAA,0,5236778
yqjE_yqjK_yqjD_yqjC_predicted,0.041666666666666664,23,23,TGAACATTGTGCTGCGGAGT,0,5185516
yqjE_yqjK_yqjD_yqjC_predicted,0.041666666666666664,23,23,GTGCGTTTTTCCATGTCCTC,0,5208638
yqjE_yqjK_yqjD_yqjC_predicted,0.041666666666666664,23,23,GTCGGCTGCGCTGGGGTGTT,0,5198947
yqjE_yqjK_yqjD_yqjC_predicted,0.041666666666666664,23,23,GTCGCAAGTTCCTTGTGTAT,0,5221009
yqjE_yqjK_yqjD_yqjC_predicted,0.041666666666666664,23,23,GGTGGCGGAGACGACCGCTT,0,5204518
yqjE_yqjK_yqjD_yqjC_predicted,0.041666666666666664,23,23,GGGGGATCATACTTACGTAC,0,5240516
yqjE_yqjK_yqjD_yqjC_predicted,0.041666666666666664,23,23,GCGTATATCTATGTTACGAG,0,5222785
yqjE_yqjK_yqjD_yqjC_predicted,0.041666666666666664,23,23,GCGGGTCTTAGAGTGTGTCA,0,5211275
yqjE_yqjK_yqjD_yqjC_predicted,0.041666666666666664,23,23,GCGCAAATCCACACGCGTAG,0,5255682
yqjE_yqjK_yqjD_yqjC_predicted,0.041666666666666664,23,23,GATCAGGGTAGGACCGGTTT,0,5174337
yqjE_yqjK_yqjD_yqjC_predicted,0.041666666666666664,23,23,CTATGTGCCGAAACGTTCAT,0,5205229
yqjE_yqjK_yqjD_yqjC_predicted,0.041666666666666664,23,23,CTAGTTGAGGACCTCTTAAA,0,5218036
yqjE_yqjK_yqjD_yqjC_predicted,0.041666666666666664,23,23,CGTTTAACTATTGGGCAGAT,0,5185111
yqjE_yqjK_yqjD_yqjC_predicted,0.041666666666666664,23,23,CGCTCCACGTATACGTGTGA,0,5199481
yqjE_yqjK_yqjD_yqjC_predicted,0.041666666666666664,23,23,CGCTCAATGCGACTAGCTAT,0,5243533
yqjE_yqjK_yqjD_yqjC_predicted,0.041666666666666664,23,23,CGCGTTAACTGGATCCACGT,0,5222252
yqjE_yqjK_yqjD_yqjC_predicted,0.041666666666666664,23,23,CGAAATACCCCGCCCTATCA,0,5186566
yqjE_yqjK_yqjD_yqjC_predicted,0.041666666666666664,23,23,CCGCTTTGGCTAAGTATGTA,0,5255512
yqjE_yqjK_yqjD_yqjC_predicted,0.041666666666666664,23,23,CAGAGCGTGTGTCTACACGT,0,5227404
yqjE_yqjK_yqjD_yqjC_predicted,0.041666666666666664,23,23,CAACCGGGTATAAGGAAACA,0,5180190
yqjE_yqjK_yqjD_yqjC_predicted,0.041666666666666664,23,23,ATCTGGGCTTGAAGGACCAA,0,5205663
yqjE_yqjK_yqjD_yqjC_predicted,0.041666666666666664,23,23,ATATCTGTTAACATTTGTGA,0,5178637
yqjE_yqjK_yqjD_yqjC_predicted,0.041666666666666664,23,23,AGGGGTTTACATGAGGCATA,0,5207310
yqjE_yqjK_yqjD_yqjC_predicted,0.041666666666666664,23,23,ACTTCGGCGGGGTAACACTT,0,5186827
yqjE_yqjK_yqjD_yqjC_predicted,0.041666666666666664,23,23,ACTAGGTGCTTTGGGTCTAA,0,5184566
yqjE_yqjK_yqjD_yqjC_predicted,0.041666666666666664,23,23,ACATCGAACATGATCTGGGT,0,5239684
yqjE_yqjK_yqjD_yqjC_predicted,0.041666666666666664,23,23,AATAAAGAACCGCACTTCCA,0,5205647
yqjE_yqjK_yqjD_yqjC_predicted,0.041666666666666664,23,23,AAGCTTGTGGGGCGGGGATA,0,5201143
yqjE_yqjK_yqjD_yqjC_predicted,0.041666666666666664,23,23,AACCATTACGGATGTGCGGG,0,5235480
yqjE_yqjK_yqjD_yqjC_predicted,0.043478260869565216,22,22,TTTCCTCCGCCAGTGAGGAT,0,5260718
yqjE_yqjK_yqjD_yqjC_predicted,0.043478260869565216,22,22,TTTAGGCTGGCATGGTAATT,0,5230571
yqjE_yqjK_yqjD_yqjC_predicted,0.043478260869565216,22,22,TTGTAGTTCCCGGTGCTAAA,0,5198025
yqjE_yqjK_yqjD_yqjC_predicted,0.043478260869565216,22,22,TGGGTCTTGGATTCAGGAAA,0,5217153
yqjE_yqjK_yqjD_yqjC_predicted,0.043478260869565216,22,22,TATGCGCTGTAGAGGCTTCA,0,5180023
yqjE_yqjK_yqjD_yqjC_predicted,0.043478260869565216,22,22,TATCCAAATGGTATGCGCTA,0,5202137
yqjE_yqjK_yqjD_yqjC_predicted,0.043478260869565216,22,22,TACTTTACCCTAGCAACTTG,0,5229691
yqjE_yqjK_yqjD_yqjC_predicted,0.043478260869565216,22,22,GCGCATAGGCGTAGGGGGTT,0,5245306
yqjE_yqjK_yqjD_yqjC_predicted,0.043478260869565216,22,22,GCCCGCAGAATTCAGGACGG,0,5190226
yqjE_yqjK_yqjD_yqjC_predicted,0.043478260869565216,22,22,GCACCGAAATATTCTAATAC,0,5225170
yqjE_yqjK_yqjD_yqjC_predicted,0.043478260869565216,22,22,GATAAGGGGGTGACGATTCT,0,5186872
yqjE_yqjK_yqjD_yqjC_predicted,0.043478260869565216,22,22,GAGTCTTAGCAGACGAACAC,0,5242017
yqjE_yqjK_yqjD_yqjC_predicted,0.043478260869565216,22,22,GAGTACTGTGATGGGTGCCC,0,5187750
yqjE_yqjK_yqjD_yqjC_predicted,0.043478260869565216,22,22,CTTCTGCTCAAAACGGGACG,0,5249143
yqjE_yqjK_yqjD_yqjC_predicted,0.043478260869565216,22,22,CTAGTGCAGCTTATACAAGG,0,5194984
yqjE_yqjK_yqjD_yqjC_predicted,0.043478260869565216,22,22,CTAATTTAGTTTCGGCGTTT,0,5235016
yqjE_yqjK_yqjD_yqjC_predicted,0.043478260869565216,22,22,CGTTGTCGGACGCGTGGAAA,0,5244876
yqjE_yqjK_yqjD_yqjC_predicted,0.043478260869565216,22,22,CGGCGAAAGTACAGAGGTCA,0,5222375
yqjE_yqjK_yqjD_yqjC_predicted,0.043478260869565216,22,22,CGACTAAGAGAAGTCGCATT,0,5223057
yqjE_yqjK_yqjD_yqjC_predicted,0.043478260869565216,22,22,CCCCCTAACAATTAAATGTG,0,5225258
yqjE_yqjK_yqjD_yqjC_predicted,0.043478260869565216,22,22,CAGTCCATCTCCGGACCCGA,0,5196810
yqjE_yqjK_yqjD_yqjC_predicted,0.043478260869565216,22,22,CAAGAAACGGGGGATTTCGC,0,5194183
yqjE_yqjK_yqjD_yqjC_predicted,0.043478260869565216,22,22,ATTAGTGACGGGAAGTGGAG,0,5232008
yqjE_yqjK_yqjD_yqjC_predicted,0.043478260869565216,22,22,ATGGTCATCCCCAAGGGCCT,0,5173406
yqjE_yqjK_yqjD_yqjC_predicted,0.043478260869565216,22,22,ATCTCCCCTGCAGTGGCGAA,0,5208292
yqjE_yqjK_yqjD_yqjC_predicted,0.043478260869565216,22,22,ATAGTCGTCAGTAAATAAGT,0,5172565
yqjE_yqjK_yqjD_yqjC_predicted,0.043478260869565216,22,22,AGTGGTGACTTCGCCGCTGA,0,5230469
yqjE_yqjK_yqjD_yqjC_predicted,0.043478260869565216,22,22,AGGCAATGGTGCCGTAAGAC,0,5252703
yqjE_yqjK_yqjD_yqjC_predicted,0.043478260869565216,22,22,AGCTACTGGGTAACCTAAAT,0,5259644
yqjE_yqjK_yqjD_yqjC_predicted,0.043478260869565216,22,22,AATGCTCGAGTTAGCGTTAG,0,5185847
yqjE_yqjK_yqjD_yqjC_predicted,0.043478260869565216,22,22,AAGTAAGGGGTGCGTCGGGA,0,5230497
yqjE_yqjK_yqjD_yqjC_predicted,0.043478260869565216,22,22,AAGAAGACGCCAGAGCAGAC,0,5200692
yqjE_yqjK_yqjD_yqjC_predicted,0.043478260869565216,22,22,AAGAAACGGGTGCCCATTTT,0,5177932
yqjE_yqjK_yqjD_yqjC_predicted,0.045454545454545456,21,21,TTTTGTCATCCGATTCAGCT,0,5219575
yqjE_yqjK_yqjD_yqjC_predicted,0.045454545454545456,21,21,TTTATCCCGTTTGCGCTCGA,0,5213475
yqjE_yqjK_yqjD_yqjC_predicted,0.045454545454545456,21,21,TTCGCTAGTTTTCGCGGATT,0,5246405
yqjE_yqjK_yqjD_yqjC_predicted,0.045454545454545456,21,21,TGGGTTATTGCATACTGGCC,0,5232560
yqjE_yqjK_yqjD_yqjC_predicted,0.045454545454545456,21,21,TGCTTAGCCTTATTACCACA,0,5173086
yqjE_yqjK_yqjD_yqjC_predicted,0.045454545454545456,21,21,TCCGAACGAGCTGCGTTTAT,0,5223638
yqjE_yqjK_yqjD_yqjC_predicted,0.045454545454545456,21,21,TCAGAGGTTCCGTCCTGTGC,0,5251438
yqjE_yqjK_yqjD_yqjC_predicted,0.045454545454545456,21,21,TCACCGGTGTAGGAGTACCG,0,5220872
yqjE_yqjK_yqjD_yqjC_predicted,0.045454545454545456,21,21,TCAAATATCTGGAAGTAATA,0,5261986
yqjE_yqjK_yqjD_yqjC_predicted,0.045454545454545456,21,21,TACCACGTGACTCTAAGGTG,0,5225391
yqjE_yqjK_yqjD_yqjC_predicted,0.045454545454545456,21,21,TAAGGCGCACTGGAGGAGGC,0,5179582
yqjE_yqjK_yqjD_yqjC_predicted,0.045454545454545456,21,21,GTTTCGGGAGAAAAGTACGA,0,5235694
yqjE_yqjK_yqjD_yqjC_predicted,0.045454545454545456,21,21,GTTACGGGCGGACGTGAAAG,0,5187477
yqjE_yqjK_yqjD_yqjC_predicted,0.045454545454545456,21,21,GTCCCGCTAACTTATTTCGG,0,5214838
yqjE_yqjK_yqjD_yqjC_predicted,0.045454545454545456,21,21,GGTCACGTTATTAAAGGCTC,0,5181813
yqjE_yqjK_yqjD_yqjC_predicted,0.045454545454545456,21,21,GGGTTCACTTGCAATCCTTT,0,5220184
yqjE_yqjK_yqjD_yqjC_predicted,0.045454545454545456,21,21,GGGCAAGATTGGGCTATCAG,0,5227717
yqjE_yqjK_yqjD_yqjC_predicted,0.045454545454545456,21,21,GGGAATAAGGGATTAGGGAT,0,5176783
yqjE_yqjK_yqjD_yqjC_predicted,0.045454545454545456,21,21,GGCTATCTCACATATCGTTC,0,5216922
yqjE_yqjK_yqjD_yqjC_predicted,0.045454545454545456,21,21,GGCGGCACCGGTACCGGGAG,0,5261649
yqjE_yqjK_yqjD_yqjC_predicted,0.045454545454545456,21,21,GCGAGTGCGCCGCCGAGGTG,0,5172642
yqjE_yqjK_yqjD_yqjC_predicted,0.045454545454545456,21,21,GCGAGAACGGCCTGGTGGAA,0,5209435
yqjE_yqjK_yqjD_yqjC_predicted,0.045454545454545456,21,21,GCCCTTATTTACATTACGGA,0,5180442
yqjE_yqjK_yqjD_yqjC_predicted,0.045454545454545456,21,21,GCAGTTTTTCAATTCGGGGG,0,5186070
yqjE_yqjK_yqjD_yqjC_predicted,0.045454545454545456,21,21,GCAAGCACTGCGTTACTCTG,0,5258263
yqjE_yqjK_yqjD_yqjC_predicted,0.045454545454545456,21,21,GATGAATAGACGAGCAGCAT,0,5204709
yqjE_yqjK_yqjD_yqjC_predicted,0.045454545454545456,21,21,GATAAATCTCCGGTACTCAC,0,5261542
yqjE_yqjK_yqjD_yqjC_predicted,0.045454545454545456,21,21,GAGGTTCTTCAGACACTTGA,0,5201886
yqjE_yqjK_yqjD_yqjC_predicted,0.045454545454545456,21,21,GAATAGTTCTCACAGCCCGC,0,5179000
yqjE_yqjK_yqjD_yqjC_predicted,0.045454545454545456,21,21,GAACGAATAGTTTCATGGTT,0,5240565
yqjE_yqjK_yqjD_yqjC_predicted,0.045454545454545456,21,21,GAACCACGACGTCTATTCCG,0,5190921
yqjE_yqjK_yqjD_yqjC_predicted,0.045454545454545456,21,21,CTACTCGAGAGTGTTAGGGA,0,5216201
yqjE_yqjK_yqjD_yqjC_predicted,0.045454545454545456,21,21,CGTGGCGCTCGCTCGCCTTG,0,5208977
yqjE_yqjK_yqjD_yqjC_predicted,0.045454545454545456,21,21,CGCTAGGCTAACGGGGAAGT,0,5171684
yqjE_yqjK_yqjD_yqjC_predicted,0.045454545454545456,21,21,CGAGTTATTCCTAGGACTGG,0,5181563
yqjE_yqjK_yqjD_yqjC_predicted,0.045454545454545456,21,21,CGACTGCATATTCCCATCCT,0,5183978
yqjE_yqjK_yqjD_yqjC_predicted,0.045454545454545456,21,21,CCGATAGACCAAACGGGATA,0,5216404
yqjE_yqjK_yqjD_yqjC_predicted,0.045454545454545456,21,21,CCCATGATGAAAAATTTTTC,0,5224398
yqjE_yqjK_yqjD_yqjC_predicted,0.045454545454545456,21,21,CCCAAGGCGTGATGGTGCTG,0,5216761
yqjE_yqjK_yqjD_yqjC_predicted,0.045454545454545456,21,21,CCAGCCTGTGCCGGCCGTGG,0,5212189
yqjE_yqjK_yqjD_yqjC_predicted,0.045454545454545456,21,21,CATGTATTACACCTGACTAC,0,5172502
yqjE_yqjK_yqjD_yqjC_predicted,0.045454545454545456,21,21,CATGGGTTCAAAGATAAAGC,0,5212702
yqjE_yqjK_yqjD_yqjC_predicted,0.045454545454545456,21,21,CATATCCCTTCGGTAGTAGA,0,5261124
yqjE_yqjK_yqjD_yqjC_predicted,0.045454545454545456,21,21,CAGGGATTCATAACCGATAT,0,5175082
yqjE_yqjK_yqjD_yqjC_predicted,0.045454545454545456,21,21,CAGGCGTGGAGACGTTTCAT,0,5244659
yqjE_yqjK_yqjD_yqjC_predicted,0.045454545454545456,21,21,CACTACCCAACGATCTTTGT,0,5229156
yqjE_yqjK_yqjD_yqjC_predicted,0.045454545454545456,21,21,CAAATGAAGAGAGGCGGGCA,0,5192878
yqjE_yqjK_yqjD_yqjC_predicted,0.045454545454545456,21,21,AGACAAGCCGGCGGCGGCCA,0,5233079
yqjE_yqjK_yqjD_yqjC_predicted,0.045454545454545456,21,21,ACCGCGCCCCCATTGATAAC,0,5208760
yqjE_yqjK_yqjD_yqjC_predicted,0.045454545454545456,21,21,AATTTACTTAGTCTCGGAAT,0,5260306
yqjE_yqjK_yqjD_yqjC_predicted,0.045454545454545456,21,21,AATAGGTGGTGACATGCCCC,0,5204353
yqjE_yqjK_yqjD_yqjC_predicted,0.045454545454545456,21,21,AAGGTCGAACATAATCACAT,0,5186471
yqjE_yqjK_yqjD_yqjC_predicted,0.045454545454545456,21,21,AACGTAGCAGCCTGGCTCGC,0,5216205
yqjE_yqjK_yqjD_yqjC_predicted,0.047619047619047616,20,20,TTTTTCCGGGGTCGCGGATT,0,5174134
yqjE_yqjK_yqjD_yqjC_predicted,0.047619047619047616,20,20,TTTACATAACCAATTCTCCG,0,5254333
yqjE_yqjK_yqjD_yqjC_predicted,0.047619047619047616,20,20,TTAGGGGGCGACTTTTACCT,0,5222244
yqjE_yqjK_yqjD_yqjC_predicted,0.047619047619047616,20,20,TGGGGGAATGCCAGTCGTCA,0,5206620
yqjE_yqjK_yqjD_yqjC_predicted,0.047619047619047616,20,20,TGCAGGGGTCTTATGCGTAT,0,5188246
yqjE_yqjK_yqjD_yqjC_predicted,0.047619047619047616,20,20,TCAGCGTCTGCGGCGTTAGT,0,5178644
yqjE_yqjK_yqjD_yqjC_predicted,0.047619047619047616,20,20,TCACACAAGGGTTTGGGCGG,0,5206908
yqjE_yqjK_yqjD_yqjC_predicted,0.047619047619047616,20,20,TATTGGACCCCCAGGGTCAT,0,5190237
yqjE_yqjK_yqjD_yqjC_predicted,0.047619047619047616,20,20,TACAGCTTATTTCACACAGA,0,5171492
yqjE_yqjK_yqjD_yqjC_predicted,0.047619047619047616,20,20,TAAAGGTGTGCCGGAAGACA,0,5228184
yqjE_yqjK_yqjD_yqjC_predicted,0.047619047619047616,20,20,GTCCTCCGACTGCGAAGCTA,0,5239449
yqjE_yqjK_yqjD_yqjC_predicted,0.047619047619047616,20,20,GTAAGTAGTGCGAATAGTTT,0,5223760
yqjE_yqjK_yqjD_yqjC_predicted,0.047619047619047616,20,20,GGTTGGAATCCCAAGTTGTT,0,5243906
yqjE_yqjK_yqjD_yqjC_predicted,0.047619047619047616,20,20,GGCACTACATAAGCTGCATA,0,5186910
yqjE_yqjK_yqjD_yqjC_predicted,0.047619047619047616,20,20,GGATTCTTCTGACGATTCTT,0,5236972
yqjE_yqjK_yqjD_yqjC_predicted,0.047619047619047616,20,20,GGAAACTGACGTCGCTATCA,0,5251284
yqjE_yqjK_yqjD_yqjC_predicted,0.047619047619047616,20,20,GCTTGATCTAACGCGATGAT,0,5247905
yqjE_yqjK_yqjD_yqjC_predicted,0.047619047619047616,20,20,GCGGAACCCCTGCCGTGACC,0,5205719
yqjE_yqjK_yqjD_yqjC_predicted,0.047619047619047616,20,20,GCCACATACGATCTTTTAGT,0,5207676
yqjE_yqjK_yqjD_yqjC_predicted,0.047619047619047616,20,20,GCCAACATCGTGCATGGTCA,0,5187595
yqjE_yqjK_yqjD_yqjC_predicted,0.047619047619047616,20,20,GATTACATCCCGTCCAAGAG,0,5177294
yqjE_yqjK_yqjD_yqjC_predicted,0.047619047619047616,20,20,GATGAGTAAGAAAGTATTCC,0,5213626
yqjE_yqjK_yqjD_yqjC_predicted,0.047619047619047616,20,20,GATACGCGTCCGGGTTTTTG,0,5243647
yqjE_yqjK_yqjD_yqjC_predicted,0.047619047619047616,20,20,GAGTAGTGATTTTAATGGAA,0,5224066
yqjE_yqjK_yqjD_yqjC_predicted,0.047619047619047616,20,20,GAGGTCTAGAGCGCTTCCAA,0,5189740
yqjE_yqjK_yqjD_yqjC_predicted,0.047619047619047616,20,20,GAGATCCTATGACCGTAAAA,0,5216921
yqjE_yqjK_yqjD_yqjC_predicted,0.047619047619047616,20,20,GAGAGTCCTGAGCTTGGGAT,0,5213234
yqjE_yqjK_yqjD_yqjC_predicted,0.047619047619047616,20,20,GACTCTATCCACTCAGCTAT,0,5183170
yqjE_yqjK_yqjD_yqjC_predicted,0.047619047619047616,20,20,GACGTCCCTTCAACTCGTAA,0,5260844
yqjE_yqjK_yqjD_yqjC_predicted,0.047619047619047616,20,20,CTTTCGTATTGGAACGTCAT,0,5183363
yqjE_yqjK_yqjD_yqjC_predicted,0.047619047619047616,20,20,CTGGAAAGGGACGGCGGCCC,0,5246901
yqjE_yqjK_yqjD_yqjC_predicted,0.047619047619047616,20,20,CTCTTATGGGAGCACGCCTA,0,5220329
yqjE_yqjK_yqjD_yqjC_predicted,0.047619047619047616,20,20,CTCGTTTGCCTCACCACGGC,0,5244923
yqjE_yqjK_yqjD_yqjC_predicted,0.047619047619047616,20,20,CTCCCTGGAAGGGGGCACAT,0,5188249
yqjE_yqjK_yqjD_yqjC_predicted,0.047619047619047616,20,20,CGTTTCTCGCTACTGGCGCA,0,5208497
yqjE_yqjK_yqjD_yqjC_predicted,0.047619047619047616,20,20,CGTTCTTGTCACATGTTATC,0,5246515
yqjE_yqjK_yqjD_yqjC_predicted,0.047619047619047616,20,20,CCTAAGAAGTGGTGGGAGAA,0,5183710
yqjE_yqjK_yqjD_yqjC_predicted,0.047619047619047616,20,20,CCCGAAAATCGTGCGCTCCG,0,5179987
yqjE_yqjK_yqjD_yqjC_predicted,0.047619047619047616,20,20,CCAGCACCATCACAAGCGGG,0,5258998
yqjE_yqjK_yqjD_yqjC_predicted,0.047619047619047616,20,20,CATTGACGGACCGTATAATA,0,5239086
yqjE_yqjK_yqjD_yqjC_predicted,0.047619047619047616,20,20,CATTAAGACAGGTCCTTGGC,0,5234486
yqjE_yqjK_yqjD_yqjC_predicted,0.047619047619047616,20,20,CAGCAACCACTCGACCAGTT,0,5230566
yqjE_yqjK_yqjD_yqjC_predicted,0.047619047619047616,20,20,ATGTTCGCACTCTGATGGTA,0,5225839
yqjE_yqjK_yqjD_yqjC_predicted,0.047619047619047616,20,20,AGGGGTTACACCGGGTATAG,0,5176019
yqjE_yqjK_yqjD_yqjC_predicted,0.047619047619047616,20,20,AGATATAAAAAATGGTGCGC,0,5258759
yqjE_yqjK_yqjD_yqjC_predicted,0.047619047619047616,20,20,AGAAGGTCGGCATGGACTTT,0,5235018
yqjE_yqjK_yqjD_yqjC_predicted,0.047619047619047616,20,20,ACGGAGCTTTAGTGGTTCTA,0,5208208
yqjE_yqjK_yqjD_yqjC_predicted,0.047619047619047616,20,20,AATGTCTTACAAATAGAGAG,0,5189715
yqjE_yqjK_yqjD_yqjC_predicted,0.047619047619047616,20,20,AAAGTCCATGTGGCAGCCAG,0,5217032
yqjE_yqjK_yqjD_yqjC_predicted,0.05,19,19,TTGGACATGACTGTGATACA,0,5229967
yqjE_yqjK_yqjD_yqjC_predicted,0.05,19,19,TTAGCTTCATCGGCGGCCTC,0,5240071
yqjE_yqjK_yqjD_yqjC_predicted,0.05,19,19,TGTCTTTGCAAGGCCTCAAT,0,5196018
yqjE_yqjK_yqjD_yqjC_predicted,0.05,19,19,TGGTGGCTGTATCAGGTTAT,0,5225328
yqjE_yqjK_yqjD_yqjC_predicted,0.05,19,19,TCTAGAAGGTCAGCTCCCAC,0,5215504
yqjE_yqjK_yqjD_yqjC_predicted,0.05,19,19,TCTAATCGGTACGATATTGC,0,5209525
yqjE_yqjK_yqjD_yqjC_predicted,0.05,19,19,TCGCCCTATGTGTTGAGTGT,0,5227278
yqjE_yqjK_yqjD_yqjC_predicted,0.05,19,19,TCCAAGGCATCTGTACACGT,0,5210105
yqjE_yqjK_yqjD_yqjC_predicted,0.05,19,19,TCAGACCTGTGAGGTTTCTA,0,5262217
yqjE_yqjK_yqjD_yqjC_predicted,0.05,19,19,TATGGACTTAAAGCAATTTA,0,5205955
yqjE_yqjK_yqjD_yqjC_predicted,0.05,19,19,TATGAATACCTCATGCTGGT,0,5181045
yqjE_yqjK_yqjD_yqjC_predicted,0.05,19,19,TAGCGTTCAATATCAATAGA,0,5207065
yqjE_yqjK_yqjD_yqjC_predicted,0.05,19,19,TAAGCGCACAAACTGACATG,0,5236518
yqjE_yqjK_yqjD_yqjC_predicted,0.05,19,19,GTGCCGTTTTAATCCAAAAA,0,5174477
yqjE_yqjK_yqjD_yqjC_predicted,0.05,19,19,GTATCACATGGGTTCCGGTA,0,5253828
yqjE_yqjK_yqjD_yqjC_predicted,0.05,19,19,GTAGGAGGACTGGTTCGCTG,0,5187188
yqjE_yqjK_yqjD_yqjC_predicted,0.05,19,19,GGTGTACAAGCCACACGGGG,0,5178771
yqjE_yqjK_yqjD_yqjC_predicted,0.05,19,19,GGGTATACGCGGTGCTAAGT,0,5171856
yqjE_yqjK_yqjD_yqjC_predicted,0.05,19,19,GGGCTTTCGGGGACTCCTAT,0,5178112
yqjE_yqjK_yqjD_yqjC_predicted,0.05,19,19,GGCTGCCGATCAATAAAGTT,0,5218099
yqjE_yqjK_yqjD_yqjC_predicted,0.05,19,19,GCCTTGTTTCAATCGTAGAT,0,5202321
yqjE_yqjK_yqjD_yqjC_predicted,0.05,19,19,GCCAAGTCAATTTTGAGTCC,0,5226277
yqjE_yqjK_yqjD_yqjC_predicted,0.05,19,19,GATGACAATATTTCGCCTAT,0,5244877
yqjE_yqjK_yqjD_yqjC_predicted,0.05,19,19,GATAAATGGCCACCTGGTCA,0,5190220
yqjE_yqjK_yqjD_yqjC_predicted,0.05,19,19,GAGCTGTCATCGCAGTTTTA,0,5254186
yqjE_yqjK_yqjD_yqjC_predicted,0.05,19,19,GAATCTCCAACCCGAGCCAT,0,5207668
yqjE_yqjK_yqjD_yqjC_predicted,0.05,19,19,CTGGTTTGGACAAAAAGTAG,0,5179264
yqjE_yqjK_yqjD_yqjC_predicted,0.05,19,19,CTGGGTGAGATATGCACCTT,0,5239409
yqjE_yqjK_yqjD_yqjC_predicted,0.05,19,19,CTGGGGTAGGTACTGGGCGT,0,5221791
yqjE_yqjK_yqjD_yqjC_predicted,0.05,19,19,CTGCTCTTAGTAATGCGCCT,0,5238994
yqjE_yqjK_yqjD_yqjC_predicted,0.05,19,19,CTGACATTGCAGGTCGGCTT,0,5188787
yqjE_yqjK_yqjD_yqjC_predicted,0.05,19,19,CTCCACGAGTAGTACTGTTC,0,5219862
yqjE_yqjK_yqjD_yqjC_predicted,0.05,19,19,CTATCAGACTTGGGGAACTT,0,5259129
yqjE_yqjK_yqjD_yqjC_predicted,0.05,19,19,CGTTAAAACGCTTTAGCCTC,0,5249833
yqjE_yqjK_yqjD_yqjC_predicted,0.05,19,19,CGTCGGTCTCCATCGCGAAT,0,5205555
yqjE_yqjK_yqjD_yqjC_predicted,0.05,19,19,CGGCAAGGCATCCTGGACAA,0,5239264
yqjE_yqjK_yqjD_yqjC_predicted,0.05,19,19,CGGAACCTAGCGAATGTCAT,0,5260036
yqjE_yqjK_yqjD_yqjC_predicted,0.05,19,19,CGCCCGTCTATCTCTCGCTT,0,5178078
yqjE_yqjK_yqjD_yqjC_predicted,0.05,19,19,CGATATCCTGGTAACGGAGT,0,5224982
yqjE_yqjK_yqjD_yqjC_predicted,0.05,19,19,CGACTATCTCAGGCTTATAC,0,5240734
yqjE_yqjK_yqjD_yqjC_predicted,0.05,19,19,CCCTTTAGATACCAAAGAAC,0,5208268
yqjE_yqjK_yqjD_yqjC_predicted,0.05,19,19,CAACTGAACTGAACTTCCCG,0,5198024
yqjE_yqjK_yqjD_yqjC_predicted,0.05,19,19,ATTTTTGCCTGGAATGAGAT,0,5235692
yqjE_yqjK_yqjD_yqjC_predicted,0.05,19,19,ATTGTCATTTAGCAAGCGGG,0,5257043
yqjE_yqjK_yqjD_yqjC_predicted,0.05,19,19,ATCTTATACAGTGCTAACCA,0,5239740
yqjE_yqjK_yqjD_yqjC_predicted,0.05,19,19,ATCCCGAATTCAATTGCCGT,0,5232830
yqjE_yqjK_yqjD_yqjC_predicted,0.05,19,19,ATCAGTGCTTCTCGGGGCGA,0,5220575
yqjE_yqjK_yqjD_yqjC_predicted,0.05,19,19,AGTGTCCCCATCCGAACTTT,0,5222819
yqjE_yqjK_yqjD_yqjC_predicted,0.05,19,19,AGGGCTCGTAAACCGAAAGA,0,5183774
yqjE_yqjK_yqjD_yqjC_predicted,0.05,19,19,AGGGCAAATTCTTCAGTGTA,0,5237211
yqjE_yqjK_yqjD_yqjC_predicted,0.05,19,19,AGCTTAACGGAGAGTTCGTA,0,5214734
yqjE_yqjK_yqjD_yqjC_predicted,0.05,19,19,AGCGAGATCATGTATATGTT,0,5176021
yqjE_yqjK_yqjD_yqjC_predicted,0.05,19,19,AGCCATTGTTGCCCTGCCCA,0,5194072
yqjE_yqjK_yqjD_yqjC_predicted,0.05,19,19,AGCCACGCCAACCAGACTGC,0,5234420
yqjE_yqjK_yqjD_yqjC_predicted,0.05,19,19,AGCCAACTGGTTTGAGCACT,0,5239090
yqjE_yqjK_yqjD_yqjC_predicted,0.05,19,19,AGAAATACTCGATACTCTTA,0,5196428
yqjE_yqjK_yqjD_yqjC_predicted,0.05,19,19,AAGGTAGTTTCCCTCATAGT,0,5171544
yqjE_yqjK_yqjD_yqjC_predicted,0.05,19,19,AAAGGGGTGGAATTGCTCAA,0,5205941
yqjE_yqjK_yqjD_yqjC_predicted,0.05,19,19,AAAGACACCATCGGAGAAGA,0,5175711
yqjE_yqjK_yqjD_yqjC_predicted,0.05,19,19,AAAAGGGATCTTCCGGCCAT,0,5177724
yqjE_yqjK_yqjD_yqjC_predicted,0.05263157894736842,18,18,TTTAGTCAGTATCTATCGAC,0,5225063
yqjE_yqjK_yqjD_yqjC_predicted,0.05263157894736842,18,18,TTGGCTCTCGCATTTGCCGC,0,5197344
yqjE_yqjK_yqjD_yqjC_predicted,0.05263157894736842,18,18,TTGATCTTGGCGAGGGTTTT,0,5209894
yqjE_yqjK_yqjD_yqjC_predicted,0.05263157894736842,18,18,TTATGTACTGCTACGCTGAG,0,5177144
yqjE_yqjK_yqjD_yqjC_predicted,0.05263157894736842,18,18,TTAGTATACCGTATTAACGC,0,5173862
yqjE_yqjK_yqjD_yqjC_predicted,0.05263157894736842,18,18,TTAAGGCGTACGGGTTTGGG,0,5216407
yqjE_yqjK_yqjD_yqjC_predicted,0.05263157894736842,18,18,TGTTTTCGACAGAGATATAT,0,5187838
yqjE_yqjK_yqjD_yqjC_predicted,0.05263157894736842,18,18,TGGGGGACATGTCCTCAGGA,0,5209576
yqjE_yqjK_yqjD_yqjC_predicted,0.05263157894736842,18,18,TGGAGGTCACGACCCTGCCC,0,5242947
yqjE_yqjK_yqjD_yqjC_predicted,0.05263157894736842,18,18,TGGACAGGCAACACCGAGAT,0,5214415
yqjE_yqjK_yqjD_yqjC_predicted,0.05263157894736842,18,18,TGGAACGTGCGGGCGGCCTC,0,5243730
yqjE_yqjK_yqjD_yqjC_predicted,0.05263157894736842,18,18,TGCTATCAGCATCTATTTAG,0,5217033
yqjE_yqjK_yqjD_yqjC_predicted,0.05263157894736842,18,18,TGCCTATGATGCGATTTTAC,0,5198622
yqjE_yqjK_yqjD_yqjC_predicted,0.05263157894736842,18,18,TCTCAATACGTTAGGACCTT,0,5221540
yqjE_yqjK_yqjD_yqjC_predicted,0.05263157894736842,18,18,TCGGAAGCGGCAGTCTTCCG,0,5193872
yqjE_yqjK_yqjD_yqjC_predicted,0.05263157894736842,18,18,TCGAAAAGTATAAGCTTGTT,0,5185232
yqjE_yqjK_yqjD_yqjC_predicted,0.05263157894736842,18,18,TCCTTCTTAGCTCGACGAAT,0,5191583
yqjE_yqjK_yqjD_yqjC_predicted,0.05263157894736842,18,18,TCCAGAGGCCATGTGGTCCT,0,5241947
yqjE_yqjK_yqjD_yqjC_predicted,0.05263157894736842,18,18,TCCACAGTGTCGATTGTCTA,0,5211824
yqjE_yqjK_yqjD_yqjC_predicted,0.05263157894736842,18,18,TATGTCACCTGTACGGGAAA,0,5198456
yqjE_yqjK_yqjD_yqjC_predicted,0.05263157894736842,18,18,TATCCAAGGGTAGCGGCTCA,0,5261448
yqjE_yqjK_yqjD_yqjC_predicted,0.05263157894736842,18,18,TATACAGCTTACGCCGAGTA,0,5250402
yqjE_yqjK_yqjD_yqjC_predicted,0.05263157894736842,18,18,TAGGCTGCGAGCCGTTGCCT,0,5209788
yqjE_yqjK_yqjD_yqjC_predicted,0.05263157894736842,18,18,TACAGCGCACGGGCCGTTAC,0,5204585
yqjE_yqjK_yqjD_yqjC_predicted,0.05263157894736842,18,18,GTTAGTCCGCCGTGTACTTT,0,5213903
yqjE_yqjK_yqjD_yqjC_predicted,0.05263157894736842,18,18,GTGGGGTACTGGACACATGT,0,5246263
yqjE_yqjK_yqjD_yqjC_predicted,0.05263157894736842,18,18,GTGAGTGTCGCCAGTGTAGC,0,5251746
yqjE_yqjK_yqjD_yqjC_predicted,0.05263157894736842,18,18,GTCGATTTTGTACGGACAAG,0,5201677
yqjE_yqjK_yqjD_yqjC_predicted,0.05263157894736842,18,18,GTCCAAACACCTGGCATTAC,0,5209343
yqjE_yqjK_yqjD_yqjC_predicted,0.05263157894736842,18,18,GTATCCGTGGGAGGTTTTGT,0,5213786
yqjE_yqjK_yqjD_yqjC_predicted,0.05263157894736842,18,18,GTAGGCAGAACAACGGTTCT,0,5220712
yqjE_yqjK_yqjD_yqjC_predicted,0.05263157894736842,18,18,GTAGAGAGTCCGATAAGTTT,0,5255034
yqjE_yqjK_yqjD_yqjC_predicted,0.05263157894736842,18,18,GGGTCGTAGTGTACTCTGTA,0,5214234
yqjE_yqjK_yqjD_yqjC_predicted,0.05263157894736842,18,18,GGGGCAGTGACATGTTCCCT,0,5221824
yqjE_yqjK_yqjD_yqjC_predicted,0.05263157894736842,18,18,GGCAGTGTAAGTTCACCATG,0,5171046
yqjE_yqjK_yqjD_yqjC_predicted,0.05263157894736842,18,18,GGCAGGTTATGGCCTACCGC,0,5196133
yqjE_yqjK_yqjD_yqjC_predicted,0.05263157894736842,18,18,GGATGTGATGACCGACGCTA,0,5209394
yqjE_yqjK_yqjD_yqjC_predicted,0.05263157894736842,18,18,GGACACACTCGCTCGTCTCG,0,5178510
yqjE_yqjK_yqjD_yqjC_predicted,0.05263157894736842,18,18,GCTGGTGCGGAGGAGTGTAT,0,5198055
yqjE_yqjK_yqjD_yqjC_predicted,0.05263157894736842,18,18,GCTAGGATCTAAAGGAAAGC,0,5231087
yqjE_yqjK_yqjD_yqjC_predicted,0.05263157894736842,18,18,GCTAAAGACTGTACACCAGT,0,5172049
yqjE_yqjK_yqjD_yqjC_predicted,0.05263157894736842,18,18,GCCTCTTATCCACGCCAGGC,0,5249780
yqjE_yqjK_yqjD_yqjC_predicted,0.05263157894736842,18,18,GCCGATTACTTTCATACCTA,0,5184399
yqjE_yqjK_yqjD_yqjC_predicted,0.05263157894736842,18,18,GCCGACCTGGAGTTGTTATG,0,5225054
yqjE_yqjK_yqjD_yqjC_predicted,0.05263157894736842,18,18,GCATTTGAACAGTTGAGCTT,0,5213882
yqjE_yqjK_yqjD_yqjC_predicted,0.05263157894736842,18,18,GCAGCTTGAACTCTGTTTGT,0,5185521
yqjE_yqjK_yqjD_yqjC_predicted,0.05263157894736842,18,18,GATTGGCGGGTGACGACAGT,0,5178536
yqjE_yqjK_yqjD_yqjC_predicted,0.05263157894736842,18,18,GACTATGGGTTAGAGCTCCC,0,5247178
yqjE_yqjK_yqjD_yqjC_predicted,0.05263157894736842,18,18,GAACCGCGCACGCCCTGGGG,0,5190103
yqjE_yqjK_yqjD_yqjC_predicted,0.05263157894736842,18,18,CTTTAGTGATACGTTCGAGT,0,5232367
yqjE_yqjK_yqjD_yqjC_predicted,0.05263157894736842,18,18,CTTGTGTCCTCCAAGCCCGG,0,5254037
yqjE_yqjK_yqjD_yqjC_predicted,0.05263157894736842,18,18,CTTCGTAGCCGTAGGACGTC,0,5199601
yqjE_yqjK_yqjD_yqjC_predicted,0.05263157894736842,18,18,CTCGTATACATTCCCAGCAT,0,5203382
yqjE_yqjK_yqjD_yqjC_predicted,0.05263157894736842,18,18,CTATTTTTGGACTCGGCTGA,0,5173908
yqjE_yqjK_yqjD_yqjC_predicted,0.05263157894736842,18,18,CTATTGAGCACAAGAGAAAG,0,5218032
yqjE_yqjK_yqjD_yqjC_predicted,0.05263157894736842,18,18,CTACTGGATTACTCGTCTCG,0,5191329
yqjE_yqjK_yqjD_yqjC_predicted,0.05263157894736842,18,18,CTACGTCATTCCACTAAAGC,0,5231469
yqjE_yqjK_yqjD_yqjC_predicted,0.05263157894736842,18,18,CTACCTAATCGTGAAGTATA,0,5188244
yqjE_yqjK_yqjD_yqjC_predicted,0.05263157894736842,18,18,CGTCCCCGAATAACCCGTTA,0,5203779
yqjE_yqjK_yqjD_yqjC_predicted,0.05263157894736842,18,18,CGGCATAACCAATAATCCTC,0,5221148
yqjE_yqjK_yqjD_yqjC_predicted,0.05263157894736842,18,18,CGGATGAGCAGTCTGGAGTA,0,5206641
yqjE_yqjK_yqjD_yqjC_predicted,0.05263157894736842,18,18,CGCTATACGTCCGACTGGGA,0,5192544
yqjE_yqjK_yqjD_yqjC_predicted,0.05263157894736842,18,18,CGCTAAGGTGCCCTATAATG,0,5231524
yqjE_yqjK_yqjD_yqjC_predicted,0.05263157894736842,18,18,CGCGTACCACTTACGATAGT,0,5184143
yqjE_yqjK_yqjD_yqjC_predicted,0.05263157894736842,18,18,CGATTCACTGTTATGTCGTT,0,5258940
yqjE_yqjK_yqjD_yqjC_predicted,0.05263157894736842,18,18,CGAGGGCTTACGCAAGACAA,0,5194302
yqjE_yqjK_yqjD_yqjC_predicted,0.05263157894736842,18,18,CGAGCCCTGAGCCATTAGTG,0,5180434
yqjE_yqjK_yqjD_yqjC_predicted,0.05263157894736842,18,18,CGACGTGGGGTCACGAGCAA,0,5249390
yqjE_yqjK_yqjD_yqjC_predicted,0.05263157894736842,18,18,CCTTCAATTGAAAGGACCAA,0,5235043
yqjE_yqjK_yqjD_yqjC_predicted,0.05263157894736842,18,18,CCGGAAAGGTCACTGGCCGT,0,5187101
yqjE_yqjK_yqjD_yqjC_predicted,0.05263157894736842,18,18,CCATCGTCCCACAACAGGAA,0,5253850
yqjE_yqjK_yqjD_yqjC_predicted,0.05263157894736842,18,18,CCAGGTTAAGGGAGAGACCA,0,5224519
yqjE_yqjK_yqjD_yqjC_predicted,0.05263157894736842,18,18,CCAAGACCGTTGGGGAACAG,0,5248489
yqjE_yqjK_yqjD_yqjC_predicted,0.05263157894736842,18,18,CATTTCTGGCTGTACGATGA,0,5175167
yqjE_yqjK_yqjD_yqjC_predicted,0.05263157894736842,18,18,CAGGTTGCTATGTAACGCTT,0,5183378
yqjE_yqjK_yqjD_yqjC_predicted,0.05263157894736842,18,18,CAACTCGGACGACATAGAGT,0,5183082
yqjE_yqjK_yqjD_yqjC_predicted,0.05263157894736842,18,18,ATTTTAAGTAGGGAATATCT,0,5181011
yqjE_yqjK_yqjD_yqjC_predicted,0.05263157894736842,18,18,ATGTTCGTCTCTGTCACCTT,0,5177274
yqjE_yqjK_yqjD_yqjC_predicted,0.05263157894736842,18,18,ATCATCTCACACCAACCGCA,0,5247945
yqjE_yqjK_yqjD_yqjC_predicted,0.05263157894736842,18,18,ATATCGACGTGATATCTGAT,0,5213934
yqjE_yqjK_yqjD_yqjC_predicted,0.05263157894736842,18,18,AGTTGACTACGGGGTAATCA,0,5196509
yqjE_yqjK_yqjD_yqjC_predicted,0.05263157894736842,18,18,AGTACTCCTCTAGGATTAAG,0,5171541
yqjE_yqjK_yqjD_yqjC_predicted,0.05263157894736842,18,18,ACTTAGAATCCATATGGACG,0,5184931
yqjE_yqjK_yqjD_yqjC_predicted,0.05263157894736842,18,18,ACTGCTGACAGTTTATGAAG,0,5193491
yqjE_yqjK_yqjD_yqjC_predicted,0.05263157894736842,18,18,ACGCCAACCTCTAACGGTGA,0,5231563
yqjE_yqjK_yqjD_yqjC_predicted,0.05263157894736842,18,18,ACCCGCTCCCGGGGTAGGTC,0,5188784
yqjE_yqjK_yqjD_yqjC_predicted,0.05263157894736842,18,18,ACCCCTTGGCCGGCTTGCAG,0,5240583
yqjE_yqjK_yqjD_yqjC_predicted,0.05263157894736842,18,18,ACCATTCTGGCGACGGTTTC,0,5231396
yqjE_yqjK_yqjD_yqjC_predicted,0.05263157894736842,18,18,ACATTTTTTTGGCCGAAGCA,0,5205740
yqjE_yqjK_yqjD_yqjC_predicted,0.05263157894736842,18,18,AATGAGGATATGAAGACGCG,0,5189335
yqjE_yqjK_yqjD_yqjC_predicted,0.05263157894736842,18,18,AATCTCTACGTCCTGAAGGT,0,5258051
yqjE_yqjK_yqjD_yqjC_predicted,0.05263157894736842,18,18,AAGTGGAAGCTGGCCGCTGA,0,5204343
yqjE_yqjK_yqjD_yqjC_predicted,0.05263157894736842,18,18,AAAGTTCACCCGGGTTCCTT,0,5211276
yqjE_yqjK_yqjD_yqjC_predicted,0.05263157894736842,18,18,AAACTCGTCGCCCGGGTCAC,0,5231392
yqjE_yqjK_yqjD_yqjC_predicted,0.05263157894736842,18,18,AAACGGTCCGAGGAACCTTT,0,5190724
yqjE_yqjK_yqjD_yqjC_predicted,0.05555555555555555,17,17,TTTGCGGGGGTCGTCTTGTC,0,5201570
yqjE_yqjK_yqjD_yqjC_predicted,0.05555555555555555,17,17,TTTAGGTTGTGGGGCACCTA,0,5208492
yqjE_yqjK_yqjD_yqjC_predicted,0.05555555555555555,17,17,TTTACTATGAGGGCCAGAGT,0,5222249
yqjE_yqjK_yqjD_yqjC_predicted,0.05555555555555555,17,17,TGCCCTCCCGTTGTGTGGTT,0,5219876
yqjE_yqjK_yqjD_yqjC_predicted,0.05555555555555555,17,17,TGCACGCAATCCGGACATGG,0,5185466
yqjE_yqjK_yqjD_yqjC_predicted,0.05555555555555555,17,17,TGATTACTGGTCCAGCAATT,0,5225261
yqjE_yqjK_yqjD_yqjC_predicted,0.05555555555555555,17,17,TGATGGCGACTATTGTTCGG,0,5174287
yqjE_yqjK_yqjD_yqjC_predicted,0.05555555555555555,17,17,TGATAGTTTTGCGTCATGCT,0,5181135
yqjE_yqjK_yqjD_yqjC_predicted,0.05555555555555555,17,17,TGAGTCTCGCGGAAATCATT,0,5178767
yqjE_yqjK_yqjD_yqjC_predicted,0.05555555555555555,17,17,TCTTTGCCGACGGGTACCCT,0,5217573
yqjE_yqjK_yqjD_yqjC_predicted,0.05555555555555555,17,17,TCGGGGATATCAGTAGGAGT,0,5212487
yqjE_yqjK_yqjD_yqjC_predicted,0.05555555555555555,17,17,TCGGCCGGCTGTGATGTTTC,0,5262396
yqjE_yqjK_yqjD_yqjC_predicted,0.05555555555555555,17,17,TCCGAGGTAGTCTGCGCGCG,0,5195674
yqjE_yqjK_yqjD_yqjC_predicted,0.05555555555555555,17,17,TCCCGCTTTGATGGGCGAAG,0,5206077
yqjE_yqjK_yqjD_yqjC_predicted,0.05555555555555555,17,17,TCCCCCTGCAAATCGATCTG,0,5219629
yqjE_yqjK_yqjD_yqjC_predicted,0.05555555555555555,17,17,TCATCTTTGGTAATAGACGA,0,5209524
yqjE_yqjK_yqjD_yqjC_predicted,0.05555555555555555,17,17,TCAATACCTTAGTTCTCAGA,0,5260046
yqjE_yqjK_yqjD_yqjC_predicted,0.05555555555555555,17,17,TATCCTGAGGTCACCACTCA,0,5202311
yqjE_yqjK_yqjD_yqjC_predicted,0.05555555555555555,17,17,TATATGTGACCTCTGAAGTA,0,5249375
yqjE_yqjK_yqjD_yqjC_predicted,0.05555555555555555,17,17,TATACACAGCAGGGCGTTCT,0,5198342
yqjE_yqjK_yqjD_yqjC_predicted,0.05555555555555555,17,17,TAGTGGCTATGTCACGGCTC,0,5181088
yqjE_yqjK_yqjD_yqjC_predicted,0.05555555555555555,17,17,TAGGGAATAGCACGCCACTA,0,5225490
yqjE_yqjK_yqjD_yqjC_predicted,0.05555555555555555,17,17,TAGCTTCATAATTTGAGGGA,0,5253344
yqjE_yqjK_yqjD_yqjC_predicted,0.05555555555555555,17,17,TAGCAGCAGCGCGTGTCCAT,0,5249311
yqjE_yqjK_yqjD_yqjC_predicted,0.05555555555555555,17,17,TACAGGCGCTAGTATATCTG,0,5246611
yqjE_yqjK_yqjD_yqjC_predicted,0.05555555555555555,17,17,TAACATCTAGAGCGTCTTCA,0,5224414
yqjE_yqjK_yqjD_yqjC_predicted,0.05555555555555555,17,17,GTTGCGCGGATTGGAAATTA,0,5182049
yqjE_yqjK_yqjD_yqjC_predicted,0.05555555555555555,17,17,GTTCGTGAAGCCTTCGAAAC,0,5227956
yqjE_yqjK_yqjD_yqjC_predicted,0.05555555555555555,17,17,GTCTGGTGGCTATTCCCTGC,0,5215028
yqjE_yqjK_yqjD_yqjC_predicted,0.05555555555555555,17,17,GTCATTCTACTTGTTACTTG,0,5194750
yqjE_yqjK_yqjD_yqjC_predicted,0.05555555555555555,17,17,GTCACAAAGCCCCCTTGTGC,0,5210107
yqjE_yqjK_yqjD_yqjC_predicted,0.05555555555555555,17,17,GTAAGGTTAGAACGGCTTGC,0,5173900
yqjE_yqjK_yqjD_yqjC_predicted,0.05555555555555555,17,17,GGTGATTACACACTACTCCC,0,5230350
yqjE_yqjK_yqjD_yqjC_predicted,0.05555555555555555,17,17,GGTCGCTATCACAGTTACTC,0,5235620
yqjE_yqjK_yqjD_yqjC_predicted,0.05555555555555555,17,17,GGGGCCTAATGTGGGGATAA,0,5235147
yqjE_yqjK_yqjD_yqjC_predicted,0.05555555555555555,17,17,GGGCGCAGTAGACTTCCGTG,0,5236721
yqjE_yqjK_yqjD_yqjC_predicted,0.05555555555555555,17,17,GGCGGCTGCTACACGCGACG,0,5239025
yqjE_yqjK_yqjD_yqjC_predicted,0.05555555555555555,17,17,GGATGGACAAAACTGGAGAT,0,5179369
yqjE_yqjK_yqjD_yqjC_predicted,0.05555555555555555,17,17,GGATCCCACGGTGTGATTTA,0,5257405
yqjE_yqjK_yqjD_yqjC_predicted,0.05555555555555555,17,17,GGACAGGGTGGTGCGAAAGT,0,5215218
yqjE_yqjK_yqjD_yqjC_predicted,0.05555555555555555,17,17,GGAAGTTTTCGCTGGAGGGT,0,5247970
yqjE_yqjK_yqjD_yqjC_predicted,0.05555555555555555,17,17,GCTCGTGGAGTACCCATGTA,0,5241597
yqjE_yqjK_yqjD_yqjC_predicted,0.05555555555555555,17,17,GCGGACGAGTGATCATCTAG,0,5232909
yqjE_yqjK_yqjD_yqjC_predicted,0.05555555555555555,17,17,GCCGGTAGGGATTCCGGGTA,0,5218049
yqjE_yqjK_yqjD_yqjC_predicted,0.05555555555555555,17,17,GCCACACTTCCTCGCCCGAC,0,5261657
yqjE_yqjK_yqjD_yqjC_predicted,0.05555555555555555,17,17,GCATATTACATGGCTGAGTA,0,5248902
yqjE_yqjK_yqjD_yqjC_predicted,0.05555555555555555,17,17,GCATATGAATATGAGCATTT,0,5239293
yqjE_yqjK_yqjD_yqjC_predicted,0.05555555555555555,17,17,GCATATAACTCTCTCCACGT,0,5210830
yqjE_yqjK_yqjD_yqjC_predicted,0.05555555555555555,17,17,GCAGGACCTTTCGGAGTATA,0,5175334
yqjE_yqjK_yqjD_yqjC_predicted,0.05555555555555555,17,17,GATGCGGAAATGGGGTAGAT,0,5224024
yqjE_yqjK_yqjD_yqjC_predicted,0.05555555555555555,17,17,GATCAAATTCATGAATGGAG,0,5249650
yqjE_yqjK_yqjD_yqjC_predicted,0.05555555555555555,17,17,GAACAACAGTTATACAGGGT,0,5179160
yqjE_yqjK_yqjD_yqjC_predicted,0.05555555555555555,17,17,CTTTATGCGCCCTGAACTAG,0,5256787
yqjE_yqjK_yqjD_yqjC_predicted,0.05555555555555555,17,17,CTTCGGGGTGGTGCAAGGTC,0,5212703
yqjE_yqjK_yqjD_yqjC_predicted,0.05555555555555555,17,17,CTGGTCACCAGTGCCATCCA,0,5195573
yqjE_yqjK_yqjD_yqjC_predicted,0.05555555555555555,17,17,CTGCGGGTCGTCTCTCGGTG,0,5260538
yqjE_yqjK_yqjD_yqjC_predicted,0.05555555555555555,17,17,CTGAAGTGCGACGTGGCTTA,0,5239741
yqjE_yqjK_yqjD_yqjC_predicted,0.05555555555555555,17,17,CTATGGCTCCGCAAAGAGAA,0,5214348
yqjE_yqjK_yqjD_yqjC_predicted,0.05555555555555555,17,17,CTAGCGGGACGCAGAGAACT,0,5253804
yqjE_yqjK_yqjD_yqjC_predicted,0.05555555555555555,17,17,CTACAGCCGGGATTCCAATA,0,5191182
yqjE_yqjK_yqjD_yqjC_predicted,0.05555555555555555,17,17,CTAATCGGTCCGAGTTGAGG,0,5171549
yqjE_yqjK_yqjD_yqjC_predicted,0.05555555555555555,17,17,CGTGTCGTTAGGCCGCCTTA,0,5209792
yqjE_yqjK_yqjD_yqjC_predicted,0.05555555555555555,17,17,CGTCGGGTTTCAATTATGTT,0,5248483
yqjE_yqjK_yqjD_yqjC_predicted,0.05555555555555555,17,17,CGTAGGGACAACGTACGGAC,0,5261464
yqjE_yqjK_yqjD_yqjC_predicted,0.05555555555555555,17,17,CGGCGTGCCGACCTCTTACA,0,5216415
yqjE_yqjK_yqjD_yqjC_predicted,0.05555555555555555,17,17,CGCTGATTGAAGGTAGGGTT,0,5233158
yqjE_yqjK_yqjD_yqjC_predicted,0.05555555555555555,17,17,CGCGCTCTCCCCAACTAACT,0,5201838
yqjE_yqjK_yqjD_yqjC_predicted,0.05555555555555555,17,17,CGATCCAAGGGAAAGCGAAG,0,5188191
yqjE_yqjK_yqjD_yqjC_predicted,0.05555555555555555,17,17,CGACTAGGACTCATAGCTAG,0,5181285
yqjE_yqjK_yqjD_yqjC_predicted,0.05555555555555555,17,17,CGACATGTATGGTTTAAGCA,0,5200750
yqjE_yqjK_yqjD_yqjC_predicted,0.05555555555555555,17,17,CCTCCATAGGCCTCATGCCC,0,5201412
yqjE_yqjK_yqjD_yqjC_predicted,0.05555555555555555,17,17,CCTACGCGGCGAAGTCGCTG,0,5216919
yqjE_yqjK_yqjD_yqjC_predicted,0.05555555555555555,17,17,CCGTAAGGTGTTTGACTAAC,0,5234084
yqjE_yqjK_yqjD_yqjC_predicted,0.05555555555555555,17,17,CCGGTTTGGGACCATGCCTA,0,5185844
yqjE_yqjK_yqjD_yqjC_predicted,0.05555555555555555,17,17,CCCTGCCTCCTAAAAAGGTA,0,5247423
yqjE_yqjK_yqjD_yqjC_predicted,0.05555555555555555,17,17,CCAACCTTTTGCTACAGAGT,0,5257581
yqjE_yqjK_yqjD_yqjC_predicted,0.05555555555555555,17,17,CAGTCACCCGATTAAACTCG,0,5213056
yqjE_yqjK_yqjD_yqjC_predicted,0.05555555555555555,17,17,CAGGATTCGTTAACAAAGCT,0,5172891
yqjE_yqjK_yqjD_yqjC_predicted,0.05555555555555555,17,17,ATTTTAAAAAATTGCTACAT,0,5252686
yqjE_yqjK_yqjD_yqjC_predicted,0.05555555555555555,17,17,ATTTCCCTGTTGCTGGACCT,0,5223060
yqjE_yqjK_yqjD_yqjC_predicted,0.05555555555555555,17,17,ATTGGGATGTCTAACACCTA,0,5209205
yqjE_yqjK_yqjD_yqjC_predicted,0.05555555555555555,17,17,ATGAGCGAACTAGCCCTAGC,0,5250737
yqjE_yqjK_yqjD_yqjC_predicted,0.05555555555555555,17,17,ATCGGGTCAGACGTTGTCCT,0,5236349
yqjE_yqjK_yqjD_yqjC_predicted,0.05555555555555555,17,17,ATCGCTTTGGATGTTGAGGT,0,5175687
yqjE_yqjK_yqjD_yqjC_predicted,0.05555555555555555,17,17,ATCGCGTATGGCCACTTATT,0,5212122
yqjE_yqjK_yqjD_yqjC_predicted,0.05555555555555555,17,17,AGTCGCATCTTGACGGTGCA,0,5231181
yqjE_yqjK_yqjD_yqjC_predicted,0.05555555555555555,17,17,AGTACAACAGGTTCACATGA,0,5171679
yqjE_yqjK_yqjD_yqjC_predicted,0.05555555555555555,17,17,AGGCTCAAGTCTGAGCGGTT,0,5210266
yqjE_yqjK_yqjD_yqjC_predicted,0.05555555555555555,17,17,AGGCCTGACCATCGTGTGCT,0,5223763
yqjE_yqjK_yqjD_yqjC_predicted,0.05555555555555555,17,17,AGGATTGCAGCACCCAGCTT,0,5233579
yqjE_yqjK_yqjD_yqjC_predicted,0.05555555555555555,17,17,AGCTTCTGTGAGAGCATTCA,0,5204184
yqjE_yqjK_yqjD_yqjC_predicted,0.05555555555555555,17,17,AGCGAGCATGGGTACCGCGT,0,5202736
yqjE_yqjK_yqjD_yqjC_predicted,0.05555555555555555,17,17,AGCATACCGAAATAAGTTTT,0,5261505
yqjE_yqjK_yqjD_yqjC_predicted,0.05555555555555555,17,17,ACTTGAGAGGCATGACAGGA,0,5248332
yqjE_yqjK_yqjD_yqjC_predicted,0.05555555555555555,17,17,ACTCAAATACGGCATGAGAC,0,5244253
yqjE_yqjK_yqjD_yqjC_predicted,0.05555555555555555,17,17,ACTATTAGTACTGTGGGCCA,0,5192414
yqjE_yqjK_yqjD_yqjC_predicted,0.05555555555555555,17,17,ACTAGCTCCGTGTCAGTCTT,0,5227432
yqjE_yqjK_yqjD_yqjC_predicted,0.05555555555555555,17,17,ACGTGTCAATTAGTTCATTG,0,5232178
yqjE_yqjK_yqjD_yqjC_predicted,0.05555555555555555,17,17,ACCGCAAAGCACCACCGACA,0,5242910
yqjE_yqjK_yqjD_yqjC_predicted,0.05555555555555555,17,17,ACAGTGGACCGCAGTACTGC,0,5193632
yqjE_yqjK_yqjD_yqjC_predicted,0.05555555555555555,17,17,ACAGTGCTTGTCCTTTAGAT,0,5261558
yqjE_yqjK_yqjD_yqjC_predicted,0.05555555555555555,17,17,ACAGTCTTCTTGCCTACTAC,0,5217968
yqjE_yqjK_yqjD_yqjC_predicted,0.05555555555555555,17,17,AATGTAGGAATATTTGGCCA,0,5216594
yqjE_yqjK_yqjD_yqjC_predicted,0.05555555555555555,17,17,AAGCATGTACTTCCGATACG,0,5261573
yqjE_yqjK_yqjD_yqjC_predicted,0.05555555555555555,17,17,AACTATCTTGCAATCGAAGC,0,5214236
yqjE_yqjK_yqjD_yqjC_predicted,0.05555555555555555,17,17,AACAATAAATCGGTGAGGCA,0,5191990
yqjE_yqjK_yqjD_yqjC_predicted,0.05555555555555555,17,17,AAAAATCTGTTGCACCCCTC,0,5220947
yqjE_yqjK_yqjD_yqjC_predicted,0.058823529411764705,16,16,TTTTATCAGCGTGTCCTTTT,0,5190321
yqjE_yqjK_yqjD_yqjC_predicted,0.058823529411764705,16,16,TTTCATATAACATGGGTGTC,0,5208504
yqjE_yqjK_yqjD_yqjC_predicted,0.058823529411764705,16,16,TTGTGGTACGGCTTTCCGGC,0,5256454
yqjE_yqjK_yqjD_yqjC_predicted,0.058823529411764705,16,16,TTGGCCCCAGTGTTCAATGT,0,5233498
yqjE_yqjK_yqjD_yqjC_predicted,0.058823529411764705,16,16,TTGCTTAGGCGTCGGCCCAG,0,5179698
yqjE_yqjK_yqjD_yqjC_predicted,0.058823529411764705,16,16,TTGCAGGGTTGCGTACGACC,0,5185454
yqjE_yqjK_yqjD_yqjC_predicted,0.058823529411764705,16,16,TTCTGCCGTGGGGTATCAGT,0,5231160
yqjE_yqjK_yqjD_yqjC_predicted,0.058823529411764705,16,16,TTCGTAAATATACGCGGCTG,0,5171762
yqjE_yqjK_yqjD_yqjC_predicted,0.058823529411764705,16,16,TTAGTGCTTAGCTAACCGTA,0,5222694
yqjE_yqjK_yqjD_yqjC_predicted,0.058823529411764705,16,16,TTACGCCAAGTGGTAGCTTG,0,5228002
yqjE_yqjK_yqjD_yqjC_predicted,0.058823529411764705,16,16,TTAAGCTGAGCCAGGGTTAA,0,5208360
yqjE_yqjK_yqjD_yqjC_predicted,0.058823529411764705,16,16,TTAACAGCCTCGGACCGCAT,0,5251057
yqjE_yqjK_yqjD_yqjC_predicted,0.058823529411764705,16,16,TGTGGGACAGTCGGAAAATG,0,5179589
yqjE_yqjK_yqjD_yqjC_predicted,0.058823529411764705,16,16,TGGTGCCCTAGAGTGTAGCT,0,5186470
yqjE_yqjK_yqjD_yqjC_predicted,0.058823529411764705,16,16,TGGCACCTGTCAGGAGTGTA,0,5172416
yqjE_yqjK_yqjD_yqjC_predicted,0.058823529411764705,16,16,TGGAAGCACTACCTACCCCA,0,5239337
yqjE_yqjK_yqjD_yqjC_predicted,0.058823529411764705,16,16,TGCTGTGTGATTCCTCGGCA,0,5221761
yqjE_yqjK_yqjD_yqjC_predicted,0.058823529411764705,16,16,TGCGCTCCGTCAGGTCTCCT,0,5201940
yqjE_yqjK_yqjD_yqjC_predicted,0.058823529411764705,16,16,TGCCATGCCCAATAAAGTAA,0,5262007
yqjE_yqjK_yqjD_yqjC_predicted,0.058823529411764705,16,16,TGCAGATGCGCCCGGTACCT,0,5197196
yqjE_yqjK_yqjD_yqjC_predicted,0.058823529411764705,16,16,TGATAATTAAGTCTGTAAAT,0,5178759
yqjE_yqjK_yqjD_yqjC_predicted,0.058823529411764705,16,16,TGAGGTTTCGAGCAATTCCG,0,5244438
yqjE_yqjK_yqjD_yqjC_predicted,0.058823529411764705,16,16,TGACTGTCACCTGCGTACAG,0,5192406
yqjE_yqjK_yqjD_yqjC_predicted,0.058823529411764705,16,16,TGACGCCTTAGTGCCCCAGG,0,5249137
yqjE_yqjK_yqjD_yqjC_predicted,0.058823529411764705,16,16,TGAAGCGGATTGCGCTGTAA,0,5195139
yqjE_yqjK_yqjD_yqjC_predicted,0.058823529411764705,16,16,TCTTTTACGGGATGCTATCA,0,5172725
yqjE_yqjK_yqjD_yqjC_predicted,0.058823529411764705,16,16,TCTGTTCATAGCCCCTTTGT,0,5249376
yqjE_yqjK_yqjD_yqjC_predicted,0.058823529411764705,16,16,TCTCTTGGATGCACAGCTAA,0,5204649
yqjE_yqjK_yqjD_yqjC_predicted,0.058823529411764705,16,16,TCTAGGGCATTGCGATGTGT,0,5235871
yqjE_yqjK_yqjD_yqjC_predicted,0.058823529411764705,16,16,TCGGGATGTATACGCTTCAT,0,5248635
yqjE_yqjK_yqjD_yqjC_predicted,0.058823529411764705,16,16,TCCTGGGTCGAGTCTATGAT,0,5208009
yqjE_yqjK_yqjD_yqjC_predicted,0.058823529411764705,16,16,TCCTCTATCCATCGTAACCA,0,5230431
yqjE_yqjK_yqjD_yqjC_predicted,0.058823529411764705,16,16,TCCGGTTTGGTGTGAAAGTC,0,5189918
yqjE_yqjK_yqjD_yqjC_predicted,0.058823529411764705,16,16,TCCCTGATTTGACCTTTAAG,0,5208507
yqjE_yqjK_yqjD_yqjC_predicted,0.058823529411764705,16,16,TCCCGGGGACCTGTTTAGTA,0,5219451
yqjE_yqjK_yqjD_yqjC_predicted,0.058823529411764705,16,16,TCCAAATTCACTTTTATCGA,0,5178995
yqjE_yqjK_yqjD_yqjC_predicted,0.058823529411764705,16,16,TCACCTTCCGTAATGGCGCT,0,5206432
yqjE_yqjK_yqjD_yqjC_predicted,0.058823529411764705,16,16,TCACACGCACACCAGAGGCG,0,5177589
yqjE_yqjK_yqjD_yqjC_predicted,0.058823529411764705,16,16,TAGGATGGAAGCGGGACCCG,0,5252818
yqjE_yqjK_yqjD_yqjC_predicted,0.058823529411764705,16,16,TACGATCCAGTATATAAGGC,0,5242277
yqjE_yqjK_yqjD_yqjC_predicted,0.058823529411764705,16,16,TAAGGAAAGCCTTGGGAGTG,0,5175845
yqjE_yqjK_yqjD_yqjC_predicted,0.058823529411764705,16,16,GTTGCTGTGTTATCCTCTAT,0,5178533
yqjE_yqjK_yqjD_yqjC_predicted,0.058823529411764705,16,16,GTTGCATAATGGAGTGCTAA,0,5201145
yqjE_yqjK_yqjD_yqjC_predicted,0.058823529411764705,16,16,GTGTGAATCGAACAAGGCGT,0,5183387
yqjE_yqjK_yqjD_yqjC_predicted,0.058823529411764705,16,16,GTGTAGCCTCGTGAGGTAAA,0,5222616
yqjE_yqjK_yqjD_yqjC_predicted,0.058823529411764705,16,16,GTGCTACTGCGTTCAAAGAG,0,5228495
yqjE_yqjK_yqjD_yqjC_predicted,0.058823529411764705,16,16,GTCCGGGTAACCGCTCCTCG,0,5238958
yqjE_yqjK_yqjD_yqjC_predicted,0.058823529411764705,16,16,GTCAGCACTCTTCTCCACGA,0,5204953
yqjE_yqjK_yqjD_yqjC_predicted,0.058823529411764705,16,16,GTATGGCCATAGGGCACGGT,0,5250403
yqjE_yqjK_yqjD_yqjC_predicted,0.058823529411764705,16,16,GTATCAGCAGACTGATGTCT,0,5194742
yqjE_yqjK_yqjD_yqjC_predicted,0.058823529411764705,16,16,GTAAGCAAGAGAGTACTGAT,0,5205327
yqjE_yqjK_yqjD_yqjC_predicted,0.058823529411764705,16,16,GTAACGCCCTTCTTGGTTAT,0,5181247
yqjE_yqjK_yqjD_yqjC_predicted,0.058823529411764705,16,16,GTAAAATCAAAGGGATGCAA,0,5242106
yqjE_yqjK_yqjD_yqjC_predicted,0.058823529411764705,16,16,GGGCACTTGAACCGAGCGGT,0,5192332
yqjE_yqjK_yqjD_yqjC_predicted,0.058823529411764705,16,16,GGGAGGGGTCCGGGAAAAGT,0,5171127
yqjE_yqjK_yqjD_yqjC_predicted,0.058823529411764705,16,16,GGGACCGTCATGCGCTAACT,0,5240574
yqjE_yqjK_yqjD_yqjC_predicted,0.058823529411764705,16,16,GGCTCCCAGCTTCTCCGAGT,0,5250093
yqjE_yqjK_yqjD_yqjC_predicted,0.058823529411764705,16,16,GGCCCTGTGACTTGTGGATT,0,5195666
yqjE_yqjK_yqjD_yqjC_predicted,0.058823529411764705,16,16,GGCCCACCTTGTCACATTCT,0,5237221
yqjE_yqjK_yqjD_yqjC_predicted,0.058823529411764705,16,16,GGACGCTTTTGGTTCGGTGA,0,5204054
yqjE_yqjK_yqjD_yqjC_predicted,0.058823529411764705,16,16,GGACGCTCACGGGTTATTTC,0,5234181
yqjE_yqjK_yqjD_yqjC_predicted,0.058823529411764705,16,16,GGACCGGTTCTCGCGTCCAT,0,5240004
yqjE_yqjK_yqjD_yqjC_predicted,0.058823529411764705,16,16,GGAAACAAAGCCCCTCTGGA,0,5213874
yqjE_yqjK_yqjD_yqjC_predicted,0.058823529411764705,16,16,GCTTGAGCAGTCTGAAGGGA,0,5222473
yqjE_yqjK_yqjD_yqjC_predicted,0.058823529411764705,16,16,GCTGGGATCTAGGGTGCGGT,0,5177397
yqjE_yqjK_yqjD_yqjC_predicted,0.058823529411764705,16,16,GCTGAGTTAACGAATGGGAC,0,5250405
yqjE_yqjK_yqjD_yqjC_predicted,0.058823529411764705,16,16,GCTATATGCAGGCACCAGAT,0,5224871
yqjE_yqjK_yqjD_yqjC_predicted,0.058823529411764705,16,16,GCGTGAGTTCATGATGTGTA,0,5250883
yqjE_yqjK_yqjD_yqjC_predicted,0.058823529411764705,16,16,GCGGCATGTTAGGTGAATAT,0,5189583
yqjE_yqjK_yqjD_yqjC_predicted,0.058823529411764705,16,16,GCGGATTAGTCGCTTGAACC,0,5234540
yqjE_yqjK_yqjD_yqjC_predicted,0.058823529411764705,16,16,GCGCGTCAGAATTCAGCTTA,0,5178763
yqjE_yqjK_yqjD_yqjC_predicted,0.058823529411764705,16,16,GCCGTCCTTTACTATGCTGT,0,5253117
yqjE_yqjK_yqjD_yqjC_predicted,0.058823529411764705,16,16,GCCGAGGCTGGAGGCAAAGG,0,5177930
yqjE_yqjK_yqjD_yqjC_predicted,0.058823529411764705,16,16,GCCCTTTCGGCAGCGCCGAA,0,5246824
yqjE_yqjK_yqjD_yqjC_predicted,0.058823529411764705,16,16,GCCCTTAGGGTGTAAAAGCG,0,5201777
yqjE_yqjK_yqjD_yqjC_predicted,0.058823529411764705,16,16,GCCACCCCCGGGCGTAAATA,0,5179578
yqjE_yqjK_yqjD_yqjC_predicted,0.058823529411764705,16,16,GATTAACCCGATGGGTATGG,0,5221205
yqjE_yqjK_yqjD_yqjC_predicted,0.058823529411764705,16,16,GATGTCTATCCTGGAAATCT,0,5250401
yqjE_yqjK_yqjD_yqjC_predicted,0.058823529411764705,16,16,GATCAAATACGGCCCCTCAT,0,5244564
yqjE_yqjK_yqjD_yqjC_predicted,0.058823529411764705,16,16,GAGCGTCACAAATATGCAGT,0,5200080
yqjE_yqjK_yqjD_yqjC_predicted,0.058823529411764705,16,16,GAGCCCCCCTTCCTTTCGGT,0,5253531
yqjE_yqjK_yqjD_yqjC_predicted,0.058823529411764705,16,16,GACTGGGTAGGGTGTTTTCG,0,5239396
yqjE_yqjK_yqjD_yqjC_predicted,0.058823529411764705,16,16,GACTCACTCCCTTCTCGTTA,0,5235830
yqjE_yqjK_yqjD_yqjC_predicted,0.058823529411764705,16,16,GAAGGTTCCCCTGGCGTCTA,0,5181017
yqjE_yqjK_yqjD_yqjC_predicted,0.058823529411764705,16,16,CTGGCTTTCTGAACGGGTCT,0,5201212
yqjE_yqjK_yqjD_yqjC_predicted,0.058823529411764705,16,16,CTGATGATGATCCCGGGTAG,0,5188252
yqjE_yqjK_yqjD_yqjC_predicted,0.058823529411764705,16,16,CTCTGTGGTCCTCGTATCGT,0,5207868
yqjE_yqjK_yqjD_yqjC_predicted,0.058823529411764705,16,16,CTATCGTGGGGGGAGCACTT,0,5191801
yqjE_yqjK_yqjD_yqjC_predicted,0.058823529411764705,16,16,CTAGGGTGACCTTATGATGT,0,5210536
yqjE_yqjK_yqjD_yqjC_predicted,0.058823529411764705,16,16,CTACCATCCGCATTTTCTGA,0,5203542
yqjE_yqjK_yqjD_yqjC_predicted,0.058823529411764705,16,16,CGTCCGCTTAGTAAGCTTTT,0,5193207
yqjE_yqjK_yqjD_yqjC_predicted,0.058823529411764705,16,16,CGTCCGAGATCGGTGTTATG,0,5247476
yqjE_yqjK_yqjD_yqjC_predicted,0.058823529411764705,16,16,CGGTTGCTATTCAAAGGTCA,0,5239988
yqjE_yqjK_yqjD_yqjC_predicted,0.058823529411764705,16,16,CGGGGAAAGGCAACGGTCAG,0,5218056
yqjE_yqjK_yqjD_yqjC_predicted,0.058823529411764705,16,16,CGGGCGTGTTGGACAATTAC,0,5180269
yqjE_yqjK_yqjD_yqjC_predicted,0.058823529411764705,16,16,CGGATCCTTTTCCAAGACCT,0,5193485
yqjE_yqjK_yqjD_yqjC_predicted,0.058823529411764705,16,16,CGAATTTATACGCCTCTTAT,0,5200812
yqjE_yqjK_yqjD_yqjC_predicted,0.058823529411764705,16,16,CGAATCTAAGCTAGCACCCT,0,5239863
yqjE_yqjK_yqjD_yqjC_predicted,0.058823529411764705,16,16,CCTGTTAGTGTGCCCTCCAG,0,5172061
yqjE_yqjK_yqjD_yqjC_predicted,0.058823529411764705,16,16,CCTGCTGTAGCCGCTGAATA,0,5229257
yqjE_yqjK_yqjD_yqjC_predicted,0.058823529411764705,16,16,CCTCTATACGCCTTAAGGTA,0,5247813
yqjE_yqjK_yqjD_yqjC_predicted,0.058823529411764705,16,16,CCCCACAAGTCTAGGGACAC,0,5179700
yqjE_yqjK_yqjD_yqjC_predicted,0.058823529411764705,16,16,CCCATGCTGATAGTTAGCCT,0,5262857
yqjE_yqjK_yqjD_yqjC_predicted,0.058823529411764705,16,16,CCCATCGTAGGACGCTTGCG,0,5214531
yqjE_yqjK_yqjD_yqjC_predicted,0.058823529411764705,16,16,CCATGGTATTATGCACATAC,0,5192614
yqjE_yqjK_yqjD_yqjC_predicted,0.058823529411764705,16,16,CCAACTGTGCATGAGAGAAC,0,5260290
yqjE_yqjK_yqjD_yqjC_predicted,0.058823529411764705,16,16,CCAACTAGGCAACATTGAAG,0,5233252
yqjE_yqjK_yqjD_yqjC_predicted,0.058823529411764705,16,16,CATGGGGCTTGAGGACCGGT,0,5185661
yqjE_yqjK_yqjD_yqjC_predicted,0.058823529411764705,16,16,CATGGAAGTTATCCTGCAGA,0,5201889
yqjE_yqjK_yqjD_yqjC_predicted,0.058823529411764705,16,16,CATGCGAAGTTCCGCACGAT,0,5251581
yqjE_yqjK_yqjD_yqjC_predicted,0.058823529411764705,16,16,CAGTCCGTTGGGTCGTCGAA,0,5262044
yqjE_yqjK_yqjD_yqjC_predicted,0.058823529411764705,16,16,CACGCGTCAATGATCACTGA,0,5175086
yqjE_yqjK_yqjD_yqjC_predicted,0.058823529411764705,16,16,CACATGGGTAGGCGGCCTAG,0,5246068
yqjE_yqjK_yqjD_yqjC_predicted,0.058823529411764705,16,16,CAAAGACACGCCGGTGCGGA,0,5172347
yqjE_yqjK_yqjD_yqjC_predicted,0.058823529411764705,16,16,ATTTGCAACCTCCCCTTGCG,0,5257570
yqjE_yqjK_yqjD_yqjC_predicted,0.058823529411764705,16,16,ATTTAACCGGTTCACGCGAG,0,5250365
yqjE_yqjK_yqjD_yqjC_predicted,0.058823529411764705,16,16,ATGTGCGCGACGCGATTTCA,0,5214014
yqjE_yqjK_yqjD_yqjC_predicted,0.058823529411764705,16,16,ATCGGAGTGCTTTAGACTCT,0,5219260
yqjE_yqjK_yqjD_yqjC_predicted,0.058823529411764705,16,16,ATCGCGGTATTTGGGGAGCG,0,5214973
yqjE_yqjK_yqjD_yqjC_predicted,0.058823529411764705,16,16,ATCGCAATTCGAGGCTGCTA,0,5258248
yqjE_yqjK_yqjD_yqjC_predicted,0.058823529411764705,16,16,ATATTCCCAAGACGCTGGAT,0,5178540
yqjE_yqjK_yqjD_yqjC_predicted,0.058823529411764705,16,16,AGTAATACCACGCCCCAACA,0,5242944
yqjE_yqjK_yqjD_yqjC_predicted,0.058823529411764705,16,16,AGCTATCCGTACTCACGGCG,0,5201431
yqjE_yqjK_yqjD_yqjC_predicted,0.058823529411764705,16,16,AGCCTTAAGTGGACTTTCCT,0,5250741
yqjE_yqjK_yqjD_yqjC_predicted,0.058823529411764705,16,16,AGATTGCTCTCGATTTATGC,0,5202971
yqjE_yqjK_yqjD_yqjC_predicted,0.058823529411764705,16,16,AGAGCGAAGTTTTTAATGTA,0,5242330
yqjE_yqjK_yqjD_yqjC_predicted,0.058823529411764705,16,16,AGAGCCGCGTGGCTTTACCG,0,5196893
yqjE_yqjK_yqjD_yqjC_predicted,0.058823529411764705,16,16,ACTTGAGATGCGGATTCGGG,0,5172470
yqjE_yqjK_yqjD_yqjC_predicted,0.058823529411764705,16,16,ACTGCAGATAGTGCCTTTGA,0,5208765
yqjE_yqjK_yqjD_yqjC_predicted,0.058823529411764705,16,16,ACTAACATAGCCGGGAGGCA,0,5259813
yqjE_yqjK_yqjD_yqjC_predicted,0.058823529411764705,16,16,ACGGGCACCTACCTGGAACT,0,5235776
yqjE_yqjK_yqjD_yqjC_predicted,0.058823529411764705,16,16,ACGGACCGCTTGCGAGTTAG,0,5195797
yqjE_yqjK_yqjD_yqjC_predicted,0.058823529411764705,16,16,ACCGTGAGTGTGTCTGCAAT,0,5250657
yqjE_yqjK_yqjD_yqjC_predicted,0.058823529411764705,16,16,ACAGTACTTCAAAAGGAGGT,0,5191091
yqjE_yqjK_yqjD_yqjC_predicted,0.058823529411764705,16,16,ACAGAGTGCCATCAACCGGG,0,5245752
yqjE_yqjK_yqjD_yqjC_predicted,0.058823529411764705,16,16,AAGTTGAGACGAAAAGAGTT,0,5246067
yqjE_yqjK_yqjD_yqjC_predicted,0.058823529411764705,16,16,AAGTCGAGTGATCTCCGTAA,0,5203765
yqjE_yqjK_yqjD_yqjC_predicted,0.058823529411764705,16,16,AAGAGCTGGGTATTATTTCA,0,5202812
yqjE_yqjK_yqjD_yqjC_predicted,0.058823529411764705,16,16,AACTTCACCATCTCACACGA,0,5200000
yqjE_yqjK_yqjD_yqjC_predicted,0.058823529411764705,16,16,AACTCTGTGGGTGAGATCGT,0,5244177
yqjE_yqjK_yqjD_yqjC_predicted,0.058823529411764705,16,16,AAATAATCTGCATGCGCCTT,0,5221885
yqjE_yqjK_yqjD_yqjC_predicted,0.058823529411764705,16,16,AAAGTAGCCTTTATCCGCTG,0,5199532
yqjE_yqjK_yqjD_yqjC_predicted,0.058823529411764705,16,16,AAAGCATCTATGTAGAGAGC,0,5240909
yqjE_yqjK_yqjD_yqjC_predicted,0.0625,15,15,TTTGCCAATTAGGTTTGAAT,0,5203420
yqjE_yqjK_yqjD_yqjC_predicted,0.0625,15,15,TTTATAGATATTTATAAGTT,0,5180428
yqjE_yqjK_yqjD_yqjC_predicted,0.0625,15,15,TTGGGCATGAAAGTGAGTGT,0,5183867
yqjE_yqjK_yqjD_yqjC_predicted,0.0625,15,15,TTGCTGATTAATGGAACGTC,0,5228359
yqjE_yqjK_yqjD_yqjC_predicted,0.0625,15,15,TTGCCAACACGACCCAGCGT,0,5173295
yqjE_yqjK_yqjD_yqjC_predicted,0.0625,15,15,TTGAATATTGCGTTTGGTAG,0,5224172
yqjE_yqjK_yqjD_yqjC_predicted,0.0625,15,15,TTCAAGAGGATAGAGCGTTG,0,5250757
yqjE_yqjK_yqjD_yqjC_predicted,0.0625,15,15,TTACAACAATGCGCCATATA,0,5242613
yqjE_yqjK_yqjD_yqjC_predicted,0.0625,15,15,TTAATAAAATCAGTTTCCAC,0,5199432
yqjE_yqjK_yqjD_yqjC_predicted,0.0625,15,15,TGTCTGGCAGCAGTAGATCT,0,5218285
yqjE_yqjK_yqjD_yqjC_predicted,0.0625,15,15,TGTCAGCTTTTTACGGCTTC,0,5185110
yqjE_yqjK_yqjD_yqjC_predicted,0.0625,15,15,TGGCTGGGAGCACGCCGAGG,0,5205484
yqjE_yqjK_yqjD_yqjC_predicted,0.0625,15,15,TGCGGTGGCGTCGGTAATGT,0,5186400
yqjE_yqjK_yqjD_yqjC_predicted,0.0625,15,15,TGCGGCGAATAAGGCTAGTG,0,5174560
yqjE_yqjK_yqjD_yqjC_predicted,0.0625,15,15,TGCGATTTCGTGGATGGCGA,0,5254717
yqjE_yqjK_yqjD_yqjC_predicted,0.0625,15,15,TGATAGAGTAATAGTATCGG,0,5218500
yqjE_yqjK_yqjD_yqjC_predicted,0.0625,15,15,TGATAGACTTCAAGACATTC,0,5175168
yqjE_yqjK_yqjD_yqjC_predicted,0.0625,15,15,TGATACCTACAAAGGTATTC,0,5255048
yqjE_yqjK_yqjD_yqjC_predicted,0.0625,15,15,TGAGTTCAGGGGTGTGGAAC,0,5188813
yqjE_yqjK_yqjD_yqjC_predicted,0.0625,15,15,TGAGGGGTCGATGCTTGCTT,0,5225266
yqjE_yqjK_yqjD_yqjC_predicted,0.0625,15,15,TCTTCCATGGAACAGTGTCG,0,5245720
yqjE_yqjK_yqjD_yqjC_predicted,0.0625,15,15,TCTGCACCGAGCGTCATAGG,0,5229679
yqjE_yqjK_yqjD_yqjC_predicted,0.0625,15,15,TCTAGGTAGGTTCCATCAAT,0,5181816
yqjE_yqjK_yqjD_yqjC_predicted,0.0625,15,15,TCGTACCCCTGTATGTTTGG,0,5193124
yqjE_yqjK_yqjD_yqjC_predicted,0.0625,15,15,TCGGCGACGTGAAGTCCGGT,0,5236755
yqjE_yqjK_yqjD_yqjC_predicted,0.0625,15,15,TCGATGGCAAGCCTTGTGTG,0,5187048
yqjE_yqjK_yqjD_yqjC_predicted,0.0625,15,15,TCGAATGACTTGTTTCGATC,0,5183983
yqjE_yqjK_yqjD_yqjC_predicted,0.0625,15,15,TCCGGCACCACCGTGATGTA,0,5225660
yqjE_yqjK_yqjD_yqjC_predicted,0.0625,15,15,TCATCACTGTCCTTGACTAG,0,5205476
yqjE_yqjK_yqjD_yqjC_predicted,0.0625,15,15,TCAGGGGCAGCAGCCAGAGT,0,5204833
yqjE_yqjK_yqjD_yqjC_predicted,0.0625,15,15,TCAGGACGGGTACGAGGATT,0,5255238
yqjE_yqjK_yqjD_yqjC_predicted,0.0625,15,15,TCACGCCTAGTCCTATCGCT,0,5196896
yqjE_yqjK_yqjD_yqjC_predicted,0.0625,15,15,TCAAGCCACCCCTATGTTGT,0,5224399
yqjE_yqjK_yqjD_yqjC_predicted,0.0625,15,15,TATGGGCCGTGTAAGACCAT,0,5242332
yqjE_yqjK_yqjD_yqjC_predicted,0.0625,15,15,TATCCACAGAACCGGCATCG,0,5244434
yqjE_yqjK_yqjD_yqjC_predicted,0.0625,15,15,TAGGAACTAGGACCGGCACG,0,5262199
yqjE_yqjK_yqjD_yqjC_predicted,0.0625,15,15,TACATCTCAAGAACTATCAC,0,5225179
yqjE_yqjK_yqjD_yqjC_predicted,0.0625,15,15,TACACCGCTGGAGTAGAAGG,0,5234663
yqjE_yqjK_yqjD_yqjC_predicted,0.0625,15,15,TACAAGCCTACTCGCAGCGA,0,5212724
yqjE_yqjK_yqjD_yqjC_predicted,0.0625,15,15,TAATTCGGCAGAACGATCGT,0,5186244
yqjE_yqjK_yqjD_yqjC_predicted,0.0625,15,15,TAATTCCGGGCCATCGCTCA,0,5250520
yqjE_yqjK_yqjD_yqjC_predicted,0.0625,15,15,TAACCTTTACCTTCCCGGGT,0,5242097
yqjE_yqjK_yqjD_yqjC_predicted,0.0625,15,15,GTGTTGTAGATTCTCTGAGA,0,5194119
yqjE_yqjK_yqjD_yqjC_predicted,0.0625,15,15,GTGAACACTATGTAACTAGC,0,5228782
yqjE_yqjK_yqjD_yqjC_predicted,0.0625,15,15,GTAGGTAGCCGATCTAAAGA,0,5217720
yqjE_yqjK_yqjD_yqjC_predicted,0.0625,15,15,GTACTACCCATAGTGGACAC,0,5239895
yqjE_yqjK_yqjD_yqjC_predicted,0.0625,15,15,GTAAACCGCGGGCCGTCAGA,0,5221005
yqjE_yqjK_yqjD_yqjC_predicted,0.0625,15,15,GGTTTAGAATGTTCAGACAT,0,5188251
yqjE_yqjK_yqjD_yqjC_predicted,0.0625,15,15,GGTCAGGAGCTATGTAATGA,0,5251083
yqjE_yqjK_yqjD_yqjC_predicted,0.0625,15,15,GGGGTTTGAAGTTACATCTC,0,5178236
yqjE_yqjK_yqjD_yqjC_predicted,0.0625,15,15,GGGGCTCATCAATAAACTTC,0,5192118
yqjE_yqjK_yqjD_yqjC_predicted,0.0625,15,15,GGGATTGTGATGCTGTACTT,0,5177404
yqjE_yqjK_yqjD_yqjC_predicted,0.0625,15,15,GGCTCCAGTAAAGTAAAAGT,0,5200564
yqjE_yqjK_yqjD_yqjC_predicted,0.0625,15,15,GGCGCACGTCGTGAGTTGGT,0,5224391
yqjE_yqjK_yqjD_yqjC_predicted,0.0625,15,15,GGCGAGACAGGCCAGTATTG,0,5237656
yqjE_yqjK_yqjD_yqjC_predicted,0.0625,15,15,GGCCTGTTAGATAGACTCCG,0,5190569
yqjE_yqjK_yqjD_yqjC_predicted,0.0625,15,15,GGCAGTGCGTCCTACGCTCT,0,5196349
yqjE_yqjK_yqjD_yqjC_predicted,0.0625,15,15,GGATGTAGCAAGCCACCACA,0,5229452
yqjE_yqjK_yqjD_yqjC_predicted,0.0625,15,15,GGATAACGAAAAACGTGTAC,0,5190245
yqjE_yqjK_yqjD_yqjC_predicted,0.0625,15,15,GGAGCCAGGACCGTCTATTG,0,5256859
yqjE_yqjK_yqjD_yqjC_predicted,0.0625,15,15,GCGGTAAAATCCGATATCGA,0,5227392
yqjE_yqjK_yqjD_yqjC_predicted,0.0625,15,15,GCGGGGAAACGTGACCACCA,0,5184006
yqjE_yqjK_yqjD_yqjC_predicted,0.0625,15,15,GCGCATGGTAGCCGAGAGGG,0,5197328
yqjE_yqjK_yqjD_yqjC_predicted,0.0625,15,15,GCCGGTGGTTAACCAATGAC,0,5197199
yqjE_yqjK_yqjD_yqjC_predicted,0.0625,15,15,GCCGCACTGGTCATATTTAC,0,5241115
yqjE_yqjK_yqjD_yqjC_predicted,0.0625,15,15,GCATGTTACGATATGTGGTA,0,5184762
yqjE_yqjK_yqjD_yqjC_predicted,0.0625,15,15,GCAGCTGATTGTATGTATCT,0,5227049
yqjE_yqjK_yqjD_yqjC_predicted,0.0625,15,15,GCAAAGGAAGTCATGCTGCT,0,5256261
yqjE_yqjK_yqjD_yqjC_predicted,0.0625,15,15,GATAACAACCAGTCTGGAGA,0,5240906
yqjE_yqjK_yqjD_yqjC_predicted,0.0625,15,15,GAGTAAGGGAGACCCCCTAC,0,5239266
yqjE_yqjK_yqjD_yqjC_predicted,0.0625,15,15,GAGCTTTATCGCACCATTGT,0,5253549
yqjE_yqjK_yqjD_yqjC_predicted,0.0625,15,15,GAGCCTTCGCACGCTGTGTT,0,5175166
yqjE_yqjK_yqjD_yqjC_predicted,0.0625,15,15,GACATTTACGCCAGAGGGGA,0,5223197
yqjE_yqjK_yqjD_yqjC_predicted,0.0625,15,15,CTGTTCTGGGGGAGGAGGGG,0,5226399
yqjE_yqjK_yqjD_yqjC_predicted,0.0625,15,15,CTGCCAAATTCGACGGGCAG,0,5237809
yqjE_yqjK_yqjD_yqjC_predicted,0.0625,15,15,CTGATCAGTGGCAAATGCAA,0,5224901
yqjE_yqjK_yqjD_yqjC_predicted,0.0625,15,15,CTCTTATGTCATTGCATCCG,0,5260152
yqjE_yqjK_yqjD_yqjC_predicted,0.0625,15,15,CTCTGAGTCGTTAACTAAGA,0,5186890
yqjE_yqjK_yqjD_yqjC_predicted,0.0625,15,15,CTCCTGAACAAGTTCTCCAA,0,5174487
yqjE_yqjK_yqjD_yqjC_predicted,0.0625,15,15,CTCAATGAGCACCACTTGAT,0,5233898
yqjE_yqjK_yqjD_yqjC_predicted,0.0625,15,15,CGTTCTGTGTGATCTGGACC,0,5242439
yqjE_yqjK_yqjD_yqjC_predicted,0.0625,15,15,CGTCTATCAAATGCATGCAA,0,5242847
yqjE_yqjK_yqjD_yqjC_predicted,0.0625,15,15,CGTCCGTGACCTCAGATTAA,0,5211486
yqjE_yqjK_yqjD_yqjC_predicted,0.0625,15,15,CGGTACACCCCTGATGTGTA,0,5253233
yqjE_yqjK_yqjD_yqjC_predicted,0.0625,15,15,CGGATACTGAAAACGGCATA,0,5175958
yqjE_yqjK_yqjD_yqjC_predicted,0.0625,15,15,CGCTTTACCTCAGGATTAGA,0,5222374
yqjE_yqjK_yqjD_yqjC_predicted,0.0625,15,15,CGACTGTTTAAGTAAGACCT,0,5206259
yqjE_yqjK_yqjD_yqjC_predicted,0.0625,15,15,CGACGGCCCCCTAACATAGC,0,5221095
yqjE_yqjK_yqjD_yqjC_predicted,0.0625,15,15,CGAATCGGTAGTAGGGTTAT,0,5176102
yqjE_yqjK_yqjD_yqjC_predicted,0.0625,15,15,CGAAACTTATGTGCACCCGT,0,5213927
yqjE_yqjK_yqjD_yqjC_predicted,0.0625,15,15,CCGCTCATAAAGTCTTAGGC,0,5216535
yqjE_yqjK_yqjD_yqjC_predicted,0.0625,15,15,CCCTATTCGTGATAGACCGC,0,5261797
yqjE_yqjK_yqjD_yqjC_predicted,0.0625,15,15,CCCTAATGTGGCCTACGCAT,0,5183262
yqjE_yqjK_yqjD_yqjC_predicted,0.0625,15,15,CCCGGGGCCAAGGAGAGAGT,0,5254794
yqjE_yqjK_yqjD_yqjC_predicted,0.0625,15,15,CCCCCGGACATTCCTAGTGG,0,5230576
yqjE_yqjK_yqjD_yqjC_predicted,0.0625,15,15,CCATTTAATTAGATTCGCAT,0,5219445
yqjE_yqjK_yqjD_yqjC_predicted,0.0625,15,15,CCAGATACTCTTTGTCCGGG,0,5219060
yqjE_yqjK_yqjD_yqjC_predicted,0.0625,15,15,CCAACAGGGTGGTAGGATTC,0,5215671
yqjE_yqjK_yqjD_yqjC_predicted,0.0625,15,15,CATGATCTGTTCTTTGTCAG,0,5188423
yqjE_yqjK_yqjD_yqjC_predicted,0.0625,15,15,CATCCGACTCATGGTAGCTA,0,5223281
yqjE_yqjK_yqjD_yqjC_predicted,0.0625,15,15,CAGCTCTCCGCTAGGTCTGC,0,5205085
yqjE_yqjK_yqjD_yqjC_predicted,0.0625,15,15,CAGATCGTGCATATGTTCCA,0,5251688
yqjE_yqjK_yqjD_yqjC_predicted,0.0625,15,15,CACTGGACACCGCTCCTCTA,0,5197985
yqjE_yqjK_yqjD_yqjC_predicted,0.0625,15,15,CACGTCACCCGCCACGTTGT,0,5189113
yqjE_yqjK_yqjD_yqjC_predicted,0.0625,15,15,CACGATTCGACACATGATAC,0,5247103
yqjE_yqjK_yqjD_yqjC_predicted,0.0625,15,15,CACGAGACGTTGGGGGCCAA,0,5226762
yqjE_yqjK_yqjD_yqjC_predicted,0.0625,15,15,CAATACTATAGTACCCTCTC,0,5209271
yqjE_yqjK_yqjD_yqjC_predicted,0.0625,15,15,CAACAAGCATGACGAGTGCG,0,5247479
yqjE_yqjK_yqjD_yqjC_predicted,0.0625,15,15,ATTTGCAGTGGTCGCAGGGT,0,5175318
yqjE_yqjK_yqjD_yqjC_predicted,0.0625,15,15,ATTTCGAGCTTAGATCCGGG,0,5237657
yqjE_yqjK_yqjD_yqjC_predicted,0.0625,15,15,ATTGTTGGCCGACCGTGTTT,0,5192401
yqjE_yqjK_yqjD_yqjC_predicted,0.0625,15,15,ATCGTTTACGGTCCTAGAAA,0,5239094
yqjE_yqjK_yqjD_yqjC_predicted,0.0625,15,15,ATCGAGTCGAACTCCGGGGT,0,5198627
yqjE_yqjK_yqjD_yqjC_predicted,0.0625,15,15,ATCCCCTTGCGGATGATAGC,0,5203839
yqjE_yqjK_yqjD_yqjC_predicted,0.0625,15,15,ATATTAGACAAACAGCATCT,0,5225279
yqjE_yqjK_yqjD_yqjC_predicted,0.0625,15,15,ATATGTGCAAACGTTTTCGG,0,5241428
yqjE_yqjK_yqjD_yqjC_predicted,0.0625,15,15,ATACAGAGTTCAACAGGCCT,0,5236130
yqjE_yqjK_yqjD_yqjC_predicted,0.0625,15,15,AGTTAAACCGGAGCGCGGGG,0,5201694
yqjE_yqjK_yqjD_yqjC_predicted,0.0625,15,15,AGTATCTCGGAAGGTTCAGA,0,5217808
yqjE_yqjK_yqjD_yqjC_predicted,0.0625,15,15,AGGTCTAAGAGAACCCGCGA,0,5205224
yqjE_yqjK_yqjD_yqjC_predicted,0.0625,15,15,AGGTCATATCGAGCCAATAT,0,5171421
yqjE_yqjK_yqjD_yqjC_predicted,0.0625,15,15,AGGCTGCAGCGCCAATATTG,0,5244587
yqjE_yqjK_yqjD_yqjC_predicted,0.0625,15,15,AGAAGGACCAGCCACGAATA,0,5215171
yqjE_yqjK_yqjD_yqjC_predicted,0.0625,15,15,ACGTTTAAAAATCAAATCGC,0,5202437
yqjE_yqjK_yqjD_yqjC_predicted,0.0625,15,15,ACGTACTTGTGAACTTGGCC,0,5208626
yqjE_yqjK_yqjD_yqjC_predicted,0.0625,15,15,ACGGTATGCCAGTGAATTAA,0,5178489
yqjE_yqjK_yqjD_yqjC_predicted,0.0625,15,15,ACCTCGTGCTTCCGTAAGGG,0,5214532
yqjE_yqjK_yqjD_yqjC_predicted,0.0625,15,15,ACCCTCTTTCTCAAGTTATG,0,5220579
yqjE_yqjK_yqjD_yqjC_predicted,0.0625,15,15,ACCCTAATGTGGGAAGCCGT,0,5262053
yqjE_yqjK_yqjD_yqjC_predicted,0.0625,15,15,ACATTCAGGTACACCCGGTA,0,5181637
yqjE_yqjK_yqjD_yqjC_predicted,0.0625,15,15,ACAGTCTGTAAATTCCCATA,0,5256785
yqjE_yqjK_yqjD_yqjC_predicted,0.0625,15,15,ACACTTGACGCAATACAGTT,0,5204916
yqjE_yqjK_yqjD_yqjC_predicted,0.0625,15,15,ACACGTTAGGCGTTTAGAAT,0,5177297
yqjE_yqjK_yqjD_yqjC_predicted,0.0625,15,15,AATTTGACCGAATTCTCTGG,0,5226660
yqjE_yqjK_yqjD_yqjC_predicted,0.0625,15,15,AATGTCGTTCACATGTAGTT,0,5213054
yqjE_yqjK_yqjD_yqjC_predicted,0.0625,15,15,AAGTTTCGCAGGAGCGCTGA,0,5193565
yqjE_yqjK_yqjD_yqjC_predicted,0.0625,15,15,AAGTCAGGATCACGTTCTGT,0,5252439
yqjE_yqjK_yqjD_yqjC_predicted,0.0625,15,15,AAATACTAGACAACAGTGCA,0,5255162
yqjE_yqjK_yqjD_yqjC_predicted,0.0625,15,15,AAAGGGTAGGGTGCGGCCCG,0,5207071
yqjE_yqjK_yqjD_yqjC_predicted,0.0625,15,15,AAAAGTGGGGGTTTAGTACT,0,5241682
yqjE_yqjK_yqjD_yqjC_predicted,0.06666666666666667,14,14,TTTTCCTCCCAGATCTCTCC,0,5230053
yqjE_yqjK_yqjD_yqjC_predicted,0.06666666666666667,14,14,TTTGGTCGTTCGACTTTCAC,0,5171071
yqjE_yqjK_yqjD_yqjC_predicted,0.06666666666666667,14,14,TTTCCATCCGTTAAAAAATC,0,5201425
yqjE_yqjK_yqjD_yqjC_predicted,0.06666666666666667,14,14,TTTCATCCATTCAGCCCTAG,0,5177392
yqjE_yqjK_yqjD_yqjC_predicted,0.06666666666666667,14,14,TTTATTTCAGGAGCTTGTCT,0,5215935
yqjE_yqjK_yqjD_yqjC_predicted,0.06666666666666667,14,14,TTTAGTACGCGACTTACCAA,0,5173757
yqjE_yqjK_yqjD_yqjC_predicted,0.06666666666666667,14,14,TTTAGCAGTACGCGTCGTCA,0,5207681
yqjE_yqjK_yqjD_yqjC_predicted,0.06666666666666667,14,14,TTGTTGACGGCTACACTGGG,0,5231404
yqjE_yqjK_yqjD_yqjC_predicted,0.06666666666666667,14,14,TTGGGCACAGGGATCAAAGA,0,5237487
yqjE_yqjK_yqjD_yqjC_predicted,0.06666666666666667,14,14,TTGGCACGAGACACGCTCTA,0,5228624
yqjE_yqjK_yqjD_yqjC_predicted,0.06666666666666667,14,14,TTCTGCAGTGGGCGGGGGAG,0,5226758
yqjE_yqjK_yqjD_yqjC_predicted,0.06666666666666667,14,14,TTCACTTGGCTACGTCTTCT,0,5205880
yqjE_yqjK_yqjD_yqjC_predicted,0.06666666666666667,14,14,TTATTTGTAAATTCGAGCTG,0,5178998
yqjE_yqjK_yqjD_yqjC_predicted,0.06666666666666667,14,14,TTATTACGTCCCAACTCTAA,0,5206687
yqjE_yqjK_yqjD_yqjC_predicted,0.06666666666666667,14,14,TTAGCGTCCGACCACTGCCC,0,5204717
yqjE_yqjK_yqjD_yqjC_predicted,0.06666666666666667,14,14,TTAGATTCTTTTGCTGTTGT,0,5225486
yqjE_yqjK_yqjD_yqjC_predicted,0.06666666666666667,14,14,TTACTGGGGAATGATGTGGT,0,5249580
yqjE_yqjK_yqjD_yqjC_predicted,0.06666666666666667,14,14,TTACCAACGTTACACGGTCT,0,5251193
yqjE_yqjK_yqjD_yqjC_predicted,0.06666666666666667,14,14,TTACAGGTAGGCGGGTTGAC,0,5200691
yqjE_yqjK_yqjD_yqjC_predicted,0.06666666666666667,14,14,TTACAGGCTGATCATCAGGA,0,5253018
yqjE_yqjK_yqjD_yqjC_predicted,0.06666666666666667,14,14,TTACAGCATAGAACTACCAT,0,5239996
yqjE_yqjK_yqjD_yqjC_predicted,0.06666666666666667,14,14,TTACAATTGGCCTCTATGGC,0,5190334
yqjE_yqjK_yqjD_yqjC_predicted,0.06666666666666667,14,14,TTAATGTATGCTACTACAAA,0,5235717
yqjE_yqjK_yqjD_yqjC_predicted,0.06666666666666667,14,14,TGTGAAGGTGTTTGCTGTAA,0,5206983
yqjE_yqjK_yqjD_yqjC_predicted,0.06666666666666667,14,14,TGTCATTACTCATTCTAGTC,0,5192711
yqjE_yqjK_yqjD_yqjC_predicted,0.06666666666666667,14,14,TGGTGGCGCGTTAGAGAAAC,0,5221758
yqjE_yqjK_yqjD_yqjC_predicted,0.06666666666666667,14,14,TGGGACAGCTGGGCTTCTAT,0,5242780
yqjE_yqjK_yqjD_yqjC_predicted,0.06666666666666667,14,14,TGGACAGGGGTAATCTCTCG,0,5239669
yqjE_yqjK_yqjD_yqjC_predicted,0.06666666666666667,14,14,TGGACACACATCACATATGT,0,5187846
yqjE_yqjK_yqjD_yqjC_predicted,0.06666666666666667,14,14,TGCTCGTTCTCGGCGCTGTC,0,5229895
yqjE_yqjK_yqjD_yqjC_predicted,0.06666666666666667,14,14,TGCTATGGCTAAAACGTACT,0,5247806
yqjE_yqjK_yqjD_yqjC_predicted,0.06666666666666667,14,14,TGCCCTGGGCGCAATGACGC,0,5260125
yqjE_yqjK_yqjD_yqjC_predicted,0.06666666666666667,14,14,TGAGTTGGTAAATATACATG,0,5181242
yqjE_yqjK_yqjD_yqjC_predicted,0.06666666666666667,14,14,TGAGACCTCTGTGGTTCAGA,0,5234770
yqjE_yqjK_yqjD_yqjC_predicted,0.06666666666666667,14,14,TGACTCTGCTTAGATTTTTT,0,5187966
yqjE_yqjK_yqjD_yqjC_predicted,0.06666666666666667,14,14,TGACGCGACAAGAGCGTCGG,0,5194431
yqjE_yqjK_yqjD_yqjC_predicted,0.06666666666666667,14,14,TGACCGTTCTCACTGGGGGT,0,5184264
yqjE_yqjK_yqjD_yqjC_predicted,0.06666666666666667,14,14,TCTGGGGACTTACAGATGAG,0,5253559
yqjE_yqjK_yqjD_yqjC_predicted,0.06666666666666667,14,14,TCTGCGCTACGACTACCTCT,0,5176809
yqjE_yqjK_yqjD_yqjC_predicted,0.06666666666666667,14,14,TCTCGGTTAAAGGGTGGGTG,0,5204291
yqjE_yqjK_yqjD_yqjC_predicted,0.06666666666666667,14,14,TCGGTGGGGTTGGCCTTCCC,0,5218496
yqjE_yqjK_yqjD_yqjC_predicted,0.06666666666666667,14,14,TCCCCGCATTACCCGTTCAT,0,5195734
yqjE_yqjK_yqjD_yqjC_predicted,0.06666666666666667,14,14,TCATCTCCGCTTGAGCAGGT,0,5222689
yqjE_yqjK_yqjD_yqjC_predicted,0.06666666666666667,14,14,TCATAAACTGTTTCGCGCTG,0,5204878
yqjE_yqjK_yqjD_yqjC_predicted,0.06666666666666667,14,14,TCAGGCCAATGCTATCTAAG,0,5176041
yqjE_yqjK_yqjD_yqjC_predicted,0.06666666666666667,14,14,TCACCTTACGCAACGGGGTG,0,5216948
yqjE_yqjK_yqjD_yqjC_predicted,0.06666666666666667,14,14,TCAAGGATGCGGAGCGTATA,0,5204163
yqjE_yqjK_yqjD_yqjC_predicted,0.06666666666666667,14,14,TCAACGCGACATGGGACTAC,0,5222645
yqjE_yqjK_yqjD_yqjC_predicted,0.06666666666666667,14,14,TCAAAGGTAGTCACTGTTCA,0,5181074
yqjE_yqjK_yqjD_yqjC_predicted,0.06666666666666667,14,14,TATCCGAGCTCCGAAAGCTC,0,5235716
yqjE_yqjK_yqjD_yqjC_predicted,0.06666666666666667,14,14,TATCAGCCACGAAGACGGCA,0,5246236
yqjE_yqjK_yqjD_yqjC_predicted,0.06666666666666667,14,14,TATCACGTCAAAAATGCGTA,0,5220688
yqjE_yqjK_yqjD_yqjC_predicted,0.06666666666666667,14,14,TAGGTGAGAGATACTCGCCC,0,5216246
yqjE_yqjK_yqjD_yqjC_predicted,0.06666666666666667,14,14,TAGGAGGGCTCGGTCGTTCT,0,5186061
yqjE_yqjK_yqjD_yqjC_predicted,0.06666666666666667,14,14,TAGCGCTACCTCGGAGTCCT,0,5174164
yqjE_yqjK_yqjD_yqjC_predicted,0.06666666666666667,14,14,TAGCGCCGGCTCCCTCGCGA,0,5246084
yqjE_yqjK_yqjD_yqjC_predicted,0.06666666666666667,14,14,TAGCAACGGTAAGCCTCTGC,0,5219210
yqjE_yqjK_yqjD_yqjC_predicted,0.06666666666666667,14,14,TAGATGCTCCCTAGAGGAGG,0,5219632
yqjE_yqjK_yqjD_yqjC_predicted,0.06666666666666667,14,14,TAGATATGAATGGAGTAGGG,0,5197185
yqjE_yqjK_yqjD_yqjC_predicted,0.06666666666666667,14,14,TAAGTTTAGTCTATCTGCGC,0,5185821
yqjE_yqjK_yqjD_yqjC_predicted,0.06666666666666667,14,14,TAACTATCACTGCCATGATA,0,5199516
yqjE_yqjK_yqjD_yqjC_predicted,0.06666666666666667,14,14,TAACAGTTATTCAGTTGGAG,0,5226010
yqjE_yqjK_yqjD_yqjC_predicted,0.06666666666666667,14,14,GTTTGGTTGGGCACTGGAAC,0,5222897
yqjE_yqjK_yqjD_yqjC_predicted,0.06666666666666667,14,14,GTTGGGCCGAAAGTTCTCCC,0,5204065
yqjE_yqjK_yqjD_yqjC_predicted,0.06666666666666667,14,14,GTTGCATGATGGTTTTACGT,0,5180183
yqjE_yqjK_yqjD_yqjC_predicted,0.06666666666666667,14,14,GTTCGAATCTGTACTTTTGT,0,5252108
yqjE_yqjK_yqjD_yqjC_predicted,0.06666666666666667,14,14,GTGTTGAGGCTCCTCTACAA,0,5258965
yqjE_yqjK_yqjD_yqjC_predicted,0.06666666666666667,14,14,GTCCGGCTAAAGTATTCAGT,0,5194874
yqjE_yqjK_yqjD_yqjC_predicted,0.06666666666666667,14,14,GTCATCGATGTCAAGGGAGA,0,5191285
yqjE_yqjK_yqjD_yqjC_predicted,0.06666666666666667,14,14,GTAGAGGAGGCGATGCATCC,0,5205716
yqjE_yqjK_yqjD_yqjC_predicted,0.06666666666666667,14,14,GGTGGTTGCTTCGTCCACCA,0,5203302
yqjE_yqjK_yqjD_yqjC_predicted,0.06666666666666667,14,14,GGTGGGTAGAAAGTCAAGGC,0,5212402
yqjE_yqjK_yqjD_yqjC_predicted,0.06666666666666667,14,14,GGTGCCTGCTCTTGCGCCTC,0,5212002
yqjE_yqjK_yqjD_yqjC_predicted,0.06666666666666667,14,14,GGGTCTCGGGGCTCATTAGT,0,5185182
yqjE_yqjK_yqjD_yqjC_predicted,0.06666666666666667,14,14,GGGTAGCAAATAACCACGTG,0,5249310
yqjE_yqjK_yqjD_yqjC_predicted,0.06666666666666667,14,14,GGGATACGGGAAACCACCTA,0,5228426
yqjE_yqjK_yqjD_yqjC_predicted,0.06666666666666667,14,14,GGGAGCCCCCAATATCGGTT,0,5194286
yqjE_yqjK_yqjD_yqjC_predicted,0.06666666666666667,14,14,GGCTAGTACACCGCTGAGCA,0,5259086
yqjE_yqjK_yqjD_yqjC_predicted,0.06666666666666667,14,14,GGCAGATCCAATAATCGGCA,0,5193231
yqjE_yqjK_yqjD_yqjC_predicted,0.06666666666666667,14,14,GGATGTGTCCTGGCAAGAAC,0,5174557
yqjE_yqjK_yqjD_yqjC_predicted,0.06666666666666667,14,14,GCTCTCTATTTATCTAGGTC,0,5219259
yqjE_yqjK_yqjD_yqjC_predicted,0.06666666666666667,14,14,GCTCGTACAGGTGCTCCTCC,0,5181138
yqjE_yqjK_yqjD_yqjC_predicted,0.06666666666666667,14,14,GCTACGACACAGTCGATTCG,0,5218706
yqjE_yqjK_yqjD_yqjC_predicted,0.06666666666666667,14,14,GCGTCCCCCTAAAGGCGTCC,0,5212795
yqjE_yqjK_yqjD_yqjC_predicted,0.06666666666666667,14,14,GCGTATTCATTCGTCTGCAA,0,5204403
yqjE_yqjK_yqjD_yqjC_predicted,0.06666666666666667,14,14,GCGAATCCGACTATTAGGAT,0,5190061
yqjE_yqjK_yqjD_yqjC_predicted,0.06666666666666667,14,14,GCCTGGGCGAGCCGAGCGGT,0,5214636
yqjE_yqjK_yqjD_yqjC_predicted,0.06666666666666667,14,14,GCCTATTAGGGATGCTCGCC,0,5253141
yqjE_yqjK_yqjD_yqjC_predicted,0.06666666666666667,14,14,GCCTAGGATCGCCAGAGCAG,0,5260958
yqjE_yqjK_yqjD_yqjC_predicted,0.06666666666666667,14,14,GCCTACGCTATGGAGTGATG,0,5172476
yqjE_yqjK_yqjD_yqjC_predicted,0.06666666666666667,14,14,GCCGGGGGGGGTTCGACGCC,0,5225671
yqjE_yqjK_yqjD_yqjC_predicted,0.06666666666666667,14,14,GCCGGCAGAATCCTTCGCTT,0,5234688
yqjE_yqjK_yqjD_yqjC_predicted,0.06666666666666667,14,14,GCCCCATCAACTCTGGTTTA,0,5221972
yqjE_yqjK_yqjD_yqjC_predicted,0.06666666666666667,14,14,GCCATTCCATCGTTGTGGAG,0,5204915
yqjE_yqjK_yqjD_yqjC_predicted,0.06666666666666667,14,14,GCAGACAATATATAGTGGCA,0,5171067
yqjE_yqjK_yqjD_yqjC_predicted,0.06666666666666667,14,14,GATGGAGGATGTCGCAAGGT,0,5199815
yqjE_yqjK_yqjD_yqjC_predicted,0.06666666666666667,14,14,GATAGCGTGACGGGCTGGTG,0,5205508
yqjE_yqjK_yqjD_yqjC_predicted,0.06666666666666667,14,14,GAGGATGTGGGCCAAGCTTC,0,5173793
yqjE_yqjK_yqjD_yqjC_predicted,0.06666666666666667,14,14,GAGATAGGAGCTAACGCTTC,0,5209538
yqjE_yqjK_yqjD_yqjC_predicted,0.06666666666666667,14,14,GACCACAAGAATAAAAGAAC,0,5178240
yqjE_yqjK_yqjD_yqjC_predicted,0.06666666666666667,14,14,GAACGGTCTTACATCGAGTA,0,5253174
yqjE_yqjK_yqjD_yqjC_predicted,0.06666666666666667,14,14,GAAAAGTTCATCTCACAAGC,0,5196253
yqjE_yqjK_yqjD_yqjC_predicted,0.06666666666666667,14,14,CTTGATGCATTAAATGGTTA,0,5205354
yqjE_yqjK_yqjD_yqjC_predicted,0.06666666666666667,14,14,CTGGTTGAAGTAAGGGAAAT,0,5191185
yqjE_yqjK_yqjD_yqjC_predicted,0.06666666666666667,14,14,CTGAAGTAAATCTCCAGGAG,0,5189808
yqjE_yqjK_yqjD_yqjC_predicted,0.06666666666666667,14,14,CTCCTGGACGTCACCGCACT,0,5254941
yqjE_yqjK_yqjD_yqjC_predicted,0.06666666666666667,14,14,CTCAGGCTGCGCGTTATTCA,0,5185782
yqjE_yqjK_yqjD_yqjC_predicted,0.06666666666666667,14,14,CTCACAGGGTAAGCTGCTTT,0,5246556
yqjE_yqjK_yqjD_yqjC_predicted,0.06666666666666667,14,14,CTATAACGTGCCTACGGCCC,0,5209531
yqjE_yqjK_yqjD_yqjC_predicted,0.06666666666666667,14,14,CTACCTCGGATAATCTACAG,0,5244619
yqjE_yqjK_yqjD_yqjC_predicted,0.06666666666666667,14,14,CGTTAACATGATGCGAACAG,0,5178544
yqjE_yqjK_yqjD_yqjC_predicted,0.06666666666666667,14,14,CGTCTTTAGATGCGCCAGCA,0,5191495
yqjE_yqjK_yqjD_yqjC_predicted,0.06666666666666667,14,14,CGTATATCGAGGATACATCT,0,5221152
yqjE_yqjK_yqjD_yqjC_predicted,0.06666666666666667,14,14,CGTACCTCGCGCCCGGCAAT,0,5201198
yqjE_yqjK_yqjD_yqjC_predicted,0.06666666666666667,14,14,CGTAATGCCAGGCCGATACG,0,5201390
yqjE_yqjK_yqjD_yqjC_predicted,0.06666666666666667,14,14,CGTAAAACGTCAATAGGCAC,0,5251066
yqjE_yqjK_yqjD_yqjC_predicted,0.06666666666666667,14,14,CGGTTACCGGGCGTGAAGAA,0,5249651
yqjE_yqjK_yqjD_yqjC_predicted,0.06666666666666667,14,14,CGGTCCGGAATCGTAAATAT,0,5203180
yqjE_yqjK_yqjD_yqjC_predicted,0.06666666666666667,14,14,CGGCGAACATAATAATCCCT,0,5220355
yqjE_yqjK_yqjD_yqjC_predicted,0.06666666666666667,14,14,CGGATCGGCTTAGTTAGTTC,0,5241955
yqjE_yqjK_yqjD_yqjC_predicted,0.06666666666666667,14,14,CGGAGGTTGGCATTATTTCA,0,5209170
yqjE_yqjK_yqjD_yqjC_predicted,0.06666666666666667,14,14,CGGAATCACCCCCCACGACA,0,5201279
yqjE_yqjK_yqjD_yqjC_predicted,0.06666666666666667,14,14,CGCTACGTGAGCTAGGGGTT,0,5255412
yqjE_yqjK_yqjD_yqjC_predicted,0.06666666666666667,14,14,CGCGCGAATGGCTATGCGAG,0,5178640
yqjE_yqjK_yqjD_yqjC_predicted,0.06666666666666667,14,14,CGCATAGTAGAGGGTATTAT,0,5198810
yqjE_yqjK_yqjD_yqjC_predicted,0.06666666666666667,14,14,CGAGCGTGCAATACGGTGCG,0,5184632
yqjE_yqjK_yqjD_yqjC_predicted,0.06666666666666667,14,14,CGACGACGGATAGGTCGAGC,0,5252832
yqjE_yqjK_yqjD_yqjC_predicted,0.06666666666666667,14,14,CGAACGCGTCGGCGAGTCCC,0,5188720
yqjE_yqjK_yqjD_yqjC_predicted,0.06666666666666667,14,14,CCTTGCCCGCTCGCCTTTAT,0,5203853
yqjE_yqjK_yqjD_yqjC_predicted,0.06666666666666667,14,14,CCTTCGATCCGCACGAGATT,0,5176326
yqjE_yqjK_yqjD_yqjC_predicted,0.06666666666666667,14,14,CCTGAGCATGACTCGATCCA,0,5185604
yqjE_yqjK_yqjD_yqjC_predicted,0.06666666666666667,14,14,CCTCGTGGTAGATTATTCGA,0,5175173
yqjE_yqjK_yqjD_yqjC_predicted,0.06666666666666667,14,14,CCGTCACTGCGTTGCAACTT,0,5208239
yqjE_yqjK_yqjD_yqjC_predicted,0.06666666666666667,14,14,CCGCTATACTCGACGGTCAC,0,5208896
yqjE_yqjK_yqjD_yqjC_predicted,0.06666666666666667,14,14,CCGCCAGCGCGGAAAGAAGA,0,5220952
yqjE_yqjK_yqjD_yqjC_predicted,0.06666666666666667,14,14,CCCGGTAGGTTACCAGTTGC,0,5221353
yqjE_yqjK_yqjD_yqjC_predicted,0.06666666666666667,14,14,CCAGCCACTTACATCACGCG,0,5248044
yqjE_yqjK_yqjD_yqjC_predicted,0.06666666666666667,14,14,CCACTGTCTATACGGTCATA,0,5249605
yqjE_yqjK_yqjD_yqjC_predicted,0.06666666666666667,14,14,CATTGTGGTCTCAGTAGGCT,0,5246961
yqjE_yqjK_yqjD_yqjC_predicted,0.06666666666666667,14,14,CATCTTGACCTCGGGTGTCG,0,5235724
yqjE_yqjK_yqjD_yqjC_predicted,0.06666666666666667,14,14,CATCCGAGTTGGCCCCTGAT,0,5189286
yqjE_yqjK_yqjD_yqjC_predicted,0.06666666666666667,14,14,CATCATTACGAGTTATAAGA,0,5232140
yqjE_yqjK_yqjD_yqjC_predicted,0.06666666666666667,14,14,CATCAGCTCCGATCAGACAC,0,5195949
yqjE_yqjK_yqjD_yqjC_predicted,0.06666666666666667,14,14,CATATGCGCCCTAACATCCC,0,5207298
yqjE_yqjK_yqjD_yqjC_predicted,0.06666666666666667,14,14,CATATCAGTAGCCGCACAAG,0,5249412
yqjE_yqjK_yqjD_yqjC_predicted,0.06666666666666667,14,14,CAGGGCTCATCGTGTCGGTG,0,5222576
yqjE_yqjK_yqjD_yqjC_predicted,0.06666666666666667,14,14,CAGATTATCAGCAATCTTCC,0,5191180
yqjE_yqjK_yqjD_yqjC_predicted,0.06666666666666667,14,14,CACTAACGATTCACGCTTAG,0,5222030
yqjE_yqjK_yqjD_yqjC_predicted,0.06666666666666667,14,14,CACAGAAACACCCTTCGAGC,0,5198190
yqjE_yqjK_yqjD_yqjC_predicted,0.06666666666666667,14,14,CAACAGGTGTCTGCCCCATC,0,5194185
yqjE_yqjK_yqjD_yqjC_predicted,0.06666666666666667,14,14,ATTTCGCTCTTCTTGGCGAG,0,5175643
yqjE_yqjK_yqjD_yqjC_predicted,0.06666666666666667,14,14,ATTATACAACGATTAATTGA,0,5179917
yqjE_yqjK_yqjD_yqjC_predicted,0.06666666666666667,14,14,ATTACCGTTGAAAATCCAGT,0,5197028
yqjE_yqjK_yqjD_yqjC_predicted,0.06666666666666667,14,14,ATTAAGGGGCTGGGAGGGAG,0,5196455
yqjE_yqjK_yqjD_yqjC_predicted,0.06666666666666667,14,14,ATGGTGGCATATGCGTCGAG,0,5257535
yqjE_yqjK_yqjD_yqjC_predicted,0.06666666666666667,14,14,ATGACGCCCCGCACGGTCTT,0,5246153
yqjE_yqjK_yqjD_yqjC_predicted,0.06666666666666667,14,14,ATGACAGAATAGGTAGTTGT,0,5237958
yqjE_yqjK_yqjD_yqjC_predicted,0.06666666666666667,14,14,ATAGGTTTCGGTGTAATCGT,0,5210106
yqjE_yqjK_yqjD_yqjC_predicted,0.06666666666666667,14,14,ATAGACCTGGATGTGTCTAA,0,5255124
yqjE_yqjK_yqjD_yqjC_predicted,0.06666666666666667,14,14,AGTTTAATCCTGAGGCAGAA,0,5227869
yqjE_yqjK_yqjD_yqjC_predicted,0.06666666666666667,14,14,AGTTAGCTATTCATGGTCAC,0,5212379
yqjE_yqjK_yqjD_yqjC_predicted,0.06666666666666667,14,14,AGTAAAGACTACAGTTGAAG,0,5222840
yqjE_yqjK_yqjD_yqjC_predicted,0.06666666666666667,14,14,AGGTCCGGGTGATGAAGAGA,0,5194677
yqjE_yqjK_yqjD_yqjC_predicted,0.06666666666666667,14,14,AGGTAGCGAAGGCAACTATT,0,5187185
yqjE_yqjK_yqjD_yqjC_predicted,0.06666666666666667,14,14,AGGTACGTCCATGACGGCGG,0,5210267
yqjE_yqjK_yqjD_yqjC_predicted,0.06666666666666667,14,14,AGGATCTGCGTTAAAAAGAG,0,5176837
yqjE_yqjK_yqjD_yqjC_predicted,0.06666666666666667,14,14,AGCCCCTAAAGCTGACGTGT,0,5244692
yqjE_yqjK_yqjD_yqjC_predicted,0.06666666666666667,14,14,AGCCAAAGCGGCCGAGCTCG,0,5245779
yqjE_yqjK_yqjD_yqjC_predicted,0.06666666666666667,14,14,AGATTGTTTCACACCTACGC,0,5205974
yqjE_yqjK_yqjD_yqjC_predicted,0.06666666666666667,14,14,AGATTGTCGCATGCGCAATT,0,5171858
yqjE_yqjK_yqjD_yqjC_predicted,0.06666666666666667,14,14,AGATTCGATACCAAGTGCGG,0,5182552
yqjE_yqjK_yqjD_yqjC_predicted,0.06666666666666667,14,14,AGAGAAATTCAGCCCACGGT,0,5239267
yqjE_yqjK_yqjD_yqjC_predicted,0.06666666666666667,14,14,AGAACATCGATCTCATTTAG,0,5184615
yqjE_yqjK_yqjD_yqjC_predicted,0.06666666666666667,14,14,ACTGGCATTAAGAAGACCTG,0,5185297
yqjE_yqjK_yqjD_yqjC_predicted,0.06666666666666667,14,14,ACTGCGCGGAATGACGGCCT,0,5187087
yqjE_yqjK_yqjD_yqjC_predicted,0.06666666666666667,14,14,ACTCCTGATATTTATAGCAA,0,5195206
yqjE_yqjK_yqjD_yqjC_predicted,0.06666666666666667,14,14,ACGGGAATGGCTGCACGTCA,0,5186826
yqjE_yqjK_yqjD_yqjC_predicted,0.06666666666666667,14,14,ACGGCGAGGAAACTTGGAGG,0,5228969
yqjE_yqjK_yqjD_yqjC_predicted,0.06666666666666667,14,14,ACCCTGAATGATCGAATGGT,0,5171554
yqjE_yqjK_yqjD_yqjC_predicted,0.06666666666666667,14,14,ACCCAAGGAGTACTCAGAGA,0,5203763
yqjE_yqjK_yqjD_yqjC_predicted,0.06666666666666667,14,14,ACCCAACAGCTACGACAGCA,0,5262895
yqjE_yqjK_yqjD_yqjC_predicted,0.06666666666666667,14,14,ACATAGCAGGTGAATGCATG,0,5228512
yqjE_yqjK_yqjD_yqjC_predicted,0.06666666666666667,14,14,ACACGTCAATTGTAACGACT,0,5262469
yqjE_yqjK_yqjD_yqjC_predicted,0.06666666666666667,14,14,ACAATGATCGCCCAACGCTT,0,5229551
yqjE_yqjK_yqjD_yqjC_predicted,0.06666666666666667,14,14,AATTTTCCATCTTGCAGTGC,0,5180438
yqjE_yqjK_yqjD_yqjC_predicted,0.06666666666666667,14,14,AATTGTTGATGCCCATACTC,0,5186474
yqjE_yqjK_yqjD_yqjC_predicted,0.06666666666666667,14,14,AATTATTTTACCGTTATTAT,0,5211546
yqjE_yqjK_yqjD_yqjC_predicted,0.06666666666666667,14,14,AACGTCCCGGTTGGGCGTGC,0,5178557
yqjE_yqjK_yqjD_yqjC_predicted,0.06666666666666667,14,14,AACGCTGTAGCGATTGCACA,0,5192625
yqjE_yqjK_yqjD_yqjC_predicted,0.06666666666666667,14,14,AAATTTTTACCCGCTGGAAC,0,5256135
yqjE_yqjK_yqjD_yqjC_predicted,0.06666666666666667,14,14,AAATCTCTTAACGAAGGTTT,0,5243814
yqjE_yqjK_yqjD_yqjC_predicted,0.06666666666666667,14,14,AAATCCCCACGGTTAACCTT,0,5203885
yqjE_yqjK_yqjD_yqjC_predicted,0.06666666666666667,14,14,AAAGTGCCTAGCACCCACAC,0,5186440
yqjE_yqjK_yqjD_yqjC_predicted,0.06666666666666667,14,14,AAAGAAACCAGAGAGTAGCA,0,5237022
yqjE_yqjK_yqjD_yqjC_predicted,0.06666666666666667,14,14,AAAAAGGACTCAGAAACAAG,0,5250826
yqjE_yqjK_yqjD_yqjC_predicted,0.07142857142857142,13,13,TTTTTGGTCTAGCCAAAGTT,0,5224626
yqjE_yqjK_yqjD_yqjC_predicted,0.07142857142857142,13,13,TTTGATATCTTTTGGGTTTT,0,5192695
yqjE_yqjK_yqjD_yqjC_predicted,0.07142857142857142,13,13,TTTCGGGCTTACGAGGCGCT,0,5179251
yqjE_yqjK_yqjD_yqjC_predicted,0.07142857142857142,13,13,TTTCCGCGCGGTCCCCCCAT,0,5207751
yqjE_yqjK_yqjD_yqjC_predicted,0.07142857142857142,13,13,TTTAGGGCACAGTTCTACAA,0,5231264
yqjE_yqjK_yqjD_yqjC_predicted,0.07142857142857142,13,13,TTTAGCATTAATCCGAAAAC,0,5239452
yqjE_yqjK_yqjD_yqjC_predicted,0.07142857142857142,13,13,TTGTTTGTATTCCGAGTACT,0,5192198
yqjE_yqjK_yqjD_yqjC_predicted,0.07142857142857142,13,13,TTGTCCCAACGTATGCATGT,0,5233566
yqjE_yqjK_yqjD_yqjC_predicted,0.07142857142857142,13,13,TTGGGTGGCTTCGGCCCCCA,0,5199296
yqjE_yqjK_yqjD_yqjC_predicted,0.07142857142857142,13,13,TTGGGGCGCGCAACGATTGG,0,5224711
yqjE_yqjK_yqjD_yqjC_predicted,0.07142857142857142,13,13,TTGCGCACAGATAGATGGGT,0,5196911
yqjE_yqjK_yqjD_yqjC_predicted,0.07142857142857142,13,13,TTGACTGTCGCGTGTAAACA,0,5206624
yqjE_yqjK_yqjD_yqjC_predicted,0.07142857142857142,13,13,TTCCTATACGTCATAAGAGG,0,5189815
yqjE_yqjK_yqjD_yqjC_predicted,0.07142857142857142,13,13,TTCCTATAAGATTTCGGTCG,0,5262204
yqjE_yqjK_yqjD_yqjC_predicted,0.07142857142857142,13,13,TTCCTAAGTCCACAACACGT,0,5216785
yqjE_yqjK_yqjD_yqjC_predicted,0.07142857142857142,13,13,TTCCGAGCGGCAACATGGCG,0,5190514
yqjE_yqjK_yqjD_yqjC_predicted,0.07142857142857142,13,13,TTCCCAGGTTGGAAGCAAGG,0,5196208
yqjE_yqjK_yqjD_yqjC_predicted,0.07142857142857142,13,13,TTCCCACAACCCATACGTGT,0,5218439
yqjE_yqjK_yqjD_yqjC_predicted,0.07142857142857142,13,13,TTATTGCGCATGGCTGATTT,0,5203830
yqjE_yqjK_yqjD_yqjC_predicted,0.07142857142857142,13,13,TTAGTGTTACTATAGCCAGA,0,5194248
yqjE_yqjK_yqjD_yqjC_predicted,0.07142857142857142,13,13,TTAGAGAACTGGCAAGCGAG,0,5256828
yqjE_yqjK_yqjD_yqjC_predicted,0.07142857142857142,13,13,TTACTCTGAGAAGCTGCAAC,0,5182012
yqjE_yqjK_yqjD_yqjC_predicted,0.07142857142857142,13,13,TTACCTCGTGGCAAGATTCA,0,5177383
yqjE_yqjK_yqjD_yqjC_predicted,0.07142857142857142,13,13,TTACAGGGGGTATCGACGGG,0,5210737
yqjE_yqjK_yqjD_yqjC_predicted,0.07142857142857142,13,13,TGTTCTCAGGAAGACATCTT,0,5197494
yqjE_yqjK_yqjD_yqjC_predicted,0.07142857142857142,13,13,TGTATCCGATCTGGAATGGG,0,5194448
yqjE_yqjK_yqjD_yqjC_predicted,0.07142857142857142,13,13,TGGTGTCGTGCCGCAATTGG,0,5217850
yqjE_yqjK_yqjD_yqjC_predicted,0.07142857142857142,13,13,TGGTCGCTAAGCGTTTATCA,0,5244522
yqjE_yqjK_yqjD_yqjC_predicted,0.07142857142857142,13,13,TGGGTGATATGGGAGCATAT,0,5251363
yqjE_yqjK_yqjD_yqjC_predicted,0.07142857142857142,13,13,TGGGGAACAGTAGCGGGTTT,0,5261246
yqjE_yqjK_yqjD_yqjC_predicted,0.07142857142857142,13,13,TGGGCCGAGGAAACAATTGT,0,5176972
yqjE_yqjK_yqjD_yqjC_predicted,0.07142857142857142,13,13,TGGCGGATTAATGTCACGAC,0,5240324
yqjE_yqjK_yqjD_yqjC_predicted,0.07142857142857142,13,13,TGGCCCGTTCCGCTTTGTCG,0,5221156
yqjE_yqjK_yqjD_yqjC_predicted,0.07142857142857142,13,13,TGGCACTAGCGTTAGTTGTG,0,5214420
yqjE_yqjK_yqjD_yqjC_predicted,0.07142857142857142,13,13,TGGCACATGGAACACCTGTA,0,5206257
yqjE_yqjK_yqjD_yqjC_predicted,0.07142857142857142,13,13,TGCAGATTACAAGATCTTTC,0,5189528
yqjE_yqjK_yqjD_yqjC_predicted,0.07142857142857142,13,13,TGAGTTCGAGACTCAACGGA,0,5241430
yqjE_yqjK_yqjD_yqjC_predicted,0.07142857142857142,13,13,TGAACGGTAGGTTTTCATAA,0,5220192
yqjE_yqjK_yqjD_yqjC_predicted,0.07142857142857142,13,13,TGAACCCGGGCGCGTCTTAA,0,5206073
yqjE_yqjK_yqjD_yqjC_predicted,0.07142857142857142,13,13,TCTTTCTGAACCATCCGGGG,0,5223332
yqjE_yqjK_yqjD_yqjC_predicted,0.07142857142857142,13,13,TCTTGACGGTGGCCCATAAG,0,5183068
yqjE_yqjK_yqjD_yqjC_predicted,0.07142857142857142,13,13,TCTTGAACAACCAGAGTGCC,0,5230570
yqjE_yqjK_yqjD_yqjC_predicted,0.07142857142857142,13,13,TCGGGTGAAAGTGGTGACGC,0,5186398
yqjE_yqjK_yqjD_yqjC_predicted,0.07142857142857142,13,13,TCGGCAAAGAGTGACCAGTT,0,5171761
yqjE_yqjK_yqjD_yqjC_predicted,0.07142857142857142,13,13,TCGATCGCAGGGGTGGGTTA,0,5224867
yqjE_yqjK_yqjD_yqjC_predicted,0.07142857142857142,13,13,TCCTTGCGATCTGCAGATGT,0,5193253
yqjE_yqjK_yqjD_yqjC_predicted,0.07142857142857142,13,13,TCCCCTTCTACGTGATTGGT,0,5215835
yqjE_yqjK_yqjD_yqjC_predicted,0.07142857142857142,13,13,TCCAGGGCCTCAGGTGCAAG,0,5258577
yqjE_yqjK_yqjD_yqjC_predicted,0.07142857142857142,13,13,TCCAGATTTGGACCCGCAAC,0,5233171
yqjE_yqjK_yqjD_yqjC_predicted,0.07142857142857142,13,13,TCCACCCTGCAGTCACAGGG,0,5190467
yqjE_yqjK_yqjD_yqjC_predicted,0.07142857142857142,13,13,TCATCATGGGTTTGGCAAAG,0,5181737
yqjE_yqjK_yqjD_yqjC_predicted,0.07142857142857142,13,13,TCAGGGGCATAATAAGCATT,0,5244416
yqjE_yqjK_yqjD_yqjC_predicted,0.07142857142857142,13,13,TCAGCGCGCATTTGTCTCTG,0,5226802
yqjE_yqjK_yqjD_yqjC_predicted,0.07142857142857142,13,13,TCAGCCAGAGTGCGAGTGGG,0,5219460
yqjE_yqjK_yqjD_yqjC_predicted,0.07142857142857142,13,13,TCACCTGGGGGAAACCCAGG,0,5219571
yqjE_yqjK_yqjD_yqjC_predicted,0.07142857142857142,13,13,TCAATCTCTTTCGTCCTAGC,0,5231528
yqjE_yqjK_yqjD_yqjC_predicted,0.07142857142857142,13,13,TCAAGGCCGCACCCAGGACC,0,5253718
yqjE_yqjK_yqjD_yqjC_predicted,0.07142857142857142,13,13,TCAACTTTCTCGGTTGGCTA,0,5220062
yqjE_yqjK_yqjD_yqjC_predicted,0.07142857142857142,13,13,TCAAAACGCGGTCTAGTCTT,0,5213409
yqjE_yqjK_yqjD_yqjC_predicted,0.07142857142857142,13,13,TATTCAGCGGGCTCATATAG,0,5224258
yqjE_yqjK_yqjD_yqjC_predicted,0.07142857142857142,13,13,TATGCGTCCCGATCGTGCCG,0,5214022
yqjE_yqjK_yqjD_yqjC_predicted,0.07142857142857142,13,13,TATGATTGGGAGTGTTTTAG,0,5180595
yqjE_yqjK_yqjD_yqjC_predicted,0.07142857142857142,13,13,TATGAGACCGGGTAAGCTAG,0,5213198
yqjE_yqjK_yqjD_yqjC_predicted,0.07142857142857142,13,13,TATCCGAGCCAATAGCTAGT,0,5205790
yqjE_yqjK_yqjD_yqjC_predicted,0.07142857142857142,13,13,TATCAATATGGCCGGGTAAC,0,5185916
yqjE_yqjK_yqjD_yqjC_predicted,0.07142857142857142,13,13,TATACTGCACGGATGGCAAG,0,5216278
yqjE_yqjK_yqjD_yqjC_predicted,0.07142857142857142,13,13,TAGCAACGAGGCTAGGCGCT,0,5184401
yqjE_yqjK_yqjD_yqjC_predicted,0.07142857142857142,13,13,TAGATTACGCAACTGCTCGA,0,5216654
yqjE_yqjK_yqjD_yqjC_predicted,0.07142857142857142,13,13,TAGATCATCCGTTTAACTTA,0,5213197
yqjE_yqjK_yqjD_yqjC_predicted,0.07142857142857142,13,13,TAGAGCTCCGTCTAGTTGAT,0,5240869
yqjE_yqjK_yqjD_yqjC_predicted,0.07142857142857142,13,13,TACCTTCCGCAAGATCAGGA,0,5191677
yqjE_yqjK_yqjD_yqjC_predicted,0.07142857142857142,13,13,TACAGGGTTGTGATCGAGTA,0,5173857
yqjE_yqjK_yqjD_yqjC_predicted,0.07142857142857142,13,13,TAAACGTGATTTGAATACTT,0,5216663
yqjE_yqjK_yqjD_yqjC_predicted,0.07142857142857142,13,13,TAAACCCGGGCGGGGGAGAA,0,5194568
yqjE_yqjK_yqjD_yqjC_predicted,0.07142857142857142,13,13,GTTTGGAAGGTCAGACTTCT,0,5252357
yqjE_yqjK_yqjD_yqjC_predicted,0.07142857142857142,13,13,GTTCGACGGGAGACAGCCTA,0,5203546
yqjE_yqjK_yqjD_yqjC_predicted,0.07142857142857142,13,13,GTTCCGTGGGTGGTCCATAA,0,5249879
yqjE_yqjK_yqjD_yqjC_predicted,0.07142857142857142,13,13,GTTCAGAAGCTACAATGCGC,0,5173748
yqjE_yqjK_yqjD_yqjC_predicted,0.07142857142857142,13,13,GTGTCACGCCAACGTCCCGA,0,5253012
yqjE_yqjK_yqjD_yqjC_predicted,0.07142857142857142,13,13,GTGGTGCGACGCATGGACGA,0,5186347
yqjE_yqjK_yqjD_yqjC_predicted,0.07142857142857142,13,13,GTGCGCTGGTATTGGCGGGA,0,5202315
yqjE_yqjK_yqjD_yqjC_predicted,0.07142857142857142,13,13,GTCGCGCGGCTCAATCAACT,0,5210628
yqjE_yqjK_yqjD_yqjC_predicted,0.07142857142857142,13,13,GTCGCGCCCAAGGAAAACGA,0,5195690
yqjE_yqjK_yqjD_yqjC_predicted,0.07142857142857142,13,13,GTCCTTTCCTACAACGCAAG,0,5192898
yqjE_yqjK_yqjD_yqjC_predicted,0.07142857142857142,13,13,GTCCAAGTTGGGACAAGAAG,0,5180669
yqjE_yqjK_yqjD_yqjC_predicted,0.07142857142857142,13,13,GTATGGGCATCGCGGTGGCT,0,5180676
yqjE_yqjK_yqjD_yqjC_predicted,0.07142857142857142,13,13,GTAGCATATTATCAATGCTA,0,5222905
yqjE_yqjK_yqjD_yqjC_predicted,0.07142857142857142,13,13,GTACGCATCACTTGTAGTGC,0,5203924
yqjE_yqjK_yqjD_yqjC_predicted,0.07142857142857142,13,13,GTAAGTAACTGTTGGTATGC,0,5213117
yqjE_yqjK_yqjD_yqjC_predicted,0.07142857142857142,13,13,GGTTTCGCGTACTATCTTGA,0,5221527
yqjE_yqjK_yqjD_yqjC_predicted,0.07142857142857142,13,13,GGTTCAGCAACCGGGTTCAG,0,5223074
yqjE_yqjK_yqjD_yqjC_predicted,0.07142857142857142,13,13,GGTGGTGCGCCCAACCTTAC,0,5205197
yqjE_yqjK_yqjD_yqjC_predicted,0.07142857142857142,13,13,GGTATGCATTAAGTTCCCTG,0,5186477
yqjE_yqjK_yqjD_yqjC_predicted,0.07142857142857142,13,13,GGGTCGTCGGGATTGTAGAT,0,5187847
yqjE_yqjK_yqjD_yqjC_predicted,0.07142857142857142,13,13,GGGGTGAGAAGAAACTCTAG,0,5210837
yqjE_yqjK_yqjD_yqjC_predicted,0.07142857142857142,13,13,GGGGTCAAACCTCAGCGAAA,0,5250226
yqjE_yqjK_yqjD_yqjC_predicted,0.07142857142857142,13,13,GGGGAGCGAACCTAATGAAG,0,5256580
yqjE_yqjK_yqjD_yqjC_predicted,0.07142857142857142,13,13,GGGCGGTCTCCAGGATCCTA,0,5200610
yqjE_yqjK_yqjD_yqjC_predicted,0.07142857142857142,13,13,GGGACTCAGATTAATCTCTG,0,5246255
yqjE_yqjK_yqjD_yqjC_predicted,0.07142857142857142,13,13,GGCCTTCCAAAGCCAATATA,0,5187602
yqjE_yqjK_yqjD_yqjC_predicted,0.07142857142857142,13,13,GGCAGAGATACCTTTGAAGT,0,5178826
yqjE_yqjK_yqjD_yqjC_predicted,0.07142857142857142,13,13,GGAGCCACGTCAGTTCTACA,0,5198107
yqjE_yqjK_yqjD_yqjC_predicted,0.07142857142857142,13,13,GGAGAGTAATGCAGAAGCGT,0,5219893
yqjE_yqjK_yqjD_yqjC_predicted,0.07142857142857142,13,13,GGACTACGTTCACGAGGCAT,0,5257703
yqjE_yqjK_yqjD_yqjC_predicted,0.07142857142857142,13,13,GGAACCGTGATTAGTGTAAT,0,5221393
yqjE_yqjK_yqjD_yqjC_predicted,0.07142857142857142,13,13,GCTTGTAGGTAATCCCCGGG,0,5193329
yqjE_yqjK_yqjD_yqjC_predicted,0.07142857142857142,13,13,GCTAATCGGGCAGGCATAGG,0,5181820
yqjE_yqjK_yqjD_yqjC_predicted,0.07142857142857142,13,13,GCGGGCACAGATCCCCGAGA,0,5258707
yqjE_yqjK_yqjD_yqjC_predicted,0.07142857142857142,13,13,GCGGACTTAACGGCTGGGTT,0,5239861
yqjE_yqjK_yqjD_yqjC_predicted,0.07142857142857142,13,13,GCGCGAAACGCTTACTCAAA,0,5222154
yqjE_yqjK_yqjD_yqjC_predicted,0.07142857142857142,13,13,GCGAGGGGAACATCCGAAAT,0,5226924
yqjE_yqjK_yqjD_yqjC_predicted,0.07142857142857142,13,13,GCGAGAGGAACCGACTCAAG,0,5261652
yqjE_yqjK_yqjD_yqjC_predicted,0.07142857142857142,13,13,GCCTCAACGCAGGTCTATGT,0,5171563
yqjE_yqjK_yqjD_yqjC_predicted,0.07142857142857142,13,13,GCCCACGCTATCTAGCATGC,0,5187616
yqjE_yqjK_yqjD_yqjC_predicted,0.07142857142857142,13,13,GCCATGTACCCTAGTTCATC,0,5216323
yqjE_yqjK_yqjD_yqjC_predicted,0.07142857142857142,13,13,GCCATCTTAGGCAGAGTGAT,0,5210681
yqjE_yqjK_yqjD_yqjC_predicted,0.07142857142857142,13,13,GCATCAATTTGGGGAAACTG,0,5227431
yqjE_yqjK_yqjD_yqjC_predicted,0.07142857142857142,13,13,GCAGTTCCCGTGCGACGGAC,0,5210690
yqjE_yqjK_yqjD_yqjC_predicted,0.07142857142857142,13,13,GCACGAACGGGCTTTATATA,0,5243995
yqjE_yqjK_yqjD_yqjC_predicted,0.07142857142857142,13,13,GATCTTGCTTGTTGGCGAAT,0,5260963
yqjE_yqjK_yqjD_yqjC_predicted,0.07142857142857142,13,13,GAGTACACAATATGTTCACA,0,5215939
yqjE_yqjK_yqjD_yqjC_predicted,0.07142857142857142,13,13,GAGGTTCAACAGATCCCCCG,0,5200499
yqjE_yqjK_yqjD_yqjC_predicted,0.07142857142857142,13,13,GAGGCTAACCACTTAATGAC,0,5243894
yqjE_yqjK_yqjD_yqjC_predicted,0.07142857142857142,13,13,GAGGCCGTGGCTAGTGGCCA,0,5179223
yqjE_yqjK_yqjD_yqjC_predicted,0.07142857142857142,13,13,GAGGCCGCATTAAGTAAGGC,0,5179005
yqjE_yqjK_yqjD_yqjC_predicted,0.07142857142857142,13,13,GAGATTTTTTGACGTGGGTT,0,5194741
yqjE_yqjK_yqjD_yqjC_predicted,0.07142857142857142,13,13,GACTGGCCCCGGGTCAACTC,0,5221124
yqjE_yqjK_yqjD_yqjC_predicted,0.07142857142857142,13,13,GACGTACATAGTGCACTCGA,0,5197353
yqjE_yqjK_yqjD_yqjC_predicted,0.07142857142857142,13,13,GACCGTTCGCCCGTCCCACA,0,5189548
yqjE_yqjK_yqjD_yqjC_predicted,0.07142857142857142,13,13,GACCCGAGTCGCAGAATTAA,0,5175920
yqjE_yqjK_yqjD_yqjC_predicted,0.07142857142857142,13,13,GAATGAATACGTCCATAATT,0,5226506
yqjE_yqjK_yqjD_yqjC_predicted,0.07142857142857142,13,13,GAATCTCGTACGGTGATCAT,0,5186533
yqjE_yqjK_yqjD_yqjC_predicted,0.07142857142857142,13,13,GAAGAGGGCAAGATGTTACT,0,5203877
yqjE_yqjK_yqjD_yqjC_predicted,0.07142857142857142,13,13,CTTACAGTCGGTTCAATGGC,0,5252501
yqjE_yqjK_yqjD_yqjC_predicted,0.07142857142857142,13,13,CTGTTGGCAATGGGGGAAGT,0,5215660
yqjE_yqjK_yqjD_yqjC_predicted,0.07142857142857142,13,13,CTGTACAGCCACTCAACCCA,0,5226425
yqjE_yqjK_yqjD_yqjC_predicted,0.07142857142857142,13,13,CTGGTCCGTGTCTATGCAGT,0,5191867
yqjE_yqjK_yqjD_yqjC_predicted,0.07142857142857142,13,13,CTGCTTTCATCAATGCAAGA,0,5194880
yqjE_yqjK_yqjD_yqjC_predicted,0.07142857142857142,13,13,CTGCGTTACTGGCGGGGGAC,0,5262985
yqjE_yqjK_yqjD_yqjC_predicted,0.07142857142857142,13,13,CTGCGTCCGCGGAAACTCGA,0,5241108
yqjE_yqjK_yqjD_yqjC_predicted,0.07142857142857142,13,13,CTGCCCCAAGGTGCGCGTGG,0,5226145
yqjE_yqjK_yqjD_yqjC_predicted,0.07142857142857142,13,13,CTCTGATGGGTCCGGCTGTG,0,5224090
yqjE_yqjK_yqjD_yqjC_predicted,0.07142857142857142,13,13,CTCTAAAAGTCCCGCAAAAT,0,5197299
yqjE_yqjK_yqjD_yqjC_predicted,0.07142857142857142,13,13,CTCGCGTCATGCCGACCCAT,0,5209764
yqjE_yqjK_yqjD_yqjC_predicted,0.07142857142857142,13,13,CTATTGTATGTTTCACGATA,0,5171066
yqjE_yqjK_yqjD_yqjC_predicted,0.07142857142857142,13,13,CTAGGCTTGGCCTTCCGTGT,0,5240670
yqjE_yqjK_yqjD_yqjC_predicted,0.07142857142857142,13,13,CTAGAGGCTCTCGCTCAGCT,0,5256087
yqjE_yqjK_yqjD_yqjC_predicted,0.07142857142857142,13,13,CGTGTTCTGTCGATCTGAAC,0,5215714
yqjE_yqjK_yqjD_yqjC_predicted,0.07142857142857142,13,13,CGTCTGGGCGGCCTAATCCT,0,5208892
yqjE_yqjK_yqjD_yqjC_predicted,0.07142857142857142,13,13,CGTCAGTGAAGTATCTGAGT,0,5210235
yqjE_yqjK_yqjD_yqjC_predicted,0.07142857142857142,13,13,CGGTGTTTATCCCGGGATGA,0,5246257
yqjE_yqjK_yqjD_yqjC_predicted,0.07142857142857142,13,13,CGGTCTCGGGCGAACACTTA,0,5251589
yqjE_yqjK_yqjD_yqjC_predicted,0.07142857142857142,13,13,CGGCTTCACCCTACCGTTAG,0,5210162
yqjE_yqjK_yqjD_yqjC_predicted,0.07142857142857142,13,13,CGGCCATGAATCCTACGAGT,0,5227152
yqjE_yqjK_yqjD_yqjC_predicted,0.07142857142857142,13,13,CGGCCAATAAGAATTAGTTA,0,5173474
yqjE_yqjK_yqjD_yqjC_predicted,0.07142857142857142,13,13,CGGATTAACATATTTGGAGT,0,5205879
yqjE_yqjK_yqjD_yqjC_predicted,0.07142857142857142,13,13,CGGATCGCCGCCTCACAGCG,0,5199294
yqjE_yqjK_yqjD_yqjC_predicted,0.07142857142857142,13,13,CGGATATTACAGCGTTACGA,0,5209053
yqjE_yqjK_yqjD_yqjC_predicted,0.07142857142857142,13,13,CGGATAAAAAAGGCAGTGCA,0,5206352
yqjE_yqjK_yqjD_yqjC_predicted,0.07142857142857142,13,13,CGGACCGTGCGCGAGTATAG,0,5259214
yqjE_yqjK_yqjD_yqjC_predicted,0.07142857142857142,13,13,CGCCGTTACGCAGCTTGCCT,0,5242834
yqjE_yqjK_yqjD_yqjC_predicted,0.07142857142857142,13,13,CGATTCGGCACAGACAGTGG,0,5182626
yqjE_yqjK_yqjD_yqjC_predicted,0.07142857142857142,13,13,CGATGTGACATACTGACAAG,0,5244888
yqjE_yqjK_yqjD_yqjC_predicted,0.07142857142857142,13,13,CGAGCACGATATGGCTATTT,0,5193866
yqjE_yqjK_yqjD_yqjC_predicted,0.07142857142857142,13,13,CGAGAGCACAGTGATTGTCA,0,5240922
yqjE_yqjK_yqjD_yqjC_predicted,0.07142857142857142,13,13,CGACGAATGGTTAACAACCC,0,5224783
yqjE_yqjK_yqjD_yqjC_predicted,0.07142857142857142,13,13,CGAACAAAATTTGAATGAAT,0,5187544
yqjE_yqjK_yqjD_yqjC_predicted,0.07142857142857142,13,13,CCTGTTGTTTCACGGTATAC,0,5203843
yqjE_yqjK_yqjD_yqjC_predicted,0.07142857142857142,13,13,CCTGCCACATCCTGGCTGGA,0,5215476
yqjE_yqjK_yqjD_yqjC_predicted,0.07142857142857142,13,13,CCTACGTGGGAAGTCCAAGC,0,5227256
yqjE_yqjK_yqjD_yqjC_predicted,0.07142857142857142,13,13,CCGGGACCGTGGATATTCCA,0,5186579
yqjE_yqjK_yqjD_yqjC_predicted,0.07142857142857142,13,13,CCGCTGGGCTTGACGCCGCA,0,5214834
yqjE_yqjK_yqjD_yqjC_predicted,0.07142857142857142,13,13,CCGAGAGGTGAGTCCGTGGT,0,5208046
yqjE_yqjK_yqjD_yqjC_predicted,0.07142857142857142,13,13,CCGACTGATCAGCGGTAGTA,0,5225827
yqjE_yqjK_yqjD_yqjC_predicted,0.07142857142857142,13,13,CCGACAGCGTCACAAGCACT,0,5251570
yqjE_yqjK_yqjD_yqjC_predicted,0.07142857142857142,13,13,CCCTACAAATCTAGCTTTGT,0,5221934
yqjE_yqjK_yqjD_yqjC_predicted,0.07142857142857142,13,13,CCCGGGAAGCATGCCAGAAT,0,5207284
yqjE_yqjK_yqjD_yqjC_predicted,0.07142857142857142,13,13,CCCGGCAATTGCCGGATTGA,0,5219357
yqjE_yqjK_yqjD_yqjC_predicted,0.07142857142857142,13,13,CCCGATAAATCCGGTTTCGA,0,5205081
yqjE_yqjK_yqjD_yqjC_predicted,0.07142857142857142,13,13,CCCAATTCTAGGTTACCCAA,0,5186173
yqjE_yqjK_yqjD_yqjC_predicted,0.07142857142857142,13,13,CCATCGACAAATTGCACTAT,0,5188783
yqjE_yqjK_yqjD_yqjC_predicted,0.07142857142857142,13,13,CCAATGAGAATCCAGGCATG,0,5225093
yqjE_yqjK_yqjD_yqjC_predicted,0.07142857142857142,13,13,CATTTCCCCAGGGTGTTCGT,0,5171542
yqjE_yqjK_yqjD_yqjC_predicted,0.07142857142857142,13,13,CATTCGGAGGCATATTACCA,0,5186240
yqjE_yqjK_yqjD_yqjC_predicted,0.07142857142857142,13,13,CATGTTCAGCGGCGGTTAAG,0,5230644
yqjE_yqjK_yqjD_yqjC_predicted,0.07142857142857142,13,13,CATGCATATATCGGGCGCGT,0,5248414
yqjE_yqjK_yqjD_yqjC_predicted,0.07142857142857142,13,13,CATCGCACAAGTTAATCCAA,0,5203663
yqjE_yqjK_yqjD_yqjC_predicted,0.07142857142857142,13,13,CATCGACCGCTGACATCGCT,0,5172662
yqjE_yqjK_yqjD_yqjC_predicted,0.07142857142857142,13,13,CATCAGGGATTCCGCCTTTC,0,5202662
yqjE_yqjK_yqjD_yqjC_predicted,0.07142857142857142,13,13,CAGTCAGACGCTAACTTATA,0,5207239
yqjE_yqjK_yqjD_yqjC_predicted,0.07142857142857142,13,13,CAGGGTGTTCGCAAGTGTGC,0,5244419
yqjE_yqjK_yqjD_yqjC_predicted,0.07142857142857142,13,13,CAGGAAACGACACCCCTAGT,0,5220331
yqjE_yqjK_yqjD_yqjC_predicted,0.07142857142857142,13,13,CAGAGAAAGGATATAGTTGA,0,5227427
yqjE_yqjK_yqjD_yqjC_predicted,0.07142857142857142,13,13,CACTGTGCCCCGCATCTCAT,0,5207806
yqjE_yqjK_yqjD_yqjC_predicted,0.07142857142857142,13,13,CACGGAGCTCCTGGTAGGGG,0,5246954
yqjE_yqjK_yqjD_yqjC_predicted,0.07142857142857142,13,13,CACGCGTGCCCAGCTTACGA,0,5190150
yqjE_yqjK_yqjD_yqjC_predicted,0.07142857142857142,13,13,CACGACCAGCCAGGTAAGAG,0,5205825
yqjE_yqjK_yqjD_yqjC_predicted,0.07142857142857142,13,13,CAATTCGTGTGCTGAGATAA,0,5256328
yqjE_yqjK_yqjD_yqjC_predicted,0.07142857142857142,13,13,CAAGTAAGCCACAGGCACCA,0,5182019
yqjE_yqjK_yqjD_yqjC_predicted,0.07142857142857142,13,13,CAACAATTGTGTCACGATAC,0,5173371
yqjE_yqjK_yqjD_yqjC_predicted,0.07142857142857142,13,13,CAAATCAGTAGGGCATGATT,0,5191186
yqjE_yqjK_yqjD_yqjC_predicted,0.07142857142857142,13,13,CAAAGCCCGGGATTATGAGC,0,5190926
yqjE_yqjK_yqjD_yqjC_predicted,0.07142857142857142,13,13,ATTGGGCTGGGGCACGCGTC,0,5256263
yqjE_yqjK_yqjD_yqjC_predicted,0.07142857142857142,13,13,ATTCGCGTATTCAGCTCCTA,0,5223269
yqjE_yqjK_yqjD_yqjC_predicted,0.07142857142857142,13,13,ATGGTGTTCGTAAATATGAT,0,5219390
yqjE_yqjK_yqjD_yqjC_predicted,0.07142857142857142,13,13,ATGGCTGGGGGCCGACAACT,0,5183529
yqjE_yqjK_yqjD_yqjC_predicted,0.07142857142857142,13,13,ATGCTTAGGCTGATAGTATT,0,5191851
yqjE_yqjK_yqjD_yqjC_predicted,0.07142857142857142,13,13,ATGACTCGGTGGAGTATCTT,0,5179857
yqjE_yqjK_yqjD_yqjC_predicted,0.07142857142857142,13,13,ATCTCGGCTGTAGTCTTCAT,0,5206910
yqjE_yqjK_yqjD_yqjC_predicted,0.07142857142857142,13,13,ATCGGTAAAGTCCATGCTAT,0,5233248
yqjE_yqjK_yqjD_yqjC_predicted,0.07142857142857142,13,13,ATCGAGCGGAATTGATCAGT,0,5245071
yqjE_yqjK_yqjD_yqjC_predicted,0.07142857142857142,13,13,ATCCGATTAGTGTGTTCCCG,0,5198784
yqjE_yqjK_yqjD_yqjC_predicted,0.07142857142857142,13,13,ATCCCGGTTTTTACCCGCTA,0,5182337
yqjE_yqjK_yqjD_yqjC_predicted,0.07142857142857142,13,13,ATCATTGTGTCACACAGGGG,0,5180266
yqjE_yqjK_yqjD_yqjC_predicted,0.07142857142857142,13,13,ATCACACCCAGGTCTTTCCA,0,5211712
yqjE_yqjK_yqjD_yqjC_predicted,0.07142857142857142,13,13,ATATTTATATCTCACACGTC,0,5204726
yqjE_yqjK_yqjD_yqjC_predicted,0.07142857142857142,13,13,ATATTAACCCGTCAAACGTA,0,5186175
yqjE_yqjK_yqjD_yqjC_predicted,0.07142857142857142,13,13,ATATGTGCGTGTCATTGAGC,0,5253491
yqjE_yqjK_yqjD_yqjC_predicted,0.07142857142857142,13,13,ATACGGACGCCCCGACTAGA,0,5241328
yqjE_yqjK_yqjD_yqjC_predicted,0.07142857142857142,13,13,ATACAGCTACTTAGTAAAAC,0,5171869
yqjE_yqjK_yqjD_yqjC_predicted,0.07142857142857142,13,13,ATAAGGCGATTACTTGGGGA,0,5239003
yqjE_yqjK_yqjD_yqjC_predicted,0.07142857142857142,13,13,ATAAGGATTTGCCGTTGTGC,0,5227710
yqjE_yqjK_yqjD_yqjC_predicted,0.07142857142857142,13,13,AGTGACAGCCACGGGCTGGA,0,5251700
yqjE_yqjK_yqjD_yqjC_predicted,0.07142857142857142,13,13,AGTCGGGCATATAACGATTA,0,5200573
yqjE_yqjK_yqjD_yqjC_predicted,0.07142857142857142,13,13,AGGTTGCTATGTCCAGCATT,0,5250092
yqjE_yqjK_yqjD_yqjC_predicted,0.07142857142857142,13,13,AGGTACCAGTACATAGACGT,0,5201702
yqjE_yqjK_yqjD_yqjC_predicted,0.07142857142857142,13,13,AGGCTGATAAGTTCAACGGG,0,5183705
yqjE_yqjK_yqjD_yqjC_predicted,0.07142857142857142,13,13,AGCTTCTGGCGTATTTAGCA,0,5248342
yqjE_yqjK_yqjD_yqjC_predicted,0.07142857142857142,13,13,AGCGTTTGCCAATTATTTGT,0,5216865
yqjE_yqjK_yqjD_yqjC_predicted,0.07142857142857142,13,13,AGCCATCAACGCTATTAAGG,0,5234104
yqjE_yqjK_yqjD_yqjC_predicted,0.07142857142857142,13,13,AGCATTTAGATGCGTTGTAT,0,5203978
yqjE_yqjK_yqjD_yqjC_predicted,0.07142857142857142,13,13,AGCAGTTGCTGAGCGCCCAG,0,5202138
yqjE_yqjK_yqjD_yqjC_predicted,0.07142857142857142,13,13,AGCAGTCAATACCGTGGACG,0,5228551
yqjE_yqjK_yqjD_yqjC_predicted,0.07142857142857142,13,13,AGCAAGTCCATGGCGTGGTT,0,5195564
yqjE_yqjK_yqjD_yqjC_predicted,0.07142857142857142,13,13,AGATGTTAAGGCCCGCACTT,0,5199182
yqjE_yqjK_yqjD_yqjC_predicted,0.07142857142857142,13,13,AGATAGGGCTAGTTGCCCAC,0,5251586
yqjE_yqjK_yqjD_yqjC_predicted,0.07142857142857142,13,13,AGAGCACAAAAATAGGCTGA,0,5241957
yqjE_yqjK_yqjD_yqjC_predicted,0.07142857142857142,13,13,AGACCGCACGAAACCTAGTT,0,5198321
yqjE_yqjK_yqjD_yqjC_predicted,0.07142857142857142,13,13,AGAAGCGCCCTGATTGCTAA,0,5212598
yqjE_yqjK_yqjD_yqjC_predicted,0.07142857142857142,13,13,ACTGGGGGCGAGATGTATGT,0,5230007
yqjE_yqjK_yqjD_yqjC_predicted,0.07142857142857142,13,13,ACTGATGCGCTCGGCGCGCA,0,5257852
yqjE_yqjK_yqjD_yqjC_predicted,0.07142857142857142,13,13,ACTCAGGTTGGATACGACCA,0,5225374
yqjE_yqjK_yqjD_yqjC_predicted,0.07142857142857142,13,13,ACGTTCGCCCGCAGTATAGT,0,5236209
yqjE_yqjK_yqjD_yqjC_predicted,0.07142857142857142,13,13,ACGTAGCCGCCAGGGTTCGG,0,5250875
yqjE_yqjK_yqjD_yqjC_predicted,0.07142857142857142,13,13,ACGTACATAATGCTAATATC,0,5190728
yqjE_yqjK_yqjD_yqjC_predicted,0.07142857142857142,13,13,ACGGTTGGAGTTAGGTTCGG,0,5217149
yqjE_yqjK_yqjD_yqjC_predicted,0.07142857142857142,13,13,ACGGAGGGAACCCAGTTAAC,0,5228425
yqjE_yqjK_yqjD_yqjC_predicted,0.07142857142857142,13,13,ACGCACGGCGCTGGGTACAT,0,5173855
yqjE_yqjK_yqjD_yqjC_predicted,0.07142857142857142,13,13,ACCTGGCACTACAGGGCTAT,0,5237971
yqjE_yqjK_yqjD_yqjC_predicted,0.07142857142857142,13,13,ACCGAATGAATTTCGACTCG,0,5204021
yqjE_yqjK_yqjD_yqjC_predicted,0.07142857142857142,13,13,ACCCGTGACCGGACATATGT,0,5188124
yqjE_yqjK_yqjD_yqjC_predicted,0.07142857142857142,13,13,ACATATGTATCAATACGTGG,0,5173573
yqjE_yqjK_yqjD_yqjC_predicted,0.07142857142857142,13,13,ACACCTGAGGGTTATTATAA,0,5210672
yqjE_yqjK_yqjD_yqjC_predicted,0.07142857142857142,13,13,ACAAGCTTATCGGGGTGCAT,0,5243660
yqjE_yqjK_yqjD_yqjC_predicted,0.07142857142857142,13,13,ACAACCTCTATAAGTAAGAT,0,5261804
yqjE_yqjK_yqjD_yqjC_predicted,0.07142857142857142,13,13,AATCGCGCATGTAAGGGTCT,0,5184261
yqjE_yqjK_yqjD_yqjC_predicted,0.07142857142857142,13,13,AATATCTGCCGGGAGCGCAG,0,5193699
yqjE_yqjK_yqjD_yqjC_predicted,0.07142857142857142,13,13,AATATATCTCCCCACCCGAA,0,5232323
yqjE_yqjK_yqjD_yqjC_predicted,0.07142857142857142,13,13,AAGTCCTAGAGACATCGTTT,0,5213922
yqjE_yqjK_yqjD_yqjC_predicted,0.07142857142857142,13,13,AAGGCGTGTGCCAACTAGAT,0,5193486
yqjE_yqjK_yqjD_yqjC_predicted,0.07142857142857142,13,13,AAGCAACGGTTAGGGTGTTT,0,5240822
yqjE_yqjK_yqjD_yqjC_predicted,0.07142857142857142,13,13,AAGAAAGTGGCTCGTGTTAT,0,5183070
yqjE_yqjK_yqjD_yqjC_predicted,0.07142857142857142,13,13,AACTCGAAAGGCCCGCAATA,0,5195195
yqjE_yqjK_yqjD_yqjC_predicted,0.07142857142857142,13,13,AACTATATAGGCCCAAAAAG,0,5216206
yqjE_yqjK_yqjD_yqjC_predicted,0.07142857142857142,13,13,AACGCGCTATCCCCAAGCAA,0,5215954
yqjE_yqjK_yqjD_yqjC_predicted,0.07142857142857142,13,13,AACCTAGTTCGGATGCCCTC,0,5230342
yqjE_yqjK_yqjD_yqjC_predicted,0.07142857142857142,13,13,AACAACATTCGTCTCCTAAG,0,5174327
yqjE_yqjK_yqjD_yqjC_predicted,0.07142857142857142,13,13,AAAGGCGGAAAGCCATGTGA,0,5242777
yqjE_yqjK_yqjD_yqjC_predicted,0.07142857142857142,13,13,AAAACTTCCTCATGCCGGGA,0,5199183
yqjE_yqjK_yqjD_yqjC_predicted,0.07692307692307693,12,12,TTTTTCCGGGAGTCTAATGA,0,5248517
yqjE_yqjK_yqjD_yqjC_predicted,0.07692307692307693,12,12,TTTTTCATCTTGTATGTTCA,0,5247626
yqjE_yqjK_yqjD_yqjC_predicted,0.07692307692307693,12,12,TTTTCGCTGCAAGATCTCGA,0,5218152
yqjE_yqjK_yqjD_yqjC_predicted,0.07692307692307693,12,12,TTTGTGTATCGGCTAGGACA,0,5204599
yqjE_yqjK_yqjD_yqjC_predicted,0.07692307692307693,12,12,TTTGGCAGACTGTGCCAGGT,0,5259979
yqjE_yqjK_yqjD_yqjC_predicted,0.07692307692307693,12,12,TTTCATACGAATCGTCGCTA,0,5252591
yqjE_yqjK_yqjD_yqjC_predicted,0.07692307692307693,12,12,TTGGAGACCTTTTTCTCCCT,0,5190370
yqjE_yqjK_yqjD_yqjC_predicted,0.07692307692307693,12,12,TTGCCAACCTTACCCGTACA,0,5234714
yqjE_yqjK_yqjD_yqjC_predicted,0.07692307692307693,12,12,TTGATATCCTATTCCCTAAC,0,5194062
yqjE_yqjK_yqjD_yqjC_predicted,0.07692307692307693,12,12,TTGATAAGTCGTGCGCAAGA,0,5249602
yqjE_yqjK_yqjD_yqjC_predicted,0.07692307692307693,12,12,TTCGCTGGACCTGCCCGTAG,0,5261831
yqjE_yqjK_yqjD_yqjC_predicted,0.07692307692307693,12,12,TTCCGTTGGCATGTTTGAAG,0,5191588
yqjE_yqjK_yqjD_yqjC_predicted,0.07692307692307693,12,12,TTATGCACGAGGCAGAACTT,0,5179156
yqjE_yqjK_yqjD_yqjC_predicted,0.07692307692307693,12,12,TTAGGTATAGTTTGCACGAG,0,5172571
yqjE_yqjK_yqjD_yqjC_predicted,0.07692307692307693,12,12,TGTTCAACTTGGATAGCATA,0,5237018
yqjE_yqjK_yqjD_yqjC_predicted,0.07692307692307693,12,12,TGTGCCCGCCAGGCCTCATT,0,5190185
yqjE_yqjK_yqjD_yqjC_predicted,0.07692307692307693,12,12,TGTCCCCGTGCGGGCGCCAC,0,5257277
yqjE_yqjK_yqjD_yqjC_predicted,0.07692307692307693,12,12,TGGGTAAGGAACTGACGGTT,0,5196305
yqjE_yqjK_yqjD_yqjC_predicted,0.07692307692307693,12,12,TGGGGTCGGCTAAGTGGGAG,0,5236272
yqjE_yqjK_yqjD_yqjC_predicted,0.07692307692307693,12,12,TGGGGCCGGCCTTCTAGCAT,0,5177333
yqjE_yqjK_yqjD_yqjC_predicted,0.07692307692307693,12,12,TGGGATACGGCGTCGGCCAT,0,5219351
yqjE_yqjK_yqjD_yqjC_predicted,0.07692307692307693,12,12,TGGCCTCATGTTCCAAGTTA,0,5223210
yqjE_yqjK_yqjD_yqjC_predicted,0.07692307692307693,12,12,TGCTCAGGCCCGAAGCCTTT,0,5206995
yqjE_yqjK_yqjD_yqjC_predicted,0.07692307692307693,12,12,TGCGATAGGCGGGATCGAAA,0,5223900
yqjE_yqjK_yqjD_yqjC_predicted,0.07692307692307693,12,12,TGCCTGTCGAACGACACAAA,0,5197516
yqjE_yqjK_yqjD_yqjC_predicted,0.07692307692307693,12,12,TGCATAAGTAGATACGCCTG,0,5251377
yqjE_yqjK_yqjD_yqjC_predicted,0.07692307692307693,12,12,TGCAGGTCGGTCTAGGATAT,0,5206069
yqjE_yqjK_yqjD_yqjC_predicted,0.07692307692307693,12,12,TGCAGATAGATAATTTGAAC,0,5184242
yqjE_yqjK_yqjD_yqjC_predicted,0.07692307692307693,12,12,TGCACGCCATTCCGGGCTAT,0,5245401
yqjE_yqjK_yqjD_yqjC_predicted,0.07692307692307693,12,12,TGATGCTAGCTATACTCTAT,0,5208219
yqjE_yqjK_yqjD_yqjC_predicted,0.07692307692307693,12,12,TGATCTAGGCTCTAACGCTA,0,5250754
yqjE_yqjK_yqjD_yqjC_predicted,0.07692307692307693,12,12,TGACGATAATTCGACCTGAG,0,5209648
yqjE_yqjK_yqjD_yqjC_predicted,0.07692307692307693,12,12,TCTTCGCCGGTGTCAGATTG,0,5205347
yqjE_yqjK_yqjD_yqjC_predicted,0.07692307692307693,12,12,TCTGTAACAGGTATCGGTAG,0,5254991
yqjE_yqjK_yqjD_yqjC_predicted,0.07692307692307693,12,12,TCTGGACCACCCATTTGTAG,0,5232175
yqjE_yqjK_yqjD_yqjC_predicted,0.07692307692307693,12,12,TCTCCCGTGCATATCGGGTG,0,5227140
yqjE_yqjK_yqjD_yqjC_predicted,0.07692307692307693,12,12,TCGTGGTGGGATCTCGGGTG,0,5205732
yqjE_yqjK_yqjD_yqjC_predicted,0.07692307692307693,12,12,TCGTGGGGCTATAGTATGTG,0,5170821
yqjE_yqjK_yqjD_yqjC_predicted,0.07692307692307693,12,12,TCGTAATACAAGGGGGGAGT,0,5246309
yqjE_yqjK_yqjD_yqjC_predicted,0.07692307692307693,12,12,TCGGTTGGGATGAGGGAAGT,0,5246998
yqjE_yqjK_yqjD_yqjC_predicted,0.07692307692307693,12,12,TCGGTCAATTACTGTCAGTA,0,5176559
yqjE_yqjK_yqjD_yqjC_predicted,0.07692307692307693,12,12,TCGATCGTGAATGAAAATCA,0,5216533
yqjE_yqjK_yqjD_yqjC_predicted,0.07692307692307693,12,12,TCGAGCAGTTTCCTCCGTAG,0,5223691
yqjE_yqjK_yqjD_yqjC_predicted,0.07692307692307693,12,12,TCGAGATGGATTCGTGTAAT,0,5258575
yqjE_yqjK_yqjD_yqjC_predicted,0.07692307692307693,12,12,TCGACTACTAAAAGAGAAGA,0,5188655
yqjE_yqjK_yqjD_yqjC_predicted,0.07692307692307693,12,12,TCGACGCCAAAGCTCGATAA,0,5250256
yqjE_yqjK_yqjD_yqjC_predicted,0.07692307692307693,12,12,TCGACCGGGCTACTAAATGT,0,5199884
yqjE_yqjK_yqjD_yqjC_predicted,0.07692307692307693,12,12,TCGACACGCGAACGCTCTAC,0,5198449
yqjE_yqjK_yqjD_yqjC_predicted,0.07692307692307693,12,12,TCCGTTTTAAGTGAGGTGAC,0,5241324
yqjE_yqjK_yqjD_yqjC_predicted,0.07692307692307693,12,12,TCCGGGAGGGCTTTCTCGTT,0,5186828
yqjE_yqjK_yqjD_yqjC_predicted,0.07692307692307693,12,12,TCCGCTCAGTACATTCTGAC,0,5196789
yqjE_yqjK_yqjD_yqjC_predicted,0.07692307692307693,12,12,TCCGAGAGCTACCATAAACG,0,5171190
yqjE_yqjK_yqjD_yqjC_predicted,0.07692307692307693,12,12,TCATTGGAACCGTTTGCTCA,0,5233572
yqjE_yqjK_yqjD_yqjC_predicted,0.07692307692307693,12,12,TCATGATCTAGAGACCATGG,0,5222098
yqjE_yqjK_yqjD_yqjC_predicted,0.07692307692307693,12,12,TCAGGAACCAGGCGTGACCG,0,5225732
yqjE_yqjK_yqjD_yqjC_predicted,0.07692307692307693,12,12,TCACACCTGCGAGGAGACGG,0,5190080
yqjE_yqjK_yqjD_yqjC_predicted,0.07692307692307693,12,12,TATGAAAACTAAGGCCCTCT,0,5210903
yqjE_yqjK_yqjD_yqjC_predicted,0.07692307692307693,12,12,TATCTCGGCGCTTATGTCCC,0,5229850
yqjE_yqjK_yqjD_yqjC_predicted,0.07692307692307693,12,12,TATCGCCACCGATAAAGGGT,0,5200570
yqjE_yqjK_yqjD_yqjC_predicted,0.07692307692307693,12,12,TAGGTCCCGGGGAGTGACTC,0,5192103
yqjE_yqjK_yqjD_yqjC_predicted,0.07692307692307693,12,12,TAGGGAAAAGAGGATAGTTC,0,5214520
yqjE_yqjK_yqjD_yqjC_predicted,0.07692307692307693,12,12,TAGGCTGCCTGTGGATTGGG,0,5204103
yqjE_yqjK_yqjD_yqjC_predicted,0.07692307692307693,12,12,TAGCAGGACCCAACGTGAGT,0,5232491
yqjE_yqjK_yqjD_yqjC_predicted,0.07692307692307693,12,12,TACTCATGCATCGTCTGGCG,0,5251748
yqjE_yqjK_yqjD_yqjC_predicted,0.07692307692307693,12,12,TACGGGAGGTCGTTCACGAG,0,5173404
yqjE_yqjK_yqjD_yqjC_predicted,0.07692307692307693,12,12,TACGCTCGTGTGGACGGTAA,0,5211332
yqjE_yqjK_yqjD_yqjC_predicted,0.07692307692307693,12,12,TACGCCACGGCACATGAATA,0,5174388
yqjE_yqjK_yqjD_yqjC_predicted,0.07692307692307693,12,12,TACATACAGGTTACGCGAAG,0,5223089
yqjE_yqjK_yqjD_yqjC_predicted,0.07692307692307693,12,12,TAAGTTCACTTAAGTCCCTG,0,5233973
yqjE_yqjK_yqjD_yqjC_predicted,0.07692307692307693,12,12,TAAGTCCCGCAACCGAACTT,0,5248331
yqjE_yqjK_yqjD_yqjC_predicted,0.07692307692307693,12,12,TAAGGATCTCACACGATGAG,0,5204161
yqjE_yqjK_yqjD_yqjC_predicted,0.07692307692307693,12,12,TAAGCGGACGCTCGTAACTA,0,5213552
yqjE_yqjK_yqjD_yqjC_predicted,0.07692307692307693,12,12,TAAATGCGATATTCGTACTG,0,5219271
yqjE_yqjK_yqjD_yqjC_predicted,0.07692307692307693,12,12,TAAATCCAATGCAGAGCCGA,0,5184298
yqjE_yqjK_yqjD_yqjC_predicted,0.07692307692307693,12,12,GTTGGCGAAATGAGACATCC,0,5238970
yqjE_yqjK_yqjD_yqjC_predicted,0.07692307692307693,12,12,GTTGCTTTCGGAGGTGAATA,0,5232917
yqjE_yqjK_yqjD_yqjC_predicted,0.07692307692307693,12,12,GTTCTTCAACTCTGAGCGAC,0,5224894
yqjE_yqjK_yqjD_yqjC_predicted,0.07692307692307693,12,12,GTTATGCGCATACCTAACTA,0,5174173
yqjE_yqjK_yqjD_yqjC_predicted,0.07692307692307693,12,12,GTGTTTTGGGCAGACGTGTA,0,5224347
yqjE_yqjK_yqjD_yqjC_predicted,0.07692307692307693,12,12,GTGTCACCGACCTCACCCTG,0,5206994
yqjE_yqjK_yqjD_yqjC_predicted,0.07692307692307693,12,12,GTGTATTTAACAGGTTCCTA,0,5201892
yqjE_yqjK_yqjD_yqjC_predicted,0.07692307692307693,12,12,GTGGCAGTCCGGTAGAGTTA,0,5228315
yqjE_yqjK_yqjD_yqjC_predicted,0.07692307692307693,12,12,GTGCTACGAGGCGGAGAAGA,0,5209340
yqjE_yqjK_yqjD_yqjC_predicted,0.07692307692307693,12,12,GTGAGGGGCGCTGATGACAG,0,5228492
yqjE_yqjK_yqjD_yqjC_predicted,0.07692307692307693,12,12,GTGAGCTTTTAGACTAACAC,0,5175846
yqjE_yqjK_yqjD_yqjC_predicted,0.07692307692307693,12,12,GTGACGCTGGGCTGCGACCC,0,5211320
yqjE_yqjK_yqjD_yqjC_predicted,0.07692307692307693,12,12,GTGAAAGGTAAGTTCTCAGT,0,5218579
yqjE_yqjK_yqjD_yqjC_predicted,0.07692307692307693,12,12,GTCTAGCCGGGTGCGCAATC,0,5199602
yqjE_yqjK_yqjD_yqjC_predicted,0.07692307692307693,12,12,GTCCTCGGTCCTTAAGGAGT,0,5224775
yqjE_yqjK_yqjD_yqjC_predicted,0.07692307692307693,12,12,GTCAGACAGTAAAGGGGCAT,0,5231182
yqjE_yqjK_yqjD_yqjC_predicted,0.07692307692307693,12,12,GTCAAACTCCTGACCATCAC,0,5180157
yqjE_yqjK_yqjD_yqjC_predicted,0.07692307692307693,12,12,GTATATGCAACTTACATGAT,0,5239869
yqjE_yqjK_yqjD_yqjC_predicted,0.07692307692307693,12,12,GTAGGCACCACTGACGTGAT,0,5210557
yqjE_yqjK_yqjD_yqjC_predicted,0.07692307692307693,12,12,GTAGATCCCAGGGTAAGCTC,0,5193696
yqjE_yqjK_yqjD_yqjC_predicted,0.07692307692307693,12,12,GTAATTGATGGTCCACCCGG,0,5239036
yqjE_yqjK_yqjD_yqjC_predicted,0.07692307692307693,12,12,GTAAGAGTGACCCACCAAGG,0,5200168
yqjE_yqjK_yqjD_yqjC_predicted,0.07692307692307693,12,12,GTAAAAGGGCTCACCGTGTG,0,5219263
yqjE_yqjK_yqjD_yqjC_predicted,0.07692307692307693,12,12,GGTTAGCCGAGGCGCTTGAG,0,5233907
yqjE_yqjK_yqjD_yqjC_predicted,0.07692307692307693,12,12,GGTGCGGATTGACTTTAGAA,0,5213303
yqjE_yqjK_yqjD_yqjC_predicted,0.07692307692307693,12,12,GGTCTTTCAGTTGCTGATTT,0,5211134
yqjE_yqjK_yqjD_yqjC_predicted,0.07692307692307693,12,12,GGTACGCCCCGGATAACCCA,0,5176127
yqjE_yqjK_yqjD_yqjC_predicted,0.07692307692307693,12,12,GGGTGCCGGCCAGCGGTGCT,0,5217704
yqjE_yqjK_yqjD_yqjC_predicted,0.07692307692307693,12,12,GGGTCGCGTCTACCAGCTCC,0,5218509
yqjE_yqjK_yqjD_yqjC_predicted,0.07692307692307693,12,12,GGGGATCGCCGGTTAGATTA,0,5175706
yqjE_yqjK_yqjD_yqjC_predicted,0.07692307692307693,12,12,GGGCTGTATGAGCATCGAAT,0,5210675
yqjE_yqjK_yqjD_yqjC_predicted,0.07692307692307693,12,12,GGGAAACGGTATAAAATAAC,0,5228944
yqjE_yqjK_yqjD_yqjC_predicted,0.07692307692307693,12,12,GGCGTGATCTGGGTTTGTAA,0,5228883
yqjE_yqjK_yqjD_yqjC_predicted,0.07692307692307693,12,12,GGCGAGAGGAAGGTGGAATG,0,5184131
yqjE_yqjK_yqjD_yqjC_predicted,0.07692307692307693,12,12,GGCCCGTGGTCGACTGTGCT,0,5261338
yqjE_yqjK_yqjD_yqjC_predicted,0.07692307692307693,12,12,GGCATCAACCCAGTGGCCTT,0,5185770
yqjE_yqjK_yqjD_yqjC_predicted,0.07692307692307693,12,12,GGCAGGTCTTACCGTAAATA,0,5238574
yqjE_yqjK_yqjD_yqjC_predicted,0.07692307692307693,12,12,GGCAACGCTTATTTGGGAGA,0,5215419
yqjE_yqjK_yqjD_yqjC_predicted,0.07692307692307693,12,12,GGACCGTTGTAACAAGTTAC,0,5247424
yqjE_yqjK_yqjD_yqjC_predicted,0.07692307692307693,12,12,GGACATAACCGGATCGAAAA,0,5241757
yqjE_yqjK_yqjD_yqjC_predicted,0.07692307692307693,12,12,GCTAGGGAACCGCTACGGAC,0,5194413
yqjE_yqjK_yqjD_yqjC_predicted,0.07692307692307693,12,12,GCGGTCCCTCATCCTACTGA,0,5208889
yqjE_yqjK_yqjD_yqjC_predicted,0.07692307692307693,12,12,GCGCCAAAACGATAGTGCTA,0,5176031
yqjE_yqjK_yqjD_yqjC_predicted,0.07692307692307693,12,12,GCGATCACAGATACCATACA,0,5191292
yqjE_yqjK_yqjD_yqjC_predicted,0.07692307692307693,12,12,GCGAGGTTATACGCGCAACA,0,5217877
yqjE_yqjK_yqjD_yqjC_predicted,0.07692307692307693,12,12,GCCTTAGCAGCATGCGTCAC,0,5252061
yqjE_yqjK_yqjD_yqjC_predicted,0.07692307692307693,12,12,GCCTGACCTCCTGGGGGGCT,0,5257216
yqjE_yqjK_yqjD_yqjC_predicted,0.07692307692307693,12,12,GCCTCTTCTGATCGGAACGA,0,5182959
yqjE_yqjK_yqjD_yqjC_predicted,0.07692307692307693,12,12,GCCGGACTCAGGTAACAGCG,0,5171639
yqjE_yqjK_yqjD_yqjC_predicted,0.07692307692307693,12,12,GCCCTGGGCAACAGTGGGTG,0,5173750
yqjE_yqjK_yqjD_yqjC_predicted,0.07692307692307693,12,12,GCCCGATACGTTCTTCATGT,0,5220050
yqjE_yqjK_yqjD_yqjC_predicted,0.07692307692307693,12,12,GCCCCCAATGGTATTCAGAT,0,5225180
yqjE_yqjK_yqjD_yqjC_predicted,0.07692307692307693,12,12,GCCCAGCATGTAGCTCCGAG,0,5222577
yqjE_yqjK_yqjD_yqjC_predicted,0.07692307692307693,12,12,GCCCAACGGTTATTGGCCTA,0,5252070
yqjE_yqjK_yqjD_yqjC_predicted,0.07692307692307693,12,12,GCCAGGGCGGCGTCCTTAGA,0,5194735
yqjE_yqjK_yqjD_yqjC_predicted,0.07692307692307693,12,12,GCAGCGCTGGCTTTGACAGC,0,5186588
yqjE_yqjK_yqjD_yqjC_predicted,0.07692307692307693,12,12,GCAGCACTATAGGTCGGCCT,0,5259950
yqjE_yqjK_yqjD_yqjC_predicted,0.07692307692307693,12,12,GCAGAGGATAGCTCGGCCGA,0,5248541
yqjE_yqjK_yqjD_yqjC_predicted,0.07692307692307693,12,12,GATGTGGCCATAGCAGCTAG,0,5230060
yqjE_yqjK_yqjD_yqjC_predicted,0.07692307692307693,12,12,GATGTAACCGCGATGCATTC,0,5229576
yqjE_yqjK_yqjD_yqjC_predicted,0.07692307692307693,12,12,GATCGTCAATAACTTCCTCG,0,5225169
yqjE_yqjK_yqjD_yqjC_predicted,0.07692307692307693,12,12,GATCCAAGCATCTGCAGCAT,0,5226649
yqjE_yqjK_yqjD_yqjC_predicted,0.07692307692307693,12,12,GAGTGAAATCTTCGGACGTA,0,5260507
yqjE_yqjK_yqjD_yqjC_predicted,0.07692307692307693,12,12,GACTTCGCCATCAGTGTTTA,0,5225172
yqjE_yqjK_yqjD_yqjC_predicted,0.07692307692307693,12,12,GACGACCGCTCGGACAGGGT,0,5176327
yqjE_yqjK_yqjD_yqjC_predicted,0.07692307692307693,12,12,GACCGACAGTTGGCCGTGTT,0,5201695
yqjE_yqjK_yqjD_yqjC_predicted,0.07692307692307693,12,12,GAAGGTTAATGTACTTTCAC,0,5229782
yqjE_yqjK_yqjD_yqjC_predicted,0.07692307692307693,12,12,GAAGGGGCGACATGTAGACA,0,5212536
yqjE_yqjK_yqjD_yqjC_predicted,0.07692307692307693,12,12,GAAATGTAAAGAGCGTTGTT,0,5197510
yqjE_yqjK_yqjD_yqjC_predicted,0.07692307692307693,12,12,GAAATCAGTCAACGGCCTTG,0,5190522
yqjE_yqjK_yqjD_yqjC_predicted,0.07692307692307693,12,12,CTTTGACGGCGGGCCGATTT,0,5238463
yqjE_yqjK_yqjD_yqjC_predicted,0.07692307692307693,12,12,CTTTCGGCAGTACCAACACA,0,5248409
yqjE_yqjK_yqjD_yqjC_predicted,0.07692307692307693,12,12,CTTGCCAGTTCCACATTCGT,0,5175320
yqjE_yqjK_yqjD_yqjC_predicted,0.07692307692307693,12,12,CTTGACTCATGGATCCGTAA,0,5230536
yqjE_yqjK_yqjD_yqjC_predicted,0.07692307692307693,12,12,CTGTCGGGCCACCGCCATAT,0,5188146
yqjE_yqjK_yqjD_yqjC_predicted,0.07692307692307693,12,12,CTGCGCTTTTCGCGTGGCAA,0,5192157
yqjE_yqjK_yqjD_yqjC_predicted,0.07692307692307693,12,12,CTGAGGGCCATCCATCGCAT,0,5228108
yqjE_yqjK_yqjD_yqjC_predicted,0.07692307692307693,12,12,CTGACACGATCTTCAGTAGA,0,5231001
yqjE_yqjK_yqjD_yqjC_predicted,0.07692307692307693,12,12,CTGAATTTTAGGTTAGCCAA,0,5216652
yqjE_yqjK_yqjD_yqjC_predicted,0.07692307692307693,12,12,CTCTGAGCCGGTGGGTCCCT,0,5230658
yqjE_yqjK_yqjD_yqjC_predicted,0.07692307692307693,12,12,CTCGTACACAGCGTAAGCGA,0,5237655
yqjE_yqjK_yqjD_yqjC_predicted,0.07692307692307693,12,12,CTCCGGCGCTTAGTTCCGCA,0,5244033
yqjE_yqjK_yqjD_yqjC_predicted,0.07692307692307693,12,12,CTCCACTATTAACAACCTCC,0,5192416
yqjE_yqjK_yqjD_yqjC_predicted,0.07692307692307693,12,12,CTCCAACCGAGGGGCTACTG,0,5251061
yqjE_yqjK_yqjD_yqjC_predicted,0.07692307692307693,12,12,CTCAACAGTAATGAGTCGAT,0,5242811
yqjE_yqjK_yqjD_yqjC_predicted,0.07692307692307693,12,12,CTATTTTTGCAGTAAAATAT,0,5199529
yqjE_yqjK_yqjD_yqjC_predicted,0.07692307692307693,12,12,CTATGCACAAAAACCCGAGA,0,5209059
yqjE_yqjK_yqjD_yqjC_predicted,0.07692307692307693,12,12,CTATCGAAACGAGCTTATCA,0,5230426
yqjE_yqjK_yqjD_yqjC_predicted,0.07692307692307693,12,12,CTATAGACGCACGCGTTGCC,0,5197932
yqjE_yqjK_yqjD_yqjC_predicted,0.07692307692307693,12,12,CTACTCCCTCTCCAGCGACT,0,5171242
yqjE_yqjK_yqjD_yqjC_predicted,0.07692307692307693,12,12,CTACCGCCACGCCTCCGCGT,0,5176842
yqjE_yqjK_yqjD_yqjC_predicted,0.07692307692307693,12,12,CTAAGATACTCATAAACGTT,0,5253226
yqjE_yqjK_yqjD_yqjC_predicted,0.07692307692307693,12,12,CGTCCTAAACAGGCGGCACG,0,5196311
yqjE_yqjK_yqjD_yqjC_predicted,0.07692307692307693,12,12,CGTACTGACGCTGGTTGAAT,0,5191557
yqjE_yqjK_yqjD_yqjC_predicted,0.07692307692307693,12,12,CGTACCCGTACCGACGGAGC,0,5214933
yqjE_yqjK_yqjD_yqjC_predicted,0.07692307692307693,12,12,CGGTTAGGCTGTGATGTCGT,0,5204524
yqjE_yqjK_yqjD_yqjC_predicted,0.07692307692307693,12,12,CGGTGAGAACTGGACATTTA,0,5176026
yqjE_yqjK_yqjD_yqjC_predicted,0.07692307692307693,12,12,CGGCCTAGTTGACGTGCACG,0,5173091
yqjE_yqjK_yqjD_yqjC_predicted,0.07692307692307693,12,12,CGGATAATGCCATTGCACGA,0,5189819
yqjE_yqjK_yqjD_yqjC_predicted,0.07692307692307693,12,12,CGGAGGGTGACTACTACGCT,0,5174183
yqjE_yqjK_yqjD_yqjC_predicted,0.07692307692307693,12,12,CGGAATATTCACATCCCTGT,0,5211278
yqjE_yqjK_yqjD_yqjC_predicted,0.07692307692307693,12,12,CGGAAATTGAACTATGCGCG,0,5232371
yqjE_yqjK_yqjD_yqjC_predicted,0.07692307692307693,12,12,CGCAGAAGGAGCCCGATAAA,0,5171763
yqjE_yqjK_yqjD_yqjC_predicted,0.07692307692307693,12,12,CGATACCTACAAACGGGCTG,0,5202807
yqjE_yqjK_yqjD_yqjC_predicted,0.07692307692307693,12,12,CGAGGCTTCAAGACATCTTG,0,5215832
yqjE_yqjK_yqjD_yqjC_predicted,0.07692307692307693,12,12,CGACATAGCAGACCCAATGC,0,5222211
yqjE_yqjK_yqjD_yqjC_predicted,0.07692307692307693,12,12,CGACATACATTTAACAACTC,0,5210671
yqjE_yqjK_yqjD_yqjC_predicted,0.07692307692307693,12,12,CCTCTTTTATTTGGTGAGAG,0,5213862
yqjE_yqjK_yqjD_yqjC_predicted,0.07692307692307693,12,12,CCTCTTTGGACACAATAGAT,0,5209526
yqjE_yqjK_yqjD_yqjC_predicted,0.07692307692307693,12,12,CCTACTGTATTCTATTTGTA,0,5243585
yqjE_yqjK_yqjD_yqjC_predicted,0.07692307692307693,12,12,CCTACCGGGCATTTAAAGGC,0,5221877
yqjE_yqjK_yqjD_yqjC_predicted,0.07692307692307693,12,12,CCTAACGGATATTGGAATAG,0,5186775
yqjE_yqjK_yqjD_yqjC_predicted,0.07692307692307693,12,12,CCGGTGCAGGTGGGGCCATA,0,5217777
yqjE_yqjK_yqjD_yqjC_predicted,0.07692307692307693,12,12,CCGGCATCGTTTGATCATAT,0,5197355
yqjE_yqjK_yqjD_yqjC_predicted,0.07692307692307693,12,12,CCGCCAGACCACGGCCTAAT,0,5176567
yqjE_yqjK_yqjD_yqjC_predicted,0.07692307692307693,12,12,CCGAGAATTGTGGCGCCTGC,0,5261506
yqjE_yqjK_yqjD_yqjC_predicted,0.07692307692307693,12,12,CCGACTCGTTCTAGAGGTAT,0,5218282
yqjE_yqjK_yqjD_yqjC_predicted,0.07692307692307693,12,12,CCGAAGGGGGGGACAGATTG,0,5185038
yqjE_yqjK_yqjD_yqjC_predicted,0.07692307692307693,12,12,CCCGACTTTGCAAGCTTAAT,0,5228362
yqjE_yqjK_yqjD_yqjC_predicted,0.07692307692307693,12,12,CCCATGCAACGTCGGAGAAT,0,5215819
yqjE_yqjK_yqjD_yqjC_predicted,0.07692307692307693,12,12,CCCAAGAACCACACGAACCG,0,5191080
yqjE_yqjK_yqjD_yqjC_predicted,0.07692307692307693,12,12,CCATTAGAGCCACGGAGGGT,0,5254039
yqjE_yqjK_yqjD_yqjC_predicted,0.07692307692307693,12,12,CCATCACTACGGCATGCATA,0,5217234
yqjE_yqjK_yqjD_yqjC_predicted,0.07692307692307693,12,12,CCATACGGGAGGTGCTTAGC,0,5171849
yqjE_yqjK_yqjD_yqjC_predicted,0.07692307692307693,12,12,CCAGTCGGATTCTCGTTTGG,0,5249582
yqjE_yqjK_yqjD_yqjC_predicted,0.07692307692307693,12,12,CCAGATCGCACATGAATGGT,0,5177682
yqjE_yqjK_yqjD_yqjC_predicted,0.07692307692307693,12,12,CCACTAGGTAACACCACTTC,0,5242599
yqjE_yqjK_yqjD_yqjC_predicted,0.07692307692307693,12,12,CCAAAATTTATTCCTTCACT,0,5194132
yqjE_yqjK_yqjD_yqjC_predicted,0.07692307692307693,12,12,CCAAAAGGGTCAGGGACGTC,0,5204581
yqjE_yqjK_yqjD_yqjC_predicted,0.07692307692307693,12,12,CATTTTTATATATCATCGCG,0,5179112
yqjE_yqjK_yqjD_yqjC_predicted,0.07692307692307693,12,12,CATTGGTTGGCCACTTAGTA,0,5242095
yqjE_yqjK_yqjD_yqjC_predicted,0.07692307692307693,12,12,CATCCGCAAGAGGAGATGGC,0,5256599
yqjE_yqjK_yqjD_yqjC_predicted,0.07692307692307693,12,12,CATAGATCCTGATTTGGAGG,0,5241271
yqjE_yqjK_yqjD_yqjC_predicted,0.07692307692307693,12,12,CATAACAGACCATTGCAAGT,0,5175887
yqjE_yqjK_yqjD_yqjC_predicted,0.07692307692307693,12,12,CAGTGTGCGGGGGTGAACTG,0,5207073
yqjE_yqjK_yqjD_yqjC_predicted,0.07692307692307693,12,12,CAGGAACATTACCGTCATCT,0,5250475
yqjE_yqjK_yqjD_yqjC_predicted,0.07692307692307693,12,12,CAGCGACGTTAGGGACGCTT,0,5198763
yqjE_yqjK_yqjD_yqjC_predicted,0.07692307692307693,12,12,CAGAAGCGTTGGAGCGCTGT,0,5193374
yqjE_yqjK_yqjD_yqjC_predicted,0.07692307692307693,12,12,CACTGTTCTGAGTTTTAAAT,0,5207063
yqjE_yqjK_yqjD_yqjC_predicted,0.07692307692307693,12,12,CACTCTTCTCGTTCTGTGGG,0,5204344
yqjE_yqjK_yqjD_yqjC_predicted,0.07692307692307693,12,12,CACTCCTTCTGGAACGCGCA,0,5251481
yqjE_yqjK_yqjD_yqjC_predicted,0.07692307692307693,12,12,CACTCACCCATGTTATGTGT,0,5231170
yqjE_yqjK_yqjD_yqjC_predicted,0.07692307692307693,12,12,CACTAAGTTTTACCTGATCT,0,5226701
yqjE_yqjK_yqjD_yqjC_predicted,0.07692307692307693,12,12,CACGGGTGTCTACAGAACTT,0,5261091
yqjE_yqjK_yqjD_yqjC_predicted,0.07692307692307693,12,12,CACCGTAAGTTAGAATACGC,0,5194419
yqjE_yqjK_yqjD_yqjC_predicted,0.07692307692307693,12,12,CACCCGCGTTGAACGTTTTG,0,5247453
yqjE_yqjK_yqjD_yqjC_predicted,0.07692307692307693,12,12,CAATATCTCGATCCGACATT,0,5193814
yqjE_yqjK_yqjD_yqjC_predicted,0.07692307692307693,12,12,CAAGCGCATGTCAAAAATGA,0,5245706
yqjE_yqjK_yqjD_yqjC_predicted,0.07692307692307693,12,12,CAAGCAAGGAGCTACGCGAA,0,5227725
yqjE_yqjK_yqjD_yqjC_predicted,0.07692307692307693,12,12,CAAACAGCATTTAAGAGCTC,0,5228227
yqjE_yqjK_yqjD_yqjC_predicted,0.07692307692307693,12,12,ATTTACTGATTGGGGGTCAA,0,5254915
yqjE_yqjK_yqjD_yqjC_predicted,0.07692307692307693,12,12,ATTGTACAGAAAACTTGCGA,0,5224956
yqjE_yqjK_yqjD_yqjC_predicted,0.07692307692307693,12,12,ATTGAGAGTTGCTTGGTCGC,0,5234492
yqjE_yqjK_yqjD_yqjC_predicted,0.07692307692307693,12,12,ATTCGCGAGGAGGTAGAATT,0,5177288
yqjE_yqjK_yqjD_yqjC_predicted,0.07692307692307693,12,12,ATTAGCAGCCGCGAGTACCC,0,5186909
yqjE_yqjK_yqjD_yqjC_predicted,0.07692307692307693,12,12,ATTAATATTGAGCTGTAGAG,0,5219958
yqjE_yqjK_yqjD_yqjC_predicted,0.07692307692307693,12,12,ATTAAGAATCATTTTAGCTA,0,5239626
yqjE_yqjK_yqjD_yqjC_predicted,0.07692307692307693,12,12,ATTAACTTTCTGTAGACCAA,0,5228792
yqjE_yqjK_yqjD_yqjC_predicted,0.07692307692307693,12,12,ATGTTTTATACGTAAAAGGC,0,5234530
yqjE_yqjK_yqjD_yqjC_predicted,0.07692307692307693,12,12,ATGTGAGTTGTTTGCATATC,0,5253004
yqjE_yqjK_yqjD_yqjC_predicted,0.07692307692307693,12,12,ATGTCTTTATGTTAGTACTG,0,5233251
yqjE_yqjK_yqjD_yqjC_predicted,0.07692307692307693,12,12,ATGGGATGAGTATAACTTAG,0,5187060
yqjE_yqjK_yqjD_yqjC_predicted,0.07692307692307693,12,12,ATGGCACAATTGACGAGACT,0,5254994
yqjE_yqjK_yqjD_yqjC_predicted,0.07692307692307693,12,12,ATGGAGACGAGATTCTTTTC,0,5203095
yqjE_yqjK_yqjD_yqjC_predicted,0.07692307692307693,12,12,ATGGACTTCCGGAGCAAACT,0,5258439
yqjE_yqjK_yqjD_yqjC_predicted,0.07692307692307693,12,12,ATGATTGTGATTCGTGTGAA,0,5216762
yqjE_yqjK_yqjD_yqjC_predicted,0.07692307692307693,12,12,ATGAGTACTCATTTTTCAAA,0,5238049
yqjE_yqjK_yqjD_yqjC_predicted,0.07692307692307693,12,12,ATCTTCTGGAGGAAGCAATA,0,5221174
yqjE_yqjK_yqjD_yqjC_predicted,0.07692307692307693,12,12,ATCTCCAGGGCAGGAACAAC,0,5246557
yqjE_yqjK_yqjD_yqjC_predicted,0.07692307692307693,12,12,ATCGTAATTTTAGCCGTTGG,0,5185853
yqjE_yqjK_yqjD_yqjC_predicted,0.07692307692307693,12,12,ATCCGGAGGGTGCAGTCCAA,0,5260847
yqjE_yqjK_yqjD_yqjC_predicted,0.07692307692307693,12,12,ATCCCCCCCTCCGGAACTCC,0,5193568
yqjE_yqjK_yqjD_yqjC_predicted,0.07692307692307693,12,12,ATAGTCCATTAGCGGGGTCA,0,5197551
yqjE_yqjK_yqjD_yqjC_predicted,0.07692307692307693,12,12,ATAGGGCTCTTCATATGGAT,0,5250874
yqjE_yqjK_yqjD_yqjC_predicted,0.07692307692307693,12,12,ATAGCCACCAGTATTAATGG,0,5250416
yqjE_yqjK_yqjD_yqjC_predicted,0.07692307692307693,12,12,ATACGTTCAGCCTGTCTATT,0,5181901
yqjE_yqjK_yqjD_yqjC_predicted,0.07692307692307693,12,12,ATACCTTTCCAGCCGTTTAC,0,5178565
yqjE_yqjK_yqjD_yqjC_predicted,0.07692307692307693,12,12,AGTTGATACGGAGCCGGAAA,0,5187785
yqjE_yqjK_yqjD_yqjC_predicted,0.07692307692307693,12,12,AGTTAGGCATATTTAGGTAT,0,5189804
yqjE_yqjK_yqjD_yqjC_predicted,0.07692307692307693,12,12,AGTTACAGTATTTCAGTAGT,0,5228528
yqjE_yqjK_yqjD_yqjC_predicted,0.07692307692307693,12,12,AGTCGTATAATCATGGAGAG,0,5184398
yqjE_yqjK_yqjD_yqjC_predicted,0.07692307692307693,12,12,AGTCAACCGGCAAGGGAGTA,0,5187371
yqjE_yqjK_yqjD_yqjC_predicted,0.07692307692307693,12,12,AGTAGGTGCATGAAAATTTA,0,5203643
yqjE_yqjK_yqjD_yqjC_predicted,0.07692307692307693,12,12,AGTAGAGCGTGTACTCCTAC,0,5246781
yqjE_yqjK_yqjD_yqjC_predicted,0.07692307692307693,12,12,AGTACAACTGAGACATTAGG,0,5261556
yqjE_yqjK_yqjD_yqjC_predicted,0.07692307692307693,12,12,AGTAACACTGTGTAGTCGCA,0,5239334
yqjE_yqjK_yqjD_yqjC_predicted,0.07692307692307693,12,12,AGGGTTTACAGCCCCTACAA,0,5230122
yqjE_yqjK_yqjD_yqjC_predicted,0.07692307692307693,12,12,AGGGGTCGTGAGACGCGTCC,0,5260043
yqjE_yqjK_yqjD_yqjC_predicted,0.07692307692307693,12,12,AGGGCAAGGTAGCTGAGGGT,0,5217524
yqjE_yqjK_yqjD_yqjC_predicted,0.07692307692307693,12,12,AGGCTCTTAACATAGTTCCT,0,5202982
yqjE_yqjK_yqjD_yqjC_predicted,0.07692307692307693,12,12,AGGATGAGCCGAATCGGTCT,0,5190228
yqjE_yqjK_yqjD_yqjC_predicted,0.07692307692307693,12,12,AGGAGATCTCTGGGGCAATA,0,5231187
yqjE_yqjK_yqjD_yqjC_predicted,0.07692307692307693,12,12,AGGAATGGTACAAAAGTAAA,0,5239935
yqjE_yqjK_yqjD_yqjC_predicted,0.07692307692307693,12,12,AGGAAACTCCGCTCGTACGT,0,5205356
yqjE_yqjK_yqjD_yqjC_predicted,0.07692307692307693,12,12,AGCGCACATACAGGATGTTA,0,5229685
yqjE_yqjK_yqjD_yqjC_predicted,0.07692307692307693,12,12,AGCACTGCCCTTGTACCATT,0,5192017
yqjE_yqjK_yqjD_yqjC_predicted,0.07692307692307693,12,12,AGCACCTACGTATGGGTGCT,0,5175645
yqjE_yqjK_yqjD_yqjC_predicted,0.07692307692307693,12,12,AGCAAGGTAGCGAGAGATAA,0,5200879
yqjE_yqjK_yqjD_yqjC_predicted,0.07692307692307693,12,12,AGATCGTAGAGTCTGACAAA,0,5206813
yqjE_yqjK_yqjD_yqjC_predicted,0.07692307692307693,12,12,AGAGCGGAAGAAGTGAAAAG,0,5245268
yqjE_yqjK_yqjD_yqjC_predicted,0.07692307692307693,12,12,AGACGCGACAGGAGTTCACG,0,5252787
yqjE_yqjK_yqjD_yqjC_predicted,0.07692307692307693,12,12,AGAAGACCAACTGGTAGCTG,0,5232396
yqjE_yqjK_yqjD_yqjC_predicted,0.07692307692307693,12,12,AGAACATGTCAGATCACATA,0,5197493
yqjE_yqjK_yqjD_yqjC_predicted,0.07692307692307693,12,12,AGAACAGACTCAATAGGCGA,0,5225736
yqjE_yqjK_yqjD_yqjC_predicted,0.07692307692307693,12,12,ACTGTCGATCGTTAGCTCTC,0,5253890
yqjE_yqjK_yqjD_yqjC_predicted,0.07692307692307693,12,12,ACTCCTGGTGAATGGGGAGT,0,5190819
yqjE_yqjK_yqjD_yqjC_predicted,0.07692307692307693,12,12,ACGTAGGCCAGAACGGAATA,0,5260597
yqjE_yqjK_yqjD_yqjC_predicted,0.07692307692307693,12,12,ACGCCTCCTAAGCGGTACTC,0,5208477
yqjE_yqjK_yqjD_yqjC_predicted,0.07692307692307693,12,12,ACGATCGTTAAGCCGCTAGT,0,5197952
yqjE_yqjK_yqjD_yqjC_predicted,0.07692307692307693,12,12,ACGAGAAGCCCCTACTCGTT,0,5240817
yqjE_yqjK_yqjD_yqjC_predicted,0.07692307692307693,12,12,ACGAATTTAAAGAAAAGTAC,0,5226351
yqjE_yqjK_yqjD_yqjC_predicted,0.07692307692307693,12,12,ACCTTTCCGTAGCGACCCAT,0,5225329
yqjE_yqjK_yqjD_yqjC_predicted,0.07692307692307693,12,12,ACAGCTCTCTATCTTGTGTA,0,5176750
yqjE_yqjK_yqjD_yqjC_predicted,0.07692307692307693,12,12,ACAGAGATGGTCGCAAGATC,0,5190238
yqjE_yqjK_yqjD_yqjC_predicted,0.07692307692307693,12,12,ACAATCTGAACGTATCAACA,0,5175753
yqjE_yqjK_yqjD_yqjC_predicted,0.07692307692307693,12,12,ACAAGCCTCTATCTATGCGA,0,5231504
yqjE_yqjK_yqjD_yqjC_predicted,0.07692307692307693,12,12,ACAAGCAGCTTATTAGTGTA,0,5235069
yqjE_yqjK_yqjD_yqjC_predicted,0.07692307692307693,12,12,ACAACGGGTGGTTTTGCTCG,0,5184349
yqjE_yqjK_yqjD_yqjC_predicted,0.07692307692307693,12,12,AATTTACAGGTAAAGTCTAT,0,5244440
yqjE_yqjK_yqjD_yqjC_predicted,0.07692307692307693,12,12,AATTGGAAAACGAGCAAGAA,0,5207407
yqjE_yqjK_yqjD_yqjC_predicted,0.07692307692307693,12,12,AATTCGGGGGATTGTTGTGC,0,5180819
yqjE_yqjK_yqjD_yqjC_predicted,0.07692307692307693,12,12,AATGCCTGGTGTACAGTCAA,0,5230755
yqjE_yqjK_yqjD_yqjC_predicted,0.07692307692307693,12,12,AATCGGGTTTCCTAGGCCCA,0,5205341
yqjE_yqjK_yqjD_yqjC_predicted,0.07692307692307693,12,12,AATATTGGCAAATTATGTAA,0,5221302
yqjE_yqjK_yqjD_yqjC_predicted,0.07692307692307693,12,12,AAGGCGCGATTTTGGGAGCG,0,5175853
yqjE_yqjK_yqjD_yqjC_predicted,0.07692307692307693,12,12,AAGGCGCCTATCAACAGATA,0,5227865
yqjE_yqjK_yqjD_yqjC_predicted,0.07692307692307693,12,12,AAGCGTATTCGACCAATGTT,0,5235143
yqjE_yqjK_yqjD_yqjC_predicted,0.07692307692307693,12,12,AAGCCGTATGCCTACTGGGT,0,5195015
yqjE_yqjK_yqjD_yqjC_predicted,0.07692307692307693,12,12,AAGACAAGGCTGAGGCCGCA,0,5232381
yqjE_yqjK_yqjD_yqjC_predicted,0.07692307692307693,12,12,AAGAATTGTGACCATGGGAC,0,5242288
yqjE_yqjK_yqjD_yqjC_predicted,0.07692307692307693,12,12,AACTTTTTGTAAAGCACTAC,0,5201278
yqjE_yqjK_yqjD_yqjC_predicted,0.07692307692307693,12,12,AACTGAATGGATGCTCATGT,0,5178111
yqjE_yqjK_yqjD_yqjC_predicted,0.07692307692307693,12,12,AACTATTGGTCTGGTTTGGT,0,5180430
yqjE_yqjK_yqjD_yqjC_predicted,0.07692307692307693,12,12,AACGTTAATCATTGCAGCCT,0,5182507
yqjE_yqjK_yqjD_yqjC_predicted,0.07692307692307693,12,12,AACGGATATAGCACTCGCAG,0,5226391
yqjE_yqjK_yqjD_yqjC_predicted,0.07692307692307693,12,12,AACGCACGGCCTTGGACTTT,0,5184760
yqjE_yqjK_yqjD_yqjC_predicted,0.07692307692307693,12,12,AACCTATCTCCGTAACGTTG,0,5207509
yqjE_yqjK_yqjD_yqjC_predicted,0.07692307692307693,12,12,AACAATTGTGCGGGTTATTC,0,5229450
yqjE_yqjK_yqjD_yqjC_predicted,0.07692307692307693,12,12,AAAGGTTATTGGCTTCGATT,0,5214533
yqjE_yqjK_yqjD_yqjC_predicted,0.07692307692307693,12,12,AAAAACTGTGAGCGTCACGT,0,5211333
yqjE_yqjK_yqjD_yqjC_predicted,0.08333333333333333,11,11,TTTGGTTAGGGCATATAACC,0,5258608
yqjE_yqjK_yqjD_yqjC_predicted,0.08333333333333333,11,11,TTTGGCTGCATCCCCTACGA,0,5255051
yqjE_yqjK_yqjD_yqjC_predicted,0.08333333333333333,11,11,TTTCTATCGTATCTTAGAGT,0,5189550
yqjE_yqjK_yqjD_yqjC_predicted,0.08333333333333333,11,11,TTTCCTCCCATGGAGTTTTG,0,5253446
yqjE_yqjK_yqjD_yqjC_predicted,0.08333333333333333,11,11,TTTAGTTACCTCATAGCGCG,0,5198487
yqjE_yqjK_yqjD_yqjC_predicted,0.08333333333333333,11,11,TTGTCTTGACTCATCGCGAA,0,5245117
yqjE_yqjK_yqjD_yqjC_predicted,0.08333333333333333,11,11,TTGTCGTAGACAAACCTATA,0,5220624
yqjE_yqjK_yqjD_yqjC_predicted,0.08333333333333333,11,11,TTGTCCGAAGCCAGTTTAGG,0,5236669
yqjE_yqjK_yqjD_yqjC_predicted,0.08333333333333333,11,11,TTGGTCTGCAGGTACTATGC,0,5200717
yqjE_yqjK_yqjD_yqjC_predicted,0.08333333333333333,11,11,TTGGGGGATTAACTTCAGCA,0,5184578
yqjE_yqjK_yqjD_yqjC_predicted,0.08333333333333333,11,11,TTGGAGTCGCGTCGGGCCGT,0,5234880
yqjE_yqjK_yqjD_yqjC_predicted,0.08333333333333333,11,11,TTCTTCGAGATATATAATTA,0,5233639
yqjE_yqjK_yqjD_yqjC_predicted,0.08333333333333333,11,11,TTCTGAGACCTATGGGGGTT,0,5183174
yqjE_yqjK_yqjD_yqjC_predicted,0.08333333333333333,11,11,TTCGGTGTCAGTGACTATTT,0,5171647
yqjE_yqjK_yqjD_yqjC_predicted,0.08333333333333333,11,11,TTCAGGCCGGCTGCACGTGC,0,5223419
yqjE_yqjK_yqjD_yqjC_predicted,0.08333333333333333,11,11,TTATGGAGTCTATCAGCGAA,0,5218434
yqjE_yqjK_yqjD_yqjC_predicted,0.08333333333333333,11,11,TTATCATGGCTATGTTGTCT,0,5222239
yqjE_yqjK_yqjD_yqjC_predicted,0.08333333333333333,11,11,TTAGGGATGCTCCCTCGCTG,0,5230509
yqjE_yqjK_yqjD_yqjC_predicted,0.08333333333333333,11,11,TTACTAGCCTTTCAGCGTGT,0,5227264
yqjE_yqjK_yqjD_yqjC_predicted,0.08333333333333333,11,11,TTACGGAACTTTGAAAGAGT,0,5215518
yqjE_yqjK_yqjD_yqjC_predicted,0.08333333333333333,11,11,TTACAGAAGTGTCGGATGCG,0,5215633
yqjE_yqjK_yqjD_yqjC_predicted,0.08333333333333333,11,11,TTACAAGCAAGGTCTTTCAT,0,5256844
yqjE_yqjK_yqjD_yqjC_predicted,0.08333333333333333,11,11,TTAACAGACGCCCAAGCGCA,0,5237478
yqjE_yqjK_yqjD_yqjC_predicted,0.08333333333333333,11,11,TGTTTGCCGCGAAGGACCCT,0,5192895
yqjE_yqjK_yqjD_yqjC_predicted,0.08333333333333333,11,11,TGTGTTGCACGGTCTACAAT,0,5178492
yqjE_yqjK_yqjD_yqjC_predicted,0.08333333333333333,11,11,TGTGGAACCCTCTCAACGAT,0,5234762
yqjE_yqjK_yqjD_yqjC_predicted,0.08333333333333333,11,11,TGTATCATGTCCACGGTTGT,0,5230440
yqjE_yqjK_yqjD_yqjC_predicted,0.08333333333333333,11,11,TGGTGCCTTGCGCGTAGATT,0,5242334
yqjE_yqjK_yqjD_yqjC_predicted,0.08333333333333333,11,11,TGGGCAATTGACCGTACACC,0,5172726
yqjE_yqjK_yqjD_yqjC_predicted,0.08333333333333333,11,11,TGGATGGAAGAAACCTGGAG,0,5195188
yqjE_yqjK_yqjD_yqjC_predicted,0.08333333333333333,11,11,TGGACTCTCCATAGGTGGAA,0,5189522
yqjE_yqjK_yqjD_yqjC_predicted,0.08333333333333333,11,11,TGCTTAGTAAGTATGTGTGT,0,5177284
yqjE_yqjK_yqjD_yqjC_predicted,0.08333333333333333,11,11,TGCTCTTCCTTTTTGCGGCA,0,5238061
yqjE_yqjK_yqjD_yqjC_predicted,0.08333333333333333,11,11,TGCTCTCTATATGCTTAGGA,0,5217967
yqjE_yqjK_yqjD_yqjC_predicted,0.08333333333333333,11,11,TGCTCAATATGCGTTACCAT,0,5210319
yqjE_yqjK_yqjD_yqjC_predicted,0.08333333333333333,11,11,TGCGATCTGAGGGACGGACT,0,5196968
yqjE_yqjK_yqjD_yqjC_predicted,0.08333333333333333,11,11,TGCGAAATCACAGCTCTATC,0,5204340
yqjE_yqjK_yqjD_yqjC_predicted,0.08333333333333333,11,11,TGCCTCTCGGCTTGCATCTA,0,5248966
yqjE_yqjK_yqjD_yqjC_predicted,0.08333333333333333,11,11,TGCATGGTTTAGCATACCCG,0,5184569
yqjE_yqjK_yqjD_yqjC_predicted,0.08333333333333333,11,11,TGCAAGCTGCGCCTGGTAAT,0,5224334
yqjE_yqjK_yqjD_yqjC_predicted,0.08333333333333333,11,11,TGCAAGCACAAACGGCCGGT,0,5192160
yqjE_yqjK_yqjD_yqjC_predicted,0.08333333333333333,11,11,TGAGCATGCAGCAAACTGGT,0,5225070
yqjE_yqjK_yqjD_yqjC_predicted,0.08333333333333333,11,11,TGACTTAACATTATTGGGAC,0,5241047
yqjE_yqjK_yqjD_yqjC_predicted,0.08333333333333333,11,11,TGACACCTCCGAGTATAGCC,0,5243405
yqjE_yqjK_yqjD_yqjC_predicted,0.08333333333333333,11,11,TGAATCTGAATATCACTGTG,0,5192130
yqjE_yqjK_yqjD_yqjC_predicted,0.08333333333333333,11,11,TGAACGTATCTGGGTTTGCA,0,5218345
yqjE_yqjK_yqjD_yqjC_predicted,0.08333333333333333,11,11,TCTTAACTCCGAGTCACAAA,0,5216260
yqjE_yqjK_yqjD_yqjC_predicted,0.08333333333333333,11,11,TCTGTTGCCCCTGATCTGGT,0,5218499
yqjE_yqjK_yqjD_yqjC_predicted,0.08333333333333333,11,11,TCTGTCCGCTATGAGATGAA,0,5218936
yqjE_yqjK_yqjD_yqjC_predicted,0.08333333333333333,11,11,TCTGCACGGTTTACGCCAGG,0,5248775
yqjE_yqjK_yqjD_yqjC_predicted,0.08333333333333333,11,11,TCTGACTGAGATGGATTAAC,0,5256244
yqjE_yqjK_yqjD_yqjC_predicted,0.08333333333333333,11,11,TCTACGGATCGCGCAGCAAA,0,5238673
yqjE_yqjK_yqjD_yqjC_predicted,0.08333333333333333,11,11,TCGTGCTTATGAAGGGGGTT,0,5188222
yqjE_yqjK_yqjD_yqjC_predicted,0.08333333333333333,11,11,TCGTATCCTTTGCGTGGAAC,0,5222442
yqjE_yqjK_yqjD_yqjC_predicted,0.08333333333333333,11,11,TCGTATACTTTGGCAGCCGT,0,5255877
yqjE_yqjK_yqjD_yqjC_predicted,0.08333333333333333,11,11,TCGCAGTCGGAAAAAAGGCA,0,5214689
yqjE_yqjK_yqjD_yqjC_predicted,0.08333333333333333,11,11,TCGACAACTTTCCTCCTCGT,0,5174146
yqjE_yqjK_yqjD_yqjC_predicted,0.08333333333333333,11,11,TCCGACGCCTGATCGCCTTT,0,5257954
yqjE_yqjK_yqjD_yqjC_predicted,0.08333333333333333,11,11,TCCGACCTGGCCACATAAAT,0,5216974
yqjE_yqjK_yqjD_yqjC_predicted,0.08333333333333333,11,11,TCCCGGCTACAATTCTTCGC,0,5208024
yqjE_yqjK_yqjD_yqjC_predicted,0.08333333333333333,11,11,TCCCAGCGCGCTGTGTAACG,0,5227460
yqjE_yqjK_yqjD_yqjC_predicted,0.08333333333333333,11,11,TCCACGAAGAACCGTGCGAA,0,5235787
yqjE_yqjK_yqjD_yqjC_predicted,0.08333333333333333,11,11,TCATGATTATAACACAGGAG,0,5190266
yqjE_yqjK_yqjD_yqjC_predicted,0.08333333333333333,11,11,TCATGATCATGAGTGACCGA,0,5202448
yqjE_yqjK_yqjD_yqjC_predicted,0.08333333333333333,11,11,TCAGTCGGCGTATATCATCT,0,5255470
yqjE_yqjK_yqjD_yqjC_predicted,0.08333333333333333,11,11,TCAGGGAAAGTTGTGATCTA,0,5228201
yqjE_yqjK_yqjD_yqjC_predicted,0.08333333333333333,11,11,TCAGATGGCTTACAGATCGC,0,5221883
yqjE_yqjK_yqjD_yqjC_predicted,0.08333333333333333,11,11,TCAATTCACTCGTGACGGAT,0,5177936
yqjE_yqjK_yqjD_yqjC_predicted,0.08333333333333333,11,11,TCAAAAAAGGGGGTGTACGA,0,5224377
yqjE_yqjK_yqjD_yqjC_predicted,0.08333333333333333,11,11,TATTCCTAGGGGTCCGCGTT,0,5233223
yqjE_yqjK_yqjD_yqjC_predicted,0.08333333333333333,11,11,TATTCCGCCTCGAATTCTAT,0,5192705
yqjE_yqjK_yqjD_yqjC_predicted,0.08333333333333333,11,11,TAGGTGCAAAACCGCTCTGA,0,5240569
yqjE_yqjK_yqjD_yqjC_predicted,0.08333333333333333,11,11,TAGGGACCGGGGCAAGTACC,0,5193163
yqjE_yqjK_yqjD_yqjC_predicted,0.08333333333333333,11,11,TAGATAAGATAGCAAAGACA,0,5170946
yqjE_yqjK_yqjD_yqjC_predicted,0.08333333333333333,11,11,TACTCACTTTAAAAAATGAC,0,5245701
yqjE_yqjK_yqjD_yqjC_predicted,0.08333333333333333,11,11,TACGGAGGACGACTTAAGGG,0,5205882
yqjE_yqjK_yqjD_yqjC_predicted,0.08333333333333333,11,11,TACGGAAGTGTGGAGGGTTT,0,5216766
yqjE_yqjK_yqjD_yqjC_predicted,0.08333333333333333,11,11,TACACCCTATCACCTCCCCA,0,5185845
yqjE_yqjK_yqjD_yqjC_predicted,0.08333333333333333,11,11,TAATCCTCCACGTGGCCCAG,0,5180095
yqjE_yqjK_yqjD_yqjC_predicted,0.08333333333333333,11,11,TAAGAAGCAGGACGGTATTC,0,5235824
yqjE_yqjK_yqjD_yqjC_predicted,0.08333333333333333,11,11,GTTTGGGAGTCCCCGGGCAG,0,5171859
yqjE_yqjK_yqjD_yqjC_predicted,0.08333333333333333,11,11,GTTTGGAAAGGCTTTCAGGT,0,5172598
yqjE_yqjK_yqjD_yqjC_predicted,0.08333333333333333,11,11,GTTCTTCCGTATTGGTTGCA,0,5249653
yqjE_yqjK_yqjD_yqjC_predicted,0.08333333333333333,11,11,GTTCATGACGTCGTGTAACT,0,5242668
yqjE_yqjK_yqjD_yqjC_predicted,0.08333333333333333,11,11,GTTACGCCAATTAGCCAGTT,0,5231343
yqjE_yqjK_yqjD_yqjC_predicted,0.08333333333333333,11,11,GTTACCTTATGCAATTTCAT,0,5214603
yqjE_yqjK_yqjD_yqjC_predicted,0.08333333333333333,11,11,GTTACACTGATACCGGGCTC,0,5252658
yqjE_yqjK_yqjD_yqjC_predicted,0.08333333333333333,11,11,GTGTGGGACAGTTGTGCGCG,0,5250750
yqjE_yqjK_yqjD_yqjC_predicted,0.08333333333333333,11,11,GTGTGACACTCAGCTCGCAA,0,5212656
yqjE_yqjK_yqjD_yqjC_predicted,0.08333333333333333,11,11,GTGAGGGACACCGGGGGTAG,0,5243974
yqjE_yqjK_yqjD_yqjC_predicted,0.08333333333333333,11,11,GTGAGAGCATTGTCATAACA,0,5191386
yqjE_yqjK_yqjD_yqjC_predicted,0.08333333333333333,11,11,GTGACAAAACCAGTGTTTGT,0,5187833
yqjE_yqjK_yqjD_yqjC_predicted,0.08333333333333333,11,11,GTGAAAGGTAGTCCGCTCTT,0,5261517
yqjE_yqjK_yqjD_yqjC_predicted,0.08333333333333333,11,11,GTCTAGATGGCAATGGCTAA,0,5228039
yqjE_yqjK_yqjD_yqjC_predicted,0.08333333333333333,11,11,GTCGGGCCTGGGAGCGAGGC,0,5199100
yqjE_yqjK_yqjD_yqjC_predicted,0.08333333333333333,11,11,GTCGCACGACTTGAGCCCTC,0,5179143
yqjE_yqjK_yqjD_yqjC_predicted,0.08333333333333333,11,11,GTCCACGGGTTGTGCTAAGG,0,5244878
yqjE_yqjK_yqjD_yqjC_predicted,0.08333333333333333,11,11,GTATTTGCATCGCGCACCAG,0,5258249
yqjE_yqjK_yqjD_yqjC_predicted,0.08333333333333333,11,11,GTATTATACGGGCAACCGTA,0,5229567
yqjE_yqjK_yqjD_yqjC_predicted,0.08333333333333333,11,11,GTATGCGCAAGGGCGACTAC,0,5215673
yqjE_yqjK_yqjD_yqjC_predicted,0.08333333333333333,11,11,GTATCTGCCACATGCTTTCC,0,5226881
yqjE_yqjK_yqjD_yqjC_predicted,0.08333333333333333,11,11,GTAGGCAAGTGTTCACGTTA,0,5207198
yqjE_yqjK_yqjD_yqjC_predicted,0.08333333333333333,11,11,GTAGCAACAGGCTGGGTAGC,0,5246155
yqjE_yqjK_yqjD_yqjC_predicted,0.08333333333333333,11,11,GTAATTTAAAGTCTACACGG,0,5172483
yqjE_yqjK_yqjD_yqjC_predicted,0.08333333333333333,11,11,GGTTACGCTTATGTACTGGC,0,5231859
yqjE_yqjK_yqjD_yqjC_predicted,0.08333333333333333,11,11,GGTTACAACGATCACCGGGT,0,5213415
yqjE_yqjK_yqjD_yqjC_predicted,0.08333333333333333,11,11,GGTGGGAGTCCTACGTCGAA,0,5241950
yqjE_yqjK_yqjD_yqjC_predicted,0.08333333333333333,11,11,GGTGCCACGTGTTACGAATT,0,5213220
yqjE_yqjK_yqjD_yqjC_predicted,0.08333333333333333,11,11,GGTGACTACTGATTCTTAGA,0,5175728
yqjE_yqjK_yqjD_yqjC_predicted,0.08333333333333333,11,11,GGTCTGGAAATCGAGGGTCT,0,5237227
yqjE_yqjK_yqjD_yqjC_predicted,0.08333333333333333,11,11,GGTCCGGAAGAACACATAGA,0,5179971
yqjE_yqjK_yqjD_yqjC_predicted,0.08333333333333333,11,11,GGTACCTGATCGTTAGGAAC,0,5213740
yqjE_yqjK_yqjD_yqjC_predicted,0.08333333333333333,11,11,GGGTTATCCGAAGCGACCGT,0,5170789
yqjE_yqjK_yqjD_yqjC_predicted,0.08333333333333333,11,11,GGGTGTGTGAGTGGTGTGAA,0,5201837
yqjE_yqjK_yqjD_yqjC_predicted,0.08333333333333333,11,11,GGGTAAATGGTTGTGCGGGT,0,5214953
yqjE_yqjK_yqjD_yqjC_predicted,0.08333333333333333,11,11,GGGGGTGAGTTGTCCAACGA,0,5245810
yqjE_yqjK_yqjD_yqjC_predicted,0.08333333333333333,11,11,GGGGGATCTCGGTGAGATGT,0,5235935
yqjE_yqjK_yqjD_yqjC_predicted,0.08333333333333333,11,11,GGGGAACGGGCTCGAGGGCT,0,5189523
yqjE_yqjK_yqjD_yqjC_predicted,0.08333333333333333,11,11,GGGCTCATTCTCCTGGTGCT,0,5186322
yqjE_yqjK_yqjD_yqjC_predicted,0.08333333333333333,11,11,GGGCTCAAATCTAAGCATCA,0,5210120
yqjE_yqjK_yqjD_yqjC_predicted,0.08333333333333333,11,11,GGGCGCGGGTTTGTCTATGT,0,5193621
yqjE_yqjK_yqjD_yqjC_predicted,0.08333333333333333,11,11,GGGCGCCTTGATGGGCCTTT,0,5204182
yqjE_yqjK_yqjD_yqjC_predicted,0.08333333333333333,11,11,GGGAATTCTTATTTCACAAT,0,5217852
yqjE_yqjK_yqjD_yqjC_predicted,0.08333333333333333,11,11,GGGAACCTGCTCAGGACCGC,0,5190775
yqjE_yqjK_yqjD_yqjC_predicted,0.08333333333333333,11,11,GGCTTTGACACACTCTCCGG,0,5239543
yqjE_yqjK_yqjD_yqjC_predicted,0.08333333333333333,11,11,GGCGGTCAAGCCACCTCAAG,0,5246603
yqjE_yqjK_yqjD_yqjC_predicted,0.08333333333333333,11,11,GGCGCCTCTACACTGGACGA,0,5177038
yqjE_yqjK_yqjD_yqjC_predicted,0.08333333333333333,11,11,GGCCTTAGGATAATCGCATA,0,5199406
yqjE_yqjK_yqjD_yqjC_predicted,0.08333333333333333,11,11,GGCATACCCTATGGTTAGAA,0,5180319
yqjE_yqjK_yqjD_yqjC_predicted,0.08333333333333333,11,11,GGATGAGGTAATTGCGCTGC,0,5231004
yqjE_yqjK_yqjD_yqjC_predicted,0.08333333333333333,11,11,GGATGAGCCGTATCAGACGA,0,5213730
yqjE_yqjK_yqjD_yqjC_predicted,0.08333333333333333,11,11,GGAGTTCAGCCGGGTATAAA,0,5190503
yqjE_yqjK_yqjD_yqjC_predicted,0.08333333333333333,11,11,GGAGGTTGGAGATATGGGGG,0,5219998
yqjE_yqjK_yqjD_yqjC_predicted,0.08333333333333333,11,11,GGAGCTTAGGGGGACTGCTT,0,5187695
yqjE_yqjK_yqjD_yqjC_predicted,0.08333333333333333,11,11,GGACAGATCTCTAGCTATAG,0,5199185
yqjE_yqjK_yqjD_yqjC_predicted,0.08333333333333333,11,11,GGAAAGTATCTCTCATTTGT,0,5245608
yqjE_yqjK_yqjD_yqjC_predicted,0.08333333333333333,11,11,GGAAAAAGGATGGTGAAGCG,0,5242846
yqjE_yqjK_yqjD_yqjC_predicted,0.08333333333333333,11,11,GCTGCATAGCTACAGCTCTT,0,5242786
yqjE_yqjK_yqjD_yqjC_predicted,0.08333333333333333,11,11,GCTCGCTCACCACGGAGCGT,0,5190372
yqjE_yqjK_yqjD_yqjC_predicted,0.08333333333333333,11,11,GCTCCGGCTTGTAGGTGTCG,0,5215627
yqjE_yqjK_yqjD_yqjC_predicted,0.08333333333333333,11,11,GCTAGAGGCGGCGTTGCAAA,0,5211186
yqjE_yqjK_yqjD_yqjC_predicted,0.08333333333333333,11,11,GCCTGGCAGTGCGGACGCCC,0,5246693
yqjE_yqjK_yqjD_yqjC_predicted,0.08333333333333333,11,11,GCCTACGTGTCAAAGTGCCT,0,5235738
yqjE_yqjK_yqjD_yqjC_predicted,0.08333333333333333,11,11,GCCGGATTGAAGCCAGTCGT,0,5176453
yqjE_yqjK_yqjD_yqjC_predicted,0.08333333333333333,11,11,GCCGCGGAGACTCCGCCAGC,0,5223885
yqjE_yqjK_yqjD_yqjC_predicted,0.08333333333333333,11,11,GCCGATTGTTTTGTGGTTAG,0,5196520
yqjE_yqjK_yqjD_yqjC_predicted,0.08333333333333333,11,11,GCCACTCAAAACTCTGCGAC,0,5238664
yqjE_yqjK_yqjD_yqjC_predicted,0.08333333333333333,11,11,GCATTCTAAACTTTGAACCT,0,5208227
yqjE_yqjK_yqjD_yqjC_predicted,0.08333333333333333,11,11,GCAGATGGGCTATACACGTG,0,5226419
yqjE_yqjK_yqjD_yqjC_predicted,0.08333333333333333,11,11,GCACGGCTTTTGTACTTATG,0,5190325
yqjE_yqjK_yqjD_yqjC_predicted,0.08333333333333333,11,11,GCAATCGACTTTGTAGATTC,0,5246854
yqjE_yqjK_yqjD_yqjC_predicted,0.08333333333333333,11,11,GCAACTATTCTATGTTGTCA,0,5218075
yqjE_yqjK_yqjD_yqjC_predicted,0.08333333333333333,11,11,GCAAAATCATCCGGAATGAA,0,5196897
yqjE_yqjK_yqjD_yqjC_predicted,0.08333333333333333,11,11,GATCTATCATGACTTTACAA,0,5211873
yqjE_yqjK_yqjD_yqjC_predicted,0.08333333333333333,11,11,GAGTTGGCTGCGCCATAGGT,0,5202388
yqjE_yqjK_yqjD_yqjC_predicted,0.08333333333333333,11,11,GAGTTGAGAATCACTCCTTA,0,5173307
yqjE_yqjK_yqjD_yqjC_predicted,0.08333333333333333,11,11,GAGGTTCACTGAGCCTTCAT,0,5224040
yqjE_yqjK_yqjD_yqjC_predicted,0.08333333333333333,11,11,GAGGCCCGCGGCGAATCCAT,0,5235017
yqjE_yqjK_yqjD_yqjC_predicted,0.08333333333333333,11,11,GAGCAGGTGTTTTGATGCTT,0,5215850
yqjE_yqjK_yqjD_yqjC_predicted,0.08333333333333333,11,11,GAGATTTGTAACGGTGACTA,0,5231822
yqjE_yqjK_yqjD_yqjC_predicted,0.08333333333333333,11,11,GAGATAAGTGTCATCGCTAT,0,5240510
yqjE_yqjK_yqjD_yqjC_predicted,0.08333333333333333,11,11,GAGAAAAGTGCAGTGCGATT,0,5177471
yqjE_yqjK_yqjD_yqjC_predicted,0.08333333333333333,11,11,GACTTATCACGACAGTATCT,0,5218816
yqjE_yqjK_yqjD_yqjC_predicted,0.08333333333333333,11,11,GACTATCTTGTAGTCGAGTA,0,5217963
yqjE_yqjK_yqjD_yqjC_predicted,0.08333333333333333,11,11,GACGGTGTAGAGCAGTTGCG,0,5228606
yqjE_yqjK_yqjD_yqjC_predicted,0.08333333333333333,11,11,GACCCTTGTGAAAGTCAAAT,0,5206997
yqjE_yqjK_yqjD_yqjC_predicted,0.08333333333333333,11,11,GACAAACGAGTGACAGGACC,0,5177027
yqjE_yqjK_yqjD_yqjC_predicted,0.08333333333333333,11,11,GAATTGACCATGCTTACGAC,0,5175174
yqjE_yqjK_yqjD_yqjC_predicted,0.08333333333333333,11,11,GAATTCGCTTGAAATAAGTA,0,5187770
yqjE_yqjK_yqjD_yqjC_predicted,0.08333333333333333,11,11,GAATAATAGGTTGGCAGAAG,0,5257083
yqjE_yqjK_yqjD_yqjC_predicted,0.08333333333333333,11,11,GAACGGATTGGCCACCAAGC,0,5217790
yqjE_yqjK_yqjD_yqjC_predicted,0.08333333333333333,11,11,GAACCGTCAACTCATACAAA,0,5231075
yqjE_yqjK_yqjD_yqjC_predicted,0.08333333333333333,11,11,GAACAAGTATTACATACCTT,0,5198762
yqjE_yqjK_yqjD_yqjC_predicted,0.08333333333333333,11,11,CTTTACATGTTTGGCGTCGC,0,5193697
yqjE_yqjK_yqjD_yqjC_predicted,0.08333333333333333,11,11,CTTGGTCCTTTGGCGGATTT,0,5210668
yqjE_yqjK_yqjD_yqjC_predicted,0.08333333333333333,11,11,CTGTGGTGTTACCCGCTGCA,0,5197300
yqjE_yqjK_yqjD_yqjC_predicted,0.08333333333333333,11,11,CTGTCCTGCTACAGGTGCGA,0,5179592
yqjE_yqjK_yqjD_yqjC_predicted,0.08333333333333333,11,11,CTGTATCGCCCTGGATCCTA,0,5198520
yqjE_yqjK_yqjD_yqjC_predicted,0.08333333333333333,11,11,CTGTACCATGCAATGACTAC,0,5171873
yqjE_yqjK_yqjD_yqjC_predicted,0.08333333333333333,11,11,CTGCTGCGCGTAGTCCTGCA,0,5231144
yqjE_yqjK_yqjD_yqjC_predicted,0.08333333333333333,11,11,CTCTACGACTTGAACCAACG,0,5170812
yqjE_yqjK_yqjD_yqjC_predicted,0.08333333333333333,11,11,CTCGTTATCGTAATGGGCAC,0,5188008
yqjE_yqjK_yqjD_yqjC_predicted,0.08333333333333333,11,11,CTCGTCAGACAGGCCTAGGC,0,5250548
yqjE_yqjK_yqjD_yqjC_predicted,0.08333333333333333,11,11,CTCGTACGAGTAAGCCAAGA,0,5235020
yqjE_yqjK_yqjD_yqjC_predicted,0.08333333333333333,11,11,CTCGGTACGGCAGGGGAACG,0,5234090
yqjE_yqjK_yqjD_yqjC_predicted,0.08333333333333333,11,11,CTCGGGTATGCCGACTGAGT,0,5175172
yqjE_yqjK_yqjD_yqjC_predicted,0.08333333333333333,11,11,CTCCTAGGGGCTCACCCGTG,0,5236698
yqjE_yqjK_yqjD_yqjC_predicted,0.08333333333333333,11,11,CTCCAGTTCCGGAATCGAAC,0,5216438
yqjE_yqjK_yqjD_yqjC_predicted,0.08333333333333333,11,11,CTCCAGCTCCCGGCTCAGGT,0,5259209
yqjE_yqjK_yqjD_yqjC_predicted,0.08333333333333333,11,11,CTCATCCGTTATGTCCAGCA,0,5238053
yqjE_yqjK_yqjD_yqjC_predicted,0.08333333333333333,11,11,CTATATGGGTTCGCCCGCCC,0,5231938
yqjE_yqjK_yqjD_yqjC_predicted,0.08333333333333333,11,11,CTACTTCCGTTAAGCAGTAA,0,5255880
yqjE_yqjK_yqjD_yqjC_predicted,0.08333333333333333,11,11,CTACAAGTCAACGCGGTTGA,0,5177275
yqjE_yqjK_yqjD_yqjC_predicted,0.08333333333333333,11,11,CGTTCGACACGGCGTAATTC,0,5175499
yqjE_yqjK_yqjD_yqjC_predicted,0.08333333333333333,11,11,CGTGCTATTGCCGGTATTCT,0,5262039
yqjE_yqjK_yqjD_yqjC_predicted,0.08333333333333333,11,11,CGTCTTAAATACCCCGCTGA,0,5212078
yqjE_yqjK_yqjD_yqjC_predicted,0.08333333333333333,11,11,CGTCCTTGTATCTGGCTATT,0,5217252
yqjE_yqjK_yqjD_yqjC_predicted,0.08333333333333333,11,11,CGTACTGTGATCTAATACCG,0,5221318
yqjE_yqjK_yqjD_yqjC_predicted,0.08333333333333333,11,11,CGGTTATGGTGGGATCACGA,0,5229776
yqjE_yqjK_yqjD_yqjC_predicted,0.08333333333333333,11,11,CGGTGTTTTAGTTCTCGGCG,0,5186341
yqjE_yqjK_yqjD_yqjC_predicted,0.08333333333333333,11,11,CGGTGGGAAGGTACGTCCGA,0,5194855
yqjE_yqjK_yqjD_yqjC_predicted,0.08333333333333333,11,11,CGGTAAACGCCTGTAAGCGA,0,5238475
yqjE_yqjK_yqjD_yqjC_predicted,0.08333333333333333,11,11,CGGGACATAAAACAATGACT,0,5179242
yqjE_yqjK_yqjD_yqjC_predicted,0.08333333333333333,11,11,CGGGAAAGGAAATGTTATCT,0,5223890
yqjE_yqjK_yqjD_yqjC_predicted,0.08333333333333333,11,11,CGGCTGAACACTAACAATCT,0,5251360
yqjE_yqjK_yqjD_yqjC_predicted,0.08333333333333333,11,11,CGGCCATGTGAGCACTCGAT,0,5245236
yqjE_yqjK_yqjD_yqjC_predicted,0.08333333333333333,11,11,CGCTCCCTTGCGACTAGCCT,0,5197811
yqjE_yqjK_yqjD_yqjC_predicted,0.08333333333333333,11,11,CGCGAGGTATGTCTCGGACT,0,5191560
yqjE_yqjK_yqjD_yqjC_predicted,0.08333333333333333,11,11,CGCCTCCAGCAGACCTAGTC,0,5193061
yqjE_yqjK_yqjD_yqjC_predicted,0.08333333333333333,11,11,CGCCAGTGCGCCCGGCCTTT,0,5203706
yqjE_yqjK_yqjD_yqjC_predicted,0.08333333333333333,11,11,CGATGGTAAGAGAAGTACCA,0,5240212
yqjE_yqjK_yqjD_yqjC_predicted,0.08333333333333333,11,11,CGATGGCGAACTTAGTCCTT,0,5221928
yqjE_yqjK_yqjD_yqjC_predicted,0.08333333333333333,11,11,CGACACGAGACTTGTCCTTG,0,5214456
yqjE_yqjK_yqjD_yqjC_predicted,0.08333333333333333,11,11,CGAATGGACACTTGTGGATG,0,5212370
yqjE_yqjK_yqjD_yqjC_predicted,0.08333333333333333,11,11,CGAAGGGGGCCTGAAACAAG,0,5195830
yqjE_yqjK_yqjD_yqjC_predicted,0.08333333333333333,11,11,CGAAATTTATCTGACCGATT,0,5224044
yqjE_yqjK_yqjD_yqjC_predicted,0.08333333333333333,11,11,CCTTGCGAAACAGAACTCAT,0,5171630
yqjE_yqjK_yqjD_yqjC_predicted,0.08333333333333333,11,11,CCTTCTGAGCGTTAAATTGC,0,5223409
yqjE_yqjK_yqjD_yqjC_predicted,0.08333333333333333,11,11,CCTTCGTTAACAGGCGTAGA,0,5235639
yqjE_yqjK_yqjD_yqjC_predicted,0.08333333333333333,11,11,CCTGTCACAATCCTGTACGT,0,5222573
yqjE_yqjK_yqjD_yqjC_predicted,0.08333333333333333,11,11,CCTGCCATGGATACATGGTC,0,5205798
yqjE_yqjK_yqjD_yqjC_predicted,0.08333333333333333,11,11,CCTGATCTAGTACAATTCGA,0,5208367
yqjE_yqjK_yqjD_yqjC_predicted,0.08333333333333333,11,11,CCTCGGACGGCCCCATTAAC,0,5259823
yqjE_yqjK_yqjD_yqjC_predicted,0.08333333333333333,11,11,CCTCAGCTTCGGGGCTGGCC,0,5229666
yqjE_yqjK_yqjD_yqjC_predicted,0.08333333333333333,11,11,CCTAGCCCTAAATAGAAGCA,0,5244252
yqjE_yqjK_yqjD_yqjC_predicted,0.08333333333333333,11,11,CCTAATGTCCTTCTAAACTA,0,5215175
yqjE_yqjK_yqjD_yqjC_predicted,0.08333333333333333,11,11,CCGTGTGACAGCAATCAGTT,0,5218668
yqjE_yqjK_yqjD_yqjC_predicted,0.08333333333333333,11,11,CCGGTTATGAGGTGTATACA,0,5221955
yqjE_yqjK_yqjD_yqjC_predicted,0.08333333333333333,11,11,CCGGGGCCGGACGGGCCATA,0,5231768
yqjE_yqjK_yqjD_yqjC_predicted,0.08333333333333333,11,11,CCGGCAACACCATAATGTCT,0,5176345
yqjE_yqjK_yqjD_yqjC_predicted,0.08333333333333333,11,11,CCGGAGACCTGTATCAGCTA,0,5251738
yqjE_yqjK_yqjD_yqjC_predicted,0.08333333333333333,11,11,CCGACTTCCTGAAGCGAATG,0,5260959
yqjE_yqjK_yqjD_yqjC_predicted,0.08333333333333333,11,11,CCCTGGGAACCTGCTGGATC,0,5245698
yqjE_yqjK_yqjD_yqjC_predicted,0.08333333333333333,11,11,CCCGTTTGCTAAATGCAACG,0,5174901
yqjE_yqjK_yqjD_yqjC_predicted,0.08333333333333333,11,11,CCCGATCACCCGTCGTCGAT,0,5213104
yqjE_yqjK_yqjD_yqjC_predicted,0.08333333333333333,11,11,CCCCTGTTCTGAAGTCACAT,0,5181073
yqjE_yqjK_yqjD_yqjC_predicted,0.08333333333333333,11,11,CCCCCAGTTTCATAACAAGG,0,5218123
yqjE_yqjK_yqjD_yqjC_predicted,0.08333333333333333,11,11,CCATTCCCCCGGTGGACCAA,0,5183181
yqjE_yqjK_yqjD_yqjC_predicted,0.08333333333333333,11,11,CCATGCAGGGCATACTTCTG,0,5184912
yqjE_yqjK_yqjD_yqjC_predicted,0.08333333333333333,11,11,CCATCCTTACTGTCGCTTTA,0,5258071
yqjE_yqjK_yqjD_yqjC_predicted,0.08333333333333333,11,11,CCATCATAGTTGCATCGAGC,0,5210719
yqjE_yqjK_yqjD_yqjC_predicted,0.08333333333333333,11,11,CCACGCGGTTCGTTCAGGAA,0,5217094
yqjE_yqjK_yqjD_yqjC_predicted,0.08333333333333333,11,11,CCAAGGATAAGGACGCTGCG,0,5211716
yqjE_yqjK_yqjD_yqjC_predicted,0.08333333333333333,11,11,CATTTTGGGCTTGCGGACGT,0,5239730
yqjE_yqjK_yqjD_yqjC_predicted,0.08333333333333333,11,11,CATTTGTCGTGTTCCCGTTA,0,5204860
yqjE_yqjK_yqjD_yqjC_predicted,0.08333333333333333,11,11,CATTAGTCCGATGCGGGTGC,0,5200166
yqjE_yqjK_yqjD_yqjC_predicted,0.08333333333333333,11,11,CATTAAGCGTTCTGTAATCG,0,5217241
yqjE_yqjK_yqjD_yqjC_predicted,0.08333333333333333,11,11,CATGTTATAGTGCTCCCGGC,0,5205191
yqjE_yqjK_yqjD_yqjC_predicted,0.08333333333333333,11,11,CATCTCGTCAGCACGATCAG,0,5185181
yqjE_yqjK_yqjD_yqjC_predicted,0.08333333333333333,11,11,CATCCATTTGCTAGGGTGTG,0,5207078
yqjE_yqjK_yqjD_yqjC_predicted,0.08333333333333333,11,11,CATATCCAGCGGGCGCGGAC,0,5220620
yqjE_yqjK_yqjD_yqjC_predicted,0.08333333333333333,11,11,CATAGACAGTAGAAGTAAAA,0,5228145
yqjE_yqjK_yqjD_yqjC_predicted,0.08333333333333333,11,11,CAGTTTATGTCCCAAAAGTT,0,5239614
yqjE_yqjK_yqjD_yqjC_predicted,0.08333333333333333,11,11,CAGGTTTGGGGGGTCCTAAG,0,5241361
yqjE_yqjK_yqjD_yqjC_predicted,0.08333333333333333,11,11,CAGGTACTCCCGACGGACAC,0,5231722
yqjE_yqjK_yqjD_yqjC_predicted,0.08333333333333333,11,11,CAGGCCGCCATAGAGATATC,0,5231242
yqjE_yqjK_yqjD_yqjC_predicted,0.08333333333333333,11,11,CAGGAGAAGTATATCTGGGA,0,5209013
yqjE_yqjK_yqjD_yqjC_predicted,0.08333333333333333,11,11,CAGCGGTTTCGCCACCAATT,0,5210265
yqjE_yqjK_yqjD_yqjC_predicted,0.08333333333333333,11,11,CAGAGTTCTCTCTATGCTGG,0,5212627
yqjE_yqjK_yqjD_yqjC_predicted,0.08333333333333333,11,11,CACTATTACTTCGCAAAAGG,0,5212599
yqjE_yqjK_yqjD_yqjC_predicted,0.08333333333333333,11,11,CACTATGAGTCTGGTCTGTG,0,5205655
yqjE_yqjK_yqjD_yqjC_predicted,0.08333333333333333,11,11,CACTAGAGAGCAAAGAAATC,0,5187862
yqjE_yqjK_yqjD_yqjC_predicted,0.08333333333333333,11,11,CACGCCCCTGGCCCCCGAGC,0,5256151
yqjE_yqjK_yqjD_yqjC_predicted,0.08333333333333333,11,11,CACATTGTGTTGGCGGGGGG,0,5213698
yqjE_yqjK_yqjD_yqjC_predicted,0.08333333333333333,11,11,CACAGTTACCCGATCGGCAT,0,5185313
yqjE_yqjK_yqjD_yqjC_predicted,0.08333333333333333,11,11,CACAGTAACTCCACATCTCG,0,5260172
yqjE_yqjK_yqjD_yqjC_predicted,0.08333333333333333,11,11,CAATTGGCCGAATCGGATTG,0,5171937
yqjE_yqjK_yqjD_yqjC_predicted,0.08333333333333333,11,11,CAATGAACGCAGGACGCATC,0,5183880
yqjE_yqjK_yqjD_yqjC_predicted,0.08333333333333333,11,11,CAAAGGAGCATCCACTCGGT,0,5187309
yqjE_yqjK_yqjD_yqjC_predicted,0.08333333333333333,11,11,CAAAAATAACGTAAGGGTGT,0,5171557
yqjE_yqjK_yqjD_yqjC_predicted,0.08333333333333333,11,11,ATTTGAGTCGTAGGCTATTC,0,5187111
yqjE_yqjK_yqjD_yqjC_predicted,0.08333333333333333,11,11,ATTTAAATCTGATGATGCCT,0,5237486
yqjE_yqjK_yqjD_yqjC_predicted,0.08333333333333333,11,11,ATTGATGAACAATGAGTAGC,0,5203437
yqjE_yqjK_yqjD_yqjC_predicted,0.08333333333333333,11,11,ATTAGTCTCCTAATCTCGGA,0,5173443
yqjE_yqjK_yqjD_yqjC_predicted,0.08333333333333333,11,11,ATTAGATACTTTGCCAGCAA,0,5223275
yqjE_yqjK_yqjD_yqjC_predicted,0.08333333333333333,11,11,ATTACACGGGCTTCTGGGCA,0,5177801
yqjE_yqjK_yqjD_yqjC_predicted,0.08333333333333333,11,11,ATGGTAGCAAGGTCGATAAT,0,5207251
yqjE_yqjK_yqjD_yqjC_predicted,0.08333333333333333,11,11,ATGGGATTAAGCAATCGTAT,0,5257255
yqjE_yqjK_yqjD_yqjC_predicted,0.08333333333333333,11,11,ATGGCAGTAGACCTAGAGCG,0,5223058
yqjE_yqjK_yqjD_yqjC_predicted,0.08333333333333333,11,11,ATGGAGCGCTATGCCATCGA,0,5240921
yqjE_yqjK_yqjD_yqjC_predicted,0.08333333333333333,11,11,ATGCCTACACACCAGGCCGG,0,5221164
yqjE_yqjK_yqjD_yqjC_predicted,0.08333333333333333,11,11,ATGCAAACAGGCTAGTAAAG,0,5197182
yqjE_yqjK_yqjD_yqjC_predicted,0.08333333333333333,11,11,ATGATATAGCGGGACTGGTA,0,5252661
yqjE_yqjK_yqjD_yqjC_predicted,0.08333333333333333,11,11,ATGACGGTATAATGGAACGG,0,5241785
yqjE_yqjK_yqjD_yqjC_predicted,0.08333333333333333,11,11,ATCCAACATCCGGTACCTCA,0,5236402
yqjE_yqjK_yqjD_yqjC_predicted,0.08333333333333333,11,11,ATCCAAAACGCGTGATTCAA,0,5171861
yqjE_yqjK_yqjD_yqjC_predicted,0.08333333333333333,11,11,ATCAAATTTCGTCGGGTTAA,0,5236028
yqjE_yqjK_yqjD_yqjC_predicted,0.08333333333333333,11,11,ATATTGGAATATTTGGGACC,0,5190739
yqjE_yqjK_yqjD_yqjC_predicted,0.08333333333333333,11,11,ATATTGCGAGTCGCCGTGGG,0,5177340
yqjE_yqjK_yqjD_yqjC_predicted,0.08333333333333333,11,11,ATATTCTTCCGGTTGTATGA,0,5176639
yqjE_yqjK_yqjD_yqjC_predicted,0.08333333333333333,11,11,ATATGGCAGCGGTAACGTAA,0,5262394
yqjE_yqjK_yqjD_yqjC_predicted,0.08333333333333333,11,11,ATAGGAGGTAGTCGAAGAAT,0,5247604
yqjE_yqjK_yqjD_yqjC_predicted,0.08333333333333333,11,11,ATACTTGGGTCATGAGGACT,0,5230124
yqjE_yqjK_yqjD_yqjC_predicted,0.08333333333333333,11,11,ATAATAGGCAGATGCGTGGG,0,5243892
yqjE_yqjK_yqjD_yqjC_predicted,0.08333333333333333,11,11,AGTTCCGAGAACGCGCTGCT,0,5221876
yqjE_yqjK_yqjD_yqjC_predicted,0.08333333333333333,11,11,AGTTAAAAAACTTGAATTAA,0,5198472
yqjE_yqjK_yqjD_yqjC_predicted,0.08333333333333333,11,11,AGTGAAATTTTGAATGGGAA,0,5217565
yqjE_yqjK_yqjD_yqjC_predicted,0.08333333333333333,11,11,AGTCGTGGACACGAAGCTCA,0,5204307
yqjE_yqjK_yqjD_yqjC_predicted,0.08333333333333333,11,11,AGTCATCAGTAATCCAGCAA,0,5174570
yqjE_yqjK_yqjD_yqjC_predicted,0.08333333333333333,11,11,AGTCAACTTCAGATGCGCCA,0,5232809
yqjE_yqjK_yqjD_yqjC_predicted,0.08333333333333333,11,11,AGGGTTTTGAGTTGCACCGT,0,5225378
yqjE_yqjK_yqjD_yqjC_predicted,0.08333333333333333,11,11,AGGGGTGAGGGGGAGTTCCT,0,5229562
yqjE_yqjK_yqjD_yqjC_predicted,0.08333333333333333,11,11,AGGGGTCGTTTCTAGACTCA,0,5261918
yqjE_yqjK_yqjD_yqjC_predicted,0.08333333333333333,11,11,AGGCGTTGACGTCGGTCGCC,0,5257769
yqjE_yqjK_yqjD_yqjC_predicted,0.08333333333333333,11,11,AGGACATACTTAATGGCTCT,0,5234755
yqjE_yqjK_yqjD_yqjC_predicted,0.08333333333333333,11,11,AGCTGAAGAATTATTGCTAC,0,5177950
yqjE_yqjK_yqjD_yqjC_predicted,0.08333333333333333,11,11,AGCTGAAAGGCGCACGGGGT,0,5235365
yqjE_yqjK_yqjD_yqjC_predicted,0.08333333333333333,11,11,AGCTCTAAAGAACGGGGGTA,0,5242714
yqjE_yqjK_yqjD_yqjC_predicted,0.08333333333333333,11,11,AGCTCATCAGTCAATGTGGT,0,5233164
yqjE_yqjK_yqjD_yqjC_predicted,0.08333333333333333,11,11,AGCGTTCGTCAATCCCGCGA,0,5184603
yqjE_yqjK_yqjD_yqjC_predicted,0.08333333333333333,11,11,AGCGTGCTGTAAGAGTAACT,0,5191323
yqjE_yqjK_yqjD_yqjC_predicted,0.08333333333333333,11,11,AGCGGATATATAGCCCAAAG,0,5221325
yqjE_yqjK_yqjD_yqjC_predicted,0.08333333333333333,11,11,AGCGGAAGATCGGCCCAAAA,0,5235839
yqjE_yqjK_yqjD_yqjC_predicted,0.08333333333333333,11,11,AGCCATTGTCAGGGTTGTTT,0,5238352
yqjE_yqjK_yqjD_yqjC_predicted,0.08333333333333333,11,11,AGACACTTTAAGTCCTTGGT,0,5183018
yqjE_yqjK_yqjD_yqjC_predicted,0.08333333333333333,11,11,AGAATTGCTATCCTTTAGCT,0,5181688
yqjE_yqjK_yqjD_yqjC_predicted,0.08333333333333333,11,11,AGAATCCTAATGCCTTCTTG,0,5203675
yqjE_yqjK_yqjD_yqjC_predicted,0.08333333333333333,11,11,ACTTTTTTTTTACTGCTTAG,0,5247437
yqjE_yqjK_yqjD_yqjC_predicted,0.08333333333333333,11,11,ACTATTACATGGTATCCAAA,0,5239269
yqjE_yqjK_yqjD_yqjC_predicted,0.08333333333333333,11,11,ACGTGATCGGGTCGCAACGA,0,5197498
yqjE_yqjK_yqjD_yqjC_predicted,0.08333333333333333,11,11,ACGGTCGTCCCTGTTCCATA,0,5190236
yqjE_yqjK_yqjD_yqjC_predicted,0.08333333333333333,11,11,ACGCTCGCAACAGTCATGAG,0,5178158
yqjE_yqjK_yqjD_yqjC_predicted,0.08333333333333333,11,11,ACGAGATCTGAAAATCACCG,0,5222690
yqjE_yqjK_yqjD_yqjC_predicted,0.08333333333333333,11,11,ACGACTGGCCCTGTACTACT,0,5204158
yqjE_yqjK_yqjD_yqjC_predicted,0.08333333333333333,11,11,ACCTAGTTGAAAAAGGATGA,0,5236469
yqjE_yqjK_yqjD_yqjC_predicted,0.08333333333333333,11,11,ACAGTCCGAGCCCCCTATCC,0,5190152
yqjE_yqjK_yqjD_yqjC_predicted,0.08333333333333333,11,11,ACACTTCTCGCGGGATTTAG,0,5234231
yqjE_yqjK_yqjD_yqjC_predicted,0.08333333333333333,11,11,ACACGCTGGTAAGCGTGATT,0,5184659
yqjE_yqjK_yqjD_yqjC_predicted,0.08333333333333333,11,11,ACACGAGATTACCCTGGCTA,0,5234833
yqjE_yqjK_yqjD_yqjC_predicted,0.08333333333333333,11,11,ACACATTCGCTTGCTGAACC,0,5258701
yqjE_yqjK_yqjD_yqjC_predicted,0.08333333333333333,11,11,ACACAGCGCAATCTTAGTAA,0,5216287
yqjE_yqjK_yqjD_yqjC_predicted,0.08333333333333333,11,11,ACACAGACACTACAGCACGT,0,5203390
yqjE_yqjK_yqjD_yqjC_predicted,0.08333333333333333,11,11,ACAAATCGCTGGCAGACAAG,0,5193182
yqjE_yqjK_yqjD_yqjC_predicted,0.08333333333333333,11,11,AATGTTTCGAATAACCGACA,0,5220745
yqjE_yqjK_yqjD_yqjC_predicted,0.08333333333333333,11,11,AATGTCACACGGCATCTCAA,0,5185527
yqjE_yqjK_yqjD_yqjC_predicted,0.08333333333333333,11,11,AATGTATTGGAATCCTAAAG,0,5178705
yqjE_yqjK_yqjD_yqjC_predicted,0.08333333333333333,11,11,AATGGCGGATCGGTGCTTTT,0,5219328
yqjE_yqjK_yqjD_yqjC_predicted,0.08333333333333333,11,11,AATATAATGGGGTTTTTAAC,0,5229215
yqjE_yqjK_yqjD_yqjC_predicted,0.08333333333333333,11,11,AATACTAGATCTCGCGTGAT,0,5242988
yqjE_yqjK_yqjD_yqjC_predicted,0.08333333333333333,11,11,AAGTGGACAGATAGGCGTGG,0,5203483
yqjE_yqjK_yqjD_yqjC_predicted,0.08333333333333333,11,11,AAGTGGACAAACTTCTCTCA,0,5248971
yqjE_yqjK_yqjD_yqjC_predicted,0.08333333333333333,11,11,AAGGTCTCGTTCTGACCATT,0,5201608
yqjE_yqjK_yqjD_yqjC_predicted,0.08333333333333333,11,11,AAGGTACGCACTCGTGTGCA,0,5218815
yqjE_yqjK_yqjD_yqjC_predicted,0.08333333333333333,11,11,AAGGGTTTTTGCGATCGGCT,0,5223265
yqjE_yqjK_yqjD_yqjC_predicted,0.08333333333333333,11,11,AAGGAATCTCCGAGGCCGGG,0,5237671
yqjE_yqjK_yqjD_yqjC_predicted,0.08333333333333333,11,11,AAGCACGGTGTCCCTGTACC,0,5245697
yqjE_yqjK_yqjD_yqjC_predicted,0.08333333333333333,11,11,AACGACCCCGAATTCGCTTA,0,5188093
yqjE_yqjK_yqjD_yqjC_predicted,0.08333333333333333,11,11,AACCGCTGCTAGGCATGATT,0,5234488
yqjE_yqjK_yqjD_yqjC_predicted,0.08333333333333333,11,11,AACCATCCTTCGTGTGTATT,0,5180700
yqjE_yqjK_yqjD_yqjC_predicted,0.08333333333333333,11,11,AACCAGAGGGGAACGATTGC,0,5205278
yqjE_yqjK_yqjD_yqjC_predicted,0.08333333333333333,11,11,AACAGACACGTCGAAAGAAT,0,5241379
yqjE_yqjK_yqjD_yqjC_predicted,0.08333333333333333,11,11,AACAACGCGAGCATTAATAT,0,5257224
yqjE_yqjK_yqjD_yqjC_predicted,0.08333333333333333,11,11,AAATTGAGAGTGGCGAAAGC,0,5216336
yqjE_yqjK_yqjD_yqjC_predicted,0.08333333333333333,11,11,AAATGATAGTCAGACTGGGT,0,5188794
yqjE_yqjK_yqjD_yqjC_predicted,0.08333333333333333,11,11,AAATGACACATAAGACCTGA,0,5181024
yqjE_yqjK_yqjD_yqjC_predicted,0.08333333333333333,11,11,AAAGGGTCAGAGACCGTCGG,0,5203102
yqjE_yqjK_yqjD_yqjC_predicted,0.08333333333333333,11,11,AAAGCTCTAAGGATTGCGGA,0,5235870
yqjE_yqjK_yqjD_yqjC_predicted,0.08333333333333333,11,11,AAAGCGGTCGGGCGCAGCAT,0,5192911
yqjE_yqjK_yqjD_yqjC_predicted,0.08333333333333333,11,11,AAACTGGGTCTGTAACAACA,0,5243770
yqjE_yqjK_yqjD_yqjC_predicted,0.08333333333333333,11,11,AAACCTCAAGGTGTCAGCTT,0,5195736
yqjE_yqjK_yqjD_yqjC_predicted,0.08333333333333333,11,11,AAACAGTCCATTGCACCTCC,0,5242366
yqjE_yqjK_yqjD_yqjC_predicted,0.08333333333333333,11,11,AAAATTACAGTAAAGTGCGT,0,5246001
yqjE_yqjK_yqjD_yqjC_predicted,0.08333333333333333,11,11,AAAAGGGTTGTCCATATGTT,0,5172397
yqjE_yqjK_yqjD_yqjC_predicted,0.08333333333333333,11,11,AAAACTGGAAGGTGGACTAC,0,5260799
yqjE_yqjK_yqjD_yqjC_predicted,0.08333333333333333,11,11,AAAAATTATGACAGCAACGT,0,5180272
yqjE_yqjK_yqjD_yqjC_predicted,0.08333333333333333,11,11,AAAAAGGTATACGACAGACG,0,5211856
yqjE_yqjK_yqjD_yqjC_predicted,0.08333333333333333,11,11,AAAAAGCGGCTTTGGTACAT,0,5207809
yqjE_yqjK_yqjD_yqjC_predicted,0.08333333333333333,11,11,AAAAAAAACATATACTAAGA,0,5204276
yqjE_yqjK_yqjD_yqjC_predicted,0.09090909090909091,10,10,TTTTTTGATGTCAAACGCCT,0,5176107
yqjE_yqjK_yqjD_yqjC_predicted,0.09090909090909091,10,10,TTTTCACCGCGTACGATCTT,0,5186365
yqjE_yqjK_yqjD_yqjC_predicted,0.09090909090909091,10,10,TTTTACATAGTAGTGTTTAC,0,5258981
yqjE_yqjK_yqjD_yqjC_predicted,0.09090909090909091,10,10,TTTCCTCGGGGTTGTCTAGG,0,5194085
yqjE_yqjK_yqjD_yqjC_predicted,0.09090909090909091,10,10,TTTCCTAGGATGACAAAAAT,0,5224098
yqjE_yqjK_yqjD_yqjC_predicted,0.09090909090909091,10,10,TTTCCAAAACCGGAGTGTCT,0,5212573
yqjE_yqjK_yqjD_yqjC_predicted,0.09090909090909091,10,10,TTTATGTATCGTGCGACGTT,0,5255044
yqjE_yqjK_yqjD_yqjC_predicted,0.09090909090909091,10,10,TTGTTCTTATAGCTCGAGGA,0,5203469
yqjE_yqjK_yqjD_yqjC_predicted,0.09090909090909091,10,10,TTGTGTGGCACAAGCTCTAC,0,5255180
yqjE_yqjK_yqjD_yqjC_predicted,0.09090909090909091,10,10,TTGTGGGACGCTCTGATCAA,0,5233261
yqjE_yqjK_yqjD_yqjC_predicted,0.09090909090909091,10,10,TTGTCTTTTCGCGCGAACCC,0,5262350
yqjE_yqjK_yqjD_yqjC_predicted,0.09090909090909091,10,10,TTGTCGCTCTTTTCCAAAGT,0,5250128
yqjE_yqjK_yqjD_yqjC_predicted,0.09090909090909091,10,10,TTGTCATGGAGTTGTCCCGG,0,5246414
yqjE_yqjK_yqjD_yqjC_predicted,0.09090909090909091,10,10,TTGTATGGTTGCCATCACTG,0,5217484
yqjE_yqjK_yqjD_yqjC_predicted,0.09090909090909091,10,10,TTGGGTCACCCATGTCCAGG,0,5184568
yqjE_yqjK_yqjD_yqjC_predicted,0.09090909090909091,10,10,TTGGGATGTGACCATCCTCA,0,5229821
yqjE_yqjK_yqjD_yqjC_predicted,0.09090909090909091,10,10,TTGGCTCTACACCTTCAAAG,0,5215919
yqjE_yqjK_yqjD_yqjC_predicted,0.09090909090909091,10,10,TTGCGTAAGCTTATAATGAC,0,5253169
yqjE_yqjK_yqjD_yqjC_predicted,0.09090909090909091,10,10,TTGATAAAGACCGGCGACGA,0,5209144
yqjE_yqjK_yqjD_yqjC_predicted,0.09090909090909091,10,10,TTGAGGATAGGACTTTTAAT,0,5218561
yqjE_yqjK_yqjD_yqjC_predicted,0.09090909090909091,10,10,TTGAGCGCATAACCAAGCGA,0,5174067
yqjE_yqjK_yqjD_yqjC_predicted,0.09090909090909091,10,10,TTGACCACCATGCCGGCACT,0,5208478
yqjE_yqjK_yqjD_yqjC_predicted,0.09090909090909091,10,10,TTGAAGCCAACTACCGCTTC,0,5259162
yqjE_yqjK_yqjD_yqjC_predicted,0.09090909090909091,10,10,TTCTCGTGCGGTAGTGCTGG,0,5253537
yqjE_yqjK_yqjD_yqjC_predicted,0.09090909090909091,10,10,TTCGGTTGCAAAGAGGCACA,0,5178762
yqjE_yqjK_yqjD_yqjC_predicted,0.09090909090909091,10,10,TTCACAGCTAGGGCGAAAAA,0,5180359
yqjE_yqjK_yqjD_yqjC_predicted,0.09090909090909091,10,10,TTCAAAGCATGCGTGGACTA,0,5171260
yqjE_yqjK_yqjD_yqjC_predicted,0.09090909090909091,10,10,TTAGCGGTAATGATCGGATG,0,5201140
yqjE_yqjK_yqjD_yqjC_predicted,0.09090909090909091,10,10,TTACTCGCTAGAAGTGCAGC,0,5257471
yqjE_yqjK_yqjD_yqjC_predicted,0.09090909090909091,10,10,TTACTAGGGAAGTCGCTTAG,0,5176543
yqjE_yqjK_yqjD_yqjC_predicted,0.09090909090909091,10,10,TTACAAGGTAGAGTCATCTT,0,5181137
yqjE_yqjK_yqjD_yqjC_predicted,0.09090909090909091,10,10,TTACAACCGTGGAACTTTTT,0,5224362
yqjE_yqjK_yqjD_yqjC_predicted,0.09090909090909091,10,10,TTAACTGTCTTGTATTTGGA,0,5175357
yqjE_yqjK_yqjD_yqjC_predicted,0.09090909090909091,10,10,TTAACCGTGAAGTCATGCTT,0,5211024
yqjE_yqjK_yqjD_yqjC_predicted,0.09090909090909091,10,10,TTAACCATTTTATTCCTTGT,0,5251054
yqjE_yqjK_yqjD_yqjC_predicted,0.09090909090909091,10,10,TTAACAGCGATGGGCCTAAA,0,5205363
yqjE_yqjK_yqjD_yqjC_predicted,0.09090909090909091,10,10,TGTGTCTCGCGGCCTCAAGA,0,5200747
yqjE_yqjK_yqjD_yqjC_predicted,0.09090909090909091,10,10,TGTGAGATCGGCATATGTGT,0,5209864
yqjE_yqjK_yqjD_yqjC_predicted,0.09090909090909091,10,10,TGTCTGCTACTCTTCCGTGT,0,5177492
yqjE_yqjK_yqjD_yqjC_predicted,0.09090909090909091,10,10,TGTCTAGGCCTCTTGGCTCC,0,5227815
yqjE_yqjK_yqjD_yqjC_predicted,0.09090909090909091,10,10,TGTACGGCGGCGATCGCGCT,0,5220708
yqjE_yqjK_yqjD_yqjC_predicted,0.09090909090909091,10,10,TGTACATAGCAGCAAATCAC,0,5173294
yqjE_yqjK_yqjD_yqjC_predicted,0.09090909090909091,10,10,TGGTTGTTCGCAGGATGGTT,0,5243812
yqjE_yqjK_yqjD_yqjC_predicted,0.09090909090909091,10,10,TGGGCCACTAGCTAATTCAC,0,5171471
yqjE_yqjK_yqjD_yqjC_predicted,0.09090909090909091,10,10,TGGCCGGATGGACCCGGAGG,0,5217166
yqjE_yqjK_yqjD_yqjC_predicted,0.09090909090909091,10,10,TGGATGCAACACGACGTGGG,0,5212119
yqjE_yqjK_yqjD_yqjC_predicted,0.09090909090909091,10,10,TGGACAATCACGCCATTACA,0,5213788
yqjE_yqjK_yqjD_yqjC_predicted,0.09090909090909091,10,10,TGCTGCTCGGCGATTTCCTG,0,5227263
yqjE_yqjK_yqjD_yqjC_predicted,0.09090909090909091,10,10,TGCGAGGAGATGTGACCCCG,0,5176055
yqjE_yqjK_yqjD_yqjC_predicted,0.09090909090909091,10,10,TGCCTGTGGACTTCTTATCC,0,5193178
yqjE_yqjK_yqjD_yqjC_predicted,0.09090909090909091,10,10,TGCATCGTTATGCCCGCATA,0,5235180
yqjE_yqjK_yqjD_yqjC_predicted,0.09090909090909091,10,10,TGCATCCTATTAAGGGTATA,0,5235863
yqjE_yqjK_yqjD_yqjC_predicted,0.09090909090909091,10,10,TGATCGGTAACGTGAACATA,0,5233645
yqjE_yqjK_yqjD_yqjC_predicted,0.09090909090909091,10,10,TGATCAAGCCACTTCACTTC,0,5260107
yqjE_yqjK_yqjD_yqjC_predicted,0.09090909090909091,10,10,TGATCAAATCCATTCACGCA,0,5192185
yqjE_yqjK_yqjD_yqjC_predicted,0.09090909090909091,10,10,TGAGAAGCACTTTTCTTGAA,0,5233420
yqjE_yqjK_yqjD_yqjC_predicted,0.09090909090909091,10,10,TGACATAGAGGACGCTAGAG,0,5202379
yqjE_yqjK_yqjD_yqjC_predicted,0.09090909090909091,10,10,TGACACTATAGTATACGTGA,0,5199070
yqjE_yqjK_yqjD_yqjC_predicted,0.09090909090909091,10,10,TCTTGAGCGACAAAGCGAAA,0,5229457
yqjE_yqjK_yqjD_yqjC_predicted,0.09090909090909091,10,10,TCGTTCTCGCTTGCTAGAGC,0,5225978
yqjE_yqjK_yqjD_yqjC_predicted,0.09090909090909091,10,10,TCGTTATACTCGCTCATTGC,0,5252773
yqjE_yqjK_yqjD_yqjC_predicted,0.09090909090909091,10,10,TCGTCGCTGTTAGGAAATTA,0,5200682
yqjE_yqjK_yqjD_yqjC_predicted,0.09090909090909091,10,10,TCGTACCGACGAGGACACCG,0,5182749
yqjE_yqjK_yqjD_yqjC_predicted,0.09090909090909091,10,10,TCGGCTAGTGTCTCGGGCGG,0,5230010
yqjE_yqjK_yqjD_yqjC_predicted,0.09090909090909091,10,10,TCGGCATAAAGAAATGATCA,0,5172723
yqjE_yqjK_yqjD_yqjC_predicted,0.09090909090909091,10,10,TCGCTGTCCCGCACTATCCA,0,5240727
yqjE_yqjK_yqjD_yqjC_predicted,0.09090909090909091,10,10,TCGCGCATACAACCGTATAG,0,5225831
yqjE_yqjK_yqjD_yqjC_predicted,0.09090909090909091,10,10,TCGACTGTGGTCGGCAGTAC,0,5235657
yqjE_yqjK_yqjD_yqjC_predicted,0.09090909090909091,10,10,TCGAAATTTGTTCCCTATAG,0,5182353
yqjE_yqjK_yqjD_yqjC_predicted,0.09090909090909091,10,10,TCCTATCCTTCGCTAACGTA,0,5200566
yqjE_yqjK_yqjD_yqjC_predicted,0.09090909090909091,10,10,TCCGGCTGAACGTAATTGAC,0,5244445
yqjE_yqjK_yqjD_yqjC_predicted,0.09090909090909091,10,10,TCCGCTGAACGAGCGGGCCT,0,5257399
yqjE_yqjK_yqjD_yqjC_predicted,0.09090909090909091,10,10,TCCATTGCCCATATGAGCTA,0,5201424
yqjE_yqjK_yqjD_yqjC_predicted,0.09090909090909091,10,10,TCCATCAGTGGACTCGTAAC,0,5247338
yqjE_yqjK_yqjD_yqjC_predicted,0.09090909090909091,10,10,TCAGGACTACCCCGCAGCCA,0,5223145
yqjE_yqjK_yqjD_yqjC_predicted,0.09090909090909091,10,10,TCAGGAACTCTGCTGTCGAA,0,5257098
yqjE_yqjK_yqjD_yqjC_predicted,0.09090909090909091,10,10,TCAGCTCAATTGCTAACTGC,0,5230429
yqjE_yqjK_yqjD_yqjC_predicted,0.09090909090909091,10,10,TCAGATGTTGGTTCTGATGA,0,5257564
yqjE_yqjK_yqjD_yqjC_predicted,0.09090909090909091,10,10,TCACTCCAAGGCACACCTGT,0,5189742
yqjE_yqjK_yqjD_yqjC_predicted,0.09090909090909091,10,10,TCAATCAGCTATATCACGTT,0,5208628
yqjE_yqjK_yqjD_yqjC_predicted,0.09090909090909091,10,10,TCAAGATACTGGTCTACCGT,0,5210751
yqjE_yqjK_yqjD_yqjC_predicted,0.09090909090909091,10,10,TATTCAGACTGTGACGTTAA,0,5210999
yqjE_yqjK_yqjD_yqjC_predicted,0.09090909090909091,10,10,TATGGCCGTATAATAGGTAG,0,5257571
yqjE_yqjK_yqjD_yqjC_predicted,0.09090909090909091,10,10,TATGCCTGAGCAGTGTCGCT,0,5222158
yqjE_yqjK_yqjD_yqjC_predicted,0.09090909090909091,10,10,TATGCCGAGAAGCGCTATAG,0,5252440
yqjE_yqjK_yqjD_yqjC_predicted,0.09090909090909091,10,10,TATCCATACCATTATTTTTA,0,5214926
yqjE_yqjK_yqjD_yqjC_predicted,0.09090909090909091,10,10,TATATGCCGGGGTTCGGTTT,0,5195123
yqjE_yqjK_yqjD_yqjC_predicted,0.09090909090909091,10,10,TATACGAGATCCGATTACGT,0,5216984
yqjE_yqjK_yqjD_yqjC_predicted,0.09090909090909091,10,10,TAGTACTCCGCTTGGCTTAT,0,5184350
yqjE_yqjK_yqjD_yqjC_predicted,0.09090909090909091,10,10,TAGGCGTGCTCGTTTAAGTT,0,5233107
yqjE_yqjK_yqjD_yqjC_predicted,0.09090909090909091,10,10,TAGGCCAGATTCCCGCTTAA,0,5187843
yqjE_yqjK_yqjD_yqjC_predicted,0.09090909090909091,10,10,TAGCTTCCCCGCATCGGCAA,0,5225829
yqjE_yqjK_yqjD_yqjC_predicted,0.09090909090909091,10,10,TAGCATCTCCCTCCGGTTTC,0,5180440
yqjE_yqjK_yqjD_yqjC_predicted,0.09090909090909091,10,10,TAGCATACGCCCGGGCGAGT,0,5253950
yqjE_yqjK_yqjD_yqjC_predicted,0.09090909090909091,10,10,TAGCACCCGGCGACATACCG,0,5186715
yqjE_yqjK_yqjD_yqjC_predicted,0.09090909090909091,10,10,TAGAGGAGCTCAGTGTAGAT,0,5251017
yqjE_yqjK_yqjD_yqjC_predicted,0.09090909090909091,10,10,TACTGCCTATACAAGCCGGA,0,5203311
yqjE_yqjK_yqjD_yqjC_predicted,0.09090909090909091,10,10,TACTATGCAACAAACTTGAA,0,5250796
yqjE_yqjK_yqjD_yqjC_predicted,0.09090909090909091,10,10,TACGCGCCGATGCATCAGTG,0,5237514
yqjE_yqjK_yqjD_yqjC_predicted,0.09090909090909091,10,10,TACGCGCATTCGCACAAGGA,0,5195373
yqjE_yqjK_yqjD_yqjC_predicted,0.09090909090909091,10,10,TACCGCGCTCATAGAGCGGT,0,5193694
yqjE_yqjK_yqjD_yqjC_predicted,0.09090909090909091,10,10,TACCGCCGAGCTCGAGCCGG,0,5182125
yqjE_yqjK_yqjD_yqjC_predicted,0.09090909090909091,10,10,TACAGAATAATCGGGCTGAT,0,5250743
yqjE_yqjK_yqjD_yqjC_predicted,0.09090909090909091,10,10,TAATTACGATAAACCGACCA,0,5219513
yqjE_yqjK_yqjD_yqjC_predicted,0.09090909090909091,10,10,TAAAAGGGCCGGAATCAATC,0,5225796
yqjE_yqjK_yqjD_yqjC_predicted,0.09090909090909091,10,10,GTTTCCTACACGGGATGAGT,0,5193838
yqjE_yqjK_yqjD_yqjC_predicted,0.09090909090909091,10,10,GTTTCAAAGGGAACGGACAG,0,5228903
yqjE_yqjK_yqjD_yqjC_predicted,0.09090909090909091,10,10,GTTTATAGCCGCAAGAACTA,0,5208205
yqjE_yqjK_yqjD_yqjC_predicted,0.09090909090909091,10,10,GTTTAACCCTCCGCCTCTAG,0,5246807
yqjE_yqjK_yqjD_yqjC_predicted,0.09090909090909091,10,10,GTTGTGACCAAGTGGCATAA,0,5230353
yqjE_yqjK_yqjD_yqjC_predicted,0.09090909090909091,10,10,GTTCTTTATAACGCATTGAA,0,5241037
yqjE_yqjK_yqjD_yqjC_predicted,0.09090909090909091,10,10,GTTCGCATATTGTCACGGTA,0,5183982
yqjE_yqjK_yqjD_yqjC_predicted,0.09090909090909091,10,10,GTTACCATCACACTGCATAA,0,5215052
yqjE_yqjK_yqjD_yqjC_predicted,0.09090909090909091,10,10,GTTAATCCCGCTCTCACTCC,0,5240027
yqjE_yqjK_yqjD_yqjC_predicted,0.09090909090909091,10,10,GTTAAGCCCTACGCAAGGTA,0,5259492
yqjE_yqjK_yqjD_yqjC_predicted,0.09090909090909091,10,10,GTTAAAACGTTGATTCATCT,0,5232707
yqjE_yqjK_yqjD_yqjC_predicted,0.09090909090909091,10,10,GTGTGTTATGGAGGCCACAT,0,5245802
yqjE_yqjK_yqjD_yqjC_predicted,0.09090909090909091,10,10,GTGTCTGTCGGATGAGGAAT,0,5202481
yqjE_yqjK_yqjD_yqjC_predicted,0.09090909090909091,10,10,GTGGTTTATACTTTATCGGC,0,5224169
yqjE_yqjK_yqjD_yqjC_predicted,0.09090909090909091,10,10,GTGGTTCTCTCTACGAACAG,0,5239560
yqjE_yqjK_yqjD_yqjC_predicted,0.09090909090909091,10,10,GTGGTGTCCTCGAAGTGGTT,0,5262838
yqjE_yqjK_yqjD_yqjC_predicted,0.09090909090909091,10,10,GTGGGCGGGCGTGTTTTCAC,0,5230960
yqjE_yqjK_yqjD_yqjC_predicted,0.09090909090909091,10,10,GTGCGGTTGCCGACACAGCG,0,5206627
yqjE_yqjK_yqjD_yqjC_predicted,0.09090909090909091,10,10,GTGCGGTCACTACACGTAAC,0,5245247
yqjE_yqjK_yqjD_yqjC_predicted,0.09090909090909091,10,10,GTGCCCTTCGTTAAAACGTT,0,5198329
yqjE_yqjK_yqjD_yqjC_predicted,0.09090909090909091,10,10,GTGCCACTCGGCCCACAACA,0,5229124
yqjE_yqjK_yqjD_yqjC_predicted,0.09090909090909091,10,10,GTCTTGCATGGGTCCGCTCT,0,5234982
yqjE_yqjK_yqjD_yqjC_predicted,0.09090909090909091,10,10,GTCTGGAATCCGGACATGGC,0,5205944
yqjE_yqjK_yqjD_yqjC_predicted,0.09090909090909091,10,10,GTCTCAACCGGTGTGGAAAG,0,5242410
yqjE_yqjK_yqjD_yqjC_predicted,0.09090909090909091,10,10,GTCGTAATCATTATGCCCAC,0,5240146
yqjE_yqjK_yqjD_yqjC_predicted,0.09090909090909091,10,10,GTCGGCGGGCGAGCGGTATT,0,5242272
yqjE_yqjK_yqjD_yqjC_predicted,0.09090909090909091,10,10,GTCGATAGGGAATCCGACCT,0,5213930
yqjE_yqjK_yqjD_yqjC_predicted,0.09090909090909091,10,10,GTCCTTAAAAGTTGTCACCT,0,5184573
yqjE_yqjK_yqjD_yqjC_predicted,0.09090909090909091,10,10,GTCCTCGTAGTTCTCCCACG,0,5247131
yqjE_yqjK_yqjD_yqjC_predicted,0.09090909090909091,10,10,GTCCTAAGATTGTATGAACA,0,5235779
yqjE_yqjK_yqjD_yqjC_predicted,0.09090909090909091,10,10,GTCAATCCAAAGTGCAAACA,0,5203433
yqjE_yqjK_yqjD_yqjC_predicted,0.09090909090909091,10,10,GTATTGTATATTTGGGAATT,0,5175898
yqjE_yqjK_yqjD_yqjC_predicted,0.09090909090909091,10,10,GTATCCGTGAAACTTCTAGA,0,5219293
yqjE_yqjK_yqjD_yqjC_predicted,0.09090909090909091,10,10,GTATACTTCCATCTGGTTTA,0,5222911
yqjE_yqjK_yqjD_yqjC_predicted,0.09090909090909091,10,10,GTATACGTCTCTCTGCAGCT,0,5213346
yqjE_yqjK_yqjD_yqjC_predicted,0.09090909090909091,10,10,GTATACAGGAGAGAACTCCT,0,5200365
yqjE_yqjK_yqjD_yqjC_predicted,0.09090909090909091,10,10,GTAGTATCCTTAGTTCTTCC,0,5217830
yqjE_yqjK_yqjD_yqjC_predicted,0.09090909090909091,10,10,GTAGTAGGCCTCGGCAAGCC,0,5261010
yqjE_yqjK_yqjD_yqjC_predicted,0.09090909090909091,10,10,GTAGGTCGCAAGATGTGATT,0,5204157
yqjE_yqjK_yqjD_yqjC_predicted,0.09090909090909091,10,10,GTAGACACGCTTCTCCCATG,0,5171184
yqjE_yqjK_yqjD_yqjC_predicted,0.09090909090909091,10,10,GTACATCGCAGCCGGCCTGG,0,5242909
yqjE_yqjK_yqjD_yqjC_predicted,0.09090909090909091,10,10,GTAACGCATACGAACTCGGA,0,5188519
yqjE_yqjK_yqjD_yqjC_predicted,0.09090909090909091,10,10,GGTGGGGCTGAGAGCCTTAT,0,5215248
yqjE_yqjK_yqjD_yqjC_predicted,0.09090909090909091,10,10,GGTGGGCACGCTCGAAATCA,0,5229004
yqjE_yqjK_yqjD_yqjC_predicted,0.09090909090909091,10,10,GGTAGCACTTGCAATGACCT,0,5258283
yqjE_yqjK_yqjD_yqjC_predicted,0.09090909090909091,10,10,GGGTTGCCAAGTGGACGATG,0,5173477
yqjE_yqjK_yqjD_yqjC_predicted,0.09090909090909091,10,10,GGGCGCGTCTAGTGGGCTAG,0,5258500
yqjE_yqjK_yqjD_yqjC_predicted,0.09090909090909091,10,10,GGGCATCATTCGGACCAGTC,0,5251098
yqjE_yqjK_yqjD_yqjC_predicted,0.09090909090909091,10,10,GGGCAGGTAAAACCGAAAGC,0,5249490
yqjE_yqjK_yqjD_yqjC_predicted,0.09090909090909091,10,10,GGGATTGTGTGGCTGTGGAT,0,5207244
yqjE_yqjK_yqjD_yqjC_predicted,0.09090909090909091,10,10,GGGACATTGTTCGAACCCAA,0,5234890
yqjE_yqjK_yqjD_yqjC_predicted,0.09090909090909091,10,10,GGCTGGAGCGGGTGTTAGCA,0,5212818
yqjE_yqjK_yqjD_yqjC_predicted,0.09090909090909091,10,10,GGCCGATCCCCAGCCAGGTA,0,5248020
yqjE_yqjK_yqjD_yqjC_predicted,0.09090909090909091,10,10,GGCCCCAATAATGACATCGG,0,5227638
yqjE_yqjK_yqjD_yqjC_predicted,0.09090909090909091,10,10,GGCCCACATCGTGCGAAGGA,0,5212589
yqjE_yqjK_yqjD_yqjC_predicted,0.09090909090909091,10,10,GGCCAGCTCCCCTCTTAAAA,0,5176048
yqjE_yqjK_yqjD_yqjC_predicted,0.09090909090909091,10,10,GGCCACTTATAGTATGACTA,0,5256166
yqjE_yqjK_yqjD_yqjC_predicted,0.09090909090909091,10,10,GGCATGGCGAGTGTTTGCGA,0,5199442
yqjE_yqjK_yqjD_yqjC_predicted,0.09090909090909091,10,10,GGACTGTCATGGTTAGAGAA,0,5202454
yqjE_yqjK_yqjD_yqjC_predicted,0.09090909090909091,10,10,GGACTGCAGGCATCCCCCGT,0,5220185
yqjE_yqjK_yqjD_yqjC_predicted,0.09090909090909091,10,10,GGACGGTCTCGGAATTTAAG,0,5240517
yqjE_yqjK_yqjD_yqjC_predicted,0.09090909090909091,10,10,GCTTCTGACGTGACGTTGGC,0,5228577
yqjE_yqjK_yqjD_yqjC_predicted,0.09090909090909091,10,10,GCTTCTATGGGACGCCCTCA,0,5234414
yqjE_yqjK_yqjD_yqjC_predicted,0.09090909090909091,10,10,GCTGGCTTAACATCATAGTC,0,5171888
yqjE_yqjK_yqjD_yqjC_predicted,0.09090909090909091,10,10,GCTATAGGTCCTGACCAAAT,0,5174567
yqjE_yqjK_yqjD_yqjC_predicted,0.09090909090909091,10,10,GCTAGGGGGCGTTGTTTAAG,0,5248735
yqjE_yqjK_yqjD_yqjC_predicted,0.09090909090909091,10,10,GCTAGCAATCCAGAGAAATA,0,5173481
yqjE_yqjK_yqjD_yqjC_predicted,0.09090909090909091,10,10,GCGTTTACTCCGGGTATTTA,0,5192703
yqjE_yqjK_yqjD_yqjC_predicted,0.09090909090909091,10,10,GCGTGACTAATGGTCCAGGC,0,5212543
yqjE_yqjK_yqjD_yqjC_predicted,0.09090909090909091,10,10,GCGATTCATACGTCTTACGG,0,5182067
yqjE_yqjK_yqjD_yqjC_predicted,0.09090909090909091,10,10,GCGATGAGACGTTATGGCTA,0,5253436
yqjE_yqjK_yqjD_yqjC_predicted,0.09090909090909091,10,10,GCGAATCTTTGAACGTCAGA,0,5184427
yqjE_yqjK_yqjD_yqjC_predicted,0.09090909090909091,10,10,GCCGTGTAGGCCCGGCCAGC,0,5225256
yqjE_yqjK_yqjD_yqjC_predicted,0.09090909090909091,10,10,GCCCATTACCCTGGGAGTAT,0,5243816
yqjE_yqjK_yqjD_yqjC_predicted,0.09090909090909091,10,10,GCCAGACCCCTCGGACTGGG,0,5187074
yqjE_yqjK_yqjD_yqjC_predicted,0.09090909090909091,10,10,GCATCTAAACCATCGGGGAA,0,5244112
yqjE_yqjK_yqjD_yqjC_predicted,0.09090909090909091,10,10,GCAGGGCCGGCAAATTCTAT,0,5202266
yqjE_yqjK_yqjD_yqjC_predicted,0.09090909090909091,10,10,GCAGGCAAATGATCCGTCGT,0,5182163
yqjE_yqjK_yqjD_yqjC_predicted,0.09090909090909091,10,10,GCAGCTCTTTACTTCAAATG,0,5200424
yqjE_yqjK_yqjD_yqjC_predicted,0.09090909090909091,10,10,GCAGCCTACGATATACTTCA,0,5262197
yqjE_yqjK_yqjD_yqjC_predicted,0.09090909090909091,10,10,GCACAGGCTCACATCGTTTA,0,5204766
yqjE_yqjK_yqjD_yqjC_predicted,0.09090909090909091,10,10,GCAAGGTGTACTATCGGACA,0,5223285
yqjE_yqjK_yqjD_yqjC_predicted,0.09090909090909091,10,10,GATTTATTGAACGGTTAGTA,0,5256464
yqjE_yqjK_yqjD_yqjC_predicted,0.09090909090909091,10,10,GATTCCAACCATCCTGACTT,0,5198030
yqjE_yqjK_yqjD_yqjC_predicted,0.09090909090909091,10,10,GATTAGGCAGCTCACAGTGA,0,5206325
yqjE_yqjK_yqjD_yqjC_predicted,0.09090909090909091,10,10,GATCAGGCTGCAATTCCGTT,0,5239033
yqjE_yqjK_yqjD_yqjC_predicted,0.09090909090909091,10,10,GATATATTTACATTAGTTCA,0,5207951
yqjE_yqjK_yqjD_yqjC_predicted,0.09090909090909091,10,10,GATAGGTGCTCCTTTCCAGT,0,5189587
yqjE_yqjK_yqjD_yqjC_predicted,0.09090909090909091,10,10,GATACCCCATCCGACTGGCG,0,5226816
yqjE_yqjK_yqjD_yqjC_predicted,0.09090909090909091,10,10,GATAATCGGCCCGTGTTCTG,0,5244919
yqjE_yqjK_yqjD_yqjC_predicted,0.09090909090909091,10,10,GATAATCATAGGTGAGTGAT,0,5231325
yqjE_yqjK_yqjD_yqjC_predicted,0.09090909090909091,10,10,GAGTGCTGTGACCCTAGCCA,0,5185912
yqjE_yqjK_yqjD_yqjC_predicted,0.09090909090909091,10,10,GAGTACGTACAGGGCAAAAA,0,5222845
yqjE_yqjK_yqjD_yqjC_predicted,0.09090909090909091,10,10,GAGGTGGACTAAGTCGCCAA,0,5244966
yqjE_yqjK_yqjD_yqjC_predicted,0.09090909090909091,10,10,GAGGTCTATTGGATAGGATG,0,5213384
yqjE_yqjK_yqjD_yqjC_predicted,0.09090909090909091,10,10,GAGGGGGGACGGCCTACGTC,0,5250749
yqjE_yqjK_yqjD_yqjC_predicted,0.09090909090909091,10,10,GAGCCGTCAACGCTGCAGTC,0,5182308
yqjE_yqjK_yqjD_yqjC_predicted,0.09090909090909091,10,10,GAGCACGCCAGCGTCTTGCG,0,5191204
yqjE_yqjK_yqjD_yqjC_predicted,0.09090909090909091,10,10,GAGACGCAATTGGGATCTGT,0,5180445
yqjE_yqjK_yqjD_yqjC_predicted,0.09090909090909091,10,10,GAGAACTGCGCTGCCTGGCG,0,5204075
yqjE_yqjK_yqjD_yqjC_predicted,0.09090909090909091,10,10,GACTTGGATCTGAAAAATTG,0,5260009
yqjE_yqjK_yqjD_yqjC_predicted,0.09090909090909091,10,10,GACTGAACGGGTCTCTAGTT,0,5212383
yqjE_yqjK_yqjD_yqjC_predicted,0.09090909090909091,10,10,GACTCGGTGGTGTGCGCAAT,0,5237031
yqjE_yqjK_yqjD_yqjC_predicted,0.09090909090909091,10,10,GACGGACAATTAAGGTGCAG,0,5233090
yqjE_yqjK_yqjD_yqjC_predicted,0.09090909090909091,10,10,GAATCTGGGCGGTGTACATG,0,5177276
yqjE_yqjK_yqjD_yqjC_predicted,0.09090909090909091,10,10,GAATAAATAACTCGGTCTTA,0,5209472
yqjE_yqjK_yqjD_yqjC_predicted,0.09090909090909091,10,10,GAAGCGTACGAGGTAGCTCC,0,5247816
yqjE_yqjK_yqjD_yqjC_predicted,0.09090909090909091,10,10,GAACGTTCGGTGACAAAGGA,0,5214475
yqjE_yqjK_yqjD_yqjC_predicted,0.09090909090909091,10,10,GAACAGGGTAAGGGTTCTCG,0,5219456
yqjE_yqjK_yqjD_yqjC_predicted,0.09090909090909091,10,10,GAAAAGATGTGTCGCCTGGA,0,5245617
yqjE_yqjK_yqjD_yqjC_predicted,0.09090909090909091,10,10,CTTTAGCCGTCTGACGCCGC,0,5207288
yqjE_yqjK_yqjD_yqjC_predicted,0.09090909090909091,10,10,CTTCGGACAGCTCGCCCCTG,0,5221541
yqjE_yqjK_yqjD_yqjC_predicted,0.09090909090909091,10,10,CTTCATCGCTTACCAGACCA,0,5246561
yqjE_yqjK_yqjD_yqjC_predicted,0.09090909090909091,10,10,CTTAGTCCGTGGCGCACACT,0,5229097
yqjE_yqjK_yqjD_yqjC_predicted,0.09090909090909091,10,10,CTTAGTCCCTAGAGGCCCTC,0,5212801
yqjE_yqjK_yqjD_yqjC_predicted,0.09090909090909091,10,10,CTTAGGTGGCAGAGGTATAT,0,5244142
yqjE_yqjK_yqjD_yqjC_predicted,0.09090909090909091,10,10,CTGCCTAGGACTGCCTTTAA,0,5183879
yqjE_yqjK_yqjD_yqjC_predicted,0.09090909090909091,10,10,CTGCCACGTAGCCTTCATAC,0,5205917
yqjE_yqjK_yqjD_yqjC_predicted,0.09090909090909091,10,10,CTGCACGTCGTTTACAGCCA,0,5207281
yqjE_yqjK_yqjD_yqjC_predicted,0.09090909090909091,10,10,CTGAGGTAATTTTGTAGCCT,0,5200752
yqjE_yqjK_yqjD_yqjC_predicted,0.09090909090909091,10,10,CTGAAAATAGCGAGGAAGGA,0,5198343
yqjE_yqjK_yqjD_yqjC_predicted,0.09090909090909091,10,10,CTCTTAAGGTGTTAGCTCAA,0,5234590
yqjE_yqjK_yqjD_yqjC_predicted,0.09090909090909091,10,10,CTCGTAGCACTGATTCCAGT,0,5221825
yqjE_yqjK_yqjD_yqjC_predicted,0.09090909090909091,10,10,CTCGGCACCTGAGCGTGTGA,0,5191558
yqjE_yqjK_yqjD_yqjC_predicted,0.09090909090909091,10,10,CTCCATCACATCGAAATCTC,0,5201283
yqjE_yqjK_yqjD_yqjC_predicted,0.09090909090909091,10,10,CTCATTTTATGCGCGGGAGA,0,5217909
yqjE_yqjK_yqjD_yqjC_predicted,0.09090909090909091,10,10,CTCATGCAACCCATAACCAA,0,5229581
yqjE_yqjK_yqjD_yqjC_predicted,0.09090909090909091,10,10,CTATTGATCGCCGGCTTCTT,0,5260055
yqjE_yqjK_yqjD_yqjC_predicted,0.09090909090909091,10,10,CTATGCTCGGTCCCACCGAT,0,5174331
yqjE_yqjK_yqjD_yqjC_predicted,0.09090909090909091,10,10,CTATACTCCGCGTTTCAGTT,0,5228310
yqjE_yqjK_yqjD_yqjC_predicted,0.09090909090909091,10,10,CTATACAGTTACCCTGTTTT,0,5227734
yqjE_yqjK_yqjD_yqjC_predicted,0.09090909090909091,10,10,CTAGTGAGAACCTAGATCTA,0,5228906
yqjE_yqjK_yqjD_yqjC_predicted,0.09090909090909091,10,10,CTAGCGAGTCTCCCAACGGC,0,5184248
yqjE_yqjK_yqjD_yqjC_predicted,0.09090909090909091,10,10,CTACGCCGTAGTTTGTTTCA,0,5212458
yqjE_yqjK_yqjD_yqjC_predicted,0.09090909090909091,10,10,CTACAATTTCGCCAGCACAT,0,5242155
yqjE_yqjK_yqjD_yqjC_predicted,0.09090909090909091,10,10,CTAATGACAAAGACATCGCA,0,5209091
yqjE_yqjK_yqjD_yqjC_predicted,0.09090909090909091,10,10,CGTTTGTCCGGCACCGGAGC,0,5192413
yqjE_yqjK_yqjD_yqjC_predicted,0.09090909090909091,10,10,CGTTTAGAGGACCCGTACAT,0,5237998
yqjE_yqjK_yqjD_yqjC_predicted,0.09090909090909091,10,10,CGTGTGACGGAACCGCGCTT,0,5228526
yqjE_yqjK_yqjD_yqjC_predicted,0.09090909090909091,10,10,CGTGTCCCTTGAGCAACTCC,0,5262323
yqjE_yqjK_yqjD_yqjC_predicted,0.09090909090909091,10,10,CGTGACCCGCAGGGTCCTGA,0,5258689
yqjE_yqjK_yqjD_yqjC_predicted,0.09090909090909091,10,10,CGTATGGCTCGGCTACTGAT,0,5220956
yqjE_yqjK_yqjD_yqjC_predicted,0.09090909090909091,10,10,CGTACAGGCCGGTTATCTTA,0,5204342
yqjE_yqjK_yqjD_yqjC_predicted,0.09090909090909091,10,10,CGGGGGATGAGTAAGGACTA,0,5197801
yqjE_yqjK_yqjD_yqjC_predicted,0.09090909090909091,10,10,CGGGCCGTCACGATGCCGCA,0,5260197
yqjE_yqjK_yqjD_yqjC_predicted,0.09090909090909091,10,10,CGGCCCTAGATACCACTGGA,0,5240088
yqjE_yqjK_yqjD_yqjC_predicted,0.09090909090909091,10,10,CGGAACCCTGTGTGTGTTGC,0,5176569
yqjE_yqjK_yqjD_yqjC_predicted,0.09090909090909091,10,10,CGCGGCGTCAGTCTCACTCA,0,5173680
yqjE_yqjK_yqjD_yqjC_predicted,0.09090909090909091,10,10,CGCCTCCAAGCCTAGCTTCG,0,5240454
yqjE_yqjK_yqjD_yqjC_predicted,0.09090909090909091,10,10,CGCCGATTCCCAATCACGCT,0,5237308
yqjE_yqjK_yqjD_yqjC_predicted,0.09090909090909091,10,10,CGCCCAAACCAAGGTGATCA,0,5255488
yqjE_yqjK_yqjD_yqjC_predicted,0.09090909090909091,10,10,CGCACGCGCAACGTCACCCA,0,5240566
yqjE_yqjK_yqjD_yqjC_predicted,0.09090909090909091,10,10,CGCAAAGAAGTGGCTACATG,0,5195743
yqjE_yqjK_yqjD_yqjC_predicted,0.09090909090909091,10,10,CGATTTGTAAGAACACTTAT,0,5179916
yqjE_yqjK_yqjD_yqjC_predicted,0.09090909090909091,10,10,CGATGAGTTTCATGGGTTAT,0,5213735
yqjE_yqjK_yqjD_yqjC_predicted,0.09090909090909091,10,10,CGATAAATTGCGTCGGGATG,0,5230903
yqjE_yqjK_yqjD_yqjC_predicted,0.09090909090909091,10,10,CGAGCAGTTATATATCAGCT,0,5183458
yqjE_yqjK_yqjD_yqjC_predicted,0.09090909090909091,10,10,CGACGTCTTTTGGCAACTGG,0,5171867
yqjE_yqjK_yqjD_yqjC_predicted,0.09090909090909091,10,10,CGACGTATACCCGAAGCACG,0,5247000
yqjE_yqjK_yqjD_yqjC_predicted,0.09090909090909091,10,10,CGACCCGGTAGGGTGTGCCA,0,5172010
yqjE_yqjK_yqjD_yqjC_predicted,0.09090909090909091,10,10,CGAATATGGCAACTTAGATT,0,5198620
yqjE_yqjK_yqjD_yqjC_predicted,0.09090909090909091,10,10,CGAACCTTGAGCTCATGAGT,0,5229701
yqjE_yqjK_yqjD_yqjC_predicted,0.09090909090909091,10,10,CCTTGCTTCATTTCAGTTCC,0,5253422
yqjE_yqjK_yqjD_yqjC_predicted,0.09090909090909091,10,10,CCTTCTGTCGTTGCTCTTTA,0,5179950
yqjE_yqjK_yqjD_yqjC_predicted,0.09090909090909091,10,10,CCTTAGGAAGCGGTGAGTCC,0,5221961
yqjE_yqjK_yqjD_yqjC_predicted,0.09090909090909091,10,10,CCTGTTACGGGGTCGGCACC,0,5223072
yqjE_yqjK_yqjD_yqjC_predicted,0.09090909090909091,10,10,CCTGTGGGTGAAGTTATTTA,0,5197964
yqjE_yqjK_yqjD_yqjC_predicted,0.09090909090909091,10,10,CCTCTGCAGATGCGTCGTCC,0,5216666
yqjE_yqjK_yqjD_yqjC_predicted,0.09090909090909091,10,10,CCTATTTAGATGGACGAGTG,0,5262059
yqjE_yqjK_yqjD_yqjC_predicted,0.09090909090909091,10,10,CCTAATTATGGACGAATAAG,0,5211482
yqjE_yqjK_yqjD_yqjC_predicted,0.09090909090909091,10,10,CCTAAATTTGGAAGCATCAA,0,5252370
yqjE_yqjK_yqjD_yqjC_predicted,0.09090909090909091,10,10,CCGTTTCGGCTCCGTACCTT,0,5209910
yqjE_yqjK_yqjD_yqjC_predicted,0.09090909090909091,10,10,CCGTTAGATCGGATGCACAT,0,5211021
yqjE_yqjK_yqjD_yqjC_predicted,0.09090909090909091,10,10,CCGGTCATAGTTAGGGTTTT,0,5216397
yqjE_yqjK_yqjD_yqjC_predicted,0.09090909090909091,10,10,CCGGTATTGTTCTCTGTAAA,0,5239082
yqjE_yqjK_yqjD_yqjC_predicted,0.09090909090909091,10,10,CCGGCCACTAGGTAACCAAA,0,5186960
yqjE_yqjK_yqjD_yqjC_predicted,0.09090909090909091,10,10,CCGAGCCGGATGTTAGTGAC,0,5207980
yqjE_yqjK_yqjD_yqjC_predicted,0.09090909090909091,10,10,CCGACGCAGGGTGCGCACTG,0,5183242
yqjE_yqjK_yqjD_yqjC_predicted,0.09090909090909091,10,10,CCGACAGGCCTTTAGGCGCT,0,5219929
yqjE_yqjK_yqjD_yqjC_predicted,0.09090909090909091,10,10,CCCTTTTTGCTATACCATCA,0,5216797
yqjE_yqjK_yqjD_yqjC_predicted,0.09090909090909091,10,10,CCCTTTCCATTATGGTTACT,0,5195810
yqjE_yqjK_yqjD_yqjC_predicted,0.09090909090909091,10,10,CCCTGCCATATAAAGCAACT,0,5232197
yqjE_yqjK_yqjD_yqjC_predicted,0.09090909090909091,10,10,CCCTAAGCAATATTCAGCGT,0,5209950
yqjE_yqjK_yqjD_yqjC_predicted,0.09090909090909091,10,10,CCCGTATGAACTTCTAGACA,0,5211280
yqjE_yqjK_yqjD_yqjC_predicted,0.09090909090909091,10,10,CCCGCGTCTACGAGCCATAA,0,5227658
yqjE_yqjK_yqjD_yqjC_predicted,0.09090909090909091,10,10,CCCGCGGGGCGGTTGCAAGT,0,5259489
yqjE_yqjK_yqjD_yqjC_predicted,0.09090909090909091,10,10,CCCCGATCATCATCGTTCGT,0,5218576
yqjE_yqjK_yqjD_yqjC_predicted,0.09090909090909091,10,10,CCCCCTGCGTCGCTATGTGA,0,5222070
yqjE_yqjK_yqjD_yqjC_predicted,0.09090909090909091,10,10,CCCATAGGGAGATAGTAGCC,0,5188164
yqjE_yqjK_yqjD_yqjC_predicted,0.09090909090909091,10,10,CCCAACGGTTAATCATGTGA,0,5180707
yqjE_yqjK_yqjD_yqjC_predicted,0.09090909090909091,10,10,CCATGTTTCGTGCACAGGCA,0,5189925
yqjE_yqjK_yqjD_yqjC_predicted,0.09090909090909091,10,10,CCATGCCGCGTTTAGAATTG,0,5223118
yqjE_yqjK_yqjD_yqjC_predicted,0.09090909090909091,10,10,CCACCTTGGGGGTAAATCCA,0,5252828
yqjE_yqjK_yqjD_yqjC_predicted,0.09090909090909091,10,10,CCAAAAGTATGCATCTTGCA,0,5175859
yqjE_yqjK_yqjD_yqjC_predicted,0.09090909090909091,10,10,CATCATCCTCATCAACGAGA,0,5237980
yqjE_yqjK_yqjD_yqjC_predicted,0.09090909090909091,10,10,CATCAGACCAATGCCATCCG,0,5222373
yqjE_yqjK_yqjD_yqjC_predicted,0.09090909090909091,10,10,CATATAGGGGGAGTTGCTCA,0,5240083
yqjE_yqjK_yqjD_yqjC_predicted,0.09090909090909091,10,10,CATACCCAGGGCAATGTGGC,0,5253877
yqjE_yqjK_yqjD_yqjC_predicted,0.09090909090909091,10,10,CATAAGAATCCAGTCTTTGT,0,5257449
yqjE_yqjK_yqjD_yqjC_predicted,0.09090909090909091,10,10,CAGTGCTAAAAGGGAAACGT,0,5222431
yqjE_yqjK_yqjD_yqjC_predicted,0.09090909090909091,10,10,CAGTGACAGCCGAAACTCCC,0,5216420
yqjE_yqjK_yqjD_yqjC_predicted,0.09090909090909091,10,10,CAGGGGTCAGATCTTTTTCG,0,5190425
yqjE_yqjK_yqjD_yqjC_predicted,0.09090909090909091,10,10,CAGGAGTCCGGTCTGATGCA,0,5179466
yqjE_yqjK_yqjD_yqjC_predicted,0.09090909090909091,10,10,CAGCTCGAACTGGTACCGTA,0,5209886
yqjE_yqjK_yqjD_yqjC_predicted,0.09090909090909091,10,10,CAGCATACGTAATAAAGGAT,0,5218647
yqjE_yqjK_yqjD_yqjC_predicted,0.09090909090909091,10,10,CAGAAACTCCTGTCAAAAGA,0,5187118
yqjE_yqjK_yqjD_yqjC_predicted,0.09090909090909091,10,10,CACTAGGGTCGGAAGTCACC,0,5208476
yqjE_yqjK_yqjD_yqjC_predicted,0.09090909090909091,10,10,CACGCACGGGGATAGAGTGT,0,5259100
yqjE_yqjK_yqjD_yqjC_predicted,0.09090909090909091,10,10,CACGAGTTCAGGACGCACCA,0,5221123
yqjE_yqjK_yqjD_yqjC_predicted,0.09090909090909091,10,10,CACAGCAATGCAAGTTACGT,0,5245970
yqjE_yqjK_yqjD_yqjC_predicted,0.09090909090909091,10,10,CAAGTAAAGCTCTCTGGAAG,0,5204345
yqjE_yqjK_yqjD_yqjC_predicted,0.09090909090909091,10,10,CAAGGGGCGGATGCGTACGA,0,5258978
yqjE_yqjK_yqjD_yqjC_predicted,0.09090909090909091,10,10,CAAGAACTAGGAACCGGTGC,0,5197428
yqjE_yqjK_yqjD_yqjC_predicted,0.09090909090909091,10,10,CAACAGCCCGCAACGATAAT,0,5186399
yqjE_yqjK_yqjD_yqjC_predicted,0.09090909090909091,10,10,CAAAGACAGCCGGGCCATTG,0,5251091
yqjE_yqjK_yqjD_yqjC_predicted,0.09090909090909091,10,10,CAAAATACCTGTCTCAATAT,0,5177036
yqjE_yqjK_yqjD_yqjC_predicted,0.09090909090909091,10,10,ATTTTTAAAGCCCTTGGGTG,0,5172623
yqjE_yqjK_yqjD_yqjC_predicted,0.09090909090909091,10,10,ATTTTCTCGTCCCGACCGCT,0,5213842
yqjE_yqjK_yqjD_yqjC_predicted,0.09090909090909091,10,10,ATTTATCGCCCAGAAGAACC,0,5193638
yqjE_yqjK_yqjD_yqjC_predicted,0.09090909090909091,10,10,ATTTACACGTAGCGGTGGGT,0,5196319
yqjE_yqjK_yqjD_yqjC_predicted,0.09090909090909091,10,10,ATTGATTACGCAACCTCGTA,0,5183101
yqjE_yqjK_yqjD_yqjC_predicted,0.09090909090909091,10,10,ATTCGGTGTGTAGGCACAGC,0,5188053
yqjE_yqjK_yqjD_yqjC_predicted,0.09090909090909091,10,10,ATTATCGGCATTTCACAAGG,0,5202753
yqjE_yqjK_yqjD_yqjC_predicted,0.09090909090909091,10,10,ATGTGTGGGCTACAGGATGG,0,5176233
yqjE_yqjK_yqjD_yqjC_predicted,0.09090909090909091,10,10,ATGGTTTACCCTGTAAGTTA,0,5246507
yqjE_yqjK_yqjD_yqjC_predicted,0.09090909090909091,10,10,ATGGCTCGCCAATTGCGCGA,0,5175919
yqjE_yqjK_yqjD_yqjC_predicted,0.09090909090909091,10,10,ATGCATGTCACGTAAGTGCT,0,5186238
yqjE_yqjK_yqjD_yqjC_predicted,0.09090909090909091,10,10,ATGATGCGTTAGCCTCAGAG,0,5198937
yqjE_yqjK_yqjD_yqjC_predicted,0.09090909090909091,10,10,ATCTTACTCTTGGACGCGAT,0,5191573
yqjE_yqjK_yqjD_yqjC_predicted,0.09090909090909091,10,10,ATCTGGTAGTTCCGTTGAAA,0,5177227
yqjE_yqjK_yqjD_yqjC_predicted,0.09090909090909091,10,10,ATCTCTAACTAGGTGAATGC,0,5194201
yqjE_yqjK_yqjD_yqjC_predicted,0.09090909090909091,10,10,ATCGTGTTTTCGGGTCTCAC,0,5192435
yqjE_yqjK_yqjD_yqjC_predicted,0.09090909090909091,10,10,ATCGATGGGGTAGCCAGATA,0,5209577
yqjE_yqjK_yqjD_yqjC_predicted,0.09090909090909091,10,10,ATCGACTTTGATGTTAGCCC,0,5227293
yqjE_yqjK_yqjD_yqjC_predicted,0.09090909090909091,10,10,ATCCTGGCGCTGAACTTGCC,0,5228122
yqjE_yqjK_yqjD_yqjC_predicted,0.09090909090909091,10,10,ATCCGTGATGACTATGTTTC,0,5186370
yqjE_yqjK_yqjD_yqjC_predicted,0.09090909090909091,10,10,ATCCGTCAAGTGAGCATCCA,0,5219712
yqjE_yqjK_yqjD_yqjC_predicted,0.09090909090909091,10,10,ATCCGCTCCGACTGGGATCG,0,5216819
yqjE_yqjK_yqjD_yqjC_predicted,0.09090909090909091,10,10,ATCATTTGACGCTGGGCCAT,0,5249583
yqjE_yqjK_yqjD_yqjC_predicted,0.09090909090909091,10,10,ATACGCCAAGGGCGTGGTAG,0,5208623
yqjE_yqjK_yqjD_yqjC_predicted,0.09090909090909091,10,10,ATAATCATGTGGAACACTCC,0,5262122
yqjE_yqjK_yqjD_yqjC_predicted,0.09090909090909091,10,10,ATAACGAGTAGCATCTATCG,0,5228223
yqjE_yqjK_yqjD_yqjC_predicted,0.09090909090909091,10,10,AGTGTCATCAGTAACTATTA,0,5254015
yqjE_yqjK_yqjD_yqjC_predicted,0.09090909090909091,10,10,AGTGGGATGTAGGGGCTAGT,0,5232916
yqjE_yqjK_yqjD_yqjC_predicted,0.09090909090909091,10,10,AGTGCACAGGTTATTTTCGA,0,5249530
yqjE_yqjK_yqjD_yqjC_predicted,0.09090909090909091,10,10,AGTCTCGTACAGCAAACGGA,0,5172631
yqjE_yqjK_yqjD_yqjC_predicted,0.09090909090909091,10,10,AGTCTAGACGTTCTGTTTAA,0,5194223
yqjE_yqjK_yqjD_yqjC_predicted,0.09090909090909091,10,10,AGTCGTCTGCATATACCCGA,0,5210916
yqjE_yqjK_yqjD_yqjC_predicted,0.09090909090909091,10,10,AGTATAAAGCATTATGCGTT,0,5246293
yqjE_yqjK_yqjD_yqjC_predicted,0.09090909090909091,10,10,AGTAGGGCTACGGTTATCCA,0,5221019
yqjE_yqjK_yqjD_yqjC_predicted,0.09090909090909091,10,10,AGTACTTTTCTTTTAGACCA,0,5206574
yqjE_yqjK_yqjD_yqjC_predicted,0.09090909090909091,10,10,AGGTGTTGAACTGGGTTAAC,0,5209668
yqjE_yqjK_yqjD_yqjC_predicted,0.09090909090909091,10,10,AGGTACTGCTCAGGATTAGC,0,5253122
yqjE_yqjK_yqjD_yqjC_predicted,0.09090909090909091,10,10,AGGGGAGCCAATCCTTGTAA,0,5227757
yqjE_yqjK_yqjD_yqjC_predicted,0.09090909090909091,10,10,AGGGCGTTAGCGGGTCCGAC,0,5179913
yqjE_yqjK_yqjD_yqjC_predicted,0.09090909090909091,10,10,AGGACGGGGAATGCCGTAGG,0,5234177
yqjE_yqjK_yqjD_yqjC_predicted,0.09090909090909091,10,10,AGGAAAGATCAAGATATTCG,0,5192747
yqjE_yqjK_yqjD_yqjC_predicted,0.09090909090909091,10,10,AGCTGTAATACAGAGGCACG,0,5245514
yqjE_yqjK_yqjD_yqjC_predicted,0.09090909090909091,10,10,AGCTGAATAAAACTACTCTT,0,5205196
yqjE_yqjK_yqjD_yqjC_predicted,0.09090909090909091,10,10,AGCTACGAGGTTGACTACCT,0,5215102
yqjE_yqjK_yqjD_yqjC_predicted,0.09090909090909091,10,10,AGCGCAGTCTAATTACACGT,0,5245387
yqjE_yqjK_yqjD_yqjC_predicted,0.09090909090909091,10,10,AGCCTCCTCCTATAACAGCA,0,5230063
yqjE_yqjK_yqjD_yqjC_predicted,0.09090909090909091,10,10,AGCCGCATCCAACCGCACGA,0,5199524
yqjE_yqjK_yqjD_yqjC_predicted,0.09090909090909091,10,10,AGCATTTCATCGATTCCCAC,0,5242563
yqjE_yqjK_yqjD_yqjC_predicted,0.09090909090909091,10,10,AGCAGGTCTTGCATGCACCT,0,5240425
yqjE_yqjK_yqjD_yqjC_predicted,0.09090909090909091,10,10,AGCAAAGCTCATTGTTCTCC,0,5225842
yqjE_yqjK_yqjD_yqjC_predicted,0.09090909090909091,10,10,AGATTGTGCGACCAGTCTTA,0,5250257
yqjE_yqjK_yqjD_yqjC_predicted,0.09090909090909091,10,10,AGATCGGGGTGCCGGCTTCT,0,5187549
yqjE_yqjK_yqjD_yqjC_predicted,0.09090909090909091,10,10,AGACTTGAAGCCTCAAACAC,0,5236857
yqjE_yqjK_yqjD_yqjC_predicted,0.09090909090909091,10,10,AGACTAAATATGGTTAGTGG,0,5228541
yqjE_yqjK_yqjD_yqjC_predicted,0.09090909090909091,10,10,AGACCGTTTGGTATAATATA,0,5231425
yqjE_yqjK_yqjD_yqjC_predicted,0.09090909090909091,10,10,AGACAAGCTTTTGTATTTCG,0,5184932
yqjE_yqjK_yqjD_yqjC_predicted,0.09090909090909091,10,10,ACTTTACCACATTGGCGACT,0,5186911
yqjE_yqjK_yqjD_yqjC_predicted,0.09090909090909091,10,10,ACTTCATAAAATTGTACACT,0,5190330
yqjE_yqjK_yqjD_yqjC_predicted,0.09090909090909091,10,10,ACTGGATCCTGGCAATAGTT,0,5242738
yqjE_yqjK_yqjD_yqjC_predicted,0.09090909090909091,10,10,ACTGAAAATATTCAAACGCG,0,5250096
yqjE_yqjK_yqjD_yqjC_predicted,0.09090909090909091,10,10,ACTCGGCTGTTCTGGCAAGA,0,5249671
yqjE_yqjK_yqjD_yqjC_predicted,0.09090909090909091,10,10,ACTCATTTGGATACGACGAG,0,5198890
yqjE_yqjK_yqjD_yqjC_predicted,0.09090909090909091,10,10,ACTCACTGATTCAAATATGT,0,5247146
yqjE_yqjK_yqjD_yqjC_predicted,0.09090909090909091,10,10,ACTAGCGGCGGCCTGCACGC,0,5172648
yqjE_yqjK_yqjD_yqjC_predicted,0.09090909090909091,10,10,ACTAGACCCTCAATCCAAGT,0,5193941
yqjE_yqjK_yqjD_yqjC_predicted,0.09090909090909091,10,10,ACTACAACAACAGCGAGTAA,0,5252652
yqjE_yqjK_yqjD_yqjC_predicted,0.09090909090909091,10,10,ACGTGTTGACATTTTATTTA,0,5186829
yqjE_yqjK_yqjD_yqjC_predicted,0.09090909090909091,10,10,ACGTGACTGGAGGGTGTAGG,0,5219381
yqjE_yqjK_yqjD_yqjC_predicted,0.09090909090909091,10,10,ACGTCTCTTGTACGTCGGAC,0,5174481
yqjE_yqjK_yqjD_yqjC_predicted,0.09090909090909091,10,10,ACGGTGTGCATCCAGACACG,0,5208053
yqjE_yqjK_yqjD_yqjC_predicted,0.09090909090909091,10,10,ACGGCGAAGACTGCGACTCA,0,5223017
yqjE_yqjK_yqjD_yqjC_predicted,0.09090909090909091,10,10,ACGGACAATACATCGGTCAA,0,5245515
yqjE_yqjK_yqjD_yqjC_predicted,0.09090909090909091,10,10,ACGCCGAACACCCTAGGTTA,0,5206644
yqjE_yqjK_yqjD_yqjC_predicted,0.09090909090909091,10,10,ACGCCCCACGTACCAGCGTG,0,5178224
yqjE_yqjK_yqjD_yqjC_predicted,0.09090909090909091,10,10,ACGATTGTCTGTCTCTACAA,0,5190119
yqjE_yqjK_yqjD_yqjC_predicted,0.09090909090909091,10,10,ACGACGGGGAGAATACGACA,0,5217993
yqjE_yqjK_yqjD_yqjC_predicted,0.09090909090909091,10,10,ACGAACTGCTTGCCGATGGA,0,5207325
yqjE_yqjK_yqjD_yqjC_predicted,0.09090909090909091,10,10,ACCTACTCTGAGGTGTGACT,0,5186899
yqjE_yqjK_yqjD_yqjC_predicted,0.09090909090909091,10,10,ACCCCGCCGAGGGACTGTAA,0,5230423
yqjE_yqjK_yqjD_yqjC_predicted,0.09090909090909091,10,10,ACCCAGTTCATGTGTACTCC,0,5210818
yqjE_yqjK_yqjD_yqjC_predicted,0.09090909090909091,10,10,ACCCACAATGAGCAGAGGGA,0,5201840
yqjE_yqjK_yqjD_yqjC_predicted,0.09090909090909091,10,10,ACCATGAGCCACTAAGGGAA,0,5184574
yqjE_yqjK_yqjD_yqjC_predicted,0.09090909090909091,10,10,ACCAGTTGACCAGGGTGGAT,0,5261552
yqjE_yqjK_yqjD_yqjC_predicted,0.09090909090909091,10,10,ACCACGGCCTCACCATGCCA,0,5211987
yqjE_yqjK_yqjD_yqjC_predicted,0.09090909090909091,10,10,ACATCGATATCGCCTCAGGA,0,5211844
yqjE_yqjK_yqjD_yqjC_predicted,0.09090909090909091,10,10,ACAGTTTCCGGGGGTATCTT,0,5227662
yqjE_yqjK_yqjD_yqjC_predicted,0.09090909090909091,10,10,ACAGCTGGTCTCGCATATAG,0,5202500
yqjE_yqjK_yqjD_yqjC_predicted,0.09090909090909091,10,10,ACAGCCAAAGCAATCAGTAG,0,5195673
yqjE_yqjK_yqjD_yqjC_predicted,0.09090909090909091,10,10,ACACTCCTGCGTGTCAGAGT,0,5237869
yqjE_yqjK_yqjD_yqjC_predicted,0.09090909090909091,10,10,ACACCTTTGAATTCGCGTGT,0,5232082
yqjE_yqjK_yqjD_yqjC_predicted,0.09090909090909091,10,10,ACACACCGAAAAGGAAGGCC,0,5207540
yqjE_yqjK_yqjD_yqjC_predicted,0.09090909090909091,10,10,ACAATTCATATAAACCGGAG,0,5204900
yqjE_yqjK_yqjD_yqjC_predicted,0.09090909090909091,10,10,ACAATCAGGTCACCTGGAGT,0,5241664
yqjE_yqjK_yqjD_yqjC_predicted,0.09090909090909091,10,10,ACAACATCGTTGCGACCTTA,0,5231298
yqjE_yqjK_yqjD_yqjC_predicted,0.09090909090909091,10,10,ACAAAACCGAACGTTGAGAT,0,5205448
yqjE_yqjK_yqjD_yqjC_predicted,0.09090909090909091,10,10,AATTCCAAGAATTGCGTCTT,0,5205226
yqjE_yqjK_yqjD_yqjC_predicted,0.09090909090909091,10,10,AATGTAAAAGGGAAAACTGA,0,5214863
yqjE_yqjK_yqjD_yqjC_predicted,0.09090909090909091,10,10,AATGGGAGTGCGCTTCATTC,0,5192206
yqjE_yqjK_yqjD_yqjC_predicted,0.09090909090909091,10,10,AATGAGGGAAGATCTAAATG,0,5195684
yqjE_yqjK_yqjD_yqjC_predicted,0.09090909090909091,10,10,AATGAAGTCCAACCGATGCA,0,5240142
yqjE_yqjK_yqjD_yqjC_predicted,0.09090909090909091,10,10,AATACGTCGGAATGCAAAGG,0,5202999
yqjE_yqjK_yqjD_yqjC_predicted,0.09090909090909091,10,10,AAGTTGGGCGGCTACATAGC,0,5215478
yqjE_yqjK_yqjD_yqjC_predicted,0.09090909090909091,10,10,AAGTTGGATTGTTTGTTCCC,0,5199604
yqjE_yqjK_yqjD_yqjC_predicted,0.09090909090909091,10,10,AAGTTACAGCTGGAATTCTT,0,5223761
yqjE_yqjK_yqjD_yqjC_predicted,0.09090909090909091,10,10,AAGGTCAGCCCACATCCGGG,0,5206224
yqjE_yqjK_yqjD_yqjC_predicted,0.09090909090909091,10,10,AAGGGCTACCTATTCCACTA,0,5201675
yqjE_yqjK_yqjD_yqjC_predicted,0.09090909090909091,10,10,AAGGGCACTGGCACCCTCGG,0,5176545
yqjE_yqjK_yqjD_yqjC_predicted,0.09090909090909091,10,10,AAGAGCGGCAATCCTGAGAG,0,5233533
yqjE_yqjK_yqjD_yqjC_predicted,0.09090909090909091,10,10,AAGAATGAAACGAATCATCG,0,5256713
yqjE_yqjK_yqjD_yqjC_predicted,0.09090909090909091,10,10,AAGAAACACTTGGGGCAGGC,0,5212799
yqjE_yqjK_yqjD_yqjC_predicted,0.09090909090909091,10,10,AACTTGGATGCCCCACTTTG,0,5226303
yqjE_yqjK_yqjD_yqjC_predicted,0.09090909090909091,10,10,AACTGCAAGTATGCAGGGTC,0,5176035
yqjE_yqjK_yqjD_yqjC_predicted,0.09090909090909091,10,10,AACGGCCTACCCCCACTCGG,0,5180925
yqjE_yqjK_yqjD_yqjC_predicted,0.09090909090909091,10,10,AACGAGGATATAACCTGGTT,0,5227429
yqjE_yqjK_yqjD_yqjC_predicted,0.09090909090909091,10,10,AACACCCGGTTACGTTTAGC,0,5261646
yqjE_yqjK_yqjD_yqjC_predicted,0.09090909090909091,10,10,AAATTTCACGTTGTTTCGGG,0,5215566
yqjE_yqjK_yqjD_yqjC_predicted,0.09090909090909091,10,10,AAATTGCCGGTAGCATTTAC,0,5207406
yqjE_yqjK_yqjD_yqjC_predicted,0.09090909090909091,10,10,AAATGACCCCCGATTCCGCT,0,5230649
yqjE_yqjK_yqjD_yqjC_predicted,0.09090909090909091,10,10,AAAGAGCCATACAGGGTAAA,0,5178020
yqjE_yqjK_yqjD_yqjC_predicted,0.09090909090909091,10,10,AAAGACGCGGAAGGGTAGCA,0,5180420
yqjE_yqjK_yqjD_yqjC_predicted,0.09090909090909091,10,10,AAACTCCCTTGTCAGCGATC,0,5173420
yqjE_yqjK_yqjD_yqjC_predicted,0.09090909090909091,10,10,AAACGTTGAATGAATTGCGG,0,5259952
yqjE_yqjK_yqjD_yqjC_predicted,0.09090909090909091,10,10,AAACAAGTGATATAGTTACG,0,5212243
yqjE_yqjK_yqjD_yqjC_predicted,0.09090909090909091,10,10,AAAATTGATGCTGGTACAAC,0,5233250
yqjE_yqjK_yqjD_yqjC_predicted,0.09090909090909091,10,10,AAAAACCATCGAGAGCGGTC,0,5216976
yqjE_yqjK_yqjD_yqjC_predicted,0.1,9,9,TTTTTTCCGCTACGTCTCCA,0,5183283
yqjE_yqjK_yqjD_yqjC_predicted,0.1,9,9,TTTTTGCATACGATAGTGAG,0,5243942
yqjE_yqjK_yqjD_yqjC_predicted,0.1,9,9,TTTTGCTGCCTGTTCACTGA,0,5236889
yqjE_yqjK_yqjD_yqjC_predicted,0.1,9,9,TTTTCGCTGAGTAGAACACC,0,5173639
yqjE_yqjK_yqjD_yqjC_predicted,0.1,9,9,TTTTATACTTACTATGTCTA,0,5247772
yqjE_yqjK_yqjD_yqjC_predicted,0.1,9,9,TTTCCGACCCTGGATAATGC,0,5232334
yqjE_yqjK_yqjD_yqjC_predicted,0.1,9,9,TTTACAGATTCAGGCTAACT,0,5201513
yqjE_yqjK_yqjD_yqjC_predicted,0.1,9,9,TTTAAATCTGTTGTTCTAAT,0,5234657
yqjE_yqjK_yqjD_yqjC_predicted,0.1,9,9,TTGTGCCAATCGCGACGTTT,0,5260805
yqjE_yqjK_yqjD_yqjC_predicted,0.1,9,9,TTGTCGTATTAGAACACTGT,0,5258700
yqjE_yqjK_yqjD_yqjC_predicted,0.1,9,9,TTGTCCAGTGAGGATAACGG,0,5259607
yqjE_yqjK_yqjD_yqjC_predicted,0.1,9,9,TTGGTGACGGTAGGCGACCT,0,5204837
yqjE_yqjK_yqjD_yqjC_predicted,0.1,9,9,TTGGGCAGGGTTGGTTTGGC,0,5248410
yqjE_yqjK_yqjD_yqjC_predicted,0.1,9,9,TTGCGAATTCCAATACGAAA,0,5253424
yqjE_yqjK_yqjD_yqjC_predicted,0.1,9,9,TTGCAGCTACGACTGTACGA,0,5242725
yqjE_yqjK_yqjD_yqjC_predicted,0.1,9,9,TTGATACAAGTGACCGGGTA,0,5220183
yqjE_yqjK_yqjD_yqjC_predicted,0.1,9,9,TTGACCGTGTAGGTAGGACT,0,5232773
yqjE_yqjK_yqjD_yqjC_predicted,0.1,9,9,TTGAAGTCTCGTTTTGTGAC,0,5244857
yqjE_yqjK_yqjD_yqjC_predicted,0.1,9,9,TTGAAAGCCGTTTGAGATCC,0,5219452
yqjE_yqjK_yqjD_yqjC_predicted,0.1,9,9,TTCTTACGGTATTGCCGACA,0,5200746
yqjE_yqjK_yqjD_yqjC_predicted,0.1,9,9,TTCTGTAGTCGTCTGTCCAT,0,5253167
yqjE_yqjK_yqjD_yqjC_predicted,0.1,9,9,TTCTCTTGGCGTTCGGACAC,0,5245223
yqjE_yqjK_yqjD_yqjC_predicted,0.1,9,9,TTCTCGCACACTGATTTATA,0,5250195
yqjE_yqjK_yqjD_yqjC_predicted,0.1,9,9,TTCGTCCCCGATTCCGCAAT,0,5184595
yqjE_yqjK_yqjD_yqjC_predicted,0.1,9,9,TTCGTATAATATACGTATTG,0,5238660
yqjE_yqjK_yqjD_yqjC_predicted,0.1,9,9,TTCGAGCGTCGCTCGAAACG,0,5211363
yqjE_yqjK_yqjD_yqjC_predicted,0.1,9,9,TTCGAGCGATGCCTCTTCCC,0,5261458
yqjE_yqjK_yqjD_yqjC_predicted,0.1,9,9,TTCGAGAATAAAGCTACCGT,0,5208905
yqjE_yqjK_yqjD_yqjC_predicted,0.1,9,9,TTCCTTGATATCCCTGAATA,0,5260865
yqjE_yqjK_yqjD_yqjC_predicted,0.1,9,9,TTCCATGTGGGCAACAGTAC,0,5229557
yqjE_yqjK_yqjD_yqjC_predicted,0.1,9,9,TTCAGAAAAACCGTTAAACC,0,5249820
yqjE_yqjK_yqjD_yqjC_predicted,0.1,9,9,TTCAATTCACTTCACACACT,0,5177395
yqjE_yqjK_yqjD_yqjC_predicted,0.1,9,9,TTCAACAGGCAGGTGAAGGT,0,5242092
yqjE_yqjK_yqjD_yqjC_predicted,0.1,9,9,TTCAAAGGGTCAATCGGTAG,0,5177032
yqjE_yqjK_yqjD_yqjC_predicted,0.1,9,9,TTATGAAGGACACAGGAATA,0,5203258
yqjE_yqjK_yqjD_yqjC_predicted,0.1,9,9,TTATCTGAATCCGCACCTCA,0,5259144
yqjE_yqjK_yqjD_yqjC_predicted,0.1,9,9,TTATCCTCACATTGTGACGG,0,5240383
yqjE_yqjK_yqjD_yqjC_predicted,0.1,9,9,TTAGTCTGGGCTCAGCCCAA,0,5175028
yqjE_yqjK_yqjD_yqjC_predicted,0.1,9,9,TTAGTCGGGTGTCTTAAAGC,0,5199614
yqjE_yqjK_yqjD_yqjC_predicted,0.1,9,9,TTAGGAATAAAGGTTACGGA,0,5213474
yqjE_yqjK_yqjD_yqjC_predicted,0.1,9,9,TTAGCCAATGTGGTCAGAAG,0,5200645
yqjE_yqjK_yqjD_yqjC_predicted,0.1,9,9,TTAATGATGCTAACTGTTTA,0,5215952
yqjE_yqjK_yqjD_yqjC_predicted,0.1,9,9,TGTTTTCAGTGTTAGGCGTC,0,5213481
yqjE_yqjK_yqjD_yqjC_predicted,0.1,9,9,TGTTTCGCGGTGGCGAGGGG,0,5206186
yqjE_yqjK_yqjD_yqjC_predicted,0.1,9,9,TGTTTAACAAGTCACGCCCT,0,5199300
yqjE_yqjK_yqjD_yqjC_predicted,0.1,9,9,TGTTGGGCGTACACATGGGT,0,5223078
yqjE_yqjK_yqjD_yqjC_predicted,0.1,9,9,TGTGGGGGCTGGCTGATATT,0,5232530
yqjE_yqjK_yqjD_yqjC_predicted,0.1,9,9,TGTGCATAAATTTTGAATAT,0,5218317
yqjE_yqjK_yqjD_yqjC_predicted,0.1,9,9,TGTCTGTCGTTGTGCGAAAT,0,5182557
yqjE_yqjK_yqjD_yqjC_predicted,0.1,9,9,TGTCTCTACTGCCATCGCAA,0,5180472
yqjE_yqjK_yqjD_yqjC_predicted,0.1,9,9,TGTAAGTGGAGGGTTGGTGG,0,5171804
yqjE_yqjK_yqjD_yqjC_predicted,0.1,9,9,TGGGTTCGTTCCGTTAGCGC,0,5210997
yqjE_yqjK_yqjD_yqjC_predicted,0.1,9,9,TGGGCTGGTATCGGCCAATG,0,5204776
yqjE_yqjK_yqjD_yqjC_predicted,0.1,9,9,TGGGCATATAATTCGCTCAA,0,5249550
yqjE_yqjK_yqjD_yqjC_predicted,0.1,9,9,TGGGATTGGGTAAGGATGTT,0,5228793
yqjE_yqjK_yqjD_yqjC_predicted,0.1,9,9,TGGCTTTAGGTAGTATAAAG,0,5217102
yqjE_yqjK_yqjD_yqjC_predicted,0.1,9,9,TGGCGACGTCCGAAGCCGCC,0,5173171
yqjE_yqjK_yqjD_yqjC_predicted,0.1,9,9,TGGCACCGACCCTCTGCTTG,0,5250994
yqjE_yqjK_yqjD_yqjC_predicted,0.1,9,9,TGGACACAACACGCATCATC,0,5173709
yqjE_yqjK_yqjD_yqjC_predicted,0.1,9,9,TGCTTCAAGTCTCCATCGAG,0,5205649
yqjE_yqjK_yqjD_yqjC_predicted,0.1,9,9,TGCATTGTGTTTAGTAAGAT,0,5237820
yqjE_yqjK_yqjD_yqjC_predicted,0.1,9,9,TGCATTATCGGCCAGTAATA,0,5189147
yqjE_yqjK_yqjD_yqjC_predicted,0.1,9,9,TGCACGACCCAGATCCCTCG,0,5255678
yqjE_yqjK_yqjD_yqjC_predicted,0.1,9,9,TGATTTCCTTTACAAGCTCG,0,5193062
yqjE_yqjK_yqjD_yqjC_predicted,0.1,9,9,TGATCTTTATTCGGCTGAAG,0,5189841
yqjE_yqjK_yqjD_yqjC_predicted,0.1,9,9,TGATAATAGGGGGAGTATCT,0,5177457
yqjE_yqjK_yqjD_yqjC_predicted,0.1,9,9,TGAGATCCTTGCAAAAGGCG,0,5238370
yqjE_yqjK_yqjD_yqjC_predicted,0.1,9,9,TGACTTCGGGCACCCTCTCA,0,5246570
yqjE_yqjK_yqjD_yqjC_predicted,0.1,9,9,TGACATTCAGTTAACTAGAG,0,5241755
yqjE_yqjK_yqjD_yqjC_predicted,0.1,9,9,TGAATCTCTCATAATTATTG,0,5253907
yqjE_yqjK_yqjD_yqjC_predicted,0.1,9,9,TGAACACAGTCTTGGGGTGA,0,5191107
yqjE_yqjK_yqjD_yqjC_predicted,0.1,9,9,TGAAATGGCGGACCGAACAA,0,5192415
yqjE_yqjK_yqjD_yqjC_predicted,0.1,9,9,TCTTTATTTGACTGTTTGAA,0,5221884
yqjE_yqjK_yqjD_yqjC_predicted,0.1,9,9,TCTTGTTTGGCAGCACAAAG,0,5245326
yqjE_yqjK_yqjD_yqjC_predicted,0.1,9,9,TCTTCGGTTGAGCCTAGACG,0,5185026
yqjE_yqjK_yqjD_yqjC_predicted,0.1,9,9,TCTGGCAATGGATAAGCCCA,0,5196303
yqjE_yqjK_yqjD_yqjC_predicted,0.1,9,9,TCTAGCCGCTGATCCTGACC,0,5191417
yqjE_yqjK_yqjD_yqjC_predicted,0.1,9,9,TCTAGAAGTGGAGTACTGAT,0,5209795
yqjE_yqjK_yqjD_yqjC_predicted,0.1,9,9,TCTACGGGGCCAGGAGGCGC,0,5176889
yqjE_yqjK_yqjD_yqjC_predicted,0.1,9,9,TCGTTGGGTTATCGGAATTG,0,5185539
yqjE_yqjK_yqjD_yqjC_predicted,0.1,9,9,TCGTGGTCGGATTCTGTCAT,0,5240991
yqjE_yqjK_yqjD_yqjC_predicted,0.1,9,9,TCGTCTCCAGAGGAAGGTGT,0,5181881
yqjE_yqjK_yqjD_yqjC_predicted,0.1,9,9,TCGTATAGGGCGCTAATGGC,0,5173844
yqjE_yqjK_yqjD_yqjC_predicted,0.1,9,9,TCGCTCTATCATACCAAAAC,0,5259804
yqjE_yqjK_yqjD_yqjC_predicted,0.1,9,9,TCGCGATCAGACCGGGGTAT,0,5252831
yqjE_yqjK_yqjD_yqjC_predicted,0.1,9,9,TCGCGAAAGGCTAGTTAGGT,0,5207253
yqjE_yqjK_yqjD_yqjC_predicted,0.1,9,9,TCGCACATGCTATAGGGCGA,0,5196030
yqjE_yqjK_yqjD_yqjC_predicted,0.1,9,9,TCGATCTCCACCGGATAATC,0,5231733
yqjE_yqjK_yqjD_yqjC_predicted,0.1,9,9,TCGAGTTTGATTACACGACA,0,5206318
yqjE_yqjK_yqjD_yqjC_predicted,0.1,9,9,TCGACGTTAACTCGTAGACT,0,5207516
yqjE_yqjK_yqjD_yqjC_predicted,0.1,9,9,TCCTCGCATCTGTGCAAGAC,0,5202450
yqjE_yqjK_yqjD_yqjC_predicted,0.1,9,9,TCCGGATTTTCTGAAACATT,0,5223954
yqjE_yqjK_yqjD_yqjC_predicted,0.1,9,9,TCCGCGAAGGACGCAGATAC,0,5174798
yqjE_yqjK_yqjD_yqjC_predicted,0.1,9,9,TCCCTATGTAGTCTCCTGAA,0,5217974
yqjE_yqjK_yqjD_yqjC_predicted,0.1,9,9,TCCCGGACGCCCGTCCGGTC,0,5171813
yqjE_yqjK_yqjD_yqjC_predicted,0.1,9,9,TCCAATGTCGTAGTTGTAAT,0,5257952
yqjE_yqjK_yqjD_yqjC_predicted,0.1,9,9,TCATTTAGAGTGAACTTCTG,0,5225300
yqjE_yqjK_yqjD_yqjC_predicted,0.1,9,9,TCAGCTTAACTGTTTTCCGA,0,5241342
yqjE_yqjK_yqjD_yqjC_predicted,0.1,9,9,TCACGAGAAGTACGGGTTTA,0,5237672
yqjE_yqjK_yqjD_yqjC_predicted,0.1,9,9,TCAAGATTAAGCGTCTCTAC,0,5197462
yqjE_yqjK_yqjD_yqjC_predicted,0.1,9,9,TATGTTATAGGGCGCTTTTG,0,5186052
yqjE_yqjK_yqjD_yqjC_predicted,0.1,9,9,TATGTCGCGGTAGTTAGTGT,0,5188147
yqjE_yqjK_yqjD_yqjC_predicted,0.1,9,9,TATGGATACTCGCATTCGTA,0,5262964
yqjE_yqjK_yqjD_yqjC_predicted,0.1,9,9,TATGCCACAAAGAGTAGTAC,0,5232493
yqjE_yqjK_yqjD_yqjC_predicted,0.1,9,9,TATCTAGCGCTCCAGTCTCA,0,5196743
yqjE_yqjK_yqjD_yqjC_predicted,0.1,9,9,TATCGTGACCTCCATTGGTG,0,5235311
yqjE_yqjK_yqjD_yqjC_predicted,0.1,9,9,TATATTCTACGCGCCCCGTC,0,5206811
yqjE_yqjK_yqjD_yqjC_predicted,0.1,9,9,TATAGTCAATAGTCACCGAA,0,5216136
yqjE_yqjK_yqjD_yqjC_predicted,0.1,9,9,TATAGGCGTGGAGGGGGGAA,0,5201325
yqjE_yqjK_yqjD_yqjC_predicted,0.1,9,9,TAGTCTTGTGTCGTTCGCGG,0,5205418
yqjE_yqjK_yqjD_yqjC_predicted,0.1,9,9,TAGGCGTCCCTCCTTACTCA,0,5246615
yqjE_yqjK_yqjD_yqjC_predicted,0.1,9,9,TAGGATGCCCTACCCATGCC,0,5192881
yqjE_yqjK_yqjD_yqjC_predicted,0.1,9,9,TAGGACCGAGTTTCCGTATT,0,5227812
yqjE_yqjK_yqjD_yqjC_predicted,0.1,9,9,TAGCTACTCAGTGCATTGCC,0,5185602
yqjE_yqjK_yqjD_yqjC_predicted,0.1,9,9,TAGCGCTGGATATTATAATC,0,5205264
yqjE_yqjK_yqjD_yqjC_predicted,0.1,9,9,TAGAAGCATCTATGCTGACA,0,5186207
yqjE_yqjK_yqjD_yqjC_predicted,0.1,9,9,TACTTTTAGTCAAGAGGACA,0,5177757
yqjE_yqjK_yqjD_yqjC_predicted,0.1,9,9,TACTTCGGACCAAATCTTTA,0,5217176
yqjE_yqjK_yqjD_yqjC_predicted,0.1,9,9,TACTACGCTTGATCGCAGAA,0,5246269
yqjE_yqjK_yqjD_yqjC_predicted,0.1,9,9,TACGTAGAGCCAGCTGGGTC,0,5228672
yqjE_yqjK_yqjD_yqjC_predicted,0.1,9,9,TACGAGTGGGGCTATGATAT,0,5185862
yqjE_yqjK_yqjD_yqjC_predicted,0.1,9,9,TACCCGGACACCACTCGAGA,0,5246934
yqjE_yqjK_yqjD_yqjC_predicted,0.1,9,9,TACATGTGTAATTGGAGCCT,0,5197692
yqjE_yqjK_yqjD_yqjC_predicted,0.1,9,9,TACATATGGCGCCCTTTGCT,0,5214233
yqjE_yqjK_yqjD_yqjC_predicted,0.1,9,9,TACAGTCGTGCGAAGGAACA,0,5235025
yqjE_yqjK_yqjD_yqjC_predicted,0.1,9,9,TACAGGTGCCCCTCCCACGT,0,5215710
yqjE_yqjK_yqjD_yqjC_predicted,0.1,9,9,TACAGCGATGCTGCAATCCC,0,5240081
yqjE_yqjK_yqjD_yqjC_predicted,0.1,9,9,TACACGGAGCGAGACCTGAC,0,5196032
yqjE_yqjK_yqjD_yqjC_predicted,0.1,9,9,TACACGCATGTGTATTTCCT,0,5218568
yqjE_yqjK_yqjD_yqjC_predicted,0.1,9,9,TACACCACCTCCTTGCGTCA,0,5179447
yqjE_yqjK_yqjD_yqjC_predicted,0.1,9,9,TAATTGTAAGAGTGTTGGTA,0,5244566
yqjE_yqjK_yqjD_yqjC_predicted,0.1,9,9,TAATGGGTCTCCTCAGTCAC,0,5254825
yqjE_yqjK_yqjD_yqjC_predicted,0.1,9,9,TAAGTGACGCGGAAAGCGTT,0,5194694
yqjE_yqjK_yqjD_yqjC_predicted,0.1,9,9,TAAGACCCTTGGAACAGATA,0,5213800
yqjE_yqjK_yqjD_yqjC_predicted,0.1,9,9,TAACTTCATCAGTAGTCCTT,0,5190051
yqjE_yqjK_yqjD_yqjC_predicted,0.1,9,9,TAACGCTATGGTATGTCCCA,0,5211954
yqjE_yqjK_yqjD_yqjC_predicted,0.1,9,9,TAACCGGTTAAAAGAGCCAC,0,5238860
yqjE_yqjK_yqjD_yqjC_predicted,0.1,9,9,GTTTTTGAAACAGCGGTAAA,0,5209002
yqjE_yqjK_yqjD_yqjC_predicted,0.1,9,9,GTTTGCAATATACTAGGAAC,0,5201389
yqjE_yqjK_yqjD_yqjC_predicted,0.1,9,9,GTTTGATGTAGATCCGCGGC,0,5237064
yqjE_yqjK_yqjD_yqjC_predicted,0.1,9,9,GTTGTTACAGTCTCTGCATA,0,5206203
yqjE_yqjK_yqjD_yqjC_predicted,0.1,9,9,GTTGGTGGAGTCCCCCTCGA,0,5216993
yqjE_yqjK_yqjD_yqjC_predicted,0.1,9,9,GTTGGACTGTAATGTATACT,0,5226948
yqjE_yqjK_yqjD_yqjC_predicted,0.1,9,9,GTTCTCATTTCTCAGGCTGT,0,5182013
yqjE_yqjK_yqjD_yqjC_predicted,0.1,9,9,GTTCGACGATCGCCGCGAAC,0,5181824
yqjE_yqjK_yqjD_yqjC_predicted,0.1,9,9,GTTATATATAGATTGTTGTT,0,5178824
yqjE_yqjK_yqjD_yqjC_predicted,0.1,9,9,GTTAGCTTAGCGGATGCTGC,0,5185568
yqjE_yqjK_yqjD_yqjC_predicted,0.1,9,9,GTTAGCACTGGTAAAAAACT,0,5242569
yqjE_yqjK_yqjD_yqjC_predicted,0.1,9,9,GTTACATTCCACAAACGGAT,0,5184822
yqjE_yqjK_yqjD_yqjC_predicted,0.1,9,9,GTTAATAGCACCGGGGCACA,0,5181264
yqjE_yqjK_yqjD_yqjC_predicted,0.1,9,9,GTTAACTCTAGATTTCGCTC,0,5233389
yqjE_yqjK_yqjD_yqjC_predicted,0.1,9,9,GTGTACCAGCCCGTCTGGTC,0,5176544
yqjE_yqjK_yqjD_yqjC_predicted,0.1,9,9,GTGGGACCCTCCTGTAACAT,0,5241038
yqjE_yqjK_yqjD_yqjC_predicted,0.1,9,9,GTGCCGGAACGCCTGCTCAC,0,5207857
yqjE_yqjK_yqjD_yqjC_predicted,0.1,9,9,GTGCAGCTTTCCCCCGGAGC,0,5172768
yqjE_yqjK_yqjD_yqjC_predicted,0.1,9,9,GTGCAGCCCCGAATGGTCAG,0,5209952
yqjE_yqjK_yqjD_yqjC_predicted,0.1,9,9,GTGATCAAGCCACGTGGTAA,0,5209839
yqjE_yqjK_yqjD_yqjC_predicted,0.1,9,9,GTGATACGGAAAGAAAAGAA,0,5233965
yqjE_yqjK_yqjD_yqjC_predicted,0.1,9,9,GTCCAGCCACCAGCCAGGGA,0,5202383
yqjE_yqjK_yqjD_yqjC_predicted,0.1,9,9,GTCACTGTGTTAATAGGCTC,0,5211277
yqjE_yqjK_yqjD_yqjC_predicted,0.1,9,9,GTCAATATCATTAGTACCGG,0,5246262
yqjE_yqjK_yqjD_yqjC_predicted,0.1,9,9,GTATTAAGATCAGGCATCAA,0,5218004
yqjE_yqjK_yqjD_yqjC_predicted,0.1,9,9,GTATGTATTTACGAGCTGTT,0,5229386
yqjE_yqjK_yqjD_yqjC_predicted,0.1,9,9,GTATCTGTTGCGGGCTGCGT,0,5232492
yqjE_yqjK_yqjD_yqjC_predicted,0.1,9,9,GTACTGCATGTTGGTCCGAC,0,5258463
yqjE_yqjK_yqjD_yqjC_predicted,0.1,9,9,GTACGTGTAGGCTGAGTCGC,0,5196087
yqjE_yqjK_yqjD_yqjC_predicted,0.1,9,9,GGTTGGAGTTCAACTGCACA,0,5204401
yqjE_yqjK_yqjD_yqjC_predicted,0.1,9,9,GGTTCGTGAATAGTAAAATG,0,5226735
yqjE_yqjK_yqjD_yqjC_predicted,0.1,9,9,GGTTCCAATATACCCCGCTC,0,5251579
yqjE_yqjK_yqjD_yqjC_predicted,0.1,9,9,GGTTAGGTCAGTTGGGCTAA,0,5190221
yqjE_yqjK_yqjD_yqjC_predicted,0.1,9,9,GGTGTCTCTCTATTCTAGCC,0,5254801
yqjE_yqjK_yqjD_yqjC_predicted,0.1,9,9,GGTCACGGTTTGGCGGTTCT,0,5256363
yqjE_yqjK_yqjD_yqjC_predicted,0.1,9,9,GGTACCCTACCATAGTCGGT,0,5260298
yqjE_yqjK_yqjD_yqjC_predicted,0.1,9,9,GGGTACCATCTAAACCTAAT,0,5216764
yqjE_yqjK_yqjD_yqjC_predicted,0.1,9,9,GGGGCAATTTATTAGGGACT,0,5226742
yqjE_yqjK_yqjD_yqjC_predicted,0.1,9,9,GGGGACCGTGGCCACTCGCT,0,5244971
yqjE_yqjK_yqjD_yqjC_predicted,0.1,9,9,GGGATTTATTAAGGCCTCGT,0,5244369
yqjE_yqjK_yqjD_yqjC_predicted,0.1,9,9,GGGAGCCGGCTCCATGGGCA,0,5233386
yqjE_yqjK_yqjD_yqjC_predicted,0.1,9,9,GGGAATACGCATATGCTTTT,0,5219863
yqjE_yqjK_yqjD_yqjC_predicted,0.1,9,9,GGGAAGTGCGCCTTGTACCT,0,5214041
yqjE_yqjK_yqjD_yqjC_predicted,0.1,9,9,GGCTAAAGTATGTCGTCCAT,0,5219714
yqjE_yqjK_yqjD_yqjC_predicted,0.1,9,9,GGCGTCAACTGAAGTCCGGT,0,5203758
yqjE_yqjK_yqjD_yqjC_predicted,0.1,9,9,GGCGGCGCCCGCTCGGTTGT,0,5190477
yqjE_yqjK_yqjD_yqjC_predicted,0.1,9,9,GGCACCTAACTCGTGGTGGT,0,5209796
yqjE_yqjK_yqjD_yqjC_predicted,0.1,9,9,GGCAAACCATTGGTATCGCT,0,5239950
yqjE_yqjK_yqjD_yqjC_predicted,0.1,9,9,GGATCTAAATTTACCTCTAA,0,5208363
yqjE_yqjK_yqjD_yqjC_predicted,0.1,9,9,GGATCCTTTCCCCTGGCTAT,0,5261925
yqjE_yqjK_yqjD_yqjC_predicted,0.1,9,9,GGAGGTTCCCCAACTTAAGT,0,5245510
yqjE_yqjK_yqjD_yqjC_predicted,0.1,9,9,GGAGGGTTATGTGTGGTGGT,0,5175079
yqjE_yqjK_yqjD_yqjC_predicted,0.1,9,9,GGACTGGCGCATCTTATGCA,0,5258960
yqjE_yqjK_yqjD_yqjC_predicted,0.1,9,9,GGACAAATTTGCTCAGTCAA,0,5204832
yqjE_yqjK_yqjD_yqjC_predicted,0.1,9,9,GGAACGTTAGGCGACGAATA,0,5244854
yqjE_yqjK_yqjD_yqjC_predicted,0.1,9,9,GGAACGCCGGTATATGGAGA,0,5200873
yqjE_yqjK_yqjD_yqjC_predicted,0.1,9,9,GCTTTGCTAAACCCCTCCCC,0,5260303
yqjE_yqjK_yqjD_yqjC_predicted,0.1,9,9,GCTTTCCGCTATGGTATTCC,0,5224735
yqjE_yqjK_yqjD_yqjC_predicted,0.1,9,9,GCTTATGCGAAGAGATCCGA,0,5211395
yqjE_yqjK_yqjD_yqjC_predicted,0.1,9,9,GCTTAGGGTGGGGCAGGCTC,0,5239999
yqjE_yqjK_yqjD_yqjC_predicted,0.1,9,9,GCTGCTTGGAGTATGCGGAT,0,5171589
yqjE_yqjK_yqjD_yqjC_predicted,0.1,9,9,GCTGCCTTGCACGAGTGCGA,0,5235492
yqjE_yqjK_yqjD_yqjC_predicted,0.1,9,9,GCTATAGCGGGTAGACCGCG,0,5174559
yqjE_yqjK_yqjD_yqjC_predicted,0.1,9,9,GCTAAGAAGGGTTGGAGGCC,0,5186065
yqjE_yqjK_yqjD_yqjC_predicted,0.1,9,9,GCGTGTTCATTGTACGTTCC,0,5251827
yqjE_yqjK_yqjD_yqjC_predicted,0.1,9,9,GCGTGGAGTGTTAATCCATG,0,5244589
yqjE_yqjK_yqjD_yqjC_predicted,0.1,9,9,GCGTCGCAATCATAAGGATG,0,5172596
yqjE_yqjK_yqjD_yqjC_predicted,0.1,9,9,GCGGTTTAATTGACGGCTCA,0,5172750
yqjE_yqjK_yqjD_yqjC_predicted,0.1,9,9,GCGGCATTAACCTTTTTAAT,0,5183770
yqjE_yqjK_yqjD_yqjC_predicted,0.1,9,9,GCGCGGCCCTGAGCGACTGA,0,5219865
yqjE_yqjK_yqjD_yqjC_predicted,0.1,9,9,GCGATCAAATTGGATACTCG,0,5224668
yqjE_yqjK_yqjD_yqjC_predicted,0.1,9,9,GCGATAATTGGGATGATCTT,0,5191085
yqjE_yqjK_yqjD_yqjC_predicted,0.1,9,9,GCGACGTGGCCGGCTCTTCA,0,5171631
yqjE_yqjK_yqjD_yqjC_predicted,0.1,9,9,GCCTTTTGACGGTGTAGGAC,0,5198457
yqjE_yqjK_yqjD_yqjC_predicted,0.1,9,9,GCCTGATACGGCCGGAAGAA,0,5220701
yqjE_yqjK_yqjD_yqjC_predicted,0.1,9,9,GCCTCACAGTGCATTAACGT,0,5224509
yqjE_yqjK_yqjD_yqjC_predicted,0.1,9,9,GCCTATTTACCCAATCTTTT,0,5216754
yqjE_yqjK_yqjD_yqjC_predicted,0.1,9,9,GCCGTCGCTGGCTGTGTTCA,0,5220431
yqjE_yqjK_yqjD_yqjC_predicted,0.1,9,9,GCCGGTGCCGGTCAATCGAA,0,5197547
yqjE_yqjK_yqjD_yqjC_predicted,0.1,9,9,GCCGGGCTGGGCGCCGGGGA,0,5231243
yqjE_yqjK_yqjD_yqjC_predicted,0.1,9,9,GCCGCATTTATGGTCCAAGC,0,5194452
yqjE_yqjK_yqjD_yqjC_predicted,0.1,9,9,GCCGACATTTCCCGTCACCT,0,5209147
yqjE_yqjK_yqjD_yqjC_predicted,0.1,9,9,GCCCTTAGGTCAATATGGTT,0,5216403
yqjE_yqjK_yqjD_yqjC_predicted,0.1,9,9,GCCCGAAGCATATGGTACAA,0,5246746
yqjE_yqjK_yqjD_yqjC_predicted,0.1,9,9,GCCCCCGTGCGGAGTCGGAC,0,5255392
yqjE_yqjK_yqjD_yqjC_predicted,0.1,9,9,GCCCAGGGGTCAACGAGGTA,0,5260932
yqjE_yqjK_yqjD_yqjC_predicted,0.1,9,9,GCCAGTTTTATCCATAAGGA,0,5183268
yqjE_yqjK_yqjD_yqjC_predicted,0.1,9,9,GCCAAGTGCAACTTAACCGG,0,5197545
yqjE_yqjK_yqjD_yqjC_predicted,0.1,9,9,GCCAACGATATGCTGATCAG,0,5188644
yqjE_yqjK_yqjD_yqjC_predicted,0.1,9,9,GCATTGGCCGGGGATGGGCA,0,5259831
yqjE_yqjK_yqjD_yqjC_predicted,0.1,9,9,GCAGGGGCAGACGTTGCAGT,0,5253555
yqjE_yqjK_yqjD_yqjC_predicted,0.1,9,9,GCAGATCAGATCCTGTTTTC,0,5220683
yqjE_yqjK_yqjD_yqjC_predicted,0.1,9,9,GCACGGGGGTTCCCGGCCGA,0,5196321
yqjE_yqjK_yqjD_yqjC_predicted,0.1,9,9,GCAATTGCCCTTAATTATTA,0,5188976
yqjE_yqjK_yqjD_yqjC_predicted,0.1,9,9,GCAATGGCTCGCCTAAAACT,0,5179798
yqjE_yqjK_yqjD_yqjC_predicted,0.1,9,9,GCAAGACCCCACGGGCCATC,0,5239909
yqjE_yqjK_yqjD_yqjC_predicted,0.1,9,9,GCAACAGGCGTATCAGAGTT,0,5244869
yqjE_yqjK_yqjD_yqjC_predicted,0.1,9,9,GCAAACCGCTTGATCGAGTA,0,5172952
yqjE_yqjK_yqjD_yqjC_predicted,0.1,9,9,GATTTCAACAGGGTCGGCCT,0,5240859
yqjE_yqjK_yqjD_yqjC_predicted,0.1,9,9,GATTCACAGACGGCAGGACC,0,5190679
yqjE_yqjK_yqjD_yqjC_predicted,0.1,9,9,GATGGTGGACGTACGCAAGT,0,5195561
yqjE_yqjK_yqjD_yqjC_predicted,0.1,9,9,GATCGTGTGCCCAAGGGATT,0,5253008
yqjE_yqjK_yqjD_yqjC_predicted,0.1,9,9,GATCGGTTCAACGCTATGCT,0,5174197
yqjE_yqjK_yqjD_yqjC_predicted,0.1,9,9,GATCCGTGGGGCATATAGGC,0,5174158
yqjE_yqjK_yqjD_yqjC_predicted,0.1,9,9,GATCCGCATCTGCGGCCAGT,0,5238353
yqjE_yqjK_yqjD_yqjC_predicted,0.1,9,9,GATCAGACTTAGTAATAGTT,0,5179226
yqjE_yqjK_yqjD_yqjC_predicted,0.1,9,9,GATATCGAGGCTTCCATACG,0,5253492
yqjE_yqjK_yqjD_yqjC_predicted,0.1,9,9,GATAAGTTGTCCCGCCCATC,0,5254047
yqjE_yqjK_yqjD_yqjC_predicted,0.1,9,9,GATAAACTGCCAAAAGTGCA,0,5224175
yqjE_yqjK_yqjD_yqjC_predicted,0.1,9,9,GAGTTTGTACATTGATACCC,0,5216667
yqjE_yqjK_yqjD_yqjC_predicted,0.1,9,9,GAGTGCAGGTGCGTCCGGTA,0,5207064
yqjE_yqjK_yqjD_yqjC_predicted,0.1,9,9,GAGTCTTAATCCATGTATCT,0,5218283
yqjE_yqjK_yqjD_yqjC_predicted,0.1,9,9,GAGGTAGCTCTGAATACATT,0,5222779
yqjE_yqjK_yqjD_yqjC_predicted,0.1,9,9,GAGGGTTCGATACCCGCTGG,0,5258181
yqjE_yqjK_yqjD_yqjC_predicted,0.1,9,9,GAGCCCTGAGAATGAGAGCC,0,5235210
yqjE_yqjK_yqjD_yqjC_predicted,0.1,9,9,GAGAGCATTCCTAAACCCAT,0,5182026
yqjE_yqjK_yqjD_yqjC_predicted,0.1,9,9,GACTGAATAGGAAGGATAGC,0,5202960
yqjE_yqjK_yqjD_yqjC_predicted,0.1,9,9,GACTCAGTCATCGGTGAACG,0,5189712
yqjE_yqjK_yqjD_yqjC_predicted,0.1,9,9,GACGCGGCCCTGGGATAGAG,0,5171857
yqjE_yqjK_yqjD_yqjC_predicted,0.1,9,9,GACCAAACTCCCGGGGCCAT,0,5209366
yqjE_yqjK_yqjD_yqjC_predicted,0.1,9,9,GACATACCCCTATTATGCTA,0,5245235
yqjE_yqjK_yqjD_yqjC_predicted,0.1,9,9,GACAGGCCGAAAATAGCGCG,0,5245394
yqjE_yqjK_yqjD_yqjC_predicted,0.1,9,9,GAATTGGTATCCCAATGGAC,0,5174490
yqjE_yqjK_yqjD_yqjC_predicted,0.1,9,9,GAATCTAGAACGGCAAGCTG,0,5205502
yqjE_yqjK_yqjD_yqjC_predicted,0.1,9,9,GAATCAACCAAGTCGTATTA,0,5199434
yqjE_yqjK_yqjD_yqjC_predicted,0.1,9,9,GAAGTTGCCGATAACCGTGC,0,5217330
yqjE_yqjK_yqjD_yqjC_predicted,0.1,9,9,GAAGGCCGCAACGTACATAC,0,5187416
yqjE_yqjK_yqjD_yqjC_predicted,0.1,9,9,GAAGCGGTGGCTGTTCCTTG,0,5213012
yqjE_yqjK_yqjD_yqjC_predicted,0.1,9,9,GAAGCGGCCGGACCTATGGG,0,5248994
yqjE_yqjK_yqjD_yqjC_predicted,0.1,9,9,GAAGCCCCGGCACTCAAAGT,0,5240667
yqjE_yqjK_yqjD_yqjC_predicted,0.1,9,9,GAAGCATATCGAGAGGTGCT,0,5181084
yqjE_yqjK_yqjD_yqjC_predicted,0.1,9,9,GAACATCTTTGGTCCGTTGT,0,5212600
yqjE_yqjK_yqjD_yqjC_predicted,0.1,9,9,GAACAACAGAGCCCACGAAC,0,5227055
yqjE_yqjK_yqjD_yqjC_predicted,0.1,9,9,GAAATTACTTTGATGCCTGT,0,5226292
yqjE_yqjK_yqjD_yqjC_predicted,0.1,9,9,GAAAGACACGATACCCAGAA,0,5212389
yqjE_yqjK_yqjD_yqjC_predicted,0.1,9,9,GAAAGAATTCGAAACCCATA,0,5259137
yqjE_yqjK_yqjD_yqjC_predicted,0.1,9,9,GAAACGCCGAGACCTTCAGA,0,5208409
yqjE_yqjK_yqjD_yqjC_predicted,0.1,9,9,CTTTCTAGGGTAAACCGTTA,0,5220180
yqjE_yqjK_yqjD_yqjC_predicted,0.1,9,9,CTTGTCAAACAAAGGCACAT,0,5235731
yqjE_yqjK_yqjD_yqjC_predicted,0.1,9,9,CTTGGTCTCATCCGCGAATG,0,5252943
yqjE_yqjK_yqjD_yqjC_predicted,0.1,9,9,CTTGGGCTATATGATGGATC,0,5240905
yqjE_yqjK_yqjD_yqjC_predicted,0.1,9,9,CTTGATCGGCCTTCGTCCTC,0,5204523
yqjE_yqjK_yqjD_yqjC_predicted,0.1,9,9,CTTCGGCGTATGGCCGTCTT,0,5192176
yqjE_yqjK_yqjD_yqjC_predicted,0.1,9,9,CTTCCGGTATTGGACGGTCT,0,5215260
yqjE_yqjK_yqjD_yqjC_predicted,0.1,9,9,CTTACTTTATGCGGACGTGA,0,5233382
yqjE_yqjK_yqjD_yqjC_predicted,0.1,9,9,CTTACAGATTACGTGCCTAT,0,5240996
yqjE_yqjK_yqjD_yqjC_predicted,0.1,9,9,CTTAACTGCCAACGCCCCCA,0,5245093
yqjE_yqjK_yqjD_yqjC_predicted,0.1,9,9,CTTAAACAAATGTTCTGACT,0,5229897
yqjE_yqjK_yqjD_yqjC_predicted,0.1,9,9,CTGTCTAGGCCCAAGCGAGA,0,5177461
yqjE_yqjK_yqjD_yqjC_predicted,0.1,9,9,CTGTAACTGAGTCGCAACAA,0,5229125
yqjE_yqjK_yqjD_yqjC_predicted,0.1,9,9,CTGTAAATTGTCAATGGGAT,0,5228697
yqjE_yqjK_yqjD_yqjC_predicted,0.1,9,9,CTGGGGGAATGCTCTCCGGT,0,5229157
yqjE_yqjK_yqjD_yqjC_predicted,0.1,9,9,CTGGGAATGTTCGGGGCGTA,0,5207028
yqjE_yqjK_yqjD_yqjC_predicted,0.1,9,9,CTGGACAACTATATCGCGCA,0,5260424
yqjE_yqjK_yqjD_yqjC_predicted,0.1,9,9,CTGCTTTAATGCCTCACTTA,0,5205964
yqjE_yqjK_yqjD_yqjC_predicted,0.1,9,9,CTGCTAGCTGAGTCTTACTG,0,5258943
yqjE_yqjK_yqjD_yqjC_predicted,0.1,9,9,CTGCAGCTCATTATATTGTG,0,5199429
yqjE_yqjK_yqjD_yqjC_predicted,0.1,9,9,CTGATAAGTCGTTTTATTGA,0,5185233
yqjE_yqjK_yqjD_yqjC_predicted,0.1,9,9,CTCTTAGGGTATATCGTATT,0,5226581
yqjE_yqjK_yqjD_yqjC_predicted,0.1,9,9,CTCTAAAGTGGATACGAAAG,0,5217465
yqjE_yqjK_yqjD_yqjC_predicted,0.1,9,9,CTCGGTCATTCGCCCTAAGA,0,5175951
yqjE_yqjK_yqjD_yqjC_predicted,0.1,9,9,CTCGCCGTGAGGCGTTCAGC,0,5251362
yqjE_yqjK_yqjD_yqjC_predicted,0.1,9,9,CTCGCCGGCAAGCAAACCAA,0,5259136
yqjE_yqjK_yqjD_yqjC_predicted,0.1,9,9,CTCCTAATCCATGGCATCTT,0,5227090
yqjE_yqjK_yqjD_yqjC_predicted,0.1,9,9,CTCCATACTGAGGAATCCCT,0,5183887
yqjE_yqjK_yqjD_yqjC_predicted,0.1,9,9,CTCCAGATACAGTATGCCCA,0,5197495
yqjE_yqjK_yqjD_yqjC_predicted,0.1,9,9,CTCATTAGCCAACCTCGCGA,0,5176029
yqjE_yqjK_yqjD_yqjC_predicted,0.1,9,9,CTCATCTGGATTATGGCAGC,0,5202743
yqjE_yqjK_yqjD_yqjC_predicted,0.1,9,9,CTATTCCGCAACAGCAGGCT,0,5171789
yqjE_yqjK_yqjD_yqjC_predicted,0.1,9,9,CTATGCTGTCGCAGAGACTG,0,5211209
yqjE_yqjK_yqjD_yqjC_predicted,0.1,9,9,CTATCTTGCCTTCACGCGCC,0,5209458
yqjE_yqjK_yqjD_yqjC_predicted,0.1,9,9,CTATCACAAGTGCTGTCATA,0,5228949
yqjE_yqjK_yqjD_yqjC_predicted,0.1,9,9,CTATACGCACTACGGCGGAT,0,5240674
yqjE_yqjK_yqjD_yqjC_predicted,0.1,9,9,CTAGTGGATCACTACGCAGT,0,5254544
yqjE_yqjK_yqjD_yqjC_predicted,0.1,9,9,CTACGACCGCCACTGCGTCT,0,5211326
yqjE_yqjK_yqjD_yqjC_predicted,0.1,9,9,CGTTTTTGAAAACTTATATA,0,5203954
yqjE_yqjK_yqjD_yqjC_predicted,0.1,9,9,CGTTTTCGACCACACCACGT,0,5187427
yqjE_yqjK_yqjD_yqjC_predicted,0.1,9,9,CGTGTTATCATAATTAAACA,0,5185537
yqjE_yqjK_yqjD_yqjC_predicted,0.1,9,9,CGTGTCACATAGGCGAAAAT,0,5204828
yqjE_yqjK_yqjD_yqjC_predicted,0.1,9,9,CGTGGCTCCCTGACTACTCC,0,5211175
yqjE_yqjK_yqjD_yqjC_predicted,0.1,9,9,CGTGCACACTGGGCAGCGCA,0,5174243
yqjE_yqjK_yqjD_yqjC_predicted,0.1,9,9,CGTCTCGAAAGAGTCGTGGC,0,5230116
yqjE_yqjK_yqjD_yqjC_predicted,0.1,9,9,CGTATCGCCATAAATGCTTC,0,5237516
yqjE_yqjK_yqjD_yqjC_predicted,0.1,9,9,CGTAGTCCCAGGTCTTCGAC,0,5249738
yqjE_yqjK_yqjD_yqjC_predicted,0.1,9,9,CGTAGATTCCGGCGTAGACT,0,5239661
yqjE_yqjK_yqjD_yqjC_predicted,0.1,9,9,CGTACTCATAGCCACCCGGA,0,5210869
yqjE_yqjK_yqjD_yqjC_predicted,0.1,9,9,CGTAAAACTGTACTGGTGAA,0,5231540
yqjE_yqjK_yqjD_yqjC_predicted,0.1,9,9,CGGTTATCTACTTTTCCGTA,0,5186480
yqjE_yqjK_yqjD_yqjC_predicted,0.1,9,9,CGGTGAGTCTTAGCAGCCAT,0,5204170
yqjE_yqjK_yqjD_yqjC_predicted,0.1,9,9,CGGTGACGAACTGGTGTAGC,0,5227832
yqjE_yqjK_yqjD_yqjC_predicted,0.1,9,9,CGGTGAAGAGCCCTGATGCA,0,5251739
yqjE_yqjK_yqjD_yqjC_predicted,0.1,9,9,CGGTAAGTCCGGGGTGCGGA,0,5241017
yqjE_yqjK_yqjD_yqjC_predicted,0.1,9,9,CGGGTTTTTATAACATCAGG,0,5261545
yqjE_yqjK_yqjD_yqjC_predicted,0.1,9,9,CGGGTGACAGACACGAAATC,0,5177299
yqjE_yqjK_yqjD_yqjC_predicted,0.1,9,9,CGGGTCGGAAATGCAGGCAA,0,5189736
yqjE_yqjK_yqjD_yqjC_predicted,0.1,9,9,CGGGGCCGCTACTATGGGCT,0,5208783
yqjE_yqjK_yqjD_yqjC_predicted,0.1,9,9,CGGCTTAAAGGACGAAAAGG,0,5251359
yqjE_yqjK_yqjD_yqjC_predicted,0.1,9,9,CGGCCGCCTTCTGGAGTAGA,0,5244529
yqjE_yqjK_yqjD_yqjC_predicted,0.1,9,9,CGGATTCTCACTGGGAACGA,0,5213555
yqjE_yqjK_yqjD_yqjC_predicted,0.1,9,9,CGGATATCGTTGTTACGCGG,0,5231066
yqjE_yqjK_yqjD_yqjC_predicted,0.1,9,9,CGGAGTGTCCACACGAGTCC,0,5222450
yqjE_yqjK_yqjD_yqjC_predicted,0.1,9,9,CGGACTGGAGACGCTGCCCA,0,5192594
yqjE_yqjK_yqjD_yqjC_predicted,0.1,9,9,CGCTTAGGTGTGTGGTGGAC,0,5201394
yqjE_yqjK_yqjD_yqjC_predicted,0.1,9,9,CGCTGTTGAGAATGGTCGCT,0,5252125
yqjE_yqjK_yqjD_yqjC_predicted,0.1,9,9,CGCTCTGGTCTTGCACTTGA,0,5251434
yqjE_yqjK_yqjD_yqjC_predicted,0.1,9,9,CGCTATCTGGCCCAAACAGT,0,5180882
yqjE_yqjK_yqjD_yqjC_predicted,0.1,9,9,CGCGGGGTGTAGCTTCACCT,0,5260124
yqjE_yqjK_yqjD_yqjC_predicted,0.1,9,9,CGCCTTACTCCAAATGGAAA,0,5193922
yqjE_yqjK_yqjD_yqjC_predicted,0.1,9,9,CGCCTGTGAGGTACTTCGCC,0,5209647
yqjE_yqjK_yqjD_yqjC_predicted,0.1,9,9,CGCCTATAGGAGCCATGAAC,0,5224091
yqjE_yqjK_yqjD_yqjC_predicted,0.1,9,9,CGCCAGTCTAGACGCCCGGT,0,5209268
yqjE_yqjK_yqjD_yqjC_predicted,0.1,9,9,CGCAGTGGCCAATCTCTCGA,0,5171797
yqjE_yqjK_yqjD_yqjC_predicted,0.1,9,9,CGATGTGCTTTGTCAGGTGC,0,5190781
yqjE_yqjK_yqjD_yqjC_predicted,0.1,9,9,CGATCGTGTAATACGAACGA,0,5179712
yqjE_yqjK_yqjD_yqjC_predicted,0.1,9,9,CGATAATATAATACATTAGT,0,5198836
yqjE_yqjK_yqjD_yqjC_predicted,0.1,9,9,CGAGTCAACGCACCTTAAGC,0,5211966
yqjE_yqjK_yqjD_yqjC_predicted,0.1,9,9,CGAGGGTGCTAGTCGCCAGG,0,5216781
yqjE_yqjK_yqjD_yqjC_predicted,0.1,9,9,CGAAGTGAATGGTCTTATGA,0,5210541
yqjE_yqjK_yqjD_yqjC_predicted,0.1,9,9,CGAAGATTGATAACGTCCAG,0,5226671
yqjE_yqjK_yqjD_yqjC_predicted,0.1,9,9,CGAACGTTCACTTTCACATA,0,5253652
yqjE_yqjK_yqjD_yqjC_predicted,0.1,9,9,CCTGGGTGTCTGTATCTTAA,0,5197962
yqjE_yqjK_yqjD_yqjC_predicted,0.1,9,9,CCTGGCTGGGATCGGGGTAA,0,5234669
yqjE_yqjK_yqjD_yqjC_predicted,0.1,9,9,CCTGGCACATCGAAGATGCA,0,5225390
yqjE_yqjK_yqjD_yqjC_predicted,0.1,9,9,CCTGAAGGGTGACAGCGCTC,0,5248469
yqjE_yqjK_yqjD_yqjC_predicted,0.1,9,9,CCTCTTCGGACCAGCATTTG,0,5253902
yqjE_yqjK_yqjD_yqjC_predicted,0.1,9,9,CCTCTTAAGGTGGATAGGGA,0,5258609
yqjE_yqjK_yqjD_yqjC_predicted,0.1,9,9,CCTCCTACGTTTCGCTAGAA,0,5250284
yqjE_yqjK_yqjD_yqjC_predicted,0.1,9,9,CCTAGTTATAGGCCCTGACT,0,5179480
yqjE_yqjK_yqjD_yqjC_predicted,0.1,9,9,CCTAGTCCGCTTCCCCAGCA,0,5254880
yqjE_yqjK_yqjD_yqjC_predicted,0.1,9,9,CCTACCGCGACTTGCAAATA,0,5176549
yqjE_yqjK_yqjD_yqjC_predicted,0.1,9,9,CCGTTTAGAAGTCAAACCTT,0,5202174
yqjE_yqjK_yqjD_yqjC_predicted,0.1,9,9,CCGTGCAACCCGTATTTTTC,0,5196191
yqjE_yqjK_yqjD_yqjC_predicted,0.1,9,9,CCGTCCGTCTCCAGCCGTGA,0,5243733
yqjE_yqjK_yqjD_yqjC_predicted,0.1,9,9,CCGGTTCCGTGTCGCGTCCC,0,5227868
yqjE_yqjK_yqjD_yqjC_predicted,0.1,9,9,CCGGTCTGTGGACTAGGTTA,0,5197722
yqjE_yqjK_yqjD_yqjC_predicted,0.1,9,9,CCGGCGACGCGTGCAACCAC,0,5193980
yqjE_yqjK_yqjD_yqjC_predicted,0.1,9,9,CCGGAAGCAATGAGAGTCTG,0,5261979
yqjE_yqjK_yqjD_yqjC_predicted,0.1,9,9,CCGCTGCCACACTACGATCT,0,5228967
yqjE_yqjK_yqjD_yqjC_predicted,0.1,9,9,CCGCGAGTTCCCTGGCTTTG,0,5212860
yqjE_yqjK_yqjD_yqjC_predicted,0.1,9,9,CCGCCTCGTTGGTCTATCAA,0,5199683
yqjE_yqjK_yqjD_yqjC_predicted,0.1,9,9,CCGATACGAGCCAGGTGTGA,0,5215630
yqjE_yqjK_yqjD_yqjC_predicted,0.1,9,9,CCGAGGGTCTCCGACCTTTT,0,5248633
yqjE_yqjK_yqjD_yqjC_predicted,0.1,9,9,CCGACCCCCAGTAGGTTCAC,0,5173698
yqjE_yqjK_yqjD_yqjC_predicted,0.1,9,9,CCGAATTCATCCACAGAAAC,0,5242607
yqjE_yqjK_yqjD_yqjC_predicted,0.1,9,9,CCCTAACGACCCATTGGTTC,0,5218560
yqjE_yqjK_yqjD_yqjC_predicted,0.1,9,9,CCCCGCTCCTTAAGAATCAA,0,5259356
yqjE_yqjK_yqjD_yqjC_predicted,0.1,9,9,CCCATGACAATTACCCCCGC,0,5206434
yqjE_yqjK_yqjD_yqjC_predicted,0.1,9,9,CCATTTGAAGCCTAATTGAG,0,5256749
yqjE_yqjK_yqjD_yqjC_predicted,0.1,9,9,CCATTAAAGGATCGCTGGTT,0,5225001
yqjE_yqjK_yqjD_yqjC_predicted,0.1,9,9,CCATCGCAATCAAGAGGTAC,0,5215658
yqjE_yqjK_yqjD_yqjC_predicted,0.1,9,9,CCAGGCACCAAATCTGGTTG,0,5259353
yqjE_yqjK_yqjD_yqjC_predicted,0.1,9,9,CCAGCCACGGGTTCGTGGCA,0,5216989
yqjE_yqjK_yqjD_yqjC_predicted,0.1,9,9,CCAGACTAGGCGAGGACTAA,0,5225175
yqjE_yqjK_yqjD_yqjC_predicted,0.1,9,9,CCAGAAGGTAGGTAGCTTGC,0,5221760
yqjE_yqjK_yqjD_yqjC_predicted,0.1,9,9,CCACCTAGAGTTAGGGAAGG,0,5244858
yqjE_yqjK_yqjD_yqjC_predicted,0.1,9,9,CCAAGGTTAGCCATGCTGTA,0,5261247
yqjE_yqjK_yqjD_yqjC_predicted,0.1,9,9,CCAAACTCACGCAGAGACCG,0,5208488
yqjE_yqjK_yqjD_yqjC_predicted,0.1,9,9,CATTCGGCGCGCCAGGTCAT,0,5243661
yqjE_yqjK_yqjD_yqjC_predicted,0.1,9,9,CATTAAGAGAAAAACATGAA,0,5253208
yqjE_yqjK_yqjD_yqjC_predicted,0.1,9,9,CATGGAGTGCTACGAGAGAC,0,5193037
yqjE_yqjK_yqjD_yqjC_predicted,0.1,9,9,CATGCGTGGCGGTATGCGCG,0,5186905
yqjE_yqjK_yqjD_yqjC_predicted,0.1,9,9,CATCACGCGAAAAGCACGAT,0,5252708
yqjE_yqjK_yqjD_yqjC_predicted,0.1,9,9,CATAGCATGCAGGTCCCGAA,0,5198451
yqjE_yqjK_yqjD_yqjC_predicted,0.1,9,9,CAGTTGTTTAACTACCCCCG,0,5176888
yqjE_yqjK_yqjD_yqjC_predicted,0.1,9,9,CAGTGCAGATGGGGTTATAT,0,5255429
yqjE_yqjK_yqjD_yqjC_predicted,0.1,9,9,CAGTGCACTAATGCAATGTT,0,5223773
yqjE_yqjK_yqjD_yqjC_predicted,0.1,9,9,CAGTCGGGCAGCGAAACGGA,0,5250456
yqjE_yqjK_yqjD_yqjC_predicted,0.1,9,9,CAGTATTGAGATGGGATTCT,0,5185517
yqjE_yqjK_yqjD_yqjC_predicted,0.1,9,9,CAGGTCCAGTCGTATCCTTT,0,5239353
yqjE_yqjK_yqjD_yqjC_predicted,0.1,9,9,CAGCGTACTGACGTTATAGT,0,5214870
yqjE_yqjK_yqjD_yqjC_predicted,0.1,9,9,CAGAATTGTCTTTTTTTGGT,0,5250422
yqjE_yqjK_yqjD_yqjC_predicted,0.1,9,9,CACTCTACCAGAAAGAACGT,0,5233624
yqjE_yqjK_yqjD_yqjC_predicted,0.1,9,9,CACTCGAGTACGTCTAGCAA,0,5211459
yqjE_yqjK_yqjD_yqjC_predicted,0.1,9,9,CACGGTTCAAGATATGCGGA,0,5176065
yqjE_yqjK_yqjD_yqjC_predicted,0.1,9,9,CACGGTATGTGCCTCTATTC,0,5217178
yqjE_yqjK_yqjD_yqjC_predicted,0.1,9,9,CACGACCATGACATCATGAT,0,5256781
yqjE_yqjK_yqjD_yqjC_predicted,0.1,9,9,CACCTAACGTAACAAAGTTT,0,5199365
yqjE_yqjK_yqjD_yqjC_predicted,0.1,9,9,CACCCACAGCTGTCTACGAT,0,5247477
yqjE_yqjK_yqjD_yqjC_predicted,0.1,9,9,CACAAGTTTAATAGCCGATA,0,5239055
yqjE_yqjK_yqjD_yqjC_predicted,0.1,9,9,CAAGGCTCAAACTCGGTTCG,0,5200872
yqjE_yqjK_yqjD_yqjC_predicted,0.1,9,9,CAAGCAATAAATCATTAACA,0,5251347
yqjE_yqjK_yqjD_yqjC_predicted,0.1,9,9,CAACACAAAGAAGTCATTCT,0,5249793
yqjE_yqjK_yqjD_yqjC_predicted,0.1,9,9,CAAACGGATTCTTCTAGGGT,0,5236581
yqjE_yqjK_yqjD_yqjC_predicted,0.1,9,9,ATTTGCTCACAAAAAGCATG,0,5248943
yqjE_yqjK_yqjD_yqjC_predicted,0.1,9,9,ATTTCGAGAATACTTAACTT,0,5209228
yqjE_yqjK_yqjD_yqjC_predicted,0.1,9,9,ATTTACTTCTGATTTCGTAC,0,5214836
yqjE_yqjK_yqjD_yqjC_predicted,0.1,9,9,ATTGTTTTACGAGTCAAAAG,0,5229564
yqjE_yqjK_yqjD_yqjC_predicted,0.1,9,9,ATTGCACCCGGATTGGCCGT,0,5242920
yqjE_yqjK_yqjD_yqjC_predicted,0.1,9,9,ATTGCACACGGCCCTACAAC,0,5206142
yqjE_yqjK_yqjD_yqjC_predicted,0.1,9,9,ATTCTTCAAGATTTAATGAT,0,5204684
yqjE_yqjK_yqjD_yqjC_predicted,0.1,9,9,ATTCTATCACACGACGTGAG,0,5202859
yqjE_yqjK_yqjD_yqjC_predicted,0.1,9,9,ATTCCGGATGTGCCATGTGT,0,5223639
yqjE_yqjK_yqjD_yqjC_predicted,0.1,9,9,ATTATTCTGTTGCGAGCACA,0,5252745
yqjE_yqjK_yqjD_yqjC_predicted,0.1,9,9,ATTATGGCCGGCTGTTCCTC,0,5209797
yqjE_yqjK_yqjD_yqjC_predicted,0.1,9,9,ATTAAAGACGCCATTTGGAT,0,5198698
yqjE_yqjK_yqjD_yqjC_predicted,0.1,9,9,ATGTTTTCCAGGTTTTTTTG,0,5250275
yqjE_yqjK_yqjD_yqjC_predicted,0.1,9,9,ATGTTACCGGTATTGGGTTC,0,5194414
yqjE_yqjK_yqjD_yqjC_predicted,0.1,9,9,ATGTGCCGGGGCACGAACGA,0,5234579
yqjE_yqjK_yqjD_yqjC_predicted,0.1,9,9,ATGTGAACATCGGCAGGTGC,0,5193472
yqjE_yqjK_yqjD_yqjC_predicted,0.1,9,9,ATGTCCGGCCGCGGCATGGG,0,5172343
yqjE_yqjK_yqjD_yqjC_predicted,0.1,9,9,ATGTATCTTCAACGTAGGAG,0,5201785
yqjE_yqjK_yqjD_yqjC_predicted,0.1,9,9,ATGGGTGGCGCACCCCTGTC,0,5211592
yqjE_yqjK_yqjD_yqjC_predicted,0.1,9,9,ATGGCCACAGCACCCGATGG,0,5205557
yqjE_yqjK_yqjD_yqjC_predicted,0.1,9,9,ATGGCAGAGGTGATCAGGAC,0,5208521
yqjE_yqjK_yqjD_yqjC_predicted,0.1,9,9,ATGAGGAGGTGTAGGATAGT,0,5173311
yqjE_yqjK_yqjD_yqjC_predicted,0.1,9,9,ATGACTCTTCCGCGATTGCT,0,5249877
yqjE_yqjK_yqjD_yqjC_predicted,0.1,9,9,ATCTAAAGCATCCTCAATTT,0,5249136
yqjE_yqjK_yqjD_yqjC_predicted,0.1,9,9,ATCGTTTCGTGGGGCATCAC,0,5236463
yqjE_yqjK_yqjD_yqjC_predicted,0.1,9,9,ATCGTCGATTAACTTACCAA,0,5219758
yqjE_yqjK_yqjD_yqjC_predicted,0.1,9,9,ATCCGTGGATGTGTGTTTGT,0,5216422
yqjE_yqjK_yqjD_yqjC_predicted,0.1,9,9,ATCCGAATGATGGCTAGTTA,0,5188385
yqjE_yqjK_yqjD_yqjC_predicted,0.1,9,9,ATCCCTATAAGAGGGTGGCT,0,5210913
yqjE_yqjK_yqjD_yqjC_predicted,0.1,9,9,ATCCACTCCCCCGTGCCCAA,0,5241972
yqjE_yqjK_yqjD_yqjC_predicted,0.1,9,9,ATCAGCGTGCGGAATGGTCA,0,5244188
yqjE_yqjK_yqjD_yqjC_predicted,0.1,9,9,ATCAGAACTCCAAGCCCAAA,0,5252373
yqjE_yqjK_yqjD_yqjC_predicted,0.1,9,9,ATAGTTGTCCCCCATAGGTC,0,5234757
yqjE_yqjK_yqjD_yqjC_predicted,0.1,9,9,ATAGTTCGAGGGCACAACTG,0,5203518
yqjE_yqjK_yqjD_yqjC_predicted,0.1,9,9,ATAGTAACCTCCCAGTTGTA,0,5211461
yqjE_yqjK_yqjD_yqjC_predicted,0.1,9,9,ATAGAGGCGTCAACTACGGG,0,5212939
yqjE_yqjK_yqjD_yqjC_predicted,0.1,9,9,ATACAGACCTCCCCTGAGTC,0,5252093
yqjE_yqjK_yqjD_yqjC_predicted,0.1,9,9,ATAATCATCGGTTGAATGTC,0,5212759
yqjE_yqjK_yqjD_yqjC_predicted,0.1,9,9,ATAACTTGCAATCGAGAGAC,0,5246958
yqjE_yqjK_yqjD_yqjC_predicted,0.1,9,9,ATAAATTGGGTGCGGATCTA,0,5205416
yqjE_yqjK_yqjD_yqjC_predicted,0.1,9,9,ATAAAGTTTCCAGCCCCTGC,0,5199938
yqjE_yqjK_yqjD_yqjC_predicted,0.1,9,9,ATAAACTTAATTTATTTCAA,0,5239726
yqjE_yqjK_yqjD_yqjC_predicted,0.1,9,9,ATAAACTGAGTGGCGGAAAA,0,5219599
yqjE_yqjK_yqjD_yqjC_predicted,0.1,9,9,ATAAACGATACCCTGGCTCC,0,5254135
yqjE_yqjK_yqjD_yqjC_predicted,0.1,9,9,AGTTAGATTTCCCCTGCTCT,0,5183712
yqjE_yqjK_yqjD_yqjC_predicted,0.1,9,9,AGTTACGTGGTTTGCTTCGG,0,5243875
yqjE_yqjK_yqjD_yqjC_predicted,0.1,9,9,AGTGTTATGTTTCCCGATGG,0,5182017
yqjE_yqjK_yqjD_yqjC_predicted,0.1,9,9,AGTGTGAGGCAAGGGCATTC,0,5177039
yqjE_yqjK_yqjD_yqjC_predicted,0.1,9,9,AGTGACAATACCCGGTCAGG,0,5237480
yqjE_yqjK_yqjD_yqjC_predicted,0.1,9,9,AGGTGGCTATAACTATAGTA,0,5204980
yqjE_yqjK_yqjD_yqjC_predicted,0.1,9,9,AGGTCTACCTGTAGCCCCTC,0,5260100
yqjE_yqjK_yqjD_yqjC_predicted,0.1,9,9,AGGTATAACGGTTCCTAATG,0,5178836
yqjE_yqjK_yqjD_yqjC_predicted,0.1,9,9,AGGGACCTCGCGGCACTGAA,0,5220257
yqjE_yqjK_yqjD_yqjC_predicted,0.1,9,9,AGGCTACGACTAGCCTTTCG,0,5196914
yqjE_yqjK_yqjD_yqjC_predicted,0.1,9,9,AGGCGCAGCCCACGGGATGT,0,5261449
yqjE_yqjK_yqjD_yqjC_predicted,0.1,9,9,AGGCCGCGCTCTTCACGCTG,0,5261450
yqjE_yqjK_yqjD_yqjC_predicted,0.1,9,9,AGGCAGCTAGTTCATTTGTT,0,5229210
yqjE_yqjK_yqjD_yqjC_predicted,0.1,9,9,AGGCAGCCTCCGTCTGTGTT,0,5175642
yqjE_yqjK_yqjD_yqjC_predicted,0.1,9,9,AGGCACGAAGCGCTAATGAA,0,5243819
yqjE_yqjK_yqjD_yqjC_predicted,0.1,9,9,AGGCAATTAGCGATTATCAT,0,5252797
yqjE_yqjK_yqjD_yqjC_predicted,0.1,9,9,AGGATCGCAACATTCCGCGA,0,5232181
yqjE_yqjK_yqjD_yqjC_predicted,0.1,9,9,AGGATCAAGTCAATATAGCT,0,5175120
yqjE_yqjK_yqjD_yqjC_predicted,0.1,9,9,AGGATAAGCGTTAATTTACC,0,5250484
yqjE_yqjK_yqjD_yqjC_predicted,0.1,9,9,AGCTCACCTATAACGGACTA,0,5225613
yqjE_yqjK_yqjD_yqjC_predicted,0.1,9,9,AGCGTTATACAGACTGACGA,0,5260813
yqjE_yqjK_yqjD_yqjC_predicted,0.1,9,9,AGCGTGTATCCGCATCGTTA,0,5232011
yqjE_yqjK_yqjD_yqjC_predicted,0.1,9,9,AGCGTCAGCTGGTCGGTTCT,0,5240449
yqjE_yqjK_yqjD_yqjC_predicted,0.1,9,9,AGCGCACTTTTGATCCCGTT,0,5239083
yqjE_yqjK_yqjD_yqjC_predicted,0.1,9,9,AGCCTGCTGCCATGATAGTT,0,5241051
yqjE_yqjK_yqjD_yqjC_predicted,0.1,9,9,AGCCGCGAAAAATATCGGAC,0,5207240
yqjE_yqjK_yqjD_yqjC_predicted,0.1,9,9,AGCCCTAGCCCCCGAAGGAG,0,5249366
yqjE_yqjK_yqjD_yqjC_predicted,0.1,9,9,AGCATGGGCACATCTCCGTC,0,5184341
yqjE_yqjK_yqjD_yqjC_predicted,0.1,9,9,AGCAGTTTGTGGCGATTCCG,0,5205082
yqjE_yqjK_yqjD_yqjC_predicted,0.1,9,9,AGCAATGTAAAGCATACGAT,0,5228527
yqjE_yqjK_yqjD_yqjC_predicted,0.1,9,9,AGATGAAAGAGATTTACCGT,0,5214495
yqjE_yqjK_yqjD_yqjC_predicted,0.1,9,9,AGATCGCGCAATTCAAGCAT,0,5239081
yqjE_yqjK_yqjD_yqjC_predicted,0.1,9,9,AGAGCGGCGGCTGAAACCAC,0,5239810
yqjE_yqjK_yqjD_yqjC_predicted,0.1,9,9,AGACTTTCTAAACCCACAGT,0,5191876
yqjE_yqjK_yqjD_yqjC_predicted,0.1,9,9,AGACGTCCGGTATTTAGAGG,0,5181887
yqjE_yqjK_yqjD_yqjC_predicted,0.1,9,9,AGACGGGATTGTAGCATTCA,0,5213859
yqjE_yqjK_yqjD_yqjC_predicted,0.1,9,9,AGACACGGTGGACTAGCGCT,0,5194864
yqjE_yqjK_yqjD_yqjC_predicted,0.1,9,9,ACTTTCAACGTCGTTACACA,0,5189814
yqjE_yqjK_yqjD_yqjC_predicted,0.1,9,9,ACTGCGTAGACTCATGTTTA,0,5212384
yqjE_yqjK_yqjD_yqjC_predicted,0.1,9,9,ACTCTTAAATGAATTTGACA,0,5231213
yqjE_yqjK_yqjD_yqjC_predicted,0.1,9,9,ACTCCAAAGGAGACTGCGTA,0,5252329
yqjE_yqjK_yqjD_yqjC_predicted,0.1,9,9,ACTATTGAGGAGGTTGGCAT,0,5215221
yqjE_yqjK_yqjD_yqjC_predicted,0.1,9,9,ACTATACAACGGGCATTACC,0,5237950
yqjE_yqjK_yqjD_yqjC_predicted,0.1,9,9,ACGTTGCTGAAAGGGGCGTA,0,5223328
yqjE_yqjK_yqjD_yqjC_predicted,0.1,9,9,ACGGGACAGACACCAAAAGT,0,5200363
yqjE_yqjK_yqjD_yqjC_predicted,0.1,9,9,ACGGCTACCCCCACACCGAA,0,5202312
yqjE_yqjK_yqjD_yqjC_predicted,0.1,9,9,ACGGCCTTGTGCACCACAGC,0,5216620
yqjE_yqjK_yqjD_yqjC_predicted,0.1,9,9,ACGCTATCCTGCTGGCCCAG,0,5178657
yqjE_yqjK_yqjD_yqjC_predicted,0.1,9,9,ACGCGTACCAAACGATAGGA,0,5215201
yqjE_yqjK_yqjD_yqjC_predicted,0.1,9,9,ACGCGGAGAAGTGTGCGCCG,0,5185282
yqjE_yqjK_yqjD_yqjC_predicted,0.1,9,9,ACGATGCTCTGCGAGTTAGC,0,5204269
yqjE_yqjK_yqjD_yqjC_predicted,0.1,9,9,ACGAGCTACCTGGCATGGAA,0,5249176
yqjE_yqjK_yqjD_yqjC_predicted,0.1,9,9,ACGACTTCCACGTCATAGGT,0,5214600
yqjE_yqjK_yqjD_yqjC_predicted,0.1,9,9,ACCTTAGACGCATGGGTGAG,0,5251295
yqjE_yqjK_yqjD_yqjC_predicted,0.1,9,9,ACCTCCAGCTTTCGCCCTCT,0,5234548
yqjE_yqjK_yqjD_yqjC_predicted,0.1,9,9,ACCGTGCTCCCTCTGCACAC,0,5260730
yqjE_yqjK_yqjD_yqjC_predicted,0.1,9,9,ACCGGCGGACACGCGGGAGG,0,5171633
yqjE_yqjK_yqjD_yqjC_predicted,0.1,9,9,ACCGAGCGGGTGGTCCCTCC,0,5248579
yqjE_yqjK_yqjD_yqjC_predicted,0.1,9,9,ACCCTGCCATGTGTAGGTAT,0,5262320
yqjE_yqjK_yqjD_yqjC_predicted,0.1,9,9,ACATCTTATCGTGAGTCGGA,0,5235785
yqjE_yqjK_yqjD_yqjC_predicted,0.1,9,9,ACATCTGACAACGGTCCTAT,0,5203033
yqjE_yqjK_yqjD_yqjC_predicted,0.1,9,9,ACATCATTGGGACGATCCCA,0,5188011
yqjE_yqjK_yqjD_yqjC_predicted,0.1,9,9,ACATAGGCACTACTGAACTA,0,5218347
yqjE_yqjK_yqjD_yqjC_predicted,0.1,9,9,ACACTTATGGCTCCGAGTGA,0,5241442
yqjE_yqjK_yqjD_yqjC_predicted,0.1,9,9,ACACCTAGTCTTTCTGGAGA,0,5242866
yqjE_yqjK_yqjD_yqjC_predicted,0.1,9,9,ACACCCCCAGTTATTCGAAT,0,5175649
yqjE_yqjK_yqjD_yqjC_predicted,0.1,9,9,ACACAGCCCACCGCGCCCGA,0,5240514
yqjE_yqjK_yqjD_yqjC_predicted,0.1,9,9,ACAAGGTAAGTAACTTGAGG,0,5228719
yqjE_yqjK_yqjD_yqjC_predicted,0.1,9,9,ACAAAACAGGTAGCGATTGT,0,5209710
yqjE_yqjK_yqjD_yqjC_predicted,0.1,9,9,AATTCGCAAGTAATTCGAAA,0,5196317
yqjE_yqjK_yqjD_yqjC_predicted,0.1,9,9,AATGTGATGGACCGCGATTT,0,5225945
yqjE_yqjK_yqjD_yqjC_predicted,0.1,9,9,AATGGTTGACCTATGGCATG,0,5246956
yqjE_yqjK_yqjD_yqjC_predicted,0.1,9,9,AATGCGCGATTTTCGGAGTA,0,5204612
yqjE_yqjK_yqjD_yqjC_predicted,0.1,9,9,AATAGTGGCAGACATTTATC,0,5221941
yqjE_yqjK_yqjD_yqjC_predicted,0.1,9,9,AAGTGCCTGCGCGTAACCGA,0,5259340
yqjE_yqjK_yqjD_yqjC_predicted,0.1,9,9,AAGTCCTGCCCTCCACTGTC,0,5198477
yqjE_yqjK_yqjD_yqjC_predicted,0.1,9,9,AAGTCCCACATGGACGTCAT,0,5258464
yqjE_yqjK_yqjD_yqjC_predicted,0.1,9,9,AAGGATACGGTTTCTTACAT,0,5239454
yqjE_yqjK_yqjD_yqjC_predicted,0.1,9,9,AAGCTTTTAACAACGAGGAT,0,5257110
yqjE_yqjK_yqjD_yqjC_predicted,0.1,9,9,AAGACCAGGCTAGCACCCTC,0,5257538
yqjE_yqjK_yqjD_yqjC_predicted,0.1,9,9,AACTTGGAAGCAGTTGCCTA,0,5173649
yqjE_yqjK_yqjD_yqjC_predicted,0.1,9,9,AACTCCTGCCGAACAGCGGG,0,5232204
yqjE_yqjK_yqjD_yqjC_predicted,0.1,9,9,AACTACCAACTGACCGGCCC,0,5202928
yqjE_yqjK_yqjD_yqjC_predicted,0.1,9,9,AACGTGGAAGGTCACGATGT,0,5235148
yqjE_yqjK_yqjD_yqjC_predicted,0.1,9,9,AACGCGTTGGTCAAACTTGG,0,5240831
yqjE_yqjK_yqjD_yqjC_predicted,0.1,9,9,AACGCGCGGTCCCTAACATT,0,5205667
yqjE_yqjK_yqjD_yqjC_predicted,0.1,9,9,AACGAGAAGTGGTGTATGAC,0,5186957
yqjE_yqjK_yqjD_yqjC_predicted,0.1,9,9,AACCGAACTCGATGAAGCTG,0,5248617
yqjE_yqjK_yqjD_yqjC_predicted,0.1,9,9,AACCCCGGGTTGGAGGTATA,0,5258419
yqjE_yqjK_yqjD_yqjC_predicted,0.1,9,9,AACAACGCGTTGCAAATTAA,0,5175738
yqjE_yqjK_yqjD_yqjC_predicted,0.1,9,9,AAAGCATAGTAGGCGGGGTC,0,5221225
yqjE_yqjK_yqjD_yqjC_predicted,0.1,9,9,AAAGACACGAAAATCCTAGT,0,5209689
yqjE_yqjK_yqjD_yqjC_predicted,0.1,9,9,AAACTCGATAGGGCCGTACA,0,5206665
yqjE_yqjK_yqjD_yqjC_predicted,0.1,9,9,AAACGAGTGGCTCTGTGGGT,0,5196164
yqjE_yqjK_yqjD_yqjC_predicted,0.1,9,9,AAACCCTCACAACGTGTTTA,0,5239631
yqjE_yqjK_yqjD_yqjC_predicted,0.1,9,9,AAACATTTAGTCAAGTCGAT,0,5235619
yqjE_yqjK_yqjD_yqjC_predicted,0.1,9,9,AAACATGACCGCCCCCACTC,0,5201160
yqjE_yqjK_yqjD_yqjC_predicted,0.1,9,9,AAAATCGAAGCCTTATGACA,0,5172490
yqjE_yqjK_yqjD_yqjC_predicted,0.1111111111111111,8,8,TTTTGCCTAACCTTCCTCAT,0,5238507
yqjE_yqjK_yqjD_yqjC_predicted,0.1111111111111111,8,8,TTTTCCGAGATCGGGATAGA,0,5242986
yqjE_yqjK_yqjD_yqjC_predicted,0.1111111111111111,8,8,TTTGCTCAGGACCCCACCTA,0,5196386
yqjE_yqjK_yqjD_yqjC_predicted,0.1111111111111111,8,8,TTTGCCTTAACGGGCCAGAT,0,5247807
yqjE_yqjK_yqjD_yqjC_predicted,0.1111111111111111,8,8,TTTGCACTGCAGAGAGCTAC,0,5229924
yqjE_yqjK_yqjD_yqjC_predicted,0.1111111111111111,8,8,TTTCCTGTGGGTGTACAAAC,0,5209767
yqjE_yqjK_yqjD_yqjC_predicted,0.1111111111111111,8,8,TTTCAAAGCCGTCGTTATAC,0,5184774
yqjE_yqjK_yqjD_yqjC_predicted,0.1111111111111111,8,8,TTTAGCCGACGCGAGCCCCT,0,5175235
yqjE_yqjK_yqjD_yqjC_predicted,0.1111111111111111,8,8,TTGTTCAGTTCATCGGGCCA,0,5252112
yqjE_yqjK_yqjD_yqjC_predicted,0.1111111111111111,8,8,TTGTGTGGAGGTCATAATGG,0,5201429
yqjE_yqjK_yqjD_yqjC_predicted,0.1111111111111111,8,8,TTGTCCTCGTCAATGGGAAT,0,5257622
yqjE_yqjK_yqjD_yqjC_predicted,0.1111111111111111,8,8,TTGGTCCGGAGTGCGCTCTA,0,5244047
yqjE_yqjK_yqjD_yqjC_predicted,0.1111111111111111,8,8,TTGGGTGCTCAAGGTTGCCT,0,5197773
yqjE_yqjK_yqjD_yqjC_predicted,0.1111111111111111,8,8,TTGGCATCGACGGTTCGACT,0,5257154
yqjE_yqjK_yqjD_yqjC_predicted,0.1111111111111111,8,8,TTGAGCTCCGCAAGACAAGT,0,5188642
yqjE_yqjK_yqjD_yqjC_predicted,0.1111111111111111,8,8,TTGAAGACCTTGTTATTGCT,0,5185904
yqjE_yqjK_yqjD_yqjC_predicted,0.1111111111111111,8,8,TTCTGCTCGCTCGTGTATGC,0,5221551
yqjE_yqjK_yqjD_yqjC_predicted,0.1111111111111111,8,8,TTCTGCGAATTACCAAGCCT,0,5194938
yqjE_yqjK_yqjD_yqjC_predicted,0.1111111111111111,8,8,TTCTCGTATCACCAGGGGAC,0,5223144
yqjE_yqjK_yqjD_yqjC_predicted,0.1111111111111111,8,8,TTCCTTCGGACTTCCACGGA,0,5252699
yqjE_yqjK_yqjD_yqjC_predicted,0.1111111111111111,8,8,TTCCTCTATGGTCTATGTGC,0,5235226
yqjE_yqjK_yqjD_yqjC_predicted,0.1111111111111111,8,8,TTCCCTCTTCTCCGGGGGAC,0,5189803
yqjE_yqjK_yqjD_yqjC_predicted,0.1111111111111111,8,8,TTCCCACTGGAGATACCTAT,0,5227282
yqjE_yqjK_yqjD_yqjC_predicted,0.1111111111111111,8,8,TTCATAGATTCCTGTTGATG,0,5231317
yqjE_yqjK_yqjD_yqjC_predicted,0.1111111111111111,8,8,TTCAGCCAGTTGTAGGGACG,0,5225233
yqjE_yqjK_yqjD_yqjC_predicted,0.1111111111111111,8,8,TTCACGCGGCGTTGGTGGTT,0,5218043
yqjE_yqjK_yqjD_yqjC_predicted,0.1111111111111111,8,8,TTCACGAGCGAAACGTCGAA,0,5232188
yqjE_yqjK_yqjD_yqjC_predicted,0.1111111111111111,8,8,TTCACCGAGAACTAGCGATC,0,5228692
yqjE_yqjK_yqjD_yqjC_predicted,0.1111111111111111,8,8,TTCAAGCATCAAGGGCCAGG,0,5255374
yqjE_yqjK_yqjD_yqjC_predicted,0.1111111111111111,8,8,TTCAACGTGAATTGTCTGGA,0,5214356
yqjE_yqjK_yqjD_yqjC_predicted,0.1111111111111111,8,8,TTCAAACGGATGTGCGTGGT,0,5235088
yqjE_yqjK_yqjD_yqjC_predicted,0.1111111111111111,8,8,TTATGCATCTAGGCCACTTA,0,5211680
yqjE_yqjK_yqjD_yqjC_predicted,0.1111111111111111,8,8,TTATAGTAAAGCAATGAGCA,0,5257004
yqjE_yqjK_yqjD_yqjC_predicted,0.1111111111111111,8,8,TTATAGGGATTCTTCAAGCA,0,5261507
yqjE_yqjK_yqjD_yqjC_predicted,0.1111111111111111,8,8,TTAGTTTCGTACGAGATGCC,0,5232299
yqjE_yqjK_yqjD_yqjC_predicted,0.1111111111111111,8,8,TTAGTGGCTTTGCAATACAG,0,5181318
yqjE_yqjK_yqjD_yqjC_predicted,0.1111111111111111,8,8,TTAGTAGGTGACTACCCAGG,0,5199643
yqjE_yqjK_yqjD_yqjC_predicted,0.1111111111111111,8,8,TTACGTACACGTGCGTACGC,0,5239087
yqjE_yqjK_yqjD_yqjC_predicted,0.1111111111111111,8,8,TTACGGCACCCTCACATGGC,0,5214399
yqjE_yqjK_yqjD_yqjC_predicted,0.1111111111111111,8,8,TTAATGGAAAAAGGGCGAGT,0,5209730
yqjE_yqjK_yqjD_yqjC_predicted,0.1111111111111111,8,8,TTAAGCATTGTCTTCCCGGA,0,5205724
yqjE_yqjK_yqjD_yqjC_predicted,0.1111111111111111,8,8,TTAAAAAGTCCAAGGTCCAA,0,5211319
yqjE_yqjK_yqjD_yqjC_predicted,0.1111111111111111,8,8,TGTTGTGTTCGGCCAAGCTG,0,5236332
yqjE_yqjK_yqjD_yqjC_predicted,0.1111111111111111,8,8,TGTTGGAAGGCGACCACGTC,0,5236448
yqjE_yqjK_yqjD_yqjC_predicted,0.1111111111111111,8,8,TGTTGCCTCCTGTTTACGGG,0,5257850
yqjE_yqjK_yqjD_yqjC_predicted,0.1111111111111111,8,8,TGTTCGCCGCGCCCGGAGCT,0,5242190
yqjE_yqjK_yqjD_yqjC_predicted,0.1111111111111111,8,8,TGTTATATATATCAGGATTA,0,5252275
yqjE_yqjK_yqjD_yqjC_predicted,0.1111111111111111,8,8,TGTGTATGTATTCACGTTAG,0,5175897
yqjE_yqjK_yqjD_yqjC_predicted,0.1111111111111111,8,8,TGTGGATGTAGTTGGAGAGC,0,5207767
yqjE_yqjK_yqjD_yqjC_predicted,0.1111111111111111,8,8,TGTGAATGGTGAAACTAAGT,0,5251839
yqjE_yqjK_yqjD_yqjC_predicted,0.1111111111111111,8,8,TGTCTGTACAGAGCGCCAAG,0,5177024
yqjE_yqjK_yqjD_yqjC_predicted,0.1111111111111111,8,8,TGTCACTTGTGAAAAGATCG,0,5259468
yqjE_yqjK_yqjD_yqjC_predicted,0.1111111111111111,8,8,TGTAGGAATACTCACAATTA,0,5258529
yqjE_yqjK_yqjD_yqjC_predicted,0.1111111111111111,8,8,TGTAACCTACGCGGGTGGAC,0,5237718
yqjE_yqjK_yqjD_yqjC_predicted,0.1111111111111111,8,8,TGGTACGGACGAGCAACCTT,0,5187762
yqjE_yqjK_yqjD_yqjC_predicted,0.1111111111111111,8,8,TGGGTGATACTCTGGTGGTA,0,5214523
yqjE_yqjK_yqjD_yqjC_predicted,0.1111111111111111,8,8,TGGCTACTTTTAGTCGAGTT,0,5201138
yqjE_yqjK_yqjD_yqjC_predicted,0.1111111111111111,8,8,TGGAAGGATTTCTCACAAAG,0,5171453
yqjE_yqjK_yqjD_yqjC_predicted,0.1111111111111111,8,8,TGCGTCGTATCACTCAGGCA,0,5218502
yqjE_yqjK_yqjD_yqjC_predicted,0.1111111111111111,8,8,TGCGCCGAACCTGTATACGT,0,5213082
yqjE_yqjK_yqjD_yqjC_predicted,0.1111111111111111,8,8,TGCGCATGTCTGAATAATTT,0,5236227
yqjE_yqjK_yqjD_yqjC_predicted,0.1111111111111111,8,8,TGCCTTTAGGTTCACTCTTT,0,5259028
yqjE_yqjK_yqjD_yqjC_predicted,0.1111111111111111,8,8,TGCCCGCAGAGGGTCTAATC,0,5197837
yqjE_yqjK_yqjD_yqjC_predicted,0.1111111111111111,8,8,TGCCAGAGGGGCGTGGGATA,0,5221891
yqjE_yqjK_yqjD_yqjC_predicted,0.1111111111111111,8,8,TGCATCGAACCTTATGCGAG,0,5198968
yqjE_yqjK_yqjD_yqjC_predicted,0.1111111111111111,8,8,TGCACGGCAAACAGGTGTTT,0,5258583
yqjE_yqjK_yqjD_yqjC_predicted,0.1111111111111111,8,8,TGATTTCAGTCTCTCGGTTA,0,5234491
yqjE_yqjK_yqjD_yqjC_predicted,0.1111111111111111,8,8,TGATTAGACCTCCTTTGGCT,0,5194886
yqjE_yqjK_yqjD_yqjC_predicted,0.1111111111111111,8,8,TGATAACGTTTTGATTTAAA,0,5203875
yqjE_yqjK_yqjD_yqjC_predicted,0.1111111111111111,8,8,TGAGTTGTAGGCGGCGACAG,0,5218053
yqjE_yqjK_yqjD_yqjC_predicted,0.1111111111111111,8,8,TGAGGCACGAAACTCACACG,0,5206075
yqjE_yqjK_yqjD_yqjC_predicted,0.1111111111111111,8,8,TGACTGAATACGGCACTCCC,0,5198633
yqjE_yqjK_yqjD_yqjC_predicted,0.1111111111111111,8,8,TGACGTCACGTCCTAGCAGT,0,5225899
yqjE_yqjK_yqjD_yqjC_predicted,0.1111111111111111,8,8,TGACGACAATAGAGGAGCCT,0,5228092
yqjE_yqjK_yqjD_yqjC_predicted,0.1111111111111111,8,8,TGAATTGTAACAGCTCTGGG,0,5226842
yqjE_yqjK_yqjD_yqjC_predicted,0.1111111111111111,8,8,TGAACCACGGTGAGACCGCA,0,5251051
yqjE_yqjK_yqjD_yqjC_predicted,0.1111111111111111,8,8,TGAAATCGTGAGGGGGCCAT,0,5249271
yqjE_yqjK_yqjD_yqjC_predicted,0.1111111111111111,8,8,TCTTTTAGTGTTTCGATCCA,0,5250173
yqjE_yqjK_yqjD_yqjC_predicted,0.1111111111111111,8,8,TCTTGGCTGCCACGTTGCGT,0,5225083
yqjE_yqjK_yqjD_yqjC_predicted,0.1111111111111111,8,8,TCTTCAGCGAACCCAAACGG,0,5221149
yqjE_yqjK_yqjD_yqjC_predicted,0.1111111111111111,8,8,TCTTATCAATCATTCTGGGG,0,5215560
yqjE_yqjK_yqjD_yqjC_predicted,0.1111111111111111,8,8,TCTTACTACGTTACTACGTT,0,5193629
yqjE_yqjK_yqjD_yqjC_predicted,0.1111111111111111,8,8,TCTTAAGGCGCACAGAAACC,0,5226808
yqjE_yqjK_yqjD_yqjC_predicted,0.1111111111111111,8,8,TCTGATGGTGTGGTTTGTAT,0,5253868
yqjE_yqjK_yqjD_yqjC_predicted,0.1111111111111111,8,8,TCTGAGCGCCGAACATGGAA,0,5252052
yqjE_yqjK_yqjD_yqjC_predicted,0.1111111111111111,8,8,TCTCGTTCGCATCGGTCCCT,0,5230496
yqjE_yqjK_yqjD_yqjC_predicted,0.1111111111111111,8,8,TCTCGCCGGGTATACGCGGA,0,5256243
yqjE_yqjK_yqjD_yqjC_predicted,0.1111111111111111,8,8,TCTCGAGTGGCGTATGATCA,0,5230666
yqjE_yqjK_yqjD_yqjC_predicted,0.1111111111111111,8,8,TCTCAGGGACGTTCTTTCGC,0,5226677
yqjE_yqjK_yqjD_yqjC_predicted,0.1111111111111111,8,8,TCTATCCATCATGTGGAAAA,0,5258465
yqjE_yqjK_yqjD_yqjC_predicted,0.1111111111111111,8,8,TCGTAAAGATGCAGCATACG,0,5215032
yqjE_yqjK_yqjD_yqjC_predicted,0.1111111111111111,8,8,TCGGTTGTGTAAGTCTTAAT,0,5253993
yqjE_yqjK_yqjD_yqjC_predicted,0.1111111111111111,8,8,TCGGTCCTTTCGGGATTACG,0,5210561
yqjE_yqjK_yqjD_yqjC_predicted,0.1111111111111111,8,8,TCGGGGGTATAAACCGGTAG,0,5261278
yqjE_yqjK_yqjD_yqjC_predicted,0.1111111111111111,8,8,TCGGGATCATAAAGATCTTG,0,5197186
yqjE_yqjK_yqjD_yqjC_predicted,0.1111111111111111,8,8,TCGGCCGCAGGGAGACGCGA,0,5198971
yqjE_yqjK_yqjD_yqjC_predicted,0.1111111111111111,8,8,TCGGAGCATCTGTCCGAACT,0,5178699
yqjE_yqjK_yqjD_yqjC_predicted,0.1111111111111111,8,8,TCGGAAGTGCTGTCATCCCT,0,5187057
yqjE_yqjK_yqjD_yqjC_predicted,0.1111111111111111,8,8,TCGCATTCACCGCATGACGT,0,5182319
yqjE_yqjK_yqjD_yqjC_predicted,0.1111111111111111,8,8,TCGCAGCGGCGATCCGAAGT,0,5205659
yqjE_yqjK_yqjD_yqjC_predicted,0.1111111111111111,8,8,TCGCAATTACCTTTCACGAT,0,5253095
yqjE_yqjK_yqjD_yqjC_predicted,0.1111111111111111,8,8,TCGATTAGGTTTTCTCGAGT,0,5190122
yqjE_yqjK_yqjD_yqjC_predicted,0.1111111111111111,8,8,TCGAGTGAAACTGGGCAGAA,0,5208289
yqjE_yqjK_yqjD_yqjC_predicted,0.1111111111111111,8,8,TCGAGCCAGATACGTTTCTG,0,5171653
yqjE_yqjK_yqjD_yqjC_predicted,0.1111111111111111,8,8,TCGACGGAGGACGGACATCA,0,5189525
yqjE_yqjK_yqjD_yqjC_predicted,0.1111111111111111,8,8,TCGACAGGAGTCCTCACGTA,0,5200574
yqjE_yqjK_yqjD_yqjC_predicted,0.1111111111111111,8,8,TCGAATATCATGTGCAAAAA,0,5173187
yqjE_yqjK_yqjD_yqjC_predicted,0.1111111111111111,8,8,TCCTTACGACCAGAGCAGTA,0,5194966
yqjE_yqjK_yqjD_yqjC_predicted,0.1111111111111111,8,8,TCCGGGTATGTTCGTAGTGA,0,5238964
yqjE_yqjK_yqjD_yqjC_predicted,0.1111111111111111,8,8,TCCGCGGTGGACCAAGTTAC,0,5196588
yqjE_yqjK_yqjD_yqjC_predicted,0.1111111111111111,8,8,TCCCTCTTTTAAGTTGCACT,0,5248737
yqjE_yqjK_yqjD_yqjC_predicted,0.1111111111111111,8,8,TCCCCGCGGGGCAACATAAC,0,5258980
yqjE_yqjK_yqjD_yqjC_predicted,0.1111111111111111,8,8,TCCCCGATTAGAATTACTGT,0,5229898
yqjE_yqjK_yqjD_yqjC_predicted,0.1111111111111111,8,8,TCATTTTATCGATGGATTGT,0,5187851
yqjE_yqjK_yqjD_yqjC_predicted,0.1111111111111111,8,8,TCATGGATTACACGCCCAGT,0,5181892
yqjE_yqjK_yqjD_yqjC_predicted,0.1111111111111111,8,8,TCAGACCTTTAGTCATTCGT,0,5229682
yqjE_yqjK_yqjD_yqjC_predicted,0.1111111111111111,8,8,TCACTGTATTGGACGCTTAT,0,5238302
yqjE_yqjK_yqjD_yqjC_predicted,0.1111111111111111,8,8,TCAAATTACGCCCTAACGAG,0,5207426
yqjE_yqjK_yqjD_yqjC_predicted,0.1111111111111111,8,8,TCAAAACATAGCTACAAGAT,0,5253175
yqjE_yqjK_yqjD_yqjC_predicted,0.1111111111111111,8,8,TATTCTATTTCTGACTCCGA,0,5178697
yqjE_yqjK_yqjD_yqjC_predicted,0.1111111111111111,8,8,TATTACCATAAGTGCATTAG,0,5195128
yqjE_yqjK_yqjD_yqjC_predicted,0.1111111111111111,8,8,TATGTCGGATTCAACATGGT,0,5260161
yqjE_yqjK_yqjD_yqjC_predicted,0.1111111111111111,8,8,TATGGCTACACCTTGATACA,0,5235718
yqjE_yqjK_yqjD_yqjC_predicted,0.1111111111111111,8,8,TATGGATGAAATCCTAGATC,0,5178607
yqjE_yqjK_yqjD_yqjC_predicted,0.1111111111111111,8,8,TATGCCTTGTGTAGAGGAGT,0,5203972
yqjE_yqjK_yqjD_yqjC_predicted,0.1111111111111111,8,8,TATGAGGTCCTTGAGGATTA,0,5189939
yqjE_yqjK_yqjD_yqjC_predicted,0.1111111111111111,8,8,TATCTTTGTATCTCGGTGTT,0,5260811
yqjE_yqjK_yqjD_yqjC_predicted,0.1111111111111111,8,8,TATCCCTACAGCCGCTGGCT,0,5236187
yqjE_yqjK_yqjD_yqjC_predicted,0.1111111111111111,8,8,TATCATAGGTCACTGATGTA,0,5182754
yqjE_yqjK_yqjD_yqjC_predicted,0.1111111111111111,8,8,TATAAGACCAAGACTTTAAT,0,5238386
yqjE_yqjK_yqjD_yqjC_predicted,0.1111111111111111,8,8,TATAAACTACCTAGGGAGCC,0,5196898
yqjE_yqjK_yqjD_yqjC_predicted,0.1111111111111111,8,8,TAGGGAGGCAGGGCACTCGC,0,5254884
yqjE_yqjK_yqjD_yqjC_predicted,0.1111111111111111,8,8,TAGGCTGAGCTATTGGGGTT,0,5230358
yqjE_yqjK_yqjD_yqjC_predicted,0.1111111111111111,8,8,TAGGCGCATGGAGCCTCTGA,0,5221763
yqjE_yqjK_yqjD_yqjC_predicted,0.1111111111111111,8,8,TAGGAAGGTTGGCTATCCAT,0,5195156
yqjE_yqjK_yqjD_yqjC_predicted,0.1111111111111111,8,8,TAGGAAGACGCTCACAAATG,0,5210390
yqjE_yqjK_yqjD_yqjC_predicted,0.1111111111111111,8,8,TAGCTTGAGTAGCAGTAAAT,0,5202447
yqjE_yqjK_yqjD_yqjC_predicted,0.1111111111111111,8,8,TAGCTGCCTGTGCTCACCAC,0,5231775
yqjE_yqjK_yqjD_yqjC_predicted,0.1111111111111111,8,8,TAGCTATGGGGGATCATTTT,0,5177308
yqjE_yqjK_yqjD_yqjC_predicted,0.1111111111111111,8,8,TAGCCCTTTAACCTGCTAGC,0,5181739
yqjE_yqjK_yqjD_yqjC_predicted,0.1111111111111111,8,8,TAGCAGGTGAGTAACTAGGT,0,5181562
yqjE_yqjK_yqjD_yqjC_predicted,0.1111111111111111,8,8,TAGATGAGAGCGACCTTTTA,0,5178337
yqjE_yqjK_yqjD_yqjC_predicted,0.1111111111111111,8,8,TACTCGGCAGATCGGGGAAG,0,5199538
yqjE_yqjK_yqjD_yqjC_predicted,0.1111111111111111,8,8,TACTCAAGAGCTAACAGAGC,0,5208939
yqjE_yqjK_yqjD_yqjC_predicted,0.1111111111111111,8,8,TACGTGTTTAGCAAGTAGCC,0,5258610
yqjE_yqjK_yqjD_yqjC_predicted,0.1111111111111111,8,8,TACGAATCCGGGGTGTGGTT,0,5249797
yqjE_yqjK_yqjD_yqjC_predicted,0.1111111111111111,8,8,TACCAGATAATATTCGGGAT,0,5213261
yqjE_yqjK_yqjD_yqjC_predicted,0.1111111111111111,8,8,TACATTGCGTAGTCCGTTCG,0,5222710
yqjE_yqjK_yqjD_yqjC_predicted,0.1111111111111111,8,8,TACAGAGGGCCAGGATGTAG,0,5237218
yqjE_yqjK_yqjD_yqjC_predicted,0.1111111111111111,8,8,TACACTGAGTATCGCCTTCA,0,5231251
yqjE_yqjK_yqjD_yqjC_predicted,0.1111111111111111,8,8,TAATTATGGCAGCCTACGTG,0,5201993
yqjE_yqjK_yqjD_yqjC_predicted,0.1111111111111111,8,8,TAATTATGCACAGGAGTGTC,0,5219589
yqjE_yqjK_yqjD_yqjC_predicted,0.1111111111111111,8,8,TAATGACTCTGACGTCTGAC,0,5219936
yqjE_yqjK_yqjD_yqjC_predicted,0.1111111111111111,8,8,TAATATTACTCAAGGCCCTT,0,5191287
yqjE_yqjK_yqjD_yqjC_predicted,0.1111111111111111,8,8,TAAGTCACGAATGATCCGGG,0,5256016
yqjE_yqjK_yqjD_yqjC_predicted,0.1111111111111111,8,8,TAAGGGGACGCAGCCTCAAG,0,5174247
yqjE_yqjK_yqjD_yqjC_predicted,0.1111111111111111,8,8,TAACCGCATGCGAGGGATCT,0,5188142
yqjE_yqjK_yqjD_yqjC_predicted,0.1111111111111111,8,8,TAAAGGGCCGCGACTTTACC,0,5224368
yqjE_yqjK_yqjD_yqjC_predicted,0.1111111111111111,8,8,TAAAGCTGGCATCGGCTCGT,0,5228928
yqjE_yqjK_yqjD_yqjC_predicted,0.1111111111111111,8,8,GTTTTCTATGTAGGGTCATC,0,5178833
yqjE_yqjK_yqjD_yqjC_predicted,0.1111111111111111,8,8,GTTTGCGGGGGGCGGTGATA,0,5253567
yqjE_yqjK_yqjD_yqjC_predicted,0.1111111111111111,8,8,GTTTACGGCCCGCGCATCCA,0,5175644
yqjE_yqjK_yqjD_yqjC_predicted,0.1111111111111111,8,8,GTTTACAGAGTTATTGCTAC,0,5231661
yqjE_yqjK_yqjD_yqjC_predicted,0.1111111111111111,8,8,GTTGTTGAGCTACTATGAGG,0,5172235
yqjE_yqjK_yqjD_yqjC_predicted,0.1111111111111111,8,8,GTTGGCAGTGTTTACAGTCT,0,5175924
yqjE_yqjK_yqjD_yqjC_predicted,0.1111111111111111,8,8,GTTGGAACAAATTTAGCATT,0,5244442
yqjE_yqjK_yqjD_yqjC_predicted,0.1111111111111111,8,8,GTTCTACCTCTCTATTGACG,0,5228191
yqjE_yqjK_yqjD_yqjC_predicted,0.1111111111111111,8,8,GTTCTACAGTCAAGACGTAA,0,5189776
yqjE_yqjK_yqjD_yqjC_predicted,0.1111111111111111,8,8,GTTCCAAACCTAAAAGCAAC,0,5253102
yqjE_yqjK_yqjD_yqjC_predicted,0.1111111111111111,8,8,GTTCAAAGACATAGGATCGG,0,5188166
yqjE_yqjK_yqjD_yqjC_predicted,0.1111111111111111,8,8,GTTATACGTTTGATGACGCG,0,5210127
yqjE_yqjK_yqjD_yqjC_predicted,0.1111111111111111,8,8,GTTAGTCGGGCTGACAGTAC,0,5231118
yqjE_yqjK_yqjD_yqjC_predicted,0.1111111111111111,8,8,GTTAGACTTGCTGCCTCATT,0,5180451
yqjE_yqjK_yqjD_yqjC_predicted,0.1111111111111111,8,8,GTTAAGTTTATTAAGGGTGA,0,5173758
yqjE_yqjK_yqjD_yqjC_predicted,0.1111111111111111,8,8,GTGTTTTTAACAGGAGCCGG,0,5216650
yqjE_yqjK_yqjD_yqjC_predicted,0.1111111111111111,8,8,GTGTTAAGACAATTCTCCGC,0,5211877
yqjE_yqjK_yqjD_yqjC_predicted,0.1111111111111111,8,8,GTGTCCCCCAGGTGCGAGAC,0,5237213
yqjE_yqjK_yqjD_yqjC_predicted,0.1111111111111111,8,8,GTGGTGCAATCTGAAACACG,0,5258209
yqjE_yqjK_yqjD_yqjC_predicted,0.1111111111111111,8,8,GTGGGTGTACATCATGAGTG,0,5181847
yqjE_yqjK_yqjD_yqjC_predicted,0.1111111111111111,8,8,GTGGGGGAATAGGTTCCCTA,0,5262409
yqjE_yqjK_yqjD_yqjC_predicted,0.1111111111111111,8,8,GTGGCTTTAAATCTTGGCCA,0,5220633
yqjE_yqjK_yqjD_yqjC_predicted,0.1111111111111111,8,8,GTGGCGCTTTTTGATCAATA,0,5246159
yqjE_yqjK_yqjD_yqjC_predicted,0.1111111111111111,8,8,GTGGAGACCAAACGGGCCTT,0,5219304
yqjE_yqjK_yqjD_yqjC_predicted,0.1111111111111111,8,8,GTGGACGCCTTGAATTATAT,0,5202649
yqjE_yqjK_yqjD_yqjC_predicted,0.1111111111111111,8,8,GTGGACAAATTGACTTTGGC,0,5220335
yqjE_yqjK_yqjD_yqjC_predicted,0.1111111111111111,8,8,GTGGAAAGTGGTCGAACGTT,0,5223268
yqjE_yqjK_yqjD_yqjC_predicted,0.1111111111111111,8,8,GTGCTTGGGTGTGTAGCGGT,0,5210822
yqjE_yqjK_yqjD_yqjC_predicted,0.1111111111111111,8,8,GTGCTGTAGAATAATAATGA,0,5255243
yqjE_yqjK_yqjD_yqjC_predicted,0.1111111111111111,8,8,GTGCTAAGGTTATAACGCAA,0,5259983
yqjE_yqjK_yqjD_yqjC_predicted,0.1111111111111111,8,8,GTGCGTTGGCTACTATATTT,0,5180283
yqjE_yqjK_yqjD_yqjC_predicted,0.1111111111111111,8,8,GTGCGTGGACTCCGTACTGT,0,5234443
yqjE_yqjK_yqjD_yqjC_predicted,0.1111111111111111,8,8,GTGCGGTAGGGCGTTGGCGT,0,5248995
yqjE_yqjK_yqjD_yqjC_predicted,0.1111111111111111,8,8,GTGCATTATGTAAACCGCGA,0,5174344
yqjE_yqjK_yqjD_yqjC_predicted,0.1111111111111111,8,8,GTGCAATCACATAAGTCAGG,0,5215185
yqjE_yqjK_yqjD_yqjC_predicted,0.1111111111111111,8,8,GTGAGGTATCGCGGACTTAG,0,5222914
yqjE_yqjK_yqjD_yqjC_predicted,0.1111111111111111,8,8,GTGACAGGACAACGGGATAA,0,5209398
yqjE_yqjK_yqjD_yqjC_predicted,0.1111111111111111,8,8,GTCTTAATATTCCAATAATG,0,5192839
yqjE_yqjK_yqjD_yqjC_predicted,0.1111111111111111,8,8,GTCGTTTATACCTGTACAGA,0,5196652
yqjE_yqjK_yqjD_yqjC_predicted,0.1111111111111111,8,8,GTCGGCTGTCTGCGCGTTAG,0,5172219
yqjE_yqjK_yqjD_yqjC_predicted,0.1111111111111111,8,8,GTCGGCTAAGGATAGAAGTG,0,5204886
yqjE_yqjK_yqjD_yqjC_predicted,0.1111111111111111,8,8,GTCGCTGGATAAGTCAGTCG,0,5187107
yqjE_yqjK_yqjD_yqjC_predicted,0.1111111111111111,8,8,GTCGCGCCGGTCCACACCTC,0,5170823
yqjE_yqjK_yqjD_yqjC_predicted,0.1111111111111111,8,8,GTCGCGCAGGGGTTGCTGTA,0,5190525
yqjE_yqjK_yqjD_yqjC_predicted,0.1111111111111111,8,8,GTCGCCCTAAGAAAATCGGT,0,5230580
yqjE_yqjK_yqjD_yqjC_predicted,0.1111111111111111,8,8,GTCGAGTTCGACTACTTAAC,0,5261126
yqjE_yqjK_yqjD_yqjC_predicted,0.1111111111111111,8,8,GTCCTTTCGCCCGGTGGAGC,0,5205792
yqjE_yqjK_yqjD_yqjC_predicted,0.1111111111111111,8,8,GTCCCCATAAGACTTTCTCG,0,5171073
yqjE_yqjK_yqjD_yqjC_predicted,0.1111111111111111,8,8,GTCCACGCCCTACAGGTTCA,0,5206059
yqjE_yqjK_yqjD_yqjC_predicted,0.1111111111111111,8,8,GTCATAAGGGGTTATGTTGG,0,5179093
yqjE_yqjK_yqjD_yqjC_predicted,0.1111111111111111,8,8,GTCAGGGCAGTGGACCTAGC,0,5232904
yqjE_yqjK_yqjD_yqjC_predicted,0.1111111111111111,8,8,GTCAGGCAAGCTACCTTGGA,0,5260117
yqjE_yqjK_yqjD_yqjC_predicted,0.1111111111111111,8,8,GTCAGAGGCAATGGTCACGT,0,5223065
yqjE_yqjK_yqjD_yqjC_predicted,0.1111111111111111,8,8,GTCACACCCCGGATCTTCCC,0,5222628
yqjE_yqjK_yqjD_yqjC_predicted,0.1111111111111111,8,8,GTATTCTTAGTCCGAGAGAT,0,5229721
yqjE_yqjK_yqjD_yqjC_predicted,0.1111111111111111,8,8,GTATGAACTAAAGGAGAGAT,0,5200802
yqjE_yqjK_yqjD_yqjC_predicted,0.1111111111111111,8,8,GTATCGGTGTGAACTCTTAA,0,5210042
yqjE_yqjK_yqjD_yqjC_predicted,0.1111111111111111,8,8,GTATACCAGGTCTTCATGGT,0,5188876
yqjE_yqjK_yqjD_yqjC_predicted,0.1111111111111111,8,8,GTATAAACACCGCCCGGAAC,0,5225610
yqjE_yqjK_yqjD_yqjC_predicted,0.1111111111111111,8,8,GTAGGTTAACAGTGGGTACA,0,5235372
yqjE_yqjK_yqjD_yqjC_predicted,0.1111111111111111,8,8,GTAGGCACCGCGATCATAGT,0,5260816
yqjE_yqjK_yqjD_yqjC_predicted,0.1111111111111111,8,8,GTAGAGTAGTGCTCGGTATC,0,5238264
yqjE_yqjK_yqjD_yqjC_predicted,0.1111111111111111,8,8,GTACGCGAGGTCTGACGAAA,0,5244035
yqjE_yqjK_yqjD_yqjC_predicted,0.1111111111111111,8,8,GTACACTCTGGCAGGGACCT,0,5231133
yqjE_yqjK_yqjD_yqjC_predicted,0.1111111111111111,8,8,GTACACCTAAGCGGAGCAGT,0,5176388
yqjE_yqjK_yqjD_yqjC_predicted,0.1111111111111111,8,8,GTAACTAATAGAGGAGCCGA,0,5185803
yqjE_yqjK_yqjD_yqjC_predicted,0.1111111111111111,8,8,GGTTCTGAAACTTCCGTAGA,0,5226431
yqjE_yqjK_yqjD_yqjC_predicted,0.1111111111111111,8,8,GGTTCACTTTGATGAGCTCT,0,5209880
yqjE_yqjK_yqjD_yqjC_predicted,0.1111111111111111,8,8,GGTTAGATGAGAACAGAATA,0,5181105
yqjE_yqjK_yqjD_yqjC_predicted,0.1111111111111111,8,8,GGTGTACGCTGCGGCCCATA,0,5254823
yqjE_yqjK_yqjD_yqjC_predicted,0.1111111111111111,8,8,GGTGGTCAATCGGAAACTCC,0,5183245
yqjE_yqjK_yqjD_yqjC_predicted,0.1111111111111111,8,8,GGTGCACACCTAAAGAAGAA,0,5186325
yqjE_yqjK_yqjD_yqjC_predicted,0.1111111111111111,8,8,GGTCAATTAAGTGTTACTCA,0,5222319
yqjE_yqjK_yqjD_yqjC_predicted,0.1111111111111111,8,8,GGTCAAAAGGTAAGCTTCGT,0,5204011
yqjE_yqjK_yqjD_yqjC_predicted,0.1111111111111111,8,8,GGTAGATATGCACTGGTATC,0,5180327
yqjE_yqjK_yqjD_yqjC_predicted,0.1111111111111111,8,8,GGGTGCCTTTGGAATATGTA,0,5234094
yqjE_yqjK_yqjD_yqjC_predicted,0.1111111111111111,8,8,GGGTAAGCATTTAGACTCAC,0,5259990
yqjE_yqjK_yqjD_yqjC_predicted,0.1111111111111111,8,8,GGGGTTGATATAAGGAAGGA,0,5201019
yqjE_yqjK_yqjD_yqjC_predicted,0.1111111111111111,8,8,GGGGCGTCGCCGATCCTTTG,0,5207183
yqjE_yqjK_yqjD_yqjC_predicted,0.1111111111111111,8,8,GGGGCATATGGTAGAATTGA,0,5192173
yqjE_yqjK_yqjD_yqjC_predicted,0.1111111111111111,8,8,GGGGATTCGAATTCCTATAG,0,5216655
yqjE_yqjK_yqjD_yqjC_predicted,0.1111111111111111,8,8,GGGGAAGATTTGAGAGATGC,0,5184812
yqjE_yqjK_yqjD_yqjC_predicted,0.1111111111111111,8,8,GGGATTTTGTGAGTTTAGAT,0,5217732
yqjE_yqjK_yqjD_yqjC_predicted,0.1111111111111111,8,8,GGGAGAACCTTGACCTGAGA,0,5182563
yqjE_yqjK_yqjD_yqjC_predicted,0.1111111111111111,8,8,GGCTTATATCAAACCGTTCA,0,5256307
yqjE_yqjK_yqjD_yqjC_predicted,0.1111111111111111,8,8,GGCTCTCCCGCACGGTTCCA,0,5206906
yqjE_yqjK_yqjD_yqjC_predicted,0.1111111111111111,8,8,GGCTCGTTCGACGTTCGACC,0,5174414
yqjE_yqjK_yqjD_yqjC_predicted,0.1111111111111111,8,8,GGCGACGTCTCACTACCGGC,0,5183096
yqjE_yqjK_yqjD_yqjC_predicted,0.1111111111111111,8,8,GGCGAACAGGCCGATTCCCA,0,5253955
yqjE_yqjK_yqjD_yqjC_predicted,0.1111111111111111,8,8,GGCCTTGAATGGGCGGCTAC,0,5198482
yqjE_yqjK_yqjD_yqjC_predicted,0.1111111111111111,8,8,GGCCTGATATTTGACAAGAT,0,5195597
yqjE_yqjK_yqjD_yqjC_predicted,0.1111111111111111,8,8,GGCCGTGCGAGTCAATTCGT,0,5224403
yqjE_yqjK_yqjD_yqjC_predicted,0.1111111111111111,8,8,GGCCGCATGATATCAAGATC,0,5224571
yqjE_yqjK_yqjD_yqjC_predicted,0.1111111111111111,8,8,GGCCCACTAACTTTCCACAA,0,5235778
yqjE_yqjK_yqjD_yqjC_predicted,0.1111111111111111,8,8,GGCCAGATTGAGCAATCGGC,0,5233347
yqjE_yqjK_yqjD_yqjC_predicted,0.1111111111111111,8,8,GGCACCGATCGGGTCCTGCG,0,5244205
yqjE_yqjK_yqjD_yqjC_predicted,0.1111111111111111,8,8,GGCAACCTCGGATGCAGATA,0,5193775
yqjE_yqjK_yqjD_yqjC_predicted,0.1111111111111111,8,8,GGATTTCAGGGGCGGGTCGC,0,5196341
yqjE_yqjK_yqjD_yqjC_predicted,0.1111111111111111,8,8,GGATCTACGCGTCCCTTCCT,0,5210199
yqjE_yqjK_yqjD_yqjC_predicted,0.1111111111111111,8,8,GGATACGGAACATTCCAAGG,0,5243482
yqjE_yqjK_yqjD_yqjC_predicted,0.1111111111111111,8,8,GGAGTTTTTCACATGAGATT,0,5183235
yqjE_yqjK_yqjD_yqjC_predicted,0.1111111111111111,8,8,GGAGTGTTCGTCTTAATTAC,0,5191089
yqjE_yqjK_yqjD_yqjC_predicted,0.1111111111111111,8,8,GGACTTGCGTAAGCCCGCAG,0,5210002
yqjE_yqjK_yqjD_yqjC_predicted,0.1111111111111111,8,8,GGACTCCCATTCGGCGGTCT,0,5217148
yqjE_yqjK_yqjD_yqjC_predicted,0.1111111111111111,8,8,GGACGCCTAGGAATCGTCCT,0,5187378
yqjE_yqjK_yqjD_yqjC_predicted,0.1111111111111111,8,8,GGACCTATTCCGCCCTAGTG,0,5224408
yqjE_yqjK_yqjD_yqjC_predicted,0.1111111111111111,8,8,GGACCACGCCCCGTTGTAAT,0,5173314
yqjE_yqjK_yqjD_yqjC_predicted,0.1111111111111111,8,8,GGAACTCGGGGTCGTGGTAG,0,5229081
yqjE_yqjK_yqjD_yqjC_predicted,0.1111111111111111,8,8,GGAACAGACCATGTTTAGTC,0,5252955
yqjE_yqjK_yqjD_yqjC_predicted,0.1111111111111111,8,8,GGAACACCGTTCAAACTTTT,0,5229754
yqjE_yqjK_yqjD_yqjC_predicted,0.1111111111111111,8,8,GGAAAAGTTCTCTCGGTGAA,0,5260088
yqjE_yqjK_yqjD_yqjC_predicted,0.1111111111111111,8,8,GCTTGGACGCTTCCGCAGAT,0,5245751
yqjE_yqjK_yqjD_yqjC_predicted,0.1111111111111111,8,8,GCTTAGAAAACCACACAACA,0,5249340
yqjE_yqjK_yqjD_yqjC_predicted,0.1111111111111111,8,8,GCTTAACCTGTTGGCCGACT,0,5179204
yqjE_yqjK_yqjD_yqjC_predicted,0.1111111111111111,8,8,GCTGGGAGTATGCCGTATCT,0,5221022
yqjE_yqjK_yqjD_yqjC_predicted,0.1111111111111111,8,8,GCTGGATGAGGGGTCGAAAC,0,5188227
yqjE_yqjK_yqjD_yqjC_predicted,0.1111111111111111,8,8,GCTGATAATACATTTACGTG,0,5184639
yqjE_yqjK_yqjD_yqjC_predicted,0.1111111111111111,8,8,GCTATTAACACTTCCTTTGC,0,5239969
yqjE_yqjK_yqjD_yqjC_predicted,0.1111111111111111,8,8,GCTATGGTCCAGGGTGAATG,0,5179985
yqjE_yqjK_yqjD_yqjC_predicted,0.1111111111111111,8,8,GCTAGGAGGCGTCGGGCAGT,0,5234450
yqjE_yqjK_yqjD_yqjC_predicted,0.1111111111111111,8,8,GCTACGCCTTCCGGTGAATT,0,5173499
yqjE_yqjK_yqjD_yqjC_predicted,0.1111111111111111,8,8,GCTACACATTATGTCTCAGC,0,5256099
yqjE_yqjK_yqjD_yqjC_predicted,0.1111111111111111,8,8,GCTAACACCACTGGGTAAGG,0,5176323
yqjE_yqjK_yqjD_yqjC_predicted,0.1111111111111111,8,8,GCGTGGAAGAGCTCACAGAG,0,5183521
yqjE_yqjK_yqjD_yqjC_predicted,0.1111111111111111,8,8,GCGTGCTATCGGGCTACCGT,0,5239735
yqjE_yqjK_yqjD_yqjC_predicted,0.1111111111111111,8,8,GCGTCTCAAGACCAAAGGTG,0,5206101
yqjE_yqjK_yqjD_yqjC_predicted,0.1111111111111111,8,8,GCGTCTATGAGAGCCTACTC,0,5242913
yqjE_yqjK_yqjD_yqjC_predicted,0.1111111111111111,8,8,GCGTCCGACGGAGAATCCGC,0,5237198
yqjE_yqjK_yqjD_yqjC_predicted,0.1111111111111111,8,8,GCGTCACGTATCGAGCATGA,0,5172424
yqjE_yqjK_yqjD_yqjC_predicted,0.1111111111111111,8,8,GCGGTGGAGTTTTTGGATTT,0,5213423
yqjE_yqjK_yqjD_yqjC_predicted,0.1111111111111111,8,8,GCGGTGAACGGGACGAATCC,0,5250694
yqjE_yqjK_yqjD_yqjC_predicted,0.1111111111111111,8,8,GCGGCTATTTTTGTGATAGG,0,5183252
yqjE_yqjK_yqjD_yqjC_predicted,0.1111111111111111,8,8,GCGCGTTTTGGCCAATGCGT,0,5245389
yqjE_yqjK_yqjD_yqjC_predicted,0.1111111111111111,8,8,GCGCCTGGAGAGCAAAAGGC,0,5199311
yqjE_yqjK_yqjD_yqjC_predicted,0.1111111111111111,8,8,GCGCAAATACAGCATCTCGT,0,5206622
yqjE_yqjK_yqjD_yqjC_predicted,0.1111111111111111,8,8,GCGATGATCTGCGATCATGA,0,5241443
yqjE_yqjK_yqjD_yqjC_predicted,0.1111111111111111,8,8,GCGAGCCGGAAGGAGTTCTG,0,5223695
yqjE_yqjK_yqjD_yqjC_predicted,0.1111111111111111,8,8,GCGAAGGATCCTGTCTTTGG,0,5244928
yqjE_yqjK_yqjD_yqjC_predicted,0.1111111111111111,8,8,GCCTTCGTGGGTACGCAGGT,0,5205465
yqjE_yqjK_yqjD_yqjC_predicted,0.1111111111111111,8,8,GCCTCGACCTCCCGCAACAG,0,5190141
yqjE_yqjK_yqjD_yqjC_predicted,0.1111111111111111,8,8,GCCGTTAAATGTAGGCTAAG,0,5259613
yqjE_yqjK_yqjD_yqjC_predicted,0.1111111111111111,8,8,GCCACGGGGGTCTTCGTCCA,0,5225372
yqjE_yqjK_yqjD_yqjC_predicted,0.1111111111111111,8,8,GCCACGGCCTGTATCAAGTT,0,5175103
yqjE_yqjK_yqjD_yqjC_predicted,0.1111111111111111,8,8,GCCACGCCCGTAAATGTCAA,0,5217233
yqjE_yqjK_yqjD_yqjC_predicted,0.1111111111111111,8,8,GCCACCGTCGATGGGGGACG,0,5234567
yqjE_yqjK_yqjD_yqjC_predicted,0.1111111111111111,8,8,GCATTGGAGGTTTGGCGTGG,0,5173803
yqjE_yqjK_yqjD_yqjC_predicted,0.1111111111111111,8,8,GCATCGCTTTGGTCCCAGGC,0,5233500
yqjE_yqjK_yqjD_yqjC_predicted,0.1111111111111111,8,8,GCATATGCATAACCTAAACT,0,5202521
yqjE_yqjK_yqjD_yqjC_predicted,0.1111111111111111,8,8,GCATATCCTAACGAGAGGGC,0,5178030
yqjE_yqjK_yqjD_yqjC_predicted,0.1111111111111111,8,8,GCATAATTTATTAGTCAGGG,0,5255353
yqjE_yqjK_yqjD_yqjC_predicted,0.1111111111111111,8,8,GCAGTTGAAGAAAACTAGCT,0,5177415
yqjE_yqjK_yqjD_yqjC_predicted,0.1111111111111111,8,8,GCAGGTGTTGGTGCATTGCC,0,5193868
yqjE_yqjK_yqjD_yqjC_predicted,0.1111111111111111,8,8,GCAGAGTGAAAAACGGGATG,0,5194495
yqjE_yqjK_yqjD_yqjC_predicted,0.1111111111111111,8,8,GCACCTGAGACGTGCTGGTG,0,5209750
yqjE_yqjK_yqjD_yqjC_predicted,0.1111111111111111,8,8,GCACCGGCTTGGCACACCGT,0,5179946
yqjE_yqjK_yqjD_yqjC_predicted,0.1111111111111111,8,8,GCACAAGGTCACCGACGCGA,0,5198369
yqjE_yqjK_yqjD_yqjC_predicted,0.1111111111111111,8,8,GCAAGAACGTAGCACACAAG,0,5203436
yqjE_yqjK_yqjD_yqjC_predicted,0.1111111111111111,8,8,GATTTCTACGATCCAGTTGG,0,5239937
yqjE_yqjK_yqjD_yqjC_predicted,0.1111111111111111,8,8,GATTTCACCTGTAGGATTAA,0,5191081
yqjE_yqjK_yqjD_yqjC_predicted,0.1111111111111111,8,8,GATTGTCCGTATCAATCACG,0,5213677
yqjE_yqjK_yqjD_yqjC_predicted,0.1111111111111111,8,8,GATTCAACAGGCGCCAGAGT,0,5185121
yqjE_yqjK_yqjD_yqjC_predicted,0.1111111111111111,8,8,GATGTATCTATCAGGTCCCG,0,5257102
yqjE_yqjK_yqjD_yqjC_predicted,0.1111111111111111,8,8,GATGGCCCCGGGATCCAGAG,0,5260503
yqjE_yqjK_yqjD_yqjC_predicted,0.1111111111111111,8,8,GATGCCCCACTATCCCTGAA,0,5222846
yqjE_yqjK_yqjD_yqjC_predicted,0.1111111111111111,8,8,GATGAACACTCCCAAAGCGT,0,5246514
yqjE_yqjK_yqjD_yqjC_predicted,0.1111111111111111,8,8,GATCGGCGCCGCAATCGATA,0,5198303
yqjE_yqjK_yqjD_yqjC_predicted,0.1111111111111111,8,8,GATAGTCGTTGAAGAGGTAA,0,5231706
yqjE_yqjK_yqjD_yqjC_predicted,0.1111111111111111,8,8,GATACAAAGCAAAGGAGGTC,0,5212184
yqjE_yqjK_yqjD_yqjC_predicted,0.1111111111111111,8,8,GAGTGTTCTCAACGTAGTTG,0,5173606
yqjE_yqjK_yqjD_yqjC_predicted,0.1111111111111111,8,8,GAGTGGGTAACGACGCTTAA,0,5235726
yqjE_yqjK_yqjD_yqjC_predicted,0.1111111111111111,8,8,GAGTGGCTTGGTGAGCCGTG,0,5247438
yqjE_yqjK_yqjD_yqjC_predicted,0.1111111111111111,8,8,GAGTAGCAGAAAGGAGGGTA,0,5262048
yqjE_yqjK_yqjD_yqjC_predicted,0.1111111111111111,8,8,GAGGGTGAAGAGTCAGGCAT,0,5222310
yqjE_yqjK_yqjD_yqjC_predicted,0.1111111111111111,8,8,GAGGGACGCTAGTCCCACTG,0,5202282
yqjE_yqjK_yqjD_yqjC_predicted,0.1111111111111111,8,8,GAGGCACGTGTACTCATGAC,0,5236025
yqjE_yqjK_yqjD_yqjC_predicted,0.1111111111111111,8,8,GAGGAAAGCAAATGAAGAGA,0,5244132
yqjE_yqjK_yqjD_yqjC_predicted,0.1111111111111111,8,8,GAGCTAAATGGTCTTGGGGT,0,5186444
yqjE_yqjK_yqjD_yqjC_predicted,0.1111111111111111,8,8,GAGCGTAGTTTACGCACCAG,0,5257032
yqjE_yqjK_yqjD_yqjC_predicted,0.1111111111111111,8,8,GAGCGCACCTGGCTTTAGGT,0,5221919
yqjE_yqjK_yqjD_yqjC_predicted,0.1111111111111111,8,8,GAGCCCGGGAGAGGTTGGGT,0,5211661
yqjE_yqjK_yqjD_yqjC_predicted,0.1111111111111111,8,8,GAGCATCTATACTAATTCGG,0,5260459
yqjE_yqjK_yqjD_yqjC_predicted,0.1111111111111111,8,8,GAGAGCTCAAACTTTATTTG,0,5246861
yqjE_yqjK_yqjD_yqjC_predicted,0.1111111111111111,8,8,GAGAGATACGCTGTCGCAAC,0,5217034
yqjE_yqjK_yqjD_yqjC_predicted,0.1111111111111111,8,8,GAGACTCATGTACTCGGATT,0,5205736
yqjE_yqjK_yqjD_yqjC_predicted,0.1111111111111111,8,8,GAGAACAACCCTAGGCTGCA,0,5242905
yqjE_yqjK_yqjD_yqjC_predicted,0.1111111111111111,8,8,GACTGTGAATGAGCAACTGA,0,5187212
yqjE_yqjK_yqjD_yqjC_predicted,0.1111111111111111,8,8,GACTAGGGACGACGTAGTGT,0,5210052
yqjE_yqjK_yqjD_yqjC_predicted,0.1111111111111111,8,8,GACGTTCCTCGAATGGAGGA,0,5183775
yqjE_yqjK_yqjD_yqjC_predicted,0.1111111111111111,8,8,GACGTCTGTTAGGTCTCTCA,0,5176178
yqjE_yqjK_yqjD_yqjC_predicted,0.1111111111111111,8,8,GACGGGGTGTGTCACTTAGT,0,5224027
yqjE_yqjK_yqjD_yqjC_predicted,0.1111111111111111,8,8,GACCCTCATAGCTGGCGTTG,0,5230435
yqjE_yqjK_yqjD_yqjC_predicted,0.1111111111111111,8,8,GACACAGTAACCCGCTGTCG,0,5245315
yqjE_yqjK_yqjD_yqjC_predicted,0.1111111111111111,8,8,GAATTGGGACCGTATCGGCC,0,5231124
yqjE_yqjK_yqjD_yqjC_predicted,0.1111111111111111,8,8,GAATGCCTTTCGGGGGAAAT,0,5209529
yqjE_yqjK_yqjD_yqjC_predicted,0.1111111111111111,8,8,GAATCTATCTGTGGTAGACC,0,5248524
yqjE_yqjK_yqjD_yqjC_predicted,0.1111111111111111,8,8,GAATCATTTCCTGAGTAATG,0,5252672
yqjE_yqjK_yqjD_yqjC_predicted,0.1111111111111111,8,8,GAAGAGAGGATTCGCTTTCC,0,5208981
yqjE_yqjK_yqjD_yqjC_predicted,0.1111111111111111,8,8,GAACTCTACATTGGGGCAAT,0,5256830
yqjE_yqjK_yqjD_yqjC_predicted,0.1111111111111111,8,8,GAACGTATGAGACGACGGGA,0,5173924
yqjE_yqjK_yqjD_yqjC_predicted,0.1111111111111111,8,8,GAACGGGATAAATCAGCATC,0,5171186
yqjE_yqjK_yqjD_yqjC_predicted,0.1111111111111111,8,8,CTTTTTCTCAGATCCGCGCG,0,5185848
yqjE_yqjK_yqjD_yqjC_predicted,0.1111111111111111,8,8,CTTTTGAATAACTATGTCGC,0,5234973
yqjE_yqjK_yqjD_yqjC_predicted,0.1111111111111111,8,8,CTTTTCCTCGAATGGTATAG,0,5209090
yqjE_yqjK_yqjD_yqjC_predicted,0.1111111111111111,8,8,CTTTGTCTACGATAGCACCG,0,5213996
yqjE_yqjK_yqjD_yqjC_predicted,0.1111111111111111,8,8,CTTTAGCGTTTATCGAGGCG,0,5256071
yqjE_yqjK_yqjD_yqjC_predicted,0.1111111111111111,8,8,CTTGCGATGCGAGGACTCAA,0,5236365
yqjE_yqjK_yqjD_yqjC_predicted,0.1111111111111111,8,8,CTTCGGTCTAATGACGTGAC,0,5196670
yqjE_yqjK_yqjD_yqjC_predicted,0.1111111111111111,8,8,CTTCGGCCGGTGGCAGTTGT,0,5199992
yqjE_yqjK_yqjD_yqjC_predicted,0.1111111111111111,8,8,CTTCGCCCGCTTGCGGGCCA,0,5212477
yqjE_yqjK_yqjD_yqjC_predicted,0.1111111111111111,8,8,CTTATCTACCTGGCATTTAC,0,5186396
yqjE_yqjK_yqjD_yqjC_predicted,0.1111111111111111,8,8,CTTACTGGGAATGTACGCCC,0,5238999
yqjE_yqjK_yqjD_yqjC_predicted,0.1111111111111111,8,8,CTTACCCGCCGCTTACCGAG,0,5221545
yqjE_yqjK_yqjD_yqjC_predicted,0.1111111111111111,8,8,CTTAAGTAACGTCAACGTGA,0,5223290
yqjE_yqjK_yqjD_yqjC_predicted,0.1111111111111111,8,8,CTTAAATCAGATGACCTCCG,0,5215841
yqjE_yqjK_yqjD_yqjC_predicted,0.1111111111111111,8,8,CTGTGTGCTAAGGCCCTTAA,0,5171593
yqjE_yqjK_yqjD_yqjC_predicted,0.1111111111111111,8,8,CTGTGCGCATATAAGGGAAT,0,5206745
yqjE_yqjK_yqjD_yqjC_predicted,0.1111111111111111,8,8,CTGGTTCGGATGCAGATACA,0,5199474
yqjE_yqjK_yqjD_yqjC_predicted,0.1111111111111111,8,8,CTGGGGGTCATTTCATGAGT,0,5191848
yqjE_yqjK_yqjD_yqjC_predicted,0.1111111111111111,8,8,CTGGAAGGACGTGGGGGACA,0,5253439
yqjE_yqjK_yqjD_yqjC_predicted,0.1111111111111111,8,8,CTGCTGCTGTGGAAGCTGTA,0,5176903
yqjE_yqjK_yqjD_yqjC_predicted,0.1111111111111111,8,8,CTGCTCACGGGTCAGGTGAT,0,5191090
yqjE_yqjK_yqjD_yqjC_predicted,0.1111111111111111,8,8,CTGCGGCGATTATTCTATCG,0,5213491
yqjE_yqjK_yqjD_yqjC_predicted,0.1111111111111111,8,8,CTGCGGCCCGCTCCGATGCT,0,5246634
yqjE_yqjK_yqjD_yqjC_predicted,0.1111111111111111,8,8,CTGCCCAGTTTGTAGTCGAA,0,5234089
yqjE_yqjK_yqjD_yqjC_predicted,0.1111111111111111,8,8,CTGATCTCAAATTTTGAGGA,0,5234500
yqjE_yqjK_yqjD_yqjC_predicted,0.1111111111111111,8,8,CTGACTAACCAGGGCACTGG,0,5170817
yqjE_yqjK_yqjD_yqjC_predicted,0.1111111111111111,8,8,CTCTTGTTAACGATGTCGAG,0,5183638
yqjE_yqjK_yqjD_yqjC_predicted,0.1111111111111111,8,8,CTCGTGTTATGAAACGATAG,0,5196440
yqjE_yqjK_yqjD_yqjC_predicted,0.1111111111111111,8,8,CTCGTGCACGTAGCAAATAG,0,5250381
yqjE_yqjK_yqjD_yqjC_predicted,0.1111111111111111,8,8,CTCGGGTCTTCATAATTGTA,0,5239145
yqjE_yqjK_yqjD_yqjC_predicted,0.1111111111111111,8,8,CTCGCGTGTTATAATATAAG,0,5189747
yqjE_yqjK_yqjD_yqjC_predicted,0.1111111111111111,8,8,CTCGATACGAGTCGATTTGT,0,5232078
yqjE_yqjK_yqjD_yqjC_predicted,0.1111111111111111,8,8,CTCCTGGAGCCCTCGCGTGC,0,5195112
yqjE_yqjK_yqjD_yqjC_predicted,0.1111111111111111,8,8,CTCCCCTCCACGTATAACTT,0,5191450
yqjE_yqjK_yqjD_yqjC_predicted,0.1111111111111111,8,8,CTCAGACATGCTACGATATA,0,5242647
yqjE_yqjK_yqjD_yqjC_predicted,0.1111111111111111,8,8,CTATCAGCCGCTCCAAATAG,0,5193624
yqjE_yqjK_yqjD_yqjC_predicted,0.1111111111111111,8,8,CTATAGTGTTGTACTTTCGC,0,5201903
yqjE_yqjK_yqjD_yqjC_predicted,0.1111111111111111,8,8,CTATAGGTCCACAAGACAGG,0,5261872
yqjE_yqjK_yqjD_yqjC_predicted,0.1111111111111111,8,8,CTATAAAGGAACACTTAGCC,0,5236914
yqjE_yqjK_yqjD_yqjC_predicted,0.1111111111111111,8,8,CTAGTGGAACAATCGCCGCT,0,5192056
yqjE_yqjK_yqjD_yqjC_predicted,0.1111111111111111,8,8,CTAGGGGTACCGTACAGTAT,0,5235436
yqjE_yqjK_yqjD_yqjC_predicted,0.1111111111111111,8,8,CTAGGATTCCTGCCTGGGAC,0,5181080
yqjE_yqjK_yqjD_yqjC_predicted,0.1111111111111111,8,8,CTACTGGTTTCACTGGTGTC,0,5258904
yqjE_yqjK_yqjD_yqjC_predicted,0.1111111111111111,8,8,CTACCGCTACTCACGCGCAT,0,5261503
yqjE_yqjK_yqjD_yqjC_predicted,0.1111111111111111,8,8,CTAAGCAATTTACGCCCCTG,0,5251290
yqjE_yqjK_yqjD_yqjC_predicted,0.1111111111111111,8,8,CGTTGCCGGTTTTTCCCTCA,0,5215098
yqjE_yqjK_yqjD_yqjC_predicted,0.1111111111111111,8,8,CGTGGCATTCGCCACTCCAA,0,5173292
yqjE_yqjK_yqjD_yqjC_predicted,0.1111111111111111,8,8,CGTGCGAGCGCTGTCAGCAC,0,5201727
yqjE_yqjK_yqjD_yqjC_predicted,0.1111111111111111,8,8,CGTCTCATTGGCGGCCTGGC,0,5250215
yqjE_yqjK_yqjD_yqjC_predicted,0.1111111111111111,8,8,CGTCCCTGAAACATATTTGG,0,5191877
yqjE_yqjK_yqjD_yqjC_predicted,0.1111111111111111,8,8,CGTAGTTAGCCCCTCCGAGT,0,5244189
yqjE_yqjK_yqjD_yqjC_predicted,0.1111111111111111,8,8,CGTAGCGCTTACCTGGGCTA,0,5196017
yqjE_yqjK_yqjD_yqjC_predicted,0.1111111111111111,8,8,CGTAAACGGACAAAGTTTCT,0,5198783
yqjE_yqjK_yqjD_yqjC_predicted,0.1111111111111111,8,8,CGGTTGATCGCACTTGTTGA,0,5212943
yqjE_yqjK_yqjD_yqjC_predicted,0.1111111111111111,8,8,CGGTTGAAAGGAGGAAGGCT,0,5204209
yqjE_yqjK_yqjD_yqjC_predicted,0.1111111111111111,8,8,CGGTGTTCAGGGACGGGTCT,0,5247482
yqjE_yqjK_yqjD_yqjC_predicted,0.1111111111111111,8,8,CGGTCAGGTTTAGTTTAGAC,0,5179509
yqjE_yqjK_yqjD_yqjC_predicted,0.1111111111111111,8,8,CGGTAGGATGGTTAACTAAT,0,5177245
yqjE_yqjK_yqjD_yqjC_predicted,0.1111111111111111,8,8,CGGTAAGTGGTTTTGCAGGG,0,5232853
yqjE_yqjK_yqjD_yqjC_predicted,0.1111111111111111,8,8,CGGGTCCAGTCCATAGGTAA,0,5215677
yqjE_yqjK_yqjD_yqjC_predicted,0.1111111111111111,8,8,CGGGGGCCTATCTAACCCAT,0,5253839
yqjE_yqjK_yqjD_yqjC_predicted,0.1111111111111111,8,8,CGGGGCGCAACTGGTATCCT,0,5260186
yqjE_yqjK_yqjD_yqjC_predicted,0.1111111111111111,8,8,CGGGGAGATGCGGGGGGGGT,0,5199188
yqjE_yqjK_yqjD_yqjC_predicted,0.1111111111111111,8,8,CGGATTGGGCCGACCAGTTG,0,5189928
yqjE_yqjK_yqjD_yqjC_predicted,0.1111111111111111,8,8,CGGACTAATTGGTCTTGCCT,0,5229393
yqjE_yqjK_yqjD_yqjC_predicted,0.1111111111111111,8,8,CGGAAAGGGCATTTGGGGTT,0,5184641
yqjE_yqjK_yqjD_yqjC_predicted,0.1111111111111111,8,8,CGCTATATTCGTCGTAACGA,0,5213539
yqjE_yqjK_yqjD_yqjC_predicted,0.1111111111111111,8,8,CGCTAGACGTGGATCGTCGG,0,5243477
yqjE_yqjK_yqjD_yqjC_predicted,0.1111111111111111,8,8,CGCGTATGCGTGTCACCTGA,0,5202445
yqjE_yqjK_yqjD_yqjC_predicted,0.1111111111111111,8,8,CGCGTAGATAGGATCCTTTG,0,5237073
yqjE_yqjK_yqjD_yqjC_predicted,0.1111111111111111,8,8,CGCGGGGTCTATTGTATGCT,0,5217035
yqjE_yqjK_yqjD_yqjC_predicted,0.1111111111111111,8,8,CGCGCGCCACGGTGGATCAA,0,5254427
yqjE_yqjK_yqjD_yqjC_predicted,0.1111111111111111,8,8,CGCGAACTATATGTGCAAAC,0,5234751
yqjE_yqjK_yqjD_yqjC_predicted,0.1111111111111111,8,8,CGCCGTGAAACATTACGCGG,0,5200753
yqjE_yqjK_yqjD_yqjC_predicted,0.1111111111111111,8,8,CGCATAAGAGCTGAGGGGAT,0,5185556
yqjE_yqjK_yqjD_yqjC_predicted,0.1111111111111111,8,8,CGCACCCTGAGCAAGCTTAA,0,5249442
yqjE_yqjK_yqjD_yqjC_predicted,0.1111111111111111,8,8,CGCACAGAAAAGCTCACACT,0,5256745
yqjE_yqjK_yqjD_yqjC_predicted,0.1111111111111111,8,8,CGATCGCGTTGCGCTTGAAA,0,5212710
yqjE_yqjK_yqjD_yqjC_predicted,0.1111111111111111,8,8,CGATATCGCTCTGAATTTCC,0,5246825
yqjE_yqjK_yqjD_yqjC_predicted,0.1111111111111111,8,8,CGATAACTAGGGACACGGTT,0,5214929
yqjE_yqjK_yqjD_yqjC_predicted,0.1111111111111111,8,8,CGAGTCGAGTTATTCCGGCA,0,5253243
yqjE_yqjK_yqjD_yqjC_predicted,0.1111111111111111,8,8,CGAGCGATAGAAAGGACTAA,0,5254804
yqjE_yqjK_yqjD_yqjC_predicted,0.1111111111111111,8,8,CGAGACCTGAGGACCTTGAT,0,5187221
yqjE_yqjK_yqjD_yqjC_predicted,0.1111111111111111,8,8,CGAGAAAGAATAAGGGGCTC,0,5252904
yqjE_yqjK_yqjD_yqjC_predicted,0.1111111111111111,8,8,CGAAGTTCCCGTACGTGGTC,0,5186954
yqjE_yqjK_yqjD_yqjC_predicted,0.1111111111111111,8,8,CGAACAGATATCAGTCGGAA,0,5173705
yqjE_yqjK_yqjD_yqjC_predicted,0.1111111111111111,8,8,CGAAAGCGGCCTGGTGTTTC,0,5207803
yqjE_yqjK_yqjD_yqjC_predicted,0.1111111111111111,8,8,CCTTTTCACATAAACGAAGG,0,5196045
yqjE_yqjK_yqjD_yqjC_predicted,0.1111111111111111,8,8,CCTTTCCAGTCTTGCGAAGA,0,5177784
yqjE_yqjK_yqjD_yqjC_predicted,0.1111111111111111,8,8,CCTTGTGGGGCAAGGACTAT,0,5198957
yqjE_yqjK_yqjD_yqjC_predicted,0.1111111111111111,8,8,CCTTGAGCGCGTTTGTAATG,0,5203386
yqjE_yqjK_yqjD_yqjC_predicted,0.1111111111111111,8,8,CCTTACATGTGAAGCCATCA,0,5250884
yqjE_yqjK_yqjD_yqjC_predicted,0.1111111111111111,8,8,CCTGTCCATCTTACCTTCGT,0,5258217
yqjE_yqjK_yqjD_yqjC_predicted,0.1111111111111111,8,8,CCTGATGAATTCGCACCTGC,0,5240155
yqjE_yqjK_yqjD_yqjC_predicted,0.1111111111111111,8,8,CCTGATATACACAGGCCGGA,0,5174210
yqjE_yqjK_yqjD_yqjC_predicted,0.1111111111111111,8,8,CCTAGTGCGATACTCGTCAA,0,5200490
yqjE_yqjK_yqjD_yqjC_predicted,0.1111111111111111,8,8,CCTAGCCGGCCCCGCGTGCA,0,5179695
yqjE_yqjK_yqjD_yqjC_predicted,0.1111111111111111,8,8,CCTACTACCAGGCTCTGGCA,0,5233172
yqjE_yqjK_yqjD_yqjC_predicted,0.1111111111111111,8,8,CCTAATCCGGCCCACCCAGA,0,5210575
yqjE_yqjK_yqjD_yqjC_predicted,0.1111111111111111,8,8,CCTAACGCAGCTGTTGCTGA,0,5252018
yqjE_yqjK_yqjD_yqjC_predicted,0.1111111111111111,8,8,CCGGGTGCATTCGGATCAGG,0,5224242
yqjE_yqjK_yqjD_yqjC_predicted,0.1111111111111111,8,8,CCGGGGCGTTAACCTGGCAG,0,5255020
yqjE_yqjK_yqjD_yqjC_predicted,0.1111111111111111,8,8,CCGGCGAAGGACTAACTCCC,0,5176575
yqjE_yqjK_yqjD_yqjC_predicted,0.1111111111111111,8,8,CCGGATCCACAGTGTAGAGA,0,5206797
yqjE_yqjK_yqjD_yqjC_predicted,0.1111111111111111,8,8,CCGGACTTATTTTTAGCGTC,0,5234440
yqjE_yqjK_yqjD_yqjC_predicted,0.1111111111111111,8,8,CCGCAAAGAAATGGCTTCAC,0,5216213
yqjE_yqjK_yqjD_yqjC_predicted,0.1111111111111111,8,8,CCGAGGCCAATAATGAGAAG,0,5234494
yqjE_yqjK_yqjD_yqjC_predicted,0.1111111111111111,8,8,CCCGGAAACCCGACATGTGT,0,5201528
yqjE_yqjK_yqjD_yqjC_predicted,0.1111111111111111,8,8,CCCGACTAGCAACCAGCGGC,0,5223297
yqjE_yqjK_yqjD_yqjC_predicted,0.1111111111111111,8,8,CCCGACCTGTGAGGGTATTT,0,5260806
yqjE_yqjK_yqjD_yqjC_predicted,0.1111111111111111,8,8,CCCGAAAATGGGACAGCCCG,0,5217826
yqjE_yqjK_yqjD_yqjC_predicted,0.1111111111111111,8,8,CCCCCGGCCTCGCTGGCGCC,0,5225332
yqjE_yqjK_yqjD_yqjC_predicted,0.1111111111111111,8,8,CCCCAGCAGAACGTGTGATT,0,5257948
yqjE_yqjK_yqjD_yqjC_predicted,0.1111111111111111,8,8,CCCCACGACGGGTTACCTGA,0,5199245
yqjE_yqjK_yqjD_yqjC_predicted,0.1111111111111111,8,8,CCCATCTTGTTCCGCAGTTA,0,5213367
yqjE_yqjK_yqjD_yqjC_predicted,0.1111111111111111,8,8,CCCAGCATCGTTTCTCTATA,0,5254555
yqjE_yqjK_yqjD_yqjC_predicted,0.1111111111111111,8,8,CCCAGAGAGGTGGTTACGCA,0,5237661
yqjE_yqjK_yqjD_yqjC_predicted,0.1111111111111111,8,8,CCCACTACACTTGAGACAGA,0,5210271
yqjE_yqjK_yqjD_yqjC_predicted,0.1111111111111111,8,8,CCCACGCTTAATAGGTATAT,0,5239592
yqjE_yqjK_yqjD_yqjC_predicted,0.1111111111111111,8,8,CCCACGAAGCCCTTTAGAAA,0,5184115
yqjE_yqjK_yqjD_yqjC_predicted,0.1111111111111111,8,8,CCCACAGATGGTCCTCAGAT,0,5212239
yqjE_yqjK_yqjD_yqjC_predicted,0.1111111111111111,8,8,CCATTGCTCTTGCGCCAGAT,0,5210296
yqjE_yqjK_yqjD_yqjC_predicted,0.1111111111111111,8,8,CCATTCTGGAGGTAGACGCT,0,5202478
yqjE_yqjK_yqjD_yqjC_predicted,0.1111111111111111,8,8,CCATCCGGAGACGCCACGGG,0,5228490
yqjE_yqjK_yqjD_yqjC_predicted,0.1111111111111111,8,8,CCAGGATTTTGTAAGGCAAA,0,5252757
yqjE_yqjK_yqjD_yqjC_predicted,0.1111111111111111,8,8,CCAGCCATCATTAATGGTAG,0,5186473
yqjE_yqjK_yqjD_yqjC_predicted,0.1111111111111111,8,8,CCAATGTACAAGGCGCTTCT,0,5254124
yqjE_yqjK_yqjD_yqjC_predicted,0.1111111111111111,8,8,CCAAGTGGGAACCGATGACA,0,5262124
yqjE_yqjK_yqjD_yqjC_predicted,0.1111111111111111,8,8,CCAACACGATTGGTAACTCT,0,5243531
yqjE_yqjK_yqjD_yqjC_predicted,0.1111111111111111,8,8,CCAAACTCGGGTACGTAGTA,0,5254368
yqjE_yqjK_yqjD_yqjC_predicted,0.1111111111111111,8,8,CATTTGAGACAAAGGTCGAG,0,5235934
yqjE_yqjK_yqjD_yqjC_predicted,0.1111111111111111,8,8,CATTCGATTTTGTCTAAATC,0,5198052
yqjE_yqjK_yqjD_yqjC_predicted,0.1111111111111111,8,8,CATTCCCAATCCTAGATCAA,0,5213864
yqjE_yqjK_yqjD_yqjC_predicted,0.1111111111111111,8,8,CATGGAGTCGGCCATTAGGT,0,5247106
yqjE_yqjK_yqjD_yqjC_predicted,0.1111111111111111,8,8,CATGCAAAGGGCGCCAGGAT,0,5238590
yqjE_yqjK_yqjD_yqjC_predicted,0.1111111111111111,8,8,CATCTCACCAGAAGCCGGTG,0,5193456
yqjE_yqjK_yqjD_yqjC_predicted,0.1111111111111111,8,8,CATCCAGGAGGTTCCTTGGT,0,5208528
yqjE_yqjK_yqjD_yqjC_predicted,0.1111111111111111,8,8,CATAGGAGCTGGCTCCAGCA,0,5254132
yqjE_yqjK_yqjD_yqjC_predicted,0.1111111111111111,8,8,CAGTGATGAGCCCTGCCAGT,0,5215982
yqjE_yqjK_yqjD_yqjC_predicted,0.1111111111111111,8,8,CAGTCTTTTGCTACCATTGA,0,5259323
yqjE_yqjK_yqjD_yqjC_predicted,0.1111111111111111,8,8,CAGTCTTGCAGGGCATACGT,0,5259366
yqjE_yqjK_yqjD_yqjC_predicted,0.1111111111111111,8,8,CAGTCCGTTTGTTCTTACGC,0,5225074
yqjE_yqjK_yqjD_yqjC_predicted,0.1111111111111111,8,8,CAGTAGTGTCATCCTTTCGC,0,5194322
yqjE_yqjK_yqjD_yqjC_predicted,0.1111111111111111,8,8,CAGGTAGAACTACAGCAAAG,0,5217859
yqjE_yqjK_yqjD_yqjC_predicted,0.1111111111111111,8,8,CAGGTACTAGCCAGGGAGTG,0,5203787
yqjE_yqjK_yqjD_yqjC_predicted,0.1111111111111111,8,8,CAGGTAATGTGACGTATGGG,0,5230646
yqjE_yqjK_yqjD_yqjC_predicted,0.1111111111111111,8,8,CAGCTCGGAATGACGGGTGA,0,5237253
yqjE_yqjK_yqjD_yqjC_predicted,0.1111111111111111,8,8,CAGCGCGGTCTTGTTAGTAT,0,5179424
yqjE_yqjK_yqjD_yqjC_predicted,0.1111111111111111,8,8,CAGCGCGCGTGCTTGATATG,0,5250368
yqjE_yqjK_yqjD_yqjC_predicted,0.1111111111111111,8,8,CAGCGCGAACTTTTTCCGTC,0,5221505
yqjE_yqjK_yqjD_yqjC_predicted,0.1111111111111111,8,8,CAGCAACAAAGGTATGGAGT,0,5244096
yqjE_yqjK_yqjD_yqjC_predicted,0.1111111111111111,8,8,CAGATAAACAGGCCGCACCG,0,5205956
yqjE_yqjK_yqjD_yqjC_predicted,0.1111111111111111,8,8,CAGAGGCTCTATGAAGGTGT,0,5190102
yqjE_yqjK_yqjD_yqjC_predicted,0.1111111111111111,8,8,CACTTCGGTGTGCACTTAAT,0,5253428
yqjE_yqjK_yqjD_yqjC_predicted,0.1111111111111111,8,8,CACTTAAGATTCGATCGCGC,0,5237035
yqjE_yqjK_yqjD_yqjC_predicted,0.1111111111111111,8,8,CACTGGGTTCTTTGCGCCTG,0,5182310
yqjE_yqjK_yqjD_yqjC_predicted,0.1111111111111111,8,8,CACTCGCGTTCATAGATACT,0,5189241
yqjE_yqjK_yqjD_yqjC_predicted,0.1111111111111111,8,8,CACGTACGGGATCATCGTTA,0,5209150
yqjE_yqjK_yqjD_yqjC_predicted,0.1111111111111111,8,8,CACGGTATCCTGCGTGACAG,0,5250546
yqjE_yqjK_yqjD_yqjC_predicted,0.1111111111111111,8,8,CAATCTCCTTATAATTGGAA,0,5188887
yqjE_yqjK_yqjD_yqjC_predicted,0.1111111111111111,8,8,CAAGTGGTATAGCACTTAAT,0,5212120
yqjE_yqjK_yqjD_yqjC_predicted,0.1111111111111111,8,8,CAAGTCCACATGCGCGCGCG,0,5190235
yqjE_yqjK_yqjD_yqjC_predicted,0.1111111111111111,8,8,CAAGCGGCCACACTCCGCAG,0,5211337
yqjE_yqjK_yqjD_yqjC_predicted,0.1111111111111111,8,8,CAAGCCCGAGTGCAAGGCCG,0,5201531
yqjE_yqjK_yqjD_yqjC_predicted,0.1111111111111111,8,8,CAAGCATATGGAGGGGAGGG,0,5257213
yqjE_yqjK_yqjD_yqjC_predicted,0.1111111111111111,8,8,CAAGATTCCACTCTTTGGTA,0,5230899
yqjE_yqjK_yqjD_yqjC_predicted,0.1111111111111111,8,8,CAACTCTATGGGGTGTCGGA,0,5241179
yqjE_yqjK_yqjD_yqjC_predicted,0.1111111111111111,8,8,CAACGAACAATCACGGGAGG,0,5223005
yqjE_yqjK_yqjD_yqjC_predicted,0.1111111111111111,8,8,CAACCGGGGGACGCTCATTT,0,5225724
yqjE_yqjK_yqjD_yqjC_predicted,0.1111111111111111,8,8,CAACCGGAACTGTAGTTTCA,0,5220889
yqjE_yqjK_yqjD_yqjC_predicted,0.1111111111111111,8,8,CAACAGGGTATAAAATAAGG,0,5185909
yqjE_yqjK_yqjD_yqjC_predicted,0.1111111111111111,8,8,CAAAGCCTTTTGCTTCAATC,0,5189133
yqjE_yqjK_yqjD_yqjC_predicted,0.1111111111111111,8,8,CAAACCCTTAGAACACGTAT,0,5242098
yqjE_yqjK_yqjD_yqjC_predicted,0.1111111111111111,8,8,CAAAACTTAGGGTTGACTGA,0,5215953
yqjE_yqjK_yqjD_yqjC_predicted,0.1111111111111111,8,8,CAAAAACGCAATTTTCAAGC,0,5171550
yqjE_yqjK_yqjD_yqjC_predicted,0.1111111111111111,8,8,ATTTTGATCCAAGAAGCAGA,0,5179668
yqjE_yqjK_yqjD_yqjC_predicted,0.1111111111111111,8,8,ATTTGTTCTCTCACAACTCT,0,5236759
yqjE_yqjK_yqjD_yqjC_predicted,0.1111111111111111,8,8,ATTTGGACGTTTCCCGGACT,0,5186891
yqjE_yqjK_yqjD_yqjC_predicted,0.1111111111111111,8,8,ATTTCTTGGAATCGTTATGC,0,5205943
yqjE_yqjK_yqjD_yqjC_predicted,0.1111111111111111,8,8,ATTGTGATTCGCCAACAGTG,0,5218045
yqjE_yqjK_yqjD_yqjC_predicted,0.1111111111111111,8,8,ATTGCTCTGCAATCCTGAGT,0,5219587
yqjE_yqjK_yqjD_yqjC_predicted,0.1111111111111111,8,8,ATTGATTTTGTACTTGTAAA,0,5233886
yqjE_yqjK_yqjD_yqjC_predicted,0.1111111111111111,8,8,ATTCGCACCATCGGCTCGCC,0,5221088
yqjE_yqjK_yqjD_yqjC_predicted,0.1111111111111111,8,8,ATTCATTGCCGTTAAACAGT,0,5261020
yqjE_yqjK_yqjD_yqjC_predicted,0.1111111111111111,8,8,ATTCAGCATGCGCTTACGCA,0,5229385
yqjE_yqjK_yqjD_yqjC_predicted,0.1111111111111111,8,8,ATTACGTCTGACCGGAAATT,0,5256279
yqjE_yqjK_yqjD_yqjC_predicted,0.1111111111111111,8,8,ATTAATGCTTTACAACCAAA,0,5205859
yqjE_yqjK_yqjD_yqjC_predicted,0.1111111111111111,8,8,ATGTATAGCAGCGGCGAATG,0,5204528
yqjE_yqjK_yqjD_yqjC_predicted,0.1111111111111111,8,8,ATGGTCCGACCCGTACGGAC,0,5239659
yqjE_yqjK_yqjD_yqjC_predicted,0.1111111111111111,8,8,ATGGACGGACACGATATTGG,0,5240572
yqjE_yqjK_yqjD_yqjC_predicted,0.1111111111111111,8,8,ATGCCGCTGGTACCGGCCCA,0,5207680
yqjE_yqjK_yqjD_yqjC_predicted,0.1111111111111111,8,8,ATGATTCGAGGCTGCAACCT,0,5209769
yqjE_yqjK_yqjD_yqjC_predicted,0.1111111111111111,8,8,ATGATATGGTAAGTTCTCAT,0,5242240
yqjE_yqjK_yqjD_yqjC_predicted,0.1111111111111111,8,8,ATGAAGGTGGTGGTGTGCTT,0,5171808
yqjE_yqjK_yqjD_yqjC_predicted,0.1111111111111111,8,8,ATCTTGCTCGCTAGCTGCCA,0,5234447
yqjE_yqjK_yqjD_yqjC_predicted,0.1111111111111111,8,8,ATCTGGTGTTCACTCGTTAT,0,5234533
yqjE_yqjK_yqjD_yqjC_predicted,0.1111111111111111,8,8,ATCTGCCTAATCTGCATGTG,0,5198770
yqjE_yqjK_yqjD_yqjC_predicted,0.1111111111111111,8,8,ATCTGCAGGCCCATCGGAAC,0,5204895
yqjE_yqjK_yqjD_yqjC_predicted,0.1111111111111111,8,8,ATCTATGTAAAAAGGTATTT,0,5206144
yqjE_yqjK_yqjD_yqjC_predicted,0.1111111111111111,8,8,ATCGGTATGAATTTATGGCT,0,5253733
yqjE_yqjK_yqjD_yqjC_predicted,0.1111111111111111,8,8,ATCCGTTTGATCGCTCCCGT,0,5254878
yqjE_yqjK_yqjD_yqjC_predicted,0.1111111111111111,8,8,ATCCAGGGTAGGGGGAGGTC,0,5174731
yqjE_yqjK_yqjD_yqjC_predicted,0.1111111111111111,8,8,ATCAGTCGAGAAATGCAAAA,0,5214353
yqjE_yqjK_yqjD_yqjC_predicted,0.1111111111111111,8,8,ATCAGGAAAGTAAAGCCCGG,0,5252637
yqjE_yqjK_yqjD_yqjC_predicted,0.1111111111111111,8,8,ATCACTGACGTAGTGGCGAT,0,5249526
yqjE_yqjK_yqjD_yqjC_predicted,0.1111111111111111,8,8,ATCACGGAGATCCCACATTA,0,5234761
yqjE_yqjK_yqjD_yqjC_predicted,0.1111111111111111,8,8,ATCACAAGCGGGGGGTCAGG,0,5201511
yqjE_yqjK_yqjD_yqjC_predicted,0.1111111111111111,8,8,ATCAACTCATCCCGTTGAAG,0,5230569
yqjE_yqjK_yqjD_yqjC_predicted,0.1111111111111111,8,8,ATATTGCGCTAGTTCGAGAT,0,5213495
yqjE_yqjK_yqjD_yqjC_predicted,0.1111111111111111,8,8,ATATTAGGACTAGATATGCT,0,5208412
yqjE_yqjK_yqjD_yqjC_predicted,0.1111111111111111,8,8,ATATCTGGACGCTCGGGGCT,0,5219077
yqjE_yqjK_yqjD_yqjC_predicted,0.1111111111111111,8,8,ATAGTCTCATCATTAGTGTA,0,5188767
yqjE_yqjK_yqjD_yqjC_predicted,0.1111111111111111,8,8,ATACTCTAAAACAAGAATAC,0,5252483
yqjE_yqjK_yqjD_yqjC_predicted,0.1111111111111111,8,8,ATACCAAGGGTTCACCTCTT,0,5194680
yqjE_yqjK_yqjD_yqjC_predicted,0.1111111111111111,8,8,ATACACCTGACCTATTGCTC,0,5177772
yqjE_yqjK_yqjD_yqjC_predicted,0.1111111111111111,8,8,ATAATCTTATAAAATTTCTT,0,5258502
yqjE_yqjK_yqjD_yqjC_predicted,0.1111111111111111,8,8,ATAAGCGGGAGGCCTTATCG,0,5239299
yqjE_yqjK_yqjD_yqjC_predicted,0.1111111111111111,8,8,ATAACGAAGTGCATCGGAGC,0,5217988
yqjE_yqjK_yqjD_yqjC_predicted,0.1111111111111111,8,8,ATAAACAGTAAACCCGAGAG,0,5194687
yqjE_yqjK_yqjD_yqjC_predicted,0.1111111111111111,8,8,AGTTCGCTTCATGCTGATTA,0,5227564
yqjE_yqjK_yqjD_yqjC_predicted,0.1111111111111111,8,8,AGTTATCGCCTAGGATCAAA,0,5251015
yqjE_yqjK_yqjD_yqjC_predicted,0.1111111111111111,8,8,AGTCGGTCCCTCGAGAGTAA,0,5203780
yqjE_yqjK_yqjD_yqjC_predicted,0.1111111111111111,8,8,AGTCCGCGGCCCTATTTTGA,0,5221106
yqjE_yqjK_yqjD_yqjC_predicted,0.1111111111111111,8,8,AGTCAGGGAATCCAGGGCAG,0,5228394
yqjE_yqjK_yqjD_yqjC_predicted,0.1111111111111111,8,8,AGTATGTGAGTTCGCAAAAT,0,5240754
yqjE_yqjK_yqjD_yqjC_predicted,0.1111111111111111,8,8,AGTAGCAGCCGCCAATACTG,0,5219233
yqjE_yqjK_yqjD_yqjC_predicted,0.1111111111111111,8,8,AGTAGACCCATGGGTAGCTG,0,5243822
yqjE_yqjK_yqjD_yqjC_predicted,0.1111111111111111,8,8,AGTACGAGTTGTTTAGGTTC,0,5254882
yqjE_yqjK_yqjD_yqjC_predicted,0.1111111111111111,8,8,AGGTTGCGGCGGCCCGAAAT,0,5202755
yqjE_yqjK_yqjD_yqjC_predicted,0.1111111111111111,8,8,AGGTTAGCGAAGTTAGGTTG,0,5244581
yqjE_yqjK_yqjD_yqjC_predicted,0.1111111111111111,8,8,AGGTCTCAATCTCATAAAAT,0,5253699
yqjE_yqjK_yqjD_yqjC_predicted,0.1111111111111111,8,8,AGGTCCGACTGCACCAGGAC,0,5226471
yqjE_yqjK_yqjD_yqjC_predicted,0.1111111111111111,8,8,AGGTCAAGCTTGTCAAGTAG,0,5214467
yqjE_yqjK_yqjD_yqjC_predicted,0.1111111111111111,8,8,AGGTAGGTCATGCAATCACG,0,5171770
yqjE_yqjK_yqjD_yqjC_predicted,0.1111111111111111,8,8,AGGGTCGGCCATGTTCACGG,0,5185168
yqjE_yqjK_yqjD_yqjC_predicted,0.1111111111111111,8,8,AGGGGGAATTGGGGTATCAC,0,5207515
yqjE_yqjK_yqjD_yqjC_predicted,0.1111111111111111,8,8,AGGGGAGAAGTGAGTTCCAC,0,5219264
yqjE_yqjK_yqjD_yqjC_predicted,0.1111111111111111,8,8,AGGGCGCAGGGGCCGGGCTA,0,5188652
yqjE_yqjK_yqjD_yqjC_predicted,0.1111111111111111,8,8,AGGGCCACTGTCTACCTTCC,0,5211728
yqjE_yqjK_yqjD_yqjC_predicted,0.1111111111111111,8,8,AGGGAACGCTCGGGCGTCCT,0,5242844
yqjE_yqjK_yqjD_yqjC_predicted,0.1111111111111111,8,8,AGGCTGGGGCCTAGTCGCTC,0,5250996
yqjE_yqjK_yqjD_yqjC_predicted,0.1111111111111111,8,8,AGGCTCCGATGCGTGGCGGT,0,5199978
yqjE_yqjK_yqjD_yqjC_predicted,0.1111111111111111,8,8,AGGCGCACATGCCGTAGGTC,0,5199222
yqjE_yqjK_yqjD_yqjC_predicted,0.1111111111111111,8,8,AGGCCGGTCAAGAATATCTT,0,5257209
yqjE_yqjK_yqjD_yqjC_predicted,0.1111111111111111,8,8,AGGCCCTAACTACTTCAGCC,0,5256675
yqjE_yqjK_yqjD_yqjC_predicted,0.1111111111111111,8,8,AGGCAACGGTTGGCGCATGT,0,5180184
yqjE_yqjK_yqjD_yqjC_predicted,0.1111111111111111,8,8,AGGATTGCGGCATCTTGTAT,0,5192734
yqjE_yqjK_yqjD_yqjC_predicted,0.1111111111111111,8,8,AGGATCCGACAGATTCCCAG,0,5257017
yqjE_yqjK_yqjD_yqjC_predicted,0.1111111111111111,8,8,AGGAGTTTCAATCCCCGCTG,0,5228628
yqjE_yqjK_yqjD_yqjC_predicted,0.1111111111111111,8,8,AGGACTATCGCTGATCAGGT,0,5216250
yqjE_yqjK_yqjD_yqjC_predicted,0.1111111111111111,8,8,AGCTCCTAGGTACGTAAAGA,0,5180320
yqjE_yqjK_yqjD_yqjC_predicted,0.1111111111111111,8,8,AGCGGTTCAACATGCATATG,0,5199905
yqjE_yqjK_yqjD_yqjC_predicted,0.1111111111111111,8,8,AGCGATGGGATATGATAGCT,0,5199879
yqjE_yqjK_yqjD_yqjC_predicted,0.1111111111111111,8,8,AGCCGCGGCTCTGTATTGAC,0,5172651
yqjE_yqjK_yqjD_yqjC_predicted,0.1111111111111111,8,8,AGCCACAACATAAAGACCGT,0,5238000
yqjE_yqjK_yqjD_yqjC_predicted,0.1111111111111111,8,8,AGCACTGCCACTTAGTGGCA,0,5198351
yqjE_yqjK_yqjD_yqjC_predicted,0.1111111111111111,8,8,AGCACCAAGGCACAGCATCC,0,5190740
yqjE_yqjK_yqjD_yqjC_predicted,0.1111111111111111,8,8,AGATGCCCCTCTAGAAGGAC,0,5178537
yqjE_yqjK_yqjD_yqjC_predicted,0.1111111111111111,8,8,AGATACTCGAGGGTGTATTT,0,5216691
yqjE_yqjK_yqjD_yqjC_predicted,0.1111111111111111,8,8,AGAGTAACCCCAAGTTATTT,0,5179464
yqjE_yqjK_yqjD_yqjC_predicted,0.1111111111111111,8,8,AGAGGGACACTGCACGGGAA,0,5220038
yqjE_yqjK_yqjD_yqjC_predicted,0.1111111111111111,8,8,AGAGGCTGGGTGAATCACTA,0,5229941
yqjE_yqjK_yqjD_yqjC_predicted,0.1111111111111111,8,8,AGAGAAGAAGGCGTTGTTGA,0,5222404
yqjE_yqjK_yqjD_yqjC_predicted,0.1111111111111111,8,8,AGACGGTCTAGCCAGAACGC,0,5193806
yqjE_yqjK_yqjD_yqjC_predicted,0.1111111111111111,8,8,AGACGGACTACACGTAACTC,0,5187449
yqjE_yqjK_yqjD_yqjC_predicted,0.1111111111111111,8,8,ACTTGTCCGTCATGGCCAGT,0,5209266
yqjE_yqjK_yqjD_yqjC_predicted,0.1111111111111111,8,8,ACTTATCCAACCCCAGTGCG,0,5235732
yqjE_yqjK_yqjD_yqjC_predicted,0.1111111111111111,8,8,ACTGCTTGGTGCACCCAGCT,0,5220692
yqjE_yqjK_yqjD_yqjC_predicted,0.1111111111111111,8,8,ACTCGCGTATGATGTACAAC,0,5219946
yqjE_yqjK_yqjD_yqjC_predicted,0.1111111111111111,8,8,ACTCAGTACGCCTAGGCACA,0,5204937
yqjE_yqjK_yqjD_yqjC_predicted,0.1111111111111111,8,8,ACTATAAGCTCGACTAGGCT,0,5178494
yqjE_yqjK_yqjD_yqjC_predicted,0.1111111111111111,8,8,ACTAGCCCAGGCGTATGATA,0,5212883
yqjE_yqjK_yqjD_yqjC_predicted,0.1111111111111111,8,8,ACGTTCGTCATGCTGGACTA,0,5241397
yqjE_yqjK_yqjD_yqjC_predicted,0.1111111111111111,8,8,ACGTGTTCTTAACAGACTGC,0,5225935
yqjE_yqjK_yqjD_yqjC_predicted,0.1111111111111111,8,8,ACGTGATTAGAAGGCGATCC,0,5245388
yqjE_yqjK_yqjD_yqjC_predicted,0.1111111111111111,8,8,ACGTCATTGCTACGCCGAGA,0,5188039
yqjE_yqjK_yqjD_yqjC_predicted,0.1111111111111111,8,8,ACGTAAAAGGTCTATAAATA,0,5182770
yqjE_yqjK_yqjD_yqjC_predicted,0.1111111111111111,8,8,ACGGTTGGCTTAGTGACGCT,0,5229468
yqjE_yqjK_yqjD_yqjC_predicted,0.1111111111111111,8,8,ACGGGCGACCTAGTAGCTTT,0,5193646
yqjE_yqjK_yqjD_yqjC_predicted,0.1111111111111111,8,8,ACGGAAAGAAACCGGACTAG,0,5216441
yqjE_yqjK_yqjD_yqjC_predicted,0.1111111111111111,8,8,ACGCGAGCCCTGCATCTGCG,0,5188531
yqjE_yqjK_yqjD_yqjC_predicted,0.1111111111111111,8,8,ACGATAATGACCCGGATAAG,0,5194290
yqjE_yqjK_yqjD_yqjC_predicted,0.1111111111111111,8,8,ACCTTTATGCAGTGATCTTA,0,5251059
yqjE_yqjK_yqjD_yqjC_predicted,0.1111111111111111,8,8,ACCTGTAGGGTTCATGTAAC,0,5174425
yqjE_yqjK_yqjD_yqjC_predicted,0.1111111111111111,8,8,ACCTCGTCCGCCTGGCCCGG,0,5182069
yqjE_yqjK_yqjD_yqjC_predicted,0.1111111111111111,8,8,ACCTCGAGTTAGATAGTCCA,0,5221160
yqjE_yqjK_yqjD_yqjC_predicted,0.1111111111111111,8,8,ACCTAGTTCGGGGGGAGGAT,0,5179421
yqjE_yqjK_yqjD_yqjC_predicted,0.1111111111111111,8,8,ACCGGAATCCTCAGCCGATA,0,5207420
yqjE_yqjK_yqjD_yqjC_predicted,0.1111111111111111,8,8,ACCGGAATATTTGCGATAAG,0,5225064
yqjE_yqjK_yqjD_yqjC_predicted,0.1111111111111111,8,8,ACCCTAAAAGTACCGTTGCT,0,5188306
yqjE_yqjK_yqjD_yqjC_predicted,0.1111111111111111,8,8,ACCCGGTCGGTGGGGTATTA,0,5203673
yqjE_yqjK_yqjD_yqjC_predicted,0.1111111111111111,8,8,ACCATACGCTTCAGCCCGGA,0,5201181
yqjE_yqjK_yqjD_yqjC_predicted,0.1111111111111111,8,8,ACCAGGTGGTTCCGCTGCAG,0,5178822
yqjE_yqjK_yqjD_yqjC_predicted,0.1111111111111111,8,8,ACCAATCGCTGCCTATTTTT,0,5242792
yqjE_yqjK_yqjD_yqjC_predicted,0.1111111111111111,8,8,ACCAATCGACAAATCCCGCC,0,5260224
yqjE_yqjK_yqjD_yqjC_predicted,0.1111111111111111,8,8,ACATCAGCCGTAGGGGATGG,0,5176044
yqjE_yqjK_yqjD_yqjC_predicted,0.1111111111111111,8,8,ACAGGAATACCGTAATTTTG,0,5260099
yqjE_yqjK_yqjD_yqjC_predicted,0.1111111111111111,8,8,ACAGCCTAATTTCCGGCCAC,0,5233571
yqjE_yqjK_yqjD_yqjC_predicted,0.1111111111111111,8,8,ACAGACCTACTGGCGTATTA,0,5243217
yqjE_yqjK_yqjD_yqjC_predicted,0.1111111111111111,8,8,ACAGAATGCCCACCGAGGTT,0,5202977
yqjE_yqjK_yqjD_yqjC_predicted,0.1111111111111111,8,8,ACACTCGCGCGTAGGGAATT,0,5173948
yqjE_yqjK_yqjD_yqjC_predicted,0.1111111111111111,8,8,ACACATGCAAGGTGGCGGCA,0,5223714
yqjE_yqjK_yqjD_yqjC_predicted,0.1111111111111111,8,8,ACAAGTGCCTAATGACGGAA,0,5229283
yqjE_yqjK_yqjD_yqjC_predicted,0.1111111111111111,8,8,ACAAGGGGGGTCCTAAGTTA,0,5201257
yqjE_yqjK_yqjD_yqjC_predicted,0.1111111111111111,8,8,ACAACATAGCGTGAACGTGG,0,5256488
yqjE_yqjK_yqjD_yqjC_predicted,0.1111111111111111,8,8,AATTTCAGCTTCGCCACTTC,0,5216266
yqjE_yqjK_yqjD_yqjC_predicted,0.1111111111111111,8,8,AATTGGTCGCACGGGTAAAA,0,5196390
yqjE_yqjK_yqjD_yqjC_predicted,0.1111111111111111,8,8,AATTCGTATTAAGGTGAATA,0,5208498
yqjE_yqjK_yqjD_yqjC_predicted,0.1111111111111111,8,8,AATTCCACACCAACGATGTG,0,5234672
yqjE_yqjK_yqjD_yqjC_predicted,0.1111111111111111,8,8,AATTCAGGGTCGCCCTTCCC,0,5221097
yqjE_yqjK_yqjD_yqjC_predicted,0.1111111111111111,8,8,AATGTTGGGAGCGGTCAGTC,0,5226787
yqjE_yqjK_yqjD_yqjC_predicted,0.1111111111111111,8,8,AATGGTGCGATATATATAGA,0,5253236
yqjE_yqjK_yqjD_yqjC_predicted,0.1111111111111111,8,8,AATGGAAACAGTACATCATG,0,5204777
yqjE_yqjK_yqjD_yqjC_predicted,0.1111111111111111,8,8,AATGCCAATGTCTGCCTCCC,0,5253014
yqjE_yqjK_yqjD_yqjC_predicted,0.1111111111111111,8,8,AATACCACCAACAACAGGCT,0,5200569
yqjE_yqjK_yqjD_yqjC_predicted,0.1111111111111111,8,8,AAGTGTCAGCAGTCAGTCTT,0,5206185
yqjE_yqjK_yqjD_yqjC_predicted,0.1111111111111111,8,8,AAGTGGGGATGGCCAAGCAA,0,5187920
yqjE_yqjK_yqjD_yqjC_predicted,0.1111111111111111,8,8,AAGGTCGGTTATGCGACGCA,0,5231244
yqjE_yqjK_yqjD_yqjC_predicted,0.1111111111111111,8,8,AAGGCCCGGGTTCCAGGCAG,0,5248713
yqjE_yqjK_yqjD_yqjC_predicted,0.1111111111111111,8,8,AAGGCAAATTGGCGTGGAAG,0,5237498
yqjE_yqjK_yqjD_yqjC_predicted,0.1111111111111111,8,8,AAGGACGGTGGTTCGAAAAT,0,5197407
yqjE_yqjK_yqjD_yqjC_predicted,0.1111111111111111,8,8,AAGGAACCCGGAAGTCGAGC,0,5239442
yqjE_yqjK_yqjD_yqjC_predicted,0.1111111111111111,8,8,AAGCTGGATGGTATATCCCT,0,5259197
yqjE_yqjK_yqjD_yqjC_predicted,0.1111111111111111,8,8,AAGCGGATGTGCAAGAGAGC,0,5172945
yqjE_yqjK_yqjD_yqjC_predicted,0.1111111111111111,8,8,AAGCGCCGCTTCTGCGGTTC,0,5252279
yqjE_yqjK_yqjD_yqjC_predicted,0.1111111111111111,8,8,AAGCGAGTATCTTCGCATCC,0,5204579
yqjE_yqjK_yqjD_yqjC_predicted,0.1111111111111111,8,8,AAGATATCGTCTAGCATACA,0,5196609
yqjE_yqjK_yqjD_yqjC_predicted,0.1111111111111111,8,8,AAGAAATATGGTGTGCTTAG,0,5202381
yqjE_yqjK_yqjD_yqjC_predicted,0.1111111111111111,8,8,AACTTTTACCACACCACTCT,0,5191565
yqjE_yqjK_yqjD_yqjC_predicted,0.1111111111111111,8,8,AACTTTATGTTGATTCCGTA,0,5214459
yqjE_yqjK_yqjD_yqjC_predicted,0.1111111111111111,8,8,AACTCGTCGCTAATTCGCAG,0,5182079
yqjE_yqjK_yqjD_yqjC_predicted,0.1111111111111111,8,8,AACGCTGGCTTTAATTTTGT,0,5197301
yqjE_yqjK_yqjD_yqjC_predicted,0.1111111111111111,8,8,AACGCATTGTGCATCTGCGA,0,5188902
yqjE_yqjK_yqjD_yqjC_predicted,0.1111111111111111,8,8,AACGCAACCGCCAGCTCCCA,0,5190140
yqjE_yqjK_yqjD_yqjC_predicted,0.1111111111111111,8,8,AACCACTTCTGGCAGATGTA,0,5237209
yqjE_yqjK_yqjD_yqjC_predicted,0.1111111111111111,8,8,AACACTGGGTGGCCCAAGGC,0,5204016
yqjE_yqjK_yqjD_yqjC_predicted,0.1111111111111111,8,8,AAATGCAGCGGCTGTCAGCG,0,5188159
yqjE_yqjK_yqjD_yqjC_predicted,0.1111111111111111,8,8,AAATCCCAATACCATCGGTG,0,5191850
yqjE_yqjK_yqjD_yqjC_predicted,0.1111111111111111,8,8,AAAGTGCATAAATCGCAAAA,0,5257923
yqjE_yqjK_yqjD_yqjC_predicted,0.1111111111111111,8,8,AAAGGTATGTGAACGGCACA,0,5228365
yqjE_yqjK_yqjD_yqjC_predicted,0.1111111111111111,8,8,AAAGGCACCAACTGTGTTGA,0,5250795
yqjE_yqjK_yqjD_yqjC_predicted,0.1111111111111111,8,8,AAAGCGTTGGTTGCTCGATT,0,5225950
yqjE_yqjK_yqjD_yqjC_predicted,0.1111111111111111,8,8,AAAGAGAACGGGAATAAAGT,0,5231444
yqjE_yqjK_yqjD_yqjC_predicted,0.1111111111111111,8,8,AAACGTTCATTGTTTCTTGT,0,5260469
yqjE_yqjK_yqjD_yqjC_predicted,0.1111111111111111,8,8,AAAACACTTTAATGTTCGGG,0,5261520
yqjE_yqjK_yqjD_yqjC_predicted,0.1111111111111111,8,8,AAAACACATAGGTAACGAAC,0,5209347
yqjE_yqjK_yqjD_yqjC_predicted,0.1111111111111111,8,8,AAAAACAGTTCACTTGGTTG,0,5241971
yqjE_yqjK_yqjD_yqjC_predicted,0.1111111111111111,8,8,AAAAAAGGCAGACGCAGCGG,0,5196395
yqjE_yqjK_yqjD_yqjC_predicted,0.125,7,7,TTTTGCCGGGTCCATGTCGG,0,5197087
yqjE_yqjK_yqjD_yqjC_predicted,0.125,7,7,TTTTGCCCAGCTAAGGCGAT,0,5252130
yqjE_yqjK_yqjD_yqjC_predicted,0.125,7,7,TTTTATCATTTATGGGCTAA,0,5179374
yqjE_yqjK_yqjD_yqjC_predicted,0.125,7,7,TTTGCTCACTGTGAGTTTAA,0,5250758
yqjE_yqjK_yqjD_yqjC_predicted,0.125,7,7,TTTGCCGTTGATTTTTTCAA,0,5243001
yqjE_yqjK_yqjD_yqjC_predicted,0.125,7,7,TTTGCCGATCTCATCCCGCC,0,5189926
yqjE_yqjK_yqjD_yqjC_predicted,0.125,7,7,TTTGAAGCATGGGTCTGGGA,0,5183728
yqjE_yqjK_yqjD_yqjC_predicted,0.125,7,7,TTTCCAGAGAGGCTGCGTAG,0,5213866
yqjE_yqjK_yqjD_yqjC_predicted,0.125,7,7,TTTACTGTGAGTGTAAGTAC,0,5200116
yqjE_yqjK_yqjD_yqjC_predicted,0.125,7,7,TTTAATCAATTCGCCCAACT,0,5220981
yqjE_yqjK_yqjD_yqjC_predicted,0.125,7,7,TTTAATATACACAATAGGTA,0,5225784
yqjE_yqjK_yqjD_yqjC_predicted,0.125,7,7,TTTAATACAGCACTCGAATC,0,5251713
yqjE_yqjK_yqjD_yqjC_predicted,0.125,7,7,TTGTTAACGAGCTCTTGAAG,0,5198489
yqjE_yqjK_yqjD_yqjC_predicted,0.125,7,7,TTGTGGGTTACCTACATCAT,0,5172202
yqjE_yqjK_yqjD_yqjC_predicted,0.125,7,7,TTGTCAAAGAGCCATCCTCC,0,5188569
yqjE_yqjK_yqjD_yqjC_predicted,0.125,7,7,TTGTACTCAGCAGTTCTTAA,0,5232617
yqjE_yqjK_yqjD_yqjC_predicted,0.125,7,7,TTGGTGCCCCGGGCCGTCCA,0,5226793
yqjE_yqjK_yqjD_yqjC_predicted,0.125,7,7,TTGGCCCAATCTCGGAAACC,0,5223083
yqjE_yqjK_yqjD_yqjC_predicted,0.125,7,7,TTGGCACGCTTTTTGTGGCC,0,5204043
yqjE_yqjK_yqjD_yqjC_predicted,0.125,7,7,TTGGACCACTGTAGCCATCA,0,5233329
yqjE_yqjK_yqjD_yqjC_predicted,0.125,7,7,TTGCTCTTAACAGGCCCTGC,0,5176268
yqjE_yqjK_yqjD_yqjC_predicted,0.125,7,7,TTGCGGCGCCGTTGCATGCA,0,5256343
yqjE_yqjK_yqjD_yqjC_predicted,0.125,7,7,TTGATTTAACATGTTCTTGA,0,5193937
yqjE_yqjK_yqjD_yqjC_predicted,0.125,7,7,TTGATCAAGTTCGGCGTAAT,0,5229768
yqjE_yqjK_yqjD_yqjC_predicted,0.125,7,7,TTGATAGACAACGCTGGAGG,0,5205440
yqjE_yqjK_yqjD_yqjC_predicted,0.125,7,7,TTGACCCCATGAGTTGACCC,0,5237063
yqjE_yqjK_yqjD_yqjC_predicted,0.125,7,7,TTGAAAGGCCGTATTATGGC,0,5174413
yqjE_yqjK_yqjD_yqjC_predicted,0.125,7,7,TTCTGGAGCATGGTCACCCC,0,5172353
yqjE_yqjK_yqjD_yqjC_predicted,0.125,7,7,TTCTGGACTGGTCTTTGGAT,0,5225407
yqjE_yqjK_yqjD_yqjC_predicted,0.125,7,7,TTCTGACGGCGCAATTGATA,0,5186292
yqjE_yqjK_yqjD_yqjC_predicted,0.125,7,7,TTCTGAAATGCTCAGCCAAG,0,5253476
yqjE_yqjK_yqjD_yqjC_predicted,0.125,7,7,TTCTCTTCATAGCAATGGTA,0,5227548
yqjE_yqjK_yqjD_yqjC_predicted,0.125,7,7,TTCTATTCGTACCAGCTTAA,0,5184950
yqjE_yqjK_yqjD_yqjC_predicted,0.125,7,7,TTCTAATAGCGCGGGACCAC,0,5186310
yqjE_yqjK_yqjD_yqjC_predicted,0.125,7,7,TTCGGTCTATCTGAAGGAGA,0,5225386
yqjE_yqjK_yqjD_yqjC_predicted,0.125,7,7,TTCGGTAGCCACACTGTAGA,0,5172330
yqjE_yqjK_yqjD_yqjC_predicted,0.125,7,7,TTCGCCGGTATCGGAAATCC,0,5260293
yqjE_yqjK_yqjD_yqjC_predicted,0.125,7,7,TTCGCACCAATTGATCCGTA,0,5232765
yqjE_yqjK_yqjD_yqjC_predicted,0.125,7,7,TTCCGGTTGATAGCCCGCGT,0,5239806
yqjE_yqjK_yqjD_yqjC_predicted,0.125,7,7,TTCCGAGCACTTACAGTGCA,0,5170884
yqjE_yqjK_yqjD_yqjC_predicted,0.125,7,7,TTCATCTGCGATCGGCCTTA,0,5228893
yqjE_yqjK_yqjD_yqjC_predicted,0.125,7,7,TTCAGGGCGGTGTAGATAGC,0,5229809
yqjE_yqjK_yqjD_yqjC_predicted,0.125,7,7,TTCAGATCGAGTACAGGGCT,0,5233921
yqjE_yqjK_yqjD_yqjC_predicted,0.125,7,7,TTATTAGAGCGTGATAAGGT,0,5181405
yqjE_yqjK_yqjD_yqjC_predicted,0.125,7,7,TTAGTAGAGTCTAGCCCACG,0,5223066
yqjE_yqjK_yqjD_yqjC_predicted,0.125,7,7,TTAGGGAGGTCCCACGTATC,0,5227711
yqjE_yqjK_yqjD_yqjC_predicted,0.125,7,7,TTAGCTACTAGGCTCGTGCC,0,5196238
yqjE_yqjK_yqjD_yqjC_predicted,0.125,7,7,TTAGCGGTTGAGCTCATGTG,0,5237673
yqjE_yqjK_yqjD_yqjC_predicted,0.125,7,7,TTAGCGGGGGGTCCCTCGTC,0,5220451
yqjE_yqjK_yqjD_yqjC_predicted,0.125,7,7,TTAGCACGAGCGGCAGAGCA,0,5191899
yqjE_yqjK_yqjD_yqjC_predicted,0.125,7,7,TTAGACGTCTTAGGTTTGCG,0,5220581
yqjE_yqjK_yqjD_yqjC_predicted,0.125,7,7,TTACTTGTGTTTAAGATATC,0,5219454
yqjE_yqjK_yqjD_yqjC_predicted,0.125,7,7,TTACTCACGGCCAGGAGATA,0,5183786
yqjE_yqjK_yqjD_yqjC_predicted,0.125,7,7,TTACTCACGGCAAAGCCAAA,0,5175865
yqjE_yqjK_yqjD_yqjC_predicted,0.125,7,7,TTACGTGCGAGCGTTATCTT,0,5202390
yqjE_yqjK_yqjD_yqjC_predicted,0.125,7,7,TTACGCTATACACGCTCGAG,0,5182752
yqjE_yqjK_yqjD_yqjC_predicted,0.125,7,7,TTACGCGCGGCTACCCATAC,0,5226925
yqjE_yqjK_yqjD_yqjC_predicted,0.125,7,7,TTACGCAGGAAACCTTCGGG,0,5257016
yqjE_yqjK_yqjD_yqjC_predicted,0.125,7,7,TTAATTCCATATGGAGAATA,0,5178696
yqjE_yqjK_yqjD_yqjC_predicted,0.125,7,7,TTAACGGGTGAAGCGCTTGT,0,5213699
yqjE_yqjK_yqjD_yqjC_predicted,0.125,7,7,TTAACAATGACCGCCAATAG,0,5199996
yqjE_yqjK_yqjD_yqjC_predicted,0.125,7,7,TGTTTTGACCGTTCTATGAT,0,5204526
yqjE_yqjK_yqjD_yqjC_predicted,0.125,7,7,TGTTTCGTATGATAGGACCT,0,5250663
yqjE_yqjK_yqjD_yqjC_predicted,0.125,7,7,TGTTTCACGCCTCTGCTATG,0,5213568
yqjE_yqjK_yqjD_yqjC_predicted,0.125,7,7,TGTTTATCGTTTCTGTCTGA,0,5186272
yqjE_yqjK_yqjD_yqjC_predicted,0.125,7,7,TGTTGAAGTCAACATTATGG,0,5228899
yqjE_yqjK_yqjD_yqjC_predicted,0.125,7,7,TGTTCTATACGGTTAAGGGG,0,5203359
yqjE_yqjK_yqjD_yqjC_predicted,0.125,7,7,TGTTATTCGTGCGACCAAGA,0,5180099
yqjE_yqjK_yqjD_yqjC_predicted,0.125,7,7,TGTGTCAGGGTGGATGTCCC,0,5244596
yqjE_yqjK_yqjD_yqjC_predicted,0.125,7,7,TGTGTATGTCACGCTGACAT,0,5179707
yqjE_yqjK_yqjD_yqjC_predicted,0.125,7,7,TGTGGAGGCTGTTGAGTAAT,0,5215606
yqjE_yqjK_yqjD_yqjC_predicted,0.125,7,7,TGTGCGGGACCTTTCCATCT,0,5194259
yqjE_yqjK_yqjD_yqjC_predicted,0.125,7,7,TGTGAATGGCTACTCACGCT,0,5256187
yqjE_yqjK_yqjD_yqjC_predicted,0.125,7,7,TGTCTGGCGGTCTTGCAACT,0,5173156
yqjE_yqjK_yqjD_yqjC_predicted,0.125,7,7,TGTCTGACGCCCAGGCTATA,0,5179588
yqjE_yqjK_yqjD_yqjC_predicted,0.125,7,7,TGTCGTGGTTTCTCGGCACG,0,5194368
yqjE_yqjK_yqjD_yqjC_predicted,0.125,7,7,TGTCCGTACTTGGCCTAGGG,0,5260444
yqjE_yqjK_yqjD_yqjC_predicted,0.125,7,7,TGTATTTAGGACCGCGTAAA,0,5226463
yqjE_yqjK_yqjD_yqjC_predicted,0.125,7,7,TGTACGAAGGCAGGGTGTAC,0,5261021
yqjE_yqjK_yqjD_yqjC_predicted,0.125,7,7,TGTAATGGTAAGTGACATTA,0,5227266
yqjE_yqjK_yqjD_yqjC_predicted,0.125,7,7,TGTAAAAATATAATGCCCTT,0,5189978
yqjE_yqjK_yqjD_yqjC_predicted,0.125,7,7,TGGTTGTCAATATACAAAGA,0,5196438
yqjE_yqjK_yqjD_yqjC_predicted,0.125,7,7,TGGGGTAGGAACTGTCACAT,0,5248466
yqjE_yqjK_yqjD_yqjC_predicted,0.125,7,7,TGGGGCGGATGACGCTTACA,0,5237202
yqjE_yqjK_yqjD_yqjC_predicted,0.125,7,7,TGGGCTATAAGTCTGTCCTA,0,5234419
yqjE_yqjK_yqjD_yqjC_predicted,0.125,7,7,TGGGCCGGAGGCTGCCGTTC,0,5192836
yqjE_yqjK_yqjD_yqjC_predicted,0.125,7,7,TGGGCAAGCATGCCCAGGGG,0,5197455
yqjE_yqjK_yqjD_yqjC_predicted,0.125,7,7,TGGCACTGGTTTCTCCGGGT,0,5206381
yqjE_yqjK_yqjD_yqjC_predicted,0.125,7,7,TGGATCCCCAATATAGACTG,0,5237473
yqjE_yqjK_yqjD_yqjC_predicted,0.125,7,7,TGGATAACCGACCGGATCCT,0,5224872
yqjE_yqjK_yqjD_yqjC_predicted,0.125,7,7,TGGACCTGTCCGCAATAGTG,0,5245705
yqjE_yqjK_yqjD_yqjC_predicted,0.125,7,7,TGGAAGGACCTCTGTTGTAT,0,5221936
yqjE_yqjK_yqjD_yqjC_predicted,0.125,7,7,TGCTGGTCGGTCCACCAGTA,0,5203529
yqjE_yqjK_yqjD_yqjC_predicted,0.125,7,7,TGCTGGTACGCACTGTACAT,0,5212793
yqjE_yqjK_yqjD_yqjC_predicted,0.125,7,7,TGCTGCGATTCAACCCGCGA,0,5215830
yqjE_yqjK_yqjD_yqjC_predicted,0.125,7,7,TGCTCTCCCTGAATTCGCCC,0,5221014
yqjE_yqjK_yqjD_yqjC_predicted,0.125,7,7,TGCGTTGATAGAATCAGAAC,0,5258191
yqjE_yqjK_yqjD_yqjC_predicted,0.125,7,7,TGCGTTCAATTGCCGTGTGG,0,5240070
yqjE_yqjK_yqjD_yqjC_predicted,0.125,7,7,TGCGCGTGAAGGATGTCGTT,0,5186930
yqjE_yqjK_yqjD_yqjC_predicted,0.125,7,7,TGCGAATCCTTATGGGTTCA,0,5262444
yqjE_yqjK_yqjD_yqjC_predicted,0.125,7,7,TGCGAACGTTGCCACGGGAA,0,5194003
yqjE_yqjK_yqjD_yqjC_predicted,0.125,7,7,TGCCTGGGAAATTAGGGCGT,0,5171102
yqjE_yqjK_yqjD_yqjC_predicted,0.125,7,7,TGCCGCTGTGTTGGCTATAT,0,5233368
yqjE_yqjK_yqjD_yqjC_predicted,0.125,7,7,TGCCCGTCCCGTCTCGGCTT,0,5223406
yqjE_yqjK_yqjD_yqjC_predicted,0.125,7,7,TGCAGTAGCTGTACTCTGGA,0,5257041
yqjE_yqjK_yqjD_yqjC_predicted,0.125,7,7,TGCAGCCTCCTTAGGGGCCA,0,5246501
yqjE_yqjK_yqjD_yqjC_predicted,0.125,7,7,TGCAACGCTATTAACATGGG,0,5236668
yqjE_yqjK_yqjD_yqjC_predicted,0.125,7,7,TGATGGAGAGGTTTGTATTT,0,5181765
yqjE_yqjK_yqjD_yqjC_predicted,0.125,7,7,TGATATAAAAGCCTCTCAGT,0,5206436
yqjE_yqjK_yqjD_yqjC_predicted,0.125,7,7,TGAGGTAACTCCTATGTTCA,0,5251203
yqjE_yqjK_yqjD_yqjC_predicted,0.125,7,7,TGAGGAGCCTCGCAGCTTTT,0,5262560
yqjE_yqjK_yqjD_yqjC_predicted,0.125,7,7,TGAGCACGATTGAGAACCCC,0,5257568
yqjE_yqjK_yqjD_yqjC_predicted,0.125,7,7,TGAGATGGAATGATTACGAG,0,5175101
yqjE_yqjK_yqjD_yqjC_predicted,0.125,7,7,TGACTATTCATTCGAGGTTA,0,5211793
yqjE_yqjK_yqjD_yqjC_predicted,0.125,7,7,TGACAATCCTTACGAGTTAG,0,5200630
yqjE_yqjK_yqjD_yqjC_predicted,0.125,7,7,TGAACACTATGAGTAGCGCT,0,5231121
yqjE_yqjK_yqjD_yqjC_predicted,0.125,7,7,TGAAATTATAGACCTCTAGA,0,5174073
yqjE_yqjK_yqjD_yqjC_predicted,0.125,7,7,TGAAAGGAGTCGTGCCGCCA,0,5211524
yqjE_yqjK_yqjD_yqjC_predicted,0.125,7,7,TGAAAGAGTGGGTGTAACCA,0,5216683
yqjE_yqjK_yqjD_yqjC_predicted,0.125,7,7,TGAAACTCCGGCTATAAGAA,0,5192753
yqjE_yqjK_yqjD_yqjC_predicted,0.125,7,7,TCTTGTTCAGGCAGTCGTTA,0,5217858
yqjE_yqjK_yqjD_yqjC_predicted,0.125,7,7,TCTTACATCCGGAGCGAGAG,0,5241601
yqjE_yqjK_yqjD_yqjC_predicted,0.125,7,7,TCTGGTATATGCGTTTGTAA,0,5177799
yqjE_yqjK_yqjD_yqjC_predicted,0.125,7,7,TCTGGGGATTACGGTGCGAC,0,5171649
yqjE_yqjK_yqjD_yqjC_predicted,0.125,7,7,TCTGGACATGAGTCCAAACC,0,5178228
yqjE_yqjK_yqjD_yqjC_predicted,0.125,7,7,TCTGAACGCGACCCCAGCCA,0,5220684
yqjE_yqjK_yqjD_yqjC_predicted,0.125,7,7,TCTCGGAGAGCTGTCTCTGA,0,5188285
yqjE_yqjK_yqjD_yqjC_predicted,0.125,7,7,TCTCGCTCGCACCATCTTTG,0,5237844
yqjE_yqjK_yqjD_yqjC_predicted,0.125,7,7,TCTCCATCACATCTTAAAAT,0,5262611
yqjE_yqjK_yqjD_yqjC_predicted,0.125,7,7,TCTCACATCTTGTCAACTGG,0,5253998
yqjE_yqjK_yqjD_yqjC_predicted,0.125,7,7,TCGTCACGGAGTTCCGGAGT,0,5179261
yqjE_yqjK_yqjD_yqjC_predicted,0.125,7,7,TCGTCAATAAGTGTGGAGCC,0,5196136
yqjE_yqjK_yqjD_yqjC_predicted,0.125,7,7,TCGTATCGGGTTATGCAAAT,0,5251455
yqjE_yqjK_yqjD_yqjC_predicted,0.125,7,7,TCGTAGCGTGTTGCCACTGT,0,5190107
yqjE_yqjK_yqjD_yqjC_predicted,0.125,7,7,TCGGTGCACGCAACACGATG,0,5190268
yqjE_yqjK_yqjD_yqjC_predicted,0.125,7,7,TCGGTACTATTGTACGAAAG,0,5199078
yqjE_yqjK_yqjD_yqjC_predicted,0.125,7,7,TCGGGGTTATGGGATGTGGT,0,5259433
yqjE_yqjK_yqjD_yqjC_predicted,0.125,7,7,TCGGGCCATGTGCATATGCG,0,5178128
yqjE_yqjK_yqjD_yqjC_predicted,0.125,7,7,TCGGCTAGTCTTTAAGTCTA,0,5183871
yqjE_yqjK_yqjD_yqjC_predicted,0.125,7,7,TCGGACTTATTCATACCGTC,0,5198097
yqjE_yqjK_yqjD_yqjC_predicted,0.125,7,7,TCGCTCATCGAACCATTAGT,0,5242379
yqjE_yqjK_yqjD_yqjC_predicted,0.125,7,7,TCGCTACTCGAATAACAGGT,0,5230457
yqjE_yqjK_yqjD_yqjC_predicted,0.125,7,7,TCGCACGGCGATGCTGTCAG,0,5238944
yqjE_yqjK_yqjD_yqjC_predicted,0.125,7,7,TCGATACGCTTGTACAGGTC,0,5203951
yqjE_yqjK_yqjD_yqjC_predicted,0.125,7,7,TCGAGCTTTCCCCGCCACTT,0,5176726
yqjE_yqjK_yqjD_yqjC_predicted,0.125,7,7,TCGACTTGTTCCAGGGCCAT,0,5241346
yqjE_yqjK_yqjD_yqjC_predicted,0.125,7,7,TCGACTGCCGTATGCGTAGG,0,5201642
yqjE_yqjK_yqjD_yqjC_predicted,0.125,7,7,TCCTTGGAGATGAATTTACA,0,5207551
yqjE_yqjK_yqjD_yqjC_predicted,0.125,7,7,TCCTGGAAATGTGATTCCTT,0,5172679
yqjE_yqjK_yqjD_yqjC_predicted,0.125,7,7,TCCTGAAGGTTGGCCGAGTT,0,5196377
yqjE_yqjK_yqjD_yqjC_predicted,0.125,7,7,TCCTAGGTATATCCAGTCAC,0,5182360
yqjE_yqjK_yqjD_yqjC_predicted,0.125,7,7,TCCGGTAACCGTAACGGACT,0,5203100
yqjE_yqjK_yqjD_yqjC_predicted,0.125,7,7,TCCGGCGTCGAAGAGCGTGC,0,5177334
yqjE_yqjK_yqjD_yqjC_predicted,0.125,7,7,TCCGCATGTTGTAGATAAAA,0,5227612
yqjE_yqjK_yqjD_yqjC_predicted,0.125,7,7,TCCCTAAGAAATACGACACA,0,5204391
yqjE_yqjK_yqjD_yqjC_predicted,0.125,7,7,TCCCATGTCTCAGCGGTAAA,0,5203326
yqjE_yqjK_yqjD_yqjC_predicted,0.125,7,7,TCCATTCCCAAGGTACACCT,0,5259692
yqjE_yqjK_yqjD_yqjC_predicted,0.125,7,7,TCCATCTCACAACGTATGAC,0,5180521
yqjE_yqjK_yqjD_yqjC_predicted,0.125,7,7,TCCATCCATCAACTCAGTGC,0,5194438
yqjE_yqjK_yqjD_yqjC_predicted,0.125,7,7,TCCATAGATAGTAAGATCCG,0,5197491
yqjE_yqjK_yqjD_yqjC_predicted,0.125,7,7,TCCAGCCGGTGGGCAAGTAA,0,5184428
yqjE_yqjK_yqjD_yqjC_predicted,0.125,7,7,TCCACCTTATAGCCTTGTGC,0,5241325
yqjE_yqjK_yqjD_yqjC_predicted,0.125,7,7,TCCAAGAAATTATTAGACCA,0,5235594
yqjE_yqjK_yqjD_yqjC_predicted,0.125,7,7,TCATGCAGTTCGGAGACTGG,0,5240121
yqjE_yqjK_yqjD_yqjC_predicted,0.125,7,7,TCATGCAAAATGTTTGGGGT,0,5225846
yqjE_yqjK_yqjD_yqjC_predicted,0.125,7,7,TCATATGATATAGTCAAACT,0,5177313
yqjE_yqjK_yqjD_yqjC_predicted,0.125,7,7,TCAGGCTTCACGCCTTCCAT,0,5261544
yqjE_yqjK_yqjD_yqjC_predicted,0.125,7,7,TCAGGCAACGCTTGAATGTT,0,5262067
yqjE_yqjK_yqjD_yqjC_predicted,0.125,7,7,TCAGGAGTAAACGCTATTGA,0,5218503
yqjE_yqjK_yqjD_yqjC_predicted,0.125,7,7,TCAGACATTATCAAAGAGGG,0,5252179
yqjE_yqjK_yqjD_yqjC_predicted,0.125,7,7,TCACACGGGCAGTGCTGCCG,0,5215268
yqjE_yqjK_yqjD_yqjC_predicted,0.125,7,7,TCAATTTACTGGTCGCGGGT,0,5196184
yqjE_yqjK_yqjD_yqjC_predicted,0.125,7,7,TCAATTACTAAGATGCAGGG,0,5243701
yqjE_yqjK_yqjD_yqjC_predicted,0.125,7,7,TCAATGCCGCTACGACGGGG,0,5219218
yqjE_yqjK_yqjD_yqjC_predicted,0.125,7,7,TCAAGAGCCCACCCGACGAA,0,5252847
yqjE_yqjK_yqjD_yqjC_predicted,0.125,7,7,TCAAAATTCAAACGTGTTAC,0,5205352
yqjE_yqjK_yqjD_yqjC_predicted,0.125,7,7,TATTGGTTGCAGGAGGTGTT,0,5202378
yqjE_yqjK_yqjD_yqjC_predicted,0.125,7,7,TATTCTACCAGCAGCCGGGG,0,5231237
yqjE_yqjK_yqjD_yqjC_predicted,0.125,7,7,TATGTAGCCACATTGTCCTT,0,5195886
yqjE_yqjK_yqjD_yqjC_predicted,0.125,7,7,TATGTACGGAGGGGCTCCGG,0,5218680
yqjE_yqjK_yqjD_yqjC_predicted,0.125,7,7,TATGGGTGAAAAATTAAGTG,0,5188968
yqjE_yqjK_yqjD_yqjC_predicted,0.125,7,7,TATCTGGGTAGGAAGTTCAG,0,5176552
yqjE_yqjK_yqjD_yqjC_predicted,0.125,7,7,TATCCGCAAAAGGCCATTGA,0,5253788
yqjE_yqjK_yqjD_yqjC_predicted,0.125,7,7,TATCCCGAAACACGTAACTT,0,5200755
yqjE_yqjK_yqjD_yqjC_predicted,0.125,7,7,TATCAATCTATACATGATGG,0,5259712
yqjE_yqjK_yqjD_yqjC_predicted,0.125,7,7,TATACCGTGTCGTGCGCTTG,0,5177085
yqjE_yqjK_yqjD_yqjC_predicted,0.125,7,7,TAGGCTTTCCATTTTATCTG,0,5196989
yqjE_yqjK_yqjD_yqjC_predicted,0.125,7,7,TAGGAGACAAATTCGTAAGT,0,5206568
yqjE_yqjK_yqjD_yqjC_predicted,0.125,7,7,TAGGAATCAAGTCCACATAT,0,5190920
yqjE_yqjK_yqjD_yqjC_predicted,0.125,7,7,TAGCTCCATCGTCCGCGAAC,0,5222902
yqjE_yqjK_yqjD_yqjC_predicted,0.125,7,7,TAGATTTGATAGAGTTGGAT,0,5179437
yqjE_yqjK_yqjD_yqjC_predicted,0.125,7,7,TAGATTTAAGCTGAGCACAC,0,5220945
yqjE_yqjK_yqjD_yqjC_predicted,0.125,7,7,TAGATAATGGTCACTGAATC,0,5172211
yqjE_yqjK_yqjD_yqjC_predicted,0.125,7,7,TAGAGCGGCGTCTAGCTGAT,0,5188640
yqjE_yqjK_yqjD_yqjC_predicted,0.125,7,7,TAGAGCCAGCGAATAGGTGT,0,5244901
yqjE_yqjK_yqjD_yqjC_predicted,0.125,7,7,TAGACAAGCCCTCAATCCGG,0,5203923
yqjE_yqjK_yqjD_yqjC_predicted,0.125,7,7,TACTTAACAGGGCGCTTTAA,0,5187557
yqjE_yqjK_yqjD_yqjC_predicted,0.125,7,7,TACTGGGCTATTTGCTGGCA,0,5171423
yqjE_yqjK_yqjD_yqjC_predicted,0.125,7,7,TACTGATCAGTACCCTTGGA,0,5189969
yqjE_yqjK_yqjD_yqjC_predicted,0.125,7,7,TACTCTTCTGTGTTACATTA,0,5176341
yqjE_yqjK_yqjD_yqjC_predicted,0.125,7,7,TACTCACCTTTGGTACTAGA,0,5184779
yqjE_yqjK_yqjD_yqjC_predicted,0.125,7,7,TACGTCGCCCTAGCGGCGCG,0,5216664
yqjE_yqjK_yqjD_yqjC_predicted,0.125,7,7,TACGGGTTCCTTCTTATTGG,0,5195184
yqjE_yqjK_yqjD_yqjC_predicted,0.125,7,7,TACGATAAGGAGATAGATGA,0,5251912
yqjE_yqjK_yqjD_yqjC_predicted,0.125,7,7,TACCGTAGTGCTAAACACCA,0,5258554
yqjE_yqjK_yqjD_yqjC_predicted,0.125,7,7,TACCGTACAGGGCCTGATGG,0,5206004
yqjE_yqjK_yqjD_yqjC_predicted,0.125,7,7,TACCCTGAATTGAATTTGAT,0,5261123
yqjE_yqjK_yqjD_yqjC_predicted,0.125,7,7,TACCCGATGCTAGCTGCAAT,0,5251574
yqjE_yqjK_yqjD_yqjC_predicted,0.125,7,7,TACCAGTAGTATGGCGCGTT,0,5229716
yqjE_yqjK_yqjD_yqjC_predicted,0.125,7,7,TACCACGACGATGCCGATGC,0,5233399
yqjE_yqjK_yqjD_yqjC_predicted,0.125,7,7,TACATAGCAAAGACGTTTGC,0,5224558
yqjE_yqjK_yqjD_yqjC_predicted,0.125,7,7,TACAGGTTAATGACCTGTAT,0,5253442
yqjE_yqjK_yqjD_yqjC_predicted,0.125,7,7,TACACCAGTGAATTGACACG,0,5199994
yqjE_yqjK_yqjD_yqjC_predicted,0.125,7,7,TAATGGTCCTTGTAATTGTG,0,5185561
yqjE_yqjK_yqjD_yqjC_predicted,0.125,7,7,TAATATGGCTGAAGGCATGA,0,5229212
yqjE_yqjK_yqjD_yqjC_predicted,0.125,7,7,TAAGTCTGGTACCGGTTAAT,0,5181603
yqjE_yqjK_yqjD_yqjC_predicted,0.125,7,7,TAAGGCATGCCCGGTCGTTA,0,5224341
yqjE_yqjK_yqjD_yqjC_predicted,0.125,7,7,TAACCTCCCGACAAGATGGG,0,5182378
yqjE_yqjK_yqjD_yqjC_predicted,0.125,7,7,TAACATCGAGGATGTCTAGT,0,5222242
yqjE_yqjK_yqjD_yqjC_predicted,0.125,7,7,TAACAAGACTTGCTAATTTA,0,5253420
yqjE_yqjK_yqjD_yqjC_predicted,0.125,7,7,TAAAGCGGGTGGTATACCTC,0,5217825
yqjE_yqjK_yqjD_yqjC_predicted,0.125,7,7,GTTTAGGATTACGACCGTAA,0,5211962
yqjE_yqjK_yqjD_yqjC_predicted,0.125,7,7,GTTTAGCTAAAAGGGTGGCT,0,5228192
yqjE_yqjK_yqjD_yqjC_predicted,0.125,7,7,GTTTAGCGATCAAATGGTCC,0,5193871
yqjE_yqjK_yqjD_yqjC_predicted,0.125,7,7,GTTGTAAGAGCATACCAGTG,0,5242310
yqjE_yqjK_yqjD_yqjC_predicted,0.125,7,7,GTTGATGTACTCCAACAAGC,0,5186413
yqjE_yqjK_yqjD_yqjC_predicted,0.125,7,7,GTTGACATTAGTCCTTGTTT,0,5208633
yqjE_yqjK_yqjD_yqjC_predicted,0.125,7,7,GTTGAATCTTTCGCAGGAGC,0,5188247
yqjE_yqjK_yqjD_yqjC_predicted,0.125,7,7,GTTCTTGCTCGTGGGAGTCG,0,5209478
yqjE_yqjK_yqjD_yqjC_predicted,0.125,7,7,GTTCGAGTGTAATACATAAT,0,5212858
yqjE_yqjK_yqjD_yqjC_predicted,0.125,7,7,GTTCGAGGTTGTGGAGCAGG,0,5246302
yqjE_yqjK_yqjD_yqjC_predicted,0.125,7,7,GTTCAGCTAGGGAGCTCCTT,0,5189805
yqjE_yqjK_yqjD_yqjC_predicted,0.125,7,7,GTTCACGTTGTTGTGTTCTG,0,5251004
yqjE_yqjK_yqjD_yqjC_predicted,0.125,7,7,GTTCAAATGTGCCTCCACTA,0,5186833
yqjE_yqjK_yqjD_yqjC_predicted,0.125,7,7,GTTACGAGAATAGTCATCGC,0,5206005
yqjE_yqjK_yqjD_yqjC_predicted,0.125,7,7,GTGTGGCAAAATACCTATTA,0,5257244
yqjE_yqjK_yqjD_yqjC_predicted,0.125,7,7,GTGTACGCACCGTGCCGCAT,0,5179320
yqjE_yqjK_yqjD_yqjC_predicted,0.125,7,7,GTGGTTGTCCGCTTTGCATG,0,5188377
yqjE_yqjK_yqjD_yqjC_predicted,0.125,7,7,GTGGTGTGAACTATTTGGAA,0,5187011
yqjE_yqjK_yqjD_yqjC_predicted,0.125,7,7,GTGGTCTTGGGCCGTGGGTT,0,5189733
yqjE_yqjK_yqjD_yqjC_predicted,0.125,7,7,GTGGGGCTGGACAGACAATA,0,5202974
yqjE_yqjK_yqjD_yqjC_predicted,0.125,7,7,GTGGCCTCTCGCCAGCCCGA,0,5181025
yqjE_yqjK_yqjD_yqjC_predicted,0.125,7,7,GTGGCATATATCAGTTCTAA,0,5174343
yqjE_yqjK_yqjD_yqjC_predicted,0.125,7,7,GTGGAGGTGCTATTACCCTT,0,5224469
yqjE_yqjK_yqjD_yqjC_predicted,0.125,7,7,GTGGACTTTCGACTGTGGGA,0,5171548
yqjE_yqjK_yqjD_yqjC_predicted,0.125,7,7,GTGCTAGATATCTTAACGGT,0,5213881
yqjE_yqjK_yqjD_yqjC_predicted,0.125,7,7,GTGCGTGGGCACAGAAAGTT,0,5199609
yqjE_yqjK_yqjD_yqjC_predicted,0.125,7,7,GTGCGTAAAAAGGGAACGGG,0,5232987
yqjE_yqjK_yqjD_yqjC_predicted,0.125,7,7,GTGCGGTTCAGGTCCTAGCA,0,5203240
yqjE_yqjK_yqjD_yqjC_predicted,0.125,7,7,GTGCCCAGCATCTAAGTCAC,0,5242752
yqjE_yqjK_yqjD_yqjC_predicted,0.125,7,7,GTGCAAAGTGGTAAAATAGG,0,5243800
yqjE_yqjK_yqjD_yqjC_predicted,0.125,7,7,GTGATCACTCCTGCCAGGCA,0,5262091
yqjE_yqjK_yqjD_yqjC_predicted,0.125,7,7,GTGAGTTCAGCGATCAATTT,0,5214499
yqjE_yqjK_yqjD_yqjC_predicted,0.125,7,7,GTGAGGTCGGACCAAGACTT,0,5171816
yqjE_yqjK_yqjD_yqjC_predicted,0.125,7,7,GTGAGCGAGTGCCCTGTTCA,0,5176738
yqjE_yqjK_yqjD_yqjC_predicted,0.125,7,7,GTCTATGCCTCGACAGTGAG,0,5225680
yqjE_yqjK_yqjD_yqjC_predicted,0.125,7,7,GTCTAAGGGCAAATGCATAT,0,5183072
yqjE_yqjK_yqjD_yqjC_predicted,0.125,7,7,GTCGTGGGTGTGGGGACTGG,0,5213059
yqjE_yqjK_yqjD_yqjC_predicted,0.125,7,7,GTCGGGAGCCAAGTTCCCAC,0,5253217
yqjE_yqjK_yqjD_yqjC_predicted,0.125,7,7,GTCGCGAGTGGTTTCCCCTT,0,5258576
yqjE_yqjK_yqjD_yqjC_predicted,0.125,7,7,GTCGAAGTATCGTAGTGCGG,0,5257452
yqjE_yqjK_yqjD_yqjC_predicted,0.125,7,7,GTCCTTCGACTGTGGTGAGT,0,5180338
yqjE_yqjK_yqjD_yqjC_predicted,0.125,7,7,GTCCTTAAGTAAGTGAAACA,0,5229462
yqjE_yqjK_yqjD_yqjC_predicted,0.125,7,7,GTCCCGCGCACAGTGTCAGT,0,5177947
yqjE_yqjK_yqjD_yqjC_predicted,0.125,7,7,GTCCATACTACATTAGCGCA,0,5250366
yqjE_yqjK_yqjD_yqjC_predicted,0.125,7,7,GTCATTGAATCCCTTTCTCG,0,5245080
yqjE_yqjK_yqjD_yqjC_predicted,0.125,7,7,GTCATGCGCCGATCAGCAAC,0,5238866
yqjE_yqjK_yqjD_yqjC_predicted,0.125,7,7,GTCATAGTCGCCAGTGGTCT,0,5200384
yqjE_yqjK_yqjD_yqjC_predicted,0.125,7,7,GTATGTGTGGTATATAACTA,0,5188745
yqjE_yqjK_yqjD_yqjC_predicted,0.125,7,7,GTATGGCCGGGTATCTAGTG,0,5208917
yqjE_yqjK_yqjD_yqjC_predicted,0.125,7,7,GTATGAGAAACATCCGAGAG,0,5187749
yqjE_yqjK_yqjD_yqjC_predicted,0.125,7,7,GTATCCTAATGCGAGTGCGA,0,5230510
yqjE_yqjK_yqjD_yqjC_predicted,0.125,7,7,GTATCCGATTTTATACCCTG,0,5189862
yqjE_yqjK_yqjD_yqjC_predicted,0.125,7,7,GTATCACACAATGCCCGGTT,0,5221577
yqjE_yqjK_yqjD_yqjC_predicted,0.125,7,7,GTATACGGGTTGTACATTGC,0,5239304
yqjE_yqjK_yqjD_yqjC_predicted,0.125,7,7,GTATACCGAGACGTGTACGC,0,5177462
yqjE_yqjK_yqjD_yqjC_predicted,0.125,7,7,GTATAATGAACGCGTTTGCT,0,5217467
yqjE_yqjK_yqjD_yqjC_predicted,0.125,7,7,GTAGTTTTGACGACTGTCCG,0,5202732
yqjE_yqjK_yqjD_yqjC_predicted,0.125,7,7,GTAGGGTTTCCTCAAGAGGG,0,5200377
yqjE_yqjK_yqjD_yqjC_predicted,0.125,7,7,GTAGGGCCTCTTGAGAAAAC,0,5180323
yqjE_yqjK_yqjD_yqjC_predicted,0.125,7,7,GTAGGCTAGGCCCGGTTGCT,0,5253006
yqjE_yqjK_yqjD_yqjC_predicted,0.125,7,7,GTAGCAGGACAGTGCCAACT,0,5188169
yqjE_yqjK_yqjD_yqjC_predicted,0.125,7,7,GTAGCAACGACCGTAACATT,0,5224100
yqjE_yqjK_yqjD_yqjC_predicted,0.125,7,7,GTAGACGGCAGCTAGTGGAC,0,5218126
yqjE_yqjK_yqjD_yqjC_predicted,0.125,7,7,GTACTGTTGAGTGTCCGCCA,0,5252557
yqjE_yqjK_yqjD_yqjC_predicted,0.125,7,7,GTACGCATTGTTCACATCAC,0,5212453
yqjE_yqjK_yqjD_yqjC_predicted,0.125,7,7,GTACGATAAGGGCTAGCGCA,0,5233643
yqjE_yqjK_yqjD_yqjC_predicted,0.125,7,7,GTACCCCACCGACAGTGGGA,0,5225312
yqjE_yqjK_yqjD_yqjC_predicted,0.125,7,7,GTAAGGAGCCGAATCGAAGT,0,5178192
yqjE_yqjK_yqjD_yqjC_predicted,0.125,7,7,GTAACCGTTAAAGCTGACGA,0,5237689
yqjE_yqjK_yqjD_yqjC_predicted,0.125,7,7,GGTTGAAGCCGTCGCCAGCT,0,5198651
yqjE_yqjK_yqjD_yqjC_predicted,0.125,7,7,GGTTCGCAGGTTATATGGTA,0,5190930
yqjE_yqjK_yqjD_yqjC_predicted,0.125,7,7,GGTTATACTGATATCCGGTA,0,5201401
yqjE_yqjK_yqjD_yqjC_predicted,0.125,7,7,GGTGAAATTACTAGAGTTGC,0,5193392
yqjE_yqjK_yqjD_yqjC_predicted,0.125,7,7,GGTCTATGAGTCAATTGAGG,0,5193415
yqjE_yqjK_yqjD_yqjC_predicted,0.125,7,7,GGTCGTTCACCAGGGTAGCT,0,5222329
yqjE_yqjK_yqjD_yqjC_predicted,0.125,7,7,GGTCGAACCGCGTGGATCAC,0,5221927
yqjE_yqjK_yqjD_yqjC_predicted,0.125,7,7,GGTCCTACGAACAACATCAA,0,5219788
yqjE_yqjK_yqjD_yqjC_predicted,0.125,7,7,GGTATGACATCTACCTATTT,0,5232541
yqjE_yqjK_yqjD_yqjC_predicted,0.125,7,7,GGTAGCCCAGGTCTGGTAGA,0,5239723
yqjE_yqjK_yqjD_yqjC_predicted,0.125,7,7,GGTAGCAATGGCTGTGTATT,0,5207264
yqjE_yqjK_yqjD_yqjC_predicted,0.125,7,7,GGTACAATAAGTAAGGGAAG,0,5172910
yqjE_yqjK_yqjD_yqjC_predicted,0.125,7,7,GGGTTTCAGAGTTTGTCGAA,0,5208384
yqjE_yqjK_yqjD_yqjC_predicted,0.125,7,7,GGGTCTTAATGCCTTTTACA,0,5188741
yqjE_yqjK_yqjD_yqjC_predicted,0.125,7,7,GGGTCATCCGTGTAACCAGG,0,5214021
yqjE_yqjK_yqjD_yqjC_predicted,0.125,7,7,GGGTACGAACGTTCTCGCGT,0,5220225
yqjE_yqjK_yqjD_yqjC_predicted,0.125,7,7,GGGGTTATCTACATCTCCGA,0,5171106
yqjE_yqjK_yqjD_yqjC_predicted,0.125,7,7,GGGGGTATCAATTCAATATG,0,5251630
yqjE_yqjK_yqjD_yqjC_predicted,0.125,7,7,GGGGGATGATGTATAATAAT,0,5195675
yqjE_yqjK_yqjD_yqjC_predicted,0.125,7,7,GGGGGAACATCGCAGTCACT,0,5206183
yqjE_yqjK_yqjD_yqjC_predicted,0.125,7,7,GGGGCTTCGTTCAACAGTTA,0,5250809
yqjE_yqjK_yqjD_yqjC_predicted,0.125,7,7,GGGGCAGTGTCGCAACCTGT,0,5193326
yqjE_yqjK_yqjD_yqjC_predicted,0.125,7,7,GGGGCAACTACGATGAGTTA,0,5226774
yqjE_yqjK_yqjD_yqjC_predicted,0.125,7,7,GGGGAATAGTGTGAGACTCT,0,5208761
yqjE_yqjK_yqjD_yqjC_predicted,0.125,7,7,GGGCTGCCCTATAATCCTAT,0,5205203
yqjE_yqjK_yqjD_yqjC_predicted,0.125,7,7,GGGCTCGTAAAAAAGCTAAC,0,5209420
yqjE_yqjK_yqjD_yqjC_predicted,0.125,7,7,GGGCAGCGGTTTCTTACGAC,0,5251351
yqjE_yqjK_yqjD_yqjC_predicted,0.125,7,7,GGGATGTTCAGGGGGGCAGG,0,5193330
yqjE_yqjK_yqjD_yqjC_predicted,0.125,7,7,GGGAGAGTACCTAGGCTAAA,0,5243984
yqjE_yqjK_yqjD_yqjC_predicted,0.125,7,7,GGGAAGATCAAACGTTGGTA,0,5197168
yqjE_yqjK_yqjD_yqjC_predicted,0.125,7,7,GGCTTAGCCGGTTTCAAAGA,0,5218937
yqjE_yqjK_yqjD_yqjC_predicted,0.125,7,7,GGCTAACACTCGCATGTTTT,0,5206328
yqjE_yqjK_yqjD_yqjC_predicted,0.125,7,7,GGCGGCCGTACTTGATGGTG,0,5194066
yqjE_yqjK_yqjD_yqjC_predicted,0.125,7,7,GGCCCTGATTTTATCCCGTG,0,5241063
yqjE_yqjK_yqjD_yqjC_predicted,0.125,7,7,GGCCCCGCCAGGTCAGCGTG,0,5245550
yqjE_yqjK_yqjD_yqjC_predicted,0.125,7,7,GGCCCAACAGGGAATCGGTG,0,5241235
yqjE_yqjK_yqjD_yqjC_predicted,0.125,7,7,GGCCCAAATACACTAAGTAG,0,5180621
yqjE_yqjK_yqjD_yqjC_predicted,0.125,7,7,GGCATCTCAGTCAGACGGTG,0,5225994
yqjE_yqjK_yqjD_yqjC_predicted,0.125,7,7,GGCATATACGCCGTAGAGCT,0,5208374
yqjE_yqjK_yqjD_yqjC_predicted,0.125,7,7,GGATTTCTTTTCTCCGGTAA,0,5187294
yqjE_yqjK_yqjD_yqjC_predicted,0.125,7,7,GGATCCGTTCCTCGCTAGTT,0,5260549
yqjE_yqjK_yqjD_yqjC_predicted,0.125,7,7,GGAGTACGCGCATTATGGTA,0,5216207
yqjE_yqjK_yqjD_yqjC_predicted,0.125,7,7,GGAGGAAGCAGGGCCATAGT,0,5175324
yqjE_yqjK_yqjD_yqjC_predicted,0.125,7,7,GGACATGTGGCCAGTAACGT,0,5229705
yqjE_yqjK_yqjD_yqjC_predicted,0.125,7,7,GGACAGGTTTAACAACATCA,0,5214494
yqjE_yqjK_yqjD_yqjC_predicted,0.125,7,7,GCTTTACTGGCCACTGATTT,0,5250464
yqjE_yqjK_yqjD_yqjC_predicted,0.125,7,7,GCTTGTCTCCATTTGTCAGT,0,5258892
yqjE_yqjK_yqjD_yqjC_predicted,0.125,7,7,GCTTCAAGTCACTCTTTGAA,0,5244117
yqjE_yqjK_yqjD_yqjC_predicted,0.125,7,7,GCTTAATGGACAGTCTGTCC,0,5246787
yqjE_yqjK_yqjD_yqjC_predicted,0.125,7,7,GCTTAACTTCCACACATCCA,0,5219713
yqjE_yqjK_yqjD_yqjC_predicted,0.125,7,7,GCTATTTGATCTCAAGGTAG,0,5240197
yqjE_yqjK_yqjD_yqjC_predicted,0.125,7,7,GCTATGTATAATTGATCACA,0,5235927
yqjE_yqjK_yqjD_yqjC_predicted,0.125,7,7,GCTACCTGTTTTCTTTTTAC,0,5219816
yqjE_yqjK_yqjD_yqjC_predicted,0.125,7,7,GCTAACCACGCTGTTCACGA,0,5199958
yqjE_yqjK_yqjD_yqjC_predicted,0.125,7,7,GCGTTAAATCTATGTTTAGA,0,5220955
yqjE_yqjK_yqjD_yqjC_predicted,0.125,7,7,GCGTGTTCGTAACCGTCGAG,0,5188757
yqjE_yqjK_yqjD_yqjC_predicted,0.125,7,7,GCGTATTCTTCTAAGGTGTA,0,5230074
yqjE_yqjK_yqjD_yqjC_predicted,0.125,7,7,GCGGGTTTTTGACAACGGGA,0,5171091
yqjE_yqjK_yqjD_yqjC_predicted,0.125,7,7,GCGGCGAACTGGCAGTTGTC,0,5180618
yqjE_yqjK_yqjD_yqjC_predicted,0.125,7,7,GCGGAGTGGCGTCTATGTGA,0,5196302
yqjE_yqjK_yqjD_yqjC_predicted,0.125,7,7,GCGCGTCCCTGAGTACAACA,0,5183538
yqjE_yqjK_yqjD_yqjC_predicted,0.125,7,7,GCGCCCATTGGCGGAAGGAA,0,5219742
yqjE_yqjK_yqjD_yqjC_predicted,0.125,7,7,GCGCATCACTTGTTTCAACC,0,5209269
yqjE_yqjK_yqjD_yqjC_predicted,0.125,7,7,GCGCAGAAAATGTTCGGGGA,0,5253496
yqjE_yqjK_yqjD_yqjC_predicted,0.125,7,7,GCGAATTCGGCCTAGCAAGT,0,5215945
yqjE_yqjK_yqjD_yqjC_predicted,0.125,7,7,GCCTTCTTCCGCATGTGTGG,0,5239122
yqjE_yqjK_yqjD_yqjC_predicted,0.125,7,7,GCCTCGTTTAACATTATCAT,0,5262395
yqjE_yqjK_yqjD_yqjC_predicted,0.125,7,7,GCCGGTCCTTGGCCTCATCT,0,5224363
yqjE_yqjK_yqjD_yqjC_predicted,0.125,7,7,GCCGCTGTCTGCATGAATGG,0,5194432
yqjE_yqjK_yqjD_yqjC_predicted,0.125,7,7,GCCGCGCCACCTGAGGCTGA,0,5184077
yqjE_yqjK_yqjD_yqjC_predicted,0.125,7,7,GCCGATTGCGCAGTTACTAC,0,5172627
yqjE_yqjK_yqjD_yqjC_predicted,0.125,7,7,GCCCTAGGTGCAGGTCAGGA,0,5187187
yqjE_yqjK_yqjD_yqjC_predicted,0.125,7,7,GCCCGGCTTGTCCTTGTGTG,0,5189534
yqjE_yqjK_yqjD_yqjC_predicted,0.125,7,7,GCCCCTGCTGCCAAGCGTAA,0,5245231
yqjE_yqjK_yqjD_yqjC_predicted,0.125,7,7,GCCCAACGAGATATTGAGAT,0,5215206
yqjE_yqjK_yqjD_yqjC_predicted,0.125,7,7,GCCAGCGTATTTCAATAGGT,0,5232087
yqjE_yqjK_yqjD_yqjC_predicted,0.125,7,7,GCCACGATGAATTACAAAAG,0,5238277
yqjE_yqjK_yqjD_yqjC_predicted,0.125,7,7,GCCACCGCGTCTAAAGGTTC,0,5186976
yqjE_yqjK_yqjD_yqjC_predicted,0.125,7,7,GCCAAGCCATCGTCGGCTGA,0,5249218
yqjE_yqjK_yqjD_yqjC_predicted,0.125,7,7,GCATTGGGGATCTCATCAGT,0,5202637
yqjE_yqjK_yqjD_yqjC_predicted,0.125,7,7,GCATCGGACTTGAGAGAAGC,0,5258534
yqjE_yqjK_yqjD_yqjC_predicted,0.125,7,7,GCATACTCGCAGTACTGATA,0,5201427
yqjE_yqjK_yqjD_yqjC_predicted,0.125,7,7,GCAGGAGAGACCATCTGAGG,0,5253489
yqjE_yqjK_yqjD_yqjC_predicted,0.125,7,7,GCAGGACAGAGTTTCAACTC,0,5209581
yqjE_yqjK_yqjD_yqjC_predicted,0.125,7,7,GCACTGTAGGCGGCGGACAG,0,5241812
yqjE_yqjK_yqjD_yqjC_predicted,0.125,7,7,GCACCGGTAGCCCCGTAAAA,0,5205200
yqjE_yqjK_yqjD_yqjC_predicted,0.125,7,7,GCACCAGCTACTACTAAGGT,0,5235021
yqjE_yqjK_yqjD_yqjC_predicted,0.125,7,7,GCAATCAATGTGGACAGTGC,0,5244110
yqjE_yqjK_yqjD_yqjC_predicted,0.125,7,7,GCAAGTACATAAGCGTCCGA,0,5220622
yqjE_yqjK_yqjD_yqjC_predicted,0.125,7,7,GATGTGGTAGCTTGTGAAAA,0,5250115
yqjE_yqjK_yqjD_yqjC_predicted,0.125,7,7,GATGTCTAGTTGCACGCTTA,0,5244314
yqjE_yqjK_yqjD_yqjC_predicted,0.125,7,7,GATGTAGTGGAAAGTAGTCT,0,5200197
yqjE_yqjK_yqjD_yqjC_predicted,0.125,7,7,GATGGCAACGCAGTCACAAA,0,5226751
yqjE_yqjK_yqjD_yqjC_predicted,0.125,7,7,GATGGATCTGCTCGAGCTCT,0,5176909
yqjE_yqjK_yqjD_yqjC_predicted,0.125,7,7,GATGCGACACCCAAATTAGT,0,5185203
yqjE_yqjK_yqjD_yqjC_predicted,0.125,7,7,GATCGCGCTCTCGATTCGAC,0,5246426
yqjE_yqjK_yqjD_yqjC_predicted,0.125,7,7,GATCCATCTGATTTGATTAA,0,5176988
yqjE_yqjK_yqjD_yqjC_predicted,0.125,7,7,GATCCAATACGATCCGACAG,0,5231056
yqjE_yqjK_yqjD_yqjC_predicted,0.125,7,7,GATAACTTACACACTCCTGC,0,5260312
yqjE_yqjK_yqjD_yqjC_predicted,0.125,7,7,GAGTTTACGAACACCTGACA,0,5194562
yqjE_yqjK_yqjD_yqjC_predicted,0.125,7,7,GAGTATTCTCTCGAGATGTA,0,5218100
yqjE_yqjK_yqjD_yqjC_predicted,0.125,7,7,GAGGTAGGCCAATCCGGGTC,0,5224512
yqjE_yqjK_yqjD_yqjC_predicted,0.125,7,7,GAGGAAAGCGGTCTGTTTCC,0,5230500
yqjE_yqjK_yqjD_yqjC_predicted,0.125,7,7,GAGCCGGTTAGCTCTCGGTT,0,5228964
yqjE_yqjK_yqjD_yqjC_predicted,0.125,7,7,GAGCATGTTCCCACCCTTAT,0,5188939
yqjE_yqjK_yqjD_yqjC_predicted,0.125,7,7,GAGATACTCCCGAAACGGAA,0,5187298
yqjE_yqjK_yqjD_yqjC_predicted,0.125,7,7,GAGACCGGAGGCTTTCGTCT,0,5208169
yqjE_yqjK_yqjD_yqjC_predicted,0.125,7,7,GAGAATGACTCAGGGCGATC,0,5199209
yqjE_yqjK_yqjD_yqjC_predicted,0.125,7,7,GACTTCAGCTTGGATAAACT,0,5226590
yqjE_yqjK_yqjD_yqjC_predicted,0.125,7,7,GACTCCCGGTGAAGCAGTAG,0,5241479
yqjE_yqjK_yqjD_yqjC_predicted,0.125,7,7,GACGTTTCGTTCCACGCGGT,0,5188575
yqjE_yqjK_yqjD_yqjC_predicted,0.125,7,7,GACGCTCGTCGTTGTATACG,0,5262016
yqjE_yqjK_yqjD_yqjC_predicted,0.125,7,7,GACGCCCGAAGCTTCAGGAT,0,5231383
yqjE_yqjK_yqjD_yqjC_predicted,0.125,7,7,GACCTCGTCTCGATTTCATT,0,5210121
yqjE_yqjK_yqjD_yqjC_predicted,0.125,7,7,GACCCTAGGTCAACGGTGGC,0,5244431
yqjE_yqjK_yqjD_yqjC_predicted,0.125,7,7,GACAGGTTTGGTCGAACGGT,0,5190777
yqjE_yqjK_yqjD_yqjC_predicted,0.125,7,7,GACAGCCAACTTTTCCGTTA,0,5233280
yqjE_yqjK_yqjD_yqjC_predicted,0.125,7,7,GACACAAGTGGTGGAGCGTG,0,5257862
yqjE_yqjK_yqjD_yqjC_predicted,0.125,7,7,GAATTGGGTCGAAGTGGTCC,0,5206340
yqjE_yqjK_yqjD_yqjC_predicted,0.125,7,7,GAATGCAGAACTACGAAGAA,0,5245783
yqjE_yqjK_yqjD_yqjC_predicted,0.125,7,7,GAAGTAATTGATGGCGAACT,0,5249268
yqjE_yqjK_yqjD_yqjC_predicted,0.125,7,7,GAAGCGGCGAGCGTCTTGTA,0,5218104
yqjE_yqjK_yqjD_yqjC_predicted,0.125,7,7,GAACCTGGATTGAAGGCAGC,0,5251583
yqjE_yqjK_yqjD_yqjC_predicted,0.125,7,7,GAACACCAGTGCTGCGTTCG,0,5211796
yqjE_yqjK_yqjD_yqjC_predicted,0.125,7,7,GAAATTCCTTAAAAGAGGGG,0,5240085
yqjE_yqjK_yqjD_yqjC_predicted,0.125,7,7,GAAAGTCCATGGCCTAACGC,0,5179922
yqjE_yqjK_yqjD_yqjC_predicted,0.125,7,7,GAAACTACCCCTCGGACATA,0,5249783
yqjE_yqjK_yqjD_yqjC_predicted,0.125,7,7,GAAACGTCGTCTATGCGGCA,0,5185102
yqjE_yqjK_yqjD_yqjC_predicted,0.125,7,7,GAAACCCTAGCTAAGCGAAA,0,5210503
yqjE_yqjK_yqjD_yqjC_predicted,0.125,7,7,GAAAACGAAGTTCGAGGAAT,0,5206750
yqjE_yqjK_yqjD_yqjC_predicted,0.125,7,7,GAAAACCTTGCGATAAATGA,0,5182957
yqjE_yqjK_yqjD_yqjC_predicted,0.125,7,7,CTTTGACTGGCCGCCATTAA,0,5171070
yqjE_yqjK_yqjD_yqjC_predicted,0.125,7,7,CTTTCCGTACTTTGCTTCCA,0,5243884
yqjE_yqjK_yqjD_yqjC_predicted,0.125,7,7,CTTTAAGCACTCTCTTGACA,0,5211325
yqjE_yqjK_yqjD_yqjC_predicted,0.125,7,7,CTTGGGGTCAGCCTAAGAGC,0,5193644
yqjE_yqjK_yqjD_yqjC_predicted,0.125,7,7,CTTCGGAAAACCCTATTTTG,0,5254337
yqjE_yqjK_yqjD_yqjC_predicted,0.125,7,7,CTTCCTGAAGCTTTTGGATT,0,5244852
yqjE_yqjK_yqjD_yqjC_predicted,0.125,7,7,CTTAGGTATTGACTCTCGAG,0,5178231
yqjE_yqjK_yqjD_yqjC_predicted,0.125,7,7,CTTAGCCAGAGCTAAACATA,0,5197369
yqjE_yqjK_yqjD_yqjC_predicted,0.125,7,7,CTTAGCAGGGGCAACGAGAT,0,5256860
yqjE_yqjK_yqjD_yqjC_predicted,0.125,7,7,CTTAAGAGACACGTCTAGAG,0,5227011
yqjE_yqjK_yqjD_yqjC_predicted,0.125,7,7,CTGTGTGTTTAAGTACATCA,0,5244698
yqjE_yqjK_yqjD_yqjC_predicted,0.125,7,7,CTGTATAATTCCCGGTTAGA,0,5191469
yqjE_yqjK_yqjD_yqjC_predicted,0.125,7,7,CTGGGTGTACGGGGATTTTT,0,5262094
yqjE_yqjK_yqjD_yqjC_predicted,0.125,7,7,CTGGCGGGCCGGGAATATCG,0,5236801
yqjE_yqjK_yqjD_yqjC_predicted,0.125,7,7,CTGGCGCAGAAGGTAATTTA,0,5238508
yqjE_yqjK_yqjD_yqjC_predicted,0.125,7,7,CTGCGATAGCAAGACGTCTA,0,5209352
yqjE_yqjK_yqjD_yqjC_predicted,0.125,7,7,CTGATGGGGTCATGAATCAG,0,5184128
yqjE_yqjK_yqjD_yqjC_predicted,0.125,7,7,CTGATGCATGGATTTACTAT,0,5246575
yqjE_yqjK_yqjD_yqjC_predicted,0.125,7,7,CTGATCGGGCACCGGATGTG,0,5210994
yqjE_yqjK_yqjD_yqjC_predicted,0.125,7,7,CTGAGTCGTGTGGGTGAACT,0,5172406
yqjE_yqjK_yqjD_yqjC_predicted,0.125,7,7,CTCTTTTTTCTTACAACGTC,0,5217154
yqjE_yqjK_yqjD_yqjC_predicted,0.125,7,7,CTCTTTGGCCTTGAGGGCGT,0,5239807
yqjE_yqjK_yqjD_yqjC_predicted,0.125,7,7,CTCTTCCAGGGGCAGGTGGT,0,5186212
yqjE_yqjK_yqjD_yqjC_predicted,0.125,7,7,CTCTCGTGCCGAGCTAAAAG,0,5244708
yqjE_yqjK_yqjD_yqjC_predicted,0.125,7,7,CTCGGTTGCGTTGGCTAGCG,0,5175703
yqjE_yqjK_yqjD_yqjC_predicted,0.125,7,7,CTCGCAGTATTTATGCGGGG,0,5214364
yqjE_yqjK_yqjD_yqjC_predicted,0.125,7,7,CTCGACTATTGAGCCGGTAT,0,5218725
yqjE_yqjK_yqjD_yqjC_predicted,0.125,7,7,CTCGACCTCGAGGACTGTAG,0,5195890
yqjE_yqjK_yqjD_yqjC_predicted,0.125,7,7,CTCGAAACTTCTGACCTGAT,0,5246659
yqjE_yqjK_yqjD_yqjC_predicted,0.125,7,7,CTCCTCGGCGCAGCCACACA,0,5256017
yqjE_yqjK_yqjD_yqjC_predicted,0.125,7,7,CTCCCTATGGCTACAGGCAG,0,5251242
yqjE_yqjK_yqjD_yqjC_predicted,0.125,7,7,CTCCACGGCTGGGGCATGGG,0,5236702
yqjE_yqjK_yqjD_yqjC_predicted,0.125,7,7,CTCATCAGAGGCTCAGGTCC,0,5248490
yqjE_yqjK_yqjD_yqjC_predicted,0.125,7,7,CTCAGATCCTGTGCTCCACG,0,5261810
yqjE_yqjK_yqjD_yqjC_predicted,0.125,7,7,CTCAACTCTTTCAAACCAGT,0,5196601
yqjE_yqjK_yqjD_yqjC_predicted,0.125,7,7,CTATGTATTTGATAGTGAAA,0,5241506
yqjE_yqjK_yqjD_yqjC_predicted,0.125,7,7,CTATAGGGGGGTTTACGCCG,0,5252711
yqjE_yqjK_yqjD_yqjC_predicted,0.125,7,7,CTAGTTCTCGACAGTTTCGT,0,5198418
yqjE_yqjK_yqjD_yqjC_predicted,0.125,7,7,CTAGTAGCAACGCTTGGGTT,0,5191398
yqjE_yqjK_yqjD_yqjC_predicted,0.125,7,7,CTAGGCGTTGTGATACTAAG,0,5174475
yqjE_yqjK_yqjD_yqjC_predicted,0.125,7,7,CTAGCTCGAAGACCACTATT,0,5185450
yqjE_yqjK_yqjD_yqjC_predicted,0.125,7,7,CTAGCTCCGCATGCGCCGCC,0,5243932
yqjE_yqjK_yqjD_yqjC_predicted,0.125,7,7,CTAGACCATCCTTAGGGCAG,0,5252756
yqjE_yqjK_yqjD_yqjC_predicted,0.125,7,7,CTACTTTATGTGCTGGGATG,0,5203305
yqjE_yqjK_yqjD_yqjC_predicted,0.125,7,7,CTACGCTGGGTGGCAATCGT,0,5171240
yqjE_yqjK_yqjD_yqjC_predicted,0.125,7,7,CTAATTTAGATGACGGAGAA,0,5222720
yqjE_yqjK_yqjD_yqjC_predicted,0.125,7,7,CTAAGGTTGCCAAATTCAGA,0,5170813
yqjE_yqjK_yqjD_yqjC_predicted,0.125,7,7,CTAACTTCAATTTCTTAAAC,0,5261118
yqjE_yqjK_yqjD_yqjC_predicted,0.125,7,7,CTAACGCACCTAGATCAATG,0,5184406
yqjE_yqjK_yqjD_yqjC_predicted,0.125,7,7,CGTTTACACATGAAATCAAA,0,5219514
yqjE_yqjK_yqjD_yqjC_predicted,0.125,7,7,CGTTCGCGGTTGGCTTTATC,0,5222688
yqjE_yqjK_yqjD_yqjC_predicted,0.125,7,7,CGTGTGAAGGCTGTGATTGT,0,5234453
yqjE_yqjK_yqjD_yqjC_predicted,0.125,7,7,CGTGGTTACTTTTGCTCGCA,0,5246803
yqjE_yqjK_yqjD_yqjC_predicted,0.125,7,7,CGTGCTCAAGACCGTTTCAA,0,5218908
yqjE_yqjK_yqjD_yqjC_predicted,0.125,7,7,CGTGCGGCTGCCTCAGTCAC,0,5259079
yqjE_yqjK_yqjD_yqjC_predicted,0.125,7,7,CGTGCGCAGCTCGGATGCTG,0,5248724
yqjE_yqjK_yqjD_yqjC_predicted,0.125,7,7,CGTGAATGCAAGCGTCGTAT,0,5208622
yqjE_yqjK_yqjD_yqjC_predicted,0.125,7,7,CGTCGTATAGGCTTCAGACA,0,5213203
yqjE_yqjK_yqjD_yqjC_predicted,0.125,7,7,CGTCGGAACAGGTCCGTCGT,0,5194397
yqjE_yqjK_yqjD_yqjC_predicted,0.125,7,7,CGTCCCTTCTTCAATGTTAA,0,5185525
yqjE_yqjK_yqjD_yqjC_predicted,0.125,7,7,CGTCCCTCCCGGAAGACAAG,0,5202129
yqjE_yqjK_yqjD_yqjC_predicted,0.125,7,7,CGTCCCACCCTATAAATACT,0,5196905
yqjE_yqjK_yqjD_yqjC_predicted,0.125,7,7,CGTCCCAACAAAGGAACATG,0,5187290
yqjE_yqjK_yqjD_yqjC_predicted,0.125,7,7,CGTCCACCCTATGCTCAGCA,0,5215269
yqjE_yqjK_yqjD_yqjC_predicted,0.125,7,7,CGTAGTCGTTAAACTTCAGT,0,5196328
yqjE_yqjK_yqjD_yqjC_predicted,0.125,7,7,CGTAGGTCACTAACACAATT,0,5235821
yqjE_yqjK_yqjD_yqjC_predicted,0.125,7,7,CGTAGGCCAGATGCCCTAAC,0,5234261
yqjE_yqjK_yqjD_yqjC_predicted,0.125,7,7,CGTAGCTTTCTCCTTGGCTG,0,5260114
yqjE_yqjK_yqjD_yqjC_predicted,0.125,7,7,CGTAGCTGCAGTAAATCCTT,0,5192641
yqjE_yqjK_yqjD_yqjC_predicted,0.125,7,7,CGTAGCTGATAGTGCAAGCA,0,5214197
yqjE_yqjK_yqjD_yqjC_predicted,0.125,7,7,CGTAGCTCTGATAAATCTAC,0,5261252
yqjE_yqjK_yqjD_yqjC_predicted,0.125,7,7,CGTAATAGCCGAATAGAAAA,0,5195113
yqjE_yqjK_yqjD_yqjC_predicted,0.125,7,7,CGTAACCCGCAAAGTATTAT,0,5201606
yqjE_yqjK_yqjD_yqjC_predicted,0.125,7,7,CGGTTAGGAACGTGTCAACT,0,5247005
yqjE_yqjK_yqjD_yqjC_predicted,0.125,7,7,CGGTGCGGCAGTGTGCACGG,0,5171676
yqjE_yqjK_yqjD_yqjC_predicted,0.125,7,7,CGGTCGCGGTACAAGCAGGG,0,5177689
yqjE_yqjK_yqjD_yqjC_predicted,0.125,7,7,CGGTATGAAACAGTTTGATG,0,5178023
yqjE_yqjK_yqjD_yqjC_predicted,0.125,7,7,CGGTAAATATGGAAACTCCG,0,5261256
yqjE_yqjK_yqjD_yqjC_predicted,0.125,7,7,CGGGTGCTCAGGTTTTGCGT,0,5186346
yqjE_yqjK_yqjD_yqjC_predicted,0.125,7,7,CGGGGCGCCAAGGGAGCTGG,0,5205362
yqjE_yqjK_yqjD_yqjC_predicted,0.125,7,7,CGGGGAATCTTGTGGTCAGT,0,5174555
yqjE_yqjK_yqjD_yqjC_predicted,0.125,7,7,CGGCCGGTAGGTCAGAGTGA,0,5206278
yqjE_yqjK_yqjD_yqjC_predicted,0.125,7,7,CGGCCCGGTGTGACAGTTGT,0,5179601
yqjE_yqjK_yqjD_yqjC_predicted,0.125,7,7,CGGCACCGACAGCGGCAGCA,0,5219286
yqjE_yqjK_yqjD_yqjC_predicted,0.125,7,7,CGGATTGTCACCAAATGGGT,0,5238361
yqjE_yqjK_yqjD_yqjC_predicted,0.125,7,7,CGGAGAAATTAGTAGAACCG,0,5193101
yqjE_yqjK_yqjD_yqjC_predicted,0.125,7,7,CGGAAGACGTATAGGAACGG,0,5200491
yqjE_yqjK_yqjD_yqjC_predicted,0.125,7,7,CGCTTGCCGAGGGCTAGGCG,0,5247212
yqjE_yqjK_yqjD_yqjC_predicted,0.125,7,7,CGCTTAGTTAAGGTGAACGA,0,5243885
yqjE_yqjK_yqjD_yqjC_predicted,0.125,7,7,CGCTCGGTGCGCTGGTTCAC,0,5191196
yqjE_yqjK_yqjD_yqjC_predicted,0.125,7,7,CGCGTTGCTGAAATGCGAAT,0,5209752
yqjE_yqjK_yqjD_yqjC_predicted,0.125,7,7,CGCGTTCATACGTTGCAAAT,0,5173038
yqjE_yqjK_yqjD_yqjC_predicted,0.125,7,7,CGCGGTGCATATACTGTTGT,0,5247174
yqjE_yqjK_yqjD_yqjC_predicted,0.125,7,7,CGCGGTCGGGATGTGGGACC,0,5239414
yqjE_yqjK_yqjD_yqjC_predicted,0.125,7,7,CGCGGCCCAATGGACATAAC,0,5216128
yqjE_yqjK_yqjD_yqjC_predicted,0.125,7,7,CGCGCGGCGTATGCCCAACA,0,5255960
yqjE_yqjK_yqjD_yqjC_predicted,0.125,7,7,CGCGAAACACCACAGGCCAG,0,5190307
yqjE_yqjK_yqjD_yqjC_predicted,0.125,7,7,CGCCTCCCGACTTTTAATAT,0,5253953
yqjE_yqjK_yqjD_yqjC_predicted,0.125,7,7,CGCCTCACGCGGAATAGTAG,0,5252803
yqjE_yqjK_yqjD_yqjC_predicted,0.125,7,7,CGCATGTTTGTTGACTACAG,0,5243915
yqjE_yqjK_yqjD_yqjC_predicted,0.125,7,7,CGCAGTAATAGGCGATCCAC,0,5224160
yqjE_yqjK_yqjD_yqjC_predicted,0.125,7,7,CGCACTTAAGTCGTTACCGA,0,5219305
yqjE_yqjK_yqjD_yqjC_predicted,0.125,7,7,CGCAACTCGCGTGGTTGAGG,0,5205961
yqjE_yqjK_yqjD_yqjC_predicted,0.125,7,7,CGATTTTAAGAGAGTCGAGA,0,5188867
yqjE_yqjK_yqjD_yqjC_predicted,0.125,7,7,CGATGTGATAAATACCTTGC,0,5243905
yqjE_yqjK_yqjD_yqjC_predicted,0.125,7,7,CGATCCATTCCGAGGCGATG,0,5252636
yqjE_yqjK_yqjD_yqjC_predicted,0.125,7,7,CGAGTTTTTGGGTGGTACAT,0,5216938
yqjE_yqjK_yqjD_yqjC_predicted,0.125,7,7,CGAGTGTGGGATGCATCTGA,0,5172189
yqjE_yqjK_yqjD_yqjC_predicted,0.125,7,7,CGAGGGCTGGGGGAGCTGTA,0,5213566
yqjE_yqjK_yqjD_yqjC_predicted,0.125,7,7,CGAGGGACCGCGAGCGTGCC,0,5196806
yqjE_yqjK_yqjD_yqjC_predicted,0.125,7,7,CGAGGAAGTTCGTACTGTTA,0,5216933
yqjE_yqjK_yqjD_yqjC_predicted,0.125,7,7,CGAGCCTCGGTCCTCAGAGT,0,5195134
yqjE_yqjK_yqjD_yqjC_predicted,0.125,7,7,CGACTTAGACATCCTGTTTC,0,5253818
yqjE_yqjK_yqjD_yqjC_predicted,0.125,7,7,CGACCCGCTTCCGGCGTTAA,0,5177257
yqjE_yqjK_yqjD_yqjC_predicted,0.125,7,7,CGACCCAAACGTTTGGTTTT,0,5242556
yqjE_yqjK_yqjD_yqjC_predicted,0.125,7,7,CGACAAGGTACCTATGTTCC,0,5226898
yqjE_yqjK_yqjD_yqjC_predicted,0.125,7,7,CGAATGCCCCACTTTTAATT,0,5197756
yqjE_yqjK_yqjD_yqjC_predicted,0.125,7,7,CGAAGATCTAGTGCGACGGT,0,5186897
yqjE_yqjK_yqjD_yqjC_predicted,0.125,7,7,CGAACTAGCTAGCATAGATG,0,5193105
yqjE_yqjK_yqjD_yqjC_predicted,0.125,7,7,CGAACCAACGGGTCAAAAGA,0,5196307
yqjE_yqjK_yqjD_yqjC_predicted,0.125,7,7,CGAAACGTCTATAATATCTA,0,5233121
yqjE_yqjK_yqjD_yqjC_predicted,0.125,7,7,CCTTCCACAAACCGTCCCCG,0,5252945
yqjE_yqjK_yqjD_yqjC_predicted,0.125,7,7,CCTTATGGAACACAATGTTT,0,5225657
yqjE_yqjK_yqjD_yqjC_predicted,0.125,7,7,CCTTAGGTGTACCTTGCATA,0,5247481
yqjE_yqjK_yqjD_yqjC_predicted,0.125,7,7,CCTGGGTGTAAGGTCCAAAG,0,5213119
yqjE_yqjK_yqjD_yqjC_predicted,0.125,7,7,CCTGGCCCTTTCCACGGGGA,0,5247913
yqjE_yqjK_yqjD_yqjC_predicted,0.125,7,7,CCTGCTTGTAAGACATCCTA,0,5234713
yqjE_yqjK_yqjD_yqjC_predicted,0.125,7,7,CCTGCCATGGGCTGTTATAT,0,5219884
yqjE_yqjK_yqjD_yqjC_predicted,0.125,7,7,CCTGAGTTAAAAAGGCAGTT,0,5242598
yqjE_yqjK_yqjD_yqjC_predicted,0.125,7,7,CCTCTCCTTGGGGTAGATGT,0,5197735
yqjE_yqjK_yqjD_yqjC_predicted,0.125,7,7,CCTAAGCTTAGGAGCCACTT,0,5261011
yqjE_yqjK_yqjD_yqjC_predicted,0.125,7,7,CCGTTTTGTAGTGCGAGGTG,0,5184784
yqjE_yqjK_yqjD_yqjC_predicted,0.125,7,7,CCGTTCGCTAGCACGGTGGT,0,5194127
yqjE_yqjK_yqjD_yqjC_predicted,0.125,7,7,CCGTTAACGAGGGTACGTAT,0,5224173
yqjE_yqjK_yqjD_yqjC_predicted,0.125,7,7,CCGTCCTGCTTACCAAGGTT,0,5193077
yqjE_yqjK_yqjD_yqjC_predicted,0.125,7,7,CCGTAGGTAATCGACCATGG,0,5213229
yqjE_yqjK_yqjD_yqjC_predicted,0.125,7,7,CCGGGTCCGTTGGATGATTT,0,5223757
yqjE_yqjK_yqjD_yqjC_predicted,0.125,7,7,CCGGGCGTTCGATAAGCCAT,0,5219535
yqjE_yqjK_yqjD_yqjC_predicted,0.125,7,7,CCGGGCGTCCAGGCGAGCCT,0,5184770
yqjE_yqjK_yqjD_yqjC_predicted,0.125,7,7,CCGGCAAAAGGGACGATCAA,0,5243177
yqjE_yqjK_yqjD_yqjC_predicted,0.125,7,7,CCGCGTTGGGATAAATAGGA,0,5213789
yqjE_yqjK_yqjD_yqjC_predicted,0.125,7,7,CCGCGAGCTCGTACATTCAC,0,5248714
yqjE_yqjK_yqjD_yqjC_predicted,0.125,7,7,CCGCACTGGTACGGTCTTTC,0,5217756
yqjE_yqjK_yqjD_yqjC_predicted,0.125,7,7,CCGCACACGGACTACATGGT,0,5220487
yqjE_yqjK_yqjD_yqjC_predicted,0.125,7,7,CCGATCCAAGAAACTTACCT,0,5249206
yqjE_yqjK_yqjD_yqjC_predicted,0.125,7,7,CCGAGACGTAAGGATTTCTT,0,5251582
yqjE_yqjK_yqjD_yqjC_predicted,0.125,7,7,CCGAAGGTTAAGACTGGCGG,0,5217477
yqjE_yqjK_yqjD_yqjC_predicted,0.125,7,7,CCGAACAAACCTGCAATGTT,0,5213801
yqjE_yqjK_yqjD_yqjC_predicted,0.125,7,7,CCCTTGACGACAAAAACTCG,0,5246777
yqjE_yqjK_yqjD_yqjC_predicted,0.125,7,7,CCCTTATCAGCCTTCTGAAA,0,5201238
yqjE_yqjK_yqjD_yqjC_predicted,0.125,7,7,CCCGGGTGATATGGTCTAGT,0,5222820
yqjE_yqjK_yqjD_yqjC_predicted,0.125,7,7,CCCGGGATGGAGAGTACCGT,0,5223235
yqjE_yqjK_yqjD_yqjC_predicted,0.125,7,7,CCCGGCTGACTTCTGGGGAT,0,5196134
yqjE_yqjK_yqjD_yqjC_predicted,0.125,7,7,CCCGGCGGCTCGACGGAAAA,0,5252865
yqjE_yqjK_yqjD_yqjC_predicted,0.125,7,7,CCCGCTGGGTACGTAACTTA,0,5174266
yqjE_yqjK_yqjD_yqjC_predicted,0.125,7,7,CCCGCGCGGGAAGACAGTCA,0,5236679
yqjE_yqjK_yqjD_yqjC_predicted,0.125,7,7,CCCGCAATCGGTAACGAAGT,0,5231384
yqjE_yqjK_yqjD_yqjC_predicted,0.125,7,7,CCCGAACGTCGGCTACGTAT,0,5201135
yqjE_yqjK_yqjD_yqjC_predicted,0.125,7,7,CCCCGGAGATCTATTGGTCC,0,5258469
yqjE_yqjK_yqjD_yqjC_predicted,0.125,7,7,CCCCCCGTCTTAGGGCCAGG,0,5187305
yqjE_yqjK_yqjD_yqjC_predicted,0.125,7,7,CCCCCAACACATCTCATGGT,0,5222234
yqjE_yqjK_yqjD_yqjC_predicted,0.125,7,7,CCCAGTTATGGATAGCACGT,0,5181186
yqjE_yqjK_yqjD_yqjC_predicted,0.125,7,7,CCCACACGCGGACTGGACGC,0,5178064
yqjE_yqjK_yqjD_yqjC_predicted,0.125,7,7,CCCAATTGACAATTTATGCA,0,5262404
yqjE_yqjK_yqjD_yqjC_predicted,0.125,7,7,CCCAATGACTGCTGTGAACA,0,5185874
yqjE_yqjK_yqjD_yqjC_predicted,0.125,7,7,CCATTATTCGGAGGAACGGG,0,5251285
yqjE_yqjK_yqjD_yqjC_predicted,0.125,7,7,CCATGGTTTATCTGTGGCTG,0,5192053
yqjE_yqjK_yqjD_yqjC_predicted,0.125,7,7,CCATGGTATCTCAGTGCGCC,0,5249593
yqjE_yqjK_yqjD_yqjC_predicted,0.125,7,7,CCATGCACTCGCAGTTGATT,0,5179830
yqjE_yqjK_yqjD_yqjC_predicted,0.125,7,7,CCATAGTAAGCGCGGGCTTC,0,5249347
yqjE_yqjK_yqjD_yqjC_predicted,0.125,7,7,CCAGTGCTTTCACACCAGCT,0,5222767
yqjE_yqjK_yqjD_yqjC_predicted,0.125,7,7,CCAGGGGTCGCAGACGTCCC,0,5218471
yqjE_yqjK_yqjD_yqjC_predicted,0.125,7,7,CCAGGCGGCGAAAAGCGGGT,0,5250714
yqjE_yqjK_yqjD_yqjC_predicted,0.125,7,7,CCAGCCAAAAAGATCAATTT,0,5186395
yqjE_yqjK_yqjD_yqjC_predicted,0.125,7,7,CCAGCAAACGCGAGGGCACT,0,5198112
yqjE_yqjK_yqjD_yqjC_predicted,0.125,7,7,CCACTACTAGCATAAAGTTC,0,5181652
yqjE_yqjK_yqjD_yqjC_predicted,0.125,7,7,CCACGCGAGAGACGCCCCAG,0,5239802
yqjE_yqjK_yqjD_yqjC_predicted,0.125,7,7,CCACGACTCCTGTGGCGAAT,0,5248836
yqjE_yqjK_yqjD_yqjC_predicted,0.125,7,7,CCACCTTTTTCCCTGTCCAA,0,5225278
yqjE_yqjK_yqjD_yqjC_predicted,0.125,7,7,CCAAGTCCGCCCCCTCGGAT,0,5201059
yqjE_yqjK_yqjD_yqjC_predicted,0.125,7,7,CCAAGCCGGTCGAACCTCCA,0,5204595
yqjE_yqjK_yqjD_yqjC_predicted,0.125,7,7,CCAACCACACCTGTTAGACA,0,5173444
yqjE_yqjK_yqjD_yqjC_predicted,0.125,7,7,CCAACAATAGAAGTCGATCT,0,5177028
yqjE_yqjK_yqjD_yqjC_predicted,0.125,7,7,CCAAAGACATCAAGAGTAAG,0,5187910
yqjE_yqjK_yqjD_yqjC_predicted,0.125,7,7,CATTTTGCTAGAATTGTGTC,0,5234431
yqjE_yqjK_yqjD_yqjC_predicted,0.125,7,7,CATTTCCTGAGGCACTTGGG,0,5256823
yqjE_yqjK_yqjD_yqjC_predicted,0.125,7,7,CATTGTACTTCGATACACGG,0,5262085
yqjE_yqjK_yqjD_yqjC_predicted,0.125,7,7,CATTCTGCCCTCAGCGCGCA,0,5226607
yqjE_yqjK_yqjD_yqjC_predicted,0.125,7,7,CATTCCCCTCCTTGTCCAGT,0,5234621
yqjE_yqjK_yqjD_yqjC_predicted,0.125,7,7,CATTATTGGACCCGGCCGGT,0,5201750
yqjE_yqjK_yqjD_yqjC_predicted,0.125,7,7,CATTAGTTTTCTCCGACGTA,0,5191868
yqjE_yqjK_yqjD_yqjC_predicted,0.125,7,7,CATTAGGGCTACCTTACTCT,0,5233536
yqjE_yqjK_yqjD_yqjC_predicted,0.125,7,7,CATGTAACATCTACCAACTC,0,5210623
yqjE_yqjK_yqjD_yqjC_predicted,0.125,7,7,CATGGTCAGATGGTCTCGCC,0,5234527
yqjE_yqjK_yqjD_yqjC_predicted,0.125,7,7,CATGCCGCGACAAGCTAGCG,0,5202308
yqjE_yqjK_yqjD_yqjC_predicted,0.125,7,7,CATGATCTGCTCACGGTAAG,0,5256747
yqjE_yqjK_yqjD_yqjC_predicted,0.125,7,7,CATGAGTAGTCTGAACACAT,0,5262275
yqjE_yqjK_yqjD_yqjC_predicted,0.125,7,7,CATCGGATAGCGCGTCTAAT,0,5241365
yqjE_yqjK_yqjD_yqjC_predicted,0.125,7,7,CATCCGATGCACTGGCTTTT,0,5262202
yqjE_yqjK_yqjD_yqjC_predicted,0.125,7,7,CATATACCGCATCGTGTTAG,0,5204519
yqjE_yqjK_yqjD_yqjC_predicted,0.125,7,7,CATAGGTAACCACGAGACAT,0,5208785
yqjE_yqjK_yqjD_yqjC_predicted,0.125,7,7,CATACAATGAGTACAAAGGG,0,5213732
yqjE_yqjK_yqjD_yqjC_predicted,0.125,7,7,CAGTTGTCCAACTAATAGGA,0,5194113
yqjE_yqjK_yqjD_yqjC_predicted,0.125,7,7,CAGTTAGTTTGAAGACATTG,0,5238157
yqjE_yqjK_yqjD_yqjC_predicted,0.125,7,7,CAGTGCATCGTGACAACCGC,0,5248730
yqjE_yqjK_yqjD_yqjC_predicted,0.125,7,7,CAGTCTAACAGATGAGAACA,0,5204688
yqjE_yqjK_yqjD_yqjC_predicted,0.125,7,7,CAGTCGGGAAAGCACATTAG,0,5226502
yqjE_yqjK_yqjD_yqjC_predicted,0.125,7,7,CAGGGACAGTCTGGACCGCA,0,5187076
yqjE_yqjK_yqjD_yqjC_predicted,0.125,7,7,CAGCGTTATCGATCGTATAT,0,5208983
yqjE_yqjK_yqjD_yqjC_predicted,0.125,7,7,CAGCGGTACCCTGTATCCCT,0,5202142
yqjE_yqjK_yqjD_yqjC_predicted,0.125,7,7,CAGCGATTGCGCGGATATCT,0,5196792
yqjE_yqjK_yqjD_yqjC_predicted,0.125,7,7,CAGCCGACCCCGATTCAGGA,0,5248202
yqjE_yqjK_yqjD_yqjC_predicted,0.125,7,7,CAGAGTAAGCTGTCACTGTC,0,5186343
yqjE_yqjK_yqjD_yqjC_predicted,0.125,7,7,CAGAAATAGTGGTTAACTCT,0,5183802
yqjE_yqjK_yqjD_yqjC_predicted,0.125,7,7,CACTTAATGTCCACCTCTGA,0,5181648
yqjE_yqjK_yqjD_yqjC_predicted,0.125,7,7,CACTGATGAGTGAGTGTTCT,0,5183206
yqjE_yqjK_yqjD_yqjC_predicted,0.125,7,7,CACTCTAAAAACTGGTATTG,0,5254861
yqjE_yqjK_yqjD_yqjC_predicted,0.125,7,7,CACGCTGCATGCCCGGGGTT,0,5259074
yqjE_yqjK_yqjD_yqjC_predicted,0.125,7,7,CACGCCCCCGGAAATCTTTC,0,5180050
yqjE_yqjK_yqjD_yqjC_predicted,0.125,7,7,CACGATGCAGGAGTCGTATC,0,5211208
yqjE_yqjK_yqjD_yqjC_predicted,0.125,7,7,CACCGTGCTTGGTCCAACAG,0,5185465
yqjE_yqjK_yqjD_yqjC_predicted,0.125,7,7,CACCCGCCAGTGCGACCACT,0,5172028
yqjE_yqjK_yqjD_yqjC_predicted,0.125,7,7,CACACATCTGATATTCACAG,0,5252159
yqjE_yqjK_yqjD_yqjC_predicted,0.125,7,7,CACAACATAAACGTTCCATG,0,5179153
yqjE_yqjK_yqjD_yqjC_predicted,0.125,7,7,CAATTCGCAGCCCGGAGCAG,0,5178148
yqjE_yqjK_yqjD_yqjC_predicted,0.125,7,7,CAATGTGCGCCAAGACCCCC,0,5186167
yqjE_yqjK_yqjD_yqjC_predicted,0.125,7,7,CAATCTTAGACGGACGGACA,0,5228029
yqjE_yqjK_yqjD_yqjC_predicted,0.125,7,7,CAATAGCATCCACCTGGACT,0,5214278
yqjE_yqjK_yqjD_yqjC_predicted,0.125,7,7,CAATAGAGCGATAGCATCAG,0,5216251
yqjE_yqjK_yqjD_yqjC_predicted,0.125,7,7,CAAGTAAATGCGACGGAGCC,0,5225606
yqjE_yqjK_yqjD_yqjC_predicted,0.125,7,7,CAAGGTTATGAGGCTCCAAG,0,5254919
yqjE_yqjK_yqjD_yqjC_predicted,0.125,7,7,CAAGCAGAGCCATTGGAATG,0,5238518
yqjE_yqjK_yqjD_yqjC_predicted,0.125,7,7,CAAGATGATTTTGACACGAT,0,5217925
yqjE_yqjK_yqjD_yqjC_predicted,0.125,7,7,CAAGAGCCGTTGTTCAAGTT,0,5216755
yqjE_yqjK_yqjD_yqjC_predicted,0.125,7,7,CAACTACGGTTGTAGCAGCC,0,5236543
yqjE_yqjK_yqjD_yqjC_predicted,0.125,7,7,CAACGAAGAATACGGGTGCA,0,5216334
yqjE_yqjK_yqjD_yqjC_predicted,0.125,7,7,CAACATCCAGCACGGGGTAA,0,5230153
yqjE_yqjK_yqjD_yqjC_predicted,0.125,7,7,CAACAAGGGGGGGCCCTGGC,0,5225336
yqjE_yqjK_yqjD_yqjC_predicted,0.125,7,7,CAAATTCTCGCGGACTTGGG,0,5220212
yqjE_yqjK_yqjD_yqjC_predicted,0.125,7,7,CAAATGGAATGGCCAGATAG,0,5191999
yqjE_yqjK_yqjD_yqjC_predicted,0.125,7,7,CAAAGTCCAGTGACTAACCC,0,5232368
yqjE_yqjK_yqjD_yqjC_predicted,0.125,7,7,CAAACCTGTCGTATGCGCCA,0,5231781
yqjE_yqjK_yqjD_yqjC_predicted,0.125,7,7,CAAAAGGTCGGGTCACACGG,0,5217092
yqjE_yqjK_yqjD_yqjC_predicted,0.125,7,7,ATTTTTCGCAAGGTCCGTGC,0,5233922
yqjE_yqjK_yqjD_yqjC_predicted,0.125,7,7,ATTTTAGGTCGAACGTTGAT,0,5218941
yqjE_yqjK_yqjD_yqjC_predicted,0.125,7,7,ATTTGGTATTGTGGGAAAGG,0,5230424
yqjE_yqjK_yqjD_yqjC_predicted,0.125,7,7,ATTTGCGTGTTTAGATTTTC,0,5244780
yqjE_yqjK_yqjD_yqjC_predicted,0.125,7,7,ATTTGATCTCCGTCAAGAAC,0,5188520
yqjE_yqjK_yqjD_yqjC_predicted,0.125,7,7,ATTTGACGGTCGCAGATTCT,0,5252529
yqjE_yqjK_yqjD_yqjC_predicted,0.125,7,7,ATTTGACGCGCCTTCAAGCC,0,5176696
yqjE_yqjK_yqjD_yqjC_predicted,0.125,7,7,ATTTAGTGTGTTAGGCGGTA,0,5229703
yqjE_yqjK_yqjD_yqjC_predicted,0.125,7,7,ATTGGTTATCGCGTTTTTGT,0,5202493
yqjE_yqjK_yqjD_yqjC_predicted,0.125,7,7,ATTGCGTAAAGACAATGGAA,0,5192158
yqjE_yqjK_yqjD_yqjC_predicted,0.125,7,7,ATTGCGGTTCGATATATGGT,0,5218505
yqjE_yqjK_yqjD_yqjC_predicted,0.125,7,7,ATTGCGATCCAAGACTTAGC,0,5189482
yqjE_yqjK_yqjD_yqjC_predicted,0.125,7,7,ATTGAGCTAATCTGGGAGGC,0,5179201
yqjE_yqjK_yqjD_yqjC_predicted,0.125,7,7,ATTCTTCCGTGCACGATTAC,0,5173973
yqjE_yqjK_yqjD_yqjC_predicted,0.125,7,7,ATTCTCCTGTTACTCACCCC,0,5214658
yqjE_yqjK_yqjD_yqjC_predicted,0.125,7,7,ATTCCCCCATTAGGCCAACT,0,5213703
yqjE_yqjK_yqjD_yqjC_predicted,0.125,7,7,ATTATCTCGTCCTGCCCGGT,0,5203958
yqjE_yqjK_yqjD_yqjC_predicted,0.125,7,7,ATGTGAAGCCCTTCAAATGT,0,5179583
yqjE_yqjK_yqjD_yqjC_predicted,0.125,7,7,ATGTCTGACGTGCTTCTAAC,0,5249934
yqjE_yqjK_yqjD_yqjC_predicted,0.125,7,7,ATGTCTAACTTCGTGAACCC,0,5248407
yqjE_yqjK_yqjD_yqjC_predicted,0.125,7,7,ATGTCACGGCATGGGTGTAA,0,5176032
yqjE_yqjK_yqjD_yqjC_predicted,0.125,7,7,ATGGTCTAAATCTGGCATCA,0,5175096
yqjE_yqjK_yqjD_yqjC_predicted,0.125,7,7,ATGGGTTACTGTCCTCCGAT,0,5205481
yqjE_yqjK_yqjD_yqjC_predicted,0.125,7,7,ATGGGGTACCATGATTCGCT,0,5186709
yqjE_yqjK_yqjD_yqjC_predicted,0.125,7,7,ATGGGCTATAAAAAGCGGGG,0,5188731
yqjE_yqjK_yqjD_yqjC_predicted,0.125,7,7,ATGGCGGAGAGTCCAGACCA,0,5260767
yqjE_yqjK_yqjD_yqjC_predicted,0.125,7,7,ATGGCCATAGCTATAGCTGA,0,5199456
yqjE_yqjK_yqjD_yqjC_predicted,0.125,7,7,ATGGCCAGGAGGACAACACG,0,5218833
yqjE_yqjK_yqjD_yqjC_predicted,0.125,7,7,ATGCTGTTGGGTTTTTCTCT,0,5230234
yqjE_yqjK_yqjD_yqjC_predicted,0.125,7,7,ATGCTGATTAATGATGTGAA,0,5258396
yqjE_yqjK_yqjD_yqjC_predicted,0.125,7,7,ATGCCTTCACTGGCCACGGT,0,5222398
yqjE_yqjK_yqjD_yqjC_predicted,0.125,7,7,ATGCAGTTATTCGGCTACAC,0,5200886
yqjE_yqjK_yqjD_yqjC_predicted,0.125,7,7,ATGCACCAGGTCACTTATGT,0,5183287
yqjE_yqjK_yqjD_yqjC_predicted,0.125,7,7,ATGAGGCATATGCTGTTTCG,0,5193089
yqjE_yqjK_yqjD_yqjC_predicted,0.125,7,7,ATCTTAACGAAGGTACTTGC,0,5258617
yqjE_yqjK_yqjD_yqjC_predicted,0.125,7,7,ATCTGTGGTATAGGCTGCAT,0,5201192
yqjE_yqjK_yqjD_yqjC_predicted,0.125,7,7,ATCTGGGATTTCATTGTTCT,0,5185451
yqjE_yqjK_yqjD_yqjC_predicted,0.125,7,7,ATCTGACATTGTATGACGAG,0,5200567
yqjE_yqjK_yqjD_yqjC_predicted,0.125,7,7,ATCGTGCACGGACTGTTCAC,0,5202328
yqjE_yqjK_yqjD_yqjC_predicted,0.125,7,7,ATCGTCTTTCCAATCGCCTG,0,5229268
yqjE_yqjK_yqjD_yqjC_predicted,0.125,7,7,ATCGCTAACTCGAGCGGTGT,0,5191852
yqjE_yqjK_yqjD_yqjC_predicted,0.125,7,7,ATCCTCCATATCTAGTCAAA,0,5189845
yqjE_yqjK_yqjD_yqjC_predicted,0.125,7,7,ATCCGGTTTTGTATGAGGTA,0,5226308
yqjE_yqjK_yqjD_yqjC_predicted,0.125,7,7,ATCCCAAACACACTGTTGTA,0,5258459
yqjE_yqjK_yqjD_yqjC_predicted,0.125,7,7,ATCCAATAAAAGGACGAATA,0,5228499
yqjE_yqjK_yqjD_yqjC_predicted,0.125,7,7,ATCATCAGACTGCACGTCAA,0,5208231
yqjE_yqjK_yqjD_yqjC_predicted,0.125,7,7,ATCAGCTACTCACCAGCGAT,0,5217879
yqjE_yqjK_yqjD_yqjC_predicted,0.125,7,7,ATCAGATATACTGTTCTTTA,0,5222580
yqjE_yqjK_yqjD_yqjC_predicted,0.125,7,7,ATCAGAGTAAGTAACGATAC,0,5186813
yqjE_yqjK_yqjD_yqjC_predicted,0.125,7,7,ATCACCGGGAAACTTATGTC,0,5183218
yqjE_yqjK_yqjD_yqjC_predicted,0.125,7,7,ATCACCACGTCTTGGGACTT,0,5175381
yqjE_yqjK_yqjD_yqjC_predicted,0.125,7,7,ATCAAGCACCTCCACCCGCG,0,5185729
yqjE_yqjK_yqjD_yqjC_predicted,0.125,7,7,ATATGTACTAGGTCTGAGCT,0,5201896
yqjE_yqjK_yqjD_yqjC_predicted,0.125,7,7,ATATGGAGGACTGATATCGG,0,5254797
yqjE_yqjK_yqjD_yqjC_predicted,0.125,7,7,ATATGCGTATTCGCTATCCT,0,5238071
yqjE_yqjK_yqjD_yqjC_predicted,0.125,7,7,ATATCATGGCATGCTCTAAT,0,5212671
yqjE_yqjK_yqjD_yqjC_predicted,0.125,7,7,ATAGTGATCTCAGTCGGTAA,0,5192073
yqjE_yqjK_yqjD_yqjC_predicted,0.125,7,7,ATAGGAAGCAATCGTGTGTT,0,5207520
yqjE_yqjK_yqjD_yqjC_predicted,0.125,7,7,ATAGCCCGCCAGCGTTCGAC,0,5209275
yqjE_yqjK_yqjD_yqjC_predicted,0.125,7,7,ATACTGGCTCAAAGCTCTTA,0,5212535
yqjE_yqjK_yqjD_yqjC_predicted,0.125,7,7,ATACGCCGGGCCAGGGTTAA,0,5179115
yqjE_yqjK_yqjD_yqjC_predicted,0.125,7,7,ATACATAACCGCGCGGTGTC,0,5242141
yqjE_yqjK_yqjD_yqjC_predicted,0.125,7,7,ATACAGAGGTCACCGCTATA,0,5191996
yqjE_yqjK_yqjD_yqjC_predicted,0.125,7,7,ATAATGTGCTCCAAAGCTAG,0,5253943
yqjE_yqjK_yqjD_yqjC_predicted,0.125,7,7,ATAAGCAAACTCTATTTGTA,0,5186885
yqjE_yqjK_yqjD_yqjC_predicted,0.125,7,7,ATAAACTTGTTACGCATTGA,0,5222617
yqjE_yqjK_yqjD_yqjC_predicted,0.125,7,7,ATAAACAGGCACGCAGGACG,0,5216574
yqjE_yqjK_yqjD_yqjC_predicted,0.125,7,7,AGTTTCGCCAAATGGCAAAC,0,5194860
yqjE_yqjK_yqjD_yqjC_predicted,0.125,7,7,AGTTGCTTGGACCTACTCTA,0,5201841
yqjE_yqjK_yqjD_yqjC_predicted,0.125,7,7,AGTTCTGAGACCGTATGTCC,0,5199299
yqjE_yqjK_yqjD_yqjC_predicted,0.125,7,7,AGTTCGCAAACGTTGACTGA,0,5216810
yqjE_yqjK_yqjD_yqjC_predicted,0.125,7,7,AGTTCGACGGCCGTGTACCT,0,5207436
yqjE_yqjK_yqjD_yqjC_predicted,0.125,7,7,AGTTCATCTGCACCCTATTA,0,5198332
yqjE_yqjK_yqjD_yqjC_predicted,0.125,7,7,AGTGTGTCCTTAGTCGGGAG,0,5184579
yqjE_yqjK_yqjD_yqjC_predicted,0.125,7,7,AGTGGGGAATGGTTAACTTG,0,5189732
yqjE_yqjK_yqjD_yqjC_predicted,0.125,7,7,AGTGGCCAGTGAGAAATTGC,0,5253854
yqjE_yqjK_yqjD_yqjC_predicted,0.125,7,7,AGTGCGACTCGAAGTTAAGC,0,5178548
yqjE_yqjK_yqjD_yqjC_predicted,0.125,7,7,AGTGCCTTTTGGTGCTTGTT,0,5210815
yqjE_yqjK_yqjD_yqjC_predicted,0.125,7,7,AGTGATAACAGCTGGCTTCC,0,5233561
yqjE_yqjK_yqjD_yqjC_predicted,0.125,7,7,AGTGAACAGCTCACTCTAGA,0,5246806
yqjE_yqjK_yqjD_yqjC_predicted,0.125,7,7,AGTCGTTGGTTTGAGATCCT,0,5221150
yqjE_yqjK_yqjD_yqjC_predicted,0.125,7,7,AGTCGATCGACGCTCGTCAG,0,5234077
yqjE_yqjK_yqjD_yqjC_predicted,0.125,7,7,AGTCATTCCCGGTGCCCCGA,0,5242674
yqjE_yqjK_yqjD_yqjC_predicted,0.125,7,7,AGTAGGCCGGTGCCTGATGG,0,5184199
yqjE_yqjK_yqjD_yqjC_predicted,0.125,7,7,AGTAGCATTGGCGGACCGGA,0,5202222
yqjE_yqjK_yqjD_yqjC_predicted,0.125,7,7,AGTAACGCTTTAACAGTGAA,0,5210793
yqjE_yqjK_yqjD_yqjC_predicted,0.125,7,7,AGTAACGCAGTTGAGACAAG,0,5175200
yqjE_yqjK_yqjD_yqjC_predicted,0.125,7,7,AGGTGGCTGGGGGAGCGTCT,0,5219217
yqjE_yqjK_yqjD_yqjC_predicted,0.125,7,7,AGGTGCGCTGAGTTTATGGC,0,5205896
yqjE_yqjK_yqjD_yqjC_predicted,0.125,7,7,AGGTCGTTAGCAGTTTCGTC,0,5216202
yqjE_yqjK_yqjD_yqjC_predicted,0.125,7,7,AGGTCGCCCATAGTCAGACA,0,5200776
yqjE_yqjK_yqjD_yqjC_predicted,0.125,7,7,AGGTACCCACGTGTTATTTA,0,5172755
yqjE_yqjK_yqjD_yqjC_predicted,0.125,7,7,AGGGGTGGGCGCGGCGGCCG,0,5181246
yqjE_yqjK_yqjD_yqjC_predicted,0.125,7,7,AGGGGGATACGTCGGAGGTA,0,5233906
yqjE_yqjK_yqjD_yqjC_predicted,0.125,7,7,AGGGGCATTGAGTAGACCTA,0,5183748
yqjE_yqjK_yqjD_yqjC_predicted,0.125,7,7,AGGCGGGAATCGTTCTCAAC,0,5225187
yqjE_yqjK_yqjD_yqjC_predicted,0.125,7,7,AGGCAGGACTGAGGACGGTA,0,5198467
yqjE_yqjK_yqjD_yqjC_predicted,0.125,7,7,AGGAGGGCACACGGGTGGAA,0,5215745
yqjE_yqjK_yqjD_yqjC_predicted,0.125,7,7,AGGACCCCGACTTCTCTCTA,0,5255796
yqjE_yqjK_yqjD_yqjC_predicted,0.125,7,7,AGGACAGTTCGGATCCCGAA,0,5262566
yqjE_yqjK_yqjD_yqjC_predicted,0.125,7,7,AGGAAGCTACGTAACTATTT,0,5212531
yqjE_yqjK_yqjD_yqjC_predicted,0.125,7,7,AGGAACTATACCTGAGAAGC,0,5176144
yqjE_yqjK_yqjD_yqjC_predicted,0.125,7,7,AGGAACAATAAGCTCCATCG,0,5208517
yqjE_yqjK_yqjD_yqjC_predicted,0.125,7,7,AGCTTGTACGGTCGGACACA,0,5213066
yqjE_yqjK_yqjD_yqjC_predicted,0.125,7,7,AGCTGCCGTACACAAAGCAG,0,5216244
yqjE_yqjK_yqjD_yqjC_predicted,0.125,7,7,AGCTGACGGGTATCTGATGT,0,5186069
yqjE_yqjK_yqjD_yqjC_predicted,0.125,7,7,AGCTCCGCTATACCTGAGCC,0,5183539
yqjE_yqjK_yqjD_yqjC_predicted,0.125,7,7,AGCTCACCGAATACGCTCTA,0,5215093
yqjE_yqjK_yqjD_yqjC_predicted,0.125,7,7,AGCGTATTATAGTCTTAGCA,0,5256746
yqjE_yqjK_yqjD_yqjC_predicted,0.125,7,7,AGCCGGACGGCTGCTGCTGT,0,5233343
yqjE_yqjK_yqjD_yqjC_predicted,0.125,7,7,AGCCGCTTAACAAGTGTAGT,0,5202772
yqjE_yqjK_yqjD_yqjC_predicted,0.125,7,7,AGCATATTTCTGTCATCGGA,0,5230478
yqjE_yqjK_yqjD_yqjC_predicted,0.125,7,7,AGCACCTATTGCTCACACTC,0,5229092
yqjE_yqjK_yqjD_yqjC_predicted,0.125,7,7,AGATGGAGACTGAGTGCAAG,0,5253495
yqjE_yqjK_yqjD_yqjC_predicted,0.125,7,7,AGATGACGATTTTGCGGTTG,0,5221463
yqjE_yqjK_yqjD_yqjC_predicted,0.125,7,7,AGATCGGGCTCGTCTAGTTT,0,5176555
yqjE_yqjK_yqjD_yqjC_predicted,0.125,7,7,AGATATAACCACTCTTGCTC,0,5248467
yqjE_yqjK_yqjD_yqjC_predicted,0.125,7,7,AGAGCGCGGGGAGGCACGTC,0,5252367
yqjE_yqjK_yqjD_yqjC_predicted,0.125,7,7,AGACTCGGAGTCCGGTTCTA,0,5223013
yqjE_yqjK_yqjD_yqjC_predicted,0.125,7,7,AGAAGCTCCGAGCCTAGCTT,0,5206941
yqjE_yqjK_yqjD_yqjC_predicted,0.125,7,7,AGAAGACAAAAGGGTTTGTG,0,5244687
yqjE_yqjK_yqjD_yqjC_predicted,0.125,7,7,AGAACATTGGATGCAACGAC,0,5175959
yqjE_yqjK_yqjD_yqjC_predicted,0.125,7,7,ACTTCCCGGACGTGGATAAA,0,5189943
yqjE_yqjK_yqjD_yqjC_predicted,0.125,7,7,ACTGGGGGGACGGGGTTTAA,0,5230522
yqjE_yqjK_yqjD_yqjC_predicted,0.125,7,7,ACTGGACTGGAGTTCGTGGT,0,5200751
yqjE_yqjK_yqjD_yqjC_predicted,0.125,7,7,ACTGACTGACTTCGAAAGTG,0,5229436
yqjE_yqjK_yqjD_yqjC_predicted,0.125,7,7,ACTCTTACTCTGTGGGTCCT,0,5201187
yqjE_yqjK_yqjD_yqjC_predicted,0.125,7,7,ACTCTCCTTCAGGTGTGCTT,0,5219342
yqjE_yqjK_yqjD_yqjC_predicted,0.125,7,7,ACTCTCAAGTGCTGAGCTGG,0,5174258
yqjE_yqjK_yqjD_yqjC_predicted,0.125,7,7,ACTCGTTCACGAAGTAGTCA,0,5217861
yqjE_yqjK_yqjD_yqjC_predicted,0.125,7,7,ACTCGTCAGTATGTACTTGT,0,5200602
yqjE_yqjK_yqjD_yqjC_predicted,0.125,7,7,ACTCGGTCTTATTGTACCCC,0,5254791
yqjE_yqjK_yqjD_yqjC_predicted,0.125,7,7,ACTCCTGCCTTTTCGGTTAT,0,5219751
yqjE_yqjK_yqjD_yqjC_predicted,0.125,7,7,ACTCACCCTGCTCGGAATGC,0,5243535
yqjE_yqjK_yqjD_yqjC_predicted,0.125,7,7,ACTATGCTGTCAAACATGGT,0,5253801
yqjE_yqjK_yqjD_yqjC_predicted,0.125,7,7,ACTATGAGGAGGGAAAGGGT,0,5186846
yqjE_yqjK_yqjD_yqjC_predicted,0.125,7,7,ACTAGATATGACTGCATGAT,0,5239729
yqjE_yqjK_yqjD_yqjC_predicted,0.125,7,7,ACGTTCCGGCACTGGGTTAC,0,5225488
yqjE_yqjK_yqjD_yqjC_predicted,0.125,7,7,ACGTTCAGCAGGACTACAAT,0,5258921
yqjE_yqjK_yqjD_yqjC_predicted,0.125,7,7,ACGTGAGGCGAGCAGCGCAA,0,5220900
yqjE_yqjK_yqjD_yqjC_predicted,0.125,7,7,ACGGGCTCTTGAATCCATGG,0,5177523
yqjE_yqjK_yqjD_yqjC_predicted,0.125,7,7,ACGGGCCAAAGGCCCTGTGG,0,5200455
yqjE_yqjK_yqjD_yqjC_predicted,0.125,7,7,ACGGCTGTTAGGATCTAACA,0,5256020
yqjE_yqjK_yqjD_yqjC_predicted,0.125,7,7,ACGGCTGGGGAGAGCGCTTG,0,5176325
yqjE_yqjK_yqjD_yqjC_predicted,0.125,7,7,ACGGATGCCCTTTCTACACG,0,5227913
yqjE_yqjK_yqjD_yqjC_predicted,0.125,7,7,ACGGAGATAAGGTATCAATA,0,5220239
yqjE_yqjK_yqjD_yqjC_predicted,0.125,7,7,ACGGAAAACATCAAGCTATC,0,5202858
yqjE_yqjK_yqjD_yqjC_predicted,0.125,7,7,ACGATCAGGTCACTCCCTCC,0,5213602
yqjE_yqjK_yqjD_yqjC_predicted,0.125,7,7,ACGAGCCAGTTTAGGAGCAT,0,5181418
yqjE_yqjK_yqjD_yqjC_predicted,0.125,7,7,ACGAGACAGATATTGGAAGT,0,5180537
yqjE_yqjK_yqjD_yqjC_predicted,0.125,7,7,ACGAAGCAAGACGGCCGCTA,0,5221023
yqjE_yqjK_yqjD_yqjC_predicted,0.125,7,7,ACCTCGTCGATAGCCCTATT,0,5253143
yqjE_yqjK_yqjD_yqjC_predicted,0.125,7,7,ACCTAGAGATTAAACTTTCA,0,5214419
yqjE_yqjK_yqjD_yqjC_predicted,0.125,7,7,ACCGGTTTTCTGGCCTGCGA,0,5209274
yqjE_yqjK_yqjD_yqjC_predicted,0.125,7,7,ACCGGAAATGCATAGCGGGG,0,5217046
yqjE_yqjK_yqjD_yqjC_predicted,0.125,7,7,ACCGATGATGCGCTACCAAA,0,5245308
yqjE_yqjK_yqjD_yqjC_predicted,0.125,7,7,ACCGAAGTGTCTAATCCTCG,0,5233958
yqjE_yqjK_yqjD_yqjC_predicted,0.125,7,7,ACCGAACGTCTACGAGGAGG,0,5231252
yqjE_yqjK_yqjD_yqjC_predicted,0.125,7,7,ACCCTGTTCATGTCCTCCCA,0,5193238
yqjE_yqjK_yqjD_yqjC_predicted,0.125,7,7,ACCCCACGTTTGCCACGGCG,0,5247132
yqjE_yqjK_yqjD_yqjC_predicted,0.125,7,7,ACCAGAGGCGTGATTCGCGT,0,5186789
yqjE_yqjK_yqjD_yqjC_predicted,0.125,7,7,ACCACCAGGCGGAAAGACGC,0,5225752
yqjE_yqjK_yqjD_yqjC_predicted,0.125,7,7,ACCAATATGGCTGTAGTTCA,0,5228323
yqjE_yqjK_yqjD_yqjC_predicted,0.125,7,7,ACCAATAAAGTTCGGTACGA,0,5251204
yqjE_yqjK_yqjD_yqjC_predicted,0.125,7,7,ACATTGCAGGTCTGATCTTA,0,5184267
yqjE_yqjK_yqjD_yqjC_predicted,0.125,7,7,ACATCCGATCGACCCTTATT,0,5207759
yqjE_yqjK_yqjD_yqjC_predicted,0.125,7,7,ACATCATCGGACATTGTCGG,0,5228418
yqjE_yqjK_yqjD_yqjC_predicted,0.125,7,7,ACATAATGCACTTTACGCGA,0,5206741
yqjE_yqjK_yqjD_yqjC_predicted,0.125,7,7,ACAGTTCGCTATAATTCGAG,0,5234563
yqjE_yqjK_yqjD_yqjC_predicted,0.125,7,7,ACAGTGTTTCATATGTAGGG,0,5247447
yqjE_yqjK_yqjD_yqjC_predicted,0.125,7,7,ACAGGGCATCGTGAGCCATT,0,5176505
yqjE_yqjK_yqjD_yqjC_predicted,0.125,7,7,ACAGCCAGGAACTTCCGGCT,0,5205195
yqjE_yqjK_yqjD_yqjC_predicted,0.125,7,7,ACAGCAGTTACCGCGAAGTA,0,5208791
yqjE_yqjK_yqjD_yqjC_predicted,0.125,7,7,ACAGAGTAAGTGATTCCGGG,0,5202710
yqjE_yqjK_yqjD_yqjC_predicted,0.125,7,7,ACAGAAGGTGGACAACTCTA,0,5221013
yqjE_yqjK_yqjD_yqjC_predicted,0.125,7,7,ACACTACATTCCCAACTACA,0,5227712
yqjE_yqjK_yqjD_yqjC_predicted,0.125,7,7,ACACGAGCCGAGCCAGGGGG,0,5210816
yqjE_yqjK_yqjD_yqjC_predicted,0.125,7,7,ACACCGGTTGCGTGGCCGAA,0,5245709
yqjE_yqjK_yqjD_yqjC_predicted,0.125,7,7,ACAAGTCTATTTATTTTAGG,0,5244678
yqjE_yqjK_yqjD_yqjC_predicted,0.125,7,7,ACAAGGTGGGAAGTTTGGAG,0,5235403
yqjE_yqjK_yqjD_yqjC_predicted,0.125,7,7,AATTGGTCAGAGATATCGTG,0,5187890
yqjE_yqjK_yqjD_yqjC_predicted,0.125,7,7,AATTGGCCCGTTTAGTAAGA,0,5193958
yqjE_yqjK_yqjD_yqjC_predicted,0.125,7,7,AATTCCCATCTTACAGACAA,0,5201132
yqjE_yqjK_yqjD_yqjC_predicted,0.125,7,7,AATTCAATCGAAATATGAAA,0,5188153
yqjE_yqjK_yqjD_yqjC_predicted,0.125,7,7,AATTAGTTCGGTGCGCTTAT,0,5203776
yqjE_yqjK_yqjD_yqjC_predicted,0.125,7,7,AATGGGTAAGGTGATGAGAG,0,5245905
yqjE_yqjK_yqjD_yqjC_predicted,0.125,7,7,AATGGGAGAGCAAGCAAAGA,0,5201207
yqjE_yqjK_yqjD_yqjC_predicted,0.125,7,7,AATGGCGGACAACCGTTTCC,0,5214044
yqjE_yqjK_yqjD_yqjC_predicted,0.125,7,7,AATGAGATAACATATGTCAG,0,5235440
yqjE_yqjK_yqjD_yqjC_predicted,0.125,7,7,AATCTTTAGTAATTCCCCGG,0,5252189
yqjE_yqjK_yqjD_yqjC_predicted,0.125,7,7,AATCTTACCTAGCTAGCGAG,0,5179441
yqjE_yqjK_yqjD_yqjC_predicted,0.125,7,7,AATCGGAGGCTCCCGTTTGT,0,5257577
yqjE_yqjK_yqjD_yqjC_predicted,0.125,7,7,AATCCGAGGCTTCATGCAAT,0,5256619
yqjE_yqjK_yqjD_yqjC_predicted,0.125,7,7,AATATGTAATGGTGCTTTTG,0,5211734
yqjE_yqjK_yqjD_yqjC_predicted,0.125,7,7,AATATCGTCTTACTTCGACC,0,5221555
yqjE_yqjK_yqjD_yqjC_predicted,0.125,7,7,AATACGTCCTTTAGCGTCTG,0,5240563
yqjE_yqjK_yqjD_yqjC_predicted,0.125,7,7,AAGTTTATCAGTCCTTGCAA,0,5189374
yqjE_yqjK_yqjD_yqjC_predicted,0.125,7,7,AAGTTCGCGATTGGATGCCT,0,5210740
yqjE_yqjK_yqjD_yqjC_predicted,0.125,7,7,AAGTCCCCCGCTATTTCAGG,0,5183085
yqjE_yqjK_yqjD_yqjC_predicted,0.125,7,7,AAGGTTCCACTTCCGTCTGT,0,5223546
yqjE_yqjK_yqjD_yqjC_predicted,0.125,7,7,AAGGTGTAGACTCGCCATTT,0,5209945
yqjE_yqjK_yqjD_yqjC_predicted,0.125,7,7,AAGGAAACGTAAGCTTAAAA,0,5193777
yqjE_yqjK_yqjD_yqjC_predicted,0.125,7,7,AAGCTGTCGGTATTCCTAGC,0,5225979
yqjE_yqjK_yqjD_yqjC_predicted,0.125,7,7,AAGCGGCCACCGCGTGACCT,0,5173859
yqjE_yqjK_yqjD_yqjC_predicted,0.125,7,7,AAGCGAGATCATTGCCACGG,0,5233574
yqjE_yqjK_yqjD_yqjC_predicted,0.125,7,7,AAGCCGACTGAGGCTTACCC,0,5262750
yqjE_yqjK_yqjD_yqjC_predicted,0.125,7,7,AAGCCATTTTGCGATTTAGG,0,5221672
yqjE_yqjK_yqjD_yqjC_predicted,0.125,7,7,AAGCATAAGGACGTGAAGCT,0,5198958
yqjE_yqjK_yqjD_yqjC_predicted,0.125,7,7,AAGATAGCAAAACCGTTCAG,0,5205206
yqjE_yqjK_yqjD_yqjC_predicted,0.125,7,7,AAGAATTTGGCGGGACCAGA,0,5225071
yqjE_yqjK_yqjD_yqjC_predicted,0.125,7,7,AAGAAACGCAAAGGGGTTGG,0,5250680
yqjE_yqjK_yqjD_yqjC_predicted,0.125,7,7,AACTTCGGCCTACCGTCACA,0,5184162
yqjE_yqjK_yqjD_yqjC_predicted,0.125,7,7,AACTGCCTTGTTAACCCTTT,0,5223776
yqjE_yqjK_yqjD_yqjC_predicted,0.125,7,7,AACGGTATAGGGTGTTCGAT,0,5254728
yqjE_yqjK_yqjD_yqjC_predicted,0.125,7,7,AACGCGCTCGAGGGTACTTA,0,5180433
yqjE_yqjK_yqjD_yqjC_predicted,0.125,7,7,AACGCGAATAGATAAGGCTT,0,5233559
yqjE_yqjK_yqjD_yqjC_predicted,0.125,7,7,AACCGGGATGTAAAAAGGAC,0,5235884
yqjE_yqjK_yqjD_yqjC_predicted,0.125,7,7,AAATTTGGCTTCAACCGATT,0,5174367
yqjE_yqjK_yqjD_yqjC_predicted,0.125,7,7,AAATTCGGCGTCCCACTTGC,0,5190239
yqjE_yqjK_yqjD_yqjC_predicted,0.125,7,7,AAATCGGTTACAGATCTGAA,0,5234565
yqjE_yqjK_yqjD_yqjC_predicted,0.125,7,7,AAAGGTAATCAATGTGGTTG,0,5217177
yqjE_yqjK_yqjD_yqjC_predicted,0.125,7,7,AAACTGTGCCCAAGTTCAGG,0,5192535
yqjE_yqjK_yqjD_yqjC_predicted,0.125,7,7,AAACTCAGCTACTGGACCGA,0,5181305
yqjE_yqjK_yqjD_yqjC_predicted,0.125,7,7,AAACGTGAGATCAGGTGCGT,0,5262303
yqjE_yqjK_yqjD_yqjC_predicted,0.125,7,7,AAACGGGTTCGTATAAACGG,0,5242977
yqjE_yqjK_yqjD_yqjC_predicted,0.125,7,7,AAACGCTCGTATTATTTTCT,0,5254688
yqjE_yqjK_yqjD_yqjC_predicted,0.125,7,7,AAACGACCCTGCAGTAAGCA,0,5196788
yqjE_yqjK_yqjD_yqjC_predicted,0.125,7,7,AAACCGTAATCAGTAAATTT,0,5235214
yqjE_yqjK_yqjD_yqjC_predicted,0.125,7,7,AAACACCTTGACCAAAACTC,0,5184983
yqjE_yqjK_yqjD_yqjC_predicted,0.125,7,7,AAACAAGGTACGTGCCAGAG,0,5225813
yqjE_yqjK_yqjD_yqjC_predicted,0.125,7,7,AAAATCGCGGTGGGCCGGAG,0,5240651
yqjE_yqjK_yqjD_yqjC_predicted,0.125,7,7,AAAATCAGTGTGCATGGAAT,0,5227810
yqjE_yqjK_yqjD_yqjC_predicted,0.125,7,7,AAAAGTGAAATTCCAGCCAC,0,5207303
yqjE_yqjK_yqjD_yqjC_predicted,0.14285714285714285,6,6,TTTTTCCACCGGCGGGCATC,0,5220364
yqjE_yqjK_yqjD_yqjC_predicted,0.14285714285714285,6,6,TTTTCATCCGGACCCCGTTA,0,5230641
yqjE_yqjK_yqjD_yqjC_predicted,0.14285714285714285,6,6,TTTTAGAATTTGACTTACCA,0,5200206
yqjE_yqjK_yqjD_yqjC_predicted,0.14285714285714285,6,6,TTTTACGGTGAGTGTTTATG,0,5178451
yqjE_yqjK_yqjD_yqjC_predicted,0.14285714285714285,6,6,TTTTAATGCTGAATCGGGCA,0,5228307
yqjE_yqjK_yqjD_yqjC_predicted,0.14285714285714285,6,6,TTTGTTCGCATTTAGCCTTA,0,5231829
yqjE_yqjK_yqjD_yqjC_predicted,0.14285714285714285,6,6,TTTGTCAACCGTTATCCCCT,0,5230495
yqjE_yqjK_yqjD_yqjC_predicted,0.14285714285714285,6,6,TTTGTATTGCTCGGCGACCA,0,5191637
yqjE_yqjK_yqjD_yqjC_predicted,0.14285714285714285,6,6,TTTGCGCTTCCGAACACCGA,0,5238181
yqjE_yqjK_yqjD_yqjC_predicted,0.14285714285714285,6,6,TTTGCATGACGATTCGGTTG,0,5202919
yqjE_yqjK_yqjD_yqjC_predicted,0.14285714285714285,6,6,TTTGATGCCCATCAAGAAGT,0,5224406
yqjE_yqjK_yqjD_yqjC_predicted,0.14285714285714285,6,6,TTTGACATCTGGTGCGACGC,0,5212128
yqjE_yqjK_yqjD_yqjC_predicted,0.14285714285714285,6,6,TTTCGCAAACGAGGTGCTGT,0,5240535
yqjE_yqjK_yqjD_yqjC_predicted,0.14285714285714285,6,6,TTTCCTAGTTCAGCGGGTAA,0,5207300
yqjE_yqjK_yqjD_yqjC_predicted,0.14285714285714285,6,6,TTTCCGGTAAACGCAGGAAT,0,5221159
yqjE_yqjK_yqjD_yqjC_predicted,0.14285714285714285,6,6,TTTCCATCGACGTTAGCGGG,0,5194063
yqjE_yqjK_yqjD_yqjC_predicted,0.14285714285714285,6,6,TTTAGTACCCCATTTCGGTC,0,5230823
yqjE_yqjK_yqjD_yqjC_predicted,0.14285714285714285,6,6,TTTAGAGGGGATTGCGCAAG,0,5196802
yqjE_yqjK_yqjD_yqjC_predicted,0.14285714285714285,6,6,TTTACCCCCGAGTTGCTATA,0,5219839
yqjE_yqjK_yqjD_yqjC_predicted,0.14285714285714285,6,6,TTTAAGTATTAAGCGTCCGG,0,5206916
yqjE_yqjK_yqjD_yqjC_predicted,0.14285714285714285,6,6,TTTAAGAGCTGCTGCTGCCA,0,5190731
yqjE_yqjK_yqjD_yqjC_predicted,0.14285714285714285,6,6,TTTAAATCATCGGACCATCT,0,5209273
yqjE_yqjK_yqjD_yqjC_predicted,0.14285714285714285,6,6,TTGTTGGTGTTCAGAGAGGA,0,5230378
yqjE_yqjK_yqjD_yqjC_predicted,0.14285714285714285,6,6,TTGTCGCGCTAATAGGTGTA,0,5254937
yqjE_yqjK_yqjD_yqjC_predicted,0.14285714285714285,6,6,TTGTATCCGGAGTTCGTACA,0,5235889
yqjE_yqjK_yqjD_yqjC_predicted,0.14285714285714285,6,6,TTGGTTCTTCAGGCAGCGTC,0,5203452
yqjE_yqjK_yqjD_yqjC_predicted,0.14285714285714285,6,6,TTGGGTAGATTGCATTCTAT,0,5209145
yqjE_yqjK_yqjD_yqjC_predicted,0.14285714285714285,6,6,TTGGGCGTTATATTCAATGT,0,5190147
yqjE_yqjK_yqjD_yqjC_predicted,0.14285714285714285,6,6,TTGGGACCGGTTGAGTTTTC,0,5183246
yqjE_yqjK_yqjD_yqjC_predicted,0.14285714285714285,6,6,TTGCTTTGGCCAATGTACTT,0,5223070
yqjE_yqjK_yqjD_yqjC_predicted,0.14285714285714285,6,6,TTGCTCGGGGAACGATTGCA,0,5223274
yqjE_yqjK_yqjD_yqjC_predicted,0.14285714285714285,6,6,TTGCGCCATTCGAGGGGTGA,0,5221401
yqjE_yqjK_yqjD_yqjC_predicted,0.14285714285714285,6,6,TTGCACTCCTGACCTTATGA,0,5195768
yqjE_yqjK_yqjD_yqjC_predicted,0.14285714285714285,6,6,TTGCAATTCGGTGCTTCTAC,0,5239800
yqjE_yqjK_yqjD_yqjC_predicted,0.14285714285714285,6,6,TTGATGGTTTTCTGGCCCAG,0,5237311
yqjE_yqjK_yqjD_yqjC_predicted,0.14285714285714285,6,6,TTGATGGGAGTCACTAACGC,0,5187777
yqjE_yqjK_yqjD_yqjC_predicted,0.14285714285714285,6,6,TTGAGGTCCCAACGAGCTGT,0,5212036
yqjE_yqjK_yqjD_yqjC_predicted,0.14285714285714285,6,6,TTGACTGCGGCGACGCCGAT,0,5261376
yqjE_yqjK_yqjD_yqjC_predicted,0.14285714285714285,6,6,TTGACGTAAGGCTCACTTCG,0,5236671
yqjE_yqjK_yqjD_yqjC_predicted,0.14285714285714285,6,6,TTGAACTGCACCAGCATTAT,0,5191141
yqjE_yqjK_yqjD_yqjC_predicted,0.14285714285714285,6,6,TTCTTGTACTATTATGTGTA,0,5201408
yqjE_yqjK_yqjD_yqjC_predicted,0.14285714285714285,6,6,TTCTCCCCCACAAACGTTGT,0,5188517
yqjE_yqjK_yqjD_yqjC_predicted,0.14285714285714285,6,6,TTCTATGTGCGCGAGAAACC,0,5204175
yqjE_yqjK_yqjD_yqjC_predicted,0.14285714285714285,6,6,TTCGTAATCAATTTTCCTGA,0,5226973
yqjE_yqjK_yqjD_yqjC_predicted,0.14285714285714285,6,6,TTCGGCCAGCAGCACCTTCT,0,5199680
yqjE_yqjK_yqjD_yqjC_predicted,0.14285714285714285,6,6,TTCGACGTCCATTCGTATAT,0,5172197
yqjE_yqjK_yqjD_yqjC_predicted,0.14285714285714285,6,6,TTCCTGTTTCTCGGAGAAAT,0,5260041
yqjE_yqjK_yqjD_yqjC_predicted,0.14285714285714285,6,6,TTCCCGAAATGTGAAACCGT,0,5206469
yqjE_yqjK_yqjD_yqjC_predicted,0.14285714285714285,6,6,TTCCATCCCGATTACTGTTA,0,5243821
yqjE_yqjK_yqjD_yqjC_predicted,0.14285714285714285,6,6,TTCAGGACAGGAATGTGCGT,0,5254928
yqjE_yqjK_yqjD_yqjC_predicted,0.14285714285714285,6,6,TTCAGCAACGAATGCAGGTT,0,5221556
yqjE_yqjK_yqjD_yqjC_predicted,0.14285714285714285,6,6,TTCACTTCTAAATAACTATA,0,5257750
yqjE_yqjK_yqjD_yqjC_predicted,0.14285714285714285,6,6,TTCACGTCATCAGGAGCCGA,0,5172584
yqjE_yqjK_yqjD_yqjC_predicted,0.14285714285714285,6,6,TTCAAGCTCGTGGACTTTGT,0,5220689
yqjE_yqjK_yqjD_yqjC_predicted,0.14285714285714285,6,6,TTCAAAATGCGGCGAGTCGC,0,5176651
yqjE_yqjK_yqjD_yqjC_predicted,0.14285714285714285,6,6,TTATTGATATGTTGATCACT,0,5217696
yqjE_yqjK_yqjD_yqjC_predicted,0.14285714285714285,6,6,TTATCTCCTCGATGAACATT,0,5212545
yqjE_yqjK_yqjD_yqjC_predicted,0.14285714285714285,6,6,TTATATATAAATCCGAGTCC,0,5214960
yqjE_yqjK_yqjD_yqjC_predicted,0.14285714285714285,6,6,TTATAAGCGGTTAGGTCCAG,0,5253791
yqjE_yqjK_yqjD_yqjC_predicted,0.14285714285714285,6,6,TTAGTGTTGAAAGGTCATTC,0,5224815
yqjE_yqjK_yqjD_yqjC_predicted,0.14285714285714285,6,6,TTAGTGCTGACGCAAGGATG,0,5239744
yqjE_yqjK_yqjD_yqjC_predicted,0.14285714285714285,6,6,TTAGCTTGAGAGTAACCTCC,0,5186063
yqjE_yqjK_yqjD_yqjC_predicted,0.14285714285714285,6,6,TTAGCAAGGTTAGGAACTAG,0,5249579
yqjE_yqjK_yqjD_yqjC_predicted,0.14285714285714285,6,6,TTAGATGTGGGACAGGTCGC,0,5206314
yqjE_yqjK_yqjD_yqjC_predicted,0.14285714285714285,6,6,TTAGAGGCGGGCTGGGAGAG,0,5259826
yqjE_yqjK_yqjD_yqjC_predicted,0.14285714285714285,6,6,TTAGAACGACCTTCTACTCT,0,5209092
yqjE_yqjK_yqjD_yqjC_predicted,0.14285714285714285,6,6,TTAGAAATGAATATCTTAAA,0,5246819
yqjE_yqjK_yqjD_yqjC_predicted,0.14285714285714285,6,6,TTACTCTGCGGTCTACCGCA,0,5232244
yqjE_yqjK_yqjD_yqjC_predicted,0.14285714285714285,6,6,TTACCACCTAGATGTTAATA,0,5178263
yqjE_yqjK_yqjD_yqjC_predicted,0.14285714285714285,6,6,TTAATGTCCAACTAGACCTG,0,5190506
yqjE_yqjK_yqjD_yqjC_predicted,0.14285714285714285,6,6,TTAACGATGCCGTCTGGGAT,0,5221480
yqjE_yqjK_yqjD_yqjC_predicted,0.14285714285714285,6,6,TTAACCGTTGCTTAGCGGCG,0,5173896
yqjE_yqjK_yqjD_yqjC_predicted,0.14285714285714285,6,6,TGTTGTCCAGTTTGCGGTTC,0,5207266
yqjE_yqjK_yqjD_yqjC_predicted,0.14285714285714285,6,6,TGTTAGATGGTTGAGAGGAT,0,5223213
yqjE_yqjK_yqjD_yqjC_predicted,0.14285714285714285,6,6,TGTTAAGCACTAGAGTAACA,0,5230922
yqjE_yqjK_yqjD_yqjC_predicted,0.14285714285714285,6,6,TGTTAACCACTCGGACAGGT,0,5227590
yqjE_yqjK_yqjD_yqjC_predicted,0.14285714285714285,6,6,TGTGTTACATACTGGGCGCG,0,5217284
yqjE_yqjK_yqjD_yqjC_predicted,0.14285714285714285,6,6,TGTGTGGGTGCGGAATCGTT,0,5245069
yqjE_yqjK_yqjD_yqjC_predicted,0.14285714285714285,6,6,TGTGTGACCTGGACCAGCAG,0,5216773
yqjE_yqjK_yqjD_yqjC_predicted,0.14285714285714285,6,6,TGTGTAACCGGCACTCCCTA,0,5184523
yqjE_yqjK_yqjD_yqjC_predicted,0.14285714285714285,6,6,TGTGGCCGGAATGCGGCCAA,0,5215293
yqjE_yqjK_yqjD_yqjC_predicted,0.14285714285714285,6,6,TGTGATATGTTGCAATCCGA,0,5227604
yqjE_yqjK_yqjD_yqjC_predicted,0.14285714285714285,6,6,TGTGACCGACCCAAATGAAG,0,5225828
yqjE_yqjK_yqjD_yqjC_predicted,0.14285714285714285,6,6,TGTCTGATTTACAGGGCTAG,0,5245448
yqjE_yqjK_yqjD_yqjC_predicted,0.14285714285714285,6,6,TGTCTCATCTTGGCTGTGGG,0,5219697
yqjE_yqjK_yqjD_yqjC_predicted,0.14285714285714285,6,6,TGTCGGATAGGCCAATTCCA,0,5241810
yqjE_yqjK_yqjD_yqjC_predicted,0.14285714285714285,6,6,TGTCGCAATACTTCCGACAC,0,5206404
yqjE_yqjK_yqjD_yqjC_predicted,0.14285714285714285,6,6,TGTCCGGTGCTGCCGTCCTA,0,5226705
yqjE_yqjK_yqjD_yqjC_predicted,0.14285714285714285,6,6,TGTCCGCAGTATGGTGTCAT,0,5229108
yqjE_yqjK_yqjD_yqjC_predicted,0.14285714285714285,6,6,TGTCCCGAAACGCTGCGTTT,0,5247486
yqjE_yqjK_yqjD_yqjC_predicted,0.14285714285714285,6,6,TGTCATGTATACTCCATGTG,0,5173332
yqjE_yqjK_yqjD_yqjC_predicted,0.14285714285714285,6,6,TGTCACGATTCCGCACGGAA,0,5225411
yqjE_yqjK_yqjD_yqjC_predicted,0.14285714285714285,6,6,TGTAGGGTCTGATTCAGACC,0,5226741
yqjE_yqjK_yqjD_yqjC_predicted,0.14285714285714285,6,6,TGTAGGGAGCCGCTAGTTCA,0,5198778
yqjE_yqjK_yqjD_yqjC_predicted,0.14285714285714285,6,6,TGTAGCATTGAAGAGTTGAT,0,5229814
yqjE_yqjK_yqjD_yqjC_predicted,0.14285714285714285,6,6,TGTACGGCATATCCCGAAGA,0,5188859
yqjE_yqjK_yqjD_yqjC_predicted,0.14285714285714285,6,6,TGTACATAGATTACAGAACC,0,5182116
yqjE_yqjK_yqjD_yqjC_predicted,0.14285714285714285,6,6,TGTAAAAAACGTGCATTGTC,0,5190322
yqjE_yqjK_yqjD_yqjC_predicted,0.14285714285714285,6,6,TGGTGTAAGTCTTGCACGGC,0,5228462
yqjE_yqjK_yqjD_yqjC_predicted,0.14285714285714285,6,6,TGGTGCAGCTTTATGGCTTG,0,5186984
yqjE_yqjK_yqjD_yqjC_predicted,0.14285714285714285,6,6,TGGTCCGCCTTCCTTCTACA,0,5207285
yqjE_yqjK_yqjD_yqjC_predicted,0.14285714285714285,6,6,TGGTCAGACATCGCAAAGGA,0,5204850
yqjE_yqjK_yqjD_yqjC_predicted,0.14285714285714285,6,6,TGGGCCTGTTCGTTGGGCCT,0,5197752
yqjE_yqjK_yqjD_yqjC_predicted,0.14285714285714285,6,6,TGGGCATCCGTATTTCGATC,0,5219470
yqjE_yqjK_yqjD_yqjC_predicted,0.14285714285714285,6,6,TGGGCACCCTACGAAAAGGT,0,5177382
yqjE_yqjK_yqjD_yqjC_predicted,0.14285714285714285,6,6,TGGGATATGGATGGCCCTCA,0,5218718
yqjE_yqjK_yqjD_yqjC_predicted,0.14285714285714285,6,6,TGGCTTCTGTATTTCGGCTC,0,5184121
yqjE_yqjK_yqjD_yqjC_predicted,0.14285714285714285,6,6,TGGCTCGCAAGAACACCAGA,0,5211418
yqjE_yqjK_yqjD_yqjC_predicted,0.14285714285714285,6,6,TGGCCACTACGTGTCAGATA,0,5193168
yqjE_yqjK_yqjD_yqjC_predicted,0.14285714285714285,6,6,TGGCAGGTATTATGCGCATT,0,5261258
yqjE_yqjK_yqjD_yqjC_predicted,0.14285714285714285,6,6,TGGAATGGTTCACAATGCTG,0,5189316
yqjE_yqjK_yqjD_yqjC_predicted,0.14285714285714285,6,6,TGCTTGCATTGTGCTTCGCA,0,5216927
yqjE_yqjK_yqjD_yqjC_predicted,0.14285714285714285,6,6,TGCTTCGGCATTAAGAGGCG,0,5219597
yqjE_yqjK_yqjD_yqjC_predicted,0.14285714285714285,6,6,TGCTCCTTACATTTGCCTGG,0,5231080
yqjE_yqjK_yqjD_yqjC_predicted,0.14285714285714285,6,6,TGCTCAGCGTGTAGGGGCCG,0,5217096
yqjE_yqjK_yqjD_yqjC_predicted,0.14285714285714285,6,6,TGCTAGTTTGCTGCGGAACC,0,5229338
yqjE_yqjK_yqjD_yqjC_predicted,0.14285714285714285,6,6,TGCGTTGTGCAAGCTAGAAT,0,5205397
yqjE_yqjK_yqjD_yqjC_predicted,0.14285714285714285,6,6,TGCGGCGAAGCGCCCAAAGT,0,5198519
yqjE_yqjK_yqjD_yqjC_predicted,0.14285714285714285,6,6,TGCGCATTTCCCTGCAAATC,0,5228791
yqjE_yqjK_yqjD_yqjC_predicted,0.14285714285714285,6,6,TGCCGAGCGGCGGAACGCTC,0,5212133
yqjE_yqjK_yqjD_yqjC_predicted,0.14285714285714285,6,6,TGCAGTTGCAGACAGGAGGT,0,5182592
yqjE_yqjK_yqjD_yqjC_predicted,0.14285714285714285,6,6,TGCACAGGACGCCATGTCTC,0,5256976
yqjE_yqjK_yqjD_yqjC_predicted,0.14285714285714285,6,6,TGCACACAGTTACAGCGGTA,0,5174423
yqjE_yqjK_yqjD_yqjC_predicted,0.14285714285714285,6,6,TGCAATCACTTTGCGGTCCG,0,5214413
yqjE_yqjK_yqjD_yqjC_predicted,0.14285714285714285,6,6,TGCAAGTGGAGTTCCTTGAT,0,5236164
yqjE_yqjK_yqjD_yqjC_predicted,0.14285714285714285,6,6,TGCAAGGAGTAATTGCGCTC,0,5192750
yqjE_yqjK_yqjD_yqjC_predicted,0.14285714285714285,6,6,TGCAACTGTCACCTATCTTC,0,5188161
yqjE_yqjK_yqjD_yqjC_predicted,0.14285714285714285,6,6,TGATTCCGACGCTGCAACCA,0,5184733
yqjE_yqjK_yqjD_yqjC_predicted,0.14285714285714285,6,6,TGATTATCTAATCAGAGTTG,0,5236841
yqjE_yqjK_yqjD_yqjC_predicted,0.14285714285714285,6,6,TGATGGACATCCCAGTATTG,0,5236891
yqjE_yqjK_yqjD_yqjC_predicted,0.14285714285714285,6,6,TGATACTTCAACGGGCTGCT,0,5191563
yqjE_yqjK_yqjD_yqjC_predicted,0.14285714285714285,6,6,TGAGGTGGCAAAGTCATGTG,0,5217097
yqjE_yqjK_yqjD_yqjC_predicted,0.14285714285714285,6,6,TGAGGGGTATGTAGATCATC,0,5253017
yqjE_yqjK_yqjD_yqjC_predicted,0.14285714285714285,6,6,TGAGCTTCATCCAATCTCAA,0,5178768
yqjE_yqjK_yqjD_yqjC_predicted,0.14285714285714285,6,6,TGAGCAGCGGGGTCTGACAC,0,5171019
yqjE_yqjK_yqjD_yqjC_predicted,0.14285714285714285,6,6,TGAGACTAACAGGGTGCAAT,0,5223128
yqjE_yqjK_yqjD_yqjC_predicted,0.14285714285714285,6,6,TGAGAAATAAGGAAGGACGA,0,5262446
yqjE_yqjK_yqjD_yqjC_predicted,0.14285714285714285,6,6,TGACGGTACTGAAATTGGAC,0,5194182
yqjE_yqjK_yqjD_yqjC_predicted,0.14285714285714285,6,6,TGACGAAACCGAGAATCATG,0,5197941
yqjE_yqjK_yqjD_yqjC_predicted,0.14285714285714285,6,6,TGACAATATGGGCAATCCTT,0,5173160
yqjE_yqjK_yqjD_yqjC_predicted,0.14285714285714285,6,6,TGAATGGAGTTGAGTCTGAA,0,5224882
yqjE_yqjK_yqjD_yqjC_predicted,0.14285714285714285,6,6,TGAAGAGCATGGGGATAAAA,0,5241112
yqjE_yqjK_yqjD_yqjC_predicted,0.14285714285714285,6,6,TGAACTCCGCTGTTCGCAGA,0,5235630
yqjE_yqjK_yqjD_yqjC_predicted,0.14285714285714285,6,6,TGAACGCTGAATATCCACTG,0,5224525
yqjE_yqjK_yqjD_yqjC_predicted,0.14285714285714285,6,6,TGAAAGCTCGCAGGGCCTCC,0,5233605
yqjE_yqjK_yqjD_yqjC_predicted,0.14285714285714285,6,6,TCTTGAGTGATTTAGCCGTA,0,5191629
yqjE_yqjK_yqjD_yqjC_predicted,0.14285714285714285,6,6,TCTTATCCTGGGAGTGACTG,0,5207411
yqjE_yqjK_yqjD_yqjC_predicted,0.14285714285714285,6,6,TCTGGCAAGTTATCTCTCGC,0,5256247
yqjE_yqjK_yqjD_yqjC_predicted,0.14285714285714285,6,6,TCTGACGATGTATGAGTCCA,0,5204769
yqjE_yqjK_yqjD_yqjC_predicted,0.14285714285714285,6,6,TCTCTATGCAGCTTTGAAAG,0,5176583
yqjE_yqjK_yqjD_yqjC_predicted,0.14285714285714285,6,6,TCTCGTTCAGTGCGGCACTA,0,5175393
yqjE_yqjK_yqjD_yqjC_predicted,0.14285714285714285,6,6,TCTCGGCGCTATAATGATTT,0,5245129
yqjE_yqjK_yqjD_yqjC_predicted,0.14285714285714285,6,6,TCTCGCGTTTAGAAGAAATA,0,5188175
yqjE_yqjK_yqjD_yqjC_predicted,0.14285714285714285,6,6,TCTCCTGGGGAAGTGGCGCT,0,5234910
yqjE_yqjK_yqjD_yqjC_predicted,0.14285714285714285,6,6,TCTCATTAGCAGTACGAACA,0,5193097
yqjE_yqjK_yqjD_yqjC_predicted,0.14285714285714285,6,6,TCTCACGTATTTAAATGGAA,0,5199608
yqjE_yqjK_yqjD_yqjC_predicted,0.14285714285714285,6,6,TCTCAAAAAGAAGAGGGCCG,0,5247171
yqjE_yqjK_yqjD_yqjC_predicted,0.14285714285714285,6,6,TCTATACTGTTGCATACAAT,0,5171040
yqjE_yqjK_yqjD_yqjC_predicted,0.14285714285714285,6,6,TCTAGCGTAGGCCATCGTGC,0,5186711
yqjE_yqjK_yqjD_yqjC_predicted,0.14285714285714285,6,6,TCGTTCTTCCAGAAAAAACA,0,5185379
yqjE_yqjK_yqjD_yqjC_predicted,0.14285714285714285,6,6,TCGTCCAGGCTGTGTAAAAT,0,5256376
yqjE_yqjK_yqjD_yqjC_predicted,0.14285714285714285,6,6,TCGGGTAAACCTCTTCGTAT,0,5195937
yqjE_yqjK_yqjD_yqjC_predicted,0.14285714285714285,6,6,TCGGGGTCATCACATGTGGA,0,5235029
yqjE_yqjK_yqjD_yqjC_predicted,0.14285714285714285,6,6,TCGGCGCATCGCATGTAGGT,0,5177051
yqjE_yqjK_yqjD_yqjC_predicted,0.14285714285714285,6,6,TCGGAGCGATTCTTTGGGTA,0,5258082
yqjE_yqjK_yqjD_yqjC_predicted,0.14285714285714285,6,6,TCGCCGGGCACGAAATTCGT,0,5213704
yqjE_yqjK_yqjD_yqjC_predicted,0.14285714285714285,6,6,TCGCAGCGGTGGCAATTGCT,0,5207672
yqjE_yqjK_yqjD_yqjC_predicted,0.14285714285714285,6,6,TCGATCGGTAGGATACACGC,0,5179863
yqjE_yqjK_yqjD_yqjC_predicted,0.14285714285714285,6,6,TCGAGGTCGGAAGCGACGAT,0,5260598
yqjE_yqjK_yqjD_yqjC_predicted,0.14285714285714285,6,6,TCGAAACCCCAATTACGACA,0,5208358
yqjE_yqjK_yqjD_yqjC_predicted,0.14285714285714285,6,6,TCCTTCCTACGAAACTTGAT,0,5176275
yqjE_yqjK_yqjD_yqjC_predicted,0.14285714285714285,6,6,TCCTGGTGGGCTCAAGACCA,0,5208365
yqjE_yqjK_yqjD_yqjC_predicted,0.14285714285714285,6,6,TCCTGGTCCAGCAAGGCATG,0,5250218
yqjE_yqjK_yqjD_yqjC_predicted,0.14285714285714285,6,6,TCCTCTAAGAGAGGTCGATT,0,5261926
yqjE_yqjK_yqjD_yqjC_predicted,0.14285714285714285,6,6,TCCTACAGCACTGTACTCGT,0,5231024
yqjE_yqjK_yqjD_yqjC_predicted,0.14285714285714285,6,6,TCCGGAACATCGCTTTATGA,0,5214928
yqjE_yqjK_yqjD_yqjC_predicted,0.14285714285714285,6,6,TCCGACGTCTGCGCTGCAAC,0,5197158
yqjE_yqjK_yqjD_yqjC_predicted,0.14285714285714285,6,6,TCCCTTTAAGTGGGTTACTG,0,5229259
yqjE_yqjK_yqjD_yqjC_predicted,0.14285714285714285,6,6,TCCCTGGGCAGAACTCCAAT,0,5227806
yqjE_yqjK_yqjD_yqjC_predicted,0.14285714285714285,6,6,TCCCTAGACCCCTGATCAAT,0,5199056
yqjE_yqjK_yqjD_yqjC_predicted,0.14285714285714285,6,6,TCCATGTGGTGAACCGCGCG,0,5207035
yqjE_yqjK_yqjD_yqjC_predicted,0.14285714285714285,6,6,TCCATGTCGCTACGGGGTTC,0,5259272
yqjE_yqjK_yqjD_yqjC_predicted,0.14285714285714285,6,6,TCCAGGGTCGTCAACGGAGG,0,5240363
yqjE_yqjK_yqjD_yqjC_predicted,0.14285714285714285,6,6,TCCAGGACCACACTCGCGTC,0,5188637
yqjE_yqjK_yqjD_yqjC_predicted,0.14285714285714285,6,6,TCATTCGTCCGCAACTGTTG,0,5226615
yqjE_yqjK_yqjD_yqjC_predicted,0.14285714285714285,6,6,TCATTATTATAGTGCGCCTC,0,5194987
yqjE_yqjK_yqjD_yqjC_predicted,0.14285714285714285,6,6,TCATGTTGATTCGATACACT,0,5254054
yqjE_yqjK_yqjD_yqjC_predicted,0.14285714285714285,6,6,TCATGCGGTAGTAGCAAGCT,0,5201839
yqjE_yqjK_yqjD_yqjC_predicted,0.14285714285714285,6,6,TCATGCCATTGTGGTTATGG,0,5184400
yqjE_yqjK_yqjD_yqjC_predicted,0.14285714285714285,6,6,TCATACTGACAGAGGCACTA,0,5245362
yqjE_yqjK_yqjD_yqjC_predicted,0.14285714285714285,6,6,TCAGACTATCTTTTCCTTAG,0,5187103
yqjE_yqjK_yqjD_yqjC_predicted,0.14285714285714285,6,6,TCACTAGGCGAGCGCGTAGT,0,5252311
yqjE_yqjK_yqjD_yqjC_predicted,0.14285714285714285,6,6,TCACGTTTCAATCATGCCGA,0,5239459
yqjE_yqjK_yqjD_yqjC_predicted,0.14285714285714285,6,6,TCACGTTCACACACAGGATG,0,5246862
yqjE_yqjK_yqjD_yqjC_predicted,0.14285714285714285,6,6,TCACGGGTTCTTTTGAAGAC,0,5242670
yqjE_yqjK_yqjD_yqjC_predicted,0.14285714285714285,6,6,TCACCGGAAACATACGTGGG,0,5192964
yqjE_yqjK_yqjD_yqjC_predicted,0.14285714285714285,6,6,TCACAACTTTCTATTGACAT,0,5227786
yqjE_yqjK_yqjD_yqjC_predicted,0.14285714285714285,6,6,TCACAACCGTGGTCTAAGTT,0,5222910
yqjE_yqjK_yqjD_yqjC_predicted,0.14285714285714285,6,6,TCAAGAGGTTAGACTCTCAT,0,5208265
yqjE_yqjK_yqjD_yqjC_predicted,0.14285714285714285,6,6,TCAACGGACTTATGTTCCCT,0,5198341
yqjE_yqjK_yqjD_yqjC_predicted,0.14285714285714285,6,6,TCAACCTCGGGACCCGTTGA,0,5220638
yqjE_yqjK_yqjD_yqjC_predicted,0.14285714285714285,6,6,TCAACCGCAATTAATCCCAG,0,5241035
yqjE_yqjK_yqjD_yqjC_predicted,0.14285714285714285,6,6,TCAAAGCTATACGATAGGTA,0,5217851
yqjE_yqjK_yqjD_yqjC_predicted,0.14285714285714285,6,6,TCAAAATTGGATCTAGGAAG,0,5233977
yqjE_yqjK_yqjD_yqjC_predicted,0.14285714285714285,6,6,TATTTTTAGTCCCTCCTCCA,0,5222124
yqjE_yqjK_yqjD_yqjC_predicted,0.14285714285714285,6,6,TATTGGGCGAAAATCCGGTA,0,5188288
yqjE_yqjK_yqjD_yqjC_predicted,0.14285714285714285,6,6,TATTGCTCCGACTGCGGAGA,0,5182090
yqjE_yqjK_yqjD_yqjC_predicted,0.14285714285714285,6,6,TATTAAGCCATCGGATCCAT,0,5195832
yqjE_yqjK_yqjD_yqjC_predicted,0.14285714285714285,6,6,TATGTTATCGGAAGTTGCCA,0,5204527
yqjE_yqjK_yqjD_yqjC_predicted,0.14285714285714285,6,6,TATGTGCGCTTACATTCTAT,0,5193865
yqjE_yqjK_yqjD_yqjC_predicted,0.14285714285714285,6,6,TATGACAAAAGGGCTAAATG,0,5243567
yqjE_yqjK_yqjD_yqjC_predicted,0.14285714285714285,6,6,TATGAAATGGCTACAACCTA,0,5179529
yqjE_yqjK_yqjD_yqjC_predicted,0.14285714285714285,6,6,TATCTGGCCCATGGCCGCTC,0,5251676
yqjE_yqjK_yqjD_yqjC_predicted,0.14285714285714285,6,6,TATCCTGATGCAAACGCAAC,0,5230677
yqjE_yqjK_yqjD_yqjC_predicted,0.14285714285714285,6,6,TATCATTGCTCCTAGCCGGA,0,5172185
yqjE_yqjK_yqjD_yqjC_predicted,0.14285714285714285,6,6,TATCAGGCACACGTTAATGT,0,5217568
yqjE_yqjK_yqjD_yqjC_predicted,0.14285714285714285,6,6,TATATCTGCACGCTCCTGAC,0,5184570
yqjE_yqjK_yqjD_yqjC_predicted,0.14285714285714285,6,6,TATACCCCTGGCTTTAGGTG,0,5229565
yqjE_yqjK_yqjD_yqjC_predicted,0.14285714285714285,6,6,TATACAAAGGGAGCATGGAA,0,5260127
yqjE_yqjK_yqjD_yqjC_predicted,0.14285714285714285,6,6,TATAAGTTTCGTCGCGCCGT,0,5189728
yqjE_yqjK_yqjD_yqjC_predicted,0.14285714285714285,6,6,TATAACGCAGTAAAGTCTCC,0,5227880
yqjE_yqjK_yqjD_yqjC_predicted,0.14285714285714285,6,6,TAGTTTACCAACCATGAGTA,0,5234689
yqjE_yqjK_yqjD_yqjC_predicted,0.14285714285714285,6,6,TAGGCCCAGGGTTGATCACA,0,5173017
yqjE_yqjK_yqjD_yqjC_predicted,0.14285714285714285,6,6,TAGGACCAGGACCCCATTCC,0,5238155
yqjE_yqjK_yqjD_yqjC_predicted,0.14285714285714285,6,6,TAGGACACGGTTAGTGTCTC,0,5237880
yqjE_yqjK_yqjD_yqjC_predicted,0.14285714285714285,6,6,TAGCCTCAGTTGTCATACAA,0,5206163
yqjE_yqjK_yqjD_yqjC_predicted,0.14285714285714285,6,6,TAGCCGGCTCTGGGGTGGCC,0,5197663
yqjE_yqjK_yqjD_yqjC_predicted,0.14285714285714285,6,6,TAGCCGCCTACCGACAACGA,0,5196981
yqjE_yqjK_yqjD_yqjC_predicted,0.14285714285714285,6,6,TAGCCATTCTCCGCATCGGG,0,5259437
yqjE_yqjK_yqjD_yqjC_predicted,0.14285714285714285,6,6,TAGCAGATGGGTTAAGTACG,0,5184015
yqjE_yqjK_yqjD_yqjC_predicted,0.14285714285714285,6,6,TAGCAAGTGTCCCTAGGTCC,0,5192599
yqjE_yqjK_yqjD_yqjC_predicted,0.14285714285714285,6,6,TAGATCGTAGGTATCCGGTG,0,5179154
yqjE_yqjK_yqjD_yqjC_predicted,0.14285714285714285,6,6,TAGAGGGACGGCTTTGAACA,0,5260071
yqjE_yqjK_yqjD_yqjC_predicted,0.14285714285714285,6,6,TAGACGTTGTAGGTAACGTC,0,5186961
yqjE_yqjK_yqjD_yqjC_predicted,0.14285714285714285,6,6,TAGACGCCTGTACTATCCAT,0,5207994
yqjE_yqjK_yqjD_yqjC_predicted,0.14285714285714285,6,6,TAGACAATCAGACCTACCTT,0,5189518
yqjE_yqjK_yqjD_yqjC_predicted,0.14285714285714285,6,6,TAGAAGGAGGCTTGCGCTCT,0,5188953
yqjE_yqjK_yqjD_yqjC_predicted,0.14285714285714285,6,6,TACTTGAATTATGGACTTTC,0,5209719
yqjE_yqjK_yqjD_yqjC_predicted,0.14285714285714285,6,6,TACTGTTCACATCGGCACCA,0,5217873
yqjE_yqjK_yqjD_yqjC_predicted,0.14285714285714285,6,6,TACTGGGACCACCGTGATTA,0,5197714
yqjE_yqjK_yqjD_yqjC_predicted,0.14285714285714285,6,6,TACTCTACGCTTAAAAATAC,0,5209841
yqjE_yqjK_yqjD_yqjC_predicted,0.14285714285714285,6,6,TACGGAATTGTTCTAGAACT,0,5179868
yqjE_yqjK_yqjD_yqjC_predicted,0.14285714285714285,6,6,TACGCTAGTATTAGAAGTGT,0,5210013
yqjE_yqjK_yqjD_yqjC_predicted,0.14285714285714285,6,6,TACGCAGGTCTGCAACTCGT,0,5233535
yqjE_yqjK_yqjD_yqjC_predicted,0.14285714285714285,6,6,TACGCAGCACTGAAATGAGC,0,5200513
yqjE_yqjK_yqjD_yqjC_predicted,0.14285714285714285,6,6,TACGAGAGGAAAAGCCGTTA,0,5239034
yqjE_yqjK_yqjD_yqjC_predicted,0.14285714285714285,6,6,TACCAACGTGAGTGCACATG,0,5238535
yqjE_yqjK_yqjD_yqjC_predicted,0.14285714285714285,6,6,TACATTATCGAAGGGTACAT,0,5231776
yqjE_yqjK_yqjD_yqjC_predicted,0.14285714285714285,6,6,TACAGTATTCTTGAGGATGA,0,5256635
yqjE_yqjK_yqjD_yqjC_predicted,0.14285714285714285,6,6,TACAAGGAGCCCGAATATAC,0,5185058
yqjE_yqjK_yqjD_yqjC_predicted,0.14285714285714285,6,6,TAATTTTCCTGCAGTCTTAA,0,5244097
yqjE_yqjK_yqjD_yqjC_predicted,0.14285714285714285,6,6,TAATTTGCTACGGGCCGGTA,0,5216156
yqjE_yqjK_yqjD_yqjC_predicted,0.14285714285714285,6,6,TAATTTCTCGACCATCTGTT,0,5193441
yqjE_yqjK_yqjD_yqjC_predicted,0.14285714285714285,6,6,TAATTGCATAGACGAGGGAG,0,5182827
yqjE_yqjK_yqjD_yqjC_predicted,0.14285714285714285,6,6,TAATGGATGTTAACGGAAAA,0,5173858
yqjE_yqjK_yqjD_yqjC_predicted,0.14285714285714285,6,6,TAATGAGTAAGTCTGTTAGC,0,5197111
yqjE_yqjK_yqjD_yqjC_predicted,0.14285714285714285,6,6,TAATCGTGGGGAACCAGTCC,0,5219265
yqjE_yqjK_yqjD_yqjC_predicted,0.14285714285714285,6,6,TAAGGTAGAAATATTCATAG,0,5217960
yqjE_yqjK_yqjD_yqjC_predicted,0.14285714285714285,6,6,TAAGGACGCTTCTTTCCTCA,0,5214672
yqjE_yqjK_yqjD_yqjC_predicted,0.14285714285714285,6,6,TAAGAGGCCAGGGGAAGGTA,0,5230920
yqjE_yqjK_yqjD_yqjC_predicted,0.14285714285714285,6,6,TAACTCAATTGATGTCGAGT,0,5239672
yqjE_yqjK_yqjD_yqjC_predicted,0.14285714285714285,6,6,TAACGGATAACCGGTTCGAA,0,5216486
yqjE_yqjK_yqjD_yqjC_predicted,0.14285714285714285,6,6,TAACCTTTTCCGCGACTTCA,0,5175743
yqjE_yqjK_yqjD_yqjC_predicted,0.14285714285714285,6,6,TAAATTAAGTACTGGGATGA,0,5250740
yqjE_yqjK_yqjD_yqjC_predicted,0.14285714285714285,6,6,TAAATATTGGGACGGAGCTG,0,5240043
yqjE_yqjK_yqjD_yqjC_predicted,0.14285714285714285,6,6,TAAAGGAGGCCCGTTATTCA,0,5194856
yqjE_yqjK_yqjD_yqjC_predicted,0.14285714285714285,6,6,TAAAGCCTAGAAAGGGCACA,0,5224641
yqjE_yqjK_yqjD_yqjC_predicted,0.14285714285714285,6,6,TAAACCGTAACGTAACCTTA,0,5258252
yqjE_yqjK_yqjD_yqjC_predicted,0.14285714285714285,6,6,TAAAATCTTCTGAAGGCAAA,0,5200498
yqjE_yqjK_yqjD_yqjC_predicted,0.14285714285714285,6,6,GTTTTCCCCGGACAGACGAC,0,5246740
yqjE_yqjK_yqjD_yqjC_predicted,0.14285714285714285,6,6,GTTTTCATGGCTACGTGCCA,0,5205083
yqjE_yqjK_yqjD_yqjC_predicted,0.14285714285714285,6,6,GTTTGTCGGAGGCTTGGGGC,0,5207965
yqjE_yqjK_yqjD_yqjC_predicted,0.14285714285714285,6,6,GTTTCGTCATCTAAGTCGGC,0,5188016
yqjE_yqjK_yqjD_yqjC_predicted,0.14285714285714285,6,6,GTTTCGGGCATATCCCGACA,0,5237531
yqjE_yqjK_yqjD_yqjC_predicted,0.14285714285714285,6,6,GTTGGGGGTGGTGGGCAGGG,0,5247991
yqjE_yqjK_yqjD_yqjC_predicted,0.14285714285714285,6,6,GTTGGGAGAGACGCCTAACG,0,5174955
yqjE_yqjK_yqjD_yqjC_predicted,0.14285714285714285,6,6,GTTGGGAATCTGGTTACACC,0,5173208
yqjE_yqjK_yqjD_yqjC_predicted,0.14285714285714285,6,6,GTTGGATCGCACAACTCAGA,0,5174513
yqjE_yqjK_yqjD_yqjC_predicted,0.14285714285714285,6,6,GTTGCTCGAGCCGCTCACAC,0,5220950
yqjE_yqjK_yqjD_yqjC_predicted,0.14285714285714285,6,6,GTTGCCTTTAGAGTTGGGCG,0,5225489
yqjE_yqjK_yqjD_yqjC_predicted,0.14285714285714285,6,6,GTTGATGAGTCTCCTCTACG,0,5210666
yqjE_yqjK_yqjD_yqjC_predicted,0.14285714285714285,6,6,GTTCGTAAGGGGTCAGGAAG,0,5249932
yqjE_yqjK_yqjD_yqjC_predicted,0.14285714285714285,6,6,GTTCCGGCCACCTTAAAGGA,0,5232768
yqjE_yqjK_yqjD_yqjC_predicted,0.14285714285714285,6,6,GTTCCAGTGAAAAGCACGTC,0,5257533
yqjE_yqjK_yqjD_yqjC_predicted,0.14285714285714285,6,6,GTTCATTTGTGAAACCAGGG,0,5206315
yqjE_yqjK_yqjD_yqjC_predicted,0.14285714285714285,6,6,GTTCATCGAAGCACCTATCA,0,5217039
yqjE_yqjK_yqjD_yqjC_predicted,0.14285714285714285,6,6,GTTATGTTCAATGGAGCATC,0,5213293
yqjE_yqjK_yqjD_yqjC_predicted,0.14285714285714285,6,6,GTTATGCCGTACTCGAAGGT,0,5213490
yqjE_yqjK_yqjD_yqjC_predicted,0.14285714285714285,6,6,GTTAGGCAATGCAGGTATGG,0,5241727
yqjE_yqjK_yqjD_yqjC_predicted,0.14285714285714285,6,6,GTTAGCCTTAATAGACCTGT,0,5259486
yqjE_yqjK_yqjD_yqjC_predicted,0.14285714285714285,6,6,GTTAATGGTCGCAGTTTGGT,0,5187462
yqjE_yqjK_yqjD_yqjC_predicted,0.14285714285714285,6,6,GTGTTAAGTTCTCCCAGCGA,0,5219352
yqjE_yqjK_yqjD_yqjC_predicted,0.14285714285714285,6,6,GTGTTAAAAGGTGTCAAAAG,0,5196532
yqjE_yqjK_yqjD_yqjC_predicted,0.14285714285714285,6,6,GTGTCTAAGCAGACAAAGAA,0,5239864
yqjE_yqjK_yqjD_yqjC_predicted,0.14285714285714285,6,6,GTGTCAAGTAGTGAGCGATC,0,5189769
yqjE_yqjK_yqjD_yqjC_predicted,0.14285714285714285,6,6,GTGTAAACGGCCGAACCTCG,0,5182010
yqjE_yqjK_yqjD_yqjC_predicted,0.14285714285714285,6,6,GTGGTGTAAAGAAGATCCCA,0,5253432
yqjE_yqjK_yqjD_yqjC_predicted,0.14285714285714285,6,6,GTGGTGCGCGGTACAATCAA,0,5181570
yqjE_yqjK_yqjD_yqjC_predicted,0.14285714285714285,6,6,GTGGGCTTGCGTGGAGACAC,0,5239028
yqjE_yqjK_yqjD_yqjC_predicted,0.14285714285714285,6,6,GTGGCTTCCGTAGAACTTCC,0,5203048
yqjE_yqjK_yqjD_yqjC_predicted,0.14285714285714285,6,6,GTGGCTCAAGCGAAGTGGGA,0,5233876
yqjE_yqjK_yqjD_yqjC_predicted,0.14285714285714285,6,6,GTGGCATTATCATGCATCGT,0,5246858
yqjE_yqjK_yqjD_yqjC_predicted,0.14285714285714285,6,6,GTGGAAACGCCGGAGGGCAA,0,5247295
yqjE_yqjK_yqjD_yqjC_predicted,0.14285714285714285,6,6,GTGCTTATGATTCTCTTAGA,0,5226453
yqjE_yqjK_yqjD_yqjC_predicted,0.14285714285714285,6,6,GTGCCTTAAAAGCTGCAATA,0,5255092
yqjE_yqjK_yqjD_yqjC_predicted,0.14285714285714285,6,6,GTGCCGTGCGTATCCGGAGG,0,5236112
yqjE_yqjK_yqjD_yqjC_predicted,0.14285714285714285,6,6,GTGCCGTATTATGCTACTTG,0,5178646
yqjE_yqjK_yqjD_yqjC_predicted,0.14285714285714285,6,6,GTGCCAGGCCTTGTCCTTTC,0,5234224
yqjE_yqjK_yqjD_yqjC_predicted,0.14285714285714285,6,6,GTGCACCATGATCATAGTCC,0,5178308
yqjE_yqjK_yqjD_yqjC_predicted,0.14285714285714285,6,6,GTGCAAGATCGGGTCCGCAG,0,5172683
yqjE_yqjK_yqjD_yqjC_predicted,0.14285714285714285,6,6,GTGATTTAGTAGCCTGGTAT,0,5201027
yqjE_yqjK_yqjD_yqjC_predicted,0.14285714285714285,6,6,GTGATTCCCATCTCTTTAGG,0,5212803
yqjE_yqjK_yqjD_yqjC_predicted,0.14285714285714285,6,6,GTGACAAGTGCAGACCAGAC,0,5173885
yqjE_yqjK_yqjD_yqjC_predicted,0.14285714285714285,6,6,GTGAATAGGATGGTTAACCG,0,5222660
yqjE_yqjK_yqjD_yqjC_predicted,0.14285714285714285,6,6,GTCTCCCAGTCCCTGGCCAT,0,5259217
yqjE_yqjK_yqjD_yqjC_predicted,0.14285714285714285,6,6,GTCTCCAGCGGGTACTGAAG,0,5221305
yqjE_yqjK_yqjD_yqjC_predicted,0.14285714285714285,6,6,GTCTAGACTCAACCAAGATG,0,5175490
yqjE_yqjK_yqjD_yqjC_predicted,0.14285714285714285,6,6,GTCGGAGATCTCGGACTGCG,0,5246379
yqjE_yqjK_yqjD_yqjC_predicted,0.14285714285714285,6,6,GTCGAGTGTACTAACATCAT,0,5202419
yqjE_yqjK_yqjD_yqjC_predicted,0.14285714285714285,6,6,GTCCTACCCCTTTTGCTACA,0,5205652
yqjE_yqjK_yqjD_yqjC_predicted,0.14285714285714285,6,6,GTCCGAGCGAGCGGCGCGGC,0,5224227
yqjE_yqjK_yqjD_yqjC_predicted,0.14285714285714285,6,6,GTCCCTGCCGTGGCCGCGTA,0,5195225
yqjE_yqjK_yqjD_yqjC_predicted,0.14285714285714285,6,6,GTCCCACTCTGGTGTGATTT,0,5228399
yqjE_yqjK_yqjD_yqjC_predicted,0.14285714285714285,6,6,GTCCACAGAGTAGCAACCTA,0,5200156
yqjE_yqjK_yqjD_yqjC_predicted,0.14285714285714285,6,6,GTCCAATATGTCTTCGGTTG,0,5260427
yqjE_yqjK_yqjD_yqjC_predicted,0.14285714285714285,6,6,GTCATTGATCCTCCAATTGG,0,5186054
yqjE_yqjK_yqjD_yqjC_predicted,0.14285714285714285,6,6,GTCATGAGGCATCGATATGG,0,5214662
yqjE_yqjK_yqjD_yqjC_predicted,0.14285714285714285,6,6,GTCATCTGAATCCCCGACCA,0,5188491
yqjE_yqjK_yqjD_yqjC_predicted,0.14285714285714285,6,6,GTCATACCACTGTGAGGCGC,0,5201514
yqjE_yqjK_yqjD_yqjC_predicted,0.14285714285714285,6,6,GTCAGGGCAGGGTATAATCG,0,5182389
yqjE_yqjK_yqjD_yqjC_predicted,0.14285714285714285,6,6,GTCAAAATCCATGTAACATT,0,5210782
yqjE_yqjK_yqjD_yqjC_predicted,0.14285714285714285,6,6,GTCAAAACTGTATCCGAGGC,0,5252037
yqjE_yqjK_yqjD_yqjC_predicted,0.14285714285714285,6,6,GTATTGTTTTCCGCTAAGTA,0,5235715
yqjE_yqjK_yqjD_yqjC_predicted,0.14285714285714285,6,6,GTATTGTTTATGACGCTAAA,0,5195189
yqjE_yqjK_yqjD_yqjC_predicted,0.14285714285714285,6,6,GTATTCACGGAGACAGCTAT,0,5197943
yqjE_yqjK_yqjD_yqjC_predicted,0.14285714285714285,6,6,GTATGGTGGATCAATCCGTT,0,5175578
yqjE_yqjK_yqjD_yqjC_predicted,0.14285714285714285,6,6,GTATCAATGTCCCGTAGTGT,0,5199540
yqjE_yqjK_yqjD_yqjC_predicted,0.14285714285714285,6,6,GTATCAACAACGGGTGCGTC,0,5183741
yqjE_yqjK_yqjD_yqjC_predicted,0.14285714285714285,6,6,GTATACTACCGTGTGGCGCA,0,5186053
yqjE_yqjK_yqjD_yqjC_predicted,0.14285714285714285,6,6,GTATAAAACTGGGGGATCTA,0,5205231
yqjE_yqjK_yqjD_yqjC_predicted,0.14285714285714285,6,6,GTAGGGACATGTCGAAAGTG,0,5178817
yqjE_yqjK_yqjD_yqjC_predicted,0.14285714285714285,6,6,GTAGGCCATCCCCAAGACTA,0,5192331
yqjE_yqjK_yqjD_yqjC_predicted,0.14285714285714285,6,6,GTAGCCCCGTCATGGTTACC,0,5174334
yqjE_yqjK_yqjD_yqjC_predicted,0.14285714285714285,6,6,GTAGCACAGGCAGTCCAAAC,0,5192169
yqjE_yqjK_yqjD_yqjC_predicted,0.14285714285714285,6,6,GTAGATCGTAGCTTCCCTGT,0,5188395
yqjE_yqjK_yqjD_yqjC_predicted,0.14285714285714285,6,6,GTAGAGCCCACTATTTGACA,0,5199058
yqjE_yqjK_yqjD_yqjC_predicted,0.14285714285714285,6,6,GTACTTTGGCAGGGCTATTT,0,5250003
yqjE_yqjK_yqjD_yqjC_predicted,0.14285714285714285,6,6,GTACTATTCTACCTCAATCC,0,5232310
yqjE_yqjK_yqjD_yqjC_predicted,0.14285714285714285,6,6,GTACGGGGGAGCAGACCAAT,0,5221965
yqjE_yqjK_yqjD_yqjC_predicted,0.14285714285714285,6,6,GTACCCCTTGCATTTGTGAC,0,5185464
yqjE_yqjK_yqjD_yqjC_predicted,0.14285714285714285,6,6,GTACAGTTTCCAATGAGTGT,0,5207813
yqjE_yqjK_yqjD_yqjC_predicted,0.14285714285714285,6,6,GTACAGCCCCTTTACGGTCT,0,5236165
yqjE_yqjK_yqjD_yqjC_predicted,0.14285714285714285,6,6,GTAACGGCTCAGAACGGTCT,0,5171807
yqjE_yqjK_yqjD_yqjC_predicted,0.14285714285714285,6,6,GTAACCGCGACTACGTTCCA,0,5220746
yqjE_yqjK_yqjD_yqjC_predicted,0.14285714285714285,6,6,GTAACAACGTTCGGAGCAAT,0,5201685
yqjE_yqjK_yqjD_yqjC_predicted,0.14285714285714285,6,6,GTAAAGCCTAAACATACCAG,0,5254901
yqjE_yqjK_yqjD_yqjC_predicted,0.14285714285714285,6,6,GGTTTAACAGGCCGGGTGCG,0,5186235
yqjE_yqjK_yqjD_yqjC_predicted,0.14285714285714285,6,6,GGTTGGAAGTGAATTCATTT,0,5209523
yqjE_yqjK_yqjD_yqjC_predicted,0.14285714285714285,6,6,GGTTCAAATCGGGCTCCCTG,0,5227957
yqjE_yqjK_yqjD_yqjC_predicted,0.14285714285714285,6,6,GGTTAGCTGTCCGTTAGCGC,0,5254547
yqjE_yqjK_yqjD_yqjC_predicted,0.14285714285714285,6,6,GGTGTCCACATTCAGTCGGG,0,5177239
yqjE_yqjK_yqjD_yqjC_predicted,0.14285714285714285,6,6,GGTGCATTGATCCACAAAGA,0,5255729
yqjE_yqjK_yqjD_yqjC_predicted,0.14285714285714285,6,6,GGTCGGAGCAAACCATAGCT,0,5226656
yqjE_yqjK_yqjD_yqjC_predicted,0.14285714285714285,6,6,GGTCCTCATTAGCGTGTTGA,0,5171970
yqjE_yqjK_yqjD_yqjC_predicted,0.14285714285714285,6,6,GGTCAACAGTTTCTGCCGGG,0,5211377
yqjE_yqjK_yqjD_yqjC_predicted,0.14285714285714285,6,6,GGTATTCCCCCGAATGGCAT,0,5205726
yqjE_yqjK_yqjD_yqjC_predicted,0.14285714285714285,6,6,GGTATTAATAAACGATGTCT,0,5170956
yqjE_yqjK_yqjD_yqjC_predicted,0.14285714285714285,6,6,GGTATGCCAATCCCTTGAAC,0,5222102
yqjE_yqjK_yqjD_yqjC_predicted,0.14285714285714285,6,6,GGTATCCCGTCCTCGGTATT,0,5234571
yqjE_yqjK_yqjD_yqjC_predicted,0.14285714285714285,6,6,GGTAGAACCACAGTTAAATT,0,5212062
yqjE_yqjK_yqjD_yqjC_predicted,0.14285714285714285,6,6,GGTACCTCGTGTCACCTTAG,0,5205238
yqjE_yqjK_yqjD_yqjC_predicted,0.14285714285714285,6,6,GGTAAGTCATCGGCGGAAAA,0,5259910
yqjE_yqjK_yqjD_yqjC_predicted,0.14285714285714285,6,6,GGTAACTAGCACCTGAAAGT,0,5246268
yqjE_yqjK_yqjD_yqjC_predicted,0.14285714285714285,6,6,GGTAAACACTGGACCCTGGC,0,5237199
yqjE_yqjK_yqjD_yqjC_predicted,0.14285714285714285,6,6,GGGTTAGACGTATGCAATCC,0,5237145
yqjE_yqjK_yqjD_yqjC_predicted,0.14285714285714285,6,6,GGGTGGTACGCTGGCGTGGT,0,5246489
yqjE_yqjK_yqjD_yqjC_predicted,0.14285714285714285,6,6,GGGTGGGTGAAGGGTTTCTC,0,5209934
yqjE_yqjK_yqjD_yqjC_predicted,0.14285714285714285,6,6,GGGTGGGCGCCGGTGTTCAG,0,5212048
yqjE_yqjK_yqjD_yqjC_predicted,0.14285714285714285,6,6,GGGTGATCGTGATCCTTTAT,0,5187931
yqjE_yqjK_yqjD_yqjC_predicted,0.14285714285714285,6,6,GGGTCTCCGAATGTAGCTTT,0,5212530
yqjE_yqjK_yqjD_yqjC_predicted,0.14285714285714285,6,6,GGGTATTAAGACTTTTTAGA,0,5194175
yqjE_yqjK_yqjD_yqjC_predicted,0.14285714285714285,6,6,GGGTATGCCCCAACTACCGC,0,5254352
yqjE_yqjK_yqjD_yqjC_predicted,0.14285714285714285,6,6,GGGTAGTTCATGATCCACGA,0,5179789
yqjE_yqjK_yqjD_yqjC_predicted,0.14285714285714285,6,6,GGGGCTTGTTACTAAGCAGT,0,5210790
yqjE_yqjK_yqjD_yqjC_predicted,0.14285714285714285,6,6,GGGCTTCAACTTATGCATTC,0,5251590
yqjE_yqjK_yqjD_yqjC_predicted,0.14285714285714285,6,6,GGGCTGTTGTATCTTGCAAA,0,5243882
yqjE_yqjK_yqjD_yqjC_predicted,0.14285714285714285,6,6,GGGCTGTCGGTTGGCAGAGC,0,5194065
yqjE_yqjK_yqjD_yqjC_predicted,0.14285714285714285,6,6,GGGCGGCAGTAATGGGTGCT,0,5244623
yqjE_yqjK_yqjD_yqjC_predicted,0.14285714285714285,6,6,GGGCACAATCGGGGTCTACT,0,5174588
yqjE_yqjK_yqjD_yqjC_predicted,0.14285714285714285,6,6,GGGATTTTACGGTTCAGATG,0,5232563
yqjE_yqjK_yqjD_yqjC_predicted,0.14285714285714285,6,6,GGGATCTACGAGTCACGAGT,0,5260287
yqjE_yqjK_yqjD_yqjC_predicted,0.14285714285714285,6,6,GGGAGTCTTTCATCAACCTG,0,5236138
yqjE_yqjK_yqjD_yqjC_predicted,0.14285714285714285,6,6,GGGAGTACGAGCGCAGCTGC,0,5240719
yqjE_yqjK_yqjD_yqjC_predicted,0.14285714285714285,6,6,GGGAGCTGGCAGCTTCGACT,0,5173879
yqjE_yqjK_yqjD_yqjC_predicted,0.14285714285714285,6,6,GGGACGAAAGGCGTGTACTT,0,5230054
yqjE_yqjK_yqjD_yqjC_predicted,0.14285714285714285,6,6,GGCTTTACCGTGGGAAAGTC,0,5172957
yqjE_yqjK_yqjD_yqjC_predicted,0.14285714285714285,6,6,GGCTTATTATACTGTTTAAG,0,5237660
yqjE_yqjK_yqjD_yqjC_predicted,0.14285714285714285,6,6,GGCTGGGGCCTGAATTCCTT,0,5233260
yqjE_yqjK_yqjD_yqjC_predicted,0.14285714285714285,6,6,GGCTGATATGTAACGCACAT,0,5191307
yqjE_yqjK_yqjD_yqjC_predicted,0.14285714285714285,6,6,GGCTAATATACGTGATGCGG,0,5189323
yqjE_yqjK_yqjD_yqjC_predicted,0.14285714285714285,6,6,GGCGTTACCGATCACACTAA,0,5198339
yqjE_yqjK_yqjD_yqjC_predicted,0.14285714285714285,6,6,GGCGTGTTTCTGGGGGTTCC,0,5247319
yqjE_yqjK_yqjD_yqjC_predicted,0.14285714285714285,6,6,GGCGTGTATTGGTGCGTCCC,0,5246090
yqjE_yqjK_yqjD_yqjC_predicted,0.14285714285714285,6,6,GGCGTCCAGGAGACAAAGGA,0,5254542
yqjE_yqjK_yqjD_yqjC_predicted,0.14285714285714285,6,6,GGCGGAATAAAGTAGGTCCG,0,5191193
yqjE_yqjK_yqjD_yqjC_predicted,0.14285714285714285,6,6,GGCGACGACCGTGTCCTTAG,0,5186756
yqjE_yqjK_yqjD_yqjC_predicted,0.14285714285714285,6,6,GGCGACAGCAACCACCTGCA,0,5187385
yqjE_yqjK_yqjD_yqjC_predicted,0.14285714285714285,6,6,GGCCCACGAAAGCTTTTTAG,0,5231173
yqjE_yqjK_yqjD_yqjC_predicted,0.14285714285714285,6,6,GGCATTATCGCTTACCATCT,0,5215461
yqjE_yqjK_yqjD_yqjC_predicted,0.14285714285714285,6,6,GGCATGTCCATGTCTCAGGA,0,5215938
yqjE_yqjK_yqjD_yqjC_predicted,0.14285714285714285,6,6,GGCATAAAAATGTGGGCATG,0,5189580
yqjE_yqjK_yqjD_yqjC_predicted,0.14285714285714285,6,6,GGCACGTCCCCGCACACGAG,0,5235349
yqjE_yqjK_yqjD_yqjC_predicted,0.14285714285714285,6,6,GGCACAGTGGGAAGAGTTGT,0,5232527
yqjE_yqjK_yqjD_yqjC_predicted,0.14285714285714285,6,6,GGCAAGGATCAGTCCTACGA,0,5215696
yqjE_yqjK_yqjD_yqjC_predicted,0.14285714285714285,6,6,GGCAAGATTCAATGCGAATA,0,5248832
yqjE_yqjK_yqjD_yqjC_predicted,0.14285714285714285,6,6,GGCAACGTCGGAGTGTGGTG,0,5251324
yqjE_yqjK_yqjD_yqjC_predicted,0.14285714285714285,6,6,GGCAACATAATTGGGGCATA,0,5217051
yqjE_yqjK_yqjD_yqjC_predicted,0.14285714285714285,6,6,GGATTGCACATTTAATCAGT,0,5241775
yqjE_yqjK_yqjD_yqjC_predicted,0.14285714285714285,6,6,GGATGTGGGTTCAACTTCCG,0,5233539
yqjE_yqjK_yqjD_yqjC_predicted,0.14285714285714285,6,6,GGATGTACAGTGCACCAGGT,0,5248327
yqjE_yqjK_yqjD_yqjC_predicted,0.14285714285714285,6,6,GGATGGGAATCGGCAGTGTG,0,5224249
yqjE_yqjK_yqjD_yqjC_predicted,0.14285714285714285,6,6,GGATGCTAGCTCTTCCTGGC,0,5224965
yqjE_yqjK_yqjD_yqjC_predicted,0.14285714285714285,6,6,GGATGAAGATCATGTATGGT,0,5231391
yqjE_yqjK_yqjD_yqjC_predicted,0.14285714285714285,6,6,GGATCGGTCTTGTAGGAAGA,0,5225271
yqjE_yqjK_yqjD_yqjC_predicted,0.14285714285714285,6,6,GGAGTGGTCAGGCGGGAACG,0,5174078
yqjE_yqjK_yqjD_yqjC_predicted,0.14285714285714285,6,6,GGAGAGGCTCCACTGTCCTG,0,5239945
yqjE_yqjK_yqjD_yqjC_predicted,0.14285714285714285,6,6,GGAGACAACGCTACGGAATG,0,5207816
yqjE_yqjK_yqjD_yqjC_predicted,0.14285714285714285,6,6,GGACTCTTCTCAGTTAGCAA,0,5250007
yqjE_yqjK_yqjD_yqjC_predicted,0.14285714285714285,6,6,GGACTACCACGAATAAGCAT,0,5233087
yqjE_yqjK_yqjD_yqjC_predicted,0.14285714285714285,6,6,GGACGTTTACCTCCATTCCG,0,5209896
yqjE_yqjK_yqjD_yqjC_predicted,0.14285714285714285,6,6,GGACCCAGTCGTTTATTTAT,0,5235509
yqjE_yqjK_yqjD_yqjC_predicted,0.14285714285714285,6,6,GGACACCTATCTCCCTCGTA,0,5217011
yqjE_yqjK_yqjD_yqjC_predicted,0.14285714285714285,6,6,GGAACCGGGAAGTGACGCCA,0,5170868
yqjE_yqjK_yqjD_yqjC_predicted,0.14285714285714285,6,6,GGAAATCATGGTGAATGGAA,0,5205256
yqjE_yqjK_yqjD_yqjC_predicted,0.14285714285714285,6,6,GGAAATATCCCGTGGGCGAA,0,5192159
yqjE_yqjK_yqjD_yqjC_predicted,0.14285714285714285,6,6,GGAAAAGTACCTCCCAGCTG,0,5203200
yqjE_yqjK_yqjD_yqjC_predicted,0.14285714285714285,6,6,GCTTTCTTGTGTATCAGATA,0,5176891
yqjE_yqjK_yqjD_yqjC_predicted,0.14285714285714285,6,6,GCTTGATCTGGCAGGACCCT,0,5227709
yqjE_yqjK_yqjD_yqjC_predicted,0.14285714285714285,6,6,GCTTCGGACACGCACACCTT,0,5180439
yqjE_yqjK_yqjD_yqjC_predicted,0.14285714285714285,6,6,GCTTCAGTTAGTGCATCTCA,0,5252335
yqjE_yqjK_yqjD_yqjC_predicted,0.14285714285714285,6,6,GCTTAAGTCGGTTTTTTTTG,0,5243639
yqjE_yqjK_yqjD_yqjC_predicted,0.14285714285714285,6,6,GCTGGGACACGGGAGAAATT,0,5191369
yqjE_yqjK_yqjD_yqjC_predicted,0.14285714285714285,6,6,GCTGGAGAGGCAATGTTTAG,0,5221136
yqjE_yqjK_yqjD_yqjC_predicted,0.14285714285714285,6,6,GCTCTTGGAGCTACGCCGTA,0,5234169
yqjE_yqjK_yqjD_yqjC_predicted,0.14285714285714285,6,6,GCTCTTAATGATCGACCCTA,0,5248845
yqjE_yqjK_yqjD_yqjC_predicted,0.14285714285714285,6,6,GCTCGCCTACATATTGGATA,0,5176822
yqjE_yqjK_yqjD_yqjC_predicted,0.14285714285714285,6,6,GCTCGATTGAGCAATTTTGA,0,5179034
yqjE_yqjK_yqjD_yqjC_predicted,0.14285714285714285,6,6,GCTCAAACGCATAGGCGGCT,0,5211754
yqjE_yqjK_yqjD_yqjC_predicted,0.14285714285714285,6,6,GCTATTATCATACTACCTCT,0,5201003
yqjE_yqjK_yqjD_yqjC_predicted,0.14285714285714285,6,6,GCTATGCTAGGTTGCGTGAT,0,5196803
yqjE_yqjK_yqjD_yqjC_predicted,0.14285714285714285,6,6,GCTATGATATGGGAGGGTCT,0,5210418
yqjE_yqjK_yqjD_yqjC_predicted,0.14285714285714285,6,6,GCTATACGCGATCAACGGTG,0,5215501
yqjE_yqjK_yqjD_yqjC_predicted,0.14285714285714285,6,6,GCTATACACATGGCTATATA,0,5225251
yqjE_yqjK_yqjD_yqjC_predicted,0.14285714285714285,6,6,GCTAGTGACTCTAATGCTCG,0,5250265
yqjE_yqjK_yqjD_yqjC_predicted,0.14285714285714285,6,6,GCGTCCCAGGCAATCTGTCA,0,5194732
yqjE_yqjK_yqjD_yqjC_predicted,0.14285714285714285,6,6,GCGGTGTTAATATTACCGTT,0,5240204
yqjE_yqjK_yqjD_yqjC_predicted,0.14285714285714285,6,6,GCGGTAGGGGATACCGCTAC,0,5228215
yqjE_yqjK_yqjD_yqjC_predicted,0.14285714285714285,6,6,GCGGCGTAGGAGCTGACACA,0,5218344
yqjE_yqjK_yqjD_yqjC_predicted,0.14285714285714285,6,6,GCGGCCCGTACAAGAACTCC,0,5203668
yqjE_yqjK_yqjD_yqjC_predicted,0.14285714285714285,6,6,GCGGAGCTTATCAGTGAAAC,0,5175069
yqjE_yqjK_yqjD_yqjC_predicted,0.14285714285714285,6,6,GCGGAATAGGGCAACTAAGG,0,5205286
yqjE_yqjK_yqjD_yqjC_predicted,0.14285714285714285,6,6,GCGCTTGGTTCTGGACCAGA,0,5241490
yqjE_yqjK_yqjD_yqjC_predicted,0.14285714285714285,6,6,GCGAGACGGTTCCAATACAT,0,5201391
yqjE_yqjK_yqjD_yqjC_predicted,0.14285714285714285,6,6,GCCTCGTACGGGGCAATGCA,0,5235812
yqjE_yqjK_yqjD_yqjC_predicted,0.14285714285714285,6,6,GCCTCGAGTAGGCACGCTTA,0,5227738
yqjE_yqjK_yqjD_yqjC_predicted,0.14285714285714285,6,6,GCCGTTGAAAGAAGTTCGTT,0,5195242
yqjE_yqjK_yqjD_yqjC_predicted,0.14285714285714285,6,6,GCCGTTACGAACGGGACAAG,0,5252273
yqjE_yqjK_yqjD_yqjC_predicted,0.14285714285714285,6,6,GCCGTCAGCGAGACCCAGAG,0,5261504
yqjE_yqjK_yqjD_yqjC_predicted,0.14285714285714285,6,6,GCCGGGTTTGTGCTTGTAAA,0,5224102
yqjE_yqjK_yqjD_yqjC_predicted,0.14285714285714285,6,6,GCCGCTTGCTACTCGAGCAG,0,5254840
yqjE_yqjK_yqjD_yqjC_predicted,0.14285714285714285,6,6,GCCGAGGAGAGCTATAAGAG,0,5196022
yqjE_yqjK_yqjD_yqjC_predicted,0.14285714285714285,6,6,GCCCTCACAACCAGTGTGGA,0,5236620
yqjE_yqjK_yqjD_yqjC_predicted,0.14285714285714285,6,6,GCCCGGTGCAAAGGCATAAC,0,5217473
yqjE_yqjK_yqjD_yqjC_predicted,0.14285714285714285,6,6,GCCCCGCGCCCGCCCCATAT,0,5218819
yqjE_yqjK_yqjD_yqjC_predicted,0.14285714285714285,6,6,GCCAGTGTCACCGATCGATA,0,5180236
yqjE_yqjK_yqjD_yqjC_predicted,0.14285714285714285,6,6,GCCACGCAAGATCTTATTTT,0,5217489
yqjE_yqjK_yqjD_yqjC_predicted,0.14285714285714285,6,6,GCATTACGGTAACCAATTTC,0,5209117
yqjE_yqjK_yqjD_yqjC_predicted,0.14285714285714285,6,6,GCATGATCTTACTGAAGAAA,0,5189751
yqjE_yqjK_yqjD_yqjC_predicted,0.14285714285714285,6,6,GCATCTAGAATAAATATATC,0,5197046
yqjE_yqjK_yqjD_yqjC_predicted,0.14285714285714285,6,6,GCATAGTAGTACTGGGTCGC,0,5223087
yqjE_yqjK_yqjD_yqjC_predicted,0.14285714285714285,6,6,GCATACAAAGCTGGAGACTT,0,5260292
yqjE_yqjK_yqjD_yqjC_predicted,0.14285714285714285,6,6,GCATAATCCGGCATTTGCGG,0,5177788
yqjE_yqjK_yqjD_yqjC_predicted,0.14285714285714285,6,6,GCAGTCAACGCCCGTACCTC,0,5213828
yqjE_yqjK_yqjD_yqjC_predicted,0.14285714285714285,6,6,GCAGTAAGACAGTACTTTTT,0,5240928
yqjE_yqjK_yqjD_yqjC_predicted,0.14285714285714285,6,6,GCAGGATCAATGAGCGGCGG,0,5184809
yqjE_yqjK_yqjD_yqjC_predicted,0.14285714285714285,6,6,GCAGCCTAACAGTACAATTT,0,5217869
yqjE_yqjK_yqjD_yqjC_predicted,0.14285714285714285,6,6,GCAGATATCCTCGTACTTAT,0,5224878
yqjE_yqjK_yqjD_yqjC_predicted,0.14285714285714285,6,6,GCAGAGTACGTGGCTCGGCA,0,5245827
yqjE_yqjK_yqjD_yqjC_predicted,0.14285714285714285,6,6,GCAGAATTCGTCGAGTGGCC,0,5240564
yqjE_yqjK_yqjD_yqjC_predicted,0.14285714285714285,6,6,GCACGTGCTTTAATCGCCGG,0,5196562
yqjE_yqjK_yqjD_yqjC_predicted,0.14285714285714285,6,6,GCACCGTGAATGTCCATGCG,0,5206435
yqjE_yqjK_yqjD_yqjC_predicted,0.14285714285714285,6,6,GCACCGTAAAATCCCGCCCA,0,5232012
yqjE_yqjK_yqjD_yqjC_predicted,0.14285714285714285,6,6,GCAATTAGGGTTTCACCTTG,0,5186965
yqjE_yqjK_yqjD_yqjC_predicted,0.14285714285714285,6,6,GCAATCAGTTGGGCCAATGA,0,5243738
yqjE_yqjK_yqjD_yqjC_predicted,0.14285714285714285,6,6,GCAATATAGACGCGCTTCTT,0,5191636
yqjE_yqjK_yqjD_yqjC_predicted,0.14285714285714285,6,6,GCAAAATCGATGTCATGTTG,0,5188280
yqjE_yqjK_yqjD_yqjC_predicted,0.14285714285714285,6,6,GATTTCCCGATATCAGGTTC,0,5258791
yqjE_yqjK_yqjD_yqjC_predicted,0.14285714285714285,6,6,GATTGGCATGGGCTCAACTG,0,5246073
yqjE_yqjK_yqjD_yqjC_predicted,0.14285714285714285,6,6,GATTGCGTCTGCCCGCAGGT,0,5231183
yqjE_yqjK_yqjD_yqjC_predicted,0.14285714285714285,6,6,GATTGCACACTTTCGAATCT,0,5251703
yqjE_yqjK_yqjD_yqjC_predicted,0.14285714285714285,6,6,GATTCTTCGATCTCCGCATA,0,5260520
yqjE_yqjK_yqjD_yqjC_predicted,0.14285714285714285,6,6,GATTCCCCGCGTATCCCAAC,0,5199603
yqjE_yqjK_yqjD_yqjC_predicted,0.14285714285714285,6,6,GATTAGGCGACGTTACTGCT,0,5234085
yqjE_yqjK_yqjD_yqjC_predicted,0.14285714285714285,6,6,GATTAATCTGCTTTCCCAAC,0,5221011
yqjE_yqjK_yqjD_yqjC_predicted,0.14285714285714285,6,6,GATGTAAGGGGGGTCCGACT,0,5245404
yqjE_yqjK_yqjD_yqjC_predicted,0.14285714285714285,6,6,GATGTAAAAGTGTTCTGGAC,0,5230910
yqjE_yqjK_yqjD_yqjC_predicted,0.14285714285714285,6,6,GATGGTTGTACTATTCCTGT,0,5218958
yqjE_yqjK_yqjD_yqjC_predicted,0.14285714285714285,6,6,GATGGTGGGCGCGTCTAGCT,0,5207001
yqjE_yqjK_yqjD_yqjC_predicted,0.14285714285714285,6,6,GATGGCTGGGCTCTGACGGT,0,5231804
yqjE_yqjK_yqjD_yqjC_predicted,0.14285714285714285,6,6,GATGCAGGTAAAGCTGCCCT,0,5250311
yqjE_yqjK_yqjD_yqjC_predicted,0.14285714285714285,6,6,GATCTTGTCTTCCAATCCTG,0,5233970
yqjE_yqjK_yqjD_yqjC_predicted,0.14285714285714285,6,6,GATCGTTAAGCAGGATGGAT,0,5208851
yqjE_yqjK_yqjD_yqjC_predicted,0.14285714285714285,6,6,GATCGAAAACGGTTGAACGC,0,5253426
yqjE_yqjK_yqjD_yqjC_predicted,0.14285714285714285,6,6,GATCATTGCTTTCAAGGTAG,0,5221898
yqjE_yqjK_yqjD_yqjC_predicted,0.14285714285714285,6,6,GATCATGACGTGCAGGGGGT,0,5221319
yqjE_yqjK_yqjD_yqjC_predicted,0.14285714285714285,6,6,GATATTGCTCCTACACCGGC,0,5174199
yqjE_yqjK_yqjD_yqjC_predicted,0.14285714285714285,6,6,GATATGTGTTCTCCTAGTAA,0,5208238
yqjE_yqjK_yqjD_yqjC_predicted,0.14285714285714285,6,6,GATATGGTATGGCGCAACAC,0,5199871
yqjE_yqjK_yqjD_yqjC_predicted,0.14285714285714285,6,6,GATATAGGGATCTCTCCAGT,0,5213032
yqjE_yqjK_yqjD_yqjC_predicted,0.14285714285714285,6,6,GATAGGCAGGAACACTTATC,0,5252800
yqjE_yqjK_yqjD_yqjC_predicted,0.14285714285714285,6,6,GAGTTTCGGCAATCTGGTTG,0,5184778
yqjE_yqjK_yqjD_yqjC_predicted,0.14285714285714285,6,6,GAGTGATTCGTTGCGATCGT,0,5233963
yqjE_yqjK_yqjD_yqjC_predicted,0.14285714285714285,6,6,GAGTCGCTGGGACCCCAGAC,0,5219622
yqjE_yqjK_yqjD_yqjC_predicted,0.14285714285714285,6,6,GAGGGTCTCCATAGATACCT,0,5252340
yqjE_yqjK_yqjD_yqjC_predicted,0.14285714285714285,6,6,GAGGGCTCTGTATCTCAAGA,0,5240832
yqjE_yqjK_yqjD_yqjC_predicted,0.14285714285714285,6,6,GAGGCGGGGCTCACAAGCGT,0,5211563
yqjE_yqjK_yqjD_yqjC_predicted,0.14285714285714285,6,6,GAGGCAAATTAGGAGATGGA,0,5202882
yqjE_yqjK_yqjD_yqjC_predicted,0.14285714285714285,6,6,GAGCTGTATGCAAGACATCC,0,5173019
yqjE_yqjK_yqjD_yqjC_predicted,0.14285714285714285,6,6,GAGCTGGCAACTGCCTCAGC,0,5180186
yqjE_yqjK_yqjD_yqjC_predicted,0.14285714285714285,6,6,GAGCTGATTACCGTTTCGGA,0,5244153
yqjE_yqjK_yqjD_yqjC_predicted,0.14285714285714285,6,6,GAGCTATTGGGGGACCTGTA,0,5260098
yqjE_yqjK_yqjD_yqjC_predicted,0.14285714285714285,6,6,GAGCGTATCGTTCAAGAGCT,0,5232375
yqjE_yqjK_yqjD_yqjC_predicted,0.14285714285714285,6,6,GAGCCTTCTAGAAGCGCTTA,0,5189934
yqjE_yqjK_yqjD_yqjC_predicted,0.14285714285714285,6,6,GAGCCGGGGCAACGCCCACA,0,5228372
yqjE_yqjK_yqjD_yqjC_predicted,0.14285714285714285,6,6,GAGCACTCCGGGCTTTATTT,0,5228103
yqjE_yqjK_yqjD_yqjC_predicted,0.14285714285714285,6,6,GAGATGTACACTGGGTTGGG,0,5221322
yqjE_yqjK_yqjD_yqjC_predicted,0.14285714285714285,6,6,GAGAGGTATATTATGTCACT,0,5183184
yqjE_yqjK_yqjD_yqjC_predicted,0.14285714285714285,6,6,GAGAGGACACTGCGTGATGG,0,5199293
yqjE_yqjK_yqjD_yqjC_predicted,0.14285714285714285,6,6,GAGAACAAGAGCAATCGGTG,0,5215707
yqjE_yqjK_yqjD_yqjC_predicted,0.14285714285714285,6,6,GACTTCGCTTTTTTCTGGCG,0,5245801
yqjE_yqjK_yqjD_yqjC_predicted,0.14285714285714285,6,6,GACTTCAGCATCCGTCAGGC,0,5258890
yqjE_yqjK_yqjD_yqjC_predicted,0.14285714285714285,6,6,GACTAAATGGGGATGATCAA,0,5228177
yqjE_yqjK_yqjD_yqjC_predicted,0.14285714285714285,6,6,GACGTGTCGTTGTGCCGTGG,0,5220856
yqjE_yqjK_yqjD_yqjC_predicted,0.14285714285714285,6,6,GACGGTACGATATTGAGGGC,0,5231281
yqjE_yqjK_yqjD_yqjC_predicted,0.14285714285714285,6,6,GACGGGATGCCAAACCCCAG,0,5233342
yqjE_yqjK_yqjD_yqjC_predicted,0.14285714285714285,6,6,GACGCTATCGTTCCGGGCGG,0,5257398
yqjE_yqjK_yqjD_yqjC_predicted,0.14285714285714285,6,6,GACGAGTGTTACTTCTCAGG,0,5207187
yqjE_yqjK_yqjD_yqjC_predicted,0.14285714285714285,6,6,GACGACCTTCCTGAACTTCA,0,5180325
yqjE_yqjK_yqjD_yqjC_predicted,0.14285714285714285,6,6,GACCCCGCCGAGTTATTCTG,0,5186250
yqjE_yqjK_yqjD_yqjC_predicted,0.14285714285714285,6,6,GACCAACCATGGCTTTTCAT,0,5211466
yqjE_yqjK_yqjD_yqjC_predicted,0.14285714285714285,6,6,GACATCGTCCATCCAAAGAT,0,5221944
yqjE_yqjK_yqjD_yqjC_predicted,0.14285714285714285,6,6,GACACCTTTCTCACTGTAAC,0,5239340
yqjE_yqjK_yqjD_yqjC_predicted,0.14285714285714285,6,6,GACAATCAGAGTAACGTACA,0,5239303
yqjE_yqjK_yqjD_yqjC_predicted,0.14285714285714285,6,6,GAATCGGTGCGCACAAGGGA,0,5222618
yqjE_yqjK_yqjD_yqjC_predicted,0.14285714285714285,6,6,GAATATGTTTGGAGTCGTTT,0,5245446
yqjE_yqjK_yqjD_yqjC_predicted,0.14285714285714285,6,6,GAATACACGACCGATTCTTG,0,5215178
yqjE_yqjK_yqjD_yqjC_predicted,0.14285714285714285,6,6,GAACGGGCATCGTGCGGGAT,0,5252097
yqjE_yqjK_yqjD_yqjC_predicted,0.14285714285714285,6,6,GAACGGGACTCGTTAAAATT,0,5171185
yqjE_yqjK_yqjD_yqjC_predicted,0.14285714285714285,6,6,GAACCTATTACCTCGTGTAT,0,5203583
yqjE_yqjK_yqjD_yqjC_predicted,0.14285714285714285,6,6,GAACCTATGGTTGAGTTGGT,0,5202420
yqjE_yqjK_yqjD_yqjC_predicted,0.14285714285714285,6,6,GAACCAATTTAAATCGAAAG,0,5215858
yqjE_yqjK_yqjD_yqjC_predicted,0.14285714285714285,6,6,GAACACAATTTAAACGATTT,0,5258695
yqjE_yqjK_yqjD_yqjC_predicted,0.14285714285714285,6,6,GAAATATCTCGAAGATCATG,0,5237339
yqjE_yqjK_yqjD_yqjC_predicted,0.14285714285714285,6,6,GAAAAGCGTCGGCACAATTC,0,5207587
yqjE_yqjK_yqjD_yqjC_predicted,0.14285714285714285,6,6,GAAAAAGTGGCGCTACCCAT,0,5208174
yqjE_yqjK_yqjD_yqjC_predicted,0.14285714285714285,6,6,CTTTTACTCGATTCGATTCC,0,5199697
yqjE_yqjK_yqjD_yqjC_predicted,0.14285714285714285,6,6,CTTTGGAGAGGCTTATTACA,0,5193947
yqjE_yqjK_yqjD_yqjC_predicted,0.14285714285714285,6,6,CTTTGATTTCGTATCATGGC,0,5237305
yqjE_yqjK_yqjD_yqjC_predicted,0.14285714285714285,6,6,CTTTGATGTCCGGAAACATA,0,5250175
yqjE_yqjK_yqjD_yqjC_predicted,0.14285714285714285,6,6,CTTTGAGACTATATTTTATT,0,5193006
yqjE_yqjK_yqjD_yqjC_predicted,0.14285714285714285,6,6,CTTTAGCCGCTCGGGACGTA,0,5179147
yqjE_yqjK_yqjD_yqjC_predicted,0.14285714285714285,6,6,CTTTAAGACAAGGTCCTATA,0,5259145
yqjE_yqjK_yqjD_yqjC_predicted,0.14285714285714285,6,6,CTTTAAATATAATTTGGTAA,0,5196956
yqjE_yqjK_yqjD_yqjC_predicted,0.14285714285714285,6,6,CTTGTGCTCGGGGCAAGCAG,0,5242723
yqjE_yqjK_yqjD_yqjC_predicted,0.14285714285714285,6,6,CTTGGCCCAGATACCTTCGG,0,5214031
yqjE_yqjK_yqjD_yqjC_predicted,0.14285714285714285,6,6,CTTGAAACCGCGCCGAGTTA,0,5226747
yqjE_yqjK_yqjD_yqjC_predicted,0.14285714285714285,6,6,CTTCTCTGATAGGAATACGG,0,5246143
yqjE_yqjK_yqjD_yqjC_predicted,0.14285714285714285,6,6,CTTCGTGACTCCCGGTGCTG,0,5237837
yqjE_yqjK_yqjD_yqjC_predicted,0.14285714285714285,6,6,CTTCGGCTTGTAGGCTTACT,0,5190636
yqjE_yqjK_yqjD_yqjC_predicted,0.14285714285714285,6,6,CTTCGCCGCGTATGGTCCCT,0,5203027
yqjE_yqjK_yqjD_yqjC_predicted,0.14285714285714285,6,6,CTTCAGGCAATCCTATAACA,0,5252319
yqjE_yqjK_yqjD_yqjC_predicted,0.14285714285714285,6,6,CTTCAGCATTAGCATCGGGA,0,5196927
yqjE_yqjK_yqjD_yqjC_predicted,0.14285714285714285,6,6,CTTACCGACGAATTAAAGTC,0,5192696
yqjE_yqjK_yqjD_yqjC_predicted,0.14285714285714285,6,6,CTGTTGATTGAATTAACTGA,0,5214860
yqjE_yqjK_yqjD_yqjC_predicted,0.14285714285714285,6,6,CTGTGTGCAATGCGGGAATA,0,5187968
yqjE_yqjK_yqjD_yqjC_predicted,0.14285714285714285,6,6,CTGTCTGTCCAGTTATGCTA,0,5224816
yqjE_yqjK_yqjD_yqjC_predicted,0.14285714285714285,6,6,CTGTCGGGGGCGCCTAAGTC,0,5214849
yqjE_yqjK_yqjD_yqjC_predicted,0.14285714285714285,6,6,CTGTATCTTTGCAGGCTGTA,0,5233100
yqjE_yqjK_yqjD_yqjC_predicted,0.14285714285714285,6,6,CTGTATCTTGGACCTTTCAC,0,5227910
yqjE_yqjK_yqjD_yqjC_predicted,0.14285714285714285,6,6,CTGGCGGTCGGCATGACCAA,0,5262013
yqjE_yqjK_yqjD_yqjC_predicted,0.14285714285714285,6,6,CTGGCAGAATGCAAATTAAT,0,5187310
yqjE_yqjK_yqjD_yqjC_predicted,0.14285714285714285,6,6,CTGCTCACCTTCCGTGGCGC,0,5229111
yqjE_yqjK_yqjD_yqjC_predicted,0.14285714285714285,6,6,CTGCGTTTGGGTTAAAACAA,0,5244050
yqjE_yqjK_yqjD_yqjC_predicted,0.14285714285714285,6,6,CTGCCGGGAGGTAACGGACG,0,5192186
yqjE_yqjK_yqjD_yqjC_predicted,0.14285714285714285,6,6,CTGCATAACTGAGTCGGGCA,0,5212391
yqjE_yqjK_yqjD_yqjC_predicted,0.14285714285714285,6,6,CTGCAACGTGGACATCGGCA,0,5238368
yqjE_yqjK_yqjD_yqjC_predicted,0.14285714285714285,6,6,CTGATTAACGACGTCAGACC,0,5201071
yqjE_yqjK_yqjD_yqjC_predicted,0.14285714285714285,6,6,CTGAATACCGAGGTGGGCAT,0,5235032
yqjE_yqjK_yqjD_yqjC_predicted,0.14285714285714285,6,6,CTGAAATCTACGACCTAGTT,0,5215031
yqjE_yqjK_yqjD_yqjC_predicted,0.14285714285714285,6,6,CTCTTGGAAGAGTTGACAGA,0,5200719
yqjE_yqjK_yqjD_yqjC_predicted,0.14285714285714285,6,6,CTCTCTTTGTTTGTAATCAT,0,5256096
yqjE_yqjK_yqjD_yqjC_predicted,0.14285714285714285,6,6,CTCTCAACATATGTGAAAGA,0,5250834
yqjE_yqjK_yqjD_yqjC_predicted,0.14285714285714285,6,6,CTCGTCCCCCGCCAATCACA,0,5204611
yqjE_yqjK_yqjD_yqjC_predicted,0.14285714285714285,6,6,CTCGACTGATACTATTGCAA,0,5191190
yqjE_yqjK_yqjD_yqjC_predicted,0.14285714285714285,6,6,CTCCGTCTTTTACTAGGCCG,0,5257684
yqjE_yqjK_yqjD_yqjC_predicted,0.14285714285714285,6,6,CTCCCGGTCTACGGGGTCAT,0,5252115
yqjE_yqjK_yqjD_yqjC_predicted,0.14285714285714285,6,6,CTCCCGAGTTGGTTATGGTA,0,5261452
yqjE_yqjK_yqjD_yqjC_predicted,0.14285714285714285,6,6,CTCATATACTCCAATACATG,0,5179717
yqjE_yqjK_yqjD_yqjC_predicted,0.14285714285714285,6,6,CTCATAACAAGGTGCCGGAC,0,5213620
yqjE_yqjK_yqjD_yqjC_predicted,0.14285714285714285,6,6,CTCAGACAGCGACTCGAAGG,0,5173064
yqjE_yqjK_yqjD_yqjC_predicted,0.14285714285714285,6,6,CTCACTCCCGGCCAGTTTCA,0,5253719
yqjE_yqjK_yqjD_yqjC_predicted,0.14285714285714285,6,6,CTATGCCATGATTGTTAGAC,0,5241492
yqjE_yqjK_yqjD_yqjC_predicted,0.14285714285714285,6,6,CTATGATGACGGGGTTGTCA,0,5258652
yqjE_yqjK_yqjD_yqjC_predicted,0.14285714285714285,6,6,CTATATACGATTTCGAACGG,0,5233327
yqjE_yqjK_yqjD_yqjC_predicted,0.14285714285714285,6,6,CTAGTCTCTTGAATTATTTT,0,5176489
yqjE_yqjK_yqjD_yqjC_predicted,0.14285714285714285,6,6,CTAGGTTCGCATGAACTTCT,0,5244885
yqjE_yqjK_yqjD_yqjC_predicted,0.14285714285714285,6,6,CTAGGCGTTCAAGTTAGATA,0,5187434
yqjE_yqjK_yqjD_yqjC_predicted,0.14285714285714285,6,6,CTAGCGCAGGCGTTTAATTC,0,5221977
yqjE_yqjK_yqjD_yqjC_predicted,0.14285714285714285,6,6,CTAGCACGGGAAAGAATCCT,0,5238959
yqjE_yqjK_yqjD_yqjC_predicted,0.14285714285714285,6,6,CTAGAGGGACTCCTAGTGAC,0,5201302
yqjE_yqjK_yqjD_yqjC_predicted,0.14285714285714285,6,6,CTACTTGCGTCACGTAATTG,0,5233976
yqjE_yqjK_yqjD_yqjC_predicted,0.14285714285714285,6,6,CTACTTACGAACACGGGGCA,0,5178539
yqjE_yqjK_yqjD_yqjC_predicted,0.14285714285714285,6,6,CTACGTGTGCTCTCCGCTCA,0,5203202
yqjE_yqjK_yqjD_yqjC_predicted,0.14285714285714285,6,6,CTACGGCACGCAGGTATTGC,0,5197680
yqjE_yqjK_yqjD_yqjC_predicted,0.14285714285714285,6,6,CTACCCGGGGTATTGAGTTC,0,5212990
yqjE_yqjK_yqjD_yqjC_predicted,0.14285714285714285,6,6,CGTTTCGGGATGTTGAAAGG,0,5250280
yqjE_yqjK_yqjD_yqjC_predicted,0.14285714285714285,6,6,CGTTGTGCAACTACGTTATA,0,5241383
yqjE_yqjK_yqjD_yqjC_predicted,0.14285714285714285,6,6,CGTTCACAAAGCCGGTGAGT,0,5256075
yqjE_yqjK_yqjD_yqjC_predicted,0.14285714285714285,6,6,CGTTAGCTATGTCGACTAAT,0,5238563
yqjE_yqjK_yqjD_yqjC_predicted,0.14285714285714285,6,6,CGTTACTGGGGTTGCCGAGG,0,5241049
yqjE_yqjK_yqjD_yqjC_predicted,0.14285714285714285,6,6,CGTGTTCGCGGAGCCACTCT,0,5229686
yqjE_yqjK_yqjD_yqjC_predicted,0.14285714285714285,6,6,CGTGTGTCATCGCGCTGTCC,0,5231402
yqjE_yqjK_yqjD_yqjC_predicted,0.14285714285714285,6,6,CGTGTATGCTTTGGGTGCTT,0,5260035
yqjE_yqjK_yqjD_yqjC_predicted,0.14285714285714285,6,6,CGTGGGCATGAGTGTTTACA,0,5199521
yqjE_yqjK_yqjD_yqjC_predicted,0.14285714285714285,6,6,CGTGGCCTTCTCACCTTTTT,0,5219268
yqjE_yqjK_yqjD_yqjC_predicted,0.14285714285714285,6,6,CGTGACCGTTGGGAATCGCT,0,5229211
yqjE_yqjK_yqjD_yqjC_predicted,0.14285714285714285,6,6,CGTGAAGGACTTTCGTCTAC,0,5231119
yqjE_yqjK_yqjD_yqjC_predicted,0.14285714285714285,6,6,CGTCTTTATGTCCCGAGCGA,0,5201605
yqjE_yqjK_yqjD_yqjC_predicted,0.14285714285714285,6,6,CGTCTTGCATCACCAACGTG,0,5183769
yqjE_yqjK_yqjD_yqjC_predicted,0.14285714285714285,6,6,CGTCGCAACTCGTGCTGTTC,0,5236021
yqjE_yqjK_yqjD_yqjC_predicted,0.14285714285714285,6,6,CGTCCAGATCTTCCCCGGTA,0,5216978
yqjE_yqjK_yqjD_yqjC_predicted,0.14285714285714285,6,6,CGTCATGGCCCGGATCCTAT,0,5226515
yqjE_yqjK_yqjD_yqjC_predicted,0.14285714285714285,6,6,CGTCAGTGCAGCGTGTTAAA,0,5242384
yqjE_yqjK_yqjD_yqjC_predicted,0.14285714285714285,6,6,CGTCACGGATGCGTTGAAAT,0,5182513
yqjE_yqjK_yqjD_yqjC_predicted,0.14285714285714285,6,6,CGTCAACAGGCCGCTACACA,0,5200561
yqjE_yqjK_yqjD_yqjC_predicted,0.14285714285714285,6,6,CGTATGATACGACTGAAAAA,0,5173021
yqjE_yqjK_yqjD_yqjC_predicted,0.14285714285714285,6,6,CGTACGCACGCCTTACTTGC,0,5197398
yqjE_yqjK_yqjD_yqjC_predicted,0.14285714285714285,6,6,CGTAATCTAGATTATGTTAA,0,5236338
yqjE_yqjK_yqjD_yqjC_predicted,0.14285714285714285,6,6,CGTAAGGGCGCTGGCGTACA,0,5214934
yqjE_yqjK_yqjD_yqjC_predicted,0.14285714285714285,6,6,CGGTTCCATCTTCTATTCTC,0,5178609
yqjE_yqjK_yqjD_yqjC_predicted,0.14285714285714285,6,6,CGGTTCAATTGATGTCGGAG,0,5184819
yqjE_yqjK_yqjD_yqjC_predicted,0.14285714285714285,6,6,CGGTCGCAAACAGATCAAGG,0,5228126
yqjE_yqjK_yqjD_yqjC_predicted,0.14285714285714285,6,6,CGGTCGATATGGTTTCTTAA,0,5177180
yqjE_yqjK_yqjD_yqjC_predicted,0.14285714285714285,6,6,CGGTAGTGCGCGACGCCCTC,0,5241782
yqjE_yqjK_yqjD_yqjC_predicted,0.14285714285714285,6,6,CGGTAGACGGAAATGGCCCT,0,5172025
yqjE_yqjK_yqjD_yqjC_predicted,0.14285714285714285,6,6,CGGTACCTGATTACAGGAAC,0,5243739
yqjE_yqjK_yqjD_yqjC_predicted,0.14285714285714285,6,6,CGGTACCAGGTCTAGGTTCG,0,5241766
yqjE_yqjK_yqjD_yqjC_predicted,0.14285714285714285,6,6,CGGGTGCGTATCGCCGAAGG,0,5171863
yqjE_yqjK_yqjD_yqjC_predicted,0.14285714285714285,6,6,CGGGGTCCCACTGTGGAAAC,0,5182380
yqjE_yqjK_yqjD_yqjC_predicted,0.14285714285714285,6,6,CGGGGTCAGGAGAATACCCT,0,5192171
yqjE_yqjK_yqjD_yqjC_predicted,0.14285714285714285,6,6,CGGGCCATTTTGCCGGTTTC,0,5181085
yqjE_yqjK_yqjD_yqjC_predicted,0.14285714285714285,6,6,CGGGCCAACTAGCATATTCG,0,5256608
yqjE_yqjK_yqjD_yqjC_predicted,0.14285714285714285,6,6,CGGGCATGTATAATAACACA,0,5190494
yqjE_yqjK_yqjD_yqjC_predicted,0.14285714285714285,6,6,CGGGAGTTGTGACAGATGAG,0,5202704
yqjE_yqjK_yqjD_yqjC_predicted,0.14285714285714285,6,6,CGGGACAGCGTTTCGTCGTA,0,5220875
yqjE_yqjK_yqjD_yqjC_predicted,0.14285714285714285,6,6,CGGGAAGCAATTCCGGATCA,0,5260825
yqjE_yqjK_yqjD_yqjC_predicted,0.14285714285714285,6,6,CGGCGGGATCATGGACCTAC,0,5234841
yqjE_yqjK_yqjD_yqjC_predicted,0.14285714285714285,6,6,CGGCCTACCCGGACAACGCA,0,5255359
yqjE_yqjK_yqjD_yqjC_predicted,0.14285714285714285,6,6,CGGCATACCAGCTTATTCCA,0,5184806
yqjE_yqjK_yqjD_yqjC_predicted,0.14285714285714285,6,6,CGGCAGTAGGCACCTAGTTT,0,5234660
yqjE_yqjK_yqjD_yqjC_predicted,0.14285714285714285,6,6,CGGCACCCATGGTCTAAAAA,0,5227341
yqjE_yqjK_yqjD_yqjC_predicted,0.14285714285714285,6,6,CGGCACCCAGTATCAAAAAG,0,5256079
yqjE_yqjK_yqjD_yqjC_predicted,0.14285714285714285,6,6,CGGATGGATAACGCAGTGCA,0,5259322
yqjE_yqjK_yqjD_yqjC_predicted,0.14285714285714285,6,6,CGGATCGGTCAACTGAGGAA,0,5224719
yqjE_yqjK_yqjD_yqjC_predicted,0.14285714285714285,6,6,CGGACTGACGTAGCGTACAG,0,5235228
yqjE_yqjK_yqjD_yqjC_predicted,0.14285714285714285,6,6,CGGACACGATCGATAAAGGC,0,5188793
yqjE_yqjK_yqjD_yqjC_predicted,0.14285714285714285,6,6,CGGAAGTTTTCGCGCAGAGC,0,5198691
yqjE_yqjK_yqjD_yqjC_predicted,0.14285714285714285,6,6,CGGAAGATAACTGTGTACGG,0,5248838
yqjE_yqjK_yqjD_yqjC_predicted,0.14285714285714285,6,6,CGCTGTACATCACAGTAAAA,0,5235428
yqjE_yqjK_yqjD_yqjC_predicted,0.14285714285714285,6,6,CGCTGCTTATAATGTTGCCC,0,5179001
yqjE_yqjK_yqjD_yqjC_predicted,0.14285714285714285,6,6,CGCGTTCTACCTGCGAATGC,0,5172531
yqjE_yqjK_yqjD_yqjC_predicted,0.14285714285714285,6,6,CGCGTGCGGTTACGAACGTC,0,5201161
yqjE_yqjK_yqjD_yqjC_predicted,0.14285714285714285,6,6,CGCGGTACGGAGTCAGCGGA,0,5173871
yqjE_yqjK_yqjD_yqjC_predicted,0.14285714285714285,6,6,CGCGGGGATGGTTAGCGAAT,0,5203362
yqjE_yqjK_yqjD_yqjC_predicted,0.14285714285714285,6,6,CGCGCTGGAGGCGCAGAGTA,0,5174017
yqjE_yqjK_yqjD_yqjC_predicted,0.14285714285714285,6,6,CGCGATCTCATTCGGCGTTT,0,5205348
yqjE_yqjK_yqjD_yqjC_predicted,0.14285714285714285,6,6,CGCGACAAGATCGGCGCGCA,0,5215565
yqjE_yqjK_yqjD_yqjC_predicted,0.14285714285714285,6,6,CGCGAATTAATATCGTGTTG,0,5238046
yqjE_yqjK_yqjD_yqjC_predicted,0.14285714285714285,6,6,CGCGAATATCCCGGCTGCTT,0,5219402
yqjE_yqjK_yqjD_yqjC_predicted,0.14285714285714285,6,6,CGCCTTAAACCTTCGGTCCC,0,5178353
yqjE_yqjK_yqjD_yqjC_predicted,0.14285714285714285,6,6,CGCCTGGCGTGGCATTATAG,0,5217557
yqjE_yqjK_yqjD_yqjC_predicted,0.14285714285714285,6,6,CGCCTCTTAAGCCCATAGGG,0,5248739
yqjE_yqjK_yqjD_yqjC_predicted,0.14285714285714285,6,6,CGCCCTCAACGGTCTGAGAT,0,5218148
yqjE_yqjK_yqjD_yqjC_predicted,0.14285714285714285,6,6,CGCCATGCGCCCCTCACCGA,0,5197732
yqjE_yqjK_yqjD_yqjC_predicted,0.14285714285714285,6,6,CGCCAGCTGCGTATGCATAT,0,5192107
yqjE_yqjK_yqjD_yqjC_predicted,0.14285714285714285,6,6,CGCCACTGGTCTGCAAAGTG,0,5223120
yqjE_yqjK_yqjD_yqjC_predicted,0.14285714285714285,6,6,CGCATGTTCACCCACGGAGC,0,5248717
yqjE_yqjK_yqjD_yqjC_predicted,0.14285714285714285,6,6,CGCATCGCAATTGGCGGCGT,0,5255355
yqjE_yqjK_yqjD_yqjC_predicted,0.14285714285714285,6,6,CGCAGAACGGGTAACCGAAA,0,5222900
yqjE_yqjK_yqjD_yqjC_predicted,0.14285714285714285,6,6,CGCACTTTGGTCAATGCAGT,0,5210911
yqjE_yqjK_yqjD_yqjC_predicted,0.14285714285714285,6,6,CGCACTTATGATCTAGAAGA,0,5203194
yqjE_yqjK_yqjD_yqjC_predicted,0.14285714285714285,6,6,CGCACCTTTTATGAAGTCTC,0,5207949
yqjE_yqjK_yqjD_yqjC_predicted,0.14285714285714285,6,6,CGCAACAAACTGAGAATTTG,0,5197160
yqjE_yqjK_yqjD_yqjC_predicted,0.14285714285714285,6,6,CGATGTGCTGTGATGACAAT,0,5214925
yqjE_yqjK_yqjD_yqjC_predicted,0.14285714285714285,6,6,CGATCATCGTATAAGGAGCA,0,5257888
yqjE_yqjK_yqjD_yqjC_predicted,0.14285714285714285,6,6,CGATAGGCGCTGCGAATACT,0,5252848
yqjE_yqjK_yqjD_yqjC_predicted,0.14285714285714285,6,6,CGATAAGTCTCGGTGCATCC,0,5210609
yqjE_yqjK_yqjD_yqjC_predicted,0.14285714285714285,6,6,CGAGTTTAGGAGGGGGAGCT,0,5183172
yqjE_yqjK_yqjD_yqjC_predicted,0.14285714285714285,6,6,CGAGTGGAAAGATCAAGTAT,0,5186774
yqjE_yqjK_yqjD_yqjC_predicted,0.14285714285714285,6,6,CGAGTGCACAGGAGCGGTTA,0,5209069
yqjE_yqjK_yqjD_yqjC_predicted,0.14285714285714285,6,6,CGAGTAAAGGAAGATGCTTA,0,5218433
yqjE_yqjK_yqjD_yqjC_predicted,0.14285714285714285,6,6,CGACTGAGTGTGGCCCAATT,0,5247335
yqjE_yqjK_yqjD_yqjC_predicted,0.14285714285714285,6,6,CGACAGTCATTTGTTAGCCT,0,5251674
yqjE_yqjK_yqjD_yqjC_predicted,0.14285714285714285,6,6,CGAATTCGCGTGAATTATGA,0,5241494
yqjE_yqjK_yqjD_yqjC_predicted,0.14285714285714285,6,6,CGAATCTCAGTTAACGTCCT,0,5215821
yqjE_yqjK_yqjD_yqjC_predicted,0.14285714285714285,6,6,CGAATATGACCGTTTAAAAG,0,5222899
yqjE_yqjK_yqjD_yqjC_predicted,0.14285714285714285,6,6,CGAAGATAGCTATCTCGCCC,0,5227397
yqjE_yqjK_yqjD_yqjC_predicted,0.14285714285714285,6,6,CGAACTTTATAGGTAACCAT,0,5187873
yqjE_yqjK_yqjD_yqjC_predicted,0.14285714285714285,6,6,CGAAAGTACGCGAGTCGCTA,0,5183875
yqjE_yqjK_yqjD_yqjC_predicted,0.14285714285714285,6,6,CGAAAGCAAATGGATGACAA,0,5231532
yqjE_yqjK_yqjD_yqjC_predicted,0.14285714285714285,6,6,CGAAACAAACTATCTCATAC,0,5255962
yqjE_yqjK_yqjD_yqjC_predicted,0.14285714285714285,6,6,CGAAAACAATTGGTTGTTCG,0,5175407
yqjE_yqjK_yqjD_yqjC_predicted,0.14285714285714285,6,6,CGAAAAATCCACGCATAGGC,0,5219628
yqjE_yqjK_yqjD_yqjC_predicted,0.14285714285714285,6,6,CCTTTCGTATTAGAGTTCGT,0,5188567
yqjE_yqjK_yqjD_yqjC_predicted,0.14285714285714285,6,6,CCTTCGGTGTCTAAGAACCC,0,5190344
yqjE_yqjK_yqjD_yqjC_predicted,0.14285714285714285,6,6,CCTTCCAGATAGCTCTCATC,0,5239991
yqjE_yqjK_yqjD_yqjC_predicted,0.14285714285714285,6,6,CCTTAGCTGTGTGCGGTCAG,0,5226134
yqjE_yqjK_yqjD_yqjC_predicted,0.14285714285714285,6,6,CCTTAGCACAGCATAAAGCT,0,5197768
yqjE_yqjK_yqjD_yqjC_predicted,0.14285714285714285,6,6,CCTGTAAGAGAGGCTACTAT,0,5190952
yqjE_yqjK_yqjD_yqjC_predicted,0.14285714285714285,6,6,CCTGGAGGACTGTCCCTGCA,0,5213002
yqjE_yqjK_yqjD_yqjC_predicted,0.14285714285714285,6,6,CCTGCCGAACCAGATTGCAG,0,5183419
yqjE_yqjK_yqjD_yqjC_predicted,0.14285714285714285,6,6,CCTGCAAGCAATTCTGCTTC,0,5231059
yqjE_yqjK_yqjD_yqjC_predicted,0.14285714285714285,6,6,CCTCTGTCCACCGAGTTGAA,0,5233253
yqjE_yqjK_yqjD_yqjC_predicted,0.14285714285714285,6,6,CCTCTCCCGGTAGCGACGCT,0,5188100
yqjE_yqjK_yqjD_yqjC_predicted,0.14285714285714285,6,6,CCTCGTGGGTCACGAAAGCG,0,5202839
yqjE_yqjK_yqjD_yqjC_predicted,0.14285714285714285,6,6,CCTCGGTACTTGGAGAGGTG,0,5192202
yqjE_yqjK_yqjD_yqjC_predicted,0.14285714285714285,6,6,CCTCGGCGTCCTCGGGGGTA,0,5201760
yqjE_yqjK_yqjD_yqjC_predicted,0.14285714285714285,6,6,CCTCCAATAAGTTGGGTGAT,0,5239989
yqjE_yqjK_yqjD_yqjC_predicted,0.14285714285714285,6,6,CCTCAAGAAGGAATGGACTT,0,5246161
yqjE_yqjK_yqjD_yqjC_predicted,0.14285714285714285,6,6,CCTATCTTAGTTCTTTCTGA,0,5181571
yqjE_yqjK_yqjD_yqjC_predicted,0.14285714285714285,6,6,CCTATCACTAGACTAAGAAC,0,5212965
yqjE_yqjK_yqjD_yqjC_predicted,0.14285714285714285,6,6,CCTACGTTATCGGATTGCTC,0,5233573
yqjE_yqjK_yqjD_yqjC_predicted,0.14285714285714285,6,6,CCTACGGTTTCTTATCCAGG,0,5253653
yqjE_yqjK_yqjD_yqjC_predicted,0.14285714285714285,6,6,CCTAATGTACAGAGGGACAC,0,5261075
yqjE_yqjK_yqjD_yqjC_predicted,0.14285714285714285,6,6,CCTAATACCAGGGATGGTTG,0,5182519
yqjE_yqjK_yqjD_yqjC_predicted,0.14285714285714285,6,6,CCTAAGAGTAAGTCTTTGCA,0,5226606
yqjE_yqjK_yqjD_yqjC_predicted,0.14285714285714285,6,6,CCGTTTATTGGGCAAGTTTG,0,5218574
yqjE_yqjK_yqjD_yqjC_predicted,0.14285714285714285,6,6,CCGTGCGCACGCGATCGCTG,0,5214950
yqjE_yqjK_yqjD_yqjC_predicted,0.14285714285714285,6,6,CCGTATGGTAACAGTATTAA,0,5236557
yqjE_yqjK_yqjD_yqjC_predicted,0.14285714285714285,6,6,CCGTAGTACGGCGCCGGAAC,0,5220234
yqjE_yqjK_yqjD_yqjC_predicted,0.14285714285714285,6,6,CCGGTTCGATATTCGTGTCT,0,5198689
yqjE_yqjK_yqjD_yqjC_predicted,0.14285714285714285,6,6,CCGGTATGTTAGGACACTAC,0,5232276
yqjE_yqjK_yqjD_yqjC_predicted,0.14285714285714285,6,6,CCGGTAACTTTTTGTCTTAT,0,5184697
yqjE_yqjK_yqjD_yqjC_predicted,0.14285714285714285,6,6,CCGGGCTGATTGGCCCATGT,0,5204536
yqjE_yqjK_yqjD_yqjC_predicted,0.14285714285714285,6,6,CCGGCGGTTCCGCCAGCCAC,0,5237833
yqjE_yqjK_yqjD_yqjC_predicted,0.14285714285714285,6,6,CCGGCCTGCCCAGGCCCGAT,0,5232192
yqjE_yqjK_yqjD_yqjC_predicted,0.14285714285714285,6,6,CCGGACGGCTCCACTTCGTT,0,5196007
yqjE_yqjK_yqjD_yqjC_predicted,0.14285714285714285,6,6,CCGCTTGAACGGGAGAAAGC,0,5257393
yqjE_yqjK_yqjD_yqjC_predicted,0.14285714285714285,6,6,CCGATGCTTTTCACTCTGGG,0,5255260
yqjE_yqjK_yqjD_yqjC_predicted,0.14285714285714285,6,6,CCGAGTCATACGGTCCGACG,0,5192058
yqjE_yqjK_yqjD_yqjC_predicted,0.14285714285714285,6,6,CCGACATCATCCATGATATA,0,5214782
yqjE_yqjK_yqjD_yqjC_predicted,0.14285714285714285,6,6,CCGAATCCCTATGCACATGA,0,5239031
yqjE_yqjK_yqjD_yqjC_predicted,0.14285714285714285,6,6,CCGAACATCCCGAGATCCTT,0,5195725
yqjE_yqjK_yqjD_yqjC_predicted,0.14285714285714285,6,6,CCCTGTAACAATCGCGCTCC,0,5256966
yqjE_yqjK_yqjD_yqjC_predicted,0.14285714285714285,6,6,CCCTGCACGATTGCCAGGTT,0,5254956
yqjE_yqjK_yqjD_yqjC_predicted,0.14285714285714285,6,6,CCCTGAGACATGGCTTATAA,0,5185275
yqjE_yqjK_yqjD_yqjC_predicted,0.14285714285714285,6,6,CCCGGATAAGTGGTTCCTAT,0,5243000
yqjE_yqjK_yqjD_yqjC_predicted,0.14285714285714285,6,6,CCCGCCGACAGTGTGGTGAC,0,5230607
yqjE_yqjK_yqjD_yqjC_predicted,0.14285714285714285,6,6,CCCGCAAAGAGCAGCCCCAT,0,5222626
yqjE_yqjK_yqjD_yqjC_predicted,0.14285714285714285,6,6,CCCCGTCCGCGCATCAGGCC,0,5249818
yqjE_yqjK_yqjD_yqjC_predicted,0.14285714285714285,6,6,CCCCGCCGTCCCGTAATGAA,0,5213449
yqjE_yqjK_yqjD_yqjC_predicted,0.14285714285714285,6,6,CCCCCGCCGCGATCAGATGG,0,5216325
yqjE_yqjK_yqjD_yqjC_predicted,0.14285714285714285,6,6,CCCCAGTGAGTCAAGCAGCT,0,5229763
yqjE_yqjK_yqjD_yqjC_predicted,0.14285714285714285,6,6,CCCATTGGATTGCCGTTTCG,0,5242108
yqjE_yqjK_yqjD_yqjC_predicted,0.14285714285714285,6,6,CCCATTGCCACGTCACTAAG,0,5231328
yqjE_yqjK_yqjD_yqjC_predicted,0.14285714285714285,6,6,CCCAGTCAGCTCTCTTAGTA,0,5240690
yqjE_yqjK_yqjD_yqjC_predicted,0.14285714285714285,6,6,CCCAGGAGCCCGCGTCTAGT,0,5178832
yqjE_yqjK_yqjD_yqjC_predicted,0.14285714285714285,6,6,CCCAGCAATGTTGAATTAAG,0,5260720
yqjE_yqjK_yqjD_yqjC_predicted,0.14285714285714285,6,6,CCCACCCGGACTCAATTGCT,0,5249826
yqjE_yqjK_yqjD_yqjC_predicted,0.14285714285714285,6,6,CCATTATATGTGTGAAGCAT,0,5171425
yqjE_yqjK_yqjD_yqjC_predicted,0.14285714285714285,6,6,CCATCTTGGATTGTTGGTCA,0,5260572
yqjE_yqjK_yqjD_yqjC_predicted,0.14285714285714285,6,6,CCATCTGTGCGGCATATAGC,0,5244628
yqjE_yqjK_yqjD_yqjC_predicted,0.14285714285714285,6,6,CCATCGACGTTTTGATTGGA,0,5220471
yqjE_yqjK_yqjD_yqjC_predicted,0.14285714285714285,6,6,CCATATTGGAGTGCGTCCAG,0,5243735
yqjE_yqjK_yqjD_yqjC_predicted,0.14285714285714285,6,6,CCATAACGAACCTAAACGCA,0,5262095
yqjE_yqjK_yqjD_yqjC_predicted,0.14285714285714285,6,6,CCAGTGTGACTTAGTTCAGA,0,5254344
yqjE_yqjK_yqjD_yqjC_predicted,0.14285714285714285,6,6,CCAGGTCTCGAGGAAGGTTT,0,5215117
yqjE_yqjK_yqjD_yqjC_predicted,0.14285714285714285,6,6,CCAGGGGCTACGCAGGGCCA,0,5217757
yqjE_yqjK_yqjD_yqjC_predicted,0.14285714285714285,6,6,CCAGCTGACGTAAGTACCTG,0,5225837
yqjE_yqjK_yqjD_yqjC_predicted,0.14285714285714285,6,6,CCAGCACACACAGCTGAAGT,0,5221937
yqjE_yqjK_yqjD_yqjC_predicted,0.14285714285714285,6,6,CCACCGAAGTAATCATGGTA,0,5260554
yqjE_yqjK_yqjD_yqjC_predicted,0.14285714285714285,6,6,CCACCCTTGCGAACTTTGGG,0,5228505
yqjE_yqjK_yqjD_yqjC_predicted,0.14285714285714285,6,6,CCACCCTTGACACACTGTGA,0,5216416
yqjE_yqjK_yqjD_yqjC_predicted,0.14285714285714285,6,6,CCACAGCCTTTTGACCGCTT,0,5235339
yqjE_yqjK_yqjD_yqjC_predicted,0.14285714285714285,6,6,CCAAGTCTTTTCGTTAAACA,0,5232922
yqjE_yqjK_yqjD_yqjC_predicted,0.14285714285714285,6,6,CCAAGTAATTACCTAGGTAT,0,5223891
yqjE_yqjK_yqjD_yqjC_predicted,0.14285714285714285,6,6,CCAAGCGGCCCGGGAGCAGC,0,5251383
yqjE_yqjK_yqjD_yqjC_predicted,0.14285714285714285,6,6,CCAAGATAGAGCGCCCTCGT,0,5222928
yqjE_yqjK_yqjD_yqjC_predicted,0.14285714285714285,6,6,CCAACGTGTCTGCGAGGATG,0,5217114
yqjE_yqjK_yqjD_yqjC_predicted,0.14285714285714285,6,6,CCAAAGGGTGCTGATGAATA,0,5186952
yqjE_yqjK_yqjD_yqjC_predicted,0.14285714285714285,6,6,CATTTGTACCATTTTCCACA,0,5256632
yqjE_yqjK_yqjD_yqjC_predicted,0.14285714285714285,6,6,CATTGTCAATGGACCCGGAC,0,5174175
yqjE_yqjK_yqjD_yqjC_predicted,0.14285714285714285,6,6,CATTCAATTCCAGATATACT,0,5231127
yqjE_yqjK_yqjD_yqjC_predicted,0.14285714285714285,6,6,CATTATGCGCACATCTCCGC,0,5251013
yqjE_yqjK_yqjD_yqjC_predicted,0.14285714285714285,6,6,CATTACCATTGACAGTGGAG,0,5187675
yqjE_yqjK_yqjD_yqjC_predicted,0.14285714285714285,6,6,CATGTATTGAGAGTAGTGCA,0,5217240
yqjE_yqjK_yqjD_yqjC_predicted,0.14285714285714285,6,6,CATGGTCGCGATATTTGGGA,0,5259023
yqjE_yqjK_yqjD_yqjC_predicted,0.14285714285714285,6,6,CATGGGGTCAAATGCGGTGC,0,5247509
yqjE_yqjK_yqjD_yqjC_predicted,0.14285714285714285,6,6,CATGGGAGCCCGCCAACAGT,0,5186719
yqjE_yqjK_yqjD_yqjC_predicted,0.14285714285714285,6,6,CATCTGAGTTAGAAACAAAT,0,5209571
yqjE_yqjK_yqjD_yqjC_predicted,0.14285714285714285,6,6,CATCTAGTAAGTCCCACCCC,0,5262330
yqjE_yqjK_yqjD_yqjC_predicted,0.14285714285714285,6,6,CATCGCACGAACTTATAGTA,0,5226884
yqjE_yqjK_yqjD_yqjC_predicted,0.14285714285714285,6,6,CATCACTGGCAGACGACCTG,0,5179724
yqjE_yqjK_yqjD_yqjC_predicted,0.14285714285714285,6,6,CATCAACTTATTGGCTCTGT,0,5209052
yqjE_yqjK_yqjD_yqjC_predicted,0.14285714285714285,6,6,CATCAAACAATGACGCAAGT,0,5171440
yqjE_yqjK_yqjD_yqjC_predicted,0.14285714285714285,6,6,CATATCACCATGCCCATTGA,0,5214541
yqjE_yqjK_yqjD_yqjC_predicted,0.14285714285714285,6,6,CATATACCCGTCTACTACTA,0,5207153
yqjE_yqjK_yqjD_yqjC_predicted,0.14285714285714285,6,6,CATAGAGCTGAGACACGCCA,0,5201588
yqjE_yqjK_yqjD_yqjC_predicted,0.14285714285714285,6,6,CAGTGATTGAGTCACATACA,0,5186778
yqjE_yqjK_yqjD_yqjC_predicted,0.14285714285714285,6,6,CAGTCTACATCATGGTGATG,0,5253661
yqjE_yqjK_yqjD_yqjC_predicted,0.14285714285714285,6,6,CAGTCGGTGGCCCGCGGTGG,0,5237275
yqjE_yqjK_yqjD_yqjC_predicted,0.14285714285714285,6,6,CAGTAACGATTGGTGTTGTC,0,5172482
yqjE_yqjK_yqjD_yqjC_predicted,0.14285714285714285,6,6,CAGGTCATTTTCGACAACGG,0,5240179
yqjE_yqjK_yqjD_yqjC_predicted,0.14285714285714285,6,6,CAGGGTTGATACCTGTGTAT,0,5182253
yqjE_yqjK_yqjD_yqjC_predicted,0.14285714285714285,6,6,CAGGGTCTCAGGCAGAGCTA,0,5209903
yqjE_yqjK_yqjD_yqjC_predicted,0.14285714285714285,6,6,CAGGGACGATCGTTTTCCTT,0,5252988
yqjE_yqjK_yqjD_yqjC_predicted,0.14285714285714285,6,6,CAGGCTCGATCTAGCCTCGA,0,5235036
yqjE_yqjK_yqjD_yqjC_predicted,0.14285714285714285,6,6,CAGGCGGCCCATCACTTCCT,0,5228319
yqjE_yqjK_yqjD_yqjC_predicted,0.14285714285714285,6,6,CAGGACGGAACCCCCACAGA,0,5205683
yqjE_yqjK_yqjD_yqjC_predicted,0.14285714285714285,6,6,CAGATTTGAATGTGCATCCC,0,5229959
yqjE_yqjK_yqjD_yqjC_predicted,0.14285714285714285,6,6,CAGAGCAAGTGGTGGGGTCT,0,5251195
yqjE_yqjK_yqjD_yqjC_predicted,0.14285714285714285,6,6,CAGAACTTTGCAGGGCTTAC,0,5179573
yqjE_yqjK_yqjD_yqjC_predicted,0.14285714285714285,6,6,CAGAAACACTCGCAGACCTA,0,5258623
yqjE_yqjK_yqjD_yqjC_predicted,0.14285714285714285,6,6,CACTTCTTTGTGTAAGTTCC,0,5249814
yqjE_yqjK_yqjD_yqjC_predicted,0.14285714285714285,6,6,CACTTCCGCACGGTGAAACC,0,5194231
yqjE_yqjK_yqjD_yqjC_predicted,0.14285714285714285,6,6,CACTAGCTGACTTACATCTC,0,5220252
yqjE_yqjK_yqjD_yqjC_predicted,0.14285714285714285,6,6,CACTAGATCGTACCGCATCA,0,5255206
yqjE_yqjK_yqjD_yqjC_predicted,0.14285714285714285,6,6,CACGTCAGGAGAATCGGGGA,0,5194811
yqjE_yqjK_yqjD_yqjC_predicted,0.14285714285714285,6,6,CACGATGCCCGTGCCAAATC,0,5215099
yqjE_yqjK_yqjD_yqjC_predicted,0.14285714285714285,6,6,CACGACTTTGTCATTTCGGA,0,5185607
yqjE_yqjK_yqjD_yqjC_predicted,0.14285714285714285,6,6,CACCTCCTAGAGGAGGAACT,0,5247333
yqjE_yqjK_yqjD_yqjC_predicted,0.14285714285714285,6,6,CACCCTGAGAACTTTCGAAG,0,5202870
yqjE_yqjK_yqjD_yqjC_predicted,0.14285714285714285,6,6,CACCCTCGCCTACGTGAACG,0,5257037
yqjE_yqjK_yqjD_yqjC_predicted,0.14285714285714285,6,6,CACCCAGAACGACCAGTACA,0,5250295
yqjE_yqjK_yqjD_yqjC_predicted,0.14285714285714285,6,6,CACCATTAGCGGAAGGTGAC,0,5180571
yqjE_yqjK_yqjD_yqjC_predicted,0.14285714285714285,6,6,CACAGGATATCAAGGTCATG,0,5176983
yqjE_yqjK_yqjD_yqjC_predicted,0.14285714285714285,6,6,CACACGAGGTTTGGGGCAAG,0,5243795
yqjE_yqjK_yqjD_yqjC_predicted,0.14285714285714285,6,6,CACAAGTACGCCCCATAGTG,0,5237917
yqjE_yqjK_yqjD_yqjC_predicted,0.14285714285714285,6,6,CACAAGGGTAGTTATGAGAT,0,5245290
yqjE_yqjK_yqjD_yqjC_predicted,0.14285714285714285,6,6,CAATTTTATAATATCTTGTA,0,5211457
yqjE_yqjK_yqjD_yqjC_predicted,0.14285714285714285,6,6,CAATTCCAATCTTCCTGTAC,0,5184706
yqjE_yqjK_yqjD_yqjC_predicted,0.14285714285714285,6,6,CAATGTGAAAGCAACGTCCC,0,5241270
yqjE_yqjK_yqjD_yqjC_predicted,0.14285714285714285,6,6,CAATACACGTTGTTTCATAG,0,5231070
yqjE_yqjK_yqjD_yqjC_predicted,0.14285714285714285,6,6,CAAGTTAAGTTCCAGACCTA,0,5173870
yqjE_yqjK_yqjD_yqjC_predicted,0.14285714285714285,6,6,CAAGGAACTTCCTCGGAGCA,0,5186567
yqjE_yqjK_yqjD_yqjC_predicted,0.14285714285714285,6,6,CAAGAGATGTCTAATGTGCA,0,5256356
yqjE_yqjK_yqjD_yqjC_predicted,0.14285714285714285,6,6,CAACGGGCGGCACAAAAGTG,0,5246855
yqjE_yqjK_yqjD_yqjC_predicted,0.14285714285714285,6,6,CAACGAAACTGGATCCGTAT,0,5188774
yqjE_yqjK_yqjD_yqjC_predicted,0.14285714285714285,6,6,CAACCACAGGCACAAGCGAT,0,5212262
yqjE_yqjK_yqjD_yqjC_predicted,0.14285714285714285,6,6,CAACACTGGCGCACGTTAAT,0,5200675
yqjE_yqjK_yqjD_yqjC_predicted,0.14285714285714285,6,6,CAACACTCTAGCATTTCTGA,0,5201414
yqjE_yqjK_yqjD_yqjC_predicted,0.14285714285714285,6,6,CAAATTGGCACCGGCTAAGG,0,5210744
yqjE_yqjK_yqjD_yqjC_predicted,0.14285714285714285,6,6,CAAACTCCGATTTCCTAATT,0,5257766
yqjE_yqjK_yqjD_yqjC_predicted,0.14285714285714285,6,6,CAAACATTGTATCCTGGTTT,0,5249449
yqjE_yqjK_yqjD_yqjC_predicted,0.14285714285714285,6,6,CAAAAGGGAAGCTTGGCGTA,0,5215831
yqjE_yqjK_yqjD_yqjC_predicted,0.14285714285714285,6,6,CAAAACTTTGGATATCATTG,0,5245581
yqjE_yqjK_yqjD_yqjC_predicted,0.14285714285714285,6,6,CAAAAAGTCACTTGGGCTAA,0,5195671
yqjE_yqjK_yqjD_yqjC_predicted,0.14285714285714285,6,6,ATTTGAAGATACGCAGGAAG,0,5237720
yqjE_yqjK_yqjD_yqjC_predicted,0.14285714285714285,6,6,ATTGTTGCTCAGGCCAAAGG,0,5222376
yqjE_yqjK_yqjD_yqjC_predicted,0.14285714285714285,6,6,ATTGTGTTTCACTTTTGCGC,0,5248667
yqjE_yqjK_yqjD_yqjC_predicted,0.14285714285714285,6,6,ATTGTGAAGATTGAATCCTA,0,5195724
yqjE_yqjK_yqjD_yqjC_predicted,0.14285714285714285,6,6,ATTGTCACGGAGGGGAGCTT,0,5207014
yqjE_yqjK_yqjD_yqjC_predicted,0.14285714285714285,6,6,ATTGAGATGTAGACATATTC,0,5203521
yqjE_yqjK_yqjD_yqjC_predicted,0.14285714285714285,6,6,ATTCTTTGTCGCTTCAATTA,0,5219894
yqjE_yqjK_yqjD_yqjC_predicted,0.14285714285714285,6,6,ATTCTCAGGCTTTCTATGAC,0,5225763
yqjE_yqjK_yqjD_yqjC_predicted,0.14285714285714285,6,6,ATTCTAGTATTGCCTTCACG,0,5191863
yqjE_yqjK_yqjD_yqjC_predicted,0.14285714285714285,6,6,ATTCGGCAACAAATGTTCCT,0,5222199
yqjE_yqjK_yqjD_yqjC_predicted,0.14285714285714285,6,6,ATTCGCTTTGATGAGATTAA,0,5193912
yqjE_yqjK_yqjD_yqjC_predicted,0.14285714285714285,6,6,ATTCATTCCCCCTAACATTG,0,5228587
yqjE_yqjK_yqjD_yqjC_predicted,0.14285714285714285,6,6,ATTCATGTCGATCCCTGGAA,0,5214049
yqjE_yqjK_yqjD_yqjC_predicted,0.14285714285714285,6,6,ATTCATAACTAGCGTGGGTG,0,5189807
yqjE_yqjK_yqjD_yqjC_predicted,0.14285714285714285,6,6,ATTATATTTCGGCAACTGCC,0,5174530
yqjE_yqjK_yqjD_yqjC_predicted,0.14285714285714285,6,6,ATTATATTAGGGTCCCCGAA,0,5262042
yqjE_yqjK_yqjD_yqjC_predicted,0.14285714285714285,6,6,ATTAGCATGTTAAGCAGCTG,0,5245576
yqjE_yqjK_yqjD_yqjC_predicted,0.14285714285714285,6,6,ATTACTAGGCGTCGGTGGAT,0,5236861
yqjE_yqjK_yqjD_yqjC_predicted,0.14285714285714285,6,6,ATTACATAATTTTTTGCGAA,0,5235348
yqjE_yqjK_yqjD_yqjC_predicted,0.14285714285714285,6,6,ATTAAGCCCTACTATTGCGC,0,5221499
yqjE_yqjK_yqjD_yqjC_predicted,0.14285714285714285,6,6,ATTAAGATCTAGCAGTAAGT,0,5176143
yqjE_yqjK_yqjD_yqjC_predicted,0.14285714285714285,6,6,ATTAAAAACCTAGGCCACCC,0,5208768
yqjE_yqjK_yqjD_yqjC_predicted,0.14285714285714285,6,6,ATGTTGGCTGTACGCTCTTC,0,5226125
yqjE_yqjK_yqjD_yqjC_predicted,0.14285714285714285,6,6,ATGTTCAGTGGGTTTATGAA,0,5202163
yqjE_yqjK_yqjD_yqjC_predicted,0.14285714285714285,6,6,ATGTGTTTTCAACCGCTATC,0,5180294
yqjE_yqjK_yqjD_yqjC_predicted,0.14285714285714285,6,6,ATGTGTCTGGATTGGAGGAC,0,5195606
yqjE_yqjK_yqjD_yqjC_predicted,0.14285714285714285,6,6,ATGTCTGATTGGGGTGACAT,0,5205096
yqjE_yqjK_yqjD_yqjC_predicted,0.14285714285714285,6,6,ATGTATGCTATGGAATTCTG,0,5205355
yqjE_yqjK_yqjD_yqjC_predicted,0.14285714285714285,6,6,ATGGTCGAGGCAACAGGTCA,0,5187220
yqjE_yqjK_yqjD_yqjC_predicted,0.14285714285714285,6,6,ATGGGGGGCGTAGGCTACAC,0,5218360
yqjE_yqjK_yqjD_yqjC_predicted,0.14285714285714285,6,6,ATGGGCCGTTTAAGAGACAG,0,5214949
yqjE_yqjK_yqjD_yqjC_predicted,0.14285714285714285,6,6,ATGGCAACATAGGGGGGAAG,0,5194740
yqjE_yqjK_yqjD_yqjC_predicted,0.14285714285714285,6,6,ATGCTATTCGTTGCTAACCC,0,5220372
yqjE_yqjK_yqjD_yqjC_predicted,0.14285714285714285,6,6,ATGCCTCGGGCAGTCCTACG,0,5177094
yqjE_yqjK_yqjD_yqjC_predicted,0.14285714285714285,6,6,ATGCCACAACCTCGAGCGAG,0,5180189
yqjE_yqjK_yqjD_yqjC_predicted,0.14285714285714285,6,6,ATGCATTAGCGGGGGGATCG,0,5206690
yqjE_yqjK_yqjD_yqjC_predicted,0.14285714285714285,6,6,ATGCAACTGGGGCGGACTGT,0,5174431
yqjE_yqjK_yqjD_yqjC_predicted,0.14285714285714285,6,6,ATGATCCTTCTGGAGGATTA,0,5228190
yqjE_yqjK_yqjD_yqjC_predicted,0.14285714285714285,6,6,ATGAGACCCAACATTGTGTG,0,5207602
yqjE_yqjK_yqjD_yqjC_predicted,0.14285714285714285,6,6,ATGAATGTACACTATTCTTC,0,5177388
yqjE_yqjK_yqjD_yqjC_predicted,0.14285714285714285,6,6,ATCTGTTTAGATCGGCCTTA,0,5187457
yqjE_yqjK_yqjD_yqjC_predicted,0.14285714285714285,6,6,ATCTACGACTTTGGACGCCT,0,5204223
yqjE_yqjK_yqjD_yqjC_predicted,0.14285714285714285,6,6,ATCTAAATGCCGCATTGGCG,0,5254809
yqjE_yqjK_yqjD_yqjC_predicted,0.14285714285714285,6,6,ATCGGGTGCTTTCCAGCTTC,0,5226914
yqjE_yqjK_yqjD_yqjC_predicted,0.14285714285714285,6,6,ATCGCTCGCACGATAGGCGT,0,5191854
yqjE_yqjK_yqjD_yqjC_predicted,0.14285714285714285,6,6,ATCGCGGGCACTCGAGCGCG,0,5202735
yqjE_yqjK_yqjD_yqjC_predicted,0.14285714285714285,6,6,ATCGCGCACTGGTGCTTAAC,0,5181641
yqjE_yqjK_yqjD_yqjC_predicted,0.14285714285714285,6,6,ATCGATGGTTGTAATGGCCG,0,5218826
yqjE_yqjK_yqjD_yqjC_predicted,0.14285714285714285,6,6,ATCCTGCGGTAGGAACTTGC,0,5187115
yqjE_yqjK_yqjD_yqjC_predicted,0.14285714285714285,6,6,ATCCGAGTGGTGGACAGTAG,0,5212658
yqjE_yqjK_yqjD_yqjC_predicted,0.14285714285714285,6,6,ATCCCGAAGGTAACAATCAG,0,5173413
yqjE_yqjK_yqjD_yqjC_predicted,0.14285714285714285,6,6,ATCCCCTAAGAATGGGAGAA,0,5235230
yqjE_yqjK_yqjD_yqjC_predicted,0.14285714285714285,6,6,ATCCACTTAATCAATAGTGC,0,5231415
yqjE_yqjK_yqjD_yqjC_predicted,0.14285714285714285,6,6,ATCCAACTCGTGTATCACGC,0,5236520
yqjE_yqjK_yqjD_yqjC_predicted,0.14285714285714285,6,6,ATCATGCAATGGGATAGGTA,0,5243545
yqjE_yqjK_yqjD_yqjC_predicted,0.14285714285714285,6,6,ATCAGGTTCTTACATATGCT,0,5209240
yqjE_yqjK_yqjD_yqjC_predicted,0.14285714285714285,6,6,ATCAGATGCGCAAGTATGAA,0,5220876
yqjE_yqjK_yqjD_yqjC_predicted,0.14285714285714285,6,6,ATCACGTGTGGAGTATAAAC,0,5258829
yqjE_yqjK_yqjD_yqjC_predicted,0.14285714285714285,6,6,ATATTCTAGGGACCAGGGCA,0,5252503
yqjE_yqjK_yqjD_yqjC_predicted,0.14285714285714285,6,6,ATATTCCATCCCGACGTAAA,0,5217496
yqjE_yqjK_yqjD_yqjC_predicted,0.14285714285714285,6,6,ATATGGACTGACGGTAGTGT,0,5215396
yqjE_yqjK_yqjD_yqjC_predicted,0.14285714285714285,6,6,ATATCATAGTGCTGGCTCCA,0,5258671
yqjE_yqjK_yqjD_yqjC_predicted,0.14285714285714285,6,6,ATATCAGGAACCCATGCCCA,0,5179306
yqjE_yqjK_yqjD_yqjC_predicted,0.14285714285714285,6,6,ATATATAAACCCGGTGGTCT,0,5210858
yqjE_yqjK_yqjD_yqjC_predicted,0.14285714285714285,6,6,ATATAGCCCGTCGGTTGGTC,0,5252491
yqjE_yqjK_yqjD_yqjC_predicted,0.14285714285714285,6,6,ATATAATTCGCCCCTCATAC,0,5173148
yqjE_yqjK_yqjD_yqjC_predicted,0.14285714285714285,6,6,ATAGGGCACTCTCCCCCCTG,0,5249810
yqjE_yqjK_yqjD_yqjC_predicted,0.14285714285714285,6,6,ATAGATCTCAATTAACCCTT,0,5178570
yqjE_yqjK_yqjD_yqjC_predicted,0.14285714285714285,6,6,ATAGATAGTCGGTTATCTTC,0,5261132
yqjE_yqjK_yqjD_yqjC_predicted,0.14285714285714285,6,6,ATAGACCATGTGTCTTAACG,0,5176605
yqjE_yqjK_yqjD_yqjC_predicted,0.14285714285714285,6,6,ATACTCCACGGGTTTAGTGA,0,5229694
yqjE_yqjK_yqjD_yqjC_predicted,0.14285714285714285,6,6,ATACCACGCTCGGTTCGAAT,0,5203171
yqjE_yqjK_yqjD_yqjC_predicted,0.14285714285714285,6,6,ATACATTGGGGCAGCACAAG,0,5178232
yqjE_yqjK_yqjD_yqjC_predicted,0.14285714285714285,6,6,ATACATCGGGTCTACGCAGG,0,5211342
yqjE_yqjK_yqjD_yqjC_predicted,0.14285714285714285,6,6,ATAACAGCTCCCTAGGTTTT,0,5255207
yqjE_yqjK_yqjD_yqjC_predicted,0.14285714285714285,6,6,ATAAAGGTTGGATTGATACC,0,5209412
yqjE_yqjK_yqjD_yqjC_predicted,0.14285714285714285,6,6,ATAAAAAGGTAAGTGTACGT,0,5258763
yqjE_yqjK_yqjD_yqjC_predicted,0.14285714285714285,6,6,AGTTGGATCGGGATATAAAC,0,5241321
yqjE_yqjK_yqjD_yqjC_predicted,0.14285714285714285,6,6,AGTTCGATATTATTTATGTA,0,5229764
yqjE_yqjK_yqjD_yqjC_predicted,0.14285714285714285,6,6,AGTGTACGCAGTAACGAGCC,0,5198217
yqjE_yqjK_yqjD_yqjC_predicted,0.14285714285714285,6,6,AGTGGTCTGTCCGATACATT,0,5182252
yqjE_yqjK_yqjD_yqjC_predicted,0.14285714285714285,6,6,AGTGGCTTCGTGCTTGTGCT,0,5229087
yqjE_yqjK_yqjD_yqjC_predicted,0.14285714285714285,6,6,AGTGCCATAGGTATTCGCGA,0,5213869
yqjE_yqjK_yqjD_yqjC_predicted,0.14285714285714285,6,6,AGTGAGGCGGAGGCAGTCCC,0,5205173
yqjE_yqjK_yqjD_yqjC_predicted,0.14285714285714285,6,6,AGTCTCATTACATAGCTCAT,0,5249987
yqjE_yqjK_yqjD_yqjC_predicted,0.14285714285714285,6,6,AGTCGTTGTTTATGTTAATC,0,5176347
yqjE_yqjK_yqjD_yqjC_predicted,0.14285714285714285,6,6,AGTCGTACCAACTTGCACGA,0,5208095
yqjE_yqjK_yqjD_yqjC_predicted,0.14285714285714285,6,6,AGTCGTAAGGAGAGGCAAGT,0,5206688
yqjE_yqjK_yqjD_yqjC_predicted,0.14285714285714285,6,6,AGTCGGGGTGATACCGTTGC,0,5227475
yqjE_yqjK_yqjD_yqjC_predicted,0.14285714285714285,6,6,AGTCGGCTTCTCCCGGGAGG,0,5200452
yqjE_yqjK_yqjD_yqjC_predicted,0.14285714285714285,6,6,AGTCGAGGGGTGAATTATGC,0,5196135
yqjE_yqjK_yqjD_yqjC_predicted,0.14285714285714285,6,6,AGTCCTAAGATATGCTTGCA,0,5212034
yqjE_yqjK_yqjD_yqjC_predicted,0.14285714285714285,6,6,AGTCAGCGTATTATCCCTGT,0,5216345
yqjE_yqjK_yqjD_yqjC_predicted,0.14285714285714285,6,6,AGTATCGGCTAGTAACAAAC,0,5246307
yqjE_yqjK_yqjD_yqjC_predicted,0.14285714285714285,6,6,AGTAGCACTCCAGAGGCAAT,0,5230848
yqjE_yqjK_yqjD_yqjC_predicted,0.14285714285714285,6,6,AGTAATTGATAGTGCCCAGG,0,5175361
yqjE_yqjK_yqjD_yqjC_predicted,0.14285714285714285,6,6,AGGTGGTCTAGTCAATGTGC,0,5237922
yqjE_yqjK_yqjD_yqjC_predicted,0.14285714285714285,6,6,AGGTGAGTGTACAGCATATA,0,5240788
yqjE_yqjK_yqjD_yqjC_predicted,0.14285714285714285,6,6,AGGTCGGCCCGATAAATAGG,0,5198756
yqjE_yqjK_yqjD_yqjC_predicted,0.14285714285714285,6,6,AGGTATTACACCAATGAGGT,0,5176670
yqjE_yqjK_yqjD_yqjC_predicted,0.14285714285714285,6,6,AGGTATCCGTGCTGACGTCA,0,5221624
yqjE_yqjK_yqjD_yqjC_predicted,0.14285714285714285,6,6,AGGTAACGATTGTCATTAAA,0,5239453
yqjE_yqjK_yqjD_yqjC_predicted,0.14285714285714285,6,6,AGGGGGTTAATCTAGATGTC,0,5207280
yqjE_yqjK_yqjD_yqjC_predicted,0.14285714285714285,6,6,AGGGGGGTGCCAGAGTTTGA,0,5173551
yqjE_yqjK_yqjD_yqjC_predicted,0.14285714285714285,6,6,AGGGGGCATGTGTCTTGTGT,0,5231078
yqjE_yqjK_yqjD_yqjC_predicted,0.14285714285714285,6,6,AGGGGCATGGTCACGGGCTA,0,5257280
yqjE_yqjK_yqjD_yqjC_predicted,0.14285714285714285,6,6,AGGGCAATAAGCCTGTCTCA,0,5174250
yqjE_yqjK_yqjD_yqjC_predicted,0.14285714285714285,6,6,AGGGCAACGGTCGGACATAT,0,5258853
yqjE_yqjK_yqjD_yqjC_predicted,0.14285714285714285,6,6,AGGGAAGTATTCAGGTAGTA,0,5220007
yqjE_yqjK_yqjD_yqjC_predicted,0.14285714285714285,6,6,AGGCGTTCACTAGATGGATG,0,5196512
yqjE_yqjK_yqjD_yqjC_predicted,0.14285714285714285,6,6,AGGCGTTATTTAGCATATAT,0,5208989
yqjE_yqjK_yqjD_yqjC_predicted,0.14285714285714285,6,6,AGGCGGTCTATCAGAGCTGG,0,5250494
yqjE_yqjK_yqjD_yqjC_predicted,0.14285714285714285,6,6,AGGCGCTAGCATGACAATCT,0,5206284
yqjE_yqjK_yqjD_yqjC_predicted,0.14285714285714285,6,6,AGGCGCACGTGAGAAAGTAG,0,5204358
yqjE_yqjK_yqjD_yqjC_predicted,0.14285714285714285,6,6,AGGCATATCACACAGAAGAA,0,5231388
yqjE_yqjK_yqjD_yqjC_predicted,0.14285714285714285,6,6,AGGATTTCGTGGTTTGCGTC,0,5173370
yqjE_yqjK_yqjD_yqjC_predicted,0.14285714285714285,6,6,AGGATGGTCTGTGGGGTCGT,0,5261334
yqjE_yqjK_yqjD_yqjC_predicted,0.14285714285714285,6,6,AGGACATCACGGGCGTTCTA,0,5245398
yqjE_yqjK_yqjD_yqjC_predicted,0.14285714285714285,6,6,AGGAAGGTGTACCCAGAGTT,0,5197038
yqjE_yqjK_yqjD_yqjC_predicted,0.14285714285714285,6,6,AGGAAGAAGCAAAGTCTCCT,0,5247995
yqjE_yqjK_yqjD_yqjC_predicted,0.14285714285714285,6,6,AGCTTTGCAATCATCGCTCT,0,5232775
yqjE_yqjK_yqjD_yqjC_predicted,0.14285714285714285,6,6,AGCTTTGAAACATAATCCAA,0,5215447
yqjE_yqjK_yqjD_yqjC_predicted,0.14285714285714285,6,6,AGCTCTCCGTCACGTCGATT,0,5185072
yqjE_yqjK_yqjD_yqjC_predicted,0.14285714285714285,6,6,AGCTCGTATTCATTCGAGGG,0,5232998
yqjE_yqjK_yqjD_yqjC_predicted,0.14285714285714285,6,6,AGCTCCTCCTCTGCTCTGGA,0,5213722
yqjE_yqjK_yqjD_yqjC_predicted,0.14285714285714285,6,6,AGCTAAAGAATCTCAGACAT,0,5204198
yqjE_yqjK_yqjD_yqjC_predicted,0.14285714285714285,6,6,AGCGTATGCTCGATGACAGA,0,5238405
yqjE_yqjK_yqjD_yqjC_predicted,0.14285714285714285,6,6,AGCGGTTTGAATGTGTTGGG,0,5219115
yqjE_yqjK_yqjD_yqjC_predicted,0.14285714285714285,6,6,AGCGGTGGAGTCATAGAAGC,0,5184599
yqjE_yqjK_yqjD_yqjC_predicted,0.14285714285714285,6,6,AGCGGTAAACGTATGGCTGA,0,5239127
yqjE_yqjK_yqjD_yqjC_predicted,0.14285714285714285,6,6,AGCGCGGGATCGTCAAAGGT,0,5204230
yqjE_yqjK_yqjD_yqjC_predicted,0.14285714285714285,6,6,AGCGCGACCGAGAGCGAATG,0,5213535
yqjE_yqjK_yqjD_yqjC_predicted,0.14285714285714285,6,6,AGCGAGGGTCGTGCGCCGAA,0,5226870
yqjE_yqjK_yqjD_yqjC_predicted,0.14285714285714285,6,6,AGCCGTTTTCACGACAGACG,0,5251192
yqjE_yqjK_yqjD_yqjC_predicted,0.14285714285714285,6,6,AGCCGCGACTATCGAAGGCA,0,5200650
yqjE_yqjK_yqjD_yqjC_predicted,0.14285714285714285,6,6,AGCCAGGGAGCGTCGGTTCT,0,5250576
yqjE_yqjK_yqjD_yqjC_predicted,0.14285714285714285,6,6,AGCCAGCGTTTTGCAGGTCG,0,5200743
yqjE_yqjK_yqjD_yqjC_predicted,0.14285714285714285,6,6,AGCCACAGTCATGGCGAAAG,0,5189462
yqjE_yqjK_yqjD_yqjC_predicted,0.14285714285714285,6,6,AGCCAATGTTACATGGCCCA,0,5181172
yqjE_yqjK_yqjD_yqjC_predicted,0.14285714285714285,6,6,AGCCAACGGCCGGCACCTGA,0,5194857
yqjE_yqjK_yqjD_yqjC_predicted,0.14285714285714285,6,6,AGATGTGGTTTACATGGTCC,0,5255952
yqjE_yqjK_yqjD_yqjC_predicted,0.14285714285714285,6,6,AGATACCGTCCGTGCTTTTA,0,5240762
yqjE_yqjK_yqjD_yqjC_predicted,0.14285714285714285,6,6,AGAGGTTACATGCGCAGCGG,0,5193242
yqjE_yqjK_yqjD_yqjC_predicted,0.14285714285714285,6,6,AGAGCCCTGCTCTGCGATCA,0,5231027
yqjE_yqjK_yqjD_yqjC_predicted,0.14285714285714285,6,6,AGACTGGACAAAAGCCTTGG,0,5242559
yqjE_yqjK_yqjD_yqjC_predicted,0.14285714285714285,6,6,AGACGCACACGGGAGCCACG,0,5258279
yqjE_yqjK_yqjD_yqjC_predicted,0.14285714285714285,6,6,AGAAGTGGCGCGGTCGGTTA,0,5242292
yqjE_yqjK_yqjD_yqjC_predicted,0.14285714285714285,6,6,AGAAGTGGAATAGGAACGTG,0,5224991
yqjE_yqjK_yqjD_yqjC_predicted,0.14285714285714285,6,6,AGAAGCGAGGCGGTAGTGTT,0,5200772
yqjE_yqjK_yqjD_yqjC_predicted,0.14285714285714285,6,6,AGAAAAGTGCCGGGCGCGTA,0,5222621
yqjE_yqjK_yqjD_yqjC_predicted,0.14285714285714285,6,6,ACTTTAGGGATGGATAGCAG,0,5255211
yqjE_yqjK_yqjD_yqjC_predicted,0.14285714285714285,6,6,ACTTTACCGGTCTACTCCTC,0,5262149
yqjE_yqjK_yqjD_yqjC_predicted,0.14285714285714285,6,6,ACTTCATTGAGTCAGCATAA,0,5202744
yqjE_yqjK_yqjD_yqjC_predicted,0.14285714285714285,6,6,ACTTCATCCGGAAGACGCGT,0,5221093
yqjE_yqjK_yqjD_yqjC_predicted,0.14285714285714285,6,6,ACTGTTGTAGAGGTCGAAGG,0,5222511
yqjE_yqjK_yqjD_yqjC_predicted,0.14285714285714285,6,6,ACTGTGTGCCAAATGTACTG,0,5177513
yqjE_yqjK_yqjD_yqjC_predicted,0.14285714285714285,6,6,ACTGCTGCAATAAGGCGGTA,0,5259008
yqjE_yqjK_yqjD_yqjC_predicted,0.14285714285714285,6,6,ACTGCCGTGGGACGAGTGCT,0,5179788
yqjE_yqjK_yqjD_yqjC_predicted,0.14285714285714285,6,6,ACTGCCGATTCTCGGTGGGA,0,5231958
yqjE_yqjK_yqjD_yqjC_predicted,0.14285714285714285,6,6,ACTGCCGATACAGTACCTGG,0,5220437
yqjE_yqjK_yqjD_yqjC_predicted,0.14285714285714285,6,6,ACTGAGATAGGCGCTACCGT,0,5185849
yqjE_yqjK_yqjD_yqjC_predicted,0.14285714285714285,6,6,ACTCCATCTGGCAAACCTCT,0,5238399
yqjE_yqjK_yqjD_yqjC_predicted,0.14285714285714285,6,6,ACTCATTAAAACACACCAGT,0,5191388
yqjE_yqjK_yqjD_yqjC_predicted,0.14285714285714285,6,6,ACTCACGTCACTGTGCCGAG,0,5186328
yqjE_yqjK_yqjD_yqjC_predicted,0.14285714285714285,6,6,ACTATGTTGGTGGCCGGCCC,0,5240457
yqjE_yqjK_yqjD_yqjC_predicted,0.14285714285714285,6,6,ACTATATCGCTACTTCTCGG,0,5206265
yqjE_yqjK_yqjD_yqjC_predicted,0.14285714285714285,6,6,ACTACTGAGTGAATATCGAT,0,5177781
yqjE_yqjK_yqjD_yqjC_predicted,0.14285714285714285,6,6,ACTACAACCATGGAGAAGCT,0,5231278
yqjE_yqjK_yqjD_yqjC_predicted,0.14285714285714285,6,6,ACTAAAGTCCTCCACGTATG,0,5260732
yqjE_yqjK_yqjD_yqjC_predicted,0.14285714285714285,6,6,ACGTGGTTTTGGGGTCTCGC,0,5222293
yqjE_yqjK_yqjD_yqjC_predicted,0.14285714285714285,6,6,ACGTGGTCTTTTATCCAGAA,0,5236478
yqjE_yqjK_yqjD_yqjC_predicted,0.14285714285714285,6,6,ACGTGGGCCTGATCCAAAGG,0,5190812
yqjE_yqjK_yqjD_yqjC_predicted,0.14285714285714285,6,6,ACGTGCTAAGATTGCCATTG,0,5206593
yqjE_yqjK_yqjD_yqjC_predicted,0.14285714285714285,6,6,ACGTGCAAAGCTCGTCCACT,0,5245711
yqjE_yqjK_yqjD_yqjC_predicted,0.14285714285714285,6,6,ACGTCTCCGGAATATACTTA,0,5246083
yqjE_yqjK_yqjD_yqjC_predicted,0.14285714285714285,6,6,ACGTCCAGTTCTACTCATCA,0,5238962
yqjE_yqjK_yqjD_yqjC_predicted,0.14285714285714285,6,6,ACGCTAATTGATTACGCGAT,0,5240823
yqjE_yqjK_yqjD_yqjC_predicted,0.14285714285714285,6,6,ACGCGCGCGTCAAAGGGTTC,0,5221550
yqjE_yqjK_yqjD_yqjC_predicted,0.14285714285714285,6,6,ACGCGAGAAGCTCAACGTGA,0,5179996
yqjE_yqjK_yqjD_yqjC_predicted,0.14285714285714285,6,6,ACGCGACCAGGTGCGGCTAT,0,5192335
yqjE_yqjK_yqjD_yqjC_predicted,0.14285714285714285,6,6,ACGCCGCCACTGGAGGGCGA,0,5248622
yqjE_yqjK_yqjD_yqjC_predicted,0.14285714285714285,6,6,ACGCAGCTACGAGCGGTGTC,0,5251704
yqjE_yqjK_yqjD_yqjC_predicted,0.14285714285714285,6,6,ACGCAATATCCATGGGTCAT,0,5195888
yqjE_yqjK_yqjD_yqjC_predicted,0.14285714285714285,6,6,ACGATTATGCGCCGTCTGTT,0,5171215
yqjE_yqjK_yqjD_yqjC_predicted,0.14285714285714285,6,6,ACGATGTAGCAGGATAAGAT,0,5184712
yqjE_yqjK_yqjD_yqjC_predicted,0.14285714285714285,6,6,ACGAGTTCAATAAAGGGATG,0,5186915
yqjE_yqjK_yqjD_yqjC_predicted,0.14285714285714285,6,6,ACGACACGGCGCAGCGTCAC,0,5194674
yqjE_yqjK_yqjD_yqjC_predicted,0.14285714285714285,6,6,ACGACACCCATTCATCGAAG,0,5228116
yqjE_yqjK_yqjD_yqjC_predicted,0.14285714285714285,6,6,ACGAACCGAAGTGGCGCCTC,0,5223064
yqjE_yqjK_yqjD_yqjC_predicted,0.14285714285714285,6,6,ACCTTCGAACATCTGATATC,0,5206378
yqjE_yqjK_yqjD_yqjC_predicted,0.14285714285714285,6,6,ACCTGAGACCTGTTGACGCA,0,5172805
yqjE_yqjK_yqjD_yqjC_predicted,0.14285714285714285,6,6,ACCTGACGTTTGGTAAGTGC,0,5184132
yqjE_yqjK_yqjD_yqjC_predicted,0.14285714285714285,6,6,ACCTCGTTACAGCATCGATT,0,5209848
yqjE_yqjK_yqjD_yqjC_predicted,0.14285714285714285,6,6,ACCTATAGAACAGATCATCA,0,5190139
yqjE_yqjK_yqjD_yqjC_predicted,0.14285714285714285,6,6,ACCGGGTGCAATATCGTAGC,0,5172493
yqjE_yqjK_yqjD_yqjC_predicted,0.14285714285714285,6,6,ACCGGATAAAGCACTCCACT,0,5185304
yqjE_yqjK_yqjD_yqjC_predicted,0.14285714285714285,6,6,ACCGCTGTTTCGTAGGCTAT,0,5260118
yqjE_yqjK_yqjD_yqjC_predicted,0.14285714285714285,6,6,ACCGCATCAGCCTTTAGTTC,0,5199870
yqjE_yqjK_yqjD_yqjC_predicted,0.14285714285714285,6,6,ACCGAAAAGTCAGAAAAACT,0,5228493
yqjE_yqjK_yqjD_yqjC_predicted,0.14285714285714285,6,6,ACCCTACACGCCTTACACAC,0,5223812
yqjE_yqjK_yqjD_yqjC_predicted,0.14285714285714285,6,6,ACCCGCGGTGCGATCTTAGT,0,5188880
yqjE_yqjK_yqjD_yqjC_predicted,0.14285714285714285,6,6,ACCCCGACATGTTACAGGGT,0,5256097
yqjE_yqjK_yqjD_yqjC_predicted,0.14285714285714285,6,6,ACCCCCGCCGCACAGTCTTA,0,5206806
yqjE_yqjK_yqjD_yqjC_predicted,0.14285714285714285,6,6,ACCCCACTACGCGTAATCCA,0,5213695
yqjE_yqjK_yqjD_yqjC_predicted,0.14285714285714285,6,6,ACCACCGAGTCGCCCGTACT,0,5216999
yqjE_yqjK_yqjD_yqjC_predicted,0.14285714285714285,6,6,ACCAAGTGCTATGATTTGAC,0,5257849
yqjE_yqjK_yqjD_yqjC_predicted,0.14285714285714285,6,6,ACCAAGGGAGGAAGGCGTTC,0,5243566
yqjE_yqjK_yqjD_yqjC_predicted,0.14285714285714285,6,6,ACCAAACCGTTGATCGAGTA,0,5223877
yqjE_yqjK_yqjD_yqjC_predicted,0.14285714285714285,6,6,ACATTCCGTACCTCGTCAGT,0,5233344
yqjE_yqjK_yqjD_yqjC_predicted,0.14285714285714285,6,6,ACATGGGAGCCCGAGAAAAA,0,5212388
yqjE_yqjK_yqjD_yqjC_predicted,0.14285714285714285,6,6,ACATATGATATCGTGTAAGT,0,5197611
yqjE_yqjK_yqjD_yqjC_predicted,0.14285714285714285,6,6,ACAGTAACGTCGTATGAGCG,0,5250363
yqjE_yqjK_yqjD_yqjC_predicted,0.14285714285714285,6,6,ACAGGGGTTCAAGTAAACCA,0,5203505
yqjE_yqjK_yqjD_yqjC_predicted,0.14285714285714285,6,6,ACAGCCGCCTCAAGGATGCA,0,5194877
yqjE_yqjK_yqjD_yqjC_predicted,0.14285714285714285,6,6,ACAGCCATTCGTCTCAGCTT,0,5238108
yqjE_yqjK_yqjD_yqjC_predicted,0.14285714285714285,6,6,ACAGATCCTCCTCGCGGTCC,0,5198358
yqjE_yqjK_yqjD_yqjC_predicted,0.14285714285714285,6,6,ACACGTCAGAGATTGTGTGT,0,5204260
yqjE_yqjK_yqjD_yqjC_predicted,0.14285714285714285,6,6,ACACCCATTGGGCTCCTCTG,0,5217853
yqjE_yqjK_yqjD_yqjC_predicted,0.14285714285714285,6,6,ACACAGCGGGTCAGTTTACC,0,5237021
yqjE_yqjK_yqjD_yqjC_predicted,0.14285714285714285,6,6,ACAATCCATTTGTTTAGGTT,0,5187447
yqjE_yqjK_yqjD_yqjC_predicted,0.14285714285714285,6,6,ACAAGCTCGGCGGATTTACG,0,5250517
yqjE_yqjK_yqjD_yqjC_predicted,0.14285714285714285,6,6,ACAACGGGCTTTTATCGAGG,0,5262189
yqjE_yqjK_yqjD_yqjC_predicted,0.14285714285714285,6,6,ACAAATAACTTAAACCATCT,0,5186854
yqjE_yqjK_yqjD_yqjC_predicted,0.14285714285714285,6,6,AATTAATTGCAGCATTCCTG,0,5178966
yqjE_yqjK_yqjD_yqjC_predicted,0.14285714285714285,6,6,AATGTATCCTGATGTTGCCA,0,5207683
yqjE_yqjK_yqjD_yqjC_predicted,0.14285714285714285,6,6,AATGAAGCTGTTCAATCGAC,0,5233941
yqjE_yqjK_yqjD_yqjC_predicted,0.14285714285714285,6,6,AATCCAGAGCGCCTGGTCGA,0,5246995
yqjE_yqjK_yqjD_yqjC_predicted,0.14285714285714285,6,6,AATCCAACGCTGGGAGGCCC,0,5202281
yqjE_yqjK_yqjD_yqjC_predicted,0.14285714285714285,6,6,AATCAAAGCAGATCTGGACC,0,5211738
yqjE_yqjK_yqjD_yqjC_predicted,0.14285714285714285,6,6,AATATTGGAGGTGACGGATT,0,5257682
yqjE_yqjK_yqjD_yqjC_predicted,0.14285714285714285,6,6,AATATCGGTGCTTTCCCTTA,0,5205417
yqjE_yqjK_yqjD_yqjC_predicted,0.14285714285714285,6,6,AATATCGAGCAGATCCTTTC,0,5257704
yqjE_yqjK_yqjD_yqjC_predicted,0.14285714285714285,6,6,AATAGCAAGCCGCGATTCTA,0,5250969
yqjE_yqjK_yqjD_yqjC_predicted,0.14285714285714285,6,6,AATAGAAAATCACAGGTACA,0,5171805
yqjE_yqjK_yqjD_yqjC_predicted,0.14285714285714285,6,6,AATACTCAGCCGCCGACGCT,0,5185851
yqjE_yqjK_yqjD_yqjC_predicted,0.14285714285714285,6,6,AATAAACCCCCACTATTATT,0,5219569
yqjE_yqjK_yqjD_yqjC_predicted,0.14285714285714285,6,6,AAGTTCATTAATCGTTTGAC,0,5238511
yqjE_yqjK_yqjD_yqjC_predicted,0.14285714285714285,6,6,AAGTCGCACAGAGAAGCTTA,0,5179590
yqjE_yqjK_yqjD_yqjC_predicted,0.14285714285714285,6,6,AAGTATTTGATACGGTTTGC,0,5234189
yqjE_yqjK_yqjD_yqjC_predicted,0.14285714285714285,6,6,AAGTATCCGATTGAAATGTT,0,5248901
yqjE_yqjK_yqjD_yqjC_predicted,0.14285714285714285,6,6,AAGTAAAGCTGGGTCGGGCA,0,5240527
yqjE_yqjK_yqjD_yqjC_predicted,0.14285714285714285,6,6,AAGGTTAGGGACCTGAATCT,0,5175612
yqjE_yqjK_yqjD_yqjC_predicted,0.14285714285714285,6,6,AAGGTCGCGCCCCCTCTTGG,0,5239604
yqjE_yqjK_yqjD_yqjC_predicted,0.14285714285714285,6,6,AAGGTAGCGGCGCGCGCAAT,0,5211296
yqjE_yqjK_yqjD_yqjC_predicted,0.14285714285714285,6,6,AAGGGCCACAGCAAACTCGT,0,5183631
yqjE_yqjK_yqjD_yqjC_predicted,0.14285714285714285,6,6,AAGGCTGCGTTGCGCACTCC,0,5233094
yqjE_yqjK_yqjD_yqjC_predicted,0.14285714285714285,6,6,AAGGCTAGCGGCTTCTGATG,0,5190257
yqjE_yqjK_yqjD_yqjC_predicted,0.14285714285714285,6,6,AAGCGTAAAGCGACAACAGA,0,5177165
yqjE_yqjK_yqjD_yqjC_predicted,0.14285714285714285,6,6,AAGCCTCGGGTGCACAGTAT,0,5227883
yqjE_yqjK_yqjD_yqjC_predicted,0.14285714285714285,6,6,AAGCCGTTTTGGTTGGTTAG,0,5195959
yqjE_yqjK_yqjD_yqjC_predicted,0.14285714285714285,6,6,AAGCCGTGTCATGGGTCTGA,0,5245150
yqjE_yqjK_yqjD_yqjC_predicted,0.14285714285714285,6,6,AAGCCCGGTTAGAGGAGTTG,0,5219845
yqjE_yqjK_yqjD_yqjC_predicted,0.14285714285714285,6,6,AAGCACATACAGAGGCATAA,0,5256384
yqjE_yqjK_yqjD_yqjC_predicted,0.14285714285714285,6,6,AAGATCGCGTCACACTATTG,0,5213687
yqjE_yqjK_yqjD_yqjC_predicted,0.14285714285714285,6,6,AAGAGTCTTTGTACTTCTCC,0,5219577
yqjE_yqjK_yqjD_yqjC_predicted,0.14285714285714285,6,6,AAGAGTACCTGCTTTCCATA,0,5185684
yqjE_yqjK_yqjD_yqjC_predicted,0.14285714285714285,6,6,AAGACTCTCGTGCGCAGGAT,0,5245880
yqjE_yqjK_yqjD_yqjC_predicted,0.14285714285714285,6,6,AAGACATCGAGCCACCGAAT,0,5202963
yqjE_yqjK_yqjD_yqjC_predicted,0.14285714285714285,6,6,AACTGTCTATAATTGGTTCC,0,5250098
yqjE_yqjK_yqjD_yqjC_predicted,0.14285714285714285,6,6,AACTCCGAGCGCTTTGTGAC,0,5241929
yqjE_yqjK_yqjD_yqjC_predicted,0.14285714285714285,6,6,AACGCCACAAAGGTAGCGAA,0,5236145
yqjE_yqjK_yqjD_yqjC_predicted,0.14285714285714285,6,6,AACGATATCTGGTAAAAACC,0,5179776
yqjE_yqjK_yqjD_yqjC_predicted,0.14285714285714285,6,6,AACCGGCCCTCGCTAGTGAA,0,5234439
yqjE_yqjK_yqjD_yqjC_predicted,0.14285714285714285,6,6,AACCGCGAAATTGAGTGAAT,0,5240623
yqjE_yqjK_yqjD_yqjC_predicted,0.14285714285714285,6,6,AACAGCTCGAAGTATGTAGC,0,5226745
yqjE_yqjK_yqjD_yqjC_predicted,0.14285714285714285,6,6,AACACGGGGTTTAGCGTTTA,0,5204588
yqjE_yqjK_yqjD_yqjC_predicted,0.14285714285714285,6,6,AACACGAGACAGAAGCTTCT,0,5240007
yqjE_yqjK_yqjD_yqjC_predicted,0.14285714285714285,6,6,AAATTGAAGCGGACAATGGA,0,5208978
yqjE_yqjK_yqjD_yqjC_predicted,0.14285714285714285,6,6,AAATGCTAGTCTTGACAATG,0,5193332
yqjE_yqjK_yqjD_yqjC_predicted,0.14285714285714285,6,6,AAATAGCAGAAAATGTCTCA,0,5215603
yqjE_yqjK_yqjD_yqjC_predicted,0.14285714285714285,6,6,AAAGTGGTGGTGATATGAAT,0,5258308
yqjE_yqjK_yqjD_yqjC_predicted,0.14285714285714285,6,6,AAAGGTGTTTAAGTTGCTGC,0,5172971
yqjE_yqjK_yqjD_yqjC_predicted,0.14285714285714285,6,6,AAAGGGCTACGTGAATGGTT,0,5197303
yqjE_yqjK_yqjD_yqjC_predicted,0.14285714285714285,6,6,AAAGGGCCATCGTAAGCGCC,0,5222448
yqjE_yqjK_yqjD_yqjC_predicted,0.14285714285714285,6,6,AAAGGGAAGCAAAGTTGTGT,0,5190691
yqjE_yqjK_yqjD_yqjC_predicted,0.14285714285714285,6,6,AAAGCATATCGCCGGAGCAG,0,5204724
yqjE_yqjK_yqjD_yqjC_predicted,0.14285714285714285,6,6,AAAGCACTTCTGCGTCTCAC,0,5249096
yqjE_yqjK_yqjD_yqjC_predicted,0.14285714285714285,6,6,AAACTGCATTAGGCCATGGA,0,5208987
yqjE_yqjK_yqjD_yqjC_predicted,0.14285714285714285,6,6,AAACTCTGGCCCCACGGTTG,0,5179218
yqjE_yqjK_yqjD_yqjC_predicted,0.14285714285714285,6,6,AAACCGAGTCATGCCTTTAT,0,5195751
yqjE_yqjK_yqjD_yqjC_predicted,0.14285714285714285,6,6,AAAATGGCCGACCCTGCCTA,0,5178916
yqjE_yqjK_yqjD_yqjC_predicted,0.14285714285714285,6,6,AAAATGATCGTCAGTTCGTA,0,5208050
yqjE_yqjK_yqjD_yqjC_predicted,0.14285714285714285,6,6,AAAACCTGGCACGTACATGA,0,5171012
yqjE_yqjK_yqjD_yqjC_predicted,0.14285714285714285,6,6,AAAACAATGAGCACCGGTGT,0,5226936
yqjE_yqjK_yqjD_yqjC_predicted,0.16666666666666666,5,5,TTTTTACGATACCGGTCACC,0,5223061
yqjE_yqjK_yqjD_yqjC_predicted,0.16666666666666666,5,5,TTTTGGCTTTAACGTGGTCT,0,5199943
yqjE_yqjK_yqjD_yqjC_predicted,0.16666666666666666,5,5,TTTTGATTCACCGAGATAAT,0,5190486
yqjE_yqjK_yqjD_yqjC_predicted,0.16666666666666666,5,5,TTTTCGCACCGTATCCCCTG,0,5262021
yqjE_yqjK_yqjD_yqjC_predicted,0.16666666666666666,5,5,TTTTCCTACAGTAGGCACAG,0,5258931
yqjE_yqjK_yqjD_yqjC_predicted,0.16666666666666666,5,5,TTTTACCGTCACGCAGAGAT,0,5187948
yqjE_yqjK_yqjD_yqjC_predicted,0.16666666666666666,5,5,TTTTAACATTGCAAACCATA,0,5259514
yqjE_yqjK_yqjD_yqjC_predicted,0.16666666666666666,5,5,TTTGTTTTAGACCCGTGGGG,0,5232561
yqjE_yqjK_yqjD_yqjC_predicted,0.16666666666666666,5,5,TTTGTGCATAGCCTGCTGGT,0,5261541
yqjE_yqjK_yqjD_yqjC_predicted,0.16666666666666666,5,5,TTTGGTATTCATGCTTGGTC,0,5218432
yqjE_yqjK_yqjD_yqjC_predicted,0.16666666666666666,5,5,TTTGGGGTCTATCCCCCGCT,0,5237666
yqjE_yqjK_yqjD_yqjC_predicted,0.16666666666666666,5,5,TTTGGACTGGGTTCCACTCA,0,5258521
yqjE_yqjK_yqjD_yqjC_predicted,0.16666666666666666,5,5,TTTGCGTAGCGACAGTCAGA,0,5183121
yqjE_yqjK_yqjD_yqjC_predicted,0.16666666666666666,5,5,TTTGCCTTTTATGACAACGG,0,5173660
yqjE_yqjK_yqjD_yqjC_predicted,0.16666666666666666,5,5,TTTGCCCTCAATAGTCTACC,0,5214305
yqjE_yqjK_yqjD_yqjC_predicted,0.16666666666666666,5,5,TTTCTGGCATCATGGCCCGA,0,5254554
yqjE_yqjK_yqjD_yqjC_predicted,0.16666666666666666,5,5,TTTCTCCCCTTCGTGCTTAA,0,5231773
yqjE_yqjK_yqjD_yqjC_predicted,0.16666666666666666,5,5,TTTCCCAGGGGAGAGGCAGA,0,5261066
yqjE_yqjK_yqjD_yqjC_predicted,0.16666666666666666,5,5,TTTCAGTATCTTTTAGAAGA,0,5198460
yqjE_yqjK_yqjD_yqjC_predicted,0.16666666666666666,5,5,TTTAGTTGAGTACTGTCACG,0,5257729
yqjE_yqjK_yqjD_yqjC_predicted,0.16666666666666666,5,5,TTTAGGGAAGAATTGGGTTA,0,5197712
yqjE_yqjK_yqjD_yqjC_predicted,0.16666666666666666,5,5,TTTACGCACGCTGTTGATAC,0,5232084
yqjE_yqjK_yqjD_yqjC_predicted,0.16666666666666666,5,5,TTTACCTTCGGAAAACACAG,0,5260828
yqjE_yqjK_yqjD_yqjC_predicted,0.16666666666666666,5,5,TTTACACCCGAATGAGTAAG,0,5193170
yqjE_yqjK_yqjD_yqjC_predicted,0.16666666666666666,5,5,TTTAATGTCAGTAGGTTGGT,0,5214243
yqjE_yqjK_yqjD_yqjC_predicted,0.16666666666666666,5,5,TTGTTACGGGAAACGTCCAA,0,5225947
yqjE_yqjK_yqjD_yqjC_predicted,0.16666666666666666,5,5,TTGTGGACTGGGGCACGTAC,0,5235754
yqjE_yqjK_yqjD_yqjC_predicted,0.16666666666666666,5,5,TTGTGAGGCCCCAGAGGTCT,0,5185871
yqjE_yqjK_yqjD_yqjC_predicted,0.16666666666666666,5,5,TTGTCTCGGCATAGTAGGAC,0,5184589
yqjE_yqjK_yqjD_yqjC_predicted,0.16666666666666666,5,5,TTGGGTTAAGTATTCGGAAG,0,5198034
yqjE_yqjK_yqjD_yqjC_predicted,0.16666666666666666,5,5,TTGGGCTGAAAACACAGGCT,0,5240635
yqjE_yqjK_yqjD_yqjC_predicted,0.16666666666666666,5,5,TTGGCGGGGCGCCAGGAGGT,0,5174213
yqjE_yqjK_yqjD_yqjC_predicted,0.16666666666666666,5,5,TTGGCCTAACTCACAATAAT,0,5250467
yqjE_yqjK_yqjD_yqjC_predicted,0.16666666666666666,5,5,TTGGAAAGATGTGATCGAGA,0,5254048
yqjE_yqjK_yqjD_yqjC_predicted,0.16666666666666666,5,5,TTGCTAGCATCTCCATAAAT,0,5180792
yqjE_yqjK_yqjD_yqjC_predicted,0.16666666666666666,5,5,TTGCGCGAAAATTAACAGGT,0,5258918
yqjE_yqjK_yqjD_yqjC_predicted,0.16666666666666666,5,5,TTGCGCAGTCGGCGACAATT,0,5240472
yqjE_yqjK_yqjD_yqjC_predicted,0.16666666666666666,5,5,TTGCGAAATATTAAGCTCAA,0,5194781
yqjE_yqjK_yqjD_yqjC_predicted,0.16666666666666666,5,5,TTGCCGTAGTTGACAAGGAC,0,5210661
yqjE_yqjK_yqjD_yqjC_predicted,0.16666666666666666,5,5,TTGCACCTTACCACGACAGA,0,5199960
yqjE_yqjK_yqjD_yqjC_predicted,0.16666666666666666,5,5,TTGAGGGTCATCAAGAGTTA,0,5205602
yqjE_yqjK_yqjD_yqjC_predicted,0.16666666666666666,5,5,TTGAGACTAAATGGTTAGTA,0,5242923
yqjE_yqjK_yqjD_yqjC_predicted,0.16666666666666666,5,5,TTGAATGGTGGGCTCATTTC,0,5247312
yqjE_yqjK_yqjD_yqjC_predicted,0.16666666666666666,5,5,TTGAAGTAAAGTTAGTAACC,0,5257020
yqjE_yqjK_yqjD_yqjC_predicted,0.16666666666666666,5,5,TTCTTCTCGACTTGTTCTTC,0,5262018
yqjE_yqjK_yqjD_yqjC_predicted,0.16666666666666666,5,5,TTCTTCGTGACGGGCCGATA,0,5172615
yqjE_yqjK_yqjD_yqjC_predicted,0.16666666666666666,5,5,TTCTGCACCGTCAGCGTAGA,0,5224629
yqjE_yqjK_yqjD_yqjC_predicted,0.16666666666666666,5,5,TTCTCGCTTCGCATGTTCTG,0,5198117
yqjE_yqjK_yqjD_yqjC_predicted,0.16666666666666666,5,5,TTCTCCACGTGGGGTTGCCC,0,5250919
yqjE_yqjK_yqjD_yqjC_predicted,0.16666666666666666,5,5,TTCGGTGACGTCACGACCGT,0,5204831
yqjE_yqjK_yqjD_yqjC_predicted,0.16666666666666666,5,5,TTCGCATGACTAGGGGTACA,0,5261982
yqjE_yqjK_yqjD_yqjC_predicted,0.16666666666666666,5,5,TTCGACGAATGAGCAGGTGC,0,5214906
yqjE_yqjK_yqjD_yqjC_predicted,0.16666666666666666,5,5,TTCGAAGTAAATAGTCGTGT,0,5234350
yqjE_yqjK_yqjD_yqjC_predicted,0.16666666666666666,5,5,TTCCTGCCTCTACCAACGAA,0,5229977
yqjE_yqjK_yqjD_yqjC_predicted,0.16666666666666666,5,5,TTCCTGACCAATCGTCCGAT,0,5233496
yqjE_yqjK_yqjD_yqjC_predicted,0.16666666666666666,5,5,TTCCTAGCGAGAGTCGCACG,0,5202271
yqjE_yqjK_yqjD_yqjC_predicted,0.16666666666666666,5,5,TTCCGTCTGGGTTGATTGTA,0,5245805
yqjE_yqjK_yqjD_yqjC_predicted,0.16666666666666666,5,5,TTCCACTACGGCTAACCTAC,0,5222334
yqjE_yqjK_yqjD_yqjC_predicted,0.16666666666666666,5,5,TTCATCATCGTAGGTAAGAA,0,5249192
yqjE_yqjK_yqjD_yqjC_predicted,0.16666666666666666,5,5,TTCAGGTAAGGTTCTGGAAC,0,5189319
yqjE_yqjK_yqjD_yqjC_predicted,0.16666666666666666,5,5,TTCACCGTTGAATCCTCAAC,0,5205891
yqjE_yqjK_yqjD_yqjC_predicted,0.16666666666666666,5,5,TTCAATGGGTTTAGGGACTT,0,5238150
yqjE_yqjK_yqjD_yqjC_predicted,0.16666666666666666,5,5,TTCAATGGGCATGCCAAGGT,0,5182366
yqjE_yqjK_yqjD_yqjC_predicted,0.16666666666666666,5,5,TTCAAGGTCCTATCATCATG,0,5231441
yqjE_yqjK_yqjD_yqjC_predicted,0.16666666666666666,5,5,TTATTTTATCGAACGTCGGT,0,5238506
yqjE_yqjK_yqjD_yqjC_predicted,0.16666666666666666,5,5,TTATTTGGGCCGGGTTAAGT,0,5228857
yqjE_yqjK_yqjD_yqjC_predicted,0.16666666666666666,5,5,TTATGCTACAATGGGATCAA,0,5184958
yqjE_yqjK_yqjD_yqjC_predicted,0.16666666666666666,5,5,TTATGATCAACAGTTCATCG,0,5195953
yqjE_yqjK_yqjD_yqjC_predicted,0.16666666666666666,5,5,TTATGAGTCGAGAATATGCG,0,5221246
yqjE_yqjK_yqjD_yqjC_predicted,0.16666666666666666,5,5,TTATCGCACGAACCGCGGTC,0,5231060
yqjE_yqjK_yqjD_yqjC_predicted,0.16666666666666666,5,5,TTAGTGTCGAGACACGGGGG,0,5205826
yqjE_yqjK_yqjD_yqjC_predicted,0.16666666666666666,5,5,TTAGTCAAGCCAGAGTCCGT,0,5223636
yqjE_yqjK_yqjD_yqjC_predicted,0.16666666666666666,5,5,TTAGGTATTTCTGCGTATGG,0,5229586
yqjE_yqjK_yqjD_yqjC_predicted,0.16666666666666666,5,5,TTAGCGGGCGGAATGCCGCG,0,5244892
yqjE_yqjK_yqjD_yqjC_predicted,0.16666666666666666,5,5,TTAGCATCAGGGTTGGATAA,0,5241498
yqjE_yqjK_yqjD_yqjC_predicted,0.16666666666666666,5,5,TTAGCAGAACTTCTTTGCTA,0,5207750
yqjE_yqjK_yqjD_yqjC_predicted,0.16666666666666666,5,5,TTAGATTCAGGTTTCTTATC,0,5252121
yqjE_yqjK_yqjD_yqjC_predicted,0.16666666666666666,5,5,TTACGCGGTTTGACGGCCCT,0,5209791
yqjE_yqjK_yqjD_yqjC_predicted,0.16666666666666666,5,5,TTACAAATGCAAGGAATATG,0,5251571
yqjE_yqjK_yqjD_yqjC_predicted,0.16666666666666666,5,5,TTAATGATGGGTCATCGAGG,0,5244688
yqjE_yqjK_yqjD_yqjC_predicted,0.16666666666666666,5,5,TTAATCCCTCGACAATACTA,0,5197858
yqjE_yqjK_yqjD_yqjC_predicted,0.16666666666666666,5,5,TTAAAGACGGGAGGCCAAGA,0,5201827
yqjE_yqjK_yqjD_yqjC_predicted,0.16666666666666666,5,5,TTAAAAGTTCGTCAAACTTT,0,5207792
yqjE_yqjK_yqjD_yqjC_predicted,0.16666666666666666,5,5,TGTTGTACTTGACAACAACA,0,5250664
yqjE_yqjK_yqjD_yqjC_predicted,0.16666666666666666,5,5,TGTGGGTGCGCTTAACGCGA,0,5199242
yqjE_yqjK_yqjD_yqjC_predicted,0.16666666666666666,5,5,TGTGCTTCCAACGCTTATTC,0,5245598
yqjE_yqjK_yqjD_yqjC_predicted,0.16666666666666666,5,5,TGTGCTGTTAGGCTAGAGGT,0,5228309
yqjE_yqjK_yqjD_yqjC_predicted,0.16666666666666666,5,5,TGTGCACTGGGGGCTGTCTA,0,5220390
yqjE_yqjK_yqjD_yqjC_predicted,0.16666666666666666,5,5,TGTGAGGTCCTGTGCTCGTA,0,5173299
yqjE_yqjK_yqjD_yqjC_predicted,0.16666666666666666,5,5,TGTGAGGGACGGGGTGTAAC,0,5220067
yqjE_yqjK_yqjD_yqjC_predicted,0.16666666666666666,5,5,TGTGAAGGCTAAATGCAAAG,0,5177439
yqjE_yqjK_yqjD_yqjC_predicted,0.16666666666666666,5,5,TGTCGGTGTTCTTCTTTTGA,0,5233520
yqjE_yqjK_yqjD_yqjC_predicted,0.16666666666666666,5,5,TGTCATTGTTAAAACTTTGT,0,5180992
yqjE_yqjK_yqjD_yqjC_predicted,0.16666666666666666,5,5,TGTATTATCTCATTGACGAT,0,5185460
yqjE_yqjK_yqjD_yqjC_predicted,0.16666666666666666,5,5,TGTATCGGGCGGATCACCGT,0,5181764
yqjE_yqjK_yqjD_yqjC_predicted,0.16666666666666666,5,5,TGTAGTCGCCTCGTACCCAA,0,5189826
yqjE_yqjK_yqjD_yqjC_predicted,0.16666666666666666,5,5,TGTAGGGGCCTCCTCGCAAC,0,5240349
yqjE_yqjK_yqjD_yqjC_predicted,0.16666666666666666,5,5,TGTAGCTCGATAGAGCCCAA,0,5171551
yqjE_yqjK_yqjD_yqjC_predicted,0.16666666666666666,5,5,TGTAGAAGCAAATCGCCTCT,0,5249051
yqjE_yqjK_yqjD_yqjC_predicted,0.16666666666666666,5,5,TGTAATGGGAGGTACACCCG,0,5260926
yqjE_yqjK_yqjD_yqjC_predicted,0.16666666666666666,5,5,TGTAACGGAACTGCTGATCT,0,5232105
yqjE_yqjK_yqjD_yqjC_predicted,0.16666666666666666,5,5,TGGTTGTAACTACAGGTGAT,0,5192888
yqjE_yqjK_yqjD_yqjC_predicted,0.16666666666666666,5,5,TGGTCGGATTGTGGATTGTC,0,5184346
yqjE_yqjK_yqjD_yqjC_predicted,0.16666666666666666,5,5,TGGTATATTTCTTCTTGGTT,0,5232318
yqjE_yqjK_yqjD_yqjC_predicted,0.16666666666666666,5,5,TGGTACGCAAGTTCGACAAT,0,5193197
yqjE_yqjK_yqjD_yqjC_predicted,0.16666666666666666,5,5,TGGTACATTGGAGTGGTGAG,0,5245244
yqjE_yqjK_yqjD_yqjC_predicted,0.16666666666666666,5,5,TGGGGTGCGTATCGGAATCT,0,5202983
yqjE_yqjK_yqjD_yqjC_predicted,0.16666666666666666,5,5,TGGGCTACACGGACTCTCTA,0,5252513
yqjE_yqjK_yqjD_yqjC_predicted,0.16666666666666666,5,5,TGGGCGAAGGGCATTGAAAA,0,5190120
yqjE_yqjK_yqjD_yqjC_predicted,0.16666666666666666,5,5,TGGGCCGGTCAATGCTTCTT,0,5221098
yqjE_yqjK_yqjD_yqjC_predicted,0.16666666666666666,5,5,TGGCTTTTGCTTGCCAGCAA,0,5251824
yqjE_yqjK_yqjD_yqjC_predicted,0.16666666666666666,5,5,TGGCTAGTGGAAAGAGAGTT,0,5261983
yqjE_yqjK_yqjD_yqjC_predicted,0.16666666666666666,5,5,TGGCCTATTCGCCCAATATA,0,5202389
yqjE_yqjK_yqjD_yqjC_predicted,0.16666666666666666,5,5,TGGCCCTAGGTACCGCGGAG,0,5241431
yqjE_yqjK_yqjD_yqjC_predicted,0.16666666666666666,5,5,TGGATAGGTATAACATTGGA,0,5171430
yqjE_yqjK_yqjD_yqjC_predicted,0.16666666666666666,5,5,TGGAGGATAGAACCGGACGG,0,5227298
yqjE_yqjK_yqjD_yqjC_predicted,0.16666666666666666,5,5,TGGAGAAAGGGTTACTCGGG,0,5224524
yqjE_yqjK_yqjD_yqjC_predicted,0.16666666666666666,5,5,TGGAGAAACCAAGAATGTAG,0,5250278
yqjE_yqjK_yqjD_yqjC_predicted,0.16666666666666666,5,5,TGGACACCTTAATCTGTCCA,0,5246664
yqjE_yqjK_yqjD_yqjC_predicted,0.16666666666666666,5,5,TGCTTAGTGTGGTTTTATAT,0,5232177
yqjE_yqjK_yqjD_yqjC_predicted,0.16666666666666666,5,5,TGCTGCGGATATAATTCCAA,0,5216540
yqjE_yqjK_yqjD_yqjC_predicted,0.16666666666666666,5,5,TGCTGATCACGTGGTTCAAG,0,5189979
yqjE_yqjK_yqjD_yqjC_predicted,0.16666666666666666,5,5,TGCTGAGCCTGTATGCTTGT,0,5235305
yqjE_yqjK_yqjD_yqjC_predicted,0.16666666666666666,5,5,TGCTAGTAATCGCGAGCAGG,0,5209126
yqjE_yqjK_yqjD_yqjC_predicted,0.16666666666666666,5,5,TGCGTGCTAGGAGTGGTGTA,0,5192067
yqjE_yqjK_yqjD_yqjC_predicted,0.16666666666666666,5,5,TGCGGGAGCCTATTCTCGAC,0,5254684
yqjE_yqjK_yqjD_yqjC_predicted,0.16666666666666666,5,5,TGCGGCGCAAGGACTTCTAT,0,5195902
yqjE_yqjK_yqjD_yqjC_predicted,0.16666666666666666,5,5,TGCGGACCGCCATCTGTGCA,0,5172911
yqjE_yqjK_yqjD_yqjC_predicted,0.16666666666666666,5,5,TGCGCTACTAAATCCAGATA,0,5242425
yqjE_yqjK_yqjD_yqjC_predicted,0.16666666666666666,5,5,TGCGCGTACTCCATCGGAGA,0,5225744
yqjE_yqjK_yqjD_yqjC_predicted,0.16666666666666666,5,5,TGCGCGACCAGGGAGTGACC,0,5208591
yqjE_yqjK_yqjD_yqjC_predicted,0.16666666666666666,5,5,TGCGCAAATTAAAACACAAC,0,5250329
yqjE_yqjK_yqjD_yqjC_predicted,0.16666666666666666,5,5,TGCGAAGAGGCTTCACAGTT,0,5260763
yqjE_yqjK_yqjD_yqjC_predicted,0.16666666666666666,5,5,TGCGAAGACATAAAATTATC,0,5238601
yqjE_yqjK_yqjD_yqjC_predicted,0.16666666666666666,5,5,TGCCTGGTGGTCGTAGCAAT,0,5212266
yqjE_yqjK_yqjD_yqjC_predicted,0.16666666666666666,5,5,TGCCTCTATTGGGCGATGGT,0,5187044
yqjE_yqjK_yqjD_yqjC_predicted,0.16666666666666666,5,5,TGCCTCCAAGGACCGTGGGT,0,5240776
yqjE_yqjK_yqjD_yqjC_predicted,0.16666666666666666,5,5,TGCCTCACCGCTGGACCGGG,0,5208509
yqjE_yqjK_yqjD_yqjC_predicted,0.16666666666666666,5,5,TGCCCTGCGCGCGATAATGG,0,5224020
yqjE_yqjK_yqjD_yqjC_predicted,0.16666666666666666,5,5,TGCCCGTCATCTCGTTACAT,0,5185056
yqjE_yqjK_yqjD_yqjC_predicted,0.16666666666666666,5,5,TGCCCCGCAGTTGTATTATT,0,5178775
yqjE_yqjK_yqjD_yqjC_predicted,0.16666666666666666,5,5,TGCACGGTTAACGCACGAGC,0,5202634
yqjE_yqjK_yqjD_yqjC_predicted,0.16666666666666666,5,5,TGCAAAGATGTGGCGTGCAT,0,5183417
yqjE_yqjK_yqjD_yqjC_predicted,0.16666666666666666,5,5,TGATTGATTTCGAAGAATAC,0,5181223
yqjE_yqjK_yqjD_yqjC_predicted,0.16666666666666666,5,5,TGATGTCCCCCTCGTGCTAG,0,5199906
yqjE_yqjK_yqjD_yqjC_predicted,0.16666666666666666,5,5,TGATGGCGCACAATTTCTAG,0,5259900
yqjE_yqjK_yqjD_yqjC_predicted,0.16666666666666666,5,5,TGATCTCACGTACCTCAGGT,0,5254123
yqjE_yqjK_yqjD_yqjC_predicted,0.16666666666666666,5,5,TGATCCAGTGACGGGAATAT,0,5208630
yqjE_yqjK_yqjD_yqjC_predicted,0.16666666666666666,5,5,TGATATCGGTTCAAATCCTA,0,5241262
yqjE_yqjK_yqjD_yqjC_predicted,0.16666666666666666,5,5,TGAGTGCATGGGCGATAGAG,0,5189367
yqjE_yqjK_yqjD_yqjC_predicted,0.16666666666666666,5,5,TGAGGTTTAATTCTACGTGT,0,5241339
yqjE_yqjK_yqjD_yqjC_predicted,0.16666666666666666,5,5,TGAGGTAGCTCGGTGAAAAA,0,5252457
yqjE_yqjK_yqjD_yqjC_predicted,0.16666666666666666,5,5,TGAGGTAGACTGTGAAATCC,0,5223772
yqjE_yqjK_yqjD_yqjC_predicted,0.16666666666666666,5,5,TGAGCATGGAGACGTTGTTC,0,5254371
yqjE_yqjK_yqjD_yqjC_predicted,0.16666666666666666,5,5,TGAGAGCGTAATGATCGTTT,0,5190070
yqjE_yqjK_yqjD_yqjC_predicted,0.16666666666666666,5,5,TGACTTACTACATCAAAAGG,0,5194232
yqjE_yqjK_yqjD_yqjC_predicted,0.16666666666666666,5,5,TGACGGTTCTCTGGACGAAT,0,5237670
yqjE_yqjK_yqjD_yqjC_predicted,0.16666666666666666,5,5,TGACGGGGCTGGTTCGCTCC,0,5206501
yqjE_yqjK_yqjD_yqjC_predicted,0.16666666666666666,5,5,TGACAGTTTGTGAGGACTAT,0,5241629
yqjE_yqjK_yqjD_yqjC_predicted,0.16666666666666666,5,5,TGACACTACAATGCCCTAAT,0,5241396
yqjE_yqjK_yqjD_yqjC_predicted,0.16666666666666666,5,5,TGAATCTTCTTCTCAGGAAG,0,5179291
yqjE_yqjK_yqjD_yqjC_predicted,0.16666666666666666,5,5,TCTTTCGTTTCTCCCGTAAT,0,5216305
yqjE_yqjK_yqjD_yqjC_predicted,0.16666666666666666,5,5,TCTTGAAAGACGGACCTCAA,0,5216327
yqjE_yqjK_yqjD_yqjC_predicted,0.16666666666666666,5,5,TCTGTTCTCTTAGTCCGAGT,0,5225527
yqjE_yqjK_yqjD_yqjC_predicted,0.16666666666666666,5,5,TCTGTTAAGCGGGGGCAGTC,0,5204901
yqjE_yqjK_yqjD_yqjC_predicted,0.16666666666666666,5,5,TCTGTCGGCTCTGCACCACG,0,5225315
yqjE_yqjK_yqjD_yqjC_predicted,0.16666666666666666,5,5,TCTGTAGATCGCAACACGAC,0,5209058
yqjE_yqjK_yqjD_yqjC_predicted,0.16666666666666666,5,5,TCTGGTGATACAATGGAAGG,0,5247595
yqjE_yqjK_yqjD_yqjC_predicted,0.16666666666666666,5,5,TCTCTGCGGGAGTTGCTGTA,0,5207192
yqjE_yqjK_yqjD_yqjC_predicted,0.16666666666666666,5,5,TCTCGCCTGATGATAATTTT,0,5241156
yqjE_yqjK_yqjD_yqjC_predicted,0.16666666666666666,5,5,TCTATCCACCGAGCACGAAT,0,5215425
yqjE_yqjK_yqjD_yqjC_predicted,0.16666666666666666,5,5,TCTATATAAAGAACGTGCTG,0,5256369
yqjE_yqjK_yqjD_yqjC_predicted,0.16666666666666666,5,5,TCTATAGATGTAAGTTTACG,0,5181916
yqjE_yqjK_yqjD_yqjC_predicted,0.16666666666666666,5,5,TCTACTTGAATTAACGTAAC,0,5192754
yqjE_yqjK_yqjD_yqjC_predicted,0.16666666666666666,5,5,TCTACAGTCCGCGGGCTTTG,0,5212387
yqjE_yqjK_yqjD_yqjC_predicted,0.16666666666666666,5,5,TCTACACTCACACTAGCGTA,0,5210542
yqjE_yqjK_yqjD_yqjC_predicted,0.16666666666666666,5,5,TCTACAAGCCGACGCGAACC,0,5210924
yqjE_yqjK_yqjD_yqjC_predicted,0.16666666666666666,5,5,TCGTTCGTCACAGTCATTTC,0,5191640
yqjE_yqjK_yqjD_yqjC_predicted,0.16666666666666666,5,5,TCGTTAACGCGGGCACCAAT,0,5234976
yqjE_yqjK_yqjD_yqjC_predicted,0.16666666666666666,5,5,TCGTCGGATTTATGAGGAGT,0,5234916
yqjE_yqjK_yqjD_yqjC_predicted,0.16666666666666666,5,5,TCGTCATGCAATAAACTACG,0,5232545
yqjE_yqjK_yqjD_yqjC_predicted,0.16666666666666666,5,5,TCGTACCCTATTTCAATAGA,0,5244211
yqjE_yqjK_yqjD_yqjC_predicted,0.16666666666666666,5,5,TCGTACATGCGGCCGCCGAT,0,5224715
yqjE_yqjK_yqjD_yqjC_predicted,0.16666666666666666,5,5,TCGGTTACGGTAGTTGCCGT,0,5192051
yqjE_yqjK_yqjD_yqjC_predicted,0.16666666666666666,5,5,TCGGTCCGTCCCAAGTGCGT,0,5258640
yqjE_yqjK_yqjD_yqjC_predicted,0.16666666666666666,5,5,TCGGGAAGATATGCCACAAG,0,5208637
yqjE_yqjK_yqjD_yqjC_predicted,0.16666666666666666,5,5,TCGGCATTTGTCATGGGCCC,0,5200249
yqjE_yqjK_yqjD_yqjC_predicted,0.16666666666666666,5,5,TCGGCACCCCAGCAAGCGGT,0,5221193
yqjE_yqjK_yqjD_yqjC_predicted,0.16666666666666666,5,5,TCGGCAAGCTTTGTATGAAC,0,5201602
yqjE_yqjK_yqjD_yqjC_predicted,0.16666666666666666,5,5,TCGGATATACCATTTTGGTG,0,5258588
yqjE_yqjK_yqjD_yqjC_predicted,0.16666666666666666,5,5,TCGGACGGACGCATTCAGGA,0,5183811
yqjE_yqjK_yqjD_yqjC_predicted,0.16666666666666666,5,5,TCGGACCTCAATCTGCGCTA,0,5225953
yqjE_yqjK_yqjD_yqjC_predicted,0.16666666666666666,5,5,TCGCTGTGATGATGCGACGA,0,5200317
yqjE_yqjK_yqjD_yqjC_predicted,0.16666666666666666,5,5,TCGCTAACCATCAATTGTTG,0,5180674
yqjE_yqjK_yqjD_yqjC_predicted,0.16666666666666666,5,5,TCGCGTAGTACTGCAGTCGT,0,5258236
yqjE_yqjK_yqjD_yqjC_predicted,0.16666666666666666,5,5,TCGCACACAATTTCCCCTGG,0,5211358
yqjE_yqjK_yqjD_yqjC_predicted,0.16666666666666666,5,5,TCGATCTCCCTCGACCACAA,0,5188181
yqjE_yqjK_yqjD_yqjC_predicted,0.16666666666666666,5,5,TCGATCCGGCACAGCGGGAC,0,5239052
yqjE_yqjK_yqjD_yqjC_predicted,0.16666666666666666,5,5,TCGAGTCCTCTGCCTGTGGA,0,5171088
yqjE_yqjK_yqjD_yqjC_predicted,0.16666666666666666,5,5,TCGAGGCTGAGCGACAAAGA,0,5222407
yqjE_yqjK_yqjD_yqjC_predicted,0.16666666666666666,5,5,TCGACTCTGGATATGCGACA,0,5185008
yqjE_yqjK_yqjD_yqjC_predicted,0.16666666666666666,5,5,TCCTTGTGGATGACGCCTAA,0,5233902
yqjE_yqjK_yqjD_yqjC_predicted,0.16666666666666666,5,5,TCCTTGTCTCGATGCATACA,0,5250373
yqjE_yqjK_yqjD_yqjC_predicted,0.16666666666666666,5,5,TCCTTGGGCGCGTGCAGTAA,0,5258065
yqjE_yqjK_yqjD_yqjC_predicted,0.16666666666666666,5,5,TCCTTATCTGAGCAAGTGTT,0,5188861
yqjE_yqjK_yqjD_yqjC_predicted,0.16666666666666666,5,5,TCCTGTGCTGCGAGTTTTAC,0,5231258
yqjE_yqjK_yqjD_yqjC_predicted,0.16666666666666666,5,5,TCCTGGGTGGGTTGCTGGAA,0,5213341
yqjE_yqjK_yqjD_yqjC_predicted,0.16666666666666666,5,5,TCCTGCACGAGGTATCCTTC,0,5236236
yqjE_yqjK_yqjD_yqjC_predicted,0.16666666666666666,5,5,TCCGTCTTCGTAGTGGAGGT,0,5257701
yqjE_yqjK_yqjD_yqjC_predicted,0.16666666666666666,5,5,TCCGTCTGGAGCGGTTTCTA,0,5212963
yqjE_yqjK_yqjD_yqjC_predicted,0.16666666666666666,5,5,TCCGGAGCCGCGTGCACTCC,0,5260180
yqjE_yqjK_yqjD_yqjC_predicted,0.16666666666666666,5,5,TCCGCTATGGTTTTGGCATT,0,5231073
yqjE_yqjK_yqjD_yqjC_predicted,0.16666666666666666,5,5,TCCGCCGGTTAGTGGTGCTC,0,5225949
yqjE_yqjK_yqjD_yqjC_predicted,0.16666666666666666,5,5,TCCGCACACTGGGCCGGGAA,0,5207026
yqjE_yqjK_yqjD_yqjC_predicted,0.16666666666666666,5,5,TCCGATGGCGGGTGCTTAAA,0,5228344
yqjE_yqjK_yqjD_yqjC_predicted,0.16666666666666666,5,5,TCCCTTCGGCTAGGTGCTAT,0,5179870
yqjE_yqjK_yqjD_yqjC_predicted,0.16666666666666666,5,5,TCCCGTTGTCTAAGTCGGTC,0,5227212
yqjE_yqjK_yqjD_yqjC_predicted,0.16666666666666666,5,5,TCCCACACATCGGCCACTTG,0,5257949
yqjE_yqjK_yqjD_yqjC_predicted,0.16666666666666666,5,5,TCCATGCGGAAGAAGGGGAA,0,5186502
yqjE_yqjK_yqjD_yqjC_predicted,0.16666666666666666,5,5,TCCATGAATATTCGTATACC,0,5257168
yqjE_yqjK_yqjD_yqjC_predicted,0.16666666666666666,5,5,TCCAGATGCCTAGAACAGTC,0,5171194
yqjE_yqjK_yqjD_yqjC_predicted,0.16666666666666666,5,5,TCCAGAGGAAGAACGGCCGT,0,5209734
yqjE_yqjK_yqjD_yqjC_predicted,0.16666666666666666,5,5,TCCACTGTCGAGGAGTAATA,0,5181189
yqjE_yqjK_yqjD_yqjC_predicted,0.16666666666666666,5,5,TCCACTAAGTCACGATATTC,0,5213412
yqjE_yqjK_yqjD_yqjC_predicted,0.16666666666666666,5,5,TCCACATCTGTGTCAAGCTC,0,5236754
yqjE_yqjK_yqjD_yqjC_predicted,0.16666666666666666,5,5,TCCAACGCTTCTGCAGCCGA,0,5172022
yqjE_yqjK_yqjD_yqjC_predicted,0.16666666666666666,5,5,TCATTATTACTTACAGAATC,0,5235380
yqjE_yqjK_yqjD_yqjC_predicted,0.16666666666666666,5,5,TCATGGACCTCTTCAGCATG,0,5190154
yqjE_yqjK_yqjD_yqjC_predicted,0.16666666666666666,5,5,TCATCTATTGTTGAGGGGTC,0,5171641
yqjE_yqjK_yqjD_yqjC_predicted,0.16666666666666666,5,5,TCATCACAGACTACTAAACA,0,5201842
yqjE_yqjK_yqjD_yqjC_predicted,0.16666666666666666,5,5,TCAGTGCAATGATTCCTATG,0,5244486
yqjE_yqjK_yqjD_yqjC_predicted,0.16666666666666666,5,5,TCAGTGAGCTTTTAGTTTGG,0,5221711
yqjE_yqjK_yqjD_yqjC_predicted,0.16666666666666666,5,5,TCAGGTTGTTAAGTTCTGTC,0,5218708
yqjE_yqjK_yqjD_yqjC_predicted,0.16666666666666666,5,5,TCAGGTTGGCGCTCTCGGTC,0,5237530
yqjE_yqjK_yqjD_yqjC_predicted,0.16666666666666666,5,5,TCAGCAGTGGTACATTCAAA,0,5174012
yqjE_yqjK_yqjD_yqjC_predicted,0.16666666666666666,5,5,TCAGCAATCACTAGCTATGC,0,5208070
yqjE_yqjK_yqjD_yqjC_predicted,0.16666666666666666,5,5,TCACTCTCATACAGTATGTA,0,5209806
yqjE_yqjK_yqjD_yqjC_predicted,0.16666666666666666,5,5,TCACTCATGTTATAAAGGGT,0,5222291
yqjE_yqjK_yqjD_yqjC_predicted,0.16666666666666666,5,5,TCACTACTCCTAACCGCCGC,0,5213070
yqjE_yqjK_yqjD_yqjC_predicted,0.16666666666666666,5,5,TCACGTCACTGATCATCATC,0,5190331
yqjE_yqjK_yqjD_yqjC_predicted,0.16666666666666666,5,5,TCACGCTGGAAAGTGTAATC,0,5236462
yqjE_yqjK_yqjD_yqjC_predicted,0.16666666666666666,5,5,TCACCGGTGTGTAGGCAGTA,0,5207704
yqjE_yqjK_yqjD_yqjC_predicted,0.16666666666666666,5,5,TCACAGCTGCGCGTATGGAC,0,5222265
yqjE_yqjK_yqjD_yqjC_predicted,0.16666666666666666,5,5,TCAAGTTCTTCCGGAATGCT,0,5258501
yqjE_yqjK_yqjD_yqjC_predicted,0.16666666666666666,5,5,TCAAGGTGGCTCGGTCCCAC,0,5247427
yqjE_yqjK_yqjD_yqjC_predicted,0.16666666666666666,5,5,TCAACTTGTGCGGCCCGACC,0,5241488
yqjE_yqjK_yqjD_yqjC_predicted,0.16666666666666666,5,5,TCAACCGTTTAGATGGGAGC,0,5186489
yqjE_yqjK_yqjD_yqjC_predicted,0.16666666666666666,5,5,TATTTACGGTGGGTCTTCAG,0,5203516
yqjE_yqjK_yqjD_yqjC_predicted,0.16666666666666666,5,5,TATTGCGGGTCATGGTAGCA,0,5177311
yqjE_yqjK_yqjD_yqjC_predicted,0.16666666666666666,5,5,TATTAATTACGTGTCCCGGG,0,5258068
yqjE_yqjK_yqjD_yqjC_predicted,0.16666666666666666,5,5,TATTAACCATGTTCCAAACT,0,5182943
yqjE_yqjK_yqjD_yqjC_predicted,0.16666666666666666,5,5,TATGTGTCGTGGTCTGCATT,0,5226982
yqjE_yqjK_yqjD_yqjC_predicted,0.16666666666666666,5,5,TATGTAACTGACGGCGCTAT,0,5212220
yqjE_yqjK_yqjD_yqjC_predicted,0.16666666666666666,5,5,TATGGTAGTAAACGTTCACT,0,5184194
yqjE_yqjK_yqjD_yqjC_predicted,0.16666666666666666,5,5,TATGGGGCCGTTGGAGTCTT,0,5179148
yqjE_yqjK_yqjD_yqjC_predicted,0.16666666666666666,5,5,TATGGAAGACAGGCGAGGTC,0,5196432
yqjE_yqjK_yqjD_yqjC_predicted,0.16666666666666666,5,5,TATGCGGCGGACCGGCCACA,0,5262038
yqjE_yqjK_yqjD_yqjC_predicted,0.16666666666666666,5,5,TATGAGACCCCAAAGGGCTT,0,5260458
yqjE_yqjK_yqjD_yqjC_predicted,0.16666666666666666,5,5,TATGACCGCTGATGCAGGAC,0,5173298
yqjE_yqjK_yqjD_yqjC_predicted,0.16666666666666666,5,5,TATGAAAAACAGTTAAAATG,0,5183882
yqjE_yqjK_yqjD_yqjC_predicted,0.16666666666666666,5,5,TATCTGTTTCCAGTCGCTCT,0,5178145
yqjE_yqjK_yqjD_yqjC_predicted,0.16666666666666666,5,5,TATCTCCGGCTTGTTTAGCA,0,5184344
yqjE_yqjK_yqjD_yqjC_predicted,0.16666666666666666,5,5,TATCGGCACAAGTTTGCCCG,0,5209661
yqjE_yqjK_yqjD_yqjC_predicted,0.16666666666666666,5,5,TATCGCTTTCAGACACCGGT,0,5184764
yqjE_yqjK_yqjD_yqjC_predicted,0.16666666666666666,5,5,TATCCGATACTAAGTGAATC,0,5261308
yqjE_yqjK_yqjD_yqjC_predicted,0.16666666666666666,5,5,TATCAGGGTAGGCGCGGGCT,0,5199138
yqjE_yqjK_yqjD_yqjC_predicted,0.16666666666666666,5,5,TATATCATAGATGGTAAGGC,0,5183382
yqjE_yqjK_yqjD_yqjC_predicted,0.16666666666666666,5,5,TATAGAAGGTCGTGTTGGTC,0,5173318
yqjE_yqjK_yqjD_yqjC_predicted,0.16666666666666666,5,5,TAGTGTGTTCATCCTCCAAC,0,5215502
yqjE_yqjK_yqjD_yqjC_predicted,0.16666666666666666,5,5,TAGTCGGCCCCTACGTACTT,0,5221320
yqjE_yqjK_yqjD_yqjC_predicted,0.16666666666666666,5,5,TAGGTTCGCTCCCCTGTCAT,0,5205265
yqjE_yqjK_yqjD_yqjC_predicted,0.16666666666666666,5,5,TAGGTGCACGGACGGCAGGT,0,5179740
yqjE_yqjK_yqjD_yqjC_predicted,0.16666666666666666,5,5,TAGGGTTCCCGCCACTGAGT,0,5237238
yqjE_yqjK_yqjD_yqjC_predicted,0.16666666666666666,5,5,TAGGCTAAGGAACCTACTTA,0,5194888
yqjE_yqjK_yqjD_yqjC_predicted,0.16666666666666666,5,5,TAGGCAGTGAGGTTTACGTG,0,5215839
yqjE_yqjK_yqjD_yqjC_predicted,0.16666666666666666,5,5,TAGGATGATGTAAGAAGGGT,0,5189806
yqjE_yqjK_yqjD_yqjC_predicted,0.16666666666666666,5,5,TAGGAGGAGTGGTCTTTTTT,0,5251245
yqjE_yqjK_yqjD_yqjC_predicted,0.16666666666666666,5,5,TAGCTTGAGTCGAAACTCTC,0,5212551
yqjE_yqjK_yqjD_yqjC_predicted,0.16666666666666666,5,5,TAGCTCCACCAGCACTACGA,0,5230343
yqjE_yqjK_yqjD_yqjC_predicted,0.16666666666666666,5,5,TAGCTCAGGATAAAACGATT,0,5230660
yqjE_yqjK_yqjD_yqjC_predicted,0.16666666666666666,5,5,TAGCGGCTCAGCCGCTTCGC,0,5173981
yqjE_yqjK_yqjD_yqjC_predicted,0.16666666666666666,5,5,TAGCATCTCCTATTGTCATT,0,5236517
yqjE_yqjK_yqjD_yqjC_predicted,0.16666666666666666,5,5,TAGATTGTCGAAAGTGGGTC,0,5251691
yqjE_yqjK_yqjD_yqjC_predicted,0.16666666666666666,5,5,TAGATTGCGTACCGTGTACT,0,5177575
yqjE_yqjK_yqjD_yqjC_predicted,0.16666666666666666,5,5,TAGATTCTTTGGTCTGGTAT,0,5180193
yqjE_yqjK_yqjD_yqjC_predicted,0.16666666666666666,5,5,TAGAGCCTTCGTTTAGGTGA,0,5194566
yqjE_yqjK_yqjD_yqjC_predicted,0.16666666666666666,5,5,TAGACGTCAGGGTGCACCAC,0,5196312
yqjE_yqjK_yqjD_yqjC_predicted,0.16666666666666666,5,5,TAGACGCAAGGTGCGTCGGG,0,5195742
yqjE_yqjK_yqjD_yqjC_predicted,0.16666666666666666,5,5,TAGAAGCATATTAGTGATTT,0,5188270
yqjE_yqjK_yqjD_yqjC_predicted,0.16666666666666666,5,5,TACTTACTTGCGGCCTCCAA,0,5194415
yqjE_yqjK_yqjD_yqjC_predicted,0.16666666666666666,5,5,TACTGCCTATACGGTAGCTA,0,5224725
yqjE_yqjK_yqjD_yqjC_predicted,0.16666666666666666,5,5,TACTCCAAATAGCCTGACGA,0,5177742
yqjE_yqjK_yqjD_yqjC_predicted,0.16666666666666666,5,5,TACGTGGCACTAGACTATCC,0,5170878
yqjE_yqjK_yqjD_yqjC_predicted,0.16666666666666666,5,5,TACGTAGGCTTTACTATGAG,0,5258793
yqjE_yqjK_yqjD_yqjC_predicted,0.16666666666666666,5,5,TACGCTCTTAGTTGGGAGAT,0,5232947
yqjE_yqjK_yqjD_yqjC_predicted,0.16666666666666666,5,5,TACGCCGGGCGCCCACCGCG,0,5253292
yqjE_yqjK_yqjD_yqjC_predicted,0.16666666666666666,5,5,TACGCATTTTCAGCATGGGT,0,5192879
yqjE_yqjK_yqjD_yqjC_predicted,0.16666666666666666,5,5,TACGATGTGCAGACAGATTA,0,5236159
yqjE_yqjK_yqjD_yqjC_predicted,0.16666666666666666,5,5,TACGAGGATCACACAGTGCA,0,5246059
yqjE_yqjK_yqjD_yqjC_predicted,0.16666666666666666,5,5,TACGACTGACGCTACGGCAG,0,5188865
yqjE_yqjK_yqjD_yqjC_predicted,0.16666666666666666,5,5,TACGAATTGTGGTCGCACAA,0,5177747
yqjE_yqjK_yqjD_yqjC_predicted,0.16666666666666666,5,5,TACCTTAAAAAAACCGATTT,0,5172190
yqjE_yqjK_yqjD_yqjC_predicted,0.16666666666666666,5,5,TACCTGATCTTCATACTGCG,0,5203849
yqjE_yqjK_yqjD_yqjC_predicted,0.16666666666666666,5,5,TACCGCATGATTGGCGGACT,0,5231428
yqjE_yqjK_yqjD_yqjC_predicted,0.16666666666666666,5,5,TACCCGGGGGCCTTAACGCA,0,5192883
yqjE_yqjK_yqjD_yqjC_predicted,0.16666666666666666,5,5,TACCAGCAACCCTGGTGCTG,0,5171348
yqjE_yqjK_yqjD_yqjC_predicted,0.16666666666666666,5,5,TACCAACCTGCGATCACGGA,0,5216648
yqjE_yqjK_yqjD_yqjC_predicted,0.16666666666666666,5,5,TACATCTGGATGGGGAGTGG,0,5212176
yqjE_yqjK_yqjD_yqjC_predicted,0.16666666666666666,5,5,TACAGCACTCTGTACTCTCC,0,5233195
yqjE_yqjK_yqjD_yqjC_predicted,0.16666666666666666,5,5,TACACTCACGCGACTGCCGT,0,5228534
yqjE_yqjK_yqjD_yqjC_predicted,0.16666666666666666,5,5,TACAAGTTGTTGCGATAATT,0,5216980
yqjE_yqjK_yqjD_yqjC_predicted,0.16666666666666666,5,5,TACAACATATTCAGCCCCGT,0,5227718
yqjE_yqjK_yqjD_yqjC_predicted,0.16666666666666666,5,5,TAATTTGGAATTTCGGTTCG,0,5219834
yqjE_yqjK_yqjD_yqjC_predicted,0.16666666666666666,5,5,TAATTTCGAATTCCTGAAGC,0,5231791
yqjE_yqjK_yqjD_yqjC_predicted,0.16666666666666666,5,5,TAATTGTGTGAATGCCGTCG,0,5188254
yqjE_yqjK_yqjD_yqjC_predicted,0.16666666666666666,5,5,TAATTCATCCATAGCCGACA,0,5253552
yqjE_yqjK_yqjD_yqjC_predicted,0.16666666666666666,5,5,TAATAACTAGCCCTTGTTAT,0,5216774
yqjE_yqjK_yqjD_yqjC_predicted,0.16666666666666666,5,5,TAAGTTTATGGGATTAGTAT,0,5235528
yqjE_yqjK_yqjD_yqjC_predicted,0.16666666666666666,5,5,TAAGACTCGAATCGCTGTGA,0,5182446
yqjE_yqjK_yqjD_yqjC_predicted,0.16666666666666666,5,5,TAACTGGGTAATCGCATACG,0,5254343
yqjE_yqjK_yqjD_yqjC_predicted,0.16666666666666666,5,5,TAACGGTTACCACATTACCT,0,5256961
yqjE_yqjK_yqjD_yqjC_predicted,0.16666666666666666,5,5,TAACGCGTCAGGAGGAGCGT,0,5173679
yqjE_yqjK_yqjD_yqjC_predicted,0.16666666666666666,5,5,TAACCCTGCGAAGGTATAGG,0,5191097
yqjE_yqjK_yqjD_yqjC_predicted,0.16666666666666666,5,5,TAACATAGGTATTTTCATAG,0,5233918
yqjE_yqjK_yqjD_yqjC_predicted,0.16666666666666666,5,5,TAAATGTCGGTCTAGCGAGC,0,5202141
yqjE_yqjK_yqjD_yqjC_predicted,0.16666666666666666,5,5,TAAACCGGAACTTTCTGCCG,0,5177339
yqjE_yqjK_yqjD_yqjC_predicted,0.16666666666666666,5,5,TAAAAGCCAACCTGGCCCCT,0,5218063
yqjE_yqjK_yqjD_yqjC_predicted,0.16666666666666666,5,5,GTTTTTTCGGGACTCCCCTA,0,5197514
yqjE_yqjK_yqjD_yqjC_predicted,0.16666666666666666,5,5,GTTTTGGCCTGCAATTCTGG,0,5218281
yqjE_yqjK_yqjD_yqjC_predicted,0.16666666666666666,5,5,GTTTTCCGCCGTGAAGTGGC,0,5195881
yqjE_yqjK_yqjD_yqjC_predicted,0.16666666666666666,5,5,GTTTCTAGAGTTTGAATATT,0,5255360
yqjE_yqjK_yqjD_yqjC_predicted,0.16666666666666666,5,5,GTTTAGTCCTTCATCCTTAT,0,5237206
yqjE_yqjK_yqjD_yqjC_predicted,0.16666666666666666,5,5,GTTTAGGAGTTAGCATCCCA,0,5171338
yqjE_yqjK_yqjD_yqjC_predicted,0.16666666666666666,5,5,GTTTAGGAGCTTAATGAACT,0,5177115
yqjE_yqjK_yqjD_yqjC_predicted,0.16666666666666666,5,5,GTTTAAAAGTGGTGTTAGAA,0,5204448
yqjE_yqjK_yqjD_yqjC_predicted,0.16666666666666666,5,5,GTTGTTCTTCAATACGACCG,0,5244200
yqjE_yqjK_yqjD_yqjC_predicted,0.16666666666666666,5,5,GTTGTACCACCAATTGTCGT,0,5174143
yqjE_yqjK_yqjD_yqjC_predicted,0.16666666666666666,5,5,GTTGTACATACAGTACGCCG,0,5193702
yqjE_yqjK_yqjD_yqjC_predicted,0.16666666666666666,5,5,GTTGGTCTTTCATGACGACG,0,5203926
yqjE_yqjK_yqjD_yqjC_predicted,0.16666666666666666,5,5,GTTGGGACTGTAAAAGAGTC,0,5184097
yqjE_yqjK_yqjD_yqjC_predicted,0.16666666666666666,5,5,GTTGGAACGCTAGGGAATGC,0,5212183
yqjE_yqjK_yqjD_yqjC_predicted,0.16666666666666666,5,5,GTTGCTCGATTAGGGCTATG,0,5183629
yqjE_yqjK_yqjD_yqjC_predicted,0.16666666666666666,5,5,GTTGCCAAATGACGGTGCGA,0,5203379
yqjE_yqjK_yqjD_yqjC_predicted,0.16666666666666666,5,5,GTTCTTTTAGTATCCGCCGT,0,5212134
yqjE_yqjK_yqjD_yqjC_predicted,0.16666666666666666,5,5,GTTCGGAATTTGGTCACTTA,0,5203466
yqjE_yqjK_yqjD_yqjC_predicted,0.16666666666666666,5,5,GTTCGCTGATGCTGGGACTC,0,5187049
yqjE_yqjK_yqjD_yqjC_predicted,0.16666666666666666,5,5,GTTCGATTAGGATCTGAGGC,0,5187377
yqjE_yqjK_yqjD_yqjC_predicted,0.16666666666666666,5,5,GTTCCTTCACGCCATCCTAC,0,5222378
yqjE_yqjK_yqjD_yqjC_predicted,0.16666666666666666,5,5,GTTCCAACTGTACCGAGAGG,0,5211948
yqjE_yqjK_yqjD_yqjC_predicted,0.16666666666666666,5,5,GTTCACCGGTCCCCTTTCGA,0,5226122
yqjE_yqjK_yqjD_yqjC_predicted,0.16666666666666666,5,5,GTTAGGAAAATCCAAATTCA,0,5187752
yqjE_yqjK_yqjD_yqjC_predicted,0.16666666666666666,5,5,GTTACCTTGTCCGACGGGTT,0,5239097
yqjE_yqjK_yqjD_yqjC_predicted,0.16666666666666666,5,5,GTTACAGGTTCACGGGGATA,0,5176274
yqjE_yqjK_yqjD_yqjC_predicted,0.16666666666666666,5,5,GTTAAGTCTGTATGATGATA,0,5232720
yqjE_yqjK_yqjD_yqjC_predicted,0.16666666666666666,5,5,GTTAAGGTTCACCGGCCCTA,0,5232923
yqjE_yqjK_yqjD_yqjC_predicted,0.16666666666666666,5,5,GTTAAGCCTAGTAGAATCAA,0,5245573
yqjE_yqjK_yqjD_yqjC_predicted,0.16666666666666666,5,5,GTTAAAGGCGAACATAGATG,0,5220015
yqjE_yqjK_yqjD_yqjC_predicted,0.16666666666666666,5,5,GTTAAAGATTATCGGTACAA,0,5258526
yqjE_yqjK_yqjD_yqjC_predicted,0.16666666666666666,5,5,GTGTTAATTCGCGTAGACGT,0,5187226
yqjE_yqjK_yqjD_yqjC_predicted,0.16666666666666666,5,5,GTGTTAAGCATAGTGCTACG,0,5248347
yqjE_yqjK_yqjD_yqjC_predicted,0.16666666666666666,5,5,GTGTTAAAAACATATGTACA,0,5248991
yqjE_yqjK_yqjD_yqjC_predicted,0.16666666666666666,5,5,GTGTGTCTAGTGGGTTTACT,0,5246905
yqjE_yqjK_yqjD_yqjC_predicted,0.16666666666666666,5,5,GTGTGTATCTTCACGTCTGT,0,5215692
yqjE_yqjK_yqjD_yqjC_predicted,0.16666666666666666,5,5,GTGTGCCCCCCCATATTCAT,0,5253997
yqjE_yqjK_yqjD_yqjC_predicted,0.16666666666666666,5,5,GTGTCCAACCACATAGCCCA,0,5188826
yqjE_yqjK_yqjD_yqjC_predicted,0.16666666666666666,5,5,GTGTATTAGGATCCGATTGT,0,5250751
yqjE_yqjK_yqjD_yqjC_predicted,0.16666666666666666,5,5,GTGGGTGCTCAAACACCACC,0,5218048
yqjE_yqjK_yqjD_yqjC_predicted,0.16666666666666666,5,5,GTGGGAAGTAATTGCTAACA,0,5190223
yqjE_yqjK_yqjD_yqjC_predicted,0.16666666666666666,5,5,GTGGATAAAAGCAGGAGTTA,0,5213709
yqjE_yqjK_yqjD_yqjC_predicted,0.16666666666666666,5,5,GTGGAGTTGCCGTGGGAAGA,0,5241387
yqjE_yqjK_yqjD_yqjC_predicted,0.16666666666666666,5,5,GTGGACTTACTTTGATACTG,0,5201722
yqjE_yqjK_yqjD_yqjC_predicted,0.16666666666666666,5,5,GTGCTCATTGTAGGCTAGTA,0,5194370
yqjE_yqjK_yqjD_yqjC_predicted,0.16666666666666666,5,5,GTGCGCTGTTCTTATGGAGG,0,5187726
yqjE_yqjK_yqjD_yqjC_predicted,0.16666666666666666,5,5,GTGCAGAAATAACGGATTGC,0,5253166
yqjE_yqjK_yqjD_yqjC_predicted,0.16666666666666666,5,5,GTGCAAGTTCTGTACCAGTG,0,5232980
yqjE_yqjK_yqjD_yqjC_predicted,0.16666666666666666,5,5,GTGATCAAAGCTAACAGGGA,0,5224936
yqjE_yqjK_yqjD_yqjC_predicted,0.16666666666666666,5,5,GTGACCCGATAAACGTCTCT,0,5195560
yqjE_yqjK_yqjD_yqjC_predicted,0.16666666666666666,5,5,GTGAAATTGTATAAAACAAT,0,5221973
yqjE_yqjK_yqjD_yqjC_predicted,0.16666666666666666,5,5,GTGAAAAATAGGGTTTAGAA,0,5216593
yqjE_yqjK_yqjD_yqjC_predicted,0.16666666666666666,5,5,GTCTTTCGTTGCGGTGAAAG,0,5234537
yqjE_yqjK_yqjD_yqjC_predicted,0.16666666666666666,5,5,GTCTTGGTAAACGTTTTGTG,0,5194186
yqjE_yqjK_yqjD_yqjC_predicted,0.16666666666666666,5,5,GTCTTCGCTTTAGACTCCTC,0,5238537
yqjE_yqjK_yqjD_yqjC_predicted,0.16666666666666666,5,5,GTCTGTCAAGAAGGAGAGCA,0,5222460
yqjE_yqjK_yqjD_yqjC_predicted,0.16666666666666666,5,5,GTCTGAGGCATTAGACCACT,0,5214545
yqjE_yqjK_yqjD_yqjC_predicted,0.16666666666666666,5,5,GTCTCGAGCCTCAAATTTTG,0,5191223
yqjE_yqjK_yqjD_yqjC_predicted,0.16666666666666666,5,5,GTCTCACATCGTGCGCCGGC,0,5182820
yqjE_yqjK_yqjD_yqjC_predicted,0.16666666666666666,5,5,GTCTCAAAGGGACTACCCGC,0,5240354
yqjE_yqjK_yqjD_yqjC_predicted,0.16666666666666666,5,5,GTCTAGTACTGTATCTGAAC,0,5180787
yqjE_yqjK_yqjD_yqjC_predicted,0.16666666666666666,5,5,GTCGTGATAAGTCCTAAATT,0,5214524
yqjE_yqjK_yqjD_yqjC_predicted,0.16666666666666666,5,5,GTCGTAATCTGTCAGATGTT,0,5247944
yqjE_yqjK_yqjD_yqjC_predicted,0.16666666666666666,5,5,GTCGGGGTCCCCGCCTGTTT,0,5212247
yqjE_yqjK_yqjD_yqjC_predicted,0.16666666666666666,5,5,GTCGCTGTGACGGTGGAGTA,0,5254966
yqjE_yqjK_yqjD_yqjC_predicted,0.16666666666666666,5,5,GTCGCTGGCGAATCCAGGTG,0,5213920
yqjE_yqjK_yqjD_yqjC_predicted,0.16666666666666666,5,5,GTCGCGAGGTTCCGCGGGAT,0,5224804
yqjE_yqjK_yqjD_yqjC_predicted,0.16666666666666666,5,5,GTCGCACTGCTTGAATCGTA,0,5222243
yqjE_yqjK_yqjD_yqjC_predicted,0.16666666666666666,5,5,GTCGAGGATACTCGTCGGTA,0,5226430
yqjE_yqjK_yqjD_yqjC_predicted,0.16666666666666666,5,5,GTCCGTAACCCCATAGTGGA,0,5198587
yqjE_yqjK_yqjD_yqjC_predicted,0.16666666666666666,5,5,GTCCGCTCAACGAGTCGCTA,0,5171558
yqjE_yqjK_yqjD_yqjC_predicted,0.16666666666666666,5,5,GTCCGAAGCGGCATAACTAC,0,5246887
yqjE_yqjK_yqjD_yqjC_predicted,0.16666666666666666,5,5,GTCCCGTTTTCAGAACCCAC,0,5255824
yqjE_yqjK_yqjD_yqjC_predicted,0.16666666666666666,5,5,GTCCAAACGAGCGCGCTTAA,0,5203411
yqjE_yqjK_yqjD_yqjC_predicted,0.16666666666666666,5,5,GTCAGTTGGGAGACAATTGC,0,5254362
yqjE_yqjK_yqjD_yqjC_predicted,0.16666666666666666,5,5,GTATGGAGGAATTCTTAATT,0,5213299
yqjE_yqjK_yqjD_yqjC_predicted,0.16666666666666666,5,5,GTATCTCCAGAGCATTGGCC,0,5188384
yqjE_yqjK_yqjD_yqjC_predicted,0.16666666666666666,5,5,GTATCGGGCCGTGCTGCATG,0,5182825
yqjE_yqjK_yqjD_yqjC_predicted,0.16666666666666666,5,5,GTATCGGCCCTCGGTCGAGT,0,5247921
yqjE_yqjK_yqjD_yqjC_predicted,0.16666666666666666,5,5,GTATCCGCTCGACACGGCCT,0,5192441
yqjE_yqjK_yqjD_yqjC_predicted,0.16666666666666666,5,5,GTATCAGTATTATGACAATG,0,5217458
yqjE_yqjK_yqjD_yqjC_predicted,0.16666666666666666,5,5,GTATAGTACCGCTAATAAAG,0,5172829
yqjE_yqjK_yqjD_yqjC_predicted,0.16666666666666666,5,5,GTATACGCTGGAGACACGGG,0,5226294
yqjE_yqjK_yqjD_yqjC_predicted,0.16666666666666666,5,5,GTATAAGCATCATTCTAGCG,0,5208057
yqjE_yqjK_yqjD_yqjC_predicted,0.16666666666666666,5,5,GTAGTTACGTGGCAACAGTG,0,5224116
yqjE_yqjK_yqjD_yqjC_predicted,0.16666666666666666,5,5,GTAGCGCATTTGCCCCTTGT,0,5203919
yqjE_yqjK_yqjD_yqjC_predicted,0.16666666666666666,5,5,GTAGCGCATAAATCAGCCCA,0,5178770
yqjE_yqjK_yqjD_yqjC_predicted,0.16666666666666666,5,5,GTAGATATCCGGTGGGTTTT,0,5246860
yqjE_yqjK_yqjD_yqjC_predicted,0.16666666666666666,5,5,GTAGATATACTCAGTTGTAG,0,5213760
yqjE_yqjK_yqjD_yqjC_predicted,0.16666666666666666,5,5,GTACTCTTCCGGAGCATTGC,0,5258052
yqjE_yqjK_yqjD_yqjC_predicted,0.16666666666666666,5,5,GTACGTTCAGCCACGTTTGG,0,5246574
yqjE_yqjK_yqjD_yqjC_predicted,0.16666666666666666,5,5,GTACGTGCACCCCGGTATGT,0,5181248
yqjE_yqjK_yqjD_yqjC_predicted,0.16666666666666666,5,5,GTACGGGATGAACGCCTACA,0,5241386
yqjE_yqjK_yqjD_yqjC_predicted,0.16666666666666666,5,5,GTACCCGCTGCTAACATGAA,0,5170793
yqjE_yqjK_yqjD_yqjC_predicted,0.16666666666666666,5,5,GTACCAAATACATCTGCTAC,0,5227889
yqjE_yqjK_yqjD_yqjC_predicted,0.16666666666666666,5,5,GTACAGCGTCGCTTAAAGGA,0,5196275
yqjE_yqjK_yqjD_yqjC_predicted,0.16666666666666666,5,5,GTAATGATCTCGTTGGTAAC,0,5180574
yqjE_yqjK_yqjD_yqjC_predicted,0.16666666666666666,5,5,GTAAGTAGTGCTAGCTGGGA,0,5203842
yqjE_yqjK_yqjD_yqjC_predicted,0.16666666666666666,5,5,GTAAGGGTGAACCTAAGCAG,0,5180296
yqjE_yqjK_yqjD_yqjC_predicted,0.16666666666666666,5,5,GTAAGCTAAACATGGGTAAA,0,5206629
yqjE_yqjK_yqjD_yqjC_predicted,0.16666666666666666,5,5,GTAAGCCCGGTCATTCGGTT,0,5258435
yqjE_yqjK_yqjD_yqjC_predicted,0.16666666666666666,5,5,GTAACTTACAAGGATAGCGA,0,5259792
yqjE_yqjK_yqjD_yqjC_predicted,0.16666666666666666,5,5,GTAACGCGTTTGTGGCTTCG,0,5228136
yqjE_yqjK_yqjD_yqjC_predicted,0.16666666666666666,5,5,GTAAAAGGAGAATAGGCTGT,0,5171730
yqjE_yqjK_yqjD_yqjC_predicted,0.16666666666666666,5,5,GTAAAACCCGACGCTGGTTA,0,5189847
yqjE_yqjK_yqjD_yqjC_predicted,0.16666666666666666,5,5,GGTTCTCGAGTCGAGTTGGT,0,5195908
yqjE_yqjK_yqjD_yqjC_predicted,0.16666666666666666,5,5,GGTTCGTATTTCTAACGGGG,0,5213648
yqjE_yqjK_yqjD_yqjC_predicted,0.16666666666666666,5,5,GGTTCGGGCCGAGCTATCAA,0,5179899
yqjE_yqjK_yqjD_yqjC_predicted,0.16666666666666666,5,5,GGTTCCACGGTGGCTTTCGA,0,5202821
yqjE_yqjK_yqjD_yqjC_predicted,0.16666666666666666,5,5,GGTTCCAACCGGGGGGCTGA,0,5210998
yqjE_yqjK_yqjD_yqjC_predicted,0.16666666666666666,5,5,GGTTCATGCGTGGCATACCG,0,5212050
yqjE_yqjK_yqjD_yqjC_predicted,0.16666666666666666,5,5,GGTTAGTTCTGTCGTTTGGC,0,5227934
yqjE_yqjK_yqjD_yqjC_predicted,0.16666666666666666,5,5,GGTGGGGCAAAAACCCGAGG,0,5252459
yqjE_yqjK_yqjD_yqjC_predicted,0.16666666666666666,5,5,GGTGCACACCACTCCCGAGG,0,5214401
yqjE_yqjK_yqjD_yqjC_predicted,0.16666666666666666,5,5,GGTGAGCCTACAAACGCGGC,0,5223109
yqjE_yqjK_yqjD_yqjC_predicted,0.16666666666666666,5,5,GGTGAGCCCGAACTAATTAT,0,5219284
yqjE_yqjK_yqjD_yqjC_predicted,0.16666666666666666,5,5,GGTCTTTCGATCGTACGCAA,0,5178162
yqjE_yqjK_yqjD_yqjC_predicted,0.16666666666666666,5,5,GGTCTGGAGCGACTCAACGA,0,5203006
yqjE_yqjK_yqjD_yqjC_predicted,0.16666666666666666,5,5,GGTCGCTGCGTACCTCATCA,0,5260797
yqjE_yqjK_yqjD_yqjC_predicted,0.16666666666666666,5,5,GGTCGAAGACCGGCCGAATA,0,5207963
yqjE_yqjK_yqjD_yqjC_predicted,0.16666666666666666,5,5,GGTCCTAAAGCTGTATCGCA,0,5257029
yqjE_yqjK_yqjD_yqjC_predicted,0.16666666666666666,5,5,GGTCCGGTCACGCATTTCGT,0,5191639
yqjE_yqjK_yqjD_yqjC_predicted,0.16666666666666666,5,5,GGTCACCGACTAATGAGCCT,0,5202180
yqjE_yqjK_yqjD_yqjC_predicted,0.16666666666666666,5,5,GGTATCACGCGTGGTAAAAA,0,5247100
yqjE_yqjK_yqjD_yqjC_predicted,0.16666666666666666,5,5,GGTATAGCAATGGCTAAGCA,0,5262782
yqjE_yqjK_yqjD_yqjC_predicted,0.16666666666666666,5,5,GGTAGGTTGCTGGTCTAGGT,0,5236830
yqjE_yqjK_yqjD_yqjC_predicted,0.16666666666666666,5,5,GGTAGGTCCTTTTTCAATAA,0,5236267
yqjE_yqjK_yqjD_yqjC_predicted,0.16666666666666666,5,5,GGTAGGGTCTACACTTGAGT,0,5204012
yqjE_yqjK_yqjD_yqjC_predicted,0.16666666666666666,5,5,GGTAGGAAATAATAACGCGG,0,5245766
yqjE_yqjK_yqjD_yqjC_predicted,0.16666666666666666,5,5,GGTAATGTTGAGAACAGAGC,0,5192432
yqjE_yqjK_yqjD_yqjC_predicted,0.16666666666666666,5,5,GGTAAAGTTTACTTCTCGGT,0,5207723
yqjE_yqjK_yqjD_yqjC_predicted,0.16666666666666666,5,5,GGGTGCCAATAGTCCAACAC,0,5199125
yqjE_yqjK_yqjD_yqjC_predicted,0.16666666666666666,5,5,GGGTCGAGTGAGCAACGCTG,0,5229306
yqjE_yqjK_yqjD_yqjC_predicted,0.16666666666666666,5,5,GGGTCCTTGTAGAAAGCGCC,0,5192536
yqjE_yqjK_yqjD_yqjC_predicted,0.16666666666666666,5,5,GGGTCATCATTGGGGGCAAA,0,5254682
yqjE_yqjK_yqjD_yqjC_predicted,0.16666666666666666,5,5,GGGTCAGTCGTTCGAACATA,0,5214659
yqjE_yqjK_yqjD_yqjC_predicted,0.16666666666666666,5,5,GGGTATTCAACTCACTCTAG,0,5231944
yqjE_yqjK_yqjD_yqjC_predicted,0.16666666666666666,5,5,GGGTAACAAATAGACGTAAA,0,5241384
yqjE_yqjK_yqjD_yqjC_predicted,0.16666666666666666,5,5,GGGGTATCTCGAGTATATTG,0,5173479
yqjE_yqjK_yqjD_yqjC_predicted,0.16666666666666666,5,5,GGGGGTGGGCTGGAATAAGC,0,5219396
yqjE_yqjK_yqjD_yqjC_predicted,0.16666666666666666,5,5,GGGGATGTTGCTACTTGCGA,0,5191134
yqjE_yqjK_yqjD_yqjC_predicted,0.16666666666666666,5,5,GGGGATAAAGAAATTGCAGC,0,5183547
yqjE_yqjK_yqjD_yqjC_predicted,0.16666666666666666,5,5,GGGCTCGTGTTAAAGAAAGA,0,5203781
yqjE_yqjK_yqjD_yqjC_predicted,0.16666666666666666,5,5,GGGCTAGATCATCTATCTAT,0,5193510
yqjE_yqjK_yqjD_yqjC_predicted,0.16666666666666666,5,5,GGGCATCAGTATCCGGCTGT,0,5231525
yqjE_yqjK_yqjD_yqjC_predicted,0.16666666666666666,5,5,GGGCATCAAGAGGCTTAGTC,0,5221430
yqjE_yqjK_yqjD_yqjC_predicted,0.16666666666666666,5,5,GGGCAGCCGTTGGTGGAGTC,0,5203380
yqjE_yqjK_yqjD_yqjC_predicted,0.16666666666666666,5,5,GGGCAATTGGTCGGCTGCGA,0,5212948
yqjE_yqjK_yqjD_yqjC_predicted,0.16666666666666666,5,5,GGGCAACACACAGGTATTTC,0,5191030
yqjE_yqjK_yqjD_yqjC_predicted,0.16666666666666666,5,5,GGGAGTGCGCTGGTCCCCGG,0,5229314
yqjE_yqjK_yqjD_yqjC_predicted,0.16666666666666666,5,5,GGGAGGCGAACATTTGGCCC,0,5216868
yqjE_yqjK_yqjD_yqjC_predicted,0.16666666666666666,5,5,GGGACATTTAGGCGGGGTGA,0,5211880
yqjE_yqjK_yqjD_yqjC_predicted,0.16666666666666666,5,5,GGGACACGCCGGATAGTGTT,0,5194904
yqjE_yqjK_yqjD_yqjC_predicted,0.16666666666666666,5,5,GGGAACTTCCTCCGTTCGTC,0,5250260
yqjE_yqjK_yqjD_yqjC_predicted,0.16666666666666666,5,5,GGCTTGCGGATGGAAGATGA,0,5213738
yqjE_yqjK_yqjD_yqjC_predicted,0.16666666666666666,5,5,GGCTAATCTTCAAGATATGT,0,5198803
yqjE_yqjK_yqjD_yqjC_predicted,0.16666666666666666,5,5,GGCGGTGCCGATCCCAGAAA,0,5236798
yqjE_yqjK_yqjD_yqjC_predicted,0.16666666666666666,5,5,GGCGCCCTATACGCCGCGAC,0,5220046
yqjE_yqjK_yqjD_yqjC_predicted,0.16666666666666666,5,5,GGCGCAGTCGTAAATTTAGT,0,5198490
yqjE_yqjK_yqjD_yqjC_predicted,0.16666666666666666,5,5,GGCGACTTAGGAATTCACTC,0,5262558
yqjE_yqjK_yqjD_yqjC_predicted,0.16666666666666666,5,5,GGCGACGTTAACCAAAAGGA,0,5195761
yqjE_yqjK_yqjD_yqjC_predicted,0.16666666666666666,5,5,GGCCGGCGTGGCCATACAAC,0,5262640
yqjE_yqjK_yqjD_yqjC_predicted,0.16666666666666666,5,5,GGCCGGAGGCTACGCTGAAC,0,5191291
yqjE_yqjK_yqjD_yqjC_predicted,0.16666666666666666,5,5,GGCCGCTGGAAGGAAGAAGT,0,5224809
yqjE_yqjK_yqjD_yqjC_predicted,0.16666666666666666,5,5,GGCCAACCGCCCCAGCCTAC,0,5238224
yqjE_yqjK_yqjD_yqjC_predicted,0.16666666666666666,5,5,GGCATCTCACTCCGGAGAGA,0,5242854
yqjE_yqjK_yqjD_yqjC_predicted,0.16666666666666666,5,5,GGCATCGATGAACAGCGGTT,0,5222939
yqjE_yqjK_yqjD_yqjC_predicted,0.16666666666666666,5,5,GGCATCGAAGAGCAGTCTGT,0,5183780
yqjE_yqjK_yqjD_yqjC_predicted,0.16666666666666666,5,5,GGCAGATTGTGCAGGCATAT,0,5222761
yqjE_yqjK_yqjD_yqjC_predicted,0.16666666666666666,5,5,GGCAATTGGTTAGACGAACG,0,5220733
yqjE_yqjK_yqjD_yqjC_predicted,0.16666666666666666,5,5,GGCAATGAAACTATAAGGCA,0,5220764
yqjE_yqjK_yqjD_yqjC_predicted,0.16666666666666666,5,5,GGATCCGGGTGAAACTACCG,0,5253655
yqjE_yqjK_yqjD_yqjC_predicted,0.16666666666666666,5,5,GGATCACACTACGCATGTTA,0,5209794
yqjE_yqjK_yqjD_yqjC_predicted,0.16666666666666666,5,5,GGATATCGTCCTACGCCAGT,0,5171422
yqjE_yqjK_yqjD_yqjC_predicted,0.16666666666666666,5,5,GGATATCCTACAGCACGTAA,0,5172629
yqjE_yqjK_yqjD_yqjC_predicted,0.16666666666666666,5,5,GGATAACTTGTTGTCGATAG,0,5206106
yqjE_yqjK_yqjD_yqjC_predicted,0.16666666666666666,5,5,GGAGTGGCAAAATTCAGATT,0,5231537
yqjE_yqjK_yqjD_yqjC_predicted,0.16666666666666666,5,5,GGAGTCGGCGGCTCGCCTTT,0,5218527
yqjE_yqjK_yqjD_yqjC_predicted,0.16666666666666666,5,5,GGAGGTAAGTACGAGTAATT,0,5176798
yqjE_yqjK_yqjD_yqjC_predicted,0.16666666666666666,5,5,GGAGGGAATAATGATTTGGC,0,5239395
yqjE_yqjK_yqjD_yqjC_predicted,0.16666666666666666,5,5,GGAGCGGCTAAGTGTGGCCA,0,5212590
yqjE_yqjK_yqjD_yqjC_predicted,0.16666666666666666,5,5,GGAGCCGTCGAGCGAAGCCG,0,5198772
yqjE_yqjK_yqjD_yqjC_predicted,0.16666666666666666,5,5,GGAGCACTCCTCGAGGTTTC,0,5216243
yqjE_yqjK_yqjD_yqjC_predicted,0.16666666666666666,5,5,GGAGATGGCAGAGCAAGCTT,0,5236904
yqjE_yqjK_yqjD_yqjC_predicted,0.16666666666666666,5,5,GGACTTGTCGGTTCTAACCC,0,5229683
yqjE_yqjK_yqjD_yqjC_predicted,0.16666666666666666,5,5,GGACTCTGTTGGGCGGATAA,0,5259679
yqjE_yqjK_yqjD_yqjC_predicted,0.16666666666666666,5,5,GGACTAAGGAGGCATAAGAC,0,5221208
yqjE_yqjK_yqjD_yqjC_predicted,0.16666666666666666,5,5,GGACGTCTCGTATATTAGAA,0,5235797
yqjE_yqjK_yqjD_yqjC_predicted,0.16666666666666666,5,5,GGACGGCGCTACAACACTTA,0,5212807
yqjE_yqjK_yqjD_yqjC_predicted,0.16666666666666666,5,5,GGACGAGACATGTCACTTTC,0,5251573
yqjE_yqjK_yqjD_yqjC_predicted,0.16666666666666666,5,5,GGACCAGTTATGAAACTTAT,0,5197376
yqjE_yqjK_yqjD_yqjC_predicted,0.16666666666666666,5,5,GGACAGGGAGATGCTCAAGA,0,5245523
yqjE_yqjK_yqjD_yqjC_predicted,0.16666666666666666,5,5,GGACAGACCCCTAATTAACG,0,5180443
yqjE_yqjK_yqjD_yqjC_predicted,0.16666666666666666,5,5,GGACACGCTTATAGAAAGGT,0,5182247
yqjE_yqjK_yqjD_yqjC_predicted,0.16666666666666666,5,5,GGAAGTTAGTTGGAAGGCTC,0,5219707
yqjE_yqjK_yqjD_yqjC_predicted,0.16666666666666666,5,5,GGAACATGAGATTATACTCA,0,5210425
yqjE_yqjK_yqjD_yqjC_predicted,0.16666666666666666,5,5,GGAACAGTCGTTGGGATATT,0,5258467
yqjE_yqjK_yqjD_yqjC_predicted,0.16666666666666666,5,5,GGAAATAAGAAGAACTGACG,0,5227022
yqjE_yqjK_yqjD_yqjC_predicted,0.16666666666666666,5,5,GGAAAATTACGCACGATACT,0,5176243
yqjE_yqjK_yqjD_yqjC_predicted,0.16666666666666666,5,5,GCTTTTGCAAACGAATTACT,0,5218040
yqjE_yqjK_yqjD_yqjC_predicted,0.16666666666666666,5,5,GCTTGTAATAAAATTGGGAG,0,5262624
yqjE_yqjK_yqjD_yqjC_predicted,0.16666666666666666,5,5,GCTTCAAGGTGCAGTTTAGA,0,5216812
yqjE_yqjK_yqjD_yqjC_predicted,0.16666666666666666,5,5,GCTTAGCCAGGCGCGCATGC,0,5176682
yqjE_yqjK_yqjD_yqjC_predicted,0.16666666666666666,5,5,GCTTAACAACTTCTACGAAT,0,5214355
yqjE_yqjK_yqjD_yqjC_predicted,0.16666666666666666,5,5,GCTTAAAATTTTGCAAGGTT,0,5262030
yqjE_yqjK_yqjD_yqjC_predicted,0.16666666666666666,5,5,GCTGTGGGGGGTCGCAAGCA,0,5217763
yqjE_yqjK_yqjD_yqjC_predicted,0.16666666666666666,5,5,GCTGGGTTGCAGGACCCCAG,0,5229285
yqjE_yqjK_yqjD_yqjC_predicted,0.16666666666666666,5,5,GCTGCGTTCACCGATGCAGT,0,5207688
yqjE_yqjK_yqjD_yqjC_predicted,0.16666666666666666,5,5,GCTGCCTAATTGTTCCATTA,0,5256018
yqjE_yqjK_yqjD_yqjC_predicted,0.16666666666666666,5,5,GCTGAAGCTCCGCAGCTCGC,0,5204384
yqjE_yqjK_yqjD_yqjC_predicted,0.16666666666666666,5,5,GCTCGGTCAGCTACACTGGG,0,5217036
yqjE_yqjK_yqjD_yqjC_predicted,0.16666666666666666,5,5,GCTCGGCATCCATTCAACCA,0,5220246
yqjE_yqjK_yqjD_yqjC_predicted,0.16666666666666666,5,5,GCTCGGCAATGGGCCGAGGA,0,5215783
yqjE_yqjK_yqjD_yqjC_predicted,0.16666666666666666,5,5,GCTAAGACGATGGCGACATT,0,5180110
yqjE_yqjK_yqjD_yqjC_predicted,0.16666666666666666,5,5,GCTAAATTGGTGGGGAGGTT,0,5221218
yqjE_yqjK_yqjD_yqjC_predicted,0.16666666666666666,5,5,GCGTTGTGGCCTGACCGGGA,0,5260671
yqjE_yqjK_yqjD_yqjC_predicted,0.16666666666666666,5,5,GCGTTCCACCCCCGTTAGTC,0,5181012
yqjE_yqjK_yqjD_yqjC_predicted,0.16666666666666666,5,5,GCGTTACGCTCCGCCTTAGT,0,5229159
yqjE_yqjK_yqjD_yqjC_predicted,0.16666666666666666,5,5,GCGTGCAATACCCAACCACT,0,5225012
yqjE_yqjK_yqjD_yqjC_predicted,0.16666666666666666,5,5,GCGTCCCTTGAGGTTCGTAT,0,5196745
yqjE_yqjK_yqjD_yqjC_predicted,0.16666666666666666,5,5,GCGTATCCCAGGTAAGCATA,0,5199854
yqjE_yqjK_yqjD_yqjC_predicted,0.16666666666666666,5,5,GCGTAGGTGCGTAACGTCAT,0,5219502
yqjE_yqjK_yqjD_yqjC_predicted,0.16666666666666666,5,5,GCGGTATCGGGTGAATATCG,0,5218944
yqjE_yqjK_yqjD_yqjC_predicted,0.16666666666666666,5,5,GCGGCTCGCAGAGACTTTAA,0,5177846
yqjE_yqjK_yqjD_yqjC_predicted,0.16666666666666666,5,5,GCGGCCTTGGCGTATTACAC,0,5241675
yqjE_yqjK_yqjD_yqjC_predicted,0.16666666666666666,5,5,GCGGCCCCGGCGTACCCCGT,0,5257176
yqjE_yqjK_yqjD_yqjC_predicted,0.16666666666666666,5,5,GCGGATTGATTTAAAAGTTA,0,5229906
yqjE_yqjK_yqjD_yqjC_predicted,0.16666666666666666,5,5,GCGGAAAGTCACAAGTCCTT,0,5199684
yqjE_yqjK_yqjD_yqjC_predicted,0.16666666666666666,5,5,GCGCTTGCGCCTATTGCTTT,0,5175109
yqjE_yqjK_yqjD_yqjC_predicted,0.16666666666666666,5,5,GCGCGACGGTAATAGGGACT,0,5249654
yqjE_yqjK_yqjD_yqjC_predicted,0.16666666666666666,5,5,GCGCCGTTGCATGTCTGTGT,0,5196259
yqjE_yqjK_yqjD_yqjC_predicted,0.16666666666666666,5,5,GCGACCCACAATGCGGTCGG,0,5203395
yqjE_yqjK_yqjD_yqjC_predicted,0.16666666666666666,5,5,GCGAATCATCGTCTACGCTC,0,5194859
yqjE_yqjK_yqjD_yqjC_predicted,0.16666666666666666,5,5,GCGAAGAAATGATCGAGTTA,0,5218052
yqjE_yqjK_yqjD_yqjC_predicted,0.16666666666666666,5,5,GCGAACACCCGGACTGGTAT,0,5220256
yqjE_yqjK_yqjD_yqjC_predicted,0.16666666666666666,5,5,GCCTCGGCCTTCTGATATAT,0,5240844
yqjE_yqjK_yqjD_yqjC_predicted,0.16666666666666666,5,5,GCCTCCCTTTATTACAATCC,0,5204522
yqjE_yqjK_yqjD_yqjC_predicted,0.16666666666666666,5,5,GCCTATACTCCTCGATTAAG,0,5211180
yqjE_yqjK_yqjD_yqjC_predicted,0.16666666666666666,5,5,GCCTACTTCGCGCAATGCCA,0,5179768
yqjE_yqjK_yqjD_yqjC_predicted,0.16666666666666666,5,5,GCCTACGGATACGGTCTGCT,0,5238694
yqjE_yqjK_yqjD_yqjC_predicted,0.16666666666666666,5,5,GCCTACGCGGTAGTCGTTGC,0,5195566
yqjE_yqjK_yqjD_yqjC_predicted,0.16666666666666666,5,5,GCCGTTCAAGTCATATTGTG,0,5194199
yqjE_yqjK_yqjD_yqjC_predicted,0.16666666666666666,5,5,GCCGGCATGCGTACGGGAAA,0,5215042
yqjE_yqjK_yqjD_yqjC_predicted,0.16666666666666666,5,5,GCCGCTACCAAAGCGTTCGA,0,5201529
yqjE_yqjK_yqjD_yqjC_predicted,0.16666666666666666,5,5,GCCGCGGATGTATACGTCCA,0,5214033
yqjE_yqjK_yqjD_yqjC_predicted,0.16666666666666666,5,5,GCCGAGGGGTATTTCGGATG,0,5249448
yqjE_yqjK_yqjD_yqjC_predicted,0.16666666666666666,5,5,GCCCGTGTAACGATTCTGGG,0,5192944
yqjE_yqjK_yqjD_yqjC_predicted,0.16666666666666666,5,5,GCCCGGCCACCGGGGGACTG,0,5203894
yqjE_yqjK_yqjD_yqjC_predicted,0.16666666666666666,5,5,GCCCCCAAAGAAAAGATGAA,0,5193064
yqjE_yqjK_yqjD_yqjC_predicted,0.16666666666666666,5,5,GCCCAACATAAACCGTCAAA,0,5254380
yqjE_yqjK_yqjD_yqjC_predicted,0.16666666666666666,5,5,GCCAGTTCCCAGTCACGTCA,0,5224081
yqjE_yqjK_yqjD_yqjC_predicted,0.16666666666666666,5,5,GCCACGACACGACAATAACT,0,5192890
yqjE_yqjK_yqjD_yqjC_predicted,0.16666666666666666,5,5,GCCACCAGGGGCAGGAAAGA,0,5261932
yqjE_yqjK_yqjD_yqjC_predicted,0.16666666666666666,5,5,GCCACAAATCGAGCCCGCTT,0,5217636
yqjE_yqjK_yqjD_yqjC_predicted,0.16666666666666666,5,5,GCCAAGTGGAATAATAGCTA,0,5199748
yqjE_yqjK_yqjD_yqjC_predicted,0.16666666666666666,5,5,GCCAAACTGCTCACACTTAT,0,5194723
yqjE_yqjK_yqjD_yqjC_predicted,0.16666666666666666,5,5,GCATGTTAGTGTTATGAAAA,0,5172593
yqjE_yqjK_yqjD_yqjC_predicted,0.16666666666666666,5,5,GCATGGTTACTCCGCGTTAG,0,5223154
yqjE_yqjK_yqjD_yqjC_predicted,0.16666666666666666,5,5,GCATGCCCACCCTTGTTACC,0,5227355
yqjE_yqjK_yqjD_yqjC_predicted,0.16666666666666666,5,5,GCATCCTTAATAACCTTGTA,0,5253089
yqjE_yqjK_yqjD_yqjC_predicted,0.16666666666666666,5,5,GCAGTGTTTTTTAAGCGGTA,0,5191451
yqjE_yqjK_yqjD_yqjC_predicted,0.16666666666666666,5,5,GCAGTGGAACTGTGGCGCGG,0,5257986
yqjE_yqjK_yqjD_yqjC_predicted,0.16666666666666666,5,5,GCAGGTATGTAGATCTAATG,0,5188989
yqjE_yqjK_yqjD_yqjC_predicted,0.16666666666666666,5,5,GCAGGAGTACAGCGAAAAAG,0,5222452
yqjE_yqjK_yqjD_yqjC_predicted,0.16666666666666666,5,5,GCAGACTGGTATAACGTGAG,0,5171181
yqjE_yqjK_yqjD_yqjC_predicted,0.16666666666666666,5,5,GCACGGTTGAAGAGAATGAG,0,5248904
yqjE_yqjK_yqjD_yqjC_predicted,0.16666666666666666,5,5,GCACATCGACAACTTCTATA,0,5171226
yqjE_yqjK_yqjD_yqjC_predicted,0.16666666666666666,5,5,GCAATTGCTTTACCAAGTGA,0,5259423
yqjE_yqjK_yqjD_yqjC_predicted,0.16666666666666666,5,5,GCAATAGCAGGAGCCTTTAC,0,5175816
yqjE_yqjK_yqjD_yqjC_predicted,0.16666666666666666,5,5,GCAAGCACTTGAGGTGGTTA,0,5204440
yqjE_yqjK_yqjD_yqjC_predicted,0.16666666666666666,5,5,GCAACAATGGGACATGACCT,0,5202173
yqjE_yqjK_yqjD_yqjC_predicted,0.16666666666666666,5,5,GATTTTGTCCGCGTTCACTC,0,5214502
yqjE_yqjK_yqjD_yqjC_predicted,0.16666666666666666,5,5,GATTTTGGTTAGCGGCCAAT,0,5228400
yqjE_yqjK_yqjD_yqjC_predicted,0.16666666666666666,5,5,GATTGTTGGGCGCCGTGGTC,0,5184253
yqjE_yqjK_yqjD_yqjC_predicted,0.16666666666666666,5,5,GATTGAGTCGTAGACTATAC,0,5183976
yqjE_yqjK_yqjD_yqjC_predicted,0.16666666666666666,5,5,GATGTAGAATGCCTCTCCCC,0,5179861
yqjE_yqjK_yqjD_yqjC_predicted,0.16666666666666666,5,5,GATGGAGAGCGGACGTATAA,0,5248896
yqjE_yqjK_yqjD_yqjC_predicted,0.16666666666666666,5,5,GATGCGGATGAGAAGGGACA,0,5181021
yqjE_yqjK_yqjD_yqjC_predicted,0.16666666666666666,5,5,GATGCGACGTCTTCTTGTTA,0,5186971
yqjE_yqjK_yqjD_yqjC_predicted,0.16666666666666666,5,5,GATGCCCCCAGTGAATTGGT,0,5258662
yqjE_yqjK_yqjD_yqjC_predicted,0.16666666666666666,5,5,GATCCCTCGCGTGCTGTAGG,0,5240987
yqjE_yqjK_yqjD_yqjC_predicted,0.16666666666666666,5,5,GATCACAGCTATAATCGGGC,0,5247003
yqjE_yqjK_yqjD_yqjC_predicted,0.16666666666666666,5,5,GATATGAGTCTATAATCTGG,0,5191241
yqjE_yqjK_yqjD_yqjC_predicted,0.16666666666666666,5,5,GATATATTACGTTTCTCTAA,0,5200011
yqjE_yqjK_yqjD_yqjC_predicted,0.16666666666666666,5,5,GATATACTCGGCCTCGAATA,0,5194739
yqjE_yqjK_yqjD_yqjC_predicted,0.16666666666666666,5,5,GATAGTGGTGCAGGGTTGAG,0,5204580
yqjE_yqjK_yqjD_yqjC_predicted,0.16666666666666666,5,5,GATAACCCGTCCTTCAGATT,0,5177116
yqjE_yqjK_yqjD_yqjC_predicted,0.16666666666666666,5,5,GATAAAAAAGGGGCCACAAG,0,5205904
yqjE_yqjK_yqjD_yqjC_predicted,0.16666666666666666,5,5,GAGTCTATTTAAGCGTCCAA,0,5256475
yqjE_yqjK_yqjD_yqjC_predicted,0.16666666666666666,5,5,GAGTAGCTATTTACGGGGGA,0,5242561
yqjE_yqjK_yqjD_yqjC_predicted,0.16666666666666666,5,5,GAGGTGGTATCCCGGTGTGT,0,5262591
yqjE_yqjK_yqjD_yqjC_predicted,0.16666666666666666,5,5,GAGGGGCCGTGTGCTGTTCA,0,5261514
yqjE_yqjK_yqjD_yqjC_predicted,0.16666666666666666,5,5,GAGGCAGCCCCCCTAGCACT,0,5258101
yqjE_yqjK_yqjD_yqjC_predicted,0.16666666666666666,5,5,GAGGATGATTTGCTCACTGG,0,5204194
yqjE_yqjK_yqjD_yqjC_predicted,0.16666666666666666,5,5,GAGGATCGTCGCTCTATCGA,0,5200749
yqjE_yqjK_yqjD_yqjC_predicted,0.16666666666666666,5,5,GAGGAGCTTCAGTCGAGGCC,0,5225373
yqjE_yqjK_yqjD_yqjC_predicted,0.16666666666666666,5,5,GAGGACAGTCGCGATTATAA,0,5220639
yqjE_yqjK_yqjD_yqjC_predicted,0.16666666666666666,5,5,GAGCTAGACTCGTGCAACTC,0,5211308
yqjE_yqjK_yqjD_yqjC_predicted,0.16666666666666666,5,5,GAGCGACTCCATCCGTTCTA,0,5229291
yqjE_yqjK_yqjD_yqjC_predicted,0.16666666666666666,5,5,GAGCCATATACCGGCGCGCG,0,5179449
yqjE_yqjK_yqjD_yqjC_predicted,0.16666666666666666,5,5,GAGCCAGCACCCACCAAGAG,0,5202655
yqjE_yqjK_yqjD_yqjC_predicted,0.16666666666666666,5,5,GAGCACGTTTGCTCAGCGTT,0,5197351
yqjE_yqjK_yqjD_yqjC_predicted,0.16666666666666666,5,5,GAGCACAAACTCCTTACTAC,0,5173972
yqjE_yqjK_yqjD_yqjC_predicted,0.16666666666666666,5,5,GAGACCGTAGACTTTTTTCG,0,5183169
yqjE_yqjK_yqjD_yqjC_predicted,0.16666666666666666,5,5,GAGACAAGAGGTTTTTGGAT,0,5173018
yqjE_yqjK_yqjD_yqjC_predicted,0.16666666666666666,5,5,GACTTTCAGAGCGAATTCTA,0,5261621
yqjE_yqjK_yqjD_yqjC_predicted,0.16666666666666666,5,5,GACTGGCTAGTTGGGGCTAT,0,5239668
yqjE_yqjK_yqjD_yqjC_predicted,0.16666666666666666,5,5,GACGTGTCTTCGATGATCCA,0,5210834
yqjE_yqjK_yqjD_yqjC_predicted,0.16666666666666666,5,5,GACGTCCGGTGTTCTTGGTC,0,5222206
yqjE_yqjK_yqjD_yqjC_predicted,0.16666666666666666,5,5,GACGGTACGCGGCATCTTTG,0,5219743
yqjE_yqjK_yqjD_yqjC_predicted,0.16666666666666666,5,5,GACGGCCAATTGATCCCGTC,0,5172191
yqjE_yqjK_yqjD_yqjC_predicted,0.16666666666666666,5,5,GACGAACGCATAACTCAATA,0,5175570
yqjE_yqjK_yqjD_yqjC_predicted,0.16666666666666666,5,5,GACCGGCCGGACTGTGCATA,0,5232265
yqjE_yqjK_yqjD_yqjC_predicted,0.16666666666666666,5,5,GACCCAAGCAGCATTGCCAA,0,5202374
yqjE_yqjK_yqjD_yqjC_predicted,0.16666666666666666,5,5,GACCATACTATAGACATTGA,0,5172818
yqjE_yqjK_yqjD_yqjC_predicted,0.16666666666666666,5,5,GACCAGTTAGCATCGCTCTC,0,5209573
yqjE_yqjK_yqjD_yqjC_predicted,0.16666666666666666,5,5,GACATTCGTGCACACCACTC,0,5205791
yqjE_yqjK_yqjD_yqjC_predicted,0.16666666666666666,5,5,GACATTCCAATCTCATCGGG,0,5250660
yqjE_yqjK_yqjD_yqjC_predicted,0.16666666666666666,5,5,GACATCTTTAGTTGCTCAGT,0,5236692
yqjE_yqjK_yqjD_yqjC_predicted,0.16666666666666666,5,5,GACATATATCAGAGCAGGCT,0,5250742
yqjE_yqjK_yqjD_yqjC_predicted,0.16666666666666666,5,5,GACAGGTGCCCCGGTCCAGA,0,5181815
yqjE_yqjK_yqjD_yqjC_predicted,0.16666666666666666,5,5,GACACTGAGTAGGGAATGTT,0,5239546
yqjE_yqjK_yqjD_yqjC_predicted,0.16666666666666666,5,5,GACAACCAGACCCGCCAGTT,0,5220906
yqjE_yqjK_yqjD_yqjC_predicted,0.16666666666666666,5,5,GAATAGCGCACGACATCGAA,0,5186234
yqjE_yqjK_yqjD_yqjC_predicted,0.16666666666666666,5,5,GAATACCTATCCCAGTTTAC,0,5259769
yqjE_yqjK_yqjD_yqjC_predicted,0.16666666666666666,5,5,GAAGTAGGCGAGTAGTGAAG,0,5201188
yqjE_yqjK_yqjD_yqjC_predicted,0.16666666666666666,5,5,GAAGGGTCGGTCGTCCCATT,0,5188021
yqjE_yqjK_yqjD_yqjC_predicted,0.16666666666666666,5,5,GAAGGCTGGGGCTGTAGAAG,0,5182715
yqjE_yqjK_yqjD_yqjC_predicted,0.16666666666666666,5,5,GAAGCGCCTGGTCACCAGGC,0,5172427
yqjE_yqjK_yqjD_yqjC_predicted,0.16666666666666666,5,5,GAAGAAGCGAGAGACCCGGC,0,5231360
yqjE_yqjK_yqjD_yqjC_predicted,0.16666666666666666,5,5,GAACTGATAGTATACGCGGC,0,5211704
yqjE_yqjK_yqjD_yqjC_predicted,0.16666666666666666,5,5,GAACCTCTACGAAGGAGATC,0,5208897
yqjE_yqjK_yqjD_yqjC_predicted,0.16666666666666666,5,5,GAACCTCAAGCAATCGGGTT,0,5221967
yqjE_yqjK_yqjD_yqjC_predicted,0.16666666666666666,5,5,GAACATGTTACCCGGAACAT,0,5196915
yqjE_yqjK_yqjD_yqjC_predicted,0.16666666666666666,5,5,GAAAGCTGTTGGGGGTCAAT,0,5223781
yqjE_yqjK_yqjD_yqjC_predicted,0.16666666666666666,5,5,GAAACTTTCATCTCGTAAAA,0,5250813
yqjE_yqjK_yqjD_yqjC_predicted,0.16666666666666666,5,5,CTTTTCTTATACTATTAGAC,0,5172804
yqjE_yqjK_yqjD_yqjC_predicted,0.16666666666666666,5,5,CTTTGCGTTACCCCGGTGAT,0,5192629
yqjE_yqjK_yqjD_yqjC_predicted,0.16666666666666666,5,5,CTTTGAGGCCTGATCATGCA,0,5249994
yqjE_yqjK_yqjD_yqjC_predicted,0.16666666666666666,5,5,CTTTCTACTTATATGGGAGT,0,5191884
yqjE_yqjK_yqjD_yqjC_predicted,0.16666666666666666,5,5,CTTTCGAAAATGAAGAGATA,0,5213426
yqjE_yqjK_yqjD_yqjC_predicted,0.16666666666666666,5,5,CTTGTTTCAATATGTAGAAG,0,5258544
yqjE_yqjK_yqjD_yqjC_predicted,0.16666666666666666,5,5,CTTGTGACTTGTTTGTAGTA,0,5223635
yqjE_yqjK_yqjD_yqjC_predicted,0.16666666666666666,5,5,CTTGGTCGGCGTCGCGTGCG,0,5177348
yqjE_yqjK_yqjD_yqjC_predicted,0.16666666666666666,5,5,CTTGGGGCATGCCATCCCGT,0,5211829
yqjE_yqjK_yqjD_yqjC_predicted,0.16666666666666666,5,5,CTTGGGCGATTTCTTGCTCA,0,5174684
yqjE_yqjK_yqjD_yqjC_predicted,0.16666666666666666,5,5,CTTGAGGTAAGTGTACGCTC,0,5242843
yqjE_yqjK_yqjD_yqjC_predicted,0.16666666666666666,5,5,CTTGAGGAATTTGTTTGCCC,0,5229592
yqjE_yqjK_yqjD_yqjC_predicted,0.16666666666666666,5,5,CTTGACGGAGTTACCGCGCG,0,5229009
yqjE_yqjK_yqjD_yqjC_predicted,0.16666666666666666,5,5,CTTCTGGCGTCACATCAGAC,0,5194565
yqjE_yqjK_yqjD_yqjC_predicted,0.16666666666666666,5,5,CTTCGCTCCTGTCTCAACCG,0,5224826
yqjE_yqjK_yqjD_yqjC_predicted,0.16666666666666666,5,5,CTTCGCAGTACTTGGCTCGC,0,5189713
yqjE_yqjK_yqjD_yqjC_predicted,0.16666666666666666,5,5,CTTCCTGATCGGTTGCATGC,0,5235337
yqjE_yqjK_yqjD_yqjC_predicted,0.16666666666666666,5,5,CTTCCCGGCCCAAATGCACT,0,5219602
yqjE_yqjK_yqjD_yqjC_predicted,0.16666666666666666,5,5,CTTCATCAAACGCTCTATTA,0,5237682
yqjE_yqjK_yqjD_yqjC_predicted,0.16666666666666666,5,5,CTTCAATACCGGCTAGGGTT,0,5199908
yqjE_yqjK_yqjD_yqjC_predicted,0.16666666666666666,5,5,CTTATTTTATTAGCTCGAAT,0,5203873
yqjE_yqjK_yqjD_yqjC_predicted,0.16666666666666666,5,5,CTTATTAATGAATCGGGTGT,0,5172576
yqjE_yqjK_yqjD_yqjC_predicted,0.16666666666666666,5,5,CTTATCCCGAAGGCATGTGT,0,5237372
yqjE_yqjK_yqjD_yqjC_predicted,0.16666666666666666,5,5,CTTATAGAGCATCCTTACGT,0,5246148
yqjE_yqjK_yqjD_yqjC_predicted,0.16666666666666666,5,5,CTTAATCGGGGAACCGAAGG,0,5198777
yqjE_yqjK_yqjD_yqjC_predicted,0.16666666666666666,5,5,CTTAAGGTACAACTGTACGG,0,5236993
yqjE_yqjK_yqjD_yqjC_predicted,0.16666666666666666,5,5,CTTAACTGTCCAAAGCATGA,0,5249790
yqjE_yqjK_yqjD_yqjC_predicted,0.16666666666666666,5,5,CTGTTTCGAATACGTACCGA,0,5195862
yqjE_yqjK_yqjD_yqjC_predicted,0.16666666666666666,5,5,CTGTTGAAGTCAACACTTTG,0,5257616
yqjE_yqjK_yqjD_yqjC_predicted,0.16666666666666666,5,5,CTGTGTCTCACGGGGCGCCC,0,5255676
yqjE_yqjK_yqjD_yqjC_predicted,0.16666666666666666,5,5,CTGTGGAAAGGCCAAAGTTG,0,5197072
yqjE_yqjK_yqjD_yqjC_predicted,0.16666666666666666,5,5,CTGTGCGCATAAGTCGAGAT,0,5259822
yqjE_yqjK_yqjD_yqjC_predicted,0.16666666666666666,5,5,CTGTGAAGAACGACGATATG,0,5229643
yqjE_yqjK_yqjD_yqjC_predicted,0.16666666666666666,5,5,CTGTCTATTGGATGAATCAC,0,5233345
yqjE_yqjK_yqjD_yqjC_predicted,0.16666666666666666,5,5,CTGTCGTAAAGGTTCTTACA,0,5171049
yqjE_yqjK_yqjD_yqjC_predicted,0.16666666666666666,5,5,CTGTAGCGGATGGGTTCCGT,0,5260381
yqjE_yqjK_yqjD_yqjC_predicted,0.16666666666666666,5,5,CTGGTTTATAATGAGTTGGA,0,5225906
yqjE_yqjK_yqjD_yqjC_predicted,0.16666666666666666,5,5,CTGGTTCAGGCTGCGATCAT,0,5222693
yqjE_yqjK_yqjD_yqjC_predicted,0.16666666666666666,5,5,CTGGTGTCTCGAAGTAAAAT,0,5221764
yqjE_yqjK_yqjD_yqjC_predicted,0.16666666666666666,5,5,CTGGTCGTCTTATTGAGGTC,0,5218436
yqjE_yqjK_yqjD_yqjC_predicted,0.16666666666666666,5,5,CTGGCCTTTGGCTGTTCGTG,0,5227512
yqjE_yqjK_yqjD_yqjC_predicted,0.16666666666666666,5,5,CTGGCCGCAGGCACCAGTCT,0,5205230
yqjE_yqjK_yqjD_yqjC_predicted,0.16666666666666666,5,5,CTGCCCTTCCTGCCAACAGA,0,5193698
yqjE_yqjK_yqjD_yqjC_predicted,0.16666666666666666,5,5,CTGCCCCCCTACCATATTCG,0,5225990
yqjE_yqjK_yqjD_yqjC_predicted,0.16666666666666666,5,5,CTGCACAGAGACGATGGGCA,0,5210847
yqjE_yqjK_yqjD_yqjC_predicted,0.16666666666666666,5,5,CTGATTACAAGTCTACGATG,0,5248164
yqjE_yqjK_yqjD_yqjC_predicted,0.16666666666666666,5,5,CTGACAAATCGTTGTCGGAT,0,5237680
yqjE_yqjK_yqjD_yqjC_predicted,0.16666666666666666,5,5,CTGAAGTCTGATCACGCAAA,0,5192161
yqjE_yqjK_yqjD_yqjC_predicted,0.16666666666666666,5,5,CTGAAACTGCGGTAATCCAC,0,5223150
yqjE_yqjK_yqjD_yqjC_predicted,0.16666666666666666,5,5,CTGAAAATGCGTCCCAATCT,0,5231546
yqjE_yqjK_yqjD_yqjC_predicted,0.16666666666666666,5,5,CTCTTTTAATAACAGTTTCT,0,5232320
yqjE_yqjK_yqjD_yqjC_predicted,0.16666666666666666,5,5,CTCTTCTTCGTAAAGCTCTT,0,5187459
yqjE_yqjK_yqjD_yqjC_predicted,0.16666666666666666,5,5,CTCTCAGGACGGCCAGTTCG,0,5175714
yqjE_yqjK_yqjD_yqjC_predicted,0.16666666666666666,5,5,CTCGTTGGATTTAAATCAGG,0,5254560
yqjE_yqjK_yqjD_yqjC_predicted,0.16666666666666666,5,5,CTCGTGTTTCATCTGGTCAT,0,5241294
yqjE_yqjK_yqjD_yqjC_predicted,0.16666666666666666,5,5,CTCGTGACAACGGGTGACTG,0,5175551
yqjE_yqjK_yqjD_yqjC_predicted,0.16666666666666666,5,5,CTCGGTTGGTTCATATATTG,0,5236116
yqjE_yqjK_yqjD_yqjC_predicted,0.16666666666666666,5,5,CTCCCTTACAAGAAGTATGA,0,5236241
yqjE_yqjK_yqjD_yqjC_predicted,0.16666666666666666,5,5,CTCCAGTCGCGCCCCATGGT,0,5201167
yqjE_yqjK_yqjD_yqjC_predicted,0.16666666666666666,5,5,CTCCAATCCACCGGTGTGAC,0,5209290
yqjE_yqjK_yqjD_yqjC_predicted,0.16666666666666666,5,5,CTCAGGAGGTTAAATCTAGT,0,5181014
yqjE_yqjK_yqjD_yqjC_predicted,0.16666666666666666,5,5,CTCACTAGCTCCAGGAAATG,0,5204341
yqjE_yqjK_yqjD_yqjC_predicted,0.16666666666666666,5,5,CTCACGTCTGGAAGTGCGTT,0,5205953
yqjE_yqjK_yqjD_yqjC_predicted,0.16666666666666666,5,5,CTCACCGCGCATCTCCCATT,0,5203759
yqjE_yqjK_yqjD_yqjC_predicted,0.16666666666666666,5,5,CTCAATCAAGGGCCTAACTG,0,5244629
yqjE_yqjK_yqjD_yqjC_predicted,0.16666666666666666,5,5,CTCAATAGGACTTCTGTGGG,0,5215940
yqjE_yqjK_yqjD_yqjC_predicted,0.16666666666666666,5,5,CTATCCGTCAGAGTTGATAG,0,5221467
yqjE_yqjK_yqjD_yqjC_predicted,0.16666666666666666,5,5,CTATAGTCTAGGTACCATCC,0,5217548
yqjE_yqjK_yqjD_yqjC_predicted,0.16666666666666666,5,5,CTATAGGTGGGTACTATCTT,0,5256696
yqjE_yqjK_yqjD_yqjC_predicted,0.16666666666666666,5,5,CTAGTTGCAATGTCATTTAC,0,5248727
yqjE_yqjK_yqjD_yqjC_predicted,0.16666666666666666,5,5,CTAGTATTTTAGTACTAGGG,0,5183244
yqjE_yqjK_yqjD_yqjC_predicted,0.16666666666666666,5,5,CTAGGCTCCTCATAGCGGAT,0,5244179
yqjE_yqjK_yqjD_yqjC_predicted,0.16666666666666666,5,5,CTAGCACCGAGATAGCTACA,0,5214330
yqjE_yqjK_yqjD_yqjC_predicted,0.16666666666666666,5,5,CTACTTTACTCCTCTTTTTC,0,5196325
yqjE_yqjK_yqjD_yqjC_predicted,0.16666666666666666,5,5,CTACTCGTTCCGCTGCCCAA,0,5231779
yqjE_yqjK_yqjD_yqjC_predicted,0.16666666666666666,5,5,CTACGGATAAAGGGTGAACC,0,5251671
yqjE_yqjK_yqjD_yqjC_predicted,0.16666666666666666,5,5,CTACCGTATCGGAAAGCCGA,0,5183536
yqjE_yqjK_yqjD_yqjC_predicted,0.16666666666666666,5,5,CTACCGCTTCAGCTGGCAGC,0,5192177
yqjE_yqjK_yqjD_yqjC_predicted,0.16666666666666666,5,5,CTACCACGATACCCGGCGAA,0,5235045
yqjE_yqjK_yqjD_yqjC_predicted,0.16666666666666666,5,5,CTACAAGGACACCCCAAAAA,0,5179577
yqjE_yqjK_yqjD_yqjC_predicted,0.16666666666666666,5,5,CTAAGCTGACATTTGGGCTG,0,5262411
yqjE_yqjK_yqjD_yqjC_predicted,0.16666666666666666,5,5,CTAAGCAGTATAACCATTGA,0,5200500
yqjE_yqjK_yqjD_yqjC_predicted,0.16666666666666666,5,5,CTAACTATAGGTAGAGATTC,0,5242987
yqjE_yqjK_yqjD_yqjC_predicted,0.16666666666666666,5,5,CGTTTTAAAAGTTAAATGCT,0,5207796
yqjE_yqjK_yqjD_yqjC_predicted,0.16666666666666666,5,5,CGTTTACCGCAAAATAGGCC,0,5183099
yqjE_yqjK_yqjD_yqjC_predicted,0.16666666666666666,5,5,CGTTGTGTCGGAAGCCGTGA,0,5200159
yqjE_yqjK_yqjD_yqjC_predicted,0.16666666666666666,5,5,CGTTGGGTTGTGGGAGGTGT,0,5210953
yqjE_yqjK_yqjD_yqjC_predicted,0.16666666666666666,5,5,CGTTAATCGTAGAAAGTATT,0,5239558
yqjE_yqjK_yqjD_yqjC_predicted,0.16666666666666666,5,5,CGTGTGCTACGAATCAACGG,0,5173528
yqjE_yqjK_yqjD_yqjC_predicted,0.16666666666666666,5,5,CGTGTAAGCTTTCGATTCAT,0,5249558
yqjE_yqjK_yqjD_yqjC_predicted,0.16666666666666666,5,5,CGTGGCTTAACGTCGGCGGT,0,5174198
yqjE_yqjK_yqjD_yqjC_predicted,0.16666666666666666,5,5,CGTGGCGTCTTGTACTCCGT,0,5236921
yqjE_yqjK_yqjD_yqjC_predicted,0.16666666666666666,5,5,CGTGAGGGAGCACTAACACT,0,5253429
yqjE_yqjK_yqjD_yqjC_predicted,0.16666666666666666,5,5,CGTCTGTCTGTCTTGGTCTT,0,5224428
yqjE_yqjK_yqjD_yqjC_predicted,0.16666666666666666,5,5,CGTCTCTGGGAGGTGATGGA,0,5253009
yqjE_yqjK_yqjD_yqjC_predicted,0.16666666666666666,5,5,CGTCGGCCACACGAAGACAG,0,5189230
yqjE_yqjK_yqjD_yqjC_predicted,0.16666666666666666,5,5,CGTCGCGCAATGTCAAGTCA,0,5192100
yqjE_yqjK_yqjD_yqjC_predicted,0.16666666666666666,5,5,CGTCCTAAGACCGGCGGCGA,0,5207827
yqjE_yqjK_yqjD_yqjC_predicted,0.16666666666666666,5,5,CGTCCATTCAGGAAGGACTG,0,5217478
yqjE_yqjK_yqjD_yqjC_predicted,0.16666666666666666,5,5,CGTCCACGGTTCGTGCGAAC,0,5257290
yqjE_yqjK_yqjD_yqjC_predicted,0.16666666666666666,5,5,CGTATCCTTTACGGGCCGGA,0,5200775
yqjE_yqjK_yqjD_yqjC_predicted,0.16666666666666666,5,5,CGTATCCCCGGGGGGAGTAT,0,5255870
yqjE_yqjK_yqjD_yqjC_predicted,0.16666666666666666,5,5,CGTATACACTCTCTGAGTGT,0,5176905
yqjE_yqjK_yqjD_yqjC_predicted,0.16666666666666666,5,5,CGTAGTCTTGCACGGAAGAA,0,5204162
yqjE_yqjK_yqjD_yqjC_predicted,0.16666666666666666,5,5,CGTAGGGACTCGCGGTGACG,0,5182056
yqjE_yqjK_yqjD_yqjC_predicted,0.16666666666666666,5,5,CGTACGGTCTCCACCATACA,0,5212173
yqjE_yqjK_yqjD_yqjC_predicted,0.16666666666666666,5,5,CGTAAAAATACACCTCGGTA,0,5246346
yqjE_yqjK_yqjD_yqjC_predicted,0.16666666666666666,5,5,CGGTTTGGTCGTACAACTGA,0,5196193
yqjE_yqjK_yqjD_yqjC_predicted,0.16666666666666666,5,5,CGGTTGGCACGAGTTATTGT,0,5235193
yqjE_yqjK_yqjD_yqjC_predicted,0.16666666666666666,5,5,CGGTGGAAATCCCGGCTACG,0,5177847
yqjE_yqjK_yqjD_yqjC_predicted,0.16666666666666666,5,5,CGGTGAGAGATGATGACGAC,0,5184061
yqjE_yqjK_yqjD_yqjC_predicted,0.16666666666666666,5,5,CGGTCCTCACATAGCGTTAA,0,5209296
yqjE_yqjK_yqjD_yqjC_predicted,0.16666666666666666,5,5,CGGTCAGCCCCAAGCTTATT,0,5203350
yqjE_yqjK_yqjD_yqjC_predicted,0.16666666666666666,5,5,CGGTCACCTAGAAGCGTACA,0,5205947
yqjE_yqjK_yqjD_yqjC_predicted,0.16666666666666666,5,5,CGGTATATAATGGGCACCGT,0,5244965
yqjE_yqjK_yqjD_yqjC_predicted,0.16666666666666666,5,5,CGGTAGACGTTGCCTCGCTG,0,5214400
yqjE_yqjK_yqjD_yqjC_predicted,0.16666666666666666,5,5,CGGTACGTCGTGTTGTCGTT,0,5170943
yqjE_yqjK_yqjD_yqjC_predicted,0.16666666666666666,5,5,CGGTAAACGCCGTCAGTTTG,0,5183767
yqjE_yqjK_yqjD_yqjC_predicted,0.16666666666666666,5,5,CGGGTTGCGGCCGACCAAGC,0,5194189
yqjE_yqjK_yqjD_yqjC_predicted,0.16666666666666666,5,5,CGGGTTCTTCGACCGCTTTG,0,5175939
yqjE_yqjK_yqjD_yqjC_predicted,0.16666666666666666,5,5,CGGGTAGAACCTTAATTGAA,0,5214054
yqjE_yqjK_yqjD_yqjC_predicted,0.16666666666666666,5,5,CGGGGTCACGGATCCAACAT,0,5193623
yqjE_yqjK_yqjD_yqjC_predicted,0.16666666666666666,5,5,CGGGGCACGCTGCAGTGTAC,0,5222895
yqjE_yqjK_yqjD_yqjC_predicted,0.16666666666666666,5,5,CGGGCTTGGATTCATCACAG,0,5219230
yqjE_yqjK_yqjD_yqjC_predicted,0.16666666666666666,5,5,CGGGCGCGCGTGGTGACTGG,0,5218105
yqjE_yqjK_yqjD_yqjC_predicted,0.16666666666666666,5,5,CGGGCGATTTCGGCTCTCGG,0,5229118
yqjE_yqjK_yqjD_yqjC_predicted,0.16666666666666666,5,5,CGGGATTTAGAAGGATTTTC,0,5247997
yqjE_yqjK_yqjD_yqjC_predicted,0.16666666666666666,5,5,CGGGAGGATTTCTACCGATG,0,5209761
yqjE_yqjK_yqjD_yqjC_predicted,0.16666666666666666,5,5,CGGCGATAGGATCGCTGAGA,0,5201400
yqjE_yqjK_yqjD_yqjC_predicted,0.16666666666666666,5,5,CGGATTTATGCAGGATTAAA,0,5222264
yqjE_yqjK_yqjD_yqjC_predicted,0.16666666666666666,5,5,CGGATTATGCTGGATGCGAT,0,5230659
yqjE_yqjK_yqjD_yqjC_predicted,0.16666666666666666,5,5,CGGATAACGTGACTTGCCCT,0,5255097
yqjE_yqjK_yqjD_yqjC_predicted,0.16666666666666666,5,5,CGGACGCGTTCTAAATCATC,0,5201611
yqjE_yqjK_yqjD_yqjC_predicted,0.16666666666666666,5,5,CGGACGAACGGGGAGAGTCG,0,5209971
yqjE_yqjK_yqjD_yqjC_predicted,0.16666666666666666,5,5,CGCTTCGCCGCCTCCGATCC,0,5173302
yqjE_yqjK_yqjD_yqjC_predicted,0.16666666666666666,5,5,CGCTTAACGACACTAGAGGT,0,5237943
yqjE_yqjK_yqjD_yqjC_predicted,0.16666666666666666,5,5,CGCTGCTTGCCGTTGAGATT,0,5203111
yqjE_yqjK_yqjD_yqjC_predicted,0.16666666666666666,5,5,CGCGGTCGCTATGGGTAGAC,0,5197723
yqjE_yqjK_yqjD_yqjC_predicted,0.16666666666666666,5,5,CGCGGTCAATAAGCGCTAGC,0,5175866
yqjE_yqjK_yqjD_yqjC_predicted,0.16666666666666666,5,5,CGCGGACTCTACAGGGGCTC,0,5234635
yqjE_yqjK_yqjD_yqjC_predicted,0.16666666666666666,5,5,CGCGCATGACGGGAGATAGA,0,5210310
yqjE_yqjK_yqjD_yqjC_predicted,0.16666666666666666,5,5,CGCGCAACCCCGTTTAAGGC,0,5258781
yqjE_yqjK_yqjD_yqjC_predicted,0.16666666666666666,5,5,CGCCGTAGCTTTCAGCGTAA,0,5244992
yqjE_yqjK_yqjD_yqjC_predicted,0.16666666666666666,5,5,CGCCGATTCCCGGTCTTCAG,0,5204227
yqjE_yqjK_yqjD_yqjC_predicted,0.16666666666666666,5,5,CGCCAGCTTGTGGTTAAAGG,0,5256140
yqjE_yqjK_yqjD_yqjC_predicted,0.16666666666666666,5,5,CGCCACCGAGTGTCTTCTAT,0,5186405
yqjE_yqjK_yqjD_yqjC_predicted,0.16666666666666666,5,5,CGCACCACGTCTTAAATACG,0,5235412
yqjE_yqjK_yqjD_yqjC_predicted,0.16666666666666666,5,5,CGCACACCAAAGAGAGATAT,0,5215507
yqjE_yqjK_yqjD_yqjC_predicted,0.16666666666666666,5,5,CGCAATTGACCATAAAATTA,0,5242848
yqjE_yqjK_yqjD_yqjC_predicted,0.16666666666666666,5,5,CGCAATTCCATATGGCGGGA,0,5231549
yqjE_yqjK_yqjD_yqjC_predicted,0.16666666666666666,5,5,CGCAATAGTCCGATATATGA,0,5231606
yqjE_yqjK_yqjD_yqjC_predicted,0.16666666666666666,5,5,CGCAAGGCCGAAGCACACGT,0,5217857
yqjE_yqjK_yqjD_yqjC_predicted,0.16666666666666666,5,5,CGCAACGCCGGTCACAAGTT,0,5221233
yqjE_yqjK_yqjD_yqjC_predicted,0.16666666666666666,5,5,CGCAAACCCGTGGTAGCACG,0,5258690
yqjE_yqjK_yqjD_yqjC_predicted,0.16666666666666666,5,5,CGATTTTCATGGGCATTGCG,0,5258384
yqjE_yqjK_yqjD_yqjC_predicted,0.16666666666666666,5,5,CGATTATTTAAACCATTGCT,0,5173526
yqjE_yqjK_yqjD_yqjC_predicted,0.16666666666666666,5,5,CGATTAGAGTTCTAATTGCG,0,5182956
yqjE_yqjK_yqjD_yqjC_predicted,0.16666666666666666,5,5,CGAGGTTGAGATTGCTACGT,0,5184200
yqjE_yqjK_yqjD_yqjC_predicted,0.16666666666666666,5,5,CGAGGATTGTAAATATGATA,0,5196178
yqjE_yqjK_yqjD_yqjC_predicted,0.16666666666666666,5,5,CGAGGAAACAGGGGAGCGTG,0,5220785
yqjE_yqjK_yqjD_yqjC_predicted,0.16666666666666666,5,5,CGAGCTCGTTAGCAAAGGGT,0,5216673
yqjE_yqjK_yqjD_yqjC_predicted,0.16666666666666666,5,5,CGACTTATACTTCAATAGCG,0,5225830
yqjE_yqjK_yqjD_yqjC_predicted,0.16666666666666666,5,5,CGACTGCTAGATCTTGCGAT,0,5182845
yqjE_yqjK_yqjD_yqjC_predicted,0.16666666666666666,5,5,CGACTAACCCAACAGTGAGG,0,5223565
yqjE_yqjK_yqjD_yqjC_predicted,0.16666666666666666,5,5,CGACAGATCGCCAGCTGGTG,0,5226595
yqjE_yqjK_yqjD_yqjC_predicted,0.16666666666666666,5,5,CGAATTTGCAATAAAGTAGA,0,5178243
yqjE_yqjK_yqjD_yqjC_predicted,0.16666666666666666,5,5,CGAATGCCCGAAGTGGCTTC,0,5201396
yqjE_yqjK_yqjD_yqjC_predicted,0.16666666666666666,5,5,CGAAGGGAGGCAACCTTCAG,0,5228180
yqjE_yqjK_yqjD_yqjC_predicted,0.16666666666666666,5,5,CGAAGAGGAAGAAAGTCGGT,0,5255121
yqjE_yqjK_yqjD_yqjC_predicted,0.16666666666666666,5,5,CGAACTAATGCAACGTACAT,0,5186534
yqjE_yqjK_yqjD_yqjC_predicted,0.16666666666666666,5,5,CGAAAATCTAGGCCAAGGAG,0,5214535
yqjE_yqjK_yqjD_yqjC_predicted,0.16666666666666666,5,5,CCTTTCGAACTTAACGGCGT,0,5246353
yqjE_yqjK_yqjD_yqjC_predicted,0.16666666666666666,5,5,CCTTTCATAACCATACTTAA,0,5171759
yqjE_yqjK_yqjD_yqjC_predicted,0.16666666666666666,5,5,CCTTGTATCTGGGACTCGGC,0,5216721
yqjE_yqjK_yqjD_yqjC_predicted,0.16666666666666666,5,5,CCTTGTACAATTGTCAAACA,0,5242605
yqjE_yqjK_yqjD_yqjC_predicted,0.16666666666666666,5,5,CCTTGCTCTGTCAAAGCCAT,0,5179237
yqjE_yqjK_yqjD_yqjC_predicted,0.16666666666666666,5,5,CCTTGAGCAAGAGGACTTCT,0,5211150
yqjE_yqjK_yqjD_yqjC_predicted,0.16666666666666666,5,5,CCTTCGACTTCTCCCCGTAA,0,5194872
yqjE_yqjK_yqjD_yqjC_predicted,0.16666666666666666,5,5,CCTTAAACCACGCTAAAGGT,0,5211888
yqjE_yqjK_yqjD_yqjC_predicted,0.16666666666666666,5,5,CCTGGGAATAGCCCCTCTGT,0,5246072
yqjE_yqjK_yqjD_yqjC_predicted,0.16666666666666666,5,5,CCTGCTTAGACGGGTATTTC,0,5221358
yqjE_yqjK_yqjD_yqjC_predicted,0.16666666666666666,5,5,CCTGCGTGTTATATGATAGA,0,5249533
yqjE_yqjK_yqjD_yqjC_predicted,0.16666666666666666,5,5,CCTCTCATAGCACTGCAACC,0,5197193
yqjE_yqjK_yqjD_yqjC_predicted,0.16666666666666666,5,5,CCTCGGGTCCGTGTGCGTAG,0,5177282
yqjE_yqjK_yqjD_yqjC_predicted,0.16666666666666666,5,5,CCTCCCTGGGACCAATTTGG,0,5200637
yqjE_yqjK_yqjD_yqjC_predicted,0.16666666666666666,5,5,CCTCCCCTGACTGTAGCCGA,0,5249032
yqjE_yqjK_yqjD_yqjC_predicted,0.16666666666666666,5,5,CCTCCCCGTTGCATGTCGAT,0,5232994
yqjE_yqjK_yqjD_yqjC_predicted,0.16666666666666666,5,5,CCTCAGGAAGTCGCGTTAGA,0,5232808
yqjE_yqjK_yqjD_yqjC_predicted,0.16666666666666666,5,5,CCTCACGGTAAGACGTTTGT,0,5221718
yqjE_yqjK_yqjD_yqjC_predicted,0.16666666666666666,5,5,CCTACTTACTACGTTCCCGT,0,5240579
yqjE_yqjK_yqjD_yqjC_predicted,0.16666666666666666,5,5,CCTAAGGATTGTGAACGATC,0,5233905
yqjE_yqjK_yqjD_yqjC_predicted,0.16666666666666666,5,5,CCTAACAACTACGGATCAAT,0,5253688
yqjE_yqjK_yqjD_yqjC_predicted,0.16666666666666666,5,5,CCTAACAACGTCGGTGGCCA,0,5183984
yqjE_yqjK_yqjD_yqjC_predicted,0.16666666666666666,5,5,CCGTTTACCCTCCACGACAT,0,5223980
yqjE_yqjK_yqjD_yqjC_predicted,0.16666666666666666,5,5,CCGTTAAAATCCTGAAGAGA,0,5251134
yqjE_yqjK_yqjD_yqjC_predicted,0.16666666666666666,5,5,CCGTGTGCCATTGTTATCCC,0,5253663
yqjE_yqjK_yqjD_yqjC_predicted,0.16666666666666666,5,5,CCGTGGACAGGGTCCGGGTC,0,5224667
yqjE_yqjK_yqjD_yqjC_predicted,0.16666666666666666,5,5,CCGTGCCACGACTCATTGTT,0,5240495
yqjE_yqjK_yqjD_yqjC_predicted,0.16666666666666666,5,5,CCGTCCCCCCAAACTTGCGC,0,5205491
yqjE_yqjK_yqjD_yqjC_predicted,0.16666666666666666,5,5,CCGTCCACCAGCGCATTGGG,0,5252107
yqjE_yqjK_yqjD_yqjC_predicted,0.16666666666666666,5,5,CCGTACTGGTAAGGACAACC,0,5193639
yqjE_yqjK_yqjD_yqjC_predicted,0.16666666666666666,5,5,CCGGTCCGGGACTGTAAATA,0,5258706
yqjE_yqjK_yqjD_yqjC_predicted,0.16666666666666666,5,5,CCGGTACCCACTTTGGTCCA,0,5214398
yqjE_yqjK_yqjD_yqjC_predicted,0.16666666666666666,5,5,CCGGGGGGCAGTTGCATGAA,0,5208055
yqjE_yqjK_yqjD_yqjC_predicted,0.16666666666666666,5,5,CCGGGGCGAAGAAACCGCAG,0,5201719
yqjE_yqjK_yqjD_yqjC_predicted,0.16666666666666666,5,5,CCGGGGACAGTTTTTAGGTC,0,5210067
yqjE_yqjK_yqjD_yqjC_predicted,0.16666666666666666,5,5,CCGGGCTCTTCGGCTCTCGC,0,5208483
yqjE_yqjK_yqjD_yqjC_predicted,0.16666666666666666,5,5,CCGGGCGGGGTGCGCAATAA,0,5215694
yqjE_yqjK_yqjD_yqjC_predicted,0.16666666666666666,5,5,CCGGATTGGGCAGCACAACA,0,5186600
yqjE_yqjK_yqjD_yqjC_predicted,0.16666666666666666,5,5,CCGGAAAGCAGACCCATGCG,0,5183509
yqjE_yqjK_yqjD_yqjC_predicted,0.16666666666666666,5,5,CCGCTGGCAAATCTACGGTA,0,5207812
yqjE_yqjK_yqjD_yqjC_predicted,0.16666666666666666,5,5,CCGCAACGCGGATTATTCGT,0,5183253
yqjE_yqjK_yqjD_yqjC_predicted,0.16666666666666666,5,5,CCGATCCTACTTCGTGTATG,0,5179898
yqjE_yqjK_yqjD_yqjC_predicted,0.16666666666666666,5,5,CCGAGTACGGACACTTTGCA,0,5206044
yqjE_yqjK_yqjD_yqjC_predicted,0.16666666666666666,5,5,CCGAGAATAGGTTCTGTTAC,0,5200234
yqjE_yqjK_yqjD_yqjC_predicted,0.16666666666666666,5,5,CCGACTTTCGCCCGTTCATA,0,5231136
yqjE_yqjK_yqjD_yqjC_predicted,0.16666666666666666,5,5,CCGACCTACGTCATACAGGG,0,5238484
yqjE_yqjK_yqjD_yqjC_predicted,0.16666666666666666,5,5,CCGACAGACGGTTGTTTCTC,0,5202062
yqjE_yqjK_yqjD_yqjC_predicted,0.16666666666666666,5,5,CCGACAAGTTTCGCGTCCAA,0,5214930
yqjE_yqjK_yqjD_yqjC_predicted,0.16666666666666666,5,5,CCGAATGCGAGTATACGTCG,0,5202457
yqjE_yqjK_yqjD_yqjC_predicted,0.16666666666666666,5,5,CCCTTTCCGCCATACGGCTC,0,5245451
yqjE_yqjK_yqjD_yqjC_predicted,0.16666666666666666,5,5,CCCTGCGACCTAAGCGAGTA,0,5253672
yqjE_yqjK_yqjD_yqjC_predicted,0.16666666666666666,5,5,CCCTGCCAGATTGCTTCTAT,0,5174284
yqjE_yqjK_yqjD_yqjC_predicted,0.16666666666666666,5,5,CCCTCTCCCGCTAGAGTGAG,0,5251212
yqjE_yqjK_yqjD_yqjC_predicted,0.16666666666666666,5,5,CCCGTCAGCTATATATCGAG,0,5248777
yqjE_yqjK_yqjD_yqjC_predicted,0.16666666666666666,5,5,CCCGGCTGTGCGGTAACGTT,0,5248654
yqjE_yqjK_yqjD_yqjC_predicted,0.16666666666666666,5,5,CCCGCTGGCCCTTAACGCTA,0,5175648
yqjE_yqjK_yqjD_yqjC_predicted,0.16666666666666666,5,5,CCCGAAAACGAACCCCCGTT,0,5245242
yqjE_yqjK_yqjD_yqjC_predicted,0.16666666666666666,5,5,CCCCTGTTAAAGTTTATTGG,0,5219924
yqjE_yqjK_yqjD_yqjC_predicted,0.16666666666666666,5,5,CCCCTGCCCGTACTGGTGCC,0,5229965
yqjE_yqjK_yqjD_yqjC_predicted,0.16666666666666666,5,5,CCCCTGAAGCGCTCGTTAAC,0,5233551
yqjE_yqjK_yqjD_yqjC_predicted,0.16666666666666666,5,5,CCCCTATGGATTCGTATGCT,0,5217316
yqjE_yqjK_yqjD_yqjC_predicted,0.16666666666666666,5,5,CCCCGGTCATACCTAGTTGC,0,5244765
yqjE_yqjK_yqjD_yqjC_predicted,0.16666666666666666,5,5,CCCCCGAGAGATGTTTTCTA,0,5250547
yqjE_yqjK_yqjD_yqjC_predicted,0.16666666666666666,5,5,CCCCATTCGGGTGCTCACAA,0,5192831
yqjE_yqjK_yqjD_yqjC_predicted,0.16666666666666666,5,5,CCCCATAGATAACTATCAGC,0,5228427
yqjE_yqjK_yqjD_yqjC_predicted,0.16666666666666666,5,5,CCCATTGGATACATATGACT,0,5243446
yqjE_yqjK_yqjD_yqjC_predicted,0.16666666666666666,5,5,CCCATCTAGTACCTCAATTG,0,5190809
yqjE_yqjK_yqjD_yqjC_predicted,0.16666666666666666,5,5,CCCATCACAAGGCATCTCAG,0,5199909
yqjE_yqjK_yqjD_yqjC_predicted,0.16666666666666666,5,5,CCCAGAGTATGGGATCACAC,0,5225055
yqjE_yqjK_yqjD_yqjC_predicted,0.16666666666666666,5,5,CCCACGCTGTTTAGACTTCT,0,5172653
yqjE_yqjK_yqjD_yqjC_predicted,0.16666666666666666,5,5,CCCACGCGCTTCGTTAAATC,0,5193152
yqjE_yqjK_yqjD_yqjC_predicted,0.16666666666666666,5,5,CCCAACTCCATTCAGGCAAT,0,5236791
yqjE_yqjK_yqjD_yqjC_predicted,0.16666666666666666,5,5,CCATTGAGCTATGTTCGAGT,0,5255250
yqjE_yqjK_yqjD_yqjC_predicted,0.16666666666666666,5,5,CCATGCGTGCCGACTAATAG,0,5233128
yqjE_yqjK_yqjD_yqjC_predicted,0.16666666666666666,5,5,CCATCCGAGGCGCTCAGTTT,0,5181646
yqjE_yqjK_yqjD_yqjC_predicted,0.16666666666666666,5,5,CCATCCAACCGAGCGGAGTG,0,5190084
yqjE_yqjK_yqjD_yqjC_predicted,0.16666666666666666,5,5,CCATAATTGGTCTTCCGTCA,0,5210078
yqjE_yqjK_yqjD_yqjC_predicted,0.16666666666666666,5,5,CCATAATATCCGCAATTCAC,0,5247016
yqjE_yqjK_yqjD_yqjC_predicted,0.16666666666666666,5,5,CCATAAGGGCTGGGTTTATT,0,5188149
yqjE_yqjK_yqjD_yqjC_predicted,0.16666666666666666,5,5,CCAGTTCAGGCATCTAAAGT,0,5259830
yqjE_yqjK_yqjD_yqjC_predicted,0.16666666666666666,5,5,CCAGGCCCTGACTGTACGTC,0,5207558
yqjE_yqjK_yqjD_yqjC_predicted,0.16666666666666666,5,5,CCAGCGGTAAGCATATTAGC,0,5186784
yqjE_yqjK_yqjD_yqjC_predicted,0.16666666666666666,5,5,CCAGCGCCACTTCGTCCGGA,0,5235933
yqjE_yqjK_yqjD_yqjC_predicted,0.16666666666666666,5,5,CCAGCAGAGGGCACTGCCCA,0,5253802
yqjE_yqjK_yqjD_yqjC_predicted,0.16666666666666666,5,5,CCAGATCTACGCAGAGTTGA,0,5241703
yqjE_yqjK_yqjD_yqjC_predicted,0.16666666666666666,5,5,CCAGAAGCCGAGGTCAGTTG,0,5176160
yqjE_yqjK_yqjD_yqjC_predicted,0.16666666666666666,5,5,CCACTCGAAACTGGCGTTAT,0,5206181
yqjE_yqjK_yqjD_yqjC_predicted,0.16666666666666666,5,5,CCACTATCATAATTCCGTCA,0,5239825
yqjE_yqjK_yqjD_yqjC_predicted,0.16666666666666666,5,5,CCACTAATCTGCAACCCCGG,0,5225331
yqjE_yqjK_yqjD_yqjC_predicted,0.16666666666666666,5,5,CCACTAATCTCCATTGTCCT,0,5248651
yqjE_yqjK_yqjD_yqjC_predicted,0.16666666666666666,5,5,CCACACAATAAATCCATCGG,0,5184262
yqjE_yqjK_yqjD_yqjC_predicted,0.16666666666666666,5,5,CCACAATGTTTTAAAAAGCC,0,5222382
yqjE_yqjK_yqjD_yqjC_predicted,0.16666666666666666,5,5,CCAAGATTGAGCCTCGCCAT,0,5181642
yqjE_yqjK_yqjD_yqjC_predicted,0.16666666666666666,5,5,CCAAATATCCTAGTACAGGG,0,5250083
yqjE_yqjK_yqjD_yqjC_predicted,0.16666666666666666,5,5,CATTTGCAGATGAGCTAGGG,0,5203973
yqjE_yqjK_yqjD_yqjC_predicted,0.16666666666666666,5,5,CATTGCTCCCTTTACATCCT,0,5193929
yqjE_yqjK_yqjD_yqjC_predicted,0.16666666666666666,5,5,CATTGACAGTGCGGTGGATG,0,5195125
yqjE_yqjK_yqjD_yqjC_predicted,0.16666666666666666,5,5,CATTGAAGTAACACTTCACA,0,5248712
yqjE_yqjK_yqjD_yqjC_predicted,0.16666666666666666,5,5,CATTAGCCCAGCTTGGGACA,0,5246662
yqjE_yqjK_yqjD_yqjC_predicted,0.16666666666666666,5,5,CATGTTAATGATGACGTCGC,0,5182634
yqjE_yqjK_yqjD_yqjC_predicted,0.16666666666666666,5,5,CATGTAGTTCACTACAGAGG,0,5260743
yqjE_yqjK_yqjD_yqjC_predicted,0.16666666666666666,5,5,CATGTACACGAGAACGGTGA,0,5217429
yqjE_yqjK_yqjD_yqjC_predicted,0.16666666666666666,5,5,CATGCTGGGGCTTTCCGATA,0,5245274
yqjE_yqjK_yqjD_yqjC_predicted,0.16666666666666666,5,5,CATGCTAGGATATGCTAGAC,0,5191487
yqjE_yqjK_yqjD_yqjC_predicted,0.16666666666666666,5,5,CATGCGGAGTTGATCAGAGT,0,5178899
yqjE_yqjK_yqjD_yqjC_predicted,0.16666666666666666,5,5,CATGACCAGGGATTCAGTGC,0,5201421
yqjE_yqjK_yqjD_yqjC_predicted,0.16666666666666666,5,5,CATCTTACTTCCGTAGCTTT,0,5260766
yqjE_yqjK_yqjD_yqjC_predicted,0.16666666666666666,5,5,CATCGTAGGTTAGGAGAAGT,0,5219789
yqjE_yqjK_yqjD_yqjC_predicted,0.16666666666666666,5,5,CATCGCCATGGGGTATATGC,0,5252376
yqjE_yqjK_yqjD_yqjC_predicted,0.16666666666666666,5,5,CATCGAGTGGGCTAACCATG,0,5220178
yqjE_yqjK_yqjD_yqjC_predicted,0.16666666666666666,5,5,CATCGAGTAGTTAGTGATGC,0,5221211
yqjE_yqjK_yqjD_yqjC_predicted,0.16666666666666666,5,5,CATCCTTGACTAAAAATGCC,0,5180286
yqjE_yqjK_yqjD_yqjC_predicted,0.16666666666666666,5,5,CATCCCCGGCGGGGGTCGAT,0,5204437
yqjE_yqjK_yqjD_yqjC_predicted,0.16666666666666666,5,5,CATACTTGGAGCTCAACATA,0,5241083
yqjE_yqjK_yqjD_yqjC_predicted,0.16666666666666666,5,5,CAGTTGTAGATTCGTACTCC,0,5189873
yqjE_yqjK_yqjD_yqjC_predicted,0.16666666666666666,5,5,CAGTTAGCGAAAACCGGGTT,0,5217100
yqjE_yqjK_yqjD_yqjC_predicted,0.16666666666666666,5,5,CAGTGTAGCATAGAGGCGCG,0,5179930
yqjE_yqjK_yqjD_yqjC_predicted,0.16666666666666666,5,5,CAGTGACGAGTCCTTCAAAA,0,5253237
yqjE_yqjK_yqjD_yqjC_predicted,0.16666666666666666,5,5,CAGTCAATCCGATCCCGCGA,0,5239291
yqjE_yqjK_yqjD_yqjC_predicted,0.16666666666666666,5,5,CAGTAGGCTTGAGGACGCCA,0,5257396
yqjE_yqjK_yqjD_yqjC_predicted,0.16666666666666666,5,5,CAGGCTTGGCTGGACGGAGA,0,5218603
yqjE_yqjK_yqjD_yqjC_predicted,0.16666666666666666,5,5,CAGGCTTGCGGCGAACTGCA,0,5217243
yqjE_yqjK_yqjD_yqjC_predicted,0.16666666666666666,5,5,CAGGCGAACAATGTCAGGCA,0,5237350
yqjE_yqjK_yqjD_yqjC_predicted,0.16666666666666666,5,5,CAGGCCTCAGACAGATCTTA,0,5258265
yqjE_yqjK_yqjD_yqjC_predicted,0.16666666666666666,5,5,CAGGAGCTGGCATCTAGGAC,0,5248374
yqjE_yqjK_yqjD_yqjC_predicted,0.16666666666666666,5,5,CAGGACTGTATTAGAAGTCT,0,5259500
yqjE_yqjK_yqjD_yqjC_predicted,0.16666666666666666,5,5,CAGCGTGCGGGCAATTGCAT,0,5194366
yqjE_yqjK_yqjD_yqjC_predicted,0.16666666666666666,5,5,CAGCGACCGGTTAGAACGTC,0,5231023
yqjE_yqjK_yqjD_yqjC_predicted,0.16666666666666666,5,5,CAGCCTCTGATCTGCAAACG,0,5260724
yqjE_yqjK_yqjD_yqjC_predicted,0.16666666666666666,5,5,CAGCCGCACCAACGCACCTC,0,5185245
yqjE_yqjK_yqjD_yqjC_predicted,0.16666666666666666,5,5,CAGCCAATGATCTACCGCCC,0,5250831
yqjE_yqjK_yqjD_yqjC_predicted,0.16666666666666666,5,5,CAGATGTTCCTCGCCAGCTT,0,5216405
yqjE_yqjK_yqjD_yqjC_predicted,0.16666666666666666,5,5,CAGATGCCAAAAATATAATA,0,5239271
yqjE_yqjK_yqjD_yqjC_predicted,0.16666666666666666,5,5,CAGAGTTGAGGTACTCCACT,0,5230984
yqjE_yqjK_yqjD_yqjC_predicted,0.16666666666666666,5,5,CAGAGTCTCTTCCCCTTTGC,0,5226878
yqjE_yqjK_yqjD_yqjC_predicted,0.16666666666666666,5,5,CAGAGAACTGCACGGGGCCT,0,5203352
yqjE_yqjK_yqjD_yqjC_predicted,0.16666666666666666,5,5,CAGACAGCTACATTACCCGT,0,5201297
yqjE_yqjK_yqjD_yqjC_predicted,0.16666666666666666,5,5,CAGAAGAACGTACTCCCCTT,0,5260349
yqjE_yqjK_yqjD_yqjC_predicted,0.16666666666666666,5,5,CAGAAATGAACTACCAGGAC,0,5195024
yqjE_yqjK_yqjD_yqjC_predicted,0.16666666666666666,5,5,CACTTTCATGGACTCTGAAG,0,5230375
yqjE_yqjK_yqjD_yqjC_predicted,0.16666666666666666,5,5,CACTTCCGTATCTCATCGGT,0,5211493
yqjE_yqjK_yqjD_yqjC_predicted,0.16666666666666666,5,5,CACTGGGGTCGGTATACGTC,0,5227867
yqjE_yqjK_yqjD_yqjC_predicted,0.16666666666666666,5,5,CACTGATGCGATAGCGCTTG,0,5202834
yqjE_yqjK_yqjD_yqjC_predicted,0.16666666666666666,5,5,CACTCAGCACCCCCCACTCC,0,5260633
yqjE_yqjK_yqjD_yqjC_predicted,0.16666666666666666,5,5,CACTCAATAGCGTAAAACAT,0,5212787
yqjE_yqjK_yqjD_yqjC_predicted,0.16666666666666666,5,5,CACGTTAGTTTCGGCGGGAA,0,5226406
yqjE_yqjK_yqjD_yqjC_predicted,0.16666666666666666,5,5,CACGCTAGTAGGGTAGAAAG,0,5257392
yqjE_yqjK_yqjD_yqjC_predicted,0.16666666666666666,5,5,CACGCCAAGGAAACCTATAG,0,5226989
yqjE_yqjK_yqjD_yqjC_predicted,0.16666666666666666,5,5,CACCTTGCAGAGAACAACGG,0,5239755
yqjE_yqjK_yqjD_yqjC_predicted,0.16666666666666666,5,5,CACCTGTGCGCTGACCGATG,0,5190470
yqjE_yqjK_yqjD_yqjC_predicted,0.16666666666666666,5,5,CACCTGGTTCCCAGTTCTTA,0,5185918
yqjE_yqjK_yqjD_yqjC_predicted,0.16666666666666666,5,5,CACCTACCAAAAAGACCCGT,0,5239737
yqjE_yqjK_yqjD_yqjC_predicted,0.16666666666666666,5,5,CACCCCGCTCTTTAGTGGCC,0,5201509
yqjE_yqjK_yqjD_yqjC_predicted,0.16666666666666666,5,5,CACCATCTGCTGTATGGCTT,0,5199946
yqjE_yqjK_yqjD_yqjC_predicted,0.16666666666666666,5,5,CACCACAATACGACGGCTTG,0,5225626
yqjE_yqjK_yqjD_yqjC_predicted,0.16666666666666666,5,5,CACAGTCACGCCGAACTAGA,0,5203319
yqjE_yqjK_yqjD_yqjC_predicted,0.16666666666666666,5,5,CACAGGGGAAGTCTTCTGGA,0,5203496
yqjE_yqjK_yqjD_yqjC_predicted,0.16666666666666666,5,5,CACACGTTCTACTCGCGTTG,0,5260575
yqjE_yqjK_yqjD_yqjC_predicted,0.16666666666666666,5,5,CACACCCTGCATCAACGAGT,0,5212995
yqjE_yqjK_yqjD_yqjC_predicted,0.16666666666666666,5,5,CACACAACAGCCGGATGTGT,0,5203189
yqjE_yqjK_yqjD_yqjC_predicted,0.16666666666666666,5,5,CACAAGGCACGACCAATCTA,0,5201829
yqjE_yqjK_yqjD_yqjC_predicted,0.16666666666666666,5,5,CAATTTAGAACCGTCCAAAA,0,5176152
yqjE_yqjK_yqjD_yqjC_predicted,0.16666666666666666,5,5,CAATCTGGCGATTGGGGAAA,0,5230069
yqjE_yqjK_yqjD_yqjC_predicted,0.16666666666666666,5,5,CAATCAGTGGTGAATCAAAT,0,5235784
yqjE_yqjK_yqjD_yqjC_predicted,0.16666666666666666,5,5,CAATACCCCAAGTCCGTTAG,0,5218353
yqjE_yqjK_yqjD_yqjC_predicted,0.16666666666666666,5,5,CAAGTAGAGCTTTATTGCGT,0,5253815
yqjE_yqjK_yqjD_yqjC_predicted,0.16666666666666666,5,5,CAAGGTGTGCTAGTGAGGAC,0,5210694
yqjE_yqjK_yqjD_yqjC_predicted,0.16666666666666666,5,5,CAAGCCACCGCGGAGTTTTC,0,5217030
yqjE_yqjK_yqjD_yqjC_predicted,0.16666666666666666,5,5,CAAGCACGGGGTATTGGTTC,0,5255383
yqjE_yqjK_yqjD_yqjC_predicted,0.16666666666666666,5,5,CAAGATGGTGGCGACTGATA,0,5217917
yqjE_yqjK_yqjD_yqjC_predicted,0.16666666666666666,5,5,CAAGACGCTCTGGAAGATCG,0,5191202
yqjE_yqjK_yqjD_yqjC_predicted,0.16666666666666666,5,5,CAACTTCATCAATTTTTCAA,0,5204675
yqjE_yqjK_yqjD_yqjC_predicted,0.16666666666666666,5,5,CAACGTTCTATTTTAACTAA,0,5256392
yqjE_yqjK_yqjD_yqjC_predicted,0.16666666666666666,5,5,CAACGTGTCGGGACCAGGAG,0,5258779
yqjE_yqjK_yqjD_yqjC_predicted,0.16666666666666666,5,5,CAACATGAAGCCCGATCGAC,0,5192473
yqjE_yqjK_yqjD_yqjC_predicted,0.16666666666666666,5,5,CAAAGGTAATCGAACTTCGA,0,5194890
yqjE_yqjK_yqjD_yqjC_predicted,0.16666666666666666,5,5,CAAAGCGAGCCCGTTTGGTC,0,5203975
yqjE_yqjK_yqjD_yqjC_predicted,0.16666666666666666,5,5,CAAAGAATTATGCTCATCCA,0,5226668
yqjE_yqjK_yqjD_yqjC_predicted,0.16666666666666666,5,5,CAAAACTGGGGCACGACAGT,0,5261812
yqjE_yqjK_yqjD_yqjC_predicted,0.16666666666666666,5,5,CAAAAACTCTTGCGATACAT,0,5248948
yqjE_yqjK_yqjD_yqjC_predicted,0.16666666666666666,5,5,ATTTGGCTCCTTGATAGGCC,0,5188264
yqjE_yqjK_yqjD_yqjC_predicted,0.16666666666666666,5,5,ATTTGACGTCCAGGACCATC,0,5235719
yqjE_yqjK_yqjD_yqjC_predicted,0.16666666666666666,5,5,ATTTATGGTCCGATCATTGA,0,5198389
yqjE_yqjK_yqjD_yqjC_predicted,0.16666666666666666,5,5,ATTTAGGTGCGAAAATCCTA,0,5236915
yqjE_yqjK_yqjD_yqjC_predicted,0.16666666666666666,5,5,ATTGGCGTTTTCCTACTTGG,0,5228952
yqjE_yqjK_yqjD_yqjC_predicted,0.16666666666666666,5,5,ATTGAGCGTCTATCAGTCGG,0,5231285
yqjE_yqjK_yqjD_yqjC_predicted,0.16666666666666666,5,5,ATTGACGCCAGCAAAGATTG,0,5178996
yqjE_yqjK_yqjD_yqjC_predicted,0.16666666666666666,5,5,ATTCTTCACAGGGAGGGCCG,0,5204773
yqjE_yqjK_yqjD_yqjC_predicted,0.16666666666666666,5,5,ATTCTGAACGCATAGAAAAT,0,5212717
yqjE_yqjK_yqjD_yqjC_predicted,0.16666666666666666,5,5,ATTCTCGAAAAACTTTTCAG,0,5239876
yqjE_yqjK_yqjD_yqjC_predicted,0.16666666666666666,5,5,ATTCTCCGTCGCTGGGGCAA,0,5214293
yqjE_yqjK_yqjD_yqjC_predicted,0.16666666666666666,5,5,ATTCGGAGTACGGTGGATGT,0,5175849
yqjE_yqjK_yqjD_yqjC_predicted,0.16666666666666666,5,5,ATTCCCGATCTCAGCACTTT,0,5228117
yqjE_yqjK_yqjD_yqjC_predicted,0.16666666666666666,5,5,ATTATTACATCACCCGAGGT,0,5201895
yqjE_yqjK_yqjD_yqjC_predicted,0.16666666666666666,5,5,ATTAGTTGCGTTGGGTTTTT,0,5175553
yqjE_yqjK_yqjD_yqjC_predicted,0.16666666666666666,5,5,ATTAGTGGGCGGTGTGGGCT,0,5197969
yqjE_yqjK_yqjD_yqjC_predicted,0.16666666666666666,5,5,ATTAGTGCCACCATGGGAGT,0,5196946
yqjE_yqjK_yqjD_yqjC_predicted,0.16666666666666666,5,5,ATTAGTATCAGTTCATAAGT,0,5201574
yqjE_yqjK_yqjD_yqjC_predicted,0.16666666666666666,5,5,ATTAGCCTTTAGTTCATTTG,0,5227124
yqjE_yqjK_yqjD_yqjC_predicted,0.16666666666666666,5,5,ATTACGGGCGATAGACTCTG,0,5240362
yqjE_yqjK_yqjD_yqjC_predicted,0.16666666666666666,5,5,ATTACCGTGCCCGTGAATCG,0,5214349
yqjE_yqjK_yqjD_yqjC_predicted,0.16666666666666666,5,5,ATTAATAGGGTAGTTTCTGG,0,5213852
yqjE_yqjK_yqjD_yqjC_predicted,0.16666666666666666,5,5,ATTAAGTACCTCCGCAGCAC,0,5235869
yqjE_yqjK_yqjD_yqjC_predicted,0.16666666666666666,5,5,ATGTTTATGCGTTTTCGAGG,0,5247230
yqjE_yqjK_yqjD_yqjC_predicted,0.16666666666666666,5,5,ATGTTCGTTCTCTAATCAGC,0,5255193
yqjE_yqjK_yqjD_yqjC_predicted,0.16666666666666666,5,5,ATGTGTCTCGAGTAGTAACA,0,5229997
yqjE_yqjK_yqjD_yqjC_predicted,0.16666666666666666,5,5,ATGTGTCTCACGGCAGGAGG,0,5179703
yqjE_yqjK_yqjD_yqjC_predicted,0.16666666666666666,5,5,ATGTGCGGGGACGAGCCACG,0,5171032
yqjE_yqjK_yqjD_yqjC_predicted,0.16666666666666666,5,5,ATGTGCACTGCCTTACCGAT,0,5229382
yqjE_yqjK_yqjD_yqjC_predicted,0.16666666666666666,5,5,ATGTCGGGATTCCGAACTTA,0,5217639
yqjE_yqjK_yqjD_yqjC_predicted,0.16666666666666666,5,5,ATGTATTTGGAGGGTGTTTC,0,5176184
yqjE_yqjK_yqjD_yqjC_predicted,0.16666666666666666,5,5,ATGGTGGCGGGCTAAGGCTG,0,5231465
yqjE_yqjK_yqjD_yqjC_predicted,0.16666666666666666,5,5,ATGGTGACCCTGCCGACTTG,0,5257044
yqjE_yqjK_yqjD_yqjC_predicted,0.16666666666666666,5,5,ATGGTCAGCGTCGGATACCG,0,5248557
yqjE_yqjK_yqjD_yqjC_predicted,0.16666666666666666,5,5,ATGGGTCTGGCTGAGTATTT,0,5196657
yqjE_yqjK_yqjD_yqjC_predicted,0.16666666666666666,5,5,ATGGAGGAACTGACACTAAT,0,5237687
yqjE_yqjK_yqjD_yqjC_predicted,0.16666666666666666,5,5,ATGGAAGGGTTGGTACTAAC,0,5212903
yqjE_yqjK_yqjD_yqjC_predicted,0.16666666666666666,5,5,ATGCTATGAAAAGCAGGAGG,0,5249786
yqjE_yqjK_yqjD_yqjC_predicted,0.16666666666666666,5,5,ATGCGTTTGAAGCCACATCG,0,5247727
yqjE_yqjK_yqjD_yqjC_predicted,0.16666666666666666,5,5,ATGCGTCCGGGAGGCGCACC,0,5177453
yqjE_yqjK_yqjD_yqjC_predicted,0.16666666666666666,5,5,ATGCCTGCGAGAGTAGAGGT,0,5254984
yqjE_yqjK_yqjD_yqjC_predicted,0.16666666666666666,5,5,ATGCCGGCTCAGTACCAACT,0,5231591
yqjE_yqjK_yqjD_yqjC_predicted,0.16666666666666666,5,5,ATGCCGGATTCATCCGACGA,0,5248089
yqjE_yqjK_yqjD_yqjC_predicted,0.16666666666666666,5,5,ATGCCAGCCCCCGTCCCTGC,0,5213432
yqjE_yqjK_yqjD_yqjC_predicted,0.16666666666666666,5,5,ATGCATATCAGAACGTATAC,0,5256460
yqjE_yqjK_yqjD_yqjC_predicted,0.16666666666666666,5,5,ATGCAACGTAAAGTGTATAA,0,5186324
yqjE_yqjK_yqjD_yqjC_predicted,0.16666666666666666,5,5,ATGACGGTCTTTGAGATCGG,0,5185611
yqjE_yqjK_yqjD_yqjC_predicted,0.16666666666666666,5,5,ATGACGCGCTCTAACCGCAA,0,5205759
yqjE_yqjK_yqjD_yqjC_predicted,0.16666666666666666,5,5,ATCTCGGCGATATCAACTGA,0,5190345
yqjE_yqjK_yqjD_yqjC_predicted,0.16666666666666666,5,5,ATCTCGCCCGCACTGGGTCT,0,5187812
yqjE_yqjK_yqjD_yqjC_predicted,0.16666666666666666,5,5,ATCTCCCTAAAAGCGCGGGC,0,5182819
yqjE_yqjK_yqjD_yqjC_predicted,0.16666666666666666,5,5,ATCTATGCTAGGCGAAGGGG,0,5194247
yqjE_yqjK_yqjD_yqjC_predicted,0.16666666666666666,5,5,ATCGTCCGAGTCTGATGGAG,0,5241061
yqjE_yqjK_yqjD_yqjC_predicted,0.16666666666666666,5,5,ATCGTCCAACCTCAGAAGTG,0,5233167
yqjE_yqjK_yqjD_yqjC_predicted,0.16666666666666666,5,5,ATCGTAACCGTGTGTGCCTA,0,5253159
yqjE_yqjK_yqjD_yqjC_predicted,0.16666666666666666,5,5,ATCGGGAGAGGAACTAGATG,0,5215506
yqjE_yqjK_yqjD_yqjC_predicted,0.16666666666666666,5,5,ATCGGCATCTGCGTCCTACA,0,5221675
yqjE_yqjK_yqjD_yqjC_predicted,0.16666666666666666,5,5,ATCGCCATGACCTACGGCCA,0,5183877
yqjE_yqjK_yqjD_yqjC_predicted,0.16666666666666666,5,5,ATCGAACTGCATTTCAACCT,0,5252382
yqjE_yqjK_yqjD_yqjC_predicted,0.16666666666666666,5,5,ATCCTTTACGACGCAGCAAG,0,5230444
yqjE_yqjK_yqjD_yqjC_predicted,0.16666666666666666,5,5,ATCCTTACCTCAGTCGGTGC,0,5201857
yqjE_yqjK_yqjD_yqjC_predicted,0.16666666666666666,5,5,ATCCTGCAACGAGAATGACC,0,5203678
yqjE_yqjK_yqjD_yqjC_predicted,0.16666666666666666,5,5,ATCCGGAGGGTGGTAACTAG,0,5204913
yqjE_yqjK_yqjD_yqjC_predicted,0.16666666666666666,5,5,ATCCGAAGTTGACGCTCATG,0,5177601
yqjE_yqjK_yqjD_yqjC_predicted,0.16666666666666666,5,5,ATCCCCCTTCCATTCCTATG,0,5178514
yqjE_yqjK_yqjD_yqjC_predicted,0.16666666666666666,5,5,ATCCCAGCCGGATAGATCTT,0,5209208
yqjE_yqjK_yqjD_yqjC_predicted,0.16666666666666666,5,5,ATCCCAGAGCTCAAATTTAC,0,5216203
yqjE_yqjK_yqjD_yqjC_predicted,0.16666666666666666,5,5,ATCCATGATTATCGGAAGCC,0,5218289
yqjE_yqjK_yqjD_yqjC_predicted,0.16666666666666666,5,5,ATCCAATTTTGAAAGTCTGG,0,5258376
yqjE_yqjK_yqjD_yqjC_predicted,0.16666666666666666,5,5,ATCCAACGTAAGTTATCGAA,0,5233395
yqjE_yqjK_yqjD_yqjC_predicted,0.16666666666666666,5,5,ATCATTGGCCTTCAGAAATT,0,5259748
yqjE_yqjK_yqjD_yqjC_predicted,0.16666666666666666,5,5,ATCATCCCGTAAGACCTTTA,0,5204446
yqjE_yqjK_yqjD_yqjC_predicted,0.16666666666666666,5,5,ATCATATCAGCGTACCTGTA,0,5180593
yqjE_yqjK_yqjD_yqjC_predicted,0.16666666666666666,5,5,ATCATAGTAGGGACACGTCT,0,5228912
yqjE_yqjK_yqjD_yqjC_predicted,0.16666666666666666,5,5,ATCAGTCTCGAATTATAGGT,0,5260966
yqjE_yqjK_yqjD_yqjC_predicted,0.16666666666666666,5,5,ATCACCGCTGATATAACTTT,0,5175398
yqjE_yqjK_yqjD_yqjC_predicted,0.16666666666666666,5,5,ATCAAGATGAGGGACGACTG,0,5258612
yqjE_yqjK_yqjD_yqjC_predicted,0.16666666666666666,5,5,ATCAAGATCTGAATCCCGAG,0,5177230
yqjE_yqjK_yqjD_yqjC_predicted,0.16666666666666666,5,5,ATCAACAGCAGGGCTCTTCG,0,5251433
yqjE_yqjK_yqjD_yqjC_predicted,0.16666666666666666,5,5,ATATTCGCACTGGGGAATTC,0,5175040
yqjE_yqjK_yqjD_yqjC_predicted,0.16666666666666666,5,5,ATATCGTTCTAATGCCATGC,0,5242331
yqjE_yqjK_yqjD_yqjC_predicted,0.16666666666666666,5,5,ATATCATCCCCAGGCCGTTA,0,5216787
yqjE_yqjK_yqjD_yqjC_predicted,0.16666666666666666,5,5,ATATCAGTGTTCTCATACGT,0,5190923
yqjE_yqjK_yqjD_yqjC_predicted,0.16666666666666666,5,5,ATATAGGGGTAATGGTCTGC,0,5216880
yqjE_yqjK_yqjD_yqjC_predicted,0.16666666666666666,5,5,ATAGTGTGAAGCACCTAACA,0,5217698
yqjE_yqjK_yqjD_yqjC_predicted,0.16666666666666666,5,5,ATAGTGTAGCGGTCTAACTA,0,5192054
yqjE_yqjK_yqjD_yqjC_predicted,0.16666666666666666,5,5,ATAGTCAGGATGTTTCATAT,0,5221888
yqjE_yqjK_yqjD_yqjC_predicted,0.16666666666666666,5,5,ATAGTCAAATCTTTACATCC,0,5207734
yqjE_yqjK_yqjD_yqjC_predicted,0.16666666666666666,5,5,ATAGCCAAAGCACAGGATGC,0,5171944
yqjE_yqjK_yqjD_yqjC_predicted,0.16666666666666666,5,5,ATAGAATAGCGCCTGTGGGA,0,5179072
yqjE_yqjK_yqjD_yqjC_predicted,0.16666666666666666,5,5,ATAGAACAAAACCATCAGGC,0,5225405
yqjE_yqjK_yqjD_yqjC_predicted,0.16666666666666666,5,5,ATACTGGATTCGCGTTAAGA,0,5216222
yqjE_yqjK_yqjD_yqjC_predicted,0.16666666666666666,5,5,ATACTCTGTACTTTTTAAGG,0,5184708
yqjE_yqjK_yqjD_yqjC_predicted,0.16666666666666666,5,5,ATACGGATGTAGGACCAGCC,0,5235197
yqjE_yqjK_yqjD_yqjC_predicted,0.16666666666666666,5,5,ATACGCGTTCACGCAGCACC,0,5173360
yqjE_yqjK_yqjD_yqjC_predicted,0.16666666666666666,5,5,ATACCGTGCATTTGTCGAAC,0,5262601
yqjE_yqjK_yqjD_yqjC_predicted,0.16666666666666666,5,5,ATACCAGCAAATTACTGATA,0,5233747
yqjE_yqjK_yqjD_yqjC_predicted,0.16666666666666666,5,5,ATAAGTGGTCTAGAAAGGCC,0,5203054
yqjE_yqjK_yqjD_yqjC_predicted,0.16666666666666666,5,5,ATAAGGGCTAGGAGCGTCTT,0,5248863
yqjE_yqjK_yqjD_yqjC_predicted,0.16666666666666666,5,5,ATAAGCCCCAACGAAAAGGT,0,5243423
yqjE_yqjK_yqjD_yqjC_predicted,0.16666666666666666,5,5,ATAAATGCGTCCGCAGTACA,0,5218847
yqjE_yqjK_yqjD_yqjC_predicted,0.16666666666666666,5,5,ATAAATCGTCCCTGACATGT,0,5212175
yqjE_yqjK_yqjD_yqjC_predicted,0.16666666666666666,5,5,AGTTTTTCGTCGTCACCAAT,0,5188874
yqjE_yqjK_yqjD_yqjC_predicted,0.16666666666666666,5,5,AGTTTCGTTCCACCTAGTAG,0,5203576
yqjE_yqjK_yqjD_yqjC_predicted,0.16666666666666666,5,5,AGTGTGGGAAGTATTCGAGA,0,5181673
yqjE_yqjK_yqjD_yqjC_predicted,0.16666666666666666,5,5,AGTGTGATTGATGGTCCATT,0,5201850
yqjE_yqjK_yqjD_yqjC_predicted,0.16666666666666666,5,5,AGTGTCTGATATCCGGCATT,0,5249273
yqjE_yqjK_yqjD_yqjC_predicted,0.16666666666666666,5,5,AGTGTATGATAGGTTGCGAT,0,5198036
yqjE_yqjK_yqjD_yqjC_predicted,0.16666666666666666,5,5,AGTGGTTTCACAGTATTTCA,0,5176030
yqjE_yqjK_yqjD_yqjC_predicted,0.16666666666666666,5,5,AGTGGTGCTAATCCACATCT,0,5194690
yqjE_yqjK_yqjD_yqjC_predicted,0.16666666666666666,5,5,AGTGCTTGTTTGCTATTCAA,0,5240652
yqjE_yqjK_yqjD_yqjC_predicted,0.16666666666666666,5,5,AGTGCCTGAACCCTGATTGT,0,5239940
yqjE_yqjK_yqjD_yqjC_predicted,0.16666666666666666,5,5,AGTCTACTCACGGTTGGCGG,0,5230573
yqjE_yqjK_yqjD_yqjC_predicted,0.16666666666666666,5,5,AGTCGCCAACTTCAGGGTTA,0,5213689
yqjE_yqjK_yqjD_yqjC_predicted,0.16666666666666666,5,5,AGTATGGGCAGGCCGCAGAC,0,5212406
yqjE_yqjK_yqjD_yqjC_predicted,0.16666666666666666,5,5,AGTATGCGTGTACGGTAGTA,0,5216084
yqjE_yqjK_yqjD_yqjC_predicted,0.16666666666666666,5,5,AGTATCCCCGTGTGCCTTTT,0,5219962
yqjE_yqjK_yqjD_yqjC_predicted,0.16666666666666666,5,5,AGTATAGCACCGGCGTTGGA,0,5186925
yqjE_yqjK_yqjD_yqjC_predicted,0.16666666666666666,5,5,AGTAGTTGGCTTTCCTAGCT,0,5199833
yqjE_yqjK_yqjD_yqjC_predicted,0.16666666666666666,5,5,AGTAGTTGAATGCTTGTTAA,0,5204268
yqjE_yqjK_yqjD_yqjC_predicted,0.16666666666666666,5,5,AGTAGTTACATGTGGCAAGA,0,5247260
yqjE_yqjK_yqjD_yqjC_predicted,0.16666666666666666,5,5,AGTAGGAACCGCGAAACCCA,0,5218301
yqjE_yqjK_yqjD_yqjC_predicted,0.16666666666666666,5,5,AGTAGCGGGAAGGAACTAGG,0,5210084
yqjE_yqjK_yqjD_yqjC_predicted,0.16666666666666666,5,5,AGTAACTTTTCCGGATAGAA,0,5197496
yqjE_yqjK_yqjD_yqjC_predicted,0.16666666666666666,5,5,AGGTTTAACTACGGTGTCTT,0,5231824
yqjE_yqjK_yqjD_yqjC_predicted,0.16666666666666666,5,5,AGGTTGGGTAAGGGAGGTGT,0,5259999
yqjE_yqjK_yqjD_yqjC_predicted,0.16666666666666666,5,5,AGGTTAGTATCGCTAGACAA,0,5212954
yqjE_yqjK_yqjD_yqjC_predicted,0.16666666666666666,5,5,AGGTTACTGGAACTGAAGTG,0,5210950
yqjE_yqjK_yqjD_yqjC_predicted,0.16666666666666666,5,5,AGGTGTCCGTTGCTGGCAAC,0,5237604
yqjE_yqjK_yqjD_yqjC_predicted,0.16666666666666666,5,5,AGGTCTGGTAGCTTTAGAGC,0,5231117
yqjE_yqjK_yqjD_yqjC_predicted,0.16666666666666666,5,5,AGGTATGCTAAATCACAACA,0,5246607
yqjE_yqjK_yqjD_yqjC_predicted,0.16666666666666666,5,5,AGGTAAGTCAGGGTTTTATT,0,5255757
yqjE_yqjK_yqjD_yqjC_predicted,0.16666666666666666,5,5,AGGGTGGACCTCGCGGCCGT,0,5187066
yqjE_yqjK_yqjD_yqjC_predicted,0.16666666666666666,5,5,AGGGTCCACTTTCGGAGATC,0,5226394
yqjE_yqjK_yqjD_yqjC_predicted,0.16666666666666666,5,5,AGGGGTTTGTTCGGTTTAGT,0,5240087
yqjE_yqjK_yqjD_yqjC_predicted,0.16666666666666666,5,5,AGGGGGTGGTGTGTCGTCCT,0,5173516
yqjE_yqjK_yqjD_yqjC_predicted,0.16666666666666666,5,5,AGGGGCGCATGCTTAGACGC,0,5251493
yqjE_yqjK_yqjD_yqjC_predicted,0.16666666666666666,5,5,AGGGGATATAGTCATCCGAC,0,5172188
yqjE_yqjK_yqjD_yqjC_predicted,0.16666666666666666,5,5,AGGGGATAGGACACACCGGA,0,5230112
yqjE_yqjK_yqjD_yqjC_predicted,0.16666666666666666,5,5,AGGGCTTACATATTCGATCA,0,5232380
yqjE_yqjK_yqjD_yqjC_predicted,0.16666666666666666,5,5,AGGGCTGGATGATTTTGCGC,0,5223407
yqjE_yqjK_yqjD_yqjC_predicted,0.16666666666666666,5,5,AGGGCAATCGCTGCAACGAA,0,5247349
yqjE_yqjK_yqjD_yqjC_predicted,0.16666666666666666,5,5,AGGGATCCTTTTACGTAGGT,0,5235982
yqjE_yqjK_yqjD_yqjC_predicted,0.16666666666666666,5,5,AGGGAGTTAAATACGATGTC,0,5204843
yqjE_yqjK_yqjD_yqjC_predicted,0.16666666666666666,5,5,AGGCGTGCCCGTTCAGCTAC,0,5240783
yqjE_yqjK_yqjD_yqjC_predicted,0.16666666666666666,5,5,AGGCCGTCATGAGTAATTCA,0,5222116
yqjE_yqjK_yqjD_yqjC_predicted,0.16666666666666666,5,5,AGGCATTATGGTCGAGATGT,0,5242398
yqjE_yqjK_yqjD_yqjC_predicted,0.16666666666666666,5,5,AGGCATGATCCTGGGAGCTG,0,5225247
yqjE_yqjK_yqjD_yqjC_predicted,0.16666666666666666,5,5,AGGCAGGAAAACCACCCCTG,0,5234425
yqjE_yqjK_yqjD_yqjC_predicted,0.16666666666666666,5,5,AGGATCCCGTGTGGAGTCGG,0,5260717
yqjE_yqjK_yqjD_yqjC_predicted,0.16666666666666666,5,5,AGGAGATCCGTACAATTAAG,0,5206313
yqjE_yqjK_yqjD_yqjC_predicted,0.16666666666666666,5,5,AGGAGAATTGTCAAACTGTA,0,5246211
yqjE_yqjK_yqjD_yqjC_predicted,0.16666666666666666,5,5,AGGACGAAAGCAAACGAACG,0,5209800
yqjE_yqjK_yqjD_yqjC_predicted,0.16666666666666666,5,5,AGGACCACGGGGCGGGGGAG,0,5186989
yqjE_yqjK_yqjD_yqjC_predicted,0.16666666666666666,5,5,AGGAATATCCCGAAGCTCCC,0,5257096
yqjE_yqjK_yqjD_yqjC_predicted,0.16666666666666666,5,5,AGGAAGAGTTGCAGTGAAAC,0,5250670
yqjE_yqjK_yqjD_yqjC_predicted,0.16666666666666666,5,5,AGGAAAAACGTGAGGCTTCC,0,5219272
yqjE_yqjK_yqjD_yqjC_predicted,0.16666666666666666,5,5,AGCTTGGCGTCTTAACGGCC,0,5171245
yqjE_yqjK_yqjD_yqjC_predicted,0.16666666666666666,5,5,AGCTTGCTTAGGTCGTTTTA,0,5208893
yqjE_yqjK_yqjD_yqjC_predicted,0.16666666666666666,5,5,AGCTGCCTCACGAAAAAGAT,0,5256594
yqjE_yqjK_yqjD_yqjC_predicted,0.16666666666666666,5,5,AGCTACATCTTGTAAGGCTC,0,5190409
yqjE_yqjK_yqjD_yqjC_predicted,0.16666666666666666,5,5,AGCGGGGAGGCCAAACACTT,0,5250832
yqjE_yqjK_yqjD_yqjC_predicted,0.16666666666666666,5,5,AGCGCTGATAGCGCACACAC,0,5205425
yqjE_yqjK_yqjD_yqjC_predicted,0.16666666666666666,5,5,AGCGCGCTTACATCACGTAA,0,5259504
yqjE_yqjK_yqjD_yqjC_predicted,0.16666666666666666,5,5,AGCGCGAGTATACAAGGCTC,0,5213513
yqjE_yqjK_yqjD_yqjC_predicted,0.16666666666666666,5,5,AGCGCAAGGCATATATTGGA,0,5260228
yqjE_yqjK_yqjD_yqjC_predicted,0.16666666666666666,5,5,AGCGAATATGTCCCGGACAT,0,5214735
yqjE_yqjK_yqjD_yqjC_predicted,0.16666666666666666,5,5,AGCGAAAGCGGATTGGCATT,0,5177705
yqjE_yqjK_yqjD_yqjC_predicted,0.16666666666666666,5,5,AGCCTTACCAGTCCATGAAA,0,5203154
yqjE_yqjK_yqjD_yqjC_predicted,0.16666666666666666,5,5,AGCCTGCTGGTAATAAAGGG,0,5215568
yqjE_yqjK_yqjD_yqjC_predicted,0.16666666666666666,5,5,AGCATAGGAATACCCTTATA,0,5171074
yqjE_yqjK_yqjD_yqjC_predicted,0.16666666666666666,5,5,AGCAGAGATTGGTCTGGGGG,0,5201786
yqjE_yqjK_yqjD_yqjC_predicted,0.16666666666666666,5,5,AGCAATTGCTCGGCCCAAAT,0,5217332
yqjE_yqjK_yqjD_yqjC_predicted,0.16666666666666666,5,5,AGCAAGCTGACAGTCTGTAC,0,5258286
yqjE_yqjK_yqjD_yqjC_predicted,0.16666666666666666,5,5,AGCAACAGCTGTGGCAAGGA,0,5190189
yqjE_yqjK_yqjD_yqjC_predicted,0.16666666666666666,5,5,AGATGGTTCCTTGCATTACG,0,5193859
yqjE_yqjK_yqjD_yqjC_predicted,0.16666666666666666,5,5,AGATGATCTAAATCCGATTG,0,5201015
yqjE_yqjK_yqjD_yqjC_predicted,0.16666666666666666,5,5,AGATCTCTGGGAGTTCTACC,0,5203699
yqjE_yqjK_yqjD_yqjC_predicted,0.16666666666666666,5,5,AGATCATAATACTCTACACA,0,5242373
yqjE_yqjK_yqjD_yqjC_predicted,0.16666666666666666,5,5,AGATCACCATGGCCGCGCCC,0,5225362
yqjE_yqjK_yqjD_yqjC_predicted,0.16666666666666666,5,5,AGATATTCACGCTCGTACTA,0,5181750
yqjE_yqjK_yqjD_yqjC_predicted,0.16666666666666666,5,5,AGATAATGGCTCCCTCGTTG,0,5198638
yqjE_yqjK_yqjD_yqjC_predicted,0.16666666666666666,5,5,AGATAATAGTTATTCTACGT,0,5206961
yqjE_yqjK_yqjD_yqjC_predicted,0.16666666666666666,5,5,AGAGTTTGAGGCCGCTCATG,0,5218245
yqjE_yqjK_yqjD_yqjC_predicted,0.16666666666666666,5,5,AGAGTTTCTCGACCGAGAGC,0,5195154
yqjE_yqjK_yqjD_yqjC_predicted,0.16666666666666666,5,5,AGAGTGGTGTTCGTTCTGTT,0,5182567
yqjE_yqjK_yqjD_yqjC_predicted,0.16666666666666666,5,5,AGAGGAGGCATCCACTCGTC,0,5235576
yqjE_yqjK_yqjD_yqjC_predicted,0.16666666666666666,5,5,AGAGCGTTGGAGTCTATGTG,0,5193270
yqjE_yqjK_yqjD_yqjC_predicted,0.16666666666666666,5,5,AGAGCCCATGGAGGGATCGC,0,5210278
yqjE_yqjK_yqjD_yqjC_predicted,0.16666666666666666,5,5,AGAGCAGGCTAATAAGTTTG,0,5259995
yqjE_yqjK_yqjD_yqjC_predicted,0.16666666666666666,5,5,AGAGATCATTGGCGCGTTAT,0,5179694
yqjE_yqjK_yqjD_yqjC_predicted,0.16666666666666666,5,5,AGAGACCACCCGGGCTGTAA,0,5261825
yqjE_yqjK_yqjD_yqjC_predicted,0.16666666666666666,5,5,AGACTGCGTTGGCGACCGTC,0,5234679
yqjE_yqjK_yqjD_yqjC_predicted,0.16666666666666666,5,5,AGACTATCGGCACAAGGTAA,0,5256962
yqjE_yqjK_yqjD_yqjC_predicted,0.16666666666666666,5,5,AGACATCAGAGGGGACCACT,0,5248209
yqjE_yqjK_yqjD_yqjC_predicted,0.16666666666666666,5,5,AGACAGGAGCAGCTGTCAAG,0,5242176
yqjE_yqjK_yqjD_yqjC_predicted,0.16666666666666666,5,5,AGACAACCGCAAGATTGTAC,0,5185601
yqjE_yqjK_yqjD_yqjC_predicted,0.16666666666666666,5,5,AGAACGCTATACTGATTTGT,0,5210632
yqjE_yqjK_yqjD_yqjC_predicted,0.16666666666666666,5,5,AGAACGCGGCAAACACTGTA,0,5237882
yqjE_yqjK_yqjD_yqjC_predicted,0.16666666666666666,5,5,AGAAAGTGTAAGAAGCGAGT,0,5232335
yqjE_yqjK_yqjD_yqjC_predicted,0.16666666666666666,5,5,ACTTTGTCAAGCATCCGCCG,0,5219397
yqjE_yqjK_yqjD_yqjC_predicted,0.16666666666666666,5,5,ACTTTCGGCTCCTGGGAGCA,0,5231705
yqjE_yqjK_yqjD_yqjC_predicted,0.16666666666666666,5,5,ACTTTCCTTAAACACTATCA,0,5217989
yqjE_yqjK_yqjD_yqjC_predicted,0.16666666666666666,5,5,ACTTTAGGCGCAATCGCGCT,0,5232548
yqjE_yqjK_yqjD_yqjC_predicted,0.16666666666666666,5,5,ACTTCTCTTCAAGTCGGATC,0,5226648
yqjE_yqjK_yqjD_yqjC_predicted,0.16666666666666666,5,5,ACTTCCCCCTGCACTCTGGA,0,5204906
yqjE_yqjK_yqjD_yqjC_predicted,0.16666666666666666,5,5,ACTTACTGTGCTACCTGCGC,0,5235510
yqjE_yqjK_yqjD_yqjC_predicted,0.16666666666666666,5,5,ACTTACAATCCTTCATAACT,0,5173085
yqjE_yqjK_yqjD_yqjC_predicted,0.16666666666666666,5,5,ACTGTGGTGTCCATGTGACA,0,5188267
yqjE_yqjK_yqjD_yqjC_predicted,0.16666666666666666,5,5,ACTGCTCCCACAATGCCGTA,0,5261805
yqjE_yqjK_yqjD_yqjC_predicted,0.16666666666666666,5,5,ACTGCAGATGGGTCCGCCTC,0,5173093
yqjE_yqjK_yqjD_yqjC_predicted,0.16666666666666666,5,5,ACTGCACTGTTGGGCCAAAC,0,5229189
yqjE_yqjK_yqjD_yqjC_predicted,0.16666666666666666,5,5,ACTGAAGGCTGTTTTTATAG,0,5189632
yqjE_yqjK_yqjD_yqjC_predicted,0.16666666666666666,5,5,ACTCTGCCAAATGTAGCAGG,0,5203385
yqjE_yqjK_yqjD_yqjC_predicted,0.16666666666666666,5,5,ACTCTCGAAGGCGTTCAGCT,0,5176042
yqjE_yqjK_yqjD_yqjC_predicted,0.16666666666666666,5,5,ACTCAAGGGCTAAATATGCA,0,5206611
yqjE_yqjK_yqjD_yqjC_predicted,0.16666666666666666,5,5,ACTATAATCCGTGTCAATGC,0,5235211
yqjE_yqjK_yqjD_yqjC_predicted,0.16666666666666666,5,5,ACTAGGATTTGAACAGGAGA,0,5255038
yqjE_yqjK_yqjD_yqjC_predicted,0.16666666666666666,5,5,ACTAGCAATCCCTTTTCGCA,0,5257323
yqjE_yqjK_yqjD_yqjC_predicted,0.16666666666666666,5,5,ACTACGGCCAAGGAAGTGGG,0,5234013
yqjE_yqjK_yqjD_yqjC_predicted,0.16666666666666666,5,5,ACTACCCAGGGTAGCTATGT,0,5211872
yqjE_yqjK_yqjD_yqjC_predicted,0.16666666666666666,5,5,ACTACACCGTATCCAGTTGA,0,5188259
yqjE_yqjK_yqjD_yqjC_predicted,0.16666666666666666,5,5,ACTAACAAGTCTACTTCTGC,0,5236689
yqjE_yqjK_yqjD_yqjC_predicted,0.16666666666666666,5,5,ACGTTTGTCTAAATCCTTTA,0,5235072
yqjE_yqjK_yqjD_yqjC_predicted,0.16666666666666666,5,5,ACGTTGAACTCCACGAGGTC,0,5258699
yqjE_yqjK_yqjD_yqjC_predicted,0.16666666666666666,5,5,ACGTTCCGGGTCCCCCACGG,0,5187124
yqjE_yqjK_yqjD_yqjC_predicted,0.16666666666666666,5,5,ACGTGTCCGGTGTGTACTCT,0,5234659
yqjE_yqjK_yqjD_yqjC_predicted,0.16666666666666666,5,5,ACGTGTACCCCTTAGTCAGA,0,5257955
yqjE_yqjK_yqjD_yqjC_predicted,0.16666666666666666,5,5,ACGTGGCAGAGTCTATTCGG,0,5253538
yqjE_yqjK_yqjD_yqjC_predicted,0.16666666666666666,5,5,ACGTGCTGCCAATATTCTAT,0,5190586
yqjE_yqjK_yqjD_yqjC_predicted,0.16666666666666666,5,5,ACGTGCCAGTATCGCCTCCT,0,5176481
yqjE_yqjK_yqjD_yqjC_predicted,0.16666666666666666,5,5,ACGTGATAAGGACTCGCAGA,0,5187165
yqjE_yqjK_yqjD_yqjC_predicted,0.16666666666666666,5,5,ACGTCCATACAGGCGTGTAT,0,5235701
yqjE_yqjK_yqjD_yqjC_predicted,0.16666666666666666,5,5,ACGTATCAGATCTTGTTCGG,0,5221090
yqjE_yqjK_yqjD_yqjC_predicted,0.16666666666666666,5,5,ACGTACGCAGGCAGGTTCAG,0,5225088
yqjE_yqjK_yqjD_yqjC_predicted,0.16666666666666666,5,5,ACGTACGACGCCAGGTTAAC,0,5183735
yqjE_yqjK_yqjD_yqjC_predicted,0.16666666666666666,5,5,ACGGTGTAGTGTTATTCTAT,0,5221881
yqjE_yqjK_yqjD_yqjC_predicted,0.16666666666666666,5,5,ACGGTGTAAGCTTAAGGATA,0,5222396
yqjE_yqjK_yqjD_yqjC_predicted,0.16666666666666666,5,5,ACGGTCTGTAGTTTGGTAAA,0,5259266
yqjE_yqjK_yqjD_yqjC_predicted,0.16666666666666666,5,5,ACGGTCAAGTAGCATCATGG,0,5212720
yqjE_yqjK_yqjD_yqjC_predicted,0.16666666666666666,5,5,ACGGGATTCTTTTGCTATTC,0,5254026
yqjE_yqjK_yqjD_yqjC_predicted,0.16666666666666666,5,5,ACGGCAGGGGGGCACAAGTT,0,5200191
yqjE_yqjK_yqjD_yqjC_predicted,0.16666666666666666,5,5,ACGGAGTTTGGTGCGCTCAC,0,5229560
yqjE_yqjK_yqjD_yqjC_predicted,0.16666666666666666,5,5,ACGGAGCGCACAGCGCGGGA,0,5175165
yqjE_yqjK_yqjD_yqjC_predicted,0.16666666666666666,5,5,ACGGACGCGTCCTGATGGGT,0,5202363
yqjE_yqjK_yqjD_yqjC_predicted,0.16666666666666666,5,5,ACGGAAATGCGGTGAAAGGA,0,5245400
yqjE_yqjK_yqjD_yqjC_predicted,0.16666666666666666,5,5,ACGGAAAGCTTTATGAGAAT,0,5218504
yqjE_yqjK_yqjD_yqjC_predicted,0.16666666666666666,5,5,ACGCGTGTATTGGGGACTTA,0,5194288
yqjE_yqjK_yqjD_yqjC_predicted,0.16666666666666666,5,5,ACGCGTGATGTTGTAAAACC,0,5223238
yqjE_yqjK_yqjD_yqjC_predicted,0.16666666666666666,5,5,ACGCCCAATTGACAGATCTC,0,5207721
yqjE_yqjK_yqjD_yqjC_predicted,0.16666666666666666,5,5,ACGCACTCAAGCTGCTCAGG,0,5261205
yqjE_yqjK_yqjD_yqjC_predicted,0.16666666666666666,5,5,ACGCAACTCGTCTGAGGAAC,0,5200230
yqjE_yqjK_yqjD_yqjC_predicted,0.16666666666666666,5,5,ACGATGGTTTGTGGGATCAG,0,5247985
yqjE_yqjK_yqjD_yqjC_predicted,0.16666666666666666,5,5,ACGATGGTTGATTCCATACT,0,5172412
yqjE_yqjK_yqjD_yqjC_predicted,0.16666666666666666,5,5,ACGAGAGCTTCCTTGGATTA,0,5261627
yqjE_yqjK_yqjD_yqjC_predicted,0.16666666666666666,5,5,ACGACACCGATCAGCTTGTG,0,5202204
yqjE_yqjK_yqjD_yqjC_predicted,0.16666666666666666,5,5,ACGAAGTTCGATACGGGTAA,0,5224986
yqjE_yqjK_yqjD_yqjC_predicted,0.16666666666666666,5,5,ACCTGTCTCCCCTTTTTTCC,0,5223904
yqjE_yqjK_yqjD_yqjC_predicted,0.16666666666666666,5,5,ACCTGTCAACATGGCCCTTA,0,5224622
yqjE_yqjK_yqjD_yqjC_predicted,0.16666666666666666,5,5,ACCTCAAGGGGCAACCTTCC,0,5259619
yqjE_yqjK_yqjD_yqjC_predicted,0.16666666666666666,5,5,ACCTATGTTATACCCGCGGT,0,5189551
yqjE_yqjK_yqjD_yqjC_predicted,0.16666666666666666,5,5,ACCTAACACTGCCCGCTCAC,0,5185176
yqjE_yqjK_yqjD_yqjC_predicted,0.16666666666666666,5,5,ACCGTTAAGACTCAAAGTTG,0,5258072
yqjE_yqjK_yqjD_yqjC_predicted,0.16666666666666666,5,5,ACCGGTGTCGGGTACGATGA,0,5195613
yqjE_yqjK_yqjD_yqjC_predicted,0.16666666666666666,5,5,ACCGGGGGAAGATCCTTCGC,0,5171189
yqjE_yqjK_yqjD_yqjC_predicted,0.16666666666666666,5,5,ACCGGCCATGTGGGGTCAGT,0,5195582
yqjE_yqjK_yqjD_yqjC_predicted,0.16666666666666666,5,5,ACCGCTCCCAGTAGGGGATC,0,5188872
yqjE_yqjK_yqjD_yqjC_predicted,0.16666666666666666,5,5,ACCGAGGATGAGTTTTCCCA,0,5220935
yqjE_yqjK_yqjD_yqjC_predicted,0.16666666666666666,5,5,ACCCTTCTGTAATTCAGTGG,0,5224219
yqjE_yqjK_yqjD_yqjC_predicted,0.16666666666666666,5,5,ACCCTCCCTGAGAAGAGCGT,0,5178603
yqjE_yqjK_yqjD_yqjC_predicted,0.16666666666666666,5,5,ACCCCGCTGTTTCGGGTCTA,0,5250171
yqjE_yqjK_yqjD_yqjC_predicted,0.16666666666666666,5,5,ACCCCACGGGTTTCTGAAGA,0,5212603
yqjE_yqjK_yqjD_yqjC_predicted,0.16666666666666666,5,5,ACCCAGTCCCCACCGTGGTA,0,5254808
yqjE_yqjK_yqjD_yqjC_predicted,0.16666666666666666,5,5,ACCCAGTACGACGGTAACGG,0,5190471
yqjE_yqjK_yqjD_yqjC_predicted,0.16666666666666666,5,5,ACCAGCCGGTATCATGATTG,0,5220882
yqjE_yqjK_yqjD_yqjC_predicted,0.16666666666666666,5,5,ACCAGCCGGAAGCCATGCGC,0,5192690
yqjE_yqjK_yqjD_yqjC_predicted,0.16666666666666666,5,5,ACCACTGAAGATTCCCTAGA,0,5177317
yqjE_yqjK_yqjD_yqjC_predicted,0.16666666666666666,5,5,ACCACGCGTCTATATCGAGT,0,5243047
yqjE_yqjK_yqjD_yqjC_predicted,0.16666666666666666,5,5,ACCAACTTCCTAAGAACATA,0,5212073
yqjE_yqjK_yqjD_yqjC_predicted,0.16666666666666666,5,5,ACATTAGCTCAAACCGCGCA,0,5259778
yqjE_yqjK_yqjD_yqjC_predicted,0.16666666666666666,5,5,ACATGTGGGTTTAAGGGAGT,0,5253227
yqjE_yqjK_yqjD_yqjC_predicted,0.16666666666666666,5,5,ACATCACGGGCTCAGGGTGA,0,5225343
yqjE_yqjK_yqjD_yqjC_predicted,0.16666666666666666,5,5,ACAGGTAGATGCGTCAGCAG,0,5186975
yqjE_yqjK_yqjD_yqjC_predicted,0.16666666666666666,5,5,ACAGGGTCAAAATGGAGGTT,0,5171545
yqjE_yqjK_yqjD_yqjC_predicted,0.16666666666666666,5,5,ACAGGCATCAGCGAGGGTAA,0,5217550
yqjE_yqjK_yqjD_yqjC_predicted,0.16666666666666666,5,5,ACAGCAAACCCATATAGGCG,0,5243997
yqjE_yqjK_yqjD_yqjC_predicted,0.16666666666666666,5,5,ACACTTCTCCGAACGTTGTC,0,5208271
yqjE_yqjK_yqjD_yqjC_predicted,0.16666666666666666,5,5,ACACTGGGTTTATTCTCCGT,0,5218103
yqjE_yqjK_yqjD_yqjC_predicted,0.16666666666666666,5,5,ACACGAACCGATGTGAGTGC,0,5239957
yqjE_yqjK_yqjD_yqjC_predicted,0.16666666666666666,5,5,ACACCTTAATGAAAGTCGGA,0,5227074
yqjE_yqjK_yqjD_yqjC_predicted,0.16666666666666666,5,5,ACACCTGGGGCTGGAAACAT,0,5218286
yqjE_yqjK_yqjD_yqjC_predicted,0.16666666666666666,5,5,ACACCTAGTCCAAAAATACT,0,5221901
yqjE_yqjK_yqjD_yqjC_predicted,0.16666666666666666,5,5,ACACCCATGGACTACCCAGC,0,5241141
yqjE_yqjK_yqjD_yqjC_predicted,0.16666666666666666,5,5,ACACAGAATCCTTATAAAAC,0,5239879
yqjE_yqjK_yqjD_yqjC_predicted,0.16666666666666666,5,5,ACAAGAGGCCACTTGTAGCA,0,5180311
yqjE_yqjK_yqjD_yqjC_predicted,0.16666666666666666,5,5,ACAAACTGTTTCATCCGATA,0,5187776
yqjE_yqjK_yqjD_yqjC_predicted,0.16666666666666666,5,5,AATTGTCTCAAGCGCCGAAG,0,5211030
yqjE_yqjK_yqjD_yqjC_predicted,0.16666666666666666,5,5,AATTGTCCATACGACCTGGG,0,5252120
yqjE_yqjK_yqjD_yqjC_predicted,0.16666666666666666,5,5,AATTGTAAATTTTTCAATAT,0,5219790
yqjE_yqjK_yqjD_yqjC_predicted,0.16666666666666666,5,5,AATTGACTGAATCCATATTG,0,5234315
yqjE_yqjK_yqjD_yqjC_predicted,0.16666666666666666,5,5,AATTATGCTGTGTCTTGAGT,0,5188901
yqjE_yqjK_yqjD_yqjC_predicted,0.16666666666666666,5,5,AATTAGAGACGGGGGTAAAA,0,5215573
yqjE_yqjK_yqjD_yqjC_predicted,0.16666666666666666,5,5,AATGTTCGAATTTAAAGTAG,0,5201833
yqjE_yqjK_yqjD_yqjC_predicted,0.16666666666666666,5,5,AATGAATTCTGGGGCTGATG,0,5208774
yqjE_yqjK_yqjD_yqjC_predicted,0.16666666666666666,5,5,AATCTGTTATTAAGTCTGCA,0,5237342
yqjE_yqjK_yqjD_yqjC_predicted,0.16666666666666666,5,5,AATCAGTTCAACACATCCAG,0,5187133
yqjE_yqjK_yqjD_yqjC_predicted,0.16666666666666666,5,5,AATCACGCGCCCCATCAAAT,0,5202170
yqjE_yqjK_yqjD_yqjC_predicted,0.16666666666666666,5,5,AATATCCTGACTCTTTCACA,0,5226299
yqjE_yqjK_yqjD_yqjC_predicted,0.16666666666666666,5,5,AATAGTACACGCACAACGGA,0,5242995
yqjE_yqjK_yqjD_yqjC_predicted,0.16666666666666666,5,5,AATAGCCAACCGACAAATGT,0,5195735
yqjE_yqjK_yqjD_yqjC_predicted,0.16666666666666666,5,5,AATAGAGCGATACCGACTAA,0,5231354
yqjE_yqjK_yqjD_yqjC_predicted,0.16666666666666666,5,5,AATAAATCCGCGATGCCCGT,0,5213742
yqjE_yqjK_yqjD_yqjC_predicted,0.16666666666666666,5,5,AAGTTGTGGTCGTAAGGTCT,0,5226290
yqjE_yqjK_yqjD_yqjC_predicted,0.16666666666666666,5,5,AAGTTATTTGCCACTCCGAG,0,5180273
yqjE_yqjK_yqjD_yqjC_predicted,0.16666666666666666,5,5,AAGTATATAATGTGGCACTG,0,5181567
yqjE_yqjK_yqjD_yqjC_predicted,0.16666666666666666,5,5,AAGTACAAAAATGGCCATGT,0,5250289
yqjE_yqjK_yqjD_yqjC_predicted,0.16666666666666666,5,5,AAGGTCACTCTTAATCACTC,0,5250487
yqjE_yqjK_yqjD_yqjC_predicted,0.16666666666666666,5,5,AAGGGTTTGGGTGCCCAGGT,0,5192689
yqjE_yqjK_yqjD_yqjC_predicted,0.16666666666666666,5,5,AAGGGTACATGGAGGCCTAT,0,5245334
yqjE_yqjK_yqjD_yqjC_predicted,0.16666666666666666,5,5,AAGGGCACACCCATGGTTGA,0,5173825
yqjE_yqjK_yqjD_yqjC_predicted,0.16666666666666666,5,5,AAGGGATCTCAGAGACTAAG,0,5200644
yqjE_yqjK_yqjD_yqjC_predicted,0.16666666666666666,5,5,AAGGGATCCGCGAGGGCGAA,0,5178534
yqjE_yqjK_yqjD_yqjC_predicted,0.16666666666666666,5,5,AAGGCTACTGGAATGACCGC,0,5173033
yqjE_yqjK_yqjD_yqjC_predicted,0.16666666666666666,5,5,AAGGCGCGCGTATCACGCAG,0,5200708
yqjE_yqjK_yqjD_yqjC_predicted,0.16666666666666666,5,5,AAGGCCCCCTTGACTCCCTT,0,5176548
yqjE_yqjK_yqjD_yqjC_predicted,0.16666666666666666,5,5,AAGGAACTTGCTATGTGCAA,0,5253530
yqjE_yqjK_yqjD_yqjC_predicted,0.16666666666666666,5,5,AAGCTTTTAAACAGGCACGG,0,5220203
yqjE_yqjK_yqjD_yqjC_predicted,0.16666666666666666,5,5,AAGCTTGTCGCATTCGATGG,0,5223524
yqjE_yqjK_yqjD_yqjC_predicted,0.16666666666666666,5,5,AAGCTCTACCGCCTTTCATT,0,5176795
yqjE_yqjK_yqjD_yqjC_predicted,0.16666666666666666,5,5,AAGCGAGGTGTTATGTGCCA,0,5215836
yqjE_yqjK_yqjD_yqjC_predicted,0.16666666666666666,5,5,AAGCGAGGCTCGTCGCGAGC,0,5203397
yqjE_yqjK_yqjD_yqjC_predicted,0.16666666666666666,5,5,AAGCCTCGTTAAAAACGTAC,0,5186264
yqjE_yqjK_yqjD_yqjC_predicted,0.16666666666666666,5,5,AAGAGCTCGTGGAAGTGTTT,0,5199462
yqjE_yqjK_yqjD_yqjC_predicted,0.16666666666666666,5,5,AAGAGAGGAATTAAGTCGTT,0,5186844
yqjE_yqjK_yqjD_yqjC_predicted,0.16666666666666666,5,5,AAGACTTTTTCAACCATAAG,0,5217199
yqjE_yqjK_yqjD_yqjC_predicted,0.16666666666666666,5,5,AAGAACACGTAACGTATCTT,0,5192897
yqjE_yqjK_yqjD_yqjC_predicted,0.16666666666666666,5,5,AACTTTTTAAGAATCAATTA,0,5194180
yqjE_yqjK_yqjD_yqjC_predicted,0.16666666666666666,5,5,AACTTCTCGACCGCGGTGCA,0,5187302
yqjE_yqjK_yqjD_yqjC_predicted,0.16666666666666666,5,5,AACTTAGGCTTTTAATATCA,0,5219340
yqjE_yqjK_yqjD_yqjC_predicted,0.16666666666666666,5,5,AACTGGGTTTTATACTGTAT,0,5178559
yqjE_yqjK_yqjD_yqjC_predicted,0.16666666666666666,5,5,AACTCTCTGGCTTGCTACTA,0,5205739
yqjE_yqjK_yqjD_yqjC_predicted,0.16666666666666666,5,5,AACTAAACAACCCGGCACCA,0,5199191
yqjE_yqjK_yqjD_yqjC_predicted,0.16666666666666666,5,5,AACGTGTGAAAGCTGGTGCG,0,5189756
yqjE_yqjK_yqjD_yqjC_predicted,0.16666666666666666,5,5,AACGTGAGTCTAGGTGGACC,0,5197533
yqjE_yqjK_yqjD_yqjC_predicted,0.16666666666666666,5,5,AACGCAGACCACCTCGGAGC,0,5214493
yqjE_yqjK_yqjD_yqjC_predicted,0.16666666666666666,5,5,AACGATTTGTACAGGAGTCA,0,5196761
yqjE_yqjK_yqjD_yqjC_predicted,0.16666666666666666,5,5,AACGAATCGGGGTTATTCTC,0,5216991
yqjE_yqjK_yqjD_yqjC_predicted,0.16666666666666666,5,5,AACCTGGAGGCTGCTCGTAT,0,5225855
yqjE_yqjK_yqjD_yqjC_predicted,0.16666666666666666,5,5,AACCTACACCCTGCCACGGT,0,5226529
yqjE_yqjK_yqjD_yqjC_predicted,0.16666666666666666,5,5,AACCAAAGCCCACTGTAAAT,0,5261708
yqjE_yqjK_yqjD_yqjC_predicted,0.16666666666666666,5,5,AAATTAAACGTGCGACCAAT,0,5215043
yqjE_yqjK_yqjD_yqjC_predicted,0.16666666666666666,5,5,AAATATGCCCTATGCGGATG,0,5181889
yqjE_yqjK_yqjD_yqjC_predicted,0.16666666666666666,5,5,AAAGTCATAAGATTCGCTGT,0,5261085
yqjE_yqjK_yqjD_yqjC_predicted,0.16666666666666666,5,5,AAAGTATTGGTGGCAGTCGT,0,5245807
yqjE_yqjK_yqjD_yqjC_predicted,0.16666666666666666,5,5,AAAGTACCTTTTGGCCACGC,0,5233697
yqjE_yqjK_yqjD_yqjC_predicted,0.16666666666666666,5,5,AAAGGTAAGTCGGGCACTTA,0,5198962
yqjE_yqjK_yqjD_yqjC_predicted,0.16666666666666666,5,5,AAAGGGCCGGTGGTCAAGTA,0,5233170
yqjE_yqjK_yqjD_yqjC_predicted,0.16666666666666666,5,5,AAAGAGGTTTCACACATGCT,0,5242230
yqjE_yqjK_yqjD_yqjC_predicted,0.16666666666666666,5,5,AAACTTCCAAGGGCGAGCTA,0,5219583
yqjE_yqjK_yqjD_yqjC_predicted,0.16666666666666666,5,5,AAACTCTGTGAGTCGTGAAT,0,5255285
yqjE_yqjK_yqjD_yqjC_predicted,0.16666666666666666,5,5,AAACTATGCGACCATACTAT,0,5193140
yqjE_yqjK_yqjD_yqjC_predicted,0.16666666666666666,5,5,AAACTAGACGCTCAGCTTAG,0,5189306
yqjE_yqjK_yqjD_yqjC_predicted,0.16666666666666666,5,5,AAACGTGATTTTAGGAGGGA,0,5208417
yqjE_yqjK_yqjD_yqjC_predicted,0.16666666666666666,5,5,AAACGTAGCTTGGGCATACA,0,5225338
yqjE_yqjK_yqjD_yqjC_predicted,0.16666666666666666,5,5,AAACCTTCCATCGGTTCTCG,0,5199921
yqjE_yqjK_yqjD_yqjC_predicted,0.16666666666666666,5,5,AAACCTTCATGGGGTTGGTT,0,5199480
yqjE_yqjK_yqjD_yqjC_predicted,0.16666666666666666,5,5,AAAATACGTTTGCTCTATAC,0,5190795
yqjE_yqjK_yqjD_yqjC_predicted,0.16666666666666666,5,5,AAAAGTTGTCATGGCTAGAC,0,5171075
yqjE_yqjK_yqjD_yqjC_predicted,0.16666666666666666,5,5,AAAAGTATGAATCGGGGAAG,0,5174196
yqjE_yqjK_yqjD_yqjC_predicted,0.16666666666666666,5,5,AAAAGCGGTATCGCTCTATT,0,5173101
yqjE_yqjK_yqjD_yqjC_predicted,0.16666666666666666,5,5,AAAACAGAGGAGAATAAGGG,0,5229803
yqjE_yqjK_yqjD_yqjC_predicted,0.16666666666666666,5,5,AAAAAGACCTACGCAGCTGA,0,5215563
yqjE_yqjK_yqjD_yqjC_predicted,0.2,4,4,TTTTTGTACTAGGGAGAGGT,0,5185300
yqjE_yqjK_yqjD_yqjC_predicted,0.2,4,4,TTTTTGCTTTAGTTAACTCG,0,5224282
yqjE_yqjK_yqjD_yqjC_predicted,0.2,4,4,TTTTCTCGTATGCGGTCGAT,0,5207248
yqjE_yqjK_yqjD_yqjC_predicted,0.2,4,4,TTTTCCCACGTCTTAGCGTA,0,5236289
yqjE_yqjK_yqjD_yqjC_predicted,0.2,4,4,TTTTCATCGGAAATAATGCG,0,5249458
yqjE_yqjK_yqjD_yqjC_predicted,0.2,4,4,TTTTATGGTGGTTCGGGGCG,0,5171675
yqjE_yqjK_yqjD_yqjC_predicted,0.2,4,4,TTTTAGACTTAGGTACCAAA,0,5222579
yqjE_yqjK_yqjD_yqjC_predicted,0.2,4,4,TTTGTCATAGTCCAGACGTG,0,5254837
yqjE_yqjK_yqjD_yqjC_predicted,0.2,4,4,TTTGTCAGGTTAGATCCATA,0,5187374
yqjE_yqjK_yqjD_yqjC_predicted,0.2,4,4,TTTGGTTATTCCTGCGAATC,0,5262627
yqjE_yqjK_yqjD_yqjC_predicted,0.2,4,4,TTTGGACCTCCCGCAGCCCC,0,5256145
yqjE_yqjK_yqjD_yqjC_predicted,0.2,4,4,TTTGCGCCTTCTTCTTTCAA,0,5215572
yqjE_yqjK_yqjD_yqjC_predicted,0.2,4,4,TTTGCGCAACGGCTCCTCCC,0,5180346
yqjE_yqjK_yqjD_yqjC_predicted,0.2,4,4,TTTGCCTTCAATAGCCGTCT,0,5239282
yqjE_yqjK_yqjD_yqjC_predicted,0.2,4,4,TTTGACGCCGTGTTCAGAAT,0,5252917
yqjE_yqjK_yqjD_yqjC_predicted,0.2,4,4,TTTGAATCAGCCACCAAGGA,0,5204885
yqjE_yqjK_yqjD_yqjC_predicted,0.2,4,4,TTTCTTAAACGAGGGTCCAC,0,5250881
yqjE_yqjK_yqjD_yqjC_predicted,0.2,4,4,TTTCTCCGCACCCTTCAGAC,0,5210136
yqjE_yqjK_yqjD_yqjC_predicted,0.2,4,4,TTTCGGACGCTAACAGGCAG,0,5259919
yqjE_yqjK_yqjD_yqjC_predicted,0.2,4,4,TTTCGAGGATTCACGACCTA,0,5199391
yqjE_yqjK_yqjD_yqjC_predicted,0.2,4,4,TTTCATGCGACGGCATTCAT,0,5232471
yqjE_yqjK_yqjD_yqjC_predicted,0.2,4,4,TTTCACGCGGTTGAAAGCTT,0,5207669
yqjE_yqjK_yqjD_yqjC_predicted,0.2,4,4,TTTCACAATCTGGGACGGTC,0,5253510
yqjE_yqjK_yqjD_yqjC_predicted,0.2,4,4,TTTCAAAACTTCTATCTCTG,0,5253194
yqjE_yqjK_yqjD_yqjC_predicted,0.2,4,4,TTTATGTCACCGGGGGACAA,0,5260067
yqjE_yqjK_yqjD_yqjC_predicted,0.2,4,4,TTTAGCTTTCTAAAATCTAA,0,5223526
yqjE_yqjK_yqjD_yqjC_predicted,0.2,4,4,TTTAGCGGATCCTGTCGGTG,0,5259521
yqjE_yqjK_yqjD_yqjC_predicted,0.2,4,4,TTTACCTGGAGCCGCCCGGA,0,5250290
yqjE_yqjK_yqjD_yqjC_predicted,0.2,4,4,TTTACCGCGGCACTCGTGTC,0,5195002
yqjE_yqjK_yqjD_yqjC_predicted,0.2,4,4,TTTACATCATCGATTGCTGA,0,5193822
yqjE_yqjK_yqjD_yqjC_predicted,0.2,4,4,TTGTTCCACTGAAGTGCCGC,0,5193258
yqjE_yqjK_yqjD_yqjC_predicted,0.2,4,4,TTGTTAGATACAGAAGGCCA,0,5205258
yqjE_yqjK_yqjD_yqjC_predicted,0.2,4,4,TTGTGGGAACTATCATGAAA,0,5208772
yqjE_yqjK_yqjD_yqjC_predicted,0.2,4,4,TTGTGGAGTTAACCTAGTCC,0,5202400
yqjE_yqjK_yqjD_yqjC_predicted,0.2,4,4,TTGTGCAGTACGTCAGGGAT,0,5204033
yqjE_yqjK_yqjD_yqjC_predicted,0.2,4,4,TTGTCTTCATTCTGTTAGCT,0,5240820
yqjE_yqjK_yqjD_yqjC_predicted,0.2,4,4,TTGTATGGCCGCACTAATAG,0,5227549
yqjE_yqjK_yqjD_yqjC_predicted,0.2,4,4,TTGTATACGTGCACCACTTG,0,5186882
yqjE_yqjK_yqjD_yqjC_predicted,0.2,4,4,TTGGTGGACGGTAGGCCCCG,0,5239883
yqjE_yqjK_yqjD_yqjC_predicted,0.2,4,4,TTGGGATTTGAGTCGGCGCA,0,5172880
yqjE_yqjK_yqjD_yqjC_predicted,0.2,4,4,TTGGCTAGGATGCGTCTCGG,0,5198887
yqjE_yqjK_yqjD_yqjC_predicted,0.2,4,4,TTGGCACAGCTCTGAAATTG,0,5215124
yqjE_yqjK_yqjD_yqjC_predicted,0.2,4,4,TTGGCACAAGGTCGCTGTAT,0,5191665
yqjE_yqjK_yqjD_yqjC_predicted,0.2,4,4,TTGGATCGCGTTGGCTTAAC,0,5210269
yqjE_yqjK_yqjD_yqjC_predicted,0.2,4,4,TTGGAGAGGGAACTTTCGTC,0,5214840
yqjE_yqjK_yqjD_yqjC_predicted,0.2,4,4,TTGGACAATCGACGCCTTAA,0,5249721
yqjE_yqjK_yqjD_yqjC_predicted,0.2,4,4,TTGGAACGAAAACGAGCTGC,0,5256532
yqjE_yqjK_yqjD_yqjC_predicted,0.2,4,4,TTGCTATGAGGTAAAATGTT,0,5217699
yqjE_yqjK_yqjD_yqjC_predicted,0.2,4,4,TTGCGCAAATACTCGATTAG,0,5218978
yqjE_yqjK_yqjD_yqjC_predicted,0.2,4,4,TTGCCGGATGAAGGTAAGTC,0,5247836
yqjE_yqjK_yqjD_yqjC_predicted,0.2,4,4,TTGCCGAAGAAGTCAGCGTA,0,5251514
yqjE_yqjK_yqjD_yqjC_predicted,0.2,4,4,TTGCCACGGCCTGGCCAAGT,0,5206663
yqjE_yqjK_yqjD_yqjC_predicted,0.2,4,4,TTGCAGTCCCCTAACCGAGA,0,5253703
yqjE_yqjK_yqjD_yqjC_predicted,0.2,4,4,TTGCACTTAGCGGTCAGGTT,0,5213498
yqjE_yqjK_yqjD_yqjC_predicted,0.2,4,4,TTGATTCCAGTGCGAACTCC,0,5192543
yqjE_yqjK_yqjD_yqjC_predicted,0.2,4,4,TTGACCGACTGGATCTGGGC,0,5190757
yqjE_yqjK_yqjD_yqjC_predicted,0.2,4,4,TTGACCCGAAAGATATGGTG,0,5177683
yqjE_yqjK_yqjD_yqjC_predicted,0.2,4,4,TTGAATCGAAGCTCGGTGTA,0,5216702
yqjE_yqjK_yqjD_yqjC_predicted,0.2,4,4,TTGAACGCGAGGATCCACGC,0,5207480
yqjE_yqjK_yqjD_yqjC_predicted,0.2,4,4,TTCTTTGGTTGCTCCGTTGA,0,5256803
yqjE_yqjK_yqjD_yqjC_predicted,0.2,4,4,TTCTTTGATTTCAACGGAGA,0,5221221
yqjE_yqjK_yqjD_yqjC_predicted,0.2,4,4,TTCTTGCGGGGAGCTGGTTG,0,5201965
yqjE_yqjK_yqjD_yqjC_predicted,0.2,4,4,TTCTTGACTTCAATACCATC,0,5258274
yqjE_yqjK_yqjD_yqjC_predicted,0.2,4,4,TTCTGTTCGAGCGGAGAAGT,0,5190518
yqjE_yqjK_yqjD_yqjC_predicted,0.2,4,4,TTCTGGGCTGGTTTAGAGAG,0,5185293
yqjE_yqjK_yqjD_yqjC_predicted,0.2,4,4,TTCTGGATCCAACCCATCAG,0,5219383
yqjE_yqjK_yqjD_yqjC_predicted,0.2,4,4,TTCTGCAATTACCGCCTATG,0,5223088
yqjE_yqjK_yqjD_yqjC_predicted,0.2,4,4,TTCTCGAGCTGCGTTCATGA,0,5243805
yqjE_yqjK_yqjD_yqjC_predicted,0.2,4,4,TTCTAAAGCTATTTATGTTT,0,5217898
yqjE_yqjK_yqjD_yqjC_predicted,0.2,4,4,TTCGTCATGACGGTGTCCAG,0,5248509
yqjE_yqjK_yqjD_yqjC_predicted,0.2,4,4,TTCGCTCGTAACACAGGTTT,0,5185836
yqjE_yqjK_yqjD_yqjC_predicted,0.2,4,4,TTCGCATCCCGCCATAAGAA,0,5213258
yqjE_yqjK_yqjD_yqjC_predicted,0.2,4,4,TTCGAGTCTATGCGCGTGAG,0,5195020
yqjE_yqjK_yqjD_yqjC_predicted,0.2,4,4,TTCGAGCGTTGGGGTTATAT,0,5259949
yqjE_yqjK_yqjD_yqjC_predicted,0.2,4,4,TTCCGCCCCGGATCTCTAGA,0,5194884
yqjE_yqjK_yqjD_yqjC_predicted,0.2,4,4,TTCCCCAACAGGGATGTAGT,0,5182024
yqjE_yqjK_yqjD_yqjC_predicted,0.2,4,4,TTCCATAATTCGGCACTGGT,0,5206796
yqjE_yqjK_yqjD_yqjC_predicted,0.2,4,4,TTCCACTCCGAGCGCGGTCA,0,5205847
yqjE_yqjK_yqjD_yqjC_predicted,0.2,4,4,TTCATTCTGCTACCTGGGGG,0,5220770
yqjE_yqjK_yqjD_yqjC_predicted,0.2,4,4,TTCATGATAAACCTTGTGAC,0,5208080
yqjE_yqjK_yqjD_yqjC_predicted,0.2,4,4,TTCATGAGCGCATTTACAGC,0,5194736
yqjE_yqjK_yqjD_yqjC_predicted,0.2,4,4,TTCAGGTCATTTTTGTATGG,0,5229602
yqjE_yqjK_yqjD_yqjC_predicted,0.2,4,4,TTCAGGAGGGCATGCTGTGC,0,5211425
yqjE_yqjK_yqjD_yqjC_predicted,0.2,4,4,TTCAGCTGCTAATGTTACTG,0,5238656
yqjE_yqjK_yqjD_yqjC_predicted,0.2,4,4,TTCACGCACTAATAAAAACA,0,5252561
yqjE_yqjK_yqjD_yqjC_predicted,0.2,4,4,TTCAATTAATCCAGTACCCT,0,5232734
yqjE_yqjK_yqjD_yqjC_predicted,0.2,4,4,TTCAAGCACTCAAAGGCGAC,0,5201151
yqjE_yqjK_yqjD_yqjC_predicted,0.2,4,4,TTATCTGGAGTTGTCTGATC,0,5228185
yqjE_yqjK_yqjD_yqjC_predicted,0.2,4,4,TTATCACCAATGCCACCCAG,0,5258520
yqjE_yqjK_yqjD_yqjC_predicted,0.2,4,4,TTATATCAGCTATACGGATA,0,5234435
yqjE_yqjK_yqjD_yqjC_predicted,0.2,4,4,TTAGTCGTACTTTCGAAGAG,0,5213205
yqjE_yqjK_yqjD_yqjC_predicted,0.2,4,4,TTAGTAAATCACGTACAGAT,0,5219975
yqjE_yqjK_yqjD_yqjC_predicted,0.2,4,4,TTAGGTCGATTCTAACCTTT,0,5243923
yqjE_yqjK_yqjD_yqjC_predicted,0.2,4,4,TTAGCGGCCTACTCTTCAGT,0,5240804
yqjE_yqjK_yqjD_yqjC_predicted,0.2,4,4,TTAGCCACCAGTTTGACAGG,0,5251074
yqjE_yqjK_yqjD_yqjC_predicted,0.2,4,4,TTAGAGTTCCTCTTTAGTAA,0,5211825
yqjE_yqjK_yqjD_yqjC_predicted,0.2,4,4,TTAGAGAACGGTGAGAAATC,0,5250030
yqjE_yqjK_yqjD_yqjC_predicted,0.2,4,4,TTACTCGTGTATGCTTAAGG,0,5221087
yqjE_yqjK_yqjD_yqjC_predicted,0.2,4,4,TTACGGGCAGACGTTGTCCC,0,5218392
yqjE_yqjK_yqjD_yqjC_predicted,0.2,4,4,TTACGCCTTTCGCCGAACAC,0,5196261
yqjE_yqjK_yqjD_yqjC_predicted,0.2,4,4,TTACGCCACGCCTCCTTTTG,0,5217515
yqjE_yqjK_yqjD_yqjC_predicted,0.2,4,4,TTACCTGAATCATGCTGTTA,0,5184000
yqjE_yqjK_yqjD_yqjC_predicted,0.2,4,4,TTAATGGGTTGAGAGGATCT,0,5202510
yqjE_yqjK_yqjD_yqjC_predicted,0.2,4,4,TTAAGGTAGGCCTAACCCAT,0,5203304
yqjE_yqjK_yqjD_yqjC_predicted,0.2,4,4,TGTTTTCAATATAGTTGGCC,0,5216551
yqjE_yqjK_yqjD_yqjC_predicted,0.2,4,4,TGTTTGTCCCTGTCTCAAGG,0,5256467
yqjE_yqjK_yqjD_yqjC_predicted,0.2,4,4,TGTTTATTCCACGCACGACC,0,5182811
yqjE_yqjK_yqjD_yqjC_predicted,0.2,4,4,TGTTTAGACGCGGTATTTCA,0,5209644
yqjE_yqjK_yqjD_yqjC_predicted,0.2,4,4,TGTTGTCAGTTCGGCAGGTT,0,5186417
yqjE_yqjK_yqjD_yqjC_predicted,0.2,4,4,TGTTGCCCGGACCAGGGCCA,0,5170869
yqjE_yqjK_yqjD_yqjC_predicted,0.2,4,4,TGTTCTTGCAAACGTATGTC,0,5203372
yqjE_yqjK_yqjD_yqjC_predicted,0.2,4,4,TGTTCTGAAACTGCCTCTGC,0,5199858
yqjE_yqjK_yqjD_yqjC_predicted,0.2,4,4,TGTTCGACAGAGACCTATGT,0,5178601
yqjE_yqjK_yqjD_yqjC_predicted,0.2,4,4,TGTTCCTATTTGGACCGCGC,0,5192837
yqjE_yqjK_yqjD_yqjC_predicted,0.2,4,4,TGTTCCGGGCTTTATTAAAA,0,5190685
yqjE_yqjK_yqjD_yqjC_predicted,0.2,4,4,TGTTAGTACAAACGCGAATA,0,5215872
yqjE_yqjK_yqjD_yqjC_predicted,0.2,4,4,TGTTAGGGTTTTGGTCACCC,0,5233871
yqjE_yqjK_yqjD_yqjC_predicted,0.2,4,4,TGTTAGCCGGAAGGAAAGAT,0,5237830
yqjE_yqjK_yqjD_yqjC_predicted,0.2,4,4,TGTGTCGAAATTCCCCGTCT,0,5247485
yqjE_yqjK_yqjD_yqjC_predicted,0.2,4,4,TGTGTAGGTCCATGTCGTAT,0,5211056
yqjE_yqjK_yqjD_yqjC_predicted,0.2,4,4,TGTGGTCAGCCGTGACAGAG,0,5228281
yqjE_yqjK_yqjD_yqjC_predicted,0.2,4,4,TGTGGCGCGAAGTGTGGATC,0,5224093
yqjE_yqjK_yqjD_yqjC_predicted,0.2,4,4,TGTGGCACCTTTCTCTGTGC,0,5222246
yqjE_yqjK_yqjD_yqjC_predicted,0.2,4,4,TGTGCTTACGGGCCGCCCTC,0,5223221
yqjE_yqjK_yqjD_yqjC_predicted,0.2,4,4,TGTGATTTTGGTTTCGTATA,0,5191242
yqjE_yqjK_yqjD_yqjC_predicted,0.2,4,4,TGTGATCCTTCGGCGGTTGA,0,5259676
yqjE_yqjK_yqjD_yqjC_predicted,0.2,4,4,TGTGACTACAGAATTCATAT,0,5232572
yqjE_yqjK_yqjD_yqjC_predicted,0.2,4,4,TGTGAATCAATGGATAGCTC,0,5174092
yqjE_yqjK_yqjD_yqjC_predicted,0.2,4,4,TGTCTCGAATTCAAATACAA,0,5206447
yqjE_yqjK_yqjD_yqjC_predicted,0.2,4,4,TGTCTAGGTCAGGTGACGTT,0,5206698
yqjE_yqjK_yqjD_yqjC_predicted,0.2,4,4,TGTCTAGCAGGTGGGAGCTC,0,5240330
yqjE_yqjK_yqjD_yqjC_predicted,0.2,4,4,TGTCGCAATGCGTATGCTGG,0,5191889
yqjE_yqjK_yqjD_yqjC_predicted,0.2,4,4,TGTCCAGTGACGGGGTAGCG,0,5250131
yqjE_yqjK_yqjD_yqjC_predicted,0.2,4,4,TGTCATTTTACAGGATGACG,0,5247127
yqjE_yqjK_yqjD_yqjC_predicted,0.2,4,4,TGTCATGGCAAGTGTTGAAC,0,5172819
yqjE_yqjK_yqjD_yqjC_predicted,0.2,4,4,TGTCACCGTTTCGCTTCATT,0,5186198
yqjE_yqjK_yqjD_yqjC_predicted,0.2,4,4,TGTCAACAAGCTCATGGAAT,0,5182595
yqjE_yqjK_yqjD_yqjC_predicted,0.2,4,4,TGTATGTTAACCGTGTACCT,0,5229261
yqjE_yqjK_yqjD_yqjC_predicted,0.2,4,4,TGTAGTTCCGCTCGTTAAAT,0,5175896
yqjE_yqjK_yqjD_yqjC_predicted,0.2,4,4,TGTAGCGCTTTGAGACAGTA,0,5236405
yqjE_yqjK_yqjD_yqjC_predicted,0.2,4,4,TGTAGAGCTGAAATCTACTT,0,5179064
yqjE_yqjK_yqjD_yqjC_predicted,0.2,4,4,TGTAGACTTCCGACGGGGGG,0,5213629
yqjE_yqjK_yqjD_yqjC_predicted,0.2,4,4,TGTACGGAGGAAGACGCGTA,0,5237966
yqjE_yqjK_yqjD_yqjC_predicted,0.2,4,4,TGTACCATGTCACTTCTAAA,0,5238949
yqjE_yqjK_yqjD_yqjC_predicted,0.2,4,4,TGTACAGGCAGCCAGAGTAA,0,5175240
yqjE_yqjK_yqjD_yqjC_predicted,0.2,4,4,TGTAATTGAGTAAATCCAGT,0,5189260
yqjE_yqjK_yqjD_yqjC_predicted,0.2,4,4,TGTAATTATCCCGACTTTAG,0,5195135
yqjE_yqjK_yqjD_yqjC_predicted,0.2,4,4,TGTAAGATGATTCTATTAAC,0,5246372
yqjE_yqjK_yqjD_yqjC_predicted,0.2,4,4,TGGTGGTGTGGTCTATTCAA,0,5177033
yqjE_yqjK_yqjD_yqjC_predicted,0.2,4,4,TGGTGCGGATCGACACTTCT,0,5204883
yqjE_yqjK_yqjD_yqjC_predicted,0.2,4,4,TGGTCTGTTTTGTCTGGCTC,0,5200152
yqjE_yqjK_yqjD_yqjC_predicted,0.2,4,4,TGGTACTACCCCCAGCTCAG,0,5209803
yqjE_yqjK_yqjD_yqjC_predicted,0.2,4,4,TGGGTCCTACACTCGTCGTC,0,5209470
yqjE_yqjK_yqjD_yqjC_predicted,0.2,4,4,TGGGGCCACGGACGGGGTTG,0,5177093
yqjE_yqjK_yqjD_yqjC_predicted,0.2,4,4,TGGGGATAGCCCGAGTGAGC,0,5224718
yqjE_yqjK_yqjD_yqjC_predicted,0.2,4,4,TGGGATTTTGGATGTTGCTA,0,5206226
yqjE_yqjK_yqjD_yqjC_predicted,0.2,4,4,TGGGATTTAGCGGGCGGTCA,0,5218498
yqjE_yqjK_yqjD_yqjC_predicted,0.2,4,4,TGGGATACAGCAACGCAATT,0,5207508
yqjE_yqjK_yqjD_yqjC_predicted,0.2,4,4,TGGGAACCAGGTCTTGTTCT,0,5186726
yqjE_yqjK_yqjD_yqjC_predicted,0.2,4,4,TGGCTTGGGCGTAGTAATCC,0,5256494
yqjE_yqjK_yqjD_yqjC_predicted,0.2,4,4,TGGCTGGTCCCTATGCATCA,0,5194157
yqjE_yqjK_yqjD_yqjC_predicted,0.2,4,4,TGGCGCTGGAACCCCAACTG,0,5218109
yqjE_yqjK_yqjD_yqjC_predicted,0.2,4,4,TGGCGAGCGCGTCCAGCGAT,0,5229116
yqjE_yqjK_yqjD_yqjC_predicted,0.2,4,4,TGGCCTTCAATGGCAGCCCC,0,5241477
yqjE_yqjK_yqjD_yqjC_predicted,0.2,4,4,TGGCCTAGTATAGTGCGTGG,0,5252964
yqjE_yqjK_yqjD_yqjC_predicted,0.2,4,4,TGGCCGCTTATCACCCCCAG,0,5220693
yqjE_yqjK_yqjD_yqjC_predicted,0.2,4,4,TGGCCACCTTGGACCTCTCC,0,5231777
yqjE_yqjK_yqjD_yqjC_predicted,0.2,4,4,TGGCAGTAGTTAACGCGTCA,0,5189849
yqjE_yqjK_yqjD_yqjC_predicted,0.2,4,4,TGGACGTTTGATGTTGCTCC,0,5184640
yqjE_yqjK_yqjD_yqjC_predicted,0.2,4,4,TGGACGTCTATAAAGACGCA,0,5227323
yqjE_yqjK_yqjD_yqjC_predicted,0.2,4,4,TGGACGTCCATTTCTCCACC,0,5182841
yqjE_yqjK_yqjD_yqjC_predicted,0.2,4,4,TGCTTAACGCAGGCTCTTTT,0,5202976
yqjE_yqjK_yqjD_yqjC_predicted,0.2,4,4,TGCTTAAACGGGTGCACGAA,0,5210113
yqjE_yqjK_yqjD_yqjC_predicted,0.2,4,4,TGCTGTCGGGAAATAAGACA,0,5223887
yqjE_yqjK_yqjD_yqjC_predicted,0.2,4,4,TGCTGGATGCAGCAATACAC,0,5204783
yqjE_yqjK_yqjD_yqjC_predicted,0.2,4,4,TGCTCGTTCACTGCGTTATT,0,5178043
yqjE_yqjK_yqjD_yqjC_predicted,0.2,4,4,TGCTCGAGGTGGGAACGGAA,0,5228709
yqjE_yqjK_yqjD_yqjC_predicted,0.2,4,4,TGCTAGCGTCGCGGTGCCTT,0,5199490
yqjE_yqjK_yqjD_yqjC_predicted,0.2,4,4,TGCTACAGTATCTGGCGGTC,0,5181312
yqjE_yqjK_yqjD_yqjC_predicted,0.2,4,4,TGCGGTATCCCCGTTGATGA,0,5205945
yqjE_yqjK_yqjD_yqjC_predicted,0.2,4,4,TGCGGCTTGTTTGCTTTATA,0,5176394
yqjE_yqjK_yqjD_yqjC_predicted,0.2,4,4,TGCGGCACGGAGTATATCAA,0,5178208
yqjE_yqjK_yqjD_yqjC_predicted,0.2,4,4,TGCGGACACCATATGCTGAG,0,5199625
yqjE_yqjK_yqjD_yqjC_predicted,0.2,4,4,TGCGCGGAATAGTTCGAATT,0,5173435
yqjE_yqjK_yqjD_yqjC_predicted,0.2,4,4,TGCGCCGGTTGCACCTCAAA,0,5196804
yqjE_yqjK_yqjD_yqjC_predicted,0.2,4,4,TGCGCAGAACGGCAAAATTG,0,5177309
yqjE_yqjK_yqjD_yqjC_predicted,0.2,4,4,TGCGCACTTGAAAACCGGCG,0,5199133
yqjE_yqjK_yqjD_yqjC_predicted,0.2,4,4,TGCGATTAATTCGTCCCACC,0,5196189
yqjE_yqjK_yqjD_yqjC_predicted,0.2,4,4,TGCGAGTGATCCAATCCAGT,0,5181422
yqjE_yqjK_yqjD_yqjC_predicted,0.2,4,4,TGCGACTGAGACTAAAAGCA,0,5196592
yqjE_yqjK_yqjD_yqjC_predicted,0.2,4,4,TGCCTGTGTGGTGGCATGTA,0,5229277
yqjE_yqjK_yqjD_yqjC_predicted,0.2,4,4,TGCCTGAGAGAATTTGAAGG,0,5191098
yqjE_yqjK_yqjD_yqjC_predicted,0.2,4,4,TGCCGTAGGACTGATTAAAC,0,5176085
yqjE_yqjK_yqjD_yqjC_predicted,0.2,4,4,TGCCGGTTCACTCTCGCTGA,0,5185477
yqjE_yqjK_yqjD_yqjC_predicted,0.2,4,4,TGCCCTGTAGTATAGGGGAC,0,5203917
yqjE_yqjK_yqjD_yqjC_predicted,0.2,4,4,TGCCCTCCCTGCTACCGTAT,0,5227132
yqjE_yqjK_yqjD_yqjC_predicted,0.2,4,4,TGCCCAGATCGTCTCACAGA,0,5223880
yqjE_yqjK_yqjD_yqjC_predicted,0.2,4,4,TGCCCACTAGGAATTCGACC,0,5202410
yqjE_yqjK_yqjD_yqjC_predicted,0.2,4,4,TGCCAAGTTTTGAGCCTCAG,0,5245269
yqjE_yqjK_yqjD_yqjC_predicted,0.2,4,4,TGCACCTAACCGAAACTAAG,0,5175390
yqjE_yqjK_yqjD_yqjC_predicted,0.2,4,4,TGCAATGATGCACACTCATA,0,5205424
yqjE_yqjK_yqjD_yqjC_predicted,0.2,4,4,TGCAAGATTTATCAGATAGC,0,5191680
yqjE_yqjK_yqjD_yqjC_predicted,0.2,4,4,TGCAAGATTCTTTTTGTTTT,0,5242639
yqjE_yqjK_yqjD_yqjC_predicted,0.2,4,4,TGCAAATGGCGGTGTTGCCC,0,5241351
yqjE_yqjK_yqjD_yqjC_predicted,0.2,4,4,TGCAAACGCTTACGGCCACC,0,5233715
yqjE_yqjK_yqjD_yqjC_predicted,0.2,4,4,TGCAAACATCCAGGTAAAGT,0,5234432
yqjE_yqjK_yqjD_yqjC_predicted,0.2,4,4,TGATTCTTAACCATTGCCGC,0,5232524
yqjE_yqjK_yqjD_yqjC_predicted,0.2,4,4,TGATTCACCAGATTATTCTG,0,5239265
yqjE_yqjK_yqjD_yqjC_predicted,0.2,4,4,TGATGTATTCGACCCCGTTA,0,5172640
yqjE_yqjK_yqjD_yqjC_predicted,0.2,4,4,TGATGGTAATGCTCTACGCA,0,5219581
yqjE_yqjK_yqjD_yqjC_predicted,0.2,4,4,TGATCGAGGGTAGCGCTTGG,0,5247931
yqjE_yqjK_yqjD_yqjC_predicted,0.2,4,4,TGATCGAGCCAATACAGGTT,0,5232203
yqjE_yqjK_yqjD_yqjC_predicted,0.2,4,4,TGATCCGGCCCTTTGCACCA,0,5256676
yqjE_yqjK_yqjD_yqjC_predicted,0.2,4,4,TGAGTTTTAACATATAGCTC,0,5214016
yqjE_yqjK_yqjD_yqjC_predicted,0.2,4,4,TGAGTTAGTCATCGACCATT,0,5189360
yqjE_yqjK_yqjD_yqjC_predicted,0.2,4,4,TGAGTCACAATATACAGTGG,0,5255685
yqjE_yqjK_yqjD_yqjC_predicted,0.2,4,4,TGAGGTTGAGACTCGGCGCA,0,5207603
yqjE_yqjK_yqjD_yqjC_predicted,0.2,4,4,TGAGGCTGGTTAAACCCGGT,0,5209050
yqjE_yqjK_yqjD_yqjC_predicted,0.2,4,4,TGAGCGGTCGATGGAGACCA,0,5177798
yqjE_yqjK_yqjD_yqjC_predicted,0.2,4,4,TGAGCCTTTGCGCCTTGCTG,0,5182180
yqjE_yqjK_yqjD_yqjC_predicted,0.2,4,4,TGAGATACCTTCAGGCAGAA,0,5203918
yqjE_yqjK_yqjD_yqjC_predicted,0.2,4,4,TGAGAGCAACTCCCGCCGGG,0,5247499
yqjE_yqjK_yqjD_yqjC_predicted,0.2,4,4,TGACTGGGTCCTCTGCGTTC,0,5232796
yqjE_yqjK_yqjD_yqjC_predicted,0.2,4,4,TGACTCTTGGAATGCATTCG,0,5190411
yqjE_yqjK_yqjD_yqjC_predicted,0.2,4,4,TGACGGATTAATCGTCACAG,0,5222305
yqjE_yqjK_yqjD_yqjC_predicted,0.2,4,4,TGACGCTCGTGGAGAATAAA,0,5248498
yqjE_yqjK_yqjD_yqjC_predicted,0.2,4,4,TGACCTATCGACCCCGAAAA,0,5223572
yqjE_yqjK_yqjD_yqjC_predicted,0.2,4,4,TGACCCACGAGTCTGAGACT,0,5190279
yqjE_yqjK_yqjD_yqjC_predicted,0.2,4,4,TGACATCCTATGAGTTCACC,0,5176098
yqjE_yqjK_yqjD_yqjC_predicted,0.2,4,4,TGAATTGGAGCGCCCCAGCT,0,5187507
yqjE_yqjK_yqjD_yqjC_predicted,0.2,4,4,TGAAGTAACAGGCAAAACTT,0,5223712
yqjE_yqjK_yqjD_yqjC_predicted,0.2,4,4,TGAAGCGTACGTAGTCTTCC,0,5175032
yqjE_yqjK_yqjD_yqjC_predicted,0.2,4,4,TGAAAAAGGTGACTGAAGCT,0,5180911
yqjE_yqjK_yqjD_yqjC_predicted,0.2,4,4,TCTTGAGAGGGATCAAGATT,0,5176308
yqjE_yqjK_yqjD_yqjC_predicted,0.2,4,4,TCTTGACATAGCAGTCTAGT,0,5176459
yqjE_yqjK_yqjD_yqjC_predicted,0.2,4,4,TCTTCTGTTCCTGAGGTTGT,0,5230006
yqjE_yqjK_yqjD_yqjC_predicted,0.2,4,4,TCTTCGATTTCTTACCCTAC,0,5251454
yqjE_yqjK_yqjD_yqjC_predicted,0.2,4,4,TCTTATTGGCGACGACGGTT,0,5224268
yqjE_yqjK_yqjD_yqjC_predicted,0.2,4,4,TCTTATTAGGGTCCTACGGC,0,5176589
yqjE_yqjK_yqjD_yqjC_predicted,0.2,4,4,TCTTAATACATTTCAAAGAT,0,5185930
yqjE_yqjK_yqjD_yqjC_predicted,0.2,4,4,TCTGTTCGGTGTTAAGAGTT,0,5242781
yqjE_yqjK_yqjD_yqjC_predicted,0.2,4,4,TCTGTGGTTCTCAATAATCG,0,5194154
yqjE_yqjK_yqjD_yqjC_predicted,0.2,4,4,TCTGTCGCGTCACTATGCCT,0,5192124
yqjE_yqjK_yqjD_yqjC_predicted,0.2,4,4,TCTGGGCAGGAATCGGTCGT,0,5218376
yqjE_yqjK_yqjD_yqjC_predicted,0.2,4,4,TCTGGCTTCGAATGGGAACG,0,5186181
yqjE_yqjK_yqjD_yqjC_predicted,0.2,4,4,TCTGCGTATAAACCCGGCAA,0,5189238
yqjE_yqjK_yqjD_yqjC_predicted,0.2,4,4,TCTGCCGTTCTAAAATCTGG,0,5221096
yqjE_yqjK_yqjD_yqjC_predicted,0.2,4,4,TCTGCATCACTGACGTGCTT,0,5219853
yqjE_yqjK_yqjD_yqjC_predicted,0.2,4,4,TCTCTATGAGACTCAGGGAG,0,5199098
yqjE_yqjK_yqjD_yqjC_predicted,0.2,4,4,TCTCGGTGTACGACATCCTC,0,5178641
yqjE_yqjK_yqjD_yqjC_predicted,0.2,4,4,TCTCGCGATGGGCCGTTACC,0,5229624
yqjE_yqjK_yqjD_yqjC_predicted,0.2,4,4,TCTCCCATTAGCGCGTCGCA,0,5193183
yqjE_yqjK_yqjD_yqjC_predicted,0.2,4,4,TCTCATCCCTTGCGGGCAAA,0,5201618
yqjE_yqjK_yqjD_yqjC_predicted,0.2,4,4,TCTCACGCGCGCTTCCACCC,0,5222773
yqjE_yqjK_yqjD_yqjC_predicted,0.2,4,4,TCTATCGAGGATACTAGCAA,0,5217124
yqjE_yqjK_yqjD_yqjC_predicted,0.2,4,4,TCTAGTGTGGTTCTACTTCA,0,5173690
yqjE_yqjK_yqjD_yqjC_predicted,0.2,4,4,TCTAGAGCGTTCACCTGAGG,0,5177940
yqjE_yqjK_yqjD_yqjC_predicted,0.2,4,4,TCTAAGTGGATTTCCAGAGG,0,5174256
yqjE_yqjK_yqjD_yqjC_predicted,0.2,4,4,TCTAACGGGCACACCGGTTC,0,5215061
yqjE_yqjK_yqjD_yqjC_predicted,0.2,4,4,TCGTTGGTCGGGGTAGATAC,0,5177643
yqjE_yqjK_yqjD_yqjC_predicted,0.2,4,4,TCGTGTTAGGTCCAGACATT,0,5239117
yqjE_yqjK_yqjD_yqjC_predicted,0.2,4,4,TCGTGGGGTACCCATGGAGT,0,5231823
yqjE_yqjK_yqjD_yqjC_predicted,0.2,4,4,TCGTGGCCGGGATGCCGAAT,0,5188733
yqjE_yqjK_yqjD_yqjC_predicted,0.2,4,4,TCGTGCAGCATTGGACGTGA,0,5257837
yqjE_yqjK_yqjD_yqjC_predicted,0.2,4,4,TCGTATGCCACGTACGTTTG,0,5223478
yqjE_yqjK_yqjD_yqjC_predicted,0.2,4,4,TCGTACGCACCAAAGTGTCC,0,5214438
yqjE_yqjK_yqjD_yqjC_predicted,0.2,4,4,TCGTACCCGTGCGAAGTCGG,0,5198791
yqjE_yqjK_yqjD_yqjC_predicted,0.2,4,4,TCGGTGTGTATGTTGACAGG,0,5239961
yqjE_yqjK_yqjD_yqjC_predicted,0.2,4,4,TCGGTCGTATTCACTGTACT,0,5208508
yqjE_yqjK_yqjD_yqjC_predicted,0.2,4,4,TCGGTATGATTCCGGAGCGT,0,5175373
yqjE_yqjK_yqjD_yqjC_predicted,0.2,4,4,TCGGTATACCATAACCAGTC,0,5233912
yqjE_yqjK_yqjD_yqjC_predicted,0.2,4,4,TCGGGGAGAGATGTATATTG,0,5223341
yqjE_yqjK_yqjD_yqjC_predicted,0.2,4,4,TCGGGCCTAGATGTATGTAT,0,5207179
yqjE_yqjK_yqjD_yqjC_predicted,0.2,4,4,TCGGCGGGACTCCTGCTCTC,0,5178069
yqjE_yqjK_yqjD_yqjC_predicted,0.2,4,4,TCGGCAAATCTCGCTTCGTC,0,5195770
yqjE_yqjK_yqjD_yqjC_predicted,0.2,4,4,TCGGAGCATGTATAGTTATC,0,5259898
yqjE_yqjK_yqjD_yqjC_predicted,0.2,4,4,TCGGACCTATGGTAACCGGA,0,5198818
yqjE_yqjK_yqjD_yqjC_predicted,0.2,4,4,TCGGACCATAAACCCTCGAA,0,5230596
yqjE_yqjK_yqjD_yqjC_predicted,0.2,4,4,TCGCTAGGTTGTATTGTCAT,0,5225230
yqjE_yqjK_yqjD_yqjC_predicted,0.2,4,4,TCGCGTTTGTCTGGCTCGGA,0,5195559
yqjE_yqjK_yqjD_yqjC_predicted,0.2,4,4,TCGCGGAGGCTGCACTATTA,0,5239878
yqjE_yqjK_yqjD_yqjC_predicted,0.2,4,4,TCGCGAGGTGCAGATGTCCG,0,5251406
yqjE_yqjK_yqjD_yqjC_predicted,0.2,4,4,TCGCAGTGGACAGGTGTGTT,0,5236764
yqjE_yqjK_yqjD_yqjC_predicted,0.2,4,4,TCGCAACAATTAACAGAGTA,0,5253450
yqjE_yqjK_yqjD_yqjC_predicted,0.2,4,4,TCGATGGTTGGTACACACTG,0,5223264
yqjE_yqjK_yqjD_yqjC_predicted,0.2,4,4,TCGATAGTGCAAGAGCATAT,0,5208495
yqjE_yqjK_yqjD_yqjC_predicted,0.2,4,4,TCGATAGCTGAGCAGGAGGC,0,5224016
yqjE_yqjK_yqjD_yqjC_predicted,0.2,4,4,TCGACAGACGCTCGCACTGG,0,5206743
yqjE_yqjK_yqjD_yqjC_predicted,0.2,4,4,TCGAAAGAGACTCCCGTAGC,0,5207850
yqjE_yqjK_yqjD_yqjC_predicted,0.2,4,4,TCCTTCACGGAGGGGATTGG,0,5254988
yqjE_yqjK_yqjD_yqjC_predicted,0.2,4,4,TCCTTACCAATTCGAGACGA,0,5253418
yqjE_yqjK_yqjD_yqjC_predicted,0.2,4,4,TCCTGTCAAGCTCAGACAAT,0,5231735
yqjE_yqjK_yqjD_yqjC_predicted,0.2,4,4,TCCTGCCATACTATTTGTCA,0,5179780
yqjE_yqjK_yqjD_yqjC_predicted,0.2,4,4,TCCTCGTGAAGCCACTTGTT,0,5248977
yqjE_yqjK_yqjD_yqjC_predicted,0.2,4,4,TCCTCAATAACGTACTGCTT,0,5234583
yqjE_yqjK_yqjD_yqjC_predicted,0.2,4,4,TCCTCAAAGTACTTACAAAG,0,5256814
yqjE_yqjK_yqjD_yqjC_predicted,0.2,4,4,TCCTATCATGTGTCAGCTAG,0,5229961
yqjE_yqjK_yqjD_yqjC_predicted,0.2,4,4,TCCGTGGCCCCTCTGGCTCG,0,5235362
yqjE_yqjK_yqjD_yqjC_predicted,0.2,4,4,TCCGTATTTAACCATCTTAA,0,5212129
yqjE_yqjK_yqjD_yqjC_predicted,0.2,4,4,TCCGGAACACAAGAGGCTGC,0,5256349
yqjE_yqjK_yqjD_yqjC_predicted,0.2,4,4,TCCGATATGGGTCGAGTAGG,0,5179513
yqjE_yqjK_yqjD_yqjC_predicted,0.2,4,4,TCCCTCTGTGGTTGCTGTCC,0,5173534
yqjE_yqjK_yqjD_yqjC_predicted,0.2,4,4,TCCCTAGTCATTTGCTCGCA,0,5175459
yqjE_yqjK_yqjD_yqjC_predicted,0.2,4,4,TCCCCGACGATATTGTTGTA,0,5231785
yqjE_yqjK_yqjD_yqjC_predicted,0.2,4,4,TCCCCATCCCATTCCGGAGA,0,5198088
yqjE_yqjK_yqjD_yqjC_predicted,0.2,4,4,TCCCATTCTAATGTTTCGAC,0,5177738
yqjE_yqjK_yqjD_yqjC_predicted,0.2,4,4,TCCCATGTGAGCAACCGTGC,0,5188408
yqjE_yqjK_yqjD_yqjC_predicted,0.2,4,4,TCCCACAAGGTTTATTGTAG,0,5225467
yqjE_yqjK_yqjD_yqjC_predicted,0.2,4,4,TCCATTCTTATTCAGGTATT,0,5206929
yqjE_yqjK_yqjD_yqjC_predicted,0.2,4,4,TCCATATAGTGTGGAGTTGG,0,5261138
yqjE_yqjK_yqjD_yqjC_predicted,0.2,4,4,TCCAGGTAACGACCGTTAAC,0,5204363
yqjE_yqjK_yqjD_yqjC_predicted,0.2,4,4,TCCACGGCATTGGGGCTGCT,0,5235453
yqjE_yqjK_yqjD_yqjC_predicted,0.2,4,4,TCCACGCCTCCTATATCGCA,0,5192182
yqjE_yqjK_yqjD_yqjC_predicted,0.2,4,4,TCCAACCACGTTATTGTACA,0,5218518
yqjE_yqjK_yqjD_yqjC_predicted,0.2,4,4,TCATTCAATCGTGGTCGTCC,0,5252898
yqjE_yqjK_yqjD_yqjC_predicted,0.2,4,4,TCATCGTTGATTGTGTCAGA,0,5232255
yqjE_yqjK_yqjD_yqjC_predicted,0.2,4,4,TCATATTGTGGGACTCATGT,0,5222896
yqjE_yqjK_yqjD_yqjC_predicted,0.2,4,4,TCATATCGCATCCATACACG,0,5195878
yqjE_yqjK_yqjD_yqjC_predicted,0.2,4,4,TCATACACTTTAGACCCCCA,0,5184057
yqjE_yqjK_yqjD_yqjC_predicted,0.2,4,4,TCATACACTTGAGAAGTTTT,0,5254183
yqjE_yqjK_yqjD_yqjC_predicted,0.2,4,4,TCATAATTAGGTTATGAAAG,0,5196894
yqjE_yqjK_yqjD_yqjC_predicted,0.2,4,4,TCAGTCCAGCCGTCCAAACT,0,5235481
yqjE_yqjK_yqjD_yqjC_predicted,0.2,4,4,TCAGGTTCCATTTAGTTTCG,0,5258417
yqjE_yqjK_yqjD_yqjC_predicted,0.2,4,4,TCAGGGCTGAGCAGCAGGTG,0,5244107
yqjE_yqjK_yqjD_yqjC_predicted,0.2,4,4,TCAGGATGCAAGGACGCCGA,0,5241607
yqjE_yqjK_yqjD_yqjC_predicted,0.2,4,4,TCAGCCCGATATTTCTAGGG,0,5180542
yqjE_yqjK_yqjD_yqjC_predicted,0.2,4,4,TCAGCAATATTTGCCCAGGT,0,5189980
yqjE_yqjK_yqjD_yqjC_predicted,0.2,4,4,TCAGAGCGGTACCGTAGTAG,0,5254875
yqjE_yqjK_yqjD_yqjC_predicted,0.2,4,4,TCACTGTGGGCCGGATAAGA,0,5217603
yqjE_yqjK_yqjD_yqjC_predicted,0.2,4,4,TCACTCCTGCTGTAGCCCGT,0,5224566
yqjE_yqjK_yqjD_yqjC_predicted,0.2,4,4,TCAATGCGCTTAGAGGTAAC,0,5238671
yqjE_yqjK_yqjD_yqjC_predicted,0.2,4,4,TCAATCGTTGGGGGAGAAGT,0,5199997
yqjE_yqjK_yqjD_yqjC_predicted,0.2,4,4,TCAAGGTTCACGTTGCTCAC,0,5250662
yqjE_yqjK_yqjD_yqjC_predicted,0.2,4,4,TCAAATGCCAATACTCTGTG,0,5241162
yqjE_yqjK_yqjD_yqjC_predicted,0.2,4,4,TATTTTATAGATGAATTACG,0,5195859
yqjE_yqjK_yqjD_yqjC_predicted,0.2,4,4,TATTGGCCATTTTACTCGCG,0,5236470
yqjE_yqjK_yqjD_yqjC_predicted,0.2,4,4,TATTGCAAACTTCGCAAAAT,0,5243893
yqjE_yqjK_yqjD_yqjC_predicted,0.2,4,4,TATTCTGAGGACCGTGGAAA,0,5224239
yqjE_yqjK_yqjD_yqjC_predicted,0.2,4,4,TATTCGTACGACATGAGTAA,0,5178076
yqjE_yqjK_yqjD_yqjC_predicted,0.2,4,4,TATTCAAGACATATGGTGTA,0,5171344
yqjE_yqjK_yqjD_yqjC_predicted,0.2,4,4,TATTAGCTTGGACGTCGGTC,0,5227430
yqjE_yqjK_yqjD_yqjC_predicted,0.2,4,4,TATTACAATAGTGCGATTAA,0,5206302
yqjE_yqjK_yqjD_yqjC_predicted,0.2,4,4,TATGTACGGCACGCAATAAA,0,5251929
yqjE_yqjK_yqjD_yqjC_predicted,0.2,4,4,TATGTAAGGCTCCGTCACGT,0,5260742
yqjE_yqjK_yqjD_yqjC_predicted,0.2,4,4,TATGGGTTAGCCCCATACCA,0,5175374
yqjE_yqjK_yqjD_yqjC_predicted,0.2,4,4,TATGGGATCTCATGATATGG,0,5220305
yqjE_yqjK_yqjD_yqjC_predicted,0.2,4,4,TATGGGACTCCCGTTTGGTT,0,5197720
yqjE_yqjK_yqjD_yqjC_predicted,0.2,4,4,TATGGAGGGTCGAATGTGTT,0,5251685
yqjE_yqjK_yqjD_yqjC_predicted,0.2,4,4,TATGCCGAGCGGCCGGGGAT,0,5225683
yqjE_yqjK_yqjD_yqjC_predicted,0.2,4,4,TATGCCACTGGAAAACCTGT,0,5226352
yqjE_yqjK_yqjD_yqjC_predicted,0.2,4,4,TATGATGATCCAGCACGTAG,0,5225985
yqjE_yqjK_yqjD_yqjC_predicted,0.2,4,4,TATGATCCCGTTAAATGGTT,0,5244191
yqjE_yqjK_yqjD_yqjC_predicted,0.2,4,4,TATGAGTGTAACCGCCACAC,0,5223405
yqjE_yqjK_yqjD_yqjC_predicted,0.2,4,4,TATCTTACGAATATACGAAT,0,5255680
yqjE_yqjK_yqjD_yqjC_predicted,0.2,4,4,TATCTACCATTCCGCCATGG,0,5208040
yqjE_yqjK_yqjD_yqjC_predicted,0.2,4,4,TATCGCCAGCAATACGTATA,0,5203886
yqjE_yqjK_yqjD_yqjC_predicted,0.2,4,4,TATCGAGTCTTATGGTTAAG,0,5172890
yqjE_yqjK_yqjD_yqjC_predicted,0.2,4,4,TATCCAGATACGTAAGACTG,0,5216932
yqjE_yqjK_yqjD_yqjC_predicted,0.2,4,4,TATATTCGAGGGCACGGTGA,0,5251199
yqjE_yqjK_yqjD_yqjC_predicted,0.2,4,4,TATATGGGTATTAGAACCTC,0,5174422
yqjE_yqjK_yqjD_yqjC_predicted,0.2,4,4,TATATGGAGTTGGGTTGGTT,0,5246944
yqjE_yqjK_yqjD_yqjC_predicted,0.2,4,4,TATATGACTGCCAGGGACCA,0,5262447
yqjE_yqjK_yqjD_yqjC_predicted,0.2,4,4,TATATAGAAGCGCTCTTTTG,0,5201000
yqjE_yqjK_yqjD_yqjC_predicted,0.2,4,4,TATAGGACGCTTAGTAACCT,0,5221918
yqjE_yqjK_yqjD_yqjC_predicted,0.2,4,4,TATAGCCCTCTGCCCTGCGG,0,5253734
yqjE_yqjK_yqjD_yqjC_predicted,0.2,4,4,TATACTCGAGCCAGAAGCGT,0,5206366
yqjE_yqjK_yqjD_yqjC_predicted,0.2,4,4,TATACCAGGATTAGGCCTGT,0,5223777
yqjE_yqjK_yqjD_yqjC_predicted,0.2,4,4,TATAATCGGGGAACGCGATT,0,5230050
yqjE_yqjK_yqjD_yqjC_predicted,0.2,4,4,TATAAGCCCTGCTTGTTACA,0,5236128
yqjE_yqjK_yqjD_yqjC_predicted,0.2,4,4,TATAAGATACGGCATACTTA,0,5250679
yqjE_yqjK_yqjD_yqjC_predicted,0.2,4,4,TAGGTTGCCCATGGTGAAGT,0,5214599
yqjE_yqjK_yqjD_yqjC_predicted,0.2,4,4,TAGGTTAAATGTGCCCCCGT,0,5213487
yqjE_yqjK_yqjD_yqjC_predicted,0.2,4,4,TAGGTATCTCACGCCAACGT,0,5240588
yqjE_yqjK_yqjD_yqjC_predicted,0.2,4,4,TAGGGCGATCGGCTAATATG,0,5217244
yqjE_yqjK_yqjD_yqjC_predicted,0.2,4,4,TAGGGAGTAGGCGATGCCTG,0,5174406
yqjE_yqjK_yqjD_yqjC_predicted,0.2,4,4,TAGGGACGAAGGATCCACTC,0,5179500
yqjE_yqjK_yqjD_yqjC_predicted,0.2,4,4,TAGGCGACTACACTCAGTTC,0,5201007
yqjE_yqjK_yqjD_yqjC_predicted,0.2,4,4,TAGCTGGAGATGATCTGGAA,0,5252226
yqjE_yqjK_yqjD_yqjC_predicted,0.2,4,4,TAGCTCGCATCCGACACGAG,0,5257019
yqjE_yqjK_yqjD_yqjC_predicted,0.2,4,4,TAGCGGCTTAAGCCCTGTTG,0,5207075
yqjE_yqjK_yqjD_yqjC_predicted,0.2,4,4,TAGCCAGAGGGAGTCGCACA,0,5209068
yqjE_yqjK_yqjD_yqjC_predicted,0.2,4,4,TAGCATGTTGTGACGGCGTC,0,5224630
yqjE_yqjK_yqjD_yqjC_predicted,0.2,4,4,TAGCATCCGTTCCCAGCTGG,0,5229964
yqjE_yqjK_yqjD_yqjC_predicted,0.2,4,4,TAGCAAAAGTGCACCGCTCC,0,5173582
yqjE_yqjK_yqjD_yqjC_predicted,0.2,4,4,TAGATATGTATAGCAAGTTG,0,5171155
yqjE_yqjK_yqjD_yqjC_predicted,0.2,4,4,TAGAGGAATTTCACCCCTTA,0,5190667
yqjE_yqjK_yqjD_yqjC_predicted,0.2,4,4,TAGAGAGCCCTCAGCCGACT,0,5240591
yqjE_yqjK_yqjD_yqjC_predicted,0.2,4,4,TAGACCGTTGCAGCTCGGGG,0,5177283
yqjE_yqjK_yqjD_yqjC_predicted,0.2,4,4,TACTTGCATACTGAAATTTG,0,5183608
yqjE_yqjK_yqjD_yqjC_predicted,0.2,4,4,TACTTCTATCCAGTATCGCT,0,5201535
yqjE_yqjK_yqjD_yqjC_predicted,0.2,4,4,TACTGTTCGGGGGCCACGGC,0,5231003
yqjE_yqjK_yqjD_yqjC_predicted,0.2,4,4,TACTGCATCTGGAATACGGT,0,5241465
yqjE_yqjK_yqjD_yqjC_predicted,0.2,4,4,TACTATCGTAAAGTCGGGAA,0,5188870
yqjE_yqjK_yqjD_yqjC_predicted,0.2,4,4,TACTAATCTTTGGAATTTCA,0,5181286
yqjE_yqjK_yqjD_yqjC_predicted,0.2,4,4,TACTAAGCGCCCATTTCCCA,0,5195773
yqjE_yqjK_yqjD_yqjC_predicted,0.2,4,4,TACGTTATATTCAACGACCC,0,5194184
yqjE_yqjK_yqjD_yqjC_predicted,0.2,4,4,TACGGTGATGTTACGCTATA,0,5184402
yqjE_yqjK_yqjD_yqjC_predicted,0.2,4,4,TACGGCAGTTTAAGGTATAT,0,5255950
yqjE_yqjK_yqjD_yqjC_predicted,0.2,4,4,TACGGATTATTCGAAGTCAT,0,5194493
yqjE_yqjK_yqjD_yqjC_predicted,0.2,4,4,TACGCTTATATTGGGGACGC,0,5246235
yqjE_yqjK_yqjD_yqjC_predicted,0.2,4,4,TACGCCCGAGTCTGTAGTGG,0,5239625
yqjE_yqjK_yqjD_yqjC_predicted,0.2,4,4,TACGCAAGGCAACCGCAGGA,0,5240512
yqjE_yqjK_yqjD_yqjC_predicted,0.2,4,4,TACGACTTTCGGTGATACCC,0,5190251
yqjE_yqjK_yqjD_yqjC_predicted,0.2,4,4,TACGACCTCGGGTAGAGCTG,0,5199503
yqjE_yqjK_yqjD_yqjC_predicted,0.2,4,4,TACGACACGTTAGAAAACTC,0,5191871
yqjE_yqjK_yqjD_yqjC_predicted,0.2,4,4,TACCTGTTATAGAATTATGA,0,5198327
yqjE_yqjK_yqjD_yqjC_predicted,0.2,4,4,TACCTCTATACAGTCAATCG,0,5227286
yqjE_yqjK_yqjD_yqjC_predicted,0.2,4,4,TACCGGTGTGCCGTCTCTGG,0,5246086
yqjE_yqjK_yqjD_yqjC_predicted,0.2,4,4,TACCGCGGCACTGCAATTGC,0,5210768
yqjE_yqjK_yqjD_yqjC_predicted,0.2,4,4,TACCCCCTCACCGCGTGCTG,0,5240949
yqjE_yqjK_yqjD_yqjC_predicted,0.2,4,4,TACCCAGAGATAGCCGATAC,0,5255423
yqjE_yqjK_yqjD_yqjC_predicted,0.2,4,4,TACCCACAGGCGGGTAGACT,0,5192958
yqjE_yqjK_yqjD_yqjC_predicted,0.2,4,4,TACCATTCGCGCAAGGGTCT,0,5183785
yqjE_yqjK_yqjD_yqjC_predicted,0.2,4,4,TACATGTGGTTAACGCGTCA,0,5203274
yqjE_yqjK_yqjD_yqjC_predicted,0.2,4,4,TACAGTCCTCGGCTCGCTAA,0,5239535
yqjE_yqjK_yqjD_yqjC_predicted,0.2,4,4,TAATTTCGCACGCCTGTACT,0,5236337
yqjE_yqjK_yqjD_yqjC_predicted,0.2,4,4,TAATTGGTCAAGGGATGAGT,0,5216596
yqjE_yqjK_yqjD_yqjC_predicted,0.2,4,4,TAATTGGCAGTAAAGACGCC,0,5247428
yqjE_yqjK_yqjD_yqjC_predicted,0.2,4,4,TAATGTTGTTAGGTGTTGGG,0,5175311
yqjE_yqjK_yqjD_yqjC_predicted,0.2,4,4,TAATGTTGGTGCTGGAATGA,0,5204600
yqjE_yqjK_yqjD_yqjC_predicted,0.2,4,4,TAATGCCTGTTTCACTCCTC,0,5205548
yqjE_yqjK_yqjD_yqjC_predicted,0.2,4,4,TAATAGACTTAACCGTCTCA,0,5239611
yqjE_yqjK_yqjD_yqjC_predicted,0.2,4,4,TAAGTCCGCTACTTGTTGGT,0,5248030
yqjE_yqjK_yqjD_yqjC_predicted,0.2,4,4,TAAGGGAATCGGTTGGGTCA,0,5249288
yqjE_yqjK_yqjD_yqjC_predicted,0.2,4,4,TAAGGCGTCCAACCTTTGAT,0,5219620
yqjE_yqjK_yqjD_yqjC_predicted,0.2,4,4,TAAGCTGGACTTCCGCACTC,0,5196546
yqjE_yqjK_yqjD_yqjC_predicted,0.2,4,4,TAAGCTACTAAAGGGCAGCA,0,5237706
yqjE_yqjK_yqjD_yqjC_predicted,0.2,4,4,TAAGCGCTGTGGGATTTTGT,0,5173427
yqjE_yqjK_yqjD_yqjC_predicted,0.2,4,4,TAAGCAACCTCGCCCTTAGA,0,5215266
yqjE_yqjK_yqjD_yqjC_predicted,0.2,4,4,TAAGAACAAATAACCATTAC,0,5252318
yqjE_yqjK_yqjD_yqjC_predicted,0.2,4,4,TAAGAAAAACCGTATAGACT,0,5216411
yqjE_yqjK_yqjD_yqjC_predicted,0.2,4,4,TAACTAGATTTTACCAGTTC,0,5182772
yqjE_yqjK_yqjD_yqjC_predicted,0.2,4,4,TAACGTGTGGAGCAATCCCT,0,5202464
yqjE_yqjK_yqjD_yqjC_predicted,0.2,4,4,TAACGTCTTGCTCTCGTATG,0,5249076
yqjE_yqjK_yqjD_yqjC_predicted,0.2,4,4,TAACGCGTATGCGGGGATTC,0,5180372
yqjE_yqjK_yqjD_yqjC_predicted,0.2,4,4,TAACCACTTCTTGGGCGAGG,0,5173810
yqjE_yqjK_yqjD_yqjC_predicted,0.2,4,4,TAACACGTCACCGAGATATT,0,5234187
yqjE_yqjK_yqjD_yqjC_predicted,0.2,4,4,TAAATTCGCGGAAGAGCATA,0,5236622
yqjE_yqjK_yqjD_yqjC_predicted,0.2,4,4,TAAATCGATGGAGTTTGCAG,0,5204064
yqjE_yqjK_yqjD_yqjC_predicted,0.2,4,4,TAAACGCTGGTTGGTTCAGT,0,5184295
yqjE_yqjK_yqjD_yqjC_predicted,0.2,4,4,TAAAAGTGGTGTAGGGAGGC,0,5171361
yqjE_yqjK_yqjD_yqjC_predicted,0.2,4,4,GTTTTTATGGTACAGGGACG,0,5228927
yqjE_yqjK_yqjD_yqjC_predicted,0.2,4,4,GTTTTCGTGATGCTTTCCGA,0,5174080
yqjE_yqjK_yqjD_yqjC_predicted,0.2,4,4,GTTTTAGTTTGGTGTCTCCG,0,5225066
yqjE_yqjK_yqjD_yqjC_predicted,0.2,4,4,GTTTGCGGGTATTATAGGAG,0,5243910
yqjE_yqjK_yqjD_yqjC_predicted,0.2,4,4,GTTTGCACGCTACCCCCCTA,0,5228958
yqjE_yqjK_yqjD_yqjC_predicted,0.2,4,4,GTTTGAAAGCCACTCGATTA,0,5173846
yqjE_yqjK_yqjD_yqjC_predicted,0.2,4,4,GTTTCGGAAGCGGTGCGACA,0,5241279
yqjE_yqjK_yqjD_yqjC_predicted,0.2,4,4,GTTTATTTTAATACCCGGTG,0,5235788
yqjE_yqjK_yqjD_yqjC_predicted,0.2,4,4,GTTTATCTCAGTGCATGCTC,0,5259448
yqjE_yqjK_yqjD_yqjC_predicted,0.2,4,4,GTTTAGCAACTGAGAACGTT,0,5232369
yqjE_yqjK_yqjD_yqjC_predicted,0.2,4,4,GTTTAATCTGTGTGCAAACG,0,5199945
yqjE_yqjK_yqjD_yqjC_predicted,0.2,4,4,GTTGTACTTCATCACTGTAG,0,5219128
yqjE_yqjK_yqjD_yqjC_predicted,0.2,4,4,GTTGGTTGCGTCGTGAGATA,0,5234532
yqjE_yqjK_yqjD_yqjC_predicted,0.2,4,4,GTTGGTCGGCTGGTCGTGAT,0,5192337
yqjE_yqjK_yqjD_yqjC_predicted,0.2,4,4,GTTGGGAATCCGGAGTTCAA,0,5246903
yqjE_yqjK_yqjD_yqjC_predicted,0.2,4,4,GTTGGCTGGCAATGAGCAGA,0,5232446
yqjE_yqjK_yqjD_yqjC_predicted,0.2,4,4,GTTGCAAGTACGGCACTCAT,0,5252706
yqjE_yqjK_yqjD_yqjC_predicted,0.2,4,4,GTTGATTGGACACAAACGTA,0,5225406
yqjE_yqjK_yqjD_yqjC_predicted,0.2,4,4,GTTGACTTATCATTGCGGAT,0,5234495
yqjE_yqjK_yqjD_yqjC_predicted,0.2,4,4,GTTGACGGGAGACGACCGAC,0,5171889
yqjE_yqjK_yqjD_yqjC_predicted,0.2,4,4,GTTCGGACCCTCCTCGCACA,0,5188583
yqjE_yqjK_yqjD_yqjC_predicted,0.2,4,4,GTTCGAAGGTTAAAGCGGGG,0,5239608
yqjE_yqjK_yqjD_yqjC_predicted,0.2,4,4,GTTCCAGCGAGCAGCTCGTA,0,5202776
yqjE_yqjK_yqjD_yqjC_predicted,0.2,4,4,GTTCAGCAAAAAAGGAAGCT,0,5241111
yqjE_yqjK_yqjD_yqjC_predicted,0.2,4,4,GTTATTTTCCGCGAGCGCGC,0,5250038
yqjE_yqjK_yqjD_yqjC_predicted,0.2,4,4,GTTATTTGTATTTCTCTCAA,0,5183522
yqjE_yqjK_yqjD_yqjC_predicted,0.2,4,4,GTTATCATCTGGCTTCAGGA,0,5175352
yqjE_yqjK_yqjD_yqjC_predicted,0.2,4,4,GTTAGTACTTTTTGGAATCT,0,5227722
yqjE_yqjK_yqjD_yqjC_predicted,0.2,4,4,GTTAGGGTCTCGCAATACGT,0,5192735
yqjE_yqjK_yqjD_yqjC_predicted,0.2,4,4,GTGTTTCGACGGCGTATAGG,0,5186568
yqjE_yqjK_yqjD_yqjC_predicted,0.2,4,4,GTGTTGGTTACGGTACCCTT,0,5233582
yqjE_yqjK_yqjD_yqjC_predicted,0.2,4,4,GTGTTCTCCGTAGATTACAT,0,5230339
yqjE_yqjK_yqjD_yqjC_predicted,0.2,4,4,GTGTGTCCCGTAAAGGCAAA,0,5237857
yqjE_yqjK_yqjD_yqjC_predicted,0.2,4,4,GTGTGCAACACGTTTCTGTC,0,5225273
yqjE_yqjK_yqjD_yqjC_predicted,0.2,4,4,GTGTCTCGCGTGTGGTGAGG,0,5176472
yqjE_yqjK_yqjD_yqjC_predicted,0.2,4,4,GTGGTTATTGGACCAATCGT,0,5196540
yqjE_yqjK_yqjD_yqjC_predicted,0.2,4,4,GTGGTGCATAAGCTATAGGG,0,5209361
yqjE_yqjK_yqjD_yqjC_predicted,0.2,4,4,GTGGTCCATGTCTGACGCGT,0,5175400
yqjE_yqjK_yqjD_yqjC_predicted,0.2,4,4,GTGGTACATGATGCCCAATC,0,5172008
yqjE_yqjK_yqjD_yqjC_predicted,0.2,4,4,GTGGCCTGTACTGATAGCCC,0,5176270
yqjE_yqjK_yqjD_yqjC_predicted,0.2,4,4,GTGCTGAGGCTGAGCTGGGT,0,5251350
yqjE_yqjK_yqjD_yqjC_predicted,0.2,4,4,GTGCGTTTGCTGCTGGGTTG,0,5208437
yqjE_yqjK_yqjD_yqjC_predicted,0.2,4,4,GTGCGTAAGTAAGAGTCTCC,0,5244967
yqjE_yqjK_yqjD_yqjC_predicted,0.2,4,4,GTGCCAATGTTATTTAGCAC,0,5215513
yqjE_yqjK_yqjD_yqjC_predicted,0.2,4,4,GTGCAGGCGGAGATAGTTAG,0,5198480
yqjE_yqjK_yqjD_yqjC_predicted,0.2,4,4,GTGCACATTGGACTACCTGT,0,5228667
yqjE_yqjK_yqjD_yqjC_predicted,0.2,4,4,GTGCAAACAGCCAATCCGTA,0,5190074
yqjE_yqjK_yqjD_yqjC_predicted,0.2,4,4,GTGATGACACGGGCGTTCCC,0,5212997
yqjE_yqjK_yqjD_yqjC_predicted,0.2,4,4,GTGATAAATCTTGGCGCCAT,0,5187504
yqjE_yqjK_yqjD_yqjC_predicted,0.2,4,4,GTGAGGAGCTACAACCTCCG,0,5173142
yqjE_yqjK_yqjD_yqjC_predicted,0.2,4,4,GTGACATTCCATAACGCAGA,0,5195829
yqjE_yqjK_yqjD_yqjC_predicted,0.2,4,4,GTGACAATCTCCAGGCGAAG,0,5260639
yqjE_yqjK_yqjD_yqjC_predicted,0.2,4,4,GTGAAGGTACCGAGATGATT,0,5191086
yqjE_yqjK_yqjD_yqjC_predicted,0.2,4,4,GTCTTGTGAACCGCGTAATA,0,5182618
yqjE_yqjK_yqjD_yqjC_predicted,0.2,4,4,GTCTGGCGTAGGTGTCGGGT,0,5222121
yqjE_yqjK_yqjD_yqjC_predicted,0.2,4,4,GTCTGGCCCTAGGGGATGTT,0,5193626
yqjE_yqjK_yqjD_yqjC_predicted,0.2,4,4,GTCTGCAAGTCGAAGTGATA,0,5172708
yqjE_yqjK_yqjD_yqjC_predicted,0.2,4,4,GTCTGAGCACATGGATTGGA,0,5248507
yqjE_yqjK_yqjD_yqjC_predicted,0.2,4,4,GTCTCCATCGGTGGGTGCAT,0,5237709
yqjE_yqjK_yqjD_yqjC_predicted,0.2,4,4,GTCTAGGGTTCTACATTAGC,0,5175449
yqjE_yqjK_yqjD_yqjC_predicted,0.2,4,4,GTCTAATGAAATGAGAACAC,0,5241060
yqjE_yqjK_yqjD_yqjC_predicted,0.2,4,4,GTCGGTATAATCATCCGTGG,0,5234523
yqjE_yqjK_yqjD_yqjC_predicted,0.2,4,4,GTCGGTAACCCGTAACCTAC,0,5244519
yqjE_yqjK_yqjD_yqjC_predicted,0.2,4,4,GTCGGCCTGGGGACCCCTGC,0,5196942
yqjE_yqjK_yqjD_yqjC_predicted,0.2,4,4,GTCGCGCGTGTGATTTTTTC,0,5183571
yqjE_yqjK_yqjD_yqjC_predicted,0.2,4,4,GTCGCCACTTCTATTTGATT,0,5216285
yqjE_yqjK_yqjD_yqjC_predicted,0.2,4,4,GTCGCAATCAAGTCGGAGCC,0,5186089
yqjE_yqjK_yqjD_yqjC_predicted,0.2,4,4,GTCGATAGATTTCTTGGGAG,0,5252252
yqjE_yqjK_yqjD_yqjC_predicted,0.2,4,4,GTCGAGTTCATGCTCATTCT,0,5203046
yqjE_yqjK_yqjD_yqjC_predicted,0.2,4,4,GTCCTTGCGAATCCCGAGCT,0,5228301
yqjE_yqjK_yqjD_yqjC_predicted,0.2,4,4,GTCCTCGGGAAGATTCAATA,0,5235931
yqjE_yqjK_yqjD_yqjC_predicted,0.2,4,4,GTCCTCACAGTCCACTGTCT,0,5235775
yqjE_yqjK_yqjD_yqjC_predicted,0.2,4,4,GTCCTAGACTCATGCGCTTA,0,5188024
yqjE_yqjK_yqjD_yqjC_predicted,0.2,4,4,GTCCTACATTACGGCTTCCA,0,5252377
yqjE_yqjK_yqjD_yqjC_predicted,0.2,4,4,GTCCGTCACAATGTTATAAC,0,5187628
yqjE_yqjK_yqjD_yqjC_predicted,0.2,4,4,GTCCCGGGAAAGATCGTCCC,0,5193877
yqjE_yqjK_yqjD_yqjC_predicted,0.2,4,4,GTCCCAGCGGGATCAACCCA,0,5252556
yqjE_yqjK_yqjD_yqjC_predicted,0.2,4,4,GTCCAAGTTGATATAGGCAA,0,5185370
yqjE_yqjK_yqjD_yqjC_predicted,0.2,4,4,GTCCAAGGTTGCGCTATGAC,0,5229082
yqjE_yqjK_yqjD_yqjC_predicted,0.2,4,4,GTCCAAGCGAATGTCTAACT,0,5250160
yqjE_yqjK_yqjD_yqjC_predicted,0.2,4,4,GTCATTGGTTGCCGCTCATA,0,5172680
yqjE_yqjK_yqjD_yqjC_predicted,0.2,4,4,GTCAGTTACAAGGGATATTC,0,5244870
yqjE_yqjK_yqjD_yqjC_predicted,0.2,4,4,GTCAGTCTGTCGCGGGGAAG,0,5198939
yqjE_yqjK_yqjD_yqjC_predicted,0.2,4,4,GTCAGTCACCCCGATTTCTC,0,5259780
yqjE_yqjK_yqjD_yqjC_predicted,0.2,4,4,GTCAGCCTACCATACGCGTC,0,5197441
yqjE_yqjK_yqjD_yqjC_predicted,0.2,4,4,GTCAGCCTAATAGGGTCCTC,0,5233960
yqjE_yqjK_yqjD_yqjC_predicted,0.2,4,4,GTCAGCAGTTTGAGCAATCG,0,5260246
yqjE_yqjK_yqjD_yqjC_predicted,0.2,4,4,GTCAGAGGCCAGGCATTTCT,0,5258083
yqjE_yqjK_yqjD_yqjC_predicted,0.2,4,4,GTCAAGTGAGACGCCTTGCT,0,5177534
yqjE_yqjK_yqjD_yqjC_predicted,0.2,4,4,GTCAAAGTTGTTTATCATAT,0,5178068
yqjE_yqjK_yqjD_yqjC_predicted,0.2,4,4,GTCAAAGGGCTACCAATCAA,0,5252113
yqjE_yqjK_yqjD_yqjC_predicted,0.2,4,4,GTATTCTTTTACCATCTTGA,0,5190951
yqjE_yqjK_yqjD_yqjC_predicted,0.2,4,4,GTATTAGGTTTTGGCCTAGG,0,5189536
yqjE_yqjK_yqjD_yqjC_predicted,0.2,4,4,GTATGTCGTGAAGCCCTCAG,0,5180801
yqjE_yqjK_yqjD_yqjC_predicted,0.2,4,4,GTATGATTCTGGTTTCATCT,0,5231386
yqjE_yqjK_yqjD_yqjC_predicted,0.2,4,4,GTATCTGCGCAAGTGGGCGG,0,5171343
yqjE_yqjK_yqjD_yqjC_predicted,0.2,4,4,GTATCGGGTGAATCTCCGTT,0,5181059
yqjE_yqjK_yqjD_yqjC_predicted,0.2,4,4,GTATCCCAAGGAGGAGGGTT,0,5256878
yqjE_yqjK_yqjD_yqjC_predicted,0.2,4,4,GTATAATCATCTCCATGACC,0,5174592
yqjE_yqjK_yqjD_yqjC_predicted,0.2,4,4,GTAGTTCTGCTTTCATAGCC,0,5235590
yqjE_yqjK_yqjD_yqjC_predicted,0.2,4,4,GTAGTGTGAAACCGTGCAAT,0,5234678
yqjE_yqjK_yqjD_yqjC_predicted,0.2,4,4,GTAGGTAGCTGAGCGGAAGA,0,5182566
yqjE_yqjK_yqjD_yqjC_predicted,0.2,4,4,GTAGGACGATGAGTGGTGAT,0,5209528
yqjE_yqjK_yqjD_yqjC_predicted,0.2,4,4,GTAGGAACGGCTAACCTGTG,0,5225509
yqjE_yqjK_yqjD_yqjC_predicted,0.2,4,4,GTAGCAGGCAACGATAGGCT,0,5172288
yqjE_yqjK_yqjD_yqjC_predicted,0.2,4,4,GTACTGCCTTCTGTTCGTCA,0,5255758
yqjE_yqjK_yqjD_yqjC_predicted,0.2,4,4,GTACTCTCACACAACAGGGA,0,5248888
yqjE_yqjK_yqjD_yqjC_predicted,0.2,4,4,GTACCGTGGTTTCCTAATAT,0,5219348
yqjE_yqjK_yqjD_yqjC_predicted,0.2,4,4,GTACATCGCCAAAAACAACT,0,5223287
yqjE_yqjK_yqjD_yqjC_predicted,0.2,4,4,GTAATTTTGTCGATTTGTCT,0,5201953
yqjE_yqjK_yqjD_yqjC_predicted,0.2,4,4,GTAAGTTCGGACGCGGTTAG,0,5244631
yqjE_yqjK_yqjD_yqjC_predicted,0.2,4,4,GTAAGGGATATATGTCAACG,0,5192904
yqjE_yqjK_yqjD_yqjC_predicted,0.2,4,4,GTAAGGCCTCCCCGCCCCAT,0,5174733
yqjE_yqjK_yqjD_yqjC_predicted,0.2,4,4,GTAAGCCTGGAGCTCGTGTA,0,5254683
yqjE_yqjK_yqjD_yqjC_predicted,0.2,4,4,GTAACTACAAGTCACCAAGA,0,5246111
yqjE_yqjK_yqjD_yqjC_predicted,0.2,4,4,GTAAACGCCAGTTCACGATA,0,5183542
yqjE_yqjK_yqjD_yqjC_predicted,0.2,4,4,GTAAAAGTTTCTGCCAGGGC,0,5185666
yqjE_yqjK_yqjD_yqjC_predicted,0.2,4,4,GTAAAAACGTATCAAACTCT,0,5207722
yqjE_yqjK_yqjD_yqjC_predicted,0.2,4,4,GGTTCGACTGGTCAATTTTG,0,5233911
yqjE_yqjK_yqjD_yqjC_predicted,0.2,4,4,GGTTCCTCTCGCGATAAATT,0,5239663
yqjE_yqjK_yqjD_yqjC_predicted,0.2,4,4,GGTTATAGTTAAGTGGAGAT,0,5200797
yqjE_yqjK_yqjD_yqjC_predicted,0.2,4,4,GGTGTGTCTAGATGGAAGTA,0,5201899
yqjE_yqjK_yqjD_yqjC_predicted,0.2,4,4,GGTGTATCTAAACGGAGCCT,0,5240401
yqjE_yqjK_yqjD_yqjC_predicted,0.2,4,4,GGTGTAAGTTTCTAACGTTC,0,5242347
yqjE_yqjK_yqjD_yqjC_predicted,0.2,4,4,GGTGGGATAACCTTATCAAT,0,5252789
yqjE_yqjK_yqjD_yqjC_predicted,0.2,4,4,GGTGGGAGCCCTCGGGGTGC,0,5233085
yqjE_yqjK_yqjD_yqjC_predicted,0.2,4,4,GGTGGATATATGTTCTTAAA,0,5237028
yqjE_yqjK_yqjD_yqjC_predicted,0.2,4,4,GGTGCTACCGCAGAATTGCA,0,5224728
yqjE_yqjK_yqjD_yqjC_predicted,0.2,4,4,GGTGATGGAATCATGAGTCA,0,5197172
yqjE_yqjK_yqjD_yqjC_predicted,0.2,4,4,GGTGAATGATCTTCATAGGA,0,5262906
yqjE_yqjK_yqjD_yqjC_predicted,0.2,4,4,GGTCTTACTAATGTGTCGAA,0,5217236
yqjE_yqjK_yqjD_yqjC_predicted,0.2,4,4,GGTCTGTGGAGGACAGTGGA,0,5206389
yqjE_yqjK_yqjD_yqjC_predicted,0.2,4,4,GGTCGGTCAGACGTGCGAGA,0,5241036
yqjE_yqjK_yqjD_yqjC_predicted,0.2,4,4,GGTCGGCACCCCTTGTAATC,0,5174242
yqjE_yqjK_yqjD_yqjC_predicted,0.2,4,4,GGTCGCACAGCATGGGTTAA,0,5187484
yqjE_yqjK_yqjD_yqjC_predicted,0.2,4,4,GGTCCGATCAGTTAAATCAC,0,5209097
yqjE_yqjK_yqjD_yqjC_predicted,0.2,4,4,GGTCCCATTAGCTCGATGGT,0,5205575
yqjE_yqjK_yqjD_yqjC_predicted,0.2,4,4,GGTCATCGGGGGACTCTAGA,0,5226433
yqjE_yqjK_yqjD_yqjC_predicted,0.2,4,4,GGTCAACCGTATCCGTAGTA,0,5209574
yqjE_yqjK_yqjD_yqjC_predicted,0.2,4,4,GGTATGATTGGTGCGCAAGA,0,5218065
yqjE_yqjK_yqjD_yqjC_predicted,0.2,4,4,GGTATCTAACACATTCAGTT,0,5178040
yqjE_yqjK_yqjD_yqjC_predicted,0.2,4,4,GGTATCCTTAGTCGATTCTT,0,5204685
yqjE_yqjK_yqjD_yqjC_predicted,0.2,4,4,GGTAGGAGCCGAGCAGCGGT,0,5253024
yqjE_yqjK_yqjD_yqjC_predicted,0.2,4,4,GGTAGCTAACAGGGCTACAC,0,5173297
yqjE_yqjK_yqjD_yqjC_predicted,0.2,4,4,GGTACTGACTCATACTTGAT,0,5193905
yqjE_yqjK_yqjD_yqjC_predicted,0.2,4,4,GGTAATCACGGTCATATGGC,0,5211467
yqjE_yqjK_yqjD_yqjC_predicted,0.2,4,4,GGTAAATCAAAGGCAGTAAG,0,5192885
yqjE_yqjK_yqjD_yqjC_predicted,0.2,4,4,GGGTTCCTCAAGCCTACCCA,0,5240072
yqjE_yqjK_yqjD_yqjC_predicted,0.2,4,4,GGGTGTCTGGTTTGCGGCAT,0,5237948
yqjE_yqjK_yqjD_yqjC_predicted,0.2,4,4,GGGTGCATAGAAACGCAACA,0,5204014
yqjE_yqjK_yqjD_yqjC_predicted,0.2,4,4,GGGTCGTCGTTCCGAGCTAT,0,5203148
yqjE_yqjK_yqjD_yqjC_predicted,0.2,4,4,GGGTCATCGCCGTGCCGTTA,0,5198026
yqjE_yqjK_yqjD_yqjC_predicted,0.2,4,4,GGGTACTCTGCGTTCGGTTT,0,5223563
yqjE_yqjK_yqjD_yqjC_predicted,0.2,4,4,GGGGTTTCCCGTGATTCGGC,0,5232079
yqjE_yqjK_yqjD_yqjC_predicted,0.2,4,4,GGGGGTTCGACTGACGATTT,0,5257742
yqjE_yqjK_yqjD_yqjC_predicted,0.2,4,4,GGGGGTTAGACTCGCCCCTC,0,5175650
yqjE_yqjK_yqjD_yqjC_predicted,0.2,4,4,GGGGGTAATACGTTATCTTA,0,5183893
yqjE_yqjK_yqjD_yqjC_predicted,0.2,4,4,GGGGGACAGGGATAGGAAGT,0,5197928
yqjE_yqjK_yqjD_yqjC_predicted,0.2,4,4,GGGGCTTAGCAACGCGTTTC,0,5252178
yqjE_yqjK_yqjD_yqjC_predicted,0.2,4,4,GGGGCGTGCCCTGCCTTTCT,0,5260599
yqjE_yqjK_yqjD_yqjC_predicted,0.2,4,4,GGGGCCATCTTTACATAGCT,0,5174071
yqjE_yqjK_yqjD_yqjC_predicted,0.2,4,4,GGGGAGCATATACGAAAACG,0,5203712
yqjE_yqjK_yqjD_yqjC_predicted,0.2,4,4,GGGCTTGTGAGATTCGTAAC,0,5220942
yqjE_yqjK_yqjD_yqjC_predicted,0.2,4,4,GGGCTGAGACGTGGTTATCG,0,5184403
yqjE_yqjK_yqjD_yqjC_predicted,0.2,4,4,GGGCGTTCGTATTGGGCCGT,0,5229312
yqjE_yqjK_yqjD_yqjC_predicted,0.2,4,4,GGGCGTAGACCCAGTCCAAA,0,5184118
yqjE_yqjK_yqjD_yqjC_predicted,0.2,4,4,GGGCGAGTGTGTCCGCGGTT,0,5192762
yqjE_yqjK_yqjD_yqjC_predicted,0.2,4,4,GGGCGACGTGCAGAAACTTA,0,5179697
yqjE_yqjK_yqjD_yqjC_predicted,0.2,4,4,GGGCGAATCGCGTTTATTTG,0,5257933
yqjE_yqjK_yqjD_yqjC_predicted,0.2,4,4,GGGCCGGGCACACAGCGATA,0,5190071
yqjE_yqjK_yqjD_yqjC_predicted,0.2,4,4,GGGAGTTCGATACGGAATAA,0,5261672
yqjE_yqjK_yqjD_yqjC_predicted,0.2,4,4,GGGAGTGCTATGGGGTTCGG,0,5222998
yqjE_yqjK_yqjD_yqjC_predicted,0.2,4,4,GGGAGCGAAGCCAACGACAC,0,5188819
yqjE_yqjK_yqjD_yqjC_predicted,0.2,4,4,GGGAGAAGTGCAAAAGAGAC,0,5234155
yqjE_yqjK_yqjD_yqjC_predicted,0.2,4,4,GGGACCCTATCCCTCTCGTT,0,5235861
yqjE_yqjK_yqjD_yqjC_predicted,0.2,4,4,GGGACATGATGTAAAAGGGC,0,5190163
yqjE_yqjK_yqjD_yqjC_predicted,0.2,4,4,GGGAACGTCCGCACGTGAAT,0,5175494
yqjE_yqjK_yqjD_yqjC_predicted,0.2,4,4,GGGAACCGCTACGTGGACTT,0,5229899
yqjE_yqjK_yqjD_yqjC_predicted,0.2,4,4,GGCTTTTTGGGAGCTCGCGA,0,5217810
yqjE_yqjK_yqjD_yqjC_predicted,0.2,4,4,GGCTGCGTATGCTGCGGGGG,0,5225498
yqjE_yqjK_yqjD_yqjC_predicted,0.2,4,4,GGCTGACATCCGACTATGGA,0,5192537
yqjE_yqjK_yqjD_yqjC_predicted,0.2,4,4,GGCTGACACTGTGACTATAC,0,5177528
yqjE_yqjK_yqjD_yqjC_predicted,0.2,4,4,GGCTCGGACAATTGCCTGCA,0,5222927
yqjE_yqjK_yqjD_yqjC_predicted,0.2,4,4,GGCTCGCACGGCTTACGTGC,0,5176104
yqjE_yqjK_yqjD_yqjC_predicted,0.2,4,4,GGCTCACTGACCTCCCGGAA,0,5233602
yqjE_yqjK_yqjD_yqjC_predicted,0.2,4,4,GGCGTTACTTAGCAGTGCAG,0,5213766
yqjE_yqjK_yqjD_yqjC_predicted,0.2,4,4,GGCGGTTGTAGTGCAACGAC,0,5189778
yqjE_yqjK_yqjD_yqjC_predicted,0.2,4,4,GGCGGGAGGGGAGTTCAACC,0,5200240
yqjE_yqjK_yqjD_yqjC_predicted,0.2,4,4,GGCGGCCAATGCTCAATGTT,0,5219735
yqjE_yqjK_yqjD_yqjC_predicted,0.2,4,4,GGCGCCCGAAGCTCAAGGCA,0,5241419
yqjE_yqjK_yqjD_yqjC_predicted,0.2,4,4,GGCCGTCCGCATCGAGTCAC,0,5207358
yqjE_yqjK_yqjD_yqjC_predicted,0.2,4,4,GGCCGTAAGTTGGTATAGAA,0,5183124
yqjE_yqjK_yqjD_yqjC_predicted,0.2,4,4,GGCCGATTTAGACTAGGTTC,0,5199576
yqjE_yqjK_yqjD_yqjC_predicted,0.2,4,4,GGCCGACACCGACTAAGTAC,0,5227736
yqjE_yqjK_yqjD_yqjC_predicted,0.2,4,4,GGCCCTGGGTGAAACGCCTA,0,5230310
yqjE_yqjK_yqjD_yqjC_predicted,0.2,4,4,GGCCCGTCAACCGTGGCCAA,0,5236693
yqjE_yqjK_yqjD_yqjC_predicted,0.2,4,4,GGCCCAGTACGTATGCTGCC,0,5192810
yqjE_yqjK_yqjD_yqjC_predicted,0.2,4,4,GGCCATTGATCTGGGATAAG,0,5217150
yqjE_yqjK_yqjD_yqjC_predicted,0.2,4,4,GGCCATCAGGTTATTGAGTG,0,5186742
yqjE_yqjK_yqjD_yqjC_predicted,0.2,4,4,GGCCAGTATGCATGGTCGTT,0,5243480
yqjE_yqjK_yqjD_yqjC_predicted,0.2,4,4,GGCCAGAAGTTGAGACTGAC,0,5203811
yqjE_yqjK_yqjD_yqjC_predicted,0.2,4,4,GGCCACGGATTAACTTGGCC,0,5182445
yqjE_yqjK_yqjD_yqjC_predicted,0.2,4,4,GGCATTGCAATAATGAGTTC,0,5211322
yqjE_yqjK_yqjD_yqjC_predicted,0.2,4,4,GGCATAGCGTTCGGTTTTGT,0,5181837
yqjE_yqjK_yqjD_yqjC_predicted,0.2,4,4,GGCAGTGGTGCTATATTTAG,0,5180082
yqjE_yqjK_yqjD_yqjC_predicted,0.2,4,4,GGCAGGACCGGCACAAGTAC,0,5253577
yqjE_yqjK_yqjD_yqjC_predicted,0.2,4,4,GGCAATGCGTCAAGAGCGGT,0,5235159
yqjE_yqjK_yqjD_yqjC_predicted,0.2,4,4,GGATTTTGGCACTCATGGCT,0,5212395
yqjE_yqjK_yqjD_yqjC_predicted,0.2,4,4,GGATGTGTGCATCGTTTACC,0,5213223
yqjE_yqjK_yqjD_yqjC_predicted,0.2,4,4,GGATGTATTTACCCACCACG,0,5254914
yqjE_yqjK_yqjD_yqjC_predicted,0.2,4,4,GGATGGGTCAGGTAGGCTAT,0,5262130
yqjE_yqjK_yqjD_yqjC_predicted,0.2,4,4,GGATGCGTGGGGGATAACGG,0,5180331
yqjE_yqjK_yqjD_yqjC_predicted,0.2,4,4,GGATGAGGAAGAAGGCCCGT,0,5180048
yqjE_yqjK_yqjD_yqjC_predicted,0.2,4,4,GGATCACCTTCGTGATCTGT,0,5171356
yqjE_yqjK_yqjD_yqjC_predicted,0.2,4,4,GGATAGGCTGCTCTAAAAGT,0,5215846
yqjE_yqjK_yqjD_yqjC_predicted,0.2,4,4,GGATAGCATTGAGTAGACCC,0,5253016
yqjE_yqjK_yqjD_yqjC_predicted,0.2,4,4,GGATAAGAGGACAGGATGTC,0,5216661
yqjE_yqjK_yqjD_yqjC_predicted,0.2,4,4,GGAGTTTCCCGACACGGCTT,0,5184123
yqjE_yqjK_yqjD_yqjC_predicted,0.2,4,4,GGAGGTGGTACTGCTGTGTG,0,5205747
yqjE_yqjK_yqjD_yqjC_predicted,0.2,4,4,GGAGGGCAGCCGTGGTCACA,0,5207136
yqjE_yqjK_yqjD_yqjC_predicted,0.2,4,4,GGAGCGTATGCCGGTCAGAA,0,5216138
yqjE_yqjK_yqjD_yqjC_predicted,0.2,4,4,GGAGCGTACATAAGATCGAC,0,5210773
yqjE_yqjK_yqjD_yqjC_predicted,0.2,4,4,GGAGATGTCTGCAATTATGA,0,5260923
yqjE_yqjK_yqjD_yqjC_predicted,0.2,4,4,GGAGATCCCGCCTGGTGACT,0,5203823
yqjE_yqjK_yqjD_yqjC_predicted,0.2,4,4,GGAGAGGATAGTAGGGTCGT,0,5235139
yqjE_yqjK_yqjD_yqjC_predicted,0.2,4,4,GGAGAGCTCGGTTTTGGCCT,0,5245528
yqjE_yqjK_yqjD_yqjC_predicted,0.2,4,4,GGACTGAAAACACTGGTTCG,0,5189287
yqjE_yqjK_yqjD_yqjC_predicted,0.2,4,4,GGACTCAGCCTATATTTGCG,0,5253895
yqjE_yqjK_yqjD_yqjC_predicted,0.2,4,4,GGACGAGTAGGGGTAAACCG,0,5173437
yqjE_yqjK_yqjD_yqjC_predicted,0.2,4,4,GGACCTTTTTTCGGAAGTTC,0,5207099
yqjE_yqjK_yqjD_yqjC_predicted,0.2,4,4,GGACCAAGTTAGGGCAGACG,0,5172368
yqjE_yqjK_yqjD_yqjC_predicted,0.2,4,4,GGACAGGTGACCATTCGTGT,0,5173801
yqjE_yqjK_yqjD_yqjC_predicted,0.2,4,4,GGACACATGATTTCGAGTCA,0,5242300
yqjE_yqjK_yqjD_yqjC_predicted,0.2,4,4,GGAATAGAACTAGAACACGT,0,5206912
yqjE_yqjK_yqjD_yqjC_predicted,0.2,4,4,GGAAGGCCATGCATTCGAGG,0,5227747
yqjE_yqjK_yqjD_yqjC_predicted,0.2,4,4,GGAACCTGAATGGCCTCCAG,0,5196848
yqjE_yqjK_yqjD_yqjC_predicted,0.2,4,4,GGAACCTAAACGTTGTGTCC,0,5253714
yqjE_yqjK_yqjD_yqjC_predicted,0.2,4,4,GGAAATTCAAGGCTCACCTC,0,5260900
yqjE_yqjK_yqjD_yqjC_predicted,0.2,4,4,GGAAATGGTGCGCATACGAA,0,5223168
yqjE_yqjK_yqjD_yqjC_predicted,0.2,4,4,GGAAACGTCGTCTGGAACTA,0,5193708
yqjE_yqjK_yqjD_yqjC_predicted,0.2,4,4,GCTTTCGTCCAGCTCGAGAT,0,5205760
yqjE_yqjK_yqjD_yqjC_predicted,0.2,4,4,GCTTTCGCGGGTATTAGTTG,0,5248175
yqjE_yqjK_yqjD_yqjC_predicted,0.2,4,4,GCTTTCATGGGATACTCCAG,0,5215008
yqjE_yqjK_yqjD_yqjC_predicted,0.2,4,4,GCTTGTTTATGGTAAACCCA,0,5236621
yqjE_yqjK_yqjD_yqjC_predicted,0.2,4,4,GCTTGTCGCAAACTCGACGT,0,5219106
yqjE_yqjK_yqjD_yqjC_predicted,0.2,4,4,GCTTGGCGTCAATCCTATCA,0,5222322
yqjE_yqjK_yqjD_yqjC_predicted,0.2,4,4,GCTTGGCATACCATCCCCGT,0,5235794
yqjE_yqjK_yqjD_yqjC_predicted,0.2,4,4,GCTTGGATGGCAGCGGCTGC,0,5244880
yqjE_yqjK_yqjD_yqjC_predicted,0.2,4,4,GCTTCTGATTACGGTTGCCG,0,5257455
yqjE_yqjK_yqjD_yqjC_predicted,0.2,4,4,GCTTCTGACACCGGATCTTG,0,5217352
yqjE_yqjK_yqjD_yqjC_predicted,0.2,4,4,GCTTCGTTTGCTAGTCCATC,0,5229350
yqjE_yqjK_yqjD_yqjC_predicted,0.2,4,4,GCTTCATTAAGGACTGCGGT,0,5231485
yqjE_yqjK_yqjD_yqjC_predicted,0.2,4,4,GCTTATTTCTGTAGCCAAGG,0,5234499
yqjE_yqjK_yqjD_yqjC_predicted,0.2,4,4,GCTTAGATGCGCCGAGCTAT,0,5254252
yqjE_yqjK_yqjD_yqjC_predicted,0.2,4,4,GCTGTCCGGTCGTCTCGCCC,0,5257407
yqjE_yqjK_yqjD_yqjC_predicted,0.2,4,4,GCTGTAATTGCCGAAGTTTC,0,5177794
yqjE_yqjK_yqjD_yqjC_predicted,0.2,4,4,GCTGGGGCTTTAGGTTTGTA,0,5258536
yqjE_yqjK_yqjD_yqjC_predicted,0.2,4,4,GCTGGGGATTAGGGACGGGA,0,5188148
yqjE_yqjK_yqjD_yqjC_predicted,0.2,4,4,GCTGCTATGCCCTGATCGTT,0,5254154
yqjE_yqjK_yqjD_yqjC_predicted,0.2,4,4,GCTGCAATTCCAAGCGGATA,0,5208780
yqjE_yqjK_yqjD_yqjC_predicted,0.2,4,4,GCTGATTTGGAAGTAAGTGA,0,5202824
yqjE_yqjK_yqjD_yqjC_predicted,0.2,4,4,GCTCTTCCGGTACCCTTTTG,0,5203517
yqjE_yqjK_yqjD_yqjC_predicted,0.2,4,4,GCTCTGTCTTCATTGATGCC,0,5196801
yqjE_yqjK_yqjD_yqjC_predicted,0.2,4,4,GCTCTCTAAAGTGGGTTTAG,0,5258556
yqjE_yqjK_yqjD_yqjC_predicted,0.2,4,4,GCTCCGGTCCCCCCTGACTG,0,5200439
yqjE_yqjK_yqjD_yqjC_predicted,0.2,4,4,GCTCCGAGGCTCACAGTTCA,0,5199783
yqjE_yqjK_yqjD_yqjC_predicted,0.2,4,4,GCTCCAGGCTTCTATGTAGT,0,5182188
yqjE_yqjK_yqjD_yqjC_predicted,0.2,4,4,GCTCATGGTAGACAACCAGA,0,5236998
yqjE_yqjK_yqjD_yqjC_predicted,0.2,4,4,GCTCACACAGGCTTCTCGAT,0,5245239
yqjE_yqjK_yqjD_yqjC_predicted,0.2,4,4,GCTCAAGGTAATGATAGTAA,0,5241674
yqjE_yqjK_yqjD_yqjC_predicted,0.2,4,4,GCTATGGTTTACGGAATTAC,0,5177347
yqjE_yqjK_yqjD_yqjC_predicted,0.2,4,4,GCTATCCGGTAGCCACCCCA,0,5260241
yqjE_yqjK_yqjD_yqjC_predicted,0.2,4,4,GCTATCCAACGTGCGGCGGC,0,5196241
yqjE_yqjK_yqjD_yqjC_predicted,0.2,4,4,GCTACGGCACGCCGTGGGGC,0,5218658
yqjE_yqjK_yqjD_yqjC_predicted,0.2,4,4,GCTACCCCCTTAAAATGAGC,0,5196952
yqjE_yqjK_yqjD_yqjC_predicted,0.2,4,4,GCTACATAGCAGAAACCGTC,0,5209832
yqjE_yqjK_yqjD_yqjC_predicted,0.2,4,4,GCTACACAAGCAAGGGTCCA,0,5187146
yqjE_yqjK_yqjD_yqjC_predicted,0.2,4,4,GCTAATTTGATATCCCGGAT,0,5251100
yqjE_yqjK_yqjD_yqjC_predicted,0.2,4,4,GCTAAAGCCGTGCCTCGCAT,0,5234764
yqjE_yqjK_yqjD_yqjC_predicted,0.2,4,4,GCGTTTTGGGTCTAGTCGTT,0,5237835
yqjE_yqjK_yqjD_yqjC_predicted,0.2,4,4,GCGTGTTTGCACGCGTGCTC,0,5206460
yqjE_yqjK_yqjD_yqjC_predicted,0.2,4,4,GCGTGGGTATAGGCGGGCTG,0,5220107
yqjE_yqjK_yqjD_yqjC_predicted,0.2,4,4,GCGTGCACGGTCAGCGCATC,0,5248883
yqjE_yqjK_yqjD_yqjC_predicted,0.2,4,4,GCGTCGTAGCACGCGGAACA,0,5179956
yqjE_yqjK_yqjD_yqjC_predicted,0.2,4,4,GCGTCAGTGAAATAGACCTT,0,5211991
yqjE_yqjK_yqjD_yqjC_predicted,0.2,4,4,GCGTAGCATAGAGGGAAGCG,0,5209843
yqjE_yqjK_yqjD_yqjC_predicted,0.2,4,4,GCGTAAATGGATTCCTTTTG,0,5222586
yqjE_yqjK_yqjD_yqjC_predicted,0.2,4,4,GCGGTTCAGTAGTGCGTTTT,0,5224053
yqjE_yqjK_yqjD_yqjC_predicted,0.2,4,4,GCGGGTATTCCGGGTTTTGG,0,5223704
yqjE_yqjK_yqjD_yqjC_predicted,0.2,4,4,GCGGGGGGAACATATAAGAT,0,5222173
yqjE_yqjK_yqjD_yqjC_predicted,0.2,4,4,GCGGGCTGTCCTAGGGATGG,0,5243768
yqjE_yqjK_yqjD_yqjC_predicted,0.2,4,4,GCGGGCGAGTCCGGATAAGC,0,5183837
yqjE_yqjK_yqjD_yqjC_predicted,0.2,4,4,GCGGCTGTCACCTCTGTGGC,0,5214015
yqjE_yqjK_yqjD_yqjC_predicted,0.2,4,4,GCGGCGTGGGGTGAGGTAAT,0,5187534
yqjE_yqjK_yqjD_yqjC_predicted,0.2,4,4,GCGGAGTTCCTAATCATCGG,0,5225642
yqjE_yqjK_yqjD_yqjC_predicted,0.2,4,4,GCGCTGGCCACGCCCTCGCT,0,5252400
yqjE_yqjK_yqjD_yqjC_predicted,0.2,4,4,GCGCTAGGTCTACATTAGCA,0,5258014
yqjE_yqjK_yqjD_yqjC_predicted,0.2,4,4,GCGCGAACACCTGGTTACAC,0,5230827
yqjE_yqjK_yqjD_yqjC_predicted,0.2,4,4,GCGCCATTGCCCCGCACATC,0,5202135
yqjE_yqjK_yqjD_yqjC_predicted,0.2,4,4,GCGCCAATTGCAGATGGAAG,0,5225662
yqjE_yqjK_yqjD_yqjC_predicted,0.2,4,4,GCGATCATTAGTTATTCTAA,0,5213939
yqjE_yqjK_yqjD_yqjC_predicted,0.2,4,4,GCGATAATAAAAGAAATTGG,0,5227560
yqjE_yqjK_yqjD_yqjC_predicted,0.2,4,4,GCGAGAGAACGCAAGGCCAC,0,5180118
yqjE_yqjK_yqjD_yqjC_predicted,0.2,4,4,GCGACCAAGGCGTTCCAACC,0,5194096
yqjE_yqjK_yqjD_yqjC_predicted,0.2,4,4,GCGACATCACCGCACGATTC,0,5205315
yqjE_yqjK_yqjD_yqjC_predicted,0.2,4,4,GCGAACTGGAAGTTAGATCA,0,5180049
yqjE_yqjK_yqjD_yqjC_predicted,0.2,4,4,GCGAACCACTATCCCACGTG,0,5258955
yqjE_yqjK_yqjD_yqjC_predicted,0.2,4,4,GCGAACAGCAGCGTCCGGCA,0,5225314
yqjE_yqjK_yqjD_yqjC_predicted,0.2,4,4,GCGAAATCGAGCGACTCCAA,0,5258543
yqjE_yqjK_yqjD_yqjC_predicted,0.2,4,4,GCCTTTTAATAATCACTAAA,0,5259837
yqjE_yqjK_yqjD_yqjC_predicted,0.2,4,4,GCCTTTGTGGGCGCTGATTG,0,5211336
yqjE_yqjK_yqjD_yqjC_predicted,0.2,4,4,GCCTTACTCTATATCGCCCT,0,5176395
yqjE_yqjK_yqjD_yqjC_predicted,0.2,4,4,GCCTGCTACGACGCCATCGT,0,5180027
yqjE_yqjK_yqjD_yqjC_predicted,0.2,4,4,GCCTGCAATATGCAACGTAG,0,5228119
yqjE_yqjK_yqjD_yqjC_predicted,0.2,4,4,GCCTCCAGAGTTCAGGATAT,0,5226354
yqjE_yqjK_yqjD_yqjC_predicted,0.2,4,4,GCCTAGAAGACACCTATTGA,0,5250012
yqjE_yqjK_yqjD_yqjC_predicted,0.2,4,4,GCCTACAACATCTGCATTAC,0,5207081
yqjE_yqjK_yqjD_yqjC_predicted,0.2,4,4,GCCGTCTTGGGCATGTTTAA,0,5192049
yqjE_yqjK_yqjD_yqjC_predicted,0.2,4,4,GCCGGGTGTTTCTGTAACGA,0,5208490
yqjE_yqjK_yqjD_yqjC_predicted,0.2,4,4,GCCGGCACACGTGTGGATGG,0,5232831
yqjE_yqjK_yqjD_yqjC_predicted,0.2,4,4,GCCGCGTCTAACTTTCTCGT,0,5237710
yqjE_yqjK_yqjD_yqjC_predicted,0.2,4,4,GCCGCGGGTAAGCCTATCTA,0,5249377
yqjE_yqjK_yqjD_yqjC_predicted,0.2,4,4,GCCGATCTGCGTTTGTTGAC,0,5201832
yqjE_yqjK_yqjD_yqjC_predicted,0.2,4,4,GCCGAGTACCGCAGGTACGA,0,5172859
yqjE_yqjK_yqjD_yqjC_predicted,0.2,4,4,GCCGAACTTTCGGGCCATAA,0,5199882
yqjE_yqjK_yqjD_yqjC_predicted,0.2,4,4,GCCCTACAAAGTCTACGCAA,0,5225834
yqjE_yqjK_yqjD_yqjC_predicted,0.2,4,4,GCCCGAGGTGATATGCCAGT,0,5189516
yqjE_yqjK_yqjD_yqjC_predicted,0.2,4,4,GCCCGAAATTGCATCCAAAT,0,5213014
yqjE_yqjK_yqjD_yqjC_predicted,0.2,4,4,GCCCCTACATGGGGCCCAGT,0,5253720
yqjE_yqjK_yqjD_yqjC_predicted,0.2,4,4,GCCCAGGATTGGACTCCGTC,0,5190229
yqjE_yqjK_yqjD_yqjC_predicted,0.2,4,4,GCCCACGACTCGCATTGCCT,0,5196518
yqjE_yqjK_yqjD_yqjC_predicted,0.2,4,4,GCCCACCTTCTTCTAGTATC,0,5201409
yqjE_yqjK_yqjD_yqjC_predicted,0.2,4,4,GCCATCGTATCGAGGTGCGC,0,5216151
yqjE_yqjK_yqjD_yqjC_predicted,0.2,4,4,GCCATCAGGTCGATTCAATC,0,5259192
yqjE_yqjK_yqjD_yqjC_predicted,0.2,4,4,GCCATAGTGTTTTCGACTGC,0,5188154
yqjE_yqjK_yqjD_yqjC_predicted,0.2,4,4,GCCAGTTTAGGCCGACGTTA,0,5229227
yqjE_yqjK_yqjD_yqjC_predicted,0.2,4,4,GCCAAATGATAATAAGCCTG,0,5192694
yqjE_yqjK_yqjD_yqjC_predicted,0.2,4,4,GCCAAAGGTTGTTTATTGCG,0,5260294
yqjE_yqjK_yqjD_yqjC_predicted,0.2,4,4,GCATGCCAGCCGCGTTCACA,0,5258812
yqjE_yqjK_yqjD_yqjC_predicted,0.2,4,4,GCATCTTTGTGACACGGTGC,0,5243540
yqjE_yqjK_yqjD_yqjC_predicted,0.2,4,4,GCATAGGGTCTCTGGGCACT,0,5203674
yqjE_yqjK_yqjD_yqjC_predicted,0.2,4,4,GCATAGCTGCATAAAGGTTT,0,5197368
yqjE_yqjK_yqjD_yqjC_predicted,0.2,4,4,GCATACCGAGGGCGTAGGGC,0,5214025
yqjE_yqjK_yqjD_yqjC_predicted,0.2,4,4,GCATAAAGCAGATGTCACGC,0,5199076
yqjE_yqjK_yqjD_yqjC_predicted,0.2,4,4,GCATAAACCTGCGACTGGGA,0,5229759
yqjE_yqjK_yqjD_yqjC_predicted,0.2,4,4,GCAGTATGTCTAGTAAAGAT,0,5181109
yqjE_yqjK_yqjD_yqjC_predicted,0.2,4,4,GCAGCGGCCTATTCGTTGGG,0,5203391
yqjE_yqjK_yqjD_yqjC_predicted,0.2,4,4,GCAGCGACGGAATCACATCA,0,5183885
yqjE_yqjK_yqjD_yqjC_predicted,0.2,4,4,GCACTGCTACACGACCACTT,0,5221684
yqjE_yqjK_yqjD_yqjC_predicted,0.2,4,4,GCACTATGGCTAATTCCGTT,0,5190224
yqjE_yqjK_yqjD_yqjC_predicted,0.2,4,4,GCACCTTCGGTCGCGTATTT,0,5228049
yqjE_yqjK_yqjD_yqjC_predicted,0.2,4,4,GCACATACCCGATGCCAGGC,0,5186179
yqjE_yqjK_yqjD_yqjC_predicted,0.2,4,4,GCACACCGTGATACAATGCA,0,5220032
yqjE_yqjK_yqjD_yqjC_predicted,0.2,4,4,GCAAGTTTTCTCGATGAAGA,0,5189526
yqjE_yqjK_yqjD_yqjC_predicted,0.2,4,4,GCAAGCGGACGCCTGGTTAG,0,5234223
yqjE_yqjK_yqjD_yqjC_predicted,0.2,4,4,GCAAGACAACCGTGTGTCAA,0,5232313
yqjE_yqjK_yqjD_yqjC_predicted,0.2,4,4,GCAAACCCCCCGAAAGGGCA,0,5261019
yqjE_yqjK_yqjD_yqjC_predicted,0.2,4,4,GATTTCGCGTCACTCCTAAC,0,5175241
yqjE_yqjK_yqjD_yqjC_predicted,0.2,4,4,GATTGGCGTATCTTGTTAGG,0,5184715
yqjE_yqjK_yqjD_yqjC_predicted,0.2,4,4,GATTCTGACGACATACGCCG,0,5222995
yqjE_yqjK_yqjD_yqjC_predicted,0.2,4,4,GATTCTCGAGTCCTCTCCCA,0,5259685
yqjE_yqjK_yqjD_yqjC_predicted,0.2,4,4,GATTCGGTTGTCGAACGTTA,0,5199096
yqjE_yqjK_yqjD_yqjC_predicted,0.2,4,4,GATTATGGGATACGGAACGG,0,5257598
yqjE_yqjK_yqjD_yqjC_predicted,0.2,4,4,GATTACGAATAAACGGTCTA,0,5216204
yqjE_yqjK_yqjD_yqjC_predicted,0.2,4,4,GATTACACGGAACGATCGAA,0,5243990
yqjE_yqjK_yqjD_yqjC_predicted,0.2,4,4,GATGTACACATCTCCTTTGG,0,5179901
yqjE_yqjK_yqjD_yqjC_predicted,0.2,4,4,GATGGTTCTATGCGAGCCAA,0,5237087
yqjE_yqjK_yqjD_yqjC_predicted,0.2,4,4,GATGGTCGATTTGAGCACGA,0,5220058
yqjE_yqjK_yqjD_yqjC_predicted,0.2,4,4,GATGCGGCGTGGAGACTGTT,0,5253019
yqjE_yqjK_yqjD_yqjC_predicted,0.2,4,4,GATGCGGCATTTGATGTTAA,0,5226155
yqjE_yqjK_yqjD_yqjC_predicted,0.2,4,4,GATGCCATGTGACTTGACTA,0,5180803
yqjE_yqjK_yqjD_yqjC_predicted,0.2,4,4,GATGATTATTTCGCGTGTCC,0,5239943
yqjE_yqjK_yqjD_yqjC_predicted,0.2,4,4,GATGATCGGGTATGACTGAA,0,5240718
yqjE_yqjK_yqjD_yqjC_predicted,0.2,4,4,GATGAACGACCGCCAGGCGA,0,5252127
yqjE_yqjK_yqjD_yqjC_predicted,0.2,4,4,GATCTTATATGAGCCAACTA,0,5247505
yqjE_yqjK_yqjD_yqjC_predicted,0.2,4,4,GATCTATCTCTGGAGCACGT,0,5234979
yqjE_yqjK_yqjD_yqjC_predicted,0.2,4,4,GATCTATACGCTACCACGCG,0,5238647
yqjE_yqjK_yqjD_yqjC_predicted,0.2,4,4,GATCGTGGAATCGGTTGTAC,0,5175508
yqjE_yqjK_yqjD_yqjC_predicted,0.2,4,4,GATCGCGTGGGTGATAACCT,0,5223802
yqjE_yqjK_yqjD_yqjC_predicted,0.2,4,4,GATCGATGCGTGTTACACCT,0,5229244
yqjE_yqjK_yqjD_yqjC_predicted,0.2,4,4,GATCCAGTTTTAAGCCGGCA,0,5209891
yqjE_yqjK_yqjD_yqjC_predicted,0.2,4,4,GATACCGCAGAGGTCTACCC,0,5239391
yqjE_yqjK_yqjD_yqjC_predicted,0.2,4,4,GATAATAGATACGATGTCGG,0,5185780
yqjE_yqjK_yqjD_yqjC_predicted,0.2,4,4,GAGTTCATCTCAAGCAAGCG,0,5220558
yqjE_yqjK_yqjD_yqjC_predicted,0.2,4,4,GAGTTAGGTCTGTGACTCAA,0,5240015
yqjE_yqjK_yqjD_yqjC_predicted,0.2,4,4,GAGTGTGTTATGCCCGATTC,0,5199807
yqjE_yqjK_yqjD_yqjC_predicted,0.2,4,4,GAGTGCCCGGATGCGGATTA,0,5212052
yqjE_yqjK_yqjD_yqjC_predicted,0.2,4,4,GAGTCCGGTGCCGTAATGGA,0,5176770
yqjE_yqjK_yqjD_yqjC_predicted,0.2,4,4,GAGTCACCTCGCGTTTAAGC,0,5174079
yqjE_yqjK_yqjD_yqjC_predicted,0.2,4,4,GAGTACGATCCTTCTTTTTT,0,5171439
yqjE_yqjK_yqjD_yqjC_predicted,0.2,4,4,GAGTAACCTCCTAGGCAGAA,0,5238587
yqjE_yqjK_yqjD_yqjC_predicted,0.2,4,4,GAGGTACAGGTCCCAGTTCT,0,5250125
yqjE_yqjK_yqjD_yqjC_predicted,0.2,4,4,GAGGTAACGGCGTATTCGGA,0,5183270
yqjE_yqjK_yqjD_yqjC_predicted,0.2,4,4,GAGGGGGCCTTCCAAGCGAT,0,5192117
yqjE_yqjK_yqjD_yqjC_predicted,0.2,4,4,GAGGGAATGTTCTGACGGGT,0,5171484
yqjE_yqjK_yqjD_yqjC_predicted,0.2,4,4,GAGGCGGCACACCGGGGATC,0,5186239
yqjE_yqjK_yqjD_yqjC_predicted,0.2,4,4,GAGGCGCTATCTACAGACAC,0,5230533
yqjE_yqjK_yqjD_yqjC_predicted,0.2,4,4,GAGGCGCACCCCTAACTATC,0,5178711
yqjE_yqjK_yqjD_yqjC_predicted,0.2,4,4,GAGGCCTCTCAGATCGCGAT,0,5252328
yqjE_yqjK_yqjD_yqjC_predicted,0.2,4,4,GAGCTTGTCCTCGGTTCCAG,0,5248242
yqjE_yqjK_yqjD_yqjC_predicted,0.2,4,4,GAGCGAGGTTCGGGGTAGGC,0,5241700
yqjE_yqjK_yqjD_yqjC_predicted,0.2,4,4,GAGCCGGGAAAGTCTTGGAT,0,5226643
yqjE_yqjK_yqjD_yqjC_predicted,0.2,4,4,GAGCCCCTATACGTATAGAC,0,5205733
yqjE_yqjK_yqjD_yqjC_predicted,0.2,4,4,GAGCAACCCGGGGGGGCAGA,0,5216547
yqjE_yqjK_yqjD_yqjC_predicted,0.2,4,4,GAGCAAATGCCTCAATCCGT,0,5255114
yqjE_yqjK_yqjD_yqjC_predicted,0.2,4,4,GAGAGGGGGCTTCCCTGACG,0,5251917
yqjE_yqjK_yqjD_yqjC_predicted,0.2,4,4,GAGAGGATACTAACAGGCGT,0,5177393
yqjE_yqjK_yqjD_yqjC_predicted,0.2,4,4,GAGACCGGCTGCCACAGGCC,0,5224163
yqjE_yqjK_yqjD_yqjC_predicted,0.2,4,4,GAGACAGCGACAGGATGACA,0,5183777
yqjE_yqjK_yqjD_yqjC_predicted,0.2,4,4,GAGAAAGCTCTATGTCCCAA,0,5261557
yqjE_yqjK_yqjD_yqjC_predicted,0.2,4,4,GACTTTCCTTAACTGTCAAT,0,5196995
yqjE_yqjK_yqjD_yqjC_predicted,0.2,4,4,GACTGGCGAAGACGACCATT,0,5177737
yqjE_yqjK_yqjD_yqjC_predicted,0.2,4,4,GACTGACATTAGCCAGGCAG,0,5251028
yqjE_yqjK_yqjD_yqjC_predicted,0.2,4,4,GACTAGCAGAGCCTTGTTAA,0,5239847
yqjE_yqjK_yqjD_yqjC_predicted,0.2,4,4,GACGGGACAGGTTCTTGCAT,0,5203597
yqjE_yqjK_yqjD_yqjC_predicted,0.2,4,4,GACCTAAGGATGCAGGTCGA,0,5248754
yqjE_yqjK_yqjD_yqjC_predicted,0.2,4,4,GACCGGTTTGTCCCAAACGA,0,5202966
yqjE_yqjK_yqjD_yqjC_predicted,0.2,4,4,GACCCGGACGGTTCGATGCT,0,5243448
yqjE_yqjK_yqjD_yqjC_predicted,0.2,4,4,GACCCCGCGCAGCACAGTAT,0,5233169
yqjE_yqjK_yqjD_yqjC_predicted,0.2,4,4,GACATTGGTTGGGCTTGCCT,0,5217106
yqjE_yqjK_yqjD_yqjC_predicted,0.2,4,4,GACATTGCGGTCCTAGCAGC,0,5256407
yqjE_yqjK_yqjD_yqjC_predicted,0.2,4,4,GACATGAAGTAACCGATATA,0,5215399
yqjE_yqjK_yqjD_yqjC_predicted,0.2,4,4,GACACCAAGGGGTCTCGTAG,0,5224671
yqjE_yqjK_yqjD_yqjC_predicted,0.2,4,4,GACACATATGCTGGGACTGT,0,5250911
yqjE_yqjK_yqjD_yqjC_predicted,0.2,4,4,GACAATTCGTCTACCCCTGC,0,5241611
yqjE_yqjK_yqjD_yqjC_predicted,0.2,4,4,GACAAGAGAGGATTGAAATC,0,5179326
yqjE_yqjK_yqjD_yqjC_predicted,0.2,4,4,GAATTTTGTGTGACGGATAG,0,5214069
yqjE_yqjK_yqjD_yqjC_predicted,0.2,4,4,GAATTTCTGTGGCACGGACT,0,5245531
yqjE_yqjK_yqjD_yqjC_predicted,0.2,4,4,GAATTACAAACACATACAAG,0,5176025
yqjE_yqjK_yqjD_yqjC_predicted,0.2,4,4,GAATGGTTTAGTGGGGCTCA,0,5243043
yqjE_yqjK_yqjD_yqjC_predicted,0.2,4,4,GAATGCCTGTACTATGGAAA,0,5223133
yqjE_yqjK_yqjD_yqjC_predicted,0.2,4,4,GAATCGTTTAGACTTGCGCT,0,5194490
yqjE_yqjK_yqjD_yqjC_predicted,0.2,4,4,GAATCACCAAAACCTTCACC,0,5250263
yqjE_yqjK_yqjD_yqjC_predicted,0.2,4,4,GAATACGTCTCTGTATCAGA,0,5206596
yqjE_yqjK_yqjD_yqjC_predicted,0.2,4,4,GAAGTTACGCCAAGCCTTAC,0,5202168
yqjE_yqjK_yqjD_yqjC_predicted,0.2,4,4,GAAGGAGCTCGTCACAAGCT,0,5255734
yqjE_yqjK_yqjD_yqjC_predicted,0.2,4,4,GAAGGACATGCCTCCTGGAC,0,5254189
yqjE_yqjK_yqjD_yqjC_predicted,0.2,4,4,GAAGCCGAACCAGCGGCGTT,0,5250745
yqjE_yqjK_yqjD_yqjC_predicted,0.2,4,4,GAAGAGGTCATACCGCGATT,0,5218601
yqjE_yqjK_yqjD_yqjC_predicted,0.2,4,4,GAACTGACCTCTACCCGTAT,0,5222220
yqjE_yqjK_yqjD_yqjC_predicted,0.2,4,4,GAACTATCGTAATATCATAG,0,5185850
yqjE_yqjK_yqjD_yqjC_predicted,0.2,4,4,GAACCAAAGGAAGGCGTGGG,0,5247219
yqjE_yqjK_yqjD_yqjC_predicted,0.2,4,4,GAACACTACACGCTTGCAGA,0,5203848
yqjE_yqjK_yqjD_yqjC_predicted,0.2,4,4,GAACACAAAATCTGTGGCTA,0,5219578
yqjE_yqjK_yqjD_yqjC_predicted,0.2,4,4,GAACAATACAGATGTGCAGC,0,5230597
yqjE_yqjK_yqjD_yqjC_predicted,0.2,4,4,GAAATCTCCATGAACTGTGA,0,5172639
yqjE_yqjK_yqjD_yqjC_predicted,0.2,4,4,GAAAGTGCCTCGGCTAGCGC,0,5243737
yqjE_yqjK_yqjD_yqjC_predicted,0.2,4,4,GAAAGTGCAGGTCATATTCT,0,5220960
yqjE_yqjK_yqjD_yqjC_predicted,0.2,4,4,GAAACTTATTAAACTTCAGC,0,5261871
yqjE_yqjK_yqjD_yqjC_predicted,0.2,4,4,GAAACTATCGTGGAGTACGA,0,5231704
yqjE_yqjK_yqjD_yqjC_predicted,0.2,4,4,GAAACGATAATTCTTGTTTC,0,5187555
yqjE_yqjK_yqjD_yqjC_predicted,0.2,4,4,GAAAAACTCTACAATCGGCC,0,5220722
yqjE_yqjK_yqjD_yqjC_predicted,0.2,4,4,CTTTTCTTAAACAAGACGGC,0,5209056
yqjE_yqjK_yqjD_yqjC_predicted,0.2,4,4,CTTTTAGGGCAAGCGCCTCA,0,5186573
yqjE_yqjK_yqjD_yqjC_predicted,0.2,4,4,CTTTGTACATCTAGTTTATG,0,5200163
yqjE_yqjK_yqjD_yqjC_predicted,0.2,4,4,CTTTGGGGCCACCGTGGAGG,0,5213095
yqjE_yqjK_yqjD_yqjC_predicted,0.2,4,4,CTTTGGCTCCCAAACACTCT,0,5261036
yqjE_yqjK_yqjD_yqjC_predicted,0.2,4,4,CTTTGGACTTGGAGCTTGGG,0,5241445
yqjE_yqjK_yqjD_yqjC_predicted,0.2,4,4,CTTTGAGTCCATGAATGATG,0,5216283
yqjE_yqjK_yqjD_yqjC_predicted,0.2,4,4,CTTTCTATCCACAGTGACGA,0,5216820
yqjE_yqjK_yqjD_yqjC_predicted,0.2,4,4,CTTTCATCTTCTAATCCTGA,0,5184960
yqjE_yqjK_yqjD_yqjC_predicted,0.2,4,4,CTTGTGCGAAGAGCGTCGTA,0,5255218
yqjE_yqjK_yqjD_yqjC_predicted,0.2,4,4,CTTGGGGACTTCACATCCAG,0,5214157
yqjE_yqjK_yqjD_yqjC_predicted,0.2,4,4,CTTGGGCATTATCTTGAACT,0,5251005
yqjE_yqjK_yqjD_yqjC_predicted,0.2,4,4,CTTGGAGGAGGGGAGAAGAT,0,5183472
yqjE_yqjK_yqjD_yqjC_predicted,0.2,4,4,CTTGAGATTCATTTTGTCGG,0,5230202
yqjE_yqjK_yqjD_yqjC_predicted,0.2,4,4,CTTGACACATCCTTAGGAGT,0,5184125
yqjE_yqjK_yqjD_yqjC_predicted,0.2,4,4,CTTCTTCTGGACATATGGTC,0,5238347
yqjE_yqjK_yqjD_yqjC_predicted,0.2,4,4,CTTCTTCCGGTTTTGCGGTG,0,5256762
yqjE_yqjK_yqjD_yqjC_predicted,0.2,4,4,CTTCTACGCACGTGTTCGAT,0,5259198
yqjE_yqjK_yqjD_yqjC_predicted,0.2,4,4,CTTCGCCAACTAAAATTACA,0,5262080
yqjE_yqjK_yqjD_yqjC_predicted,0.2,4,4,CTTCCTCCCTTTGGAGCGGC,0,5236135
yqjE_yqjK_yqjD_yqjC_predicted,0.2,4,4,CTTCACCCAGCATAGCGCTT,0,5173056
yqjE_yqjK_yqjD_yqjC_predicted,0.2,4,4,CTTATGATGTTCGTCGGTGA,0,5209396
yqjE_yqjK_yqjD_yqjC_predicted,0.2,4,4,CTTATCGGCGTTTGCAAGCC,0,5251432
yqjE_yqjK_yqjD_yqjC_predicted,0.2,4,4,CTTATCGGCCGGCTAGCCAG,0,5192793
yqjE_yqjK_yqjD_yqjC_predicted,0.2,4,4,CTTATCGAAACGCGTCATCA,0,5243401
yqjE_yqjK_yqjD_yqjC_predicted,0.2,4,4,CTTATAGAGTGATGCACAAC,0,5218777
yqjE_yqjK_yqjD_yqjC_predicted,0.2,4,4,CTTAGGCAGGTAGCGTCGCG,0,5178044
yqjE_yqjK_yqjD_yqjC_predicted,0.2,4,4,CTTAGCTCGGTCCTGAGTTG,0,5173030
yqjE_yqjK_yqjD_yqjC_predicted,0.2,4,4,CTTAATGCCCTGGTTGGCAG,0,5188860
yqjE_yqjK_yqjD_yqjC_predicted,0.2,4,4,CTGTTTCTCAAAGAGTGGCA,0,5221404
yqjE_yqjK_yqjD_yqjC_predicted,0.2,4,4,CTGTGTCTTGCTTAGACCCA,0,5178333
yqjE_yqjK_yqjD_yqjC_predicted,0.2,4,4,CTGTGATCAATCTCGCCTTC,0,5170791
yqjE_yqjK_yqjD_yqjC_predicted,0.2,4,4,CTGTGAGTCCATAGTATGGG,0,5175986
yqjE_yqjK_yqjD_yqjC_predicted,0.2,4,4,CTGTCGGAGATTTTCATCGT,0,5222731
yqjE_yqjK_yqjD_yqjC_predicted,0.2,4,4,CTGTCGAAACTCTCCATGAT,0,5254312
yqjE_yqjK_yqjD_yqjC_predicted,0.2,4,4,CTGTAGGGGCTCCCCTAACC,0,5203865
yqjE_yqjK_yqjD_yqjC_predicted,0.2,4,4,CTGTACATATCCCTCGTTGG,0,5195116
yqjE_yqjK_yqjD_yqjC_predicted,0.2,4,4,CTGGTTTGGCAGTAGCTCCA,0,5234023
yqjE_yqjK_yqjD_yqjC_predicted,0.2,4,4,CTGGTTAGTAGACAACCCCG,0,5241864
yqjE_yqjK_yqjD_yqjC_predicted,0.2,4,4,CTGGTTACGATCTGTACATT,0,5240729
yqjE_yqjK_yqjD_yqjC_predicted,0.2,4,4,CTGGTGCTTTAGTCACATAA,0,5219538
yqjE_yqjK_yqjD_yqjC_predicted,0.2,4,4,CTGGTCCTTGGGGTTCAATT,0,5193749
yqjE_yqjK_yqjD_yqjC_predicted,0.2,4,4,CTGGTACCGTATAACAAGTG,0,5175946
yqjE_yqjK_yqjD_yqjC_predicted,0.2,4,4,CTGGGAGGCCTGCTGCGAAC,0,5222501
yqjE_yqjK_yqjD_yqjC_predicted,0.2,4,4,CTGGGAACCTATACTTATAT,0,5182940
yqjE_yqjK_yqjD_yqjC_predicted,0.2,4,4,CTGGCCTCGTGTTAAAGAGC,0,5243758
yqjE_yqjK_yqjD_yqjC_predicted,0.2,4,4,CTGGACGTCGGTATGCTTCC,0,5254796
yqjE_yqjK_yqjD_yqjC_predicted,0.2,4,4,CTGCTAGGCTATGAGCTCCA,0,5246212
yqjE_yqjK_yqjD_yqjC_predicted,0.2,4,4,CTGCGTAATGTCCACGCGTG,0,5178073
yqjE_yqjK_yqjD_yqjC_predicted,0.2,4,4,CTGCGGGCCGAGCAATTCAG,0,5247494
yqjE_yqjK_yqjD_yqjC_predicted,0.2,4,4,CTGCGCCCCAGAAGGAGCCA,0,5184062
yqjE_yqjK_yqjD_yqjC_predicted,0.2,4,4,CTGCGATGCGCTCAAGCGAG,0,5175412
yqjE_yqjK_yqjD_yqjC_predicted,0.2,4,4,CTGCATCATAATTCATTTAG,0,5193060
yqjE_yqjK_yqjD_yqjC_predicted,0.2,4,4,CTGCATAATGGCATTCCCAC,0,5237828
yqjE_yqjK_yqjD_yqjC_predicted,0.2,4,4,CTGCAATACCTACATTCGGT,0,5228961
yqjE_yqjK_yqjD_yqjC_predicted,0.2,4,4,CTGCAACCGCGTTTGTGGCT,0,5260759
yqjE_yqjK_yqjD_yqjC_predicted,0.2,4,4,CTGATGTTGTCCAGCAACCA,0,5233695
yqjE_yqjK_yqjD_yqjC_predicted,0.2,4,4,CTGAGTGAGCCGACGTCTCA,0,5197879
yqjE_yqjK_yqjD_yqjC_predicted,0.2,4,4,CTGAGGTCGTCTCAGTGGTT,0,5256698
yqjE_yqjK_yqjD_yqjC_predicted,0.2,4,4,CTGAGCTAGGTCCAGCCCGC,0,5180886
yqjE_yqjK_yqjD_yqjC_predicted,0.2,4,4,CTGAGATTGCCGGGCTGGGC,0,5209715
yqjE_yqjK_yqjD_yqjC_predicted,0.2,4,4,CTGACGGCTCAAGAATTCCT,0,5214675
yqjE_yqjK_yqjD_yqjC_predicted,0.2,4,4,CTGAAGACGGCAACGGACAG,0,5192693
yqjE_yqjK_yqjD_yqjC_predicted,0.2,4,4,CTGAACAGAGCTTCTTACAT,0,5187853
yqjE_yqjK_yqjD_yqjC_predicted,0.2,4,4,CTCTTAGTTTAAGGGGATGT,0,5210889
yqjE_yqjK_yqjD_yqjC_predicted,0.2,4,4,CTCTTACCAGATATGACGTC,0,5260984
yqjE_yqjK_yqjD_yqjC_predicted,0.2,4,4,CTCTGCTCAACTGATGTGAA,0,5242340
yqjE_yqjK_yqjD_yqjC_predicted,0.2,4,4,CTCTGCAAATCCTGCCAACA,0,5216615
yqjE_yqjK_yqjD_yqjC_predicted,0.2,4,4,CTCGTCGGACTTTAGGTCCA,0,5258233
yqjE_yqjK_yqjD_yqjC_predicted,0.2,4,4,CTCGTAACACTATAAGACAC,0,5251683
yqjE_yqjK_yqjD_yqjC_predicted,0.2,4,4,CTCGGTGTATTAGGTTCTTA,0,5222596
yqjE_yqjK_yqjD_yqjC_predicted,0.2,4,4,CTCGGAGTAGAAGTTATTCT,0,5253087
yqjE_yqjK_yqjD_yqjC_predicted,0.2,4,4,CTCGGAAGACAGTATGAAGT,0,5177871
yqjE_yqjK_yqjD_yqjC_predicted,0.2,4,4,CTCGCATCTTTATAGCTTGC,0,5249886
yqjE_yqjK_yqjD_yqjC_predicted,0.2,4,4,CTCGCATCACAGCAAAATTT,0,5237024
yqjE_yqjK_yqjD_yqjC_predicted,0.2,4,4,CTCGAGGAAAGAGGAAAACA,0,5230366
yqjE_yqjK_yqjD_yqjC_predicted,0.2,4,4,CTCGACCTGCAGATCTGTAA,0,5226121
yqjE_yqjK_yqjD_yqjC_predicted,0.2,4,4,CTCGAAGCCAACATTCCGGG,0,5181678
yqjE_yqjK_yqjD_yqjC_predicted,0.2,4,4,CTCCTTTAACCGAGACTCAA,0,5197460
yqjE_yqjK_yqjD_yqjC_predicted,0.2,4,4,CTCCTTCATAGGAAGGCTAC,0,5215667
yqjE_yqjK_yqjD_yqjC_predicted,0.2,4,4,CTCCTTAAGACAGGTCTATT,0,5204120
yqjE_yqjK_yqjD_yqjC_predicted,0.2,4,4,CTCCTAGTCGTGAACAAAAT,0,5232599
yqjE_yqjK_yqjD_yqjC_predicted,0.2,4,4,CTCCTAAGTCATTCTTGTTT,0,5199088
yqjE_yqjK_yqjD_yqjC_predicted,0.2,4,4,CTCCGGATGGCTGGCACATA,0,5240916
yqjE_yqjK_yqjD_yqjC_predicted,0.2,4,4,CTCCGCGTCTGCCTGGATAT,0,5247320
yqjE_yqjK_yqjD_yqjC_predicted,0.2,4,4,CTCCCGGGGATGCGAGAGTC,0,5207756
yqjE_yqjK_yqjD_yqjC_predicted,0.2,4,4,CTCCAGTCGAGGCTCTACGG,0,5178630
yqjE_yqjK_yqjD_yqjC_predicted,0.2,4,4,CTCCACAGAGACAAAGGTCA,0,5173025
yqjE_yqjK_yqjD_yqjC_predicted,0.2,4,4,CTCATGTCGATATGGTGGTA,0,5179957
yqjE_yqjK_yqjD_yqjC_predicted,0.2,4,4,CTCATGGCGCGTTACAATGG,0,5215055
yqjE_yqjK_yqjD_yqjC_predicted,0.2,4,4,CTCATGCTAGAACACGGTAC,0,5205574
yqjE_yqjK_yqjD_yqjC_predicted,0.2,4,4,CTCATCCGCAGGCTAGGATG,0,5252087
yqjE_yqjK_yqjD_yqjC_predicted,0.2,4,4,CTCAGTATCTTGGATAGCAA,0,5210153
yqjE_yqjK_yqjD_yqjC_predicted,0.2,4,4,CTCAGGGCAGTTCGGGCGCA,0,5219312
yqjE_yqjK_yqjD_yqjC_predicted,0.2,4,4,CTCAGCGCAATGCCTGTCCA,0,5238874
yqjE_yqjK_yqjD_yqjC_predicted,0.2,4,4,CTCAATTAAGTCCCCTGCAT,0,5217966
yqjE_yqjK_yqjD_yqjC_predicted,0.2,4,4,CTCAAGACGAGATGCACCAT,0,5207419
yqjE_yqjK_yqjD_yqjC_predicted,0.2,4,4,CTCAAAAGGTCACATCCTTC,0,5237252
yqjE_yqjK_yqjD_yqjC_predicted,0.2,4,4,CTATTAAGGATTATGGTGTG,0,5234975
yqjE_yqjK_yqjD_yqjC_predicted,0.2,4,4,CTATGGGCGGCACTGTGGAA,0,5184714
yqjE_yqjK_yqjD_yqjC_predicted,0.2,4,4,CTATGGATTCGTTGAAAGGT,0,5188086
yqjE_yqjK_yqjD_yqjC_predicted,0.2,4,4,CTATGCGTGTGCGACCAACG,0,5231407
yqjE_yqjK_yqjD_yqjC_predicted,0.2,4,4,CTATCGCGACTTTGCCGTAA,0,5223282
yqjE_yqjK_yqjD_yqjC_predicted,0.2,4,4,CTATCCCGCGGGCACCGATC,0,5261276
yqjE_yqjK_yqjD_yqjC_predicted,0.2,4,4,CTATAGCCGTCGTTCGGTAA,0,5234947
yqjE_yqjK_yqjD_yqjC_predicted,0.2,4,4,CTAGTTATCGCTACAATTTG,0,5258451
yqjE_yqjK_yqjD_yqjC_predicted,0.2,4,4,CTAGTCCGCTCTGGTAACGT,0,5201682
yqjE_yqjK_yqjD_yqjC_predicted,0.2,4,4,CTAGTACCTCAGTCCGGAGC,0,5183051
yqjE_yqjK_yqjD_yqjC_predicted,0.2,4,4,CTAGGGTAGTGGGCTACCTC,0,5213849
yqjE_yqjK_yqjD_yqjC_predicted,0.2,4,4,CTAGCTCACGGACTTTAGTC,0,5223329
yqjE_yqjK_yqjD_yqjC_predicted,0.2,4,4,CTAGCATGTTCCGCCAGGCA,0,5202810
yqjE_yqjK_yqjD_yqjC_predicted,0.2,4,4,CTAGCAGGTATGCTCGTATA,0,5200013
yqjE_yqjK_yqjD_yqjC_predicted,0.2,4,4,CTAGATCCTACGATGCACTC,0,5224133
yqjE_yqjK_yqjD_yqjC_predicted,0.2,4,4,CTAGACTTGCCGGCTTACAG,0,5235702
yqjE_yqjK_yqjD_yqjC_predicted,0.2,4,4,CTAGACTACAATAGTACCAT,0,5229863
yqjE_yqjK_yqjD_yqjC_predicted,0.2,4,4,CTAGAAATCAGTACAGGGCT,0,5187971
yqjE_yqjK_yqjD_yqjC_predicted,0.2,4,4,CTACTGGCGGGTGGGCGATT,0,5225321
yqjE_yqjK_yqjD_yqjC_predicted,0.2,4,4,CTACGGACACAAAAGCAACC,0,5189107
yqjE_yqjK_yqjD_yqjC_predicted,0.2,4,4,CTACGGAACGGGTTCTCTAC,0,5233567
yqjE_yqjK_yqjD_yqjC_predicted,0.2,4,4,CTACCCAGGACACTTCCAGA,0,5227490
yqjE_yqjK_yqjD_yqjC_predicted,0.2,4,4,CTACACAGTTAGCTTCAAGG,0,5237814
yqjE_yqjK_yqjD_yqjC_predicted,0.2,4,4,CTACAACATTTCATATCATC,0,5238054
yqjE_yqjK_yqjD_yqjC_predicted,0.2,4,4,CTAATTGCACCTCGTAAATC,0,5177970
yqjE_yqjK_yqjD_yqjC_predicted,0.2,4,4,CTAACGCGATTGTACGCTCG,0,5215930
yqjE_yqjK_yqjD_yqjC_predicted,0.2,4,4,CTAAATGAGTTTTAGAAACT,0,5219509
yqjE_yqjK_yqjD_yqjC_predicted,0.2,4,4,CGTTTTGGTATAGGGGGTGG,0,5182800
yqjE_yqjK_yqjD_yqjC_predicted,0.2,4,4,CGTTTCTCAGAAGTGGTGCG,0,5202323
yqjE_yqjK_yqjD_yqjC_predicted,0.2,4,4,CGTTGGATCCTATGGGGCAG,0,5216439
yqjE_yqjK_yqjD_yqjC_predicted,0.2,4,4,CGTTGCAGCGAGAGGCCATT,0,5181473
yqjE_yqjK_yqjD_yqjC_predicted,0.2,4,4,CGTTGACATCGCAACGCTTC,0,5220894
yqjE_yqjK_yqjD_yqjC_predicted,0.2,4,4,CGTTGAACAACTCGGGCAAC,0,5197755
yqjE_yqjK_yqjD_yqjC_predicted,0.2,4,4,CGTTCTCGAAACTCGGTGGA,0,5180000
yqjE_yqjK_yqjD_yqjC_predicted,0.2,4,4,CGTTCTATCAGAGATTAATT,0,5202639
yqjE_yqjK_yqjD_yqjC_predicted,0.2,4,4,CGTTCGGGCCGTAAGAAAGT,0,5208562
yqjE_yqjK_yqjD_yqjC_predicted,0.2,4,4,CGTTAGGAGCTTCTTCAACG,0,5189825
yqjE_yqjK_yqjD_yqjC_predicted,0.2,4,4,CGTTAACCGTGGTTGCGTCA,0,5200761
yqjE_yqjK_yqjD_yqjC_predicted,0.2,4,4,CGTGTTGGCGCTACACTCGG,0,5204578
yqjE_yqjK_yqjD_yqjC_predicted,0.2,4,4,CGTGTGTCTTATCAGTCTGT,0,5176965
yqjE_yqjK_yqjD_yqjC_predicted,0.2,4,4,CGTGTGGCGCGGAGTGCTTA,0,5258226
yqjE_yqjK_yqjD_yqjC_predicted,0.2,4,4,CGTGTAAGTGTTTTTGTATT,0,5238975
yqjE_yqjK_yqjD_yqjC_predicted,0.2,4,4,CGTGGGAATTACGTTCAAGC,0,5177698
yqjE_yqjK_yqjD_yqjC_predicted,0.2,4,4,CGTGGCTACTGTAAGAGACC,0,5220644
yqjE_yqjK_yqjD_yqjC_predicted,0.2,4,4,CGTGCGCATTTATTAAGGTG,0,5201815
yqjE_yqjK_yqjD_yqjC_predicted,0.2,4,4,CGTGATCACCGTGGAACGTC,0,5228914
yqjE_yqjK_yqjD_yqjC_predicted,0.2,4,4,CGTGACTATTGCGAGGGTCA,0,5208211
yqjE_yqjK_yqjD_yqjC_predicted,0.2,4,4,CGTCTTCCGGAGGCGGACCC,0,5170792
yqjE_yqjK_yqjD_yqjC_predicted,0.2,4,4,CGTCTGTCGAAGTGTCTAAA,0,5188046
yqjE_yqjK_yqjD_yqjC_predicted,0.2,4,4,CGTCTGATGGAATCTTCACG,0,5255047
yqjE_yqjK_yqjD_yqjC_predicted,0.2,4,4,CGTCTAGGAGGGCGGCTGAC,0,5196264
yqjE_yqjK_yqjD_yqjC_predicted,0.2,4,4,CGTCGTCTCCTAGTTGCTTT,0,5232411
yqjE_yqjK_yqjD_yqjC_predicted,0.2,4,4,CGTCGGTGGGCATGCAACTC,0,5175388
yqjE_yqjK_yqjD_yqjC_predicted,0.2,4,4,CGTCGATCGATCACTGCCTA,0,5197956
yqjE_yqjK_yqjD_yqjC_predicted,0.2,4,4,CGTCCTCCTCCTGCATAGGT,0,5207010
yqjE_yqjK_yqjD_yqjC_predicted,0.2,4,4,CGTCCCTAAAAGTTCCTGTT,0,5238064
yqjE_yqjK_yqjD_yqjC_predicted,0.2,4,4,CGTCCCACGGCGAGCCGCTC,0,5232585
yqjE_yqjK_yqjD_yqjC_predicted,0.2,4,4,CGTCATAAAGATCGGCGGTT,0,5259611
yqjE_yqjK_yqjD_yqjC_predicted,0.2,4,4,CGTCAGGATCGTCACAGTAT,0,5202114
yqjE_yqjK_yqjD_yqjC_predicted,0.2,4,4,CGTAGTATAATCGTTATGAA,0,5237363
yqjE_yqjK_yqjD_yqjC_predicted,0.2,4,4,CGTAGGCAACCTGGTCGAAA,0,5232743
yqjE_yqjK_yqjD_yqjC_predicted,0.2,4,4,CGTACTATCGGCTATCGTTC,0,5218869
yqjE_yqjK_yqjD_yqjC_predicted,0.2,4,4,CGTACGCGTTAAAAACATGG,0,5260794
yqjE_yqjK_yqjD_yqjC_predicted,0.2,4,4,CGTAAGAATGTTAAAGGCAT,0,5193816
yqjE_yqjK_yqjD_yqjC_predicted,0.2,4,4,CGTAAGAATCCCCGCTTGTT,0,5201141
yqjE_yqjK_yqjD_yqjC_predicted,0.2,4,4,CGGTGGTGCGTCTGCTATAA,0,5229265
yqjE_yqjK_yqjD_yqjC_predicted,0.2,4,4,CGGTGGCCACCGGACTTAAG,0,5193410
yqjE_yqjK_yqjD_yqjC_predicted,0.2,4,4,CGGTGAGACCAGCCGTATTG,0,5188728
yqjE_yqjK_yqjD_yqjC_predicted,0.2,4,4,CGGTCCCGGTGAGATAAGAG,0,5221772
yqjE_yqjK_yqjD_yqjC_predicted,0.2,4,4,CGGTCACACGTATATCTTGG,0,5173322
yqjE_yqjK_yqjD_yqjC_predicted,0.2,4,4,CGGTATGTGCCTGTGACAGT,0,5235473
yqjE_yqjK_yqjD_yqjC_predicted,0.2,4,4,CGGGTTTCTTGCCAGGGAAA,0,5241286
yqjE_yqjK_yqjD_yqjC_predicted,0.2,4,4,CGGGTCAGGCGGCAATTCTC,0,5178639
yqjE_yqjK_yqjD_yqjC_predicted,0.2,4,4,CGGGATCTCAGGGTTGGTTC,0,5175660
yqjE_yqjK_yqjD_yqjC_predicted,0.2,4,4,CGGGACTTGTGTTGGCTTCC,0,5206455
yqjE_yqjK_yqjD_yqjC_predicted,0.2,4,4,CGGGACCAATTCCCACTGAA,0,5232402
yqjE_yqjK_yqjD_yqjC_predicted,0.2,4,4,CGGCTTACTTCCCGGTAACA,0,5222447
yqjE_yqjK_yqjD_yqjC_predicted,0.2,4,4,CGGCTGTCAAAGGAGGACAA,0,5209001
yqjE_yqjK_yqjD_yqjC_predicted,0.2,4,4,CGGCTATATGATGAATGTGC,0,5230345
yqjE_yqjK_yqjD_yqjC_predicted,0.2,4,4,CGGCGCGTCTCGAGCCTACA,0,5213872
yqjE_yqjK_yqjD_yqjC_predicted,0.2,4,4,CGGCGCATCCACCTTCGGCA,0,5205706
yqjE_yqjK_yqjD_yqjC_predicted,0.2,4,4,CGGCCGAGAACGGTAAAAAC,0,5223770
yqjE_yqjK_yqjD_yqjC_predicted,0.2,4,4,CGGCCCAGACCACTGTTTCA,0,5240020
yqjE_yqjK_yqjD_yqjC_predicted,0.2,4,4,CGGCAATCTTGATATATCAC,0,5231385
yqjE_yqjK_yqjD_yqjC_predicted,0.2,4,4,CGGCAACGATCCCTCTGCAT,0,5199888
yqjE_yqjK_yqjD_yqjC_predicted,0.2,4,4,CGGAGTTAGTATGGATGACG,0,5206802
yqjE_yqjK_yqjD_yqjC_predicted,0.2,4,4,CGGAGGGTTGAGAAGACGTG,0,5210627
yqjE_yqjK_yqjD_yqjC_predicted,0.2,4,4,CGGAGCTGCGTTTCTCTGGC,0,5175715
yqjE_yqjK_yqjD_yqjC_predicted,0.2,4,4,CGGACTTCCACAGTGTAACA,0,5257457
yqjE_yqjK_yqjD_yqjC_predicted,0.2,4,4,CGGACTGTTTTACGCTTGAC,0,5196187
yqjE_yqjK_yqjD_yqjC_predicted,0.2,4,4,CGGACCTGCAGTTAAGGCCA,0,5221334
yqjE_yqjK_yqjD_yqjC_predicted,0.2,4,4,CGGAATTCTTTCGCCGTATG,0,5222536
yqjE_yqjK_yqjD_yqjC_predicted,0.2,4,4,CGGAAGATTCGAGGAACGGC,0,5212253
yqjE_yqjK_yqjD_yqjC_predicted,0.2,4,4,CGGAAGAGTCTGAAACGCTG,0,5174201
yqjE_yqjK_yqjD_yqjC_predicted,0.2,4,4,CGCTGGGTTTATTGGTGTCA,0,5184258
yqjE_yqjK_yqjD_yqjC_predicted,0.2,4,4,CGCTGCAAGCATATCGACGA,0,5195432
yqjE_yqjK_yqjD_yqjC_predicted,0.2,4,4,CGCTCTATGGGATACTAAAG,0,5191409
yqjE_yqjK_yqjD_yqjC_predicted,0.2,4,4,CGCTCGAAACCGCTCTGAAT,0,5262205
yqjE_yqjK_yqjD_yqjC_predicted,0.2,4,4,CGCTCACTGGCTACTATTCT,0,5210738
yqjE_yqjK_yqjD_yqjC_predicted,0.2,4,4,CGCTAGCTAGCACCCCCCGT,0,5207840
yqjE_yqjK_yqjD_yqjC_predicted,0.2,4,4,CGCTAAGGGTAAACAGCTAT,0,5187865
yqjE_yqjK_yqjD_yqjC_predicted,0.2,4,4,CGCTAAAATGGTCCTTCAGA,0,5233699
yqjE_yqjK_yqjD_yqjC_predicted,0.2,4,4,CGCGTCATGGTCTCAATGAT,0,5228778
yqjE_yqjK_yqjD_yqjC_predicted,0.2,4,4,CGCGGTTCACGGCCAAGCAA,0,5234403
yqjE_yqjK_yqjD_yqjC_predicted,0.2,4,4,CGCGGGTGAACTTCTGCTCC,0,5228712
yqjE_yqjK_yqjD_yqjC_predicted,0.2,4,4,CGCGGACGACCTTCGATCTG,0,5209008
yqjE_yqjK_yqjD_yqjC_predicted,0.2,4,4,CGCGGAACCTCCTATCAGGC,0,5189355
yqjE_yqjK_yqjD_yqjC_predicted,0.2,4,4,CGCGCTTCGCGACGTGTAAC,0,5262143
yqjE_yqjK_yqjD_yqjC_predicted,0.2,4,4,CGCGCCTTTCGGTCGCTTCC,0,5220694
yqjE_yqjK_yqjD_yqjC_predicted,0.2,4,4,CGCGCCTATGATGCACACCT,0,5250765
yqjE_yqjK_yqjD_yqjC_predicted,0.2,4,4,CGCGCACTCAGCTAAAGTGG,0,5236403
yqjE_yqjK_yqjD_yqjC_predicted,0.2,4,4,CGCGAGCTGCAGTCCCCTAT,0,5181592
yqjE_yqjK_yqjD_yqjC_predicted,0.2,4,4,CGCGACCGTGCATAGTAATC,0,5213144
yqjE_yqjK_yqjD_yqjC_predicted,0.2,4,4,CGCCTGGTCTCTGTGGCAGT,0,5219499
yqjE_yqjK_yqjD_yqjC_predicted,0.2,4,4,CGCCGCATGTAATCGGGCAG,0,5185935
yqjE_yqjK_yqjD_yqjC_predicted,0.2,4,4,CGCCGAGAATACGAGTTGCA,0,5204396
yqjE_yqjK_yqjD_yqjC_predicted,0.2,4,4,CGCCATATTCACGGCAGGGG,0,5249791
yqjE_yqjK_yqjD_yqjC_predicted,0.2,4,4,CGCCAGGCTTGACCATTGCC,0,5204352
yqjE_yqjK_yqjD_yqjC_predicted,0.2,4,4,CGCATTTAAGCGAAAAAGAA,0,5219631
yqjE_yqjK_yqjD_yqjC_predicted,0.2,4,4,CGCATGTTTCCTCTAACTGC,0,5219563
yqjE_yqjK_yqjD_yqjC_predicted,0.2,4,4,CGCATAGTGAAACATCGGTT,0,5185787
yqjE_yqjK_yqjD_yqjC_predicted,0.2,4,4,CGCACTATATAGGCGCATAA,0,5252519
yqjE_yqjK_yqjD_yqjC_predicted,0.2,4,4,CGCAATGCCGAAGACAAGGA,0,5253189
yqjE_yqjK_yqjD_yqjC_predicted,0.2,4,4,CGATTCACATATTTGCTGTA,0,5216709
yqjE_yqjK_yqjD_yqjC_predicted,0.2,4,4,CGATTAGCAGTCTAACTATT,0,5179006
yqjE_yqjK_yqjD_yqjC_predicted,0.2,4,4,CGATTACTCTCGAGGGTGAT,0,5206807
yqjE_yqjK_yqjD_yqjC_predicted,0.2,4,4,CGATGAAACCATGGGTGGAA,0,5210679
yqjE_yqjK_yqjD_yqjC_predicted,0.2,4,4,CGATCTTGCATCTGCTAGGC,0,5205576
yqjE_yqjK_yqjD_yqjC_predicted,0.2,4,4,CGATCTAACAAGAGTTCCAC,0,5199637
yqjE_yqjK_yqjD_yqjC_predicted,0.2,4,4,CGATAGTGGGGACCGTAGTC,0,5215311
yqjE_yqjK_yqjD_yqjC_predicted,0.2,4,4,CGAGTATTACTGTCTTAAAG,0,5239811
yqjE_yqjK_yqjD_yqjC_predicted,0.2,4,4,CGAGGTCGATATCTTTCCAG,0,5214935
yqjE_yqjK_yqjD_yqjC_predicted,0.2,4,4,CGAGGCGACCGTCTAGACGC,0,5221878
yqjE_yqjK_yqjD_yqjC_predicted,0.2,4,4,CGAGCATATATTCAATTGGT,0,5236285
yqjE_yqjK_yqjD_yqjC_predicted,0.2,4,4,CGAGATGGATTATTAATACG,0,5229174
yqjE_yqjK_yqjD_yqjC_predicted,0.2,4,4,CGAGAAGCCAGAAGCGACTC,0,5208482
yqjE_yqjK_yqjD_yqjC_predicted,0.2,4,4,CGACTTGGGTGGTCAGGTCC,0,5214405
yqjE_yqjK_yqjD_yqjC_predicted,0.2,4,4,CGACTTGAGTGGCTCGCACG,0,5196511
yqjE_yqjK_yqjD_yqjC_predicted,0.2,4,4,CGACGTCGGAAGCCTTTTCC,0,5214402
yqjE_yqjK_yqjD_yqjC_predicted,0.2,4,4,CGACGAGACTGCGGCCTTTC,0,5208481
yqjE_yqjK_yqjD_yqjC_predicted,0.2,4,4,CGACGAATAGTATTCCCCGG,0,5209649
yqjE_yqjK_yqjD_yqjC_predicted,0.2,4,4,CGACCCTTCGCGTACAGCAG,0,5230443
yqjE_yqjK_yqjD_yqjC_predicted,0.2,4,4,CGACAACAACATCACCTGGC,0,5220345
yqjE_yqjK_yqjD_yqjC_predicted,0.2,4,4,CGAATGGTTGCTAAGATGGT,0,5188888
yqjE_yqjK_yqjD_yqjC_predicted,0.2,4,4,CGAATGGTATATAGATTCAC,0,5217614
yqjE_yqjK_yqjD_yqjC_predicted,0.2,4,4,CGAATAGGAGTTTGGCAAGA,0,5246284
yqjE_yqjK_yqjD_yqjC_predicted,0.2,4,4,CGAATAGCACTTGCGAGGGT,0,5209129
yqjE_yqjK_yqjD_yqjC_predicted,0.2,4,4,CGAAGAACTGTATAACTCTT,0,5238512
yqjE_yqjK_yqjD_yqjC_predicted,0.2,4,4,CGAACTCGCTGCGATCTACC,0,5242907
yqjE_yqjK_yqjD_yqjC_predicted,0.2,4,4,CGAAATTTTCCCTTACGGAC,0,5172050
yqjE_yqjK_yqjD_yqjC_predicted,0.2,4,4,CGAAAGCGGGACCCGTGTGA,0,5191438
yqjE_yqjK_yqjD_yqjC_predicted,0.2,4,4,CCTTTGCAGTCTTGGTAGCT,0,5226743
yqjE_yqjK_yqjD_yqjC_predicted,0.2,4,4,CCTTTATACTTCCACCCAGG,0,5228376
yqjE_yqjK_yqjD_yqjC_predicted,0.2,4,4,CCTTGGTAGTGACTGGCACA,0,5195577
yqjE_yqjK_yqjD_yqjC_predicted,0.2,4,4,CCTTGCCCAAAGACCGTAGT,0,5194457
yqjE_yqjK_yqjD_yqjC_predicted,0.2,4,4,CCTGTTTGGATTGATCATGT,0,5194767
yqjE_yqjK_yqjD_yqjC_predicted,0.2,4,4,CCTGTCGCGTACAGGGACCG,0,5177310
yqjE_yqjK_yqjD_yqjC_predicted,0.2,4,4,CCTGGGTTTTAACATTTGAC,0,5181928
yqjE_yqjK_yqjD_yqjC_predicted,0.2,4,4,CCTGGCAAGCCAGACGGGTT,0,5213947
yqjE_yqjK_yqjD_yqjC_predicted,0.2,4,4,CCTGGACTAGGGTAAGCGGT,0,5193824
yqjE_yqjK_yqjD_yqjC_predicted,0.2,4,4,CCTGCCACTCTCTTGCCCGT,0,5194454
yqjE_yqjK_yqjD_yqjC_predicted,0.2,4,4,CCTCGTTCTCATCGTTGCTA,0,5195856
yqjE_yqjK_yqjD_yqjC_predicted,0.2,4,4,CCTCGTACCGGGGCAAGGAA,0,5201630
yqjE_yqjK_yqjD_yqjC_predicted,0.2,4,4,CCTCGGTCAAGATGCTGCGG,0,5257022
yqjE_yqjK_yqjD_yqjC_predicted,0.2,4,4,CCTCGACGTCACGAAGGCGA,0,5261432
yqjE_yqjK_yqjD_yqjC_predicted,0.2,4,4,CCTCCGGCTCGTATTTGGTA,0,5181564
yqjE_yqjK_yqjD_yqjC_predicted,0.2,4,4,CCTCACTATTCGGTGCTCCT,0,5222774
yqjE_yqjK_yqjD_yqjC_predicted,0.2,4,4,CCTCAAGTGAGCCATATACT,0,5235886
yqjE_yqjK_yqjD_yqjC_predicted,0.2,4,4,CCTAGTGGGCATAGTGCAAA,0,5178156
yqjE_yqjK_yqjD_yqjC_predicted,0.2,4,4,CCTAGGCATCTTTTAGGTGT,0,5200673
yqjE_yqjK_yqjD_yqjC_predicted,0.2,4,4,CCTAGGATCTACGCCAGGGT,0,5207919
yqjE_yqjK_yqjD_yqjC_predicted,0.2,4,4,CCTACCTGATTACTCTATGC,0,5220698
yqjE_yqjK_yqjD_yqjC_predicted,0.2,4,4,CCTACCTACTGCAAATTTCG,0,5260731
yqjE_yqjK_yqjD_yqjC_predicted,0.2,4,4,CCTACCGACTCACAGTTCGG,0,5223785
yqjE_yqjK_yqjD_yqjC_predicted,0.2,4,4,CCTAAGGCCCACCCTTAACA,0,5198845
yqjE_yqjK_yqjD_yqjC_predicted,0.2,4,4,CCTAAAATGCGGAGTAACTT,0,5172145
yqjE_yqjK_yqjD_yqjC_predicted,0.2,4,4,CCGTTGCTTGGGCAGAGTGA,0,5213733
yqjE_yqjK_yqjD_yqjC_predicted,0.2,4,4,CCGTTCGCTTAATCAATTTC,0,5255286
yqjE_yqjK_yqjD_yqjC_predicted,0.2,4,4,CCGTTCAATTAGTGTGTAGG,0,5217463
yqjE_yqjK_yqjD_yqjC_predicted,0.2,4,4,CCGTGTCTTAGTCATGCGCA,0,5198646
yqjE_yqjK_yqjD_yqjC_predicted,0.2,4,4,CCGTCGAGCACCATGCGGGA,0,5184250
yqjE_yqjK_yqjD_yqjC_predicted,0.2,4,4,CCGTCCGCTGCAATCGACGT,0,5248594
yqjE_yqjK_yqjD_yqjC_predicted,0.2,4,4,CCGTCAAACTCACAGCCAGC,0,5262103
yqjE_yqjK_yqjD_yqjC_predicted,0.2,4,4,CCGTAGCTTCAAGTTACAAA,0,5234721
yqjE_yqjK_yqjD_yqjC_predicted,0.2,4,4,CCGTAAAGACTCAACGCACA,0,5261705
yqjE_yqjK_yqjD_yqjC_predicted,0.2,4,4,CCGGTCTCGGACCATTGAGC,0,5204798
yqjE_yqjK_yqjD_yqjC_predicted,0.2,4,4,CCGGTCCGGTGCGCGGAAAA,0,5240460
yqjE_yqjK_yqjD_yqjC_predicted,0.2,4,4,CCGGTACACGGGGGTAGACG,0,5185698
yqjE_yqjK_yqjD_yqjC_predicted,0.2,4,4,CCGGGTTACGTAGGTGCGTA,0,5178908
yqjE_yqjK_yqjD_yqjC_predicted,0.2,4,4,CCGGGTATGTCAGGACTCTT,0,5245567
yqjE_yqjK_yqjD_yqjC_predicted,0.2,4,4,CCGGGTATAGGGCTGCACTC,0,5221521
yqjE_yqjK_yqjD_yqjC_predicted,0.2,4,4,CCGGGGATGTGAATGTTACT,0,5258251
yqjE_yqjK_yqjD_yqjC_predicted,0.2,4,4,CCGGGCAGGTCATGGCATTT,0,5196603
yqjE_yqjK_yqjD_yqjC_predicted,0.2,4,4,CCGGGAGACCGATCGGTTCT,0,5245529
yqjE_yqjK_yqjD_yqjC_predicted,0.2,4,4,CCGGCGGCAGTTATGGCTGG,0,5240838
yqjE_yqjK_yqjD_yqjC_predicted,0.2,4,4,CCGGATTTTTGCATGACTGT,0,5233560
yqjE_yqjK_yqjD_yqjC_predicted,0.2,4,4,CCGGAGGTCCCGCGGAGAGT,0,5243488
yqjE_yqjK_yqjD_yqjC_predicted,0.2,4,4,CCGGACTCGGCACGCCCGCC,0,5252010
yqjE_yqjK_yqjD_yqjC_predicted,0.2,4,4,CCGGACCGCGTCTTTTCTTC,0,5225867
yqjE_yqjK_yqjD_yqjC_predicted,0.2,4,4,CCGCTCTCAAGTGGCAAGGG,0,5208397
yqjE_yqjK_yqjD_yqjC_predicted,0.2,4,4,CCGCTATTAAGGTACTTGAG,0,5209100
yqjE_yqjK_yqjD_yqjC_predicted,0.2,4,4,CCGCGTGTTTGTGTCTAACA,0,5250811
yqjE_yqjK_yqjD_yqjC_predicted,0.2,4,4,CCGCGTGCAAGATAGAAATA,0,5232417
yqjE_yqjK_yqjD_yqjC_predicted,0.2,4,4,CCGCCTAAGCATTTACTCCG,0,5213073
yqjE_yqjK_yqjD_yqjC_predicted,0.2,4,4,CCGCATTTGTCTAGTAGGAC,0,5242232
yqjE_yqjK_yqjD_yqjC_predicted,0.2,4,4,CCGCACATAGGAGCGCCAAC,0,5260837
yqjE_yqjK_yqjD_yqjC_predicted,0.2,4,4,CCGAGTTGCCAAGTCCTTAC,0,5196724
yqjE_yqjK_yqjD_yqjC_predicted,0.2,4,4,CCGAGAACGTTTACCCCACT,0,5197212
yqjE_yqjK_yqjD_yqjC_predicted,0.2,4,4,CCGACCTGCTCAGGGTTGGG,0,5211281
yqjE_yqjK_yqjD_yqjC_predicted,0.2,4,4,CCGAAAAGAGCAGCTCCCTT,0,5235051
yqjE_yqjK_yqjD_yqjC_predicted,0.2,4,4,CCGAAAAAACGCCAGCAGAT,0,5235023
yqjE_yqjK_yqjD_yqjC_predicted,0.2,4,4,CCCTTGCTAAATACATTGCA,0,5233043
yqjE_yqjK_yqjD_yqjC_predicted,0.2,4,4,CCCTTCAGCTAAACTGGCGG,0,5180334
yqjE_yqjK_yqjD_yqjC_predicted,0.2,4,4,CCCTGGTTGTGATCCACGTT,0,5200565
yqjE_yqjK_yqjD_yqjC_predicted,0.2,4,4,CCCTGACTAATGCCAGAGGC,0,5258069
yqjE_yqjK_yqjD_yqjC_predicted,0.2,4,4,CCCTCACGGGGATCAGTCGC,0,5196387
yqjE_yqjK_yqjD_yqjC_predicted,0.2,4,4,CCCTACACGCTAGTCAGCTT,0,5211346
yqjE_yqjK_yqjD_yqjC_predicted,0.2,4,4,CCCGTGGCAGCTAAAGCGAA,0,5204911
yqjE_yqjK_yqjD_yqjC_predicted,0.2,4,4,CCCGTGATAATTTTAGGGCA,0,5172382
yqjE_yqjK_yqjD_yqjC_predicted,0.2,4,4,CCCGGTGCACATAAATTACT,0,5259230
yqjE_yqjK_yqjD_yqjC_predicted,0.2,4,4,CCCGGGTGGTACGACCCCTG,0,5229423
yqjE_yqjK_yqjD_yqjC_predicted,0.2,4,4,CCCGCTCATTTCTGAGATAA,0,5258010
yqjE_yqjK_yqjD_yqjC_predicted,0.2,4,4,CCCGCGAATTATGTGCTCTT,0,5251122
yqjE_yqjK_yqjD_yqjC_predicted,0.2,4,4,CCCGCAGCTGGCGGAGGTAT,0,5181102
yqjE_yqjK_yqjD_yqjC_predicted,0.2,4,4,CCCGCAGCCGTATATGACAT,0,5189833
yqjE_yqjK_yqjD_yqjC_predicted,0.2,4,4,CCCCTGCTTCAATCGGGCGC,0,5227813
yqjE_yqjK_yqjD_yqjC_predicted,0.2,4,4,CCCCTCTGTGTCTCCCAGGA,0,5253701
yqjE_yqjK_yqjD_yqjC_predicted,0.2,4,4,CCCCTCCCCTGTGAACAAAG,0,5173796
yqjE_yqjK_yqjD_yqjC_predicted,0.2,4,4,CCCCTCCATCGGGCCATAAG,0,5247162
yqjE_yqjK_yqjD_yqjC_predicted,0.2,4,4,CCCCGTACTATTTGCGAGAT,0,5218017
yqjE_yqjK_yqjD_yqjC_predicted,0.2,4,4,CCCCCCTTCGCCCGTCGTAT,0,5250930
yqjE_yqjK_yqjD_yqjC_predicted,0.2,4,4,CCCCCCATCCTCCTACCGTG,0,5171108
yqjE_yqjK_yqjD_yqjC_predicted,0.2,4,4,CCCCCACTTCGCTGCATACT,0,5250862
yqjE_yqjK_yqjD_yqjC_predicted,0.2,4,4,CCCCACTATCTCAATGCGGG,0,5199368
yqjE_yqjK_yqjD_yqjC_predicted,0.2,4,4,CCCCAAGGGTCAAGCAGGCA,0,5184768
yqjE_yqjK_yqjD_yqjC_predicted,0.2,4,4,CCCATCTCGTAATAAAAGTG,0,5231340
yqjE_yqjK_yqjD_yqjC_predicted,0.2,4,4,CCCATCCTGACCGCCTGAGC,0,5261355
yqjE_yqjK_yqjD_yqjC_predicted,0.2,4,4,CCCAGGATTACAAGGACACG,0,5173155
yqjE_yqjK_yqjD_yqjC_predicted,0.2,4,4,CCCACTAATGCTTTCATAGA,0,5185114
yqjE_yqjK_yqjD_yqjC_predicted,0.2,4,4,CCCACAGCTGGAACAATCGT,0,5189521
yqjE_yqjK_yqjD_yqjC_predicted,0.2,4,4,CCATGGTCTCGGCGTGAAGT,0,5191240
yqjE_yqjK_yqjD_yqjC_predicted,0.2,4,4,CCATGCCTTAAGGCTAAGGA,0,5222920
yqjE_yqjK_yqjD_yqjC_predicted,0.2,4,4,CCATCTATCTTATGGTACCC,0,5226809
yqjE_yqjK_yqjD_yqjC_predicted,0.2,4,4,CCATCTAGGATATTTCTTGT,0,5230029
yqjE_yqjK_yqjD_yqjC_predicted,0.2,4,4,CCATCGTTCAGTTACATGTA,0,5258517
yqjE_yqjK_yqjD_yqjC_predicted,0.2,4,4,CCATCGACCGAGTTAGTAAT,0,5237520
yqjE_yqjK_yqjD_yqjC_predicted,0.2,4,4,CCAGTTCGTTGGAGCCACAA,0,5213887
yqjE_yqjK_yqjD_yqjC_predicted,0.2,4,4,CCAGTCCTCACGTGCGCAAA,0,5220929
yqjE_yqjK_yqjD_yqjC_predicted,0.2,4,4,CCAGGTAGGGTGCGTGCCTC,0,5182162
yqjE_yqjK_yqjD_yqjC_predicted,0.2,4,4,CCAGGACGTTCCTAACGTGT,0,5228358
yqjE_yqjK_yqjD_yqjC_predicted,0.2,4,4,CCAGCTTCAACTGGACATAC,0,5245466
yqjE_yqjK_yqjD_yqjC_predicted,0.2,4,4,CCAGATGTCTAGGTTGCGAT,0,5210467
yqjE_yqjK_yqjD_yqjC_predicted,0.2,4,4,CCAGAGCTCTTCTGGGTAGT,0,5219178
yqjE_yqjK_yqjD_yqjC_predicted,0.2,4,4,CCAGACTGATATCGTAGGCC,0,5246907
yqjE_yqjK_yqjD_yqjC_predicted,0.2,4,4,CCAGACGGCCAACATTGGGG,0,5235587
yqjE_yqjK_yqjD_yqjC_predicted,0.2,4,4,CCAGAATGGTCGGTACCTAG,0,5253805
yqjE_yqjK_yqjD_yqjC_predicted,0.2,4,4,CCAGAAGGCATTTCACCCTG,0,5211795
yqjE_yqjK_yqjD_yqjC_predicted,0.2,4,4,CCACTCGCGGAACATAGTTG,0,5207416
yqjE_yqjK_yqjD_yqjC_predicted,0.2,4,4,CCACTATTTTGATTAGGGCA,0,5181582
yqjE_yqjK_yqjD_yqjC_predicted,0.2,4,4,CCACGTAGCTACGCTGGAGG,0,5253090
yqjE_yqjK_yqjD_yqjC_predicted,0.2,4,4,CCACGGCTTTGGGACCTGTG,0,5187550
yqjE_yqjK_yqjD_yqjC_predicted,0.2,4,4,CCACGGCCCTGGAGGCCGTA,0,5230654
yqjE_yqjK_yqjD_yqjC_predicted,0.2,4,4,CCACCGACCGAAGTCCCGAG,0,5246681
yqjE_yqjK_yqjD_yqjC_predicted,0.2,4,4,CCACCCGAAGACGGTTCAGT,0,5259405
yqjE_yqjK_yqjD_yqjC_predicted,0.2,4,4,CCACCCCATCCACGTGACTA,0,5249409
yqjE_yqjK_yqjD_yqjC_predicted,0.2,4,4,CCACAGGCAGGTAAATCTGC,0,5190267
yqjE_yqjK_yqjD_yqjC_predicted,0.2,4,4,CCACAGCTTGAACTAACAAG,0,5214596
yqjE_yqjK_yqjD_yqjC_predicted,0.2,4,4,CCAAGGTGGAGGAGTTCCAC,0,5217104
yqjE_yqjK_yqjD_yqjC_predicted,0.2,4,4,CCAACCAGCAACCAGTGACA,0,5203109
yqjE_yqjK_yqjD_yqjC_predicted,0.2,4,4,CCAAATTGACACTAGCGGGA,0,5262461
yqjE_yqjK_yqjD_yqjC_predicted,0.2,4,4,CCAAATGAGCGTGCAAAACT,0,5201451
yqjE_yqjK_yqjD_yqjC_predicted,0.2,4,4,CCAAAGACCTCGCTAGCGGA,0,5196034
yqjE_yqjK_yqjD_yqjC_predicted,0.2,4,4,CATTTTATCGGTATTCAATT,0,5244478
yqjE_yqjK_yqjD_yqjC_predicted,0.2,4,4,CATTTGTCTTATCACGTTAC,0,5176980
yqjE_yqjK_yqjD_yqjC_predicted,0.2,4,4,CATTTGACACGTGTCACGTC,0,5218346
yqjE_yqjK_yqjD_yqjC_predicted,0.2,4,4,CATTTACAAATGCCCAAACG,0,5189723
yqjE_yqjK_yqjD_yqjC_predicted,0.2,4,4,CATTGGGTATCTAAGTCCGG,0,5226437
yqjE_yqjK_yqjD_yqjC_predicted,0.2,4,4,CATTCTTTAAGGCTGTTACT,0,5189855
yqjE_yqjK_yqjD_yqjC_predicted,0.2,4,4,CATTCACTACACAAGTATCC,0,5223899
yqjE_yqjK_yqjD_yqjC_predicted,0.2,4,4,CATTATTACCCAAAGGGTTC,0,5228197
yqjE_yqjK_yqjD_yqjC_predicted,0.2,4,4,CATGTAGTACCATTGCTCCT,0,5197999
yqjE_yqjK_yqjD_yqjC_predicted,0.2,4,4,CATGGCGAAAGTTTCTAAGA,0,5177642
yqjE_yqjK_yqjD_yqjC_predicted,0.2,4,4,CATGCATGAGGACATTATGT,0,5207120
yqjE_yqjK_yqjD_yqjC_predicted,0.2,4,4,CATGATATCAAGAGAGGGCT,0,5177735
yqjE_yqjK_yqjD_yqjC_predicted,0.2,4,4,CATCGCGTATGATGCCACCG,0,5194324
yqjE_yqjK_yqjD_yqjC_predicted,0.2,4,4,CATCATCAGGAGCTTGATGA,0,5223354
yqjE_yqjK_yqjD_yqjC_predicted,0.2,4,4,CATCAGTTGTGTGAGGGCCA,0,5175561
yqjE_yqjK_yqjD_yqjC_predicted,0.2,4,4,CATCAGCTGTCTCTTTTAAC,0,5187052
yqjE_yqjK_yqjD_yqjC_predicted,0.2,4,4,CATAGTCTCCCGGCTGAATG,0,5187448
yqjE_yqjK_yqjD_yqjC_predicted,0.2,4,4,CATAGGTCGGCACATGAAAG,0,5244032
yqjE_yqjK_yqjD_yqjC_predicted,0.2,4,4,CATACTTTTAGGTATCCTCG,0,5249882
yqjE_yqjK_yqjD_yqjC_predicted,0.2,4,4,CATACCAGTTAAGTATGTTA,0,5240676
yqjE_yqjK_yqjD_yqjC_predicted,0.2,4,4,CATACAGCAGGACTGACCAC,0,5238149
yqjE_yqjK_yqjD_yqjC_predicted,0.2,4,4,CATAAGCTGGGGTGGGGTGG,0,5195360
yqjE_yqjK_yqjD_yqjC_predicted,0.2,4,4,CATAAAGGTGTTAGGTCACA,0,5209602
yqjE_yqjK_yqjD_yqjC_predicted,0.2,4,4,CATAAACACCCTCTATTTTT,0,5237477
yqjE_yqjK_yqjD_yqjC_predicted,0.2,4,4,CAGTTTACACGCACGGTCGT,0,5233404
yqjE_yqjK_yqjD_yqjC_predicted,0.2,4,4,CAGTTAGGATATTAAACTCT,0,5255100
yqjE_yqjK_yqjD_yqjC_predicted,0.2,4,4,CAGTGCATAGGACCCGAGAA,0,5238376
yqjE_yqjK_yqjD_yqjC_predicted,0.2,4,4,CAGTGCACAGGTCGCTCACA,0,5242441
yqjE_yqjK_yqjD_yqjC_predicted,0.2,4,4,CAGTCGTCGGCCCGGCTCTT,0,5215892
yqjE_yqjK_yqjD_yqjC_predicted,0.2,4,4,CAGTCCTGGCAGAGTGGAAT,0,5250819
yqjE_yqjK_yqjD_yqjC_predicted,0.2,4,4,CAGTCAGTGTGTGATCCTGG,0,5176759
yqjE_yqjK_yqjD_yqjC_predicted,0.2,4,4,CAGTCACAGGCTCTCAAAAG,0,5175661
yqjE_yqjK_yqjD_yqjC_predicted,0.2,4,4,CAGGTAGGTGGGACTCCAGC,0,5245456
yqjE_yqjK_yqjD_yqjC_predicted,0.2,4,4,CAGGTACTCCTGCTGAGGGA,0,5183401
yqjE_yqjK_yqjD_yqjC_predicted,0.2,4,4,CAGGGGACTGACGGTGTAAA,0,5199990
yqjE_yqjK_yqjD_yqjC_predicted,0.2,4,4,CAGGGAGCATAAACGGGTGG,0,5232063
yqjE_yqjK_yqjD_yqjC_predicted,0.2,4,4,CAGGCTTTTCCATGTTACTT,0,5181590
yqjE_yqjK_yqjD_yqjC_predicted,0.2,4,4,CAGGCGCGTAACGGTCAAGT,0,5201163
yqjE_yqjK_yqjD_yqjC_predicted,0.2,4,4,CAGGACCCGCACCGAAGGAT,0,5232094
yqjE_yqjK_yqjD_yqjC_predicted,0.2,4,4,CAGGACAACTTCACTAGATA,0,5260054
yqjE_yqjK_yqjD_yqjC_predicted,0.2,4,4,CAGCTTCGCCTCGGGTGCTT,0,5201587
yqjE_yqjK_yqjD_yqjC_predicted,0.2,4,4,CAGCGAAGCTCCAGCCAATG,0,5191191
yqjE_yqjK_yqjD_yqjC_predicted,0.2,4,4,CAGCCGCTGTCGTAAGGCGA,0,5181282
yqjE_yqjK_yqjD_yqjC_predicted,0.2,4,4,CAGCACCTTGTTGGGCGCTC,0,5246252
yqjE_yqjK_yqjD_yqjC_predicted,0.2,4,4,CAGCAATAATCTGCTGACGG,0,5210004
yqjE_yqjK_yqjD_yqjC_predicted,0.2,4,4,CAGCAAACCTCTGGGCGATG,0,5200614
yqjE_yqjK_yqjD_yqjC_predicted,0.2,4,4,CAGATGGGGTAGAACAGTTC,0,5206306
yqjE_yqjK_yqjD_yqjC_predicted,0.2,4,4,CAGAGGGAAATCACCCAAGA,0,5206628
yqjE_yqjK_yqjD_yqjC_predicted,0.2,4,4,CAGAGATAGGCCCCGGACAC,0,5237019
yqjE_yqjK_yqjD_yqjC_predicted,0.2,4,4,CAGACTATCCACTGGTATAG,0,5188525
yqjE_yqjK_yqjD_yqjC_predicted,0.2,4,4,CAGACGACAGCGGGAAAATT,0,5237957
yqjE_yqjK_yqjD_yqjC_predicted,0.2,4,4,CAGACGAATGGGCACCCGGA,0,5250266
yqjE_yqjK_yqjD_yqjC_predicted,0.2,4,4,CAGACATGGGGTAGGCCCTC,0,5229966
yqjE_yqjK_yqjD_yqjC_predicted,0.2,4,4,CAGAAGTGGCCCCATCGTCA,0,5204436
yqjE_yqjK_yqjD_yqjC_predicted,0.2,4,4,CAGAAATCGCATCTAAGATT,0,5250528
yqjE_yqjK_yqjD_yqjC_predicted,0.2,4,4,CACTTTGAGCTACAAACACT,0,5215708
yqjE_yqjK_yqjD_yqjC_predicted,0.2,4,4,CACTTGTTGTTCTTCAGTGT,0,5241484
yqjE_yqjK_yqjD_yqjC_predicted,0.2,4,4,CACTTCGTGAGTGCAAGCTG,0,5245120
yqjE_yqjK_yqjD_yqjC_predicted,0.2,4,4,CACTTCCTCCCATGCGAATT,0,5185036
yqjE_yqjK_yqjD_yqjC_predicted,0.2,4,4,CACTGGCCGTGTTCAACTAG,0,5226918
yqjE_yqjK_yqjD_yqjC_predicted,0.2,4,4,CACTCGTGGTTCAGGGCTCC,0,5236738
yqjE_yqjK_yqjD_yqjC_predicted,0.2,4,4,CACTCACCCCCTGCTTGGAT,0,5234478
yqjE_yqjK_yqjD_yqjC_predicted,0.2,4,4,CACGTGCAGACTGCACCCTA,0,5239157
yqjE_yqjK_yqjD_yqjC_predicted,0.2,4,4,CACCTTGAATGGGTCATAAG,0,5173806
yqjE_yqjK_yqjD_yqjC_predicted,0.2,4,4,CACCTCTACCATGGTGTCCT,0,5218824
yqjE_yqjK_yqjD_yqjC_predicted,0.2,4,4,CACCGTACCACGTGTACCAC,0,5180883
yqjE_yqjK_yqjD_yqjC_predicted,0.2,4,4,CACCCTAGGAGAGGTCAACA,0,5229900
yqjE_yqjK_yqjD_yqjC_predicted,0.2,4,4,CACCCGAGCCAATCTATAAC,0,5201456
yqjE_yqjK_yqjD_yqjC_predicted,0.2,4,4,CACCCCCCAAGGTTCGACAC,0,5205478
yqjE_yqjK_yqjD_yqjC_predicted,0.2,4,4,CACCCACAGGTATTAAATAC,0,5253873
yqjE_yqjK_yqjD_yqjC_predicted,0.2,4,4,CACATTCACGTTCCCAGTTT,0,5188328
yqjE_yqjK_yqjD_yqjC_predicted,0.2,4,4,CACAGTGAACTGCGGAAGTA,0,5253709
yqjE_yqjK_yqjD_yqjC_predicted,0.2,4,4,CACAGTCGCGGCACCTTCCT,0,5186060
yqjE_yqjK_yqjD_yqjC_predicted,0.2,4,4,CACAGGACTAAGAAAAATGG,0,5249906
yqjE_yqjK_yqjD_yqjC_predicted,0.2,4,4,CACAGACGGCCGGGCTACGT,0,5245335
yqjE_yqjK_yqjD_yqjC_predicted,0.2,4,4,CACACAGTGGAGCTTACCCT,0,5259244
yqjE_yqjK_yqjD_yqjC_predicted,0.2,4,4,CACACAGGTTTTTGCCGTGG,0,5250855
yqjE_yqjK_yqjD_yqjC_predicted,0.2,4,4,CACAACTGCTGATCTAAGAT,0,5259824
yqjE_yqjK_yqjD_yqjC_predicted,0.2,4,4,CACAACGCCGCTAATGCACA,0,5255290
yqjE_yqjK_yqjD_yqjC_predicted,0.2,4,4,CACAACCGCAGCCCACCGTG,0,5250931
yqjE_yqjK_yqjD_yqjC_predicted,0.2,4,4,CACAAAGCCGGCGAGATGCA,0,5171267
yqjE_yqjK_yqjD_yqjC_predicted,0.2,4,4,CAATTGGATTTATGGTGCAG,0,5235783
yqjE_yqjK_yqjD_yqjC_predicted,0.2,4,4,CAATTGCGAATCACAACGAC,0,5214947
yqjE_yqjK_yqjD_yqjC_predicted,0.2,4,4,CAATTCTGCTATCATACGGA,0,5246612
yqjE_yqjK_yqjD_yqjC_predicted,0.2,4,4,CAATTAGACTCCGATAGCGG,0,5248359
yqjE_yqjK_yqjD_yqjC_predicted,0.2,4,4,CAATTAAGTTTGTGCGGTCA,0,5197947
yqjE_yqjK_yqjD_yqjC_predicted,0.2,4,4,CAAGTGCTTGGGCGCGGCGC,0,5213792
yqjE_yqjK_yqjD_yqjC_predicted,0.2,4,4,CAAGTACGATGCGTACGGAT,0,5239150
yqjE_yqjK_yqjD_yqjC_predicted,0.2,4,4,CAAGGGTCCGTTGCACGATA,0,5259761
yqjE_yqjK_yqjD_yqjC_predicted,0.2,4,4,CAAGGGATAAGATTCGGACG,0,5238682
yqjE_yqjK_yqjD_yqjC_predicted,0.2,4,4,CAAGGGAATTTTCCTCTAAG,0,5215663
yqjE_yqjK_yqjD_yqjC_predicted,0.2,4,4,CAAGGCCTCTCGGATGAGCT,0,5201718
yqjE_yqjK_yqjD_yqjC_predicted,0.2,4,4,CAAGGATGTCCCGAGCGGGA,0,5187197
yqjE_yqjK_yqjD_yqjC_predicted,0.2,4,4,CAAGCGGCAGTTCGCTTCGC,0,5188401
yqjE_yqjK_yqjD_yqjC_predicted,0.2,4,4,CAAGATCAGATGCCTATGCA,0,5182036
yqjE_yqjK_yqjD_yqjC_predicted,0.2,4,4,CAAGAGGGGTGTCCTGGCAA,0,5184071
yqjE_yqjK_yqjD_yqjC_predicted,0.2,4,4,CAAGACAGCAAATACATAAC,0,5188261
yqjE_yqjK_yqjD_yqjC_predicted,0.2,4,4,CAAGAAATTGTACTAAACCT,0,5247439
yqjE_yqjK_yqjD_yqjC_predicted,0.2,4,4,CAACTTACTAGGACTTCGCC,0,5176266
yqjE_yqjK_yqjD_yqjC_predicted,0.2,4,4,CAACTAATGCGTGGCCTAGC,0,5230567
yqjE_yqjK_yqjD_yqjC_predicted,0.2,4,4,CAACGGTGTGTCTGTGCCTG,0,5255032
yqjE_yqjK_yqjD_yqjC_predicted,0.2,4,4,CAACGGGGCTAATTGTGTCA,0,5229516
yqjE_yqjK_yqjD_yqjC_predicted,0.2,4,4,CAACCTGACTGAAACTGCCA,0,5228440
yqjE_yqjK_yqjD_yqjC_predicted,0.2,4,4,CAACCAGCACGCGGGGTCAG,0,5239286
yqjE_yqjK_yqjD_yqjC_predicted,0.2,4,4,CAAATCAAGTGCACCCCCGC,0,5217856
yqjE_yqjK_yqjD_yqjC_predicted,0.2,4,4,CAAATAAAAGCGGCACACCA,0,5209101
yqjE_yqjK_yqjD_yqjC_predicted,0.2,4,4,CAAAGTCACTAGAGTGAAAT,0,5251747
yqjE_yqjK_yqjD_yqjC_predicted,0.2,4,4,CAAAGTACCTGTAGGACAAA,0,5257691
yqjE_yqjK_yqjD_yqjC_predicted,0.2,4,4,CAAAGCTGGTGCTGCACGGT,0,5242144
yqjE_yqjK_yqjD_yqjC_predicted,0.2,4,4,CAAAGAGTTAATTGCCCAGC,0,5227145
yqjE_yqjK_yqjD_yqjC_predicted,0.2,4,4,CAAACTTCAGGCGCACCAAT,0,5186861
yqjE_yqjK_yqjD_yqjC_predicted,0.2,4,4,CAAAACAGGAAAACAGCGCA,0,5210364
yqjE_yqjK_yqjD_yqjC_predicted,0.2,4,4,CAAAAAAAACGGGCTGGTCT,0,5203636
yqjE_yqjK_yqjD_yqjC_predicted,0.2,4,4,ATTTTACCCCCTAGACCGTT,0,5171027
yqjE_yqjK_yqjD_yqjC_predicted,0.2,4,4,ATTTGTTATGTAACACGACT,0,5239949
yqjE_yqjK_yqjD_yqjC_predicted,0.2,4,4,ATTTGAGGCATTCACTGGGG,0,5258661
yqjE_yqjK_yqjD_yqjC_predicted,0.2,4,4,ATTTCCGGTGACAGTCCACG,0,5172734
yqjE_yqjK_yqjD_yqjC_predicted,0.2,4,4,ATTTCATCCGAGCTTGGTCT,0,5179579
yqjE_yqjK_yqjD_yqjC_predicted,0.2,4,4,ATTTAGAACAGCGGTCTTCG,0,5217180
yqjE_yqjK_yqjD_yqjC_predicted,0.2,4,4,ATTTACGGGCGTGAGTCTCC,0,5196262
yqjE_yqjK_yqjD_yqjC_predicted,0.2,4,4,ATTGTGCCTTTACGCAAACC,0,5253603
yqjE_yqjK_yqjD_yqjC_predicted,0.2,4,4,ATTGTAGAGGCCTCTAGCTT,0,5258953
yqjE_yqjK_yqjD_yqjC_predicted,0.2,4,4,ATTGTACTATCATGTAGTTC,0,5256531
yqjE_yqjK_yqjD_yqjC_predicted,0.2,4,4,ATTGGAGGGTGCGGGAGCTT,0,5258739
yqjE_yqjK_yqjD_yqjC_predicted,0.2,4,4,ATTGCGGGCTTTTCAAGAAG,0,5208326
yqjE_yqjK_yqjD_yqjC_predicted,0.2,4,4,ATTGCCGACTCTGCCAGGGC,0,5200123
yqjE_yqjK_yqjD_yqjC_predicted,0.2,4,4,ATTGCCATTAAGAAAAGAAA,0,5233408
yqjE_yqjK_yqjD_yqjC_predicted,0.2,4,4,ATTGCAAATACGATCAGGAG,0,5173438
yqjE_yqjK_yqjD_yqjC_predicted,0.2,4,4,ATTGATCCGACTGCTTATCA,0,5208306
yqjE_yqjK_yqjD_yqjC_predicted,0.2,4,4,ATTGAGTAAGTCCAACTGCT,0,5209350
yqjE_yqjK_yqjD_yqjC_predicted,0.2,4,4,ATTCGTCCGAGTTACAGGAA,0,5198325
yqjE_yqjK_yqjD_yqjC_predicted,0.2,4,4,ATTCGGGAGCCGTAGCGAAA,0,5177721
yqjE_yqjK_yqjD_yqjC_predicted,0.2,4,4,ATTCGCATGCGGGCGTACAT,0,5248608
yqjE_yqjK_yqjD_yqjC_predicted,0.2,4,4,ATTCGATCGTCTAGTAGTCT,0,5178358
yqjE_yqjK_yqjD_yqjC_predicted,0.2,4,4,ATTCGACAAGATGGAATGTT,0,5191298
yqjE_yqjK_yqjD_yqjC_predicted,0.2,4,4,ATTCCTGGACAGACAACTGA,0,5229784
yqjE_yqjK_yqjD_yqjC_predicted,0.2,4,4,ATTCCGGATCGCCAGAGGGT,0,5219111
yqjE_yqjK_yqjD_yqjC_predicted,0.2,4,4,ATTCCATGGAGTCCAGAACG,0,5177800
yqjE_yqjK_yqjD_yqjC_predicted,0.2,4,4,ATTCCAGATGCGTTAGATAA,0,5191649
yqjE_yqjK_yqjD_yqjC_predicted,0.2,4,4,ATTCAAGCTAACTCCCTATT,0,5251080
yqjE_yqjK_yqjD_yqjC_predicted,0.2,4,4,ATTCAACACTCATAGTGTAA,0,5224886
yqjE_yqjK_yqjD_yqjC_predicted,0.2,4,4,ATTATCCGTAACGTTTAGCT,0,5244124
yqjE_yqjK_yqjD_yqjC_predicted,0.2,4,4,ATTATCATGGCAAGATTACT,0,5247111
yqjE_yqjK_yqjD_yqjC_predicted,0.2,4,4,ATTAGGTGGACTACAGCGTT,0,5256572
yqjE_yqjK_yqjD_yqjC_predicted,0.2,4,4,ATTAGGCTAGCTGATCCGTC,0,5204770
yqjE_yqjK_yqjD_yqjC_predicted,0.2,4,4,ATTAGCGGTCTTGCGACGGG,0,5246660
yqjE_yqjK_yqjD_yqjC_predicted,0.2,4,4,ATTACGTACCTCCACACGCG,0,5233208
yqjE_yqjK_yqjD_yqjC_predicted,0.2,4,4,ATTACACAAGGTTGTGCACG,0,5180284
yqjE_yqjK_yqjD_yqjC_predicted,0.2,4,4,ATTAATCGATCCTTTGCATG,0,5197321
yqjE_yqjK_yqjD_yqjC_predicted,0.2,4,4,ATTAATCACTTTTGCGAAAT,0,5188005
yqjE_yqjK_yqjD_yqjC_predicted,0.2,4,4,ATTAATACAAAGAGTCCGAG,0,5181579
yqjE_yqjK_yqjD_yqjC_predicted,0.2,4,4,ATGTTTTTGACTACACTGGA,0,5223142
yqjE_yqjK_yqjD_yqjC_predicted,0.2,4,4,ATGTTGGAACAGACACACGC,0,5198404
yqjE_yqjK_yqjD_yqjC_predicted,0.2,4,4,ATGTTCTTCTACCATAATAT,0,5205889
yqjE_yqjK_yqjD_yqjC_predicted,0.2,4,4,ATGTTCCCGAGTTACCACGC,0,5213235
yqjE_yqjK_yqjD_yqjC_predicted,0.2,4,4,ATGTTAGCTCCCCTTAGATC,0,5226839
yqjE_yqjK_yqjD_yqjC_predicted,0.2,4,4,ATGTTAGATGGCAAATGTTT,0,5172085
yqjE_yqjK_yqjD_yqjC_predicted,0.2,4,4,ATGTTACAACAAAGAGAACT,0,5204950
yqjE_yqjK_yqjD_yqjC_predicted,0.2,4,4,ATGTGATGAATGCGTGGCTT,0,5238019
yqjE_yqjK_yqjD_yqjC_predicted,0.2,4,4,ATGTCATAATGACGGCCTTT,0,5195563
yqjE_yqjK_yqjD_yqjC_predicted,0.2,4,4,ATGTACCTTTTAAACTTCAA,0,5198624
yqjE_yqjK_yqjD_yqjC_predicted,0.2,4,4,ATGTACCGTAAGTGGGCAAG,0,5175395
yqjE_yqjK_yqjD_yqjC_predicted,0.2,4,4,ATGGTTTCATGTCACTTCTA,0,5198769
yqjE_yqjK_yqjD_yqjC_predicted,0.2,4,4,ATGGTGATTTATCGAAATGC,0,5207726
yqjE_yqjK_yqjD_yqjC_predicted,0.2,4,4,ATGGTCGGGTTACCCCGCGC,0,5236134
yqjE_yqjK_yqjD_yqjC_predicted,0.2,4,4,ATGGTCACTGCCATCACATG,0,5236118
yqjE_yqjK_yqjD_yqjC_predicted,0.2,4,4,ATGGTAAAAACTCATCGTGG,0,5210742
yqjE_yqjK_yqjD_yqjC_predicted,0.2,4,4,ATGGGTTGATAGAAAGGGAA,0,5171195
yqjE_yqjK_yqjD_yqjC_predicted,0.2,4,4,ATGGGGGCCTAGACGTCTCC,0,5259240
yqjE_yqjK_yqjD_yqjC_predicted,0.2,4,4,ATGGGCTGTGACCATTCTGG,0,5232350
yqjE_yqjK_yqjD_yqjC_predicted,0.2,4,4,ATGGGCAGTGGGAGCTGCGA,0,5222629
yqjE_yqjK_yqjD_yqjC_predicted,0.2,4,4,ATGGCGTGGAACAGCCGTAT,0,5246679
yqjE_yqjK_yqjD_yqjC_predicted,0.2,4,4,ATGGCAAGAGACAAGCTCAG,0,5236345
yqjE_yqjK_yqjD_yqjC_predicted,0.2,4,4,ATGGAGTAAGGACAAAGTAG,0,5227454
yqjE_yqjK_yqjD_yqjC_predicted,0.2,4,4,ATGCTGAGGCGAAGTACAAG,0,5228113
yqjE_yqjK_yqjD_yqjC_predicted,0.2,4,4,ATGCTAGGATCCCATCACAT,0,5174654
yqjE_yqjK_yqjD_yqjC_predicted,0.2,4,4,ATGCGCTAATGCCCTTTCGA,0,5256254
yqjE_yqjK_yqjD_yqjC_predicted,0.2,4,4,ATGCGACACAGGTTTTCGTA,0,5218945
yqjE_yqjK_yqjD_yqjC_predicted,0.2,4,4,ATGCCATTAGATCGCTGCGC,0,5254062
yqjE_yqjK_yqjD_yqjC_predicted,0.2,4,4,ATGCAACTAGAATTTGGACG,0,5218996
yqjE_yqjK_yqjD_yqjC_predicted,0.2,4,4,ATGATTCGGTTCAGGCACTG,0,5206453
yqjE_yqjK_yqjD_yqjC_predicted,0.2,4,4,ATGATGAAGTTATGCATCCA,0,5182381
yqjE_yqjK_yqjD_yqjC_predicted,0.2,4,4,ATGATGAAGTAGCAGCGAAT,0,5201216
yqjE_yqjK_yqjD_yqjC_predicted,0.2,4,4,ATGAGTTGTGGAGGCCTTGG,0,5210045
yqjE_yqjK_yqjD_yqjC_predicted,0.2,4,4,ATGAGGTATTTGAAATTGCA,0,5225492
yqjE_yqjK_yqjD_yqjC_predicted,0.2,4,4,ATGAGGCAATGAACGTCTCT,0,5192448
yqjE_yqjK_yqjD_yqjC_predicted,0.2,4,4,ATGACCGCTCGGAGATATGT,0,5206341
yqjE_yqjK_yqjD_yqjC_predicted,0.2,4,4,ATGACATAAGGTGAGCGAGC,0,5215353
yqjE_yqjK_yqjD_yqjC_predicted,0.2,4,4,ATGAACACGGGTTTTTGTGC,0,5178700
yqjE_yqjK_yqjD_yqjC_predicted,0.2,4,4,ATCTTTTGCAGGGGCTGCTC,0,5247330
yqjE_yqjK_yqjD_yqjC_predicted,0.2,4,4,ATCTTGTTTAGGATTTTCAG,0,5238604
yqjE_yqjK_yqjD_yqjC_predicted,0.2,4,4,ATCTTCTTGTATACTTAGCT,0,5215965
yqjE_yqjK_yqjD_yqjC_predicted,0.2,4,4,ATCTTCCACTATCCGTAGCT,0,5252796
yqjE_yqjK_yqjD_yqjC_predicted,0.2,4,4,ATCTCTCTAGGCCGCTCGAT,0,5233641
yqjE_yqjK_yqjD_yqjC_predicted,0.2,4,4,ATCTCCAAAGCAGGCTAGTA,0,5179028
yqjE_yqjK_yqjD_yqjC_predicted,0.2,4,4,ATCTATGAACGGCGACGTCA,0,5200821
yqjE_yqjK_yqjD_yqjC_predicted,0.2,4,4,ATCGTATCAAGAGAACATGA,0,5236767
yqjE_yqjK_yqjD_yqjC_predicted,0.2,4,4,ATCGGATTCTAAACTGGGAT,0,5171713
yqjE_yqjK_yqjD_yqjC_predicted,0.2,4,4,ATCGCTGAAGTAAGGAAGTC,0,5258055
yqjE_yqjK_yqjD_yqjC_predicted,0.2,4,4,ATCGCGGGCCTTTTGTTTCG,0,5223161
yqjE_yqjK_yqjD_yqjC_predicted,0.2,4,4,ATCGATGCGAAACTTGTCGC,0,5206827
yqjE_yqjK_yqjD_yqjC_predicted,0.2,4,4,ATCGACTTCGTAGGGGTATA,0,5238620
yqjE_yqjK_yqjD_yqjC_predicted,0.2,4,4,ATCGAATATGAGCCGTAGTC,0,5198469
yqjE_yqjK_yqjD_yqjC_predicted,0.2,4,4,ATCCGGGCCACACTATCATC,0,5235145
yqjE_yqjK_yqjD_yqjC_predicted,0.2,4,4,ATCCGCGCATGAAAGGTCAA,0,5203174
yqjE_yqjK_yqjD_yqjC_predicted,0.2,4,4,ATCCGAGTCGTAGGGTAGTA,0,5229464
yqjE_yqjK_yqjD_yqjC_predicted,0.2,4,4,ATCCCGCGCGGTGGGACGTC,0,5244576
yqjE_yqjK_yqjD_yqjC_predicted,0.2,4,4,ATCCAGACCAGTGCAGTGAA,0,5206367
yqjE_yqjK_yqjD_yqjC_predicted,0.2,4,4,ATCCAAGCGTTTATGTGAAG,0,5178552
yqjE_yqjK_yqjD_yqjC_predicted,0.2,4,4,ATCACTAGCATCAAAAAGAA,0,5241393
yqjE_yqjK_yqjD_yqjC_predicted,0.2,4,4,ATCAAGTACTCTAGCAGCTA,0,5255427
yqjE_yqjK_yqjD_yqjC_predicted,0.2,4,4,ATATTGGCTCCCATCAGTGT,0,5219635
yqjE_yqjK_yqjD_yqjC_predicted,0.2,4,4,ATATTATTTACTCTGAGAGA,0,5241399
yqjE_yqjK_yqjD_yqjC_predicted,0.2,4,4,ATATTATCAGCGGGACTTAC,0,5230433
yqjE_yqjK_yqjD_yqjC_predicted,0.2,4,4,ATATTAATAGGCTGTCCAAT,0,5178092
yqjE_yqjK_yqjD_yqjC_predicted,0.2,4,4,ATATGGAAGGATTTTCTTTA,0,5203681
yqjE_yqjK_yqjD_yqjC_predicted,0.2,4,4,ATATGCCAATTCTCCCACTA,0,5219729
yqjE_yqjK_yqjD_yqjC_predicted,0.2,4,4,ATATCGTCGAGCTACTTGTG,0,5229032
yqjE_yqjK_yqjD_yqjC_predicted,0.2,4,4,ATATCGGACGTCTAAAGAAT,0,5177701
yqjE_yqjK_yqjD_yqjC_predicted,0.2,4,4,ATATCGAATATGGAAACATG,0,5177585
yqjE_yqjK_yqjD_yqjC_predicted,0.2,4,4,ATATACCCGTCCCTCGTCAG,0,5261827
yqjE_yqjK_yqjD_yqjC_predicted,0.2,4,4,ATAGTTAGAGAGCAACTCTA,0,5228983
yqjE_yqjK_yqjD_yqjC_predicted,0.2,4,4,ATAGTCTACCCAAGGGGACA,0,5178490
yqjE_yqjK_yqjD_yqjC_predicted,0.2,4,4,ATAGTCGTCCCGTACCTAAC,0,5241524
yqjE_yqjK_yqjD_yqjC_predicted,0.2,4,4,ATAGGCCCGCGGACGGGTAA,0,5181628
yqjE_yqjK_yqjD_yqjC_predicted,0.2,4,4,ATAGCATTAGAGTATTCAAT,0,5228833
yqjE_yqjK_yqjD_yqjC_predicted,0.2,4,4,ATAGATTGGAATCTATAAAT,0,5234871
yqjE_yqjK_yqjD_yqjC_predicted,0.2,4,4,ATAGATGCTTCAGGGTATCA,0,5251569
yqjE_yqjK_yqjD_yqjC_predicted,0.2,4,4,ATAGAAGCAATTCTTCAGTC,0,5252892
yqjE_yqjK_yqjD_yqjC_predicted,0.2,4,4,ATAGAACTGGACAAAATTCC,0,5220280
yqjE_yqjK_yqjD_yqjC_predicted,0.2,4,4,ATACTGACGCGGGTTGGGGT,0,5249267
yqjE_yqjK_yqjD_yqjC_predicted,0.2,4,4,ATACTCACCTCAAAACAACA,0,5174099
yqjE_yqjK_yqjD_yqjC_predicted,0.2,4,4,ATACTAGCTTAGCCGTTAAT,0,5177226
yqjE_yqjK_yqjD_yqjC_predicted,0.2,4,4,ATACCCTTCGGAAGGCTCAA,0,5237947
yqjE_yqjK_yqjD_yqjC_predicted,0.2,4,4,ATACCATGCACACCGTCTGC,0,5249743
yqjE_yqjK_yqjD_yqjC_predicted,0.2,4,4,ATACACTATAGACCGATCGC,0,5216589
yqjE_yqjK_yqjD_yqjC_predicted,0.2,4,4,ATACACCTGGGTAGGCAAAA,0,5229688
yqjE_yqjK_yqjD_yqjC_predicted,0.2,4,4,ATAATGGGAAAACACACGGG,0,5230428
yqjE_yqjK_yqjD_yqjC_predicted,0.2,4,4,ATAAGTGCGACCTCCACTAT,0,5231079
yqjE_yqjK_yqjD_yqjC_predicted,0.2,4,4,ATAAAGAAGACTTTCGATAT,0,5224567
yqjE_yqjK_yqjD_yqjC_predicted,0.2,4,4,AGTTTAATGAAGTAAAGATC,0,5180675
yqjE_yqjK_yqjD_yqjC_predicted,0.2,4,4,AGTTGGGAGTGTGCACAAGA,0,5261022
yqjE_yqjK_yqjD_yqjC_predicted,0.2,4,4,AGTTGGACAAGTATTAGTCT,0,5229304
yqjE_yqjK_yqjD_yqjC_predicted,0.2,4,4,AGTTGATCGGTTCAATAAGC,0,5257447
yqjE_yqjK_yqjD_yqjC_predicted,0.2,4,4,AGTTCGGGTGCACGGCACTG,0,5262902
yqjE_yqjK_yqjD_yqjC_predicted,0.2,4,4,AGTTCAGACGAAAGCACCAG,0,5239674
yqjE_yqjK_yqjD_yqjC_predicted,0.2,4,4,AGTTATTCATCGGCCCGACA,0,5222581
yqjE_yqjK_yqjD_yqjC_predicted,0.2,4,4,AGTTAGGGTACGCAACGCTG,0,5171865
yqjE_yqjK_yqjD_yqjC_predicted,0.2,4,4,AGTTACAAATTGTGACCTGT,0,5219344
yqjE_yqjK_yqjD_yqjC_predicted,0.2,4,4,AGTGGGGCACTTGCCGTTTA,0,5225731
yqjE_yqjK_yqjD_yqjC_predicted,0.2,4,4,AGTGGGCTGAAAGTGCGACT,0,5226583
yqjE_yqjK_yqjD_yqjC_predicted,0.2,4,4,AGTGGCAGGCTTAGGCTATT,0,5185922
yqjE_yqjK_yqjD_yqjC_predicted,0.2,4,4,AGTGCTCCAAAACGACCATT,0,5215942
yqjE_yqjK_yqjD_yqjC_predicted,0.2,4,4,AGTGCAACGCGGGGCGGTAA,0,5174273
yqjE_yqjK_yqjD_yqjC_predicted,0.2,4,4,AGTCGTACGGCAGAATATGT,0,5248853
yqjE_yqjK_yqjD_yqjC_predicted,0.2,4,4,AGTCGGCGGGTGGGCTAAGG,0,5226960
yqjE_yqjK_yqjD_yqjC_predicted,0.2,4,4,AGTCGCATTTCACGGGAGAT,0,5220030
yqjE_yqjK_yqjD_yqjC_predicted,0.2,4,4,AGTCGCATGGAATCTCCTAA,0,5201575
yqjE_yqjK_yqjD_yqjC_predicted,0.2,4,4,AGTCCGTGCGTTTTCAGGTT,0,5187774
yqjE_yqjK_yqjD_yqjC_predicted,0.2,4,4,AGTCCGGAACGCCGCAACAC,0,5201584
yqjE_yqjK_yqjD_yqjC_predicted,0.2,4,4,AGTCCCTAGGGTGCGCACTA,0,5255889
yqjE_yqjK_yqjD_yqjC_predicted,0.2,4,4,AGTCCCGATGGGTAAACGCT,0,5256704
yqjE_yqjK_yqjD_yqjC_predicted,0.2,4,4,AGTCAGATGTTAGTAGTTAC,0,5200584
yqjE_yqjK_yqjD_yqjC_predicted,0.2,4,4,AGTCACGCGAATGTATGCGG,0,5231269
yqjE_yqjK_yqjD_yqjC_predicted,0.2,4,4,AGTATGCCCTCACCAATATA,0,5208252
yqjE_yqjK_yqjD_yqjC_predicted,0.2,4,4,AGTAGTCAGCTGCAAGGCCG,0,5212871
yqjE_yqjK_yqjD_yqjC_predicted,0.2,4,4,AGTAGCACAAACTCCATATA,0,5178965
yqjE_yqjK_yqjD_yqjC_predicted,0.2,4,4,AGTAGATGTTCAGAGTTACG,0,5193804
yqjE_yqjK_yqjD_yqjC_predicted,0.2,4,4,AGTACGTTGGGCTCCAGGGA,0,5212135
yqjE_yqjK_yqjD_yqjC_predicted,0.2,4,4,AGTACGGTAAACACACCAGT,0,5249413
yqjE_yqjK_yqjD_yqjC_predicted,0.2,4,4,AGTACGGGTAATCTTATGTC,0,5248638
yqjE_yqjK_yqjD_yqjC_predicted,0.2,4,4,AGTACCAACTCGGTTCAATC,0,5179602
yqjE_yqjK_yqjD_yqjC_predicted,0.2,4,4,AGGTTCCTATGATTTGGATA,0,5239054
yqjE_yqjK_yqjD_yqjC_predicted,0.2,4,4,AGGTTACCAATTCTTGGGCG,0,5212548
yqjE_yqjK_yqjD_yqjC_predicted,0.2,4,4,AGGTGTAGGCACAGCTCATC,0,5177684
yqjE_yqjK_yqjD_yqjC_predicted,0.2,4,4,AGGTGAATTTGGATATACTC,0,5186483
yqjE_yqjK_yqjD_yqjC_predicted,0.2,4,4,AGGTCTGGCGGGCGTCGACG,0,5206571
yqjE_yqjK_yqjD_yqjC_predicted,0.2,4,4,AGGTCTATCTATCTTCCAAA,0,5231826
yqjE_yqjK_yqjD_yqjC_predicted,0.2,4,4,AGGTATTTGAGGATTCATGC,0,5192022
yqjE_yqjK_yqjD_yqjC_predicted,0.2,4,4,AGGTATTTCTAAACCCCTAC,0,5229939
yqjE_yqjK_yqjD_yqjC_predicted,0.2,4,4,AGGTATCCAGACATAATCCT,0,5173699
yqjE_yqjK_yqjD_yqjC_predicted,0.2,4,4,AGGTACTCATTCCTTTATCT,0,5243870
yqjE_yqjK_yqjD_yqjC_predicted,0.2,4,4,AGGTACGTTGAGGGCCTGAA,0,5208555
yqjE_yqjK_yqjD_yqjC_predicted,0.2,4,4,AGGTAAGAGATTAGTAGAGT,0,5224530
yqjE_yqjK_yqjD_yqjC_predicted,0.2,4,4,AGGTAAACTTGATTCGCATG,0,5239569
yqjE_yqjK_yqjD_yqjC_predicted,0.2,4,4,AGGGTAGCCGTCGTTGGCTA,0,5183140
yqjE_yqjK_yqjD_yqjC_predicted,0.2,4,4,AGGGTAGATGAGCGCGCATA,0,5246357
yqjE_yqjK_yqjD_yqjC_predicted,0.2,4,4,AGGGTAACTCTATCTGCAGA,0,5204295
yqjE_yqjK_yqjD_yqjC_predicted,0.2,4,4,AGGGGGTCACTGGGGAAATC,0,5233097
yqjE_yqjK_yqjD_yqjC_predicted,0.2,4,4,AGGGGGGCATAGAGATCGGC,0,5183971
yqjE_yqjK_yqjD_yqjC_predicted,0.2,4,4,AGGGGCAAGGGTAGCATGTC,0,5180218
yqjE_yqjK_yqjD_yqjC_predicted,0.2,4,4,AGGGGAGTCCCTTCCACGGG,0,5252681
yqjE_yqjK_yqjD_yqjC_predicted,0.2,4,4,AGGGCTGGGGAGTAAACTGA,0,5203178
yqjE_yqjK_yqjD_yqjC_predicted,0.2,4,4,AGGGCTCACACGGACCCGTT,0,5251743
yqjE_yqjK_yqjD_yqjC_predicted,0.2,4,4,AGGGCGCACAAGCTCCCCTC,0,5242719
yqjE_yqjK_yqjD_yqjC_predicted,0.2,4,4,AGGGCGACTGAGCAACTATA,0,5219101
yqjE_yqjK_yqjD_yqjC_predicted,0.2,4,4,AGGGATGGAACGTAAACCCT,0,5254130
yqjE_yqjK_yqjD_yqjC_predicted,0.2,4,4,AGGGAGCGGGCGAGGCAAAC,0,5233649
yqjE_yqjK_yqjD_yqjC_predicted,0.2,4,4,AGGCGTGCTCAGTTCCATAG,0,5201287
yqjE_yqjK_yqjD_yqjC_predicted,0.2,4,4,AGGCGGACTTCGTATGGGTT,0,5200372
yqjE_yqjK_yqjD_yqjC_predicted,0.2,4,4,AGGCCGCAGGTGCAAACACC,0,5214240
yqjE_yqjK_yqjD_yqjC_predicted,0.2,4,4,AGGCCCGGCGACAGATACAA,0,5184495
yqjE_yqjK_yqjD_yqjC_predicted,0.2,4,4,AGGCCCACGATACATAATTT,0,5176645
yqjE_yqjK_yqjD_yqjC_predicted,0.2,4,4,AGGCATTGATCGAAACGTTC,0,5253219
yqjE_yqjK_yqjD_yqjC_predicted,0.2,4,4,AGGCAGCAGGGTAAGCATCG,0,5199619
yqjE_yqjK_yqjD_yqjC_predicted,0.2,4,4,AGGCACAGCTGGACCCCAGC,0,5226124
yqjE_yqjK_yqjD_yqjC_predicted,0.2,4,4,AGGATCATTGGCCCTATAGG,0,5234639
yqjE_yqjK_yqjD_yqjC_predicted,0.2,4,4,AGGAGTGGGGATTGATCTGA,0,5258897
yqjE_yqjK_yqjD_yqjC_predicted,0.2,4,4,AGGAGTACCAAAAACCCGTT,0,5229849
yqjE_yqjK_yqjD_yqjC_predicted,0.2,4,4,AGGAGCACCAGGCAGACTAT,0,5198944
yqjE_yqjK_yqjD_yqjC_predicted,0.2,4,4,AGGAGAGTTCTGGCTCGAAC,0,5258261
yqjE_yqjK_yqjD_yqjC_predicted,0.2,4,4,AGGACTCTCATCCATATTAG,0,5236842
yqjE_yqjK_yqjD_yqjC_predicted,0.2,4,4,AGGACTCTAGCTGGAAAACA,0,5250002
yqjE_yqjK_yqjD_yqjC_predicted,0.2,4,4,AGGACGGGGGCAGAAGCGTC,0,5213520
yqjE_yqjK_yqjD_yqjC_predicted,0.2,4,4,AGGACGGCAGAGTTGTGAAC,0,5193734
yqjE_yqjK_yqjD_yqjC_predicted,0.2,4,4,AGGACGGACGGACACTGGCT,0,5224721
yqjE_yqjK_yqjD_yqjC_predicted,0.2,4,4,AGGACGGAATCGGTGATTAA,0,5221686
yqjE_yqjK_yqjD_yqjC_predicted,0.2,4,4,AGGACCGATTAAGGTGTACT,0,5175134
yqjE_yqjK_yqjD_yqjC_predicted,0.2,4,4,AGGACCACTTAATTAGATTC,0,5252560
yqjE_yqjK_yqjD_yqjC_predicted,0.2,4,4,AGGACAGCGGTATAGTAGGG,0,5192026
yqjE_yqjK_yqjD_yqjC_predicted,0.2,4,4,AGGAATCCGGGGTGCCAGAT,0,5188551
yqjE_yqjK_yqjD_yqjC_predicted,0.2,4,4,AGGAAGTTCGGCGGCCTAAC,0,5222392
yqjE_yqjK_yqjD_yqjC_predicted,0.2,4,4,AGCTTGAGCCCGCGAAGCTC,0,5224429
yqjE_yqjK_yqjD_yqjC_predicted,0.2,4,4,AGCTTCAACCACTCTGGACA,0,5261937
yqjE_yqjK_yqjD_yqjC_predicted,0.2,4,4,AGCTTATGTTGGCGAAAGGT,0,5241240
yqjE_yqjK_yqjD_yqjC_predicted,0.2,4,4,AGCTTAGGTGAACGCAAGGC,0,5217048
yqjE_yqjK_yqjD_yqjC_predicted,0.2,4,4,AGCTGGGATCGGTGTGACCC,0,5262998
yqjE_yqjK_yqjD_yqjC_predicted,0.2,4,4,AGCTCTTCTGCCTACAGGGA,0,5207479
yqjE_yqjK_yqjD_yqjC_predicted,0.2,4,4,AGCTCCTCTTACGGTCGCCA,0,5218218
yqjE_yqjK_yqjD_yqjC_predicted,0.2,4,4,AGCTATTTTCCGATCCTTAG,0,5247984
yqjE_yqjK_yqjD_yqjC_predicted,0.2,4,4,AGCGTTCCCAGGGCCGATGC,0,5229256
yqjE_yqjK_yqjD_yqjC_predicted,0.2,4,4,AGCGGCTAGACCTTTCTGGT,0,5225863
yqjE_yqjK_yqjD_yqjC_predicted,0.2,4,4,AGCGGCAAGCCGTCTTATGT,0,5228726
yqjE_yqjK_yqjD_yqjC_predicted,0.2,4,4,AGCGCTACGACCTGTGGTGT,0,5199203
yqjE_yqjK_yqjD_yqjC_predicted,0.2,4,4,AGCGCGTTGCGACCACCGAT,0,5213643
yqjE_yqjK_yqjD_yqjC_predicted,0.2,4,4,AGCGCGGTGGACCGATTCTT,0,5232914
yqjE_yqjK_yqjD_yqjC_predicted,0.2,4,4,AGCGCGGAACCCCACATTCT,0,5198093
yqjE_yqjK_yqjD_yqjC_predicted,0.2,4,4,AGCGCAAAGCCGCGAACGCA,0,5211797
yqjE_yqjK_yqjD_yqjC_predicted,0.2,4,4,AGCGATGTAAATTTCATTAA,0,5174493
yqjE_yqjK_yqjD_yqjC_predicted,0.2,4,4,AGCCGTAATCAATTAATGTG,0,5194034
yqjE_yqjK_yqjD_yqjC_predicted,0.2,4,4,AGCCGAACCAAAGCTCCCAG,0,5241273
yqjE_yqjK_yqjD_yqjC_predicted,0.2,4,4,AGCCCAGTGGCGCTTGGGTA,0,5262797
yqjE_yqjK_yqjD_yqjC_predicted,0.2,4,4,AGCCAGATGAGCGAGTTGGG,0,5176634
yqjE_yqjK_yqjD_yqjC_predicted,0.2,4,4,AGCATTTTCCCAACGTGGTT,0,5224613
yqjE_yqjK_yqjD_yqjC_predicted,0.2,4,4,AGCAGTAGAGCACGAATTAC,0,5222711
yqjE_yqjK_yqjD_yqjC_predicted,0.2,4,4,AGCACCAGGAGATGATTGCT,0,5195568
yqjE_yqjK_yqjD_yqjC_predicted,0.2,4,4,AGCACATAAAAGCAACGCCC,0,5194293
yqjE_yqjK_yqjD_yqjC_predicted,0.2,4,4,AGCACAGGATATTCAACATT,0,5256142
yqjE_yqjK_yqjD_yqjC_predicted,0.2,4,4,AGCACAGCATGATCGCCTTG,0,5208413
yqjE_yqjK_yqjD_yqjC_predicted,0.2,4,4,AGCAAATCCTTAAGCAGACT,0,5237691
yqjE_yqjK_yqjD_yqjC_predicted,0.2,4,4,AGATTTGGGGCGATATAGTT,0,5251829
yqjE_yqjK_yqjD_yqjC_predicted,0.2,4,4,AGATTGGCAAAGGGATGACT,0,5187761
yqjE_yqjK_yqjD_yqjC_predicted,0.2,4,4,AGATTGCGTTCAACCCACCA,0,5234186
yqjE_yqjK_yqjD_yqjC_predicted,0.2,4,4,AGATTACGCCCCCTGGTGCC,0,5188547
yqjE_yqjK_yqjD_yqjC_predicted,0.2,4,4,AGATGAGCTCCCCGAAAGCG,0,5185457
yqjE_yqjK_yqjD_yqjC_predicted,0.2,4,4,AGATAGCAAGATGAATACAT,0,5249352
yqjE_yqjK_yqjD_yqjC_predicted,0.2,4,4,AGAGGGGAGAGGGGCTTTCA,0,5244549
yqjE_yqjK_yqjD_yqjC_predicted,0.2,4,4,AGAGGCGACTCTCCAGTTCC,0,5213250
yqjE_yqjK_yqjD_yqjC_predicted,0.2,4,4,AGAGCCAGGTCGAAAGTAGC,0,5206804
yqjE_yqjK_yqjD_yqjC_predicted,0.2,4,4,AGAGCAATATTGCGCCACAT,0,5172200
yqjE_yqjK_yqjD_yqjC_predicted,0.2,4,4,AGAGATGGATGTTTGGCTAT,0,5175205
yqjE_yqjK_yqjD_yqjC_predicted,0.2,4,4,AGAGAAGGAGATCCCAAACT,0,5187135
yqjE_yqjK_yqjD_yqjC_predicted,0.2,4,4,AGACTGTTTAGTTTTGTACT,0,5173853
yqjE_yqjK_yqjD_yqjC_predicted,0.2,4,4,AGACTGATTAACGTGTGCTT,0,5183093
yqjE_yqjK_yqjD_yqjC_predicted,0.2,4,4,AGACTCGTCCGACGAGATCC,0,5203938
yqjE_yqjK_yqjD_yqjC_predicted,0.2,4,4,AGACGTTGGTGCGGGCTTGG,0,5201291
yqjE_yqjK_yqjD_yqjC_predicted,0.2,4,4,AGACGCAGCGTATACAGGAT,0,5246929
yqjE_yqjK_yqjD_yqjC_predicted,0.2,4,4,AGACCCGTGAGCGCGCAGGA,0,5240821
yqjE_yqjK_yqjD_yqjC_predicted,0.2,4,4,AGACAGGAGTACTTGGACCA,0,5191440
yqjE_yqjK_yqjD_yqjC_predicted,0.2,4,4,AGACACACTATGCGCACGGG,0,5204301
yqjE_yqjK_yqjD_yqjC_predicted,0.2,4,4,AGACAACGGTTCCAATCCAA,0,5237299
yqjE_yqjK_yqjD_yqjC_predicted,0.2,4,4,AGAATCAAGCAGTCACCACA,0,5195649
yqjE_yqjK_yqjD_yqjC_predicted,0.2,4,4,AGAAGGTAGGTTCGGTTGAT,0,5256011
yqjE_yqjK_yqjD_yqjC_predicted,0.2,4,4,AGAAGCACTCTGCGCGCTAA,0,5253423
yqjE_yqjK_yqjD_yqjC_predicted,0.2,4,4,AGAACTCAGGTTCAGGAACT,0,5213925
yqjE_yqjK_yqjD_yqjC_predicted,0.2,4,4,AGAACTACAAGGCGTTACTC,0,5247924
yqjE_yqjK_yqjD_yqjC_predicted,0.2,4,4,AGAACGACGGCGGGGGTTAT,0,5254549
yqjE_yqjK_yqjD_yqjC_predicted,0.2,4,4,AGAACACGTTAGTTTGTTCT,0,5244182
yqjE_yqjK_yqjD_yqjC_predicted,0.2,4,4,AGAAAATGCCGAATGGCACA,0,5202345
yqjE_yqjK_yqjD_yqjC_predicted,0.2,4,4,ACTTTCATGTGGCAACGCAA,0,5229031
yqjE_yqjK_yqjD_yqjC_predicted,0.2,4,4,ACTTGGTCATCATGGGACCC,0,5249330
yqjE_yqjK_yqjD_yqjC_predicted,0.2,4,4,ACTTGCCTATGCGTGGCAAA,0,5262061
yqjE_yqjK_yqjD_yqjC_predicted,0.2,4,4,ACTTGAACTATCCTAGACGT,0,5224934
yqjE_yqjK_yqjD_yqjC_predicted,0.2,4,4,ACTTCGCCGTTTAGCAAATA,0,5210112
yqjE_yqjK_yqjD_yqjC_predicted,0.2,4,4,ACTTATCCACATTCGACCAG,0,5217169
yqjE_yqjK_yqjD_yqjC_predicted,0.2,4,4,ACTTAAAGTCGATATTATAT,0,5201388
yqjE_yqjK_yqjD_yqjC_predicted,0.2,4,4,ACTGTCTAACCGTAGAATTT,0,5195428
yqjE_yqjK_yqjD_yqjC_predicted,0.2,4,4,ACTGTAGTTCATCCCTGGTG,0,5190729
yqjE_yqjK_yqjD_yqjC_predicted,0.2,4,4,ACTGTAAGCCACTAGCCGAG,0,5217779
yqjE_yqjK_yqjD_yqjC_predicted,0.2,4,4,ACTGCGGTTGGACGGCAACT,0,5223080
yqjE_yqjK_yqjD_yqjC_predicted,0.2,4,4,ACTGCCAATAACGACCGCGT,0,5235408
yqjE_yqjK_yqjD_yqjC_predicted,0.2,4,4,ACTGATTTACCGAGTGCAGA,0,5228235
yqjE_yqjK_yqjD_yqjC_predicted,0.2,4,4,ACTGATAAGACCTGCCCCAC,0,5185179
yqjE_yqjK_yqjD_yqjC_predicted,0.2,4,4,ACTCGGCTCCCGGCCTGCGA,0,5233507
yqjE_yqjK_yqjD_yqjC_predicted,0.2,4,4,ACTCGATTCTGAGCTGCGAT,0,5231620
yqjE_yqjK_yqjD_yqjC_predicted,0.2,4,4,ACTCGACATTCTTCCTGCGT,0,5252315
yqjE_yqjK_yqjD_yqjC_predicted,0.2,4,4,ACTCCGCCCAGTCACCATCC,0,5174296
yqjE_yqjK_yqjD_yqjC_predicted,0.2,4,4,ACTCATTGCAACCTGACTAA,0,5173165
yqjE_yqjK_yqjD_yqjC_predicted,0.2,4,4,ACTCAGGTAGGTGCCTACGA,0,5250027
yqjE_yqjK_yqjD_yqjC_predicted,0.2,4,4,ACTCAGAAGTGCAGGTCCGA,0,5223948
yqjE_yqjK_yqjD_yqjC_predicted,0.2,4,4,ACTCAACGCCGATAATAGTA,0,5226012
yqjE_yqjK_yqjD_yqjC_predicted,0.2,4,4,ACTATTGCTAACGGGACACA,0,5195368
yqjE_yqjK_yqjD_yqjC_predicted,0.2,4,4,ACTATCTAATTAGACCTCTT,0,5254194
yqjE_yqjK_yqjD_yqjC_predicted,0.2,4,4,ACTATAATGACATGCGAGAC,0,5241770
yqjE_yqjK_yqjD_yqjC_predicted,0.2,4,4,ACTAGGGGCCATCACGGCTT,0,5257747
yqjE_yqjK_yqjD_yqjC_predicted,0.2,4,4,ACTAGACGGGTTCTGATCAC,0,5203381
yqjE_yqjK_yqjD_yqjC_predicted,0.2,4,4,ACTACGTTGATTTTTCACTA,0,5233176
yqjE_yqjK_yqjD_yqjC_predicted,0.2,4,4,ACTACGGCTGATGCCGCGCG,0,5236969
yqjE_yqjK_yqjD_yqjC_predicted,0.2,4,4,ACTAAATGGCGACATTGGCG,0,5236533
yqjE_yqjK_yqjD_yqjC_predicted,0.2,4,4,ACGTTTGCAGCAACGAACGA,0,5172803
yqjE_yqjK_yqjD_yqjC_predicted,0.2,4,4,ACGTTTAACCGCGCGTACGA,0,5213929
yqjE_yqjK_yqjD_yqjC_predicted,0.2,4,4,ACGTTCGTGGGCGGTAAAGC,0,5228476
yqjE_yqjK_yqjD_yqjC_predicted,0.2,4,4,ACGTGGACGCAAAGTTCGGA,0,5174034
yqjE_yqjK_yqjD_yqjC_predicted,0.2,4,4,ACGTCCAAACTGCATTACCG,0,5260135
yqjE_yqjK_yqjD_yqjC_predicted,0.2,4,4,ACGTCAGCCCGCGGATACGT,0,5203346
yqjE_yqjK_yqjD_yqjC_predicted,0.2,4,4,ACGTATTCCAGTAATAGCGA,0,5201578
yqjE_yqjK_yqjD_yqjC_predicted,0.2,4,4,ACGTATGTGGGGGTTACATG,0,5257248
yqjE_yqjK_yqjD_yqjC_predicted,0.2,4,4,ACGTAGAGTTAATGTAAGGC,0,5192166
yqjE_yqjK_yqjD_yqjC_predicted,0.2,4,4,ACGGTCAGTGGGGGTCGTCG,0,5239345
yqjE_yqjK_yqjD_yqjC_predicted,0.2,4,4,ACGGGTCTGTCTATTCCGGA,0,5212072
yqjE_yqjK_yqjD_yqjC_predicted,0.2,4,4,ACGGGGTTCTATGGAGGACA,0,5221988
yqjE_yqjK_yqjD_yqjC_predicted,0.2,4,4,ACGGGGAGGGTAGGGCAGTA,0,5173845
yqjE_yqjK_yqjD_yqjC_predicted,0.2,4,4,ACGGGCCGGAGACCCCGCGT,0,5238584
yqjE_yqjK_yqjD_yqjC_predicted,0.2,4,4,ACGGGCAAACGGTACGGTTT,0,5225972
yqjE_yqjK_yqjD_yqjC_predicted,0.2,4,4,ACGGCTACAGTGCACGTGTG,0,5216767
yqjE_yqjK_yqjD_yqjC_predicted,0.2,4,4,ACGGCAGGGCTACCCACGTA,0,5182317
yqjE_yqjK_yqjD_yqjC_predicted,0.2,4,4,ACGGACCGATCGCTAGCCCA,0,5173496
yqjE_yqjK_yqjD_yqjC_predicted,0.2,4,4,ACGGAAAGATCGTTCAACGT,0,5230024
yqjE_yqjK_yqjD_yqjC_predicted,0.2,4,4,ACGCTTGGGGATTCGCAACA,0,5237156
yqjE_yqjK_yqjD_yqjC_predicted,0.2,4,4,ACGCTTGGGCACCCCTTGGC,0,5255062
yqjE_yqjK_yqjD_yqjC_predicted,0.2,4,4,ACGCTTCCTCCGGGTAAATG,0,5239116
yqjE_yqjK_yqjD_yqjC_predicted,0.2,4,4,ACGCTCGACCCATCCTAGCT,0,5262754
yqjE_yqjK_yqjD_yqjC_predicted,0.2,4,4,ACGCGGTCAGCCGAACCAAC,0,5203055
yqjE_yqjK_yqjD_yqjC_predicted,0.2,4,4,ACGCGAAGTCTTGCTGGACG,0,5260272
yqjE_yqjK_yqjD_yqjC_predicted,0.2,4,4,ACGCCCTACGTGCTGTATAC,0,5233247
yqjE_yqjK_yqjD_yqjC_predicted,0.2,4,4,ACGCACCAGCCAAGACGGCC,0,5226132
yqjE_yqjK_yqjD_yqjC_predicted,0.2,4,4,ACGATTTAGCGCTCAACTTG,0,5210027
yqjE_yqjK_yqjD_yqjC_predicted,0.2,4,4,ACGATTAGCTGGGGATGCGC,0,5204062
yqjE_yqjK_yqjD_yqjC_predicted,0.2,4,4,ACGATCTGTTCGATGGGGCA,0,5194870
yqjE_yqjK_yqjD_yqjC_predicted,0.2,4,4,ACGATATTGGATAGCGCAGT,0,5257149
yqjE_yqjK_yqjD_yqjC_predicted,0.2,4,4,ACGAGTTAATCACGCTGCTA,0,5246977
yqjE_yqjK_yqjD_yqjC_predicted,0.2,4,4,ACGAGATATCGCCCTAGCGC,0,5181535
yqjE_yqjK_yqjD_yqjC_predicted,0.2,4,4,ACGACCGTTGGGCGGAGGGA,0,5201699
yqjE_yqjK_yqjD_yqjC_predicted,0.2,4,4,ACGAAATGTCGGTCAGGCTT,0,5202814
yqjE_yqjK_yqjD_yqjC_predicted,0.2,4,4,ACCTGGTAAATCTACCGAAT,0,5259671
yqjE_yqjK_yqjD_yqjC_predicted,0.2,4,4,ACCTGGGCAAGGCGGCGCAG,0,5227464
yqjE_yqjK_yqjD_yqjC_predicted,0.2,4,4,ACCTGCTGCGAGCCTCATAG,0,5258712
yqjE_yqjK_yqjD_yqjC_predicted,0.2,4,4,ACCTGCCACTAAGGCATGTT,0,5173849
yqjE_yqjK_yqjD_yqjC_predicted,0.2,4,4,ACCTCTGTCGATCAGTAGTA,0,5243645
yqjE_yqjK_yqjD_yqjC_predicted,0.2,4,4,ACCTCCGTGGAGCGACATAC,0,5226591
yqjE_yqjK_yqjD_yqjC_predicted,0.2,4,4,ACCTCATAGAGTTCATGGGA,0,5258605
yqjE_yqjK_yqjD_yqjC_predicted,0.2,4,4,ACCTCAGGGTCACGTGTTTA,0,5200371
yqjE_yqjK_yqjD_yqjC_predicted,0.2,4,4,ACCTATCAGCAACTAATTCT,0,5219875
yqjE_yqjK_yqjD_yqjC_predicted,0.2,4,4,ACCTAGACGTTAAATATGTC,0,5238058
yqjE_yqjK_yqjD_yqjC_predicted,0.2,4,4,ACCGTTGGTCAAGTTTGGGT,0,5256374
yqjE_yqjK_yqjD_yqjC_predicted,0.2,4,4,ACCGTACTAATACGTACGGA,0,5181033
yqjE_yqjK_yqjD_yqjC_predicted,0.2,4,4,ACCGGGGGACGGGCGCAGAT,0,5182815
yqjE_yqjK_yqjD_yqjC_predicted,0.2,4,4,ACCGGCTCTCCGCGCGTAGG,0,5218455
yqjE_yqjK_yqjD_yqjC_predicted,0.2,4,4,ACCGGAGTTGTTGCCAGAGC,0,5207242
yqjE_yqjK_yqjD_yqjC_predicted,0.2,4,4,ACCGGAGCGCGTTACATCGT,0,5239461
yqjE_yqjK_yqjD_yqjC_predicted,0.2,4,4,ACCGCCTGTCCACGATCAAC,0,5194542
yqjE_yqjK_yqjD_yqjC_predicted,0.2,4,4,ACCGCCGGGCTGCGATCCAG,0,5181187
yqjE_yqjK_yqjD_yqjC_predicted,0.2,4,4,ACCGATATATTCGCACAGGA,0,5190520
yqjE_yqjK_yqjD_yqjC_predicted,0.2,4,4,ACCGACCGCGTCCTGGGCGG,0,5237824
yqjE_yqjK_yqjD_yqjC_predicted,0.2,4,4,ACCCTGCCCCCGACGACGCG,0,5248413
yqjE_yqjK_yqjD_yqjC_predicted,0.2,4,4,ACCCGAGGTAGGGCCAGGGC,0,5235052
yqjE_yqjK_yqjD_yqjC_predicted,0.2,4,4,ACCCCTTTAATGGTACGTAG,0,5217708
yqjE_yqjK_yqjD_yqjC_predicted,0.2,4,4,ACCCCGATACACTGCGTCAT,0,5245393
yqjE_yqjK_yqjD_yqjC_predicted,0.2,4,4,ACCCCACGGCACAAGTATTG,0,5254898
yqjE_yqjK_yqjD_yqjC_predicted,0.2,4,4,ACCCCACCAGAGCGCGTTTC,0,5201632
yqjE_yqjK_yqjD_yqjC_predicted,0.2,4,4,ACCCATCATATAAACACCTT,0,5188387
yqjE_yqjK_yqjD_yqjC_predicted,0.2,4,4,ACCCAGGCCCAACTCCTCCC,0,5231411
yqjE_yqjK_yqjD_yqjC_predicted,0.2,4,4,ACCATTTCTTCACGTCGAGA,0,5252122
yqjE_yqjK_yqjD_yqjC_predicted,0.2,4,4,ACCATTCGCTATCGATTGTA,0,5247274
yqjE_yqjK_yqjD_yqjC_predicted,0.2,4,4,ACCATGGCCGGACCGGGCAG,0,5249897
yqjE_yqjK_yqjD_yqjC_predicted,0.2,4,4,ACCATGACCCTAAGCTGTCA,0,5247026
yqjE_yqjK_yqjD_yqjC_predicted,0.2,4,4,ACCAGCCTCAAATATTAGGA,0,5188513
yqjE_yqjK_yqjD_yqjC_predicted,0.2,4,4,ACCACGATTTAGCCAAGTCG,0,5178291
yqjE_yqjK_yqjD_yqjC_predicted,0.2,4,4,ACCACCATACCGGATATACG,0,5246314
yqjE_yqjK_yqjD_yqjC_predicted,0.2,4,4,ACCACACGATAGGCCAAGCC,0,5259317
yqjE_yqjK_yqjD_yqjC_predicted,0.2,4,4,ACCAACAAAACGTTAAGCAG,0,5186362
yqjE_yqjK_yqjD_yqjC_predicted,0.2,4,4,ACCAAACGGTTTTTACCAGA,0,5236816
yqjE_yqjK_yqjD_yqjC_predicted,0.2,4,4,ACCAAAAAAATGAAAAAGAC,0,5213244
yqjE_yqjK_yqjD_yqjC_predicted,0.2,4,4,ACATGTTCACTGTATTACTA,0,5186249
yqjE_yqjK_yqjD_yqjC_predicted,0.2,4,4,ACATGTGTCTTCCAGTTAGA,0,5222712
yqjE_yqjK_yqjD_yqjC_predicted,0.2,4,4,ACATGTACGGCCTCGCGTCG,0,5203448
yqjE_yqjK_yqjD_yqjC_predicted,0.2,4,4,ACATGACCTCTATCTCGAAT,0,5209075
yqjE_yqjK_yqjD_yqjC_predicted,0.2,4,4,ACATCGCACGCGGGGCTCAA,0,5244048
yqjE_yqjK_yqjD_yqjC_predicted,0.2,4,4,ACATCACCAAGTCCGTATCA,0,5252453
yqjE_yqjK_yqjD_yqjC_predicted,0.2,4,4,ACATCACACAGTGATACCTG,0,5208328
yqjE_yqjK_yqjD_yqjC_predicted,0.2,4,4,ACAGTGTAACTGAATTAGAA,0,5228835
yqjE_yqjK_yqjD_yqjC_predicted,0.2,4,4,ACAGTCTACACTAGATGCCC,0,5236965
yqjE_yqjK_yqjD_yqjC_predicted,0.2,4,4,ACAGGGCTACGCAGATACTT,0,5175358
yqjE_yqjK_yqjD_yqjC_predicted,0.2,4,4,ACAGCTCATGTTCCCGGTCA,0,5236964
yqjE_yqjK_yqjD_yqjC_predicted,0.2,4,4,ACAGCCTCCATGGACACCGG,0,5182506
yqjE_yqjK_yqjD_yqjC_predicted,0.2,4,4,ACAGCAGCATCGGGATAACT,0,5229953
yqjE_yqjK_yqjD_yqjC_predicted,0.2,4,4,ACAGACCAACCTGTCTAAAT,0,5223402
yqjE_yqjK_yqjD_yqjC_predicted,0.2,4,4,ACACTTTAGATAGCACGCGT,0,5248947
yqjE_yqjK_yqjD_yqjC_predicted,0.2,4,4,ACACTTGACTTGCCAGCATA,0,5238449
yqjE_yqjK_yqjD_yqjC_predicted,0.2,4,4,ACACTGTCTGGGAGGTTTGT,0,5238974
yqjE_yqjK_yqjD_yqjC_predicted,0.2,4,4,ACACTGGTGTCGTAGGTTAA,0,5200771
yqjE_yqjK_yqjD_yqjC_predicted,0.2,4,4,ACACGTTTTCGGGATCGTGA,0,5257600
yqjE_yqjK_yqjD_yqjC_predicted,0.2,4,4,ACACGTCACTCGTCGTATGA,0,5171450
yqjE_yqjK_yqjD_yqjC_predicted,0.2,4,4,ACACCGTTATATAATCGTTT,0,5255829
yqjE_yqjK_yqjD_yqjC_predicted,0.2,4,4,ACACAGGACCGGGTTAACGC,0,5182977
yqjE_yqjK_yqjD_yqjC_predicted,0.2,4,4,ACACAGCATAAGTTATGGTT,0,5233276
yqjE_yqjK_yqjD_yqjC_predicted,0.2,4,4,ACACAAGGGGGTGCTACCGC,0,5211221
yqjE_yqjK_yqjD_yqjC_predicted,0.2,4,4,ACAATGGGTGCACAGGACGG,0,5202801
yqjE_yqjK_yqjD_yqjC_predicted,0.2,4,4,ACAAGCCTCGAGTGATGGCA,0,5235075
yqjE_yqjK_yqjD_yqjC_predicted,0.2,4,4,ACAACTTGCGAATTAACCTG,0,5240871
yqjE_yqjK_yqjD_yqjC_predicted,0.2,4,4,ACAAATTCGTACCTAGGCGG,0,5245260
yqjE_yqjK_yqjD_yqjC_predicted,0.2,4,4,ACAAAGCGATACACTGAGTT,0,5261510
yqjE_yqjK_yqjD_yqjC_predicted,0.2,4,4,ACAAAATTAAGGTGCATCAA,0,5184584
yqjE_yqjK_yqjD_yqjC_predicted,0.2,4,4,AATTTCGTCTGGCCATACGA,0,5195491
yqjE_yqjK_yqjD_yqjC_predicted,0.2,4,4,AATTTCCGGACACGACCTCA,0,5206214
yqjE_yqjK_yqjD_yqjC_predicted,0.2,4,4,AATTTACGGGCTGTTATTAC,0,5234722
yqjE_yqjK_yqjD_yqjC_predicted,0.2,4,4,AATTGTGAAGTTACGACTGG,0,5201285
yqjE_yqjK_yqjD_yqjC_predicted,0.2,4,4,AATTGAGGTGTGGCGGGCAA,0,5185339
yqjE_yqjK_yqjD_yqjC_predicted,0.2,4,4,AATTCGTCACAGATGAATGT,0,5224963
yqjE_yqjK_yqjD_yqjC_predicted,0.2,4,4,AATTCCATACTTTGCCTTAA,0,5188186
yqjE_yqjK_yqjD_yqjC_predicted,0.2,4,4,AATTCAACCGCACGTAGCGT,0,5260964
yqjE_yqjK_yqjD_yqjC_predicted,0.2,4,4,AATTATAGTGTACGTTTAAG,0,5224971
yqjE_yqjK_yqjD_yqjC_predicted,0.2,4,4,AATGTGTGAGCCACGTTGCC,0,5232258
yqjE_yqjK_yqjD_yqjC_predicted,0.2,4,4,AATGGGGCAATAGGTCATAA,0,5188004
yqjE_yqjK_yqjD_yqjC_predicted,0.2,4,4,AATGCTTGCTCTAATACGTG,0,5180694
yqjE_yqjK_yqjD_yqjC_predicted,0.2,4,4,AATGCTTCTAGAAATCAGAC,0,5235998
yqjE_yqjK_yqjD_yqjC_predicted,0.2,4,4,AATCTAGAATGTTATGACGC,0,5200379
yqjE_yqjK_yqjD_yqjC_predicted,0.2,4,4,AATCGTGGGGTAGATTTTTG,0,5243640
yqjE_yqjK_yqjD_yqjC_predicted,0.2,4,4,AATCGGGCGGATATATCTGT,0,5240543
yqjE_yqjK_yqjD_yqjC_predicted,0.2,4,4,AATCGACAGTGGTAGGCTAA,0,5227361
yqjE_yqjK_yqjD_yqjC_predicted,0.2,4,4,AATCCGGCTAGATTTATACA,0,5189950
yqjE_yqjK_yqjD_yqjC_predicted,0.2,4,4,AATCCGAGTTCATCCTATGT,0,5225951
yqjE_yqjK_yqjD_yqjC_predicted,0.2,4,4,AATCAGAGCATCACTGTGCA,0,5252875
yqjE_yqjK_yqjD_yqjC_predicted,0.2,4,4,AATCACCGGGATGTCGGATA,0,5258437
yqjE_yqjK_yqjD_yqjC_predicted,0.2,4,4,AATCAAGTCAGGACTGCCGT,0,5184601
yqjE_yqjK_yqjD_yqjC_predicted,0.2,4,4,AATATCCGTGCGGTAATCAG,0,5236950
yqjE_yqjK_yqjD_yqjC_predicted,0.2,4,4,AATATCCCAGACCTGGTGGC,0,5250995
yqjE_yqjK_yqjD_yqjC_predicted,0.2,4,4,AATAGGGGAAAGCAGTAGAA,0,5205892
yqjE_yqjK_yqjD_yqjC_predicted,0.2,4,4,AATACTCGGGCGTTGGGCTA,0,5177022
yqjE_yqjK_yqjD_yqjC_predicted,0.2,4,4,AATACGTCCAGGCTAGCTGC,0,5231471
yqjE_yqjK_yqjD_yqjC_predicted,0.2,4,4,AATACATGGGGGGGGGCAGG,0,5190623
yqjE_yqjK_yqjD_yqjC_predicted,0.2,4,4,AAGTTGCTCGGTACGCGGGT,0,5212489
yqjE_yqjK_yqjD_yqjC_predicted,0.2,4,4,AAGTTCAGGCGTTCTCCTTG,0,5179473
yqjE_yqjK_yqjD_yqjC_predicted,0.2,4,4,AAGTGTCGGTTTACGCATAA,0,5206376
yqjE_yqjK_yqjD_yqjC_predicted,0.2,4,4,AAGTGCTAAGCATACAGCTT,0,5175549
yqjE_yqjK_yqjD_yqjC_predicted,0.2,4,4,AAGTGCATGTACTTCTGAAG,0,5177681
yqjE_yqjK_yqjD_yqjC_predicted,0.2,4,4,AAGTGAGGATATACAGCTTA,0,5260857
yqjE_yqjK_yqjD_yqjC_predicted,0.2,4,4,AAGTGAAAGAATCGAGGAGC,0,5229417
yqjE_yqjK_yqjD_yqjC_predicted,0.2,4,4,AAGTCGTTATTTCCCCAGAG,0,5199559
yqjE_yqjK_yqjD_yqjC_predicted,0.2,4,4,AAGTCGGGTGGCAGGCTTGA,0,5212778
yqjE_yqjK_yqjD_yqjC_predicted,0.2,4,4,AAGTCAGCACAACTACGATA,0,5198060
yqjE_yqjK_yqjD_yqjC_predicted,0.2,4,4,AAGTAAGTCCCCATATGATA,0,5228034
yqjE_yqjK_yqjD_yqjC_predicted,0.2,4,4,AAGGTATTGTGAACCTTACT,0,5180643
yqjE_yqjK_yqjD_yqjC_predicted,0.2,4,4,AAGGGGTTCCTGTCCGTAAC,0,5183251
yqjE_yqjK_yqjD_yqjC_predicted,0.2,4,4,AAGGGAGGCAATCGTGACGA,0,5201592
yqjE_yqjK_yqjD_yqjC_predicted,0.2,4,4,AAGGCTCTGGCCGTTGGGCT,0,5200998
yqjE_yqjK_yqjD_yqjC_predicted,0.2,4,4,AAGGCACTGTCAGAAGTAAT,0,5179576
yqjE_yqjK_yqjD_yqjC_predicted,0.2,4,4,AAGGACTAAGCTTATAAAAT,0,5202811
yqjE_yqjK_yqjD_yqjC_predicted,0.2,4,4,AAGCTGTTCCCGCTAGTTAA,0,5259635
yqjE_yqjK_yqjD_yqjC_predicted,0.2,4,4,AAGCTGGTCGTGTGTCCAGT,0,5244862
yqjE_yqjK_yqjD_yqjC_predicted,0.2,4,4,AAGCTGGGATGTAAAACAAT,0,5194636
yqjE_yqjK_yqjD_yqjC_predicted,0.2,4,4,AAGCTCCGGCTCCCTGACGT,0,5258403
yqjE_yqjK_yqjD_yqjC_predicted,0.2,4,4,AAGCTACTCACCCAACGATT,0,5191437
yqjE_yqjK_yqjD_yqjC_predicted,0.2,4,4,AAGCGTTACCACCGGACCAT,0,5258901
yqjE_yqjK_yqjD_yqjC_predicted,0.2,4,4,AAGCGTGTGGTGTGTCAGAT,0,5178284
yqjE_yqjK_yqjD_yqjC_predicted,0.2,4,4,AAGCGGCCGGTGAGCCACGA,0,5224727
yqjE_yqjK_yqjD_yqjC_predicted,0.2,4,4,AAGCGGACTGACCAGACGAG,0,5246154
yqjE_yqjK_yqjD_yqjC_predicted,0.2,4,4,AAGCGCATTTGTCAAGACGA,0,5212575
yqjE_yqjK_yqjD_yqjC_predicted,0.2,4,4,AAGCAAGTCGGCTTCATTTA,0,5201577
yqjE_yqjK_yqjD_yqjC_predicted,0.2,4,4,AAGAGTCGAAGTAAGGTTAT,0,5254814
yqjE_yqjK_yqjD_yqjC_predicted,0.2,4,4,AAGAGCTTCTAAGGAGGAGC,0,5210539
yqjE_yqjK_yqjD_yqjC_predicted,0.2,4,4,AAGACGCAGTGTATTAGCGT,0,5202398
yqjE_yqjK_yqjD_yqjC_predicted,0.2,4,4,AAGACCAGGTAGGTACCTTC,0,5250261
yqjE_yqjK_yqjD_yqjC_predicted,0.2,4,4,AAGACAGCCCGCGCCTACCA,0,5184331
yqjE_yqjK_yqjD_yqjC_predicted,0.2,4,4,AAGAATATGGTTGGACTATG,0,5212798
yqjE_yqjK_yqjD_yqjC_predicted,0.2,4,4,AAGAACTCTCAGCGGGGCTC,0,5189130
yqjE_yqjK_yqjD_yqjC_predicted,0.2,4,4,AACTGTTAGGTTCTGTTTAT,0,5239993
yqjE_yqjK_yqjD_yqjC_predicted,0.2,4,4,AACTCCGCAACGGGAAAAAC,0,5175686
yqjE_yqjK_yqjD_yqjC_predicted,0.2,4,4,AACTCCACTGCGACAAAGGG,0,5241759
yqjE_yqjK_yqjD_yqjC_predicted,0.2,4,4,AACGTGGGATTGGCAAAAAT,0,5200617
yqjE_yqjK_yqjD_yqjC_predicted,0.2,4,4,AACGTGGCATCTCGGTTACA,0,5181042
yqjE_yqjK_yqjD_yqjC_predicted,0.2,4,4,AACGTATGTCCGGGAAAATT,0,5209804
yqjE_yqjK_yqjD_yqjC_predicted,0.2,4,4,AACGGGGGGTATCGTGTCGC,0,5230508
yqjE_yqjK_yqjD_yqjC_predicted,0.2,4,4,AACGCTTGAGCCCACCCCAT,0,5232182
yqjE_yqjK_yqjD_yqjC_predicted,0.2,4,4,AACGCATGTAACGGGCTATT,0,5212174
yqjE_yqjK_yqjD_yqjC_predicted,0.2,4,4,AACCTCTCGAAGCCCCTATC,0,5184511
yqjE_yqjK_yqjD_yqjC_predicted,0.2,4,4,AACCTCGAGTCTGCGAAAAG,0,5218318
yqjE_yqjK_yqjD_yqjC_predicted,0.2,4,4,AACCTACTACACGGGTACAC,0,5244994
yqjE_yqjK_yqjD_yqjC_predicted,0.2,4,4,AACCCTGGCCAGAATACGGC,0,5197266
yqjE_yqjK_yqjD_yqjC_predicted,0.2,4,4,AACATGCGGGTACACGGTCG,0,5250183
yqjE_yqjK_yqjD_yqjC_predicted,0.2,4,4,AACATGCGCACGTTGCGTTT,0,5241915
yqjE_yqjK_yqjD_yqjC_predicted,0.2,4,4,AACATACATCGCAACTCCAA,0,5231236
yqjE_yqjK_yqjD_yqjC_predicted,0.2,4,4,AACAGTGGGCGTACGGCAGT,0,5239743
yqjE_yqjK_yqjD_yqjC_predicted,0.2,4,4,AACACCTCAGCCGGACTAAG,0,5251801
yqjE_yqjK_yqjD_yqjC_predicted,0.2,4,4,AACACAAGAATGTGGGCCTT,0,5200971
yqjE_yqjK_yqjD_yqjC_predicted,0.2,4,4,AACAATCGGCGCTCGCCCTG,0,5188893
yqjE_yqjK_yqjD_yqjC_predicted,0.2,4,4,AAATTTGGACCCTTCCTGGA,0,5227484
yqjE_yqjK_yqjD_yqjC_predicted,0.2,4,4,AAATTTCACTTCTAGTACGG,0,5212205
yqjE_yqjK_yqjD_yqjC_predicted,0.2,4,4,AAATTACTCTCCCCTCGGTA,0,5221301
yqjE_yqjK_yqjD_yqjC_predicted,0.2,4,4,AAATTACGTAGATGAGATCG,0,5191087
yqjE_yqjK_yqjD_yqjC_predicted,0.2,4,4,AAATGGTTCTATGGGCCTTC,0,5216281
yqjE_yqjK_yqjD_yqjC_predicted,0.2,4,4,AAATGGAATAGGGCTTAAGG,0,5188468
yqjE_yqjK_yqjD_yqjC_predicted,0.2,4,4,AAATCGTGAGGTTCTACCGA,0,5205996
yqjE_yqjK_yqjD_yqjC_predicted,0.2,4,4,AAATACACATGAGACTGGGA,0,5205890
yqjE_yqjK_yqjD_yqjC_predicted,0.2,4,4,AAATAAGTGGGACCCCTCAC,0,5223837
yqjE_yqjK_yqjD_yqjC_predicted,0.2,4,4,AAAGTCGGTAGGTAAGGTCC,0,5191340
yqjE_yqjK_yqjD_yqjC_predicted,0.2,4,4,AAAGCTAAACTCCGACGGAT,0,5194268
yqjE_yqjK_yqjD_yqjC_predicted,0.2,4,4,AAAGCGCCAACGTGAAGGGT,0,5197500
yqjE_yqjK_yqjD_yqjC_predicted,0.2,4,4,AAAGCGAGTTGGTTTTTTGG,0,5219035
yqjE_yqjK_yqjD_yqjC_predicted,0.2,4,4,AAAGAGCGCTTGCCGAGCGA,0,5233407
yqjE_yqjK_yqjD_yqjC_predicted,0.2,4,4,AAAGAACCTATCCGGACCGA,0,5222339
yqjE_yqjK_yqjD_yqjC_predicted,0.2,4,4,AAACTCGTTTGCGCCGAAAA,0,5173059
yqjE_yqjK_yqjD_yqjC_predicted,0.2,4,4,AAACGTGTGTCGATGACGAA,0,5249325
yqjE_yqjK_yqjD_yqjC_predicted,0.2,4,4,AAACGTCGTTCGATCAGAGC,0,5235577
yqjE_yqjK_yqjD_yqjC_predicted,0.2,4,4,AAACCTATACTACTAACGAA,0,5190174
yqjE_yqjK_yqjD_yqjC_predicted,0.2,4,4,AAACCCGCGAACGCACGTGA,0,5175707
yqjE_yqjK_yqjD_yqjC_predicted,0.2,4,4,AAACCCCATTTAGGGGCTCC,0,5262009
yqjE_yqjK_yqjD_yqjC_predicted,0.2,4,4,AAACATGTCATTTCTTACCC,0,5211818
yqjE_yqjK_yqjD_yqjC_predicted,0.2,4,4,AAACAGTTTTCGTATTACAC,0,5192894
yqjE_yqjK_yqjD_yqjC_predicted,0.2,4,4,AAACAGCTCGTGCGACCGGC,0,5176830
yqjE_yqjK_yqjD_yqjC_predicted,0.2,4,4,AAACACCGGGAGAGCATGAA,0,5205815
yqjE_yqjK_yqjD_yqjC_predicted,0.2,4,4,AAAATTGGTTCGAATGGGCA,0,5186516
yqjE_yqjK_yqjD_yqjC_predicted,0.2,4,4,AAAAGCGAGATCTCTTTTAA,0,5180163
yqjE_yqjK_yqjD_yqjC_predicted,0.2,4,4,AAAAGAATAAAGACTCCGAC,0,5211684
yqjE_yqjK_yqjD_yqjC_predicted,0.2,4,4,AAAACTTACGGCCAACGAAT,0,5176247
yqjE_yqjK_yqjD_yqjC_predicted,0.2,4,4,AAAACAGATGCTAAGCTTTT,0,5205395
yqjE_yqjK_yqjD_yqjC_predicted,0.2,4,4,AAAAATGGAAATATAATCAT,0,5259001
yqjE_yqjK_yqjD_yqjC_predicted,0.25,3,3,TTTTTGATCGGCAAGTTAAT,0,5247098
yqjE_yqjK_yqjD_yqjC_predicted,0.25,3,3,TTTTTAGGCGACACTGCGGT,0,5261306
yqjE_yqjK_yqjD_yqjC_predicted,0.25,3,3,TTTTGGATTCATCGATCTGG,0,5174300
yqjE_yqjK_yqjD_yqjC_predicted,0.25,3,3,TTTTGCAAACTTTCAGCGGA,0,5239296
yqjE_yqjK_yqjD_yqjC_predicted,0.25,3,3,TTTTCGGCGAGGAACTTCGA,0,5250945
yqjE_yqjK_yqjD_yqjC_predicted,0.25,3,3,TTTTCGAGTTATATGGAATC,0,5225207
yqjE_yqjK_yqjD_yqjC_predicted,0.25,3,3,TTTTAGAGGCTCGTGCCATG,0,5200764
yqjE_yqjK_yqjD_yqjC_predicted,0.25,3,3,TTTTAGAAACGGGTCTAGAA,0,5181907
yqjE_yqjK_yqjD_yqjC_predicted,0.25,3,3,TTTGTTGATTTGACGGGGTC,0,5235727
yqjE_yqjK_yqjD_yqjC_predicted,0.25,3,3,TTTGTGGACCACATTACTGG,0,5182428
yqjE_yqjK_yqjD_yqjC_predicted,0.25,3,3,TTTGTCTGTGTCAAACCGTG,0,5186972
yqjE_yqjK_yqjD_yqjC_predicted,0.25,3,3,TTTGTCTGCTATATGAAAGT,0,5256964
yqjE_yqjK_yqjD_yqjC_predicted,0.25,3,3,TTTGTAGTCCCCGATTCATT,0,5244374
yqjE_yqjK_yqjD_yqjC_predicted,0.25,3,3,TTTGGTCACGTTATCCAGAC,0,5229840
yqjE_yqjK_yqjD_yqjC_predicted,0.25,3,3,TTTGGGATTGCATATCGGTG,0,5210411
yqjE_yqjK_yqjD_yqjC_predicted,0.25,3,3,TTTGCGGCATTATTAACACG,0,5176310
yqjE_yqjK_yqjD_yqjC_predicted,0.25,3,3,TTTGCGAGCGGCACGGTACG,0,5237101
yqjE_yqjK_yqjD_yqjC_predicted,0.25,3,3,TTTGCCGTTCCAGGATGGCA,0,5174895
yqjE_yqjK_yqjD_yqjC_predicted,0.25,3,3,TTTGAACAGCCGGTTCCGCT,0,5213200
yqjE_yqjK_yqjD_yqjC_predicted,0.25,3,3,TTTCTTTTTTGGCGCAGATG,0,5215636
yqjE_yqjK_yqjD_yqjC_predicted,0.25,3,3,TTTCTTTTAATGAAGTGGCC,0,5219471
yqjE_yqjK_yqjD_yqjC_predicted,0.25,3,3,TTTCTGTGTATAGGGCGGAC,0,5243106
yqjE_yqjK_yqjD_yqjC_predicted,0.25,3,3,TTTCTCGGTGCGCCACCGAG,0,5224713
yqjE_yqjK_yqjD_yqjC_predicted,0.25,3,3,TTTCTCGCTCTGCTCCATCT,0,5259958
yqjE_yqjK_yqjD_yqjC_predicted,0.25,3,3,TTTCTATTGAACCGGACTGT,0,5174261
yqjE_yqjK_yqjD_yqjC_predicted,0.25,3,3,TTTCGCTGTATAGCTACGCG,0,5206922
yqjE_yqjK_yqjD_yqjC_predicted,0.25,3,3,TTTCGACGGCACAAGGATGA,0,5183368
yqjE_yqjK_yqjD_yqjC_predicted,0.25,3,3,TTTCAGCACACGCCCACAGT,0,5220006
yqjE_yqjK_yqjD_yqjC_predicted,0.25,3,3,TTTATTGGGATAAGCTAACG,0,5227724
yqjE_yqjK_yqjD_yqjC_predicted,0.25,3,3,TTTATAGGATGGAGGGCGAT,0,5236162
yqjE_yqjK_yqjD_yqjC_predicted,0.25,3,3,TTTATACCCTATCTGAGTAC,0,5237772
yqjE_yqjK_yqjD_yqjC_predicted,0.25,3,3,TTTAGCTCGCGATCCACTAA,0,5226744
yqjE_yqjK_yqjD_yqjC_predicted,0.25,3,3,TTTAGCCCCCGCGCCATCGT,0,5248665
yqjE_yqjK_yqjD_yqjC_predicted,0.25,3,3,TTTAGATCGCCACAGGGGAG,0,5229656
yqjE_yqjK_yqjD_yqjC_predicted,0.25,3,3,TTTACGCCACGGGAATTTAT,0,5234147
yqjE_yqjK_yqjD_yqjC_predicted,0.25,3,3,TTTACATGTATATGAAACTA,0,5171582
yqjE_yqjK_yqjD_yqjC_predicted,0.25,3,3,TTTAACGCTTAAATGACTGT,0,5240717
yqjE_yqjK_yqjD_yqjC_predicted,0.25,3,3,TTTAACCACCATTAGGTCCT,0,5176060
yqjE_yqjK_yqjD_yqjC_predicted,0.25,3,3,TTTAACACATATAGGGGACC,0,5242882
yqjE_yqjK_yqjD_yqjC_predicted,0.25,3,3,TTGTTTTACTATGTGTTTTC,0,5194193
yqjE_yqjK_yqjD_yqjC_predicted,0.25,3,3,TTGTTACAAGTCTCGTGGGC,0,5220284
yqjE_yqjK_yqjD_yqjC_predicted,0.25,3,3,TTGTGGGTGGGTCTATCCCA,0,5199638
yqjE_yqjK_yqjD_yqjC_predicted,0.25,3,3,TTGTGCCAGCCTATGGTAGC,0,5211373
yqjE_yqjK_yqjD_yqjC_predicted,0.25,3,3,TTGTCCTTCCATGGCGTTGT,0,5245876
yqjE_yqjK_yqjD_yqjC_predicted,0.25,3,3,TTGTAGTTGTTTAACTGACA,0,5187942
yqjE_yqjK_yqjD_yqjC_predicted,0.25,3,3,TTGGTCCGAGAATTTGCAAT,0,5187325
yqjE_yqjK_yqjD_yqjC_predicted,0.25,3,3,TTGGTATTCAACGTATGGGG,0,5192403
yqjE_yqjK_yqjD_yqjC_predicted,0.25,3,3,TTGGTAAACTCGACCAGGAA,0,5229781
yqjE_yqjK_yqjD_yqjC_predicted,0.25,3,3,TTGGGTCGGCGGTGTGGAAA,0,5232990
yqjE_yqjK_yqjD_yqjC_predicted,0.25,3,3,TTGGGGCAGTGGAACTTCGT,0,5219412
yqjE_yqjK_yqjD_yqjC_predicted,0.25,3,3,TTGGGCGCTCATAGTCCTCA,0,5247901
yqjE_yqjK_yqjD_yqjC_predicted,0.25,3,3,TTGGGAGAAGGCTAAATTTC,0,5196838
yqjE_yqjK_yqjD_yqjC_predicted,0.25,3,3,TTGGCTTCGAGTAGCCGAGT,0,5193620
yqjE_yqjK_yqjD_yqjC_predicted,0.25,3,3,TTGGCCAGTTGCCGAGTGTA,0,5258343
yqjE_yqjK_yqjD_yqjC_predicted,0.25,3,3,TTGGCAACCCAATCTCTAAT,0,5251908
yqjE_yqjK_yqjD_yqjC_predicted,0.25,3,3,TTGGACCCTTCAGAAGTGAG,0,5176106
yqjE_yqjK_yqjD_yqjC_predicted,0.25,3,3,TTGGACAGAATCATGAGCGA,0,5226694
yqjE_yqjK_yqjD_yqjC_predicted,0.25,3,3,TTGGACAAATTCTCGTATAT,0,5220352
yqjE_yqjK_yqjD_yqjC_predicted,0.25,3,3,TTGCTTTGAGAATATGCAAC,0,5239832
yqjE_yqjK_yqjD_yqjC_predicted,0.25,3,3,TTGCTGAATAGACCGCAATA,0,5251082
yqjE_yqjK_yqjD_yqjC_predicted,0.25,3,3,TTGCTCAGACGGTAACGAGT,0,5184359
yqjE_yqjK_yqjD_yqjC_predicted,0.25,3,3,TTGCCTCCCTTATTATATGG,0,5258995
yqjE_yqjK_yqjD_yqjC_predicted,0.25,3,3,TTGCAGCGCATTCGCGTGGG,0,5188571
yqjE_yqjK_yqjD_yqjC_predicted,0.25,3,3,TTGCAGAATATAACGTTGAG,0,5239040
yqjE_yqjK_yqjD_yqjC_predicted,0.25,3,3,TTGATTCCAGAATCCATCAT,0,5260960
yqjE_yqjK_yqjD_yqjC_predicted,0.25,3,3,TTGATCAGTCCACTACACAC,0,5247969
yqjE_yqjK_yqjD_yqjC_predicted,0.25,3,3,TTGATATGTCTGATAGCGGC,0,5216757
yqjE_yqjK_yqjD_yqjC_predicted,0.25,3,3,TTGAGGAACCGGCTCACGGA,0,5214464
yqjE_yqjK_yqjD_yqjC_predicted,0.25,3,3,TTGAGCCTTGGAGGGTTAAA,0,5255969
yqjE_yqjK_yqjD_yqjC_predicted,0.25,3,3,TTGAGATTTATGGACGTTTT,0,5171966
yqjE_yqjK_yqjD_yqjC_predicted,0.25,3,3,TTGAAGACTGGATGAGACCA,0,5238854
yqjE_yqjK_yqjD_yqjC_predicted,0.25,3,3,TTGAACACTTATGGATCACA,0,5253808
yqjE_yqjK_yqjD_yqjC_predicted,0.25,3,3,TTCTTTTCTGCACGTATGGA,0,5219795
yqjE_yqjK_yqjD_yqjC_predicted,0.25,3,3,TTCTTTCCTGATGAAGCTCC,0,5232195
yqjE_yqjK_yqjD_yqjC_predicted,0.25,3,3,TTCTTCGCGTCATTTTATGG,0,5205942
yqjE_yqjK_yqjD_yqjC_predicted,0.25,3,3,TTCTTATCAATGCAAACAAA,0,5225938
yqjE_yqjK_yqjD_yqjC_predicted,0.25,3,3,TTCTTAACTTGTTTGAATTT,0,5250957
yqjE_yqjK_yqjD_yqjC_predicted,0.25,3,3,TTCTATTACAGGACCACCGG,0,5195452
yqjE_yqjK_yqjD_yqjC_predicted,0.25,3,3,TTCTACCATTTAGTAGGACG,0,5182350
yqjE_yqjK_yqjD_yqjC_predicted,0.25,3,3,TTCTAACTGTTATGGCACGG,0,5203682
yqjE_yqjK_yqjD_yqjC_predicted,0.25,3,3,TTCGTTTATCAACCGGTCAA,0,5256095
yqjE_yqjK_yqjD_yqjC_predicted,0.25,3,3,TTCGTCGCCACTGCTATCGG,0,5193950
yqjE_yqjK_yqjD_yqjC_predicted,0.25,3,3,TTCGTCCTAATTAGTCGCCT,0,5246884
yqjE_yqjK_yqjD_yqjC_predicted,0.25,3,3,TTCGTAAAAATTCGGTTAGC,0,5200507
yqjE_yqjK_yqjD_yqjC_predicted,0.25,3,3,TTCGGTCGCCTTTTTACTTT,0,5260153
yqjE_yqjK_yqjD_yqjC_predicted,0.25,3,3,TTCGGGGGATAGGACAGAAG,0,5229824
yqjE_yqjK_yqjD_yqjC_predicted,0.25,3,3,TTCGGGAATGGTCATTTCTT,0,5219623
yqjE_yqjK_yqjD_yqjC_predicted,0.25,3,3,TTCGGCCGTACACTGATCGG,0,5180742
yqjE_yqjK_yqjD_yqjC_predicted,0.25,3,3,TTCGGCCCCTTTGTGCGGTA,0,5173166
yqjE_yqjK_yqjD_yqjC_predicted,0.25,3,3,TTCGCCCGCGTACTCCTGCA,0,5188545
yqjE_yqjK_yqjD_yqjC_predicted,0.25,3,3,TTCGATTGTGCAATTCGTTC,0,5251911
yqjE_yqjK_yqjD_yqjC_predicted,0.25,3,3,TTCGATAGGCGTCGATCGCT,0,5211830
yqjE_yqjK_yqjD_yqjC_predicted,0.25,3,3,TTCGAATTGGTGAAATGGAC,0,5210570
yqjE_yqjK_yqjD_yqjC_predicted,0.25,3,3,TTCGAACTGCCCTCTGACGG,0,5191870
yqjE_yqjK_yqjD_yqjC_predicted,0.25,3,3,TTCGAACTCGTTATACCGGA,0,5257027
yqjE_yqjK_yqjD_yqjC_predicted,0.25,3,3,TTCCTCGGGTTCAGCTCGTG,0,5202319
yqjE_yqjK_yqjD_yqjC_predicted,0.25,3,3,TTCCTAGGTTACCACAACCC,0,5197697
yqjE_yqjK_yqjD_yqjC_predicted,0.25,3,3,TTCCTAGGGAGTTAGAGACG,0,5181878
yqjE_yqjK_yqjD_yqjC_predicted,0.25,3,3,TTCCGGTTACCTACTATAAT,0,5242935
yqjE_yqjK_yqjD_yqjC_predicted,0.25,3,3,TTCCGGTCCCTAGCCAAGAC,0,5184347
yqjE_yqjK_yqjD_yqjC_predicted,0.25,3,3,TTCCGGGGGCGACATCTGTA,0,5188344
yqjE_yqjK_yqjD_yqjC_predicted,0.25,3,3,TTCCGGGGCGAAGGGTACAG,0,5253445
yqjE_yqjK_yqjD_yqjC_predicted,0.25,3,3,TTCCGGCAATTACCTCGCCA,0,5259024
yqjE_yqjK_yqjD_yqjC_predicted,0.25,3,3,TTCCGAGGTTGCGCCGTTAC,0,5253807
yqjE_yqjK_yqjD_yqjC_predicted,0.25,3,3,TTCCCAATCATCTGAGACTT,0,5200997
yqjE_yqjK_yqjD_yqjC_predicted,0.25,3,3,TTCCATCTAGCACGAAAGCA,0,5254395
yqjE_yqjK_yqjD_yqjC_predicted,0.25,3,3,TTCCAATAAGTTTTCGGGTA,0,5226535
yqjE_yqjK_yqjD_yqjC_predicted,0.25,3,3,TTCATGGCGCTAAAGAGTGC,0,5218880
yqjE_yqjK_yqjD_yqjC_predicted,0.25,3,3,TTCATGATCAAGCCTACCTG,0,5209167
yqjE_yqjK_yqjD_yqjC_predicted,0.25,3,3,TTCATATGTTATGTCGCCCG,0,5175337
yqjE_yqjK_yqjD_yqjC_predicted,0.25,3,3,TTCAGGTTAAACAGAATGAT,0,5205154
yqjE_yqjK_yqjD_yqjC_predicted,0.25,3,3,TTCAGAACCTTCTGACGCTT,0,5259250
yqjE_yqjK_yqjD_yqjC_predicted,0.25,3,3,TTCACGAGGTGTCTATGCGC,0,5209215
yqjE_yqjK_yqjD_yqjC_predicted,0.25,3,3,TTCAACGTCGATCGCAGATG,0,5183371
yqjE_yqjK_yqjD_yqjC_predicted,0.25,3,3,TTCAAAAGGGTAGTACCTGC,0,5209498
yqjE_yqjK_yqjD_yqjC_predicted,0.25,3,3,TTATTTCTAGCTGTTGTTTC,0,5254195
yqjE_yqjK_yqjD_yqjC_predicted,0.25,3,3,TTATTCGGCCTAGCTCATGT,0,5188411
yqjE_yqjK_yqjD_yqjC_predicted,0.25,3,3,TTATGTTGGGGCCGAGCCTA,0,5195424
yqjE_yqjK_yqjD_yqjC_predicted,0.25,3,3,TTATGGTGATGATAATATGA,0,5252765
yqjE_yqjK_yqjD_yqjC_predicted,0.25,3,3,TTATGGAAACGGGGTGTGCC,0,5216778
yqjE_yqjK_yqjD_yqjC_predicted,0.25,3,3,TTATCTCCCATCGCGCGTCA,0,5256056
yqjE_yqjK_yqjD_yqjC_predicted,0.25,3,3,TTATCACGTACCTATGTCGC,0,5234992
yqjE_yqjK_yqjD_yqjC_predicted,0.25,3,3,TTATACCCCTTCGGCTATCT,0,5257122
yqjE_yqjK_yqjD_yqjC_predicted,0.25,3,3,TTATACCAGCCCAGCACCTG,0,5202375
yqjE_yqjK_yqjD_yqjC_predicted,0.25,3,3,TTATAAAGCAAATGGGTGTC,0,5245804
yqjE_yqjK_yqjD_yqjC_predicted,0.25,3,3,TTAGTGCCCCCTCTACGTTA,0,5185475
yqjE_yqjK_yqjD_yqjC_predicted,0.25,3,3,TTAGTCGATGGTTACGGAGA,0,5208062
yqjE_yqjK_yqjD_yqjC_predicted,0.25,3,3,TTAGGTTGGACCGCTAAGTC,0,5178032
yqjE_yqjK_yqjD_yqjC_predicted,0.25,3,3,TTAGGGGGAGGTAGGCCGAC,0,5182767
yqjE_yqjK_yqjD_yqjC_predicted,0.25,3,3,TTAGGCACAAGGCATGGGAG,0,5179009
yqjE_yqjK_yqjD_yqjC_predicted,0.25,3,3,TTAGCTCGGCGTGATCCGTG,0,5194686
yqjE_yqjK_yqjD_yqjC_predicted,0.25,3,3,TTAGCGATGTAGTTCTATGA,0,5262224
yqjE_yqjK_yqjD_yqjC_predicted,0.25,3,3,TTAGATTGGGTACAGTACGT,0,5228977
yqjE_yqjK_yqjD_yqjC_predicted,0.25,3,3,TTAGATCGAAGCTTTCTTCT,0,5185301
yqjE_yqjK_yqjD_yqjC_predicted,0.25,3,3,TTAGAGCTTGTCTTGGACTC,0,5192075
yqjE_yqjK_yqjD_yqjC_predicted,0.25,3,3,TTAGAGAACTAGTGGAACGG,0,5192743
yqjE_yqjK_yqjD_yqjC_predicted,0.25,3,3,TTAGACCAACCCTGTCTCAC,0,5232309
yqjE_yqjK_yqjD_yqjC_predicted,0.25,3,3,TTAGAAGTATGCCGGTAGAT,0,5245984
yqjE_yqjK_yqjD_yqjC_predicted,0.25,3,3,TTAGAAGATAACAATTCTGT,0,5252109
yqjE_yqjK_yqjD_yqjC_predicted,0.25,3,3,TTACTCTTCGCTGGTCACTA,0,5224520
yqjE_yqjK_yqjD_yqjC_predicted,0.25,3,3,TTACGTAATTCACAAGGTAC,0,5227742
yqjE_yqjK_yqjD_yqjC_predicted,0.25,3,3,TTACGGAAGAAGTATAGTTT,0,5244256
yqjE_yqjK_yqjD_yqjC_predicted,0.25,3,3,TTACCTGAGGTAGGCCAGGG,0,5194187
yqjE_yqjK_yqjD_yqjC_predicted,0.25,3,3,TTACCTCGTACATGACTGTT,0,5255911
yqjE_yqjK_yqjD_yqjC_predicted,0.25,3,3,TTACCGCCATGAACGTAGCA,0,5211553
yqjE_yqjK_yqjD_yqjC_predicted,0.25,3,3,TTACATTCGCTATTACGCCT,0,5189100
yqjE_yqjK_yqjD_yqjC_predicted,0.25,3,3,TTACATACAGCAGCTTCGAG,0,5194865
yqjE_yqjK_yqjD_yqjC_predicted,0.25,3,3,TTACAGTCAGACCGGCACTA,0,5176902
yqjE_yqjK_yqjD_yqjC_predicted,0.25,3,3,TTACAGGCAACGGTAAATTG,0,5175870
yqjE_yqjK_yqjD_yqjC_predicted,0.25,3,3,TTACAGAGAGTGAGTAGGGG,0,5253076
yqjE_yqjK_yqjD_yqjC_predicted,0.25,3,3,TTACAATCGATAATTCGCGC,0,5177029
yqjE_yqjK_yqjD_yqjC_predicted,0.25,3,3,TTAATTGGAGTGCCCCTAGA,0,5193299
yqjE_yqjK_yqjD_yqjC_predicted,0.25,3,3,TTAATACCGGGTGTTCTGGC,0,5233477
yqjE_yqjK_yqjD_yqjC_predicted,0.25,3,3,TTAAGTCGGAAAGGCCAAAC,0,5213300
yqjE_yqjK_yqjD_yqjC_predicted,0.25,3,3,TTAAGGAAGTTCAACGCTTG,0,5252351
yqjE_yqjK_yqjD_yqjC_predicted,0.25,3,3,TTAACTGAGAGGTTCGGATA,0,5194986
yqjE_yqjK_yqjD_yqjC_predicted,0.25,3,3,TTAACTAGAGGCATGTCGAT,0,5201177
yqjE_yqjK_yqjD_yqjC_predicted,0.25,3,3,TTAACTAGACTATCCCTGAA,0,5249095
yqjE_yqjK_yqjD_yqjC_predicted,0.25,3,3,TTAACGGCATGTGTTGCCGA,0,5209643
yqjE_yqjK_yqjD_yqjC_predicted,0.25,3,3,TTAACGGCAGTATCGCCCGG,0,5242729
yqjE_yqjK_yqjD_yqjC_predicted,0.25,3,3,TTAACATTAAGCCCGACGGT,0,5181723
yqjE_yqjK_yqjD_yqjC_predicted,0.25,3,3,TTAACAGTCCGCAATAATTG,0,5173909
yqjE_yqjK_yqjD_yqjC_predicted,0.25,3,3,TTAAATGGACTAAATAAACG,0,5225167
yqjE_yqjK_yqjD_yqjC_predicted,0.25,3,3,TTAAATAATTTTCGTTATAA,0,5179433
yqjE_yqjK_yqjD_yqjC_predicted,0.25,3,3,TTAAAGTAACTCGATCCACT,0,5260686
yqjE_yqjK_yqjD_yqjC_predicted,0.25,3,3,TTAAAGGTAGTTCGGCCGCA,0,5260307
yqjE_yqjK_yqjD_yqjC_predicted,0.25,3,3,TTAAAGACCTCGTCCGGTTC,0,5244275
yqjE_yqjK_yqjD_yqjC_predicted,0.25,3,3,TTAAAAGCTGGTATCATGTG,0,5258040
yqjE_yqjK_yqjD_yqjC_predicted,0.25,3,3,TGTTTGTAGTAATAACTTCA,0,5222801
yqjE_yqjK_yqjD_yqjC_predicted,0.25,3,3,TGTTTGAAGTCTCAATCCTA,0,5247708
yqjE_yqjK_yqjD_yqjC_predicted,0.25,3,3,TGTTTAATCCTGAGGCCAGC,0,5262219
yqjE_yqjK_yqjD_yqjC_predicted,0.25,3,3,TGTTGTAAGATATTCAATAA,0,5188396
yqjE_yqjK_yqjD_yqjC_predicted,0.25,3,3,TGTTGGGATATATGGCGAGT,0,5187680
yqjE_yqjK_yqjD_yqjC_predicted,0.25,3,3,TGTTCATTGGCAGGGGTTCT,0,5246491
yqjE_yqjK_yqjD_yqjC_predicted,0.25,3,3,TGTGGTTGCCATAACGCCGG,0,5203003
yqjE_yqjK_yqjD_yqjC_predicted,0.25,3,3,TGTGAGTACAGGGTAAGAGT,0,5205294
yqjE_yqjK_yqjD_yqjC_predicted,0.25,3,3,TGTGACGGCCGGGGTTATTT,0,5190057
yqjE_yqjK_yqjD_yqjC_predicted,0.25,3,3,TGTGAATATATTAATAATTT,0,5213565
yqjE_yqjK_yqjD_yqjC_predicted,0.25,3,3,TGTCTTTCCATTTTCTGGCC,0,5242367
yqjE_yqjK_yqjD_yqjC_predicted,0.25,3,3,TGTCTGGATTTATACACAGC,0,5227199
yqjE_yqjK_yqjD_yqjC_predicted,0.25,3,3,TGTCGCAGCGACGGATTTAG,0,5183346
yqjE_yqjK_yqjD_yqjC_predicted,0.25,3,3,TGTCGAATTCGCCCCGAAGT,0,5245545
yqjE_yqjK_yqjD_yqjC_predicted,0.25,3,3,TGTCCGACGCGGCGCCTAAT,0,5234233
yqjE_yqjK_yqjD_yqjC_predicted,0.25,3,3,TGTCATTTGTTATGCCTAGT,0,5230653
yqjE_yqjK_yqjD_yqjC_predicted,0.25,3,3,TGTCATTTCGAGGTATCAGC,0,5237528
yqjE_yqjK_yqjD_yqjC_predicted,0.25,3,3,TGTCATGTGATTGACATGTT,0,5184616
yqjE_yqjK_yqjD_yqjC_predicted,0.25,3,3,TGTCATCCTTCACCCCAGTA,0,5261414
yqjE_yqjK_yqjD_yqjC_predicted,0.25,3,3,TGTCAGTCCAGATTAGCATC,0,5219041
yqjE_yqjK_yqjD_yqjC_predicted,0.25,3,3,TGTCACGTGGTTCTGCCGTT,0,5244933
yqjE_yqjK_yqjD_yqjC_predicted,0.25,3,3,TGTATGTACAGCACGGGACA,0,5254503
yqjE_yqjK_yqjD_yqjC_predicted,0.25,3,3,TGTACTGCGAGGTCCACTAC,0,5184315
yqjE_yqjK_yqjD_yqjC_predicted,0.25,3,3,TGTACAATGAAACATATTAC,0,5221486
yqjE_yqjK_yqjD_yqjC_predicted,0.25,3,3,TGGTTTTCCGGACAGGTTAA,0,5207351
yqjE_yqjK_yqjD_yqjC_predicted,0.25,3,3,TGGTTGAAGGAAAGGCTAAT,0,5194128
yqjE_yqjK_yqjD_yqjC_predicted,0.25,3,3,TGGTTCGCCAATTGACCTGC,0,5232333
yqjE_yqjK_yqjD_yqjC_predicted,0.25,3,3,TGGTTATCCCAGTGCTCACA,0,5186071
yqjE_yqjK_yqjD_yqjC_predicted,0.25,3,3,TGGTGGCCCTTCGAACAGAT,0,5248952
yqjE_yqjK_yqjD_yqjC_predicted,0.25,3,3,TGGTGAATTGATATAGCAGG,0,5186929
yqjE_yqjK_yqjD_yqjC_predicted,0.25,3,3,TGGTCTCTCACCACGTCCAT,0,5206775
yqjE_yqjK_yqjD_yqjC_predicted,0.25,3,3,TGGTCTACGGAATTTGCGCT,0,5260796
yqjE_yqjK_yqjD_yqjC_predicted,0.25,3,3,TGGTCATTCCACGACTAGGA,0,5215984
yqjE_yqjK_yqjD_yqjC_predicted,0.25,3,3,TGGTATTTGTTTTTTCGTCT,0,5194203
yqjE_yqjK_yqjD_yqjC_predicted,0.25,3,3,TGGTACCAAGTGGTGCGTGT,0,5199067
yqjE_yqjK_yqjD_yqjC_predicted,0.25,3,3,TGGTAACCTCCATCCAGCAA,0,5171077
yqjE_yqjK_yqjD_yqjC_predicted,0.25,3,3,TGGGTTACATTCGGCTGCGG,0,5201139
yqjE_yqjK_yqjD_yqjC_predicted,0.25,3,3,TGGGTGGCGAGGGGGCTTCT,0,5233617
yqjE_yqjK_yqjD_yqjC_predicted,0.25,3,3,TGGGGTTTAATACGGCCAAA,0,5172574
yqjE_yqjK_yqjD_yqjC_predicted,0.25,3,3,TGGGGGGTTATACTATGTGC,0,5234080
yqjE_yqjK_yqjD_yqjC_predicted,0.25,3,3,TGGGGGCCGTACATGTTCGT,0,5226528
yqjE_yqjK_yqjD_yqjC_predicted,0.25,3,3,TGGGGCTCGAAAGTGAGTTG,0,5250118
yqjE_yqjK_yqjD_yqjC_predicted,0.25,3,3,TGGGGCTAATATGGTTTCTC,0,5181471
yqjE_yqjK_yqjD_yqjC_predicted,0.25,3,3,TGGGGCGGTTTAGGGTATAA,0,5210667
yqjE_yqjK_yqjD_yqjC_predicted,0.25,3,3,TGGGGAACATATTGGTTCAA,0,5243489
yqjE_yqjK_yqjD_yqjC_predicted,0.25,3,3,TGGGCTGTAGGGATTTCGGG,0,5253232
yqjE_yqjK_yqjD_yqjC_predicted,0.25,3,3,TGGGCTACATTCAGACGCTA,0,5215985
yqjE_yqjK_yqjD_yqjC_predicted,0.25,3,3,TGGGCGGCTAAGTAGACGCA,0,5237150
yqjE_yqjK_yqjD_yqjC_predicted,0.25,3,3,TGGCTCGTCGTCCTACGTTC,0,5172355
yqjE_yqjK_yqjD_yqjC_predicted,0.25,3,3,TGGCTCCGGGTAGTAGAGGG,0,5253736
yqjE_yqjK_yqjD_yqjC_predicted,0.25,3,3,TGGCTAACACGAGGCTGCGC,0,5223981
yqjE_yqjK_yqjD_yqjC_predicted,0.25,3,3,TGGCGATCGAGGTCTCCGAT,0,5217326
yqjE_yqjK_yqjD_yqjC_predicted,0.25,3,3,TGGCGAGTCTCCCGCGACAA,0,5200589
yqjE_yqjK_yqjD_yqjC_predicted,0.25,3,3,TGGCCGCGTTCAATCGGTGT,0,5259324
yqjE_yqjK_yqjD_yqjC_predicted,0.25,3,3,TGGCCCCGCAACACATTGCG,0,5201834
yqjE_yqjK_yqjD_yqjC_predicted,0.25,3,3,TGGCCATGAGTTGGTCAACC,0,5244430
yqjE_yqjK_yqjD_yqjC_predicted,0.25,3,3,TGGCCACCCTCCGGCGGCTC,0,5235881
yqjE_yqjK_yqjD_yqjC_predicted,0.25,3,3,TGGCATCCAATGGTAAGTCA,0,5259071
yqjE_yqjK_yqjD_yqjC_predicted,0.25,3,3,TGGCACTTTCCTCGACCTTT,0,5246239
yqjE_yqjK_yqjD_yqjC_predicted,0.25,3,3,TGGCACTAAATAGTCTTCTA,0,5174746
yqjE_yqjK_yqjD_yqjC_predicted,0.25,3,3,TGGATTCGCCAGCGAAAGGG,0,5210669
yqjE_yqjK_yqjD_yqjC_predicted,0.25,3,3,TGGATCGTTATCCACACTTT,0,5255447
yqjE_yqjK_yqjD_yqjC_predicted,0.25,3,3,TGGATCACTCAGTGATGTAC,0,5203035
yqjE_yqjK_yqjD_yqjC_predicted,0.25,3,3,TGGATATTCGTTCTGCGAAT,0,5259263
yqjE_yqjK_yqjD_yqjC_predicted,0.25,3,3,TGGATACCCAATGATATACC,0,5184246
yqjE_yqjK_yqjD_yqjC_predicted,0.25,3,3,TGGAGGACGGTAATGACGGA,0,5226307
yqjE_yqjK_yqjD_yqjC_predicted,0.25,3,3,TGGAGCTTGATACACTACCA,0,5171632
yqjE_yqjK_yqjD_yqjC_predicted,0.25,3,3,TGGAGATGCATGTGGGATGC,0,5241327
yqjE_yqjK_yqjD_yqjC_predicted,0.25,3,3,TGGACCAAGATAGATACCTC,0,5219267
yqjE_yqjK_yqjD_yqjC_predicted,0.25,3,3,TGGAACGCACTGGTATATGG,0,5183800
yqjE_yqjK_yqjD_yqjC_predicted,0.25,3,3,TGGAAAGTCTCCCGGGTAAA,0,5222847
yqjE_yqjK_yqjD_yqjC_predicted,0.25,3,3,TGCTTCCCACATCCTCGTCT,0,5260509
yqjE_yqjK_yqjD_yqjC_predicted,0.25,3,3,TGCTTAGTCCGGAAAATGTC,0,5243496
yqjE_yqjK_yqjD_yqjC_predicted,0.25,3,3,TGCTGAAACAGGCTCGGCTG,0,5228200
yqjE_yqjK_yqjD_yqjC_predicted,0.25,3,3,TGCTCTTATGGTCATTAGAG,0,5223219
yqjE_yqjK_yqjD_yqjC_predicted,0.25,3,3,TGCTCGTTGATTGATCGTAA,0,5190715
yqjE_yqjK_yqjD_yqjC_predicted,0.25,3,3,TGCTATGGGGACTTATTCTA,0,5248842
yqjE_yqjK_yqjD_yqjC_predicted,0.25,3,3,TGCTAGTGGGCTAAGGCCTG,0,5199127
yqjE_yqjK_yqjD_yqjC_predicted,0.25,3,3,TGCTAGGTTGCTACAACGCC,0,5192268
yqjE_yqjK_yqjD_yqjC_predicted,0.25,3,3,TGCTAGGCTGTAACTGGCTA,0,5203047
yqjE_yqjK_yqjD_yqjC_predicted,0.25,3,3,TGCTAGAGGCCTTCTCAGAC,0,5172352
yqjE_yqjK_yqjD_yqjC_predicted,0.25,3,3,TGCGTGCGGAAGGGCATGCA,0,5218867
yqjE_yqjK_yqjD_yqjC_predicted,0.25,3,3,TGCGTCGTCCATGGCTAGGG,0,5208436
yqjE_yqjK_yqjD_yqjC_predicted,0.25,3,3,TGCGTCGCTTGTTGCATACT,0,5206924
yqjE_yqjK_yqjD_yqjC_predicted,0.25,3,3,TGCGTACTTGGTCTCGCAAA,0,5253444
yqjE_yqjK_yqjD_yqjC_predicted,0.25,3,3,TGCGTACGCCCGGTTTCGGG,0,5217230
yqjE_yqjK_yqjD_yqjC_predicted,0.25,3,3,TGCGGAAATCAAGGTTAACG,0,5217755
yqjE_yqjK_yqjD_yqjC_predicted,0.25,3,3,TGCGCTATACAACGCGTCAG,0,5255714
yqjE_yqjK_yqjD_yqjC_predicted,0.25,3,3,TGCGCGTGTAGTTCAAACCA,0,5205429
yqjE_yqjK_yqjD_yqjC_predicted,0.25,3,3,TGCGCGGCTATGCTGAGGAA,0,5254930
yqjE_yqjK_yqjD_yqjC_predicted,0.25,3,3,TGCGAGAATCCAACCCGACG,0,5215056
yqjE_yqjK_yqjD_yqjC_predicted,0.25,3,3,TGCGAACCGCAGTTGTTGGT,0,5216977
yqjE_yqjK_yqjD_yqjC_predicted,0.25,3,3,TGCCGGAGGCCAGCTCTAAG,0,5255088
yqjE_yqjK_yqjD_yqjC_predicted,0.25,3,3,TGCCCATAAAGGCTAACGGC,0,5259709
yqjE_yqjK_yqjD_yqjC_predicted,0.25,3,3,TGCCACCCAATTCAGTCTAT,0,5187946
yqjE_yqjK_yqjD_yqjC_predicted,0.25,3,3,TGCCAAAAGTCTAATCGCCC,0,5185532
yqjE_yqjK_yqjD_yqjC_predicted,0.25,3,3,TGCATTAGCCGCTTATGGGG,0,5243832
yqjE_yqjK_yqjD_yqjC_predicted,0.25,3,3,TGCATACGCCCAACATCTGA,0,5258300
yqjE_yqjK_yqjD_yqjC_predicted,0.25,3,3,TGCAGCCCAAAGAATCTTTC,0,5220881
yqjE_yqjK_yqjD_yqjC_predicted,0.25,3,3,TGCAGCATCACTTTGACGAT,0,5192738
yqjE_yqjK_yqjD_yqjC_predicted,0.25,3,3,TGCACATCTAAAGGAGCTGA,0,5214365
yqjE_yqjK_yqjD_yqjC_predicted,0.25,3,3,TGCAATTTCTCGTGAACGCT,0,5209670
yqjE_yqjK_yqjD_yqjC_predicted,0.25,3,3,TGCAAGATGACATATGGCGA,0,5246496
yqjE_yqjK_yqjD_yqjC_predicted,0.25,3,3,TGCAAGAACGTATGGCGGTG,0,5208928
yqjE_yqjK_yqjD_yqjC_predicted,0.25,3,3,TGATTCGGCACGCGCATCGC,0,5224749
yqjE_yqjK_yqjD_yqjC_predicted,0.25,3,3,TGATTCCATATAAAAGAGAG,0,5196219
yqjE_yqjK_yqjD_yqjC_predicted,0.25,3,3,TGATTCATGAATATCGCAGA,0,5211575
yqjE_yqjK_yqjD_yqjC_predicted,0.25,3,3,TGATTACGCGATAATTCCTA,0,5217717
yqjE_yqjK_yqjD_yqjC_predicted,0.25,3,3,TGATTACAGTAATTCCTGGG,0,5222568
yqjE_yqjK_yqjD_yqjC_predicted,0.25,3,3,TGATGTCTACTACTGGCCAG,0,5243485
yqjE_yqjK_yqjD_yqjC_predicted,0.25,3,3,TGATGGTTGGACCCGTCGGC,0,5226055
yqjE_yqjK_yqjD_yqjC_predicted,0.25,3,3,TGATGGAAGCATTCGCCTCA,0,5210379
yqjE_yqjK_yqjD_yqjC_predicted,0.25,3,3,TGATCTTTCAATTTGAGAGG,0,5173722
yqjE_yqjK_yqjD_yqjC_predicted,0.25,3,3,TGATCTCTGGAACGAATCGT,0,5222787
yqjE_yqjK_yqjD_yqjC_predicted,0.25,3,3,TGATCGCGTGGAAATCCCAA,0,5172921
yqjE_yqjK_yqjD_yqjC_predicted,0.25,3,3,TGATATTACTTTTCTAGGCA,0,5238623
yqjE_yqjK_yqjD_yqjC_predicted,0.25,3,3,TGATAGTAACGGGGTAGGCA,0,5194724
yqjE_yqjK_yqjD_yqjC_predicted,0.25,3,3,TGATAATAGGTAACAAGAGC,0,5231560
yqjE_yqjK_yqjD_yqjC_predicted,0.25,3,3,TGATAACTCCGAGCCGGTGC,0,5205895
yqjE_yqjK_yqjD_yqjC_predicted,0.25,3,3,TGAGGATCACAGCTTGTGTA,0,5251328
yqjE_yqjK_yqjD_yqjC_predicted,0.25,3,3,TGAGGAGGGTGTCATCTTTA,0,5241771
yqjE_yqjK_yqjD_yqjC_predicted,0.25,3,3,TGAGCTTAAGCCAGGAGTAC,0,5240448
yqjE_yqjK_yqjD_yqjC_predicted,0.25,3,3,TGAGCTGTTAGGTTCAACGT,0,5240797
yqjE_yqjK_yqjD_yqjC_predicted,0.25,3,3,TGAGATAGCCTCGGGCTCAA,0,5242816
yqjE_yqjK_yqjD_yqjC_predicted,0.25,3,3,TGAGAGGTACAATGCGCATG,0,5209078
yqjE_yqjK_yqjD_yqjC_predicted,0.25,3,3,TGAGAATCTGTTGGCCATGC,0,5223162
yqjE_yqjK_yqjD_yqjC_predicted,0.25,3,3,TGAGAAATCGCGCGAATTGA,0,5209651
yqjE_yqjK_yqjD_yqjC_predicted,0.25,3,3,TGACTGTGATCTTCGACTAT,0,5262418
yqjE_yqjK_yqjD_yqjC_predicted,0.25,3,3,TGACTGCGGTTGGTCCACGA,0,5206254
yqjE_yqjK_yqjD_yqjC_predicted,0.25,3,3,TGACGTCAGTCCGGGGGGGG,0,5198410
yqjE_yqjK_yqjD_yqjC_predicted,0.25,3,3,TGACCATCGGTTGACAAACC,0,5258787
yqjE_yqjK_yqjD_yqjC_predicted,0.25,3,3,TGACATGTGAGCCTACACGA,0,5225168
yqjE_yqjK_yqjD_yqjC_predicted,0.25,3,3,TGACATGACGATCACAGTGT,0,5230577
yqjE_yqjK_yqjD_yqjC_predicted,0.25,3,3,TGACACTTAATGGGTTCGCC,0,5257573
yqjE_yqjK_yqjD_yqjC_predicted,0.25,3,3,TGAATATATACTGCGCTTGG,0,5174348
yqjE_yqjK_yqjD_yqjC_predicted,0.25,3,3,TGAAGTTGCCTACCTCGATT,0,5204025
yqjE_yqjK_yqjD_yqjC_predicted,0.25,3,3,TGAAGTAGAGCATCGTGGAA,0,5226304
yqjE_yqjK_yqjD_yqjC_predicted,0.25,3,3,TGAAGGTAGGAGGGCATGCT,0,5200789
yqjE_yqjK_yqjD_yqjC_predicted,0.25,3,3,TGAAGATCCCGTATCCCCAA,0,5186384
yqjE_yqjK_yqjD_yqjC_predicted,0.25,3,3,TGAACTTAACTACGGAACTC,0,5184407
yqjE_yqjK_yqjD_yqjC_predicted,0.25,3,3,TGAACGGGTATGTGGCCAAA,0,5253260
yqjE_yqjK_yqjD_yqjC_predicted,0.25,3,3,TGAACGAGGCCATTATGCCC,0,5184945
yqjE_yqjK_yqjD_yqjC_predicted,0.25,3,3,TGAAATGGCTTATAACACCC,0,5194633
yqjE_yqjK_yqjD_yqjC_predicted,0.25,3,3,TGAAATAGTTAATGGTACAA,0,5204910
yqjE_yqjK_yqjD_yqjC_predicted,0.25,3,3,TCTTTGGTAGATTGCAACTT,0,5236783
yqjE_yqjK_yqjD_yqjC_predicted,0.25,3,3,TCTTCGGATAGTTTAGATAA,0,5174408
yqjE_yqjK_yqjD_yqjC_predicted,0.25,3,3,TCTTCGACCCAGTGTCACAT,0,5219807
yqjE_yqjK_yqjD_yqjC_predicted,0.25,3,3,TCTTAGTGGTGTAAGTGTGT,0,5232706
yqjE_yqjK_yqjD_yqjC_predicted,0.25,3,3,TCTTACACACGCCTACTTAT,0,5224892
yqjE_yqjK_yqjD_yqjC_predicted,0.25,3,3,TCTTAACTCGCTGACTGGGT,0,5232692
yqjE_yqjK_yqjD_yqjC_predicted,0.25,3,3,TCTGGGGGGGGTGATGTCAG,0,5204206
yqjE_yqjK_yqjD_yqjC_predicted,0.25,3,3,TCTGGCCGTGAATCGAACAA,0,5229753
yqjE_yqjK_yqjD_yqjC_predicted,0.25,3,3,TCTGCTAAACGCGGAAGAGT,0,5182805
yqjE_yqjK_yqjD_yqjC_predicted,0.25,3,3,TCTGCATGAGTTAAACAGGA,0,5226998
yqjE_yqjK_yqjD_yqjC_predicted,0.25,3,3,TCTGCAGAATCTAAGCCGTA,0,5261602
yqjE_yqjK_yqjD_yqjC_predicted,0.25,3,3,TCTGACTGGTGGAACATTGT,0,5242860
yqjE_yqjK_yqjD_yqjC_predicted,0.25,3,3,TCTCTGTGACCTCTAGCGCA,0,5225528
yqjE_yqjK_yqjD_yqjC_predicted,0.25,3,3,TCTCGTGCTCAAGCGCATCT,0,5181866
yqjE_yqjK_yqjD_yqjC_predicted,0.25,3,3,TCTCGTACCTGGGCCTTCCA,0,5179597
yqjE_yqjK_yqjD_yqjC_predicted,0.25,3,3,TCTCCCTGTATTAACATATG,0,5202738
yqjE_yqjK_yqjD_yqjC_predicted,0.25,3,3,TCTCCCGGTAAGGCACTAAC,0,5215876
yqjE_yqjK_yqjD_yqjC_predicted,0.25,3,3,TCTCAGGGGATCGATGAAGT,0,5175233
yqjE_yqjK_yqjD_yqjC_predicted,0.25,3,3,TCTCACTGTAAGGGGCATTA,0,5259055
yqjE_yqjK_yqjD_yqjC_predicted,0.25,3,3,TCTCACGGTTATCGATGACA,0,5192023
yqjE_yqjK_yqjD_yqjC_predicted,0.25,3,3,TCTCACCATAAACGCAACAC,0,5262142
yqjE_yqjK_yqjD_yqjC_predicted,0.25,3,3,TCTCACAAAACCAGATGTCT,0,5212534
yqjE_yqjK_yqjD_yqjC_predicted,0.25,3,3,TCTCAAGATAGAGAGATTCA,0,5228654
yqjE_yqjK_yqjD_yqjC_predicted,0.25,3,3,TCTATAGGTGAGTTCCTTCA,0,5199441
yqjE_yqjK_yqjD_yqjC_predicted,0.25,3,3,TCTAGGTTTGATAACTTTAA,0,5248476
yqjE_yqjK_yqjD_yqjC_predicted,0.25,3,3,TCTAGCAGGATGAATGGCAG,0,5200796
yqjE_yqjK_yqjD_yqjC_predicted,0.25,3,3,TCTAGCAGAGGCCAGAATAC,0,5193378
yqjE_yqjK_yqjD_yqjC_predicted,0.25,3,3,TCTACTCAGACGTCTGGAAT,0,5191653
yqjE_yqjK_yqjD_yqjC_predicted,0.25,3,3,TCTAATTTTCGATTTGATTC,0,5202830
yqjE_yqjK_yqjD_yqjC_predicted,0.25,3,3,TCTAATTGAGCCTGGGATAC,0,5236376
yqjE_yqjK_yqjD_yqjC_predicted,0.25,3,3,TCTAACTTTGTATCGTCGCA,0,5178439
yqjE_yqjK_yqjD_yqjC_predicted,0.25,3,3,TCTAAATGCTAGAGCGTCTC,0,5217701
yqjE_yqjK_yqjD_yqjC_predicted,0.25,3,3,TCGTTTGCGGACGGGATTAG,0,5238645
yqjE_yqjK_yqjD_yqjC_predicted,0.25,3,3,TCGTTGATCTATAGTTAACC,0,5256184
yqjE_yqjK_yqjD_yqjC_predicted,0.25,3,3,TCGTTATAGGGAGCGAGCCC,0,5219644
yqjE_yqjK_yqjD_yqjC_predicted,0.25,3,3,TCGTTAGTGAAGCAACTAGC,0,5253148
yqjE_yqjK_yqjD_yqjC_predicted,0.25,3,3,TCGTGTAGGTGGTGGTAGGT,0,5200202
yqjE_yqjK_yqjD_yqjC_predicted,0.25,3,3,TCGTCGCTGTATCCTGTATT,0,5243772
yqjE_yqjK_yqjD_yqjC_predicted,0.25,3,3,TCGTCCGCGCCTAGTCCCTT,0,5254310
yqjE_yqjK_yqjD_yqjC_predicted,0.25,3,3,TCGTCAAAAGGCCAGTTCCC,0,5210380
yqjE_yqjK_yqjD_yqjC_predicted,0.25,3,3,TCGTAGGAGACTATCCATCT,0,5235195
yqjE_yqjK_yqjD_yqjC_predicted,0.25,3,3,TCGGGTTATCGCACCTAGAC,0,5187247
yqjE_yqjK_yqjD_yqjC_predicted,0.25,3,3,TCGGGTGGAGCTCCTACGCT,0,5257050
yqjE_yqjK_yqjD_yqjC_predicted,0.25,3,3,TCGGGAGTATGGGCAAAAGT,0,5255813
yqjE_yqjK_yqjD_yqjC_predicted,0.25,3,3,TCGGCTGTGCGGACTCCTGC,0,5218955
yqjE_yqjK_yqjD_yqjC_predicted,0.25,3,3,TCGGCTGCTTTTAAACGATT,0,5231072
yqjE_yqjK_yqjD_yqjC_predicted,0.25,3,3,TCGGCGCCGACACAAAATGT,0,5260642
yqjE_yqjK_yqjD_yqjC_predicted,0.25,3,3,TCGGAGCTCGAGGCGCACGC,0,5231827
yqjE_yqjK_yqjD_yqjC_predicted,0.25,3,3,TCGGACAACCTCGAGTCTTT,0,5207682
yqjE_yqjK_yqjD_yqjC_predicted,0.25,3,3,TCGCTGAAAGGAGAACTGTA,0,5210841
yqjE_yqjK_yqjD_yqjC_predicted,0.25,3,3,TCGCGTCTGGTCGCCTTTCA,0,5211939
yqjE_yqjK_yqjD_yqjC_predicted,0.25,3,3,TCGCGTCCGTTTTGACTTCA,0,5220705
yqjE_yqjK_yqjD_yqjC_predicted,0.25,3,3,TCGCGGTATACGACCCTCAC,0,5173798
yqjE_yqjK_yqjD_yqjC_predicted,0.25,3,3,TCGCGGACGGCTGCAATAGT,0,5258619
yqjE_yqjK_yqjD_yqjC_predicted,0.25,3,3,TCGCGCTGGGCGAAGTTCAA,0,5258990
yqjE_yqjK_yqjD_yqjC_predicted,0.25,3,3,TCGCGCCAGTTTTGGACGGA,0,5233595
yqjE_yqjK_yqjD_yqjC_predicted,0.25,3,3,TCGCCGGTCGTCGTGTAATC,0,5200994
yqjE_yqjK_yqjD_yqjC_predicted,0.25,3,3,TCGCATCTAGAGTGGTACGT,0,5170847
yqjE_yqjK_yqjD_yqjC_predicted,0.25,3,3,TCGCAAGTTAAAATCTAGGA,0,5239670
yqjE_yqjK_yqjD_yqjC_predicted,0.25,3,3,TCGCAAGTACCCAGAAAGAA,0,5244590
yqjE_yqjK_yqjD_yqjC_predicted,0.25,3,3,TCGATAGGTGCTAGTTGTCT,0,5214237
yqjE_yqjK_yqjD_yqjC_predicted,0.25,3,3,TCGAGCTGGCCAGAGAATTG,0,5221472
yqjE_yqjK_yqjD_yqjC_predicted,0.25,3,3,TCGAGCAGCTCCGCCCTTTG,0,5201193
yqjE_yqjK_yqjD_yqjC_predicted,0.25,3,3,TCGACCTTCGACATAATACT,0,5193323
yqjE_yqjK_yqjD_yqjC_predicted,0.25,3,3,TCGAAGCGTAGACCATCGTA,0,5235427
yqjE_yqjK_yqjD_yqjC_predicted,0.25,3,3,TCGAAGATGAGGTAGATGAT,0,5204235
yqjE_yqjK_yqjD_yqjC_predicted,0.25,3,3,TCGAACGTCTGCCAACTCGA,0,5246890
yqjE_yqjK_yqjD_yqjC_predicted,0.25,3,3,TCCTTATCAAGGTAGGGATT,0,5232777
yqjE_yqjK_yqjD_yqjC_predicted,0.25,3,3,TCCTTATAAATGCGCTCGGA,0,5177344
yqjE_yqjK_yqjD_yqjC_predicted,0.25,3,3,TCCTGCTCCAATGCTTATTC,0,5243534
yqjE_yqjK_yqjD_yqjC_predicted,0.25,3,3,TCCTAATGCTTACGGTATTC,0,5239804
yqjE_yqjK_yqjD_yqjC_predicted,0.25,3,3,TCCGTGACTGCAGCAAAATG,0,5228248
yqjE_yqjK_yqjD_yqjC_predicted,0.25,3,3,TCCGTAATGTCCGAGCACAC,0,5197206
yqjE_yqjK_yqjD_yqjC_predicted,0.25,3,3,TCCGGTGCTCGGATCAGATG,0,5227066
yqjE_yqjK_yqjD_yqjC_predicted,0.25,3,3,TCCGGAACTACACGACGCGG,0,5250424
yqjE_yqjK_yqjD_yqjC_predicted,0.25,3,3,TCCGCCTCAGCAGGCACGGC,0,5202370
yqjE_yqjK_yqjD_yqjC_predicted,0.25,3,3,TCCGCCGCAATCAGAACCAT,0,5175258
yqjE_yqjK_yqjD_yqjC_predicted,0.25,3,3,TCCGCACGGATGTATTGCTC,0,5192105
yqjE_yqjK_yqjD_yqjC_predicted,0.25,3,3,TCCGAGCTCCCGGAGTTATA,0,5186895
yqjE_yqjK_yqjD_yqjC_predicted,0.25,3,3,TCCGAGAATGGGTAACGCAG,0,5218083
yqjE_yqjK_yqjD_yqjC_predicted,0.25,3,3,TCCGACGGATTACACATCAC,0,5190935
yqjE_yqjK_yqjD_yqjC_predicted,0.25,3,3,TCCGACCGCCCCACGCGAGC,0,5212578
yqjE_yqjK_yqjD_yqjC_predicted,0.25,3,3,TCCCTGTTTAAAACGGGCCT,0,5226400
yqjE_yqjK_yqjD_yqjC_predicted,0.25,3,3,TCCCTGCACATGAGGTATCA,0,5244320
yqjE_yqjK_yqjD_yqjC_predicted,0.25,3,3,TCCCGGCACTATGAGCTACA,0,5239272
yqjE_yqjK_yqjD_yqjC_predicted,0.25,3,3,TCCCGCAGTCAACTTAAGCC,0,5209685
yqjE_yqjK_yqjD_yqjC_predicted,0.25,3,3,TCCCCTCTCCAATGAATAGT,0,5226750
yqjE_yqjK_yqjD_yqjC_predicted,0.25,3,3,TCCCCTACCTGAGGCTCATA,0,5171228
yqjE_yqjK_yqjD_yqjC_predicted,0.25,3,3,TCCCCCACAAAGGCCAGACT,0,5249001
yqjE_yqjK_yqjD_yqjC_predicted,0.25,3,3,TCCCATGGGATTAACCAATT,0,5227741
yqjE_yqjK_yqjD_yqjC_predicted,0.25,3,3,TCCCAGTTGCTTCAGTGTCA,0,5251119
yqjE_yqjK_yqjD_yqjC_predicted,0.25,3,3,TCCCACCCGGGAATCTCCCA,0,5216398
yqjE_yqjK_yqjD_yqjC_predicted,0.25,3,3,TCCCAAAAATCACTCCGAAT,0,5214877
yqjE_yqjK_yqjD_yqjC_predicted,0.25,3,3,TCCATTGATTCTCAACAGCA,0,5236981
yqjE_yqjK_yqjD_yqjC_predicted,0.25,3,3,TCCATGACTTGTATTGTACC,0,5182352
yqjE_yqjK_yqjD_yqjC_predicted,0.25,3,3,TCCATCAAGGCGTGTTGGCT,0,5233564
yqjE_yqjK_yqjD_yqjC_predicted,0.25,3,3,TCCATATTATTCTTGTAAGA,0,5253908
yqjE_yqjK_yqjD_yqjC_predicted,0.25,3,3,TCCATACCTTTGCCGTCGAA,0,5198758
yqjE_yqjK_yqjD_yqjC_predicted,0.25,3,3,TCCAGTTACCCAGGCAAGAT,0,5251150
yqjE_yqjK_yqjD_yqjC_predicted,0.25,3,3,TCCAGGCTTCCATTTAGGCC,0,5185016
yqjE_yqjK_yqjD_yqjC_predicted,0.25,3,3,TCCAGCTTGGTGGTGAGCGG,0,5232767
yqjE_yqjK_yqjD_yqjC_predicted,0.25,3,3,TCCACTCAGAAATTCGCCCC,0,5257687
yqjE_yqjK_yqjD_yqjC_predicted,0.25,3,3,TCCACGGGCAGGGTCGGCCC,0,5217001
yqjE_yqjK_yqjD_yqjC_predicted,0.25,3,3,TCCACCGCTTGAACTTGTGG,0,5253474
yqjE_yqjK_yqjD_yqjC_predicted,0.25,3,3,TCCAACCACAACCCATAAGG,0,5192618
yqjE_yqjK_yqjD_yqjC_predicted,0.25,3,3,TCATGGTGTGCCACGTGCAT,0,5226522
yqjE_yqjK_yqjD_yqjC_predicted,0.25,3,3,TCATGCTAGTGACCGCCCAA,0,5224579
yqjE_yqjK_yqjD_yqjC_predicted,0.25,3,3,TCATGCCGCAGAAGCTGGAC,0,5185673
yqjE_yqjK_yqjD_yqjC_predicted,0.25,3,3,TCATGCCAATGAGTGATACT,0,5221456
yqjE_yqjK_yqjD_yqjC_predicted,0.25,3,3,TCATGAACTTAAAAATTATG,0,5247105
yqjE_yqjK_yqjD_yqjC_predicted,0.25,3,3,TCATAGATCAGAGTGGGAGC,0,5203623
yqjE_yqjK_yqjD_yqjC_predicted,0.25,3,3,TCATAGAGTGTATCGGCCGA,0,5250139
yqjE_yqjK_yqjD_yqjC_predicted,0.25,3,3,TCATACCTCACAGGAAGACG,0,5214570
yqjE_yqjK_yqjD_yqjC_predicted,0.25,3,3,TCAGTGAACGGCTAACGTTT,0,5245205
yqjE_yqjK_yqjD_yqjC_predicted,0.25,3,3,TCAGGTGCCGCAACGTATCC,0,5237985
yqjE_yqjK_yqjD_yqjC_predicted,0.25,3,3,TCAGGCTCCTTGTGCGTGGT,0,5207783
yqjE_yqjK_yqjD_yqjC_predicted,0.25,3,3,TCAGGCGTTGCATGTAGCAG,0,5199223
yqjE_yqjK_yqjD_yqjC_predicted,0.25,3,3,TCAGGAAACAGCCCTGGGAC,0,5234765
yqjE_yqjK_yqjD_yqjC_predicted,0.25,3,3,TCAGCTGCTTTAAACGGTAG,0,5229930
yqjE_yqjK_yqjD_yqjC_predicted,0.25,3,3,TCAGCGGAGTACCGATCTTA,0,5224673
yqjE_yqjK_yqjD_yqjC_predicted,0.25,3,3,TCAGCGAAGAGTCGTTTGTC,0,5251452
yqjE_yqjK_yqjD_yqjC_predicted,0.25,3,3,TCAGAGCATTGCAAACTATA,0,5175332
yqjE_yqjK_yqjD_yqjC_predicted,0.25,3,3,TCAGACGGCAACAGACATCA,0,5223879
yqjE_yqjK_yqjD_yqjC_predicted,0.25,3,3,TCAGAATCACTGTGCATTTG,0,5255987
yqjE_yqjK_yqjD_yqjC_predicted,0.25,3,3,TCACGCGATAAAACATCAGT,0,5246747
yqjE_yqjK_yqjD_yqjC_predicted,0.25,3,3,TCACCGGGTTAGGCGGGGCT,0,5220748
yqjE_yqjK_yqjD_yqjC_predicted,0.25,3,3,TCACCAGCCAGGCTGATTAC,0,5257432
yqjE_yqjK_yqjD_yqjC_predicted,0.25,3,3,TCACATTAAAGGCTAAATAA,0,5247506
yqjE_yqjK_yqjD_yqjC_predicted,0.25,3,3,TCACAGGCTAGACAGTCCGC,0,5191847
yqjE_yqjK_yqjD_yqjC_predicted,0.25,3,3,TCAATGACATATAATTCTCA,0,5184178
yqjE_yqjK_yqjD_yqjC_predicted,0.25,3,3,TCAATCAATCAAGCGACCGA,0,5184431
yqjE_yqjK_yqjD_yqjC_predicted,0.25,3,3,TCAATATGTATTTATTGTCT,0,5243860
yqjE_yqjK_yqjD_yqjC_predicted,0.25,3,3,TCAAGGGTCCTATGCCGTCC,0,5224559
yqjE_yqjK_yqjD_yqjC_predicted,0.25,3,3,TCAACCACGGCGGTACTCCC,0,5182261
yqjE_yqjK_yqjD_yqjC_predicted,0.25,3,3,TCAAATCGTCTCTTTGCATG,0,5177702
yqjE_yqjK_yqjD_yqjC_predicted,0.25,3,3,TCAAATCCCCATATAGGTGC,0,5204552
yqjE_yqjK_yqjD_yqjC_predicted,0.25,3,3,TCAAAGACAGTACTTGTTAG,0,5179233
yqjE_yqjK_yqjD_yqjC_predicted,0.25,3,3,TATTTTTGTGGGCAACAAGA,0,5237306
yqjE_yqjK_yqjD_yqjC_predicted,0.25,3,3,TATTGTATAGAATAAAGGGA,0,5192314
yqjE_yqjK_yqjD_yqjC_predicted,0.25,3,3,TATTGGACGTGGCGACAGGG,0,5261929
yqjE_yqjK_yqjD_yqjC_predicted,0.25,3,3,TATTCGGAATGACGCACTGT,0,5248022
yqjE_yqjK_yqjD_yqjC_predicted,0.25,3,3,TATGTCTTTGCGCTGCCCAA,0,5170808
yqjE_yqjK_yqjD_yqjC_predicted,0.25,3,3,TATGGGTTCTGACAGTACGA,0,5227901
yqjE_yqjK_yqjD_yqjC_predicted,0.25,3,3,TATGGCACTCAAAATCATTG,0,5193548
yqjE_yqjK_yqjD_yqjC_predicted,0.25,3,3,TATGGATCGTAGTATGCTGG,0,5198556
yqjE_yqjK_yqjD_yqjC_predicted,0.25,3,3,TATGCGTGCCCGCATATCGT,0,5178422
yqjE_yqjK_yqjD_yqjC_predicted,0.25,3,3,TATGAATCGTTTCCGGTGCC,0,5251673
yqjE_yqjK_yqjD_yqjC_predicted,0.25,3,3,TATGAACTTACGTTGCGTTA,0,5259764
yqjE_yqjK_yqjD_yqjC_predicted,0.25,3,3,TATCTGGTGCCGACATTTCG,0,5187106
yqjE_yqjK_yqjD_yqjC_predicted,0.25,3,3,TATCTATAGTTGGTAGGTGT,0,5209942
yqjE_yqjK_yqjD_yqjC_predicted,0.25,3,3,TATCTAAATAGTTCGAGTAT,0,5208430
yqjE_yqjK_yqjD_yqjC_predicted,0.25,3,3,TATCGTTCGACATGATTCAT,0,5197347
yqjE_yqjK_yqjD_yqjC_predicted,0.25,3,3,TATCGAAACGGCCACGCTGT,0,5210005
yqjE_yqjK_yqjD_yqjC_predicted,0.25,3,3,TATCATCAGGAGGCACCTCT,0,5197059
yqjE_yqjK_yqjD_yqjC_predicted,0.25,3,3,TATCACATATTCGGTATTTG,0,5219665
yqjE_yqjK_yqjD_yqjC_predicted,0.25,3,3,TATCAAATGTTTGGTAAAAT,0,5194300
yqjE_yqjK_yqjD_yqjC_predicted,0.25,3,3,TATATTTGCCGCGCATATTT,0,5240487
yqjE_yqjK_yqjD_yqjC_predicted,0.25,3,3,TATATGCGGCGTGGCCCCAC,0,5209029
yqjE_yqjK_yqjD_yqjC_predicted,0.25,3,3,TATATCGAAACGCTATAGAA,0,5176843
yqjE_yqjK_yqjD_yqjC_predicted,0.25,3,3,TATAGCCCAAGGCGGTGTTA,0,5186472
yqjE_yqjK_yqjD_yqjC_predicted,0.25,3,3,TATAGAATTGCACTTTAAAT,0,5202257
yqjE_yqjK_yqjD_yqjC_predicted,0.25,3,3,TATACTAGCTCTACTGGTAT,0,5182816
yqjE_yqjK_yqjD_yqjC_predicted,0.25,3,3,TATACGGTAGCACATTAGGT,0,5186481
yqjE_yqjK_yqjD_yqjC_predicted,0.25,3,3,TATACATAGGACCTAGAGAG,0,5202164
yqjE_yqjK_yqjD_yqjC_predicted,0.25,3,3,TAGGTGCTTCGGACTAGGTT,0,5221773
yqjE_yqjK_yqjD_yqjC_predicted,0.25,3,3,TAGGTATAGCCAGAATGGTG,0,5222015
yqjE_yqjK_yqjD_yqjC_predicted,0.25,3,3,TAGGGATCCCGTGTGCCGCG,0,5252026
yqjE_yqjK_yqjD_yqjC_predicted,0.25,3,3,TAGGGAGACGTTCTAGTTAA,0,5203845
yqjE_yqjK_yqjD_yqjC_predicted,0.25,3,3,TAGGGACGTTCGTTCGCATG,0,5177305
yqjE_yqjK_yqjD_yqjC_predicted,0.25,3,3,TAGGCTATCGCAAGTATTTG,0,5247977
yqjE_yqjK_yqjD_yqjC_predicted,0.25,3,3,TAGGAGGGTTTCTGAGCAGC,0,5218575
yqjE_yqjK_yqjD_yqjC_predicted,0.25,3,3,TAGGACCCTTTGTAGCTCTC,0,5239310
yqjE_yqjK_yqjD_yqjC_predicted,0.25,3,3,TAGCTTTATATGAACAACGA,0,5239348
yqjE_yqjK_yqjD_yqjC_predicted,0.25,3,3,TAGCTCAAATGTTGGTCTTA,0,5248535
yqjE_yqjK_yqjD_yqjC_predicted,0.25,3,3,TAGCCTCTTAGCGACTATGC,0,5257540
yqjE_yqjK_yqjD_yqjC_predicted,0.25,3,3,TAGCCGGTATCTTACTGCGG,0,5190527
yqjE_yqjK_yqjD_yqjC_predicted,0.25,3,3,TAGCAAAAGCTTACCGCAGG,0,5227148
yqjE_yqjK_yqjD_yqjC_predicted,0.25,3,3,TAGATGGAGCAACGCCGTTT,0,5227043
yqjE_yqjK_yqjD_yqjC_predicted,0.25,3,3,TAGATCGCCCCCATAACAAA,0,5248234
yqjE_yqjK_yqjD_yqjC_predicted,0.25,3,3,TAGAGTGTAACGCTGAGGGG,0,5230664
yqjE_yqjK_yqjD_yqjC_predicted,0.25,3,3,TAGAGGGTTCGAATTGAATC,0,5236468
yqjE_yqjK_yqjD_yqjC_predicted,0.25,3,3,TAGAGATGGGGGTTTCGGGT,0,5181877
yqjE_yqjK_yqjD_yqjC_predicted,0.25,3,3,TAGACCTGAGGCCCATGGGA,0,5211301
yqjE_yqjK_yqjD_yqjC_predicted,0.25,3,3,TAGACAGGCGGCGCTAAACG,0,5202551
yqjE_yqjK_yqjD_yqjC_predicted,0.25,3,3,TAGACAACCCACGGAGCCTA,0,5176979
yqjE_yqjK_yqjD_yqjC_predicted,0.25,3,3,TACTTGCAACAGCTTATCGT,0,5216338
yqjE_yqjK_yqjD_yqjC_predicted,0.25,3,3,TACTTATCGATGAGGCGTAT,0,5253942
yqjE_yqjK_yqjD_yqjC_predicted,0.25,3,3,TACTGGCTACTTATATGCTT,0,5189150
yqjE_yqjK_yqjD_yqjC_predicted,0.25,3,3,TACTGGAGCAAAGACCAGGT,0,5193284
yqjE_yqjK_yqjD_yqjC_predicted,0.25,3,3,TACTCTTAGCGCTTAGAACC,0,5242916
yqjE_yqjK_yqjD_yqjC_predicted,0.25,3,3,TACTCTGTCACAAGTGCAAT,0,5237322
yqjE_yqjK_yqjD_yqjC_predicted,0.25,3,3,TACTCTAGTTTTCGTGGCTC,0,5187147
yqjE_yqjK_yqjD_yqjC_predicted,0.25,3,3,TACTCGGACTGGATTAGAAT,0,5197450
yqjE_yqjK_yqjD_yqjC_predicted,0.25,3,3,TACTACTAGGACTATCGTGA,0,5249152
yqjE_yqjK_yqjD_yqjC_predicted,0.25,3,3,TACTACAATCTGCTGCTCAA,0,5240373
yqjE_yqjK_yqjD_yqjC_predicted,0.25,3,3,TACGTTTTTCTATGCAAGTT,0,5232205
yqjE_yqjK_yqjD_yqjC_predicted,0.25,3,3,TACGTTTCTGTACTTCAAGA,0,5206588
yqjE_yqjK_yqjD_yqjC_predicted,0.25,3,3,TACGTGGCCTCGGGAAGATA,0,5223059
yqjE_yqjK_yqjD_yqjC_predicted,0.25,3,3,TACGTCGGGTAAGTACGCAA,0,5259205
yqjE_yqjK_yqjD_yqjC_predicted,0.25,3,3,TACGTCCTACGGTAGACCAC,0,5208937
yqjE_yqjK_yqjD_yqjC_predicted,0.25,3,3,TACGGTTACAAAAAAAGCCC,0,5250696
yqjE_yqjK_yqjD_yqjC_predicted,0.25,3,3,TACGGGTTGGACCGCCACAG,0,5188952
yqjE_yqjK_yqjD_yqjC_predicted,0.25,3,3,TACGGGGTGTAAGTTTTCCG,0,5192407
yqjE_yqjK_yqjD_yqjC_predicted,0.25,3,3,TACGGGCGGAGGTAATTCAA,0,5227075
yqjE_yqjK_yqjD_yqjC_predicted,0.25,3,3,TACGCTTTTTTTTACGTTTA,0,5203368
yqjE_yqjK_yqjD_yqjC_predicted,0.25,3,3,TACGCTGATTCATAATCCGG,0,5212079
yqjE_yqjK_yqjD_yqjC_predicted,0.25,3,3,TACGCGATTAGTATATGTAT,0,5229171
yqjE_yqjK_yqjD_yqjC_predicted,0.25,3,3,TACGATCACATGGCAGCGTT,0,5191192
yqjE_yqjK_yqjD_yqjC_predicted,0.25,3,3,TACGAGATCGTGAGCTGGCT,0,5199690
yqjE_yqjK_yqjD_yqjC_predicted,0.25,3,3,TACCTTAGATTCTATGCTTA,0,5208916
yqjE_yqjK_yqjD_yqjC_predicted,0.25,3,3,TACCTGCTTCATCAGCCAGA,0,5234849
yqjE_yqjK_yqjD_yqjC_predicted,0.25,3,3,TACCGTCCAACGCGATTTGG,0,5211139
yqjE_yqjK_yqjD_yqjC_predicted,0.25,3,3,TACCGGGTAGGGTTTGATTG,0,5221214
yqjE_yqjK_yqjD_yqjC_predicted,0.25,3,3,TACCGGGTAAAAGATGGCTT,0,5253314
yqjE_yqjK_yqjD_yqjC_predicted,0.25,3,3,TACCGGGGAAATCAGTTTTC,0,5207807
yqjE_yqjK_yqjD_yqjC_predicted,0.25,3,3,TACCGAGGGACCCGAATTAG,0,5226069
yqjE_yqjK_yqjD_yqjC_predicted,0.25,3,3,TACCCTTGGATCGGCTAAGT,0,5260815
yqjE_yqjK_yqjD_yqjC_predicted,0.25,3,3,TACCCGATTCTTACGTATTA,0,5222332
yqjE_yqjK_yqjD_yqjC_predicted,0.25,3,3,TACCCAGGTCGCTGAATTAA,0,5207844
yqjE_yqjK_yqjD_yqjC_predicted,0.25,3,3,TACCAATGTGTAGGTCATGG,0,5219933
yqjE_yqjK_yqjD_yqjC_predicted,0.25,3,3,TACCAAGGCCTTTCCCACAG,0,5175287
yqjE_yqjK_yqjD_yqjC_predicted,0.25,3,3,TACATTCCGATGTCCGAGGC,0,5193084
yqjE_yqjK_yqjD_yqjC_predicted,0.25,3,3,TACATTCAGGGTAAAGCCCT,0,5196202
yqjE_yqjK_yqjD_yqjC_predicted,0.25,3,3,TACATCGCAACCCTTGGGCC,0,5186717
yqjE_yqjK_yqjD_yqjC_predicted,0.25,3,3,TACAGGCCACTGCACGTCTT,0,5211471
yqjE_yqjK_yqjD_yqjC_predicted,0.25,3,3,TACACTGAATTATTTAGATG,0,5195813
yqjE_yqjK_yqjD_yqjC_predicted,0.25,3,3,TACAATATGTACCTGCAGAG,0,5235811
yqjE_yqjK_yqjD_yqjC_predicted,0.25,3,3,TACAAGACCAAGGTTTACAT,0,5228312
yqjE_yqjK_yqjD_yqjC_predicted,0.25,3,3,TAATTTCCCTGTAGGCCAGG,0,5186327
yqjE_yqjK_yqjD_yqjC_predicted,0.25,3,3,TAATTGCAGAGCCTCGCTAA,0,5223734
yqjE_yqjK_yqjD_yqjC_predicted,0.25,3,3,TAATTCTGGTAGACATTAAA,0,5181635
yqjE_yqjK_yqjD_yqjC_predicted,0.25,3,3,TAATTCAAGGGGCGGGCTCA,0,5252144
yqjE_yqjK_yqjD_yqjC_predicted,0.25,3,3,TAATGATTACATAATCTTGC,0,5210109
yqjE_yqjK_yqjD_yqjC_predicted,0.25,3,3,TAATGAAAAGGCTACTCTGA,0,5246046
yqjE_yqjK_yqjD_yqjC_predicted,0.25,3,3,TAATATTGGAGATTGTGAAG,0,5260275
yqjE_yqjK_yqjD_yqjC_predicted,0.25,3,3,TAATAGTTATCTAAAATACA,0,5186569
yqjE_yqjK_yqjD_yqjC_predicted,0.25,3,3,TAATAGAAGTTATTAGGGTA,0,5244195
yqjE_yqjK_yqjD_yqjC_predicted,0.25,3,3,TAATACCAAGCGTCCGGCTG,0,5239085
yqjE_yqjK_yqjD_yqjC_predicted,0.25,3,3,TAATAAACCCTAGATTACGG,0,5260833
yqjE_yqjK_yqjD_yqjC_predicted,0.25,3,3,TAAGTATGCGATATAAGGTT,0,5260564
yqjE_yqjK_yqjD_yqjC_predicted,0.25,3,3,TAAGTACCAGGTTTAGCTTT,0,5236799
yqjE_yqjK_yqjD_yqjC_predicted,0.25,3,3,TAAGGTGTGGGTAGGTACAA,0,5210813
yqjE_yqjK_yqjD_yqjC_predicted,0.25,3,3,TAAGGGTCAGCCACGCGTGG,0,5173488
yqjE_yqjK_yqjD_yqjC_predicted,0.25,3,3,TAAGGCGCCGGCTATTTGTG,0,5183711
yqjE_yqjK_yqjD_yqjC_predicted,0.25,3,3,TAAGCTAAATATTAGCGCTT,0,5199221
yqjE_yqjK_yqjD_yqjC_predicted,0.25,3,3,TAAGCCTCGGAGGCATTTCT,0,5185867
yqjE_yqjK_yqjD_yqjC_predicted,0.25,3,3,TAAGATTCTAGCGGATTTGC,0,5244156
yqjE_yqjK_yqjD_yqjC_predicted,0.25,3,3,TAAGATAGTCGCTCGCGGAT,0,5192061
yqjE_yqjK_yqjD_yqjC_predicted,0.25,3,3,TAAGACTTTTTTTCCTGCCC,0,5246350
yqjE_yqjK_yqjD_yqjC_predicted,0.25,3,3,TAAGACAGACCTTGTTTGTT,0,5244474
yqjE_yqjK_yqjD_yqjC_predicted,0.25,3,3,TAACTGCGGTCGTGCATTGG,0,5254754
yqjE_yqjK_yqjD_yqjC_predicted,0.25,3,3,TAACTAGAAAGAAGGAGAGT,0,5241276
yqjE_yqjK_yqjD_yqjC_predicted,0.25,3,3,TAACGATATTGGAAGCAGTG,0,5190077
yqjE_yqjK_yqjD_yqjC_predicted,0.25,3,3,TAACGACTCCTTAAACGGAA,0,5187983
yqjE_yqjK_yqjD_yqjC_predicted,0.25,3,3,TAACCTCATTTGAGTGCTCC,0,5189569
yqjE_yqjK_yqjD_yqjC_predicted,0.25,3,3,TAACCCTGGGAGACATCGGC,0,5206261
yqjE_yqjK_yqjD_yqjC_predicted,0.25,3,3,TAACCATCTAGGTGTTTACG,0,5232266
yqjE_yqjK_yqjD_yqjC_predicted,0.25,3,3,TAACCAGGGTAAGGCGGATG,0,5182041
yqjE_yqjK_yqjD_yqjC_predicted,0.25,3,3,TAAATCCGGTTTCGCCACAC,0,5195899
yqjE_yqjK_yqjD_yqjC_predicted,0.25,3,3,TAAAGTAGCAGTATCCCCTT,0,5176954
yqjE_yqjK_yqjD_yqjC_predicted,0.25,3,3,TAAAGTACATGCTTGCAGCA,0,5176022
yqjE_yqjK_yqjD_yqjC_predicted,0.25,3,3,TAAAGACAAGTGGACCTAGC,0,5184415
yqjE_yqjK_yqjD_yqjC_predicted,0.25,3,3,TAAACGCCCGAGGATGGGAA,0,5247376
yqjE_yqjK_yqjD_yqjC_predicted,0.25,3,3,TAAAAGGCCCCGTCTTCTAC,0,5259371
yqjE_yqjK_yqjD_yqjC_predicted,0.25,3,3,TAAAACGACGACCAATGTTG,0,5235340
yqjE_yqjK_yqjD_yqjC_predicted,0.25,3,3,TAAAAAAACTGCGCTTCGGA,0,5182035
yqjE_yqjK_yqjD_yqjC_predicted,0.25,3,3,GTTTTTCGGGCTAGCAGTCG,0,5184656
yqjE_yqjK_yqjD_yqjC_predicted,0.25,3,3,GTTTTTACATAACGGCAACT,0,5235206
yqjE_yqjK_yqjD_yqjC_predicted,0.25,3,3,GTTTTGTTCTCCTTTGTCAA,0,5237885
yqjE_yqjK_yqjD_yqjC_predicted,0.25,3,3,GTTTGTGGACTCATGCCGGT,0,5237436
yqjE_yqjK_yqjD_yqjC_predicted,0.25,3,3,GTTTGTAGCGCCGGATACGA,0,5226554
yqjE_yqjK_yqjD_yqjC_predicted,0.25,3,3,GTTTGCTAGGCGGCCGTACA,0,5179587
yqjE_yqjK_yqjD_yqjC_predicted,0.25,3,3,GTTTGATAAGTTGACATCAG,0,5183974
yqjE_yqjK_yqjD_yqjC_predicted,0.25,3,3,GTTTGATAAGGAGCGATATA,0,5250853
yqjE_yqjK_yqjD_yqjC_predicted,0.25,3,3,GTTTGACACCGACATGGTTG,0,5243930
yqjE_yqjK_yqjD_yqjC_predicted,0.25,3,3,GTTTCGCCGACCAGGAATGA,0,5239270
yqjE_yqjK_yqjD_yqjC_predicted,0.25,3,3,GTTTCAGATTCGGGTCTACA,0,5214290
yqjE_yqjK_yqjD_yqjC_predicted,0.25,3,3,GTTTATTTCCCTCACCAGAT,0,5183708
yqjE_yqjK_yqjD_yqjC_predicted,0.25,3,3,GTTTAGGCGACTTCGTTCGT,0,5187888
yqjE_yqjK_yqjD_yqjC_predicted,0.25,3,3,GTTTACGTCTTAGGTATTAG,0,5181108
yqjE_yqjK_yqjD_yqjC_predicted,0.25,3,3,GTTTACCTCCCGTTTGGTTC,0,5254044
yqjE_yqjK_yqjD_yqjC_predicted,0.25,3,3,GTTGGTTGGCCGACTCTAAA,0,5187403
yqjE_yqjK_yqjD_yqjC_predicted,0.25,3,3,GTTGGTTCTGTTTGTCAACG,0,5191300
yqjE_yqjK_yqjD_yqjC_predicted,0.25,3,3,GTTGGTGTACAGTTTAGCGG,0,5183518
yqjE_yqjK_yqjD_yqjC_predicted,0.25,3,3,GTTGGGGTAGCTAGGTCGCT,0,5205084
yqjE_yqjK_yqjD_yqjC_predicted,0.25,3,3,GTTGGAAGTTTGGGCCGACT,0,5251935
yqjE_yqjK_yqjD_yqjC_predicted,0.25,3,3,GTTGCAGTGGGTACGGAAGC,0,5186979
yqjE_yqjK_yqjD_yqjC_predicted,0.25,3,3,GTTGAAACACACTCGTTCGA,0,5261868
yqjE_yqjK_yqjD_yqjC_predicted,0.25,3,3,GTTCTGGCCGGCATCAGTTT,0,5196318
yqjE_yqjK_yqjD_yqjC_predicted,0.25,3,3,GTTCTCTTGAACAACTTAAC,0,5261536
yqjE_yqjK_yqjD_yqjC_predicted,0.25,3,3,GTTCTCGATCTAGATGGATG,0,5211557
yqjE_yqjK_yqjD_yqjC_predicted,0.25,3,3,GTTCTATGTGGTCACCTCAT,0,5249264
yqjE_yqjK_yqjD_yqjC_predicted,0.25,3,3,GTTCTAGAGCACCAATTCTT,0,5181565
yqjE_yqjK_yqjD_yqjC_predicted,0.25,3,3,GTTCGATCCAAACGATAGAG,0,5193571
yqjE_yqjK_yqjD_yqjC_predicted,0.25,3,3,GTTCCTACGACCCAGACCTG,0,5261380
yqjE_yqjK_yqjD_yqjC_predicted,0.25,3,3,GTTCATGTGGCCGGAGGGTC,0,5185126
yqjE_yqjK_yqjD_yqjC_predicted,0.25,3,3,GTTCATGTCGTCATCGGGTT,0,5199306
yqjE_yqjK_yqjD_yqjC_predicted,0.25,3,3,GTTCAGTCGAAGCCGCGGCT,0,5238189
yqjE_yqjK_yqjD_yqjC_predicted,0.25,3,3,GTTCAGCCTTTAGTGAAGAG,0,5212491
yqjE_yqjK_yqjD_yqjC_predicted,0.25,3,3,GTTCAACTGTTGATGGGGTA,0,5252484
yqjE_yqjK_yqjD_yqjC_predicted,0.25,3,3,GTTCAACAATTCTGTGATGT,0,5234528
yqjE_yqjK_yqjD_yqjC_predicted,0.25,3,3,GTTATTTTGTTAGTGCTCTC,0,5191120
yqjE_yqjK_yqjD_yqjC_predicted,0.25,3,3,GTTATGATGGTGGAGCCTCC,0,5183248
yqjE_yqjK_yqjD_yqjC_predicted,0.25,3,3,GTTATAATCGCCACAGGTGG,0,5241476
yqjE_yqjK_yqjD_yqjC_predicted,0.25,3,3,GTTAGGAGGGGTCTCTTAGG,0,5176684
yqjE_yqjK_yqjD_yqjC_predicted,0.25,3,3,GTTAGCTGGTCCAGCCGATT,0,5260522
yqjE_yqjK_yqjD_yqjC_predicted,0.25,3,3,GTTAGCAGACCCTAGAAACA,0,5233391
yqjE_yqjK_yqjD_yqjC_predicted,0.25,3,3,GTTACCGAAGCTCATATTTA,0,5209973
yqjE_yqjK_yqjD_yqjC_predicted,0.25,3,3,GTTACAACTTTACCGTCGAA,0,5231727
yqjE_yqjK_yqjD_yqjC_predicted,0.25,3,3,GTGTTTGTGATTTGGGTACG,0,5223973
yqjE_yqjK_yqjD_yqjC_predicted,0.25,3,3,GTGTTGACTGCGCGCGGGTG,0,5210905
yqjE_yqjK_yqjD_yqjC_predicted,0.25,3,3,GTGTGTACGAACGGTTTTGT,0,5215276
yqjE_yqjK_yqjD_yqjC_predicted,0.25,3,3,GTGTGCACTTCCGACCCGTT,0,5230648
yqjE_yqjK_yqjD_yqjC_predicted,0.25,3,3,GTGTGATCGAGAGGTGAGGT,0,5233318
yqjE_yqjK_yqjD_yqjC_predicted,0.25,3,3,GTGTCTCCTAGGGCACGTGT,0,5235730
yqjE_yqjK_yqjD_yqjC_predicted,0.25,3,3,GTGTCTATAATGGCGGAAAA,0,5250374
yqjE_yqjK_yqjD_yqjC_predicted,0.25,3,3,GTGTCTAGGCACAAGGTCTT,0,5228850
yqjE_yqjK_yqjD_yqjC_predicted,0.25,3,3,GTGTCGCATGGTTAAGTTTT,0,5199974
yqjE_yqjK_yqjD_yqjC_predicted,0.25,3,3,GTGTCCAAATAATCGACGTT,0,5257293
yqjE_yqjK_yqjD_yqjC_predicted,0.25,3,3,GTGTATTGTTTTTCCGACAG,0,5225910
yqjE_yqjK_yqjD_yqjC_predicted,0.25,3,3,GTGTATTCTTTTCAATCTAA,0,5183330
yqjE_yqjK_yqjD_yqjC_predicted,0.25,3,3,GTGTATAAGCTAATAAGTGC,0,5184286
yqjE_yqjK_yqjD_yqjC_predicted,0.25,3,3,GTGTAGGCGTGAAGGGTTCC,0,5232999
yqjE_yqjK_yqjD_yqjC_predicted,0.25,3,3,GTGGTTCATAGCTCCATACC,0,5262150
yqjE_yqjK_yqjD_yqjC_predicted,0.25,3,3,GTGGTCACCTACTACCCTTA,0,5174527
yqjE_yqjK_yqjD_yqjC_predicted,0.25,3,3,GTGGTACATGGACCTAAGTT,0,5246418
yqjE_yqjK_yqjD_yqjC_predicted,0.25,3,3,GTGGGTCGGAAAGCAGTAAG,0,5245974
yqjE_yqjK_yqjD_yqjC_predicted,0.25,3,3,GTGGGTCCCGGGAGTATGCT,0,5227161
yqjE_yqjK_yqjD_yqjC_predicted,0.25,3,3,GTGGGGCTATTAACAGCGAA,0,5211236
yqjE_yqjK_yqjD_yqjC_predicted,0.25,3,3,GTGGGCTTGAATAACTGGGA,0,5225862
yqjE_yqjK_yqjD_yqjC_predicted,0.25,3,3,GTGGGACCGGGCTAATTATA,0,5177937
yqjE_yqjK_yqjD_yqjC_predicted,0.25,3,3,GTGGGAAGTCTAGAATTCCT,0,5220255
yqjE_yqjK_yqjD_yqjC_predicted,0.25,3,3,GTGGCTATTCGTATCTCATG,0,5238076
yqjE_yqjK_yqjD_yqjC_predicted,0.25,3,3,GTGGCGTACAATGATGGTAA,0,5255287
yqjE_yqjK_yqjD_yqjC_predicted,0.25,3,3,GTGGCGAATGTCTGTACAGC,0,5252388
yqjE_yqjK_yqjD_yqjC_predicted,0.25,3,3,GTGGCCATCAGAATAGTTGA,0,5174004
yqjE_yqjK_yqjD_yqjC_predicted,0.25,3,3,GTGGCACCTCGTCCCTACTA,0,5229627
yqjE_yqjK_yqjD_yqjC_predicted,0.25,3,3,GTGGATGTGGTGAAGATCTC,0,5217994
yqjE_yqjK_yqjD_yqjC_predicted,0.25,3,3,GTGGATATCCCCTGGTAGGG,0,5188780
yqjE_yqjK_yqjD_yqjC_predicted,0.25,3,3,GTGGAGTATAGCATGTGTAG,0,5205568
yqjE_yqjK_yqjD_yqjC_predicted,0.25,3,3,GTGGAGAGCACGTACAAGAA,0,5184777
yqjE_yqjK_yqjD_yqjC_predicted,0.25,3,3,GTGCTCCCTCGGGCCTGGAT,0,5252762
yqjE_yqjK_yqjD_yqjC_predicted,0.25,3,3,GTGCGTTATGCTCCTCCAGA,0,5215932
yqjE_yqjK_yqjD_yqjC_predicted,0.25,3,3,GTGCGGTTGAGGATGAGATC,0,5211065
yqjE_yqjK_yqjD_yqjC_predicted,0.25,3,3,GTGCGCGGTTTCGGGTGCGG,0,5175606
yqjE_yqjK_yqjD_yqjC_predicted,0.25,3,3,GTGCGACGCACGTAGCTGGT,0,5230180
yqjE_yqjK_yqjD_yqjC_predicted,0.25,3,3,GTGCCTCCTAGAGGAGACAG,0,5222200
yqjE_yqjK_yqjD_yqjC_predicted,0.25,3,3,GTGCCGCCTCCACCGGTCCT,0,5198765
yqjE_yqjK_yqjD_yqjC_predicted,0.25,3,3,GTGCCAATGCGATAGCATGC,0,5217562
yqjE_yqjK_yqjD_yqjC_predicted,0.25,3,3,GTGCAGTGTCCCCTGGGGAC,0,5225415
yqjE_yqjK_yqjD_yqjC_predicted,0.25,3,3,GTGCACTCACCATTTTATCA,0,5261462
yqjE_yqjK_yqjD_yqjC_predicted,0.25,3,3,GTGATCTATGGGCGTCGGTA,0,5205434
yqjE_yqjK_yqjD_yqjC_predicted,0.25,3,3,GTGAGGCTGGCCTGTCCCAC,0,5209490
yqjE_yqjK_yqjD_yqjC_predicted,0.25,3,3,GTGAGGAATAAAGTTCTAAC,0,5171555
yqjE_yqjK_yqjD_yqjC_predicted,0.25,3,3,GTGAGACCTGCCCAGCTTCA,0,5244109
yqjE_yqjK_yqjD_yqjC_predicted,0.25,3,3,GTGACCCTTCGCTGTAAGAT,0,5180923
yqjE_yqjK_yqjD_yqjC_predicted,0.25,3,3,GTGAATTCTACGTCATTCGG,0,5220228
yqjE_yqjK_yqjD_yqjC_predicted,0.25,3,3,GTGAATCAGTACATGGATAA,0,5209124
yqjE_yqjK_yqjD_yqjC_predicted,0.25,3,3,GTGAAGCGCTAATAGTTATG,0,5175949
yqjE_yqjK_yqjD_yqjC_predicted,0.25,3,3,GTCTTTGTCGTGGGCCAGCC,0,5260897
yqjE_yqjK_yqjD_yqjC_predicted,0.25,3,3,GTCTTGAGTTTTTTAAACTA,0,5179775
yqjE_yqjK_yqjD_yqjC_predicted,0.25,3,3,GTCTGGATCAATGGCCGATA,0,5200423
yqjE_yqjK_yqjD_yqjC_predicted,0.25,3,3,GTCTGGACGACGACGCCGTC,0,5229325
yqjE_yqjK_yqjD_yqjC_predicted,0.25,3,3,GTCTGACACCTGTGGAGTGG,0,5206443
yqjE_yqjK_yqjD_yqjC_predicted,0.25,3,3,GTCTATGTGGCGGTGGATTT,0,5181403
yqjE_yqjK_yqjD_yqjC_predicted,0.25,3,3,GTCTAGCACTTAGTACCAGT,0,5182367
yqjE_yqjK_yqjD_yqjC_predicted,0.25,3,3,GTCTAGACAAATACAGATCA,0,5181735
yqjE_yqjK_yqjD_yqjC_predicted,0.25,3,3,GTCTACGCGATTAAGGGCCA,0,5248645
yqjE_yqjK_yqjD_yqjC_predicted,0.25,3,3,GTCGTGAGGCGCGGACCAGC,0,5203611
yqjE_yqjK_yqjD_yqjC_predicted,0.25,3,3,GTCGTCCCGAAGCTTTTGCG,0,5258511
yqjE_yqjK_yqjD_yqjC_predicted,0.25,3,3,GTCGTAATCTCTCGATTTTA,0,5233192
yqjE_yqjK_yqjD_yqjC_predicted,0.25,3,3,GTCGGTGGATGGGACTAGCT,0,5216601
yqjE_yqjK_yqjD_yqjC_predicted,0.25,3,3,GTCGGGCTGCCGGACTTGTC,0,5237871
yqjE_yqjK_yqjD_yqjC_predicted,0.25,3,3,GTCGGAGTTTCTAACGCTAT,0,5221770
yqjE_yqjK_yqjD_yqjC_predicted,0.25,3,3,GTCGCGACCGTGGACCATTC,0,5227504
yqjE_yqjK_yqjD_yqjC_predicted,0.25,3,3,GTCGAGTGGTTGTGATGGTC,0,5197361
yqjE_yqjK_yqjD_yqjC_predicted,0.25,3,3,GTCCTCGAGCTAGGCGACCC,0,5172411
yqjE_yqjK_yqjD_yqjC_predicted,0.25,3,3,GTCCTAGCTAATGTGGGTGG,0,5171665
yqjE_yqjK_yqjD_yqjC_predicted,0.25,3,3,GTCCTAATTGTAAAGACGAC,0,5242603
yqjE_yqjK_yqjD_yqjC_predicted,0.25,3,3,GTCCGTTCCGTGGTCTGACC,0,5219572
yqjE_yqjK_yqjD_yqjC_predicted,0.25,3,3,GTCCGGGCAATGGGTTTTGG,0,5247389
yqjE_yqjK_yqjD_yqjC_predicted,0.25,3,3,GTCCGGAGTATACGTCTGTC,0,5207966
yqjE_yqjK_yqjD_yqjC_predicted,0.25,3,3,GTCCGATGACTTGAGCGTAT,0,5188269
yqjE_yqjK_yqjD_yqjC_predicted,0.25,3,3,GTCCCCTCTGGCTCTCCCCA,0,5195854
yqjE_yqjK_yqjD_yqjC_predicted,0.25,3,3,GTCCCCCCTTGCAGTTTATC,0,5186723
yqjE_yqjK_yqjD_yqjC_predicted,0.25,3,3,GTCCAGTAGCATTCTGTTAT,0,5202461
yqjE_yqjK_yqjD_yqjC_predicted,0.25,3,3,GTCCACTTGGCTCTTCTGGC,0,5206149
yqjE_yqjK_yqjD_yqjC_predicted,0.25,3,3,GTCCAAGCCTCGTCGAAAGT,0,5236382
yqjE_yqjK_yqjD_yqjC_predicted,0.25,3,3,GTCATTACGAGCTCCAAAAG,0,5238670
yqjE_yqjK_yqjD_yqjC_predicted,0.25,3,3,GTCATGAAACCACCGAATTC,0,5257242
yqjE_yqjK_yqjD_yqjC_predicted,0.25,3,3,GTCAGGCGGGGGCCAGAAGG,0,5212614
yqjE_yqjK_yqjD_yqjC_predicted,0.25,3,3,GTCAGCAAGGCTCAAGACCA,0,5204541
yqjE_yqjK_yqjD_yqjC_predicted,0.25,3,3,GTCACTGTGTTAACGGGTGC,0,5171580
yqjE_yqjK_yqjD_yqjC_predicted,0.25,3,3,GTCACCCAAAGTTGTCGTAC,0,5210544
yqjE_yqjK_yqjD_yqjC_predicted,0.25,3,3,GTATTGCTTATAAGTGTACC,0,5222924
yqjE_yqjK_yqjD_yqjC_predicted,0.25,3,3,GTATGTGGAGTGAAAGCGAT,0,5220368
yqjE_yqjK_yqjD_yqjC_predicted,0.25,3,3,GTATGATAATGATGTGCACT,0,5260305
yqjE_yqjK_yqjD_yqjC_predicted,0.25,3,3,GTATGAAACGGACAGCTACA,0,5202160
yqjE_yqjK_yqjD_yqjC_predicted,0.25,3,3,GTATCTACCACCTTGGCGCC,0,5193788
yqjE_yqjK_yqjD_yqjC_predicted,0.25,3,3,GTATCGCTCTAAAGATAATG,0,5222938
yqjE_yqjK_yqjD_yqjC_predicted,0.25,3,3,GTATATTACGGGTTACGCGC,0,5260103
yqjE_yqjK_yqjD_yqjC_predicted,0.25,3,3,GTATACGACGGACGTGACGG,0,5261858
yqjE_yqjK_yqjD_yqjC_predicted,0.25,3,3,GTATACCTCGCGCAGACCCC,0,5182639
yqjE_yqjK_yqjD_yqjC_predicted,0.25,3,3,GTAGTGCAGAGGCCCGGATC,0,5174385
yqjE_yqjK_yqjD_yqjC_predicted,0.25,3,3,GTAGTGAGTCACTGGGCACT,0,5211300
yqjE_yqjK_yqjD_yqjC_predicted,0.25,3,3,GTAGGTCGCACTAGCGCAGG,0,5224773
yqjE_yqjK_yqjD_yqjC_predicted,0.25,3,3,GTAGCCCTTCCTACTGTACA,0,5194464
yqjE_yqjK_yqjD_yqjC_predicted,0.25,3,3,GTAGATACGGCGCGGTTGAC,0,5178726
yqjE_yqjK_yqjD_yqjC_predicted,0.25,3,3,GTAGATAAAACTGCACTAAT,0,5232317
yqjE_yqjK_yqjD_yqjC_predicted,0.25,3,3,GTACTTCACGTACTCATAGA,0,5204679
yqjE_yqjK_yqjD_yqjC_predicted,0.25,3,3,GTACTCTGGCCGCATATTGG,0,5218905
yqjE_yqjK_yqjD_yqjC_predicted,0.25,3,3,GTACTACGAAAAACTCCTCA,0,5193676
yqjE_yqjK_yqjD_yqjC_predicted,0.25,3,3,GTACGGGTTATGTATAGAAG,0,5255393
yqjE_yqjK_yqjD_yqjC_predicted,0.25,3,3,GTACCATTCTACAGTGAATG,0,5219626
yqjE_yqjK_yqjD_yqjC_predicted,0.25,3,3,GTACCACCCATCATTCCGAC,0,5255744
yqjE_yqjK_yqjD_yqjC_predicted,0.25,3,3,GTACAGGGAGTCCTTGCCTC,0,5262969
yqjE_yqjK_yqjD_yqjC_predicted,0.25,3,3,GTACAGGCCCATGGGTAGTG,0,5186898
yqjE_yqjK_yqjD_yqjC_predicted,0.25,3,3,GTACAGGAGCTCACCCCTTT,0,5233706
yqjE_yqjK_yqjD_yqjC_predicted,0.25,3,3,GTACACTTCACGGTCTTCGA,0,5256833
yqjE_yqjK_yqjD_yqjC_predicted,0.25,3,3,GTACACCACGCTGACACTCA,0,5183492
yqjE_yqjK_yqjD_yqjC_predicted,0.25,3,3,GTACAATCAATTCAACTTAC,0,5216140
yqjE_yqjK_yqjD_yqjC_predicted,0.25,3,3,GTAATCTATTTCGGTATGAC,0,5239092
yqjE_yqjK_yqjD_yqjC_predicted,0.25,3,3,GTAATCGATTACATCCGGCC,0,5260059
yqjE_yqjK_yqjD_yqjC_predicted,0.25,3,3,GTAAGTCTTTAATTGTAGTG,0,5259981
yqjE_yqjK_yqjD_yqjC_predicted,0.25,3,3,GTAAGTAGAGCTAACTGCTG,0,5206066
yqjE_yqjK_yqjD_yqjC_predicted,0.25,3,3,GTAAGCGGACGTACAACTAC,0,5216537
yqjE_yqjK_yqjD_yqjC_predicted,0.25,3,3,GTAAGCCGGGTTCAGGCGCG,0,5173333
yqjE_yqjK_yqjD_yqjC_predicted,0.25,3,3,GTAAGACTAGGTTACTGCGT,0,5262830
yqjE_yqjK_yqjD_yqjC_predicted,0.25,3,3,GTAAGACACCATGCGTTATA,0,5209568
yqjE_yqjK_yqjD_yqjC_predicted,0.25,3,3,GTAACGTACCATTCCTGTAG,0,5187845
yqjE_yqjK_yqjD_yqjC_predicted,0.25,3,3,GTAACCCGCGGGCCGTCAGA,0,5221074
yqjE_yqjK_yqjD_yqjC_predicted,0.25,3,3,GTAACCATCTACGCGGGTTA,0,5225313
yqjE_yqjK_yqjD_yqjC_predicted,0.25,3,3,GTAAATGAAGTCCTGTTGGT,0,5236170
yqjE_yqjK_yqjD_yqjC_predicted,0.25,3,3,GTAAAAGGCAAGGGTTTCCC,0,5206377
yqjE_yqjK_yqjD_yqjC_predicted,0.25,3,3,GTAAAACGACCGGTGAAGCG,0,5184731
yqjE_yqjK_yqjD_yqjC_predicted,0.25,3,3,GGTTTCAATTTACGAACAGA,0,5238864
yqjE_yqjK_yqjD_yqjC_predicted,0.25,3,3,GGTTTATGTGCTTCTCGGCG,0,5231250
yqjE_yqjK_yqjD_yqjC_predicted,0.25,3,3,GGTTGTACGGTAAAATGTAT,0,5212620
yqjE_yqjK_yqjD_yqjC_predicted,0.25,3,3,GGTTGCGGCCAGAGAGGAAG,0,5187967
yqjE_yqjK_yqjD_yqjC_predicted,0.25,3,3,GGTTGATTTTACAAGGGGTA,0,5213955
yqjE_yqjK_yqjD_yqjC_predicted,0.25,3,3,GGTTGAGAATAGTCATTTAC,0,5184019
yqjE_yqjK_yqjD_yqjC_predicted,0.25,3,3,GGTTGACAATTCTGGGGTTC,0,5262041
yqjE_yqjK_yqjD_yqjC_predicted,0.25,3,3,GGTTCTTGAACTGAGAAAGA,0,5221879
yqjE_yqjK_yqjD_yqjC_predicted,0.25,3,3,GGTTCGCATAAGCCAAGATT,0,5208171
yqjE_yqjK_yqjD_yqjC_predicted,0.25,3,3,GGTTCGAATTCGATCACAGG,0,5212562
yqjE_yqjK_yqjD_yqjC_predicted,0.25,3,3,GGTTCACCTCGGCGACCATA,0,5204464
yqjE_yqjK_yqjD_yqjC_predicted,0.25,3,3,GGTTCACCTAGGGTCCAGAC,0,5181721
yqjE_yqjK_yqjD_yqjC_predicted,0.25,3,3,GGTTATTCCGCGTGACGCTT,0,5178266
yqjE_yqjK_yqjD_yqjC_predicted,0.25,3,3,GGTTACACTTTGCCCGCACT,0,5229902
yqjE_yqjK_yqjD_yqjC_predicted,0.25,3,3,GGTGTGTCAGCCCAGAGCTA,0,5260304
yqjE_yqjK_yqjD_yqjC_predicted,0.25,3,3,GGTGGTGCCAGACTGTTGGG,0,5192428
yqjE_yqjK_yqjD_yqjC_predicted,0.25,3,3,GGTGGCGTTACGCAACAGGT,0,5245611
yqjE_yqjK_yqjD_yqjC_predicted,0.25,3,3,GGTGCCTGGTCAATGCTTAC,0,5250658
yqjE_yqjK_yqjD_yqjC_predicted,0.25,3,3,GGTGACCTCAATTCGAATAA,0,5244258
yqjE_yqjK_yqjD_yqjC_predicted,0.25,3,3,GGTCTTGATCTTAGGTTTGC,0,5245450
yqjE_yqjK_yqjD_yqjC_predicted,0.25,3,3,GGTCTGTGCAAGTAGTCTGG,0,5207067
yqjE_yqjK_yqjD_yqjC_predicted,0.25,3,3,GGTCGTAGAAAATCTACAGT,0,5187724
yqjE_yqjK_yqjD_yqjC_predicted,0.25,3,3,GGTCGCTGATAAGCCCATGA,0,5245092
yqjE_yqjK_yqjD_yqjC_predicted,0.25,3,3,GGTCGCCACTCCTCGGAATC,0,5193942
yqjE_yqjK_yqjD_yqjC_predicted,0.25,3,3,GGTCGACTAGCATGATAAGT,0,5172269
yqjE_yqjK_yqjD_yqjC_predicted,0.25,3,3,GGTCCTATTCTACGGGAGCG,0,5252080
yqjE_yqjK_yqjD_yqjC_predicted,0.25,3,3,GGTCCGTAAGGTGGTTCGTG,0,5255123
yqjE_yqjK_yqjD_yqjC_predicted,0.25,3,3,GGTCCCAATCCGGCTGGTAA,0,5175682
yqjE_yqjK_yqjD_yqjC_predicted,0.25,3,3,GGTCCATGCGAGCCCTCGTC,0,5251068
yqjE_yqjK_yqjD_yqjC_predicted,0.25,3,3,GGTCAGATGATGCCGTGACT,0,5229626
yqjE_yqjK_yqjD_yqjC_predicted,0.25,3,3,GGTCAAGATGTTAATACCGA,0,5235164
yqjE_yqjK_yqjD_yqjC_predicted,0.25,3,3,GGTCAACTTTCGCATAGGTC,0,5258129
yqjE_yqjK_yqjD_yqjC_predicted,0.25,3,3,GGTAGTTTTGTACATTCCAG,0,5227651
yqjE_yqjK_yqjD_yqjC_predicted,0.25,3,3,GGTAGATGGAGGACGCGGTA,0,5240145
yqjE_yqjK_yqjD_yqjC_predicted,0.25,3,3,GGTACGTACGCGTCCGCCCG,0,5183023
yqjE_yqjK_yqjD_yqjC_predicted,0.25,3,3,GGTACCATTCGACTATAGCC,0,5224538
yqjE_yqjK_yqjD_yqjC_predicted,0.25,3,3,GGTAATGTGCAACCTATTCG,0,5223993
yqjE_yqjK_yqjD_yqjC_predicted,0.25,3,3,GGTAATGTAACAACCGTGCG,0,5185316
yqjE_yqjK_yqjD_yqjC_predicted,0.25,3,3,GGTAATCGTGGAACCATGTA,0,5175873
yqjE_yqjK_yqjD_yqjC_predicted,0.25,3,3,GGTAATCATCCGGTTTCGGT,0,5202878
yqjE_yqjK_yqjD_yqjC_predicted,0.25,3,3,GGTAAGTCATAGCAGGCATC,0,5207901
yqjE_yqjK_yqjD_yqjC_predicted,0.25,3,3,GGGTTTGCCCCGACGCGGCG,0,5175081
yqjE_yqjK_yqjD_yqjC_predicted,0.25,3,3,GGGTTTACAACTATGTGCGA,0,5204131
yqjE_yqjK_yqjD_yqjC_predicted,0.25,3,3,GGGTTCAGAGCACACCAGAA,0,5246640
yqjE_yqjK_yqjD_yqjC_predicted,0.25,3,3,GGGTTAATCACTATCCACCC,0,5237999
yqjE_yqjK_yqjD_yqjC_predicted,0.25,3,3,GGGTGTTCCAATGAATCTCC,0,5228360
yqjE_yqjK_yqjD_yqjC_predicted,0.25,3,3,GGGTGTGCACGGCATTTGGA,0,5236800
yqjE_yqjK_yqjD_yqjC_predicted,0.25,3,3,GGGTGTCGCAATATGCGTGC,0,5177042
yqjE_yqjK_yqjD_yqjC_predicted,0.25,3,3,GGGTGGACCCATAGAGGCGG,0,5238467
yqjE_yqjK_yqjD_yqjC_predicted,0.25,3,3,GGGTGCGTGCACTGTCTCGC,0,5202741
yqjE_yqjK_yqjD_yqjC_predicted,0.25,3,3,GGGTGCGGGTGCGCAAGCAT,0,5180778
yqjE_yqjK_yqjD_yqjC_predicted,0.25,3,3,GGGTCTCACGATAAGGGCGC,0,5175591
yqjE_yqjK_yqjD_yqjC_predicted,0.25,3,3,GGGTCGGCATAAAGCGGAGC,0,5216975
yqjE_yqjK_yqjD_yqjC_predicted,0.25,3,3,GGGTCGCGCTGTATCGGGGA,0,5260192
yqjE_yqjK_yqjD_yqjC_predicted,0.25,3,3,GGGTCGCATTCATTCTAGTA,0,5254092
yqjE_yqjK_yqjD_yqjC_predicted,0.25,3,3,GGGTCCTTGAAATGGCAGAT,0,5225203
yqjE_yqjK_yqjD_yqjC_predicted,0.25,3,3,GGGTCCAGACCGTTTTAGGT,0,5251220
yqjE_yqjK_yqjD_yqjC_predicted,0.25,3,3,GGGTACTGCACGTCCTCTTC,0,5195693
yqjE_yqjK_yqjD_yqjC_predicted,0.25,3,3,GGGTACGCCGGCTCCCGAAC,0,5210288
yqjE_yqjK_yqjD_yqjC_predicted,0.25,3,3,GGGTAATGGTAAAGGGTATG,0,5183249
yqjE_yqjK_yqjD_yqjC_predicted,0.25,3,3,GGGTAATGGAAATATCCTGT,0,5241005
yqjE_yqjK_yqjD_yqjC_predicted,0.25,3,3,GGGTAATGAATCGGACTGCG,0,5237404
yqjE_yqjK_yqjD_yqjC_predicted,0.25,3,3,GGGTAATCGACGGCATTTAG,0,5225609
yqjE_yqjK_yqjD_yqjC_predicted,0.25,3,3,GGGGTGCACGGATGACTTCC,0,5219126
yqjE_yqjK_yqjD_yqjC_predicted,0.25,3,3,GGGGTGATTACGGACTACAC,0,5185881
yqjE_yqjK_yqjD_yqjC_predicted,0.25,3,3,GGGGTATCCCCGCTATAAAG,0,5174981
yqjE_yqjK_yqjD_yqjC_predicted,0.25,3,3,GGGGGGTAGCTCCGGCAGTA,0,5223710
yqjE_yqjK_yqjD_yqjC_predicted,0.25,3,3,GGGGGCATATAATTGAGCGC,0,5233497
yqjE_yqjK_yqjD_yqjC_predicted,0.25,3,3,GGGGGAGCTGTGTAGGAATT,0,5250095
yqjE_yqjK_yqjD_yqjC_predicted,0.25,3,3,GGGGCTATCTCAGGTGGCCT,0,5226928
yqjE_yqjK_yqjD_yqjC_predicted,0.25,3,3,GGGGCGGACCGAACGGTCTG,0,5184408
yqjE_yqjK_yqjD_yqjC_predicted,0.25,3,3,GGGGCGCGAAGACGGTACGC,0,5247999
yqjE_yqjK_yqjD_yqjC_predicted,0.25,3,3,GGGGCCTTTCCATTCGCGGT,0,5246653
yqjE_yqjK_yqjD_yqjC_predicted,0.25,3,3,GGGGCATATGGTAAGGGTGG,0,5232090
yqjE_yqjK_yqjD_yqjC_predicted,0.25,3,3,GGGGCACTATAAGAGTGGGT,0,5177081
yqjE_yqjK_yqjD_yqjC_predicted,0.25,3,3,GGGGACGTTATGTGTTAACT,0,5195668
yqjE_yqjK_yqjD_yqjC_predicted,0.25,3,3,GGGCTCGACATCTTAGTTAG,0,5262345
yqjE_yqjK_yqjD_yqjC_predicted,0.25,3,3,GGGCGCACCAGTGCATCCCT,0,5251216
yqjE_yqjK_yqjD_yqjC_predicted,0.25,3,3,GGGCCTGGATGGGGGCCGGT,0,5255063
yqjE_yqjK_yqjD_yqjC_predicted,0.25,3,3,GGGCCTGATCCAGGTCGCAA,0,5193715
yqjE_yqjK_yqjD_yqjC_predicted,0.25,3,3,GGGCCACCGCAACAATGATA,0,5257625
yqjE_yqjK_yqjD_yqjC_predicted,0.25,3,3,GGGCCAAAGCCGACGAGTTC,0,5245181
yqjE_yqjK_yqjD_yqjC_predicted,0.25,3,3,GGGCAGACGGGTCTGTGATC,0,5256162
yqjE_yqjK_yqjD_yqjC_predicted,0.25,3,3,GGGCACCTATCCGTAGGCGC,0,5237000
yqjE_yqjK_yqjD_yqjC_predicted,0.25,3,3,GGGAGTGCCTGTCGAAACCC,0,5222379
yqjE_yqjK_yqjD_yqjC_predicted,0.25,3,3,GGGAGACTACCCTTCGGGAC,0,5182417
yqjE_yqjK_yqjD_yqjC_predicted,0.25,3,3,GGGACACGCCTGCTCAGGCA,0,5182338
yqjE_yqjK_yqjD_yqjC_predicted,0.25,3,3,GGGAAGTGGCCGTGGCTGAA,0,5207821
yqjE_yqjK_yqjD_yqjC_predicted,0.25,3,3,GGGAAGCGAGGTTTTACCAT,0,5234832
yqjE_yqjK_yqjD_yqjC_predicted,0.25,3,3,GGGAACACTGTTAGCGTTAT,0,5196372
yqjE_yqjK_yqjD_yqjC_predicted,0.25,3,3,GGCTTGATCAACACGCGGCT,0,5250011
yqjE_yqjK_yqjD_yqjC_predicted,0.25,3,3,GGCTTCTGAGCCAGAGTGTA,0,5188891
yqjE_yqjK_yqjD_yqjC_predicted,0.25,3,3,GGCTGTAGGAGTTAATACGG,0,5245248
yqjE_yqjK_yqjD_yqjC_predicted,0.25,3,3,GGCTGGTCCACCTAGGGGCT,0,5205117
yqjE_yqjK_yqjD_yqjC_predicted,0.25,3,3,GGCTGCTGACCCAAGGTAAC,0,5191288
yqjE_yqjK_yqjD_yqjC_predicted,0.25,3,3,GGCTAGTTCGAGAGGAGTTA,0,5172222
yqjE_yqjK_yqjD_yqjC_predicted,0.25,3,3,GGCTAAAAACCCATGTGCGT,0,5248812
yqjE_yqjK_yqjD_yqjC_predicted,0.25,3,3,GGCGTTATAGGGTATTGTGG,0,5249933
yqjE_yqjK_yqjD_yqjC_predicted,0.25,3,3,GGCGGGTCGTGGTTCACAGA,0,5217204
yqjE_yqjK_yqjD_yqjC_predicted,0.25,3,3,GGCGGGGTACTTATATATGC,0,5259807
yqjE_yqjK_yqjD_yqjC_predicted,0.25,3,3,GGCGGATTCAGATTAGCCCT,0,5226865
yqjE_yqjK_yqjD_yqjC_predicted,0.25,3,3,GGCGATATCATAACTTTGAA,0,5250814
yqjE_yqjK_yqjD_yqjC_predicted,0.25,3,3,GGCCGTGGTACGTGCATAGG,0,5226953
yqjE_yqjK_yqjD_yqjC_predicted,0.25,3,3,GGCCGTCGTTAGACGCCGGC,0,5214595
yqjE_yqjK_yqjD_yqjC_predicted,0.25,3,3,GGCCCTGATAGACATTGTAA,0,5254835
yqjE_yqjK_yqjD_yqjC_predicted,0.25,3,3,GGCCCGGGTTGGGTACCAAA,0,5244536
yqjE_yqjK_yqjD_yqjC_predicted,0.25,3,3,GGCCCCCTACTCTTGGCCTT,0,5241048
yqjE_yqjK_yqjD_yqjC_predicted,0.25,3,3,GGCATTTACGACCTTTCATT,0,5188886
yqjE_yqjK_yqjD_yqjC_predicted,0.25,3,3,GGCATAGTTTGACCGCTTGG,0,5190332
yqjE_yqjK_yqjD_yqjC_predicted,0.25,3,3,GGCAGTGTTCGGGCACGAGT,0,5208479
yqjE_yqjK_yqjD_yqjC_predicted,0.25,3,3,GGCAGATGCCCCATCCGGAA,0,5197362
yqjE_yqjK_yqjD_yqjC_predicted,0.25,3,3,GGCACTACTATGGAAACTGA,0,5177787
yqjE_yqjK_yqjD_yqjC_predicted,0.25,3,3,GGCACGAAAGTCCCAGCATT,0,5260094
yqjE_yqjK_yqjD_yqjC_predicted,0.25,3,3,GGCAACGGGGGGGGCGGACG,0,5252180
yqjE_yqjK_yqjD_yqjC_predicted,0.25,3,3,GGCAAAGCAATTTACTTCTT,0,5213121
yqjE_yqjK_yqjD_yqjC_predicted,0.25,3,3,GGATTTCTATGAATTATGCC,0,5238483
yqjE_yqjK_yqjD_yqjC_predicted,0.25,3,3,GGATTGAACTATAGATATCA,0,5260428
yqjE_yqjK_yqjD_yqjC_predicted,0.25,3,3,GGATTCTGATAAACGCACAC,0,5187081
yqjE_yqjK_yqjD_yqjC_predicted,0.25,3,3,GGATTATGTAACGTGTGTGA,0,5238956
yqjE_yqjK_yqjD_yqjC_predicted,0.25,3,3,GGATTAGCATACCGTAAGTA,0,5180447
yqjE_yqjK_yqjD_yqjC_predicted,0.25,3,3,GGATGTTATGCTACGCGTCT,0,5254545
yqjE_yqjK_yqjD_yqjC_predicted,0.25,3,3,GGATGTCGCCTTGCCGTTGA,0,5172637
yqjE_yqjK_yqjD_yqjC_predicted,0.25,3,3,GGATGAAGCGTTAGACTTGC,0,5205717
yqjE_yqjK_yqjD_yqjC_predicted,0.25,3,3,GGATGAACCCATGGGTAATG,0,5207513
yqjE_yqjK_yqjD_yqjC_predicted,0.25,3,3,GGATGAAATTTATTAGTATT,0,5205488
yqjE_yqjK_yqjD_yqjC_predicted,0.25,3,3,GGATCCTGTCCTGTTTGGGT,0,5229224
yqjE_yqjK_yqjD_yqjC_predicted,0.25,3,3,GGATCCCGACTCACGAAATC,0,5220776
yqjE_yqjK_yqjD_yqjC_predicted,0.25,3,3,GGATATAGTCGAAGGGGTAA,0,5215571
yqjE_yqjK_yqjD_yqjC_predicted,0.25,3,3,GGATAGTGACGAGTCCGCGG,0,5224561
yqjE_yqjK_yqjD_yqjC_predicted,0.25,3,3,GGATAGACCTCCGATGGCGG,0,5204290
yqjE_yqjK_yqjD_yqjC_predicted,0.25,3,3,GGAGTTCGACCGGTGGCATC,0,5255547
yqjE_yqjK_yqjD_yqjC_predicted,0.25,3,3,GGAGTAAGCCGTTAAAGTGC,0,5180510
yqjE_yqjK_yqjD_yqjC_predicted,0.25,3,3,GGAGGTCCGGCAAGCTGTTT,0,5238573
yqjE_yqjK_yqjD_yqjC_predicted,0.25,3,3,GGAGGCTGATGTCGCACCGG,0,5226931
yqjE_yqjK_yqjD_yqjC_predicted,0.25,3,3,GGAGGCTAGGAGCATCTCTA,0,5244694
yqjE_yqjK_yqjD_yqjC_predicted,0.25,3,3,GGAGCTAACGGAGACACTTA,0,5227439
yqjE_yqjK_yqjD_yqjC_predicted,0.25,3,3,GGAGCATCGATCACCGCACA,0,5205204
yqjE_yqjK_yqjD_yqjC_predicted,0.25,3,3,GGAGCAACATGTAGAATTTA,0,5200227
yqjE_yqjK_yqjD_yqjC_predicted,0.25,3,3,GGAGATATGCAACCGGGGTA,0,5259320
yqjE_yqjK_yqjD_yqjC_predicted,0.25,3,3,GGAGAGGCAGCTACGTAATA,0,5219551
yqjE_yqjK_yqjD_yqjC_predicted,0.25,3,3,GGAGAAGCCAGTCAATTACT,0,5221311
yqjE_yqjK_yqjD_yqjC_predicted,0.25,3,3,GGACTGTCCCGCGCTGCCGG,0,5212981
yqjE_yqjK_yqjD_yqjC_predicted,0.25,3,3,GGACTAAAGACAAGTAGGTT,0,5249208
yqjE_yqjK_yqjD_yqjC_predicted,0.25,3,3,GGACGACGAGGATTATGCTT,0,5203979
yqjE_yqjK_yqjD_yqjC_predicted,0.25,3,3,GGACCAAGACCCCACGGTTT,0,5172151
yqjE_yqjK_yqjD_yqjC_predicted,0.25,3,3,GGACAGCAGCCAGCATAGTG,0,5204830
yqjE_yqjK_yqjD_yqjC_predicted,0.25,3,3,GGAATGCGTAGAGCCAGCCT,0,5190100
yqjE_yqjK_yqjD_yqjC_predicted,0.25,3,3,GGAATCCGAGTCTAAGCTCG,0,5222776
yqjE_yqjK_yqjD_yqjC_predicted,0.25,3,3,GGAAGTTATGGGAGGCACAT,0,5245059
yqjE_yqjK_yqjD_yqjC_predicted,0.25,3,3,GGAAGAGACAAATAGCGCGT,0,5260541
yqjE_yqjK_yqjD_yqjC_predicted,0.25,3,3,GGAACTTTGCCTTTGCTAGT,0,5230645
yqjE_yqjK_yqjD_yqjC_predicted,0.25,3,3,GGAACTAGGTAACGACGGCA,0,5178545
yqjE_yqjK_yqjD_yqjC_predicted,0.25,3,3,GGAACCAGTTAGGATTCAAG,0,5192817
yqjE_yqjK_yqjD_yqjC_predicted,0.25,3,3,GGAACATTTAGTCCGCGTGT,0,5229467
yqjE_yqjK_yqjD_yqjC_predicted,0.25,3,3,GGAAAGTATAGGCTGGTTTT,0,5210430
yqjE_yqjK_yqjD_yqjC_predicted,0.25,3,3,GGAAACAATCATTCTCGAAT,0,5188883
yqjE_yqjK_yqjD_yqjC_predicted,0.25,3,3,GCTTTAGGAGCACACCAATC,0,5203034
yqjE_yqjK_yqjD_yqjC_predicted,0.25,3,3,GCTTGTACAGAGTATACGAT,0,5231081
yqjE_yqjK_yqjD_yqjC_predicted,0.25,3,3,GCTTGGCTATTAACAGACGC,0,5218443
yqjE_yqjK_yqjD_yqjC_predicted,0.25,3,3,GCTTGAGGGATCGAAAACCC,0,5180285
yqjE_yqjK_yqjD_yqjC_predicted,0.25,3,3,GCTTCGGGCCATTCAGTGGC,0,5185237
yqjE_yqjK_yqjD_yqjC_predicted,0.25,3,3,GCTTCGCCAGTCCCATTGCA,0,5251255
yqjE_yqjK_yqjD_yqjC_predicted,0.25,3,3,GCTTCCTAAACATTCTTGCG,0,5209747
yqjE_yqjK_yqjD_yqjC_predicted,0.25,3,3,GCTTAGTTCGTAGGCGGCCC,0,5218636
yqjE_yqjK_yqjD_yqjC_predicted,0.25,3,3,GCTTAGCGAATGGGAAAGGG,0,5229347
yqjE_yqjK_yqjD_yqjC_predicted,0.25,3,3,GCTTACATAATACATAGGTT,0,5216924
yqjE_yqjK_yqjD_yqjC_predicted,0.25,3,3,GCTTAACTAATAAACATAAC,0,5260504
yqjE_yqjK_yqjD_yqjC_predicted,0.25,3,3,GCTGGTAACGAATATGTCGG,0,5248933
yqjE_yqjK_yqjD_yqjC_predicted,0.25,3,3,GCTGGGCTTAACATCATCAT,0,5173100
yqjE_yqjK_yqjD_yqjC_predicted,0.25,3,3,GCTGCTACTTGCTGAGAAAG,0,5198475
yqjE_yqjK_yqjD_yqjC_predicted,0.25,3,3,GCTGCCAGGTTGGATTTAAC,0,5226919
yqjE_yqjK_yqjD_yqjC_predicted,0.25,3,3,GCTGCATTGGGACCCGCGTA,0,5250879
yqjE_yqjK_yqjD_yqjC_predicted,0.25,3,3,GCTGATCAATATCATATGTA,0,5217042
yqjE_yqjK_yqjD_yqjC_predicted,0.25,3,3,GCTGACCAAGAGGTCTGCCT,0,5253977
yqjE_yqjK_yqjD_yqjC_predicted,0.25,3,3,GCTCTGGGGCACCCGTGCTA,0,5212179
yqjE_yqjK_yqjD_yqjC_predicted,0.25,3,3,GCTCTCATTAGTATTATACA,0,5173988
yqjE_yqjK_yqjD_yqjC_predicted,0.25,3,3,GCTCGTCTTTTATCATCTAA,0,5221122
yqjE_yqjK_yqjD_yqjC_predicted,0.25,3,3,GCTCGTCCCGCGAGTATAAG,0,5192565
yqjE_yqjK_yqjD_yqjC_predicted,0.25,3,3,GCTCGTCCCATGGACAGTAT,0,5237503
yqjE_yqjK_yqjD_yqjC_predicted,0.25,3,3,GCTCGGTCGAGCATCGAATT,0,5197201
yqjE_yqjK_yqjD_yqjC_predicted,0.25,3,3,GCTCGATGCGTATCATGATC,0,5191123
yqjE_yqjK_yqjD_yqjC_predicted,0.25,3,3,GCTCCGGCATAAACAAGACA,0,5237559
yqjE_yqjK_yqjD_yqjC_predicted,0.25,3,3,GCTCATACACGGGACATAGG,0,5257582
yqjE_yqjK_yqjD_yqjC_predicted,0.25,3,3,GCTCAATAAGGAGTACACGA,0,5181072
yqjE_yqjK_yqjD_yqjC_predicted,0.25,3,3,GCTCAAGAACAGAGATACCC,0,5235411
yqjE_yqjK_yqjD_yqjC_predicted,0.25,3,3,GCTATCGTCCAGCATATGCA,0,5203772
yqjE_yqjK_yqjD_yqjC_predicted,0.25,3,3,GCTATATCGTCGGCAGGATT,0,5230397
yqjE_yqjK_yqjD_yqjC_predicted,0.25,3,3,GCTAGACGGGTTTAATTCTC,0,5191309
yqjE_yqjK_yqjD_yqjC_predicted,0.25,3,3,GCTACTAGGTTACAGATGTT,0,5233581
yqjE_yqjK_yqjD_yqjC_predicted,0.25,3,3,GCTACGTGGGCGTCCACTAC,0,5240219
yqjE_yqjK_yqjD_yqjC_predicted,0.25,3,3,GCTACGCCCACTCGATAGCC,0,5180275
yqjE_yqjK_yqjD_yqjC_predicted,0.25,3,3,GCTAAGGGGGCGCTGATAGT,0,5174029
yqjE_yqjK_yqjD_yqjC_predicted,0.25,3,3,GCTAAATAAGGTCTGGCCGG,0,5177364
yqjE_yqjK_yqjD_yqjC_predicted,0.25,3,3,GCGTTCAAAGGTGACTCATC,0,5249318
yqjE_yqjK_yqjD_yqjC_predicted,0.25,3,3,GCGTTACGCACCCTATAGCC,0,5178508
yqjE_yqjK_yqjD_yqjC_predicted,0.25,3,3,GCGTGGGATGAGGATCGATG,0,5245002
yqjE_yqjK_yqjD_yqjC_predicted,0.25,3,3,GCGTGGCCTACGTGTTGATC,0,5211756
yqjE_yqjK_yqjD_yqjC_predicted,0.25,3,3,GCGTGCTCCATGGACGAGCA,0,5198172
yqjE_yqjK_yqjD_yqjC_predicted,0.25,3,3,GCGTGAGTTTTCACATGGCC,0,5248839
yqjE_yqjK_yqjD_yqjC_predicted,0.25,3,3,GCGTAGGCGCTCCCGCTCCC,0,5182083
yqjE_yqjK_yqjD_yqjC_predicted,0.25,3,3,GCGGTTAGGTGCGAAGGAGT,0,5249623
yqjE_yqjK_yqjD_yqjC_predicted,0.25,3,3,GCGGTCGTCGGCGTCTCATG,0,5234544
yqjE_yqjK_yqjD_yqjC_predicted,0.25,3,3,GCGGTCAAGCCTGTGTATGA,0,5218323
yqjE_yqjK_yqjD_yqjC_predicted,0.25,3,3,GCGGTAATACCTGAGAAGCC,0,5176898
yqjE_yqjK_yqjD_yqjC_predicted,0.25,3,3,GCGGGTAAGTCTGCCGGCCC,0,5235236
yqjE_yqjK_yqjD_yqjC_predicted,0.25,3,3,GCGGGCTTCAGCCAAGCAAT,0,5171236
yqjE_yqjK_yqjD_yqjC_predicted,0.25,3,3,GCGGGATCATTTTTCCGTTT,0,5191195
yqjE_yqjK_yqjD_yqjC_predicted,0.25,3,3,GCGGGAAGTACGCACTCGAC,0,5243664
yqjE_yqjK_yqjD_yqjC_predicted,0.25,3,3,GCGGCGAAGTGACAGCGTAA,0,5234752
yqjE_yqjK_yqjD_yqjC_predicted,0.25,3,3,GCGGCGAAGGGGCATCCGAG,0,5214360
yqjE_yqjK_yqjD_yqjC_predicted,0.25,3,3,GCGGCCTAGCATAAAAACAG,0,5236071
yqjE_yqjK_yqjD_yqjC_predicted,0.25,3,3,GCGGATGGAGGGGAGGGTGA,0,5238007
yqjE_yqjK_yqjD_yqjC_predicted,0.25,3,3,GCGCTATCTACGCCCTGATG,0,5171130
yqjE_yqjK_yqjD_yqjC_predicted,0.25,3,3,GCGCGTTCGCTCTCTCTTGA,0,5225344
yqjE_yqjK_yqjD_yqjC_predicted,0.25,3,3,GCGCGTACGCGTTTGGTAAA,0,5197298
yqjE_yqjK_yqjD_yqjC_predicted,0.25,3,3,GCGCGAGGTCTGCATGGTAT,0,5227023
yqjE_yqjK_yqjD_yqjC_predicted,0.25,3,3,GCGCGAATCACTGTTAGTGG,0,5215101
yqjE_yqjK_yqjD_yqjC_predicted,0.25,3,3,GCGCGAAAATCCGTTATCAC,0,5172098
yqjE_yqjK_yqjD_yqjC_predicted,0.25,3,3,GCGCCTAGGGTAATGTTCGG,0,5233346
yqjE_yqjK_yqjD_yqjC_predicted,0.25,3,3,GCGCCTAGCCGGCTTAGTAA,0,5173695
yqjE_yqjK_yqjD_yqjC_predicted,0.25,3,3,GCGCCAGTCGGCTCCCCGCG,0,5245758
yqjE_yqjK_yqjD_yqjC_predicted,0.25,3,3,GCGCATACAGGTAGGCCACT,0,5253080
yqjE_yqjK_yqjD_yqjC_predicted,0.25,3,3,GCGCACAGCTGCTGTCCCTC,0,5254029
yqjE_yqjK_yqjD_yqjC_predicted,0.25,3,3,GCGAGGCGGACAGACTTAAG,0,5175045
yqjE_yqjK_yqjD_yqjC_predicted,0.25,3,3,GCGACGGTGCAGGGATAAAT,0,5262300
yqjE_yqjK_yqjD_yqjC_predicted,0.25,3,3,GCGACGCACAGCCACGGAGC,0,5189737
yqjE_yqjK_yqjD_yqjC_predicted,0.25,3,3,GCGAAGTCGATTACGTCCGT,0,5260133
yqjE_yqjK_yqjD_yqjC_predicted,0.25,3,3,GCGAAACGGTAAACAGAGCG,0,5244039
yqjE_yqjK_yqjD_yqjC_predicted,0.25,3,3,GCCTTTTTTACCTTCGAAAA,0,5256143
yqjE_yqjK_yqjD_yqjC_predicted,0.25,3,3,GCCTTGCCGAACTTCACTCG,0,5245518
yqjE_yqjK_yqjD_yqjC_predicted,0.25,3,3,GCCTTCGTGACGAGTCTCGG,0,5207428
yqjE_yqjK_yqjD_yqjC_predicted,0.25,3,3,GCCTTAATGCCAACCAAATT,0,5223475
yqjE_yqjK_yqjD_yqjC_predicted,0.25,3,3,GCCTGTGAAGTCAAGTCAAA,0,5254052
yqjE_yqjK_yqjD_yqjC_predicted,0.25,3,3,GCCTCTGCGGTGTACGCAAT,0,5227442
yqjE_yqjK_yqjD_yqjC_predicted,0.25,3,3,GCCTCGTTTGGCACTGACTC,0,5224416
yqjE_yqjK_yqjD_yqjC_predicted,0.25,3,3,GCCTCGGAAGGCCAGGTGGC,0,5244437
yqjE_yqjK_yqjD_yqjC_predicted,0.25,3,3,GCCTACAGTTTTGACAGCAT,0,5209847
yqjE_yqjK_yqjD_yqjC_predicted,0.25,3,3,GCCTAAGCGGCTTACTAACT,0,5256782
yqjE_yqjK_yqjD_yqjC_predicted,0.25,3,3,GCCGTGGACAACAAAATCAA,0,5171918
yqjE_yqjK_yqjD_yqjC_predicted,0.25,3,3,GCCGTACTACTCCGGATCTC,0,5242313
yqjE_yqjK_yqjD_yqjC_predicted,0.25,3,3,GCCGGTGGAAAGGGCTAGAT,0,5209204
yqjE_yqjK_yqjD_yqjC_predicted,0.25,3,3,GCCGGTCCGGGTAATCATCC,0,5260202
yqjE_yqjK_yqjD_yqjC_predicted,0.25,3,3,GCCGGGCATCAAGGTGGGTG,0,5235877
yqjE_yqjK_yqjD_yqjC_predicted,0.25,3,3,GCCGCCGGAGGTTTACGTAA,0,5233257
yqjE_yqjK_yqjD_yqjC_predicted,0.25,3,3,GCCGAATGGCCGCAGGAAAG,0,5253421
yqjE_yqjK_yqjD_yqjC_predicted,0.25,3,3,GCCCTTGCATCTGGCCAGCC,0,5230233
yqjE_yqjK_yqjD_yqjC_predicted,0.25,3,3,GCCCTTAAACCTGCAATTGC,0,5180321
yqjE_yqjK_yqjD_yqjC_predicted,0.25,3,3,GCCCTCTGCAGCATACCAAG,0,5210332
yqjE_yqjK_yqjD_yqjC_predicted,0.25,3,3,GCCCTCCAACACGGGACTAT,0,5212808
yqjE_yqjK_yqjD_yqjC_predicted,0.25,3,3,GCCCTAAATGGCTCTGTTCC,0,5200431
yqjE_yqjK_yqjD_yqjC_predicted,0.25,3,3,GCCCGACCAGGTCTCCTCAT,0,5257133
yqjE_yqjK_yqjD_yqjC_predicted,0.25,3,3,GCCCCTTGAAGTGATTCTCG,0,5193769
yqjE_yqjK_yqjD_yqjC_predicted,0.25,3,3,GCCCCGAGCGCCAGGACTCT,0,5248929
yqjE_yqjK_yqjD_yqjC_predicted,0.25,3,3,GCCCCCGCGTCCTTGTACTC,0,5220422
yqjE_yqjK_yqjD_yqjC_predicted,0.25,3,3,GCCCAGGGAAGGAGATACCG,0,5195376
yqjE_yqjK_yqjD_yqjC_predicted,0.25,3,3,GCCCAGCCAGTTGCTCAAAT,0,5232191
yqjE_yqjK_yqjD_yqjC_predicted,0.25,3,3,GCCCACAATACGGATGTGGG,0,5244221
yqjE_yqjK_yqjD_yqjC_predicted,0.25,3,3,GCCCAAGCTCACGGTGGACG,0,5253611
yqjE_yqjK_yqjD_yqjC_predicted,0.25,3,3,GCCAGTTCTCCACGTAATAT,0,5193395
yqjE_yqjK_yqjD_yqjC_predicted,0.25,3,3,GCCAGTAGCGCAAGCACGGC,0,5188981
yqjE_yqjK_yqjD_yqjC_predicted,0.25,3,3,GCCAGGTACGGTCGGTGCGA,0,5186706
yqjE_yqjK_yqjD_yqjC_predicted,0.25,3,3,GCCAAGAAAAAAGTGTGTTG,0,5172311
yqjE_yqjK_yqjD_yqjC_predicted,0.25,3,3,GCCAACTATGTTGCACAAGC,0,5222967
yqjE_yqjK_yqjD_yqjC_predicted,0.25,3,3,GCATTTGTGCCAGGAGCTTG,0,5258053
yqjE_yqjK_yqjD_yqjC_predicted,0.25,3,3,GCATTCATAGAATCGACTCG,0,5223548
yqjE_yqjK_yqjD_yqjC_predicted,0.25,3,3,GCATTACTGATAGCGTAGGA,0,5209885
yqjE_yqjK_yqjD_yqjC_predicted,0.25,3,3,GCATCGGTCCAGGGGCACAT,0,5213483
yqjE_yqjK_yqjD_yqjC_predicted,0.25,3,3,GCATCGCGGTAACAGGACAG,0,5237099
yqjE_yqjK_yqjD_yqjC_predicted,0.25,3,3,GCATCAACATCCTAACCAGC,0,5185520
yqjE_yqjK_yqjD_yqjC_predicted,0.25,3,3,GCATATCCATCATTCTTTTG,0,5207784
yqjE_yqjK_yqjD_yqjC_predicted,0.25,3,3,GCATACTGGCCACCATGGTG,0,5195835
yqjE_yqjK_yqjD_yqjC_predicted,0.25,3,3,GCATACTCGGAAGGTCTTGT,0,5245521
yqjE_yqjK_yqjD_yqjC_predicted,0.25,3,3,GCATACGTCATTGCTATTTA,0,5196442
yqjE_yqjK_yqjD_yqjC_predicted,0.25,3,3,GCATACATCGGGACAAACGA,0,5232193
yqjE_yqjK_yqjD_yqjC_predicted,0.25,3,3,GCATAAGGTTTGCCATCAAT,0,5236675
yqjE_yqjK_yqjD_yqjC_predicted,0.25,3,3,GCAGGATGTATACCGTTCCG,0,5209479
yqjE_yqjK_yqjD_yqjC_predicted,0.25,3,3,GCAGCTATATTCCACCGCGC,0,5200362
yqjE_yqjK_yqjD_yqjC_predicted,0.25,3,3,GCAGCGACAGGGCACACTAC,0,5179696
yqjE_yqjK_yqjD_yqjC_predicted,0.25,3,3,GCAGCCTCATATCGGGACCA,0,5248350
yqjE_yqjK_yqjD_yqjC_predicted,0.25,3,3,GCAGACTTGCATCCGTGACG,0,5226438
yqjE_yqjK_yqjD_yqjC_predicted,0.25,3,3,GCACTTGTCCTAATAAAAAA,0,5260027
yqjE_yqjK_yqjD_yqjC_predicted,0.25,3,3,GCACTTACTCGCTGACGCTA,0,5236782
yqjE_yqjK_yqjD_yqjC_predicted,0.25,3,3,GCACTGGATATGGGGGGAGG,0,5220209
yqjE_yqjK_yqjD_yqjC_predicted,0.25,3,3,GCACTGCGGTGTACACTATA,0,5199874
yqjE_yqjK_yqjD_yqjC_predicted,0.25,3,3,GCACTCCTTAATGCGGGCGA,0,5257521
yqjE_yqjK_yqjD_yqjC_predicted,0.25,3,3,GCACGGACAGGGCTGTCACG,0,5221741
yqjE_yqjK_yqjD_yqjC_predicted,0.25,3,3,GCACCGACGCTGCAGTACTC,0,5237081
yqjE_yqjK_yqjD_yqjC_predicted,0.25,3,3,GCACCAAGCGTATCAAACAA,0,5249584
yqjE_yqjK_yqjD_yqjC_predicted,0.25,3,3,GCACATGGTGTACGATGTTC,0,5184456
yqjE_yqjK_yqjD_yqjC_predicted,0.25,3,3,GCAATGAGCCCCTTTATGTA,0,5198675
yqjE_yqjK_yqjD_yqjC_predicted,0.25,3,3,GCAATATGAAGCGGTAGTCT,0,5181040
yqjE_yqjK_yqjD_yqjC_predicted,0.25,3,3,GCAATACCCTAGACGTCAAC,0,5259609
yqjE_yqjK_yqjD_yqjC_predicted,0.25,3,3,GCAAGTTCGTGAGACTACGG,0,5185721
yqjE_yqjK_yqjD_yqjC_predicted,0.25,3,3,GCAAGTAGGTTGGGAAGTGT,0,5219447
yqjE_yqjK_yqjD_yqjC_predicted,0.25,3,3,GCAAGGTGAATGTCTACGTT,0,5210626
yqjE_yqjK_yqjD_yqjC_predicted,0.25,3,3,GCAAGACCGTAAATGGTAAT,0,5220529
yqjE_yqjK_yqjD_yqjC_predicted,0.25,3,3,GCAAGAAGGTTTTTCATTAA,0,5247322
yqjE_yqjK_yqjD_yqjC_predicted,0.25,3,3,GCAACTGGAAACAGTCAGAT,0,5185178
yqjE_yqjK_yqjD_yqjC_predicted,0.25,3,3,GCAACGGTCTTAGTAATTGT,0,5213517
yqjE_yqjK_yqjD_yqjC_predicted,0.25,3,3,GCAACCTAGGGGCTGCTGTA,0,5213342
yqjE_yqjK_yqjD_yqjC_predicted,0.25,3,3,GCAACCTAGGCATTCACTCG,0,5178612
yqjE_yqjK_yqjD_yqjC_predicted,0.25,3,3,GCAAAGTTTAAGCCGCAGAG,0,5199026
yqjE_yqjK_yqjD_yqjC_predicted,0.25,3,3,GCAAACGGGGTCGGCGGGTC,0,5173486
yqjE_yqjK_yqjD_yqjC_predicted,0.25,3,3,GATTTTAACGCGGGCCTGTT,0,5254789
yqjE_yqjK_yqjD_yqjC_predicted,0.25,3,3,GATTTCAGTATACTATGCTT,0,5190412
yqjE_yqjK_yqjD_yqjC_predicted,0.25,3,3,GATTTATGGAATTAACTCAG,0,5243986
yqjE_yqjK_yqjD_yqjC_predicted,0.25,3,3,GATTGAATAGTATGTACCGG,0,5222813
yqjE_yqjK_yqjD_yqjC_predicted,0.25,3,3,GATTACCGACCACTATGAAG,0,5188588
yqjE_yqjK_yqjD_yqjC_predicted,0.25,3,3,GATGTTCTCCTCGGCGTTAC,0,5252984
yqjE_yqjK_yqjD_yqjC_predicted,0.25,3,3,GATGTGGAACCACCATGTTA,0,5184761
yqjE_yqjK_yqjD_yqjC_predicted,0.25,3,3,GATGTCTCGGGGTCTGGGCT,0,5172590
yqjE_yqjK_yqjD_yqjC_predicted,0.25,3,3,GATGGTTTCGCCCACCGCAT,0,5251638
yqjE_yqjK_yqjD_yqjC_predicted,0.25,3,3,GATGGTGGAGATACTCATGG,0,5212171
yqjE_yqjK_yqjD_yqjC_predicted,0.25,3,3,GATGGGTACCCACGTGTACG,0,5237055
yqjE_yqjK_yqjD_yqjC_predicted,0.25,3,3,GATGGCATTTCTTGAGTTTG,0,5246873
yqjE_yqjK_yqjD_yqjC_predicted,0.25,3,3,GATGCGGGTGACAGCGAGCG,0,5263000
yqjE_yqjK_yqjD_yqjC_predicted,0.25,3,3,GATGAGGGCACGTACGGCGC,0,5219424
yqjE_yqjK_yqjD_yqjC_predicted,0.25,3,3,GATGACTAAGCCGGCAAACT,0,5249727
yqjE_yqjK_yqjD_yqjC_predicted,0.25,3,3,GATGACCGCCTGCGTCAGAG,0,5204968
yqjE_yqjK_yqjD_yqjC_predicted,0.25,3,3,GATGAATGTATCGAGTGCCT,0,5224954
yqjE_yqjK_yqjD_yqjC_predicted,0.25,3,3,GATGAAGCGGCGTTGCTCCT,0,5204735
yqjE_yqjK_yqjD_yqjC_predicted,0.25,3,3,GATCTCGGCTGACTGATGAG,0,5210733
yqjE_yqjK_yqjD_yqjC_predicted,0.25,3,3,GATCTCGCGAAGTGATGCTC,0,5216268
yqjE_yqjK_yqjD_yqjC_predicted,0.25,3,3,GATCTAACAGATGTCGCTTA,0,5189878
yqjE_yqjK_yqjD_yqjC_predicted,0.25,3,3,GATCCCAGCCAGCTTATACC,0,5189827
yqjE_yqjK_yqjD_yqjC_predicted,0.25,3,3,GATCATGGTATCGCTGTGTG,0,5257031
yqjE_yqjK_yqjD_yqjC_predicted,0.25,3,3,GATCATACTTTCGAAAAGCC,0,5172605
yqjE_yqjK_yqjD_yqjC_predicted,0.25,3,3,GATCAGGCACTCGTAGGGCA,0,5208527
yqjE_yqjK_yqjD_yqjC_predicted,0.25,3,3,GATCACGCAAATCCACTTAG,0,5236558
yqjE_yqjK_yqjD_yqjC_predicted,0.25,3,3,GATAGGAGCATACAAGGGGG,0,5193355
yqjE_yqjK_yqjD_yqjC_predicted,0.25,3,3,GATAGATCGTTGACGGTTGT,0,5215586
yqjE_yqjK_yqjD_yqjC_predicted,0.25,3,3,GATACTTAAACACGCTTCAG,0,5207413
yqjE_yqjK_yqjD_yqjC_predicted,0.25,3,3,GATACCAACCAAATCTGCGC,0,5171201
yqjE_yqjK_yqjD_yqjC_predicted,0.25,3,3,GATAAGAACCCCTGATGCAA,0,5257523
yqjE_yqjK_yqjD_yqjC_predicted,0.25,3,3,GATAACGTCTCTAGCTACTA,0,5213617
yqjE_yqjK_yqjD_yqjC_predicted,0.25,3,3,GAGTTTGTAGGACATGTAAG,0,5227650
yqjE_yqjK_yqjD_yqjC_predicted,0.25,3,3,GAGTGGGATTAGTATCGTAG,0,5232151
yqjE_yqjK_yqjD_yqjC_predicted,0.25,3,3,GAGTGGCAAGTTTATCTCAT,0,5226764
yqjE_yqjK_yqjD_yqjC_predicted,0.25,3,3,GAGTCCATGTGGGATCCGGA,0,5253880
yqjE_yqjK_yqjD_yqjC_predicted,0.25,3,3,GAGTATAGTGGCAAGTGGGT,0,5235335
yqjE_yqjK_yqjD_yqjC_predicted,0.25,3,3,GAGTATAGAGCACAAACCTC,0,5207328
yqjE_yqjK_yqjD_yqjC_predicted,0.25,3,3,GAGTACTGATCGAGGGAGGG,0,5189472
yqjE_yqjK_yqjD_yqjC_predicted,0.25,3,3,GAGGTTCATCTGGGCAAAAG,0,5199452
yqjE_yqjK_yqjD_yqjC_predicted,0.25,3,3,GAGGTCTTCATCTGAGCCTT,0,5245036
yqjE_yqjK_yqjD_yqjC_predicted,0.25,3,3,GAGGTCCAGCTTACGGCCTC,0,5218495
yqjE_yqjK_yqjD_yqjC_predicted,0.25,3,3,GAGGTAGCCCCTCAGCAGTT,0,5249301
yqjE_yqjK_yqjD_yqjC_predicted,0.25,3,3,GAGGGTACATTCTATGAGAA,0,5200786
yqjE_yqjK_yqjD_yqjC_predicted,0.25,3,3,GAGGGGTTACTCGCATCCGT,0,5197372
yqjE_yqjK_yqjD_yqjC_predicted,0.25,3,3,GAGGGCCGATTGGCTAATCC,0,5230679
yqjE_yqjK_yqjD_yqjC_predicted,0.25,3,3,GAGGGAGAACCCTGGCTCAG,0,5236060
yqjE_yqjK_yqjD_yqjC_predicted,0.25,3,3,GAGGCTTACCGTGACGACAA,0,5231135
yqjE_yqjK_yqjD_yqjC_predicted,0.25,3,3,GAGGCTGCACGCGGCGGACC,0,5259341
yqjE_yqjK_yqjD_yqjC_predicted,0.25,3,3,GAGGCTGAATCAGTGATTAA,0,5258256
yqjE_yqjK_yqjD_yqjC_predicted,0.25,3,3,GAGGCGAGCTATACTGATTG,0,5183609
yqjE_yqjK_yqjD_yqjC_predicted,0.25,3,3,GAGGCGAGACTATGGTAGGC,0,5211291
yqjE_yqjK_yqjD_yqjC_predicted,0.25,3,3,GAGGATTATTAGACGGCGCG,0,5212669
yqjE_yqjK_yqjD_yqjC_predicted,0.25,3,3,GAGGAATCCTCCATGATGAA,0,5243753
yqjE_yqjK_yqjD_yqjC_predicted,0.25,3,3,GAGGAACATCCTCTGAGGGC,0,5240599
yqjE_yqjK_yqjD_yqjC_predicted,0.25,3,3,GAGGAACATACATGCTAACA,0,5250259
yqjE_yqjK_yqjD_yqjC_predicted,0.25,3,3,GAGCTTAAGACACCCTTCAA,0,5210049
yqjE_yqjK_yqjD_yqjC_predicted,0.25,3,3,GAGCGTCGGTTCTGATCTGT,0,5250166
yqjE_yqjK_yqjD_yqjC_predicted,0.25,3,3,GAGCGGAAAACGGCGGCTGG,0,5236773
yqjE_yqjK_yqjD_yqjC_predicted,0.25,3,3,GAGCCCGCCGGTCCCGTAAG,0,5214476
yqjE_yqjK_yqjD_yqjC_predicted,0.25,3,3,GAGATGTTGAAGATGCTAAG,0,5261550
yqjE_yqjK_yqjD_yqjC_predicted,0.25,3,3,GAGATGCCTTGAGCCGGCAG,0,5191368
yqjE_yqjK_yqjD_yqjC_predicted,0.25,3,3,GAGATGATCATTCGGATTAT,0,5190053
yqjE_yqjK_yqjD_yqjC_predicted,0.25,3,3,GAGATCAGCTGCCTTGTTGA,0,5221015
yqjE_yqjK_yqjD_yqjC_predicted,0.25,3,3,GAGAGTATACTAATAGAGAA,0,5246351
yqjE_yqjK_yqjD_yqjC_predicted,0.25,3,3,GAGAGGGTTGGGGTATTCGT,0,5170796
yqjE_yqjK_yqjD_yqjC_predicted,0.25,3,3,GAGACTATCCGTACCCGGTC,0,5238848
yqjE_yqjK_yqjD_yqjC_predicted,0.25,3,3,GAGACATATCTTTTCCGTAC,0,5195435
yqjE_yqjK_yqjD_yqjC_predicted,0.25,3,3,GAGAAAACGACCCCACAATA,0,5256465
yqjE_yqjK_yqjD_yqjC_predicted,0.25,3,3,GACTTTGTGTGGATGTCACA,0,5232522
yqjE_yqjK_yqjD_yqjC_predicted,0.25,3,3,GACTTGAGGGAAGTGCCTAG,0,5211151
yqjE_yqjK_yqjD_yqjC_predicted,0.25,3,3,GACTTATCACACGCCCGGGT,0,5248028
yqjE_yqjK_yqjD_yqjC_predicted,0.25,3,3,GACTTAGCGTACAGTTCTTT,0,5260460
yqjE_yqjK_yqjD_yqjC_predicted,0.25,3,3,GACTGGCTCATCGATAAGCA,0,5256891
yqjE_yqjK_yqjD_yqjC_predicted,0.25,3,3,GACTCTCGGGCGGTCGCTGG,0,5259168
yqjE_yqjK_yqjD_yqjC_predicted,0.25,3,3,GACTCAGCGTTGTCGCGCTC,0,5243487
yqjE_yqjK_yqjD_yqjC_predicted,0.25,3,3,GACTCAAGTTGAATTAACCC,0,5210145
yqjE_yqjK_yqjD_yqjC_predicted,0.25,3,3,GACTAGCATGAGTAGATAGA,0,5243725
yqjE_yqjK_yqjD_yqjC_predicted,0.25,3,3,GACGTTGAGACTGGGAGGTA,0,5178893
yqjE_yqjK_yqjD_yqjC_predicted,0.25,3,3,GACGTGGGGCATTGTTAATA,0,5249815
yqjE_yqjK_yqjD_yqjC_predicted,0.25,3,3,GACGTGCTGCTTGTGTTGAG,0,5175999
yqjE_yqjK_yqjD_yqjC_predicted,0.25,3,3,GACGTGAAGGAGTGCTGTCC,0,5201190
yqjE_yqjK_yqjD_yqjC_predicted,0.25,3,3,GACGGAAACGACTCTCATTC,0,5248930
yqjE_yqjK_yqjD_yqjC_predicted,0.25,3,3,GACGCGGTTACAGAACGCTT,0,5257095
yqjE_yqjK_yqjD_yqjC_predicted,0.25,3,3,GACGCAGGTCGTAGATAGTT,0,5218856
yqjE_yqjK_yqjD_yqjC_predicted,0.25,3,3,GACGATTAGCCGGTCAATAC,0,5241683
yqjE_yqjK_yqjD_yqjC_predicted,0.25,3,3,GACCTGGTCTGCCATTTTCC,0,5247280
yqjE_yqjK_yqjD_yqjC_predicted,0.25,3,3,GACCTCGGGTAGTCTCCGCA,0,5236676
yqjE_yqjK_yqjD_yqjC_predicted,0.25,3,3,GACCGAGAATGCAGCCAATA,0,5245399
yqjE_yqjK_yqjD_yqjC_predicted,0.25,3,3,GACCCGTAGCATAAAGTGTC,0,5239609
yqjE_yqjK_yqjD_yqjC_predicted,0.25,3,3,GACCATAAGATTCGCGAGAA,0,5201065
yqjE_yqjK_yqjD_yqjC_predicted,0.25,3,3,GACATGGGGCCTTTCGTACT,0,5215516
yqjE_yqjK_yqjD_yqjC_predicted,0.25,3,3,GACACCATGGCTTCGCCGTA,0,5240523
yqjE_yqjK_yqjD_yqjC_predicted,0.25,3,3,GAATGCATGTTAATTAATCG,0,5238606
yqjE_yqjK_yqjD_yqjC_predicted,0.25,3,3,GAATCGGTTATGAGGGACAA,0,5209114
yqjE_yqjK_yqjD_yqjC_predicted,0.25,3,3,GAATCGCCAGCATTGGATAC,0,5188549
yqjE_yqjK_yqjD_yqjC_predicted,0.25,3,3,GAATCCGCCCAGTGCCCGCA,0,5235791
yqjE_yqjK_yqjD_yqjC_predicted,0.25,3,3,GAATCAATAATGAGGGGGCA,0,5207817
yqjE_yqjK_yqjD_yqjC_predicted,0.25,3,3,GAATAGGTGGGATAACAAGT,0,5179167
yqjE_yqjK_yqjD_yqjC_predicted,0.25,3,3,GAATACTATAGGTATAGAAC,0,5202697
yqjE_yqjK_yqjD_yqjC_predicted,0.25,3,3,GAATAACGTCCTATAGTCAT,0,5249334
yqjE_yqjK_yqjD_yqjC_predicted,0.25,3,3,GAAGTACCACTACTCATCTG,0,5209852
yqjE_yqjK_yqjD_yqjC_predicted,0.25,3,3,GAAGTAATTATGGGCTCAGC,0,5212873
yqjE_yqjK_yqjD_yqjC_predicted,0.25,3,3,GAAGGGGCAAATATTACAAA,0,5171118
yqjE_yqjK_yqjD_yqjC_predicted,0.25,3,3,GAAGGCTGTCCTCTGTCCTT,0,5199678
yqjE_yqjK_yqjD_yqjC_predicted,0.25,3,3,GAAGAGCCTGAGTATCTGAA,0,5187431
yqjE_yqjK_yqjD_yqjC_predicted,0.25,3,3,GAACTCGGCATATACGTACG,0,5206361
yqjE_yqjK_yqjD_yqjC_predicted,0.25,3,3,GAACGCCAGTAAAGGGGCAA,0,5244103
yqjE_yqjK_yqjD_yqjC_predicted,0.25,3,3,GAACATCACAGTAAAGGTTT,0,5252380
yqjE_yqjK_yqjD_yqjC_predicted,0.25,3,3,GAACAGTTGGTTTCTGATGG,0,5173980
yqjE_yqjK_yqjD_yqjC_predicted,0.25,3,3,GAACAGTCAACGCACTAATC,0,5216134
yqjE_yqjK_yqjD_yqjC_predicted,0.25,3,3,GAACACATCCGCAGTACTTG,0,5202867
yqjE_yqjK_yqjD_yqjC_predicted,0.25,3,3,GAAAGAATGCTGAATAACAG,0,5207825
yqjE_yqjK_yqjD_yqjC_predicted,0.25,3,3,GAAACCCGATACCTGATAGC,0,5205738
yqjE_yqjK_yqjD_yqjC_predicted,0.25,3,3,CTTTTGGCGATTGGTCATCT,0,5180235
yqjE_yqjK_yqjD_yqjC_predicted,0.25,3,3,CTTTTGGCACGCCCGCACTC,0,5261317
yqjE_yqjK_yqjD_yqjC_predicted,0.25,3,3,CTTTTATTACTGCGCACATG,0,5212207
yqjE_yqjK_yqjD_yqjC_predicted,0.25,3,3,CTTTTAGTCTCGTGGAGGAC,0,5249004
yqjE_yqjK_yqjD_yqjC_predicted,0.25,3,3,CTTTGTTGCGCCGCCAGTCT,0,5176242
yqjE_yqjK_yqjD_yqjC_predicted,0.25,3,3,CTTTCGTGTCGGTTCGAGAG,0,5255364
yqjE_yqjK_yqjD_yqjC_predicted,0.25,3,3,CTTTCAGGTTGCCTGATAAC,0,5246924
yqjE_yqjK_yqjD_yqjC_predicted,0.25,3,3,CTTTCAGGCCGCAGTGAAAT,0,5228542
yqjE_yqjK_yqjD_yqjC_predicted,0.25,3,3,CTTTCAGAGATACCGTAGGC,0,5256035
yqjE_yqjK_yqjD_yqjC_predicted,0.25,3,3,CTTTAGGCAATTGGCAGCGG,0,5187753
yqjE_yqjK_yqjD_yqjC_predicted,0.25,3,3,CTTGTTTCTAGGGGGCACAA,0,5230921
yqjE_yqjK_yqjD_yqjC_predicted,0.25,3,3,CTTGGTGAAAAACTCAGTGC,0,5224739
yqjE_yqjK_yqjD_yqjC_predicted,0.25,3,3,CTTGGGGGAGCCAACGTTAA,0,5205432
yqjE_yqjK_yqjD_yqjC_predicted,0.25,3,3,CTTGGGGATTGGAAGATGGG,0,5179808
yqjE_yqjK_yqjD_yqjC_predicted,0.25,3,3,CTTGGGCCGTAACAAGTTCG,0,5198779
yqjE_yqjK_yqjD_yqjC_predicted,0.25,3,3,CTTGGCCTCTGGTCGCGGGC,0,5221386
yqjE_yqjK_yqjD_yqjC_predicted,0.25,3,3,CTTGGCATGTTCAGAGTCCA,0,5261440
yqjE_yqjK_yqjD_yqjC_predicted,0.25,3,3,CTTGCTGTTAGAACGTAGGT,0,5198775
yqjE_yqjK_yqjD_yqjC_predicted,0.25,3,3,CTTGCAAAGGCTCAAATCCG,0,5190644
yqjE_yqjK_yqjD_yqjC_predicted,0.25,3,3,CTTCTTGTCTTAAAGTTATT,0,5260691
yqjE_yqjK_yqjD_yqjC_predicted,0.25,3,3,CTTCTGGGTTGAGGCCGCTC,0,5214030
yqjE_yqjK_yqjD_yqjC_predicted,0.25,3,3,CTTCTGGAGTTTCTACCGCA,0,5243922
yqjE_yqjK_yqjD_yqjC_predicted,0.25,3,3,CTTCTGCTCTTTCGGCCACC,0,5248024
yqjE_yqjK_yqjD_yqjC_predicted,0.25,3,3,CTTCTGCAGGTTGATATCGG,0,5234251
yqjE_yqjK_yqjD_yqjC_predicted,0.25,3,3,CTTCGTAACGTAATCAGTCG,0,5192178
yqjE_yqjK_yqjD_yqjC_predicted,0.25,3,3,CTTCCTTTAATGCATAGCAG,0,5180335
yqjE_yqjK_yqjD_yqjC_predicted,0.25,3,3,CTTCCTTCGGTTGTTTATAG,0,5219719
yqjE_yqjK_yqjD_yqjC_predicted,0.25,3,3,CTTCCCCTGCGGTTCAAAGA,0,5235115
yqjE_yqjK_yqjD_yqjC_predicted,0.25,3,3,CTTCCCATGGGTCAAGCTAA,0,5218290
yqjE_yqjK_yqjD_yqjC_predicted,0.25,3,3,CTTCCATAAATGTACCGGTA,0,5235624
yqjE_yqjK_yqjD_yqjC_predicted,0.25,3,3,CTTCATACTCTGGAACAGTC,0,5178712
yqjE_yqjK_yqjD_yqjC_predicted,0.25,3,3,CTTCAGCCGGAACGTAACAA,0,5179782
yqjE_yqjK_yqjD_yqjC_predicted,0.25,3,3,CTTCACTTGTGGTGGCGCGT,0,5212758
yqjE_yqjK_yqjD_yqjC_predicted,0.25,3,3,CTTATGTCCGCCAACCCGCC,0,5195706
yqjE_yqjK_yqjD_yqjC_predicted,0.25,3,3,CTTAGTGTAGAATTTACACG,0,5228721
yqjE_yqjK_yqjD_yqjC_predicted,0.25,3,3,CTTAGGGTGAAAGGTAGGCC,0,5212802
yqjE_yqjK_yqjD_yqjC_predicted,0.25,3,3,CTTAGCGAGGTTTTCTTTAA,0,5236333
yqjE_yqjK_yqjD_yqjC_predicted,0.25,3,3,CTTAGCAACATCTCAGTAGT,0,5256806
yqjE_yqjK_yqjD_yqjC_predicted,0.25,3,3,CTTACTCCGGTATGTATCCC,0,5180898
yqjE_yqjK_yqjD_yqjC_predicted,0.25,3,3,CTTACGAGGTTCCGCGTTGA,0,5193488
yqjE_yqjK_yqjD_yqjC_predicted,0.25,3,3,CTTAAGTGCCATAGGACACA,0,5175440
yqjE_yqjK_yqjD_yqjC_predicted,0.25,3,3,CTTAAAGTGAGAGTTAGCCT,0,5257861
yqjE_yqjK_yqjD_yqjC_predicted,0.25,3,3,CTGTTCCCAGCGGAGACTCC,0,5193807
yqjE_yqjK_yqjD_yqjC_predicted,0.25,3,3,CTGTGGGGATCGACATAATG,0,5243594
yqjE_yqjK_yqjD_yqjC_predicted,0.25,3,3,CTGTCATCTACTTACTGTGG,0,5206113
yqjE_yqjK_yqjD_yqjC_predicted,0.25,3,3,CTGTATTGCTAGTCAGCGAC,0,5200798
yqjE_yqjK_yqjD_yqjC_predicted,0.25,3,3,CTGTACAGAAGAGTGAGGCG,0,5208625
yqjE_yqjK_yqjD_yqjC_predicted,0.25,3,3,CTGGTTGACCTAAGCCCCAA,0,5235366
yqjE_yqjK_yqjD_yqjC_predicted,0.25,3,3,CTGGTGAGAAAGCAGTGCGA,0,5199475
yqjE_yqjK_yqjD_yqjC_predicted,0.25,3,3,CTGGTGACACGATCGTTTGC,0,5199566
yqjE_yqjK_yqjD_yqjC_predicted,0.25,3,3,CTGGTCGGGCATTAACGTCA,0,5223068
yqjE_yqjK_yqjD_yqjC_predicted,0.25,3,3,CTGGTAATTAGTGGGACAGA,0,5175458
yqjE_yqjK_yqjD_yqjC_predicted,0.25,3,3,CTGGTAAGCAACCGCTAACA,0,5213057
yqjE_yqjK_yqjD_yqjC_predicted,0.25,3,3,CTGGGTTTGCCTGACGGAAT,0,5236458
yqjE_yqjK_yqjD_yqjC_predicted,0.25,3,3,CTGGGGTCACCATAGTATTG,0,5255158
yqjE_yqjK_yqjD_yqjC_predicted,0.25,3,3,CTGGGGGCAGTAATTACTTA,0,5218836
yqjE_yqjK_yqjD_yqjC_predicted,0.25,3,3,CTGGGGCGCGATGGATTACT,0,5203572
yqjE_yqjK_yqjD_yqjC_predicted,0.25,3,3,CTGGGATCGTTTTCGGATCA,0,5211506
yqjE_yqjK_yqjD_yqjC_predicted,0.25,3,3,CTGGGACTACAAATCCTCTA,0,5242782
yqjE_yqjK_yqjD_yqjC_predicted,0.25,3,3,CTGGCTTAAGTTTGCTAATA,0,5218960
yqjE_yqjK_yqjD_yqjC_predicted,0.25,3,3,CTGGCCCATGAGACTGTCCC,0,5179918
yqjE_yqjK_yqjD_yqjC_predicted,0.25,3,3,CTGGAGGGTAAGCAACAAAC,0,5198705
yqjE_yqjK_yqjD_yqjC_predicted,0.25,3,3,CTGGACGACAGGCAATGCTG,0,5244157
yqjE_yqjK_yqjD_yqjC_predicted,0.25,3,3,CTGCGCCCACTCGGGAAGAT,0,5197454
yqjE_yqjK_yqjD_yqjC_predicted,0.25,3,3,CTGCGCATTGAGGCGCGATA,0,5195831
yqjE_yqjK_yqjD_yqjC_predicted,0.25,3,3,CTGCGATCTGGAACAGGCAA,0,5259707
yqjE_yqjK_yqjD_yqjC_predicted,0.25,3,3,CTGCCCACACGAGAATGTGT,0,5185211
yqjE_yqjK_yqjD_yqjC_predicted,0.25,3,3,CTGCCACTGAAGTCTCGGGG,0,5222922
yqjE_yqjK_yqjD_yqjC_predicted,0.25,3,3,CTGCCACTCGTCTACGGCAC,0,5211790
yqjE_yqjK_yqjD_yqjC_predicted,0.25,3,3,CTGCAGTGCGACGTGCGTGG,0,5210451
yqjE_yqjK_yqjD_yqjC_predicted,0.25,3,3,CTGATGCCCCAAGCGTTGTT,0,5170822
yqjE_yqjK_yqjD_yqjC_predicted,0.25,3,3,CTGATCTCCGGGGGGTCGGG,0,5220621
yqjE_yqjK_yqjD_yqjC_predicted,0.25,3,3,CTGATCGTTCCTTTGCCTCT,0,5208999
yqjE_yqjK_yqjD_yqjC_predicted,0.25,3,3,CTGAGTTACTGATGTTTGCA,0,5253948
yqjE_yqjK_yqjD_yqjC_predicted,0.25,3,3,CTGAGTACACTGACTATGAC,0,5201571
yqjE_yqjK_yqjD_yqjC_predicted,0.25,3,3,CTGAGACCCAGACACTTTAC,0,5244835
yqjE_yqjK_yqjD_yqjC_predicted,0.25,3,3,CTGAATACGGGGGGCACAAT,0,5257579
yqjE_yqjK_yqjD_yqjC_predicted,0.25,3,3,CTGAAAGATCCTAGTCAGCA,0,5189034
yqjE_yqjK_yqjD_yqjC_predicted,0.25,3,3,CTCTTCGGGAAGCTAGACCC,0,5193931
yqjE_yqjK_yqjD_yqjC_predicted,0.25,3,3,CTCTTCCGGCGCATGCTATC,0,5258472
yqjE_yqjK_yqjD_yqjC_predicted,0.25,3,3,CTCTTCAGAGCGCTGTCCAG,0,5258939
yqjE_yqjK_yqjD_yqjC_predicted,0.25,3,3,CTCTTACTTAAGACTTACCT,0,5198754
yqjE_yqjK_yqjD_yqjC_predicted,0.25,3,3,CTCTGCTACGGCAATCTATG,0,5245819
yqjE_yqjK_yqjD_yqjC_predicted,0.25,3,3,CTCTGCAAACATGAAAGCGC,0,5225622
yqjE_yqjK_yqjD_yqjC_predicted,0.25,3,3,CTCTGACCAGAAGATGTTGT,0,5259686
yqjE_yqjK_yqjD_yqjC_predicted,0.25,3,3,CTCTCTAGGGGTCCAGAGGA,0,5262185
yqjE_yqjK_yqjD_yqjC_predicted,0.25,3,3,CTCTCCATAAGACAATATAC,0,5189750
yqjE_yqjK_yqjD_yqjC_predicted,0.25,3,3,CTCTCCAGTGAATGCAATTT,0,5195158
yqjE_yqjK_yqjD_yqjC_predicted,0.25,3,3,CTCTATCTTAGAGCGATCCT,0,5249342
yqjE_yqjK_yqjD_yqjC_predicted,0.25,3,3,CTCTAAGTCTGACAGCAGAA,0,5260374
yqjE_yqjK_yqjD_yqjC_predicted,0.25,3,3,CTCTAAAATCGTTCCCGCAG,0,5256811
yqjE_yqjK_yqjD_yqjC_predicted,0.25,3,3,CTCGTTCTAAGGGAGGCTAG,0,5246151
yqjE_yqjK_yqjD_yqjC_predicted,0.25,3,3,CTCGGCGGAATCCGGACCAA,0,5231057
yqjE_yqjK_yqjD_yqjC_predicted,0.25,3,3,CTCGGATGGGTCCCAAAGGG,0,5248639
yqjE_yqjK_yqjD_yqjC_predicted,0.25,3,3,CTCGCGAGGGTGTATCGGAG,0,5243985
yqjE_yqjK_yqjD_yqjC_predicted,0.25,3,3,CTCGCCTCGGGACTACGGTC,0,5208770
yqjE_yqjK_yqjD_yqjC_predicted,0.25,3,3,CTCGCACAAGATTTTAAGCA,0,5206132
yqjE_yqjK_yqjD_yqjC_predicted,0.25,3,3,CTCCTGTCTGACGGCGAGAA,0,5201697
yqjE_yqjK_yqjD_yqjC_predicted,0.25,3,3,CTCCGTTCTGTACCGAGACT,0,5186916
yqjE_yqjK_yqjD_yqjC_predicted,0.25,3,3,CTCCGGGCTTCTTTGGACCA,0,5212622
yqjE_yqjK_yqjD_yqjC_predicted,0.25,3,3,CTCCGACGTCCGTCGAGCGG,0,5173407
yqjE_yqjK_yqjD_yqjC_predicted,0.25,3,3,CTCCCTGGCGTCTACTTTGC,0,5224179
yqjE_yqjK_yqjD_yqjC_predicted,0.25,3,3,CTCCCCCTAGACGTCCGTAG,0,5253756
yqjE_yqjK_yqjD_yqjC_predicted,0.25,3,3,CTCATTCAAATTGGGATTTG,0,5210076
yqjE_yqjK_yqjD_yqjC_predicted,0.25,3,3,CTCATGCTTTTTATTAGCTG,0,5249876
yqjE_yqjK_yqjD_yqjC_predicted,0.25,3,3,CTCAGGTCCGCGCGAAAAGG,0,5215570
yqjE_yqjK_yqjD_yqjC_predicted,0.25,3,3,CTCAGGTATGTGTCTGAATA,0,5246504
yqjE_yqjK_yqjD_yqjC_predicted,0.25,3,3,CTCAGATGTGCTCGATGTGT,0,5193213
yqjE_yqjK_yqjD_yqjC_predicted,0.25,3,3,CTCACTTGTTCGACATCTGG,0,5229637
yqjE_yqjK_yqjD_yqjC_predicted,0.25,3,3,CTCACACGTGTTACCACAGT,0,5182072
yqjE_yqjK_yqjD_yqjC_predicted,0.25,3,3,CTATTCGTCATCCGTAGCGG,0,5253695
yqjE_yqjK_yqjD_yqjC_predicted,0.25,3,3,CTATTATGGACTGATTTGCA,0,5193324
yqjE_yqjK_yqjD_yqjC_predicted,0.25,3,3,CTATCCTGGGAATTTCAAGC,0,5210523
yqjE_yqjK_yqjD_yqjC_predicted,0.25,3,3,CTATCATGCAGATAGAAGGA,0,5217626
yqjE_yqjK_yqjD_yqjC_predicted,0.25,3,3,CTAGTTCGTTTGGTTAGATG,0,5237151
yqjE_yqjK_yqjD_yqjC_predicted,0.25,3,3,CTAGTTCGCCGAGAGACTGA,0,5205867
yqjE_yqjK_yqjD_yqjC_predicted,0.25,3,3,CTAGTTATAGTATGTGGTAG,0,5201175
yqjE_yqjK_yqjD_yqjC_predicted,0.25,3,3,CTAGTCATGAAGCGCAAGCT,0,5235055
yqjE_yqjK_yqjD_yqjC_predicted,0.25,3,3,CTAGGTCTGACGACTCGCGT,0,5216542
yqjE_yqjK_yqjD_yqjC_predicted,0.25,3,3,CTAGGATCTATAGCTTGTTT,0,5257859
yqjE_yqjK_yqjD_yqjC_predicted,0.25,3,3,CTAGCTGATCGGGATTCATG,0,5224893
yqjE_yqjK_yqjD_yqjC_predicted,0.25,3,3,CTAGCGTGTAGAAACCGAAG,0,5252386
yqjE_yqjK_yqjD_yqjC_predicted,0.25,3,3,CTAGAGACTTTGTGTTGCCT,0,5225433
yqjE_yqjK_yqjD_yqjC_predicted,0.25,3,3,CTAGAAGGGAATACAAAGAC,0,5171428
yqjE_yqjK_yqjD_yqjC_predicted,0.25,3,3,CTACTTATCTCAAGCTTCTA,0,5189288
yqjE_yqjK_yqjD_yqjC_predicted,0.25,3,3,CTACGGCTCTAGGAAAGGTC,0,5210995
yqjE_yqjK_yqjD_yqjC_predicted,0.25,3,3,CTACGCGCTGGTAACTGCAA,0,5193647
yqjE_yqjK_yqjD_yqjC_predicted,0.25,3,3,CTACCGTGCATGTGTCGTCG,0,5206601
yqjE_yqjK_yqjD_yqjC_predicted,0.25,3,3,CTACCCACGGGCGCGCGTTT,0,5173472
yqjE_yqjK_yqjD_yqjC_predicted,0.25,3,3,CTACCATGCGAAGCTGAGAG,0,5234641
yqjE_yqjK_yqjD_yqjC_predicted,0.25,3,3,CTACATGCTATATTGTAGCG,0,5177394
yqjE_yqjK_yqjD_yqjC_predicted,0.25,3,3,CTACACAGTTTCGCCCGAAA,0,5257569
yqjE_yqjK_yqjD_yqjC_predicted,0.25,3,3,CTAATTTCTCTTGAATAGCG,0,5221981
yqjE_yqjK_yqjD_yqjC_predicted,0.25,3,3,CTAATAGGAGTTAGTTTACC,0,5204707
yqjE_yqjK_yqjD_yqjC_predicted,0.25,3,3,CTAAGAAGTACATTCGCACA,0,5262335
yqjE_yqjK_yqjD_yqjC_predicted,0.25,3,3,CTAACTGGAAGTGGTTCGTC,0,5233396
yqjE_yqjK_yqjD_yqjC_predicted,0.25,3,3,CTAACTCGCAAGCACCCCAT,0,5229405
yqjE_yqjK_yqjD_yqjC_predicted,0.25,3,3,CTAACAGGAGAACGGTCCTG,0,5249612
yqjE_yqjK_yqjD_yqjC_predicted,0.25,3,3,CGTTTTCGTAGAACTACGAC,0,5171882
yqjE_yqjK_yqjD_yqjC_predicted,0.25,3,3,CGTTTTCAGCATACGGGAAT,0,5257317
yqjE_yqjK_yqjD_yqjC_predicted,0.25,3,3,CGTTTGCAATGTCGATATAG,0,5207592
yqjE_yqjK_yqjD_yqjC_predicted,0.25,3,3,CGTTTATGCGCCTAGGGGCT,0,5236787
yqjE_yqjK_yqjD_yqjC_predicted,0.25,3,3,CGTTTAGAGAACGGTGAGGG,0,5177323
yqjE_yqjK_yqjD_yqjC_predicted,0.25,3,3,CGTTTAACTGCGGAGCACAA,0,5191017
yqjE_yqjK_yqjD_yqjC_predicted,0.25,3,3,CGTTGTGATTATACTTTAGA,0,5184477
yqjE_yqjK_yqjD_yqjC_predicted,0.25,3,3,CGTTGGTTGCTGGGGCGTGT,0,5231986
yqjE_yqjK_yqjD_yqjC_predicted,0.25,3,3,CGTTGGGACGATCCACTCAC,0,5191561
yqjE_yqjK_yqjD_yqjC_predicted,0.25,3,3,CGTTGAGAATTCCTCGTCGG,0,5258210
yqjE_yqjK_yqjD_yqjC_predicted,0.25,3,3,CGTTCGATATTACTCGCCAC,0,5192945
yqjE_yqjK_yqjD_yqjC_predicted,0.25,3,3,CGTTAGGGATGACCGGTAAT,0,5234531
yqjE_yqjK_yqjD_yqjC_predicted,0.25,3,3,CGTGTGCTATTAGGGACCGG,0,5258717
yqjE_yqjK_yqjD_yqjC_predicted,0.25,3,3,CGTGTGAGCATCGAAGCCAC,0,5238665
yqjE_yqjK_yqjD_yqjC_predicted,0.25,3,3,CGTGTCATCCACGTAAATAA,0,5202860
yqjE_yqjK_yqjD_yqjC_predicted,0.25,3,3,CGTGTATAATCAAGTGAGCC,0,5227660
yqjE_yqjK_yqjD_yqjC_predicted,0.25,3,3,CGTGTAAGAACGTGCAGCGG,0,5187772
yqjE_yqjK_yqjD_yqjC_predicted,0.25,3,3,CGTGCGGCCGGGTTCGTAGT,0,5261280
yqjE_yqjK_yqjD_yqjC_predicted,0.25,3,3,CGTGCGCAAACTTCCAAGCC,0,5211287
yqjE_yqjK_yqjD_yqjC_predicted,0.25,3,3,CGTGAGGGATCGGACGAGAC,0,5203175
yqjE_yqjK_yqjD_yqjC_predicted,0.25,3,3,CGTCTGTTCCTCCATCAGGT,0,5177926
yqjE_yqjK_yqjD_yqjC_predicted,0.25,3,3,CGTCGTATGAGCATTAGACC,0,5171771
yqjE_yqjK_yqjD_yqjC_predicted,0.25,3,3,CGTCGGTTTTCATATTGGAG,0,5212996
yqjE_yqjK_yqjD_yqjC_predicted,0.25,3,3,CGTCGGGCCGAGTTAGGACA,0,5225444
yqjE_yqjK_yqjD_yqjC_predicted,0.25,3,3,CGTCGGATGCTACCATCCAA,0,5199241
yqjE_yqjK_yqjD_yqjC_predicted,0.25,3,3,CGTCGGACAACCACTTTGCC,0,5231248
yqjE_yqjK_yqjD_yqjC_predicted,0.25,3,3,CGTCCATTTTCCGGGAGCCA,0,5171072
yqjE_yqjK_yqjD_yqjC_predicted,0.25,3,3,CGTCAAAGCTCGGAATATGT,0,5228250
yqjE_yqjK_yqjD_yqjC_predicted,0.25,3,3,CGTATGGCCACCAGCTTATA,0,5220005
yqjE_yqjK_yqjD_yqjC_predicted,0.25,3,3,CGTATCGTTCAGGTGGCCCC,0,5262928
yqjE_yqjK_yqjD_yqjC_predicted,0.25,3,3,CGTATAGTGAGGAAGGCCAT,0,5184265
yqjE_yqjK_yqjD_yqjC_predicted,0.25,3,3,CGTAGGCTGGTGCAAACTCT,0,5246922
yqjE_yqjK_yqjD_yqjC_predicted,0.25,3,3,CGTAGGATGGCTCCTACGTC,0,5226827
yqjE_yqjK_yqjD_yqjC_predicted,0.25,3,3,CGTAGGAAGCATATCGGTCT,0,5209063
yqjE_yqjK_yqjD_yqjC_predicted,0.25,3,3,CGTAGCGGTGTAGCAAATTA,0,5243222
yqjE_yqjK_yqjD_yqjC_predicted,0.25,3,3,CGTAGCCGCGCCATTTGTGG,0,5246380
yqjE_yqjK_yqjD_yqjC_predicted,0.25,3,3,CGTAGAGTGAAAATTAGAGT,0,5209123
yqjE_yqjK_yqjD_yqjC_predicted,0.25,3,3,CGTACGTCAAAGAAGGATCC,0,5238847
yqjE_yqjK_yqjD_yqjC_predicted,0.25,3,3,CGTAACAAGATGATAAGCCG,0,5221781
yqjE_yqjK_yqjD_yqjC_predicted,0.25,3,3,CGGTTGTTCTATGGGAGATT,0,5230539
yqjE_yqjK_yqjD_yqjC_predicted,0.25,3,3,CGGTTGGATCCGTTTTTATG,0,5232664
yqjE_yqjK_yqjD_yqjC_predicted,0.25,3,3,CGGTTGCAAACGTTGGGATT,0,5183601
yqjE_yqjK_yqjD_yqjC_predicted,0.25,3,3,CGGTTCTTTTATCCTCAACC,0,5220361
yqjE_yqjK_yqjD_yqjC_predicted,0.25,3,3,CGGTTCTGTATGTGGCTAGC,0,5173290
yqjE_yqjK_yqjD_yqjC_predicted,0.25,3,3,CGGTGTGTGACCTCCGATGC,0,5256051
yqjE_yqjK_yqjD_yqjC_predicted,0.25,3,3,CGGTGTAATATCGGCTCTTT,0,5240395
yqjE_yqjK_yqjD_yqjC_predicted,0.25,3,3,CGGTGAATAATTTTCGCTGG,0,5182100
yqjE_yqjK_yqjD_yqjC_predicted,0.25,3,3,CGGTCGCCAATGACGTATTA,0,5224103
yqjE_yqjK_yqjD_yqjC_predicted,0.25,3,3,CGGTCCCGAGTTCCATCAAG,0,5229752
yqjE_yqjK_yqjD_yqjC_predicted,0.25,3,3,CGGTAACTGCCGACCCTCTA,0,5254934
yqjE_yqjK_yqjD_yqjC_predicted,0.25,3,3,CGGGTTTTTTTACACTGTAT,0,5210413
yqjE_yqjK_yqjD_yqjC_predicted,0.25,3,3,CGGGTTTGCTAGGTCTGCGG,0,5174236
yqjE_yqjK_yqjD_yqjC_predicted,0.25,3,3,CGGGTGACCGTTACTCGAGT,0,5192183
yqjE_yqjK_yqjD_yqjC_predicted,0.25,3,3,CGGGTCATTGGAGGGACCAG,0,5210059
yqjE_yqjK_yqjD_yqjC_predicted,0.25,3,3,CGGGTACACTTAGCTACCGT,0,5205131
yqjE_yqjK_yqjD_yqjC_predicted,0.25,3,3,CGGGTAATAAATACGGACTC,0,5212743
yqjE_yqjK_yqjD_yqjC_predicted,0.25,3,3,CGGGTAACATGCGCGTTCGG,0,5224845
yqjE_yqjK_yqjD_yqjC_predicted,0.25,3,3,CGGGGTTGTACGCCATTAAT,0,5226706
yqjE_yqjK_yqjD_yqjC_predicted,0.25,3,3,CGGGGTCACCTACATTTCAA,0,5261703
yqjE_yqjK_yqjD_yqjC_predicted,0.25,3,3,CGGGGGGAATTCTACAAAGT,0,5262121
yqjE_yqjK_yqjD_yqjC_predicted,0.25,3,3,CGGGGAGCAAGCCGCTATTC,0,5216432
yqjE_yqjK_yqjD_yqjC_predicted,0.25,3,3,CGGGATCAGAGTCTTTCGAA,0,5173429
yqjE_yqjK_yqjD_yqjC_predicted,0.25,3,3,CGGGATAGAGGCCATTGCTT,0,5218607
yqjE_yqjK_yqjD_yqjC_predicted,0.25,3,3,CGGGAGTTTTGTTATCCATT,0,5191250
yqjE_yqjK_yqjD_yqjC_predicted,0.25,3,3,CGGGAGTGGAGCAACAATTT,0,5172447
yqjE_yqjK_yqjD_yqjC_predicted,0.25,3,3,CGGGAGCCCCGCATCGGCGT,0,5220474
yqjE_yqjK_yqjD_yqjC_predicted,0.25,3,3,CGGGAGAGCTGTCACGCCGT,0,5193068
yqjE_yqjK_yqjD_yqjC_predicted,0.25,3,3,CGGGACTGTGTAGAAAGTAC,0,5206307
yqjE_yqjK_yqjD_yqjC_predicted,0.25,3,3,CGGGACTGACCCGGTTCCCG,0,5247115
yqjE_yqjK_yqjD_yqjC_predicted,0.25,3,3,CGGGACCTGCGATGGGATGA,0,5194940
yqjE_yqjK_yqjD_yqjC_predicted,0.25,3,3,CGGGACCAATGCGGCTGAAT,0,5194989
yqjE_yqjK_yqjD_yqjC_predicted,0.25,3,3,CGGCTGGCTTCGTGGAAAGT,0,5242337
yqjE_yqjK_yqjD_yqjC_predicted,0.25,3,3,CGGCGATCCTGTCCGTATGG,0,5185680
yqjE_yqjK_yqjD_yqjC_predicted,0.25,3,3,CGGCGAATCCTTATCATGCT,0,5217588
yqjE_yqjK_yqjD_yqjC_predicted,0.25,3,3,CGGCCGCACAGAGATTTTGA,0,5232709
yqjE_yqjK_yqjD_yqjC_predicted,0.25,3,3,CGGCCCGCAATACATCTCAA,0,5173084
yqjE_yqjK_yqjD_yqjC_predicted,0.25,3,3,CGGCCCCTGGGCCTACTCCA,0,5205819
yqjE_yqjK_yqjD_yqjC_predicted,0.25,3,3,CGGATTTAGGCTAGCACGCC,0,5248653
yqjE_yqjK_yqjD_yqjC_predicted,0.25,3,3,CGGATTGTCACTGTCTGTCC,0,5195575
yqjE_yqjK_yqjD_yqjC_predicted,0.25,3,3,CGGATTACAAGGAATCGCGT,0,5192108
yqjE_yqjK_yqjD_yqjC_predicted,0.25,3,3,CGGATGCACCTCACGGGACG,0,5201410
yqjE_yqjK_yqjD_yqjC_predicted,0.25,3,3,CGGATATCAATCTCTGCGGA,0,5230849
yqjE_yqjK_yqjD_yqjC_predicted,0.25,3,3,CGGATAGGGCTTCAAGACCC,0,5239831
yqjE_yqjK_yqjD_yqjC_predicted,0.25,3,3,CGGATAATATTACTCCGTAA,0,5201809
yqjE_yqjK_yqjD_yqjC_predicted,0.25,3,3,CGGAGCAAAGGAGTAGACAA,0,5171156
yqjE_yqjK_yqjD_yqjC_predicted,0.25,3,3,CGGAGAACTGCTTGGATTGG,0,5217265
yqjE_yqjK_yqjD_yqjC_predicted,0.25,3,3,CGGACTGTACTGTACTATCC,0,5241101
yqjE_yqjK_yqjD_yqjC_predicted,0.25,3,3,CGGACTGAAGACTCATCGTT,0,5190761
yqjE_yqjK_yqjD_yqjC_predicted,0.25,3,3,CGGACCGGTGACTTTCGCTT,0,5259440
yqjE_yqjK_yqjD_yqjC_predicted,0.25,3,3,CGGACATCGTCGAGCGAGAT,0,5199207
yqjE_yqjK_yqjD_yqjC_predicted,0.25,3,3,CGGAAATTAAGTGGACCTAC,0,5249049
yqjE_yqjK_yqjD_yqjC_predicted,0.25,3,3,CGGAAATGACGATCAGTGCT,0,5237963
yqjE_yqjK_yqjD_yqjC_predicted,0.25,3,3,CGCTTTAATAAGTGATACTA,0,5243127
yqjE_yqjK_yqjD_yqjC_predicted,0.25,3,3,CGCTTGGTGTGGCGCTACAC,0,5251588
yqjE_yqjK_yqjD_yqjC_predicted,0.25,3,3,CGCTTGGAACGGTGAGGGCG,0,5222627
yqjE_yqjK_yqjD_yqjC_predicted,0.25,3,3,CGCTTCCTCCTCCAGCGCAA,0,5183881
yqjE_yqjK_yqjD_yqjC_predicted,0.25,3,3,CGCTGTTGAATTTGTTAATC,0,5256955
yqjE_yqjK_yqjD_yqjC_predicted,0.25,3,3,CGCTGATTACAAAACGGACA,0,5240672
yqjE_yqjK_yqjD_yqjC_predicted,0.25,3,3,CGCTCTGCTTCGAAGGCGTA,0,5200434
yqjE_yqjK_yqjD_yqjC_predicted,0.25,3,3,CGCTCCAGTAGCGGCTTTTT,0,5221782
yqjE_yqjK_yqjD_yqjC_predicted,0.25,3,3,CGCTATTCCGGGGCCCATTG,0,5224335
yqjE_yqjK_yqjD_yqjC_predicted,0.25,3,3,CGCTAGGCGAACTCCGCCGC,0,5232383
yqjE_yqjK_yqjD_yqjC_predicted,0.25,3,3,CGCTAGGCATGAGGCGCCGA,0,5257208
yqjE_yqjK_yqjD_yqjC_predicted,0.25,3,3,CGCTACTTCGCTTACTACGC,0,5220574
yqjE_yqjK_yqjD_yqjC_predicted,0.25,3,3,CGCTACCTGGGATAGCTATT,0,5249739
yqjE_yqjK_yqjD_yqjC_predicted,0.25,3,3,CGCTAAGCGGTATTCATGGC,0,5215262
yqjE_yqjK_yqjD_yqjC_predicted,0.25,3,3,CGCGTTTGGCCACAATGAGC,0,5202225
yqjE_yqjK_yqjD_yqjC_predicted,0.25,3,3,CGCGTTGACAGGAGTCGAGG,0,5234716
yqjE_yqjK_yqjD_yqjC_predicted,0.25,3,3,CGCGTGCACCAGCCGTCAAA,0,5251405
yqjE_yqjK_yqjD_yqjC_predicted,0.25,3,3,CGCGTCAATTCTTTCGGTAT,0,5188079
yqjE_yqjK_yqjD_yqjC_predicted,0.25,3,3,CGCGGTTGAGCAGCTTTTAA,0,5204840
yqjE_yqjK_yqjD_yqjC_predicted,0.25,3,3,CGCGGCCTAGCGCACAAAGT,0,5207525
yqjE_yqjK_yqjD_yqjC_predicted,0.25,3,3,CGCGCTTCCTCCAGGACGCT,0,5189152
yqjE_yqjK_yqjD_yqjC_predicted,0.25,3,3,CGCGAGACTGGGGTGGGGAA,0,5178362
yqjE_yqjK_yqjD_yqjC_predicted,0.25,3,3,CGCCTTAGGCATAAATTAAT,0,5234995
yqjE_yqjK_yqjD_yqjC_predicted,0.25,3,3,CGCCGTGGAAAGAAAATGGT,0,5206238
yqjE_yqjK_yqjD_yqjC_predicted,0.25,3,3,CGCCCTGAATAACCGATTAA,0,5203571
yqjE_yqjK_yqjD_yqjC_predicted,0.25,3,3,CGCCCGGTCGGGTACCGCGG,0,5246128
yqjE_yqjK_yqjD_yqjC_predicted,0.25,3,3,CGCCCCAGTGGAGACCTAAA,0,5195780
yqjE_yqjK_yqjD_yqjC_predicted,0.25,3,3,CGCCCATTCGCAATGGAATG,0,5171674
yqjE_yqjK_yqjD_yqjC_predicted,0.25,3,3,CGCCCAGGACTTTTCGCTTG,0,5236963
yqjE_yqjK_yqjD_yqjC_predicted,0.25,3,3,CGCCACATCGTGCGCGATGT,0,5209363
yqjE_yqjK_yqjD_yqjC_predicted,0.25,3,3,CGCCAACCTACCGTAGATGA,0,5179864
yqjE_yqjK_yqjD_yqjC_predicted,0.25,3,3,CGCATTGACCAAATCGTGGC,0,5205498
yqjE_yqjK_yqjD_yqjC_predicted,0.25,3,3,CGCATTATTACCCGACAGCT,0,5206258
yqjE_yqjK_yqjD_yqjC_predicted,0.25,3,3,CGCATGCGGACATTATCAGC,0,5247940
yqjE_yqjK_yqjD_yqjC_predicted,0.25,3,3,CGCATGAATTGCGAACAGAG,0,5238156
yqjE_yqjK_yqjD_yqjC_predicted,0.25,3,3,CGCATCTGGGCCGTGGCCAT,0,5217722
yqjE_yqjK_yqjD_yqjC_predicted,0.25,3,3,CGCATACTCCGAAACGCACA,0,5202283
yqjE_yqjK_yqjD_yqjC_predicted,0.25,3,3,CGCAGCTCCAGCAAGCCATG,0,5220377
yqjE_yqjK_yqjD_yqjC_predicted,0.25,3,3,CGCAGCTAACAACGGGTTTA,0,5239341
yqjE_yqjK_yqjD_yqjC_predicted,0.25,3,3,CGCAGATTATCTTTAGCGCT,0,5183257
yqjE_yqjK_yqjD_yqjC_predicted,0.25,3,3,CGCAGACCACTACGGGCGAC,0,5257007
yqjE_yqjK_yqjD_yqjC_predicted,0.25,3,3,CGCACTCGCAGCCATGCAGG,0,5222695
yqjE_yqjK_yqjD_yqjC_predicted,0.25,3,3,CGCACCGTTAAAATCCCTAA,0,5247828
yqjE_yqjK_yqjD_yqjC_predicted,0.25,3,3,CGCAAACTACGGAGCTGACT,0,5202809
yqjE_yqjK_yqjD_yqjC_predicted,0.25,3,3,CGATTTTATGCTGTCAAGGT,0,5244331
yqjE_yqjK_yqjD_yqjC_predicted,0.25,3,3,CGATTTCCGCTCGTAAAACA,0,5188467
yqjE_yqjK_yqjD_yqjC_predicted,0.25,3,3,CGATTGCGGTTGACGACTTT,0,5213942
yqjE_yqjK_yqjD_yqjC_predicted,0.25,3,3,CGATTACTTTGGTGCGGGAG,0,5252836
yqjE_yqjK_yqjD_yqjC_predicted,0.25,3,3,CGATGGTGAACAGTGTCCAG,0,5194939
yqjE_yqjK_yqjD_yqjC_predicted,0.25,3,3,CGATGGCTGTCTTGCGAGCA,0,5253035
yqjE_yqjK_yqjD_yqjC_predicted,0.25,3,3,CGATGGATCATGAATTTTGT,0,5249100
yqjE_yqjK_yqjD_yqjC_predicted,0.25,3,3,CGATGGATAAATCATTTACG,0,5186208
yqjE_yqjK_yqjD_yqjC_predicted,0.25,3,3,CGATGCTTTCTGCCTAGTAT,0,5216758
yqjE_yqjK_yqjD_yqjC_predicted,0.25,3,3,CGATCTACCGGTATGAGGAA,0,5257746
yqjE_yqjK_yqjD_yqjC_predicted,0.25,3,3,CGATCCGTAAATAGTACTTT,0,5250326
yqjE_yqjK_yqjD_yqjC_predicted,0.25,3,3,CGATCCGGAAGAGCATAGCG,0,5193767
yqjE_yqjK_yqjD_yqjC_predicted,0.25,3,3,CGATCCAACGTCGTAGGGCG,0,5178913
yqjE_yqjK_yqjD_yqjC_predicted,0.25,3,3,CGATACGTGAGGGAGTGTCT,0,5172588
yqjE_yqjK_yqjD_yqjC_predicted,0.25,3,3,CGATACGGGAAGCCCTTTGA,0,5242717
yqjE_yqjK_yqjD_yqjC_predicted,0.25,3,3,CGAGTGGAGGGTTTGTTATA,0,5172705
yqjE_yqjK_yqjD_yqjC_predicted,0.25,3,3,CGAGGTAGAGTTATATCGAA,0,5227916
yqjE_yqjK_yqjD_yqjC_predicted,0.25,3,3,CGAGGATTACGTTCTTAGTC,0,5241914
yqjE_yqjK_yqjD_yqjC_predicted,0.25,3,3,CGAGGATGCGTGAACTATGT,0,5245199
yqjE_yqjK_yqjD_yqjC_predicted,0.25,3,3,CGAGCTTAAAAGGTGAGCGT,0,5194491
yqjE_yqjK_yqjD_yqjC_predicted,0.25,3,3,CGAGCTAAGTCGTAATCGTT,0,5206363
yqjE_yqjK_yqjD_yqjC_predicted,0.25,3,3,CGAGATTATAAGCTCGCGAT,0,5185315
yqjE_yqjK_yqjD_yqjC_predicted,0.25,3,3,CGAGATACGCAGGGGGTAAT,0,5202820
yqjE_yqjK_yqjD_yqjC_predicted,0.25,3,3,CGAGAGTGTTGCGGGGAGCC,0,5182476
yqjE_yqjK_yqjD_yqjC_predicted,0.25,3,3,CGAGAGTCTTAACAGAACTA,0,5193718
yqjE_yqjK_yqjD_yqjC_predicted,0.25,3,3,CGAGAGAGGAGGCCTAAAAA,0,5203482
yqjE_yqjK_yqjD_yqjC_predicted,0.25,3,3,CGACTGTGTGTCAATACGAT,0,5191791
yqjE_yqjK_yqjD_yqjC_predicted,0.25,3,3,CGACTCGGACGTTAGGCTAC,0,5252969
yqjE_yqjK_yqjD_yqjC_predicted,0.25,3,3,CGACTCCCGATAACCCGGTA,0,5258834
yqjE_yqjK_yqjD_yqjC_predicted,0.25,3,3,CGACGTTTACGAAGTGTGCA,0,5211154
yqjE_yqjK_yqjD_yqjC_predicted,0.25,3,3,CGACGGGTCCTGTCGGCTGG,0,5242990
yqjE_yqjK_yqjD_yqjC_predicted,0.25,3,3,CGACGGGACGATCTACACAC,0,5216331
yqjE_yqjK_yqjD_yqjC_predicted,0.25,3,3,CGACGATGTGCTACGGGTAA,0,5194425
yqjE_yqjK_yqjD_yqjC_predicted,0.25,3,3,CGACGACCAATGCCGACAGG,0,5251153
yqjE_yqjK_yqjD_yqjC_predicted,0.25,3,3,CGACCTATGAGGAGTAGATG,0,5210485
yqjE_yqjK_yqjD_yqjC_predicted,0.25,3,3,CGACCTACCCAACGGTATTT,0,5223965
yqjE_yqjK_yqjD_yqjC_predicted,0.25,3,3,CGACCGTATCTAGTTCGCAT,0,5197151
yqjE_yqjK_yqjD_yqjC_predicted,0.25,3,3,CGACCGCCGGGGCAATCTCG,0,5223137
yqjE_yqjK_yqjD_yqjC_predicted,0.25,3,3,CGACCGCCGGAAATTTTAAG,0,5250918
yqjE_yqjK_yqjD_yqjC_predicted,0.25,3,3,CGACCCTCGGCCGACAACTT,0,5246542
yqjE_yqjK_yqjD_yqjC_predicted,0.25,3,3,CGACCCGCGATCACGCAATA,0,5190605
yqjE_yqjK_yqjD_yqjC_predicted,0.25,3,3,CGACAATCACTTGATTTAGC,0,5194117
yqjE_yqjK_yqjD_yqjC_predicted,0.25,3,3,CGACAAAGATGAACCCCCCC,0,5253317
yqjE_yqjK_yqjD_yqjC_predicted,0.25,3,3,CGAATTGCCAGCTAGCCTGG,0,5215466
yqjE_yqjK_yqjD_yqjC_predicted,0.25,3,3,CGAATAGCGCCTTTTTGAAT,0,5241448
yqjE_yqjK_yqjD_yqjC_predicted,0.25,3,3,CGAAGCGGCAGTCGGGCGTT,0,5221169
yqjE_yqjK_yqjD_yqjC_predicted,0.25,3,3,CGAAGATCAACATATCGGCA,0,5207221
yqjE_yqjK_yqjD_yqjC_predicted,0.25,3,3,CGAAGAAACGTCCCTTCGTT,0,5237542
yqjE_yqjK_yqjD_yqjC_predicted,0.25,3,3,CGAAATTCTCCTTTAAAGTG,0,5259994
yqjE_yqjK_yqjD_yqjC_predicted,0.25,3,3,CGAAATCTCTACTGCGCGTG,0,5171463
yqjE_yqjK_yqjD_yqjC_predicted,0.25,3,3,CGAAAGGACAGGTGCGTTCC,0,5262012
yqjE_yqjK_yqjD_yqjC_predicted,0.25,3,3,CGAAACTGACGTCTTTAGAA,0,5210463
yqjE_yqjK_yqjD_yqjC_predicted,0.25,3,3,CGAAAAGGGTTAGTGGCGTG,0,5232523
yqjE_yqjK_yqjD_yqjC_predicted,0.25,3,3,CGAAAAAGAATAGATGGTGA,0,5214194
yqjE_yqjK_yqjD_yqjC_predicted,0.25,3,3,CCTTTTCCGATCATATGTCT,0,5201590
yqjE_yqjK_yqjD_yqjC_predicted,0.25,3,3,CCTTTCACCGGATCCTGCGC,0,5249537
yqjE_yqjK_yqjD_yqjC_predicted,0.25,3,3,CCTTGTTGGCTTAGGGAACA,0,5174435
yqjE_yqjK_yqjD_yqjC_predicted,0.25,3,3,CCTTGACAAGATTAATCGTA,0,5183572
yqjE_yqjK_yqjD_yqjC_predicted,0.25,3,3,CCTTCTTTAATGTCTCGAAC,0,5229028
yqjE_yqjK_yqjD_yqjC_predicted,0.25,3,3,CCTTCTCATCCAAGGAGGTT,0,5246355
yqjE_yqjK_yqjD_yqjC_predicted,0.25,3,3,CCTTCACGGCGTGGCAGGCG,0,5175622
yqjE_yqjK_yqjD_yqjC_predicted,0.25,3,3,CCTTAGAAATCCAGCCAGGT,0,5173022
yqjE_yqjK_yqjD_yqjC_predicted,0.25,3,3,CCTGGCGAGGCACGAGATGA,0,5224088
yqjE_yqjK_yqjD_yqjC_predicted,0.25,3,3,CCTGGCCTAAATCCCACAAG,0,5196039
yqjE_yqjK_yqjD_yqjC_predicted,0.25,3,3,CCTGCCTCAAGCAATCGCGC,0,5224462
yqjE_yqjK_yqjD_yqjC_predicted,0.25,3,3,CCTGCCGAGCGATCCTTCTG,0,5175335
yqjE_yqjK_yqjD_yqjC_predicted,0.25,3,3,CCTGCCCAACAGTCCTACGA,0,5239642
yqjE_yqjK_yqjD_yqjC_predicted,0.25,3,3,CCTGCCAGCTATAACGGGAA,0,5209530
yqjE_yqjK_yqjD_yqjC_predicted,0.25,3,3,CCTCGTACCTTTCCGTGAAT,0,5251205
yqjE_yqjK_yqjD_yqjC_predicted,0.25,3,3,CCTCGCGAACTCATTTTTTC,0,5215883
yqjE_yqjK_yqjD_yqjC_predicted,0.25,3,3,CCTCCTCTCCAGACCGTGGG,0,5242238
yqjE_yqjK_yqjD_yqjC_predicted,0.25,3,3,CCTCCGGGTCTACGCAATGA,0,5256469
yqjE_yqjK_yqjD_yqjC_predicted,0.25,3,3,CCTCCCGCCCCCGCGCTAGT,0,5232558
yqjE_yqjK_yqjD_yqjC_predicted,0.25,3,3,CCTCCCGAGTTTGGCACCAT,0,5238532
yqjE_yqjK_yqjD_yqjC_predicted,0.25,3,3,CCTCCAACTGAAGTAAGGCC,0,5181067
yqjE_yqjK_yqjD_yqjC_predicted,0.25,3,3,CCTCATAAGACGCAAAATTG,0,5243641
yqjE_yqjK_yqjD_yqjC_predicted,0.25,3,3,CCTCAGTCTGCACCGAGACA,0,5236456
yqjE_yqjK_yqjD_yqjC_predicted,0.25,3,3,CCTCAGGAAGCCTTGTTGTT,0,5185948
yqjE_yqjK_yqjD_yqjC_predicted,0.25,3,3,CCTCAACACTTAGCGTTTAT,0,5260682
yqjE_yqjK_yqjD_yqjC_predicted,0.25,3,3,CCTATCATTCATATTGGAGA,0,5179250
yqjE_yqjK_yqjD_yqjC_predicted,0.25,3,3,CCTAGGACTGTAAGATGGTG,0,5235913
yqjE_yqjK_yqjD_yqjC_predicted,0.25,3,3,CCTAGACTGACCATCTCCAC,0,5261311
yqjE_yqjK_yqjD_yqjC_predicted,0.25,3,3,CCTACTGTTCGGCGACATTA,0,5216529
yqjE_yqjK_yqjD_yqjC_predicted,0.25,3,3,CCTACCCGCACACGCGGACC,0,5224353
yqjE_yqjK_yqjD_yqjC_predicted,0.25,3,3,CCTACCAGACCACCAAGCTG,0,5237553
yqjE_yqjK_yqjD_yqjC_predicted,0.25,3,3,CCTAATCTGAAGTGCAACCA,0,5186773
yqjE_yqjK_yqjD_yqjC_predicted,0.25,3,3,CCGTTTTTATAATTGGTCCA,0,5259207
yqjE_yqjK_yqjD_yqjC_predicted,0.25,3,3,CCGTGTGAAAAGCGTGACAG,0,5197181
yqjE_yqjK_yqjD_yqjC_predicted,0.25,3,3,CCGTCGGCTTAATACCACAA,0,5173354
yqjE_yqjK_yqjD_yqjC_predicted,0.25,3,3,CCGTATGTCCTAGCCGCGAT,0,5198051
yqjE_yqjK_yqjD_yqjC_predicted,0.25,3,3,CCGTATGCCGTCGGCGTTGA,0,5190035
yqjE_yqjK_yqjD_yqjC_predicted,0.25,3,3,CCGTACATGAGATTACTGTA,0,5180671
yqjE_yqjK_yqjD_yqjC_predicted,0.25,3,3,CCGGTTGACATTGTTGTTCA,0,5255966
yqjE_yqjK_yqjD_yqjC_predicted,0.25,3,3,CCGGTTATTGGCAGGACCAT,0,5249279
yqjE_yqjK_yqjD_yqjC_predicted,0.25,3,3,CCGGTTAATCGCTAGCGTAG,0,5214556
yqjE_yqjK_yqjD_yqjC_predicted,0.25,3,3,CCGGGGGCACGGCGATTCCT,0,5171193
yqjE_yqjK_yqjD_yqjC_predicted,0.25,3,3,CCGGGGCATCTCACGTACGG,0,5180554
yqjE_yqjK_yqjD_yqjC_predicted,0.25,3,3,CCGGCTCCACAGTGACATTG,0,5174906
yqjE_yqjK_yqjD_yqjC_predicted,0.25,3,3,CCGGCCCAGCTTACGCTCCG,0,5177287
yqjE_yqjK_yqjD_yqjC_predicted,0.25,3,3,CCGGCACTCATTAATGAATT,0,5205293
yqjE_yqjK_yqjD_yqjC_predicted,0.25,3,3,CCGGATGGCAGTTTTTCTTA,0,5250801
yqjE_yqjK_yqjD_yqjC_predicted,0.25,3,3,CCGGACTTTATCGCGCGTTA,0,5228079
yqjE_yqjK_yqjD_yqjC_predicted,0.25,3,3,CCGGACTGTTGACCGTGGAG,0,5198552
yqjE_yqjK_yqjD_yqjC_predicted,0.25,3,3,CCGCTTCCTATGACTGTGTT,0,5172740
yqjE_yqjK_yqjD_yqjC_predicted,0.25,3,3,CCGCTAGCAGACTTAGCACC,0,5190108
yqjE_yqjK_yqjD_yqjC_predicted,0.25,3,3,CCGCGCCAATATCATGCATT,0,5248419
yqjE_yqjK_yqjD_yqjC_predicted,0.25,3,3,CCGCGATTGGCCGGACGACA,0,5235205
yqjE_yqjK_yqjD_yqjC_predicted,0.25,3,3,CCGCCTGATCATCCCCGGCT,0,5258120
yqjE_yqjK_yqjD_yqjC_predicted,0.25,3,3,CCGCCACGTTTACATGTTGA,0,5260593
yqjE_yqjK_yqjD_yqjC_predicted,0.25,3,3,CCGCCACGTCTTGGCCCTCT,0,5254017
yqjE_yqjK_yqjD_yqjC_predicted,0.25,3,3,CCGCAACGCTATGGCCTGTA,0,5206179
yqjE_yqjK_yqjD_yqjC_predicted,0.25,3,3,CCGATGTTGTGGTGGATGGT,0,5205360
yqjE_yqjK_yqjD_yqjC_predicted,0.25,3,3,CCGATGACTAAACAAACACA,0,5196851
yqjE_yqjK_yqjD_yqjC_predicted,0.25,3,3,CCGATAAGTCGAGCCAAAAC,0,5248223
yqjE_yqjK_yqjD_yqjC_predicted,0.25,3,3,CCGAGCTTGTTATCGGAAGG,0,5206996
yqjE_yqjK_yqjD_yqjC_predicted,0.25,3,3,CCGAGCGAGACATTAATTCG,0,5227938
yqjE_yqjK_yqjD_yqjC_predicted,0.25,3,3,CCGAGAACGCTCAGGAATAT,0,5249771
yqjE_yqjK_yqjD_yqjC_predicted,0.25,3,3,CCGACTATATGAGTCCGGTC,0,5258696
yqjE_yqjK_yqjD_yqjC_predicted,0.25,3,3,CCGACGGAGCAATAATACGG,0,5206180
yqjE_yqjK_yqjD_yqjC_predicted,0.25,3,3,CCGACCCTACGACCAGGTTG,0,5192577
yqjE_yqjK_yqjD_yqjC_predicted,0.25,3,3,CCGACAGCCATATCCGGTCC,0,5244036
yqjE_yqjK_yqjD_yqjC_predicted,0.25,3,3,CCGAATCGTACGCGAAGGTT,0,5212197
yqjE_yqjK_yqjD_yqjC_predicted,0.25,3,3,CCCTTTTCCGCAGCTTTGAT,0,5190779
yqjE_yqjK_yqjD_yqjC_predicted,0.25,3,3,CCCTTTCACGACAAAGGGCG,0,5188257
yqjE_yqjK_yqjD_yqjC_predicted,0.25,3,3,CCCTTCATGTACCTTTCGGA,0,5247918
yqjE_yqjK_yqjD_yqjC_predicted,0.25,3,3,CCCTTCAGGAATCTGACTTG,0,5173577
yqjE_yqjK_yqjD_yqjC_predicted,0.25,3,3,CCCTGACGAACCACGTAGGT,0,5217713
yqjE_yqjK_yqjD_yqjC_predicted,0.25,3,3,CCCTCTGTACGAGGAACGAC,0,5197505
yqjE_yqjK_yqjD_yqjC_predicted,0.25,3,3,CCCTCGTATTTATGTCGAGA,0,5231012
yqjE_yqjK_yqjD_yqjC_predicted,0.25,3,3,CCCTCCCAGGAATACCCCGT,0,5242577
yqjE_yqjK_yqjD_yqjC_predicted,0.25,3,3,CCCTATGGATAGGCGGTCCT,0,5230126
yqjE_yqjK_yqjD_yqjC_predicted,0.25,3,3,CCCTATCAAAACACAGTGGA,0,5196185
yqjE_yqjK_yqjD_yqjC_predicted,0.25,3,3,CCCTAGTAGCCACAAAGTAA,0,5261069
yqjE_yqjK_yqjD_yqjC_predicted,0.25,3,3,CCCTACGACAGCTGGCACAT,0,5191102
yqjE_yqjK_yqjD_yqjC_predicted,0.25,3,3,CCCTAAGTGCTGACTCGGAA,0,5192062
yqjE_yqjK_yqjD_yqjC_predicted,0.25,3,3,CCCGTCTTGACAGCAAGCGT,0,5262348
yqjE_yqjK_yqjD_yqjC_predicted,0.25,3,3,CCCGGTCAACGGCGGATTGT,0,5182926
yqjE_yqjK_yqjD_yqjC_predicted,0.25,3,3,CCCGGGTTTTACGTACATTA,0,5231416
yqjE_yqjK_yqjD_yqjC_predicted,0.25,3,3,CCCGGAACAATGCGAGATTG,0,5192777
yqjE_yqjK_yqjD_yqjC_predicted,0.25,3,3,CCCGCCCGAGGCGTACCATA,0,5191078
yqjE_yqjK_yqjD_yqjC_predicted,0.25,3,3,CCCGCCCCTGCTTCATTATT,0,5250483
yqjE_yqjK_yqjD_yqjC_predicted,0.25,3,3,CCCGAGAAGCACCTGACCCT,0,5256988
yqjE_yqjK_yqjD_yqjC_predicted,0.25,3,3,CCCGACATAGTTACGTGGAC,0,5183217
yqjE_yqjK_yqjD_yqjC_predicted,0.25,3,3,CCCGAACGTCTGCACCCATT,0,5201448
yqjE_yqjK_yqjD_yqjC_predicted,0.25,3,3,CCCCTTGGAGATCGCTTCTA,0,5245894
yqjE_yqjK_yqjD_yqjC_predicted,0.25,3,3,CCCCTCAGATGTTAGCTCAT,0,5220878
yqjE_yqjK_yqjD_yqjC_predicted,0.25,3,3,CCCCTCACAAGGACAAAGGG,0,5183073
yqjE_yqjK_yqjD_yqjC_predicted,0.25,3,3,CCCCGATAACGGCTTAAAGA,0,5177124
yqjE_yqjK_yqjD_yqjC_predicted,0.25,3,3,CCCCCGTTTACGGAGTGCGA,0,5236088
yqjE_yqjK_yqjD_yqjC_predicted,0.25,3,3,CCCCCCCGAGTGGTGCTTTC,0,5252247
yqjE_yqjK_yqjD_yqjC_predicted,0.25,3,3,CCCCCATGTATTTATTTTGT,0,5216127
yqjE_yqjK_yqjD_yqjC_predicted,0.25,3,3,CCCCCAGCCCTCGATACTTT,0,5172029
yqjE_yqjK_yqjD_yqjC_predicted,0.25,3,3,CCCCACGTACTCCTGGGTGG,0,5227258
yqjE_yqjK_yqjD_yqjC_predicted,0.25,3,3,CCCCACATAACGGGAAGAAT,0,5258473
yqjE_yqjK_yqjD_yqjC_predicted,0.25,3,3,CCCATGCAAGGCGGATCAGT,0,5209617
yqjE_yqjK_yqjD_yqjC_predicted,0.25,3,3,CCCAGTCGATCGTGCAAAGC,0,5224985
yqjE_yqjK_yqjD_yqjC_predicted,0.25,3,3,CCCAGGCCTGTTCATTCGCA,0,5216279
yqjE_yqjK_yqjD_yqjC_predicted,0.25,3,3,CCCACTGGCGGAATAGTTAG,0,5259146
yqjE_yqjK_yqjD_yqjC_predicted,0.25,3,3,CCCACTATGTCGATCGACCA,0,5199861
yqjE_yqjK_yqjD_yqjC_predicted,0.25,3,3,CCCACCTTAAAATCTAATTC,0,5258891
yqjE_yqjK_yqjD_yqjC_predicted,0.25,3,3,CCCACCTGCTAACAGCCGTA,0,5177154
yqjE_yqjK_yqjD_yqjC_predicted,0.25,3,3,CCCAATGCCTGGATCTCGAC,0,5211285
yqjE_yqjK_yqjD_yqjC_predicted,0.25,3,3,CCCAACCATTTTATGGAGCG,0,5233406
yqjE_yqjK_yqjD_yqjC_predicted,0.25,3,3,CCATTTTGCGAAGTCCGGGT,0,5197375
yqjE_yqjK_yqjD_yqjC_predicted,0.25,3,3,CCATTGCACTCCCCGGGCTT,0,5233309
yqjE_yqjK_yqjD_yqjC_predicted,0.25,3,3,CCATTGAAAAACTGGAATTA,0,5197179
yqjE_yqjK_yqjD_yqjC_predicted,0.25,3,3,CCATGTACCACGTACAGCTT,0,5203032
yqjE_yqjK_yqjD_yqjC_predicted,0.25,3,3,CCATCTGTTTACGTAGCTCT,0,5199518
yqjE_yqjK_yqjD_yqjC_predicted,0.25,3,3,CCATACCTACGCGGCACACT,0,5238348
yqjE_yqjK_yqjD_yqjC_predicted,0.25,3,3,CCAGTGGAATGCGGAGCAGC,0,5235466
yqjE_yqjK_yqjD_yqjC_predicted,0.25,3,3,CCAGTCTGATACGCGCTAGC,0,5250319
yqjE_yqjK_yqjD_yqjC_predicted,0.25,3,3,CCAGGGGTACCGGTTACTGA,0,5230590
yqjE_yqjK_yqjD_yqjC_predicted,0.25,3,3,CCAGGCTCCCAGAACCGGCC,0,5200435
yqjE_yqjK_yqjD_yqjC_predicted,0.25,3,3,CCAGCGTCCGCGGAATCGTT,0,5207733
yqjE_yqjK_yqjD_yqjC_predicted,0.25,3,3,CCAGCACGTGTTCACTATAC,0,5188970
yqjE_yqjK_yqjD_yqjC_predicted,0.25,3,3,CCAGATTATTCAGCGGATAT,0,5241599
yqjE_yqjK_yqjD_yqjC_predicted,0.25,3,3,CCAGAACGACGAGCACTTGG,0,5179176
yqjE_yqjK_yqjD_yqjC_predicted,0.25,3,3,CCACTATTGTATACCAACAC,0,5224104
yqjE_yqjK_yqjD_yqjC_predicted,0.25,3,3,CCACGAGATACTTACATGGG,0,5197530
yqjE_yqjK_yqjD_yqjC_predicted,0.25,3,3,CCACCGCCGTTGGCCCTGAT,0,5226468
yqjE_yqjK_yqjD_yqjC_predicted,0.25,3,3,CCACCCAGTTCCGCAAGGAC,0,5176835
yqjE_yqjK_yqjD_yqjC_predicted,0.25,3,3,CCACATGCGATGTATATGAG,0,5229678
yqjE_yqjK_yqjD_yqjC_predicted,0.25,3,3,CCACAGGTTTTAAACGTTGG,0,5241753
yqjE_yqjK_yqjD_yqjC_predicted,0.25,3,3,CCAAGGTTGGTTCCGATGCA,0,5237067
yqjE_yqjK_yqjD_yqjC_predicted,0.25,3,3,CCAAGGTAGGTGCACTGGGA,0,5249565
yqjE_yqjK_yqjD_yqjC_predicted,0.25,3,3,CCAAGGGTAAACTTATTAGA,0,5237500
yqjE_yqjK_yqjD_yqjC_predicted,0.25,3,3,CCAAGCTGTACGTGGTAGTC,0,5174569
yqjE_yqjK_yqjD_yqjC_predicted,0.25,3,3,CCAAGCTGCCACGCTGCTCG,0,5205410
yqjE_yqjK_yqjD_yqjC_predicted,0.25,3,3,CCAACTGGTGATACAGCGTG,0,5207443
yqjE_yqjK_yqjD_yqjC_predicted,0.25,3,3,CCAACTGCGTTGGTGTCACT,0,5198974
yqjE_yqjK_yqjD_yqjC_predicted,0.25,3,3,CATTGGTTCGCAATACACCG,0,5255356
yqjE_yqjK_yqjD_yqjC_predicted,0.25,3,3,CATTGCTTGCGCTCTCTACA,0,5230935
yqjE_yqjK_yqjD_yqjC_predicted,0.25,3,3,CATTCTAATTCCATTACAGG,0,5243558
yqjE_yqjK_yqjD_yqjC_predicted,0.25,3,3,CATGTCGCGTACGCAGCCCA,0,5255354
yqjE_yqjK_yqjD_yqjC_predicted,0.25,3,3,CATGGCGGGCTTATACTCCC,0,5203698
yqjE_yqjK_yqjD_yqjC_predicted,0.25,3,3,CATGCTCGATTCAGTTTTTC,0,5238162
yqjE_yqjK_yqjD_yqjC_predicted,0.25,3,3,CATGCTAACTCTGCTGCGGC,0,5209802
yqjE_yqjK_yqjD_yqjC_predicted,0.25,3,3,CATGCGTTTCCATTCTGGAA,0,5242856
yqjE_yqjK_yqjD_yqjC_predicted,0.25,3,3,CATGAGGTTCCGGTCAGTCA,0,5171427
yqjE_yqjK_yqjD_yqjC_predicted,0.25,3,3,CATGAAACAAGCGTGAAATG,0,5218622
yqjE_yqjK_yqjD_yqjC_predicted,0.25,3,3,CATCTGTTGGTTCCCCCGGG,0,5253985
yqjE_yqjK_yqjD_yqjC_predicted,0.25,3,3,CATCTGCCGTGCAGAGTTTT,0,5205246
yqjE_yqjK_yqjD_yqjC_predicted,0.25,3,3,CATCTCCGCTCGGGTTTCGG,0,5247885
yqjE_yqjK_yqjD_yqjC_predicted,0.25,3,3,CATCGGCTCTCAGGCAAGCC,0,5241385
yqjE_yqjK_yqjD_yqjC_predicted,0.25,3,3,CATCGGCATGCAAAAGACCT,0,5245791
yqjE_yqjK_yqjD_yqjC_predicted,0.25,3,3,CATCGATCGTGTCAGGGCCA,0,5201002
yqjE_yqjK_yqjD_yqjC_predicted,0.25,3,3,CATCCTTAGGAAATCCATTG,0,5212610
yqjE_yqjK_yqjD_yqjC_predicted,0.25,3,3,CATCCTCTTATCAGTGGGTA,0,5177053
yqjE_yqjK_yqjD_yqjC_predicted,0.25,3,3,CATCCTAACTCATTAAAAGA,0,5223722
yqjE_yqjK_yqjD_yqjC_predicted,0.25,3,3,CATCCGTTCTGAGGAGTTCG,0,5213019
yqjE_yqjK_yqjD_yqjC_predicted,0.25,3,3,CATCCGATTAACGGCCTGAT,0,5231818
yqjE_yqjK_yqjD_yqjC_predicted,0.25,3,3,CATCATATCCAGTCATAGGT,0,5239385
yqjE_yqjK_yqjD_yqjC_predicted,0.25,3,3,CATCATAATGTCGCTCCCAT,0,5230740
yqjE_yqjK_yqjD_yqjC_predicted,0.25,3,3,CATCAGTATACATGCGGTCG,0,5176560
yqjE_yqjK_yqjD_yqjC_predicted,0.25,3,3,CATCAACGCAAGGCCAACAA,0,5230678
yqjE_yqjK_yqjD_yqjC_predicted,0.25,3,3,CATATATCTTAGCCAGCGTA,0,5177139
yqjE_yqjK_yqjD_yqjC_predicted,0.25,3,3,CATACTGGTGAGTTATGAAT,0,5183737
yqjE_yqjK_yqjD_yqjC_predicted,0.25,3,3,CATACCTCGTGAGCAGCAAT,0,5199612
yqjE_yqjK_yqjD_yqjC_predicted,0.25,3,3,CATAATCCGGTCCTCGTCGG,0,5220773
yqjE_yqjK_yqjD_yqjC_predicted,0.25,3,3,CATAATCCAGAGAGAATGTT,0,5251018
yqjE_yqjK_yqjD_yqjC_predicted,0.25,3,3,CATAACAAACTTTTAAGAAT,0,5239115
yqjE_yqjK_yqjD_yqjC_predicted,0.25,3,3,CATAAACTGTTAGTGTGTTA,0,5234167
yqjE_yqjK_yqjD_yqjC_predicted,0.25,3,3,CAGTTGACATCGGACAGGTG,0,5225612
yqjE_yqjK_yqjD_yqjC_predicted,0.25,3,3,CAGTTCGAACAAAGCTACTT,0,5208104
yqjE_yqjK_yqjD_yqjC_predicted,0.25,3,3,CAGTTCCTTTAGGGCATTAC,0,5200044
yqjE_yqjK_yqjD_yqjC_predicted,0.25,3,3,CAGTTCAAATTAGGACTCCG,0,5226979
yqjE_yqjK_yqjD_yqjC_predicted,0.25,3,3,CAGTGTTGCGCTTCTTCGAA,0,5208302
yqjE_yqjK_yqjD_yqjC_predicted,0.25,3,3,CAGTGTCCGGAACCCTAGCC,0,5251942
yqjE_yqjK_yqjD_yqjC_predicted,0.25,3,3,CAGTGCTGCGGAAACGAGGG,0,5227752
yqjE_yqjK_yqjD_yqjC_predicted,0.25,3,3,CAGTGATGTCCAAAGGAGCC,0,5206587
yqjE_yqjK_yqjD_yqjC_predicted,0.25,3,3,CAGTCTACTGTTAGTTACCA,0,5217228
yqjE_yqjK_yqjD_yqjC_predicted,0.25,3,3,CAGTCGGCAGGTTAATAAGC,0,5232306
yqjE_yqjK_yqjD_yqjC_predicted,0.25,3,3,CAGTCACTAAGACAGGATCC,0,5215259
yqjE_yqjK_yqjD_yqjC_predicted,0.25,3,3,CAGTATCCAGGGCAAGATAA,0,5172838
yqjE_yqjK_yqjD_yqjC_predicted,0.25,3,3,CAGTATATAGTACGCCGTGA,0,5219453
yqjE_yqjK_yqjD_yqjC_predicted,0.25,3,3,CAGTAGTCGTCTGAGACCTT,0,5201646
yqjE_yqjK_yqjD_yqjC_predicted,0.25,3,3,CAGTAGGGGCTAGGTCTAAG,0,5184207
yqjE_yqjK_yqjD_yqjC_predicted,0.25,3,3,CAGTACCCCACCCTACCTTC,0,5215881
yqjE_yqjK_yqjD_yqjC_predicted,0.25,3,3,CAGTAATTTTGTTATTCATA,0,5223559
yqjE_yqjK_yqjD_yqjC_predicted,0.25,3,3,CAGGTTTAACTAATGAGTAA,0,5249811
yqjE_yqjK_yqjD_yqjC_predicted,0.25,3,3,CAGGTGGCCACGCTAGTGGC,0,5184598
yqjE_yqjK_yqjD_yqjC_predicted,0.25,3,3,CAGGTGGAGGTTCCAACCTT,0,5214018
yqjE_yqjK_yqjD_yqjC_predicted,0.25,3,3,CAGGTCTCAAAAAAACTACT,0,5229254
yqjE_yqjK_yqjD_yqjC_predicted,0.25,3,3,CAGGTATAGACGAAGGTGTT,0,5259374
yqjE_yqjK_yqjD_yqjC_predicted,0.25,3,3,CAGGTAGCCCCCCTATCGAT,0,5188300
yqjE_yqjK_yqjD_yqjC_predicted,0.25,3,3,CAGGTAGATAGCTTACCTTC,0,5190450
yqjE_yqjK_yqjD_yqjC_predicted,0.25,3,3,CAGGGGTTAAGGGATTCGGC,0,5181114
yqjE_yqjK_yqjD_yqjC_predicted,0.25,3,3,CAGGGATGGAGTTACTGTGT,0,5259617
yqjE_yqjK_yqjD_yqjC_predicted,0.25,3,3,CAGGGATACCCCCATTGATA,0,5219347
yqjE_yqjK_yqjD_yqjC_predicted,0.25,3,3,CAGGGAGGATATTCCCATTG,0,5227290
yqjE_yqjK_yqjD_yqjC_predicted,0.25,3,3,CAGGCGACCTACATTCAGCC,0,5173039
yqjE_yqjK_yqjD_yqjC_predicted,0.25,3,3,CAGGCCAACACCATTAACAC,0,5211492
yqjE_yqjK_yqjD_yqjC_predicted,0.25,3,3,CAGGCAGGGCCCAGGGGAAC,0,5193175
yqjE_yqjK_yqjD_yqjC_predicted,0.25,3,3,CAGGATGGATCCCTAATGGA,0,5260073
yqjE_yqjK_yqjD_yqjC_predicted,0.25,3,3,CAGGAGTTCAGCAGGCTTGA,0,5193478
yqjE_yqjK_yqjD_yqjC_predicted,0.25,3,3,CAGGAATCACGAGCCTTTAC,0,5198820
yqjE_yqjK_yqjD_yqjC_predicted,0.25,3,3,CAGCTTAGACAGTCCCGGCA,0,5176973
yqjE_yqjK_yqjD_yqjC_predicted,0.25,3,3,CAGCTGAAAATGCGCGCCAA,0,5253717
yqjE_yqjK_yqjD_yqjC_predicted,0.25,3,3,CAGCGCTTTTGCTATTCGAG,0,5235447
yqjE_yqjK_yqjD_yqjC_predicted,0.25,3,3,CAGCGAGGCACTAACAATTA,0,5183990
yqjE_yqjK_yqjD_yqjC_predicted,0.25,3,3,CAGCGACATATTATAAGCAA,0,5242117
yqjE_yqjK_yqjD_yqjC_predicted,0.25,3,3,CAGCGACAACGCTTTGCTCT,0,5245565
yqjE_yqjK_yqjD_yqjC_predicted,0.25,3,3,CAGCCTTCATGGTAGACATG,0,5243871
yqjE_yqjK_yqjD_yqjC_predicted,0.25,3,3,CAGCCGCTTGCGACGCCTTA,0,5187194
yqjE_yqjK_yqjD_yqjC_predicted,0.25,3,3,CAGCCCGCCTTGGAAACTCA,0,5257633
yqjE_yqjK_yqjD_yqjC_predicted,0.25,3,3,CAGCATATCCCGGCAAAACG,0,5184998
yqjE_yqjK_yqjD_yqjC_predicted,0.25,3,3,CAGCAGCGAGTCTCACCGCC,0,5217254
yqjE_yqjK_yqjD_yqjC_predicted,0.25,3,3,CAGCACTCTGGCCCTCGGGA,0,5197440
yqjE_yqjK_yqjD_yqjC_predicted,0.25,3,3,CAGCACGCCGAAGTCCAATT,0,5181086
yqjE_yqjK_yqjD_yqjC_predicted,0.25,3,3,CAGCAAACTATTAAAATCAG,0,5194733
yqjE_yqjK_yqjD_yqjC_predicted,0.25,3,3,CAGATTCAAATGTGGCAACG,0,5210029
yqjE_yqjK_yqjD_yqjC_predicted,0.25,3,3,CAGAGTTTGATGAATCGATG,0,5242402
yqjE_yqjK_yqjD_yqjC_predicted,0.25,3,3,CAGAGATTTTATGCCCCCTA,0,5183192
yqjE_yqjK_yqjD_yqjC_predicted,0.25,3,3,CAGAGAAACGGCCGTTACCA,0,5224229
yqjE_yqjK_yqjD_yqjC_predicted,0.25,3,3,CAGACTGAGGGTGTAATATT,0,5208015
yqjE_yqjK_yqjD_yqjC_predicted,0.25,3,3,CAGACCGCCCGCAAACTATT,0,5242399
yqjE_yqjK_yqjD_yqjC_predicted,0.25,3,3,CAGAAGCGATACTCAGTAAT,0,5220951
yqjE_yqjK_yqjD_yqjC_predicted,0.25,3,3,CACTTATTCTGAACACACTC,0,5179222
yqjE_yqjK_yqjD_yqjC_predicted,0.25,3,3,CACTGGCAAATATAAACACA,0,5209988
yqjE_yqjK_yqjD_yqjC_predicted,0.25,3,3,CACTGCGTGACAACCGATGT,0,5202466
yqjE_yqjK_yqjD_yqjC_predicted,0.25,3,3,CACTGCGCAGCTTATGATCC,0,5240080
yqjE_yqjK_yqjD_yqjC_predicted,0.25,3,3,CACTGCCCAATATCCGACAC,0,5218938
yqjE_yqjK_yqjD_yqjC_predicted,0.25,3,3,CACTGCAGCTTTTCAGCCTA,0,5201713
yqjE_yqjK_yqjD_yqjC_predicted,0.25,3,3,CACTCTGCGCTGAAAGGCTG,0,5240236
yqjE_yqjK_yqjD_yqjC_predicted,0.25,3,3,CACTCTGAGGATTGATCCGG,0,5224422
yqjE_yqjK_yqjD_yqjC_predicted,0.25,3,3,CACTCCTAGAATTTCCCACG,0,5172201
yqjE_yqjK_yqjD_yqjC_predicted,0.25,3,3,CACTCCCCTGCCCGGGGCGG,0,5228502
yqjE_yqjK_yqjD_yqjC_predicted,0.25,3,3,CACTCCATGGAGAGATTCAC,0,5254160
yqjE_yqjK_yqjD_yqjC_predicted,0.25,3,3,CACTCATACTGGCTTGCCTT,0,5176273
yqjE_yqjK_yqjD_yqjC_predicted,0.25,3,3,CACTAGCAACCTCTCCAACA,0,5258214
yqjE_yqjK_yqjD_yqjC_predicted,0.25,3,3,CACTACTACTCACAGGACGC,0,5230301
yqjE_yqjK_yqjD_yqjC_predicted,0.25,3,3,CACTACATCGGGCTATGACA,0,5236504
yqjE_yqjK_yqjD_yqjC_predicted,0.25,3,3,CACGTCCACCGCAATACATC,0,5259042
yqjE_yqjK_yqjD_yqjC_predicted,0.25,3,3,CACGGTCCGGGTTGAGAATT,0,5258806
yqjE_yqjK_yqjD_yqjC_predicted,0.25,3,3,CACGGGAGGAAAAGCAACGA,0,5259331
yqjE_yqjK_yqjD_yqjC_predicted,0.25,3,3,CACGCTACGATTCGTTCGGA,0,5184643
yqjE_yqjK_yqjD_yqjC_predicted,0.25,3,3,CACGACCGCCCGCTAGAGTC,0,5175170
yqjE_yqjK_yqjD_yqjC_predicted,0.25,3,3,CACGAACGGTTTAGGAATAC,0,5209006
yqjE_yqjK_yqjD_yqjC_predicted,0.25,3,3,CACCTTGCGCCTGGGTGGCT,0,5191903
yqjE_yqjK_yqjD_yqjC_predicted,0.25,3,3,CACCTATGCGCGCGACGTCT,0,5210401
yqjE_yqjK_yqjD_yqjC_predicted,0.25,3,3,CACCCGGAGCGACGATGCTG,0,5173935
yqjE_yqjK_yqjD_yqjC_predicted,0.25,3,3,CACCCGCTCGGTATGGACCC,0,5181763
yqjE_yqjK_yqjD_yqjC_predicted,0.25,3,3,CACCCAAGCCTCCGACACTT,0,5191906
yqjE_yqjK_yqjD_yqjC_predicted,0.25,3,3,CACCAATGTGCCACAGACCG,0,5247263
yqjE_yqjK_yqjD_yqjC_predicted,0.25,3,3,CACATGGCCTCATATGGGCA,0,5177158
yqjE_yqjK_yqjD_yqjC_predicted,0.25,3,3,CACAGATGGGGCACTGTCCC,0,5175088
yqjE_yqjK_yqjD_yqjC_predicted,0.25,3,3,CACAGATCTTCTAGGTTATT,0,5235134
yqjE_yqjK_yqjD_yqjC_predicted,0.25,3,3,CACACTGCTGTGAGAAGTCA,0,5221206
yqjE_yqjK_yqjD_yqjC_predicted,0.25,3,3,CACACGGAATGATAAAGGAA,0,5237952
yqjE_yqjK_yqjD_yqjC_predicted,0.25,3,3,CACACGAAGTACCAAAGACT,0,5210118
yqjE_yqjK_yqjD_yqjC_predicted,0.25,3,3,CACACCTTTCTCTCACGATG,0,5183076
yqjE_yqjK_yqjD_yqjC_predicted,0.25,3,3,CACACATAGGGTTTGCAGTC,0,5250168
yqjE_yqjK_yqjD_yqjC_predicted,0.25,3,3,CACACACGCATGCACCAAGG,0,5221935
yqjE_yqjK_yqjD_yqjC_predicted,0.25,3,3,CACAAGTGTTTACCCACAGC,0,5226219
yqjE_yqjK_yqjD_yqjC_predicted,0.25,3,3,CACAAGCGAAGATCATCAAC,0,5194075
yqjE_yqjK_yqjD_yqjC_predicted,0.25,3,3,CACAAGACTGCCGTTTTTAT,0,5239816
yqjE_yqjK_yqjD_yqjC_predicted,0.25,3,3,CAATTCCCAGGGAATAATTG,0,5253032
yqjE_yqjK_yqjD_yqjC_predicted,0.25,3,3,CAATGGTGGAACACTTAGAG,0,5176348
yqjE_yqjK_yqjD_yqjC_predicted,0.25,3,3,CAATCTGGCGTCTCGTCTTG,0,5211569
yqjE_yqjK_yqjD_yqjC_predicted,0.25,3,3,CAAGTTGCATCCCTCGGGTC,0,5240932
yqjE_yqjK_yqjD_yqjC_predicted,0.25,3,3,CAAGTTACTTCCAGATGGCG,0,5192205
yqjE_yqjK_yqjD_yqjC_predicted,0.25,3,3,CAAGTGCGGAACCGCCCCCA,0,5227553
yqjE_yqjK_yqjD_yqjC_predicted,0.25,3,3,CAAGGGGGGGTTACTGACGG,0,5224557
yqjE_yqjK_yqjD_yqjC_predicted,0.25,3,3,CAAGGGGCTGCACGTAGCGT,0,5217972
yqjE_yqjK_yqjD_yqjC_predicted,0.25,3,3,CAAGGCCTGGTGTGGTTCAG,0,5214036
yqjE_yqjK_yqjD_yqjC_predicted,0.25,3,3,CAAGGCAAACGTACTGAAAA,0,5243848
yqjE_yqjK_yqjD_yqjC_predicted,0.25,3,3,CAAGCGTTCTAACTGGATCT,0,5230530
yqjE_yqjK_yqjD_yqjC_predicted,0.25,3,3,CAAGCCGAGGTAGGGTGTAC,0,5248962
yqjE_yqjK_yqjD_yqjC_predicted,0.25,3,3,CAAGATACGAACTAAGTCTA,0,5222463
yqjE_yqjK_yqjD_yqjC_predicted,0.25,3,3,CAAGAGACGCATGCATTGTC,0,5170891
yqjE_yqjK_yqjD_yqjC_predicted,0.25,3,3,CAAGACCTTGGATTACCATT,0,5252056
yqjE_yqjK_yqjD_yqjC_predicted,0.25,3,3,CAACTGCCCTACAGGGGTCA,0,5262375
yqjE_yqjK_yqjD_yqjC_predicted,0.25,3,3,CAACTGCCAAAGCACCGTCG,0,5199198
yqjE_yqjK_yqjD_yqjC_predicted,0.25,3,3,CAACGGCGGGCGGTGACTGT,0,5234754
yqjE_yqjK_yqjD_yqjC_predicted,0.25,3,3,CAACGCACCAAGGACAAAGA,0,5187568
yqjE_yqjK_yqjD_yqjC_predicted,0.25,3,3,CAACCCGCATGCAAAAGTTT,0,5248970
yqjE_yqjK_yqjD_yqjC_predicted,0.25,3,3,CAACCATTGCATCTACGCCT,0,5262550
yqjE_yqjK_yqjD_yqjC_predicted,0.25,3,3,CAACAGCCGACGGACTTCTA,0,5223977
yqjE_yqjK_yqjD_yqjC_predicted,0.25,3,3,CAACAGAGGAACCCGTGTAG,0,5189955
yqjE_yqjK_yqjD_yqjC_predicted,0.25,3,3,CAACAGAATTGACCCGAAGG,0,5177727
yqjE_yqjK_yqjD_yqjC_predicted,0.25,3,3,CAACACTTTTTCAGAATTGT,0,5178109
yqjE_yqjK_yqjD_yqjC_predicted,0.25,3,3,CAACAATAACTTCGGTAACG,0,5260044
yqjE_yqjK_yqjD_yqjC_predicted,0.25,3,3,CAAATTTGACCAGGATAATT,0,5260238
yqjE_yqjK_yqjD_yqjC_predicted,0.25,3,3,CAAATTGAGACCGGAAGCGT,0,5182853
yqjE_yqjK_yqjD_yqjC_predicted,0.25,3,3,CAAATTACAAGGGTAATCCA,0,5227408
yqjE_yqjK_yqjD_yqjC_predicted,0.25,3,3,CAAAGGTACTGTAGTCGGGC,0,5231172
yqjE_yqjK_yqjD_yqjC_predicted,0.25,3,3,CAAAGCTATATAACTCTCAG,0,5199952
yqjE_yqjK_yqjD_yqjC_predicted,0.25,3,3,CAAAGAGGCGGAGCCATTTT,0,5229830
yqjE_yqjK_yqjD_yqjC_predicted,0.25,3,3,CAAAAAGTGAATTTTATCCG,0,5231249
yqjE_yqjK_yqjD_yqjC_predicted,0.25,3,3,ATTTTTACCTGATTGGGTCA,0,5233964
yqjE_yqjK_yqjD_yqjC_predicted,0.25,3,3,ATTTTGTTCAGAAGTCCGGT,0,5217987
yqjE_yqjK_yqjD_yqjC_predicted,0.25,3,3,ATTTTGCTCTCTTTCACAAG,0,5191674
yqjE_yqjK_yqjD_yqjC_predicted,0.25,3,3,ATTTTCTTCGCCTCAAAGCT,0,5229619
yqjE_yqjK_yqjD_yqjC_predicted,0.25,3,3,ATTTGAGCGTTAATGCCATA,0,5177001
yqjE_yqjK_yqjD_yqjC_predicted,0.25,3,3,ATTTCCCGGGGACATAATTT,0,5230064
yqjE_yqjK_yqjD_yqjC_predicted,0.25,3,3,ATTTCCCACTATATGGGCTC,0,5252759
yqjE_yqjK_yqjD_yqjC_predicted,0.25,3,3,ATTTATCAGCTTGTTGGTAT,0,5258693
yqjE_yqjK_yqjD_yqjC_predicted,0.25,3,3,ATTTAGTTCTAGGTGATACG,0,5257709
yqjE_yqjK_yqjD_yqjC_predicted,0.25,3,3,ATTTAAGTGCATTGTTCTGG,0,5193008
yqjE_yqjK_yqjD_yqjC_predicted,0.25,3,3,ATTGTGTCCTTAAGGGACAG,0,5183613
yqjE_yqjK_yqjD_yqjC_predicted,0.25,3,3,ATTGTAAACCTCGGGCTAAC,0,5211469
yqjE_yqjK_yqjD_yqjC_predicted,0.25,3,3,ATTGGTTCTTATTTATCGAG,0,5209599
yqjE_yqjK_yqjD_yqjC_predicted,0.25,3,3,ATTGGGCTTGCCTAACTTAG,0,5217624
yqjE_yqjK_yqjD_yqjC_predicted,0.25,3,3,ATTGGATAAACGGCGTTCGA,0,5197322
yqjE_yqjK_yqjD_yqjC_predicted,0.25,3,3,ATTGGAGTATTACCAGCCTA,0,5213931
yqjE_yqjK_yqjD_yqjC_predicted,0.25,3,3,ATTGCGTTATTTTAACGCCA,0,5239750
yqjE_yqjK_yqjD_yqjC_predicted,0.25,3,3,ATTGCCAAAGCGCGTCCAGA,0,5240361
yqjE_yqjK_yqjD_yqjC_predicted,0.25,3,3,ATTGATGGAGGATGAAGTGT,0,5195570
yqjE_yqjK_yqjD_yqjC_predicted,0.25,3,3,ATTGAGCTAGGGGGACTCGA,0,5245836
yqjE_yqjK_yqjD_yqjC_predicted,0.25,3,3,ATTCTCGGGCGGCTTGTTTG,0,5170826
yqjE_yqjK_yqjD_yqjC_predicted,0.25,3,3,ATTCGCTGGCTACCGAATAC,0,5257950
yqjE_yqjK_yqjD_yqjC_predicted,0.25,3,3,ATTCCGCCACAGAATAGGCT,0,5248604
yqjE_yqjK_yqjD_yqjC_predicted,0.25,3,3,ATTCCATTAACAAAGGTTAC,0,5240471
yqjE_yqjK_yqjD_yqjC_predicted,0.25,3,3,ATTCCACCGGTACCACTGGA,0,5209895
yqjE_yqjK_yqjD_yqjC_predicted,0.25,3,3,ATTCATTAGTTACGTGTACT,0,5179989
yqjE_yqjK_yqjD_yqjC_predicted,0.25,3,3,ATTCATATCGCCTAAACGGT,0,5173225
yqjE_yqjK_yqjD_yqjC_predicted,0.25,3,3,ATTCAATCGGCTATATAGAA,0,5221882
yqjE_yqjK_yqjD_yqjC_predicted,0.25,3,3,ATTATGTTCATCTGAGTAGC,0,5201704
yqjE_yqjK_yqjD_yqjC_predicted,0.25,3,3,ATTATGTCAACCATACCCAA,0,5192369
yqjE_yqjK_yqjD_yqjC_predicted,0.25,3,3,ATTATGGTGGGTTAGCTCTA,0,5219432
yqjE_yqjK_yqjD_yqjC_predicted,0.25,3,3,ATTATCTGCCATTCTCCTCA,0,5183747
yqjE_yqjK_yqjD_yqjC_predicted,0.25,3,3,ATTATCTATCAGCGACGTGC,0,5200703
yqjE_yqjK_yqjD_yqjC_predicted,0.25,3,3,ATTAGTGGACCGCCGTACTC,0,5227350
yqjE_yqjK_yqjD_yqjC_predicted,0.25,3,3,ATTAGTCTCTAACACAAAGA,0,5171386
yqjE_yqjK_yqjD_yqjC_predicted,0.25,3,3,ATTAGTCCACCGAGCATAGA,0,5181207
yqjE_yqjK_yqjD_yqjC_predicted,0.25,3,3,ATTAGCTGTGGTGGGAAGTG,0,5234112
yqjE_yqjK_yqjD_yqjC_predicted,0.25,3,3,ATTAGCGCATCCCCGCGACG,0,5239398
yqjE_yqjK_yqjD_yqjC_predicted,0.25,3,3,ATTAGCGAAGCGGGTATTAA,0,5229398
yqjE_yqjK_yqjD_yqjC_predicted,0.25,3,3,ATTACGTTAACCCGGTGGCC,0,5231395
yqjE_yqjK_yqjD_yqjC_predicted,0.25,3,3,ATTACGAGCAGCAACAGTAG,0,5254543
yqjE_yqjK_yqjD_yqjC_predicted,0.25,3,3,ATTACCTACCTGAGAGAACA,0,5204959
yqjE_yqjK_yqjD_yqjC_predicted,0.25,3,3,ATTAACCTTGACCTGCATGC,0,5211214
yqjE_yqjK_yqjD_yqjC_predicted,0.25,3,3,ATTAAAATCACTAAGTGAAC,0,5186055
yqjE_yqjK_yqjD_yqjC_predicted,0.25,3,3,ATGTTTGCAGCGTACAAACT,0,5180749
yqjE_yqjK_yqjD_yqjC_predicted,0.25,3,3,ATGTTGGTATTTTTTTAGTT,0,5243180
yqjE_yqjK_yqjD_yqjC_predicted,0.25,3,3,ATGTTCTGGGCCTCGCCTAG,0,5233720
yqjE_yqjK_yqjD_yqjC_predicted,0.25,3,3,ATGTTCGGCAAAAGTATTCG,0,5218968
yqjE_yqjK_yqjD_yqjC_predicted,0.25,3,3,ATGTCCTGACTCATTCCTTG,0,5190836
yqjE_yqjK_yqjD_yqjC_predicted,0.25,3,3,ATGTCCACGCGACACGCGAT,0,5195840
yqjE_yqjK_yqjD_yqjC_predicted,0.25,3,3,ATGTCATCGATCCCGTAACC,0,5179530
yqjE_yqjK_yqjD_yqjC_predicted,0.25,3,3,ATGTAGGTATTAGTTCCCCC,0,5211895
yqjE_yqjK_yqjD_yqjC_predicted,0.25,3,3,ATGTAGGCTAGCACGTTCTT,0,5196044
yqjE_yqjK_yqjD_yqjC_predicted,0.25,3,3,ATGTAGAGGTCTTGGCGTAT,0,5252411
yqjE_yqjK_yqjD_yqjC_predicted,0.25,3,3,ATGGTTAGGTTAGAGCTATC,0,5225272
yqjE_yqjK_yqjD_yqjC_predicted,0.25,3,3,ATGGTGGAACCCACAATGGT,0,5252795
yqjE_yqjK_yqjD_yqjC_predicted,0.25,3,3,ATGGTGATCTCGCTACAAGA,0,5215367
yqjE_yqjK_yqjD_yqjC_predicted,0.25,3,3,ATGGTGAGCGAGTCCGTCAA,0,5217513
yqjE_yqjK_yqjD_yqjC_predicted,0.25,3,3,ATGGTAGAGTGTACGGTGGG,0,5233159
yqjE_yqjK_yqjD_yqjC_predicted,0.25,3,3,ATGGCCCCTTAGAAGCGTCC,0,5194074
yqjE_yqjK_yqjD_yqjC_predicted,0.25,3,3,ATGGCCAATACTCGGGATCT,0,5176122
yqjE_yqjK_yqjD_yqjC_predicted,0.25,3,3,ATGGCAGGAACACCTCAGAT,0,5196430
yqjE_yqjK_yqjD_yqjC_predicted,0.25,3,3,ATGGATTTTAACCGTGGTGG,0,5187102
yqjE_yqjK_yqjD_yqjC_predicted,0.25,3,3,ATGGAGCTGGTGTAGTCACG,0,5209684
yqjE_yqjK_yqjD_yqjC_predicted,0.25,3,3,ATGCTTGTCCACATAGCATT,0,5232848
yqjE_yqjK_yqjD_yqjC_predicted,0.25,3,3,ATGCTTGACTACAGGCGTAG,0,5254261
yqjE_yqjK_yqjD_yqjC_predicted,0.25,3,3,ATGCTCCCGCGCCGCGAATG,0,5171890
yqjE_yqjK_yqjD_yqjC_predicted,0.25,3,3,ATGCTACAAAGTTAGCTTAA,0,5233700
yqjE_yqjK_yqjD_yqjC_predicted,0.25,3,3,ATGCTAAAGCTGCCTAGGTT,0,5208844
yqjE_yqjK_yqjD_yqjC_predicted,0.25,3,3,ATGCGCCGCTATTGAACCTA,0,5229392
yqjE_yqjK_yqjD_yqjC_predicted,0.25,3,3,ATGCAACAGCTCGTCGGAGA,0,5172014
yqjE_yqjK_yqjD_yqjC_predicted,0.25,3,3,ATGATGGCCAATTTTGCGGG,0,5233221
yqjE_yqjK_yqjD_yqjC_predicted,0.25,3,3,ATGATGGAAAGGAGGAACTA,0,5243662
yqjE_yqjK_yqjD_yqjC_predicted,0.25,3,3,ATGATCACAGCTGAAGCGTT,0,5210564
yqjE_yqjK_yqjD_yqjC_predicted,0.25,3,3,ATGACGAGCGGCGCATAACG,0,5180904
yqjE_yqjK_yqjD_yqjC_predicted,0.25,3,3,ATGACCGAGTGATTTATCTC,0,5214363
yqjE_yqjK_yqjD_yqjC_predicted,0.25,3,3,ATGAATGAACCTGTCCAAAT,0,5187429
yqjE_yqjK_yqjD_yqjC_predicted,0.25,3,3,ATGAACTTTCACATTCACTC,0,5243122
yqjE_yqjK_yqjD_yqjC_predicted,0.25,3,3,ATGAAAAAGAATTATGCTTG,0,5208433
yqjE_yqjK_yqjD_yqjC_predicted,0.25,3,3,ATCTTGCATAGCACCATGTG,0,5226015
yqjE_yqjK_yqjD_yqjC_predicted,0.25,3,3,ATCTTCCATTACCATAGTGA,0,5219273
yqjE_yqjK_yqjD_yqjC_predicted,0.25,3,3,ATCTGGAGAGATATAGACAA,0,5185738
yqjE_yqjK_yqjD_yqjC_predicted,0.25,3,3,ATCTGATTACAGAAAACCGA,0,5220975
yqjE_yqjK_yqjD_yqjC_predicted,0.25,3,3,ATCTCTCGTGTCCTTGTCAC,0,5175221
yqjE_yqjK_yqjD_yqjC_predicted,0.25,3,3,ATCTCGGTGGACTTGAAAGA,0,5254126
yqjE_yqjK_yqjD_yqjC_predicted,0.25,3,3,ATCTAGCTTTTTTGCAAATC,0,5230857
yqjE_yqjK_yqjD_yqjC_predicted,0.25,3,3,ATCTAGAGCCTGGTAGTACA,0,5201572
yqjE_yqjK_yqjD_yqjC_predicted,0.25,3,3,ATCTAAGAGCCGGGCGATTA,0,5181649
yqjE_yqjK_yqjD_yqjC_predicted,0.25,3,3,ATCGTGGGGGCCGCGCGAGA,0,5194526
yqjE_yqjK_yqjD_yqjC_predicted,0.25,3,3,ATCGTCTGACAAGGTTTGGT,0,5206438
yqjE_yqjK_yqjD_yqjC_predicted,0.25,3,3,ATCGGTTAGGGGTTCCCTCA,0,5259077
yqjE_yqjK_yqjD_yqjC_predicted,0.25,3,3,ATCGGTGTCCTCGGCTGCCA,0,5224423
yqjE_yqjK_yqjD_yqjC_predicted,0.25,3,3,ATCGGGTTTCATGCGCCGAC,0,5179439
yqjE_yqjK_yqjD_yqjC_predicted,0.25,3,3,ATCGCTATAAGACTAAGACT,0,5220187
yqjE_yqjK_yqjD_yqjC_predicted,0.25,3,3,ATCGCGCGCCTATGTTTCGG,0,5219664
yqjE_yqjK_yqjD_yqjC_predicted,0.25,3,3,ATCGCCGAATATCATGAATT,0,5179247
yqjE_yqjK_yqjD_yqjC_predicted,0.25,3,3,ATCGACGTCCAGCCTTCCGT,0,5219032
yqjE_yqjK_yqjD_yqjC_predicted,0.25,3,3,ATCGACCGCGTATCCACAAC,0,5198323
yqjE_yqjK_yqjD_yqjC_predicted,0.25,3,3,ATCCTGAATACTATTCGGTT,0,5171669
yqjE_yqjK_yqjD_yqjC_predicted,0.25,3,3,ATCCTAATTTATCCAGACCC,0,5252523
yqjE_yqjK_yqjD_yqjC_predicted,0.25,3,3,ATCCGGGACGGACCTGGCGC,0,5218111
yqjE_yqjK_yqjD_yqjC_predicted,0.25,3,3,ATCCGCCTTATCATGCGCGG,0,5222769
yqjE_yqjK_yqjD_yqjC_predicted,0.25,3,3,ATCCGAGTAAAGAGCCGGAC,0,5190776
yqjE_yqjK_yqjD_yqjC_predicted,0.25,3,3,ATCCGAGGCGCGCCGTATTA,0,5202394
yqjE_yqjK_yqjD_yqjC_predicted,0.25,3,3,ATCCCTTAGATAGGTTCGGA,0,5248955
yqjE_yqjK_yqjD_yqjC_predicted,0.25,3,3,ATCCCAAGGCACCCTGATAT,0,5238055
yqjE_yqjK_yqjD_yqjC_predicted,0.25,3,3,ATCCACCACGATTTCCCCAT,0,5196900
yqjE_yqjK_yqjD_yqjC_predicted,0.25,3,3,ATCCACATATTATGACTAAA,0,5196027
yqjE_yqjK_yqjD_yqjC_predicted,0.25,3,3,ATCCACAGTTAAGTTTATCT,0,5171224
yqjE_yqjK_yqjD_yqjC_predicted,0.25,3,3,ATCCAATCCCGATCCACGGG,0,5200360
yqjE_yqjK_yqjD_yqjC_predicted,0.25,3,3,ATCATTCGAGAAGTAGTCAC,0,5248210
yqjE_yqjK_yqjD_yqjC_predicted,0.25,3,3,ATCAGCGATGATTTCCTTAT,0,5181655
yqjE_yqjK_yqjD_yqjC_predicted,0.25,3,3,ATCACTGACGTGTGTGCCAG,0,5240375
yqjE_yqjK_yqjD_yqjC_predicted,0.25,3,3,ATCACAGATATGTACATCAT,0,5172438
yqjE_yqjK_yqjD_yqjC_predicted,0.25,3,3,ATCACAAAAACGGTGCGCGG,0,5176838
yqjE_yqjK_yqjD_yqjC_predicted,0.25,3,3,ATCAATTCTGGTCGTTTTTC,0,5219716
yqjE_yqjK_yqjD_yqjC_predicted,0.25,3,3,ATCAAATGAGCGCGCCTCGG,0,5182159
yqjE_yqjK_yqjD_yqjC_predicted,0.25,3,3,ATATTAGGACGATCGGTACT,0,5221032
yqjE_yqjK_yqjD_yqjC_predicted,0.25,3,3,ATATTACCAACTTGACCCCA,0,5211826
yqjE_yqjK_yqjD_yqjC_predicted,0.25,3,3,ATATGGATTGCTGTCGGGCA,0,5250829
yqjE_yqjK_yqjD_yqjC_predicted,0.25,3,3,ATATGACAGGGCATGACTAC,0,5207475
yqjE_yqjK_yqjD_yqjC_predicted,0.25,3,3,ATATCCCCGTCTTTACAAAA,0,5243762
yqjE_yqjK_yqjD_yqjC_predicted,0.25,3,3,ATATCCCAGTGCTATAAATA,0,5256864
yqjE_yqjK_yqjD_yqjC_predicted,0.25,3,3,ATATAGTACTGAGGGATCAA,0,5194628
yqjE_yqjK_yqjD_yqjC_predicted,0.25,3,3,ATATAATCTTTTAAAACACT,0,5189585
yqjE_yqjK_yqjD_yqjC_predicted,0.25,3,3,ATAGTGATTCTGAAATGGTA,0,5184375
yqjE_yqjK_yqjD_yqjC_predicted,0.25,3,3,ATAGTCCCATGCTATTCTTT,0,5258466
yqjE_yqjK_yqjD_yqjC_predicted,0.25,3,3,ATAGTACCTGACCCAGGGTC,0,5243112
yqjE_yqjK_yqjD_yqjC_predicted,0.25,3,3,ATAGGTCCGAGTTATACCAA,0,5237072
yqjE_yqjK_yqjD_yqjC_predicted,0.25,3,3,ATAGGCGAGAATTCCGCACG,0,5260033
yqjE_yqjK_yqjD_yqjC_predicted,0.25,3,3,ATAGGCCGCATTGTTCTTCT,0,5188294
yqjE_yqjK_yqjD_yqjC_predicted,0.25,3,3,ATAGCTCCGGTGTACGGGGT,0,5246180
yqjE_yqjK_yqjD_yqjC_predicted,0.25,3,3,ATAGCGACGGGCAACACTTT,0,5244701
yqjE_yqjK_yqjD_yqjC_predicted,0.25,3,3,ATAGCCGAGTTCAAACGTTA,0,5234188
yqjE_yqjK_yqjD_yqjC_predicted,0.25,3,3,ATAGATAAGTGTGGGGTGAA,0,5172728
yqjE_yqjK_yqjD_yqjC_predicted,0.25,3,3,ATAGACATGGTCTGGTTTCG,0,5225948
yqjE_yqjK_yqjD_yqjC_predicted,0.25,3,3,ATAGAAAGTTTGACCAAGTA,0,5185999
yqjE_yqjK_yqjD_yqjC_predicted,0.25,3,3,ATACTCTGCCGCGGTTTCTT,0,5197363
yqjE_yqjK_yqjD_yqjC_predicted,0.25,3,3,ATACGTCCATATTTTGACAC,0,5183619
yqjE_yqjK_yqjD_yqjC_predicted,0.25,3,3,ATACGGGGGCGTTCCCGGTA,0,5243530
yqjE_yqjK_yqjD_yqjC_predicted,0.25,3,3,ATACCTAATGCTGTTACAAG,0,5179865
yqjE_yqjK_yqjD_yqjC_predicted,0.25,3,3,ATACCGCCTATCTAGAGCAT,0,5198315
yqjE_yqjK_yqjD_yqjC_predicted,0.25,3,3,ATACCCGAGGACGGTAACTC,0,5199289
yqjE_yqjK_yqjD_yqjC_predicted,0.25,3,3,ATACCAGTACGTCGTGGAGC,0,5174125
yqjE_yqjK_yqjD_yqjC_predicted,0.25,3,3,ATACATAATCTACTATTAGA,0,5234428
yqjE_yqjK_yqjD_yqjC_predicted,0.25,3,3,ATAATGGCTACCTACGTGTA,0,5233385
yqjE_yqjK_yqjD_yqjC_predicted,0.25,3,3,ATAATCTACAAAGCGCCCAG,0,5217707
yqjE_yqjK_yqjD_yqjC_predicted,0.25,3,3,ATAATATTTGCGTACTTTTA,0,5257462
yqjE_yqjK_yqjD_yqjC_predicted,0.25,3,3,ATAAGTTAGGTTGGAGGGTT,0,5196149
yqjE_yqjK_yqjD_yqjC_predicted,0.25,3,3,ATAAGTTACGGGATTTGAGC,0,5210064
yqjE_yqjK_yqjD_yqjC_predicted,0.25,3,3,ATAAGGGCCAAAACGTGTAA,0,5193527
yqjE_yqjK_yqjD_yqjC_predicted,0.25,3,3,ATAAGCGGCAACGCTAAGGT,0,5238844
yqjE_yqjK_yqjD_yqjC_predicted,0.25,3,3,ATAAGAGGTGGGGGCACACT,0,5230408
yqjE_yqjK_yqjD_yqjC_predicted,0.25,3,3,ATAACTCGGCTGAAAGGGTA,0,5212917
yqjE_yqjK_yqjD_yqjC_predicted,0.25,3,3,ATAAATAGATTACGCCTAGT,0,5223152
yqjE_yqjK_yqjD_yqjC_predicted,0.25,3,3,ATAAAGGTAACGAGATAATG,0,5173274
yqjE_yqjK_yqjD_yqjC_predicted,0.25,3,3,ATAAAGCCTCCTAACCTCTT,0,5181144
yqjE_yqjK_yqjD_yqjC_predicted,0.25,3,3,AGTTTGCGCTCGAATGGGTA,0,5244706
yqjE_yqjK_yqjD_yqjC_predicted,0.25,3,3,AGTTTCTGCCATTTGAACTT,0,5205558
yqjE_yqjK_yqjD_yqjC_predicted,0.25,3,3,AGTTTATTACATATATTGTC,0,5204696
yqjE_yqjK_yqjD_yqjC_predicted,0.25,3,3,AGTTGCTTCTGAAGGGCTGA,0,5173032
yqjE_yqjK_yqjD_yqjC_predicted,0.25,3,3,AGTTGACCCTTTAAGTCCTT,0,5228795
yqjE_yqjK_yqjD_yqjC_predicted,0.25,3,3,AGTTCGGGCTGGTGTTGTTG,0,5218370
yqjE_yqjK_yqjD_yqjC_predicted,0.25,3,3,AGTTCCCGATTCTCCTCGTG,0,5186917
yqjE_yqjK_yqjD_yqjC_predicted,0.25,3,3,AGTTCCCACGACCTCGTGAT,0,5258702
yqjE_yqjK_yqjD_yqjC_predicted,0.25,3,3,AGTTCAGCTTCCGGCTCGAA,0,5248219
yqjE_yqjK_yqjD_yqjC_predicted,0.25,3,3,AGTTCACCGCCACGTTTTAC,0,5226462
yqjE_yqjK_yqjD_yqjC_predicted,0.25,3,3,AGTTATGCAGTCTGACGATT,0,5221678
yqjE_yqjK_yqjD_yqjC_predicted,0.25,3,3,AGTGGTACTTCAATTCATCA,0,5182831
yqjE_yqjK_yqjD_yqjC_predicted,0.25,3,3,AGTGGCTTCCCTAACCTCAG,0,5184275
yqjE_yqjK_yqjD_yqjC_predicted,0.25,3,3,AGTGGCGGGCAGGAGGAAAA,0,5213435
yqjE_yqjK_yqjD_yqjC_predicted,0.25,3,3,AGTGGCGCTGAGACCTATGC,0,5187192
yqjE_yqjK_yqjD_yqjC_predicted,0.25,3,3,AGTGGCAACAGTAAAGGCAA,0,5237069
yqjE_yqjK_yqjD_yqjC_predicted,0.25,3,3,AGTGGCAACAAGGGATAGAG,0,5209662
yqjE_yqjK_yqjD_yqjC_predicted,0.25,3,3,AGTGGATCCTCGGAACTCTA,0,5227448
yqjE_yqjK_yqjD_yqjC_predicted,0.25,3,3,AGTGCGACGGTGAAGGAGGT,0,5229822
yqjE_yqjK_yqjD_yqjC_predicted,0.25,3,3,AGTGAGCTGCAGTGGGCTCA,0,5212782
yqjE_yqjK_yqjD_yqjC_predicted,0.25,3,3,AGTCGTATACCTGCTCCAGC,0,5193834
yqjE_yqjK_yqjD_yqjC_predicted,0.25,3,3,AGTCGCCTACTATAATGGGT,0,5221953
yqjE_yqjK_yqjD_yqjC_predicted,0.25,3,3,AGTCGCCCTACCCACAAAGG,0,5234675
yqjE_yqjK_yqjD_yqjC_predicted,0.25,3,3,AGTCGATCGGCTGTTTAAGC,0,5195410
yqjE_yqjK_yqjD_yqjC_predicted,0.25,3,3,AGTCCTCGCCCACACGGCGG,0,5211366
yqjE_yqjK_yqjD_yqjC_predicted,0.25,3,3,AGTCCCGGGGGAGTAATTGC,0,5255951
yqjE_yqjK_yqjD_yqjC_predicted,0.25,3,3,AGTCAGTGAAAAGTCTCACA,0,5259827
yqjE_yqjK_yqjD_yqjC_predicted,0.25,3,3,AGTCAAGTCCGGCTCACCTA,0,5222700
yqjE_yqjK_yqjD_yqjC_predicted,0.25,3,3,AGTCAACTCCTCGACCCACA,0,5207675
yqjE_yqjK_yqjD_yqjC_predicted,0.25,3,3,AGTATCAGGGATCTGCGATC,0,5240731
yqjE_yqjK_yqjD_yqjC_predicted,0.25,3,3,AGTACTCTTAGAAATGGCCA,0,5197786
yqjE_yqjK_yqjD_yqjC_predicted,0.25,3,3,AGTACCCCAGGTCATTAGGG,0,5195722
yqjE_yqjK_yqjD_yqjC_predicted,0.25,3,3,AGTAACGTGAATTCTCTGAA,0,5243484
yqjE_yqjK_yqjD_yqjC_predicted,0.25,3,3,AGTAACCGAAAGGATGGGGT,0,5255853
yqjE_yqjK_yqjD_yqjC_predicted,0.25,3,3,AGTAACAAGACGCCATGACA,0,5221570
yqjE_yqjK_yqjD_yqjC_predicted,0.25,3,3,AGTAAATAGTCATTATATGT,0,5228278
yqjE_yqjK_yqjD_yqjC_predicted,0.25,3,3,AGGTTTGAACTGCTTCGGCG,0,5214547
yqjE_yqjK_yqjD_yqjC_predicted,0.25,3,3,AGGTTCGAAATGCCTCGCTG,0,5203543
yqjE_yqjK_yqjD_yqjC_predicted,0.25,3,3,AGGTTAGTTAGTTCGTATTG,0,5214474
yqjE_yqjK_yqjD_yqjC_predicted,0.25,3,3,AGGTTAAAAGGACATATCAT,0,5183466
yqjE_yqjK_yqjD_yqjC_predicted,0.25,3,3,AGGTGGGCCGTGCGCTCATC,0,5171449
yqjE_yqjK_yqjD_yqjC_predicted,0.25,3,3,AGGTGGAAAAATGAGGGACG,0,5235423
yqjE_yqjK_yqjD_yqjC_predicted,0.25,3,3,AGGTGCGTGAAAAAGATACA,0,5257793
yqjE_yqjK_yqjD_yqjC_predicted,0.25,3,3,AGGTGAAGGTAGCCCGGGTT,0,5233310
yqjE_yqjK_yqjD_yqjC_predicted,0.25,3,3,AGGTCGTTAGATTGGCTGCG,0,5203737
yqjE_yqjK_yqjD_yqjC_predicted,0.25,3,3,AGGTCGCCCCAAGAAGCTCC,0,5240094
yqjE_yqjK_yqjD_yqjC_predicted,0.25,3,3,AGGTCAATCAGCTTATCAAT,0,5234505
yqjE_yqjK_yqjD_yqjC_predicted,0.25,3,3,AGGTACTGCAATCTAGCACC,0,5183716
yqjE_yqjK_yqjD_yqjC_predicted,0.25,3,3,AGGTAATCACATTCTGTATT,0,5203307
yqjE_yqjK_yqjD_yqjC_predicted,0.25,3,3,AGGTAAGCTGATCGCTTCCA,0,5196993
yqjE_yqjK_yqjD_yqjC_predicted,0.25,3,3,AGGGTGTACGCCACCTCGGA,0,5256296
yqjE_yqjK_yqjD_yqjC_predicted,0.25,3,3,AGGGTCCTTGTTCCGAGCAG,0,5203445
yqjE_yqjK_yqjD_yqjC_predicted,0.25,3,3,AGGGGTGATGAGGGTGGCGT,0,5195767
yqjE_yqjK_yqjD_yqjC_predicted,0.25,3,3,AGGGGGCCGAACGCCTGGGT,0,5185230
yqjE_yqjK_yqjD_yqjC_predicted,0.25,3,3,AGGGGCTACTAGCTACGTAC,0,5190113
yqjE_yqjK_yqjD_yqjC_predicted,0.25,3,3,AGGGGACACTTGCTTCATAT,0,5252299
yqjE_yqjK_yqjD_yqjC_predicted,0.25,3,3,AGGGCTCATCGGGGAAGAAC,0,5172319
yqjE_yqjK_yqjD_yqjC_predicted,0.25,3,3,AGGGCGAGGTGTAGATTTAT,0,5261665
yqjE_yqjK_yqjD_yqjC_predicted,0.25,3,3,AGGGATGGGGCAACGGGGAC,0,5216588
yqjE_yqjK_yqjD_yqjC_predicted,0.25,3,3,AGGGACGCCTTGGTGGGGAC,0,5233967
yqjE_yqjK_yqjD_yqjC_predicted,0.25,3,3,AGGGACATTACAGAACCACT,0,5222856
yqjE_yqjK_yqjD_yqjC_predicted,0.25,3,3,AGGGAACTCGATTCCACGGC,0,5257042
yqjE_yqjK_yqjD_yqjC_predicted,0.25,3,3,AGGCTTGGCGACTCGTTAGG,0,5243174
yqjE_yqjK_yqjD_yqjC_predicted,0.25,3,3,AGGCTGTTAGACGTTATCAG,0,5258969
yqjE_yqjK_yqjD_yqjC_predicted,0.25,3,3,AGGCGTTCAACGTTTGTTGT,0,5223816
yqjE_yqjK_yqjD_yqjC_predicted,0.25,3,3,AGGCGTGTGTAAACAATTTC,0,5178725
yqjE_yqjK_yqjD_yqjC_predicted,0.25,3,3,AGGCGTCCTCCTATACGTTT,0,5178403
yqjE_yqjK_yqjD_yqjC_predicted,0.25,3,3,AGGCGTCCATCCTCACTTGT,0,5239294
yqjE_yqjK_yqjD_yqjC_predicted,0.25,3,3,AGGCGTAACTTTGAGGTTCA,0,5211555
yqjE_yqjK_yqjD_yqjC_predicted,0.25,3,3,AGGCGATGATTTGGTGCTAT,0,5240529
yqjE_yqjK_yqjD_yqjC_predicted,0.25,3,3,AGGCCGAGCGCTGGAACAAT,0,5211664
yqjE_yqjK_yqjD_yqjC_predicted,0.25,3,3,AGGCATAAGAGGTCATGCTG,0,5227497
yqjE_yqjK_yqjD_yqjC_predicted,0.25,3,3,AGGCAGGGCTCACGCCTAAT,0,5210917
yqjE_yqjK_yqjD_yqjC_predicted,0.25,3,3,AGGCACACAAGATGAAGGCT,0,5255269
yqjE_yqjK_yqjD_yqjC_predicted,0.25,3,3,AGGCAAGCGGAACGAGTACA,0,5226952
yqjE_yqjK_yqjD_yqjC_predicted,0.25,3,3,AGGATTTTATCGGTTCATTC,0,5226692
yqjE_yqjK_yqjD_yqjC_predicted,0.25,3,3,AGGATGATGTGCGGCATGGT,0,5205277
yqjE_yqjK_yqjD_yqjC_predicted,0.25,3,3,AGGATCGGTTTTTATATGTT,0,5192474
yqjE_yqjK_yqjD_yqjC_predicted,0.25,3,3,AGGATCAGTAAGGGGCTGAA,0,5204977
yqjE_yqjK_yqjD_yqjC_predicted,0.25,3,3,AGGAGGTTTATCCAACCTCG,0,5233635
yqjE_yqjK_yqjD_yqjC_predicted,0.25,3,3,AGGACGCACGCGAAGAGGCC,0,5248499
yqjE_yqjK_yqjD_yqjC_predicted,0.25,3,3,AGGACCTACCGAATATCATT,0,5203423
yqjE_yqjK_yqjD_yqjC_predicted,0.25,3,3,AGGACAGGACTTTACGAGCC,0,5200100
yqjE_yqjK_yqjD_yqjC_predicted,0.25,3,3,AGGACACATCCTAGAACGAA,0,5218737
yqjE_yqjK_yqjD_yqjC_predicted,0.25,3,3,AGGAATCGGCGTATTACCTA,0,5248758
yqjE_yqjK_yqjD_yqjC_predicted,0.25,3,3,AGGAAGCATACCCCCGTTGT,0,5215333
yqjE_yqjK_yqjD_yqjC_predicted,0.25,3,3,AGCTTGGTGAAGCTCTTGGC,0,5192737
yqjE_yqjK_yqjD_yqjC_predicted,0.25,3,3,AGCTTGGGTGGCCTGGGGAA,0,5186445
yqjE_yqjK_yqjD_yqjC_predicted,0.25,3,3,AGCTGTTTCTCGGTGCAAGG,0,5205516
yqjE_yqjK_yqjD_yqjC_predicted,0.25,3,3,AGCTGTACCTCCCAAGGGGG,0,5235637
yqjE_yqjK_yqjD_yqjC_predicted,0.25,3,3,AGCTGGTAGGGAGCGTGAGG,0,5229186
yqjE_yqjK_yqjD_yqjC_predicted,0.25,3,3,AGCTCTTCTTTAATTGCCCA,0,5229982
yqjE_yqjK_yqjD_yqjC_predicted,0.25,3,3,AGCTCTAGGCCGTGCACCCA,0,5177999
yqjE_yqjK_yqjD_yqjC_predicted,0.25,3,3,AGCTCGTTTATACGTCAGGA,0,5242278
yqjE_yqjK_yqjD_yqjC_predicted,0.25,3,3,AGCTCGTCTCATCTACAGTC,0,5212659
yqjE_yqjK_yqjD_yqjC_predicted,0.25,3,3,AGCTCATGAGCAGGTTGGCA,0,5257678
yqjE_yqjK_yqjD_yqjC_predicted,0.25,3,3,AGCTCAGACCCAGCTTACGC,0,5258399
yqjE_yqjK_yqjD_yqjC_predicted,0.25,3,3,AGCTATACCTGACCATGTGT,0,5197097
yqjE_yqjK_yqjD_yqjC_predicted,0.25,3,3,AGCGTTTTGAAAAACTAATG,0,5252418
yqjE_yqjK_yqjD_yqjC_predicted,0.25,3,3,AGCGTTGGGACGACCACGTC,0,5221799
yqjE_yqjK_yqjD_yqjC_predicted,0.25,3,3,AGCGTCGTATGCGCCCAAGA,0,5190410
yqjE_yqjK_yqjD_yqjC_predicted,0.25,3,3,AGCGGGCCGTTGGTCAATTG,0,5180680
yqjE_yqjK_yqjD_yqjC_predicted,0.25,3,3,AGCGGGCATTGATATACTGG,0,5179003
yqjE_yqjK_yqjD_yqjC_predicted,0.25,3,3,AGCCTTGACTCACCATGGGG,0,5226144
yqjE_yqjK_yqjD_yqjC_predicted,0.25,3,3,AGCCTTATTGCGGCATGCAT,0,5174166
yqjE_yqjK_yqjD_yqjC_predicted,0.25,3,3,AGCCTGGCACAGATAGACTT,0,5174571
yqjE_yqjK_yqjD_yqjC_predicted,0.25,3,3,AGCCTACGACAGACAGAGGA,0,5216265
yqjE_yqjK_yqjD_yqjC_predicted,0.25,3,3,AGCCGTGTCGTTGGAGGTCT,0,5253875
yqjE_yqjK_yqjD_yqjC_predicted,0.25,3,3,AGCCGTATATTAAGCAAAGA,0,5197929
yqjE_yqjK_yqjD_yqjC_predicted,0.25,3,3,AGCCGCACGCATATGCAGCA,0,5257024
yqjE_yqjK_yqjD_yqjC_predicted,0.25,3,3,AGCCGACTACTGGGGAGATC,0,5207339
yqjE_yqjK_yqjD_yqjC_predicted,0.25,3,3,AGCCCTTGTCTTAAGGTGGA,0,5226469
yqjE_yqjK_yqjD_yqjC_predicted,0.25,3,3,AGCCCCTGTTACGTGCACAT,0,5257008
yqjE_yqjK_yqjD_yqjC_predicted,0.25,3,3,AGCCCATTAGTTAGCTCGAG,0,5171287
yqjE_yqjK_yqjD_yqjC_predicted,0.25,3,3,AGCCAACAACCCGTCGGGTT,0,5195413
yqjE_yqjK_yqjD_yqjC_predicted,0.25,3,3,AGCCAAACTCTGGGATAATT,0,5181027
yqjE_yqjK_yqjD_yqjC_predicted,0.25,3,3,AGCATTACGAAACTTGCCTT,0,5188041
yqjE_yqjK_yqjD_yqjC_predicted,0.25,3,3,AGCATCCCGTATCTTACTTA,0,5181398
yqjE_yqjK_yqjD_yqjC_predicted,0.25,3,3,AGCACTGATAAGCGTCCCGA,0,5225243
yqjE_yqjK_yqjD_yqjC_predicted,0.25,3,3,AGCACGTGAGCGAAAAGATG,0,5197502
yqjE_yqjK_yqjD_yqjC_predicted,0.25,3,3,AGCACACTAACACGGAGCCC,0,5193528
yqjE_yqjK_yqjD_yqjC_predicted,0.25,3,3,AGCAAGACGTTAAGTGAATG,0,5262400
yqjE_yqjK_yqjD_yqjC_predicted,0.25,3,3,AGCAACGGCGATGGGATGGA,0,5184565
yqjE_yqjK_yqjD_yqjC_predicted,0.25,3,3,AGATTTGTGTGCCCCGTTTC,0,5213320
yqjE_yqjK_yqjD_yqjC_predicted,0.25,3,3,AGATTTCGCGCTCTGGGTGC,0,5197778
yqjE_yqjK_yqjD_yqjC_predicted,0.25,3,3,AGATTCAATGAGTTCTACAC,0,5245971
yqjE_yqjK_yqjD_yqjC_predicted,0.25,3,3,AGATGTCACTCGGGCCGGGA,0,5185977
yqjE_yqjK_yqjD_yqjC_predicted,0.25,3,3,AGATGCGCTGTCAGACTCCT,0,5214308
yqjE_yqjK_yqjD_yqjC_predicted,0.25,3,3,AGATGCCGCATTCAGCGAGA,0,5232020
yqjE_yqjK_yqjD_yqjC_predicted,0.25,3,3,AGATCCCGCGTACTGGGTAC,0,5228030
yqjE_yqjK_yqjD_yqjC_predicted,0.25,3,3,AGATCATCGGTAGCTGTGTA,0,5249670
yqjE_yqjK_yqjD_yqjC_predicted,0.25,3,3,AGATACTGTCGGCTCAGAAG,0,5241657
yqjE_yqjK_yqjD_yqjC_predicted,0.25,3,3,AGATACCGCAGAGACCAAAA,0,5234701
yqjE_yqjK_yqjD_yqjC_predicted,0.25,3,3,AGATAACGGTTTTGAAATGG,0,5236524
yqjE_yqjK_yqjD_yqjC_predicted,0.25,3,3,AGAGTCCATGAACTAAGTCC,0,5219927
yqjE_yqjK_yqjD_yqjC_predicted,0.25,3,3,AGAGGGGGCATAGCTCAAAT,0,5261638
yqjE_yqjK_yqjD_yqjC_predicted,0.25,3,3,AGAGGCGCTCTCTTGCTCTT,0,5240772
yqjE_yqjK_yqjD_yqjC_predicted,0.25,3,3,AGAGGCCCGTTGCAACAGAA,0,5182014
yqjE_yqjK_yqjD_yqjC_predicted,0.25,3,3,AGAGGACTCACAGCTCTATG,0,5216377
yqjE_yqjK_yqjD_yqjC_predicted,0.25,3,3,AGAGCGTCGCGTGTGTAGCG,0,5190956
yqjE_yqjK_yqjD_yqjC_predicted,0.25,3,3,AGAGCCCCTTCACCTGAAAC,0,5191808
yqjE_yqjK_yqjD_yqjC_predicted,0.25,3,3,AGAGCCAAGAAAAGCTCGAC,0,5172689
yqjE_yqjK_yqjD_yqjC_predicted,0.25,3,3,AGAGAGGCTGTTAACCCGCT,0,5229223
yqjE_yqjK_yqjD_yqjC_predicted,0.25,3,3,AGAGACCACGGGCGGTACAT,0,5230377
yqjE_yqjK_yqjD_yqjC_predicted,0.25,3,3,AGAGACATTTTCAATGCTCT,0,5231111
yqjE_yqjK_yqjD_yqjC_predicted,0.25,3,3,AGAGAACAACCTGCGAAAGT,0,5188009
yqjE_yqjK_yqjD_yqjC_predicted,0.25,3,3,AGACTTTGAAACGCGCTCGG,0,5236467
yqjE_yqjK_yqjD_yqjC_predicted,0.25,3,3,AGACTTTACGGGTATGCCAA,0,5192106
yqjE_yqjK_yqjD_yqjC_predicted,0.25,3,3,AGACTGCGTCGATTGTCAAC,0,5196661
yqjE_yqjK_yqjD_yqjC_predicted,0.25,3,3,AGACTATTACCTTGGCTCGA,0,5249760
yqjE_yqjK_yqjD_yqjC_predicted,0.25,3,3,AGACCATGAAAGCCCCAAAG,0,5247193
yqjE_yqjK_yqjD_yqjC_predicted,0.25,3,3,AGACCAGCTAACAGTTAGTA,0,5201894
yqjE_yqjK_yqjD_yqjC_predicted,0.25,3,3,AGACACTCGCGGGATTCCTA,0,5204775
yqjE_yqjK_yqjD_yqjC_predicted,0.25,3,3,AGACACGGGGATTTGCGAAA,0,5255908
yqjE_yqjK_yqjD_yqjC_predicted,0.25,3,3,AGAAGGGGTAAACCGCACGT,0,5191644
yqjE_yqjK_yqjD_yqjC_predicted,0.25,3,3,AGAAGCTCCCCGTGCTCCTG,0,5235388
yqjE_yqjK_yqjD_yqjC_predicted,0.25,3,3,AGAACGTCATCGCGAAAGTA,0,5174907
yqjE_yqjK_yqjD_yqjC_predicted,0.25,3,3,AGAAAGTGTGCCTCGCATTT,0,5173779
yqjE_yqjK_yqjD_yqjC_predicted,0.25,3,3,AGAAAGGCGTCGGCCTGGAG,0,5254384
yqjE_yqjK_yqjD_yqjC_predicted,0.25,3,3,AGAAAGCCCTCGAGGAAAGC,0,5224001
yqjE_yqjK_yqjD_yqjC_predicted,0.25,3,3,ACTTTTTTGTAGAAGAGGCG,0,5250288
yqjE_yqjK_yqjD_yqjC_predicted,0.25,3,3,ACTTTTGGGACGTGCTGTGT,0,5193289
yqjE_yqjK_yqjD_yqjC_predicted,0.25,3,3,ACTTGTCTGGGAAAATAGGA,0,5244143
yqjE_yqjK_yqjD_yqjC_predicted,0.25,3,3,ACTTCTTGAGCAAGGCGAAT,0,5204533
yqjE_yqjK_yqjD_yqjC_predicted,0.25,3,3,ACTTCTATCCTCGGATGGAA,0,5252443
yqjE_yqjK_yqjD_yqjC_predicted,0.25,3,3,ACTTCGGACTGGACACCCTG,0,5184817
yqjE_yqjK_yqjD_yqjC_predicted,0.25,3,3,ACTTCCGTTCTGTTAGTGAG,0,5228525
yqjE_yqjK_yqjD_yqjC_predicted,0.25,3,3,ACTTCACGAGTGTCGAGTCG,0,5231527
yqjE_yqjK_yqjD_yqjC_predicted,0.25,3,3,ACTTAATCGCCGAGATATCA,0,5203434
yqjE_yqjK_yqjD_yqjC_predicted,0.25,3,3,ACTTAAAAATTAGAAATTCA,0,5227985
yqjE_yqjK_yqjD_yqjC_predicted,0.25,3,3,ACTGTAAACTTCGACGTAAT,0,5256851
yqjE_yqjK_yqjD_yqjC_predicted,0.25,3,3,ACTGGGGACAACTGGGTACC,0,5226874
yqjE_yqjK_yqjD_yqjC_predicted,0.25,3,3,ACTGGCGGACAGAACTTAGA,0,5178500
yqjE_yqjK_yqjD_yqjC_predicted,0.25,3,3,ACTGGAGATGCGAGCCCCTT,0,5251239
yqjE_yqjK_yqjD_yqjC_predicted,0.25,3,3,ACTGCTAATCGTGTACCATC,0,5172756
yqjE_yqjK_yqjD_yqjC_predicted,0.25,3,3,ACTGACCGGTAGCCTAGGTG,0,5206795
yqjE_yqjK_yqjD_yqjC_predicted,0.25,3,3,ACTCTCGACGGATCATCATT,0,5206446
yqjE_yqjK_yqjD_yqjC_predicted,0.25,3,3,ACTCGGTCAGCGGGCGGTCT,0,5210397
yqjE_yqjK_yqjD_yqjC_predicted,0.25,3,3,ACTCGGCAAACTTCAAGAGT,0,5193533
yqjE_yqjK_yqjD_yqjC_predicted,0.25,3,3,ACTCCAACAGGTTATGTATA,0,5212655
yqjE_yqjK_yqjD_yqjC_predicted,0.25,3,3,ACTCACGGTTCTTCTTCAAT,0,5259314
yqjE_yqjK_yqjD_yqjC_predicted,0.25,3,3,ACTATTTCCGCCCTGAGACT,0,5220182
yqjE_yqjK_yqjD_yqjC_predicted,0.25,3,3,ACTATTCTACACAGAACCTA,0,5214466
yqjE_yqjK_yqjD_yqjC_predicted,0.25,3,3,ACTAGATTCACATTTATCCT,0,5260089
yqjE_yqjK_yqjD_yqjC_predicted,0.25,3,3,ACTAGAAACCAGTCGTAGTG,0,5184420
yqjE_yqjK_yqjD_yqjC_predicted,0.25,3,3,ACTACGGTCGTTTGCGCCAA,0,5229472
yqjE_yqjK_yqjD_yqjC_predicted,0.25,3,3,ACTAAGACGTGTAGGATGGT,0,5215094
yqjE_yqjK_yqjD_yqjC_predicted,0.25,3,3,ACTAAATGACTGATACCGGA,0,5254740
yqjE_yqjK_yqjD_yqjC_predicted,0.25,3,3,ACGTTTTAGGTATTACAACT,0,5185459
yqjE_yqjK_yqjD_yqjC_predicted,0.25,3,3,ACGTTGACTTCTCGAGCAGG,0,5244448
yqjE_yqjK_yqjD_yqjC_predicted,0.25,3,3,ACGTTCGATACGTGCGGTCA,0,5251882
yqjE_yqjK_yqjD_yqjC_predicted,0.25,3,3,ACGTGCGATCAATCGGGGAA,0,5223672
yqjE_yqjK_yqjD_yqjC_predicted,0.25,3,3,ACGTGCGACTAATGAATGCC,0,5214423
yqjE_yqjK_yqjD_yqjC_predicted,0.25,3,3,ACGTGCAATGATAGTCACGG,0,5188650
yqjE_yqjK_yqjD_yqjC_predicted,0.25,3,3,ACGTCTAATCTCACTCCCCA,0,5226587
yqjE_yqjK_yqjD_yqjC_predicted,0.25,3,3,ACGTATAATGCAAAAGAGTT,0,5175730
yqjE_yqjK_yqjD_yqjC_predicted,0.25,3,3,ACGGTTGTTTGGACAGAGTA,0,5173887
yqjE_yqjK_yqjD_yqjC_predicted,0.25,3,3,ACGGTACGACGAGTGTCCTC,0,5188879
yqjE_yqjK_yqjD_yqjC_predicted,0.25,3,3,ACGGGTTACAACCCTGGGAA,0,5213109
yqjE_yqjK_yqjD_yqjC_predicted,0.25,3,3,ACGGGTGCTAACCCCTCCCC,0,5220188
yqjE_yqjK_yqjD_yqjC_predicted,0.25,3,3,ACGGGGTGTCCCATGGCCCG,0,5221134
yqjE_yqjK_yqjD_yqjC_predicted,0.25,3,3,ACGGGCGTATTGACAATATA,0,5207685
yqjE_yqjK_yqjD_yqjC_predicted,0.25,3,3,ACGGGCCACTCAAGTGAGCA,0,5235485
yqjE_yqjK_yqjD_yqjC_predicted,0.25,3,3,ACGGGAGGGGCACAACGGCG,0,5202799
yqjE_yqjK_yqjD_yqjC_predicted,0.25,3,3,ACGGCCAAGCCCAGCAAGTG,0,5195792
yqjE_yqjK_yqjD_yqjC_predicted,0.25,3,3,ACGGCACGGGTCACTGATAC,0,5257931
yqjE_yqjK_yqjD_yqjC_predicted,0.25,3,3,ACGGAAAGTTCTCGCTTGCG,0,5211554
yqjE_yqjK_yqjD_yqjC_predicted,0.25,3,3,ACGCCTTGGCACCTCGTTCA,0,5231728
yqjE_yqjK_yqjD_yqjC_predicted,0.25,3,3,ACGCCGCATTCGTTGTGCAT,0,5184381
yqjE_yqjK_yqjD_yqjC_predicted,0.25,3,3,ACGCCCTCGTGGTGGAATCT,0,5233184
yqjE_yqjK_yqjD_yqjC_predicted,0.25,3,3,ACGCATAGTTGTGACTGACA,0,5202397
yqjE_yqjK_yqjD_yqjC_predicted,0.25,3,3,ACGCAAGGGCGCTGTCTCAT,0,5256753
yqjE_yqjK_yqjD_yqjC_predicted,0.25,3,3,ACGATTCCTAGGAGATAATT,0,5256238
yqjE_yqjK_yqjD_yqjC_predicted,0.25,3,3,ACGATCGAAGCGGTGTAGCT,0,5255223
yqjE_yqjK_yqjD_yqjC_predicted,0.25,3,3,ACGAGTTGGGATTAGGAATT,0,5232100
yqjE_yqjK_yqjD_yqjC_predicted,0.25,3,3,ACGAGGAGCTGTGAAGCATA,0,5252802
yqjE_yqjK_yqjD_yqjC_predicted,0.25,3,3,ACGAGCTCAGCAGCAGGGAT,0,5201458
yqjE_yqjK_yqjD_yqjC_predicted,0.25,3,3,ACGAGACCGAGGACTAACAA,0,5224168
yqjE_yqjK_yqjD_yqjC_predicted,0.25,3,3,ACGACGGGCGACTCATCAGT,0,5203106
yqjE_yqjK_yqjD_yqjC_predicted,0.25,3,3,ACGACGCCTCGTGATGGCGC,0,5223595
yqjE_yqjK_yqjD_yqjC_predicted,0.25,3,3,ACGAATTACACGAACGGTGT,0,5221158
yqjE_yqjK_yqjD_yqjC_predicted,0.25,3,3,ACGAAATGTGACCGGAGTCC,0,5255878
yqjE_yqjK_yqjD_yqjC_predicted,0.25,3,3,ACCTGTCGCGTTCAGCGTAG,0,5228632
yqjE_yqjK_yqjD_yqjC_predicted,0.25,3,3,ACCTGGCATGGATAATCCAG,0,5180028
yqjE_yqjK_yqjD_yqjC_predicted,0.25,3,3,ACCTGCAAAATCCGTCGGCA,0,5228777
yqjE_yqjK_yqjD_yqjC_predicted,0.25,3,3,ACCTGATGCCCATAAGTCCG,0,5197987
yqjE_yqjK_yqjD_yqjC_predicted,0.25,3,3,ACCTCGTATACGGCAATAGC,0,5220750
yqjE_yqjK_yqjD_yqjC_predicted,0.25,3,3,ACCTCCCCATATTGCACAGT,0,5231850
yqjE_yqjK_yqjD_yqjC_predicted,0.25,3,3,ACCTCAGTGAAGGCCTGGGG,0,5227393
yqjE_yqjK_yqjD_yqjC_predicted,0.25,3,3,ACCTATGCGGTGTAAACCCA,0,5181267
yqjE_yqjK_yqjD_yqjC_predicted,0.25,3,3,ACCTACTTTTGTTTGCCTAA,0,5248199
yqjE_yqjK_yqjD_yqjC_predicted,0.25,3,3,ACCTAAACGGGTCTAAAAAG,0,5254812
yqjE_yqjK_yqjD_yqjC_predicted,0.25,3,3,ACCGTCAGGCCGGGGGTGGT,0,5209540
yqjE_yqjK_yqjD_yqjC_predicted,0.25,3,3,ACCGGGGTGCGGTCCCCCCT,0,5259325
yqjE_yqjK_yqjD_yqjC_predicted,0.25,3,3,ACCGGGGTATATCGTTTCCA,0,5261117
yqjE_yqjK_yqjD_yqjC_predicted,0.25,3,3,ACCGGGCAGCACAAAGAAAT,0,5230862
yqjE_yqjK_yqjD_yqjC_predicted,0.25,3,3,ACCGGATAATTGAGAGCTTT,0,5182355
yqjE_yqjK_yqjD_yqjC_predicted,0.25,3,3,ACCGCCATAGCTCGTAGCCA,0,5177040
yqjE_yqjK_yqjD_yqjC_predicted,0.25,3,3,ACCGCAGCGTCTGCATTAGT,0,5242695
yqjE_yqjK_yqjD_yqjC_predicted,0.25,3,3,ACCGACACCTAGACGACTGT,0,5231783
yqjE_yqjK_yqjD_yqjC_predicted,0.25,3,3,ACCGAAGTGTGCCCGTAACC,0,5210552
yqjE_yqjK_yqjD_yqjC_predicted,0.25,3,3,ACCGAAGTCCCAATGCCTTG,0,5172448
yqjE_yqjK_yqjD_yqjC_predicted,0.25,3,3,ACCGAAACGGTGCCAATTGT,0,5248520
yqjE_yqjK_yqjD_yqjC_predicted,0.25,3,3,ACCCTGACCAGAGAACGTTT,0,5259637
yqjE_yqjK_yqjD_yqjC_predicted,0.25,3,3,ACCCGTGCCTCACGGAACTC,0,5224366
yqjE_yqjK_yqjD_yqjC_predicted,0.25,3,3,ACCCGTCTCGGTAAGGCTTG,0,5252735
yqjE_yqjK_yqjD_yqjC_predicted,0.25,3,3,ACCCGCCGGCGGGGAGTTCT,0,5226404
yqjE_yqjK_yqjD_yqjC_predicted,0.25,3,3,ACCCGAGAGACTCTCAGGAA,0,5178015
yqjE_yqjK_yqjD_yqjC_predicted,0.25,3,3,ACCCGACACCGGATGCGGCT,0,5230770
yqjE_yqjK_yqjD_yqjC_predicted,0.25,3,3,ACCCCTCGTATAACCGTAGT,0,5175389
yqjE_yqjK_yqjD_yqjC_predicted,0.25,3,3,ACCCCTCACATTAGATCAAC,0,5192410
yqjE_yqjK_yqjD_yqjC_predicted,0.25,3,3,ACCCCGAGCGGGCTAATAAG,0,5216410
yqjE_yqjK_yqjD_yqjC_predicted,0.25,3,3,ACCCCCTGTCCCGCTTTGTT,0,5215676
yqjE_yqjK_yqjD_yqjC_predicted,0.25,3,3,ACCATGCATCTGGGCACCCT,0,5172177
yqjE_yqjK_yqjD_yqjC_predicted,0.25,3,3,ACCATCGAAATTCAATTCAC,0,5171710
yqjE_yqjK_yqjD_yqjC_predicted,0.25,3,3,ACCAGATCGCGAGATTGCAA,0,5205449
yqjE_yqjK_yqjD_yqjC_predicted,0.25,3,3,ACCACTTATCTTTACAGTAG,0,5184516
yqjE_yqjK_yqjD_yqjC_predicted,0.25,3,3,ACCACGGCCAGGTGAAAGCT,0,5239660
yqjE_yqjK_yqjD_yqjC_predicted,0.25,3,3,ACCACCAATACTGAATTGCT,0,5171475
yqjE_yqjK_yqjD_yqjC_predicted,0.25,3,3,ACATTCGAACCGTATCACAG,0,5251149
yqjE_yqjK_yqjD_yqjC_predicted,0.25,3,3,ACATTCCAACGGTCGTAAAT,0,5201179
yqjE_yqjK_yqjD_yqjC_predicted,0.25,3,3,ACATGGGGCGCCACTAGACA,0,5246606
yqjE_yqjK_yqjD_yqjC_predicted,0.25,3,3,ACATGACGCTAGGCTATCAT,0,5231002
yqjE_yqjK_yqjD_yqjC_predicted,0.25,3,3,ACATCCTTGAAGAAACGTGA,0,5246913
yqjE_yqjK_yqjD_yqjC_predicted,0.25,3,3,ACATATCGTAGGGGCGATGG,0,5239024
yqjE_yqjK_yqjD_yqjC_predicted,0.25,3,3,ACAGTTGGCCGTTCTTGAAC,0,5210273
yqjE_yqjK_yqjD_yqjC_predicted,0.25,3,3,ACAGTTCCAGACGTGCCACG,0,5173189
yqjE_yqjK_yqjD_yqjC_predicted,0.25,3,3,ACAGTGAGGTTTCATAAAGT,0,5244052
yqjE_yqjK_yqjD_yqjC_predicted,0.25,3,3,ACAGTCACTCGTGGACCACG,0,5227824
yqjE_yqjK_yqjD_yqjC_predicted,0.25,3,3,ACAGTATAAAAGGCAAGGCG,0,5210776
yqjE_yqjK_yqjD_yqjC_predicted,0.25,3,3,ACAGGAATTATTTCTGTAAC,0,5184357
yqjE_yqjK_yqjD_yqjC_predicted,0.25,3,3,ACAGGAAACACATGTGCGCC,0,5209107
yqjE_yqjK_yqjD_yqjC_predicted,0.25,3,3,ACAGCTCGGCCCTATCGGGA,0,5193122
yqjE_yqjK_yqjD_yqjC_predicted,0.25,3,3,ACAGCGTGTGCTACAGACGT,0,5200187
yqjE_yqjK_yqjD_yqjC_predicted,0.25,3,3,ACAGCAGGAATATACTGACA,0,5216669
yqjE_yqjK_yqjD_yqjC_predicted,0.25,3,3,ACAGACCACCTAGACATGTA,0,5172500
yqjE_yqjK_yqjD_yqjC_predicted,0.25,3,3,ACAGACATCAGTCGTAACGG,0,5199613
yqjE_yqjK_yqjD_yqjC_predicted,0.25,3,3,ACACTTCACAGTTTCGATTG,0,5258811
yqjE_yqjK_yqjD_yqjC_predicted,0.25,3,3,ACACTATGAGTGGCAGAAGG,0,5232772
yqjE_yqjK_yqjD_yqjC_predicted,0.25,3,3,ACACGTTACAGGTTCTGACG,0,5181308
yqjE_yqjK_yqjD_yqjC_predicted,0.25,3,3,ACACGGTCTTATTCGTCCGA,0,5227740
yqjE_yqjK_yqjD_yqjC_predicted,0.25,3,3,ACACCTTTGGGGGTAGGGGA,0,5252808
yqjE_yqjK_yqjD_yqjC_predicted,0.25,3,3,ACACCTCACTGATGCGTGTT,0,5181602
yqjE_yqjK_yqjD_yqjC_predicted,0.25,3,3,ACACATGTAACCATGCGATC,0,5247035
yqjE_yqjK_yqjD_yqjC_predicted,0.25,3,3,ACACAGTGTTTTCAATCAAA,0,5204989
yqjE_yqjK_yqjD_yqjC_predicted,0.25,3,3,ACAATGCTTTGGACGAATAC,0,5220102
yqjE_yqjK_yqjD_yqjC_predicted,0.25,3,3,ACAATCTGCTTCACTGCTGG,0,5205111
yqjE_yqjK_yqjD_yqjC_predicted,0.25,3,3,ACAATACATATTTCAGGCTG,0,5260719
yqjE_yqjK_yqjD_yqjC_predicted,0.25,3,3,ACAATAATTAGATCGATATC,0,5232372
yqjE_yqjK_yqjD_yqjC_predicted,0.25,3,3,ACAAGGCTCAGCATTTTAAT,0,5229904
yqjE_yqjK_yqjD_yqjC_predicted,0.25,3,3,ACAAGGATGGCTCAATGCCC,0,5191559
yqjE_yqjK_yqjD_yqjC_predicted,0.25,3,3,ACAAGCCATACCAGCTAATG,0,5250085
yqjE_yqjK_yqjD_yqjC_predicted,0.25,3,3,ACAACTGATTAAGCCTAATG,0,5257928
yqjE_yqjK_yqjD_yqjC_predicted,0.25,3,3,ACAACACGCTCTTACGGACT,0,5210755
yqjE_yqjK_yqjD_yqjC_predicted,0.25,3,3,ACAAATATTATTCAATCTAG,0,5235833
yqjE_yqjK_yqjD_yqjC_predicted,0.25,3,3,ACAAAAGGTACACTTGAACA,0,5199192
yqjE_yqjK_yqjD_yqjC_predicted,0.25,3,3,AATTTTCTTAGTGGTGGTTC,0,5259184
yqjE_yqjK_yqjD_yqjC_predicted,0.25,3,3,AATTTTCCAAGTAAGTGGGA,0,5212455
yqjE_yqjK_yqjD_yqjC_predicted,0.25,3,3,AATTTCCAGTGGATGATAAA,0,5256341
yqjE_yqjK_yqjD_yqjC_predicted,0.25,3,3,AATTGGCGTATCTGTCACCG,0,5231703
yqjE_yqjK_yqjD_yqjC_predicted,0.25,3,3,AATTGGCAAGAATCCAAGCA,0,5194573
yqjE_yqjK_yqjD_yqjC_predicted,0.25,3,3,AATTGCGACCTACTCTATGT,0,5260375
yqjE_yqjK_yqjD_yqjC_predicted,0.25,3,3,AATTGATTGATGCGAAGCAT,0,5252642
yqjE_yqjK_yqjD_yqjC_predicted,0.25,3,3,AATTCTACACCATGCCATTC,0,5196035
yqjE_yqjK_yqjD_yqjC_predicted,0.25,3,3,AATTCGTTAGAGATGTACTG,0,5190730
yqjE_yqjK_yqjD_yqjC_predicted,0.25,3,3,AATTCCGTCAACCGGCATGC,0,5254512
yqjE_yqjK_yqjD_yqjC_predicted,0.25,3,3,AATTCATTGGACTGTATCGA,0,5206449
yqjE_yqjK_yqjD_yqjC_predicted,0.25,3,3,AATTCATATAGTCAAGATAG,0,5216665
yqjE_yqjK_yqjD_yqjC_predicted,0.25,3,3,AATTCACAAGGCTTCCAAGC,0,5224836
yqjE_yqjK_yqjD_yqjC_predicted,0.25,3,3,AATTAGGGGATTCCTATATG,0,5237518
yqjE_yqjK_yqjD_yqjC_predicted,0.25,3,3,AATTACGTATGTCCGCAACT,0,5224222
yqjE_yqjK_yqjD_yqjC_predicted,0.25,3,3,AATTACATCTAAGTCTATGG,0,5232991
yqjE_yqjK_yqjD_yqjC_predicted,0.25,3,3,AATTAATCCATCCCCGGTAC,0,5203417
yqjE_yqjK_yqjD_yqjC_predicted,0.25,3,3,AATTAATACCGAACGGGCGC,0,5189357
yqjE_yqjK_yqjD_yqjC_predicted,0.25,3,3,AATGTTCACCCGAGACGCGT,0,5202386
yqjE_yqjK_yqjD_yqjC_predicted,0.25,3,3,AATGTGCTAGAGAGAAGAGG,0,5207960
yqjE_yqjK_yqjD_yqjC_predicted,0.25,3,3,AATGTGCAACTGGTTAATAA,0,5226981
yqjE_yqjK_yqjD_yqjC_predicted,0.25,3,3,AATGTCTTCCTAGCCAGGTC,0,5233510
yqjE_yqjK_yqjD_yqjC_predicted,0.25,3,3,AATGGTCTGGTTGTTACAAG,0,5194958
yqjE_yqjK_yqjD_yqjC_predicted,0.25,3,3,AATGGTATAGGAACCAATGA,0,5190355
yqjE_yqjK_yqjD_yqjC_predicted,0.25,3,3,AATGGCCCATAAGCTACCCA,0,5180798
yqjE_yqjK_yqjD_yqjC_predicted,0.25,3,3,AATGGCATGACGCAACGTAC,0,5196074
yqjE_yqjK_yqjD_yqjC_predicted,0.25,3,3,AATGCGGGAGGGCGGTGCGA,0,5209974
yqjE_yqjK_yqjD_yqjC_predicted,0.25,3,3,AATGCCTGTTTACGATAGCG,0,5203039
yqjE_yqjK_yqjD_yqjC_predicted,0.25,3,3,AATGATTGAGGTGGAGTCAT,0,5207349
yqjE_yqjK_yqjD_yqjC_predicted,0.25,3,3,AATGATCGGGGAAACTACGC,0,5260810
yqjE_yqjK_yqjD_yqjC_predicted,0.25,3,3,AATGATCCTATTCATGTCAG,0,5194879
yqjE_yqjK_yqjD_yqjC_predicted,0.25,3,3,AATGATACGACACTCGTCTC,0,5173070
yqjE_yqjK_yqjD_yqjC_predicted,0.25,3,3,AATGAGATGATTATCCGTAG,0,5246602
yqjE_yqjK_yqjD_yqjC_predicted,0.25,3,3,AATGACGACGTGAATCGGCG,0,5256412
yqjE_yqjK_yqjD_yqjC_predicted,0.25,3,3,AATCTATGAACTCCGGCATA,0,5186555
yqjE_yqjK_yqjD_yqjC_predicted,0.25,3,3,AATCTAATTTTTATTCACGA,0,5208908
yqjE_yqjK_yqjD_yqjC_predicted,0.25,3,3,AATCTAAATGCGTCGGCTCA,0,5252548
yqjE_yqjK_yqjD_yqjC_predicted,0.25,3,3,AATCGTACATCGAAGTGATG,0,5200861
yqjE_yqjK_yqjD_yqjC_predicted,0.25,3,3,AATCGGTAACCATGGTTAAA,0,5204438
yqjE_yqjK_yqjD_yqjC_predicted,0.25,3,3,AATCCTTGTAGGCGCAGACT,0,5246834
yqjE_yqjK_yqjD_yqjC_predicted,0.25,3,3,AATCATAGCAAGCGTACCTG,0,5257211
yqjE_yqjK_yqjD_yqjC_predicted,0.25,3,3,AATCATACAGCCGCTCGAGT,0,5246176
yqjE_yqjK_yqjD_yqjC_predicted,0.25,3,3,AATCAGTATATGCACCGCTC,0,5223696
yqjE_yqjK_yqjD_yqjC_predicted,0.25,3,3,AATCACTGGTATCGTGCGAG,0,5248003
yqjE_yqjK_yqjD_yqjC_predicted,0.25,3,3,AATCAACTCGCTGTTAGCTG,0,5262006
yqjE_yqjK_yqjD_yqjC_predicted,0.25,3,3,AATCAAATGGATTGCAATTA,0,5223530
yqjE_yqjK_yqjD_yqjC_predicted,0.25,3,3,AATATCGTGAGATTTCGTAA,0,5236302
yqjE_yqjK_yqjD_yqjC_predicted,0.25,3,3,AATAGTCGTTTATGCTGATT,0,5230231
yqjE_yqjK_yqjD_yqjC_predicted,0.25,3,3,AATAGCTAATTATGCCGTTA,0,5218295
yqjE_yqjK_yqjD_yqjC_predicted,0.25,3,3,AATAGAGGCCTGCATCTTGT,0,5209014
yqjE_yqjK_yqjD_yqjC_predicted,0.25,3,3,AATACTTGCTATAGCAACTA,0,5218831
yqjE_yqjK_yqjD_yqjC_predicted,0.25,3,3,AATACTATGCTCGCTCAATG,0,5206295
yqjE_yqjK_yqjD_yqjC_predicted,0.25,3,3,AATACTAAGTCTTTGCATTT,0,5172113
yqjE_yqjK_yqjD_yqjC_predicted,0.25,3,3,AATACCGTCCGGTGGGTGAC,0,5225440
yqjE_yqjK_yqjD_yqjC_predicted,0.25,3,3,AATAAGTGGGTGCTCTCGCG,0,5229090
yqjE_yqjK_yqjD_yqjC_predicted,0.25,3,3,AATAAGCGGCAATCTTGTTA,0,5171959
yqjE_yqjK_yqjD_yqjC_predicted,0.25,3,3,AAGTTTGTGTATTCCTACTC,0,5192662
yqjE_yqjK_yqjD_yqjC_predicted,0.25,3,3,AAGTTTCCCAGTTCTATTGA,0,5254230
yqjE_yqjK_yqjD_yqjC_predicted,0.25,3,3,AAGTTGCGGGGGTGATTTCA,0,5172572
yqjE_yqjK_yqjD_yqjC_predicted,0.25,3,3,AAGTTGCCTTCGGTACTGGT,0,5190059
yqjE_yqjK_yqjD_yqjC_predicted,0.25,3,3,AAGTGGCTGGTAATGCGCCG,0,5175550
yqjE_yqjK_yqjD_yqjC_predicted,0.25,3,3,AAGTGATTTGGAATGGCAGA,0,5229168
yqjE_yqjK_yqjD_yqjC_predicted,0.25,3,3,AAGTGAGAACTTGTTCTCGC,0,5232184
yqjE_yqjK_yqjD_yqjC_predicted,0.25,3,3,AAGTCTCCTGAAAAACATCT,0,5212993
yqjE_yqjK_yqjD_yqjC_predicted,0.25,3,3,AAGTCGGCGTCAGCAATTCA,0,5192438
yqjE_yqjK_yqjD_yqjC_predicted,0.25,3,3,AAGTCGAGAGTAATGACCTG,0,5218379
yqjE_yqjK_yqjD_yqjC_predicted,0.25,3,3,AAGTCCGAATCTACTGAACG,0,5221419
yqjE_yqjK_yqjD_yqjC_predicted,0.25,3,3,AAGTAGGACAGACGTAAAAT,0,5238396
yqjE_yqjK_yqjD_yqjC_predicted,0.25,3,3,AAGTACTTAACATTGTCAAT,0,5218843
yqjE_yqjK_yqjD_yqjC_predicted,0.25,3,3,AAGTACGCTGATCATTCGTC,0,5203884
yqjE_yqjK_yqjD_yqjC_predicted,0.25,3,3,AAGTAAAGGGCATAGTTGTG,0,5236763
yqjE_yqjK_yqjD_yqjC_predicted,0.25,3,3,AAGGTGTGAGTCTGTAGGGA,0,5221031
yqjE_yqjK_yqjD_yqjC_predicted,0.25,3,3,AAGGGCACGTTTCTGGTTAT,0,5193286
yqjE_yqjK_yqjD_yqjC_predicted,0.25,3,3,AAGGCAACTGGTAGCGAGCG,0,5210514
yqjE_yqjK_yqjD_yqjC_predicted,0.25,3,3,AAGGACGCATATAACAGCGG,0,5201470
yqjE_yqjK_yqjD_yqjC_predicted,0.25,3,3,AAGGAAACCATTGCATGATG,0,5186493
yqjE_yqjK_yqjD_yqjC_predicted,0.25,3,3,AAGCTGAGCATTCCGTCGTG,0,5186305
yqjE_yqjK_yqjD_yqjC_predicted,0.25,3,3,AAGCGTTTTCAGCCCTGCGG,0,5197409
yqjE_yqjK_yqjD_yqjC_predicted,0.25,3,3,AAGCGTCTTTCCAATCGTGA,0,5206509
yqjE_yqjK_yqjD_yqjC_predicted,0.25,3,3,AAGCGCGCTAGGGATGGCAA,0,5260309
yqjE_yqjK_yqjD_yqjC_predicted,0.25,3,3,AAGCGAAAGAGGAAGTACTT,0,5216694
yqjE_yqjK_yqjD_yqjC_predicted,0.25,3,3,AAGCCTGTGGGGGTTATCTA,0,5170913
yqjE_yqjK_yqjD_yqjC_predicted,0.25,3,3,AAGCCGCTTATGTGTCGGGG,0,5249544
yqjE_yqjK_yqjD_yqjC_predicted,0.25,3,3,AAGCCGAAAGTTAACCATCT,0,5255968
yqjE_yqjK_yqjD_yqjC_predicted,0.25,3,3,AAGCATGGTCCCCCAGGGGA,0,5193525
yqjE_yqjK_yqjD_yqjC_predicted,0.25,3,3,AAGATTTTTATGCGCACAGC,0,5211407
yqjE_yqjK_yqjD_yqjC_predicted,0.25,3,3,AAGATGCCGTTCGGTTCTGT,0,5225176
yqjE_yqjK_yqjD_yqjC_predicted,0.25,3,3,AAGATCGTGGGCTTAATGGG,0,5256302
yqjE_yqjK_yqjD_yqjC_predicted,0.25,3,3,AAGATCGCAACAACATGCTA,0,5203120
yqjE_yqjK_yqjD_yqjC_predicted,0.25,3,3,AAGAGTTGCGGAAGGGGCTT,0,5225750
yqjE_yqjK_yqjD_yqjC_predicted,0.25,3,3,AAGAGTTATTAAGTGAACAG,0,5202592
yqjE_yqjK_yqjD_yqjC_predicted,0.25,3,3,AAGAGGGTTCCAGAATCGTG,0,5199953
yqjE_yqjK_yqjD_yqjC_predicted,0.25,3,3,AAGAGAGATCAATCGTATCT,0,5248875
yqjE_yqjK_yqjD_yqjC_predicted,0.25,3,3,AAGACAATAATGCCTTGGCG,0,5256069
yqjE_yqjK_yqjD_yqjC_predicted,0.25,3,3,AAGAACTTGCAACGAGGCCT,0,5250777
yqjE_yqjK_yqjD_yqjC_predicted,0.25,3,3,AACTTGCTGTGTCGCCCGTG,0,5235585
yqjE_yqjK_yqjD_yqjC_predicted,0.25,3,3,AACTTCTGCTTAGGGACGGG,0,5225858
yqjE_yqjK_yqjD_yqjC_predicted,0.25,3,3,AACTGGGGTTGCTTTAAGTT,0,5180143
yqjE_yqjK_yqjD_yqjC_predicted,0.25,3,3,AACTGGAAGGGGCAAGAGAC,0,5173428
yqjE_yqjK_yqjD_yqjC_predicted,0.25,3,3,AACTGCGACACCCTAATACC,0,5252895
yqjE_yqjK_yqjD_yqjC_predicted,0.25,3,3,AACTGCAAATGTGTCTGCGG,0,5171629
yqjE_yqjK_yqjD_yqjC_predicted,0.25,3,3,AACTCGGAACTTCAAGTGAC,0,5246849
yqjE_yqjK_yqjD_yqjC_predicted,0.25,3,3,AACTCCACCCCTTACGAAGA,0,5248477
yqjE_yqjK_yqjD_yqjC_predicted,0.25,3,3,AACGTGTATCACAGCGCACA,0,5246218
yqjE_yqjK_yqjD_yqjC_predicted,0.25,3,3,AACGGGATAGTCACAGAGAT,0,5233141
yqjE_yqjK_yqjD_yqjC_predicted,0.25,3,3,AACGGCCTTCCATAATCAGT,0,5255384
yqjE_yqjK_yqjD_yqjC_predicted,0.25,3,3,AACGGCCTGTGTGTAACGTT,0,5216823
yqjE_yqjK_yqjD_yqjC_predicted,0.25,3,3,AACGGCCCTCGCTTCAGATG,0,5253262
yqjE_yqjK_yqjD_yqjC_predicted,0.25,3,3,AACGCTGCAAGACTGTAAGA,0,5257403
yqjE_yqjK_yqjD_yqjC_predicted,0.25,3,3,AACGCAATGCACTTCGTTAA,0,5217066
yqjE_yqjK_yqjD_yqjC_predicted,0.25,3,3,AACGACCGTCCTAAGTTTCA,0,5204398
yqjE_yqjK_yqjD_yqjC_predicted,0.25,3,3,AACGAATGAAGAACGCTACT,0,5215045
yqjE_yqjK_yqjD_yqjC_predicted,0.25,3,3,AACCTGTGGGTACGTGACTA,0,5253039
yqjE_yqjK_yqjD_yqjC_predicted,0.25,3,3,AACCTCGGAAAGGTGTTCCG,0,5242387
yqjE_yqjK_yqjD_yqjC_predicted,0.25,3,3,AACCGAACGGCGACTAAGTG,0,5220342
yqjE_yqjK_yqjD_yqjC_predicted,0.25,3,3,AACCACGCCAATATACAGCT,0,5237827
yqjE_yqjK_yqjD_yqjC_predicted,0.25,3,3,AACATTCGTTAGCAATGGCA,0,5219023
yqjE_yqjK_yqjD_yqjC_predicted,0.25,3,3,AACAGTGTAATCGATCGTCT,0,5177869
yqjE_yqjK_yqjD_yqjC_predicted,0.25,3,3,AACAGGTGTAGATGTCCAAA,0,5223675
yqjE_yqjK_yqjD_yqjC_predicted,0.25,3,3,AACAGATCGTTGTTAGGCAG,0,5204689
yqjE_yqjK_yqjD_yqjC_predicted,0.25,3,3,AACACGTGAGTCCCGCCGAA,0,5231582
yqjE_yqjK_yqjD_yqjC_predicted,0.25,3,3,AACACGCGAGCGTCTGGACA,0,5220081
yqjE_yqjK_yqjD_yqjC_predicted,0.25,3,3,AACACCAGTCATCGGGATTC,0,5224224
yqjE_yqjK_yqjD_yqjC_predicted,0.25,3,3,AACACAAAGGAACGCAGATC,0,5171149
yqjE_yqjK_yqjD_yqjC_predicted,0.25,3,3,AACAATGGTCGAACCGCTGT,0,5190660
yqjE_yqjK_yqjD_yqjC_predicted,0.25,3,3,AACAATAGTCCTATCTGGGA,0,5248942
yqjE_yqjK_yqjD_yqjC_predicted,0.25,3,3,AACAAGGATCATAGATAGAT,0,5252424
yqjE_yqjK_yqjD_yqjC_predicted,0.25,3,3,AAATTTGGTGAGTCGCGGTA,0,5209742
yqjE_yqjK_yqjD_yqjC_predicted,0.25,3,3,AAATTGGTGGGTAGCTCCAA,0,5234717
yqjE_yqjK_yqjD_yqjC_predicted,0.25,3,3,AAATTAAGACCTGTGGTACG,0,5252499
yqjE_yqjK_yqjD_yqjC_predicted,0.25,3,3,AAATGTAGCAGCACGCGGGA,0,5234860
yqjE_yqjK_yqjD_yqjC_predicted,0.25,3,3,AAATCTAAGTGTATTTTTTA,0,5237167
yqjE_yqjK_yqjD_yqjC_predicted,0.25,3,3,AAATCATATTTACTTTCAAA,0,5201300
yqjE_yqjK_yqjD_yqjC_predicted,0.25,3,3,AAATATTAGTGGTGAACCGT,0,5242951
yqjE_yqjK_yqjD_yqjC_predicted,0.25,3,3,AAATATGAAATATAATAAAA,0,5221785
yqjE_yqjK_yqjD_yqjC_predicted,0.25,3,3,AAATAGGGTCTTGGAGATTA,0,5224191
yqjE_yqjK_yqjD_yqjC_predicted,0.25,3,3,AAATAACCTGGGGTCATTCA,0,5252060
yqjE_yqjK_yqjD_yqjC_predicted,0.25,3,3,AAAGTTTATTAACGCCTCCG,0,5185138
yqjE_yqjK_yqjD_yqjC_predicted,0.25,3,3,AAAGTTGTCCAAATTGTATG,0,5242731
yqjE_yqjK_yqjD_yqjC_predicted,0.25,3,3,AAAGTTAGATGCACGACACA,0,5196920
yqjE_yqjK_yqjD_yqjC_predicted,0.25,3,3,AAAGTTAACAAATGATCCCA,0,5254893
yqjE_yqjK_yqjD_yqjC_predicted,0.25,3,3,AAAGTGGGTATCCATAGTAA,0,5205198
yqjE_yqjK_yqjD_yqjC_predicted,0.25,3,3,AAAGGTCTTGTTAGGACGAG,0,5254947
yqjE_yqjK_yqjD_yqjC_predicted,0.25,3,3,AAAGGTCGTTGGGGTTGAGC,0,5198879
yqjE_yqjK_yqjD_yqjC_predicted,0.25,3,3,AAAGGCTAGGTAGGATTAAA,0,5190260
yqjE_yqjK_yqjD_yqjC_predicted,0.25,3,3,AAAGGCACGGAAGGATCAAT,0,5195574
yqjE_yqjK_yqjD_yqjC_predicted,0.25,3,3,AAAGCGGTCAGATCTGACCA,0,5233387
yqjE_yqjK_yqjD_yqjC_predicted,0.25,3,3,AAAGCCGCGACGGATCCTTT,0,5231226
yqjE_yqjK_yqjD_yqjC_predicted,0.25,3,3,AAAGCACTCCTGGCTAACCA,0,5187334
yqjE_yqjK_yqjD_yqjC_predicted,0.25,3,3,AAACTTCTGCATGCAATCAC,0,5240605
yqjE_yqjK_yqjD_yqjC_predicted,0.25,3,3,AAACTGTTCGGATGGATAGA,0,5235034
yqjE_yqjK_yqjD_yqjC_predicted,0.25,3,3,AAACTACGTACCGCGATATC,0,5170806
yqjE_yqjK_yqjD_yqjC_predicted,0.25,3,3,AAACGTCACTAGCTAGGAGG,0,5260095
yqjE_yqjK_yqjD_yqjC_predicted,0.25,3,3,AAACGGACCCTAAACCTTAG,0,5183788
yqjE_yqjK_yqjD_yqjC_predicted,0.25,3,3,AAACGCGATACAGGTCGCCA,0,5207761
yqjE_yqjK_yqjD_yqjC_predicted,0.25,3,3,AAACCATGAGGACGTGTGGG,0,5208143
yqjE_yqjK_yqjD_yqjC_predicted,0.25,3,3,AAACCAGCAATAACCCGTGT,0,5229989
yqjE_yqjK_yqjD_yqjC_predicted,0.25,3,3,AAACAGGAGCTTATTGTGGC,0,5185791
yqjE_yqjK_yqjD_yqjC_predicted,0.25,3,3,AAACAAGCCCACGCAGGCGC,0,5220236
yqjE_yqjK_yqjD_yqjC_predicted,0.25,3,3,AAAATTCAGCGTTAAACGCT,0,5255984
yqjE_yqjK_yqjD_yqjC_predicted,0.25,3,3,AAAATGTGTCAGGCACGCGG,0,5193502
yqjE_yqjK_yqjD_yqjC_predicted,0.25,3,3,AAAATGTGGGGGTTTTCTCT,0,5180713
yqjE_yqjK_yqjD_yqjC_predicted,0.25,3,3,AAAATACCCAGGGTGCCCCA,0,5192425
yqjE_yqjK_yqjD_yqjC_predicted,0.25,3,3,AAAAGGAAATCACGTGGATT,0,5204216
yqjE_yqjK_yqjD_yqjC_predicted,0.25,3,3,AAAAGCACACGCAGGGTAAG,0,5205357
yqjE_yqjK_yqjD_yqjC_predicted,0.25,3,3,AAAAGATTTGGCTGGCAGTG,0,5246254
yqjE_yqjK_yqjD_yqjC_predicted,0.25,3,3,AAAACTCTTGCAATTAAACC,0,5230445
yqjE_yqjK_yqjD_yqjC_predicted,0.25,3,3,AAAAAGGGATAGGGATAGCC,0,5180656
yqjE_yqjK_yqjD_yqjC_predicted,0.25,3,3,AAAAAGATTACGGGCTCGAT,0,5221362
yqjE_yqjK_yqjD_yqjC_predicted,0.25,3,3,AAAAAACCAGATTCATCCCG,0,5199941
yqjE_yqjK_yqjD_yqjC_predicted,0.3333333333333333,2,2,TTTTTTGATAGCTTGGTGAC,0,5252798
yqjE_yqjK_yqjD_yqjC_predicted,0.3333333333333333,2,2,TTTTTCCACGCAAGCCGCAT,0,5171574
yqjE_yqjK_yqjD_yqjC_predicted,0.3333333333333333,2,2,TTTTGGCTTATCACTTTCGC,0,5221006
yqjE_yqjK_yqjD_yqjC_predicted,0.3333333333333333,2,2,TTTTCAGGACTGGCCTAGGT,0,5258641
yqjE_yqjK_yqjD_yqjC_predicted,0.3333333333333333,2,2,TTTTATTTCTCGAGGGACTT,0,5221411
yqjE_yqjK_yqjD_yqjC_predicted,0.3333333333333333,2,2,TTTTAGATCTAGAGGTGTTC,0,5255267
yqjE_yqjK_yqjD_yqjC_predicted,0.3333333333333333,2,2,TTTTACGCGGGTGCCGCTCT,0,5245563
yqjE_yqjK_yqjD_yqjC_predicted,0.3333333333333333,2,2,TTTTACCGACAATAAAAGGT,0,5247054
yqjE_yqjK_yqjD_yqjC_predicted,0.3333333333333333,2,2,TTTTACATCCCGTCCGCCTT,0,5204954
yqjE_yqjK_yqjD_yqjC_predicted,0.3333333333333333,2,2,TTTGTGAGCGCAACGAACGC,0,5190963
yqjE_yqjK_yqjD_yqjC_predicted,0.3333333333333333,2,2,TTTGTCCCACAGGGGGTTCC,0,5207414
yqjE_yqjK_yqjD_yqjC_predicted,0.3333333333333333,2,2,TTTGGTAGACGGAGATTCCC,0,5218820
yqjE_yqjK_yqjD_yqjC_predicted,0.3333333333333333,2,2,TTTGGGGCCAGTGGCTCTGG,0,5231337
yqjE_yqjK_yqjD_yqjC_predicted,0.3333333333333333,2,2,TTTGGCATTATTAGCGCAAG,0,5171033
yqjE_yqjK_yqjD_yqjC_predicted,0.3333333333333333,2,2,TTTGCGGACCCGATGTTCGT,0,5240691
yqjE_yqjK_yqjD_yqjC_predicted,0.3333333333333333,2,2,TTTGCGACCGCTGCGACTAT,0,5171407
yqjE_yqjK_yqjD_yqjC_predicted,0.3333333333333333,2,2,TTTGCCGCGTGCCGCCGAGA,0,5260585
yqjE_yqjK_yqjD_yqjC_predicted,0.3333333333333333,2,2,TTTGCCAGTATTAGAGCTCC,0,5185778
yqjE_yqjK_yqjD_yqjC_predicted,0.3333333333333333,2,2,TTTGCCAACCGTGATGATTG,0,5178846
yqjE_yqjK_yqjD_yqjC_predicted,0.3333333333333333,2,2,TTTGATGGAGGCGGGCGCCG,0,5262002
yqjE_yqjK_yqjD_yqjC_predicted,0.3333333333333333,2,2,TTTGAGGGGCCTAGTATTAA,0,5252985
yqjE_yqjK_yqjD_yqjC_predicted,0.3333333333333333,2,2,TTTGACAGGGACAACCGAAT,0,5194083
yqjE_yqjK_yqjD_yqjC_predicted,0.3333333333333333,2,2,TTTCTTTTACGTTACTGCGT,0,5196662
yqjE_yqjK_yqjD_yqjC_predicted,0.3333333333333333,2,2,TTTCTGTCGCCAGTAGACTG,0,5176906
yqjE_yqjK_yqjD_yqjC_predicted,0.3333333333333333,2,2,TTTCTGACGCCCCGCCCTTA,0,5218435
yqjE_yqjK_yqjD_yqjC_predicted,0.3333333333333333,2,2,TTTCTCGAAATGTAACACTT,0,5171159
yqjE_yqjK_yqjD_yqjC_predicted,0.3333333333333333,2,2,TTTCGTGCATGGGTAATCGC,0,5185413
yqjE_yqjK_yqjD_yqjC_predicted,0.3333333333333333,2,2,TTTCGCTTGGCTGGGTGCTG,0,5173905
yqjE_yqjK_yqjD_yqjC_predicted,0.3333333333333333,2,2,TTTCCTTATAATGTTCCCAA,0,5217202
yqjE_yqjK_yqjD_yqjC_predicted,0.3333333333333333,2,2,TTTCCGTGATCCTACACGGG,0,5184141
yqjE_yqjK_yqjD_yqjC_predicted,0.3333333333333333,2,2,TTTCCCTCGTATTTCACCAT,0,5237425
yqjE_yqjK_yqjD_yqjC_predicted,0.3333333333333333,2,2,TTTCCAGGCTCCCACAGCAT,0,5175785
yqjE_yqjK_yqjD_yqjC_predicted,0.3333333333333333,2,2,TTTCAGGAGGATTGACAATT,0,5247670
yqjE_yqjK_yqjD_yqjC_predicted,0.3333333333333333,2,2,TTTCAGCGAACGTGAAATAC,0,5233505
yqjE_yqjK_yqjD_yqjC_predicted,0.3333333333333333,2,2,TTTCAGACGAGATTTGGCGG,0,5198654
yqjE_yqjK_yqjD_yqjC_predicted,0.3333333333333333,2,2,TTTCACTTCTATGTTCTACC,0,5224588
yqjE_yqjK_yqjD_yqjC_predicted,0.3333333333333333,2,2,TTTCAACGTGGATCGACAAT,0,5236853
yqjE_yqjK_yqjD_yqjC_predicted,0.3333333333333333,2,2,TTTATGGACAATGCGTATTA,0,5185820
yqjE_yqjK_yqjD_yqjC_predicted,0.3333333333333333,2,2,TTTATGCTGTATCCGTTCAC,0,5250803
yqjE_yqjK_yqjD_yqjC_predicted,0.3333333333333333,2,2,TTTATGATTGCGAGGCGACC,0,5214598
yqjE_yqjK_yqjD_yqjC_predicted,0.3333333333333333,2,2,TTTATGATGCGAGCTAGGAC,0,5261674
yqjE_yqjK_yqjD_yqjC_predicted,0.3333333333333333,2,2,TTTATCAAGTTGAATCGGAA,0,5197529
yqjE_yqjK_yqjD_yqjC_predicted,0.3333333333333333,2,2,TTTATACCAAAAAGCGTTCT,0,5213402
yqjE_yqjK_yqjD_yqjC_predicted,0.3333333333333333,2,2,TTTATAAGATTAGTAATAGT,0,5243206
yqjE_yqjK_yqjD_yqjC_predicted,0.3333333333333333,2,2,TTTAGTCGTTCATAAGAAGA,0,5233401
yqjE_yqjK_yqjD_yqjC_predicted,0.3333333333333333,2,2,TTTAGGTATATACACATGCT,0,5202465
yqjE_yqjK_yqjD_yqjC_predicted,0.3333333333333333,2,2,TTTAGGCTATGCACTGCCAA,0,5194571
yqjE_yqjK_yqjD_yqjC_predicted,0.3333333333333333,2,2,TTTAGCGTTCCAGGCGAGTA,0,5188081
yqjE_yqjK_yqjD_yqjC_predicted,0.3333333333333333,2,2,TTTAGATTCTTGCCAGCTCA,0,5251087
yqjE_yqjK_yqjD_yqjC_predicted,0.3333333333333333,2,2,TTTAGAGCTCTCCGCTTAGC,0,5234913
yqjE_yqjK_yqjD_yqjC_predicted,0.3333333333333333,2,2,TTTAGACTTCTTGTAATATG,0,5205218
yqjE_yqjK_yqjD_yqjC_predicted,0.3333333333333333,2,2,TTTACTGTGAACGTAGCGTG,0,5186783
yqjE_yqjK_yqjD_yqjC_predicted,0.3333333333333333,2,2,TTTACTGAACACTCCGCCAG,0,5260166
yqjE_yqjK_yqjD_yqjC_predicted,0.3333333333333333,2,2,TTTAATTAGCCGGAAGAGGG,0,5198277
yqjE_yqjK_yqjD_yqjC_predicted,0.3333333333333333,2,2,TTTAAAATTGTTTGCCTTGC,0,5236649
yqjE_yqjK_yqjD_yqjC_predicted,0.3333333333333333,2,2,TTTAAAACACGTGCTCAAAT,0,5244932
yqjE_yqjK_yqjD_yqjC_predicted,0.3333333333333333,2,2,TTGTTTTACAGACTACCTTC,0,5253845
yqjE_yqjK_yqjD_yqjC_predicted,0.3333333333333333,2,2,TTGTTTGAGATAAGCTAATA,0,5243843
yqjE_yqjK_yqjD_yqjC_predicted,0.3333333333333333,2,2,TTGTTTAGCTCCGGGGGACA,0,5220375
yqjE_yqjK_yqjD_yqjC_predicted,0.3333333333333333,2,2,TTGTTATTTACTCGGGGCTG,0,5239884
yqjE_yqjK_yqjD_yqjC_predicted,0.3333333333333333,2,2,TTGTGGTATCCCAGAACTGC,0,5221020
yqjE_yqjK_yqjD_yqjC_predicted,0.3333333333333333,2,2,TTGTGGGTGGGTGACAGTTC,0,5202829
yqjE_yqjK_yqjD_yqjC_predicted,0.3333333333333333,2,2,TTGTGCCTAGCAGGTGGGTC,0,5241458
yqjE_yqjK_yqjD_yqjC_predicted,0.3333333333333333,2,2,TTGTCGCTGCTCGAGGACGA,0,5179104
yqjE_yqjK_yqjD_yqjC_predicted,0.3333333333333333,2,2,TTGTCGCGTTCATAGCCGGA,0,5241305
yqjE_yqjK_yqjD_yqjC_predicted,0.3333333333333333,2,2,TTGTCGCAGCCGTCATCGTC,0,5237789
yqjE_yqjK_yqjD_yqjC_predicted,0.3333333333333333,2,2,TTGTCCCGTCGTCCATCCGA,0,5236579
yqjE_yqjK_yqjD_yqjC_predicted,0.3333333333333333,2,2,TTGTCACGAACGCGTAAACG,0,5203008
yqjE_yqjK_yqjD_yqjC_predicted,0.3333333333333333,2,2,TTGTCAAGGCTAGAAGCTGA,0,5193028
yqjE_yqjK_yqjD_yqjC_predicted,0.3333333333333333,2,2,TTGTCAAAATCTCAGACATT,0,5233609
yqjE_yqjK_yqjD_yqjC_predicted,0.3333333333333333,2,2,TTGTATCTCCAAGAACGCTA,0,5222590
yqjE_yqjK_yqjD_yqjC_predicted,0.3333333333333333,2,2,TTGTATATGGGGCGGGATAC,0,5260583
yqjE_yqjK_yqjD_yqjC_predicted,0.3333333333333333,2,2,TTGTAGACTACCTATCCGCT,0,5242341
yqjE_yqjK_yqjD_yqjC_predicted,0.3333333333333333,2,2,TTGTAAAGTTTTGGCCAACC,0,5241916
yqjE_yqjK_yqjD_yqjC_predicted,0.3333333333333333,2,2,TTGTAAACGACGTGTCTCGA,0,5188198
yqjE_yqjK_yqjD_yqjC_predicted,0.3333333333333333,2,2,TTGGTTGTCAGGCATACCCC,0,5248518
yqjE_yqjK_yqjD_yqjC_predicted,0.3333333333333333,2,2,TTGGTGACAGGCCTCTCCGA,0,5236769
yqjE_yqjK_yqjD_yqjC_predicted,0.3333333333333333,2,2,TTGGTACCACGGCCCAGATT,0,5174669
yqjE_yqjK_yqjD_yqjC_predicted,0.3333333333333333,2,2,TTGGGGGAACCATCACTGTG,0,5195891
yqjE_yqjK_yqjD_yqjC_predicted,0.3333333333333333,2,2,TTGGGGGAAAGGCGTAAGGC,0,5258724
yqjE_yqjK_yqjD_yqjC_predicted,0.3333333333333333,2,2,TTGGGCGCCTCGATGCAGCT,0,5183025
yqjE_yqjK_yqjD_yqjC_predicted,0.3333333333333333,2,2,TTGGCTTCATACCGTAGACA,0,5241620
yqjE_yqjK_yqjD_yqjC_predicted,0.3333333333333333,2,2,TTGGCTGATATAAGGTTGTC,0,5238588
yqjE_yqjK_yqjD_yqjC_predicted,0.3333333333333333,2,2,TTGGATTTGGTCAGTGTCGC,0,5235083
yqjE_yqjK_yqjD_yqjC_predicted,0.3333333333333333,2,2,TTGGACATACGCATCTCGCC,0,5258505
yqjE_yqjK_yqjD_yqjC_predicted,0.3333333333333333,2,2,TTGCTTTTGGCGATCTTAAG,0,5199942
yqjE_yqjK_yqjD_yqjC_predicted,0.3333333333333333,2,2,TTGCTTTACGTAGTTTTTTG,0,5177249
yqjE_yqjK_yqjD_yqjC_predicted,0.3333333333333333,2,2,TTGCTCCAGCCTACTCGAAT,0,5243590
yqjE_yqjK_yqjD_yqjC_predicted,0.3333333333333333,2,2,TTGCTCACAGCCTCCAGCGG,0,5220010
yqjE_yqjK_yqjD_yqjC_predicted,0.3333333333333333,2,2,TTGCTACCGGGCAGCCCGTT,0,5196797
yqjE_yqjK_yqjD_yqjC_predicted,0.3333333333333333,2,2,TTGCGGGAGCATCAACAGGT,0,5203514
yqjE_yqjK_yqjD_yqjC_predicted,0.3333333333333333,2,2,TTGCGGAGTCTACCTTCCTA,0,5249133
yqjE_yqjK_yqjD_yqjC_predicted,0.3333333333333333,2,2,TTGCGCCTAGAAGGGTACAT,0,5243187
yqjE_yqjK_yqjD_yqjC_predicted,0.3333333333333333,2,2,TTGCCTCCTAGAGCAGTGAT,0,5175855
yqjE_yqjK_yqjD_yqjC_predicted,0.3333333333333333,2,2,TTGCCATTGGAGTGATCTCT,0,5240032
yqjE_yqjK_yqjD_yqjC_predicted,0.3333333333333333,2,2,TTGATTCGCATGACCCTGTC,0,5178090
yqjE_yqjK_yqjD_yqjC_predicted,0.3333333333333333,2,2,TTGAGTTGATCAAGGTAGAC,0,5228556
yqjE_yqjK_yqjD_yqjC_predicted,0.3333333333333333,2,2,TTGAGTACCCGCGCACATGG,0,5218351
yqjE_yqjK_yqjD_yqjC_predicted,0.3333333333333333,2,2,TTGAGCTTCTTTTGGCAGGG,0,5231312
yqjE_yqjK_yqjD_yqjC_predicted,0.3333333333333333,2,2,TTGAGCTGATAGCACTGCTC,0,5186840
yqjE_yqjK_yqjD_yqjC_predicted,0.3333333333333333,2,2,TTGAGCGTCTTAATGACGGA,0,5201046
yqjE_yqjK_yqjD_yqjC_predicted,0.3333333333333333,2,2,TTGACTCTGGGTGCTTATTT,0,5217878
yqjE_yqjK_yqjD_yqjC_predicted,0.3333333333333333,2,2,TTGACTATTTATGTCTGGAC,0,5243102
yqjE_yqjK_yqjD_yqjC_predicted,0.3333333333333333,2,2,TTGACGGTAATAGATGCGAA,0,5245718
yqjE_yqjK_yqjD_yqjC_predicted,0.3333333333333333,2,2,TTGAATAGCTTACGCGCTGC,0,5238859
yqjE_yqjK_yqjD_yqjC_predicted,0.3333333333333333,2,2,TTGAAGACGTGGACCAACCG,0,5226685
yqjE_yqjK_yqjD_yqjC_predicted,0.3333333333333333,2,2,TTGAAAACGGCTGAACGAGT,0,5259817
yqjE_yqjK_yqjD_yqjC_predicted,0.3333333333333333,2,2,TTCTTTTTAAACATTGTTAG,0,5231125
yqjE_yqjK_yqjD_yqjC_predicted,0.3333333333333333,2,2,TTCTTTTCAGGTTGACGGGA,0,5194144
yqjE_yqjK_yqjD_yqjC_predicted,0.3333333333333333,2,2,TTCTTGGAGTACGTCCTCAT,0,5189423
yqjE_yqjK_yqjD_yqjC_predicted,0.3333333333333333,2,2,TTCTTCGACGCTTTTCGTAA,0,5236667
yqjE_yqjK_yqjD_yqjC_predicted,0.3333333333333333,2,2,TTCTTAAGTGCCCTGGTCCA,0,5187980
yqjE_yqjK_yqjD_yqjC_predicted,0.3333333333333333,2,2,TTCTGTGGCCTTCAAGGCTT,0,5217648
yqjE_yqjK_yqjD_yqjC_predicted,0.3333333333333333,2,2,TTCTGTCAGCCAGTCAACCT,0,5171111
yqjE_yqjK_yqjD_yqjC_predicted,0.3333333333333333,2,2,TTCTGGGGAAGCGGCATGTA,0,5185718
yqjE_yqjK_yqjD_yqjC_predicted,0.3333333333333333,2,2,TTCTGGGCTCCTGATACCGG,0,5181650
yqjE_yqjK_yqjD_yqjC_predicted,0.3333333333333333,2,2,TTCTGGCCTCTCGCGCAACC,0,5260182
yqjE_yqjK_yqjD_yqjC_predicted,0.3333333333333333,2,2,TTCTCTGTTGGAAGCATAGC,0,5235409
yqjE_yqjK_yqjD_yqjC_predicted,0.3333333333333333,2,2,TTCTCTACTAACGATTTCAG,0,5214764
yqjE_yqjK_yqjD_yqjC_predicted,0.3333333333333333,2,2,TTCTCCAGGTCCTTTCAGTG,0,5249546
yqjE_yqjK_yqjD_yqjC_predicted,0.3333333333333333,2,2,TTCTCAAGGTTGAAGAAAGT,0,5197453
yqjE_yqjK_yqjD_yqjC_predicted,0.3333333333333333,2,2,TTCGTTCGCATCTCCATGGA,0,5228168
yqjE_yqjK_yqjD_yqjC_predicted,0.3333333333333333,2,2,TTCGTGGATGGGCACGTGGG,0,5253220
yqjE_yqjK_yqjD_yqjC_predicted,0.3333333333333333,2,2,TTCGTCTACGGTTCACAGTA,0,5172454
yqjE_yqjK_yqjD_yqjC_predicted,0.3333333333333333,2,2,TTCGTCGTGCCATGTTTACC,0,5241110
yqjE_yqjK_yqjD_yqjC_predicted,0.3333333333333333,2,2,TTCGTATAATACTCCTGAGT,0,5211212
yqjE_yqjK_yqjD_yqjC_predicted,0.3333333333333333,2,2,TTCGTAGACATGGCAATCAG,0,5241261
yqjE_yqjK_yqjD_yqjC_predicted,0.3333333333333333,2,2,TTCGTAACCCATACGTGAAG,0,5229636
yqjE_yqjK_yqjD_yqjC_predicted,0.3333333333333333,2,2,TTCGGTGTTAGAATCTATAA,0,5227853
yqjE_yqjK_yqjD_yqjC_predicted,0.3333333333333333,2,2,TTCGGGTGCGCGACAGCGCC,0,5223542
yqjE_yqjK_yqjD_yqjC_predicted,0.3333333333333333,2,2,TTCGGGTCCACTCGCGACCA,0,5240758
yqjE_yqjK_yqjD_yqjC_predicted,0.3333333333333333,2,2,TTCGGAAGCCATCCTAGAAT,0,5227051
yqjE_yqjK_yqjD_yqjC_predicted,0.3333333333333333,2,2,TTCGCGTATCGAACTTGTGA,0,5240237
yqjE_yqjK_yqjD_yqjC_predicted,0.3333333333333333,2,2,TTCGCATGATGCTAATGACC,0,5262988
yqjE_yqjK_yqjD_yqjC_predicted,0.3333333333333333,2,2,TTCGCACTCATACGGAGACC,0,5234270
yqjE_yqjK_yqjD_yqjC_predicted,0.3333333333333333,2,2,TTCGATTCTGCTTGTGCGGT,0,5241020
yqjE_yqjK_yqjD_yqjC_predicted,0.3333333333333333,2,2,TTCCTGTTAAGCCAGCCTCT,0,5190736
yqjE_yqjK_yqjD_yqjC_predicted,0.3333333333333333,2,2,TTCCTGCATAGGAAACCTCT,0,5259091
yqjE_yqjK_yqjD_yqjC_predicted,0.3333333333333333,2,2,TTCCTAGTTTGGATCTTATA,0,5222203
yqjE_yqjK_yqjD_yqjC_predicted,0.3333333333333333,2,2,TTCCGTCGCCGGGAATGGTT,0,5222766
yqjE_yqjK_yqjD_yqjC_predicted,0.3333333333333333,2,2,TTCCGGGCGCCATGTAATCA,0,5221536
yqjE_yqjK_yqjD_yqjC_predicted,0.3333333333333333,2,2,TTCCGCCAGTCAGACATGTA,0,5177105
yqjE_yqjK_yqjD_yqjC_predicted,0.3333333333333333,2,2,TTCCGACCCGCAGGTTGCAA,0,5187723
yqjE_yqjK_yqjD_yqjC_predicted,0.3333333333333333,2,2,TTCCCTAAGAGTAGTGTGTT,0,5257757
yqjE_yqjK_yqjD_yqjC_predicted,0.3333333333333333,2,2,TTCCATGAGCTAGTTTTTTT,0,5225443
yqjE_yqjK_yqjD_yqjC_predicted,0.3333333333333333,2,2,TTCCATGAAACAGGTGATCG,0,5178016
yqjE_yqjK_yqjD_yqjC_predicted,0.3333333333333333,2,2,TTCCATCTCGCAAGAAGGCC,0,5259908
yqjE_yqjK_yqjD_yqjC_predicted,0.3333333333333333,2,2,TTCCACGTAGCTTGCACAGC,0,5225209
yqjE_yqjK_yqjD_yqjC_predicted,0.3333333333333333,2,2,TTCATGTCTTAGCAGGATAG,0,5252399
yqjE_yqjK_yqjD_yqjC_predicted,0.3333333333333333,2,2,TTCATCACGTCTGGGCGGGG,0,5257045
yqjE_yqjK_yqjD_yqjC_predicted,0.3333333333333333,2,2,TTCATAAGCAGGGCATTCCT,0,5247265
yqjE_yqjK_yqjD_yqjC_predicted,0.3333333333333333,2,2,TTCAGGGTAGATCGGTAACA,0,5222703
yqjE_yqjK_yqjD_yqjC_predicted,0.3333333333333333,2,2,TTCAGCAGTTAATAGTACAT,0,5252912
yqjE_yqjK_yqjD_yqjC_predicted,0.3333333333333333,2,2,TTCACTACATTGCCTTCCGA,0,5176850
yqjE_yqjK_yqjD_yqjC_predicted,0.3333333333333333,2,2,TTCACGCGTGCCTTACCGGG,0,5190868
yqjE_yqjK_yqjD_yqjC_predicted,0.3333333333333333,2,2,TTCACGCGCTCTCACCCGGA,0,5248405
yqjE_yqjK_yqjD_yqjC_predicted,0.3333333333333333,2,2,TTCACGATGTCGGAGCCAGG,0,5184305
yqjE_yqjK_yqjD_yqjC_predicted,0.3333333333333333,2,2,TTCACAGCTTATAGTACATA,0,5171687
yqjE_yqjK_yqjD_yqjC_predicted,0.3333333333333333,2,2,TTCACACTTCGACTGAACAC,0,5180237
yqjE_yqjK_yqjD_yqjC_predicted,0.3333333333333333,2,2,TTCAAGATAGGCAACAGGAC,0,5261707
yqjE_yqjK_yqjD_yqjC_predicted,0.3333333333333333,2,2,TTCAACCCATTTATAAGATG,0,5172042
yqjE_yqjK_yqjD_yqjC_predicted,0.3333333333333333,2,2,TTATTGATCTCAGTCCATCA,0,5202790
yqjE_yqjK_yqjD_yqjC_predicted,0.3333333333333333,2,2,TTATTATTACAGGGGATAGC,0,5179799
yqjE_yqjK_yqjD_yqjC_predicted,0.3333333333333333,2,2,TTATGTTGGCTATGGTGGTT,0,5260685
yqjE_yqjK_yqjD_yqjC_predicted,0.3333333333333333,2,2,TTATGGCCACCAGAATGTCC,0,5176496
yqjE_yqjK_yqjD_yqjC_predicted,0.3333333333333333,2,2,TTATCTATCACAGCGCGCGG,0,5252255
yqjE_yqjK_yqjD_yqjC_predicted,0.3333333333333333,2,2,TTATCGTCTATAAATGGCCG,0,5218665
yqjE_yqjK_yqjD_yqjC_predicted,0.3333333333333333,2,2,TTATCGCATCGCAGCCAAAT,0,5261562
yqjE_yqjK_yqjD_yqjC_predicted,0.3333333333333333,2,2,TTATCGACACTACTGTCGGC,0,5206021
yqjE_yqjK_yqjD_yqjC_predicted,0.3333333333333333,2,2,TTATCGAATATCTGTCCCTG,0,5225484
yqjE_yqjK_yqjD_yqjC_predicted,0.3333333333333333,2,2,TTATCATTTTAATTGGCACG,0,5231474
yqjE_yqjK_yqjD_yqjC_predicted,0.3333333333333333,2,2,TTATACCAGTACAATCGGGA,0,5196437
yqjE_yqjK_yqjD_yqjC_predicted,0.3333333333333333,2,2,TTATAAGTATCGCGAATGGC,0,5181159
yqjE_yqjK_yqjD_yqjC_predicted,0.3333333333333333,2,2,TTAGTTCTTTAAACGGGGTT,0,5204463
yqjE_yqjK_yqjD_yqjC_predicted,0.3333333333333333,2,2,TTAGTCCACTATTCAGGTAC,0,5196314
yqjE_yqjK_yqjD_yqjC_predicted,0.3333333333333333,2,2,TTAGTATAAGCGCGGGGGAC,0,5256466
yqjE_yqjK_yqjD_yqjC_predicted,0.3333333333333333,2,2,TTAGGTGCGGTTGGCAGTTA,0,5227576
yqjE_yqjK_yqjD_yqjC_predicted,0.3333333333333333,2,2,TTAGGTATATCGCAGTAAAA,0,5246184
yqjE_yqjK_yqjD_yqjC_predicted,0.3333333333333333,2,2,TTAGCTTGTTCACGGAGATA,0,5224339
yqjE_yqjK_yqjD_yqjC_predicted,0.3333333333333333,2,2,TTAGCATCTGGGCTGATATC,0,5214671
yqjE_yqjK_yqjD_yqjC_predicted,0.3333333333333333,2,2,TTAGCACCGCTCCGCGTTTG,0,5217461
yqjE_yqjK_yqjD_yqjC_predicted,0.3333333333333333,2,2,TTAGAGGACTCTCCTAGGGT,0,5233690
yqjE_yqjK_yqjD_yqjC_predicted,0.3333333333333333,2,2,TTAGACGTCCGCGGTTGATC,0,5258253
yqjE_yqjK_yqjD_yqjC_predicted,0.3333333333333333,2,2,TTAGAATGGTTTTGCTAGCT,0,5235672
yqjE_yqjK_yqjD_yqjC_predicted,0.3333333333333333,2,2,TTACTTGGGGGAAGACGGTT,0,5179351
yqjE_yqjK_yqjD_yqjC_predicted,0.3333333333333333,2,2,TTACTGTGGACGTTATCCGT,0,5202523
yqjE_yqjK_yqjD_yqjC_predicted,0.3333333333333333,2,2,TTACTCAAAATGTTGTCCGA,0,5239827
yqjE_yqjK_yqjD_yqjC_predicted,0.3333333333333333,2,2,TTACTAATACTGGGAACATT,0,5261225
yqjE_yqjK_yqjD_yqjC_predicted,0.3333333333333333,2,2,TTACGGCGCAAGTATTGTTC,0,5228176
yqjE_yqjK_yqjD_yqjC_predicted,0.3333333333333333,2,2,TTACGCGGAGCGGCGGATGT,0,5257845
yqjE_yqjK_yqjD_yqjC_predicted,0.3333333333333333,2,2,TTACGCCCTTTATATAACGT,0,5236845
yqjE_yqjK_yqjD_yqjC_predicted,0.3333333333333333,2,2,TTACCGGTCACGGTCATCAT,0,5229700
yqjE_yqjK_yqjD_yqjC_predicted,0.3333333333333333,2,2,TTACCAGCACGGTTTAAGCC,0,5171583
yqjE_yqjK_yqjD_yqjC_predicted,0.3333333333333333,2,2,TTACAGGGCTGTTTAGGAAG,0,5218506
yqjE_yqjK_yqjD_yqjC_predicted,0.3333333333333333,2,2,TTACAGGCCCCGGCAATCGA,0,5256107
yqjE_yqjK_yqjD_yqjC_predicted,0.3333333333333333,2,2,TTACACGTGTATGTACAAAC,0,5242168
yqjE_yqjK_yqjD_yqjC_predicted,0.3333333333333333,2,2,TTAATGGTAGCACCCGGTTC,0,5241688
yqjE_yqjK_yqjD_yqjC_predicted,0.3333333333333333,2,2,TTAATGGGTGGTACGTTCAA,0,5204964
yqjE_yqjK_yqjD_yqjC_predicted,0.3333333333333333,2,2,TTAATGGGTATACTGGTTAC,0,5237813
yqjE_yqjK_yqjD_yqjC_predicted,0.3333333333333333,2,2,TTAATGCGGCCGATTTGGAT,0,5257811
yqjE_yqjK_yqjD_yqjC_predicted,0.3333333333333333,2,2,TTAATCCGGATGCGGACCAA,0,5175557
yqjE_yqjK_yqjD_yqjC_predicted,0.3333333333333333,2,2,TTAATCCATCACAGTAGCGG,0,5252516
yqjE_yqjK_yqjD_yqjC_predicted,0.3333333333333333,2,2,TTAAGTGGAGAAGATGTTCC,0,5179450
yqjE_yqjK_yqjD_yqjC_predicted,0.3333333333333333,2,2,TTAAGGTCTCCGGGTAAAAA,0,5221528
yqjE_yqjK_yqjD_yqjC_predicted,0.3333333333333333,2,2,TTAAGGGAAAGTAGAACGGG,0,5203206
yqjE_yqjK_yqjD_yqjC_predicted,0.3333333333333333,2,2,TTAAGCTGTGCCGTGCTCTC,0,5247367
yqjE_yqjK_yqjD_yqjC_predicted,0.3333333333333333,2,2,TTAAGAGTACTTCATGCATG,0,5208170
yqjE_yqjK_yqjD_yqjC_predicted,0.3333333333333333,2,2,TTAAGAGATTAGTAAGCTTT,0,5228343
yqjE_yqjK_yqjD_yqjC_predicted,0.3333333333333333,2,2,TTAAGAAATTCTGAAGGCAG,0,5224653
yqjE_yqjK_yqjD_yqjC_predicted,0.3333333333333333,2,2,TTAACTTGTTGGTGAGTCCT,0,5252841
yqjE_yqjK_yqjD_yqjC_predicted,0.3333333333333333,2,2,TTAACGTGATGACATCGAAT,0,5189753
yqjE_yqjK_yqjD_yqjC_predicted,0.3333333333333333,2,2,TTAACCCGAATGAGCGCCAC,0,5203971
yqjE_yqjK_yqjD_yqjC_predicted,0.3333333333333333,2,2,TTAAATGGGCATGGAATGAG,0,5238662
yqjE_yqjK_yqjD_yqjC_predicted,0.3333333333333333,2,2,TTAAATCCCGCGACGCCTAT,0,5228035
yqjE_yqjK_yqjD_yqjC_predicted,0.3333333333333333,2,2,TTAAAGTCATGGAAATTTCT,0,5178498
yqjE_yqjK_yqjD_yqjC_predicted,0.3333333333333333,2,2,TTAAACTGCAAAACCCAACA,0,5201793
yqjE_yqjK_yqjD_yqjC_predicted,0.3333333333333333,2,2,TTAAACTATTATACGGGGAC,0,5179031
yqjE_yqjK_yqjD_yqjC_predicted,0.3333333333333333,2,2,TGTTTTGGGCGCTGTTGGTA,0,5231082
yqjE_yqjK_yqjD_yqjC_predicted,0.3333333333333333,2,2,TGTTTTCTCAAGTACTTCGG,0,5211463
yqjE_yqjK_yqjD_yqjC_predicted,0.3333333333333333,2,2,TGTTTGTCTAGAGGATTTCA,0,5223587
yqjE_yqjK_yqjD_yqjC_predicted,0.3333333333333333,2,2,TGTTTGGGTAGAACCTCGAT,0,5259954
yqjE_yqjK_yqjD_yqjC_predicted,0.3333333333333333,2,2,TGTTTCGCGCATCTTTGTAA,0,5216181
yqjE_yqjK_yqjD_yqjC_predicted,0.3333333333333333,2,2,TGTTGGCCATGGGTGATGCG,0,5208424
yqjE_yqjK_yqjD_yqjC_predicted,0.3333333333333333,2,2,TGTTGGATACGCCGTTATTA,0,5217983
yqjE_yqjK_yqjD_yqjC_predicted,0.3333333333333333,2,2,TGTTGCTTCGGCTAAGATGG,0,5174657
yqjE_yqjK_yqjD_yqjC_predicted,0.3333333333333333,2,2,TGTTCTTAACCCGCACATGA,0,5243620
yqjE_yqjK_yqjD_yqjC_predicted,0.3333333333333333,2,2,TGTTCGGACACTGATTCCTT,0,5254202
yqjE_yqjK_yqjD_yqjC_predicted,0.3333333333333333,2,2,TGTTCGACGCTATCTACGCC,0,5197563
yqjE_yqjK_yqjD_yqjC_predicted,0.3333333333333333,2,2,TGTTCGACAGACCGGTAACT,0,5259845
yqjE_yqjK_yqjD_yqjC_predicted,0.3333333333333333,2,2,TGTTATGGTCTACTTTTCAC,0,5260311
yqjE_yqjK_yqjD_yqjC_predicted,0.3333333333333333,2,2,TGTTAGATGACATGCTAATT,0,5181609
yqjE_yqjK_yqjD_yqjC_predicted,0.3333333333333333,2,2,TGTTACGTACAATTACTGGA,0,5210274
yqjE_yqjK_yqjD_yqjC_predicted,0.3333333333333333,2,2,TGTTACCGACCCGTATAAGC,0,5242239
yqjE_yqjK_yqjD_yqjC_predicted,0.3333333333333333,2,2,TGTGTTAGCCGGGTTCGCGA,0,5230614
yqjE_yqjK_yqjD_yqjC_predicted,0.3333333333333333,2,2,TGTGTCGGCCGGGGTTATTT,0,5190096
yqjE_yqjK_yqjD_yqjC_predicted,0.3333333333333333,2,2,TGTGTCCCTTGACAGCAAAG,0,5259878
yqjE_yqjK_yqjD_yqjC_predicted,0.3333333333333333,2,2,TGTGGGGAGCGGGCCATGTT,0,5204800
yqjE_yqjK_yqjD_yqjC_predicted,0.3333333333333333,2,2,TGTGGGCTCGGCATTAGTAG,0,5246955
yqjE_yqjK_yqjD_yqjC_predicted,0.3333333333333333,2,2,TGTGGCGTGTATCTGTTTTG,0,5173126
yqjE_yqjK_yqjD_yqjC_predicted,0.3333333333333333,2,2,TGTGGACCTGAGTGGATTTT,0,5239027
yqjE_yqjK_yqjD_yqjC_predicted,0.3333333333333333,2,2,TGTGCTCTGCTAACTTGTAT,0,5184116
yqjE_yqjK_yqjD_yqjC_predicted,0.3333333333333333,2,2,TGTGCAGGCCGCGCTCTATA,0,5187539
yqjE_yqjK_yqjD_yqjC_predicted,0.3333333333333333,2,2,TGTGCAGAAGGATAGTACGC,0,5186276
yqjE_yqjK_yqjD_yqjC_predicted,0.3333333333333333,2,2,TGTGAGTGGGATCGAGTATC,0,5184096
yqjE_yqjK_yqjD_yqjC_predicted,0.3333333333333333,2,2,TGTGACTGTAGCTTAATGGG,0,5173034
yqjE_yqjK_yqjD_yqjC_predicted,0.3333333333333333,2,2,TGTGACACAGGTGGGTCATC,0,5248096
yqjE_yqjK_yqjD_yqjC_predicted,0.3333333333333333,2,2,TGTCTCCCACTATTTCACAT,0,5202643
yqjE_yqjK_yqjD_yqjC_predicted,0.3333333333333333,2,2,TGTCTATAGGAATACACGTC,0,5250163
yqjE_yqjK_yqjD_yqjC_predicted,0.3333333333333333,2,2,TGTCTACGTTTGATGTTACC,0,5192069
yqjE_yqjK_yqjD_yqjC_predicted,0.3333333333333333,2,2,TGTCGCGGTTGCGAAATGTT,0,5230415
yqjE_yqjK_yqjD_yqjC_predicted,0.3333333333333333,2,2,TGTCCTGCTCGCAGCAACTA,0,5203460
yqjE_yqjK_yqjD_yqjC_predicted,0.3333333333333333,2,2,TGTCCACCACAACAACTGGA,0,5208023
yqjE_yqjK_yqjD_yqjC_predicted,0.3333333333333333,2,2,TGTCAGGCGTTTGCAACCTT,0,5224402
yqjE_yqjK_yqjD_yqjC_predicted,0.3333333333333333,2,2,TGTCACTTTCACGGAGCTAT,0,5189757
yqjE_yqjK_yqjD_yqjC_predicted,0.3333333333333333,2,2,TGTCACCTTCAATGCACATG,0,5244767
yqjE_yqjK_yqjD_yqjC_predicted,0.3333333333333333,2,2,TGTATTTTCTTTTAGCAGTC,0,5195651
yqjE_yqjK_yqjD_yqjC_predicted,0.3333333333333333,2,2,TGTATTCGAAATGGTAGTTT,0,5173089
yqjE_yqjK_yqjD_yqjC_predicted,0.3333333333333333,2,2,TGTATGATTCTTGCTGGACA,0,5245840
yqjE_yqjK_yqjD_yqjC_predicted,0.3333333333333333,2,2,TGTAGTTTCTGTTGCATGGC,0,5218652
yqjE_yqjK_yqjD_yqjC_predicted,0.3333333333333333,2,2,TGTAGACTAAGAGGTCCCTT,0,5208441
yqjE_yqjK_yqjD_yqjC_predicted,0.3333333333333333,2,2,TGTAGACCCCGGTTAGGCAT,0,5251008
yqjE_yqjK_yqjD_yqjC_predicted,0.3333333333333333,2,2,TGTACTGGCAAATGCACATA,0,5251529
yqjE_yqjK_yqjD_yqjC_predicted,0.3333333333333333,2,2,TGTACATCCTCTGAGGGGCA,0,5245570
yqjE_yqjK_yqjD_yqjC_predicted,0.3333333333333333,2,2,TGTACACATAGGAAGCTTGT,0,5176154
yqjE_yqjK_yqjD_yqjC_predicted,0.3333333333333333,2,2,TGTAATCGGTGTAGTGAGGT,0,5216824
yqjE_yqjK_yqjD_yqjC_predicted,0.3333333333333333,2,2,TGTAAGACAGTGAAGGTATT,0,5181647
yqjE_yqjK_yqjD_yqjC_predicted,0.3333333333333333,2,2,TGTAAGAATAATCTACGACG,0,5235024
yqjE_yqjK_yqjD_yqjC_predicted,0.3333333333333333,2,2,TGTAACTATCCGTGGTCGTG,0,5199445
yqjE_yqjK_yqjD_yqjC_predicted,0.3333333333333333,2,2,TGTAAATTAATGCAAGTACT,0,5234627
yqjE_yqjK_yqjD_yqjC_predicted,0.3333333333333333,2,2,TGGTTTCGCGTTTATAGGTT,0,5254341
yqjE_yqjK_yqjD_yqjC_predicted,0.3333333333333333,2,2,TGGTTGCCATTAACCTGTCT,0,5187381
yqjE_yqjK_yqjD_yqjC_predicted,0.3333333333333333,2,2,TGGTTATACATATGTGGAAT,0,5212827
yqjE_yqjK_yqjD_yqjC_predicted,0.3333333333333333,2,2,TGGTTAGGGGCGCAGCGTTT,0,5184439
yqjE_yqjK_yqjD_yqjC_predicted,0.3333333333333333,2,2,TGGTGTAGACGGTTTACGGG,0,5182694
yqjE_yqjK_yqjD_yqjC_predicted,0.3333333333333333,2,2,TGGTGTAAGATTCCCGACTT,0,5261273
yqjE_yqjK_yqjD_yqjC_predicted,0.3333333333333333,2,2,TGGTGGTTTCAGTTCTCTGG,0,5253532
yqjE_yqjK_yqjD_yqjC_predicted,0.3333333333333333,2,2,TGGTGAGTATATTCGGGTCG,0,5208280
yqjE_yqjK_yqjD_yqjC_predicted,0.3333333333333333,2,2,TGGTCTCGATCCGGCATTGC,0,5240036
yqjE_yqjK_yqjD_yqjC_predicted,0.3333333333333333,2,2,TGGTCAAATTTCCCTTTCGT,0,5172958
yqjE_yqjK_yqjD_yqjC_predicted,0.3333333333333333,2,2,TGGTATGCCCGCAGCGTAGT,0,5188272
yqjE_yqjK_yqjD_yqjC_predicted,0.3333333333333333,2,2,TGGTAGTCGAGAGATTAAGG,0,5188218
yqjE_yqjK_yqjD_yqjC_predicted,0.3333333333333333,2,2,TGGTAGCTGGCCCCTTATTT,0,5196129
yqjE_yqjK_yqjD_yqjC_predicted,0.3333333333333333,2,2,TGGTAGAAGGGATACTTCGC,0,5260154
yqjE_yqjK_yqjD_yqjC_predicted,0.3333333333333333,2,2,TGGTACGTGGTATCCATAAC,0,5256167
yqjE_yqjK_yqjD_yqjC_predicted,0.3333333333333333,2,2,TGGTACACGCAGCGCGATCC,0,5227515
yqjE_yqjK_yqjD_yqjC_predicted,0.3333333333333333,2,2,TGGGTTTTTACACATTTGCA,0,5181826
yqjE_yqjK_yqjD_yqjC_predicted,0.3333333333333333,2,2,TGGGTGATGCAACTCTCAAG,0,5239820
yqjE_yqjK_yqjD_yqjC_predicted,0.3333333333333333,2,2,TGGGTCTTCTAAGTCTAACG,0,5183869
yqjE_yqjK_yqjD_yqjC_predicted,0.3333333333333333,2,2,TGGGGTTTTTTAGCTTCCAT,0,5240200
yqjE_yqjK_yqjD_yqjC_predicted,0.3333333333333333,2,2,TGGGGTAGTGCTACGGTCTA,0,5249170
yqjE_yqjK_yqjD_yqjC_predicted,0.3333333333333333,2,2,TGGGGTAGTCAGGGTCTCCT,0,5201407
yqjE_yqjK_yqjD_yqjC_predicted,0.3333333333333333,2,2,TGGGGGAACTTATAAGCGTG,0,5258651
yqjE_yqjK_yqjD_yqjC_predicted,0.3333333333333333,2,2,TGGGGAAGCTTCCACGAGGG,0,5190133
yqjE_yqjK_yqjD_yqjC_predicted,0.3333333333333333,2,2,TGGGCATGTACCACCAATTG,0,5251677
yqjE_yqjK_yqjD_yqjC_predicted,0.3333333333333333,2,2,TGGGATTTGGCCACTTCCGA,0,5225579
yqjE_yqjK_yqjD_yqjC_predicted,0.3333333333333333,2,2,TGGGATCCATGAGTCCGTCT,0,5216879
yqjE_yqjK_yqjD_yqjC_predicted,0.3333333333333333,2,2,TGGGATATCGGAGGCGATCT,0,5235944
yqjE_yqjK_yqjD_yqjC_predicted,0.3333333333333333,2,2,TGGGACGGGTCCTTGTAAGT,0,5173040
yqjE_yqjK_yqjD_yqjC_predicted,0.3333333333333333,2,2,TGGGACCTGCATCGATAATC,0,5240301
yqjE_yqjK_yqjD_yqjC_predicted,0.3333333333333333,2,2,TGGGACCGTGGAGTCGGTCC,0,5209908
yqjE_yqjK_yqjD_yqjC_predicted,0.3333333333333333,2,2,TGGCTTCGGCCAATCAGGGT,0,5246163
yqjE_yqjK_yqjD_yqjC_predicted,0.3333333333333333,2,2,TGGCTTACGTACGAAACAAT,0,5254820
yqjE_yqjK_yqjD_yqjC_predicted,0.3333333333333333,2,2,TGGCTGTCAGCAGGACGAGC,0,5246941
yqjE_yqjK_yqjD_yqjC_predicted,0.3333333333333333,2,2,TGGCTGGTGTACAAGGCGAG,0,5201591
yqjE_yqjK_yqjD_yqjC_predicted,0.3333333333333333,2,2,TGGCTGAGACGGACGTAATC,0,5200902
yqjE_yqjK_yqjD_yqjC_predicted,0.3333333333333333,2,2,TGGCTCCAAATATAACGCTA,0,5190857
yqjE_yqjK_yqjD_yqjC_predicted,0.3333333333333333,2,2,TGGCTCAAATGACGATCGTG,0,5196664
yqjE_yqjK_yqjD_yqjC_predicted,0.3333333333333333,2,2,TGGCGGATGTTTGGTATCTA,0,5179316
yqjE_yqjK_yqjD_yqjC_predicted,0.3333333333333333,2,2,TGGCGCGGCAGGAGACAATA,0,5244845
yqjE_yqjK_yqjD_yqjC_predicted,0.3333333333333333,2,2,TGGCGACAGGCCAGGTGATA,0,5184268
yqjE_yqjK_yqjD_yqjC_predicted,0.3333333333333333,2,2,TGGCGAATCTTCGATGCAAC,0,5178093
yqjE_yqjK_yqjD_yqjC_predicted,0.3333333333333333,2,2,TGGCCACGCTAGCTTTAGAA,0,5242845
yqjE_yqjK_yqjD_yqjC_predicted,0.3333333333333333,2,2,TGGCCACCGGCGGTGTTCCT,0,5233521
yqjE_yqjK_yqjD_yqjC_predicted,0.3333333333333333,2,2,TGGCATGACTCGTTTGGAGT,0,5188060
yqjE_yqjK_yqjD_yqjC_predicted,0.3333333333333333,2,2,TGGCATAAACGGTCAACCCA,0,5188589
yqjE_yqjK_yqjD_yqjC_predicted,0.3333333333333333,2,2,TGGCAGAGTCGGTTCTATAG,0,5196622
yqjE_yqjK_yqjD_yqjC_predicted,0.3333333333333333,2,2,TGGCACTTGAATTTCGCGTT,0,5193278
yqjE_yqjK_yqjD_yqjC_predicted,0.3333333333333333,2,2,TGGCAATATAACCGGTCAGA,0,5194358
yqjE_yqjK_yqjD_yqjC_predicted,0.3333333333333333,2,2,TGGATTCAAGCACGTTCGGA,0,5195401
yqjE_yqjK_yqjD_yqjC_predicted,0.3333333333333333,2,2,TGGATGATGCTCGTCAGCAT,0,5256610
yqjE_yqjK_yqjD_yqjC_predicted,0.3333333333333333,2,2,TGGAGTAGCGAATTACGATT,0,5189154
yqjE_yqjK_yqjD_yqjC_predicted,0.3333333333333333,2,2,TGGAGTACCTGGCGGTCACC,0,5191213
yqjE_yqjK_yqjD_yqjC_predicted,0.3333333333333333,2,2,TGGAGGTCAGTGCGCTTGAC,0,5228442
yqjE_yqjK_yqjD_yqjC_predicted,0.3333333333333333,2,2,TGGAGGCTTATTCGTTATAA,0,5255818
yqjE_yqjK_yqjD_yqjC_predicted,0.3333333333333333,2,2,TGGAGAACAACGGCGGCTTT,0,5194996
yqjE_yqjK_yqjD_yqjC_predicted,0.3333333333333333,2,2,TGGACCTCTCGGTTGAAGAA,0,5210420
yqjE_yqjK_yqjD_yqjC_predicted,0.3333333333333333,2,2,TGGACCAGCTCATCTCTCGT,0,5222150
yqjE_yqjK_yqjD_yqjC_predicted,0.3333333333333333,2,2,TGGAACGGCCTATTATCCAA,0,5182738
yqjE_yqjK_yqjD_yqjC_predicted,0.3333333333333333,2,2,TGCTTGACGGACATTCCGGA,0,5243005
yqjE_yqjK_yqjD_yqjC_predicted,0.3333333333333333,2,2,TGCTGTAGCACTCGTTCAAG,0,5227273
yqjE_yqjK_yqjD_yqjC_predicted,0.3333333333333333,2,2,TGCTGGTAGGATTCGAAGAA,0,5194969
yqjE_yqjK_yqjD_yqjC_predicted,0.3333333333333333,2,2,TGCTGGATAAAAGATTGCGA,0,5174114
yqjE_yqjK_yqjD_yqjC_predicted,0.3333333333333333,2,2,TGCTGCCGGTGCTCAAATTA,0,5182242
yqjE_yqjK_yqjD_yqjC_predicted,0.3333333333333333,2,2,TGCTGATCCTAGGTGGTGTA,0,5192889
yqjE_yqjK_yqjD_yqjC_predicted,0.3333333333333333,2,2,TGCTCGGGGCCTTCAGTTGA,0,5217273
yqjE_yqjK_yqjD_yqjC_predicted,0.3333333333333333,2,2,TGCTCCGTCCTGAGAACCTA,0,5233360
yqjE_yqjK_yqjD_yqjC_predicted,0.3333333333333333,2,2,TGCTATGTCTACGCTCCAAA,0,5212538
yqjE_yqjK_yqjD_yqjC_predicted,0.3333333333333333,2,2,TGCTACATGTGATGCGATAG,0,5236203
yqjE_yqjK_yqjD_yqjC_predicted,0.3333333333333333,2,2,TGCTAATAATTGAAGGGTAA,0,5238963
yqjE_yqjK_yqjD_yqjC_predicted,0.3333333333333333,2,2,TGCGTTAGCGGCGGGCGATG,0,5230784
yqjE_yqjK_yqjD_yqjC_predicted,0.3333333333333333,2,2,TGCGTACCGTCGTCGAAGGT,0,5182278
yqjE_yqjK_yqjD_yqjC_predicted,0.3333333333333333,2,2,TGCGGTCTGTTTCATTGTCC,0,5252033
yqjE_yqjK_yqjD_yqjC_predicted,0.3333333333333333,2,2,TGCGCTATAATACGAATGCT,0,5210306
yqjE_yqjK_yqjD_yqjC_predicted,0.3333333333333333,2,2,TGCGCGTTAATGTTTATTAA,0,5245978
yqjE_yqjK_yqjD_yqjC_predicted,0.3333333333333333,2,2,TGCGATTATAGGCTCGTCAT,0,5249648
yqjE_yqjK_yqjD_yqjC_predicted,0.3333333333333333,2,2,TGCGAAACGGTTCAGAACCC,0,5241646
yqjE_yqjK_yqjD_yqjC_predicted,0.3333333333333333,2,2,TGCCTTACCTAATATGTCTC,0,5212473
yqjE_yqjK_yqjD_yqjC_predicted,0.3333333333333333,2,2,TGCCTGTCCAGGGGCGCGGG,0,5243988
yqjE_yqjK_yqjD_yqjC_predicted,0.3333333333333333,2,2,TGCCTGTAAGAAAGCATTGT,0,5191387
yqjE_yqjK_yqjD_yqjC_predicted,0.3333333333333333,2,2,TGCCTGCCGCACTCTTTGCC,0,5238585
yqjE_yqjK_yqjD_yqjC_predicted,0.3333333333333333,2,2,TGCCTCGTCAATAAAGTCAT,0,5188714
yqjE_yqjK_yqjD_yqjC_predicted,0.3333333333333333,2,2,TGCCGTTCGAAGCTTGTTAT,0,5193672
yqjE_yqjK_yqjD_yqjC_predicted,0.3333333333333333,2,2,TGCCGTTACAATGCAGGGTG,0,5249370
yqjE_yqjK_yqjD_yqjC_predicted,0.3333333333333333,2,2,TGCCGGTCGGGTCCAGACAC,0,5192239
yqjE_yqjK_yqjD_yqjC_predicted,0.3333333333333333,2,2,TGCCCCAATCACAGTGGGGG,0,5212719
yqjE_yqjK_yqjD_yqjC_predicted,0.3333333333333333,2,2,TGCCATAGGGATGCGGTATG,0,5231179
yqjE_yqjK_yqjD_yqjC_predicted,0.3333333333333333,2,2,TGCCAGTTCTTGCAGTCCGA,0,5171084
yqjE_yqjK_yqjD_yqjC_predicted,0.3333333333333333,2,2,TGCCAGCTCCCAAGTTATCG,0,5255091
yqjE_yqjK_yqjD_yqjC_predicted,0.3333333333333333,2,2,TGCCAGCGAATACCAGAGAG,0,5246420
yqjE_yqjK_yqjD_yqjC_predicted,0.3333333333333333,2,2,TGCCACCTTCACTAGGTGGC,0,5182838
yqjE_yqjK_yqjD_yqjC_predicted,0.3333333333333333,2,2,TGCATTTAAAAGCGCATTTC,0,5201221
yqjE_yqjK_yqjD_yqjC_predicted,0.3333333333333333,2,2,TGCATGGTTCGATTCGCCCA,0,5208072
yqjE_yqjK_yqjD_yqjC_predicted,0.3333333333333333,2,2,TGCATCTGTTCGACTTCAAT,0,5215404
yqjE_yqjK_yqjD_yqjC_predicted,0.3333333333333333,2,2,TGCATCATCGCGAGCAAGTA,0,5225591
yqjE_yqjK_yqjD_yqjC_predicted,0.3333333333333333,2,2,TGCAGTCCGGATCGTCGGTG,0,5220266
yqjE_yqjK_yqjD_yqjC_predicted,0.3333333333333333,2,2,TGCAGGGTTTAACAATTTCA,0,5202172
yqjE_yqjK_yqjD_yqjC_predicted,0.3333333333333333,2,2,TGCAGGGTCAAGGCAAGTCG,0,5258831
yqjE_yqjK_yqjD_yqjC_predicted,0.3333333333333333,2,2,TGCAGGAAAGCTATTACCGA,0,5231837
yqjE_yqjK_yqjD_yqjC_predicted,0.3333333333333333,2,2,TGCACTCCTCGCTGAAATCA,0,5201012
yqjE_yqjK_yqjD_yqjC_predicted,0.3333333333333333,2,2,TGCAATTACCGTCCGATCGG,0,5252466
yqjE_yqjK_yqjD_yqjC_predicted,0.3333333333333333,2,2,TGCAATGTTCACGAAACCTT,0,5203176
yqjE_yqjK_yqjD_yqjC_predicted,0.3333333333333333,2,2,TGCAATCGACTTTCGGATTG,0,5185461
yqjE_yqjK_yqjD_yqjC_predicted,0.3333333333333333,2,2,TGCAATAGCGCACGCCTCCA,0,5236666
yqjE_yqjK_yqjD_yqjC_predicted,0.3333333333333333,2,2,TGCAAAGGTTTAGTAATTAG,0,5173490
yqjE_yqjK_yqjD_yqjC_predicted,0.3333333333333333,2,2,TGATTTCGGGGTTACCATAG,0,5212556
yqjE_yqjK_yqjD_yqjC_predicted,0.3333333333333333,2,2,TGATTGTGATTGAGTGGTCC,0,5250807
yqjE_yqjK_yqjD_yqjC_predicted,0.3333333333333333,2,2,TGATTGTAATCGGGACTCCG,0,5193469
yqjE_yqjK_yqjD_yqjC_predicted,0.3333333333333333,2,2,TGATTCGGGCTCGTTTTTTA,0,5172479
yqjE_yqjK_yqjD_yqjC_predicted,0.3333333333333333,2,2,TGATTATTAGGACACCGCAA,0,5243978
yqjE_yqjK_yqjD_yqjC_predicted,0.3333333333333333,2,2,TGATGGGTATATCGGATCAA,0,5174096
yqjE_yqjK_yqjD_yqjC_predicted,0.3333333333333333,2,2,TGATGGAGAAGGGTACGCAT,0,5229658
yqjE_yqjK_yqjD_yqjC_predicted,0.3333333333333333,2,2,TGATGCTTTGTATCCGGGAG,0,5194622
yqjE_yqjK_yqjD_yqjC_predicted,0.3333333333333333,2,2,TGATGCCGGTTCATTCCGAA,0,5209955
yqjE_yqjK_yqjD_yqjC_predicted,0.3333333333333333,2,2,TGATCTTTTTATGAATGACG,0,5259069
yqjE_yqjK_yqjD_yqjC_predicted,0.3333333333333333,2,2,TGATCTCGCCGGCAGAGATA,0,5187173
yqjE_yqjK_yqjD_yqjC_predicted,0.3333333333333333,2,2,TGATCAGAAAAGGGTTCCTT,0,5175774
yqjE_yqjK_yqjD_yqjC_predicted,0.3333333333333333,2,2,TGATAGTAGAGTGTGGTAAT,0,5224138
yqjE_yqjK_yqjD_yqjC_predicted,0.3333333333333333,2,2,TGATAGGTCGAAATCGCATT,0,5174270
yqjE_yqjK_yqjD_yqjC_predicted,0.3333333333333333,2,2,TGATAGAGCGACCCGGTGTG,0,5181819
yqjE_yqjK_yqjD_yqjC_predicted,0.3333333333333333,2,2,TGAGTTTGTCAACGGCCAAT,0,5209673
yqjE_yqjK_yqjD_yqjC_predicted,0.3333333333333333,2,2,TGAGTTCAATACCAACGCGA,0,5215205
yqjE_yqjK_yqjD_yqjC_predicted,0.3333333333333333,2,2,TGAGTTATTGGTCAGAAATG,0,5251545
yqjE_yqjK_yqjD_yqjC_predicted,0.3333333333333333,2,2,TGAGTACTCCAACCCATGGC,0,5227665
yqjE_yqjK_yqjD_yqjC_predicted,0.3333333333333333,2,2,TGAGTACCTGGCAGTATTTT,0,5201714
yqjE_yqjK_yqjD_yqjC_predicted,0.3333333333333333,2,2,TGAGGTTACACGTGTGGAGG,0,5171024
yqjE_yqjK_yqjD_yqjC_predicted,0.3333333333333333,2,2,TGAGGGCGGTAGTAGGGCCC,0,5224029
yqjE_yqjK_yqjD_yqjC_predicted,0.3333333333333333,2,2,TGAGGATTTCTTTCACGGGA,0,5240585
yqjE_yqjK_yqjD_yqjC_predicted,0.3333333333333333,2,2,TGAGGACTGGAGGCCGGTAC,0,5207521
yqjE_yqjK_yqjD_yqjC_predicted,0.3333333333333333,2,2,TGAGGACTCTAATTGTGCGC,0,5240779
yqjE_yqjK_yqjD_yqjC_predicted,0.3333333333333333,2,2,TGAGGACAGGAGACAGCAGG,0,5246630
yqjE_yqjK_yqjD_yqjC_predicted,0.3333333333333333,2,2,TGAGGAAATCCAGCTCTCAT,0,5175385
yqjE_yqjK_yqjD_yqjC_predicted,0.3333333333333333,2,2,TGAGACCTAAAACCTAGTTC,0,5213437
yqjE_yqjK_yqjD_yqjC_predicted,0.3333333333333333,2,2,TGAGAACCTGAGAGAATCCA,0,5188739
yqjE_yqjK_yqjD_yqjC_predicted,0.3333333333333333,2,2,TGACTTTTTGTATCGTTTTG,0,5250861
yqjE_yqjK_yqjD_yqjC_predicted,0.3333333333333333,2,2,TGACTTTCTCAAGCGTACAT,0,5223086
yqjE_yqjK_yqjD_yqjC_predicted,0.3333333333333333,2,2,TGACTGGTGGCCGCACACCG,0,5208642
yqjE_yqjK_yqjD_yqjC_predicted,0.3333333333333333,2,2,TGACTCCATAATGTAACCCA,0,5223358
yqjE_yqjK_yqjD_yqjC_predicted,0.3333333333333333,2,2,TGACTAGCCACTCTGGCTGA,0,5248722
yqjE_yqjK_yqjD_yqjC_predicted,0.3333333333333333,2,2,TGACGAAGACCTTGGAACTT,0,5259542
yqjE_yqjK_yqjD_yqjC_predicted,0.3333333333333333,2,2,TGACATGAGTTGCGTTGCTA,0,5255409
yqjE_yqjK_yqjD_yqjC_predicted,0.3333333333333333,2,2,TGACATCTGACACCAGCACA,0,5192181
yqjE_yqjK_yqjD_yqjC_predicted,0.3333333333333333,2,2,TGACAGCGGGCATGCTCAAT,0,5261255
yqjE_yqjK_yqjD_yqjC_predicted,0.3333333333333333,2,2,TGACACGTATAGCGTCGCAG,0,5219165
yqjE_yqjK_yqjD_yqjC_predicted,0.3333333333333333,2,2,TGAAGTCAATATTTTTCTCT,0,5187061
yqjE_yqjK_yqjD_yqjC_predicted,0.3333333333333333,2,2,TGAAGGCGATCTGGAACAAA,0,5213230
yqjE_yqjK_yqjD_yqjC_predicted,0.3333333333333333,2,2,TGAAGGACAAAATTATAAAA,0,5246535
yqjE_yqjK_yqjD_yqjC_predicted,0.3333333333333333,2,2,TGAAGGAAGTGCGTCATACG,0,5261583
yqjE_yqjK_yqjD_yqjC_predicted,0.3333333333333333,2,2,TGAAGATAGAATTACCATGA,0,5175435
yqjE_yqjK_yqjD_yqjC_predicted,0.3333333333333333,2,2,TGAAGACAGTTGTGTATGAC,0,5258765
yqjE_yqjK_yqjD_yqjC_predicted,0.3333333333333333,2,2,TGAAGAAATCCCGCATATCG,0,5244470
yqjE_yqjK_yqjD_yqjC_predicted,0.3333333333333333,2,2,TGAACCGCCCATTAACATAG,0,5255897
yqjE_yqjK_yqjD_yqjC_predicted,0.3333333333333333,2,2,TGAACCAAACCGTACCGCTC,0,5256037
yqjE_yqjK_yqjD_yqjC_predicted,0.3333333333333333,2,2,TGAAAGTGTGTACTCTCAAG,0,5182201
yqjE_yqjK_yqjD_yqjC_predicted,0.3333333333333333,2,2,TGAAAGTACTTGACATCGAA,0,5224774
yqjE_yqjK_yqjD_yqjC_predicted,0.3333333333333333,2,2,TGAAAGCTCACGGGAGTTCA,0,5240003
yqjE_yqjK_yqjD_yqjC_predicted,0.3333333333333333,2,2,TGAAAATTCCAAACCGTGCG,0,5238346
yqjE_yqjK_yqjD_yqjC_predicted,0.3333333333333333,2,2,TCTTTTGTTAGTCACAGCGG,0,5194017
yqjE_yqjK_yqjD_yqjC_predicted,0.3333333333333333,2,2,TCTTTGGTCTGGCCGCTACG,0,5209549
yqjE_yqjK_yqjD_yqjC_predicted,0.3333333333333333,2,2,TCTTTGATAGATGCCTCGAT,0,5226302
yqjE_yqjK_yqjD_yqjC_predicted,0.3333333333333333,2,2,TCTTTGACCATCATTATCTG,0,5239532
yqjE_yqjK_yqjD_yqjC_predicted,0.3333333333333333,2,2,TCTTTCTTGCAGCGAAAATC,0,5245146
yqjE_yqjK_yqjD_yqjC_predicted,0.3333333333333333,2,2,TCTTGTGCATCTATGATTCG,0,5176952
yqjE_yqjK_yqjD_yqjC_predicted,0.3333333333333333,2,2,TCTTGCGTCTGTGAAAGTTT,0,5211328
yqjE_yqjK_yqjD_yqjC_predicted,0.3333333333333333,2,2,TCTTGCACAAGCTATGACAA,0,5203802
yqjE_yqjK_yqjD_yqjC_predicted,0.3333333333333333,2,2,TCTTGAGTGGATCCTGGTAC,0,5206412
yqjE_yqjK_yqjD_yqjC_predicted,0.3333333333333333,2,2,TCTTCTTGCTGGCTGTGCCA,0,5233565
yqjE_yqjK_yqjD_yqjC_predicted,0.3333333333333333,2,2,TCTTCAACTCTCAAGTGTGA,0,5198466
yqjE_yqjK_yqjD_yqjC_predicted,0.3333333333333333,2,2,TCTTAGTGGCAAACGGCCAT,0,5205290
yqjE_yqjK_yqjD_yqjC_predicted,0.3333333333333333,2,2,TCTTAATTGTCCGGCCCTAG,0,5252944
yqjE_yqjK_yqjD_yqjC_predicted,0.3333333333333333,2,2,TCTGTGCGTCTCTGGACAGA,0,5201918
yqjE_yqjK_yqjD_yqjC_predicted,0.3333333333333333,2,2,TCTGTCGGAAGCTGAATTGT,0,5229370
yqjE_yqjK_yqjD_yqjC_predicted,0.3333333333333333,2,2,TCTGTATTGTGTGGTCGAAG,0,5189535
yqjE_yqjK_yqjD_yqjC_predicted,0.3333333333333333,2,2,TCTGTAGATTTGTGCTATGA,0,5189320
yqjE_yqjK_yqjD_yqjC_predicted,0.3333333333333333,2,2,TCTGGTCCGCGCGACTCGGC,0,5253696
yqjE_yqjK_yqjD_yqjC_predicted,0.3333333333333333,2,2,TCTGGCTGAGATACCTTGGA,0,5237030
yqjE_yqjK_yqjD_yqjC_predicted,0.3333333333333333,2,2,TCTGGCAGGCACGATTCCTC,0,5226748
yqjE_yqjK_yqjD_yqjC_predicted,0.3333333333333333,2,2,TCTGCCAGAGGAAGTTATAT,0,5246421
yqjE_yqjK_yqjD_yqjC_predicted,0.3333333333333333,2,2,TCTGAGTGGTGAAGTACGCC,0,5232081
yqjE_yqjK_yqjD_yqjC_predicted,0.3333333333333333,2,2,TCTGAGGGGCCAGGCCGGTG,0,5194309
yqjE_yqjK_yqjD_yqjC_predicted,0.3333333333333333,2,2,TCTGAGGCTCAGTATTCGGG,0,5190737
yqjE_yqjK_yqjD_yqjC_predicted,0.3333333333333333,2,2,TCTCTTGCTGGGGTTCAATC,0,5190454
yqjE_yqjK_yqjD_yqjC_predicted,0.3333333333333333,2,2,TCTCTTATGACGCGATATAA,0,5229180
yqjE_yqjK_yqjD_yqjC_predicted,0.3333333333333333,2,2,TCTCTGGCGAGCATATAAGA,0,5249587
yqjE_yqjK_yqjD_yqjC_predicted,0.3333333333333333,2,2,TCTCTAGGAGCGGTAGGCTC,0,5240819
yqjE_yqjK_yqjD_yqjC_predicted,0.3333333333333333,2,2,TCTCGTGTATGCTCGGATAA,0,5222715
yqjE_yqjK_yqjD_yqjC_predicted,0.3333333333333333,2,2,TCTCGTCTGCTACGCTATCT,0,5196687
yqjE_yqjK_yqjD_yqjC_predicted,0.3333333333333333,2,2,TCTCGTAACCGGGAAAGATA,0,5189537
yqjE_yqjK_yqjD_yqjC_predicted,0.3333333333333333,2,2,TCTCGGGCAACGTGTGCAAG,0,5257854
yqjE_yqjK_yqjD_yqjC_predicted,0.3333333333333333,2,2,TCTCGAGGAGAACAGTAAGC,0,5180435
yqjE_yqjK_yqjD_yqjC_predicted,0.3333333333333333,2,2,TCTCCTCGTCATAAGGGTCT,0,5176607
yqjE_yqjK_yqjD_yqjC_predicted,0.3333333333333333,2,2,TCTCCTCCTTCTTTTTGGTA,0,5235660
yqjE_yqjK_yqjD_yqjC_predicted,0.3333333333333333,2,2,TCTCCGGCCAGGCAACCTGT,0,5231387
yqjE_yqjK_yqjD_yqjC_predicted,0.3333333333333333,2,2,TCTCCCGCCGTCCTGCCTAT,0,5173184
yqjE_yqjK_yqjD_yqjC_predicted,0.3333333333333333,2,2,TCTCCAAGACCTGTTAAAAC,0,5216610
yqjE_yqjK_yqjD_yqjC_predicted,0.3333333333333333,2,2,TCTCATGCACGTACCGGGGT,0,5205805
yqjE_yqjK_yqjD_yqjC_predicted,0.3333333333333333,2,2,TCTCATCCCTGGGCTCACAC,0,5200583
yqjE_yqjK_yqjD_yqjC_predicted,0.3333333333333333,2,2,TCTCAGTCAATATGCTCTCT,0,5255497
yqjE_yqjK_yqjD_yqjC_predicted,0.3333333333333333,2,2,TCTCAGCTTCATGTTGCCAA,0,5181443
yqjE_yqjK_yqjD_yqjC_predicted,0.3333333333333333,2,2,TCTATGCGCTTTTTGGAAAT,0,5176592
yqjE_yqjK_yqjD_yqjC_predicted,0.3333333333333333,2,2,TCTATGATGTTAATCATACC,0,5189098
yqjE_yqjK_yqjD_yqjC_predicted,0.3333333333333333,2,2,TCTATACGTCGGTGGGTAGA,0,5175909
yqjE_yqjK_yqjD_yqjC_predicted,0.3333333333333333,2,2,TCTATAACTCGGGAGGCCAT,0,5228384
yqjE_yqjK_yqjD_yqjC_predicted,0.3333333333333333,2,2,TCTAGAATACTCCTGTGTCT,0,5224712
yqjE_yqjK_yqjD_yqjC_predicted,0.3333333333333333,2,2,TCTACTTGTTCTAGTGACTT,0,5180213
yqjE_yqjK_yqjD_yqjC_predicted,0.3333333333333333,2,2,TCTACTTAGTTTTCTACTGC,0,5204357
yqjE_yqjK_yqjD_yqjC_predicted,0.3333333333333333,2,2,TCTACTGCGGTGTGCCTTCT,0,5240076
yqjE_yqjK_yqjD_yqjC_predicted,0.3333333333333333,2,2,TCTACCTACGACTTCTCCTC,0,5255173
yqjE_yqjK_yqjD_yqjC_predicted,0.3333333333333333,2,2,TCTAATGGTTGGTCCGGGTA,0,5258298
yqjE_yqjK_yqjD_yqjC_predicted,0.3333333333333333,2,2,TCTAATGCTTAATTTCATCC,0,5204586
yqjE_yqjK_yqjD_yqjC_predicted,0.3333333333333333,2,2,TCTAAGTGTTTCACACCGGC,0,5228693
yqjE_yqjK_yqjD_yqjC_predicted,0.3333333333333333,2,2,TCGTTGTAAACTGGGTTGAA,0,5234019
yqjE_yqjK_yqjD_yqjC_predicted,0.3333333333333333,2,2,TCGTTCGAAGTGTGGTTATA,0,5249373
yqjE_yqjK_yqjD_yqjC_predicted,0.3333333333333333,2,2,TCGTGGTCCTGATCTTAACA,0,5180526
yqjE_yqjK_yqjD_yqjC_predicted,0.3333333333333333,2,2,TCGTGATCTACTGGGAACCC,0,5220000
yqjE_yqjK_yqjD_yqjC_predicted,0.3333333333333333,2,2,TCGTCGGGTGACGAGTACAA,0,5259855
yqjE_yqjK_yqjD_yqjC_predicted,0.3333333333333333,2,2,TCGTAGGCCACGATTGGGGG,0,5245730
yqjE_yqjK_yqjD_yqjC_predicted,0.3333333333333333,2,2,TCGTAGGAGTCGCCAGGGCC,0,5243975
yqjE_yqjK_yqjD_yqjC_predicted,0.3333333333333333,2,2,TCGTAAGTTTAATTGGATTC,0,5197346
yqjE_yqjK_yqjD_yqjC_predicted,0.3333333333333333,2,2,TCGGTCGCGGATAGATCTTA,0,5230599
yqjE_yqjK_yqjD_yqjC_predicted,0.3333333333333333,2,2,TCGGTCCAGCTCCCACCAAA,0,5178237
yqjE_yqjK_yqjD_yqjC_predicted,0.3333333333333333,2,2,TCGGGTTGTTGTCACAATGA,0,5189832
yqjE_yqjK_yqjD_yqjC_predicted,0.3333333333333333,2,2,TCGGGGCCGATGCCTCCCAG,0,5248944
yqjE_yqjK_yqjD_yqjC_predicted,0.3333333333333333,2,2,TCGGGCGATCAGCTCCACCA,0,5189997
yqjE_yqjK_yqjD_yqjC_predicted,0.3333333333333333,2,2,TCGGGCCAGGAACTTGGTCA,0,5196940
yqjE_yqjK_yqjD_yqjC_predicted,0.3333333333333333,2,2,TCGGGACGATGTTTGAGCGG,0,5221309
yqjE_yqjK_yqjD_yqjC_predicted,0.3333333333333333,2,2,TCGGGAACTAAAACACCTGA,0,5205103
yqjE_yqjK_yqjD_yqjC_predicted,0.3333333333333333,2,2,TCGGCGCCTCCGAACTTTCC,0,5177102
yqjE_yqjK_yqjD_yqjC_predicted,0.3333333333333333,2,2,TCGGCGATTAATAGGGCATA,0,5246169
yqjE_yqjK_yqjD_yqjC_predicted,0.3333333333333333,2,2,TCGGCATGTTGGGTTCCTCA,0,5208410
yqjE_yqjK_yqjD_yqjC_predicted,0.3333333333333333,2,2,TCGGCAGCCGACCTTAATCT,0,5219717
yqjE_yqjK_yqjD_yqjC_predicted,0.3333333333333333,2,2,TCGGCAAGTAAACCATGTGT,0,5172292
yqjE_yqjK_yqjD_yqjC_predicted,0.3333333333333333,2,2,TCGGCAACCTTTCCCTACAT,0,5204053
yqjE_yqjK_yqjD_yqjC_predicted,0.3333333333333333,2,2,TCGGAAAAGTTCAGCGGCGG,0,5236566
yqjE_yqjK_yqjD_yqjC_predicted,0.3333333333333333,2,2,TCGCTCCGGTTCCACCAGCC,0,5181079
yqjE_yqjK_yqjD_yqjC_predicted,0.3333333333333333,2,2,TCGCTAGTATCCTGCGATTC,0,5189042
yqjE_yqjK_yqjD_yqjC_predicted,0.3333333333333333,2,2,TCGCCGATGAATGCACATCT,0,5209486
yqjE_yqjK_yqjD_yqjC_predicted,0.3333333333333333,2,2,TCGCCATCGAGAATACGTGT,0,5185796
yqjE_yqjK_yqjD_yqjC_predicted,0.3333333333333333,2,2,TCGCCAGTCTGAACATGGCA,0,5204682
yqjE_yqjK_yqjD_yqjC_predicted,0.3333333333333333,2,2,TCGCATCGTCAGCCTCTCGG,0,5185455
yqjE_yqjK_yqjD_yqjC_predicted,0.3333333333333333,2,2,TCGCAGATTAGATAATTACG,0,5185603
yqjE_yqjK_yqjD_yqjC_predicted,0.3333333333333333,2,2,TCGCAAGGTTACATATACTC,0,5253690
yqjE_yqjK_yqjD_yqjC_predicted,0.3333333333333333,2,2,TCGCAAAGGACGAAGCTCTT,0,5224410
yqjE_yqjK_yqjD_yqjC_predicted,0.3333333333333333,2,2,TCGCAAAATTCGTTGGTCCA,0,5219468
yqjE_yqjK_yqjD_yqjC_predicted,0.3333333333333333,2,2,TCGATTTTGTCTGATTTACT,0,5218562
yqjE_yqjK_yqjD_yqjC_predicted,0.3333333333333333,2,2,TCGATTCAGCATTGTCCTGA,0,5212256
yqjE_yqjK_yqjD_yqjC_predicted,0.3333333333333333,2,2,TCGATGTTAGAGCGGCACAT,0,5198508
yqjE_yqjK_yqjD_yqjC_predicted,0.3333333333333333,2,2,TCGATGGTCTGGCCCCCTGA,0,5230661
yqjE_yqjK_yqjD_yqjC_predicted,0.3333333333333333,2,2,TCGATCATTAGCATCTTCGC,0,5232075
yqjE_yqjK_yqjD_yqjC_predicted,0.3333333333333333,2,2,TCGAGGTCCAGGTTATTGGC,0,5177296
yqjE_yqjK_yqjD_yqjC_predicted,0.3333333333333333,2,2,TCGACTATAAGAAGGAGTGA,0,5202391
yqjE_yqjK_yqjD_yqjC_predicted,0.3333333333333333,2,2,TCGACCAGGAAGTTGTATAC,0,5196425
yqjE_yqjK_yqjD_yqjC_predicted,0.3333333333333333,2,2,TCGACCAATCGGGGGTAGCA,0,5191885
yqjE_yqjK_yqjD_yqjC_predicted,0.3333333333333333,2,2,TCGAAATGGTTTAGCCGGCT,0,5240458
yqjE_yqjK_yqjD_yqjC_predicted,0.3333333333333333,2,2,TCCTTTACAATCGGATAGTA,0,5214409
yqjE_yqjK_yqjD_yqjC_predicted,0.3333333333333333,2,2,TCCTTCATTGCGACGGTAAG,0,5202139
yqjE_yqjK_yqjD_yqjC_predicted,0.3333333333333333,2,2,TCCTCTTTGTTCGCGACCCC,0,5239557
yqjE_yqjK_yqjD_yqjC_predicted,0.3333333333333333,2,2,TCCTCCGTGAAGGGCTGGCT,0,5217418
yqjE_yqjK_yqjD_yqjC_predicted,0.3333333333333333,2,2,TCCTCAGAGGAGTGCGGGGG,0,5216249
yqjE_yqjK_yqjD_yqjC_predicted,0.3333333333333333,2,2,TCCTCAATATACGTTCCCAA,0,5260249
yqjE_yqjK_yqjD_yqjC_predicted,0.3333333333333333,2,2,TCCTAGTCACTCGAGATTAT,0,5214469
yqjE_yqjK_yqjD_yqjC_predicted,0.3333333333333333,2,2,TCCTACATAAATCCAAACAT,0,5256477
yqjE_yqjK_yqjD_yqjC_predicted,0.3333333333333333,2,2,TCCTAACGGTTCAATGGTCA,0,5204029
yqjE_yqjK_yqjD_yqjC_predicted,0.3333333333333333,2,2,TCCGTTTATAGCACTATTGG,0,5252905
yqjE_yqjK_yqjD_yqjC_predicted,0.3333333333333333,2,2,TCCGGGTGAACCTCTACTTT,0,5229029
yqjE_yqjK_yqjD_yqjC_predicted,0.3333333333333333,2,2,TCCGGCAGTGTAATCTAATA,0,5177859
yqjE_yqjK_yqjD_yqjC_predicted,0.3333333333333333,2,2,TCCGGACGCTGCACATGTAC,0,5178035
yqjE_yqjK_yqjD_yqjC_predicted,0.3333333333333333,2,2,TCCGCTGTTGAATTGGAGAT,0,5172666
yqjE_yqjK_yqjD_yqjC_predicted,0.3333333333333333,2,2,TCCGCTACACGCACTCTGCG,0,5258255
yqjE_yqjK_yqjD_yqjC_predicted,0.3333333333333333,2,2,TCCGCCGAAACAGGTCAAAC,0,5170781
yqjE_yqjK_yqjD_yqjC_predicted,0.3333333333333333,2,2,TCCGCAACCCCTCACAATGG,0,5219235
yqjE_yqjK_yqjD_yqjC_predicted,0.3333333333333333,2,2,TCCGCAAACCTGGCACGCTA,0,5246728
yqjE_yqjK_yqjD_yqjC_predicted,0.3333333333333333,2,2,TCCGATAGCGAGGAAGTTGT,0,5189865
yqjE_yqjK_yqjD_yqjC_predicted,0.3333333333333333,2,2,TCCGATAAACCGCCACGTCA,0,5231062
yqjE_yqjK_yqjD_yqjC_predicted,0.3333333333333333,2,2,TCCGAGGCTGCAAAACGTGC,0,5234836
yqjE_yqjK_yqjD_yqjC_predicted,0.3333333333333333,2,2,TCCGAAATTGAACCCACTAA,0,5227064
yqjE_yqjK_yqjD_yqjC_predicted,0.3333333333333333,2,2,TCCCTTTAGGACTTAACTCT,0,5233509
yqjE_yqjK_yqjD_yqjC_predicted,0.3333333333333333,2,2,TCCCTTACGTGGATGCTTTA,0,5185310
yqjE_yqjK_yqjD_yqjC_predicted,0.3333333333333333,2,2,TCCCGTTATGATGGTTAAAG,0,5250916
yqjE_yqjK_yqjD_yqjC_predicted,0.3333333333333333,2,2,TCCCGTTACTCGGACATTAT,0,5234438
yqjE_yqjK_yqjD_yqjC_predicted,0.3333333333333333,2,2,TCCCGTGCTGATGCCCCGAT,0,5262322
yqjE_yqjK_yqjD_yqjC_predicted,0.3333333333333333,2,2,TCCCGTCCAAGGCTTCTGAC,0,5172466
yqjE_yqjK_yqjD_yqjC_predicted,0.3333333333333333,2,2,TCCCGGGGGCTTGTTTCGAT,0,5231098
yqjE_yqjK_yqjD_yqjC_predicted,0.3333333333333333,2,2,TCCCGCGCATAAAACAACAA,0,5176159
yqjE_yqjK_yqjD_yqjC_predicted,0.3333333333333333,2,2,TCCCGAGGTCAATAGCAAAA,0,5200176
yqjE_yqjK_yqjD_yqjC_predicted,0.3333333333333333,2,2,TCCCCCGAACGATATTTAGA,0,5253821
yqjE_yqjK_yqjD_yqjC_predicted,0.3333333333333333,2,2,TCCCCATACCAATTGTCACT,0,5224511
yqjE_yqjK_yqjD_yqjC_predicted,0.3333333333333333,2,2,TCCCATCCCGGTTACTTTAG,0,5217006
yqjE_yqjK_yqjD_yqjC_predicted,0.3333333333333333,2,2,TCCCAGGCGAATCGGGTTGA,0,5207889
yqjE_yqjK_yqjD_yqjC_predicted,0.3333333333333333,2,2,TCCCAGCATCCGTGTGTTAA,0,5178081
yqjE_yqjK_yqjD_yqjC_predicted,0.3333333333333333,2,2,TCCATTTCTAGCTGACTGAC,0,5232929
yqjE_yqjK_yqjD_yqjC_predicted,0.3333333333333333,2,2,TCCATTATGAGGGGTGGTCA,0,5239891
yqjE_yqjK_yqjD_yqjC_predicted,0.3333333333333333,2,2,TCCATGCAGAAAGTGTGGAG,0,5244248
yqjE_yqjK_yqjD_yqjC_predicted,0.3333333333333333,2,2,TCCATCGACGCCAAGTCACG,0,5220594
yqjE_yqjK_yqjD_yqjC_predicted,0.3333333333333333,2,2,TCCATATTTGGGATTGACAT,0,5175834
yqjE_yqjK_yqjD_yqjC_predicted,0.3333333333333333,2,2,TCCATAGCAGAGACTCCAGA,0,5224510
yqjE_yqjK_yqjD_yqjC_predicted,0.3333333333333333,2,2,TCCAGTGGGGACACTGCGAA,0,5233606
yqjE_yqjK_yqjD_yqjC_predicted,0.3333333333333333,2,2,TCCAGGCAGGCCAGGTTCGA,0,5228445
yqjE_yqjK_yqjD_yqjC_predicted,0.3333333333333333,2,2,TCCAGGAGTTGGATCCATGC,0,5196720
yqjE_yqjK_yqjD_yqjC_predicted,0.3333333333333333,2,2,TCCAGCATCGTACGGCTAGT,0,5257539
yqjE_yqjK_yqjD_yqjC_predicted,0.3333333333333333,2,2,TCCAGAACGCTAGGATTCTA,0,5175493
yqjE_yqjK_yqjD_yqjC_predicted,0.3333333333333333,2,2,TCCACTCCCGCAAGTTACGC,0,5179248
yqjE_yqjK_yqjD_yqjC_predicted,0.3333333333333333,2,2,TCCAACTCCGTCCGCGCCCA,0,5228796
yqjE_yqjK_yqjD_yqjC_predicted,0.3333333333333333,2,2,TCATTGATACGAGACAGACT,0,5233568
yqjE_yqjK_yqjD_yqjC_predicted,0.3333333333333333,2,2,TCATGGATTTCCTGCGGCAA,0,5260672
yqjE_yqjK_yqjD_yqjC_predicted,0.3333333333333333,2,2,TCATGCGTAAAGTAGGCATA,0,5188430
yqjE_yqjK_yqjD_yqjC_predicted,0.3333333333333333,2,2,TCATGATTGAGATTCTGGCT,0,5209067
yqjE_yqjK_yqjD_yqjC_predicted,0.3333333333333333,2,2,TCATGAATTATAGGGGTCTA,0,5247353
yqjE_yqjK_yqjD_yqjC_predicted,0.3333333333333333,2,2,TCATCAGCCACGGTCATCGT,0,5251941
yqjE_yqjK_yqjD_yqjC_predicted,0.3333333333333333,2,2,TCATCACTAGCCCTTAAAGC,0,5191142
yqjE_yqjK_yqjD_yqjC_predicted,0.3333333333333333,2,2,TCATACGGGCTCTTGCTGTC,0,5219136
yqjE_yqjK_yqjD_yqjC_predicted,0.3333333333333333,2,2,TCAGTTTGGTAAGACAGTTC,0,5186577
yqjE_yqjK_yqjD_yqjC_predicted,0.3333333333333333,2,2,TCAGTTGTGTACCTAAACGC,0,5226592
yqjE_yqjK_yqjD_yqjC_predicted,0.3333333333333333,2,2,TCAGTTGCGTCGCGATTCGT,0,5195784
yqjE_yqjK_yqjD_yqjC_predicted,0.3333333333333333,2,2,TCAGTTCCGTCATCCGTGAG,0,5207684
yqjE_yqjK_yqjD_yqjC_predicted,0.3333333333333333,2,2,TCAGTTCCACGCTGACAAGG,0,5235782
yqjE_yqjK_yqjD_yqjC_predicted,0.3333333333333333,2,2,TCAGTGACCTTATGCTGATA,0,5207353
yqjE_yqjK_yqjD_yqjC_predicted,0.3333333333333333,2,2,TCAGGTTCCAATTTGACCTG,0,5229077
yqjE_yqjK_yqjD_yqjC_predicted,0.3333333333333333,2,2,TCAGGTTAGGGGCTACAGTC,0,5254862
yqjE_yqjK_yqjD_yqjC_predicted,0.3333333333333333,2,2,TCAGGGGTGCGATTATGAGT,0,5209216
yqjE_yqjK_yqjD_yqjC_predicted,0.3333333333333333,2,2,TCAGCCCATCGGCCGAGTAT,0,5216324
yqjE_yqjK_yqjD_yqjC_predicted,0.3333333333333333,2,2,TCAGCCATGGTCGATATCTG,0,5232482
yqjE_yqjK_yqjD_yqjC_predicted,0.3333333333333333,2,2,TCAGCATACCTGCCTAACCC,0,5174244
yqjE_yqjK_yqjD_yqjC_predicted,0.3333333333333333,2,2,TCAGATCCATTAGAATGTAA,0,5237742
yqjE_yqjK_yqjD_yqjC_predicted,0.3333333333333333,2,2,TCAGACTACCCCACCGGGGA,0,5218110
yqjE_yqjK_yqjD_yqjC_predicted,0.3333333333333333,2,2,TCACTTTAGTCAATAACAAT,0,5195196
yqjE_yqjK_yqjD_yqjC_predicted,0.3333333333333333,2,2,TCACTGTACCCGCGATGCAA,0,5194953
yqjE_yqjK_yqjD_yqjC_predicted,0.3333333333333333,2,2,TCACTGGGAGACCAGGAAGG,0,5260174
yqjE_yqjK_yqjD_yqjC_predicted,0.3333333333333333,2,2,TCACTCGTCAACTTAGCACA,0,5185960
yqjE_yqjK_yqjD_yqjC_predicted,0.3333333333333333,2,2,TCACTCCGCGGACCGGCCTA,0,5231675
yqjE_yqjK_yqjD_yqjC_predicted,0.3333333333333333,2,2,TCACGTATCATTCTGATGGT,0,5262157
yqjE_yqjK_yqjD_yqjC_predicted,0.3333333333333333,2,2,TCACGCAAGTACATATATAC,0,5208134
yqjE_yqjK_yqjD_yqjC_predicted,0.3333333333333333,2,2,TCACGAAGCCATATAGTGCA,0,5192021
yqjE_yqjK_yqjD_yqjC_predicted,0.3333333333333333,2,2,TCACCGCTGGAACCGTATAT,0,5175267
yqjE_yqjK_yqjD_yqjC_predicted,0.3333333333333333,2,2,TCACCAGAACTGGTGACAGA,0,5233513
yqjE_yqjK_yqjD_yqjC_predicted,0.3333333333333333,2,2,TCACCAAAACGCCAGACTCA,0,5198032
yqjE_yqjK_yqjD_yqjC_predicted,0.3333333333333333,2,2,TCACAGTTGTGTGCGCTGGA,0,5187672
yqjE_yqjK_yqjD_yqjC_predicted,0.3333333333333333,2,2,TCACAATTAGGTTTGGGTGC,0,5211344
yqjE_yqjK_yqjD_yqjC_predicted,0.3333333333333333,2,2,TCACAAAACACCGGAGCAGC,0,5256956
yqjE_yqjK_yqjD_yqjC_predicted,0.3333333333333333,2,2,TCAATGAGTTTGAGAGTACC,0,5206358
yqjE_yqjK_yqjD_yqjC_predicted,0.3333333333333333,2,2,TCAATCGCGTGTTACTAGGC,0,5242633
yqjE_yqjK_yqjD_yqjC_predicted,0.3333333333333333,2,2,TCAATAAGGGATGATAATTC,0,5261800
yqjE_yqjK_yqjD_yqjC_predicted,0.3333333333333333,2,2,TCAAGTGAGCCCCAGTGCCG,0,5183191
yqjE_yqjK_yqjD_yqjC_predicted,0.3333333333333333,2,2,TCAAGGGGAGGAATTATCAT,0,5252150
yqjE_yqjK_yqjD_yqjC_predicted,0.3333333333333333,2,2,TCAAGATCCGTATGCTTTAT,0,5245356
yqjE_yqjK_yqjD_yqjC_predicted,0.3333333333333333,2,2,TCAACGAGTATATCCGTTGT,0,5180625
yqjE_yqjK_yqjD_yqjC_predicted,0.3333333333333333,2,2,TCAAATCAACGCGATCAATT,0,5187183
yqjE_yqjK_yqjD_yqjC_predicted,0.3333333333333333,2,2,TCAAAGAGGCTCGGTCGGCT,0,5237523
yqjE_yqjK_yqjD_yqjC_predicted,0.3333333333333333,2,2,TCAAAATGCTGACTCTCCTT,0,5248578
yqjE_yqjK_yqjD_yqjC_predicted,0.3333333333333333,2,2,TCAAAACACTTCTGGAACGC,0,5240150
yqjE_yqjK_yqjD_yqjC_predicted,0.3333333333333333,2,2,TCAAAACAACCACGTGACGT,0,5256165
yqjE_yqjK_yqjD_yqjC_predicted,0.3333333333333333,2,2,TATTTCCCAAGAAGGACAAT,0,5223055
yqjE_yqjK_yqjD_yqjC_predicted,0.3333333333333333,2,2,TATTGTTAGGGCCTGTCATT,0,5244255
yqjE_yqjK_yqjD_yqjC_predicted,0.3333333333333333,2,2,TATTGCGCCAATAAGGCCTA,0,5262297
yqjE_yqjK_yqjD_yqjC_predicted,0.3333333333333333,2,2,TATTGAAAAGAGGAGTGGTT,0,5241887
yqjE_yqjK_yqjD_yqjC_predicted,0.3333333333333333,2,2,TATTCTTAAGTGACTTTCCT,0,5246275
yqjE_yqjK_yqjD_yqjC_predicted,0.3333333333333333,2,2,TATTCACTCTGTTCCCAGTC,0,5176812
yqjE_yqjK_yqjD_yqjC_predicted,0.3333333333333333,2,2,TATTCACTATTTTTAGCGGT,0,5223436
yqjE_yqjK_yqjD_yqjC_predicted,0.3333333333333333,2,2,TATTATCCAAGCACCCCCCA,0,5259917
yqjE_yqjK_yqjD_yqjC_predicted,0.3333333333333333,2,2,TATTAATGGAATATGCGTTA,0,5183980
yqjE_yqjK_yqjD_yqjC_predicted,0.3333333333333333,2,2,TATTAAGATCCACGAGGACT,0,5211551
yqjE_yqjK_yqjD_yqjC_predicted,0.3333333333333333,2,2,TATTAACCGGCATCTTCAGG,0,5170905
yqjE_yqjK_yqjD_yqjC_predicted,0.3333333333333333,2,2,TATTAAACATATCGCTGCGT,0,5256701
yqjE_yqjK_yqjD_yqjC_predicted,0.3333333333333333,2,2,TATGTGGCTTGAATCTTGAA,0,5229559
yqjE_yqjK_yqjD_yqjC_predicted,0.3333333333333333,2,2,TATGTACCCATACGTGCTCT,0,5238675
yqjE_yqjK_yqjD_yqjC_predicted,0.3333333333333333,2,2,TATGTAATTAGGGCTGGCAT,0,5231750
yqjE_yqjK_yqjD_yqjC_predicted,0.3333333333333333,2,2,TATGGTATACCACGACTGAA,0,5258415
yqjE_yqjK_yqjD_yqjC_predicted,0.3333333333333333,2,2,TATGGTAAACCCAGGGCTTC,0,5250097
yqjE_yqjK_yqjD_yqjC_predicted,0.3333333333333333,2,2,TATGGCTTCAAACGAGACAT,0,5221398
yqjE_yqjK_yqjD_yqjC_predicted,0.3333333333333333,2,2,TATGGCTGGACTAAGTGGAC,0,5206919
yqjE_yqjK_yqjD_yqjC_predicted,0.3333333333333333,2,2,TATGGCGAGTCGAGGCATAC,0,5254793
yqjE_yqjK_yqjD_yqjC_predicted,0.3333333333333333,2,2,TATGCCCGCCCAAACAGCGC,0,5222509
yqjE_yqjK_yqjD_yqjC_predicted,0.3333333333333333,2,2,TATGATGACTACTTTCGTGT,0,5255117
yqjE_yqjK_yqjD_yqjC_predicted,0.3333333333333333,2,2,TATGAGATCCCCTGCTCGGA,0,5247556
yqjE_yqjK_yqjD_yqjC_predicted,0.3333333333333333,2,2,TATGAACGGGCTGGGGCGAT,0,5251036
yqjE_yqjK_yqjD_yqjC_predicted,0.3333333333333333,2,2,TATCTTTGTGAGGGACGTAA,0,5185235
yqjE_yqjK_yqjD_yqjC_predicted,0.3333333333333333,2,2,TATCGGCCATGCTTACTGGC,0,5226857
yqjE_yqjK_yqjD_yqjC_predicted,0.3333333333333333,2,2,TATCGGAAAATTTCGTAGTA,0,5249466
yqjE_yqjK_yqjD_yqjC_predicted,0.3333333333333333,2,2,TATCGCTCTAATAGCGATAT,0,5212670
yqjE_yqjK_yqjD_yqjC_predicted,0.3333333333333333,2,2,TATCGATAGGGCCGTACCGA,0,5191456
yqjE_yqjK_yqjD_yqjC_predicted,0.3333333333333333,2,2,TATCGACCCAGGGCGATTAT,0,5237032
yqjE_yqjK_yqjD_yqjC_predicted,0.3333333333333333,2,2,TATCCTTATTCCCGCCAATA,0,5238983
yqjE_yqjK_yqjD_yqjC_predicted,0.3333333333333333,2,2,TATCCTAATTTTCCTCACTA,0,5244040
yqjE_yqjK_yqjD_yqjC_predicted,0.3333333333333333,2,2,TATCCGAATCTGCTTAATAA,0,5203633
yqjE_yqjK_yqjD_yqjC_predicted,0.3333333333333333,2,2,TATCCAGAGCCTAGGTCAGT,0,5198033
yqjE_yqjK_yqjD_yqjC_predicted,0.3333333333333333,2,2,TATCCACAGACGCTTGGATT,0,5211854
yqjE_yqjK_yqjD_yqjC_predicted,0.3333333333333333,2,2,TATCAACCGGGTGAAAACTC,0,5205952
yqjE_yqjK_yqjD_yqjC_predicted,0.3333333333333333,2,2,TATATGAGATAGGTTTAAAA,0,5240622
yqjE_yqjK_yqjD_yqjC_predicted,0.3333333333333333,2,2,TATATCAAACGAGCTTGCCT,0,5175995
yqjE_yqjK_yqjD_yqjC_predicted,0.3333333333333333,2,2,TATATAAACTTGCTGCCCCT,0,5208414
yqjE_yqjK_yqjD_yqjC_predicted,0.3333333333333333,2,2,TATAGTTGGATCGTAGGACT,0,5181618
yqjE_yqjK_yqjD_yqjC_predicted,0.3333333333333333,2,2,TATAGCAATTCTGATATTGA,0,5207995
yqjE_yqjK_yqjD_yqjC_predicted,0.3333333333333333,2,2,TATAGACTGTTAACGACGAT,0,5228686
yqjE_yqjK_yqjD_yqjC_predicted,0.3333333333333333,2,2,TATACTGACCACCGAAGCCT,0,5234039
yqjE_yqjK_yqjD_yqjC_predicted,0.3333333333333333,2,2,TATACATCCCCGCTCTACCT,0,5261370
yqjE_yqjK_yqjD_yqjC_predicted,0.3333333333333333,2,2,TATAATTGGAACTGCAAATT,0,5172207
yqjE_yqjK_yqjD_yqjC_predicted,0.3333333333333333,2,2,TATAAGCCCGCCTGGGTGCC,0,5194499
yqjE_yqjK_yqjD_yqjC_predicted,0.3333333333333333,2,2,TAGTCTGAGTGTGGCATTAT,0,5174454
yqjE_yqjK_yqjD_yqjC_predicted,0.3333333333333333,2,2,TAGGTTAACTAACTGATTCA,0,5181458
yqjE_yqjK_yqjD_yqjC_predicted,0.3333333333333333,2,2,TAGGTGTTCTCGACTGCAAC,0,5230663
yqjE_yqjK_yqjD_yqjC_predicted,0.3333333333333333,2,2,TAGGTGGGGAGGGTTATATT,0,5200837
yqjE_yqjK_yqjD_yqjC_predicted,0.3333333333333333,2,2,TAGGTGAAGCTAATTCACTG,0,5241684
yqjE_yqjK_yqjD_yqjC_predicted,0.3333333333333333,2,2,TAGGTAGATATTCTGTAGGC,0,5187804
yqjE_yqjK_yqjD_yqjC_predicted,0.3333333333333333,2,2,TAGGGCCGAATACGATCCGG,0,5205092
yqjE_yqjK_yqjD_yqjC_predicted,0.3333333333333333,2,2,TAGGGAGGACGCCATTATGA,0,5225903
yqjE_yqjK_yqjD_yqjC_predicted,0.3333333333333333,2,2,TAGGGAGCTCTTATGCAACA,0,5209220
yqjE_yqjK_yqjD_yqjC_predicted,0.3333333333333333,2,2,TAGGCTCGTACCCTGGCAAG,0,5226356
yqjE_yqjK_yqjD_yqjC_predicted,0.3333333333333333,2,2,TAGGCGTTCTGATGCTTCGA,0,5199531
yqjE_yqjK_yqjD_yqjC_predicted,0.3333333333333333,2,2,TAGGCGTCGTTTGTCCCGCT,0,5214102
yqjE_yqjK_yqjD_yqjC_predicted,0.3333333333333333,2,2,TAGGCCTTTTGCTCGCGTGG,0,5240598
yqjE_yqjK_yqjD_yqjC_predicted,0.3333333333333333,2,2,TAGGCCTCTGGGATGTTGCC,0,5179117
yqjE_yqjK_yqjD_yqjC_predicted,0.3333333333333333,2,2,TAGGAGTCCCGCCAAGGTAT,0,5238016
yqjE_yqjK_yqjD_yqjC_predicted,0.3333333333333333,2,2,TAGGAGGTTGGTCGAGAGCG,0,5208523
yqjE_yqjK_yqjD_yqjC_predicted,0.3333333333333333,2,2,TAGGAGGATCCGATGTAGGG,0,5191594
yqjE_yqjK_yqjD_yqjC_predicted,0.3333333333333333,2,2,TAGGAGACAGGTAAAATGAT,0,5222485
yqjE_yqjK_yqjD_yqjC_predicted,0.3333333333333333,2,2,TAGCTTGTAACCATATCTGT,0,5232839
yqjE_yqjK_yqjD_yqjC_predicted,0.3333333333333333,2,2,TAGCTTCAAGCTCTTAGTGC,0,5213028
yqjE_yqjK_yqjD_yqjC_predicted,0.3333333333333333,2,2,TAGCTGGCAATACACAAACA,0,5197570
yqjE_yqjK_yqjD_yqjC_predicted,0.3333333333333333,2,2,TAGCTCCGGGATTACAAGGT,0,5250554
yqjE_yqjK_yqjD_yqjC_predicted,0.3333333333333333,2,2,TAGCTCCATTTCAAGAAGTT,0,5257574
yqjE_yqjK_yqjD_yqjC_predicted,0.3333333333333333,2,2,TAGCGGTGACTCCGGTCGCT,0,5247651
yqjE_yqjK_yqjD_yqjC_predicted,0.3333333333333333,2,2,TAGCGGTCTCTGACATGAAA,0,5237025
yqjE_yqjK_yqjD_yqjC_predicted,0.3333333333333333,2,2,TAGCGCTGGCGCTGCGCAAT,0,5191472
yqjE_yqjK_yqjD_yqjC_predicted,0.3333333333333333,2,2,TAGCCTTGGAATCGATTAGG,0,5172117
yqjE_yqjK_yqjD_yqjC_predicted,0.3333333333333333,2,2,TAGCCGGCGATACGTATGGT,0,5254245
yqjE_yqjK_yqjD_yqjC_predicted,0.3333333333333333,2,2,TAGCCGCACATAGGTATGTG,0,5175964
yqjE_yqjK_yqjD_yqjC_predicted,0.3333333333333333,2,2,TAGCAGGCGTCCGCTGCCTG,0,5218966
yqjE_yqjK_yqjD_yqjC_predicted,0.3333333333333333,2,2,TAGCAGCAACGTCACTTACT,0,5259926
yqjE_yqjK_yqjD_yqjC_predicted,0.3333333333333333,2,2,TAGCAAGAGGGTTTGCCGAA,0,5193267
yqjE_yqjK_yqjD_yqjC_predicted,0.3333333333333333,2,2,TAGATGTATTAAGAAGTCCA,0,5171531
yqjE_yqjK_yqjD_yqjC_predicted,0.3333333333333333,2,2,TAGATAAAAACCGTATAGGA,0,5259775
yqjE_yqjK_yqjD_yqjC_predicted,0.3333333333333333,2,2,TAGAGCCATTGTTGCCATCA,0,5199877
yqjE_yqjK_yqjD_yqjC_predicted,0.3333333333333333,2,2,TAGAGAGGCTCAAAAAGCAT,0,5173127
yqjE_yqjK_yqjD_yqjC_predicted,0.3333333333333333,2,2,TAGACTTCCTGGCCCCGTAG,0,5258389
yqjE_yqjK_yqjD_yqjC_predicted,0.3333333333333333,2,2,TAGACGGCTGTCGTGACAGT,0,5202488
yqjE_yqjK_yqjD_yqjC_predicted,0.3333333333333333,2,2,TAGACATTGTCCATTAGTTG,0,5173409
yqjE_yqjK_yqjD_yqjC_predicted,0.3333333333333333,2,2,TAGACATCTGGGTTAGGATT,0,5176114
yqjE_yqjK_yqjD_yqjC_predicted,0.3333333333333333,2,2,TAGACAGGACGGGTGCGCGG,0,5180579
yqjE_yqjK_yqjD_yqjC_predicted,0.3333333333333333,2,2,TAGAATTGCTGGGCTGTAGT,0,5229499
yqjE_yqjK_yqjD_yqjC_predicted,0.3333333333333333,2,2,TAGAAGCTGCTTTTTTACGT,0,5192784
yqjE_yqjK_yqjD_yqjC_predicted,0.3333333333333333,2,2,TAGAAACTCGAGCTCCAATG,0,5208418
yqjE_yqjK_yqjD_yqjC_predicted,0.3333333333333333,2,2,TACTTGGGCTGTAGGCCTCC,0,5227415
yqjE_yqjK_yqjD_yqjC_predicted,0.3333333333333333,2,2,TACTTGATTACAACCCTGCA,0,5203421
yqjE_yqjK_yqjD_yqjC_predicted,0.3333333333333333,2,2,TACTTCTATAGTATCCATGG,0,5227340
yqjE_yqjK_yqjD_yqjC_predicted,0.3333333333333333,2,2,TACTTCGCACCTACCAGCCA,0,5197480
yqjE_yqjK_yqjD_yqjC_predicted,0.3333333333333333,2,2,TACTTACAACGGGCGGGTGG,0,5210329
yqjE_yqjK_yqjD_yqjC_predicted,0.3333333333333333,2,2,TACTGTGCAAGATACTACGG,0,5248804
yqjE_yqjK_yqjD_yqjC_predicted,0.3333333333333333,2,2,TACTGTCGTCATCAAGACCG,0,5198108
yqjE_yqjK_yqjD_yqjC_predicted,0.3333333333333333,2,2,TACTGTCCTGTTGCGTGGTT,0,5244594
yqjE_yqjK_yqjD_yqjC_predicted,0.3333333333333333,2,2,TACTGGATGGCTTGCTACGC,0,5210819
yqjE_yqjK_yqjD_yqjC_predicted,0.3333333333333333,2,2,TACTGAGTCCGCGTTGAGCG,0,5261081
yqjE_yqjK_yqjD_yqjC_predicted,0.3333333333333333,2,2,TACTCTTTATAGCGAGGGTC,0,5241329
yqjE_yqjK_yqjD_yqjC_predicted,0.3333333333333333,2,2,TACTCGTAACTAACATGAAT,0,5199965
yqjE_yqjK_yqjD_yqjC_predicted,0.3333333333333333,2,2,TACTCAGTTCCCACCAAGCT,0,5254917
yqjE_yqjK_yqjD_yqjC_predicted,0.3333333333333333,2,2,TACTATTCGTAGGTCTGGAC,0,5228210
yqjE_yqjK_yqjD_yqjC_predicted,0.3333333333333333,2,2,TACGTTCTCCTAGGGCAACG,0,5224935
yqjE_yqjK_yqjD_yqjC_predicted,0.3333333333333333,2,2,TACGTTCTATACATCCTACA,0,5199069
yqjE_yqjK_yqjD_yqjC_predicted,0.3333333333333333,2,2,TACGTCCATTTTAGTGCCGG,0,5181077
yqjE_yqjK_yqjD_yqjC_predicted,0.3333333333333333,2,2,TACGCTTCGCAGCGGGCTAA,0,5245909
yqjE_yqjK_yqjD_yqjC_predicted,0.3333333333333333,2,2,TACGAGAGTTCCTTTCGAAA,0,5209017
yqjE_yqjK_yqjD_yqjC_predicted,0.3333333333333333,2,2,TACGAGAAATCCTTTCGGTT,0,5250824
yqjE_yqjK_yqjD_yqjC_predicted,0.3333333333333333,2,2,TACGACTGAGCTCTGATCAA,0,5203940
yqjE_yqjK_yqjD_yqjC_predicted,0.3333333333333333,2,2,TACGACCAGTGTGTAGGATC,0,5251232
yqjE_yqjK_yqjD_yqjC_predicted,0.3333333333333333,2,2,TACGACCACTAACCAGGGTC,0,5243813
yqjE_yqjK_yqjD_yqjC_predicted,0.3333333333333333,2,2,TACGAAAAAGCAAGACCTTC,0,5217820
yqjE_yqjK_yqjD_yqjC_predicted,0.3333333333333333,2,2,TACCTTCACTGAACGGGTGG,0,5246976
yqjE_yqjK_yqjD_yqjC_predicted,0.3333333333333333,2,2,TACCTTAGACGTTCACACAT,0,5222409
yqjE_yqjK_yqjD_yqjC_predicted,0.3333333333333333,2,2,TACCTATGTGTTGCTCTGAC,0,5200884
yqjE_yqjK_yqjD_yqjC_predicted,0.3333333333333333,2,2,TACCTATCAGCTGGGATTAG,0,5171191
yqjE_yqjK_yqjD_yqjC_predicted,0.3333333333333333,2,2,TACCGTTGGACGATAAGAGT,0,5254522
yqjE_yqjK_yqjD_yqjC_predicted,0.3333333333333333,2,2,TACCGTGGTTTGGTCTAGCT,0,5172625
yqjE_yqjK_yqjD_yqjC_predicted,0.3333333333333333,2,2,TACCGCCTTATAATTTTGTC,0,5181287
yqjE_yqjK_yqjD_yqjC_predicted,0.3333333333333333,2,2,TACCCTTCCCTGGACTATTT,0,5179428
yqjE_yqjK_yqjD_yqjC_predicted,0.3333333333333333,2,2,TACCCGGGAGAGTTTGCCCA,0,5192279
yqjE_yqjK_yqjD_yqjC_predicted,0.3333333333333333,2,2,TACCACAGTGGATGTTTTTG,0,5217773
yqjE_yqjK_yqjD_yqjC_predicted,0.3333333333333333,2,2,TACCAAACTCTCTACCCACC,0,5240073
yqjE_yqjK_yqjD_yqjC_predicted,0.3333333333333333,2,2,TACATGATTTCTCATAAATT,0,5236035
yqjE_yqjK_yqjD_yqjC_predicted,0.3333333333333333,2,2,TACATCTTCCCATGCGCTTA,0,5210556
yqjE_yqjK_yqjD_yqjC_predicted,0.3333333333333333,2,2,TACATCGTCCAACGGGCAAG,0,5236966
yqjE_yqjK_yqjD_yqjC_predicted,0.3333333333333333,2,2,TACATAGATATAGTCGTGGA,0,5242798
yqjE_yqjK_yqjD_yqjC_predicted,0.3333333333333333,2,2,TACATAATACAAAGGTAGGC,0,5245522
yqjE_yqjK_yqjD_yqjC_predicted,0.3333333333333333,2,2,TACAGTGACGGATCGACATC,0,5185541
yqjE_yqjK_yqjD_yqjC_predicted,0.3333333333333333,2,2,TACAGGAAGTCGTAAGGCGA,0,5242254
yqjE_yqjK_yqjD_yqjC_predicted,0.3333333333333333,2,2,TACAGCCCAGTCCGTGAATC,0,5246369
yqjE_yqjK_yqjD_yqjC_predicted,0.3333333333333333,2,2,TACACTCCGATGAATGTGTA,0,5253893
yqjE_yqjK_yqjD_yqjC_predicted,0.3333333333333333,2,2,TACACCCCGTGCCACTCGAA,0,5223147
yqjE_yqjK_yqjD_yqjC_predicted,0.3333333333333333,2,2,TACACCAGCGACGGGTAACT,0,5214408
yqjE_yqjK_yqjD_yqjC_predicted,0.3333333333333333,2,2,TACAATTACTAGAAGAGCTG,0,5241762
yqjE_yqjK_yqjD_yqjC_predicted,0.3333333333333333,2,2,TAATTTTCTCTCGAGGGGCG,0,5244859
yqjE_yqjK_yqjD_yqjC_predicted,0.3333333333333333,2,2,TAATGTCGCGCTCTGTGTGC,0,5186640
yqjE_yqjK_yqjD_yqjC_predicted,0.3333333333333333,2,2,TAATGGAACGGCGCAGCAAA,0,5246604
yqjE_yqjK_yqjD_yqjC_predicted,0.3333333333333333,2,2,TAATCTTGACACGCTTTGTC,0,5201204
yqjE_yqjK_yqjD_yqjC_predicted,0.3333333333333333,2,2,TAATCCTCGATGAATGCTGG,0,5209212
yqjE_yqjK_yqjD_yqjC_predicted,0.3333333333333333,2,2,TAATCAGGTTTAATTTCAGC,0,5261349
yqjE_yqjK_yqjD_yqjC_predicted,0.3333333333333333,2,2,TAATATTTAGCTCAATCTGA,0,5204112
yqjE_yqjK_yqjD_yqjC_predicted,0.3333333333333333,2,2,TAATAGCGCTAATATTATAA,0,5208773
yqjE_yqjK_yqjD_yqjC_predicted,0.3333333333333333,2,2,TAATAGCCCTAACTAGGCCT,0,5202309
yqjE_yqjK_yqjD_yqjC_predicted,0.3333333333333333,2,2,TAATACGCCACTCCATGGGT,0,5174070
yqjE_yqjK_yqjD_yqjC_predicted,0.3333333333333333,2,2,TAAGTCCAGGTTTGGACCTC,0,5252081
yqjE_yqjK_yqjD_yqjC_predicted,0.3333333333333333,2,2,TAAGTACATGATAATACTTG,0,5245371
yqjE_yqjK_yqjD_yqjC_predicted,0.3333333333333333,2,2,TAAGGCTCTTTTGGACTCAA,0,5176350
yqjE_yqjK_yqjD_yqjC_predicted,0.3333333333333333,2,2,TAAGGACAAAGGACAAACAC,0,5246216
yqjE_yqjK_yqjD_yqjC_predicted,0.3333333333333333,2,2,TAAGCTTCCCAGGTGAGTTA,0,5188391
yqjE_yqjK_yqjD_yqjC_predicted,0.3333333333333333,2,2,TAAGCTGGTGGGAATGGCCC,0,5262850
yqjE_yqjK_yqjD_yqjC_predicted,0.3333333333333333,2,2,TAAGCTAAGATTGGCCTCGG,0,5253358
yqjE_yqjK_yqjD_yqjC_predicted,0.3333333333333333,2,2,TAAGCGGTTAGCGTCTTCGC,0,5180117
yqjE_yqjK_yqjD_yqjC_predicted,0.3333333333333333,2,2,TAAGCCAATGTCCCCTAACG,0,5173818
yqjE_yqjK_yqjD_yqjC_predicted,0.3333333333333333,2,2,TAAGAGTCGGTCACAGTCGA,0,5236771
yqjE_yqjK_yqjD_yqjC_predicted,0.3333333333333333,2,2,TAAGACTTCCACGTCGGCTT,0,5235182
yqjE_yqjK_yqjD_yqjC_predicted,0.3333333333333333,2,2,TAAGAATCTGTTACTTGGAA,0,5216826
yqjE_yqjK_yqjD_yqjC_predicted,0.3333333333333333,2,2,TAACTTCTAATGGACACAAT,0,5178252
yqjE_yqjK_yqjD_yqjC_predicted,0.3333333333333333,2,2,TAACTCCGTTTCAAGAACGT,0,5180385
yqjE_yqjK_yqjD_yqjC_predicted,0.3333333333333333,2,2,TAACTACGGCCTGAATTCAG,0,5190727
yqjE_yqjK_yqjD_yqjC_predicted,0.3333333333333333,2,2,TAACGTTTGTACTCACGAGA,0,5175133
yqjE_yqjK_yqjD_yqjC_predicted,0.3333333333333333,2,2,TAACGGTGAGAACGCCCAGT,0,5234407
yqjE_yqjK_yqjD_yqjC_predicted,0.3333333333333333,2,2,TAACGAATGTATATCAACTC,0,5247966
yqjE_yqjK_yqjD_yqjC_predicted,0.3333333333333333,2,2,TAACCTGCACGACATAGTCA,0,5212944
yqjE_yqjK_yqjD_yqjC_predicted,0.3333333333333333,2,2,TAACCGGTTCACCGGTCTCA,0,5228304
yqjE_yqjK_yqjD_yqjC_predicted,0.3333333333333333,2,2,TAACCCTTGAAAGTACCTAG,0,5197190
yqjE_yqjK_yqjD_yqjC_predicted,0.3333333333333333,2,2,TAACCCTCCACAGTGGCATC,0,5175371
yqjE_yqjK_yqjD_yqjC_predicted,0.3333333333333333,2,2,TAACCCAGGAGCCCGCCAAG,0,5220304
yqjE_yqjK_yqjD_yqjC_predicted,0.3333333333333333,2,2,TAACCAATCCGACCAGGTAA,0,5214883
yqjE_yqjK_yqjD_yqjC_predicted,0.3333333333333333,2,2,TAACATATGGTTCGCATTGT,0,5182609
yqjE_yqjK_yqjD_yqjC_predicted,0.3333333333333333,2,2,TAACATAGCTGTTGTAAATT,0,5239275
yqjE_yqjK_yqjD_yqjC_predicted,0.3333333333333333,2,2,TAACAGGTTCGGTCAGATCC,0,5252313
yqjE_yqjK_yqjD_yqjC_predicted,0.3333333333333333,2,2,TAACAATCCCACGAGATTAA,0,5252704
yqjE_yqjK_yqjD_yqjC_predicted,0.3333333333333333,2,2,TAAATTTGAACCTCCAGAGT,0,5251167
yqjE_yqjK_yqjD_yqjC_predicted,0.3333333333333333,2,2,TAAATGCGCGCCCGTAGGTA,0,5200440
yqjE_yqjK_yqjD_yqjC_predicted,0.3333333333333333,2,2,TAAATGCAATAGAACCGTCC,0,5234376
yqjE_yqjK_yqjD_yqjC_predicted,0.3333333333333333,2,2,TAAAGTGATGATCTACTCAA,0,5246303
yqjE_yqjK_yqjD_yqjC_predicted,0.3333333333333333,2,2,TAAAGGGGGCCGCGCGATCT,0,5239420
yqjE_yqjK_yqjD_yqjC_predicted,0.3333333333333333,2,2,TAAAGCCATACCTGCATCAG,0,5209660
yqjE_yqjK_yqjD_yqjC_predicted,0.3333333333333333,2,2,TAAACGGTGACTCGAAAGGA,0,5185302
yqjE_yqjK_yqjD_yqjC_predicted,0.3333333333333333,2,2,TAAACGACCGAATGCGCTAC,0,5183622
yqjE_yqjK_yqjD_yqjC_predicted,0.3333333333333333,2,2,TAAACCACTTGCTCAGGACA,0,5226128
yqjE_yqjK_yqjD_yqjC_predicted,0.3333333333333333,2,2,TAAACAAGGTCGGCCCCTGC,0,5215664
yqjE_yqjK_yqjD_yqjC_predicted,0.3333333333333333,2,2,TAAAAGGTGGTGGATCGCTC,0,5247511
yqjE_yqjK_yqjD_yqjC_predicted,0.3333333333333333,2,2,TAAAAGGGCGCGAAGTTGAA,0,5203394
yqjE_yqjK_yqjD_yqjC_predicted,0.3333333333333333,2,2,GTTTTTCAGACCACGTTAGG,0,5208779
yqjE_yqjK_yqjD_yqjC_predicted,0.3333333333333333,2,2,GTTTTTATAGGTTTGCCCCG,0,5239355
yqjE_yqjK_yqjD_yqjC_predicted,0.3333333333333333,2,2,GTTTTGCGGCCCGAGCAGTG,0,5195708
yqjE_yqjK_yqjD_yqjC_predicted,0.3333333333333333,2,2,GTTTTATAGGCAAGGAACAC,0,5180527
yqjE_yqjK_yqjD_yqjC_predicted,0.3333333333333333,2,2,GTTTGTGGAAGACGACTTGA,0,5198602
yqjE_yqjK_yqjD_yqjC_predicted,0.3333333333333333,2,2,GTTTGTCGCCAAATGAGAAT,0,5250710
yqjE_yqjK_yqjD_yqjC_predicted,0.3333333333333333,2,2,GTTTGCTCTAAGGTGGTCTT,0,5191790
yqjE_yqjK_yqjD_yqjC_predicted,0.3333333333333333,2,2,GTTTGCGTTCCGTTTCGGTG,0,5227395
yqjE_yqjK_yqjD_yqjC_predicted,0.3333333333333333,2,2,GTTTCTGTCACCGGCTCGTC,0,5172497
yqjE_yqjK_yqjD_yqjC_predicted,0.3333333333333333,2,2,GTTTCTCGAAGGCCGGTGGG,0,5181036
yqjE_yqjK_yqjD_yqjC_predicted,0.3333333333333333,2,2,GTTTCGGCCCGTATCAGGGC,0,5214470
yqjE_yqjK_yqjD_yqjC_predicted,0.3333333333333333,2,2,GTTTCGCTATGGCTCAGGGC,0,5188116
yqjE_yqjK_yqjD_yqjC_predicted,0.3333333333333333,2,2,GTTTCCACGGGACTTAGTAA,0,5211347
yqjE_yqjK_yqjD_yqjC_predicted,0.3333333333333333,2,2,GTTTCATAGTAGAGGTCTTT,0,5262845
yqjE_yqjK_yqjD_yqjC_predicted,0.3333333333333333,2,2,GTTTATTCCGCGTCTATGTC,0,5200814
yqjE_yqjK_yqjD_yqjC_predicted,0.3333333333333333,2,2,GTTTATGTTTCACACAGGAA,0,5182975
yqjE_yqjK_yqjD_yqjC_predicted,0.3333333333333333,2,2,GTTTATGCCGGTAGCCGGCA,0,5200711
yqjE_yqjK_yqjD_yqjC_predicted,0.3333333333333333,2,2,GTTGTTTTAGTCTTGGACGA,0,5217107
yqjE_yqjK_yqjD_yqjC_predicted,0.3333333333333333,2,2,GTTGTGATCTGTCTTAGTAT,0,5239273
yqjE_yqjK_yqjD_yqjC_predicted,0.3333333333333333,2,2,GTTGTCCGCGTACGATAACC,0,5220632
yqjE_yqjK_yqjD_yqjC_predicted,0.3333333333333333,2,2,GTTGTAGAGCGAATCTAAAA,0,5201202
yqjE_yqjK_yqjD_yqjC_predicted,0.3333333333333333,2,2,GTTGGTTGAGTGACTCCTAC,0,5236880
yqjE_yqjK_yqjD_yqjC_predicted,0.3333333333333333,2,2,GTTGGGCATAGTCACGAAAA,0,5190798
yqjE_yqjK_yqjD_yqjC_predicted,0.3333333333333333,2,2,GTTGGCTGGTTGTAGGCGAG,0,5245014
yqjE_yqjK_yqjD_yqjC_predicted,0.3333333333333333,2,2,GTTGGAAGAAAATACCTTTA,0,5204534
yqjE_yqjK_yqjD_yqjC_predicted,0.3333333333333333,2,2,GTTGCTCTCTGAGACACTTA,0,5214317
yqjE_yqjK_yqjD_yqjC_predicted,0.3333333333333333,2,2,GTTGCCTTTAAGCGCACTCC,0,5205369
yqjE_yqjK_yqjD_yqjC_predicted,0.3333333333333333,2,2,GTTGCCCCAGCCAGCACAAG,0,5180626
yqjE_yqjK_yqjD_yqjC_predicted,0.3333333333333333,2,2,GTTGCACAGACTGATTATAG,0,5211402
yqjE_yqjK_yqjD_yqjC_predicted,0.3333333333333333,2,2,GTTGATTACCTCTCCACCAA,0,5203139
yqjE_yqjK_yqjD_yqjC_predicted,0.3333333333333333,2,2,GTTGATAGCGGGGAGTATGT,0,5175921
yqjE_yqjK_yqjD_yqjC_predicted,0.3333333333333333,2,2,GTTGAAAATGGGCACAACTA,0,5226765
yqjE_yqjK_yqjD_yqjC_predicted,0.3333333333333333,2,2,GTTCTTGTTGAAAGGGGATG,0,5201629
yqjE_yqjK_yqjD_yqjC_predicted,0.3333333333333333,2,2,GTTCTTGGTTGTAGCGCTAA,0,5262468
yqjE_yqjK_yqjD_yqjC_predicted,0.3333333333333333,2,2,GTTCTTGCCGAGCTGCGTTG,0,5249741
yqjE_yqjK_yqjD_yqjC_predicted,0.3333333333333333,2,2,GTTCTGCGCCCAAAAAGGCT,0,5176871
yqjE_yqjK_yqjD_yqjC_predicted,0.3333333333333333,2,2,GTTCTCTCGTTCGTAAATCT,0,5250111
yqjE_yqjK_yqjD_yqjC_predicted,0.3333333333333333,2,2,GTTCTCAAGAACGGTAACTC,0,5176294
yqjE_yqjK_yqjD_yqjC_predicted,0.3333333333333333,2,2,GTTCTAAGCCTTTGGAGTTC,0,5220992
yqjE_yqjK_yqjD_yqjC_predicted,0.3333333333333333,2,2,GTTCGAACAGTCATTGCTTT,0,5231795
yqjE_yqjK_yqjD_yqjC_predicted,0.3333333333333333,2,2,GTTCCTTTTATCAGTTGGCC,0,5261496
yqjE_yqjK_yqjD_yqjC_predicted,0.3333333333333333,2,2,GTTCCTTGTGGGGAAACTAC,0,5248495
yqjE_yqjK_yqjD_yqjC_predicted,0.3333333333333333,2,2,GTTCCTGTTAAGTGCACTCA,0,5196654
yqjE_yqjK_yqjD_yqjC_predicted,0.3333333333333333,2,2,GTTCCCTATCAACGTTGGCT,0,5217809
yqjE_yqjK_yqjD_yqjC_predicted,0.3333333333333333,2,2,GTTCCAGACATTGTGGGGTT,0,5252016
yqjE_yqjK_yqjD_yqjC_predicted,0.3333333333333333,2,2,GTTCAGTAACCGATTGAATA,0,5210824
yqjE_yqjK_yqjD_yqjC_predicted,0.3333333333333333,2,2,GTTCACGAATCCGTACTGGT,0,5254949
yqjE_yqjK_yqjD_yqjC_predicted,0.3333333333333333,2,2,GTTCACAGTTTTGGAAACGC,0,5183807
yqjE_yqjK_yqjD_yqjC_predicted,0.3333333333333333,2,2,GTTCACACGGGGACTTTGAG,0,5205985
yqjE_yqjK_yqjD_yqjC_predicted,0.3333333333333333,2,2,GTTATCTTGAAATTTGGCGC,0,5208288
yqjE_yqjK_yqjD_yqjC_predicted,0.3333333333333333,2,2,GTTAGTGGGGTAGTCCAAGA,0,5195893
yqjE_yqjK_yqjD_yqjC_predicted,0.3333333333333333,2,2,GTTAGGGGCCTCGTAGGCTC,0,5243854
yqjE_yqjK_yqjD_yqjC_predicted,0.3333333333333333,2,2,GTTAGCGATATTTACGCGAA,0,5191610
yqjE_yqjK_yqjD_yqjC_predicted,0.3333333333333333,2,2,GTTAGCACAAGTCTTGGTAT,0,5214017
yqjE_yqjK_yqjD_yqjC_predicted,0.3333333333333333,2,2,GTTAGATGCTGGGCTTTCAA,0,5242645
yqjE_yqjK_yqjD_yqjC_predicted,0.3333333333333333,2,2,GTTACGTCAGTGGCAAGCTG,0,5171496
yqjE_yqjK_yqjD_yqjC_predicted,0.3333333333333333,2,2,GTTACCTCCCCATTGTCACT,0,5237810
yqjE_yqjK_yqjD_yqjC_predicted,0.3333333333333333,2,2,GTTACATCATGGCTTGATTA,0,5256751
yqjE_yqjK_yqjD_yqjC_predicted,0.3333333333333333,2,2,GTTAAGCTTGTTCTGATTGG,0,5219266
yqjE_yqjK_yqjD_yqjC_predicted,0.3333333333333333,2,2,GTTAAGAACGGAGGAACGGT,0,5210741
yqjE_yqjK_yqjD_yqjC_predicted,0.3333333333333333,2,2,GTGTTGTAGGAGATCGGCCA,0,5262843
yqjE_yqjK_yqjD_yqjC_predicted,0.3333333333333333,2,2,GTGTTCCATGCACTGGCTGC,0,5183698
yqjE_yqjK_yqjD_yqjC_predicted,0.3333333333333333,2,2,GTGTTAATACGACTTATAAA,0,5255696
yqjE_yqjK_yqjD_yqjC_predicted,0.3333333333333333,2,2,GTGTGGAAGGTAGGTATTTC,0,5214217
yqjE_yqjK_yqjD_yqjC_predicted,0.3333333333333333,2,2,GTGTGCTGAATGCAGGGGAT,0,5236117
yqjE_yqjK_yqjD_yqjC_predicted,0.3333333333333333,2,2,GTGTCTCGCTATTGACCACG,0,5242271
yqjE_yqjK_yqjD_yqjC_predicted,0.3333333333333333,2,2,GTGTCGATCTTCCCTTAGTA,0,5234108
yqjE_yqjK_yqjD_yqjC_predicted,0.3333333333333333,2,2,GTGTCCTATTCCCTTTAAAT,0,5244187
yqjE_yqjK_yqjD_yqjC_predicted,0.3333333333333333,2,2,GTGTCACACACAGAGAAGAC,0,5206060
yqjE_yqjK_yqjD_yqjC_predicted,0.3333333333333333,2,2,GTGTAGGTGAGATACCCCCG,0,5238384
yqjE_yqjK_yqjD_yqjC_predicted,0.3333333333333333,2,2,GTGGTGGGTGCGATCAAAAG,0,5209664
yqjE_yqjK_yqjD_yqjC_predicted,0.3333333333333333,2,2,GTGGTGCCATTTACTGCAGC,0,5224533
yqjE_yqjK_yqjD_yqjC_predicted,0.3333333333333333,2,2,GTGGTATAACCCACCGGCAT,0,5224562
yqjE_yqjK_yqjD_yqjC_predicted,0.3333333333333333,2,2,GTGGGTGTATATCAGATTCG,0,5192495
yqjE_yqjK_yqjD_yqjC_predicted,0.3333333333333333,2,2,GTGGGCGTTATGCTTAGCCA,0,5249659
yqjE_yqjK_yqjD_yqjC_predicted,0.3333333333333333,2,2,GTGGGCCGGCTAGTGTTCGT,0,5237664
yqjE_yqjK_yqjD_yqjC_predicted,0.3333333333333333,2,2,GTGGCCCCTCTCATCCCCGG,0,5226133
yqjE_yqjK_yqjD_yqjC_predicted,0.3333333333333333,2,2,GTGGATTGCGATCCAGCGCT,0,5255002
yqjE_yqjK_yqjD_yqjC_predicted,0.3333333333333333,2,2,GTGGAGGAGATGACCTTCTT,0,5258538
yqjE_yqjK_yqjD_yqjC_predicted,0.3333333333333333,2,2,GTGGAGCTCATGTGTGGTGC,0,5194294
yqjE_yqjK_yqjD_yqjC_predicted,0.3333333333333333,2,2,GTGGAACAATGAATGCGGCT,0,5251415
yqjE_yqjK_yqjD_yqjC_predicted,0.3333333333333333,2,2,GTGCTTTCGTGCGCATTAAA,0,5211215
yqjE_yqjK_yqjD_yqjC_predicted,0.3333333333333333,2,2,GTGCTTCCGCTTTCGCGTGG,0,5178997
yqjE_yqjK_yqjD_yqjC_predicted,0.3333333333333333,2,2,GTGCTATCAAAGAGGTTGAC,0,5179422
yqjE_yqjK_yqjD_yqjC_predicted,0.3333333333333333,2,2,GTGCGTGTCAGCTATGGGGC,0,5181696
yqjE_yqjK_yqjD_yqjC_predicted,0.3333333333333333,2,2,GTGCGGGCAAGGGTCTCTTG,0,5251002
yqjE_yqjK_yqjD_yqjC_predicted,0.3333333333333333,2,2,GTGCGGCCTATGATATGGAC,0,5227317
yqjE_yqjK_yqjD_yqjC_predicted,0.3333333333333333,2,2,GTGCATTTAGGGTGAATGTA,0,5202740
yqjE_yqjK_yqjD_yqjC_predicted,0.3333333333333333,2,2,GTGCATTAGGCGGCAATGAT,0,5189410
yqjE_yqjK_yqjD_yqjC_predicted,0.3333333333333333,2,2,GTGCAGGTGTGAGTGCTGAC,0,5236199
yqjE_yqjK_yqjD_yqjC_predicted,0.3333333333333333,2,2,GTGCAGAGGTGTAACGGAGT,0,5193301
yqjE_yqjK_yqjD_yqjC_predicted,0.3333333333333333,2,2,GTGCACCGTAAGATAACATA,0,5173537
yqjE_yqjK_yqjD_yqjC_predicted,0.3333333333333333,2,2,GTGCAATGCTTCGTATATGG,0,5241487
yqjE_yqjK_yqjD_yqjC_predicted,0.3333333333333333,2,2,GTGATTAGGGACAGGACCGT,0,5246425
yqjE_yqjK_yqjD_yqjC_predicted,0.3333333333333333,2,2,GTGATTAACATATACCTTTT,0,5176821
yqjE_yqjK_yqjD_yqjC_predicted,0.3333333333333333,2,2,GTGATCTTCATGTGATTGTA,0,5178045
yqjE_yqjK_yqjD_yqjC_predicted,0.3333333333333333,2,2,GTGATCAAGCCGCTTAATAC,0,5209109
yqjE_yqjK_yqjD_yqjC_predicted,0.3333333333333333,2,2,GTGAGTCTCCGCTCGGAATA,0,5233103
yqjE_yqjK_yqjD_yqjC_predicted,0.3333333333333333,2,2,GTGAGGGATTCAATGGACTG,0,5255528
yqjE_yqjK_yqjD_yqjC_predicted,0.3333333333333333,2,2,GTGAGCGGATCAACAGAGTA,0,5247046
yqjE_yqjK_yqjD_yqjC_predicted,0.3333333333333333,2,2,GTGACTTAGCCGGTAGTTGG,0,5213237
yqjE_yqjK_yqjD_yqjC_predicted,0.3333333333333333,2,2,GTGACTGCATCGGTATTTTC,0,5230587
yqjE_yqjK_yqjD_yqjC_predicted,0.3333333333333333,2,2,GTGACAGGGTTCCTCAAGAC,0,5206904
yqjE_yqjK_yqjD_yqjC_predicted,0.3333333333333333,2,2,GTGAAGCGGAACGCAGTTGG,0,5177726
yqjE_yqjK_yqjD_yqjC_predicted,0.3333333333333333,2,2,GTGAAGAACTTCAGAAAGAT,0,5241326
yqjE_yqjK_yqjD_yqjC_predicted,0.3333333333333333,2,2,GTGAAGAAACGATAGGTCAT,0,5246627
yqjE_yqjK_yqjD_yqjC_predicted,0.3333333333333333,2,2,GTGAACGTCGCGTGCTGCTT,0,5188881
yqjE_yqjK_yqjD_yqjC_predicted,0.3333333333333333,2,2,GTGAACGGTCCGAGGCCCAC,0,5178253
yqjE_yqjK_yqjD_yqjC_predicted,0.3333333333333333,2,2,GTGAAATAAACCCTATTCTA,0,5217854
yqjE_yqjK_yqjD_yqjC_predicted,0.3333333333333333,2,2,GTCTGTCCTTAACGAAGACG,0,5184277
yqjE_yqjK_yqjD_yqjC_predicted,0.3333333333333333,2,2,GTCTGCGGTACCGCAGAGTT,0,5175852
yqjE_yqjK_yqjD_yqjC_predicted,0.3333333333333333,2,2,GTCTGCGACTGGTTCCAAGT,0,5202155
yqjE_yqjK_yqjD_yqjC_predicted,0.3333333333333333,2,2,GTCTGACCGAGTTCTATCCG,0,5210314
yqjE_yqjK_yqjD_yqjC_predicted,0.3333333333333333,2,2,GTCTCTTTCATAACTCACCT,0,5179145
yqjE_yqjK_yqjD_yqjC_predicted,0.3333333333333333,2,2,GTCTCTTATGCCATAAATCT,0,5190947
yqjE_yqjK_yqjD_yqjC_predicted,0.3333333333333333,2,2,GTCTCGTATCCTGGGGCAAG,0,5192706
yqjE_yqjK_yqjD_yqjC_predicted,0.3333333333333333,2,2,GTCTCCGAGCCAACCGCAAC,0,5212902
yqjE_yqjK_yqjD_yqjC_predicted,0.3333333333333333,2,2,GTCTCATGGATTATGTGCGG,0,5199891
yqjE_yqjK_yqjD_yqjC_predicted,0.3333333333333333,2,2,GTCTCAGACACGTCGGGCCA,0,5259540
yqjE_yqjK_yqjD_yqjC_predicted,0.3333333333333333,2,2,GTCTATTGCGACGCCCACTA,0,5171133
yqjE_yqjK_yqjD_yqjC_predicted,0.3333333333333333,2,2,GTCTAGGCGGTTGTGGCTAT,0,5217512
yqjE_yqjK_yqjD_yqjC_predicted,0.3333333333333333,2,2,GTCTAGGACATTATAGGAAT,0,5205656
yqjE_yqjK_yqjD_yqjC_predicted,0.3333333333333333,2,2,GTCTAGAATAGGCCTTAAAG,0,5252770
yqjE_yqjK_yqjD_yqjC_predicted,0.3333333333333333,2,2,GTCGTTCGAGGAATACAGAT,0,5235374
yqjE_yqjK_yqjD_yqjC_predicted,0.3333333333333333,2,2,GTCGTGCACCCAGGTTGCTG,0,5197076
yqjE_yqjK_yqjD_yqjC_predicted,0.3333333333333333,2,2,GTCGTCCGCTTGCCGGGAAG,0,5261189
yqjE_yqjK_yqjD_yqjC_predicted,0.3333333333333333,2,2,GTCGTCATGAGCTGTTCACA,0,5191541
yqjE_yqjK_yqjD_yqjC_predicted,0.3333333333333333,2,2,GTCGTATTTGCGGAGTGACT,0,5175828
yqjE_yqjK_yqjD_yqjC_predicted,0.3333333333333333,2,2,GTCGGTCTCACACAGGACCT,0,5171896
yqjE_yqjK_yqjD_yqjC_predicted,0.3333333333333333,2,2,GTCGGTCACAACTGCTCGTG,0,5215582
yqjE_yqjK_yqjD_yqjC_predicted,0.3333333333333333,2,2,GTCGCTGGACTGTATCGGGG,0,5256295
yqjE_yqjK_yqjD_yqjC_predicted,0.3333333333333333,2,2,GTCGCTCTTCGTGTATATCT,0,5235595
yqjE_yqjK_yqjD_yqjC_predicted,0.3333333333333333,2,2,GTCGATCTGGCAGAGCTTCG,0,5182638
yqjE_yqjK_yqjD_yqjC_predicted,0.3333333333333333,2,2,GTCGAGGTGTGTTGTTCCGC,0,5205616
yqjE_yqjK_yqjD_yqjC_predicted,0.3333333333333333,2,2,GTCGAACGCAAGTATTCCGT,0,5246108
yqjE_yqjK_yqjD_yqjC_predicted,0.3333333333333333,2,2,GTCCTATCGAATCCAGATGC,0,5187444
yqjE_yqjK_yqjD_yqjC_predicted,0.3333333333333333,2,2,GTCCGTAATCACTACCCGCC,0,5255234
yqjE_yqjK_yqjD_yqjC_predicted,0.3333333333333333,2,2,GTCCGGTTCATGCACCAAGC,0,5260768
yqjE_yqjK_yqjD_yqjC_predicted,0.3333333333333333,2,2,GTCCGCGACATTAATATCGG,0,5253737
yqjE_yqjK_yqjD_yqjC_predicted,0.3333333333333333,2,2,GTCCGCCCTAAACCAGATAG,0,5233179
yqjE_yqjK_yqjD_yqjC_predicted,0.3333333333333333,2,2,GTCCGCACTGATCAAACCAA,0,5198403
yqjE_yqjK_yqjD_yqjC_predicted,0.3333333333333333,2,2,GTCCCGCTGGTCTGGAGTCC,0,5185099
yqjE_yqjK_yqjD_yqjC_predicted,0.3333333333333333,2,2,GTCCCCATGAATTTATTGAT,0,5258708
yqjE_yqjK_yqjD_yqjC_predicted,0.3333333333333333,2,2,GTCCCCAATGGGAGCGAGCG,0,5215035
yqjE_yqjK_yqjD_yqjC_predicted,0.3333333333333333,2,2,GTCCAGTGGTGATCCTAAGG,0,5189171
yqjE_yqjK_yqjD_yqjC_predicted,0.3333333333333333,2,2,GTCCAGTCGGCTACTCCTAC,0,5197518
yqjE_yqjK_yqjD_yqjC_predicted,0.3333333333333333,2,2,GTCCAGGGACCAACCCGACG,0,5175641
yqjE_yqjK_yqjD_yqjC_predicted,0.3333333333333333,2,2,GTCCAGCTGCCAGCTAAAAC,0,5215578
yqjE_yqjK_yqjD_yqjC_predicted,0.3333333333333333,2,2,GTCCACGCGCTGGGTAGGCA,0,5240253
yqjE_yqjK_yqjD_yqjC_predicted,0.3333333333333333,2,2,GTCATTCATACAAACCCGTT,0,5203470
yqjE_yqjK_yqjD_yqjC_predicted,0.3333333333333333,2,2,GTCATGTAAAGCAATGTGGT,0,5185633
yqjE_yqjK_yqjD_yqjC_predicted,0.3333333333333333,2,2,GTCATGCAGATTAATTGTGA,0,5177817
yqjE_yqjK_yqjD_yqjC_predicted,0.3333333333333333,2,2,GTCATCGGTGGGTAGAAAGT,0,5180436
yqjE_yqjK_yqjD_yqjC_predicted,0.3333333333333333,2,2,GTCATCGGAGAGGCCGTAAT,0,5224378
yqjE_yqjK_yqjD_yqjC_predicted,0.3333333333333333,2,2,GTCATATCGCCGTAATTCCC,0,5182379
yqjE_yqjK_yqjD_yqjC_predicted,0.3333333333333333,2,2,GTCATAGAGTTGGTGGTTTC,0,5179903
yqjE_yqjK_yqjD_yqjC_predicted,0.3333333333333333,2,2,GTCAGTACATACTGTGGGTT,0,5222395
yqjE_yqjK_yqjD_yqjC_predicted,0.3333333333333333,2,2,GTCAGTAATGCTTGGTTACA,0,5219861
yqjE_yqjK_yqjD_yqjC_predicted,0.3333333333333333,2,2,GTCAGGTCATAAGAAGTTTG,0,5205255
yqjE_yqjK_yqjD_yqjC_predicted,0.3333333333333333,2,2,GTCAGAACTTCTCAGAGATT,0,5189718
yqjE_yqjK_yqjD_yqjC_predicted,0.3333333333333333,2,2,GTCACTCTCGCGACCAGGCC,0,5218077
yqjE_yqjK_yqjD_yqjC_predicted,0.3333333333333333,2,2,GTCACGCGATCGCATACCGC,0,5261415
yqjE_yqjK_yqjD_yqjC_predicted,0.3333333333333333,2,2,GTCACCTCTCGAAAGCATGT,0,5260961
yqjE_yqjK_yqjD_yqjC_predicted,0.3333333333333333,2,2,GTCACAGGCTACGACGAACG,0,5235747
yqjE_yqjK_yqjD_yqjC_predicted,0.3333333333333333,2,2,GTCAATATTAGGCTCGATGG,0,5195137
yqjE_yqjK_yqjD_yqjC_predicted,0.3333333333333333,2,2,GTATTTACATATTTTAAGCG,0,5223130
yqjE_yqjK_yqjD_yqjC_predicted,0.3333333333333333,2,2,GTATTGAGGATCCGCCTTCG,0,5202066
yqjE_yqjK_yqjD_yqjC_predicted,0.3333333333333333,2,2,GTATTGACAGAGGTATTTCG,0,5219522
yqjE_yqjK_yqjD_yqjC_predicted,0.3333333333333333,2,2,GTATTCCCACAGTAAGCTTT,0,5194497
yqjE_yqjK_yqjD_yqjC_predicted,0.3333333333333333,2,2,GTATTATCACTGTCATCACG,0,5215123
yqjE_yqjK_yqjD_yqjC_predicted,0.3333333333333333,2,2,GTATGTACAATCGGGGCGAT,0,5259583
yqjE_yqjK_yqjD_yqjC_predicted,0.3333333333333333,2,2,GTATGGGATATACCGGAAAT,0,5218355
yqjE_yqjK_yqjD_yqjC_predicted,0.3333333333333333,2,2,GTATCTGTTCTCATAAGCAA,0,5183256
yqjE_yqjK_yqjD_yqjC_predicted,0.3333333333333333,2,2,GTATCCCGGCAAACACACAT,0,5212609
yqjE_yqjK_yqjD_yqjC_predicted,0.3333333333333333,2,2,GTATCAATCGACATACGGCA,0,5208912
yqjE_yqjK_yqjD_yqjC_predicted,0.3333333333333333,2,2,GTATATTGTCTCGATTAGGC,0,5180224
yqjE_yqjK_yqjD_yqjC_predicted,0.3333333333333333,2,2,GTATACATGGTACCGTAGGT,0,5193517
yqjE_yqjK_yqjD_yqjC_predicted,0.3333333333333333,2,2,GTAGTTCGGCAGCAAAAGCC,0,5251211
yqjE_yqjK_yqjD_yqjC_predicted,0.3333333333333333,2,2,GTAGTGGAATCCTAGGCCCG,0,5259814
yqjE_yqjK_yqjD_yqjC_predicted,0.3333333333333333,2,2,GTAGTGAGGGTGTGTGTCGT,0,5195925
yqjE_yqjK_yqjD_yqjC_predicted,0.3333333333333333,2,2,GTAGTCCCCGCCCGAATGAG,0,5189350
yqjE_yqjK_yqjD_yqjC_predicted,0.3333333333333333,2,2,GTAGTAAGTACTAGGCATCT,0,5222251
yqjE_yqjK_yqjD_yqjC_predicted,0.3333333333333333,2,2,GTAGTAACTGGGGAGCTATA,0,5177386
yqjE_yqjK_yqjD_yqjC_predicted,0.3333333333333333,2,2,GTAGGGCTTCAGTACGTTCC,0,5171081
yqjE_yqjK_yqjD_yqjC_predicted,0.3333333333333333,2,2,GTAGGGACCTGAGCCTTCAG,0,5241954
yqjE_yqjK_yqjD_yqjC_predicted,0.3333333333333333,2,2,GTAGCTAGTGAGATTTTGAT,0,5250979
yqjE_yqjK_yqjD_yqjC_predicted,0.3333333333333333,2,2,GTAGCGCAACATCTGTCAGG,0,5200576
yqjE_yqjK_yqjD_yqjC_predicted,0.3333333333333333,2,2,GTAGCCTGCCGGGTAAAATC,0,5178229
yqjE_yqjK_yqjD_yqjC_predicted,0.3333333333333333,2,2,GTAGCATTTTCATAAAGATG,0,5208369
yqjE_yqjK_yqjD_yqjC_predicted,0.3333333333333333,2,2,GTAGAACATTATAATTGGAT,0,5204904
yqjE_yqjK_yqjD_yqjC_predicted,0.3333333333333333,2,2,GTACTTCTGTCGTACGTAGT,0,5187683
yqjE_yqjK_yqjD_yqjC_predicted,0.3333333333333333,2,2,GTACTCTTAACATCAGGGGT,0,5201951
yqjE_yqjK_yqjD_yqjC_predicted,0.3333333333333333,2,2,GTACGTGCACGCCCCGCCCT,0,5179511
yqjE_yqjK_yqjD_yqjC_predicted,0.3333333333333333,2,2,GTACGTGAAGTACTGCTGTT,0,5188815
yqjE_yqjK_yqjD_yqjC_predicted,0.3333333333333333,2,2,GTACGTCTCGCAGAGCTCCA,0,5174641
yqjE_yqjK_yqjD_yqjC_predicted,0.3333333333333333,2,2,GTACGCCATTCCAGACTTCA,0,5249089
yqjE_yqjK_yqjD_yqjC_predicted,0.3333333333333333,2,2,GTACGAAAGGTGGTTGGCGC,0,5185453
yqjE_yqjK_yqjD_yqjC_predicted,0.3333333333333333,2,2,GTACCGGCTGTCCCTGCTTG,0,5198200
yqjE_yqjK_yqjD_yqjC_predicted,0.3333333333333333,2,2,GTACCCAGCATAATAGGAAA,0,5192571
yqjE_yqjK_yqjD_yqjC_predicted,0.3333333333333333,2,2,GTACATGAGCATGCGTGCGG,0,5194061
yqjE_yqjK_yqjD_yqjC_predicted,0.3333333333333333,2,2,GTACACCTTTGCGAAGCATA,0,5232007
yqjE_yqjK_yqjD_yqjC_predicted,0.3333333333333333,2,2,GTAATTGTTTTATCCCTAGG,0,5197543
yqjE_yqjK_yqjD_yqjC_predicted,0.3333333333333333,2,2,GTAATGGAGTTCAGGGATTC,0,5257301
yqjE_yqjK_yqjD_yqjC_predicted,0.3333333333333333,2,2,GTAATCGCGTCCAAGGAAAT,0,5178825
yqjE_yqjK_yqjD_yqjC_predicted,0.3333333333333333,2,2,GTAAGTCTAGTCATCATGCA,0,5254035
yqjE_yqjK_yqjD_yqjC_predicted,0.3333333333333333,2,2,GTAAGGTTCTGGCTTCCACC,0,5208233
yqjE_yqjK_yqjD_yqjC_predicted,0.3333333333333333,2,2,GTAAGGGTAACTGTCGAGTT,0,5219373
yqjE_yqjK_yqjD_yqjC_predicted,0.3333333333333333,2,2,GTAAGGCTACGAGAGGGCGT,0,5212167
yqjE_yqjK_yqjD_yqjC_predicted,0.3333333333333333,2,2,GTAAGGCTACACTTCCCACA,0,5232463
yqjE_yqjK_yqjD_yqjC_predicted,0.3333333333333333,2,2,GTAAGAACTAACCGTGTCGT,0,5226448
yqjE_yqjK_yqjD_yqjC_predicted,0.3333333333333333,2,2,GTAACGCGATAGAAAATGCA,0,5248094
yqjE_yqjK_yqjD_yqjC_predicted,0.3333333333333333,2,2,GTAACATAAGACATAAAGAG,0,5182551
yqjE_yqjK_yqjD_yqjC_predicted,0.3333333333333333,2,2,GTAAATTCCCGGTTTACGAA,0,5174524
yqjE_yqjK_yqjD_yqjC_predicted,0.3333333333333333,2,2,GTAAATGTTACTAAAAATAT,0,5243741
yqjE_yqjK_yqjD_yqjC_predicted,0.3333333333333333,2,2,GTAAAGTTCGAACCACGGGT,0,5197826
yqjE_yqjK_yqjD_yqjC_predicted,0.3333333333333333,2,2,GTAAAGTAACGTAGATTCCT,0,5232270
yqjE_yqjK_yqjD_yqjC_predicted,0.3333333333333333,2,2,GTAAAGCATGACAGGGGGAA,0,5193878
yqjE_yqjK_yqjD_yqjC_predicted,0.3333333333333333,2,2,GGTTTTAGCGCATGCGCAAA,0,5233710
yqjE_yqjK_yqjD_yqjC_predicted,0.3333333333333333,2,2,GGTTTCCGATGCGCGAGCTT,0,5208154
yqjE_yqjK_yqjD_yqjC_predicted,0.3333333333333333,2,2,GGTTGGGTACATTACTGATT,0,5240903
yqjE_yqjK_yqjD_yqjC_predicted,0.3333333333333333,2,2,GGTTGGAGCTCTTGATTTAT,0,5244909
yqjE_yqjK_yqjD_yqjC_predicted,0.3333333333333333,2,2,GGTTGCGTCAAATCACTCGT,0,5198070
yqjE_yqjK_yqjD_yqjC_predicted,0.3333333333333333,2,2,GGTTCTGCAGGCCATCGTCT,0,5196870
yqjE_yqjK_yqjD_yqjC_predicted,0.3333333333333333,2,2,GGTTCGTCAGTTAGCTTCGG,0,5256957
yqjE_yqjK_yqjD_yqjC_predicted,0.3333333333333333,2,2,GGTTCCTATACCGCGTCAGT,0,5236363
yqjE_yqjK_yqjD_yqjC_predicted,0.3333333333333333,2,2,GGTTCCGAGCCTGACGTCTC,0,5221706
yqjE_yqjK_yqjD_yqjC_predicted,0.3333333333333333,2,2,GGTTCAAGCGGATCCATACG,0,5240539
yqjE_yqjK_yqjD_yqjC_predicted,0.3333333333333333,2,2,GGTTAGGCGTCGGATAGTCC,0,5244167
yqjE_yqjK_yqjD_yqjC_predicted,0.3333333333333333,2,2,GGTTAGCCAAGGGTTGGCTA,0,5248663
yqjE_yqjK_yqjD_yqjC_predicted,0.3333333333333333,2,2,GGTTAGCATAACACGTACAA,0,5216275
yqjE_yqjK_yqjD_yqjC_predicted,0.3333333333333333,2,2,GGTTACCGTGCGGGATGGAT,0,5247823
yqjE_yqjK_yqjD_yqjC_predicted,0.3333333333333333,2,2,GGTTACCGTACAGTTATCTT,0,5183286
yqjE_yqjK_yqjD_yqjC_predicted,0.3333333333333333,2,2,GGTTAATTGGTCGTTGTCCG,0,5191390
yqjE_yqjK_yqjD_yqjC_predicted,0.3333333333333333,2,2,GGTTAATGCTGACGAACGCT,0,5178042
yqjE_yqjK_yqjD_yqjC_predicted,0.3333333333333333,2,2,GGTGTTGCCAGGACAAGTCA,0,5183810
yqjE_yqjK_yqjD_yqjC_predicted,0.3333333333333333,2,2,GGTGTTATCACGCTCTCTCG,0,5226369
yqjE_yqjK_yqjD_yqjC_predicted,0.3333333333333333,2,2,GGTGTGCTGCGGTCGCAGTC,0,5206590
yqjE_yqjK_yqjD_yqjC_predicted,0.3333333333333333,2,2,GGTGTGCCCGAGCGGGTCCC,0,5232749
yqjE_yqjK_yqjD_yqjC_predicted,0.3333333333333333,2,2,GGTGTCCCCCTTAACGGACT,0,5224356
yqjE_yqjK_yqjD_yqjC_predicted,0.3333333333333333,2,2,GGTGTAATCATGAAACATGT,0,5179025
yqjE_yqjK_yqjD_yqjC_predicted,0.3333333333333333,2,2,GGTGTAAACTAAGACTAGAT,0,5246857
yqjE_yqjK_yqjD_yqjC_predicted,0.3333333333333333,2,2,GGTGGCCGCATAGCCATCAT,0,5205782
yqjE_yqjK_yqjD_yqjC_predicted,0.3333333333333333,2,2,GGTGCCATCTTATTCCCCAT,0,5179715
yqjE_yqjK_yqjD_yqjC_predicted,0.3333333333333333,2,2,GGTGCAGGTGGCGGTGGTGA,0,5230504
yqjE_yqjK_yqjD_yqjC_predicted,0.3333333333333333,2,2,GGTGAGGTAGTGACGTGCTA,0,5203841
yqjE_yqjK_yqjD_yqjC_predicted,0.3333333333333333,2,2,GGTGAGGAAGCAATTTTTAA,0,5230434
yqjE_yqjK_yqjD_yqjC_predicted,0.3333333333333333,2,2,GGTGACGGTCCCCATGGACG,0,5184785
yqjE_yqjK_yqjD_yqjC_predicted,0.3333333333333333,2,2,GGTCTGAGCCTAGGACACGG,0,5233557
yqjE_yqjK_yqjD_yqjC_predicted,0.3333333333333333,2,2,GGTCTACTCAAGGGTGTTGT,0,5184900
yqjE_yqjK_yqjD_yqjC_predicted,0.3333333333333333,2,2,GGTCGGCAAAGGTCGGCGCC,0,5191136
yqjE_yqjK_yqjD_yqjC_predicted,0.3333333333333333,2,2,GGTCGCTATCCCTCACACAG,0,5237361
yqjE_yqjK_yqjD_yqjC_predicted,0.3333333333333333,2,2,GGTCGCCCAACTGAACTATC,0,5192621
yqjE_yqjK_yqjD_yqjC_predicted,0.3333333333333333,2,2,GGTCGCATCTAACGGCGGTG,0,5219858
yqjE_yqjK_yqjD_yqjC_predicted,0.3333333333333333,2,2,GGTCCTCACCTTGGGTGATT,0,5225062
yqjE_yqjK_yqjD_yqjC_predicted,0.3333333333333333,2,2,GGTCCTCAATGTCCCAAGGT,0,5233415
yqjE_yqjK_yqjD_yqjC_predicted,0.3333333333333333,2,2,GGTCCCACCGCGAGGATGGA,0,5215226
yqjE_yqjK_yqjD_yqjC_predicted,0.3333333333333333,2,2,GGTCAGCTAGTATACTCGCA,0,5172208
yqjE_yqjK_yqjD_yqjC_predicted,0.3333333333333333,2,2,GGTCAAAGGTCACTCTTAAT,0,5209868
yqjE_yqjK_yqjD_yqjC_predicted,0.3333333333333333,2,2,GGTATTGACCTTACTGCTGG,0,5246618
yqjE_yqjK_yqjD_yqjC_predicted,0.3333333333333333,2,2,GGTATTCAGGAATACTGTGG,0,5211034
yqjE_yqjK_yqjD_yqjC_predicted,0.3333333333333333,2,2,GGTATTAATCCAAGGATTAA,0,5247240
yqjE_yqjK_yqjD_yqjC_predicted,0.3333333333333333,2,2,GGTATCTCTGTGGAGGGCTT,0,5220503
yqjE_yqjK_yqjD_yqjC_predicted,0.3333333333333333,2,2,GGTATAGAATACAACTCATT,0,5262023
yqjE_yqjK_yqjD_yqjC_predicted,0.3333333333333333,2,2,GGTATAACGTTCATAGGAGG,0,5245391
yqjE_yqjK_yqjD_yqjC_predicted,0.3333333333333333,2,2,GGTATAAACTGTACGGGTTG,0,5179709
yqjE_yqjK_yqjD_yqjC_predicted,0.3333333333333333,2,2,GGTAGTGCTCCTTCGGCGGC,0,5240163
yqjE_yqjK_yqjD_yqjC_predicted,0.3333333333333333,2,2,GGTACGACTGCTCGTCGGTA,0,5255233
yqjE_yqjK_yqjD_yqjC_predicted,0.3333333333333333,2,2,GGTACCAGCACTACCGACAG,0,5194316
yqjE_yqjK_yqjD_yqjC_predicted,0.3333333333333333,2,2,GGTACAAAGGTCACCACTCG,0,5243873
yqjE_yqjK_yqjD_yqjC_predicted,0.3333333333333333,2,2,GGTAATGACTTCATGGTCGG,0,5216252
yqjE_yqjK_yqjD_yqjC_predicted,0.3333333333333333,2,2,GGTAACGAGAGTAACCAATG,0,5244518
yqjE_yqjK_yqjD_yqjC_predicted,0.3333333333333333,2,2,GGGTTTCGCCAGTGCCAGGG,0,5223979
yqjE_yqjK_yqjD_yqjC_predicted,0.3333333333333333,2,2,GGGTTGTCGAGCTTTACTTA,0,5225327
yqjE_yqjK_yqjD_yqjC_predicted,0.3333333333333333,2,2,GGGTTCTAGGAGATCGGTCT,0,5240666
yqjE_yqjK_yqjD_yqjC_predicted,0.3333333333333333,2,2,GGGTTCGTTTACATTCACAC,0,5220978
yqjE_yqjK_yqjD_yqjC_predicted,0.3333333333333333,2,2,GGGTTCAAACAGTTTTGGTC,0,5252947
yqjE_yqjK_yqjD_yqjC_predicted,0.3333333333333333,2,2,GGGTTATCGGAATTCAGGCC,0,5208338
yqjE_yqjK_yqjD_yqjC_predicted,0.3333333333333333,2,2,GGGTTAAGGGTCTCATACCA,0,5229311
yqjE_yqjK_yqjD_yqjC_predicted,0.3333333333333333,2,2,GGGTGGGGTAGACAAGACGC,0,5187315
yqjE_yqjK_yqjD_yqjC_predicted,0.3333333333333333,2,2,GGGTGGGGGTTATCCAGTGC,0,5215415
yqjE_yqjK_yqjD_yqjC_predicted,0.3333333333333333,2,2,GGGTGCGCTGAGAACTACTC,0,5230999
yqjE_yqjK_yqjD_yqjC_predicted,0.3333333333333333,2,2,GGGTGCATCTACACCCACGT,0,5242578
yqjE_yqjK_yqjD_yqjC_predicted,0.3333333333333333,2,2,GGGTGACTGTGGCCTGTGAT,0,5251160
yqjE_yqjK_yqjD_yqjC_predicted,0.3333333333333333,2,2,GGGTCTTGGGCCAAACACAG,0,5247393
yqjE_yqjK_yqjD_yqjC_predicted,0.3333333333333333,2,2,GGGTCTCGTAATAAAAAGCT,0,5223895
yqjE_yqjK_yqjD_yqjC_predicted,0.3333333333333333,2,2,GGGTCTCGACTTGACACATA,0,5235500
yqjE_yqjK_yqjD_yqjC_predicted,0.3333333333333333,2,2,GGGTCGCGATGTAAGACGGC,0,5171787
yqjE_yqjK_yqjD_yqjC_predicted,0.3333333333333333,2,2,GGGTCGCAGAGTAAGGTACA,0,5262812
yqjE_yqjK_yqjD_yqjC_predicted,0.3333333333333333,2,2,GGGTATGCCTCCATCTTATA,0,5216228
yqjE_yqjK_yqjD_yqjC_predicted,0.3333333333333333,2,2,GGGTATCGATGGTCTAACGG,0,5182744
yqjE_yqjK_yqjD_yqjC_predicted,0.3333333333333333,2,2,GGGTAGGGCACGGTATGAAG,0,5174252
yqjE_yqjK_yqjD_yqjC_predicted,0.3333333333333333,2,2,GGGTAGAGGGGCCTTGCCCA,0,5232686
yqjE_yqjK_yqjD_yqjC_predicted,0.3333333333333333,2,2,GGGTAGAGAGCGAACTGACT,0,5252371
yqjE_yqjK_yqjD_yqjC_predicted,0.3333333333333333,2,2,GGGTACTGAGGTCTGGACTA,0,5255385
yqjE_yqjK_yqjD_yqjC_predicted,0.3333333333333333,2,2,GGGTACTGACGGCCCCCAAA,0,5206301
yqjE_yqjK_yqjD_yqjC_predicted,0.3333333333333333,2,2,GGGTACAACACCTATTGTGA,0,5245580
yqjE_yqjK_yqjD_yqjC_predicted,0.3333333333333333,2,2,GGGGTTCGCTTCGGTGCGAT,0,5224388
yqjE_yqjK_yqjD_yqjC_predicted,0.3333333333333333,2,2,GGGGTGCATGAATCCGAGTG,0,5245516
yqjE_yqjK_yqjD_yqjC_predicted,0.3333333333333333,2,2,GGGGTCTCTGCCTTAACAGT,0,5207604
yqjE_yqjK_yqjD_yqjC_predicted,0.3333333333333333,2,2,GGGGTCCCCGCCCACATTCA,0,5258444
yqjE_yqjK_yqjD_yqjC_predicted,0.3333333333333333,2,2,GGGGTATTTGACAAAGAGGT,0,5197030
yqjE_yqjK_yqjD_yqjC_predicted,0.3333333333333333,2,2,GGGGGGAAAGGGCAGTCTAT,0,5187158
yqjE_yqjK_yqjD_yqjC_predicted,0.3333333333333333,2,2,GGGGGACTGAATCCCGAAAG,0,5218366
yqjE_yqjK_yqjD_yqjC_predicted,0.3333333333333333,2,2,GGGGCTTTCAAACATGACGG,0,5171037
yqjE_yqjK_yqjD_yqjC_predicted,0.3333333333333333,2,2,GGGGCTGGGGAGGGGTCCGA,0,5257458
yqjE_yqjK_yqjD_yqjC_predicted,0.3333333333333333,2,2,GGGGCCTCGTGTTCCGGTAG,0,5184369
yqjE_yqjK_yqjD_yqjC_predicted,0.3333333333333333,2,2,GGGGCCGGAAGAAATGGTGT,0,5257822
yqjE_yqjK_yqjD_yqjC_predicted,0.3333333333333333,2,2,GGGGAGGCAATTCATCAGTT,0,5243956
yqjE_yqjK_yqjD_yqjC_predicted,0.3333333333333333,2,2,GGGGACCGCATTCCTGATTT,0,5253712
yqjE_yqjK_yqjD_yqjC_predicted,0.3333333333333333,2,2,GGGGACATAACTTTGGTGAT,0,5218270
yqjE_yqjK_yqjD_yqjC_predicted,0.3333333333333333,2,2,GGGGAACGCGTCTTGGCCGG,0,5231064
yqjE_yqjK_yqjD_yqjC_predicted,0.3333333333333333,2,2,GGGCTTACTCGACACTCGGG,0,5211239
yqjE_yqjK_yqjD_yqjC_predicted,0.3333333333333333,2,2,GGGCTGACGAATGGCTTGAT,0,5212456
yqjE_yqjK_yqjD_yqjC_predicted,0.3333333333333333,2,2,GGGCTCTTCCTATCCGTTCT,0,5200903
yqjE_yqjK_yqjD_yqjC_predicted,0.3333333333333333,2,2,GGGCTCTAAGGATAGCACAT,0,5244941
yqjE_yqjK_yqjD_yqjC_predicted,0.3333333333333333,2,2,GGGCTCATGGGCAAGAGTTT,0,5247744
yqjE_yqjK_yqjD_yqjC_predicted,0.3333333333333333,2,2,GGGCTCAGTGTGGGGGCTCT,0,5170979
yqjE_yqjK_yqjD_yqjC_predicted,0.3333333333333333,2,2,GGGCTATACAAGGACTCTCC,0,5192549
yqjE_yqjK_yqjD_yqjC_predicted,0.3333333333333333,2,2,GGGCTACCCCGTTGAATTGA,0,5177413
yqjE_yqjK_yqjD_yqjC_predicted,0.3333333333333333,2,2,GGGCGTGACCGCACGTCACA,0,5222908
yqjE_yqjK_yqjD_yqjC_predicted,0.3333333333333333,2,2,GGGCGTATTCAGTCATATAC,0,5205399
yqjE_yqjK_yqjD_yqjC_predicted,0.3333333333333333,2,2,GGGCGCTTTTGGAGTATAGT,0,5193893
yqjE_yqjK_yqjD_yqjC_predicted,0.3333333333333333,2,2,GGGCGCCGACCACTAAGAGT,0,5200024
yqjE_yqjK_yqjD_yqjC_predicted,0.3333333333333333,2,2,GGGCGCATCAAGGACGGGGG,0,5195632
yqjE_yqjK_yqjD_yqjC_predicted,0.3333333333333333,2,2,GGGCGATACTTCGGGCAGAC,0,5234974
yqjE_yqjK_yqjD_yqjC_predicted,0.3333333333333333,2,2,GGGCCTGGCGGGTATCTCAT,0,5203526
yqjE_yqjK_yqjD_yqjC_predicted,0.3333333333333333,2,2,GGGCCGGGTCAAGGGGCGTG,0,5199937
yqjE_yqjK_yqjD_yqjC_predicted,0.3333333333333333,2,2,GGGCCATCCGGATCACTTAC,0,5219144
yqjE_yqjK_yqjD_yqjC_predicted,0.3333333333333333,2,2,GGGCCAATGAATAGCTTATT,0,5257097
yqjE_yqjK_yqjD_yqjC_predicted,0.3333333333333333,2,2,GGGCATTGTCAAAGTTGCGA,0,5235880
yqjE_yqjK_yqjD_yqjC_predicted,0.3333333333333333,2,2,GGGCACTAGGACGATCGAGC,0,5223991
yqjE_yqjK_yqjD_yqjC_predicted,0.3333333333333333,2,2,GGGCACAGTGCGTAAGTCAA,0,5211548
yqjE_yqjK_yqjD_yqjC_predicted,0.3333333333333333,2,2,GGGCAAACCCCTGTTATGCG,0,5189559
yqjE_yqjK_yqjD_yqjC_predicted,0.3333333333333333,2,2,GGGATGCCATGTGTGGTCAA,0,5220816
yqjE_yqjK_yqjD_yqjC_predicted,0.3333333333333333,2,2,GGGATGAGTGGCCTGGGCGC,0,5187973
yqjE_yqjK_yqjD_yqjC_predicted,0.3333333333333333,2,2,GGGATCCTCCAACAAGGACT,0,5248765
yqjE_yqjK_yqjD_yqjC_predicted,0.3333333333333333,2,2,GGGATAGTTAGCTTCCACCA,0,5193679
yqjE_yqjK_yqjD_yqjC_predicted,0.3333333333333333,2,2,GGGATAGGCACGAACGGGCT,0,5248340
yqjE_yqjK_yqjD_yqjC_predicted,0.3333333333333333,2,2,GGGAGGGTTTAGTGCGTGCT,0,5230330
yqjE_yqjK_yqjD_yqjC_predicted,0.3333333333333333,2,2,GGGAGGCCGTAGGACGGTAA,0,5220333
yqjE_yqjK_yqjD_yqjC_predicted,0.3333333333333333,2,2,GGGAGACGTATGCCTTATGT,0,5240642
yqjE_yqjK_yqjD_yqjC_predicted,0.3333333333333333,2,2,GGGACTTGCATTCTGTACAC,0,5224381
yqjE_yqjK_yqjD_yqjC_predicted,0.3333333333333333,2,2,GGGACTGTCGGAGCCTTTGC,0,5237004
yqjE_yqjK_yqjD_yqjC_predicted,0.3333333333333333,2,2,GGGACTCCTGGACGAAACGT,0,5181293
yqjE_yqjK_yqjD_yqjC_predicted,0.3333333333333333,2,2,GGGACCGCATACTGCATTTC,0,5209739
yqjE_yqjK_yqjD_yqjC_predicted,0.3333333333333333,2,2,GGGAAACTGGCAAGCCTAGG,0,5228047
yqjE_yqjK_yqjD_yqjC_predicted,0.3333333333333333,2,2,GGCTGTCTTCGAATAAATAT,0,5260817
yqjE_yqjK_yqjD_yqjC_predicted,0.3333333333333333,2,2,GGCTGCGGGGGCGTCCCACT,0,5242324
yqjE_yqjK_yqjD_yqjC_predicted,0.3333333333333333,2,2,GGCTGAGCTACAATTCAGGT,0,5248964
yqjE_yqjK_yqjD_yqjC_predicted,0.3333333333333333,2,2,GGCTGAACGATGCGCGGGGC,0,5182237
yqjE_yqjK_yqjD_yqjC_predicted,0.3333333333333333,2,2,GGCTGAAAAAGATTGCGCAT,0,5236354
yqjE_yqjK_yqjD_yqjC_predicted,0.3333333333333333,2,2,GGCTCGCCTTCCAAGTACTA,0,5241206
yqjE_yqjK_yqjD_yqjC_predicted,0.3333333333333333,2,2,GGCTATTGGAATCAAACTGA,0,5253999
yqjE_yqjK_yqjD_yqjC_predicted,0.3333333333333333,2,2,GGCTATGACTATCTGGAATT,0,5230098
yqjE_yqjK_yqjD_yqjC_predicted,0.3333333333333333,2,2,GGCTAACGTTGTAGATTGAT,0,5230057
yqjE_yqjK_yqjD_yqjC_predicted,0.3333333333333333,2,2,GGCGTGGCGCTCAGGACTTG,0,5193902
yqjE_yqjK_yqjD_yqjC_predicted,0.3333333333333333,2,2,GGCGGGCTTCTGCGTGAACA,0,5191158
yqjE_yqjK_yqjD_yqjC_predicted,0.3333333333333333,2,2,GGCGGCGTTGAATCCGGATA,0,5222955
yqjE_yqjK_yqjD_yqjC_predicted,0.3333333333333333,2,2,GGCGGCAAGCCGGCCGGCGG,0,5217171
yqjE_yqjK_yqjD_yqjC_predicted,0.3333333333333333,2,2,GGCGGACTGAGTTGCCCTTC,0,5238579
yqjE_yqjK_yqjD_yqjC_predicted,0.3333333333333333,2,2,GGCGGAACCTAAGGGTGATT,0,5218024
yqjE_yqjK_yqjD_yqjC_predicted,0.3333333333333333,2,2,GGCGCTTATCCGACCATACG,0,5256809
yqjE_yqjK_yqjD_yqjC_predicted,0.3333333333333333,2,2,GGCGCTGAAGACCGTCGTTC,0,5183079
yqjE_yqjK_yqjD_yqjC_predicted,0.3333333333333333,2,2,GGCGCGACAGGGGACGCAAA,0,5195898
yqjE_yqjK_yqjD_yqjC_predicted,0.3333333333333333,2,2,GGCGCCTTGGCCCGCTATGT,0,5256239
yqjE_yqjK_yqjD_yqjC_predicted,0.3333333333333333,2,2,GGCGCCCCCGGGTTCGGTTA,0,5259551
yqjE_yqjK_yqjD_yqjC_predicted,0.3333333333333333,2,2,GGCGCAAAGGGGGCAACGAA,0,5173561
yqjE_yqjK_yqjD_yqjC_predicted,0.3333333333333333,2,2,GGCGAACTTCAGCCTTGACA,0,5208620
yqjE_yqjK_yqjD_yqjC_predicted,0.3333333333333333,2,2,GGCGAACCGCGTCTCCGGAT,0,5259421
yqjE_yqjK_yqjD_yqjC_predicted,0.3333333333333333,2,2,GGCGAAAGTAACCATAGTGT,0,5220903
yqjE_yqjK_yqjD_yqjC_predicted,0.3333333333333333,2,2,GGCGAAAGCGTCCGGTCGCA,0,5208536
yqjE_yqjK_yqjD_yqjC_predicted,0.3333333333333333,2,2,GGCGAAAGATTTTATCTCGT,0,5226752
yqjE_yqjK_yqjD_yqjC_predicted,0.3333333333333333,2,2,GGCCTTGCTCCTTATAAACA,0,5191857
yqjE_yqjK_yqjD_yqjC_predicted,0.3333333333333333,2,2,GGCCTGTCTCACAGAGGCAT,0,5246222
yqjE_yqjK_yqjD_yqjC_predicted,0.3333333333333333,2,2,GGCCTGGGTGTATGGGAATT,0,5261699
yqjE_yqjK_yqjD_yqjC_predicted,0.3333333333333333,2,2,GGCCGTCCACCCAACTTTTA,0,5256981
yqjE_yqjK_yqjD_yqjC_predicted,0.3333333333333333,2,2,GGCCGTAAAATCATCAGGCC,0,5212915
yqjE_yqjK_yqjD_yqjC_predicted,0.3333333333333333,2,2,GGCCGGCCCCCAAGGTTAGA,0,5250277
yqjE_yqjK_yqjD_yqjC_predicted,0.3333333333333333,2,2,GGCCGGAGTCGGGGCTACCT,0,5180687
yqjE_yqjK_yqjD_yqjC_predicted,0.3333333333333333,2,2,GGCCGCCAAGGATAATAGTG,0,5258271
yqjE_yqjK_yqjD_yqjC_predicted,0.3333333333333333,2,2,GGCCGACAAACTTCTATGGC,0,5212085
yqjE_yqjK_yqjD_yqjC_predicted,0.3333333333333333,2,2,GGCCCTAGTACAATATATAT,0,5207576
yqjE_yqjK_yqjD_yqjC_predicted,0.3333333333333333,2,2,GGCCCGGGAATGCCAGCCAG,0,5178083
yqjE_yqjK_yqjD_yqjC_predicted,0.3333333333333333,2,2,GGCCCGACTGTCGTCGAGAT,0,5223097
yqjE_yqjK_yqjD_yqjC_predicted,0.3333333333333333,2,2,GGCCCCACCCACGTTTGGGC,0,5249999
yqjE_yqjK_yqjD_yqjC_predicted,0.3333333333333333,2,2,GGCCAATAGAAGATCCGTAA,0,5219276
yqjE_yqjK_yqjD_yqjC_predicted,0.3333333333333333,2,2,GGCATTCCGGGCGGTTTTAG,0,5200769
yqjE_yqjK_yqjD_yqjC_predicted,0.3333333333333333,2,2,GGCATCTAGGTATATAACAC,0,5235847
yqjE_yqjK_yqjD_yqjC_predicted,0.3333333333333333,2,2,GGCATATATCATTCGCGCTA,0,5183804
yqjE_yqjK_yqjD_yqjC_predicted,0.3333333333333333,2,2,GGCAGGGACCCGTGAGGTAT,0,5173495
yqjE_yqjK_yqjD_yqjC_predicted,0.3333333333333333,2,2,GGCACCGGTTGCTACTGGTG,0,5227989
yqjE_yqjK_yqjD_yqjC_predicted,0.3333333333333333,2,2,GGCACATTCTCAACATCAGC,0,5218904
yqjE_yqjK_yqjD_yqjC_predicted,0.3333333333333333,2,2,GGCACAGTGCGGATGTCCCT,0,5211491
yqjE_yqjK_yqjD_yqjC_predicted,0.3333333333333333,2,2,GGCACAAGTGATACATCCTG,0,5249013
yqjE_yqjK_yqjD_yqjC_predicted,0.3333333333333333,2,2,GGCAATTGCCATGGGGGCGA,0,5173087
yqjE_yqjK_yqjD_yqjC_predicted,0.3333333333333333,2,2,GGCAATTGACGATACACAAG,0,5236335
yqjE_yqjK_yqjD_yqjC_predicted,0.3333333333333333,2,2,GGCAACCAGCTCACGTCTTG,0,5235911
yqjE_yqjK_yqjD_yqjC_predicted,0.3333333333333333,2,2,GGCAAAGCATCAAAATTTAG,0,5253787
yqjE_yqjK_yqjD_yqjC_predicted,0.3333333333333333,2,2,GGATTTTTCGGAGTTAAGTC,0,5256982
yqjE_yqjK_yqjD_yqjC_predicted,0.3333333333333333,2,2,GGATTGTAATTCCTGCTGTG,0,5213875
yqjE_yqjK_yqjD_yqjC_predicted,0.3333333333333333,2,2,GGATTGCTTGTGCGTCCAGC,0,5255882
yqjE_yqjK_yqjD_yqjC_predicted,0.3333333333333333,2,2,GGATTGCCTCATCGTATCAC,0,5254318
yqjE_yqjK_yqjD_yqjC_predicted,0.3333333333333333,2,2,GGATTATGAGAGGTCCCGAC,0,5232819
yqjE_yqjK_yqjD_yqjC_predicted,0.3333333333333333,2,2,GGATGTCAACTTCAACGAAA,0,5185540
yqjE_yqjK_yqjD_yqjC_predicted,0.3333333333333333,2,2,GGATGGTGCTACCGACGATT,0,5195569
yqjE_yqjK_yqjD_yqjC_predicted,0.3333333333333333,2,2,GGATGATCTACCTCAAACTG,0,5221387
yqjE_yqjK_yqjD_yqjC_predicted,0.3333333333333333,2,2,GGATCTCAATAAGGAACTAG,0,5190745
yqjE_yqjK_yqjD_yqjC_predicted,0.3333333333333333,2,2,GGATCGGGCATCGATATTAT,0,5177474
yqjE_yqjK_yqjD_yqjC_predicted,0.3333333333333333,2,2,GGATCGGATCTCTCTTTGCT,0,5262014
yqjE_yqjK_yqjD_yqjC_predicted,0.3333333333333333,2,2,GGATCCTATTTCACAGCGGC,0,5213079
yqjE_yqjK_yqjD_yqjC_predicted,0.3333333333333333,2,2,GGATCCAATTCAAAGGTACA,0,5234875
yqjE_yqjK_yqjD_yqjC_predicted,0.3333333333333333,2,2,GGATCAGTCTGAGATAGTGC,0,5184055
yqjE_yqjK_yqjD_yqjC_predicted,0.3333333333333333,2,2,GGATATGTCGCTGGAAGTCA,0,5233913
yqjE_yqjK_yqjD_yqjC_predicted,0.3333333333333333,2,2,GGATAGTATGGCACGAAATA,0,5206155
yqjE_yqjK_yqjD_yqjC_predicted,0.3333333333333333,2,2,GGATAGGGTAACATGTCGCC,0,5189801
yqjE_yqjK_yqjD_yqjC_predicted,0.3333333333333333,2,2,GGAGTTCGGCAGAGCTTGAT,0,5210151
yqjE_yqjK_yqjD_yqjC_predicted,0.3333333333333333,2,2,GGAGTGACTAGCGGCAATTG,0,5224159
yqjE_yqjK_yqjD_yqjC_predicted,0.3333333333333333,2,2,GGAGTCAGCTTCTTTAAGCT,0,5261859
yqjE_yqjK_yqjD_yqjC_predicted,0.3333333333333333,2,2,GGAGTCAGCCGTACTTTGAT,0,5252277
yqjE_yqjK_yqjD_yqjC_predicted,0.3333333333333333,2,2,GGAGTAAGAACGTTTACGGA,0,5233266
yqjE_yqjK_yqjD_yqjC_predicted,0.3333333333333333,2,2,GGAGGTTTGCTTTGATTAGG,0,5185526
yqjE_yqjK_yqjD_yqjC_predicted,0.3333333333333333,2,2,GGAGGTCGGCCCGCCCCGCA,0,5200512
yqjE_yqjK_yqjD_yqjC_predicted,0.3333333333333333,2,2,GGAGGGGGTAACCTCGTAAG,0,5260801
yqjE_yqjK_yqjD_yqjC_predicted,0.3333333333333333,2,2,GGAGGATTCTTTCCAACTGA,0,5219449
yqjE_yqjK_yqjD_yqjC_predicted,0.3333333333333333,2,2,GGAGCTGCATATTCCCAAAA,0,5240726
yqjE_yqjK_yqjD_yqjC_predicted,0.3333333333333333,2,2,GGAGCCTGACGATGGACCAT,0,5232013
yqjE_yqjK_yqjD_yqjC_predicted,0.3333333333333333,2,2,GGAGCCTCTTAATGCCGGCG,0,5252567
yqjE_yqjK_yqjD_yqjC_predicted,0.3333333333333333,2,2,GGAGATTGCATTCAGCGCGC,0,5240164
yqjE_yqjK_yqjD_yqjC_predicted,0.3333333333333333,2,2,GGAGATCATACTGGTTGAGT,0,5195841
yqjE_yqjK_yqjD_yqjC_predicted,0.3333333333333333,2,2,GGAGACCGTAGGCTACGGTA,0,5186716
yqjE_yqjK_yqjD_yqjC_predicted,0.3333333333333333,2,2,GGACTGTGTACTCTAGTGCT,0,5201086
yqjE_yqjK_yqjD_yqjC_predicted,0.3333333333333333,2,2,GGACTGTCAGGAAATTATTC,0,5239415
yqjE_yqjK_yqjD_yqjC_predicted,0.3333333333333333,2,2,GGACTAACTCGTGAATTGGG,0,5223431
yqjE_yqjK_yqjD_yqjC_predicted,0.3333333333333333,2,2,GGACGGTCACCTCGGTTCAT,0,5188417
yqjE_yqjK_yqjD_yqjC_predicted,0.3333333333333333,2,2,GGACCTAATAGGGGTTAGAG,0,5207528
yqjE_yqjK_yqjD_yqjC_predicted,0.3333333333333333,2,2,GGACCATCTCAGGCTCGAGA,0,5175329
yqjE_yqjK_yqjD_yqjC_predicted,0.3333333333333333,2,2,GGACACTTAAACTTGCCGAA,0,5259927
yqjE_yqjK_yqjD_yqjC_predicted,0.3333333333333333,2,2,GGACAAGCAGTATTCATATT,0,5205937
yqjE_yqjK_yqjD_yqjC_predicted,0.3333333333333333,2,2,GGACAAACCGTCAACACCGG,0,5231000
yqjE_yqjK_yqjD_yqjC_predicted,0.3333333333333333,2,2,GGAATCCCAGTGGCGCTTTA,0,5242104
yqjE_yqjK_yqjD_yqjC_predicted,0.3333333333333333,2,2,GGAATAGGGAATCAAAGATC,0,5258513
yqjE_yqjK_yqjD_yqjC_predicted,0.3333333333333333,2,2,GGAAGTTGTGGGCAGCGCCG,0,5233931
yqjE_yqjK_yqjD_yqjC_predicted,0.3333333333333333,2,2,GGAAGTGGAGGGGCTCGATA,0,5195960
yqjE_yqjK_yqjD_yqjC_predicted,0.3333333333333333,2,2,GGAAGTGACCAATGCTCTGG,0,5247801
yqjE_yqjK_yqjD_yqjC_predicted,0.3333333333333333,2,2,GGAAGAGTCGCGTTCTAAAG,0,5190420
yqjE_yqjK_yqjD_yqjC_predicted,0.3333333333333333,2,2,GGAAGACTCCTGCCAGGTGG,0,5195562
yqjE_yqjK_yqjD_yqjC_predicted,0.3333333333333333,2,2,GGAAGAAGAAGTTTGGGGGT,0,5207022
yqjE_yqjK_yqjD_yqjC_predicted,0.3333333333333333,2,2,GGAACGTTGAACCCGGTCAC,0,5202516
yqjE_yqjK_yqjD_yqjC_predicted,0.3333333333333333,2,2,GGAACCTGTGGGAAGAGGAC,0,5224684
yqjE_yqjK_yqjD_yqjC_predicted,0.3333333333333333,2,2,GGAACAAAGCGTGGATGAGA,0,5204394
yqjE_yqjK_yqjD_yqjC_predicted,0.3333333333333333,2,2,GGAAAGATCCAGAGGATAGA,0,5221222
yqjE_yqjK_yqjD_yqjC_predicted,0.3333333333333333,2,2,GGAAACCGTGCGCTTGGGAA,0,5226923
yqjE_yqjK_yqjD_yqjC_predicted,0.3333333333333333,2,2,GCTTTTGAGATTGGGAAGTA,0,5260286
yqjE_yqjK_yqjD_yqjC_predicted,0.3333333333333333,2,2,GCTTTGTATTGCTATCATAC,0,5226984
yqjE_yqjK_yqjD_yqjC_predicted,0.3333333333333333,2,2,GCTTTCTCAGCTCGCCATTG,0,5226282
yqjE_yqjK_yqjD_yqjC_predicted,0.3333333333333333,2,2,GCTTGTCTTTTACTCCACTC,0,5252187
yqjE_yqjK_yqjD_yqjC_predicted,0.3333333333333333,2,2,GCTTGGCAGGGACGGTTTGC,0,5206565
yqjE_yqjK_yqjD_yqjC_predicted,0.3333333333333333,2,2,GCTTGGATGAATCTTACATC,0,5261922
yqjE_yqjK_yqjD_yqjC_predicted,0.3333333333333333,2,2,GCTTGATTTCTCACGCTGAA,0,5244791
yqjE_yqjK_yqjD_yqjC_predicted,0.3333333333333333,2,2,GCTTCCGATCGAGTGGTCCA,0,5228794
yqjE_yqjK_yqjD_yqjC_predicted,0.3333333333333333,2,2,GCTTCACTTGGGGAGTTATG,0,5171360
yqjE_yqjK_yqjD_yqjC_predicted,0.3333333333333333,2,2,GCTTATTTGCGGTTCGAGTA,0,5224972
yqjE_yqjK_yqjD_yqjC_predicted,0.3333333333333333,2,2,GCTGTTCTGAGCATGATTTA,0,5208635
yqjE_yqjK_yqjD_yqjC_predicted,0.3333333333333333,2,2,GCTGTCTCCCGGGAACCTGT,0,5188803
yqjE_yqjK_yqjD_yqjC_predicted,0.3333333333333333,2,2,GCTGGTTCATTTAGTCGCTC,0,5206583
yqjE_yqjK_yqjD_yqjC_predicted,0.3333333333333333,2,2,GCTGGGTGACCATATTATCC,0,5192172
yqjE_yqjK_yqjD_yqjC_predicted,0.3333333333333333,2,2,GCTGCTTAGTCGCCTCATGA,0,5230059
yqjE_yqjK_yqjD_yqjC_predicted,0.3333333333333333,2,2,GCTGCTGAATGTTCACGCCT,0,5192243
yqjE_yqjK_yqjD_yqjC_predicted,0.3333333333333333,2,2,GCTGCCGCTCGTGGTCCACC,0,5210781
yqjE_yqjK_yqjD_yqjC_predicted,0.3333333333333333,2,2,GCTGCCCTCACGTGCTACTT,0,5244483
yqjE_yqjK_yqjD_yqjC_predicted,0.3333333333333333,2,2,GCTGCACATTTCTAAAAAGT,0,5260631
yqjE_yqjK_yqjD_yqjC_predicted,0.3333333333333333,2,2,GCTGACAGGGGGACCGGCTG,0,5232158
yqjE_yqjK_yqjD_yqjC_predicted,0.3333333333333333,2,2,GCTGAAATTAGCGCGGCGGA,0,5191026
yqjE_yqjK_yqjD_yqjC_predicted,0.3333333333333333,2,2,GCTCTGTTTTGACTAGACTT,0,5188530
yqjE_yqjK_yqjD_yqjC_predicted,0.3333333333333333,2,2,GCTCTGCAGTTTTTTCTTAG,0,5180004
yqjE_yqjK_yqjD_yqjC_predicted,0.3333333333333333,2,2,GCTCTAATATCACTACACTT,0,5215685
yqjE_yqjK_yqjD_yqjC_predicted,0.3333333333333333,2,2,GCTCGCGAGGATCTACTTAG,0,5222201
yqjE_yqjK_yqjD_yqjC_predicted,0.3333333333333333,2,2,GCTCCTCATGATAAACCCAA,0,5210684
yqjE_yqjK_yqjD_yqjC_predicted,0.3333333333333333,2,2,GCTCCTACATCGCAGGTATG,0,5196453
yqjE_yqjK_yqjD_yqjC_predicted,0.3333333333333333,2,2,GCTCCGTAGCATGCCGCGGC,0,5196721
yqjE_yqjK_yqjD_yqjC_predicted,0.3333333333333333,2,2,GCTATTTACCCCGGGGTCAT,0,5210126
yqjE_yqjK_yqjD_yqjC_predicted,0.3333333333333333,2,2,GCTATACCCTTCATAACGTC,0,5222620
yqjE_yqjK_yqjD_yqjC_predicted,0.3333333333333333,2,2,GCTAGAGGGCGGCCGGTATT,0,5231194
yqjE_yqjK_yqjD_yqjC_predicted,0.3333333333333333,2,2,GCTACTCGGGTATCAACCGT,0,5171223
yqjE_yqjK_yqjD_yqjC_predicted,0.3333333333333333,2,2,GCTACCTGTGGCGAAGGTCT,0,5262916
yqjE_yqjK_yqjD_yqjC_predicted,0.3333333333333333,2,2,GCTAAGAAAACTGCCCTGAA,0,5213720
yqjE_yqjK_yqjD_yqjC_predicted,0.3333333333333333,2,2,GCTAACACGGATTGAGGTTG,0,5172636
yqjE_yqjK_yqjD_yqjC_predicted,0.3333333333333333,2,2,GCTAAAGGGGTGCGTCAAGG,0,5247968
yqjE_yqjK_yqjD_yqjC_predicted,0.3333333333333333,2,2,GCGTTGCGAACATGTCATTA,0,5232912
yqjE_yqjK_yqjD_yqjC_predicted,0.3333333333333333,2,2,GCGTTCAAGGGCAAGGTGGT,0,5223959
yqjE_yqjK_yqjD_yqjC_predicted,0.3333333333333333,2,2,GCGTTATTTGCTATACAAAT,0,5206355
yqjE_yqjK_yqjD_yqjC_predicted,0.3333333333333333,2,2,GCGTTACCTCCTCGAGGTTA,0,5229458
yqjE_yqjK_yqjD_yqjC_predicted,0.3333333333333333,2,2,GCGTTAAGCAGTTCGGAGGA,0,5245054
yqjE_yqjK_yqjD_yqjC_predicted,0.3333333333333333,2,2,GCGTGCCCGTATCTTATGGA,0,5192509
yqjE_yqjK_yqjD_yqjC_predicted,0.3333333333333333,2,2,GCGTGCCACGAGCGTACCAA,0,5227943
yqjE_yqjK_yqjD_yqjC_predicted,0.3333333333333333,2,2,GCGTCTGACCTTGCTCGGAA,0,5216700
yqjE_yqjK_yqjD_yqjC_predicted,0.3333333333333333,2,2,GCGTCTCGACCTCTATATCC,0,5195933
yqjE_yqjK_yqjD_yqjC_predicted,0.3333333333333333,2,2,GCGTCCTTTGATAATCCGGC,0,5171628
yqjE_yqjK_yqjD_yqjC_predicted,0.3333333333333333,2,2,GCGTCCGCAGGGGGTTTTAG,0,5178164
yqjE_yqjK_yqjD_yqjC_predicted,0.3333333333333333,2,2,GCGTCAGAGCACAAGCTGCC,0,5204473
yqjE_yqjK_yqjD_yqjC_predicted,0.3333333333333333,2,2,GCGTATGTACCAGTTACGGA,0,5255999
yqjE_yqjK_yqjD_yqjC_predicted,0.3333333333333333,2,2,GCGTACACGTGTTAGACGAT,0,5219482
yqjE_yqjK_yqjD_yqjC_predicted,0.3333333333333333,2,2,GCGTAACGACATCTATAGCG,0,5249527
yqjE_yqjK_yqjD_yqjC_predicted,0.3333333333333333,2,2,GCGGTACCGCATGGCTACCA,0,5244497
yqjE_yqjK_yqjD_yqjC_predicted,0.3333333333333333,2,2,GCGGTACCGAGTCCCTCTAT,0,5230052
yqjE_yqjK_yqjD_yqjC_predicted,0.3333333333333333,2,2,GCGGTAATGCAGTGGAGATG,0,5198759
yqjE_yqjK_yqjD_yqjC_predicted,0.3333333333333333,2,2,GCGGGTAGATTATTTATATT,0,5210377
yqjE_yqjK_yqjD_yqjC_predicted,0.3333333333333333,2,2,GCGGGGCCGCTAGTTCCATG,0,5203914
yqjE_yqjK_yqjD_yqjC_predicted,0.3333333333333333,2,2,GCGGGCGTTCGTCCCGTCCA,0,5204715
yqjE_yqjK_yqjD_yqjC_predicted,0.3333333333333333,2,2,GCGGGAGAGGACGATCATAG,0,5250799
yqjE_yqjK_yqjD_yqjC_predicted,0.3333333333333333,2,2,GCGGGAACACGCGCAAACAT,0,5227260
yqjE_yqjK_yqjD_yqjC_predicted,0.3333333333333333,2,2,GCGGCTGAGCTGTGAACTCA,0,5235736
yqjE_yqjK_yqjD_yqjC_predicted,0.3333333333333333,2,2,GCGGCGCGATCGTGCATGAC,0,5222152
yqjE_yqjK_yqjD_yqjC_predicted,0.3333333333333333,2,2,GCGGCCAAGACTGCAAGCGA,0,5257100
yqjE_yqjK_yqjD_yqjC_predicted,0.3333333333333333,2,2,GCGGCACCAGTTACAAATCA,0,5254693
yqjE_yqjK_yqjD_yqjC_predicted,0.3333333333333333,2,2,GCGGATTGTTATTTTCATAA,0,5253003
yqjE_yqjK_yqjD_yqjC_predicted,0.3333333333333333,2,2,GCGGATCGCGATCTGTTCCA,0,5204378
yqjE_yqjK_yqjD_yqjC_predicted,0.3333333333333333,2,2,GCGGATAGTTGTGCACAATT,0,5256298
yqjE_yqjK_yqjD_yqjC_predicted,0.3333333333333333,2,2,GCGGACAGTACTGACTCGTG,0,5244421
yqjE_yqjK_yqjD_yqjC_predicted,0.3333333333333333,2,2,GCGGAATTCGCGCGGCCTGT,0,5197338
yqjE_yqjK_yqjD_yqjC_predicted,0.3333333333333333,2,2,GCGGAAGGCTAATGTCCAGG,0,5188185
yqjE_yqjK_yqjD_yqjC_predicted,0.3333333333333333,2,2,GCGCTTCTGGTACTAATAAT,0,5209889
yqjE_yqjK_yqjD_yqjC_predicted,0.3333333333333333,2,2,GCGCTGAAATAGTCCAAGAT,0,5228625
yqjE_yqjK_yqjD_yqjC_predicted,0.3333333333333333,2,2,GCGCGTGAACGGTCGTGCCT,0,5241062
yqjE_yqjK_yqjD_yqjC_predicted,0.3333333333333333,2,2,GCGCGGAATGTATGCGCTTC,0,5225215
yqjE_yqjK_yqjD_yqjC_predicted,0.3333333333333333,2,2,GCGCGACGCTTTCATTGCGA,0,5257219
yqjE_yqjK_yqjD_yqjC_predicted,0.3333333333333333,2,2,GCGCCTGGACGCGCCGAACT,0,5174580
yqjE_yqjK_yqjD_yqjC_predicted,0.3333333333333333,2,2,GCGCCGGTCGCGTCTGCACT,0,5240052
yqjE_yqjK_yqjD_yqjC_predicted,0.3333333333333333,2,2,GCGCCCGGGCCGTTCGTATG,0,5260435
yqjE_yqjK_yqjD_yqjC_predicted,0.3333333333333333,2,2,GCGCCACGTGCTCAATTTTT,0,5177580
yqjE_yqjK_yqjD_yqjC_predicted,0.3333333333333333,2,2,GCGCCAAGTATGAGCGGAAG,0,5203928
yqjE_yqjK_yqjD_yqjC_predicted,0.3333333333333333,2,2,GCGCAGCAAAATGCGCGTTA,0,5186549
yqjE_yqjK_yqjD_yqjC_predicted,0.3333333333333333,2,2,GCGATTCGATGCGAGTTGAG,0,5228948
yqjE_yqjK_yqjD_yqjC_predicted,0.3333333333333333,2,2,GCGATTATGACGTTTTTAAA,0,5212065
yqjE_yqjK_yqjD_yqjC_predicted,0.3333333333333333,2,2,GCGATCCACAGCCCTCAGCA,0,5203009
yqjE_yqjK_yqjD_yqjC_predicted,0.3333333333333333,2,2,GCGATAGGCATGTCACGTGC,0,5254137
yqjE_yqjK_yqjD_yqjC_predicted,0.3333333333333333,2,2,GCGAGTCTTGAATAAGTCCG,0,5178555
yqjE_yqjK_yqjD_yqjC_predicted,0.3333333333333333,2,2,GCGACGGATCGTCAACGGCG,0,5200578
yqjE_yqjK_yqjD_yqjC_predicted,0.3333333333333333,2,2,GCCTTGGTGTGCGTTAGCGC,0,5188500
yqjE_yqjK_yqjD_yqjC_predicted,0.3333333333333333,2,2,GCCTTCGAGAAGCATCCGAA,0,5250008
yqjE_yqjK_yqjD_yqjC_predicted,0.3333333333333333,2,2,GCCTGCTGGCTATCTTGCCT,0,5256073
yqjE_yqjK_yqjD_yqjC_predicted,0.3333333333333333,2,2,GCCTGATATTGGACTCCAGA,0,5203468
yqjE_yqjK_yqjD_yqjC_predicted,0.3333333333333333,2,2,GCCTGAACAATCAGACTAGG,0,5196037
yqjE_yqjK_yqjD_yqjC_predicted,0.3333333333333333,2,2,GCCTCTATAGCTGGATCCGA,0,5181185
yqjE_yqjK_yqjD_yqjC_predicted,0.3333333333333333,2,2,GCCTCGGACCTCCGATCTCT,0,5224885
yqjE_yqjK_yqjD_yqjC_predicted,0.3333333333333333,2,2,GCCTCCGTGTGAGATGACCC,0,5249524
yqjE_yqjK_yqjD_yqjC_predicted,0.3333333333333333,2,2,GCCTCACATTTACTCGGTAC,0,5249873
yqjE_yqjK_yqjD_yqjC_predicted,0.3333333333333333,2,2,GCCTAGTTGGGGAGCAATTT,0,5251595
yqjE_yqjK_yqjD_yqjC_predicted,0.3333333333333333,2,2,GCCTAGTGCAGTATGTTCAT,0,5248972
yqjE_yqjK_yqjD_yqjC_predicted,0.3333333333333333,2,2,GCCTAGGCACGAGCCGTATC,0,5174723
yqjE_yqjK_yqjD_yqjC_predicted,0.3333333333333333,2,2,GCCTACGTGTAGCTATTTGG,0,5239089
yqjE_yqjK_yqjD_yqjC_predicted,0.3333333333333333,2,2,GCCTACATGAACCTCTGAGC,0,5250722
yqjE_yqjK_yqjD_yqjC_predicted,0.3333333333333333,2,2,GCCTAAGTAGAGGTCAGACT,0,5261451
yqjE_yqjK_yqjD_yqjC_predicted,0.3333333333333333,2,2,GCCTAACCTGATGTCCGTAA,0,5195955
yqjE_yqjK_yqjD_yqjC_predicted,0.3333333333333333,2,2,GCCTAAAATACGTCGATTGC,0,5207839
yqjE_yqjK_yqjD_yqjC_predicted,0.3333333333333333,2,2,GCCGTGGGTTTTTGGAAGAG,0,5219755
yqjE_yqjK_yqjD_yqjC_predicted,0.3333333333333333,2,2,GCCGGGGGCTCACGCCCGCG,0,5230797
yqjE_yqjK_yqjD_yqjC_predicted,0.3333333333333333,2,2,GCCGGAACTCGGGACATGTG,0,5217697
yqjE_yqjK_yqjD_yqjC_predicted,0.3333333333333333,2,2,GCCGCCCTGACAACCACACT,0,5247155
yqjE_yqjK_yqjD_yqjC_predicted,0.3333333333333333,2,2,GCCGATCCGCGGCTTGAGAC,0,5176293
yqjE_yqjK_yqjD_yqjC_predicted,0.3333333333333333,2,2,GCCGAGTTCCCATAATACTG,0,5224526
yqjE_yqjK_yqjD_yqjC_predicted,0.3333333333333333,2,2,GCCGAGGGGATCTTGGAGTT,0,5177091
yqjE_yqjK_yqjD_yqjC_predicted,0.3333333333333333,2,2,GCCGAATCCCTAAAGACTGC,0,5173535
yqjE_yqjK_yqjD_yqjC_predicted,0.3333333333333333,2,2,GCCCTTCGCGCAGGCGTAAA,0,5262050
yqjE_yqjK_yqjD_yqjC_predicted,0.3333333333333333,2,2,GCCCTCTCAACCGTAAACGT,0,5250736
yqjE_yqjK_yqjD_yqjC_predicted,0.3333333333333333,2,2,GCCCTCCAGGTCCGGGTATC,0,5229962
yqjE_yqjK_yqjD_yqjC_predicted,0.3333333333333333,2,2,GCCCTCCAACAAACGAGTAA,0,5216133
yqjE_yqjK_yqjD_yqjC_predicted,0.3333333333333333,2,2,GCCCTCACAAGAGCTCACTG,0,5258896
yqjE_yqjK_yqjD_yqjC_predicted,0.3333333333333333,2,2,GCCCTAAGGAGCTGGAGTGT,0,5235961
yqjE_yqjK_yqjD_yqjC_predicted,0.3333333333333333,2,2,GCCCGATATTCGTTCACTCG,0,5178505
yqjE_yqjK_yqjD_yqjC_predicted,0.3333333333333333,2,2,GCCCCTGCATTTGCGATCCT,0,5215184
yqjE_yqjK_yqjD_yqjC_predicted,0.3333333333333333,2,2,GCCCATGTAAAATCTAGGAA,0,5258679
yqjE_yqjK_yqjD_yqjC_predicted,0.3333333333333333,2,2,GCCCATAGTAACATAGATGG,0,5176285
yqjE_yqjK_yqjD_yqjC_predicted,0.3333333333333333,2,2,GCCCACGTCGAAAGTGACTG,0,5253842
yqjE_yqjK_yqjD_yqjC_predicted,0.3333333333333333,2,2,GCCATGCAGTAGTCCGGATA,0,5187223
yqjE_yqjK_yqjD_yqjC_predicted,0.3333333333333333,2,2,GCCATATGCTCACCATTTAG,0,5229155
yqjE_yqjK_yqjD_yqjC_predicted,0.3333333333333333,2,2,GCCATAGTGGACTGTTGACT,0,5184821
yqjE_yqjK_yqjD_yqjC_predicted,0.3333333333333333,2,2,GCCATACAATGGGCCTACCC,0,5240826
yqjE_yqjK_yqjD_yqjC_predicted,0.3333333333333333,2,2,GCCAGTCTGACTGTCCGCCC,0,5172801
yqjE_yqjK_yqjD_yqjC_predicted,0.3333333333333333,2,2,GCCAGGCCTGGGCGTACTTC,0,5183523
yqjE_yqjK_yqjD_yqjC_predicted,0.3333333333333333,2,2,GCCAGGACGGGGCACAGCTT,0,5224176
yqjE_yqjK_yqjD_yqjC_predicted,0.3333333333333333,2,2,GCCAGCGCTGGGGACTGACC,0,5193244
yqjE_yqjK_yqjD_yqjC_predicted,0.3333333333333333,2,2,GCCAGAACTTTACTTGCCTT,0,5261436
yqjE_yqjK_yqjD_yqjC_predicted,0.3333333333333333,2,2,GCCACTGTAGTGGTAAATCT,0,5259346
yqjE_yqjK_yqjD_yqjC_predicted,0.3333333333333333,2,2,GCCACCATAGTCCTATAAAA,0,5196629
yqjE_yqjK_yqjD_yqjC_predicted,0.3333333333333333,2,2,GCCAATGTCTCACCCCGCCG,0,5188434
yqjE_yqjK_yqjD_yqjC_predicted,0.3333333333333333,2,2,GCCAATATCTCGACGCACTG,0,5236334
yqjE_yqjK_yqjD_yqjC_predicted,0.3333333333333333,2,2,GCCAAGAAATCGAGAATTAC,0,5216874
yqjE_yqjK_yqjD_yqjC_predicted,0.3333333333333333,2,2,GCCAACCCCTAATCGTTGTC,0,5216724
yqjE_yqjK_yqjD_yqjC_predicted,0.3333333333333333,2,2,GCATTTAGAAGTTTGGCCTA,0,5174272
yqjE_yqjK_yqjD_yqjC_predicted,0.3333333333333333,2,2,GCATTGCCAGCCAAGAGTCT,0,5242320
yqjE_yqjK_yqjD_yqjC_predicted,0.3333333333333333,2,2,GCATTATAGTGACATCAGTT,0,5209442
yqjE_yqjK_yqjD_yqjC_predicted,0.3333333333333333,2,2,GCATGTTCAGATGATGATGC,0,5196602
yqjE_yqjK_yqjD_yqjC_predicted,0.3333333333333333,2,2,GCATGGGAACTGTTCCACAT,0,5240601
yqjE_yqjK_yqjD_yqjC_predicted,0.3333333333333333,2,2,GCATGGATTTGTACACACTA,0,5209007
yqjE_yqjK_yqjD_yqjC_predicted,0.3333333333333333,2,2,GCATGCAGGGAGCCAACAAA,0,5208640
yqjE_yqjK_yqjD_yqjC_predicted,0.3333333333333333,2,2,GCATGATTGCAGAAAAACCC,0,5238842
yqjE_yqjK_yqjD_yqjC_predicted,0.3333333333333333,2,2,GCATCCAGTAGTGCCATAGG,0,5252510
yqjE_yqjK_yqjD_yqjC_predicted,0.3333333333333333,2,2,GCATATGGCCGATAACTTAA,0,5223375
yqjE_yqjK_yqjD_yqjC_predicted,0.3333333333333333,2,2,GCATACCGAAGCGGCCGGGA,0,5260032
yqjE_yqjK_yqjD_yqjC_predicted,0.3333333333333333,2,2,GCATAACCTTGACGACCACG,0,5254795
yqjE_yqjK_yqjD_yqjC_predicted,0.3333333333333333,2,2,GCAGTGGGTCAATAGCGGTG,0,5180536
yqjE_yqjK_yqjD_yqjC_predicted,0.3333333333333333,2,2,GCAGTATAGGAACATGAGCC,0,5244420
yqjE_yqjK_yqjD_yqjC_predicted,0.3333333333333333,2,2,GCAGGTAGTAGCCACTAAGA,0,5260111
yqjE_yqjK_yqjD_yqjC_predicted,0.3333333333333333,2,2,GCAGGGACATACCAATCCGT,0,5246078
yqjE_yqjK_yqjD_yqjC_predicted,0.3333333333333333,2,2,GCAGATAGATTTCTAGGAGT,0,5259033
yqjE_yqjK_yqjD_yqjC_predicted,0.3333333333333333,2,2,GCAGACGATGCAAGGACCTA,0,5228616
yqjE_yqjK_yqjD_yqjC_predicted,0.3333333333333333,2,2,GCAGAAGCGTTGCAGGAATT,0,5256761
yqjE_yqjK_yqjD_yqjC_predicted,0.3333333333333333,2,2,GCACTTGTTGTCTACCGGTA,0,5262326
yqjE_yqjK_yqjD_yqjC_predicted,0.3333333333333333,2,2,GCACTGTTTCAGCTATAGAA,0,5185694
yqjE_yqjK_yqjD_yqjC_predicted,0.3333333333333333,2,2,GCACTGTTAATCACCGAGTG,0,5222839
yqjE_yqjK_yqjD_yqjC_predicted,0.3333333333333333,2,2,GCACTCCACCTTGTCAGCCC,0,5192055
yqjE_yqjK_yqjD_yqjC_predicted,0.3333333333333333,2,2,GCACTATAAAACTTTTCGAC,0,5206567
yqjE_yqjK_yqjD_yqjC_predicted,0.3333333333333333,2,2,GCACGGTGTTTCCTGCGGGG,0,5250343
yqjE_yqjK_yqjD_yqjC_predicted,0.3333333333333333,2,2,GCACCGCCTCCCACGGTAAA,0,5238723
yqjE_yqjK_yqjD_yqjC_predicted,0.3333333333333333,2,2,GCACCAGCGTGGATGTTATA,0,5176624
yqjE_yqjK_yqjD_yqjC_predicted,0.3333333333333333,2,2,GCACCAGAGAGTGTTTATTC,0,5254611
yqjE_yqjK_yqjD_yqjC_predicted,0.3333333333333333,2,2,GCACATACTGGAGTGAGGGA,0,5222953
yqjE_yqjK_yqjD_yqjC_predicted,0.3333333333333333,2,2,GCACAGACGTCGTACGGATA,0,5262123
yqjE_yqjK_yqjD_yqjC_predicted,0.3333333333333333,2,2,GCACAGACGCGTAATAGTGG,0,5181601
yqjE_yqjK_yqjD_yqjC_predicted,0.3333333333333333,2,2,GCACAAAAGATGAGCGAAAC,0,5205129
yqjE_yqjK_yqjD_yqjC_predicted,0.3333333333333333,2,2,GCAATTATCGTGAGTTTAGA,0,5192942
yqjE_yqjK_yqjD_yqjC_predicted,0.3333333333333333,2,2,GCAATGGAGCCACACGATGT,0,5241694
yqjE_yqjK_yqjD_yqjC_predicted,0.3333333333333333,2,2,GCAATCCTAGAGTGTACTCA,0,5204456
yqjE_yqjK_yqjD_yqjC_predicted,0.3333333333333333,2,2,GCAATAGTGCCTTAGATGCT,0,5196210
yqjE_yqjK_yqjD_yqjC_predicted,0.3333333333333333,2,2,GCAACTTATGCATTACCTGA,0,5261072
yqjE_yqjK_yqjD_yqjC_predicted,0.3333333333333333,2,2,GCAACGGTGATACTGAGGTT,0,5233122
yqjE_yqjK_yqjD_yqjC_predicted,0.3333333333333333,2,2,GCAACATGACGAGTATCTCT,0,5260052
yqjE_yqjK_yqjD_yqjC_predicted,0.3333333333333333,2,2,GCAACATCAGCCAAATAGTC,0,5259696
yqjE_yqjK_yqjD_yqjC_predicted,0.3333333333333333,2,2,GCAAATTAGACGGGGGGCTC,0,5185921
yqjE_yqjK_yqjD_yqjC_predicted,0.3333333333333333,2,2,GCAAATGCTTCGAAGTACTG,0,5256461
yqjE_yqjK_yqjD_yqjC_predicted,0.3333333333333333,2,2,GCAAAGCTTTGACAGGAACT,0,5218829
yqjE_yqjK_yqjD_yqjC_predicted,0.3333333333333333,2,2,GCAAAGCGTGACGGTGGAAC,0,5234404
yqjE_yqjK_yqjD_yqjC_predicted,0.3333333333333333,2,2,GCAAAGAGATAGAGCGCGCT,0,5223789
yqjE_yqjK_yqjD_yqjC_predicted,0.3333333333333333,2,2,GATTTTTCCATTAAATGCAT,0,5218739
yqjE_yqjK_yqjD_yqjC_predicted,0.3333333333333333,2,2,GATTTGAAGCGAACCCTGTA,0,5233927
yqjE_yqjK_yqjD_yqjC_predicted,0.3333333333333333,2,2,GATTTCGACCAAGCATAGAA,0,5198720
yqjE_yqjK_yqjD_yqjC_predicted,0.3333333333333333,2,2,GATTTCCTCACACGCGATTT,0,5200325
yqjE_yqjK_yqjD_yqjC_predicted,0.3333333333333333,2,2,GATTTCCGCAATACGCCATC,0,5252842
yqjE_yqjK_yqjD_yqjC_predicted,0.3333333333333333,2,2,GATTTACTAGGGCGAAGCCA,0,5233272
yqjE_yqjK_yqjD_yqjC_predicted,0.3333333333333333,2,2,GATTTAAGTTACCTGCTACT,0,5252186
yqjE_yqjK_yqjD_yqjC_predicted,0.3333333333333333,2,2,GATTGTTGCCCCTAACCTGC,0,5260475
yqjE_yqjK_yqjD_yqjC_predicted,0.3333333333333333,2,2,GATTGTGCCGTTCATAGGCA,0,5201921
yqjE_yqjK_yqjD_yqjC_predicted,0.3333333333333333,2,2,GATTGGTCGCTTGGGTACAA,0,5234083
yqjE_yqjK_yqjD_yqjC_predicted,0.3333333333333333,2,2,GATTGGGGTTGTCGGCAGGA,0,5254042
yqjE_yqjK_yqjD_yqjC_predicted,0.3333333333333333,2,2,GATTGCGTTCTAGACGTGTA,0,5252592
yqjE_yqjK_yqjD_yqjC_predicted,0.3333333333333333,2,2,GATTGATGGTGTCTGCGGCA,0,5245631
yqjE_yqjK_yqjD_yqjC_predicted,0.3333333333333333,2,2,GATTGATATGCGAGCGCGGC,0,5254192
yqjE_yqjK_yqjD_yqjC_predicted,0.3333333333333333,2,2,GATTCCTCATAAGATGATTT,0,5187313
yqjE_yqjK_yqjD_yqjC_predicted,0.3333333333333333,2,2,GATTCAATACTAGCATATGT,0,5200810
yqjE_yqjK_yqjD_yqjC_predicted,0.3333333333333333,2,2,GATTAGTCGAGGTAGTGTTT,0,5223693
yqjE_yqjK_yqjD_yqjC_predicted,0.3333333333333333,2,2,GATGTGTAACAAGCTGGAAT,0,5190674
yqjE_yqjK_yqjD_yqjC_predicted,0.3333333333333333,2,2,GATGGTGCTACTCCAACATG,0,5209725
yqjE_yqjK_yqjD_yqjC_predicted,0.3333333333333333,2,2,GATGGGCCGTACGAGGGGGG,0,5175098
yqjE_yqjK_yqjD_yqjC_predicted,0.3333333333333333,2,2,GATGGGAGACCCGCGGTCTC,0,5198453
yqjE_yqjK_yqjD_yqjC_predicted,0.3333333333333333,2,2,GATGCGCCATCCTGTCGCGC,0,5233916
yqjE_yqjK_yqjD_yqjC_predicted,0.3333333333333333,2,2,GATGACGCTGCCTCGGCGCA,0,5178371
yqjE_yqjK_yqjD_yqjC_predicted,0.3333333333333333,2,2,GATGACAGTTGTGGGCGGCC,0,5259330
yqjE_yqjK_yqjD_yqjC_predicted,0.3333333333333333,2,2,GATGAAGGGTCTTTACGAGT,0,5177795
yqjE_yqjK_yqjD_yqjC_predicted,0.3333333333333333,2,2,GATCTTTACCCATACACGGC,0,5258761
yqjE_yqjK_yqjD_yqjC_predicted,0.3333333333333333,2,2,GATCTTCTGTCAGTTGTTGC,0,5192630
yqjE_yqjK_yqjD_yqjC_predicted,0.3333333333333333,2,2,GATCTGCCGTGCTTTTTCGC,0,5190816
yqjE_yqjK_yqjD_yqjC_predicted,0.3333333333333333,2,2,GATCTCCCTAGCACCCGCCA,0,5175942
yqjE_yqjK_yqjD_yqjC_predicted,0.3333333333333333,2,2,GATCTAAATGAAATTAGTAT,0,5246261
yqjE_yqjK_yqjD_yqjC_predicted,0.3333333333333333,2,2,GATCGTCTTTGACGTGCTCT,0,5185906
yqjE_yqjK_yqjD_yqjC_predicted,0.3333333333333333,2,2,GATCGGAGTGTACATCGAAG,0,5221517
yqjE_yqjK_yqjD_yqjC_predicted,0.3333333333333333,2,2,GATCGCCTATCACACGCAAT,0,5236368
yqjE_yqjK_yqjD_yqjC_predicted,0.3333333333333333,2,2,GATCGATAGCGGACCAATAG,0,5217160
yqjE_yqjK_yqjD_yqjC_predicted,0.3333333333333333,2,2,GATCGACAGTCAGAGGCCCC,0,5188483
yqjE_yqjK_yqjD_yqjC_predicted,0.3333333333333333,2,2,GATCCTTTAATCGGTTCCTT,0,5172763
yqjE_yqjK_yqjD_yqjC_predicted,0.3333333333333333,2,2,GATCCTAGGATGTAGGGTTG,0,5247339
yqjE_yqjK_yqjD_yqjC_predicted,0.3333333333333333,2,2,GATCCGTGTGATACCGGTGG,0,5198361
yqjE_yqjK_yqjD_yqjC_predicted,0.3333333333333333,2,2,GATCCCTGGTGAGCTGCACA,0,5189714
yqjE_yqjK_yqjD_yqjC_predicted,0.3333333333333333,2,2,GATCCCGCACAAAACTTTTC,0,5223736
yqjE_yqjK_yqjD_yqjC_predicted,0.3333333333333333,2,2,GATATAGGGACTCATGCCAG,0,5180029
yqjE_yqjK_yqjD_yqjC_predicted,0.3333333333333333,2,2,GATAGTCGGCGTGATTTGTT,0,5205237
yqjE_yqjK_yqjD_yqjC_predicted,0.3333333333333333,2,2,GATAGCTTCGGCTTTTGCCA,0,5186062
yqjE_yqjK_yqjD_yqjC_predicted,0.3333333333333333,2,2,GATAGCTATCCAATCCCTGT,0,5183223
yqjE_yqjK_yqjD_yqjC_predicted,0.3333333333333333,2,2,GATACTCTCGAGTCACGGAG,0,5176810
yqjE_yqjK_yqjD_yqjC_predicted,0.3333333333333333,2,2,GATAATGGGTCAGGGGTGTG,0,5217973
yqjE_yqjK_yqjD_yqjC_predicted,0.3333333333333333,2,2,GATAATCGGGAACCGTCTGT,0,5201891
yqjE_yqjK_yqjD_yqjC_predicted,0.3333333333333333,2,2,GAGTTTCCGCTGTGAAGGCC,0,5203364
yqjE_yqjK_yqjD_yqjC_predicted,0.3333333333333333,2,2,GAGTTGGGGCAAACTCCACG,0,5226129
yqjE_yqjK_yqjD_yqjC_predicted,0.3333333333333333,2,2,GAGTTGGCTACTCAATCCTG,0,5237926
yqjE_yqjK_yqjD_yqjC_predicted,0.3333333333333333,2,2,GAGTTCGCGTACCATTGGGT,0,5184222
yqjE_yqjK_yqjD_yqjC_predicted,0.3333333333333333,2,2,GAGTTCGATCCACACCAGGC,0,5245425
yqjE_yqjK_yqjD_yqjC_predicted,0.3333333333333333,2,2,GAGTTATATGGGTGGAGGTA,0,5240269
yqjE_yqjK_yqjD_yqjC_predicted,0.3333333333333333,2,2,GAGTTATAATATGTTCAAAT,0,5247812
yqjE_yqjK_yqjD_yqjC_predicted,0.3333333333333333,2,2,GAGTTACGCTTTGCCCGTAC,0,5214417
yqjE_yqjK_yqjD_yqjC_predicted,0.3333333333333333,2,2,GAGTGTTTGGAATGTTTCAA,0,5180178
yqjE_yqjK_yqjD_yqjC_predicted,0.3333333333333333,2,2,GAGTCTGAAATACAGAAGAG,0,5173620
yqjE_yqjK_yqjD_yqjC_predicted,0.3333333333333333,2,2,GAGTCAGGTGATAGGGCCGG,0,5220578
yqjE_yqjK_yqjD_yqjC_predicted,0.3333333333333333,2,2,GAGTCACCAGCATTTATAAG,0,5228036
yqjE_yqjK_yqjD_yqjC_predicted,0.3333333333333333,2,2,GAGTAGAGATGGTCGGTTGC,0,5212180
yqjE_yqjK_yqjD_yqjC_predicted,0.3333333333333333,2,2,GAGGTTCGTAGAGATCTCGG,0,5174009
yqjE_yqjK_yqjD_yqjC_predicted,0.3333333333333333,2,2,GAGGGGGCCAGCGATATTCT,0,5248034
yqjE_yqjK_yqjD_yqjC_predicted,0.3333333333333333,2,2,GAGGGCGCATACGATTCGCA,0,5189957
yqjE_yqjK_yqjD_yqjC_predicted,0.3333333333333333,2,2,GAGGGATCAGCTAGGAGACC,0,5209956
yqjE_yqjK_yqjD_yqjC_predicted,0.3333333333333333,2,2,GAGGCTATCTATCGTGTATT,0,5260398
yqjE_yqjK_yqjD_yqjC_predicted,0.3333333333333333,2,2,GAGGCGCAATCGCTTAATTG,0,5244875
yqjE_yqjK_yqjD_yqjC_predicted,0.3333333333333333,2,2,GAGGCACTTCCCAGTAGGTC,0,5232702
yqjE_yqjK_yqjD_yqjC_predicted,0.3333333333333333,2,2,GAGGCACCCTCAACGGCAGG,0,5211329
yqjE_yqjK_yqjD_yqjC_predicted,0.3333333333333333,2,2,GAGGATTTACGGCTTCGGGA,0,5207387
yqjE_yqjK_yqjD_yqjC_predicted,0.3333333333333333,2,2,GAGGATGGAGCTACGAGGTG,0,5235040
yqjE_yqjK_yqjD_yqjC_predicted,0.3333333333333333,2,2,GAGGATCGCGATTTAAGTAT,0,5183719
yqjE_yqjK_yqjD_yqjC_predicted,0.3333333333333333,2,2,GAGGATATGGCGAGATATAT,0,5223780
yqjE_yqjK_yqjD_yqjC_predicted,0.3333333333333333,2,2,GAGGATAGATTATAGGGGCA,0,5173069
yqjE_yqjK_yqjD_yqjC_predicted,0.3333333333333333,2,2,GAGGATAGACACTCCACAGC,0,5183446
yqjE_yqjK_yqjD_yqjC_predicted,0.3333333333333333,2,2,GAGGAGCCCATCCTTACCTG,0,5228847
yqjE_yqjK_yqjD_yqjC_predicted,0.3333333333333333,2,2,GAGGAGCAGTTTTTGAGCGT,0,5235352
yqjE_yqjK_yqjD_yqjC_predicted,0.3333333333333333,2,2,GAGGACTCAATGCCATCTGT,0,5242609
yqjE_yqjK_yqjD_yqjC_predicted,0.3333333333333333,2,2,GAGGAACATAGATCGAACGC,0,5187379
yqjE_yqjK_yqjD_yqjC_predicted,0.3333333333333333,2,2,GAGCTGTGCACTATGCCTCT,0,5207663
yqjE_yqjK_yqjD_yqjC_predicted,0.3333333333333333,2,2,GAGCTCGTGCCGGGTTAAAC,0,5237364
yqjE_yqjK_yqjD_yqjC_predicted,0.3333333333333333,2,2,GAGCTCGTACAACGCAGTGG,0,5176413
yqjE_yqjK_yqjD_yqjC_predicted,0.3333333333333333,2,2,GAGCTAATTCACGGCCAGAG,0,5252020
yqjE_yqjK_yqjD_yqjC_predicted,0.3333333333333333,2,2,GAGCGGTACGTCTGAATTAT,0,5253037
yqjE_yqjK_yqjD_yqjC_predicted,0.3333333333333333,2,2,GAGCGCCGGGCAACTTGCCG,0,5207486
yqjE_yqjK_yqjD_yqjC_predicted,0.3333333333333333,2,2,GAGCGCCACCCCGTATCGGG,0,5226549
yqjE_yqjK_yqjD_yqjC_predicted,0.3333333333333333,2,2,GAGCCCCTTGAATTTTGTCG,0,5222638
yqjE_yqjK_yqjD_yqjC_predicted,0.3333333333333333,2,2,GAGCCCCAACAAGGTTACTG,0,5225259
yqjE_yqjK_yqjD_yqjC_predicted,0.3333333333333333,2,2,GAGCCATTGAGCTGGGCAAC,0,5172033
yqjE_yqjK_yqjD_yqjC_predicted,0.3333333333333333,2,2,GAGCATTTGGGAGCAAACGT,0,5235825
yqjE_yqjK_yqjD_yqjC_predicted,0.3333333333333333,2,2,GAGCATCGGATACCCCAGGG,0,5213959
yqjE_yqjK_yqjD_yqjC_predicted,0.3333333333333333,2,2,GAGCATACTGTACTTTGCAA,0,5241739
yqjE_yqjK_yqjD_yqjC_predicted,0.3333333333333333,2,2,GAGCAGCAGTAGAACTCCCC,0,5249682
yqjE_yqjK_yqjD_yqjC_predicted,0.3333333333333333,2,2,GAGCAGAGAGGCATCTTTTG,0,5172472
yqjE_yqjK_yqjD_yqjC_predicted,0.3333333333333333,2,2,GAGCACGACCAGGAAGCGGC,0,5201058
yqjE_yqjK_yqjD_yqjC_predicted,0.3333333333333333,2,2,GAGATTTTGGGTATTGTGTG,0,5218947
yqjE_yqjK_yqjD_yqjC_predicted,0.3333333333333333,2,2,GAGATTAATGAGTGCGGTTC,0,5200107
yqjE_yqjK_yqjD_yqjC_predicted,0.3333333333333333,2,2,GAGATAATATGCTCATCCGT,0,5180298
yqjE_yqjK_yqjD_yqjC_predicted,0.3333333333333333,2,2,GAGAGTAGGAGGGGGCTCTA,0,5219606
yqjE_yqjK_yqjD_yqjC_predicted,0.3333333333333333,2,2,GAGAGGCATGGTTACGGTAA,0,5247631
yqjE_yqjK_yqjD_yqjC_predicted,0.3333333333333333,2,2,GAGAGATACGGCAACTTTAA,0,5221413
yqjE_yqjK_yqjD_yqjC_predicted,0.3333333333333333,2,2,GAGACGGTGGGCCGCGTTCA,0,5193535
yqjE_yqjK_yqjD_yqjC_predicted,0.3333333333333333,2,2,GAGACCTCATCCGTTCCACC,0,5188217
yqjE_yqjK_yqjD_yqjC_predicted,0.3333333333333333,2,2,GAGACAGTTCACTCATGCTG,0,5231188
yqjE_yqjK_yqjD_yqjC_predicted,0.3333333333333333,2,2,GAGAAATTTTTACTTTAGTA,0,5241263
yqjE_yqjK_yqjD_yqjC_predicted,0.3333333333333333,2,2,GAGAAAATCGCGCTTGTCTC,0,5205857
yqjE_yqjK_yqjD_yqjC_predicted,0.3333333333333333,2,2,GACTTTTGTGCGCAGAGGTT,0,5199698
yqjE_yqjK_yqjD_yqjC_predicted,0.3333333333333333,2,2,GACTTTCGTATACATTGGTA,0,5237846
yqjE_yqjK_yqjD_yqjC_predicted,0.3333333333333333,2,2,GACTTGAACTGTCGGTCCAT,0,5175023
yqjE_yqjK_yqjD_yqjC_predicted,0.3333333333333333,2,2,GACTTCCCCGAAGGTACGTT,0,5206043
yqjE_yqjK_yqjD_yqjC_predicted,0.3333333333333333,2,2,GACTTCAGTACATATCTAGT,0,5175867
yqjE_yqjK_yqjD_yqjC_predicted,0.3333333333333333,2,2,GACTTAAAGTGCTCCCCCAC,0,5203443
yqjE_yqjK_yqjD_yqjC_predicted,0.3333333333333333,2,2,GACTGGGCGATCCATTGAAC,0,5202245
yqjE_yqjK_yqjD_yqjC_predicted,0.3333333333333333,2,2,GACTCTCGGTCTCGTGGTCC,0,5228817
yqjE_yqjK_yqjD_yqjC_predicted,0.3333333333333333,2,2,GACTCTCCTGTTGAGGATTG,0,5196816
yqjE_yqjK_yqjD_yqjC_predicted,0.3333333333333333,2,2,GACTCCCAGTAAGGATATAA,0,5260004
yqjE_yqjK_yqjD_yqjC_predicted,0.3333333333333333,2,2,GACTATATTTTGAATCTCAG,0,5210692
yqjE_yqjK_yqjD_yqjC_predicted,0.3333333333333333,2,2,GACTATACACTTACCCTACG,0,5204985
yqjE_yqjK_yqjD_yqjC_predicted,0.3333333333333333,2,2,GACGTTGAGTCCAGATGTAA,0,5249662
yqjE_yqjK_yqjD_yqjC_predicted,0.3333333333333333,2,2,GACGTTCATTGCTATCGCGA,0,5214038
yqjE_yqjK_yqjD_yqjC_predicted,0.3333333333333333,2,2,GACGTGCGCTGCCCACGCGA,0,5208293
yqjE_yqjK_yqjD_yqjC_predicted,0.3333333333333333,2,2,GACGTAGGCTCAAGGCACAA,0,5206506
yqjE_yqjK_yqjD_yqjC_predicted,0.3333333333333333,2,2,GACGGGATCTTAAACGGTTT,0,5204032
yqjE_yqjK_yqjD_yqjC_predicted,0.3333333333333333,2,2,GACGGAGCCCGGACGGCTCA,0,5219977
yqjE_yqjK_yqjD_yqjC_predicted,0.3333333333333333,2,2,GACGAACTGCTTGGGGCCTT,0,5197314
yqjE_yqjK_yqjD_yqjC_predicted,0.3333333333333333,2,2,GACCTATTGTTGGGATAGAA,0,5194749
yqjE_yqjK_yqjD_yqjC_predicted,0.3333333333333333,2,2,GACCTAAGTCCTTTCATCTC,0,5250738
yqjE_yqjK_yqjD_yqjC_predicted,0.3333333333333333,2,2,GACCGATTAACGTCGCGGTA,0,5228070
yqjE_yqjK_yqjD_yqjC_predicted,0.3333333333333333,2,2,GACCGAGCATTTTGCCTCGA,0,5205630
yqjE_yqjK_yqjD_yqjC_predicted,0.3333333333333333,2,2,GACCCTTACGATAAAATAAT,0,5179004
yqjE_yqjK_yqjD_yqjC_predicted,0.3333333333333333,2,2,GACCCGGATGACCGATAAGA,0,5217712
yqjE_yqjK_yqjD_yqjC_predicted,0.3333333333333333,2,2,GACCCGGAATGACGTCTGGT,0,5186608
yqjE_yqjK_yqjD_yqjC_predicted,0.3333333333333333,2,2,GACCCCATGGATCTTAATGC,0,5254139
yqjE_yqjK_yqjD_yqjC_predicted,0.3333333333333333,2,2,GACCCACCTAAATCGAGTCT,0,5224955
yqjE_yqjK_yqjD_yqjC_predicted,0.3333333333333333,2,2,GACCATTGATCGCCAATCTT,0,5205608
yqjE_yqjK_yqjD_yqjC_predicted,0.3333333333333333,2,2,GACCATGTCTAAGATCGGAT,0,5214215
yqjE_yqjK_yqjD_yqjC_predicted,0.3333333333333333,2,2,GACCAGACGGTACCCGTTAT,0,5197549
yqjE_yqjK_yqjD_yqjC_predicted,0.3333333333333333,2,2,GACATTCGAGCATCCCGCGG,0,5224092
yqjE_yqjK_yqjD_yqjC_predicted,0.3333333333333333,2,2,GACATTACCCCGAACCCGGC,0,5178727
yqjE_yqjK_yqjD_yqjC_predicted,0.3333333333333333,2,2,GACATCGTACGCGGAAACCC,0,5249944
yqjE_yqjK_yqjD_yqjC_predicted,0.3333333333333333,2,2,GACAGTCTTCGTATGAGTGC,0,5177866
yqjE_yqjK_yqjD_yqjC_predicted,0.3333333333333333,2,2,GACAGTCGGCCATGCCAAAT,0,5241133
yqjE_yqjK_yqjD_yqjC_predicted,0.3333333333333333,2,2,GACACTAAGAAACAGGAATC,0,5262426
yqjE_yqjK_yqjD_yqjC_predicted,0.3333333333333333,2,2,GACACCACCATACAGTGCCT,0,5227269
yqjE_yqjK_yqjD_yqjC_predicted,0.3333333333333333,2,2,GAATTTGCACGTACCGGAAT,0,5196904
yqjE_yqjK_yqjD_yqjC_predicted,0.3333333333333333,2,2,GAATTGGCGGGGTGACTTGC,0,5226025
yqjE_yqjK_yqjD_yqjC_predicted,0.3333333333333333,2,2,GAATTCTAACATCGAGTAAG,0,5181152
yqjE_yqjK_yqjD_yqjC_predicted,0.3333333333333333,2,2,GAATTCATCCCTTCGGATTC,0,5192838
yqjE_yqjK_yqjD_yqjC_predicted,0.3333333333333333,2,2,GAATTCACACACATTATTGG,0,5233410
yqjE_yqjK_yqjD_yqjC_predicted,0.3333333333333333,2,2,GAATTAGAGATATACGGGGG,0,5179225
yqjE_yqjK_yqjD_yqjC_predicted,0.3333333333333333,2,2,GAATGTGGTATAAAAACAAG,0,5182581
yqjE_yqjK_yqjD_yqjC_predicted,0.3333333333333333,2,2,GAATGTGCTCTTCGACGGAA,0,5257282
yqjE_yqjK_yqjD_yqjC_predicted,0.3333333333333333,2,2,GAATGGATCATATCGGTGAG,0,5239538
yqjE_yqjK_yqjD_yqjC_predicted,0.3333333333333333,2,2,GAATGGATAAATTTCAGTAC,0,5247069
yqjE_yqjK_yqjD_yqjC_predicted,0.3333333333333333,2,2,GAATGATTGAAACGTTTCTT,0,5188593
yqjE_yqjK_yqjD_yqjC_predicted,0.3333333333333333,2,2,GAATGATTCCCTTGGCCAGC,0,5260308
yqjE_yqjK_yqjD_yqjC_predicted,0.3333333333333333,2,2,GAATGACTGAATTGCCATAG,0,5194222
yqjE_yqjK_yqjD_yqjC_predicted,0.3333333333333333,2,2,GAATCGAGTGACGTCCTCGC,0,5183379
yqjE_yqjK_yqjD_yqjC_predicted,0.3333333333333333,2,2,GAATCCAAAATACGTTCACA,0,5173315
yqjE_yqjK_yqjD_yqjC_predicted,0.3333333333333333,2,2,GAATAGAGTTAGGTCGCAAC,0,5177092
yqjE_yqjK_yqjD_yqjC_predicted,0.3333333333333333,2,2,GAATAAGCCTAGGATGGCGC,0,5232142
yqjE_yqjK_yqjD_yqjC_predicted,0.3333333333333333,2,2,GAATAAGATATGCTGGACAA,0,5201964
yqjE_yqjK_yqjD_yqjC_predicted,0.3333333333333333,2,2,GAAGTTTGCGCCGACGCTGG,0,5258485
yqjE_yqjK_yqjD_yqjC_predicted,0.3333333333333333,2,2,GAAGTTCGTCTCACGGTTTT,0,5243058
yqjE_yqjK_yqjD_yqjC_predicted,0.3333333333333333,2,2,GAAGTCGATCATTTTACATC,0,5239773
yqjE_yqjK_yqjD_yqjC_predicted,0.3333333333333333,2,2,GAAGTCCGCGGCGTGGCTAG,0,5186503
yqjE_yqjK_yqjD_yqjC_predicted,0.3333333333333333,2,2,GAAGTCCATTGGTTACCAAA,0,5175064
yqjE_yqjK_yqjD_yqjC_predicted,0.3333333333333333,2,2,GAAGGTTTACTATCACGTTA,0,5208796
yqjE_yqjK_yqjD_yqjC_predicted,0.3333333333333333,2,2,GAAGGGCTGGGCCTCCTCGT,0,5228819
yqjE_yqjK_yqjD_yqjC_predicted,0.3333333333333333,2,2,GAAGGACTATGATATACTAG,0,5239903
yqjE_yqjK_yqjD_yqjC_predicted,0.3333333333333333,2,2,GAAGCTTTGGAAATTCATCG,0,5214847
yqjE_yqjK_yqjD_yqjC_predicted,0.3333333333333333,2,2,GAAGCGCCCCGGTAAATCAA,0,5187137
yqjE_yqjK_yqjD_yqjC_predicted,0.3333333333333333,2,2,GAAGCCCCGAAGCGCGTTTG,0,5249695
yqjE_yqjK_yqjD_yqjC_predicted,0.3333333333333333,2,2,GAAGATTAGTACCAATCCCC,0,5227438
yqjE_yqjK_yqjD_yqjC_predicted,0.3333333333333333,2,2,GAAGAGGTCAGCCAGTGCCA,0,5240597
yqjE_yqjK_yqjD_yqjC_predicted,0.3333333333333333,2,2,GAAGAGGAGAGCGCCGCGGC,0,5178519
yqjE_yqjK_yqjD_yqjC_predicted,0.3333333333333333,2,2,GAAGAATGGAATATTAGAAT,0,5244643
yqjE_yqjK_yqjD_yqjC_predicted,0.3333333333333333,2,2,GAAGAAGGTTGAATCCTTAA,0,5197208
yqjE_yqjK_yqjD_yqjC_predicted,0.3333333333333333,2,2,GAAGAAAACAATGATTGGGT,0,5192066
yqjE_yqjK_yqjD_yqjC_predicted,0.3333333333333333,2,2,GAACTTGACAGGGCTTACGT,0,5208281
yqjE_yqjK_yqjD_yqjC_predicted,0.3333333333333333,2,2,GAACTGCCTAAGGGGTGCTT,0,5201220
yqjE_yqjK_yqjD_yqjC_predicted,0.3333333333333333,2,2,GAACTATCGTAAGAAGAGTT,0,5199212
yqjE_yqjK_yqjD_yqjC_predicted,0.3333333333333333,2,2,GAACTAAACAGGTAGCGGCG,0,5237925
yqjE_yqjK_yqjD_yqjC_predicted,0.3333333333333333,2,2,GAACGAGTGCAAGTCTCTCT,0,5217919
yqjE_yqjK_yqjD_yqjC_predicted,0.3333333333333333,2,2,GAACCTGCCAGACGCATCGT,0,5191570
yqjE_yqjK_yqjD_yqjC_predicted,0.3333333333333333,2,2,GAACCCATTCGTATAATAAA,0,5229267
yqjE_yqjK_yqjD_yqjC_predicted,0.3333333333333333,2,2,GAACAGGTTCTGGCAACGGT,0,5248857
yqjE_yqjK_yqjD_yqjC_predicted,0.3333333333333333,2,2,GAAATCTTACTTTCAGGCGG,0,5236386
yqjE_yqjK_yqjD_yqjC_predicted,0.3333333333333333,2,2,GAAATCGTGATGTTGGATCG,0,5245806
yqjE_yqjK_yqjD_yqjC_predicted,0.3333333333333333,2,2,GAAATCACTAAATTACGGCA,0,5252017
yqjE_yqjK_yqjD_yqjC_predicted,0.3333333333333333,2,2,GAAATAGGTGGACTATAGTT,0,5227519
yqjE_yqjK_yqjD_yqjC_predicted,0.3333333333333333,2,2,GAAAGTGCCCCGCCGACCGG,0,5239817
yqjE_yqjK_yqjD_yqjC_predicted,0.3333333333333333,2,2,GAAAGATATTCTGGCTCGAC,0,5177084
yqjE_yqjK_yqjD_yqjC_predicted,0.3333333333333333,2,2,GAAAGACTCGTGCCCCGATA,0,5261801
yqjE_yqjK_yqjD_yqjC_predicted,0.3333333333333333,2,2,GAAACTCTGATCGGGCCACG,0,5224026
yqjE_yqjK_yqjD_yqjC_predicted,0.3333333333333333,2,2,GAAACGCATGATTCCGCCAT,0,5236066
yqjE_yqjK_yqjD_yqjC_predicted,0.3333333333333333,2,2,GAAACCGTGTTTTACCGATG,0,5247864
yqjE_yqjK_yqjD_yqjC_predicted,0.3333333333333333,2,2,GAAACCAGGCCACGAATTGT,0,5203775
yqjE_yqjK_yqjD_yqjC_predicted,0.3333333333333333,2,2,GAAACAGGATAGATGAATAG,0,5212053
yqjE_yqjK_yqjD_yqjC_predicted,0.3333333333333333,2,2,GAAAAGCTACCACGGCAGGC,0,5249730
yqjE_yqjK_yqjD_yqjC_predicted,0.3333333333333333,2,2,GAAAAGAGAAAGGGTTCTGC,0,5242151
yqjE_yqjK_yqjD_yqjC_predicted,0.3333333333333333,2,2,CTTTTTCTTAGATTTCCATG,0,5209972
yqjE_yqjK_yqjD_yqjC_predicted,0.3333333333333333,2,2,CTTTTGGGCGTAAGTAGTCA,0,5229045
yqjE_yqjK_yqjD_yqjC_predicted,0.3333333333333333,2,2,CTTTTGGCATGTACGATTCA,0,5258355
yqjE_yqjK_yqjD_yqjC_predicted,0.3333333333333333,2,2,CTTTTAGGTTACGGTTTATT,0,5237310
yqjE_yqjK_yqjD_yqjC_predicted,0.3333333333333333,2,2,CTTTGTGGAGTTCAATTGGA,0,5229600
yqjE_yqjK_yqjD_yqjC_predicted,0.3333333333333333,2,2,CTTTGTCACAACGACTCGTC,0,5225095
yqjE_yqjK_yqjD_yqjC_predicted,0.3333333333333333,2,2,CTTTGGTTGGACAGAAATCC,0,5249589
yqjE_yqjK_yqjD_yqjC_predicted,0.3333333333333333,2,2,CTTTGCGATTTACCTAGATT,0,5194009
yqjE_yqjK_yqjD_yqjC_predicted,0.3333333333333333,2,2,CTTTGCGACATCCCCAATTC,0,5254348
yqjE_yqjK_yqjD_yqjC_predicted,0.3333333333333333,2,2,CTTTGCAGAGCGCGCGCGGC,0,5239690
yqjE_yqjK_yqjD_yqjC_predicted,0.3333333333333333,2,2,CTTTGATTGCCGTGCAGCCC,0,5204360
yqjE_yqjK_yqjD_yqjC_predicted,0.3333333333333333,2,2,CTTTCTTTATGCCATGTCTC,0,5185863
yqjE_yqjK_yqjD_yqjC_predicted,0.3333333333333333,2,2,CTTTCGATGACAGCCTGTGG,0,5200007
yqjE_yqjK_yqjD_yqjC_predicted,0.3333333333333333,2,2,CTTTCAATATACCGCTCACG,0,5259820
yqjE_yqjK_yqjD_yqjC_predicted,0.3333333333333333,2,2,CTTTATGCTTACGCGGGTTA,0,5253190
yqjE_yqjK_yqjD_yqjC_predicted,0.3333333333333333,2,2,CTTTAGCGTGACTATAGGTA,0,5198063
yqjE_yqjK_yqjD_yqjC_predicted,0.3333333333333333,2,2,CTTTAATGTTCTCTAATAAG,0,5175698
yqjE_yqjK_yqjD_yqjC_predicted,0.3333333333333333,2,2,CTTGTCCAATGTCTGGCGGA,0,5245123
yqjE_yqjK_yqjD_yqjC_predicted,0.3333333333333333,2,2,CTTGTATCTCAGTAGGATTA,0,5235969
yqjE_yqjK_yqjD_yqjC_predicted,0.3333333333333333,2,2,CTTGGTTAAAGGTCGGGAGA,0,5251026
yqjE_yqjK_yqjD_yqjC_predicted,0.3333333333333333,2,2,CTTGGCCTTACAAATTGATA,0,5210124
yqjE_yqjK_yqjD_yqjC_predicted,0.3333333333333333,2,2,CTTGGCCGATCCAAGGCGGG,0,5247140
yqjE_yqjK_yqjD_yqjC_predicted,0.3333333333333333,2,2,CTTGGATGCAAGGGATCCTA,0,5195202
yqjE_yqjK_yqjD_yqjC_predicted,0.3333333333333333,2,2,CTTGCTTTCAATTGAGTTTG,0,5212517
yqjE_yqjK_yqjD_yqjC_predicted,0.3333333333333333,2,2,CTTGCCTTTACACGGCTTTG,0,5193190
yqjE_yqjK_yqjD_yqjC_predicted,0.3333333333333333,2,2,CTTGCATGCACTCCGCTAGG,0,5172032
yqjE_yqjK_yqjD_yqjC_predicted,0.3333333333333333,2,2,CTTGACGGCGCGTACTCAGA,0,5211020
yqjE_yqjK_yqjD_yqjC_predicted,0.3333333333333333,2,2,CTTGACACAGCCCTGTTGCT,0,5221632
yqjE_yqjK_yqjD_yqjC_predicted,0.3333333333333333,2,2,CTTGAACGTTCTAATCAAGA,0,5171866
yqjE_yqjK_yqjD_yqjC_predicted,0.3333333333333333,2,2,CTTCTTAGGCATGGGTGTAA,0,5178765
yqjE_yqjK_yqjD_yqjC_predicted,0.3333333333333333,2,2,CTTCTGAGTATGGGTAGTGA,0,5206091
yqjE_yqjK_yqjD_yqjC_predicted,0.3333333333333333,2,2,CTTCTCGACTGTTACGTAGC,0,5200942
yqjE_yqjK_yqjD_yqjC_predicted,0.3333333333333333,2,2,CTTCGCCAAGTCCGTCCTGT,0,5217433
yqjE_yqjK_yqjD_yqjC_predicted,0.3333333333333333,2,2,CTTCGAGGGCCTGCCATACC,0,5202641
yqjE_yqjK_yqjD_yqjC_predicted,0.3333333333333333,2,2,CTTCGAAGGTCTGTTTTCAT,0,5221188
yqjE_yqjK_yqjD_yqjC_predicted,0.3333333333333333,2,2,CTTCCGCCGAGAAATCACAC,0,5172809
yqjE_yqjK_yqjD_yqjC_predicted,0.3333333333333333,2,2,CTTCCAAGCAACTATCGTAT,0,5195349
yqjE_yqjK_yqjD_yqjC_predicted,0.3333333333333333,2,2,CTTCATTGCCACTCTGCCAG,0,5215213
yqjE_yqjK_yqjD_yqjC_predicted,0.3333333333333333,2,2,CTTCAGTTAACTGCTAAGAC,0,5245201
yqjE_yqjK_yqjD_yqjC_predicted,0.3333333333333333,2,2,CTTCAATACAGAATGTGAGG,0,5250769
yqjE_yqjK_yqjD_yqjC_predicted,0.3333333333333333,2,2,CTTCAACGTGAGAGACTATT,0,5204863
yqjE_yqjK_yqjD_yqjC_predicted,0.3333333333333333,2,2,CTTATTTGCCGTATCTGTCT,0,5213726
yqjE_yqjK_yqjD_yqjC_predicted,0.3333333333333333,2,2,CTTATTAGTATTTTATTCGA,0,5177608
yqjE_yqjK_yqjD_yqjC_predicted,0.3333333333333333,2,2,CTTATCTTATTAAAGGGGCT,0,5257263
yqjE_yqjK_yqjD_yqjC_predicted,0.3333333333333333,2,2,CTTAGGTGACGCCATGGCCC,0,5194693
yqjE_yqjK_yqjD_yqjC_predicted,0.3333333333333333,2,2,CTTAGGCTAGACGTTCGATA,0,5237166
yqjE_yqjK_yqjD_yqjC_predicted,0.3333333333333333,2,2,CTTACTCCTGCAAGGTGTTT,0,5173494
yqjE_yqjK_yqjD_yqjC_predicted,0.3333333333333333,2,2,CTTACTACCCCTTAAAACAA,0,5198478
yqjE_yqjK_yqjD_yqjC_predicted,0.3333333333333333,2,2,CTTAATAAGATGACCATCCA,0,5184977
yqjE_yqjK_yqjD_yqjC_predicted,0.3333333333333333,2,2,CTTAATAAAAAATAAAGGAG,0,5253551
yqjE_yqjK_yqjD_yqjC_predicted,0.3333333333333333,2,2,CTGTTTTGTAACATCCAACG,0,5176287
yqjE_yqjK_yqjD_yqjC_predicted,0.3333333333333333,2,2,CTGTTTTAAAATCGTCAGCC,0,5199073
yqjE_yqjK_yqjD_yqjC_predicted,0.3333333333333333,2,2,CTGTGGTTCCCAGCGATAAG,0,5216498
yqjE_yqjK_yqjD_yqjC_predicted,0.3333333333333333,2,2,CTGTGGCCTCTCTATTTATA,0,5189824
yqjE_yqjK_yqjD_yqjC_predicted,0.3333333333333333,2,2,CTGTGCGTCGGATCAACCCT,0,5180732
yqjE_yqjK_yqjD_yqjC_predicted,0.3333333333333333,2,2,CTGTCGTAATGTTCGGACGT,0,5202733
yqjE_yqjK_yqjD_yqjC_predicted,0.3333333333333333,2,2,CTGTCCTAACTCAATTAATT,0,5178335
yqjE_yqjK_yqjD_yqjC_predicted,0.3333333333333333,2,2,CTGTCATGCTGTGACGTCTC,0,5261625
yqjE_yqjK_yqjD_yqjC_predicted,0.3333333333333333,2,2,CTGTATACCTCTTGCAAGCT,0,5259045
yqjE_yqjK_yqjD_yqjC_predicted,0.3333333333333333,2,2,CTGTAGCCGCTCCTTCAAGC,0,5241097
yqjE_yqjK_yqjD_yqjC_predicted,0.3333333333333333,2,2,CTGTACTAGGGTCTTTCTGT,0,5192240
yqjE_yqjK_yqjD_yqjC_predicted,0.3333333333333333,2,2,CTGTAATAAGAAGATTACAC,0,5191084
yqjE_yqjK_yqjD_yqjC_predicted,0.3333333333333333,2,2,CTGTAAGGTTGCACAGGCCC,0,5206441
yqjE_yqjK_yqjD_yqjC_predicted,0.3333333333333333,2,2,CTGTAAAGCATGACAACGGT,0,5230958
yqjE_yqjK_yqjD_yqjC_predicted,0.3333333333333333,2,2,CTGGTTTTGTAGCACCGCTA,0,5186985
yqjE_yqjK_yqjD_yqjC_predicted,0.3333333333333333,2,2,CTGGTTCCGGGAGCGTGTTG,0,5230574
yqjE_yqjK_yqjD_yqjC_predicted,0.3333333333333333,2,2,CTGGTCTGTGAAATGTGTTT,0,5251164
yqjE_yqjK_yqjD_yqjC_predicted,0.3333333333333333,2,2,CTGGTACTCGTAAGATGCAA,0,5220297
yqjE_yqjK_yqjD_yqjC_predicted,0.3333333333333333,2,2,CTGGGTGGAGTGCTACAACG,0,5187519
yqjE_yqjK_yqjD_yqjC_predicted,0.3333333333333333,2,2,CTGGGGTTATAGACCGCAAG,0,5236216
yqjE_yqjK_yqjD_yqjC_predicted,0.3333333333333333,2,2,CTGGGGTTAGAACCAGGTTC,0,5177005
yqjE_yqjK_yqjD_yqjC_predicted,0.3333333333333333,2,2,CTGGGGCGCTAGATCTCCGT,0,5219214
yqjE_yqjK_yqjD_yqjC_predicted,0.3333333333333333,2,2,CTGGGGCCGTAATTTGTATG,0,5230657
yqjE_yqjK_yqjD_yqjC_predicted,0.3333333333333333,2,2,CTGGGGAACGTGAGGAAGGA,0,5214668
yqjE_yqjK_yqjD_yqjC_predicted,0.3333333333333333,2,2,CTGGGCCCCTGCTTCTATAA,0,5257927
yqjE_yqjK_yqjD_yqjC_predicted,0.3333333333333333,2,2,CTGGGACCCAAATTTCGAAT,0,5176265
yqjE_yqjK_yqjD_yqjC_predicted,0.3333333333333333,2,2,CTGGGAACGAGCGCATTATG,0,5195124
yqjE_yqjK_yqjD_yqjC_predicted,0.3333333333333333,2,2,CTGGCGTACTCCTTAATAGG,0,5213503
yqjE_yqjK_yqjD_yqjC_predicted,0.3333333333333333,2,2,CTGGCCTGCGTACGCACAAG,0,5247596
yqjE_yqjK_yqjD_yqjC_predicted,0.3333333333333333,2,2,CTGGCCTGCGTAAGCTCACC,0,5225982
yqjE_yqjK_yqjD_yqjC_predicted,0.3333333333333333,2,2,CTGGCATCATAGAACGCGAT,0,5172076
yqjE_yqjK_yqjD_yqjC_predicted,0.3333333333333333,2,2,CTGGCATAGCAGAAAACTAT,0,5205212
yqjE_yqjK_yqjD_yqjC_predicted,0.3333333333333333,2,2,CTGGCACGGACGCGTTTTAT,0,5238177
yqjE_yqjK_yqjD_yqjC_predicted,0.3333333333333333,2,2,CTGGACGTAGGCAGCGACAA,0,5201700
yqjE_yqjK_yqjD_yqjC_predicted,0.3333333333333333,2,2,CTGCTTAAGCATGAACGAGG,0,5208270
yqjE_yqjK_yqjD_yqjC_predicted,0.3333333333333333,2,2,CTGCCCGGTCCATTATTGCG,0,5207713
yqjE_yqjK_yqjD_yqjC_predicted,0.3333333333333333,2,2,CTGCCCGCATTCCAAATGGC,0,5180185
yqjE_yqjK_yqjD_yqjC_predicted,0.3333333333333333,2,2,CTGCATGTGTTTTCTGCCTA,0,5180533
yqjE_yqjK_yqjD_yqjC_predicted,0.3333333333333333,2,2,CTGCAGTTCAGAGTCGTTCG,0,5219794
yqjE_yqjK_yqjD_yqjC_predicted,0.3333333333333333,2,2,CTGCACGAGGCAGTCCTGGC,0,5217156
yqjE_yqjK_yqjD_yqjC_predicted,0.3333333333333333,2,2,CTGATGTTTCAGCAACGCGG,0,5227342
yqjE_yqjK_yqjD_yqjC_predicted,0.3333333333333333,2,2,CTGATGATGAGTCTAGGTCT,0,5259689
yqjE_yqjK_yqjD_yqjC_predicted,0.3333333333333333,2,2,CTGATCCGGAGTGTAAGTCC,0,5240297
yqjE_yqjK_yqjD_yqjC_predicted,0.3333333333333333,2,2,CTGATCACATCCCAAAGGAT,0,5205220
yqjE_yqjK_yqjD_yqjC_predicted,0.3333333333333333,2,2,CTGATATATATGCAGTTAGC,0,5174157
yqjE_yqjK_yqjD_yqjC_predicted,0.3333333333333333,2,2,CTGATACCAGTCTATCCGAC,0,5254715
yqjE_yqjK_yqjD_yqjC_predicted,0.3333333333333333,2,2,CTGACGTTATATCCCGCACA,0,5214253
yqjE_yqjK_yqjD_yqjC_predicted,0.3333333333333333,2,2,CTGACGATGATCTCAACTAA,0,5243668
yqjE_yqjK_yqjD_yqjC_predicted,0.3333333333333333,2,2,CTGACCCATTGTAGGCATAA,0,5239108
yqjE_yqjK_yqjD_yqjC_predicted,0.3333333333333333,2,2,CTGACCATCGATAAACTTTT,0,5219711
yqjE_yqjK_yqjD_yqjC_predicted,0.3333333333333333,2,2,CTGACAGGGCTGCAGGCTGT,0,5250010
yqjE_yqjK_yqjD_yqjC_predicted,0.3333333333333333,2,2,CTGAATGGCACGCTGTTTTT,0,5198106
yqjE_yqjK_yqjD_yqjC_predicted,0.3333333333333333,2,2,CTGAATCCACATGTGAGCTG,0,5219448
yqjE_yqjK_yqjD_yqjC_predicted,0.3333333333333333,2,2,CTGAAGCGTCATTATATTAT,0,5261013
yqjE_yqjK_yqjD_yqjC_predicted,0.3333333333333333,2,2,CTGAAAAATGCTCTCACGGA,0,5202489
yqjE_yqjK_yqjD_yqjC_predicted,0.3333333333333333,2,2,CTCTTGAGGGAATTTACGAC,0,5176788
yqjE_yqjK_yqjD_yqjC_predicted,0.3333333333333333,2,2,CTCTGTATGATGAGCAGAAT,0,5209591
yqjE_yqjK_yqjD_yqjC_predicted,0.3333333333333333,2,2,CTCTGGTAAGCGAGGGGGAG,0,5219220
yqjE_yqjK_yqjD_yqjC_predicted,0.3333333333333333,2,2,CTCTGAGTAAAAGGGGCATC,0,5213631
yqjE_yqjK_yqjD_yqjC_predicted,0.3333333333333333,2,2,CTCTCTTTAGGGGTAGTGCA,0,5195765
yqjE_yqjK_yqjD_yqjC_predicted,0.3333333333333333,2,2,CTCTCCTAGCACGTCCATCG,0,5218005
yqjE_yqjK_yqjD_yqjC_predicted,0.3333333333333333,2,2,CTCTCCGTCGGTTTACGCGG,0,5251679
yqjE_yqjK_yqjD_yqjC_predicted,0.3333333333333333,2,2,CTCTCCAACGTTACTTCATT,0,5191462
yqjE_yqjK_yqjD_yqjC_predicted,0.3333333333333333,2,2,CTCTAGCTCTGGCTCACCAC,0,5253182
yqjE_yqjK_yqjD_yqjC_predicted,0.3333333333333333,2,2,CTCTACGAACCTGCATGTGT,0,5261987
yqjE_yqjK_yqjD_yqjC_predicted,0.3333333333333333,2,2,CTCTACAGGGCGAAACTATC,0,5182821
yqjE_yqjK_yqjD_yqjC_predicted,0.3333333333333333,2,2,CTCGGCCACATAAGGTTAAC,0,5180573
yqjE_yqjK_yqjD_yqjC_predicted,0.3333333333333333,2,2,CTCGCTGACGCTGGCTAACA,0,5187661
yqjE_yqjK_yqjD_yqjC_predicted,0.3333333333333333,2,2,CTCGCCTTATACGAGGGACT,0,5210374
yqjE_yqjK_yqjD_yqjC_predicted,0.3333333333333333,2,2,CTCGCACGTTTCAGGTTCTG,0,5179616
yqjE_yqjK_yqjD_yqjC_predicted,0.3333333333333333,2,2,CTCGACTATACGGACATGGT,0,5210928
yqjE_yqjK_yqjD_yqjC_predicted,0.3333333333333333,2,2,CTCGACATAGACTCTCAGAA,0,5252381
yqjE_yqjK_yqjD_yqjC_predicted,0.3333333333333333,2,2,CTCCTCATGGTGCGACGAAA,0,5237470
yqjE_yqjK_yqjD_yqjC_predicted,0.3333333333333333,2,2,CTCCTCAAAGTGCTCCATCC,0,5225737
yqjE_yqjK_yqjD_yqjC_predicted,0.3333333333333333,2,2,CTCCTACGGAATTGCCAGTC,0,5197986
yqjE_yqjK_yqjD_yqjC_predicted,0.3333333333333333,2,2,CTCCGTCTAGGTTCAGAATT,0,5178847
yqjE_yqjK_yqjD_yqjC_predicted,0.3333333333333333,2,2,CTCCGGATGTAAGCCCATCG,0,5223674
yqjE_yqjK_yqjD_yqjC_predicted,0.3333333333333333,2,2,CTCCCGTTATGGAGTTGTGA,0,5208056
yqjE_yqjK_yqjD_yqjC_predicted,0.3333333333333333,2,2,CTCCCGTGCGGGCAGAGGCC,0,5182530
yqjE_yqjK_yqjD_yqjC_predicted,0.3333333333333333,2,2,CTCCCGAGCGCTCCAGCACT,0,5234692
yqjE_yqjK_yqjD_yqjC_predicted,0.3333333333333333,2,2,CTCCCCGTACAGGGGCGAAT,0,5207083
yqjE_yqjK_yqjD_yqjC_predicted,0.3333333333333333,2,2,CTCCATTGGCTTTACCTGGT,0,5216707
yqjE_yqjK_yqjD_yqjC_predicted,0.3333333333333333,2,2,CTCCATCCGCTCGTATCAAC,0,5219734
yqjE_yqjK_yqjD_yqjC_predicted,0.3333333333333333,2,2,CTCCAAGTGGAGCTTTCCCG,0,5176317
yqjE_yqjK_yqjD_yqjC_predicted,0.3333333333333333,2,2,CTCATTGCGAGTAGATTACA,0,5233901
yqjE_yqjK_yqjD_yqjC_predicted,0.3333333333333333,2,2,CTCATTAGGAGTGGGGACAG,0,5246327
yqjE_yqjK_yqjD_yqjC_predicted,0.3333333333333333,2,2,CTCATAGCCCCCCAATTCCG,0,5236674
yqjE_yqjK_yqjD_yqjC_predicted,0.3333333333333333,2,2,CTCAGTGTTAAAGAGTCAGC,0,5248998
yqjE_yqjK_yqjD_yqjC_predicted,0.3333333333333333,2,2,CTCAGGGAGTTCCAAGGACA,0,5179714
yqjE_yqjK_yqjD_yqjC_predicted,0.3333333333333333,2,2,CTCAGGAGATCGTTTTTGGT,0,5181903
yqjE_yqjK_yqjD_yqjC_predicted,0.3333333333333333,2,2,CTCAGCGCGCTGTTTAAAGT,0,5172428
yqjE_yqjK_yqjD_yqjC_predicted,0.3333333333333333,2,2,CTCAGATTACGGCGAAATGC,0,5194515
yqjE_yqjK_yqjD_yqjC_predicted,0.3333333333333333,2,2,CTCAGACTGCCCATACGATA,0,5225667
yqjE_yqjK_yqjD_yqjC_predicted,0.3333333333333333,2,2,CTCAGAACTTGGGACGGAAT,0,5254817
yqjE_yqjK_yqjD_yqjC_predicted,0.3333333333333333,2,2,CTCACTTAACGTTTGTTAGC,0,5239616
yqjE_yqjK_yqjD_yqjC_predicted,0.3333333333333333,2,2,CTCACGCCCCCGTTTACCAA,0,5255187
yqjE_yqjK_yqjD_yqjC_predicted,0.3333333333333333,2,2,CTCAAGTCTGGGTGTAAGAT,0,5173804
yqjE_yqjK_yqjD_yqjC_predicted,0.3333333333333333,2,2,CTCAAAATTCGTTGGACAGA,0,5229451
yqjE_yqjK_yqjD_yqjC_predicted,0.3333333333333333,2,2,CTATTTGGTATAATTCTTGA,0,5220054
yqjE_yqjK_yqjD_yqjC_predicted,0.3333333333333333,2,2,CTATTTACTATCCCGAGAGA,0,5197817
yqjE_yqjK_yqjD_yqjC_predicted,0.3333333333333333,2,2,CTATTCCTGGACTCATCATT,0,5193202
yqjE_yqjK_yqjD_yqjC_predicted,0.3333333333333333,2,2,CTATGGATTATGTGATCAGG,0,5183632
yqjE_yqjK_yqjD_yqjC_predicted,0.3333333333333333,2,2,CTATGCTTGAGGGCCTTGTC,0,5257210
yqjE_yqjK_yqjD_yqjC_predicted,0.3333333333333333,2,2,CTATCTCTCTCTATGGGCTT,0,5186962
yqjE_yqjK_yqjD_yqjC_predicted,0.3333333333333333,2,2,CTATCGGTTCTACGCATTAT,0,5202415
yqjE_yqjK_yqjD_yqjC_predicted,0.3333333333333333,2,2,CTATCGGGTTGGCTACCGCC,0,5209850
yqjE_yqjK_yqjD_yqjC_predicted,0.3333333333333333,2,2,CTATCGCCATACGTAGGCAT,0,5258764
yqjE_yqjK_yqjD_yqjC_predicted,0.3333333333333333,2,2,CTATCCTCCAAGTTTGTCAG,0,5235246
yqjE_yqjK_yqjD_yqjC_predicted,0.3333333333333333,2,2,CTATCCACGTGTTCGCTGTG,0,5228585
yqjE_yqjK_yqjD_yqjC_predicted,0.3333333333333333,2,2,CTATCAGACCCTCGTTTTGT,0,5174961
yqjE_yqjK_yqjD_yqjC_predicted,0.3333333333333333,2,2,CTATATGTCGTGGCGTCAAG,0,5218521
yqjE_yqjK_yqjD_yqjC_predicted,0.3333333333333333,2,2,CTATAGTGCCTTTTCCTGGT,0,5243054
yqjE_yqjK_yqjD_yqjC_predicted,0.3333333333333333,2,2,CTATACTGCCAAAGATTACA,0,5252960
yqjE_yqjK_yqjD_yqjC_predicted,0.3333333333333333,2,2,CTATAAATCAATGCCCGGTT,0,5220201
yqjE_yqjK_yqjD_yqjC_predicted,0.3333333333333333,2,2,CTATAAACATGCATTTATGG,0,5255625
yqjE_yqjK_yqjD_yqjC_predicted,0.3333333333333333,2,2,CTAGTTGCGTCACACCTGCT,0,5211542
yqjE_yqjK_yqjD_yqjC_predicted,0.3333333333333333,2,2,CTAGTGGCGCGGTGCAAGAC,0,5204556
yqjE_yqjK_yqjD_yqjC_predicted,0.3333333333333333,2,2,CTAGGGGTGCCCCACTCTAT,0,5186507
yqjE_yqjK_yqjD_yqjC_predicted,0.3333333333333333,2,2,CTAGGGGCTAGGCTCGAGAC,0,5259980
yqjE_yqjK_yqjD_yqjC_predicted,0.3333333333333333,2,2,CTAGGCCGGCAGGCTCCGAT,0,5226871
yqjE_yqjK_yqjD_yqjC_predicted,0.3333333333333333,2,2,CTAGCTCCAGGAGCGAGGAC,0,5243550
yqjE_yqjK_yqjD_yqjC_predicted,0.3333333333333333,2,2,CTAGCTCAAAGTATTTCGGG,0,5228945
yqjE_yqjK_yqjD_yqjC_predicted,0.3333333333333333,2,2,CTAGCGGGCATGCTTGCAAA,0,5236278
yqjE_yqjK_yqjD_yqjC_predicted,0.3333333333333333,2,2,CTAGCCTCCACCGGTGTCAC,0,5247719
yqjE_yqjK_yqjD_yqjC_predicted,0.3333333333333333,2,2,CTAGCATCGATAACTGTCAC,0,5203172
yqjE_yqjK_yqjD_yqjC_predicted,0.3333333333333333,2,2,CTAGATCCTTACCTTATAAC,0,5189342
yqjE_yqjK_yqjD_yqjC_predicted,0.3333333333333333,2,2,CTAGACAATGATATCAATCG,0,5180280
yqjE_yqjK_yqjD_yqjC_predicted,0.3333333333333333,2,2,CTAGAATTGCGAGCATCGCA,0,5213202
yqjE_yqjK_yqjD_yqjC_predicted,0.3333333333333333,2,2,CTACTGGCATCTACCGGGAC,0,5232413
yqjE_yqjK_yqjD_yqjC_predicted,0.3333333333333333,2,2,CTACGGTATCCGCGCATTCT,0,5254815
yqjE_yqjK_yqjD_yqjC_predicted,0.3333333333333333,2,2,CTACGCTTGTACGCAGCATC,0,5239548
yqjE_yqjK_yqjD_yqjC_predicted,0.3333333333333333,2,2,CTACCTTGCAAAGGAGTACT,0,5245981
yqjE_yqjK_yqjD_yqjC_predicted,0.3333333333333333,2,2,CTACCCAAGGCAGTGACGAT,0,5226891
yqjE_yqjK_yqjD_yqjC_predicted,0.3333333333333333,2,2,CTACCACCGATATCACTATA,0,5201137
yqjE_yqjK_yqjD_yqjC_predicted,0.3333333333333333,2,2,CTACCAAATGCTTAATCCTT,0,5192583
yqjE_yqjK_yqjD_yqjC_predicted,0.3333333333333333,2,2,CTACATTGCTGAAGCACGAC,0,5176497
yqjE_yqjK_yqjD_yqjC_predicted,0.3333333333333333,2,2,CTACATTCCCGTTCTTTGGG,0,5258504
yqjE_yqjK_yqjD_yqjC_predicted,0.3333333333333333,2,2,CTACATTATAGTCCCACTTC,0,5174407
yqjE_yqjK_yqjD_yqjC_predicted,0.3333333333333333,2,2,CTACAATGTATTGCTTCAGG,0,5232996
yqjE_yqjK_yqjD_yqjC_predicted,0.3333333333333333,2,2,CTACAACGAAAGCCACTACA,0,5242718
yqjE_yqjK_yqjD_yqjC_predicted,0.3333333333333333,2,2,CTACAACCAAAATGCTCGTC,0,5181140
yqjE_yqjK_yqjD_yqjC_predicted,0.3333333333333333,2,2,CTAATTTTATCAGGGGTCTT,0,5175351
yqjE_yqjK_yqjD_yqjC_predicted,0.3333333333333333,2,2,CTAATACATTACTCGGAAAT,0,5201231
yqjE_yqjK_yqjD_yqjC_predicted,0.3333333333333333,2,2,CTAAGGTCTACGCGTTGAAA,0,5180035
yqjE_yqjK_yqjD_yqjC_predicted,0.3333333333333333,2,2,CTAAGGGATTTTACGTGGAA,0,5201686
yqjE_yqjK_yqjD_yqjC_predicted,0.3333333333333333,2,2,CTAAGACCTGAATGTTAGTC,0,5183855
yqjE_yqjK_yqjD_yqjC_predicted,0.3333333333333333,2,2,CTAACTTGGAAATGGCCTTG,0,5238841
yqjE_yqjK_yqjD_yqjC_predicted,0.3333333333333333,2,2,CTAACTCCCTCGCCGCTTCG,0,5232526
yqjE_yqjK_yqjD_yqjC_predicted,0.3333333333333333,2,2,CTAACGGTTGTGCTACGTTG,0,5181177
yqjE_yqjK_yqjD_yqjC_predicted,0.3333333333333333,2,2,CTAACCGTCACATTACTCAT,0,5209951
yqjE_yqjK_yqjD_yqjC_predicted,0.3333333333333333,2,2,CTAACATCACGTCAAACACT,0,5197609
yqjE_yqjK_yqjD_yqjC_predicted,0.3333333333333333,2,2,CTAACAGGGAAGCGCCCGAA,0,5221104
yqjE_yqjK_yqjD_yqjC_predicted,0.3333333333333333,2,2,CTAACACTTGATTTTCATAA,0,5176349
yqjE_yqjK_yqjD_yqjC_predicted,0.3333333333333333,2,2,CTAAATGCTTAGGAAGATAC,0,5211958
yqjE_yqjK_yqjD_yqjC_predicted,0.3333333333333333,2,2,CTAAAGTGGAGAAAGTCTGT,0,5196533
yqjE_yqjK_yqjD_yqjC_predicted,0.3333333333333333,2,2,CTAAAAGGGCAGGCGGGGAT,0,5178251
yqjE_yqjK_yqjD_yqjC_predicted,0.3333333333333333,2,2,CGTTTTCTTCCGCCCGGAAC,0,5208421
yqjE_yqjK_yqjD_yqjC_predicted,0.3333333333333333,2,2,CGTTTCTGGGTAATTTTTAA,0,5241952
yqjE_yqjK_yqjD_yqjC_predicted,0.3333333333333333,2,2,CGTTTCGCGAGCAAACCAGG,0,5175355
yqjE_yqjK_yqjD_yqjC_predicted,0.3333333333333333,2,2,CGTTGTCAGAGGGGGGTAAT,0,5248770
yqjE_yqjK_yqjD_yqjC_predicted,0.3333333333333333,2,2,CGTTGTAAATGACGTCCTAT,0,5262093
yqjE_yqjK_yqjD_yqjC_predicted,0.3333333333333333,2,2,CGTTGCGGGATCCCATTATT,0,5197313
yqjE_yqjK_yqjD_yqjC_predicted,0.3333333333333333,2,2,CGTTGCCCTAGTGCAATACT,0,5256687
yqjE_yqjK_yqjD_yqjC_predicted,0.3333333333333333,2,2,CGTTGAGTCATTATCGAGGC,0,5181835
yqjE_yqjK_yqjD_yqjC_predicted,0.3333333333333333,2,2,CGTTCGTAAGGCCTTGGGAC,0,5184851
yqjE_yqjK_yqjD_yqjC_predicted,0.3333333333333333,2,2,CGTTCGCTCGTGGTACTCTT,0,5256478
yqjE_yqjK_yqjD_yqjC_predicted,0.3333333333333333,2,2,CGTTCGCGCTTGTGCATCAC,0,5196836
yqjE_yqjK_yqjD_yqjC_predicted,0.3333333333333333,2,2,CGTTCAGTCCCTTATGAAAG,0,5176340
yqjE_yqjK_yqjD_yqjC_predicted,0.3333333333333333,2,2,CGTTAACACTTCAGCGCTTT,0,5202269
yqjE_yqjK_yqjD_yqjC_predicted,0.3333333333333333,2,2,CGTGTTTCTCGCCAAGGGGA,0,5171979
yqjE_yqjK_yqjD_yqjC_predicted,0.3333333333333333,2,2,CGTGTTCACGGCAATGTACC,0,5217037
yqjE_yqjK_yqjD_yqjC_predicted,0.3333333333333333,2,2,CGTGTGGGCTGTACAGCTGC,0,5204896
yqjE_yqjK_yqjD_yqjC_predicted,0.3333333333333333,2,2,CGTGTATTACGGTAGTTCCC,0,5215104
yqjE_yqjK_yqjD_yqjC_predicted,0.3333333333333333,2,2,CGTGGTCGAGCAGAGGACAG,0,5242321
yqjE_yqjK_yqjD_yqjC_predicted,0.3333333333333333,2,2,CGTGGCCTCCTAGAACATCT,0,5180775
yqjE_yqjK_yqjD_yqjC_predicted,0.3333333333333333,2,2,CGTGGCACCTCTGCCTCTTG,0,5202526
yqjE_yqjK_yqjD_yqjC_predicted,0.3333333333333333,2,2,CGTGGACCAGGAAACACATG,0,5216406
yqjE_yqjK_yqjD_yqjC_predicted,0.3333333333333333,2,2,CGTCTGGTTCTGTGTGACGC,0,5237535
yqjE_yqjK_yqjD_yqjC_predicted,0.3333333333333333,2,2,CGTCGTCGGACTAGGGTTGA,0,5178070
yqjE_yqjK_yqjD_yqjC_predicted,0.3333333333333333,2,2,CGTCGGCTATAGTCTACTAA,0,5208183
yqjE_yqjK_yqjD_yqjC_predicted,0.3333333333333333,2,2,CGTCGAGGAGGGCTAGAGAA,0,5219341
yqjE_yqjK_yqjD_yqjC_predicted,0.3333333333333333,2,2,CGTCCTTTCAGAGTGGCTGT,0,5241333
yqjE_yqjK_yqjD_yqjC_predicted,0.3333333333333333,2,2,CGTCCTCGGACTCCCCTTTG,0,5250317
yqjE_yqjK_yqjD_yqjC_predicted,0.3333333333333333,2,2,CGTCCCTGGGGGCACTAAGC,0,5218448
yqjE_yqjK_yqjD_yqjC_predicted,0.3333333333333333,2,2,CGTCCCTAAATGGCTTTAAT,0,5173296
yqjE_yqjK_yqjD_yqjC_predicted,0.3333333333333333,2,2,CGTCCCGGGCCTCTGGCTAT,0,5253729
yqjE_yqjK_yqjD_yqjC_predicted,0.3333333333333333,2,2,CGTCCCCCTTGAAGCGCTAC,0,5252535
yqjE_yqjK_yqjD_yqjC_predicted,0.3333333333333333,2,2,CGTCCATATCTCTACCATGC,0,5173805
yqjE_yqjK_yqjD_yqjC_predicted,0.3333333333333333,2,2,CGTCACTGCTAATTTCGTAC,0,5255411
yqjE_yqjK_yqjD_yqjC_predicted,0.3333333333333333,2,2,CGTCACAGTAGTGCACTGTA,0,5238175
yqjE_yqjK_yqjD_yqjC_predicted,0.3333333333333333,2,2,CGTATATTTAGCCGGAACTT,0,5243183
yqjE_yqjK_yqjD_yqjC_predicted,0.3333333333333333,2,2,CGTATATAAAAGGCCCCAGT,0,5250406
yqjE_yqjK_yqjD_yqjC_predicted,0.3333333333333333,2,2,CGTATAAGAACCCACGCGAT,0,5208833
yqjE_yqjK_yqjD_yqjC_predicted,0.3333333333333333,2,2,CGTAGTGGTGGTCTGCTCTA,0,5187038
yqjE_yqjK_yqjD_yqjC_predicted,0.3333333333333333,2,2,CGTAGTCACTCATAGCGTAC,0,5240615
yqjE_yqjK_yqjD_yqjC_predicted,0.3333333333333333,2,2,CGTAGGAACGGCCTGTCTTA,0,5223481
yqjE_yqjK_yqjD_yqjC_predicted,0.3333333333333333,2,2,CGTACGGTGTATGTACGTTT,0,5225319
yqjE_yqjK_yqjD_yqjC_predicted,0.3333333333333333,2,2,CGTACGATGTTAACCAAAGT,0,5245762
yqjE_yqjK_yqjD_yqjC_predicted,0.3333333333333333,2,2,CGTAAGCTTACCGGGCTCTT,0,5216947
yqjE_yqjK_yqjD_yqjC_predicted,0.3333333333333333,2,2,CGGTTTTGTTGGAACTTGAA,0,5238408
yqjE_yqjK_yqjD_yqjC_predicted,0.3333333333333333,2,2,CGGTTGCCAGCGGCTATAGG,0,5196717
yqjE_yqjK_yqjD_yqjC_predicted,0.3333333333333333,2,2,CGGTGTTAAGGGTGAGCTGA,0,5222841
yqjE_yqjK_yqjD_yqjC_predicted,0.3333333333333333,2,2,CGGTGTCAAGGTGTGATCCT,0,5209460
yqjE_yqjK_yqjD_yqjC_predicted,0.3333333333333333,2,2,CGGTGGCAAAAACTTATCGA,0,5230656
yqjE_yqjK_yqjD_yqjC_predicted,0.3333333333333333,2,2,CGGTGCTGTATAAGGACGTC,0,5222385
yqjE_yqjK_yqjD_yqjC_predicted,0.3333333333333333,2,2,CGGTGACATTTCCCAGCATA,0,5218779
yqjE_yqjK_yqjD_yqjC_predicted,0.3333333333333333,2,2,CGGTCTAACGGGGTCAGCCT,0,5194283
yqjE_yqjK_yqjD_yqjC_predicted,0.3333333333333333,2,2,CGGTCCTGGCACCTCCGAAG,0,5236409
yqjE_yqjK_yqjD_yqjC_predicted,0.3333333333333333,2,2,CGGTCACTCACGTGACGTTT,0,5258178
yqjE_yqjK_yqjD_yqjC_predicted,0.3333333333333333,2,2,CGGTAGGACCCCGTTAGGTG,0,5238468
yqjE_yqjK_yqjD_yqjC_predicted,0.3333333333333333,2,2,CGGGTTTATTTACACCTCGA,0,5172225
yqjE_yqjK_yqjD_yqjC_predicted,0.3333333333333333,2,2,CGGGTGTTGTTAGACCATGA,0,5240385
yqjE_yqjK_yqjD_yqjC_predicted,0.3333333333333333,2,2,CGGGTGGTAGCCGATCGGGT,0,5204435
yqjE_yqjK_yqjD_yqjC_predicted,0.3333333333333333,2,2,CGGGTGCTACGGTTACAGCT,0,5174328
yqjE_yqjK_yqjD_yqjC_predicted,0.3333333333333333,2,2,CGGGTCTGTACGATGTGTAA,0,5213078
yqjE_yqjK_yqjD_yqjC_predicted,0.3333333333333333,2,2,CGGGTCCGGTACTAACGTCT,0,5242876
yqjE_yqjK_yqjD_yqjC_predicted,0.3333333333333333,2,2,CGGGTCAAATCAGGCGCTCA,0,5198500
yqjE_yqjK_yqjD_yqjC_predicted,0.3333333333333333,2,2,CGGGGTCCCAGTAAAGGTCG,0,5236452
yqjE_yqjK_yqjD_yqjC_predicted,0.3333333333333333,2,2,CGGGGCTCGGGGTTCGGGGA,0,5222313
yqjE_yqjK_yqjD_yqjC_predicted,0.3333333333333333,2,2,CGGGGCTCCCGAATCCCTCC,0,5192402
yqjE_yqjK_yqjD_yqjC_predicted,0.3333333333333333,2,2,CGGGGAGCGTTTTGCCCACT,0,5258081
yqjE_yqjK_yqjD_yqjC_predicted,0.3333333333333333,2,2,CGGGGAAGCTCGTCACGATC,0,5262625
yqjE_yqjK_yqjD_yqjC_predicted,0.3333333333333333,2,2,CGGGCTGAAGTACTGTGCGA,0,5220879
yqjE_yqjK_yqjD_yqjC_predicted,0.3333333333333333,2,2,CGGGCTCCACATGGCCGAAG,0,5191105
yqjE_yqjK_yqjD_yqjC_predicted,0.3333333333333333,2,2,CGGGCGCAATACGGGGGCAG,0,5199673
yqjE_yqjK_yqjD_yqjC_predicted,0.3333333333333333,2,2,CGGGCCTGGACAATTTGGAT,0,5235484
yqjE_yqjK_yqjD_yqjC_predicted,0.3333333333333333,2,2,CGGGCCGTAGCATGTCCGCG,0,5223590
yqjE_yqjK_yqjD_yqjC_predicted,0.3333333333333333,2,2,CGGGATCTCCGAAACGGCAA,0,5257580
yqjE_yqjK_yqjD_yqjC_predicted,0.3333333333333333,2,2,CGGGAACTTTTCACGTCCAA,0,5245982
yqjE_yqjK_yqjD_yqjC_predicted,0.3333333333333333,2,2,CGGCTGGGGGTGTGTCCTGC,0,5201910
yqjE_yqjK_yqjD_yqjC_predicted,0.3333333333333333,2,2,CGGCTCATATGATATGTTCT,0,5246441
yqjE_yqjK_yqjD_yqjC_predicted,0.3333333333333333,2,2,CGGCTAATCCAGGCTGTTTT,0,5176248
yqjE_yqjK_yqjD_yqjC_predicted,0.3333333333333333,2,2,CGGCGTAATTTCATTGCGGG,0,5181863
yqjE_yqjK_yqjD_yqjC_predicted,0.3333333333333333,2,2,CGGCGGAACCGCACCGCCGT,0,5188516
yqjE_yqjK_yqjD_yqjC_predicted,0.3333333333333333,2,2,CGGCCGTGGCTGGTGACATA,0,5174140
yqjE_yqjK_yqjD_yqjC_predicted,0.3333333333333333,2,2,CGGCCGTGCAGACAAGCGCA,0,5257530
yqjE_yqjK_yqjD_yqjC_predicted,0.3333333333333333,2,2,CGGCCGCGCTAGATCTTCCC,0,5203911
yqjE_yqjK_yqjD_yqjC_predicted,0.3333333333333333,2,2,CGGCCGAGTTGCAAAAGGAT,0,5212512
yqjE_yqjK_yqjD_yqjC_predicted,0.3333333333333333,2,2,CGGCATTTTGGAGGTAACCA,0,5227661
yqjE_yqjK_yqjD_yqjC_predicted,0.3333333333333333,2,2,CGGCATGGGTATCACAGCAT,0,5218437
yqjE_yqjK_yqjD_yqjC_predicted,0.3333333333333333,2,2,CGGCACGATCAGGTGTAAAC,0,5224468
yqjE_yqjK_yqjD_yqjC_predicted,0.3333333333333333,2,2,CGGATTTTCGAACTGGGGTT,0,5190255
yqjE_yqjK_yqjD_yqjC_predicted,0.3333333333333333,2,2,CGGATGTGAGAGCGAGACTT,0,5225297
yqjE_yqjK_yqjD_yqjC_predicted,0.3333333333333333,2,2,CGGATGTAGGGCTTCTGAGG,0,5248957
yqjE_yqjK_yqjD_yqjC_predicted,0.3333333333333333,2,2,CGGATGATGCTCTTGTCCGT,0,5215280
yqjE_yqjK_yqjD_yqjC_predicted,0.3333333333333333,2,2,CGGATAAAGCCGAACACTGG,0,5173419
yqjE_yqjK_yqjD_yqjC_predicted,0.3333333333333333,2,2,CGGAGTGTCCTTTGCACCCT,0,5204587
yqjE_yqjK_yqjD_yqjC_predicted,0.3333333333333333,2,2,CGGAGGGTCTTCGATGGGGG,0,5243493
yqjE_yqjK_yqjD_yqjC_predicted,0.3333333333333333,2,2,CGGAGGATCGCTTTTAAACT,0,5195374
yqjE_yqjK_yqjD_yqjC_predicted,0.3333333333333333,2,2,CGGAGAAAAGGCGGCAGAGT,0,5216590
yqjE_yqjK_yqjD_yqjC_predicted,0.3333333333333333,2,2,CGGACTATATAGCAGATACG,0,5174744
yqjE_yqjK_yqjD_yqjC_predicted,0.3333333333333333,2,2,CGGACGGGATGGGCCCGAGT,0,5178538
yqjE_yqjK_yqjD_yqjC_predicted,0.3333333333333333,2,2,CGGACGAGGCCGAGTTCAAA,0,5248949
yqjE_yqjK_yqjD_yqjC_predicted,0.3333333333333333,2,2,CGGACCTGGGTGCTCTGAAT,0,5256198
yqjE_yqjK_yqjD_yqjC_predicted,0.3333333333333333,2,2,CGGAATCCGTCGTAAGTACA,0,5224401
yqjE_yqjK_yqjD_yqjC_predicted,0.3333333333333333,2,2,CGGAATAAGGGATCATTAAG,0,5211039
yqjE_yqjK_yqjD_yqjC_predicted,0.3333333333333333,2,2,CGGAAGTGGCGCATGGTCAG,0,5182982
yqjE_yqjK_yqjD_yqjC_predicted,0.3333333333333333,2,2,CGGAAGGATTGGATTCAAAT,0,5184567
yqjE_yqjK_yqjD_yqjC_predicted,0.3333333333333333,2,2,CGGAAGAACCCCTGAGCCAA,0,5247291
yqjE_yqjK_yqjD_yqjC_predicted,0.3333333333333333,2,2,CGCTTTTTTAAGGTAAATAA,0,5233102
yqjE_yqjK_yqjD_yqjC_predicted,0.3333333333333333,2,2,CGCTTTTGTGGAAATAATGT,0,5258320
yqjE_yqjK_yqjD_yqjC_predicted,0.3333333333333333,2,2,CGCTTGTGGTAATGGTTACT,0,5229399
yqjE_yqjK_yqjD_yqjC_predicted,0.3333333333333333,2,2,CGCTTCGCGGAATATCCAAT,0,5189923
yqjE_yqjK_yqjD_yqjC_predicted,0.3333333333333333,2,2,CGCTGTGTCGGAACAACGAG,0,5213023
yqjE_yqjK_yqjD_yqjC_predicted,0.3333333333333333,2,2,CGCTGCTTGCCAAGATCATG,0,5181761
yqjE_yqjK_yqjD_yqjC_predicted,0.3333333333333333,2,2,CGCTGCCAGCATGAACAGAC,0,5209924
yqjE_yqjK_yqjD_yqjC_predicted,0.3333333333333333,2,2,CGCTCTTGTGCGCCAGGCTG,0,5196429
yqjE_yqjK_yqjD_yqjC_predicted,0.3333333333333333,2,2,CGCTCGGGCGCCGTTCTACT,0,5260175
yqjE_yqjK_yqjD_yqjC_predicted,0.3333333333333333,2,2,CGCTCCCTATGAGAAGTAGA,0,5216471
yqjE_yqjK_yqjD_yqjC_predicted,0.3333333333333333,2,2,CGCTCCAAAATGTCATATTT,0,5262081
yqjE_yqjK_yqjD_yqjC_predicted,0.3333333333333333,2,2,CGCTCATCCGTAAACGCGCC,0,5223257
yqjE_yqjK_yqjD_yqjC_predicted,0.3333333333333333,2,2,CGCTATGTAAACTACGAAAG,0,5186758
yqjE_yqjK_yqjD_yqjC_predicted,0.3333333333333333,2,2,CGCTAGTCATCAGAGATTTG,0,5226071
yqjE_yqjK_yqjD_yqjC_predicted,0.3333333333333333,2,2,CGCTAGCCATGCGTTACCTA,0,5194405
yqjE_yqjK_yqjD_yqjC_predicted,0.3333333333333333,2,2,CGCGTGTTTAATCACTGTAT,0,5241265
yqjE_yqjK_yqjD_yqjC_predicted,0.3333333333333333,2,2,CGCGTGAGGGTGCGAGAGTT,0,5196243
yqjE_yqjK_yqjD_yqjC_predicted,0.3333333333333333,2,2,CGCGGGGAGAGTCCTAGCCT,0,5239622
yqjE_yqjK_yqjD_yqjC_predicted,0.3333333333333333,2,2,CGCGGGAACCCGTGACTTAA,0,5207776
yqjE_yqjK_yqjD_yqjC_predicted,0.3333333333333333,2,2,CGCGGCATTTGAGAACCGCA,0,5210279
yqjE_yqjK_yqjD_yqjC_predicted,0.3333333333333333,2,2,CGCGCGCGCCCTCACATAGG,0,5237200
yqjE_yqjK_yqjD_yqjC_predicted,0.3333333333333333,2,2,CGCGCCAGGGCTGAACTCGT,0,5254980
yqjE_yqjK_yqjD_yqjC_predicted,0.3333333333333333,2,2,CGCGCCACGATTTGGTTGGT,0,5252072
yqjE_yqjK_yqjD_yqjC_predicted,0.3333333333333333,2,2,CGCGCCAATGCAGTTCGTAG,0,5258218
yqjE_yqjK_yqjD_yqjC_predicted,0.3333333333333333,2,2,CGCGAGCCCTAGGCGCACTT,0,5212194
yqjE_yqjK_yqjD_yqjC_predicted,0.3333333333333333,2,2,CGCGAAGTTATTCGACGGAA,0,5217999
yqjE_yqjK_yqjD_yqjC_predicted,0.3333333333333333,2,2,CGCCTTCCTCCCAGGAAGAA,0,5189823
yqjE_yqjK_yqjD_yqjC_predicted,0.3333333333333333,2,2,CGCCTCAGTTGTACTTAATG,0,5180361
yqjE_yqjK_yqjD_yqjC_predicted,0.3333333333333333,2,2,CGCCTCAGCCTAAGACACAT,0,5199170
yqjE_yqjK_yqjD_yqjC_predicted,0.3333333333333333,2,2,CGCCTACCCGGCCCCTAAAG,0,5212968
yqjE_yqjK_yqjD_yqjC_predicted,0.3333333333333333,2,2,CGCCGTTTAAGAAGGGACTA,0,5183175
yqjE_yqjK_yqjD_yqjC_predicted,0.3333333333333333,2,2,CGCCGGGAGGGTGATTGGGA,0,5192700
yqjE_yqjK_yqjD_yqjC_predicted,0.3333333333333333,2,2,CGCCGACGCCCCGTCACAGC,0,5183134
yqjE_yqjK_yqjD_yqjC_predicted,0.3333333333333333,2,2,CGCCCGCGGTGTACTGGCAA,0,5196448
yqjE_yqjK_yqjD_yqjC_predicted,0.3333333333333333,2,2,CGCCATAGGCTCGGCCCAGG,0,5209890
yqjE_yqjK_yqjD_yqjC_predicted,0.3333333333333333,2,2,CGCCACTTCTGCAGGCGTCA,0,5199334
yqjE_yqjK_yqjD_yqjC_predicted,0.3333333333333333,2,2,CGCCACCACCCCGACCTATA,0,5214358
yqjE_yqjK_yqjD_yqjC_predicted,0.3333333333333333,2,2,CGCATTCTACTAACCCCGGC,0,5229331
yqjE_yqjK_yqjD_yqjC_predicted,0.3333333333333333,2,2,CGCATCAAAAAAGCGGCATG,0,5234812
yqjE_yqjK_yqjD_yqjC_predicted,0.3333333333333333,2,2,CGCATAGTTAATGCAATAAA,0,5179723
yqjE_yqjK_yqjD_yqjC_predicted,0.3333333333333333,2,2,CGCATAGACGGCGTCTGGCC,0,5234408
yqjE_yqjK_yqjD_yqjC_predicted,0.3333333333333333,2,2,CGCATAACAAATTAGTTTTG,0,5243120
yqjE_yqjK_yqjD_yqjC_predicted,0.3333333333333333,2,2,CGCAGTATACGAGCCGAGCA,0,5255857
yqjE_yqjK_yqjD_yqjC_predicted,0.3333333333333333,2,2,CGCAGGAAGGTCAACCGGAC,0,5189318
yqjE_yqjK_yqjD_yqjC_predicted,0.3333333333333333,2,2,CGCAGCTTGGGATCCCGACG,0,5225806
yqjE_yqjK_yqjD_yqjC_predicted,0.3333333333333333,2,2,CGCAAGGAGGTTCACTCTCT,0,5214032
yqjE_yqjK_yqjD_yqjC_predicted,0.3333333333333333,2,2,CGCAAATGATCTATGAAAAT,0,5227130
yqjE_yqjK_yqjD_yqjC_predicted,0.3333333333333333,2,2,CGATTTTTAGAGAGTCCGAG,0,5183768
yqjE_yqjK_yqjD_yqjC_predicted,0.3333333333333333,2,2,CGATTGTTGAAAAAACGCGA,0,5257146
yqjE_yqjK_yqjD_yqjC_predicted,0.3333333333333333,2,2,CGATTGCCCGTTCGAGAATC,0,5218034
yqjE_yqjK_yqjD_yqjC_predicted,0.3333333333333333,2,2,CGATTGCCACGCCAAAGTCA,0,5257572
yqjE_yqjK_yqjD_yqjC_predicted,0.3333333333333333,2,2,CGATTCGGCTACGCCTACCC,0,5235027
yqjE_yqjK_yqjD_yqjC_predicted,0.3333333333333333,2,2,CGATTCCCACGAACCCAAGG,0,5230396
yqjE_yqjK_yqjD_yqjC_predicted,0.3333333333333333,2,2,CGATGGGCCCATTTCGATAA,0,5222692
yqjE_yqjK_yqjD_yqjC_predicted,0.3333333333333333,2,2,CGATGGAATCCTATACGGGC,0,5215142
yqjE_yqjK_yqjD_yqjC_predicted,0.3333333333333333,2,2,CGATGCCGAAAGAGGATAAT,0,5197520
yqjE_yqjK_yqjD_yqjC_predicted,0.3333333333333333,2,2,CGATCGGTAACTGGATTGTC,0,5247904
yqjE_yqjK_yqjD_yqjC_predicted,0.3333333333333333,2,2,CGATCAACAGGCCGCTAAAT,0,5230582
yqjE_yqjK_yqjD_yqjC_predicted,0.3333333333333333,2,2,CGATAGAGGCGATCCTCACA,0,5177600
yqjE_yqjK_yqjD_yqjC_predicted,0.3333333333333333,2,2,CGAGTGTGCACGCCCAGTTT,0,5213446
yqjE_yqjK_yqjD_yqjC_predicted,0.3333333333333333,2,2,CGAGTCAAGCAGTTATTGAA,0,5204038
yqjE_yqjK_yqjD_yqjC_predicted,0.3333333333333333,2,2,CGAGGTGGTTTAGCGGGATC,0,5249664
yqjE_yqjK_yqjD_yqjC_predicted,0.3333333333333333,2,2,CGAGGGACAAGTTTGTTCAC,0,5220347
yqjE_yqjK_yqjD_yqjC_predicted,0.3333333333333333,2,2,CGAGGATTACACCTGTAATT,0,5248336
yqjE_yqjK_yqjD_yqjC_predicted,0.3333333333333333,2,2,CGAGGAATTGCGCCTTCTCC,0,5181912
yqjE_yqjK_yqjD_yqjC_predicted,0.3333333333333333,2,2,CGAGCGTAAACAGACCTCCT,0,5187541
yqjE_yqjK_yqjD_yqjC_predicted,0.3333333333333333,2,2,CGAGATTTAGGCGCTGACAC,0,5180150
yqjE_yqjK_yqjD_yqjC_predicted,0.3333333333333333,2,2,CGAGATTATTAGGCGGCTAA,0,5196586
yqjE_yqjK_yqjD_yqjC_predicted,0.3333333333333333,2,2,CGAGAAGCTATAGGTGCCCC,0,5230259
yqjE_yqjK_yqjD_yqjC_predicted,0.3333333333333333,2,2,CGACCTACTAGGTCTGTAAG,0,5246116
yqjE_yqjK_yqjD_yqjC_predicted,0.3333333333333333,2,2,CGACCGGTACCGCGCATCGA,0,5256813
yqjE_yqjK_yqjD_yqjC_predicted,0.3333333333333333,2,2,CGACCAGGTGGTTCCAGTCA,0,5257111
yqjE_yqjK_yqjD_yqjC_predicted,0.3333333333333333,2,2,CGACCAGATGCTTATCTTTA,0,5188115
yqjE_yqjK_yqjD_yqjC_predicted,0.3333333333333333,2,2,CGACATTTAACGGTCCGGCC,0,5174655
yqjE_yqjK_yqjD_yqjC_predicted,0.3333333333333333,2,2,CGACACTCTCGTAGTGTCCT,0,5255247
yqjE_yqjK_yqjD_yqjC_predicted,0.3333333333333333,2,2,CGACACTCCCTTGCCAAATA,0,5189210
yqjE_yqjK_yqjD_yqjC_predicted,0.3333333333333333,2,2,CGACACCCCATAGAAATATT,0,5223947
yqjE_yqjK_yqjD_yqjC_predicted,0.3333333333333333,2,2,CGACACACAAGGAGGTATAG,0,5229556
yqjE_yqjK_yqjD_yqjC_predicted,0.3333333333333333,2,2,CGACAATTTCACAGGTATAG,0,5229420
yqjE_yqjK_yqjD_yqjC_predicted,0.3333333333333333,2,2,CGAAGGCTGCCGAGTTGCTA,0,5202932
yqjE_yqjK_yqjD_yqjC_predicted,0.3333333333333333,2,2,CGAAGGAACTTCGCAGCGAG,0,5188729
yqjE_yqjK_yqjD_yqjC_predicted,0.3333333333333333,2,2,CGAAGACACAATCCCGAAAA,0,5223364
yqjE_yqjK_yqjD_yqjC_predicted,0.3333333333333333,2,2,CGAAGAAAACCTTCTGGCGA,0,5179998
yqjE_yqjK_yqjD_yqjC_predicted,0.3333333333333333,2,2,CGAACTTCGTGCAGTTGTCA,0,5229812
yqjE_yqjK_yqjD_yqjC_predicted,0.3333333333333333,2,2,CGAACTGCCTGCGCTTTGGG,0,5256359
yqjE_yqjK_yqjD_yqjC_predicted,0.3333333333333333,2,2,CGAACTCTCTCATGCGCTAG,0,5199976
yqjE_yqjK_yqjD_yqjC_predicted,0.3333333333333333,2,2,CGAACCTGCTAGTATCTGGA,0,5176820
yqjE_yqjK_yqjD_yqjC_predicted,0.3333333333333333,2,2,CGAACAGGGCAGACATATCT,0,5173440
yqjE_yqjK_yqjD_yqjC_predicted,0.3333333333333333,2,2,CGAAATGGTAGAACCTACAA,0,5262779
yqjE_yqjK_yqjD_yqjC_predicted,0.3333333333333333,2,2,CGAAATAACCCGCGGAATAG,0,5202998
yqjE_yqjK_yqjD_yqjC_predicted,0.3333333333333333,2,2,CGAAACTAAATTTATTGAGC,0,5238942
yqjE_yqjK_yqjD_yqjC_predicted,0.3333333333333333,2,2,CGAAAACCACGGTGAATTAG,0,5258436
yqjE_yqjK_yqjD_yqjC_predicted,0.3333333333333333,2,2,CCTTTTTACTCCAACTGGTT,0,5170779
yqjE_yqjK_yqjD_yqjC_predicted,0.3333333333333333,2,2,CCTTTTATAAAGAAAAGCCA,0,5172199
yqjE_yqjK_yqjD_yqjC_predicted,0.3333333333333333,2,2,CCTTTTAGCGGCCGCTAGTG,0,5245793
yqjE_yqjK_yqjD_yqjC_predicted,0.3333333333333333,2,2,CCTTTCGACGAGTCTGTGGG,0,5207665
yqjE_yqjK_yqjD_yqjC_predicted,0.3333333333333333,2,2,CCTTTCACGCTGTGGGGGAG,0,5231564
yqjE_yqjK_yqjD_yqjC_predicted,0.3333333333333333,2,2,CCTTTACCGTGTCTGTACGG,0,5243053
yqjE_yqjK_yqjD_yqjC_predicted,0.3333333333333333,2,2,CCTTGTAATGTCATTTGTCG,0,5178370
yqjE_yqjK_yqjD_yqjC_predicted,0.3333333333333333,2,2,CCTTGGCACTACTGGGTAAT,0,5256850
yqjE_yqjK_yqjD_yqjC_predicted,0.3333333333333333,2,2,CCTTGGAGCAGCGTACGGAT,0,5173078
yqjE_yqjK_yqjD_yqjC_predicted,0.3333333333333333,2,2,CCTTGGACTCGGCTTTTTAT,0,5206595
yqjE_yqjK_yqjD_yqjC_predicted,0.3333333333333333,2,2,CCTTGAGGGAAACATGGGGT,0,5171642
yqjE_yqjK_yqjD_yqjC_predicted,0.3333333333333333,2,2,CCTTCTGGAACTGGGTTCTT,0,5228330
yqjE_yqjK_yqjD_yqjC_predicted,0.3333333333333333,2,2,CCTTCCCGCCGTTTGTAGTT,0,5232280
yqjE_yqjK_yqjD_yqjC_predicted,0.3333333333333333,2,2,CCTTCCCCGGTGTCTCCGGA,0,5249154
yqjE_yqjK_yqjD_yqjC_predicted,0.3333333333333333,2,2,CCTTATAATCGGCCTGCTGG,0,5192755
yqjE_yqjK_yqjD_yqjC_predicted,0.3333333333333333,2,2,CCTTAGTTAGCGCGCAACGG,0,5177295
yqjE_yqjK_yqjD_yqjC_predicted,0.3333333333333333,2,2,CCTTACTGAGAGCGCCCCGG,0,5238047
yqjE_yqjK_yqjD_yqjC_predicted,0.3333333333333333,2,2,CCTTAATATACGTCAGGACT,0,5260385
yqjE_yqjK_yqjD_yqjC_predicted,0.3333333333333333,2,2,CCTGTCGCTGATCCGACTAG,0,5246409
yqjE_yqjK_yqjD_yqjC_predicted,0.3333333333333333,2,2,CCTGTCATGGAAGTGTAAAA,0,5233307
yqjE_yqjK_yqjD_yqjC_predicted,0.3333333333333333,2,2,CCTGGATACATGCAGCGCGC,0,5222425
yqjE_yqjK_yqjD_yqjC_predicted,0.3333333333333333,2,2,CCTGGACAGGAGTATATTTT,0,5221542
yqjE_yqjK_yqjD_yqjC_predicted,0.3333333333333333,2,2,CCTGGAATACAGATTCGATT,0,5207384
yqjE_yqjK_yqjD_yqjC_predicted,0.3333333333333333,2,2,CCTGCTCTTATATAAGGCCT,0,5219016
yqjE_yqjK_yqjD_yqjC_predicted,0.3333333333333333,2,2,CCTGCGAACCTGCGGTCTTC,0,5261377
yqjE_yqjK_yqjD_yqjC_predicted,0.3333333333333333,2,2,CCTGCATTCCATTGTGCTGA,0,5196525
yqjE_yqjK_yqjD_yqjC_predicted,0.3333333333333333,2,2,CCTGAGCACAGAGGTTCCGT,0,5203498
yqjE_yqjK_yqjD_yqjC_predicted,0.3333333333333333,2,2,CCTGACGACTAGGAGTTCGA,0,5186478
yqjE_yqjK_yqjD_yqjC_predicted,0.3333333333333333,2,2,CCTCGTATAGACGGAGCCCC,0,5201792
yqjE_yqjK_yqjD_yqjC_predicted,0.3333333333333333,2,2,CCTCGCTCCCGGGAGGTCCT,0,5208915
yqjE_yqjK_yqjD_yqjC_predicted,0.3333333333333333,2,2,CCTCGCGCAGGGGGTCGAAG,0,5186994
yqjE_yqjK_yqjD_yqjC_predicted,0.3333333333333333,2,2,CCTCGACCACGTCGGTTATC,0,5183067
yqjE_yqjK_yqjD_yqjC_predicted,0.3333333333333333,2,2,CCTCCTGTTAGTGCTCTGTG,0,5245064
yqjE_yqjK_yqjD_yqjC_predicted,0.3333333333333333,2,2,CCTCCCGAGAGGAGAGGATG,0,5215849
yqjE_yqjK_yqjD_yqjC_predicted,0.3333333333333333,2,2,CCTCAAATTCGGGGGATAGG,0,5256733
yqjE_yqjK_yqjD_yqjC_predicted,0.3333333333333333,2,2,CCTCAAAAGGGGGCCTAAGA,0,5184872
yqjE_yqjK_yqjD_yqjC_predicted,0.3333333333333333,2,2,CCTATGGTATGTAACAAGAC,0,5215826
yqjE_yqjK_yqjD_yqjC_predicted,0.3333333333333333,2,2,CCTATCATGATTGGTCTCGG,0,5233092
yqjE_yqjK_yqjD_yqjC_predicted,0.3333333333333333,2,2,CCTAGTGAATGCTATCACGG,0,5243766
yqjE_yqjK_yqjD_yqjC_predicted,0.3333333333333333,2,2,CCTAGGGGCGATGTTTTTTT,0,5241340
yqjE_yqjK_yqjD_yqjC_predicted,0.3333333333333333,2,2,CCTACGCATGACGTAACAGC,0,5245184
yqjE_yqjK_yqjD_yqjC_predicted,0.3333333333333333,2,2,CCTAAGGGAGTTCCCAGAGA,0,5192678
yqjE_yqjK_yqjD_yqjC_predicted,0.3333333333333333,2,2,CCTAAGGCGTCCGCTGGCAG,0,5227905
yqjE_yqjK_yqjD_yqjC_predicted,0.3333333333333333,2,2,CCTAAGGCGAGACGTACGTC,0,5210814
yqjE_yqjK_yqjD_yqjC_predicted,0.3333333333333333,2,2,CCTAAAATAAAGATTGATTT,0,5185711
yqjE_yqjK_yqjD_yqjC_predicted,0.3333333333333333,2,2,CCGTTATTGTCGCTCCACAC,0,5178810
yqjE_yqjK_yqjD_yqjC_predicted,0.3333333333333333,2,2,CCGTTACCAGCACTTAATCT,0,5172813
yqjE_yqjK_yqjD_yqjC_predicted,0.3333333333333333,2,2,CCGTTAATGCCCTTTTGAGG,0,5242675
yqjE_yqjK_yqjD_yqjC_predicted,0.3333333333333333,2,2,CCGTGTTGCTCAATGCCGAT,0,5248647
yqjE_yqjK_yqjD_yqjC_predicted,0.3333333333333333,2,2,CCGTGTATCTCTACTCACAA,0,5226323
yqjE_yqjK_yqjD_yqjC_predicted,0.3333333333333333,2,2,CCGTGGGCGACCTGACGCCG,0,5256240
yqjE_yqjK_yqjD_yqjC_predicted,0.3333333333333333,2,2,CCGTGCGCACAAACAAAGTG,0,5251053
yqjE_yqjK_yqjD_yqjC_predicted,0.3333333333333333,2,2,CCGTGCAACTAGGTATCCGA,0,5178830
yqjE_yqjK_yqjD_yqjC_predicted,0.3333333333333333,2,2,CCGTGATGAGCGATTTTTCA,0,5209353
yqjE_yqjK_yqjD_yqjC_predicted,0.3333333333333333,2,2,CCGTCTCCCTGCTTTGAGTG,0,5228133
yqjE_yqjK_yqjD_yqjC_predicted,0.3333333333333333,2,2,CCGTCCTTTAATCTTTACAG,0,5238160
yqjE_yqjK_yqjD_yqjC_predicted,0.3333333333333333,2,2,CCGTCCTAGTACTACGGGGT,0,5247266
yqjE_yqjK_yqjD_yqjC_predicted,0.3333333333333333,2,2,CCGTCACAACCATTCTTTTG,0,5198040
yqjE_yqjK_yqjD_yqjC_predicted,0.3333333333333333,2,2,CCGTAGTTTTCCAAGGCAGC,0,5257661
yqjE_yqjK_yqjD_yqjC_predicted,0.3333333333333333,2,2,CCGTAGCTTAACAAGCTGGT,0,5261622
yqjE_yqjK_yqjD_yqjC_predicted,0.3333333333333333,2,2,CCGTAGCTAACGATCCTAAG,0,5242186
yqjE_yqjK_yqjD_yqjC_predicted,0.3333333333333333,2,2,CCGGTTCCTTACATACTAAG,0,5258620
yqjE_yqjK_yqjD_yqjC_predicted,0.3333333333333333,2,2,CCGGTTAGGAAGGTGATAAA,0,5182329
yqjE_yqjK_yqjD_yqjC_predicted,0.3333333333333333,2,2,CCGGTGAATGAATTCTGCAA,0,5179190
yqjE_yqjK_yqjD_yqjC_predicted,0.3333333333333333,2,2,CCGGTCTCGACCAAACCCCG,0,5190429
yqjE_yqjK_yqjD_yqjC_predicted,0.3333333333333333,2,2,CCGGTCGGTAACAGCAAGAT,0,5245763
yqjE_yqjK_yqjD_yqjC_predicted,0.3333333333333333,2,2,CCGGTCACCGAATCACTCTG,0,5243743
yqjE_yqjK_yqjD_yqjC_predicted,0.3333333333333333,2,2,CCGGGTGGGGCCTCGGCCCC,0,5242434
yqjE_yqjK_yqjD_yqjC_predicted,0.3333333333333333,2,2,CCGGGTGGCCGTCCGGGCGC,0,5188472
yqjE_yqjK_yqjD_yqjC_predicted,0.3333333333333333,2,2,CCGGGGTGGGGGTTGTCTAG,0,5175725
yqjE_yqjK_yqjD_yqjC_predicted,0.3333333333333333,2,2,CCGGGCCGCCTAACATCCAT,0,5199083
yqjE_yqjK_yqjD_yqjC_predicted,0.3333333333333333,2,2,CCGGGAATAGGGGTAACTGA,0,5262451
yqjE_yqjK_yqjD_yqjC_predicted,0.3333333333333333,2,2,CCGGCGTTGATCGCTTCGAT,0,5239529
yqjE_yqjK_yqjD_yqjC_predicted,0.3333333333333333,2,2,CCGGCAATTACAAGTTTTTC,0,5227296
yqjE_yqjK_yqjD_yqjC_predicted,0.3333333333333333,2,2,CCGGAACTGGGGTGGGATTA,0,5254849
yqjE_yqjK_yqjD_yqjC_predicted,0.3333333333333333,2,2,CCGCTTGGTGGTACCCTAGT,0,5177933
yqjE_yqjK_yqjD_yqjC_predicted,0.3333333333333333,2,2,CCGCTTATCATGGCACCAGG,0,5176161
yqjE_yqjK_yqjD_yqjC_predicted,0.3333333333333333,2,2,CCGCTCTTTGGTCTCTTGGG,0,5202455
yqjE_yqjK_yqjD_yqjC_predicted,0.3333333333333333,2,2,CCGCTCGCTCAACTAGCATA,0,5254072
yqjE_yqjK_yqjD_yqjC_predicted,0.3333333333333333,2,2,CCGCTCACCACTCTACATGT,0,5223127
yqjE_yqjK_yqjD_yqjC_predicted,0.3333333333333333,2,2,CCGCTATAGCGGATAGGGGT,0,5196543
yqjE_yqjK_yqjD_yqjC_predicted,0.3333333333333333,2,2,CCGCTACGAATGTGCGTGGC,0,5231551
yqjE_yqjK_yqjD_yqjC_predicted,0.3333333333333333,2,2,CCGCGTGGCAACGCGTCAGT,0,5183383
yqjE_yqjK_yqjD_yqjC_predicted,0.3333333333333333,2,2,CCGCGAGATTTATTTTAGCA,0,5229282
yqjE_yqjK_yqjD_yqjC_predicted,0.3333333333333333,2,2,CCGCCGCCAATAGTTTCTAA,0,5232220
yqjE_yqjK_yqjD_yqjC_predicted,0.3333333333333333,2,2,CCGCCCTAGGATGCCGGTAG,0,5195079
yqjE_yqjK_yqjD_yqjC_predicted,0.3333333333333333,2,2,CCGCAGTGCATCGACGTTCG,0,5240453
yqjE_yqjK_yqjD_yqjC_predicted,0.3333333333333333,2,2,CCGCAGGGCTTTTAAAAAAT,0,5232967
yqjE_yqjK_yqjD_yqjC_predicted,0.3333333333333333,2,2,CCGCAGGGATCGTTAATTAG,0,5258866
yqjE_yqjK_yqjD_yqjC_predicted,0.3333333333333333,2,2,CCGCAAGACTTAAATTAACT,0,5202140
yqjE_yqjK_yqjD_yqjC_predicted,0.3333333333333333,2,2,CCGATAGAACGCCAAAAGAC,0,5206247
yqjE_yqjK_yqjD_yqjC_predicted,0.3333333333333333,2,2,CCGAGCGGGTTTCTCTGAGA,0,5208039
yqjE_yqjK_yqjD_yqjC_predicted,0.3333333333333333,2,2,CCGAGATAAGGGACTGTAAG,0,5213896
yqjE_yqjK_yqjD_yqjC_predicted,0.3333333333333333,2,2,CCGAGAGTCAATCTGTCCGG,0,5257914
yqjE_yqjK_yqjD_yqjC_predicted,0.3333333333333333,2,2,CCGACTTTCGATACGGGCAG,0,5255107
yqjE_yqjK_yqjD_yqjC_predicted,0.3333333333333333,2,2,CCGACCTTGTGTTGTCGAGA,0,5189326
yqjE_yqjK_yqjD_yqjC_predicted,0.3333333333333333,2,2,CCGACATTTTTATAGAATTA,0,5237225
yqjE_yqjK_yqjD_yqjC_predicted,0.3333333333333333,2,2,CCGACACGCGAGGTCCGTGG,0,5223795
yqjE_yqjK_yqjD_yqjC_predicted,0.3333333333333333,2,2,CCGAAGGGCATGTCAGGCAT,0,5237959
yqjE_yqjK_yqjD_yqjC_predicted,0.3333333333333333,2,2,CCGAACACCGCTTCAAGGGG,0,5197953
yqjE_yqjK_yqjD_yqjC_predicted,0.3333333333333333,2,2,CCCTTCAACATACGCAGCTT,0,5235413
yqjE_yqjK_yqjD_yqjC_predicted,0.3333333333333333,2,2,CCCTTAGTTTCATGCTGTCT,0,5202771
yqjE_yqjK_yqjD_yqjC_predicted,0.3333333333333333,2,2,CCCTTAGTCCTACTCGAGGG,0,5209876
yqjE_yqjK_yqjD_yqjC_predicted,0.3333333333333333,2,2,CCCTGGACAATGCATCACTG,0,5191290
yqjE_yqjK_yqjD_yqjC_predicted,0.3333333333333333,2,2,CCCTGCGCTCAGCAACGACT,0,5255185
yqjE_yqjK_yqjD_yqjC_predicted,0.3333333333333333,2,2,CCCTGCCGCCGAAAGTAGGC,0,5174361
yqjE_yqjK_yqjD_yqjC_predicted,0.3333333333333333,2,2,CCCTGACTAGCCAGGCGCAA,0,5172196
yqjE_yqjK_yqjD_yqjC_predicted,0.3333333333333333,2,2,CCCTCTGGTGGGAATCGGCT,0,5223117
yqjE_yqjK_yqjD_yqjC_predicted,0.3333333333333333,2,2,CCCTCCAAATGGATAAGGCA,0,5185002
yqjE_yqjK_yqjD_yqjC_predicted,0.3333333333333333,2,2,CCCTACATGACTGTAAATTT,0,5258041
yqjE_yqjK_yqjD_yqjC_predicted,0.3333333333333333,2,2,CCCTAAGTATGTGGAGCTTG,0,5235007
yqjE_yqjK_yqjD_yqjC_predicted,0.3333333333333333,2,2,CCCTAACACGGGCATAGAAA,0,5194028
yqjE_yqjK_yqjD_yqjC_predicted,0.3333333333333333,2,2,CCCGTGTGCCCTTGGCCTAC,0,5230347
yqjE_yqjK_yqjD_yqjC_predicted,0.3333333333333333,2,2,CCCGTACTAAATTTACCGAC,0,5188744
yqjE_yqjK_yqjD_yqjC_predicted,0.3333333333333333,2,2,CCCGTAAAAAGCGTATCTAG,0,5254903
yqjE_yqjK_yqjD_yqjC_predicted,0.3333333333333333,2,2,CCCGGTCACCTACCCTTAAT,0,5217095
yqjE_yqjK_yqjD_yqjC_predicted,0.3333333333333333,2,2,CCCGGTACAATACCGCAATG,0,5236126
yqjE_yqjK_yqjD_yqjC_predicted,0.3333333333333333,2,2,CCCGGGTTCGTCATCGTCTA,0,5217866
yqjE_yqjK_yqjD_yqjC_predicted,0.3333333333333333,2,2,CCCGGGTAAGTTCGTTCTCC,0,5257400
yqjE_yqjK_yqjD_yqjC_predicted,0.3333333333333333,2,2,CCCGGCGCATCCATAGTTGA,0,5201152
yqjE_yqjK_yqjD_yqjC_predicted,0.3333333333333333,2,2,CCCGGCCAATTCCTCGCTCG,0,5236168
yqjE_yqjK_yqjD_yqjC_predicted,0.3333333333333333,2,2,CCCGGACATCAGCTCATGTG,0,5238057
yqjE_yqjK_yqjD_yqjC_predicted,0.3333333333333333,2,2,CCCGCGGCCCCCTAGAGTTC,0,5235674
yqjE_yqjK_yqjD_yqjC_predicted,0.3333333333333333,2,2,CCCGCGCATCATTCCCATAG,0,5247442
yqjE_yqjK_yqjD_yqjC_predicted,0.3333333333333333,2,2,CCCGCCTGATAAAATTCTCG,0,5207667
yqjE_yqjK_yqjD_yqjC_predicted,0.3333333333333333,2,2,CCCGCCGCATTTGATCAAAC,0,5177786
yqjE_yqjK_yqjD_yqjC_predicted,0.3333333333333333,2,2,CCCGCATAGAATTACGCTCT,0,5218146
yqjE_yqjK_yqjD_yqjC_predicted,0.3333333333333333,2,2,CCCGAGAAGCCTTACCGAGG,0,5202561
yqjE_yqjK_yqjD_yqjC_predicted,0.3333333333333333,2,2,CCCGACCGGGTTTATTTCCA,0,5215787
yqjE_yqjK_yqjD_yqjC_predicted,0.3333333333333333,2,2,CCCGAACATTTTAAAGTAGA,0,5178067
yqjE_yqjK_yqjD_yqjC_predicted,0.3333333333333333,2,2,CCCGAACAGGGAAAAACCCC,0,5171827
yqjE_yqjK_yqjD_yqjC_predicted,0.3333333333333333,2,2,CCCGAAAAAAATCTACGGGG,0,5172832
yqjE_yqjK_yqjD_yqjC_predicted,0.3333333333333333,2,2,CCCCGTACCAGAGACCATAG,0,5172365
yqjE_yqjK_yqjD_yqjC_predicted,0.3333333333333333,2,2,CCCCGAGTCTGGCTCTGCGA,0,5184749
yqjE_yqjK_yqjD_yqjC_predicted,0.3333333333333333,2,2,CCCCGAGCAGAACAACGTTG,0,5181836
yqjE_yqjK_yqjD_yqjC_predicted,0.3333333333333333,2,2,CCCCCGTCGCGTTGTCGAGT,0,5220587
yqjE_yqjK_yqjD_yqjC_predicted,0.3333333333333333,2,2,CCCCCCAATAAACACAAGGA,0,5247124
yqjE_yqjK_yqjD_yqjC_predicted,0.3333333333333333,2,2,CCCCCATATCTCCCAATGCC,0,5174149
yqjE_yqjK_yqjD_yqjC_predicted,0.3333333333333333,2,2,CCCCCAGTTGTGTAGTGGTT,0,5206263
yqjE_yqjK_yqjD_yqjC_predicted,0.3333333333333333,2,2,CCCCATTGACTGACCTGTAA,0,5177056
yqjE_yqjK_yqjD_yqjC_predicted,0.3333333333333333,2,2,CCCCAGCTCCTCCAGGACGA,0,5225871
yqjE_yqjK_yqjD_yqjC_predicted,0.3333333333333333,2,2,CCCCACATATTTATCCTTAC,0,5204020
yqjE_yqjK_yqjD_yqjC_predicted,0.3333333333333333,2,2,CCCCAAACCTGTCCTCGAGG,0,5251165
yqjE_yqjK_yqjD_yqjC_predicted,0.3333333333333333,2,2,CCCATTTTGTGATCGCATAT,0,5231224
yqjE_yqjK_yqjD_yqjC_predicted,0.3333333333333333,2,2,CCCATTGTTCGCGCTTGCTC,0,5219462
yqjE_yqjK_yqjD_yqjC_predicted,0.3333333333333333,2,2,CCCATGCACAGCGTGAGTAA,0,5177699
yqjE_yqjK_yqjD_yqjC_predicted,0.3333333333333333,2,2,CCCAGTAGCGTTTGGTTCGC,0,5180395
yqjE_yqjK_yqjD_yqjC_predicted,0.3333333333333333,2,2,CCCACCCTGGCCACTCTCTG,0,5230070
yqjE_yqjK_yqjD_yqjC_predicted,0.3333333333333333,2,2,CCCACATATAGTTGCCCTAT,0,5201640
yqjE_yqjK_yqjD_yqjC_predicted,0.3333333333333333,2,2,CCCAATTCAGATACCCGCTA,0,5212421
yqjE_yqjK_yqjD_yqjC_predicted,0.3333333333333333,2,2,CCCAAGTAACCTATAAGACT,0,5251361
yqjE_yqjK_yqjD_yqjC_predicted,0.3333333333333333,2,2,CCCAAGGGTAAGCCTCAGTA,0,5251706
yqjE_yqjK_yqjD_yqjC_predicted,0.3333333333333333,2,2,CCCAAATTTGCAGCCTTTCT,0,5200825
yqjE_yqjK_yqjD_yqjC_predicted,0.3333333333333333,2,2,CCCAAAATCTCAGAGTAACT,0,5198394
yqjE_yqjK_yqjD_yqjC_predicted,0.3333333333333333,2,2,CCCAAAAGCTCGAAAAAGAT,0,5236057
yqjE_yqjK_yqjD_yqjC_predicted,0.3333333333333333,2,2,CCATTTGGCGCTACCCCTGC,0,5230477
yqjE_yqjK_yqjD_yqjC_predicted,0.3333333333333333,2,2,CCATTGGGAGGGTTACAAAG,0,5261466
yqjE_yqjK_yqjD_yqjC_predicted,0.3333333333333333,2,2,CCATTACGCCTGGCCCATAA,0,5255237
yqjE_yqjK_yqjD_yqjC_predicted,0.3333333333333333,2,2,CCATGTATCACGGTTAAATC,0,5202371
yqjE_yqjK_yqjD_yqjC_predicted,0.3333333333333333,2,2,CCATGGTGTATAGCACTCCT,0,5215870
yqjE_yqjK_yqjD_yqjC_predicted,0.3333333333333333,2,2,CCATGAAGCAAGCCGTCACT,0,5172733
yqjE_yqjK_yqjD_yqjC_predicted,0.3333333333333333,2,2,CCATCTGTTGCTTCCGAATG,0,5211827
yqjE_yqjK_yqjD_yqjC_predicted,0.3333333333333333,2,2,CCATCGGACGGCGCCCACGG,0,5222383
yqjE_yqjK_yqjD_yqjC_predicted,0.3333333333333333,2,2,CCATCGCGGAGCGCGCATAT,0,5176188
yqjE_yqjK_yqjD_yqjC_predicted,0.3333333333333333,2,2,CCATCAGTTGGCGTAGAGTA,0,5181858
yqjE_yqjK_yqjD_yqjC_predicted,0.3333333333333333,2,2,CCATCAATGTTAGTACTGGC,0,5187756
yqjE_yqjK_yqjD_yqjC_predicted,0.3333333333333333,2,2,CCATATTAGATGATCCCCCA,0,5247056
yqjE_yqjK_yqjD_yqjC_predicted,0.3333333333333333,2,2,CCATATGTCTTAGAAAAAAA,0,5249823
yqjE_yqjK_yqjD_yqjC_predicted,0.3333333333333333,2,2,CCATATGTCTCCTTAAGTTA,0,5179199
yqjE_yqjK_yqjD_yqjC_predicted,0.3333333333333333,2,2,CCATAGTTGACATAGCGGAA,0,5237204
yqjE_yqjK_yqjD_yqjC_predicted,0.3333333333333333,2,2,CCATAGGGCCTTTCAGCCGC,0,5232975
yqjE_yqjK_yqjD_yqjC_predicted,0.3333333333333333,2,2,CCATAGAAGGGAATCATTGC,0,5198804
yqjE_yqjK_yqjD_yqjC_predicted,0.3333333333333333,2,2,CCAGGGACGTCGCGCTGGCT,0,5240125
yqjE_yqjK_yqjD_yqjC_predicted,0.3333333333333333,2,2,CCAGGATAGCCCTGCACGAT,0,5246544
yqjE_yqjK_yqjD_yqjC_predicted,0.3333333333333333,2,2,CCAGCTGCTTAGATTTCTTT,0,5211905
yqjE_yqjK_yqjD_yqjC_predicted,0.3333333333333333,2,2,CCAGCCTGACACACGCTTTC,0,5259072
yqjE_yqjK_yqjD_yqjC_predicted,0.3333333333333333,2,2,CCAGCCTCGTGGTCAAGGTC,0,5254136
yqjE_yqjK_yqjD_yqjC_predicted,0.3333333333333333,2,2,CCAGCCGTGCTTATTATGAA,0,5227346
yqjE_yqjK_yqjD_yqjC_predicted,0.3333333333333333,2,2,CCAGACGGCTACGGTAGGAA,0,5170932
yqjE_yqjK_yqjD_yqjC_predicted,0.3333333333333333,2,2,CCAGACAAATGGCTCTCCAG,0,5208380
yqjE_yqjK_yqjD_yqjC_predicted,0.3333333333333333,2,2,CCAGAAGGGCCACACTCGTA,0,5227466
yqjE_yqjK_yqjD_yqjC_predicted,0.3333333333333333,2,2,CCACTTCGCGTCAAGTTGGT,0,5231335
yqjE_yqjK_yqjD_yqjC_predicted,0.3333333333333333,2,2,CCACTGTACCGGCAAGTGCC,0,5247608
yqjE_yqjK_yqjD_yqjC_predicted,0.3333333333333333,2,2,CCACTAGATGTTCCAGTAAT,0,5185314
yqjE_yqjK_yqjD_yqjC_predicted,0.3333333333333333,2,2,CCACGGGGCACATGGTTGAG,0,5251067
yqjE_yqjK_yqjD_yqjC_predicted,0.3333333333333333,2,2,CCACGACTCGAGCGCCCATG,0,5205087
yqjE_yqjK_yqjD_yqjC_predicted,0.3333333333333333,2,2,CCACGAAGCTCAAATTGGCG,0,5205439
yqjE_yqjK_yqjD_yqjC_predicted,0.3333333333333333,2,2,CCACCTTTAAGACAGGAGGA,0,5170883
yqjE_yqjK_yqjD_yqjC_predicted,0.3333333333333333,2,2,CCACCGCGCGCACTACTATC,0,5258766
yqjE_yqjK_yqjD_yqjC_predicted,0.3333333333333333,2,2,CCACCATGGACTATAACTTG,0,5234591
yqjE_yqjK_yqjD_yqjC_predicted,0.3333333333333333,2,2,CCACAGCGTCCACCTGTGTA,0,5228995
yqjE_yqjK_yqjD_yqjC_predicted,0.3333333333333333,2,2,CCACACTCAGCTGAGCTATC,0,5260795
yqjE_yqjK_yqjD_yqjC_predicted,0.3333333333333333,2,2,CCACAAGTTCCCATGGGAGC,0,5204521
yqjE_yqjK_yqjD_yqjC_predicted,0.3333333333333333,2,2,CCAATTGGTGAGGCGGGGGA,0,5171786
yqjE_yqjK_yqjD_yqjC_predicted,0.3333333333333333,2,2,CCAATTATGGGCGAATTGGA,0,5175564
yqjE_yqjK_yqjD_yqjC_predicted,0.3333333333333333,2,2,CCAATGCACGCGGAGTAGAC,0,5250825
yqjE_yqjK_yqjD_yqjC_predicted,0.3333333333333333,2,2,CCAATGATCTGTCGAAGTCC,0,5180063
yqjE_yqjK_yqjD_yqjC_predicted,0.3333333333333333,2,2,CCAATCCGTGCTATTCACTC,0,5241610
yqjE_yqjK_yqjD_yqjC_predicted,0.3333333333333333,2,2,CCAAGTTCCATAGATCAGGT,0,5253124
yqjE_yqjK_yqjD_yqjC_predicted,0.3333333333333333,2,2,CCAAGTGCGTAGGAACGAGG,0,5250667
yqjE_yqjK_yqjD_yqjC_predicted,0.3333333333333333,2,2,CCAACCTTTAGGCTTGTGGT,0,5257714
yqjE_yqjK_yqjD_yqjC_predicted,0.3333333333333333,2,2,CCAACCACCCATTAGGTCTC,0,5230896
yqjE_yqjK_yqjD_yqjC_predicted,0.3333333333333333,2,2,CCAAAGCCTTCGACACCACT,0,5192632
yqjE_yqjK_yqjD_yqjC_predicted,0.3333333333333333,2,2,CCAAACGCTTCGGACTCGAT,0,5253840
yqjE_yqjK_yqjD_yqjC_predicted,0.3333333333333333,2,2,CATTTGCGGAAAACGTCTTA,0,5185104
yqjE_yqjK_yqjD_yqjC_predicted,0.3333333333333333,2,2,CATTTCTCAGGAGCCATGGT,0,5183366
yqjE_yqjK_yqjD_yqjC_predicted,0.3333333333333333,2,2,CATTGTATGATGCACACTAT,0,5214387
yqjE_yqjK_yqjD_yqjC_predicted,0.3333333333333333,2,2,CATTGGGCGCAATCATCAGT,0,5231414
yqjE_yqjK_yqjD_yqjC_predicted,0.3333333333333333,2,2,CATTCGCGGGGGTCAGTGAG,0,5257926
yqjE_yqjK_yqjD_yqjC_predicted,0.3333333333333333,2,2,CATTCATGGGGAACAAATCG,0,5261127
yqjE_yqjK_yqjD_yqjC_predicted,0.3333333333333333,2,2,CATTCAGTCGCAAACAGGCT,0,5233903
yqjE_yqjK_yqjD_yqjC_predicted,0.3333333333333333,2,2,CATTCACTTAGAACGCAAAA,0,5254205
yqjE_yqjK_yqjD_yqjC_predicted,0.3333333333333333,2,2,CATTATGGTTACTTCGCTTG,0,5259728
yqjE_yqjK_yqjD_yqjC_predicted,0.3333333333333333,2,2,CATTATGGATAAGATTGCCT,0,5191590
yqjE_yqjK_yqjD_yqjC_predicted,0.3333333333333333,2,2,CATTAGCATGAGTGCTGAAC,0,5238846
yqjE_yqjK_yqjD_yqjC_predicted,0.3333333333333333,2,2,CATTACAAGAGGCCCTACCA,0,5230269
yqjE_yqjK_yqjD_yqjC_predicted,0.3333333333333333,2,2,CATGTTAATAACGTTACCAC,0,5254336
yqjE_yqjK_yqjD_yqjC_predicted,0.3333333333333333,2,2,CATGTAGGATCCGTGTCCCC,0,5225082
yqjE_yqjK_yqjD_yqjC_predicted,0.3333333333333333,2,2,CATGTAGACCTAATGCTGGG,0,5258337
yqjE_yqjK_yqjD_yqjC_predicted,0.3333333333333333,2,2,CATGGGGTGGCCCGCGACAA,0,5202373
yqjE_yqjK_yqjD_yqjC_predicted,0.3333333333333333,2,2,CATGGAAATCATGTCCTCAG,0,5197713
yqjE_yqjK_yqjD_yqjC_predicted,0.3333333333333333,2,2,CATGCTTAAGTTTTAATCAG,0,5178431
yqjE_yqjK_yqjD_yqjC_predicted,0.3333333333333333,2,2,CATGCTAGCTCCGCACGCCG,0,5202325
yqjE_yqjK_yqjD_yqjC_predicted,0.3333333333333333,2,2,CATGCGGTGTCTGCAATTGT,0,5196464
yqjE_yqjK_yqjD_yqjC_predicted,0.3333333333333333,2,2,CATGCGCATAACCATGCATT,0,5225810
yqjE_yqjK_yqjD_yqjC_predicted,0.3333333333333333,2,2,CATGCCGGATGCGAGTTTAA,0,5237684
yqjE_yqjK_yqjD_yqjC_predicted,0.3333333333333333,2,2,CATGAGGTAGCCCTAGATTA,0,5206012
yqjE_yqjK_yqjD_yqjC_predicted,0.3333333333333333,2,2,CATGAGGGATAAGAATAGTG,0,5238404
yqjE_yqjK_yqjD_yqjC_predicted,0.3333333333333333,2,2,CATGACGTTAAGGATCGAGG,0,5234690
yqjE_yqjK_yqjD_yqjC_predicted,0.3333333333333333,2,2,CATGACAATTACCAAATATC,0,5229263
yqjE_yqjK_yqjD_yqjC_predicted,0.3333333333333333,2,2,CATGAATTTTTAGTAATGCC,0,5207425
yqjE_yqjK_yqjD_yqjC_predicted,0.3333333333333333,2,2,CATGAATCTACGACACGGTA,0,5173763
yqjE_yqjK_yqjD_yqjC_predicted,0.3333333333333333,2,2,CATCTGTGAGAGCCCCTATT,0,5175848
yqjE_yqjK_yqjD_yqjC_predicted,0.3333333333333333,2,2,CATCTCGGTACTTGGGATTA,0,5238940
yqjE_yqjK_yqjD_yqjC_predicted,0.3333333333333333,2,2,CATCTACCTCAGTGTTAGAC,0,5233518
yqjE_yqjK_yqjD_yqjC_predicted,0.3333333333333333,2,2,CATCGTTAAGCAGATAGCTC,0,5216261
yqjE_yqjK_yqjD_yqjC_predicted,0.3333333333333333,2,2,CATCGGGTCCGGTGGATCAA,0,5210704
yqjE_yqjK_yqjD_yqjC_predicted,0.3333333333333333,2,2,CATCGGGCGCGCGGCATTCT,0,5180264
yqjE_yqjK_yqjD_yqjC_predicted,0.3333333333333333,2,2,CATCCAATGGGGTATCCGCA,0,5212386
yqjE_yqjK_yqjD_yqjC_predicted,0.3333333333333333,2,2,CATCACGTAACACAGTGTCT,0,5234684
yqjE_yqjK_yqjD_yqjC_predicted,0.3333333333333333,2,2,CATATTGTTTCAGCCTCCGA,0,5221893
yqjE_yqjK_yqjD_yqjC_predicted,0.3333333333333333,2,2,CATATCGGTACGATGACAGA,0,5195240
yqjE_yqjK_yqjD_yqjC_predicted,0.3333333333333333,2,2,CATATCGACTGTCTGCAGGT,0,5232404
yqjE_yqjK_yqjD_yqjC_predicted,0.3333333333333333,2,2,CATATCATTATGGAATCGAA,0,5171870
yqjE_yqjK_yqjD_yqjC_predicted,0.3333333333333333,2,2,CATAGTACTCGCCAAATCTT,0,5184430
yqjE_yqjK_yqjD_yqjC_predicted,0.3333333333333333,2,2,CATAGTAATGATTAGATACG,0,5197506
yqjE_yqjK_yqjD_yqjC_predicted,0.3333333333333333,2,2,CATAGGGAGCGACGTTAGGG,0,5194218
yqjE_yqjK_yqjD_yqjC_predicted,0.3333333333333333,2,2,CATAGGCGTTTGTTTTCCAG,0,5215838
yqjE_yqjK_yqjD_yqjC_predicted,0.3333333333333333,2,2,CATAGAACCAGAGATCTATG,0,5219465
yqjE_yqjK_yqjD_yqjC_predicted,0.3333333333333333,2,2,CATACCGGCTTTTAGTTTGG,0,5244196
yqjE_yqjK_yqjD_yqjC_predicted,0.3333333333333333,2,2,CATAATTCCAAAGTGTGTCG,0,5200918
yqjE_yqjK_yqjD_yqjC_predicted,0.3333333333333333,2,2,CAGTTTGTGACCGAATCTAT,0,5226278
yqjE_yqjK_yqjD_yqjC_predicted,0.3333333333333333,2,2,CAGTTTGCCGGCATTTGTCT,0,5180403
yqjE_yqjK_yqjD_yqjC_predicted,0.3333333333333333,2,2,CAGTTTCGCCGCGATTTGGA,0,5175574
yqjE_yqjK_yqjD_yqjC_predicted,0.3333333333333333,2,2,CAGTTGGCAAACCAAAGGCT,0,5187717
yqjE_yqjK_yqjD_yqjC_predicted,0.3333333333333333,2,2,CAGTTCAGCCTTGAGACTTC,0,5194577
yqjE_yqjK_yqjD_yqjC_predicted,0.3333333333333333,2,2,CAGTTACGAGGAATAGGGAC,0,5188255
yqjE_yqjK_yqjD_yqjC_predicted,0.3333333333333333,2,2,CAGTTACAACTAGCCAGAGC,0,5208163
yqjE_yqjK_yqjD_yqjC_predicted,0.3333333333333333,2,2,CAGTGTGCGCACATGAGGCA,0,5248867
yqjE_yqjK_yqjD_yqjC_predicted,0.3333333333333333,2,2,CAGTGTATTTCCATGCGGGT,0,5260798
yqjE_yqjK_yqjD_yqjC_predicted,0.3333333333333333,2,2,CAGTGGCTCTGCGCCCCCTA,0,5247107
yqjE_yqjK_yqjD_yqjC_predicted,0.3333333333333333,2,2,CAGTCTCTCTCAATTGGGTT,0,5249367
yqjE_yqjK_yqjD_yqjC_predicted,0.3333333333333333,2,2,CAGTCATCGATAGGGGATAG,0,5216622
yqjE_yqjK_yqjD_yqjC_predicted,0.3333333333333333,2,2,CAGTAGTCGCTTCGTACTTT,0,5241395
yqjE_yqjK_yqjD_yqjC_predicted,0.3333333333333333,2,2,CAGTAGGATTTATACACCGC,0,5260667
yqjE_yqjK_yqjD_yqjC_predicted,0.3333333333333333,2,2,CAGTACTGTATTTTATTGAG,0,5224320
yqjE_yqjK_yqjD_yqjC_predicted,0.3333333333333333,2,2,CAGTACGTTTTCCACACATC,0,5241754
yqjE_yqjK_yqjD_yqjC_predicted,0.3333333333333333,2,2,CAGTAAGCTGCAGGATTGCG,0,5210008
yqjE_yqjK_yqjD_yqjC_predicted,0.3333333333333333,2,2,CAGGTTCTTTCTTCTTCGGT,0,5182372
yqjE_yqjK_yqjD_yqjC_predicted,0.3333333333333333,2,2,CAGGTTAGGCTTTGCTAGGA,0,5171137
yqjE_yqjK_yqjD_yqjC_predicted,0.3333333333333333,2,2,CAGGTGGAGGTGGGGCGAAT,0,5240497
yqjE_yqjK_yqjD_yqjC_predicted,0.3333333333333333,2,2,CAGGTCTCTCTCGCCTTGTG,0,5253348
yqjE_yqjK_yqjD_yqjC_predicted,0.3333333333333333,2,2,CAGGTCTAACTAAAGCATTT,0,5235071
yqjE_yqjK_yqjD_yqjC_predicted,0.3333333333333333,2,2,CAGGTAACACCGTGTCAGGT,0,5185681
yqjE_yqjK_yqjD_yqjC_predicted,0.3333333333333333,2,2,CAGGGTGTTCCGCGCTTCGG,0,5249469
yqjE_yqjK_yqjD_yqjC_predicted,0.3333333333333333,2,2,CAGGGGTGAGAGACCGTCAT,0,5188047
yqjE_yqjK_yqjD_yqjC_predicted,0.3333333333333333,2,2,CAGGGCGCAGAGCTCGATCT,0,5185980
yqjE_yqjK_yqjD_yqjC_predicted,0.3333333333333333,2,2,CAGGGACGTCATAATAGGGC,0,5210842
yqjE_yqjK_yqjD_yqjC_predicted,0.3333333333333333,2,2,CAGGCGTAGCGCGGGTTACT,0,5220885
yqjE_yqjK_yqjD_yqjC_predicted,0.3333333333333333,2,2,CAGGCGGGATCCGGAGACCA,0,5234301
yqjE_yqjK_yqjD_yqjC_predicted,0.3333333333333333,2,2,CAGGCGAGATTCTCTGCCGA,0,5247179
yqjE_yqjK_yqjD_yqjC_predicted,0.3333333333333333,2,2,CAGGCATGTCAGATGTGTAG,0,5205969
yqjE_yqjK_yqjD_yqjC_predicted,0.3333333333333333,2,2,CAGGCAGAGAATGTAACTGG,0,5224513
yqjE_yqjK_yqjD_yqjC_predicted,0.3333333333333333,2,2,CAGGATTTATACCCTACACA,0,5237677
yqjE_yqjK_yqjD_yqjC_predicted,0.3333333333333333,2,2,CAGGATAGAGGTTCCCGGGA,0,5184251
yqjE_yqjK_yqjD_yqjC_predicted,0.3333333333333333,2,2,CAGGACAATAGATACCAATC,0,5250320
yqjE_yqjK_yqjD_yqjC_predicted,0.3333333333333333,2,2,CAGGAATTAGTTCCCTACTT,0,5258048
yqjE_yqjK_yqjD_yqjC_predicted,0.3333333333333333,2,2,CAGGAACAAAATTTTAATTC,0,5203915
yqjE_yqjK_yqjD_yqjC_predicted,0.3333333333333333,2,2,CAGCTTTCTTCTCTCGGTTA,0,5220125
yqjE_yqjK_yqjD_yqjC_predicted,0.3333333333333333,2,2,CAGCTTTCATTCTCCAAGAA,0,5216951
yqjE_yqjK_yqjD_yqjC_predicted,0.3333333333333333,2,2,CAGCTTTAACGCAACTGATT,0,5222917
yqjE_yqjK_yqjD_yqjC_predicted,0.3333333333333333,2,2,CAGCTATAGAATCGGGTTGC,0,5208381
yqjE_yqjK_yqjD_yqjC_predicted,0.3333333333333333,2,2,CAGCGTTCGGGCCATGACTA,0,5249315
yqjE_yqjK_yqjD_yqjC_predicted,0.3333333333333333,2,2,CAGCGTCAGTAATCTTTGCG,0,5243249
yqjE_yqjK_yqjD_yqjC_predicted,0.3333333333333333,2,2,CAGCGCAAAGGACCTCCAGT,0,5174506
yqjE_yqjK_yqjD_yqjC_predicted,0.3333333333333333,2,2,CAGCGAAATTTGGAGTGTCT,0,5235022
yqjE_yqjK_yqjD_yqjC_predicted,0.3333333333333333,2,2,CAGCCTAGGGTTCGAGCGAC,0,5245318
yqjE_yqjK_yqjD_yqjC_predicted,0.3333333333333333,2,2,CAGCCAAAAGGCCGCGCTTT,0,5246525
yqjE_yqjK_yqjD_yqjC_predicted,0.3333333333333333,2,2,CAGCATTATCTTCAATGCGA,0,5260140
yqjE_yqjK_yqjD_yqjC_predicted,0.3333333333333333,2,2,CAGCAGTTGACAAGTCATCC,0,5193336
yqjE_yqjK_yqjD_yqjC_predicted,0.3333333333333333,2,2,CAGCAGTGGAAACATGAAAA,0,5199444
yqjE_yqjK_yqjD_yqjC_predicted,0.3333333333333333,2,2,CAGCACTTTTCGGACGCGTG,0,5246298
yqjE_yqjK_yqjD_yqjC_predicted,0.3333333333333333,2,2,CAGATAAAACCCTGCATTCG,0,5182673
yqjE_yqjK_yqjD_yqjC_predicted,0.3333333333333333,2,2,CAGACTGTCAACTTACGTGT,0,5257264
yqjE_yqjK_yqjD_yqjC_predicted,0.3333333333333333,2,2,CAGACGTACTCGACCGGGAG,0,5185870
yqjE_yqjK_yqjD_yqjC_predicted,0.3333333333333333,2,2,CAGACGCCGGTGCCTTCGCC,0,5239128
yqjE_yqjK_yqjD_yqjC_predicted,0.3333333333333333,2,2,CAGAATGTGTTGGTCACTTG,0,5209641
yqjE_yqjK_yqjD_yqjC_predicted,0.3333333333333333,2,2,CAGAAGTGTATGTCCCTGTC,0,5206990
yqjE_yqjK_yqjD_yqjC_predicted,0.3333333333333333,2,2,CACTTATTTGACAATGCCAA,0,5257223
yqjE_yqjK_yqjD_yqjC_predicted,0.3333333333333333,2,2,CACTTATACGTGTGAATATT,0,5211571
yqjE_yqjK_yqjD_yqjC_predicted,0.3333333333333333,2,2,CACTGCACCTACCATGTTAG,0,5227984
yqjE_yqjK_yqjD_yqjC_predicted,0.3333333333333333,2,2,CACTGATGTAGCAATGTGCG,0,5197082
yqjE_yqjK_yqjD_yqjC_predicted,0.3333333333333333,2,2,CACTCGCTTCGTGCCGGACG,0,5249000
yqjE_yqjK_yqjD_yqjC_predicted,0.3333333333333333,2,2,CACTCGCGGATCCAAAACGA,0,5178985
yqjE_yqjK_yqjD_yqjC_predicted,0.3333333333333333,2,2,CACTATCAACATCCAGCCAT,0,5188639
yqjE_yqjK_yqjD_yqjC_predicted,0.3333333333333333,2,2,CACGTTTGCGAGGCAGAAGA,0,5204439
yqjE_yqjK_yqjD_yqjC_predicted,0.3333333333333333,2,2,CACGTGCGGGACGTACACCT,0,5211812
yqjE_yqjK_yqjD_yqjC_predicted,0.3333333333333333,2,2,CACGTGAATATCTGACGGTC,0,5173452
yqjE_yqjK_yqjD_yqjC_predicted,0.3333333333333333,2,2,CACGTCGTTATGGCGGCGGG,0,5219540
yqjE_yqjK_yqjD_yqjC_predicted,0.3333333333333333,2,2,CACGGGATTCCTAAAGAACT,0,5226284
yqjE_yqjK_yqjD_yqjC_predicted,0.3333333333333333,2,2,CACGGCTCAGAGAGAGCAGT,0,5202499
yqjE_yqjK_yqjD_yqjC_predicted,0.3333333333333333,2,2,CACGGCACTAAGTTGACAGG,0,5204390
yqjE_yqjK_yqjD_yqjC_predicted,0.3333333333333333,2,2,CACGGATGACTAATGGACTA,0,5246581
yqjE_yqjK_yqjD_yqjC_predicted,0.3333333333333333,2,2,CACGCGCAAAGATAAGATTC,0,5205433
yqjE_yqjK_yqjD_yqjC_predicted,0.3333333333333333,2,2,CACGCGAGTGAGCATACTCC,0,5250124
yqjE_yqjK_yqjD_yqjC_predicted,0.3333333333333333,2,2,CACGCCTTTCGGCAAAAACT,0,5207728
yqjE_yqjK_yqjD_yqjC_predicted,0.3333333333333333,2,2,CACGCCACCCTTTAGCTTTT,0,5222668
yqjE_yqjK_yqjD_yqjC_predicted,0.3333333333333333,2,2,CACGCATTTAGATGGCGGGG,0,5235030
yqjE_yqjK_yqjD_yqjC_predicted,0.3333333333333333,2,2,CACGCATCCTGCCGGTGCCG,0,5173923
yqjE_yqjK_yqjD_yqjC_predicted,0.3333333333333333,2,2,CACCTTTTTCGGACACATAC,0,5200955
yqjE_yqjK_yqjD_yqjC_predicted,0.3333333333333333,2,2,CACCTTTATTAAAATACCTT,0,5199875
yqjE_yqjK_yqjD_yqjC_predicted,0.3333333333333333,2,2,CACCTACCAAACCTGCTATA,0,5249063
yqjE_yqjK_yqjD_yqjC_predicted,0.3333333333333333,2,2,CACCCTGAGGCTTCGGACCA,0,5200429
yqjE_yqjK_yqjD_yqjC_predicted,0.3333333333333333,2,2,CACCCGGGACTCGCATGTAG,0,5193029
yqjE_yqjK_yqjD_yqjC_predicted,0.3333333333333333,2,2,CACCAGTTCGGGATCTGCGT,0,5248182
yqjE_yqjK_yqjD_yqjC_predicted,0.3333333333333333,2,2,CACCAGACGGGTTTAACTGC,0,5227797
yqjE_yqjK_yqjD_yqjC_predicted,0.3333333333333333,2,2,CACCACTTAAAGAGGCCGAT,0,5205731
yqjE_yqjK_yqjD_yqjC_predicted,0.3333333333333333,2,2,CACCACGGTCCCGATAACCC,0,5181566
yqjE_yqjK_yqjD_yqjC_predicted,0.3333333333333333,2,2,CACATCTCCCCGCTCCTAGA,0,5260892
yqjE_yqjK_yqjD_yqjC_predicted,0.3333333333333333,2,2,CACATCCCTCCCTAGTACGC,0,5227942
yqjE_yqjK_yqjD_yqjC_predicted,0.3333333333333333,2,2,CACATAGTTCAGATTCTGTT,0,5217792
yqjE_yqjK_yqjD_yqjC_predicted,0.3333333333333333,2,2,CACAGTTTATACCTGCCTAC,0,5243798
yqjE_yqjK_yqjD_yqjC_predicted,0.3333333333333333,2,2,CACAGTGGTTTGATAGGAGT,0,5207068
yqjE_yqjK_yqjD_yqjC_predicted,0.3333333333333333,2,2,CACAGTGGTTATTCAACATA,0,5258736
yqjE_yqjK_yqjD_yqjC_predicted,0.3333333333333333,2,2,CACAGCTCCCACCAATAGGA,0,5188362
yqjE_yqjK_yqjD_yqjC_predicted,0.3333333333333333,2,2,CACACTTATCCGTCCGGGTC,0,5205685
yqjE_yqjK_yqjD_yqjC_predicted,0.3333333333333333,2,2,CACACAGGGTTAGCGGACCA,0,5201641
yqjE_yqjK_yqjD_yqjC_predicted,0.3333333333333333,2,2,CACACAGGCGTTACTTACGT,0,5201096
yqjE_yqjK_yqjD_yqjC_predicted,0.3333333333333333,2,2,CACAAGGCGGGACCTTGGAG,0,5196454
yqjE_yqjK_yqjD_yqjC_predicted,0.3333333333333333,2,2,CACAAATGACCCTTTCGATG,0,5247495
yqjE_yqjK_yqjD_yqjC_predicted,0.3333333333333333,2,2,CAATTGTAGTCAACAGTATA,0,5203028
yqjE_yqjK_yqjD_yqjC_predicted,0.3333333333333333,2,2,CAATGTGGCCACCCAGGATA,0,5222218
yqjE_yqjK_yqjD_yqjC_predicted,0.3333333333333333,2,2,CAATGGTTGTCAAGTTCTGA,0,5172659
yqjE_yqjK_yqjD_yqjC_predicted,0.3333333333333333,2,2,CAATCTTTGGTTACACAGGC,0,5196450
yqjE_yqjK_yqjD_yqjC_predicted,0.3333333333333333,2,2,CAATCTTGGAGGGCGCCGCG,0,5219058
yqjE_yqjK_yqjD_yqjC_predicted,0.3333333333333333,2,2,CAATCAGTTGCCGATTTGTG,0,5184198
yqjE_yqjK_yqjD_yqjC_predicted,0.3333333333333333,2,2,CAATCACATTGACAAGAGAG,0,5248634
yqjE_yqjK_yqjD_yqjC_predicted,0.3333333333333333,2,2,CAATAGGATGGGCACCCGAG,0,5239897
yqjE_yqjK_yqjD_yqjC_predicted,0.3333333333333333,2,2,CAATAATTCGCCGGCGGTCC,0,5203114
yqjE_yqjK_yqjD_yqjC_predicted,0.3333333333333333,2,2,CAATAATTCATAAGTACTCG,0,5196080
yqjE_yqjK_yqjD_yqjC_predicted,0.3333333333333333,2,2,CAATAACATTTCATTCATCG,0,5178279
yqjE_yqjK_yqjD_yqjC_predicted,0.3333333333333333,2,2,CAATAAAGTGGCTTGCAAAT,0,5223134
yqjE_yqjK_yqjD_yqjC_predicted,0.3333333333333333,2,2,CAAGTGTCAGGTCTTCTAGA,0,5199686
yqjE_yqjK_yqjD_yqjC_predicted,0.3333333333333333,2,2,CAAGGAAACCGCTGCAGACG,0,5220666
yqjE_yqjK_yqjD_yqjC_predicted,0.3333333333333333,2,2,CAAGCTTGCAGCGTGATGTG,0,5249386
yqjE_yqjK_yqjD_yqjC_predicted,0.3333333333333333,2,2,CAAGCCTACGTAAAATTACA,0,5220268
yqjE_yqjK_yqjD_yqjC_predicted,0.3333333333333333,2,2,CAAGCACGCTGAAAACGGGA,0,5258888
yqjE_yqjK_yqjD_yqjC_predicted,0.3333333333333333,2,2,CAAGAATTTGAACCCGAAAT,0,5257394
yqjE_yqjK_yqjD_yqjC_predicted,0.3333333333333333,2,2,CAAGAACCTAACAGGCAATT,0,5258510
yqjE_yqjK_yqjD_yqjC_predicted,0.3333333333333333,2,2,CAACTTGCTTGCGTCAGACT,0,5225189
yqjE_yqjK_yqjD_yqjC_predicted,0.3333333333333333,2,2,CAACTTGAAAGGTATAGATA,0,5240825
yqjE_yqjK_yqjD_yqjC_predicted,0.3333333333333333,2,2,CAACTTACCGCGGGGGTAGA,0,5194519
yqjE_yqjK_yqjD_yqjC_predicted,0.3333333333333333,2,2,CAACTGGTAAAACCCATTTA,0,5231275
yqjE_yqjK_yqjD_yqjC_predicted,0.3333333333333333,2,2,CAACGTGTAGATAGCATGTA,0,5223536
yqjE_yqjK_yqjD_yqjC_predicted,0.3333333333333333,2,2,CAACGAGATGGCATACACCC,0,5261720
yqjE_yqjK_yqjD_yqjC_predicted,0.3333333333333333,2,2,CAACCGATATCCAGGTCGAA,0,5201434
yqjE_yqjK_yqjD_yqjC_predicted,0.3333333333333333,2,2,CAACCCCTCGACGATCAAGG,0,5245784
yqjE_yqjK_yqjD_yqjC_predicted,0.3333333333333333,2,2,CAACAGGAGATCTATACTAG,0,5209578
yqjE_yqjK_yqjD_yqjC_predicted,0.3333333333333333,2,2,CAACACAAGATCGAGGGTAA,0,5248497
yqjE_yqjK_yqjD_yqjC_predicted,0.3333333333333333,2,2,CAAATTCGGCAGCATGCTTT,0,5199086
yqjE_yqjK_yqjD_yqjC_predicted,0.3333333333333333,2,2,CAAATCCACAACGGCCATAT,0,5203925
yqjE_yqjK_yqjD_yqjC_predicted,0.3333333333333333,2,2,CAAATAGATTCCACTCGTTG,0,5248586
yqjE_yqjK_yqjD_yqjC_predicted,0.3333333333333333,2,2,CAAAGGGTGATCGGATCCCT,0,5256267
yqjE_yqjK_yqjD_yqjC_predicted,0.3333333333333333,2,2,CAAAGGCATGTCAATTTTAT,0,5212335
yqjE_yqjK_yqjD_yqjC_predicted,0.3333333333333333,2,2,CAAAGCTGATAGACGCGTCC,0,5197167
yqjE_yqjK_yqjD_yqjC_predicted,0.3333333333333333,2,2,CAAACTGGTCACTCCGCTCC,0,5244603
yqjE_yqjK_yqjD_yqjC_predicted,0.3333333333333333,2,2,ATTTGGACAAGACAAGCCGG,0,5176116
yqjE_yqjK_yqjD_yqjC_predicted,0.3333333333333333,2,2,ATTTGCGCCGACCCCGGGCG,0,5261671
yqjE_yqjK_yqjD_yqjC_predicted,0.3333333333333333,2,2,ATTTCTTTACAGCTGGTGCA,0,5213982
yqjE_yqjK_yqjD_yqjC_predicted,0.3333333333333333,2,2,ATTTCTAAGAACGGGTAATT,0,5195119
yqjE_yqjK_yqjD_yqjC_predicted,0.3333333333333333,2,2,ATTTCGGGTCAATTTTCTTG,0,5246256
yqjE_yqjK_yqjD_yqjC_predicted,0.3333333333333333,2,2,ATTTCATGGTCGTACTTGAG,0,5225941
yqjE_yqjK_yqjD_yqjC_predicted,0.3333333333333333,2,2,ATTTATCTAACAGCCGACGG,0,5224233
yqjE_yqjK_yqjD_yqjC_predicted,0.3333333333333333,2,2,ATTTAGATTAGAATACTGAA,0,5195729
yqjE_yqjK_yqjD_yqjC_predicted,0.3333333333333333,2,2,ATTGTTGCCGGCAACGTGAA,0,5200226
yqjE_yqjK_yqjD_yqjC_predicted,0.3333333333333333,2,2,ATTGTTCGGTAATACGGACA,0,5176068
yqjE_yqjK_yqjD_yqjC_predicted,0.3333333333333333,2,2,ATTGGTGATCAGACGTTCAG,0,5223882
yqjE_yqjK_yqjD_yqjC_predicted,0.3333333333333333,2,2,ATTGGATATATTCCTAGCTC,0,5223255
yqjE_yqjK_yqjD_yqjC_predicted,0.3333333333333333,2,2,ATTGCGGCCCTCTGAAACGT,0,5180310
yqjE_yqjK_yqjD_yqjC_predicted,0.3333333333333333,2,2,ATTGCCTTTTCGTAGTCGCC,0,5242850
yqjE_yqjK_yqjD_yqjC_predicted,0.3333333333333333,2,2,ATTGAATATCAGCGCTTATT,0,5189527
yqjE_yqjK_yqjD_yqjC_predicted,0.3333333333333333,2,2,ATTGAAGTTATGGATCTGCC,0,5172766
yqjE_yqjK_yqjD_yqjC_predicted,0.3333333333333333,2,2,ATTGAAGCTCATCTCGATTA,0,5260092
yqjE_yqjK_yqjD_yqjC_predicted,0.3333333333333333,2,2,ATTGAAATTGTGCGTTATCA,0,5255949
yqjE_yqjK_yqjD_yqjC_predicted,0.3333333333333333,2,2,ATTCTGGTCCTTAGGGTGTA,0,5223252
yqjE_yqjK_yqjD_yqjC_predicted,0.3333333333333333,2,2,ATTCTGGCCGTTCTAGAGTT,0,5229109
yqjE_yqjK_yqjD_yqjC_predicted,0.3333333333333333,2,2,ATTCTGCAGGGGAACGTTCG,0,5255090
yqjE_yqjK_yqjD_yqjC_predicted,0.3333333333333333,2,2,ATTCTCGGCAAACTTAGAGG,0,5215834
yqjE_yqjK_yqjD_yqjC_predicted,0.3333333333333333,2,2,ATTCGTAGCGAATTTACATC,0,5220899
yqjE_yqjK_yqjD_yqjC_predicted,0.3333333333333333,2,2,ATTCGTAACACTTGTATAGT,0,5196841
yqjE_yqjK_yqjD_yqjC_predicted,0.3333333333333333,2,2,ATTCGATCGTACCTTATGTT,0,5198895
yqjE_yqjK_yqjD_yqjC_predicted,0.3333333333333333,2,2,ATTCCTCCCCGCTAATTGGT,0,5187951
yqjE_yqjK_yqjD_yqjC_predicted,0.3333333333333333,2,2,ATTCCGCGCACTATACGTTG,0,5248636
yqjE_yqjK_yqjD_yqjC_predicted,0.3333333333333333,2,2,ATTCCCGTTTCGGTGTTTGG,0,5205334
yqjE_yqjK_yqjD_yqjC_predicted,0.3333333333333333,2,2,ATTCCATAGAAATAGTTCCA,0,5182434
yqjE_yqjK_yqjD_yqjC_predicted,0.3333333333333333,2,2,ATTCCAGTAGCTCTGAATGG,0,5237526
yqjE_yqjK_yqjD_yqjC_predicted,0.3333333333333333,2,2,ATTCCACGGGGTGGCGAACG,0,5253776
yqjE_yqjK_yqjD_yqjC_predicted,0.3333333333333333,2,2,ATTATTTCAAAGGACGCTGC,0,5210181
yqjE_yqjK_yqjD_yqjC_predicted,0.3333333333333333,2,2,ATTATTAATTCTCCTAACCG,0,5260761
yqjE_yqjK_yqjD_yqjC_predicted,0.3333333333333333,2,2,ATTATGTAGATTGGGTAGCA,0,5189919
yqjE_yqjK_yqjD_yqjC_predicted,0.3333333333333333,2,2,ATTATGCGAACGACAGGCCC,0,5241612
yqjE_yqjK_yqjD_yqjC_predicted,0.3333333333333333,2,2,ATTATCTTATTTAGCACTTT,0,5172366
yqjE_yqjK_yqjD_yqjC_predicted,0.3333333333333333,2,2,ATTATCACACACGCACGATC,0,5255841
yqjE_yqjK_yqjD_yqjC_predicted,0.3333333333333333,2,2,ATTATCAACAACCTACGGTT,0,5254150
yqjE_yqjK_yqjD_yqjC_predicted,0.3333333333333333,2,2,ATTAGTTGGAGAGGTTTGAT,0,5196346
yqjE_yqjK_yqjD_yqjC_predicted,0.3333333333333333,2,2,ATTAGGGGGCCGGTCCCAAA,0,5236274
yqjE_yqjK_yqjD_yqjC_predicted,0.3333333333333333,2,2,ATTAGGGGAATGTAAGGGTT,0,5177343
yqjE_yqjK_yqjD_yqjC_predicted,0.3333333333333333,2,2,ATTAGGCAACTGCGAGTCAT,0,5214839
yqjE_yqjK_yqjD_yqjC_predicted,0.3333333333333333,2,2,ATTAGGACTGGCATTAAGCA,0,5227881
yqjE_yqjK_yqjD_yqjC_predicted,0.3333333333333333,2,2,ATTAGGAAGTGCGGCTTAAA,0,5173505
yqjE_yqjK_yqjD_yqjC_predicted,0.3333333333333333,2,2,ATTAGCGAAAAATCAGACGA,0,5195130
yqjE_yqjK_yqjD_yqjC_predicted,0.3333333333333333,2,2,ATTAGCCACCCCAAATCCGA,0,5175107
yqjE_yqjK_yqjD_yqjC_predicted,0.3333333333333333,2,2,ATTAGACTGTGGAGTCCAAA,0,5262060
yqjE_yqjK_yqjD_yqjC_predicted,0.3333333333333333,2,2,ATTAGAACTTACGAGTTCTC,0,5231738
yqjE_yqjK_yqjD_yqjC_predicted,0.3333333333333333,2,2,ATTACGAAATTAGCATTTTG,0,5240633
yqjE_yqjK_yqjD_yqjC_predicted,0.3333333333333333,2,2,ATTACCGGGCGACGTTGGGA,0,5250815
yqjE_yqjK_yqjD_yqjC_predicted,0.3333333333333333,2,2,ATTAACTAATATGACGGCGC,0,5228101
yqjE_yqjK_yqjD_yqjC_predicted,0.3333333333333333,2,2,ATTAACGGCGGGTTAACCTA,0,5216226
yqjE_yqjK_yqjD_yqjC_predicted,0.3333333333333333,2,2,ATTAAATATGCTCCGCAATA,0,5204219
yqjE_yqjK_yqjD_yqjC_predicted,0.3333333333333333,2,2,ATTAAAGTACTGTAACATAA,0,5202862
yqjE_yqjK_yqjD_yqjC_predicted,0.3333333333333333,2,2,ATGTTGAGTTACTGCTACGA,0,5194424
yqjE_yqjK_yqjD_yqjC_predicted,0.3333333333333333,2,2,ATGTTACATATAACCTCGAA,0,5224687
yqjE_yqjK_yqjD_yqjC_predicted,0.3333333333333333,2,2,ATGTTAAGTGTTTATTTTCA,0,5220138
yqjE_yqjK_yqjD_yqjC_predicted,0.3333333333333333,2,2,ATGTGGCACTTCACTCTCTT,0,5228137
yqjE_yqjK_yqjD_yqjC_predicted,0.3333333333333333,2,2,ATGTGGATGCAGGTTTTGCT,0,5230197
yqjE_yqjK_yqjD_yqjC_predicted,0.3333333333333333,2,2,ATGTGAGGGGAAATGTACCA,0,5218112
yqjE_yqjK_yqjD_yqjC_predicted,0.3333333333333333,2,2,ATGTGACCGGACCAATGAGA,0,5245139
yqjE_yqjK_yqjD_yqjC_predicted,0.3333333333333333,2,2,ATGTCTGGCACTGGGTAATG,0,5178338
yqjE_yqjK_yqjD_yqjC_predicted,0.3333333333333333,2,2,ATGTCGCGATCGGTACTCCA,0,5255724
yqjE_yqjK_yqjD_yqjC_predicted,0.3333333333333333,2,2,ATGTCCAGACTATTCCGGCA,0,5206232
yqjE_yqjK_yqjD_yqjC_predicted,0.3333333333333333,2,2,ATGTATTTGGGCCGTATTCG,0,5229711
yqjE_yqjK_yqjD_yqjC_predicted,0.3333333333333333,2,2,ATGTATGTTAGGTACCAGGA,0,5207773
yqjE_yqjK_yqjD_yqjC_predicted,0.3333333333333333,2,2,ATGTATGTGACGAAGGTGTT,0,5212356
yqjE_yqjK_yqjD_yqjC_predicted,0.3333333333333333,2,2,ATGTAGTTGGTGTGTGCTGA,0,5183749
yqjE_yqjK_yqjD_yqjC_predicted,0.3333333333333333,2,2,ATGTAGCTCACGGTCATTAA,0,5184873
yqjE_yqjK_yqjD_yqjC_predicted,0.3333333333333333,2,2,ATGTAGAACGCCTGATGCCT,0,5170805
yqjE_yqjK_yqjD_yqjC_predicted,0.3333333333333333,2,2,ATGTACGTGATGTTGATAGT,0,5207969
yqjE_yqjK_yqjD_yqjC_predicted,0.3333333333333333,2,2,ATGTACATTTCCACAGTGTG,0,5236803
yqjE_yqjK_yqjD_yqjC_predicted,0.3333333333333333,2,2,ATGGTTGAGATCTTGTACTG,0,5236573
yqjE_yqjK_yqjD_yqjC_predicted,0.3333333333333333,2,2,ATGGGTATTAAGGACAATTG,0,5186894
yqjE_yqjK_yqjD_yqjC_predicted,0.3333333333333333,2,2,ATGGGTACACGGCTTCTGCT,0,5261546
yqjE_yqjK_yqjD_yqjC_predicted,0.3333333333333333,2,2,ATGGGATGGCAAGATAGCAT,0,5215853
yqjE_yqjK_yqjD_yqjC_predicted,0.3333333333333333,2,2,ATGGGAGTCGTTAGATCATT,0,5242721
yqjE_yqjK_yqjD_yqjC_predicted,0.3333333333333333,2,2,ATGGCTTTATGAAACGGTCA,0,5208982
yqjE_yqjK_yqjD_yqjC_predicted,0.3333333333333333,2,2,ATGGCGCATGGGCTCACACT,0,5222923
yqjE_yqjK_yqjD_yqjC_predicted,0.3333333333333333,2,2,ATGGCATCATGCGATCTTTG,0,5191567
yqjE_yqjK_yqjD_yqjC_predicted,0.3333333333333333,2,2,ATGGATTTGAGCGCCAGAAC,0,5229036
yqjE_yqjK_yqjD_yqjC_predicted,0.3333333333333333,2,2,ATGGAGCTGAGGGTTACTCT,0,5204788
yqjE_yqjK_yqjD_yqjC_predicted,0.3333333333333333,2,2,ATGGACGGTCCCTGCGGCGC,0,5188156
yqjE_yqjK_yqjD_yqjC_predicted,0.3333333333333333,2,2,ATGGACGGGCTAGAGAATAC,0,5260714
yqjE_yqjK_yqjD_yqjC_predicted,0.3333333333333333,2,2,ATGCTTATTGTTGACTCCCT,0,5208910
yqjE_yqjK_yqjD_yqjC_predicted,0.3333333333333333,2,2,ATGCTGGCTAGACTGGGTTC,0,5193109
yqjE_yqjK_yqjD_yqjC_predicted,0.3333333333333333,2,2,ATGCTCCTTATCCATGATTC,0,5243055
yqjE_yqjK_yqjD_yqjC_predicted,0.3333333333333333,2,2,ATGCTAGGCGCGGTTGTAAT,0,5180342
yqjE_yqjK_yqjD_yqjC_predicted,0.3333333333333333,2,2,ATGCGGAGCCAATCCCACTA,0,5202508
yqjE_yqjK_yqjD_yqjC_predicted,0.3333333333333333,2,2,ATGCGCGGCATGGTCCTCCA,0,5207590
yqjE_yqjK_yqjD_yqjC_predicted,0.3333333333333333,2,2,ATGCGACCGATATGATCATT,0,5223703
yqjE_yqjK_yqjD_yqjC_predicted,0.3333333333333333,2,2,ATGCGAACTGAATAACCCTC,0,5254499
yqjE_yqjK_yqjD_yqjC_predicted,0.3333333333333333,2,2,ATGCCTAGCCACATACTGTT,0,5188537
yqjE_yqjK_yqjD_yqjC_predicted,0.3333333333333333,2,2,ATGCCAGATGAGGCTTGTGA,0,5241045
yqjE_yqjK_yqjD_yqjC_predicted,0.3333333333333333,2,2,ATGCATTTCCGGGAACAGCT,0,5203235
yqjE_yqjK_yqjD_yqjC_predicted,0.3333333333333333,2,2,ATGCACGGTCGCCTAGTTCG,0,5259779
yqjE_yqjK_yqjD_yqjC_predicted,0.3333333333333333,2,2,ATGCAAGCCTCTCGACTCTG,0,5178958
yqjE_yqjK_yqjD_yqjC_predicted,0.3333333333333333,2,2,ATGATCCTCGGCACTGTGGA,0,5208922
yqjE_yqjK_yqjD_yqjC_predicted,0.3333333333333333,2,2,ATGATAGCCAGGTAATCATC,0,5243125
yqjE_yqjK_yqjD_yqjC_predicted,0.3333333333333333,2,2,ATGAGTTCTGAAAGTAACTC,0,5200438
yqjE_yqjK_yqjD_yqjC_predicted,0.3333333333333333,2,2,ATGAGGTTCGTCCAATAAGT,0,5210370
yqjE_yqjK_yqjD_yqjC_predicted,0.3333333333333333,2,2,ATGAGAATCCCACTTGGTTG,0,5176181
yqjE_yqjK_yqjD_yqjC_predicted,0.3333333333333333,2,2,ATGACGGGGCACGTGATACA,0,5242874
yqjE_yqjK_yqjD_yqjC_predicted,0.3333333333333333,2,2,ATGACGCATAGTGCCCGCGT,0,5188673
yqjE_yqjK_yqjD_yqjC_predicted,0.3333333333333333,2,2,ATGACCTTCGCTTATAACTG,0,5247909
yqjE_yqjK_yqjD_yqjC_predicted,0.3333333333333333,2,2,ATGAAGATATTGCCACAGGG,0,5184227
yqjE_yqjK_yqjD_yqjC_predicted,0.3333333333333333,2,2,ATCTTTGGTTTTACTCTCAG,0,5172248
yqjE_yqjK_yqjD_yqjC_predicted,0.3333333333333333,2,2,ATCTTACCAAAGCTAGGCAT,0,5208525
yqjE_yqjK_yqjD_yqjC_predicted,0.3333333333333333,2,2,ATCTGCGCGCTCTGGCGTTA,0,5171238
yqjE_yqjK_yqjD_yqjC_predicted,0.3333333333333333,2,2,ATCTGCGCGATGTGGGCGAC,0,5259616
yqjE_yqjK_yqjD_yqjC_predicted,0.3333333333333333,2,2,ATCTCGTTACCTATCGATAT,0,5203127
yqjE_yqjK_yqjD_yqjC_predicted,0.3333333333333333,2,2,ATCTAGCGCATCCTTTCTAG,0,5206445
yqjE_yqjK_yqjD_yqjC_predicted,0.3333333333333333,2,2,ATCTAAGGAAAATGGATAGA,0,5185357
yqjE_yqjK_yqjD_yqjC_predicted,0.3333333333333333,2,2,ATCGTGTGGATAAAGGAGAA,0,5200175
yqjE_yqjK_yqjD_yqjC_predicted,0.3333333333333333,2,2,ATCGTGTCGCCGCAGTAAAG,0,5213225
yqjE_yqjK_yqjD_yqjC_predicted,0.3333333333333333,2,2,ATCGTACGTTGAGCTATCCC,0,5238581
yqjE_yqjK_yqjD_yqjC_predicted,0.3333333333333333,2,2,ATCGGTTTGAAGTCTGTTGG,0,5200685
yqjE_yqjK_yqjD_yqjC_predicted,0.3333333333333333,2,2,ATCGGTTTCGGCCCCAGCCC,0,5185550
yqjE_yqjK_yqjD_yqjC_predicted,0.3333333333333333,2,2,ATCGGCTAAAAAAGTGCCTA,0,5228068
yqjE_yqjK_yqjD_yqjC_predicted,0.3333333333333333,2,2,ATCGGCCTCACTACTTCATT,0,5190358
yqjE_yqjK_yqjD_yqjC_predicted,0.3333333333333333,2,2,ATCGGATTCCTCTCGTTAAA,0,5195507
yqjE_yqjK_yqjD_yqjC_predicted,0.3333333333333333,2,2,ATCGGACGTCATCAAGATGC,0,5194423
yqjE_yqjK_yqjD_yqjC_predicted,0.3333333333333333,2,2,ATCGCGGCTTTATCACCTGG,0,5173062
yqjE_yqjK_yqjD_yqjC_predicted,0.3333333333333333,2,2,ATCGCGACTTGGGACTTCCT,0,5252366
yqjE_yqjK_yqjD_yqjC_predicted,0.3333333333333333,2,2,ATCGCATCTCCTGTTCAAGG,0,5185913
yqjE_yqjK_yqjD_yqjC_predicted,0.3333333333333333,2,2,ATCCTGGCTGCCTAATATGC,0,5257705
yqjE_yqjK_yqjD_yqjC_predicted,0.3333333333333333,2,2,ATCCTCCGCTCGCGATTCGG,0,5252364
yqjE_yqjK_yqjD_yqjC_predicted,0.3333333333333333,2,2,ATCCGCTGAGGTATCCCCTC,0,5243729
yqjE_yqjK_yqjD_yqjC_predicted,0.3333333333333333,2,2,ATCCGCTCCGCAGCTATAGG,0,5244019
yqjE_yqjK_yqjD_yqjC_predicted,0.3333333333333333,2,2,ATCCGATTCCGCAGTGAGAG,0,5194505
yqjE_yqjK_yqjD_yqjC_predicted,0.3333333333333333,2,2,ATCCCTGAATGTGCAACATG,0,5234232
yqjE_yqjK_yqjD_yqjC_predicted,0.3333333333333333,2,2,ATCCCGACTCCGAGGAACGA,0,5171843
yqjE_yqjK_yqjD_yqjC_predicted,0.3333333333333333,2,2,ATCCCCGCCGTATCGCCAAT,0,5246289
yqjE_yqjK_yqjD_yqjC_predicted,0.3333333333333333,2,2,ATCCAGAGGAGAAATAAGGA,0,5251384
yqjE_yqjK_yqjD_yqjC_predicted,0.3333333333333333,2,2,ATCCAACGGGTTCTTCTATA,0,5194137
yqjE_yqjK_yqjD_yqjC_predicted,0.3333333333333333,2,2,ATCATGCGTCTCGTACGGTA,0,5190432
yqjE_yqjK_yqjD_yqjC_predicted,0.3333333333333333,2,2,ATCATCCCGAACGCGTATCG,0,5212957
yqjE_yqjK_yqjD_yqjC_predicted,0.3333333333333333,2,2,ATCAGTACCTTACTGCGTGT,0,5195379
yqjE_yqjK_yqjD_yqjC_predicted,0.3333333333333333,2,2,ATCAGGTAAGGGCCATCGTC,0,5186344
yqjE_yqjK_yqjD_yqjC_predicted,0.3333333333333333,2,2,ATCAGCTATATCGCTTTCTG,0,5188724
yqjE_yqjK_yqjD_yqjC_predicted,0.3333333333333333,2,2,ATCAGCACCTATCACATTGC,0,5172563
yqjE_yqjK_yqjD_yqjC_predicted,0.3333333333333333,2,2,ATCACCTTGAAGCCCTGAGA,0,5257956
yqjE_yqjK_yqjD_yqjC_predicted,0.3333333333333333,2,2,ATCACCGGGTCTCCGCAAAT,0,5190431
yqjE_yqjK_yqjD_yqjC_predicted,0.3333333333333333,2,2,ATCACCCTTGTCACGATGAC,0,5192952
yqjE_yqjK_yqjD_yqjC_predicted,0.3333333333333333,2,2,ATCACAGATGACCGAGGATA,0,5193302
yqjE_yqjK_yqjD_yqjC_predicted,0.3333333333333333,2,2,ATCAACGATCAACAGATGCG,0,5184820
yqjE_yqjK_yqjD_yqjC_predicted,0.3333333333333333,2,2,ATCAAAATTGGGCGCACAGC,0,5219361
yqjE_yqjK_yqjD_yqjC_predicted,0.3333333333333333,2,2,ATATTTTTCGTTCCGTTATA,0,5179018
yqjE_yqjK_yqjD_yqjC_predicted,0.3333333333333333,2,2,ATATTACGGGACATCCCCTT,0,5173906
yqjE_yqjK_yqjD_yqjC_predicted,0.3333333333333333,2,2,ATATTAAGGGTGACAGGAAG,0,5250934
yqjE_yqjK_yqjD_yqjC_predicted,0.3333333333333333,2,2,ATATGGTCCCGAACATACCT,0,5173374
yqjE_yqjK_yqjD_yqjC_predicted,0.3333333333333333,2,2,ATATGGGTCCTACCATCAGA,0,5217938
yqjE_yqjK_yqjD_yqjC_predicted,0.3333333333333333,2,2,ATATGGATACTCCCTGGTTT,0,5171497
yqjE_yqjK_yqjD_yqjC_predicted,0.3333333333333333,2,2,ATATCTGGCGTTGTGCTCGA,0,5188275
yqjE_yqjK_yqjD_yqjC_predicted,0.3333333333333333,2,2,ATATCTGAGAGGTTTAACCG,0,5218848
yqjE_yqjK_yqjD_yqjC_predicted,0.3333333333333333,2,2,ATATCCGCCTTACACGGTTA,0,5224121
yqjE_yqjK_yqjD_yqjC_predicted,0.3333333333333333,2,2,ATATCATGTCGGCGGGGGAC,0,5221940
yqjE_yqjK_yqjD_yqjC_predicted,0.3333333333333333,2,2,ATATCATCAGGCCAAGGTGT,0,5235954
yqjE_yqjK_yqjD_yqjC_predicted,0.3333333333333333,2,2,ATATCAATTGTATCGTTTGC,0,5183258
yqjE_yqjK_yqjD_yqjC_predicted,0.3333333333333333,2,2,ATATACTACACATCAGTCAT,0,5253546
yqjE_yqjK_yqjD_yqjC_predicted,0.3333333333333333,2,2,ATATACGCCCCCTGGATAAC,0,5181598
yqjE_yqjK_yqjD_yqjC_predicted,0.3333333333333333,2,2,ATATAAAGCCAAGGCATAGA,0,5203447
yqjE_yqjK_yqjD_yqjC_predicted,0.3333333333333333,2,2,ATAGTAGATCGTTCAACTAT,0,5211290
yqjE_yqjK_yqjD_yqjC_predicted,0.3333333333333333,2,2,ATAGTAACGAGCCAATTTGC,0,5234630
yqjE_yqjK_yqjD_yqjC_predicted,0.3333333333333333,2,2,ATAGGCTGACACGCGAGTGA,0,5201010
yqjE_yqjK_yqjD_yqjC_predicted,0.3333333333333333,2,2,ATAGGCAGCTGGCATACTTC,0,5172894
yqjE_yqjK_yqjD_yqjC_predicted,0.3333333333333333,2,2,ATAGGCACGTGTCGCACTTA,0,5178421
yqjE_yqjK_yqjD_yqjC_predicted,0.3333333333333333,2,2,ATAGGCAATATCAGCCTGTG,0,5190085
yqjE_yqjK_yqjD_yqjC_predicted,0.3333333333333333,2,2,ATAGGACTGGAGTTTCTACA,0,5202198
yqjE_yqjK_yqjD_yqjC_predicted,0.3333333333333333,2,2,ATAGCGTACACTTTTCCAGG,0,5171493
yqjE_yqjK_yqjD_yqjC_predicted,0.3333333333333333,2,2,ATAGCCTCACCTGAAGATAC,0,5232813
yqjE_yqjK_yqjD_yqjC_predicted,0.3333333333333333,2,2,ATAGCCGGGAAAAATACGGT,0,5237180
yqjE_yqjK_yqjD_yqjC_predicted,0.3333333333333333,2,2,ATAGCCGCGACAGAATTATA,0,5177935
yqjE_yqjK_yqjD_yqjC_predicted,0.3333333333333333,2,2,ATAGCCCTATGGGTAAAAAG,0,5256685
yqjE_yqjK_yqjD_yqjC_predicted,0.3333333333333333,2,2,ATAGCAGCCTAGTGGTGTAG,0,5211619
yqjE_yqjK_yqjD_yqjC_predicted,0.3333333333333333,2,2,ATAGACGCGCACGGCGCAGG,0,5198407
yqjE_yqjK_yqjD_yqjC_predicted,0.3333333333333333,2,2,ATACTTCTTGTTCGGCCTCT,0,5203800
yqjE_yqjK_yqjD_yqjC_predicted,0.3333333333333333,2,2,ATACTTATTCAGTATGGCAG,0,5211232
yqjE_yqjK_yqjD_yqjC_predicted,0.3333333333333333,2,2,ATACTGGCCTAGGTGAGTCC,0,5176272
yqjE_yqjK_yqjD_yqjC_predicted,0.3333333333333333,2,2,ATACTGGAAAGCTCTACACT,0,5238575
yqjE_yqjK_yqjD_yqjC_predicted,0.3333333333333333,2,2,ATACTGATACAAGGCCGTAA,0,5252536
yqjE_yqjK_yqjD_yqjC_predicted,0.3333333333333333,2,2,ATACTGAGGGTAGCATATCA,0,5195896
yqjE_yqjK_yqjD_yqjC_predicted,0.3333333333333333,2,2,ATACTCAACTCGTGGCATTT,0,5175375
yqjE_yqjK_yqjD_yqjC_predicted,0.3333333333333333,2,2,ATACTATTGCTTGAGACTAT,0,5191873
yqjE_yqjK_yqjD_yqjC_predicted,0.3333333333333333,2,2,ATACGTTTCATATAGCAGTA,0,5227272
yqjE_yqjK_yqjD_yqjC_predicted,0.3333333333333333,2,2,ATACGTTGACTTTAGCCAGT,0,5180444
yqjE_yqjK_yqjD_yqjC_predicted,0.3333333333333333,2,2,ATACGGTTCCATAAAATTGG,0,5206153
yqjE_yqjK_yqjD_yqjC_predicted,0.3333333333333333,2,2,ATACGACACGAGGTGGCAGT,0,5222584
yqjE_yqjK_yqjD_yqjC_predicted,0.3333333333333333,2,2,ATACCGTGCCTGAGGGTGTT,0,5208529
yqjE_yqjK_yqjD_yqjC_predicted,0.3333333333333333,2,2,ATACCGGCTTATTCCGATCT,0,5212859
yqjE_yqjK_yqjD_yqjC_predicted,0.3333333333333333,2,2,ATACCGCCGTCAGGTAAAGT,0,5201031
yqjE_yqjK_yqjD_yqjC_predicted,0.3333333333333333,2,2,ATACCGATACTGTCCGGACG,0,5194139
yqjE_yqjK_yqjD_yqjC_predicted,0.3333333333333333,2,2,ATACATGCTAATCACCAGGT,0,5172663
yqjE_yqjK_yqjD_yqjC_predicted,0.3333333333333333,2,2,ATACAGTAATACAGAGACTT,0,5249263
yqjE_yqjK_yqjD_yqjC_predicted,0.3333333333333333,2,2,ATACACTATGAGCCCAATAG,0,5234944
yqjE_yqjK_yqjD_yqjC_predicted,0.3333333333333333,2,2,ATACAAGTTTTGCTATACCC,0,5239056
yqjE_yqjK_yqjD_yqjC_predicted,0.3333333333333333,2,2,ATAATCCCGGATTCCGTGTA,0,5208600
yqjE_yqjK_yqjD_yqjC_predicted,0.3333333333333333,2,2,ATAATCATTAAGCGATTTAA,0,5250964
yqjE_yqjK_yqjD_yqjC_predicted,0.3333333333333333,2,2,ATAAGGAAATCCTAAAAATT,0,5210511
yqjE_yqjK_yqjD_yqjC_predicted,0.3333333333333333,2,2,ATAACTGCAAGCTTAACCAT,0,5257490
yqjE_yqjK_yqjD_yqjC_predicted,0.3333333333333333,2,2,ATAACTCATAATCCGCATTA,0,5228860
yqjE_yqjK_yqjD_yqjC_predicted,0.3333333333333333,2,2,ATAACGTGCAGCAATTCAAC,0,5256877
yqjE_yqjK_yqjD_yqjC_predicted,0.3333333333333333,2,2,ATAACATGATTGCTCCTTCC,0,5177384
yqjE_yqjK_yqjD_yqjC_predicted,0.3333333333333333,2,2,ATAACATGAAGGGCTTTCAG,0,5201469
yqjE_yqjK_yqjD_yqjC_predicted,0.3333333333333333,2,2,ATAAATATACGCGTGTCCGT,0,5184798
yqjE_yqjK_yqjD_yqjC_predicted,0.3333333333333333,2,2,ATAAAGTCGCAGATCCGGAA,0,5248473
yqjE_yqjK_yqjD_yqjC_predicted,0.3333333333333333,2,2,ATAAACGTGCTCTACGCGAC,0,5254373
yqjE_yqjK_yqjD_yqjC_predicted,0.3333333333333333,2,2,AGTTTTGTTTTCGCCATTGG,0,5191293
yqjE_yqjK_yqjD_yqjC_predicted,0.3333333333333333,2,2,AGTTTGTTAGCTAGTATATC,0,5238547
yqjE_yqjK_yqjD_yqjC_predicted,0.3333333333333333,2,2,AGTTTCTTTCCTAGTCCCAG,0,5232739
yqjE_yqjK_yqjD_yqjC_predicted,0.3333333333333333,2,2,AGTTTCGTACCCTTAGTGGG,0,5191452
yqjE_yqjK_yqjD_yqjC_predicted,0.3333333333333333,2,2,AGTTTCATAATCGATGGGCT,0,5193451
yqjE_yqjK_yqjD_yqjC_predicted,0.3333333333333333,2,2,AGTTTAAGTAATGCGTAAGC,0,5177229
yqjE_yqjK_yqjD_yqjC_predicted,0.3333333333333333,2,2,AGTTGGATGAAGGCCTGCAG,0,5226285
yqjE_yqjK_yqjD_yqjC_predicted,0.3333333333333333,2,2,AGTTGCCTATACTCATTCCC,0,5188311
yqjE_yqjK_yqjD_yqjC_predicted,0.3333333333333333,2,2,AGTTGCACGATAAGAACGGT,0,5191194
yqjE_yqjK_yqjD_yqjC_predicted,0.3333333333333333,2,2,AGTTGACCCCCTTCGTAGTC,0,5240736
yqjE_yqjK_yqjD_yqjC_predicted,0.3333333333333333,2,2,AGTTGACATAGGAAGTGATG,0,5190943
yqjE_yqjK_yqjD_yqjC_predicted,0.3333333333333333,2,2,AGTTCGTGACCTTCGAGGAA,0,5198881
yqjE_yqjK_yqjD_yqjC_predicted,0.3333333333333333,2,2,AGTTCACACGTTAGCGCGCA,0,5260693
yqjE_yqjK_yqjD_yqjC_predicted,0.3333333333333333,2,2,AGTTAGGACTTTCGGGTTAA,0,5234917
yqjE_yqjK_yqjD_yqjC_predicted,0.3333333333333333,2,2,AGTGTTTTGTGGCGTCGGCA,0,5187535
yqjE_yqjK_yqjD_yqjC_predicted,0.3333333333333333,2,2,AGTGTTGCCGAGAATGGGAC,0,5196158
yqjE_yqjK_yqjD_yqjC_predicted,0.3333333333333333,2,2,AGTGTCTGTCAAAATTGTTG,0,5222096
yqjE_yqjK_yqjD_yqjC_predicted,0.3333333333333333,2,2,AGTGGGTTCTATATTCAAGG,0,5204789
yqjE_yqjK_yqjD_yqjC_predicted,0.3333333333333333,2,2,AGTGGGCTTGAGGGCACCCC,0,5209139
yqjE_yqjK_yqjD_yqjC_predicted,0.3333333333333333,2,2,AGTGGGCCGAGTGCACTACT,0,5229765
yqjE_yqjK_yqjD_yqjC_predicted,0.3333333333333333,2,2,AGTGGCATAGAGTGGCGGAG,0,5236805
yqjE_yqjK_yqjD_yqjC_predicted,0.3333333333333333,2,2,AGTGCGTCAGCGACATCGCA,0,5235201
yqjE_yqjK_yqjD_yqjC_predicted,0.3333333333333333,2,2,AGTGCGTCACCACGACTGCA,0,5186777
yqjE_yqjK_yqjD_yqjC_predicted,0.3333333333333333,2,2,AGTGCCGGGTCGGGACAAGT,0,5192527
yqjE_yqjK_yqjD_yqjC_predicted,0.3333333333333333,2,2,AGTGCCCTTACTTTGTCAAT,0,5223148
yqjE_yqjK_yqjD_yqjC_predicted,0.3333333333333333,2,2,AGTGCCCCGGGATAGGCGCA,0,5222597
yqjE_yqjK_yqjD_yqjC_predicted,0.3333333333333333,2,2,AGTGCACACGTCGTTAGGTC,0,5252111
yqjE_yqjK_yqjD_yqjC_predicted,0.3333333333333333,2,2,AGTGAGGAATGGTACACGCA,0,5252506
yqjE_yqjK_yqjD_yqjC_predicted,0.3333333333333333,2,2,AGTGACGTGGTAGAATCCAT,0,5231410
yqjE_yqjK_yqjD_yqjC_predicted,0.3333333333333333,2,2,AGTCTTTTTGGACGGCCGGT,0,5179539
yqjE_yqjK_yqjD_yqjC_predicted,0.3333333333333333,2,2,AGTCTCAGGTTCCCGCGACA,0,5186863
yqjE_yqjK_yqjD_yqjC_predicted,0.3333333333333333,2,2,AGTCTATGTGCGGCCCTCGC,0,5201014
yqjE_yqjK_yqjD_yqjC_predicted,0.3333333333333333,2,2,AGTCGCAAAACTGCCGGGGT,0,5239547
yqjE_yqjK_yqjD_yqjC_predicted,0.3333333333333333,2,2,AGTCGAATTCCGTTTGCTTA,0,5204703
yqjE_yqjK_yqjD_yqjC_predicted,0.3333333333333333,2,2,AGTCCGCAATACGCTTTGAC,0,5191188
yqjE_yqjK_yqjD_yqjC_predicted,0.3333333333333333,2,2,AGTCCAGAAAACCGGATTAG,0,5192548
yqjE_yqjK_yqjD_yqjC_predicted,0.3333333333333333,2,2,AGTCACAATTCACGCCTGGA,0,5216713
yqjE_yqjK_yqjD_yqjC_predicted,0.3333333333333333,2,2,AGTCACAAATAGCGGTAGAA,0,5230521
yqjE_yqjK_yqjD_yqjC_predicted,0.3333333333333333,2,2,AGTATTATTTTTCTAGATGT,0,5239958
yqjE_yqjK_yqjD_yqjC_predicted,0.3333333333333333,2,2,AGTATGTTGCCCCGTGGGGA,0,5216022
yqjE_yqjK_yqjD_yqjC_predicted,0.3333333333333333,2,2,AGTATCCTAGTCTTACTCCT,0,5228892
yqjE_yqjK_yqjD_yqjC_predicted,0.3333333333333333,2,2,AGTATATTTCTCGTGCCAGT,0,5198801
yqjE_yqjK_yqjD_yqjC_predicted,0.3333333333333333,2,2,AGTATATGCCAGCGGTTATT,0,5224114
yqjE_yqjK_yqjD_yqjC_predicted,0.3333333333333333,2,2,AGTAGTAGATCTCCAGGCAG,0,5201729
yqjE_yqjK_yqjD_yqjC_predicted,0.3333333333333333,2,2,AGTAGGTATTAGGTCAGTGC,0,5257113
yqjE_yqjK_yqjD_yqjC_predicted,0.3333333333333333,2,2,AGTAGAGACATTCGTGTGTT,0,5190323
yqjE_yqjK_yqjD_yqjC_predicted,0.3333333333333333,2,2,AGTACTCTGTACAAAGCCAT,0,5245672
yqjE_yqjK_yqjD_yqjC_predicted,0.3333333333333333,2,2,AGTAAGTTCGGGCTCTAATG,0,5209206
yqjE_yqjK_yqjD_yqjC_predicted,0.3333333333333333,2,2,AGTAAAGTAATACCGACACA,0,5241681
yqjE_yqjK_yqjD_yqjC_predicted,0.3333333333333333,2,2,AGGTTTTCAATCAGTACAGC,0,5246992
yqjE_yqjK_yqjD_yqjC_predicted,0.3333333333333333,2,2,AGGTTTTAGCGTTCTGCCTC,0,5219269
yqjE_yqjK_yqjD_yqjC_predicted,0.3333333333333333,2,2,AGGTTCCCGGCCCTCGATAA,0,5189231
yqjE_yqjK_yqjD_yqjC_predicted,0.3333333333333333,2,2,AGGTTCCAAAGGTGCGGTTC,0,5196514
yqjE_yqjK_yqjD_yqjC_predicted,0.3333333333333333,2,2,AGGTTAGTAGCAACTGCTTG,0,5173412
yqjE_yqjK_yqjD_yqjC_predicted,0.3333333333333333,2,2,AGGTTACATAGACGCGCTGC,0,5225841
yqjE_yqjK_yqjD_yqjC_predicted,0.3333333333333333,2,2,AGGTGTGCCGGCAGCAGCCT,0,5183706
yqjE_yqjK_yqjD_yqjC_predicted,0.3333333333333333,2,2,AGGTGATGGTGGCTCCGGAA,0,5237118
yqjE_yqjK_yqjD_yqjC_predicted,0.3333333333333333,2,2,AGGTGATCGGGCTAGAAGAA,0,5178028
yqjE_yqjK_yqjD_yqjC_predicted,0.3333333333333333,2,2,AGGTCACACAATCTCTAGTA,0,5171146
yqjE_yqjK_yqjD_yqjC_predicted,0.3333333333333333,2,2,AGGTATGTGACGCTGCTGGG,0,5258642
yqjE_yqjK_yqjD_yqjC_predicted,0.3333333333333333,2,2,AGGTAGGGATATATACCGGA,0,5174359
yqjE_yqjK_yqjD_yqjC_predicted,0.3333333333333333,2,2,AGGTACGGGATACTATCCCC,0,5231228
yqjE_yqjK_yqjD_yqjC_predicted,0.3333333333333333,2,2,AGGTACCGACCTGGCGTTTA,0,5219046
yqjE_yqjK_yqjD_yqjC_predicted,0.3333333333333333,2,2,AGGTACCCCCGCACACCTAA,0,5220877
yqjE_yqjK_yqjD_yqjC_predicted,0.3333333333333333,2,2,AGGTACAACGCCTTGAACGA,0,5241493
yqjE_yqjK_yqjD_yqjC_predicted,0.3333333333333333,2,2,AGGGTTAGTCGAGTGTCCAA,0,5237911
yqjE_yqjK_yqjD_yqjC_predicted,0.3333333333333333,2,2,AGGGTGACTCACCCTTCTCC,0,5185842
yqjE_yqjK_yqjD_yqjC_predicted,0.3333333333333333,2,2,AGGGTCGGCTGAGGACCCCG,0,5213000
yqjE_yqjK_yqjD_yqjC_predicted,0.3333333333333333,2,2,AGGGGCGCAGGTCTTACCTA,0,5191501
yqjE_yqjK_yqjD_yqjC_predicted,0.3333333333333333,2,2,AGGGCTCAATCAGCTGTGGG,0,5209914
yqjE_yqjK_yqjD_yqjC_predicted,0.3333333333333333,2,2,AGGGCGCTAGATTCGGTTAA,0,5248236
yqjE_yqjK_yqjD_yqjC_predicted,0.3333333333333333,2,2,AGGGAGCAGGGCCTCGGGTT,0,5183179
yqjE_yqjK_yqjD_yqjC_predicted,0.3333333333333333,2,2,AGGCTGGCGCCGGCGTGAAC,0,5192271
yqjE_yqjK_yqjD_yqjC_predicted,0.3333333333333333,2,2,AGGCTGATTAAAGCAGTGAC,0,5233650
yqjE_yqjK_yqjD_yqjC_predicted,0.3333333333333333,2,2,AGGCTATGATGTGACTGTCC,0,5251058
yqjE_yqjK_yqjD_yqjC_predicted,0.3333333333333333,2,2,AGGCTAACTTCGTTCCACTG,0,5209426
yqjE_yqjK_yqjD_yqjC_predicted,0.3333333333333333,2,2,AGGCGCTATCTAAGACGGCT,0,5182974
yqjE_yqjK_yqjD_yqjC_predicted,0.3333333333333333,2,2,AGGCGCGCGCACGGATAGGT,0,5200308
yqjE_yqjK_yqjD_yqjC_predicted,0.3333333333333333,2,2,AGGCCCCGGCTTAATCCTAT,0,5216339
yqjE_yqjK_yqjD_yqjC_predicted,0.3333333333333333,2,2,AGGCCCCAGCACGTTACTTA,0,5237884
yqjE_yqjK_yqjD_yqjC_predicted,0.3333333333333333,2,2,AGGCAGGGTCTACGGCTGCC,0,5190632
yqjE_yqjK_yqjD_yqjC_predicted,0.3333333333333333,2,2,AGGATTCAAACGGAGCGGAT,0,5225221
yqjE_yqjK_yqjD_yqjC_predicted,0.3333333333333333,2,2,AGGATGCGCGCAGATGAGAC,0,5193781
yqjE_yqjK_yqjD_yqjC_predicted,0.3333333333333333,2,2,AGGATGACCGGCGATCAGGT,0,5223314
yqjE_yqjK_yqjD_yqjC_predicted,0.3333333333333333,2,2,AGGATCTCATGGGACAGATC,0,5219282
yqjE_yqjK_yqjD_yqjC_predicted,0.3333333333333333,2,2,AGGAGGAGCTGCGCAAGCTA,0,5209674
yqjE_yqjK_yqjD_yqjC_predicted,0.3333333333333333,2,2,AGGAGCTGCACGGGGCCGCG,0,5227805
yqjE_yqjK_yqjD_yqjC_predicted,0.3333333333333333,2,2,AGGAGAATGCACTACCATTT,0,5193173
yqjE_yqjK_yqjD_yqjC_predicted,0.3333333333333333,2,2,AGGACTAAGATAAATCATGT,0,5234715
yqjE_yqjK_yqjD_yqjC_predicted,0.3333333333333333,2,2,AGGACGCAAGTCCGGGCTTG,0,5254407
yqjE_yqjK_yqjD_yqjC_predicted,0.3333333333333333,2,2,AGGACATAAGGGTCCTGTGA,0,5171486
yqjE_yqjK_yqjD_yqjC_predicted,0.3333333333333333,2,2,AGGACAGGTTCGCAGCACGA,0,5239048
yqjE_yqjK_yqjD_yqjC_predicted,0.3333333333333333,2,2,AGGACAAGATGCCGATGTGC,0,5249539
yqjE_yqjK_yqjD_yqjC_predicted,0.3333333333333333,2,2,AGGAATCCGTGCTCACGCAA,0,5196047
yqjE_yqjK_yqjD_yqjC_predicted,0.3333333333333333,2,2,AGGAATAACACATCGCATCA,0,5219934
yqjE_yqjK_yqjD_yqjC_predicted,0.3333333333333333,2,2,AGGAAGTTCGACAATCGACA,0,5227445
yqjE_yqjK_yqjD_yqjC_predicted,0.3333333333333333,2,2,AGGAACGCATTGTCAAGATC,0,5177277
yqjE_yqjK_yqjD_yqjC_predicted,0.3333333333333333,2,2,AGCTTTTGTATCAGAGTGAG,0,5172403
yqjE_yqjK_yqjD_yqjC_predicted,0.3333333333333333,2,2,AGCTTGTCACTTCTGTAACT,0,5206861
yqjE_yqjK_yqjD_yqjC_predicted,0.3333333333333333,2,2,AGCTGGTACGGGCATGTAAT,0,5182525
yqjE_yqjK_yqjD_yqjC_predicted,0.3333333333333333,2,2,AGCTCTTTTTACATCCGATT,0,5172896
yqjE_yqjK_yqjD_yqjC_predicted,0.3333333333333333,2,2,AGCTCTGTGTCTCCAGGACG,0,5198050
yqjE_yqjK_yqjD_yqjC_predicted,0.3333333333333333,2,2,AGCTCTCCTGTGGGATCGCG,0,5184263
yqjE_yqjK_yqjD_yqjC_predicted,0.3333333333333333,2,2,AGCTCCGCTTTCACAGGATA,0,5259180
yqjE_yqjK_yqjD_yqjC_predicted,0.3333333333333333,2,2,AGCTATCTGGACATCTCAAT,0,5235801
yqjE_yqjK_yqjD_yqjC_predicted,0.3333333333333333,2,2,AGCTACTATGTCCTAATATG,0,5183433
yqjE_yqjK_yqjD_yqjC_predicted,0.3333333333333333,2,2,AGCTACATAATTGATACGAA,0,5224953
yqjE_yqjK_yqjD_yqjC_predicted,0.3333333333333333,2,2,AGCTACACCTGAATGTCCAA,0,5189229
yqjE_yqjK_yqjD_yqjC_predicted,0.3333333333333333,2,2,AGCGTTCACGGACTGGTAGA,0,5210376
yqjE_yqjK_yqjD_yqjC_predicted,0.3333333333333333,2,2,AGCGTCATTCCTTCGGGACT,0,5252730
yqjE_yqjK_yqjD_yqjC_predicted,0.3333333333333333,2,2,AGCGGTAAAGATGCGCTTTT,0,5226684
yqjE_yqjK_yqjD_yqjC_predicted,0.3333333333333333,2,2,AGCGGAGCTACCTGGAGCGT,0,5239691
yqjE_yqjK_yqjD_yqjC_predicted,0.3333333333333333,2,2,AGCGATCACTCTGCGACGGA,0,5216598
yqjE_yqjK_yqjD_yqjC_predicted,0.3333333333333333,2,2,AGCGAGTGAGGCTGGCTATC,0,5198877
yqjE_yqjK_yqjD_yqjC_predicted,0.3333333333333333,2,2,AGCGAAGACCGACCGATTAT,0,5204074
yqjE_yqjK_yqjD_yqjC_predicted,0.3333333333333333,2,2,AGCCTTTCGTAGAATGCCGA,0,5196404
yqjE_yqjK_yqjD_yqjC_predicted,0.3333333333333333,2,2,AGCCTTGTTTAAGGGTCCAT,0,5175892
yqjE_yqjK_yqjD_yqjC_predicted,0.3333333333333333,2,2,AGCCTTCGACGCATCGGCTC,0,5222578
yqjE_yqjK_yqjD_yqjC_predicted,0.3333333333333333,2,2,AGCCTGCACTCAGGTGGGTG,0,5259812
yqjE_yqjK_yqjD_yqjC_predicted,0.3333333333333333,2,2,AGCCTACGGTCTGCCGTATC,0,5221775
yqjE_yqjK_yqjD_yqjC_predicted,0.3333333333333333,2,2,AGCCGCTATGTAAATGACGT,0,5236099
yqjE_yqjK_yqjD_yqjC_predicted,0.3333333333333333,2,2,AGCCGCACTCTGCTGTGATA,0,5244686
yqjE_yqjK_yqjD_yqjC_predicted,0.3333333333333333,2,2,AGCCCTTAAAGCCTCATTCT,0,5213694
yqjE_yqjK_yqjD_yqjC_predicted,0.3333333333333333,2,2,AGCCCGTTATTTTCCTAAAT,0,5226142
yqjE_yqjK_yqjD_yqjC_predicted,0.3333333333333333,2,2,AGCCCGAGTTGATTAATAGT,0,5226076
yqjE_yqjK_yqjD_yqjC_predicted,0.3333333333333333,2,2,AGCCCCTGCTGGAAAGTAAT,0,5197467
yqjE_yqjK_yqjD_yqjC_predicted,0.3333333333333333,2,2,AGCCCATCAGGAATCGACAT,0,5244099
yqjE_yqjK_yqjD_yqjC_predicted,0.3333333333333333,2,2,AGCCAGCTCACCTCATGCAT,0,5177302
yqjE_yqjK_yqjD_yqjC_predicted,0.3333333333333333,2,2,AGCCACTTGGTTCAGTCTAG,0,5216944
yqjE_yqjK_yqjD_yqjC_predicted,0.3333333333333333,2,2,AGCATGTATTTAGAGGTTAC,0,5262393
yqjE_yqjK_yqjD_yqjC_predicted,0.3333333333333333,2,2,AGCATAGACGCATCCAAAAT,0,5207766
yqjE_yqjK_yqjD_yqjC_predicted,0.3333333333333333,2,2,AGCAGGAGTAAGGCAGAGAC,0,5253098
yqjE_yqjK_yqjD_yqjC_predicted,0.3333333333333333,2,2,AGCAGACCCACATACTTAAG,0,5180979
yqjE_yqjK_yqjD_yqjC_predicted,0.3333333333333333,2,2,AGCACGTTGCAGCTTAGCCG,0,5207913
yqjE_yqjK_yqjD_yqjC_predicted,0.3333333333333333,2,2,AGCACCGGCCAGCACGTACA,0,5235634
yqjE_yqjK_yqjD_yqjC_predicted,0.3333333333333333,2,2,AGCACCGCAATGTACACCGT,0,5219281
yqjE_yqjK_yqjD_yqjC_predicted,0.3333333333333333,2,2,AGCACAACCCTAACCATTTG,0,5250026
yqjE_yqjK_yqjD_yqjC_predicted,0.3333333333333333,2,2,AGCAAGATATCTCATACTGC,0,5189142
yqjE_yqjK_yqjD_yqjC_predicted,0.3333333333333333,2,2,AGCAACATTTGTCCCGCATT,0,5219506
yqjE_yqjK_yqjD_yqjC_predicted,0.3333333333333333,2,2,AGCAAATGCTCAGAAAGCTG,0,5218051
yqjE_yqjK_yqjD_yqjC_predicted,0.3333333333333333,2,2,AGATTTAGGTAGGGGCATGG,0,5187567
yqjE_yqjK_yqjD_yqjC_predicted,0.3333333333333333,2,2,AGATTGTCTGTATCCAATAA,0,5200154
yqjE_yqjK_yqjD_yqjC_predicted,0.3333333333333333,2,2,AGATTGGTGGTCAAACCTCG,0,5212864
yqjE_yqjK_yqjD_yqjC_predicted,0.3333333333333333,2,2,AGATTCGCGCTCACGTTTCG,0,5256772
yqjE_yqjK_yqjD_yqjC_predicted,0.3333333333333333,2,2,AGATTCATGAAGCAGAACGC,0,5228854
yqjE_yqjK_yqjD_yqjC_predicted,0.3333333333333333,2,2,AGATTCACATGAACGTTTGA,0,5256015
yqjE_yqjK_yqjD_yqjC_predicted,0.3333333333333333,2,2,AGATTACAGCGTCTGTAACT,0,5252655
yqjE_yqjK_yqjD_yqjC_predicted,0.3333333333333333,2,2,AGATGGTAAATCGCCGCGCG,0,5261992
yqjE_yqjK_yqjD_yqjC_predicted,0.3333333333333333,2,2,AGATGGAAGTGCGTGCAGCC,0,5225850
yqjE_yqjK_yqjD_yqjC_predicted,0.3333333333333333,2,2,AGATGCTGCGGACTACGGGA,0,5259702
yqjE_yqjK_yqjD_yqjC_predicted,0.3333333333333333,2,2,AGATGATCTTGAGTACGTGA,0,5242883
yqjE_yqjK_yqjD_yqjC_predicted,0.3333333333333333,2,2,AGATCTTGCTACGGTATGCC,0,5212237
yqjE_yqjK_yqjD_yqjC_predicted,0.3333333333333333,2,2,AGATCGAAGCGGCAAATATG,0,5181222
yqjE_yqjK_yqjD_yqjC_predicted,0.3333333333333333,2,2,AGATCAAGACCCGTTGCCGT,0,5260439
yqjE_yqjK_yqjD_yqjC_predicted,0.3333333333333333,2,2,AGATATTCTAGGGGCGCTCC,0,5250134
yqjE_yqjK_yqjD_yqjC_predicted,0.3333333333333333,2,2,AGATAGGTTTTCGGCCAATA,0,5258344
yqjE_yqjK_yqjD_yqjC_predicted,0.3333333333333333,2,2,AGATACAATGACGAAGCAAA,0,5229570
yqjE_yqjK_yqjD_yqjC_predicted,0.3333333333333333,2,2,AGATAACACACACGCAAGGA,0,5262216
yqjE_yqjK_yqjD_yqjC_predicted,0.3333333333333333,2,2,AGAGTGTCCCTTGGCGTAGT,0,5209774
yqjE_yqjK_yqjD_yqjC_predicted,0.3333333333333333,2,2,AGAGGTACGGCGTAGTGGAT,0,5231910
yqjE_yqjK_yqjD_yqjC_predicted,0.3333333333333333,2,2,AGAGGCGGTATCACTAGACT,0,5253660
yqjE_yqjK_yqjD_yqjC_predicted,0.3333333333333333,2,2,AGAGGAGCTCAAGGTACTGA,0,5248749
yqjE_yqjK_yqjD_yqjC_predicted,0.3333333333333333,2,2,AGAGCACACCTGCTTCGAGG,0,5230368
yqjE_yqjK_yqjD_yqjC_predicted,0.3333333333333333,2,2,AGAGATAACCCGGGGGTACA,0,5213646
yqjE_yqjK_yqjD_yqjC_predicted,0.3333333333333333,2,2,AGAGAGCCACGAGCTAATTC,0,5180042
yqjE_yqjK_yqjD_yqjC_predicted,0.3333333333333333,2,2,AGAGACATACCGCGCCGGGA,0,5173071
yqjE_yqjK_yqjD_yqjC_predicted,0.3333333333333333,2,2,AGAGACAGGGCTGTCAGGAT,0,5224915
yqjE_yqjK_yqjD_yqjC_predicted,0.3333333333333333,2,2,AGACTTCATACTGGGCTCCA,0,5188667
yqjE_yqjK_yqjD_yqjC_predicted,0.3333333333333333,2,2,AGACGTTAACGATGTTAGTA,0,5255126
yqjE_yqjK_yqjD_yqjC_predicted,0.3333333333333333,2,2,AGACGACTCACTGAACAACC,0,5199119
yqjE_yqjK_yqjD_yqjC_predicted,0.3333333333333333,2,2,AGACCGATTCGCCGTTTTTG,0,5205193
yqjE_yqjK_yqjD_yqjC_predicted,0.3333333333333333,2,2,AGACCGAGTTCGTCTTTCGA,0,5202660
yqjE_yqjK_yqjD_yqjC_predicted,0.3333333333333333,2,2,AGACCCCTCACTTACTCCAC,0,5175584
yqjE_yqjK_yqjD_yqjC_predicted,0.3333333333333333,2,2,AGACCATTGTCCCGTAAACC,0,5173179
yqjE_yqjK_yqjD_yqjC_predicted,0.3333333333333333,2,2,AGACCATGCGTTTTGGCAAT,0,5242129
yqjE_yqjK_yqjD_yqjC_predicted,0.3333333333333333,2,2,AGACCAAGTGGTTAAGAGGA,0,5252260
yqjE_yqjK_yqjD_yqjC_predicted,0.3333333333333333,2,2,AGACACCTACCGAGTGCACA,0,5173326
yqjE_yqjK_yqjD_yqjC_predicted,0.3333333333333333,2,2,AGAATGTCTGGGAAGTTGCC,0,5194711
yqjE_yqjK_yqjD_yqjC_predicted,0.3333333333333333,2,2,AGAATAGTTTAGACGTAAAT,0,5190890
yqjE_yqjK_yqjD_yqjC_predicted,0.3333333333333333,2,2,AGAAGGTTCAATTACCCGCT,0,5224096
yqjE_yqjK_yqjD_yqjC_predicted,0.3333333333333333,2,2,AGAAGCCTTTGATTTCTAGG,0,5172152
yqjE_yqjK_yqjD_yqjC_predicted,0.3333333333333333,2,2,AGAACTCCATCCCGCGCTTC,0,5257379
yqjE_yqjK_yqjD_yqjC_predicted,0.3333333333333333,2,2,AGAACTCAATCTCCATGTCG,0,5202494
yqjE_yqjK_yqjD_yqjC_predicted,0.3333333333333333,2,2,AGAACCTGTTCGAAACGCTT,0,5236037
yqjE_yqjK_yqjD_yqjC_predicted,0.3333333333333333,2,2,AGAAACTATGTTGAATCTGC,0,5243877
yqjE_yqjK_yqjD_yqjC_predicted,0.3333333333333333,2,2,AGAAAAGCAAAGTAGAATGT,0,5251815
yqjE_yqjK_yqjD_yqjC_predicted,0.3333333333333333,2,2,ACTTTTCTTTATAATGAACA,0,5255601
yqjE_yqjK_yqjD_yqjC_predicted,0.3333333333333333,2,2,ACTTTGCTCCCACGCCAACT,0,5218452
yqjE_yqjK_yqjD_yqjC_predicted,0.3333333333333333,2,2,ACTTTGAATAACGACGTGTT,0,5195801
yqjE_yqjK_yqjD_yqjC_predicted,0.3333333333333333,2,2,ACTTTAGAATAACGAGCAAG,0,5253735
yqjE_yqjK_yqjD_yqjC_predicted,0.3333333333333333,2,2,ACTTGGTATGCGCATATTCT,0,5233865
yqjE_yqjK_yqjD_yqjC_predicted,0.3333333333333333,2,2,ACTTGGCCCCGGTATCGCCT,0,5209732
yqjE_yqjK_yqjD_yqjC_predicted,0.3333333333333333,2,2,ACTTGCGACCCTTTTTAATG,0,5173245
yqjE_yqjK_yqjD_yqjC_predicted,0.3333333333333333,2,2,ACTTGAGTTTCAACATTAGC,0,5232812
yqjE_yqjK_yqjD_yqjC_predicted,0.3333333333333333,2,2,ACTTCGGTTCTCTTGCAATA,0,5257995
yqjE_yqjK_yqjD_yqjC_predicted,0.3333333333333333,2,2,ACTTCGCACGTATTCTAAAC,0,5232179
yqjE_yqjK_yqjD_yqjC_predicted,0.3333333333333333,2,2,ACTTCCCTGGGTCAGGTGAC,0,5245820
yqjE_yqjK_yqjD_yqjC_predicted,0.3333333333333333,2,2,ACTTCATGTCGATCGTGTGC,0,5248965
yqjE_yqjK_yqjD_yqjC_predicted,0.3333333333333333,2,2,ACTTAACCGCTTATTTGGAT,0,5232564
yqjE_yqjK_yqjD_yqjC_predicted,0.3333333333333333,2,2,ACTTAAACTGTGACGTCGGG,0,5220533
yqjE_yqjK_yqjD_yqjC_predicted,0.3333333333333333,2,2,ACTGTTCTCGAGTATCCAAA,0,5235636
yqjE_yqjK_yqjD_yqjC_predicted,0.3333333333333333,2,2,ACTGTGGGATGTACCAGCGA,0,5235957
yqjE_yqjK_yqjD_yqjC_predicted,0.3333333333333333,2,2,ACTGGGTGAGCCAAAGCCGA,0,5218235
yqjE_yqjK_yqjD_yqjC_predicted,0.3333333333333333,2,2,ACTGGCCCAAGTGAACCAAT,0,5233923
yqjE_yqjK_yqjD_yqjC_predicted,0.3333333333333333,2,2,ACTGCTTGTCTGGCGTTGCA,0,5240169
yqjE_yqjK_yqjD_yqjC_predicted,0.3333333333333333,2,2,ACTGCGTGACACAACCGGAC,0,5172772
yqjE_yqjK_yqjD_yqjC_predicted,0.3333333333333333,2,2,ACTGCGTCATACGTAGCTGA,0,5205682
yqjE_yqjK_yqjD_yqjC_predicted,0.3333333333333333,2,2,ACTGCGTAAGTCCCCATTTG,0,5241472
yqjE_yqjK_yqjD_yqjC_predicted,0.3333333333333333,2,2,ACTGAACGTAGACGTAATAT,0,5199440
yqjE_yqjK_yqjD_yqjC_predicted,0.3333333333333333,2,2,ACTCTTTGTTTACTCGTCAA,0,5244637
yqjE_yqjK_yqjD_yqjC_predicted,0.3333333333333333,2,2,ACTCTTACGGAGGTATGTAT,0,5176057
yqjE_yqjK_yqjD_yqjC_predicted,0.3333333333333333,2,2,ACTCTCCCAGCTCGCCGCTA,0,5234978
yqjE_yqjK_yqjD_yqjC_predicted,0.3333333333333333,2,2,ACTCTACGTGATTGGTGTCT,0,5220332
yqjE_yqjK_yqjD_yqjC_predicted,0.3333333333333333,2,2,ACTCTACATAGGTATCTGAA,0,5197561
yqjE_yqjK_yqjD_yqjC_predicted,0.3333333333333333,2,2,ACTCTAACTCCGGCCGAGCC,0,5212998
yqjE_yqjK_yqjD_yqjC_predicted,0.3333333333333333,2,2,ACTCTAAAATTCATCACGGA,0,5207354
yqjE_yqjK_yqjD_yqjC_predicted,0.3333333333333333,2,2,ACTCGCGAACCCTTCGTCGG,0,5203239
yqjE_yqjK_yqjD_yqjC_predicted,0.3333333333333333,2,2,ACTCGATGTATCGTGCGTCA,0,5239403
yqjE_yqjK_yqjD_yqjC_predicted,0.3333333333333333,2,2,ACTCCTATGGGGGGAAAGGA,0,5176713
yqjE_yqjK_yqjD_yqjC_predicted,0.3333333333333333,2,2,ACTCCCTAAATTCAGGTCTC,0,5221945
yqjE_yqjK_yqjD_yqjC_predicted,0.3333333333333333,2,2,ACTCCACTCGGTACATACGG,0,5183526
yqjE_yqjK_yqjD_yqjC_predicted,0.3333333333333333,2,2,ACTCAGATCCCCGCACGTGG,0,5227800
yqjE_yqjK_yqjD_yqjC_predicted,0.3333333333333333,2,2,ACTATTTTAGTCACCCTCTT,0,5252084
yqjE_yqjK_yqjD_yqjC_predicted,0.3333333333333333,2,2,ACTATGTATAGTAGCGGCCA,0,5190756
yqjE_yqjK_yqjD_yqjC_predicted,0.3333333333333333,2,2,ACTATCAGTGGTTTAGAGGA,0,5184700
yqjE_yqjK_yqjD_yqjC_predicted,0.3333333333333333,2,2,ACTATAGGCTAGGCTTCTGC,0,5184815
yqjE_yqjK_yqjD_yqjC_predicted,0.3333333333333333,2,2,ACTAGGTAGATCTATACACT,0,5221161
yqjE_yqjK_yqjD_yqjC_predicted,0.3333333333333333,2,2,ACTAGAGGTGGAACTGAAAG,0,5181596
yqjE_yqjK_yqjD_yqjC_predicted,0.3333333333333333,2,2,ACTACTTTCATCATAAAGAC,0,5177755
yqjE_yqjK_yqjD_yqjC_predicted,0.3333333333333333,2,2,ACTACTGAAGTAGTCTCCGG,0,5222024
yqjE_yqjK_yqjD_yqjC_predicted,0.3333333333333333,2,2,ACTACGTATGCTAGCTGGTG,0,5260155
yqjE_yqjK_yqjD_yqjC_predicted,0.3333333333333333,2,2,ACTACCCGACGGTCGCGATC,0,5235416
yqjE_yqjK_yqjD_yqjC_predicted,0.3333333333333333,2,2,ACTACCAGGCGGGCAGCATG,0,5231870
yqjE_yqjK_yqjD_yqjC_predicted,0.3333333333333333,2,2,ACTAAGAAGTAATGTATCAC,0,5230061
yqjE_yqjK_yqjD_yqjC_predicted,0.3333333333333333,2,2,ACTAACTTAAGTCCTACATA,0,5172699
yqjE_yqjK_yqjD_yqjC_predicted,0.3333333333333333,2,2,ACTAAAATATATCCTCGTTT,0,5218537
yqjE_yqjK_yqjD_yqjC_predicted,0.3333333333333333,2,2,ACGTTTATTCTTTGAAAACT,0,5231095
yqjE_yqjK_yqjD_yqjC_predicted,0.3333333333333333,2,2,ACGTTTATCTGGTTAATCGC,0,5237551
yqjE_yqjK_yqjD_yqjC_predicted,0.3333333333333333,2,2,ACGTTCTTCCAGCCTCAGTA,0,5243232
yqjE_yqjK_yqjD_yqjC_predicted,0.3333333333333333,2,2,ACGTTATGTGTTGAACCATT,0,5181134
yqjE_yqjK_yqjD_yqjC_predicted,0.3333333333333333,2,2,ACGTTAATTCGCGAATAACT,0,5193596
yqjE_yqjK_yqjD_yqjC_predicted,0.3333333333333333,2,2,ACGTGGTTGCCCCCGCACGT,0,5171351
yqjE_yqjK_yqjD_yqjC_predicted,0.3333333333333333,2,2,ACGTGGTGGCTAATCGGCAA,0,5181016
yqjE_yqjK_yqjD_yqjC_predicted,0.3333333333333333,2,2,ACGTGGGTTGGGTAGAGGTT,0,5261834
yqjE_yqjK_yqjD_yqjC_predicted,0.3333333333333333,2,2,ACGTCTTCCGTCCCGCCAGA,0,5175802
yqjE_yqjK_yqjD_yqjC_predicted,0.3333333333333333,2,2,ACGTCTATCCTCGTGCGCGA,0,5180794
yqjE_yqjK_yqjD_yqjC_predicted,0.3333333333333333,2,2,ACGTCCGAAAACGCAAGAAC,0,5228102
yqjE_yqjK_yqjD_yqjC_predicted,0.3333333333333333,2,2,ACGTAACTTGGGTCTCATTC,0,5178566
yqjE_yqjK_yqjD_yqjC_predicted,0.3333333333333333,2,2,ACGGTGTATGCGGAGCGAGT,0,5262784
yqjE_yqjK_yqjD_yqjC_predicted,0.3333333333333333,2,2,ACGGTGGCGCCCAATGAGTG,0,5217617
yqjE_yqjK_yqjD_yqjC_predicted,0.3333333333333333,2,2,ACGGTCTGGGGATATTTACA,0,5236576
yqjE_yqjK_yqjD_yqjC_predicted,0.3333333333333333,2,2,ACGGTATGCACAATTCATAA,0,5222390
yqjE_yqjK_yqjD_yqjC_predicted,0.3333333333333333,2,2,ACGGTACAGATCTTCACTCT,0,5250433
yqjE_yqjK_yqjD_yqjC_predicted,0.3333333333333333,2,2,ACGGGGATAGTGAGACACAT,0,5231068
yqjE_yqjK_yqjD_yqjC_predicted,0.3333333333333333,2,2,ACGGGGACTCTTTGCCCGAG,0,5181180
yqjE_yqjK_yqjD_yqjC_predicted,0.3333333333333333,2,2,ACGGGGACGCGTAATGTTTA,0,5258258
yqjE_yqjK_yqjD_yqjC_predicted,0.3333333333333333,2,2,ACGGGCCGAGGTGCCATCCC,0,5200784
yqjE_yqjK_yqjD_yqjC_predicted,0.3333333333333333,2,2,ACGGCTCAGGTCATGGGTGC,0,5209475
yqjE_yqjK_yqjD_yqjC_predicted,0.3333333333333333,2,2,ACGGCGGAAATTCAGCTCTC,0,5260611
yqjE_yqjK_yqjD_yqjC_predicted,0.3333333333333333,2,2,ACGGATAGCCAAATCGGGTT,0,5186275
yqjE_yqjK_yqjD_yqjC_predicted,0.3333333333333333,2,2,ACGGAGGCGGTCCTCTAGCC,0,5253044
yqjE_yqjK_yqjD_yqjC_predicted,0.3333333333333333,2,2,ACGGACCGATGAGCACCACA,0,5228723
yqjE_yqjK_yqjD_yqjC_predicted,0.3333333333333333,2,2,ACGGAAGCGCCCGCTTTACT,0,5245508
yqjE_yqjK_yqjD_yqjC_predicted,0.3333333333333333,2,2,ACGCTTCAGGGCTACGGTAT,0,5235343
yqjE_yqjK_yqjD_yqjC_predicted,0.3333333333333333,2,2,ACGCTGCACAAAGCTTCTCA,0,5184796
yqjE_yqjK_yqjD_yqjC_predicted,0.3333333333333333,2,2,ACGCTCGGGTGACCAGATAT,0,5182828
yqjE_yqjK_yqjD_yqjC_predicted,0.3333333333333333,2,2,ACGCTAGTTCCAAGGTGAAA,0,5179091
yqjE_yqjK_yqjD_yqjC_predicted,0.3333333333333333,2,2,ACGCGAGGGCACAATAATCT,0,5199760
yqjE_yqjK_yqjD_yqjC_predicted,0.3333333333333333,2,2,ACGCCTACTGCGTGTCACGG,0,5218378
yqjE_yqjK_yqjD_yqjC_predicted,0.3333333333333333,2,2,ACGCCGGAGGGATTCTTATT,0,5256137
yqjE_yqjK_yqjD_yqjC_predicted,0.3333333333333333,2,2,ACGCCGCCGGCGGGGACATA,0,5184982
yqjE_yqjK_yqjD_yqjC_predicted,0.3333333333333333,2,2,ACGCCAGAAGTTCTCGCGCA,0,5226375
yqjE_yqjK_yqjD_yqjC_predicted,0.3333333333333333,2,2,ACGCAGGATATCGGGCTTTT,0,5251580
yqjE_yqjK_yqjD_yqjC_predicted,0.3333333333333333,2,2,ACGCAGCGTAATGTTGCGCA,0,5196906
yqjE_yqjK_yqjD_yqjC_predicted,0.3333333333333333,2,2,ACGCAGCACCCGAAAGGCCA,0,5220883
yqjE_yqjK_yqjD_yqjC_predicted,0.3333333333333333,2,2,ACGCACACCAAGCCGAAACT,0,5182057
yqjE_yqjK_yqjD_yqjC_predicted,0.3333333333333333,2,2,ACGCAATGGACCATCGGGGA,0,5205291
yqjE_yqjK_yqjD_yqjC_predicted,0.3333333333333333,2,2,ACGATATTTTGAAGACATTT,0,5214242
yqjE_yqjK_yqjD_yqjC_predicted,0.3333333333333333,2,2,ACGATATTATTGGGTACTCC,0,5248417
yqjE_yqjK_yqjD_yqjC_predicted,0.3333333333333333,2,2,ACGATACGCAATAGTACCAA,0,5242465
yqjE_yqjK_yqjD_yqjC_predicted,0.3333333333333333,2,2,ACGAGGGATGGCCAGGGTAA,0,5229938
yqjE_yqjK_yqjD_yqjC_predicted,0.3333333333333333,2,2,ACGAGGAGTTGCGCAACAAT,0,5241166
yqjE_yqjK_yqjD_yqjC_predicted,0.3333333333333333,2,2,ACGAGACGCTGCTGAATATC,0,5178649
yqjE_yqjK_yqjD_yqjC_predicted,0.3333333333333333,2,2,ACGACTTCCTGACTCTCAAA,0,5184949
yqjE_yqjK_yqjD_yqjC_predicted,0.3333333333333333,2,2,ACGACGTGAGCTCACGGCGT,0,5202539
yqjE_yqjK_yqjD_yqjC_predicted,0.3333333333333333,2,2,ACGACGGTACCGCTGGTTCA,0,5194871
yqjE_yqjK_yqjD_yqjC_predicted,0.3333333333333333,2,2,ACGACGCTTCCCTAACATGT,0,5250553
yqjE_yqjK_yqjD_yqjC_predicted,0.3333333333333333,2,2,ACGAACATTCAAAGGCTGGA,0,5231028
yqjE_yqjK_yqjD_yqjC_predicted,0.3333333333333333,2,2,ACCTTGGAACGGCCCAATCT,0,5250429
yqjE_yqjK_yqjD_yqjC_predicted,0.3333333333333333,2,2,ACCTTAGTTGTGAGTCGGAC,0,5216936
yqjE_yqjK_yqjD_yqjC_predicted,0.3333333333333333,2,2,ACCTGGTTTATACCGCTGCT,0,5242285
yqjE_yqjK_yqjD_yqjC_predicted,0.3333333333333333,2,2,ACCTGGAGTATACCTATACT,0,5177014
yqjE_yqjK_yqjD_yqjC_predicted,0.3333333333333333,2,2,ACCTGCTATTACGTTATCCT,0,5242632
yqjE_yqjK_yqjD_yqjC_predicted,0.3333333333333333,2,2,ACCTGCCGCGCTCCGGTAAC,0,5214412
yqjE_yqjK_yqjD_yqjC_predicted,0.3333333333333333,2,2,ACCTCTGTATGGTGGCGCGT,0,5179076
yqjE_yqjK_yqjD_yqjC_predicted,0.3333333333333333,2,2,ACCTCGATACCTGCCTCCGT,0,5191396
yqjE_yqjK_yqjD_yqjC_predicted,0.3333333333333333,2,2,ACCTATCGCTCAACGCGATA,0,5232732
yqjE_yqjK_yqjD_yqjC_predicted,0.3333333333333333,2,2,ACCTACCCTGAAAAGTGCAA,0,5207824
yqjE_yqjK_yqjD_yqjC_predicted,0.3333333333333333,2,2,ACCGTGCTGACGTTGAAAGC,0,5232115
yqjE_yqjK_yqjD_yqjC_predicted,0.3333333333333333,2,2,ACCGTGAGCGAAGTATAGTA,0,5237360
yqjE_yqjK_yqjD_yqjC_predicted,0.3333333333333333,2,2,ACCGGGGTGTTAAAGTGGAA,0,5228179
yqjE_yqjK_yqjD_yqjC_predicted,0.3333333333333333,2,2,ACCGGGGGATTGAAGGCGAA,0,5222855
yqjE_yqjK_yqjD_yqjC_predicted,0.3333333333333333,2,2,ACCGGGATATTCAGGAGGGA,0,5227535
yqjE_yqjK_yqjD_yqjC_predicted,0.3333333333333333,2,2,ACCGGCGTGTCCGCATCGGG,0,5231233
yqjE_yqjK_yqjD_yqjC_predicted,0.3333333333333333,2,2,ACCGGATCGATGGAAGCATG,0,5207296
yqjE_yqjK_yqjD_yqjC_predicted,0.3333333333333333,2,2,ACCGGATATTACCGACTGCC,0,5235058
yqjE_yqjK_yqjD_yqjC_predicted,0.3333333333333333,2,2,ACCGGAGGTAGAGTGGGTTA,0,5183593
yqjE_yqjK_yqjD_yqjC_predicted,0.3333333333333333,2,2,ACCGGACTCCTACAGGTGCA,0,5197062
yqjE_yqjK_yqjD_yqjC_predicted,0.3333333333333333,2,2,ACCGCTTATGCACTATTAAG,0,5194022
yqjE_yqjK_yqjD_yqjC_predicted,0.3333333333333333,2,2,ACCGCAAAAAGGGAAACTAT,0,5178547
yqjE_yqjK_yqjD_yqjC_predicted,0.3333333333333333,2,2,ACCGAGAGTCAGCCCACTCC,0,5236182
yqjE_yqjK_yqjD_yqjC_predicted,0.3333333333333333,2,2,ACCGAAATTTAACCCATTTT,0,5189349
yqjE_yqjK_yqjD_yqjC_predicted,0.3333333333333333,2,2,ACCCTTCGGTATCTTGAGAG,0,5176462
yqjE_yqjK_yqjD_yqjC_predicted,0.3333333333333333,2,2,ACCCTGGGTGCTTTACTGAT,0,5170961
yqjE_yqjK_yqjD_yqjC_predicted,0.3333333333333333,2,2,ACCCTCCGGACAGCCTCGGA,0,5213123
yqjE_yqjK_yqjD_yqjC_predicted,0.3333333333333333,2,2,ACCCTCAAAGCAGGCTCCCG,0,5207305
yqjE_yqjK_yqjD_yqjC_predicted,0.3333333333333333,2,2,ACCCCGCTAAGTCAGGGGTT,0,5182119
yqjE_yqjK_yqjD_yqjC_predicted,0.3333333333333333,2,2,ACCCCCGACCAGTAAAGTGA,0,5196967
yqjE_yqjK_yqjD_yqjC_predicted,0.3333333333333333,2,2,ACCCACTAAAGAGGCGTTAA,0,5245472
yqjE_yqjK_yqjD_yqjC_predicted,0.3333333333333333,2,2,ACCCACCCAATCCTCGGCGT,0,5243890
yqjE_yqjK_yqjD_yqjC_predicted,0.3333333333333333,2,2,ACCCACATGGGCAACGCTAG,0,5173614
yqjE_yqjK_yqjD_yqjC_predicted,0.3333333333333333,2,2,ACCATTTTGCGGCTCGGCCA,0,5177387
yqjE_yqjK_yqjD_yqjC_predicted,0.3333333333333333,2,2,ACCATGCATGTTTACCATGC,0,5259030
yqjE_yqjK_yqjD_yqjC_predicted,0.3333333333333333,2,2,ACCATCATCAGTTAATGAAT,0,5205984
yqjE_yqjK_yqjD_yqjC_predicted,0.3333333333333333,2,2,ACCATAAGGGGGCCAGCTCG,0,5231089
yqjE_yqjK_yqjD_yqjC_predicted,0.3333333333333333,2,2,ACCAGTTCTTTACATAGTAA,0,5233644
yqjE_yqjK_yqjD_yqjC_predicted,0.3333333333333333,2,2,ACCAGTGGTATAGACAGGGA,0,5172742
yqjE_yqjK_yqjD_yqjC_predicted,0.3333333333333333,2,2,ACCAGGAGAAGATTAGCGCC,0,5210907
yqjE_yqjK_yqjD_yqjC_predicted,0.3333333333333333,2,2,ACCAGCTCGCTTTCGAACTT,0,5237945
yqjE_yqjK_yqjD_yqjC_predicted,0.3333333333333333,2,2,ACCAGCCCCATGGGACGCCC,0,5183372
yqjE_yqjK_yqjD_yqjC_predicted,0.3333333333333333,2,2,ACCACTCCGTGAGCTGAGTC,0,5174255
yqjE_yqjK_yqjD_yqjC_predicted,0.3333333333333333,2,2,ACCACGGGGAGGAAACCAAA,0,5239274
yqjE_yqjK_yqjD_yqjC_predicted,0.3333333333333333,2,2,ACCACCCTGCCGATAAGTAG,0,5186200
yqjE_yqjK_yqjD_yqjC_predicted,0.3333333333333333,2,2,ACCACAGCCCATTAAATACT,0,5222821
yqjE_yqjK_yqjD_yqjC_predicted,0.3333333333333333,2,2,ACCAATTTATACTCTTCGGC,0,5222281
yqjE_yqjK_yqjD_yqjC_predicted,0.3333333333333333,2,2,ACCAAAGCCCAAGATACTAC,0,5184135
yqjE_yqjK_yqjD_yqjC_predicted,0.3333333333333333,2,2,ACATTTCCGGCCGTTCGTTA,0,5220047
yqjE_yqjK_yqjD_yqjC_predicted,0.3333333333333333,2,2,ACATTGGGGAAAGGGCTTGA,0,5215241
yqjE_yqjK_yqjD_yqjC_predicted,0.3333333333333333,2,2,ACATGTGGATCTAGCGTTTC,0,5188786
yqjE_yqjK_yqjD_yqjC_predicted,0.3333333333333333,2,2,ACATGTAGTGGATCGGACTA,0,5207077
yqjE_yqjK_yqjD_yqjC_predicted,0.3333333333333333,2,2,ACATGGGTTTATATCCATAG,0,5231666
yqjE_yqjK_yqjD_yqjC_predicted,0.3333333333333333,2,2,ACATGGATGAGACAAGCGGA,0,5192575
yqjE_yqjK_yqjD_yqjC_predicted,0.3333333333333333,2,2,ACATGCTGTGCAGGCTCGGT,0,5205088
yqjE_yqjK_yqjD_yqjC_predicted,0.3333333333333333,2,2,ACATGAGGCGGTAACGGGAA,0,5192921
yqjE_yqjK_yqjD_yqjC_predicted,0.3333333333333333,2,2,ACATGAGAGGGAAGCCCACC,0,5197517
yqjE_yqjK_yqjD_yqjC_predicted,0.3333333333333333,2,2,ACATCTGTTTATTCATAGCA,0,5243403
yqjE_yqjK_yqjD_yqjC_predicted,0.3333333333333333,2,2,ACATCTGCGCGTAGGAGCTG,0,5207664
yqjE_yqjK_yqjD_yqjC_predicted,0.3333333333333333,2,2,ACATCGGGCGACCGTTGATC,0,5183455
yqjE_yqjK_yqjD_yqjC_predicted,0.3333333333333333,2,2,ACATACCGCAGTAAAAGGGA,0,5229772
yqjE_yqjK_yqjD_yqjC_predicted,0.3333333333333333,2,2,ACAGTCTTTTCGCTTTTTTT,0,5176071
yqjE_yqjK_yqjD_yqjC_predicted,0.3333333333333333,2,2,ACAGTATGTCCCGTGTGTCT,0,5222449
yqjE_yqjK_yqjD_yqjC_predicted,0.3333333333333333,2,2,ACAGGTGATAATGGATGCTC,0,5185668
yqjE_yqjK_yqjD_yqjC_predicted,0.3333333333333333,2,2,ACAGGTCCAAAGCTGAAAAG,0,5194567
yqjE_yqjK_yqjD_yqjC_predicted,0.3333333333333333,2,2,ACAGGGCAGAACGCGCTACC,0,5184895
yqjE_yqjK_yqjD_yqjC_predicted,0.3333333333333333,2,2,ACAGCCGCGCCATCGGTGTT,0,5175322
yqjE_yqjK_yqjD_yqjC_predicted,0.3333333333333333,2,2,ACAGCAAACTTCGTCGAGCT,0,5222105
yqjE_yqjK_yqjD_yqjC_predicted,0.3333333333333333,2,2,ACAGAGTATAGGACGGCTGG,0,5226586
yqjE_yqjK_yqjD_yqjC_predicted,0.3333333333333333,2,2,ACAGAATAGACACCTAGACC,0,5244918
yqjE_yqjK_yqjD_yqjC_predicted,0.3333333333333333,2,2,ACAGAAAAACGTGTTAGGTT,0,5231709
yqjE_yqjK_yqjD_yqjC_predicted,0.3333333333333333,2,2,ACACTTAACATCGCGACGTT,0,5261551
yqjE_yqjK_yqjD_yqjC_predicted,0.3333333333333333,2,2,ACACGTTACAAATCGACGGA,0,5199226
yqjE_yqjK_yqjD_yqjC_predicted,0.3333333333333333,2,2,ACACCTTGACATTTGCGCAA,0,5179152
yqjE_yqjK_yqjD_yqjC_predicted,0.3333333333333333,2,2,ACACCTAACTGACGGGGGTA,0,5228655
yqjE_yqjK_yqjD_yqjC_predicted,0.3333333333333333,2,2,ACACCCGTCTGGACGAAAGC,0,5251085
yqjE_yqjK_yqjD_yqjC_predicted,0.3333333333333333,2,2,ACACCCCTTTTACTTTAAGA,0,5250638
yqjE_yqjK_yqjD_yqjC_predicted,0.3333333333333333,2,2,ACACATCTTACAAGCCGTTG,0,5170778
yqjE_yqjK_yqjD_yqjC_predicted,0.3333333333333333,2,2,ACACAGTGTGGATGCGGGTA,0,5203069
yqjE_yqjK_yqjD_yqjC_predicted,0.3333333333333333,2,2,ACACAGTATGCAGGAGCGTG,0,5256614
yqjE_yqjK_yqjD_yqjC_predicted,0.3333333333333333,2,2,ACACACTCGACCTACGTTCT,0,5216286
yqjE_yqjK_yqjD_yqjC_predicted,0.3333333333333333,2,2,ACAATTGAATGATAGTGAAA,0,5213127
yqjE_yqjK_yqjD_yqjC_predicted,0.3333333333333333,2,2,ACAATGCCGTTGAATTCACG,0,5194692
yqjE_yqjK_yqjD_yqjC_predicted,0.3333333333333333,2,2,ACAATCCGGACCAATTGAAT,0,5207818
yqjE_yqjK_yqjD_yqjC_predicted,0.3333333333333333,2,2,ACAATATCGGCGCGAACCGT,0,5226353
yqjE_yqjK_yqjD_yqjC_predicted,0.3333333333333333,2,2,ACAATAAAGCCGATCTAAAG,0,5216485
yqjE_yqjK_yqjD_yqjC_predicted,0.3333333333333333,2,2,ACAAGCAATCTCCTCTTGCA,0,5184447
yqjE_yqjK_yqjD_yqjC_predicted,0.3333333333333333,2,2,ACAAATAAACCAACTGCTCA,0,5235345
yqjE_yqjK_yqjD_yqjC_predicted,0.3333333333333333,2,2,ACAAAGCTTATTAGGGCTAC,0,5225267
yqjE_yqjK_yqjD_yqjC_predicted,0.3333333333333333,2,2,ACAAAGACATATGCTTAACA,0,5213794
yqjE_yqjK_yqjD_yqjC_predicted,0.3333333333333333,2,2,AATTTTTATTTGTACCCACC,0,5214948
yqjE_yqjK_yqjD_yqjC_predicted,0.3333333333333333,2,2,AATTTTGGTCCACTGGAAGT,0,5256094
yqjE_yqjK_yqjD_yqjC_predicted,0.3333333333333333,2,2,AATTTAAGGCAATTTGCGCC,0,5259986
yqjE_yqjK_yqjD_yqjC_predicted,0.3333333333333333,2,2,AATTGGCAGATGTCGTGTTA,0,5239839
yqjE_yqjK_yqjD_yqjC_predicted,0.3333333333333333,2,2,AATTGGCAACCCCGCCAGAC,0,5253547
yqjE_yqjK_yqjD_yqjC_predicted,0.3333333333333333,2,2,AATTGGACCAAAACATCAAG,0,5196563
yqjE_yqjK_yqjD_yqjC_predicted,0.3333333333333333,2,2,AATTGATCACGCAGTCCCAT,0,5234756
yqjE_yqjK_yqjD_yqjC_predicted,0.3333333333333333,2,2,AATTCGATTATGCAGGTTCT,0,5197373
yqjE_yqjK_yqjD_yqjC_predicted,0.3333333333333333,2,2,AATTCGAGTGGTGGGTTTAT,0,5189879
yqjE_yqjK_yqjD_yqjC_predicted,0.3333333333333333,2,2,AATTCGACCGCCAGCGATGA,0,5203815
yqjE_yqjK_yqjD_yqjC_predicted,0.3333333333333333,2,2,AATTCCGAGCTTCCTTAAGC,0,5195023
yqjE_yqjK_yqjD_yqjC_predicted,0.3333333333333333,2,2,AATTCATACGGCACCGGTCA,0,5252598
yqjE_yqjK_yqjD_yqjC_predicted,0.3333333333333333,2,2,AATTATGCATCTGGTGCAGT,0,5219973
yqjE_yqjK_yqjD_yqjC_predicted,0.3333333333333333,2,2,AATTATCAGCCCGCGAACGG,0,5252596
yqjE_yqjK_yqjD_yqjC_predicted,0.3333333333333333,2,2,AATTATACCAGTGCAGAGAG,0,5177411
yqjE_yqjK_yqjD_yqjC_predicted,0.3333333333333333,2,2,AATTAGCCACGCCCGCACTT,0,5243698
yqjE_yqjK_yqjD_yqjC_predicted,0.3333333333333333,2,2,AATTACCATTATTCGAGATA,0,5211838
yqjE_yqjK_yqjD_yqjC_predicted,0.3333333333333333,2,2,AATGTTGCACGGGTGCTCCT,0,5236213
yqjE_yqjK_yqjD_yqjC_predicted,0.3333333333333333,2,2,AATGTGTCTCTGCTCTCCAC,0,5188822
yqjE_yqjK_yqjD_yqjC_predicted,0.3333333333333333,2,2,AATGTACGTTACCTTATCGA,0,5186958
yqjE_yqjK_yqjD_yqjC_predicted,0.3333333333333333,2,2,AATGGTGCTTTAGAGGGAAA,0,5193251
yqjE_yqjK_yqjD_yqjC_predicted,0.3333333333333333,2,2,AATGGTCGAGCTTCTAGGCC,0,5179021
yqjE_yqjK_yqjD_yqjC_predicted,0.3333333333333333,2,2,AATGGGTACGGCGAAACTTT,0,5171773
yqjE_yqjK_yqjD_yqjC_predicted,0.3333333333333333,2,2,AATGGGGAAATCCTGTCGAG,0,5257971
yqjE_yqjK_yqjD_yqjC_predicted,0.3333333333333333,2,2,AATGCGTTCAAGGAAGGGAG,0,5238676
yqjE_yqjK_yqjD_yqjC_predicted,0.3333333333333333,2,2,AATGCATTCAGAGAACAAAC,0,5199692
yqjE_yqjK_yqjD_yqjC_predicted,0.3333333333333333,2,2,AATGAGTTACTTGGATCCTA,0,5258747
yqjE_yqjK_yqjD_yqjC_predicted,0.3333333333333333,2,2,AATGAAGGCCGCAGGATGAA,0,5236172
yqjE_yqjK_yqjD_yqjC_predicted,0.3333333333333333,2,2,AATGAACCTAACGGTGTGCA,0,5189117
yqjE_yqjK_yqjD_yqjC_predicted,0.3333333333333333,2,2,AATCTTATTAAGGAAATATC,0,5247834
yqjE_yqjK_yqjD_yqjC_predicted,0.3333333333333333,2,2,AATCTTATAAATCATCTAAG,0,5249139
yqjE_yqjK_yqjD_yqjC_predicted,0.3333333333333333,2,2,AATCTATCTTCGCACTAAAG,0,5194844
yqjE_yqjK_yqjD_yqjC_predicted,0.3333333333333333,2,2,AATCTACACGGCATTCTCTA,0,5239871
yqjE_yqjK_yqjD_yqjC_predicted,0.3333333333333333,2,2,AATCGCTGTGTGTCAACTTG,0,5219362
yqjE_yqjK_yqjD_yqjC_predicted,0.3333333333333333,2,2,AATCGATACTGGAGACGGCT,0,5258432
yqjE_yqjK_yqjD_yqjC_predicted,0.3333333333333333,2,2,AATCGAAAGGTCGTTAGCAT,0,5187837
yqjE_yqjK_yqjD_yqjC_predicted,0.3333333333333333,2,2,AATCCTAGACTAACATACTA,0,5175705
yqjE_yqjK_yqjD_yqjC_predicted,0.3333333333333333,2,2,AATCCGCTTCACAATGGGTA,0,5244055
yqjE_yqjK_yqjD_yqjC_predicted,0.3333333333333333,2,2,AATCCCAAGGTGAGACATAC,0,5171206
yqjE_yqjK_yqjD_yqjC_predicted,0.3333333333333333,2,2,AATCCATTTAAACACTTATG,0,5205920
yqjE_yqjK_yqjD_yqjC_predicted,0.3333333333333333,2,2,AATCCAGGAATTGCGGTGCG,0,5225728
yqjE_yqjK_yqjD_yqjC_predicted,0.3333333333333333,2,2,AATCCAGATTTTTAAGGAGC,0,5238059
yqjE_yqjK_yqjD_yqjC_predicted,0.3333333333333333,2,2,AATCATGGCGAAGCAGAATC,0,5261300
yqjE_yqjK_yqjD_yqjC_predicted,0.3333333333333333,2,2,AATCAGGTCACGGCTCACCG,0,5216433
yqjE_yqjK_yqjD_yqjC_predicted,0.3333333333333333,2,2,AATCACGTAAGGCAAGTAGG,0,5194726
yqjE_yqjK_yqjD_yqjC_predicted,0.3333333333333333,2,2,AATATCATTAGTAGAGAGGG,0,5238263
yqjE_yqjK_yqjD_yqjC_predicted,0.3333333333333333,2,2,AATATACCGCAGCCTATTTC,0,5235780
yqjE_yqjK_yqjD_yqjC_predicted,0.3333333333333333,2,2,AATATAAAGTTCACCTTAGA,0,5254850
yqjE_yqjK_yqjD_yqjC_predicted,0.3333333333333333,2,2,AATAGGCCCAGGGATCACGT,0,5258698
yqjE_yqjK_yqjD_yqjC_predicted,0.3333333333333333,2,2,AATAGCTATGGTGGTCTGAT,0,5236404
yqjE_yqjK_yqjD_yqjC_predicted,0.3333333333333333,2,2,AATACCGAATGCCTTTAGTA,0,5213497
yqjE_yqjK_yqjD_yqjC_predicted,0.3333333333333333,2,2,AATACCATGTAGGGTACGTG,0,5224958
yqjE_yqjK_yqjD_yqjC_predicted,0.3333333333333333,2,2,AATACATTCGTGTTATGTCC,0,5213785
yqjE_yqjK_yqjD_yqjC_predicted,0.3333333333333333,2,2,AATAATATTAGCAGTACTTC,0,5218217
yqjE_yqjK_yqjD_yqjC_predicted,0.3333333333333333,2,2,AAGTTTTCGTCCGACTCTGA,0,5262897
yqjE_yqjK_yqjD_yqjC_predicted,0.3333333333333333,2,2,AAGTTTGTTAATTTTTTAGC,0,5198406
yqjE_yqjK_yqjD_yqjC_predicted,0.3333333333333333,2,2,AAGTTGTCGAGGCGGTAAGG,0,5213814
yqjE_yqjK_yqjD_yqjC_predicted,0.3333333333333333,2,2,AAGTTGACCCCTTCGCCCGA,0,5178066
yqjE_yqjK_yqjD_yqjC_predicted,0.3333333333333333,2,2,AAGTTCATTCAGGGGGAGGT,0,5188841
yqjE_yqjK_yqjD_yqjC_predicted,0.3333333333333333,2,2,AAGTGGCGGAGCTACTTAAA,0,5207819
yqjE_yqjK_yqjD_yqjC_predicted,0.3333333333333333,2,2,AAGTCGCGTTAGCACATAGA,0,5209593
yqjE_yqjK_yqjD_yqjC_predicted,0.3333333333333333,2,2,AAGTCAGCTTATTCTATAGA,0,5235233
yqjE_yqjK_yqjD_yqjC_predicted,0.3333333333333333,2,2,AAGTATCAAGCCTTGCGGTA,0,5248474
yqjE_yqjK_yqjD_yqjC_predicted,0.3333333333333333,2,2,AAGTAATTCTAATTTCAGGG,0,5227572
yqjE_yqjK_yqjD_yqjC_predicted,0.3333333333333333,2,2,AAGTAATAGCCCGGATGACC,0,5183731
yqjE_yqjK_yqjD_yqjC_predicted,0.3333333333333333,2,2,AAGTAAGTGATCGTTCCTGT,0,5203383
yqjE_yqjK_yqjD_yqjC_predicted,0.3333333333333333,2,2,AAGGTTCCCTTAGACATGTT,0,5246953
yqjE_yqjK_yqjD_yqjC_predicted,0.3333333333333333,2,2,AAGGTGGGAAAAAAACGGGA,0,5210299
yqjE_yqjK_yqjD_yqjC_predicted,0.3333333333333333,2,2,AAGGTGGAGTGCCGGCCGTA,0,5224330
yqjE_yqjK_yqjD_yqjC_predicted,0.3333333333333333,2,2,AAGGTAAGGGCTAGGTTTTA,0,5218835
yqjE_yqjK_yqjD_yqjC_predicted,0.3333333333333333,2,2,AAGGGTTTTGCACAAGTTCA,0,5177173
yqjE_yqjK_yqjD_yqjC_predicted,0.3333333333333333,2,2,AAGGGTTATGGATTCCTCTC,0,5211334
yqjE_yqjK_yqjD_yqjC_predicted,0.3333333333333333,2,2,AAGGGTGCTTGTTTGGGGAG,0,5251006
yqjE_yqjK_yqjD_yqjC_predicted,0.3333333333333333,2,2,AAGGGTGCAGGCGCCCGTCT,0,5189866
yqjE_yqjK_yqjD_yqjC_predicted,0.3333333333333333,2,2,AAGGGTAGAAGTATGATACC,0,5186673
yqjE_yqjK_yqjD_yqjC_predicted,0.3333333333333333,2,2,AAGGGATTCGGGTAAGGAGC,0,5228038
yqjE_yqjK_yqjD_yqjC_predicted,0.3333333333333333,2,2,AAGGCTGTTAGCCAGAGATT,0,5241875
yqjE_yqjK_yqjD_yqjC_predicted,0.3333333333333333,2,2,AAGGCTGGTTGTGCTTGAGT,0,5179926
yqjE_yqjK_yqjD_yqjC_predicted,0.3333333333333333,2,2,AAGGCTCATACATTCGGTTA,0,5259223
yqjE_yqjK_yqjD_yqjC_predicted,0.3333333333333333,2,2,AAGGCGAGGATCGCAATAGG,0,5218297
yqjE_yqjK_yqjD_yqjC_predicted,0.3333333333333333,2,2,AAGGCAAATGTGCGGACGCT,0,5228797
yqjE_yqjK_yqjD_yqjC_predicted,0.3333333333333333,2,2,AAGGATTAGGTAATAAGCGC,0,5202865
yqjE_yqjK_yqjD_yqjC_predicted,0.3333333333333333,2,2,AAGCTGGTAAACTTTAATCT,0,5187051
yqjE_yqjK_yqjD_yqjC_predicted,0.3333333333333333,2,2,AAGCTGGCCCGTATCATACA,0,5252980
yqjE_yqjK_yqjD_yqjC_predicted,0.3333333333333333,2,2,AAGCTATCTACACTGCCGTA,0,5253599
yqjE_yqjK_yqjD_yqjC_predicted,0.3333333333333333,2,2,AAGCGCTTATTTCGTTTTCA,0,5218852
yqjE_yqjK_yqjD_yqjC_predicted,0.3333333333333333,2,2,AAGCGATGGTCATACTAGAG,0,5173487
yqjE_yqjK_yqjD_yqjC_predicted,0.3333333333333333,2,2,AAGCCTTAAACTTCGGCCTC,0,5245133
yqjE_yqjK_yqjD_yqjC_predicted,0.3333333333333333,2,2,AAGCCTCCGGCATCCGGTAA,0,5254153
yqjE_yqjK_yqjD_yqjC_predicted,0.3333333333333333,2,2,AAGCCGAGCCGCGAACATGC,0,5241046
yqjE_yqjK_yqjD_yqjC_predicted,0.3333333333333333,2,2,AAGCATTCGTGGACCTCTTC,0,5248907
yqjE_yqjK_yqjD_yqjC_predicted,0.3333333333333333,2,2,AAGCATTACAGAATAACGCG,0,5219868
yqjE_yqjK_yqjD_yqjC_predicted,0.3333333333333333,2,2,AAGCATCGTGCGACCCATTC,0,5180432
yqjE_yqjK_yqjD_yqjC_predicted,0.3333333333333333,2,2,AAGATTTATAATGTCACAGT,0,5179282
yqjE_yqjK_yqjD_yqjC_predicted,0.3333333333333333,2,2,AAGAGTGTGGCCAAGCTCGC,0,5230534
yqjE_yqjK_yqjD_yqjC_predicted,0.3333333333333333,2,2,AAGAGTGCGTTTGAAGGATC,0,5184424
yqjE_yqjK_yqjD_yqjC_predicted,0.3333333333333333,2,2,AAGAGGTTGACGATAACCAC,0,5235087
yqjE_yqjK_yqjD_yqjC_predicted,0.3333333333333333,2,2,AAGAGGACCCGGTATGAAAC,0,5205487
yqjE_yqjK_yqjD_yqjC_predicted,0.3333333333333333,2,2,AAGACTATAACGTGAGTGCT,0,5243426
yqjE_yqjK_yqjD_yqjC_predicted,0.3333333333333333,2,2,AAGACGGTGCGTGGGCTTGG,0,5209016
yqjE_yqjK_yqjD_yqjC_predicted,0.3333333333333333,2,2,AAGACGCCAAAATGCCAAAT,0,5175410
yqjE_yqjK_yqjD_yqjC_predicted,0.3333333333333333,2,2,AAGACCTTGTGTGGTCTGTA,0,5227196
yqjE_yqjK_yqjD_yqjC_predicted,0.3333333333333333,2,2,AAGACCAAAGGTTGAGCCGA,0,5230643
yqjE_yqjK_yqjD_yqjC_predicted,0.3333333333333333,2,2,AAGAACTTCCCATGGACCCC,0,5230812
yqjE_yqjK_yqjD_yqjC_predicted,0.3333333333333333,2,2,AAGAACCCGGCAAATCAGGG,0,5233983
yqjE_yqjK_yqjD_yqjC_predicted,0.3333333333333333,2,2,AAGAAACTCGGATCCTCGTA,0,5207206
yqjE_yqjK_yqjD_yqjC_predicted,0.3333333333333333,2,2,AACTTCGATTTTTGGACGGG,0,5221768
yqjE_yqjK_yqjD_yqjC_predicted,0.3333333333333333,2,2,AACTTAGAAAGTGGAGCTGC,0,5202961
yqjE_yqjK_yqjD_yqjC_predicted,0.3333333333333333,2,2,AACTGGTGGAATAGCGGTCT,0,5208935
yqjE_yqjK_yqjD_yqjC_predicted,0.3333333333333333,2,2,AACTGCGTCATCTGCATACA,0,5210243
yqjE_yqjK_yqjD_yqjC_predicted,0.3333333333333333,2,2,AACTGCGGTTGATTACTGAA,0,5235651
yqjE_yqjK_yqjD_yqjC_predicted,0.3333333333333333,2,2,AACTCGGGGCTTTCTCAAGT,0,5236852
yqjE_yqjK_yqjD_yqjC_predicted,0.3333333333333333,2,2,AACTCCTGATGCATGCAGGG,0,5215690
yqjE_yqjK_yqjD_yqjC_predicted,0.3333333333333333,2,2,AACTCCCGTAACATCGTCAC,0,5194961
yqjE_yqjK_yqjD_yqjC_predicted,0.3333333333333333,2,2,AACTCCAGTCTGAAGTGCTA,0,5228183
yqjE_yqjK_yqjD_yqjC_predicted,0.3333333333333333,2,2,AACTAGCCAAAGGAGGATAT,0,5242131
yqjE_yqjK_yqjD_yqjC_predicted,0.3333333333333333,2,2,AACGTTTGGTATCGAGGGCA,0,5198942
yqjE_yqjK_yqjD_yqjC_predicted,0.3333333333333333,2,2,AACGTGCGCGAGAGGATCGT,0,5208496
yqjE_yqjK_yqjD_yqjC_predicted,0.3333333333333333,2,2,AACGTGCACAGGAGTAGAAC,0,5251587
yqjE_yqjK_yqjD_yqjC_predicted,0.3333333333333333,2,2,AACGTATTTGGGCCACGCCC,0,5175363
yqjE_yqjK_yqjD_yqjC_predicted,0.3333333333333333,2,2,AACGTATCTCATGGCAGCCA,0,5189931
yqjE_yqjK_yqjD_yqjC_predicted,0.3333333333333333,2,2,AACGGTCTGTAACAGTGAAT,0,5179425
yqjE_yqjK_yqjD_yqjC_predicted,0.3333333333333333,2,2,AACGGTAGTCTCTTCCCCGT,0,5255293
yqjE_yqjK_yqjD_yqjC_predicted,0.3333333333333333,2,2,AACGGTAGAACCGTCACTTG,0,5212817
yqjE_yqjK_yqjD_yqjC_predicted,0.3333333333333333,2,2,AACGGCTAGGACATTTTCTG,0,5262299
yqjE_yqjK_yqjD_yqjC_predicted,0.3333333333333333,2,2,AACGCCATTTCAACGAGGGT,0,5241441
yqjE_yqjK_yqjD_yqjC_predicted,0.3333333333333333,2,2,AACGACCGACAAAGTGACAA,0,5244861
yqjE_yqjK_yqjD_yqjC_predicted,0.3333333333333333,2,2,AACCTTTTCGGGCCGGGTCG,0,5261670
yqjE_yqjK_yqjD_yqjC_predicted,0.3333333333333333,2,2,AACCTCTAGTGTTTGGATTC,0,5239099
yqjE_yqjK_yqjD_yqjC_predicted,0.3333333333333333,2,2,AACCTCTACTTTTATGGCCA,0,5222223
yqjE_yqjK_yqjD_yqjC_predicted,0.3333333333333333,2,2,AACCTACGGTCGAATTGGAA,0,5191602
yqjE_yqjK_yqjD_yqjC_predicted,0.3333333333333333,2,2,AACCGGCTTCGGGAATTCTG,0,5173408
yqjE_yqjK_yqjD_yqjC_predicted,0.3333333333333333,2,2,AACCGGAATTAGTGCGGCGT,0,5200048
yqjE_yqjK_yqjD_yqjC_predicted,0.3333333333333333,2,2,AACCCGGTTTAGGCATTATT,0,5220736
yqjE_yqjK_yqjD_yqjC_predicted,0.3333333333333333,2,2,AACCCGGAGTGTCCGGCGTG,0,5224979
yqjE_yqjK_yqjD_yqjC_predicted,0.3333333333333333,2,2,AACCAGGGGGACCCACCGTG,0,5211878
yqjE_yqjK_yqjD_yqjC_predicted,0.3333333333333333,2,2,AACCACACTCAGACGACTGA,0,5224966
yqjE_yqjK_yqjD_yqjC_predicted,0.3333333333333333,2,2,AACATTTTACGTAGGTATAC,0,5250425
yqjE_yqjK_yqjD_yqjC_predicted,0.3333333333333333,2,2,AACATGAATGGTGCGTGCGG,0,5205756
yqjE_yqjK_yqjD_yqjC_predicted,0.3333333333333333,2,2,AACAGTTATCTATCTCAATT,0,5173300
yqjE_yqjK_yqjD_yqjC_predicted,0.3333333333333333,2,2,AACAGCGTTCTCCTCCTGAT,0,5188469
yqjE_yqjK_yqjD_yqjC_predicted,0.3333333333333333,2,2,AACAGAATCGGTGGATTTGG,0,5240568
yqjE_yqjK_yqjD_yqjC_predicted,0.3333333333333333,2,2,AACACGTTAGCCCTCAGGAC,0,5186593
yqjE_yqjK_yqjD_yqjC_predicted,0.3333333333333333,2,2,AACACGCTGATGATTCGGCT,0,5202815
yqjE_yqjK_yqjD_yqjC_predicted,0.3333333333333333,2,2,AACAAGTTCATTGTTGTAAC,0,5257719
yqjE_yqjK_yqjD_yqjC_predicted,0.3333333333333333,2,2,AACAAGGACCTTTAAGGTCA,0,5234180
yqjE_yqjK_yqjD_yqjC_predicted,0.3333333333333333,2,2,AAATTCAAGACGTGGACTAG,0,5256345
yqjE_yqjK_yqjD_yqjC_predicted,0.3333333333333333,2,2,AAATTACATGACGGATACAT,0,5251194
yqjE_yqjK_yqjD_yqjC_predicted,0.3333333333333333,2,2,AAATTAAGGCCGGTCAGAAA,0,5195730
yqjE_yqjK_yqjD_yqjC_predicted,0.3333333333333333,2,2,AAATGAATGTCGTTGCGCGA,0,5177456
yqjE_yqjK_yqjD_yqjC_predicted,0.3333333333333333,2,2,AAATCTGCATACGCTGTCTG,0,5252230
yqjE_yqjK_yqjD_yqjC_predicted,0.3333333333333333,2,2,AAATCTCTTTAAGTGTGCTC,0,5236260
yqjE_yqjK_yqjD_yqjC_predicted,0.3333333333333333,2,2,AAATCGTGGCGTTCATAGGC,0,5253726
yqjE_yqjK_yqjD_yqjC_predicted,0.3333333333333333,2,2,AAATCACTCTGGAGAGAACC,0,5255003
yqjE_yqjK_yqjD_yqjC_predicted,0.3333333333333333,2,2,AAATATAAGGCACAGTGGCA,0,5189329
yqjE_yqjK_yqjD_yqjC_predicted,0.3333333333333333,2,2,AAATAGGTAGTGCGAGGTGT,0,5258734
yqjE_yqjK_yqjD_yqjC_predicted,0.3333333333333333,2,2,AAATAGCTAGAAATGCATGG,0,5249494
yqjE_yqjK_yqjD_yqjC_predicted,0.3333333333333333,2,2,AAATAGACACCTTTAACTGC,0,5201437
yqjE_yqjK_yqjD_yqjC_predicted,0.3333333333333333,2,2,AAATAAAAGAGCAACGAAGC,0,5220747
yqjE_yqjK_yqjD_yqjC_predicted,0.3333333333333333,2,2,AAAGTGGCCCCGCTACGATC,0,5183533
yqjE_yqjK_yqjD_yqjC_predicted,0.3333333333333333,2,2,AAAGTCGGAGACTAGCGGTC,0,5209102
yqjE_yqjK_yqjD_yqjC_predicted,0.3333333333333333,2,2,AAAGTACTTGGAGTGTCTAT,0,5196433
yqjE_yqjK_yqjD_yqjC_predicted,0.3333333333333333,2,2,AAAGGTCAGAATCACCATGC,0,5186797
yqjE_yqjK_yqjD_yqjC_predicted,0.3333333333333333,2,2,AAAGGGGGCTACGTTCCATT,0,5198824
yqjE_yqjK_yqjD_yqjC_predicted,0.3333333333333333,2,2,AAAGGGGCCTCTTCCCAGGA,0,5238385
yqjE_yqjK_yqjD_yqjC_predicted,0.3333333333333333,2,2,AAAGGGACCGCATGGCTGAA,0,5184117
yqjE_yqjK_yqjD_yqjC_predicted,0.3333333333333333,2,2,AAAGGCTAACTACACTATAA,0,5242584
yqjE_yqjK_yqjD_yqjC_predicted,0.3333333333333333,2,2,AAAGCTCTACATTTGTGAAC,0,5237961
yqjE_yqjK_yqjD_yqjC_predicted,0.3333333333333333,2,2,AAAGCGCTGTGGGTTGTACG,0,5245447
yqjE_yqjK_yqjD_yqjC_predicted,0.3333333333333333,2,2,AAAGCGAAGCTCAGTAGTAC,0,5228960
yqjE_yqjK_yqjD_yqjC_predicted,0.3333333333333333,2,2,AAAGCCACGCCGGGGATTTT,0,5247104
yqjE_yqjK_yqjD_yqjC_predicted,0.3333333333333333,2,2,AAAGATATTAGTACTAACAT,0,5177153
yqjE_yqjK_yqjD_yqjC_predicted,0.3333333333333333,2,2,AAAGAGTTGTCAGCATTAGG,0,5258443
yqjE_yqjK_yqjD_yqjC_predicted,0.3333333333333333,2,2,AAAGAGATTTCTGACTCTGA,0,5205227
yqjE_yqjK_yqjD_yqjC_predicted,0.3333333333333333,2,2,AAAGAGACGCTTAAGTGCAC,0,5200272
yqjE_yqjK_yqjD_yqjC_predicted,0.3333333333333333,2,2,AAACTTTTTGGACCTTCATT,0,5174274
yqjE_yqjK_yqjD_yqjC_predicted,0.3333333333333333,2,2,AAACTTTTTCTTTTTGATAA,0,5189293
yqjE_yqjK_yqjD_yqjC_predicted,0.3333333333333333,2,2,AAACTTCAAAACGACCACGT,0,5241678
yqjE_yqjK_yqjD_yqjC_predicted,0.3333333333333333,2,2,AAACGTGCGGGTTCCTCGGT,0,5241457
yqjE_yqjK_yqjD_yqjC_predicted,0.3333333333333333,2,2,AAACGGGCGGTTTCCTGTTT,0,5197683
yqjE_yqjK_yqjD_yqjC_predicted,0.3333333333333333,2,2,AAACGCCCGAAGGCTCTCAC,0,5223896
yqjE_yqjK_yqjD_yqjC_predicted,0.3333333333333333,2,2,AAACGACGACATGTGCCGTC,0,5229722
yqjE_yqjK_yqjD_yqjC_predicted,0.3333333333333333,2,2,AAACCTCCTGGGCCTTTTGC,0,5215755
yqjE_yqjK_yqjD_yqjC_predicted,0.3333333333333333,2,2,AAACCGGCGAGGGTGTATGA,0,5189407
yqjE_yqjK_yqjD_yqjC_predicted,0.3333333333333333,2,2,AAACATGCAGATAGCAGGAT,0,5252647
yqjE_yqjK_yqjD_yqjC_predicted,0.3333333333333333,2,2,AAACAAATCCAGGTATTCCA,0,5199851
yqjE_yqjK_yqjD_yqjC_predicted,0.3333333333333333,2,2,AAAATGGCGTACCGCTCCGG,0,5230525
yqjE_yqjK_yqjD_yqjC_predicted,0.3333333333333333,2,2,AAAATGATCTACTCAGTAGC,0,5179662
yqjE_yqjK_yqjD_yqjC_predicted,0.3333333333333333,2,2,AAAATCGGGTCTCACCACTA,0,5219637
yqjE_yqjK_yqjD_yqjC_predicted,0.3333333333333333,2,2,AAAATATCCCGAAGAGACTG,0,5236670
yqjE_yqjK_yqjD_yqjC_predicted,0.3333333333333333,2,2,AAAAGCTTTTTACATGTCTG,0,5215167
yqjE_yqjK_yqjD_yqjC_predicted,0.3333333333333333,2,2,AAAAGCTCGACGTATGACTG,0,5188290
yqjE_yqjK_yqjD_yqjC_predicted,0.3333333333333333,2,2,AAAACCGCGGCCTGTAGGGT,0,5206088
yqjE_yqjK_yqjD_yqjC_predicted,0.3333333333333333,2,2,AAAACAATCGATCTGGCCGC,0,5229911
yqjE_yqjK_yqjD_yqjC_predicted,0.3333333333333333,2,2,AAAAATCCTCCCGAGTATCG,0,5250912
yqjE_yqjK_yqjD_yqjC_predicted,0.3333333333333333,2,2,AAAAAGTCCATGTGCGAAAC,0,5206433
yqjE_yqjK_yqjD_yqjC_predicted,0.3333333333333333,2,2,AAAAAGAGTCCGGTCGAGTA,0,5251222
yqjE_yqjK_yqjD_yqjC_predicted,0.3333333333333333,2,2,AAAAAAGCGGCGCCCCCTTC,0,5179013
yqjE_yqjK_yqjD_yqjC_predicted,0.5,1,1,TTTTTAAGCCGCTGGGTGGG,0,5217980
yqjE_yqjK_yqjD_yqjC_predicted,0.5,1,1,TTTTGTCAGCCAGCAGTGTC,0,5206948
yqjE_yqjK_yqjD_yqjC_predicted,0.5,1,1,TTTTGGGGGCGCCCAGCGTC,0,5177910
yqjE_yqjK_yqjD_yqjC_predicted,0.5,1,1,TTTTCTGGCGAACGGATGGT,0,5184017
yqjE_yqjK_yqjD_yqjC_predicted,0.5,1,1,TTTTCGTCGGGACGACTGCA,0,5228121
yqjE_yqjK_yqjD_yqjC_predicted,0.5,1,1,TTTTCCCGCCATACGACTTC,0,5218822
yqjE_yqjK_yqjD_yqjC_predicted,0.5,1,1,TTTTCCAGCTTATGTAGAAA,0,5173082
yqjE_yqjK_yqjD_yqjC_predicted,0.5,1,1,TTTTCATATGTATGGTCCGG,0,5197188
yqjE_yqjK_yqjD_yqjC_predicted,0.5,1,1,TTTTCAATGTCCTACAATCG,0,5200917
yqjE_yqjK_yqjD_yqjC_predicted,0.5,1,1,TTTTATGGCGCAACAGGGGG,0,5255442
yqjE_yqjK_yqjD_yqjC_predicted,0.5,1,1,TTTTATGGCCCGGTGGAGCG,0,5188415
yqjE_yqjK_yqjD_yqjC_predicted,0.5,1,1,TTTTATATAGGTACCGCACT,0,5199922
yqjE_yqjK_yqjD_yqjC_predicted,0.5,1,1,TTTTAGTATCTGGGCTATAT,0,5196599
yqjE_yqjK_yqjD_yqjC_predicted,0.5,1,1,TTTTAGCAGACTGCGCATAC,0,5201422
yqjE_yqjK_yqjD_yqjC_predicted,0.5,1,1,TTTTAATTAAATTGGCTGGC,0,5226456
yqjE_yqjK_yqjD_yqjC_predicted,0.5,1,1,TTTTAAAGTCCGAACGCGCA,0,5198304
yqjE_yqjK_yqjD_yqjC_predicted,0.5,1,1,TTTGTAATGGAGATTGTCGC,0,5202254
yqjE_yqjK_yqjD_yqjC_predicted,0.5,1,1,TTTGGTACGGTCTCCCGACC,0,5196608
yqjE_yqjK_yqjD_yqjC_predicted,0.5,1,1,TTTGGACGGTCCTTGCTTCT,0,5244057
yqjE_yqjK_yqjD_yqjC_predicted,0.5,1,1,TTTGCGGTGGTGCATGCGCT,0,5205477
yqjE_yqjK_yqjD_yqjC_predicted,0.5,1,1,TTTGCGGAAACTATCTCGGA,0,5207621
yqjE_yqjK_yqjD_yqjC_predicted,0.5,1,1,TTTGCCTCATTTGATGTATT,0,5232147
yqjE_yqjK_yqjD_yqjC_predicted,0.5,1,1,TTTGAGATTATCGGCTCACA,0,5215948
yqjE_yqjK_yqjD_yqjC_predicted,0.5,1,1,TTTGACAGGAGGCCTGCCGG,0,5221576
yqjE_yqjK_yqjD_yqjC_predicted,0.5,1,1,TTTGACACGCTCGTTAAGGC,0,5234555
yqjE_yqjK_yqjD_yqjC_predicted,0.5,1,1,TTTGAATGGTCGTTGTCGAG,0,5255095
yqjE_yqjK_yqjD_yqjC_predicted,0.5,1,1,TTTGAATAATCAGACCGCGG,0,5189209
yqjE_yqjK_yqjD_yqjC_predicted,0.5,1,1,TTTGAACGACACACATTCGT,0,5171110
yqjE_yqjK_yqjD_yqjC_predicted,0.5,1,1,TTTCTGGTCATTTGAAGACT,0,5176769
yqjE_yqjK_yqjD_yqjC_predicted,0.5,1,1,TTTCTAGCCCCAGGGACCCA,0,5238380
yqjE_yqjK_yqjD_yqjC_predicted,0.5,1,1,TTTCTAGCAAGGTTATTGTC,0,5223224
yqjE_yqjK_yqjD_yqjC_predicted,0.5,1,1,TTTCGTGTAACTGGGGACAT,0,5251436
yqjE_yqjK_yqjD_yqjC_predicted,0.5,1,1,TTTCGTGCCTAGAGTCAGAC,0,5242283
yqjE_yqjK_yqjD_yqjC_predicted,0.5,1,1,TTTCGGTTGCCAAGTTCTAT,0,5177132
yqjE_yqjK_yqjD_yqjC_predicted,0.5,1,1,TTTCGGCATAAGTATAAAGC,0,5225747
yqjE_yqjK_yqjD_yqjC_predicted,0.5,1,1,TTTCGGAAGGAAGTTGTGAC,0,5207397
yqjE_yqjK_yqjD_yqjC_predicted,0.5,1,1,TTTCGCAATGTACCAACAAC,0,5251354
yqjE_yqjK_yqjD_yqjC_predicted,0.5,1,1,TTTCGATCACAGTCAGGAGT,0,5174370
yqjE_yqjK_yqjD_yqjC_predicted,0.5,1,1,TTTCGAGAATGAGTGAGTGT,0,5259377
yqjE_yqjK_yqjD_yqjC_predicted,0.5,1,1,TTTCCTGGACTTCACTTCAC,0,5210290
yqjE_yqjK_yqjD_yqjC_predicted,0.5,1,1,TTTCCTAGGGCTACTGCAAG,0,5224171
yqjE_yqjK_yqjD_yqjC_predicted,0.5,1,1,TTTCCGGAGCCAGGGAAGAG,0,5236036
yqjE_yqjK_yqjD_yqjC_predicted,0.5,1,1,TTTCCGCCAGGCAAACACTC,0,5188262
yqjE_yqjK_yqjD_yqjC_predicted,0.5,1,1,TTTCCGAATGAGGATTTACA,0,5184865
yqjE_yqjK_yqjD_yqjC_predicted,0.5,1,1,TTTCCCGAGACTGATTTTCC,0,5249852
yqjE_yqjK_yqjD_yqjC_predicted,0.5,1,1,TTTCCACGGCGGTGGTGAGA,0,5206316
yqjE_yqjK_yqjD_yqjC_predicted,0.5,1,1,TTTCCAAGCTTATCGATTCA,0,5228249
yqjE_yqjK_yqjD_yqjC_predicted,0.5,1,1,TTTCACAACTGATGATTGTT,0,5247195
yqjE_yqjK_yqjD_yqjC_predicted,0.5,1,1,TTTATTTTTTTTAATCGGTT,0,5253013
yqjE_yqjK_yqjD_yqjC_predicted,0.5,1,1,TTTATTACGGTCTTGGGAAC,0,5250127
yqjE_yqjK_yqjD_yqjC_predicted,0.5,1,1,TTTATGGAGCTCCCGAGAAT,0,5171673
yqjE_yqjK_yqjD_yqjC_predicted,0.5,1,1,TTTATGCCATTTATAACCAC,0,5174736
yqjE_yqjK_yqjD_yqjC_predicted,0.5,1,1,TTTATGAATCGGGTCCTATC,0,5234623
yqjE_yqjK_yqjD_yqjC_predicted,0.5,1,1,TTTATCCGTGGTCTATCGGG,0,5190957
yqjE_yqjK_yqjD_yqjC_predicted,0.5,1,1,TTTATATATAAAGGAAGGAC,0,5181885
yqjE_yqjK_yqjD_yqjC_predicted,0.5,1,1,TTTATACAGGTTACTTGGGT,0,5198757
yqjE_yqjK_yqjD_yqjC_predicted,0.5,1,1,TTTAGCCCTCCTCTATGTGT,0,5228188
yqjE_yqjK_yqjD_yqjC_predicted,0.5,1,1,TTTAGCATTTTATAGATATC,0,5215199
yqjE_yqjK_yqjD_yqjC_predicted,0.5,1,1,TTTAGATAGACGTGGGTCGT,0,5228756
yqjE_yqjK_yqjD_yqjC_predicted,0.5,1,1,TTTAGAGGCTGGGTGCTATT,0,5187208
yqjE_yqjK_yqjD_yqjC_predicted,0.5,1,1,TTTACTTCTTATACAATAGA,0,5196142
yqjE_yqjK_yqjD_yqjC_predicted,0.5,1,1,TTTACGTCAAGAGAGAGGAT,0,5213242
yqjE_yqjK_yqjD_yqjC_predicted,0.5,1,1,TTTACGAGCCAGGGGATTGA,0,5183829
yqjE_yqjK_yqjD_yqjC_predicted,0.5,1,1,TTTACATGAGCCAGGGGATA,0,5187330
yqjE_yqjK_yqjD_yqjC_predicted,0.5,1,1,TTTACAGCTCTGGCTTGAAA,0,5251033
yqjE_yqjK_yqjD_yqjC_predicted,0.5,1,1,TTTAATCTCTACCAGGACGG,0,5246517
yqjE_yqjK_yqjD_yqjC_predicted,0.5,1,1,TTTAAGAGTTGAACATCCAT,0,5243478
yqjE_yqjK_yqjD_yqjC_predicted,0.5,1,1,TTTAACGGGCAGGAACACTC,0,5250890
yqjE_yqjK_yqjD_yqjC_predicted,0.5,1,1,TTTAAATCAGAAAAATTGTT,0,5183263
yqjE_yqjK_yqjD_yqjC_predicted,0.5,1,1,TTTAAAATAACGTGGGGCTG,0,5184378
yqjE_yqjK_yqjD_yqjC_predicted,0.5,1,1,TTTAAAAGCCTAGCTCGTGC,0,5241359
yqjE_yqjK_yqjD_yqjC_predicted,0.5,1,1,TTGTTTCTAAATTCATGTGA,0,5223076
yqjE_yqjK_yqjD_yqjC_predicted,0.5,1,1,TTGTTCATTCCCGCTTTCCT,0,5233175
yqjE_yqjK_yqjD_yqjC_predicted,0.5,1,1,TTGTGCTCCGTATGTGGTAT,0,5248595
yqjE_yqjK_yqjD_yqjC_predicted,0.5,1,1,TTGTGCAATCCAACTTGATA,0,5194589
yqjE_yqjK_yqjD_yqjC_predicted,0.5,1,1,TTGTCTTGCATAGGATCGTG,0,5247907
yqjE_yqjK_yqjD_yqjC_predicted,0.5,1,1,TTGTCCCTGCTACCGATCAT,0,5235555
yqjE_yqjK_yqjD_yqjC_predicted,0.5,1,1,TTGTCACGTCGTACATGTCA,0,5191433
yqjE_yqjK_yqjD_yqjC_predicted,0.5,1,1,TTGTATGCCATAGGACAGGA,0,5171954
yqjE_yqjK_yqjD_yqjC_predicted,0.5,1,1,TTGTATCGAGATGTTATGTC,0,5175878
yqjE_yqjK_yqjD_yqjC_predicted,0.5,1,1,TTGTAGCAATCCTAATCGGA,0,5250074
yqjE_yqjK_yqjD_yqjC_predicted,0.5,1,1,TTGGTGGGCTAGGCGAAAAA,0,5221880
yqjE_yqjK_yqjD_yqjC_predicted,0.5,1,1,TTGGTGATTGATCCGTCGAT,0,5203351
yqjE_yqjK_yqjD_yqjC_predicted,0.5,1,1,TTGGTCAGTGTGAGTAGAGC,0,5244760
yqjE_yqjK_yqjD_yqjC_predicted,0.5,1,1,TTGGTAGGGTAACATAAGGG,0,5256967
yqjE_yqjK_yqjD_yqjC_predicted,0.5,1,1,TTGGTAGGCTGGACAACATT,0,5215345
yqjE_yqjK_yqjD_yqjC_predicted,0.5,1,1,TTGGTACGTTAACCCAGCCT,0,5244569
yqjE_yqjK_yqjD_yqjC_predicted,0.5,1,1,TTGGTACGGCACTTGTGCAG,0,5193199
yqjE_yqjK_yqjD_yqjC_predicted,0.5,1,1,TTGGGGTAGTGCTCGCCACG,0,5171765
yqjE_yqjK_yqjD_yqjC_predicted,0.5,1,1,TTGGGGGGAAAGAATGATCA,0,5205422
yqjE_yqjK_yqjD_yqjC_predicted,0.5,1,1,TTGGGCACCAGTGATCTGTC,0,5191239
yqjE_yqjK_yqjD_yqjC_predicted,0.5,1,1,TTGGAGGAAAAGGGCTGTTG,0,5236790
yqjE_yqjK_yqjD_yqjC_predicted,0.5,1,1,TTGGACTGTGCATTATTTAG,0,5207757
yqjE_yqjK_yqjD_yqjC_predicted,0.5,1,1,TTGGACGCTCGATGGTGATA,0,5199089
yqjE_yqjK_yqjD_yqjC_predicted,0.5,1,1,TTGCTGGGTTTATTAGGTAA,0,5183373
yqjE_yqjK_yqjD_yqjC_predicted,0.5,1,1,TTGCTGAAGAGTGTATGCTA,0,5238004
yqjE_yqjK_yqjD_yqjC_predicted,0.5,1,1,TTGCTCCGAGTAGATCTGGT,0,5178088
yqjE_yqjK_yqjD_yqjC_predicted,0.5,1,1,TTGCGTTTCGGCTGCATGCC,0,5221466
yqjE_yqjK_yqjD_yqjC_predicted,0.5,1,1,TTGCGTGCGAGTTAGTGGAA,0,5197762
yqjE_yqjK_yqjD_yqjC_predicted,0.5,1,1,TTGCGTCAGAGTGTGTTGTA,0,5212606
yqjE_yqjK_yqjD_yqjC_predicted,0.5,1,1,TTGCGTATACGTTCGAGGGC,0,5249649
yqjE_yqjK_yqjD_yqjC_predicted,0.5,1,1,TTGCGAAAAAGTTTCCCGGT,0,5249191
yqjE_yqjK_yqjD_yqjC_predicted,0.5,1,1,TTGCCGGAGTGAATATTTGG,0,5171601
yqjE_yqjK_yqjD_yqjC_predicted,0.5,1,1,TTGCCCGGCTCGTACACGAT,0,5208990
yqjE_yqjK_yqjD_yqjC_predicted,0.5,1,1,TTGCCCCTGATTTTGTATGG,0,5222940
yqjE_yqjK_yqjD_yqjC_predicted,0.5,1,1,TTGCCAGGTCTAGCACTTCC,0,5257739
yqjE_yqjK_yqjD_yqjC_predicted,0.5,1,1,TTGCCAGAGGTGGACTTGAT,0,5239632
yqjE_yqjK_yqjD_yqjC_predicted,0.5,1,1,TTGCCACTGGAGCTCTAATC,0,5188037
yqjE_yqjK_yqjD_yqjC_predicted,0.5,1,1,TTGCAGACCGTCACCACAAG,0,5190365
yqjE_yqjK_yqjD_yqjC_predicted,0.5,1,1,TTGCACTGTCCGCATGGGGA,0,5199459
yqjE_yqjK_yqjD_yqjC_predicted,0.5,1,1,TTGCACGTTCGGAGTCTACA,0,5244520
yqjE_yqjK_yqjD_yqjC_predicted,0.5,1,1,TTGCACGCCCAACTTCCACA,0,5185945
yqjE_yqjK_yqjD_yqjC_predicted,0.5,1,1,TTGATTTAAAACATAAACCC,0,5230332
yqjE_yqjK_yqjD_yqjC_predicted,0.5,1,1,TTGATTGTAGTTGGCGTGCC,0,5223708
yqjE_yqjK_yqjD_yqjC_predicted,0.5,1,1,TTGATCGTTGATGGCGCGTG,0,5253238
yqjE_yqjK_yqjD_yqjC_predicted,0.5,1,1,TTGATATCATTGTAGTCGAG,0,5172092
yqjE_yqjK_yqjD_yqjC_predicted,0.5,1,1,TTGATAGGTTGGTGCGACAC,0,5195609
yqjE_yqjK_yqjD_yqjC_predicted,0.5,1,1,TTGATAAACTCGATTCATTC,0,5222443
yqjE_yqjK_yqjD_yqjC_predicted,0.5,1,1,TTGAGTCGAATTACGAGTGT,0,5260931
yqjE_yqjK_yqjD_yqjC_predicted,0.5,1,1,TTGAGGTCGAAAGTGGCGCA,0,5196082
yqjE_yqjK_yqjD_yqjC_predicted,0.5,1,1,TTGAGCTCAAAGGGCTAGGG,0,5260170
yqjE_yqjK_yqjD_yqjC_predicted,0.5,1,1,TTGAGAAGAAAGTACAGCCC,0,5175372
yqjE_yqjK_yqjD_yqjC_predicted,0.5,1,1,TTGACCTCTGGCCACAGGTT,0,5177044
yqjE_yqjK_yqjD_yqjC_predicted,0.5,1,1,TTGAAGGTAAAACAGTGTTA,0,5171045
yqjE_yqjK_yqjD_yqjC_predicted,0.5,1,1,TTGAAAATGACGCGCTCTCA,0,5202887
yqjE_yqjK_yqjD_yqjC_predicted,0.5,1,1,TTCTTTGCGCGTATGGTTTT,0,5179008
yqjE_yqjK_yqjD_yqjC_predicted,0.5,1,1,TTCTTCATCTTTGCGGTGAC,0,5228381
yqjE_yqjK_yqjD_yqjC_predicted,0.5,1,1,TTCTTAAACACGTTGGCTCG,0,5174534
yqjE_yqjK_yqjD_yqjC_predicted,0.5,1,1,TTCTGTTCGCGGATAGTATC,0,5228080
yqjE_yqjK_yqjD_yqjC_predicted,0.5,1,1,TTCTGTTCCAGGGTCAGTGG,0,5221621
yqjE_yqjK_yqjD_yqjC_predicted,0.5,1,1,TTCTGTGCTGGTTTGTGACT,0,5243872
yqjE_yqjK_yqjD_yqjC_predicted,0.5,1,1,TTCTGTCCCAATGCATACTA,0,5223226
yqjE_yqjK_yqjD_yqjC_predicted,0.5,1,1,TTCTGTAATTAAACTCTGAG,0,5206370
yqjE_yqjK_yqjD_yqjC_predicted,0.5,1,1,TTCTGCTCGTTTTGTACCAT,0,5236588
yqjE_yqjK_yqjD_yqjC_predicted,0.5,1,1,TTCTGCAGCTAAGTCCGCTC,0,5173822
yqjE_yqjK_yqjD_yqjC_predicted,0.5,1,1,TTCTGATGGGGGTTGAGCAG,0,5187181
yqjE_yqjK_yqjD_yqjC_predicted,0.5,1,1,TTCTGAACGAATGGTGTACC,0,5246519
yqjE_yqjK_yqjD_yqjC_predicted,0.5,1,1,TTCTCTGCTGTTAATGTCGG,0,5245694
yqjE_yqjK_yqjD_yqjC_predicted,0.5,1,1,TTCTCGTCATTTCTCAATTA,0,5247395
yqjE_yqjK_yqjD_yqjC_predicted,0.5,1,1,TTCTCGCGTTTCCCGTACGA,0,5218307
yqjE_yqjK_yqjD_yqjC_predicted,0.5,1,1,TTCTCGCGTGTATAAGTTGC,0,5180529
yqjE_yqjK_yqjD_yqjC_predicted,0.5,1,1,TTCTCCGTAGCGCAGGTGCT,0,5176211
yqjE_yqjK_yqjD_yqjC_predicted,0.5,1,1,TTCTCCGGAGATTTTTAGTC,0,5242849
yqjE_yqjK_yqjD_yqjC_predicted,0.5,1,1,TTCTCCGAGTCTATTAGGGG,0,5179907
yqjE_yqjK_yqjD_yqjC_predicted,0.5,1,1,TTCTCAGAAAGCGGCCGACA,0,5222887
yqjE_yqjK_yqjD_yqjC_predicted,0.5,1,1,TTCTACTATGCATTAGTCGT,0,5207086
yqjE_yqjK_yqjD_yqjC_predicted,0.5,1,1,TTCTACGGTGTACTGGAATT,0,5224409
yqjE_yqjK_yqjD_yqjC_predicted,0.5,1,1,TTCGTTAACGATAACGGCTA,0,5180078
yqjE_yqjK_yqjD_yqjC_predicted,0.5,1,1,TTCGTGGACTCTACGGACTG,0,5190783
yqjE_yqjK_yqjD_yqjC_predicted,0.5,1,1,TTCGTCTTTATTTCGTTTGC,0,5211907
yqjE_yqjK_yqjD_yqjC_predicted,0.5,1,1,TTCGTAGAGATTCAGGTGTA,0,5222921
yqjE_yqjK_yqjD_yqjC_predicted,0.5,1,1,TTCGTAAACTTTGGTGCCCG,0,5191803
yqjE_yqjK_yqjD_yqjC_predicted,0.5,1,1,TTCGGTCAATTTAATGTGTT,0,5194501
yqjE_yqjK_yqjD_yqjC_predicted,0.5,1,1,TTCGGGATCGTTGGGTCAAG,0,5221751
yqjE_yqjK_yqjD_yqjC_predicted,0.5,1,1,TTCGGCCCACGGCTGATATA,0,5179452
yqjE_yqjK_yqjD_yqjC_predicted,0.5,1,1,TTCGGATATCACGGGATTAT,0,5233418
yqjE_yqjK_yqjD_yqjC_predicted,0.5,1,1,TTCGCGCCCATGCCAGTCCC,0,5206322
yqjE_yqjK_yqjD_yqjC_predicted,0.5,1,1,TTCGCAGCTTACTAACATTA,0,5251843
yqjE_yqjK_yqjD_yqjC_predicted,0.5,1,1,TTCGCACCCCACGCGCAGGG,0,5201914
yqjE_yqjK_yqjD_yqjC_predicted,0.5,1,1,TTCGATGGATAGCGCAGATA,0,5239130
yqjE_yqjK_yqjD_yqjC_predicted,0.5,1,1,TTCGACCGGGGGTTTGCTAA,0,5196013
yqjE_yqjK_yqjD_yqjC_predicted,0.5,1,1,TTCGAATACGTATGCAGTTA,0,5183447
yqjE_yqjK_yqjD_yqjC_predicted,0.5,1,1,TTCGAAGAAGAGTAAAGGGT,0,5238473
yqjE_yqjK_yqjD_yqjC_predicted,0.5,1,1,TTCCTGTGGTCCGGCACTCT,0,5174751
yqjE_yqjK_yqjD_yqjC_predicted,0.5,1,1,TTCCTCTCCCGAGTACGTCT,0,5208215
yqjE_yqjK_yqjD_yqjC_predicted,0.5,1,1,TTCCGTGAGCATGTGATTGG,0,5175027
yqjE_yqjK_yqjD_yqjC_predicted,0.5,1,1,TTCCGTCGTAGTCATTTAAC,0,5214661
yqjE_yqjK_yqjD_yqjC_predicted,0.5,1,1,TTCCGTAGGCTATACCCCCA,0,5206368
yqjE_yqjK_yqjD_yqjC_predicted,0.5,1,1,TTCCGGGGGGAACGGGCTGT,0,5206801
yqjE_yqjK_yqjD_yqjC_predicted,0.5,1,1,TTCCGAACTGGTAGACTCAC,0,5193896
yqjE_yqjK_yqjD_yqjC_predicted,0.5,1,1,TTCCCTCGAGTAGGAGTTCC,0,5255963
yqjE_yqjK_yqjD_yqjC_predicted,0.5,1,1,TTCCCCCTGTTTCGTCAGTA,0,5179912
yqjE_yqjK_yqjD_yqjC_predicted,0.5,1,1,TTCCATGGTCTAATGGGCTT,0,5204531
yqjE_yqjK_yqjD_yqjC_predicted,0.5,1,1,TTCCATGAGCTTTCTATATG,0,5248053
yqjE_yqjK_yqjD_yqjC_predicted,0.5,1,1,TTCCAGACTTGCGATACTGT,0,5196718
yqjE_yqjK_yqjD_yqjC_predicted,0.5,1,1,TTCATTGTGACTTGCGCAGG,0,5259787
yqjE_yqjK_yqjD_yqjC_predicted,0.5,1,1,TTCATTGGCGAAAGCCCCGC,0,5173055
yqjE_yqjK_yqjD_yqjC_predicted,0.5,1,1,TTCATGGTGAGTAGGCAACG,0,5204244
yqjE_yqjK_yqjD_yqjC_predicted,0.5,1,1,TTCATGAGCTCGCGAAGTAA,0,5178080
yqjE_yqjK_yqjD_yqjC_predicted,0.5,1,1,TTCATCTTCGCTATCTGCGC,0,5259584
yqjE_yqjK_yqjD_yqjC_predicted,0.5,1,1,TTCATAGAAGGGGTTAAGGC,0,5225885
yqjE_yqjK_yqjD_yqjC_predicted,0.5,1,1,TTCAGTTTTTACATCGTGAT,0,5216210
yqjE_yqjK_yqjD_yqjC_predicted,0.5,1,1,TTCAGTCTTAAGTACATCCT,0,5190144
yqjE_yqjK_yqjD_yqjC_predicted,0.5,1,1,TTCAGTCTTAAGAATTGGAC,0,5259507
yqjE_yqjK_yqjD_yqjC_predicted,0.5,1,1,TTCAGTCGGTGCTCCCCCTC,0,5241805
yqjE_yqjK_yqjD_yqjC_predicted,0.5,1,1,TTCAGTATTGAGCTGTTTTA,0,5253723
yqjE_yqjK_yqjD_yqjC_predicted,0.5,1,1,TTCAGGTAAATCTTCCATAG,0,5223533
yqjE_yqjK_yqjD_yqjC_predicted,0.5,1,1,TTCAGGATAGTAAAGGGGCA,0,5198817
yqjE_yqjK_yqjD_yqjC_predicted,0.5,1,1,TTCAGCCATTGACCTTAACT,0,5214247
yqjE_yqjK_yqjD_yqjC_predicted,0.5,1,1,TTCAGCCACAAAGCATTTTT,0,5193810
yqjE_yqjK_yqjD_yqjC_predicted,0.5,1,1,TTCAGATACCTGGATTGCAA,0,5235059
yqjE_yqjK_yqjD_yqjC_predicted,0.5,1,1,TTCAGAGCGACTCGCTTTAA,0,5201707
yqjE_yqjK_yqjD_yqjC_predicted,0.5,1,1,TTCACGGGCAATCGAGAGCT,0,5247142
yqjE_yqjK_yqjD_yqjC_predicted,0.5,1,1,TTCACCTCTCGGGACGCGAC,0,5246558
yqjE_yqjK_yqjD_yqjC_predicted,0.5,1,1,TTCACCTCCGGTCCTCGTGC,0,5226929
yqjE_yqjK_yqjD_yqjC_predicted,0.5,1,1,TTCACACGCAATGACTAAGG,0,5236136
yqjE_yqjK_yqjD_yqjC_predicted,0.5,1,1,TTCAATCTCCTGAGACGGGC,0,5190049
yqjE_yqjK_yqjD_yqjC_predicted,0.5,1,1,TTCAATCCGCTGTAATGTTG,0,5177576
yqjE_yqjK_yqjD_yqjC_predicted,0.5,1,1,TTCAATCCCCCTCGCTCATG,0,5249795
yqjE_yqjK_yqjD_yqjC_predicted,0.5,1,1,TTCAAGTGGTGGAGACCGAC,0,5255835
yqjE_yqjK_yqjD_yqjC_predicted,0.5,1,1,TTCAAGCTAAGGAGTGGTTG,0,5229409
yqjE_yqjK_yqjD_yqjC_predicted,0.5,1,1,TTCAACAGGTTTCGTGGACG,0,5186892
yqjE_yqjK_yqjD_yqjC_predicted,0.5,1,1,TTCAAAAGTTGGTCTTCTGT,0,5195912
yqjE_yqjK_yqjD_yqjC_predicted,0.5,1,1,TTCAAAAGTTAAGGTACAAT,0,5202405
yqjE_yqjK_yqjD_yqjC_predicted,0.5,1,1,TTATTTCAGGGCGCTTACGT,0,5212504
yqjE_yqjK_yqjD_yqjC_predicted,0.5,1,1,TTATGCAATGATTCGCTGAA,0,5229630
yqjE_yqjK_yqjD_yqjC_predicted,0.5,1,1,TTATGACGCCTATTAAAAGT,0,5178851
yqjE_yqjK_yqjD_yqjC_predicted,0.5,1,1,TTATGAAGAGTCGCTTATAT,0,5258231
yqjE_yqjK_yqjD_yqjC_predicted,0.5,1,1,TTATCCCTTCAGACCCTGCG,0,5239727
yqjE_yqjK_yqjD_yqjC_predicted,0.5,1,1,TTATATGTCTTTAAAGGGGA,0,5195880
yqjE_yqjK_yqjD_yqjC_predicted,0.5,1,1,TTATACAGCGGCCGGGCGGA,0,5256322
yqjE_yqjK_yqjD_yqjC_predicted,0.5,1,1,TTATAACGACCTTCCATGCA,0,5208522
yqjE_yqjK_yqjD_yqjC_predicted,0.5,1,1,TTATAAATGGAGCCGCTGAT,0,5256100
yqjE_yqjK_yqjD_yqjC_predicted,0.5,1,1,TTATAAACCAGATTTACCCC,0,5234175
yqjE_yqjK_yqjD_yqjC_predicted,0.5,1,1,TTAGTCCTGCATATCAATAG,0,5212213
yqjE_yqjK_yqjD_yqjC_predicted,0.5,1,1,TTAGTCAAGGGAGGGATCGA,0,5235991
yqjE_yqjK_yqjD_yqjC_predicted,0.5,1,1,TTAGTAGCCACTGCCGTGCT,0,5217483
yqjE_yqjK_yqjD_yqjC_predicted,0.5,1,1,TTAGGTTAGACCCGCTATAA,0,5262358
yqjE_yqjK_yqjD_yqjC_predicted,0.5,1,1,TTAGGGATGTCGCGGTGTGG,0,5230568
yqjE_yqjK_yqjD_yqjC_predicted,0.5,1,1,TTAGGCGAGGGCCATCTAGT,0,5218651
yqjE_yqjK_yqjD_yqjC_predicted,0.5,1,1,TTAGGAGGCGGGCTACACTA,0,5254363
yqjE_yqjK_yqjD_yqjC_predicted,0.5,1,1,TTAGGACACGGCTTTAGATA,0,5211196
yqjE_yqjK_yqjD_yqjC_predicted,0.5,1,1,TTAGCTGCCGCGCTACAGAC,0,5251001
yqjE_yqjK_yqjD_yqjC_predicted,0.5,1,1,TTAGCGGTAGTCCAGGTGCG,0,5223821
yqjE_yqjK_yqjD_yqjC_predicted,0.5,1,1,TTAGCCGAACGGATTACTGT,0,5227562
yqjE_yqjK_yqjD_yqjC_predicted,0.5,1,1,TTAGCAGTGCTGGTGGCGTT,0,5245973
yqjE_yqjK_yqjD_yqjC_predicted,0.5,1,1,TTAGAGGAGTCGGACAGTTC,0,5209285
yqjE_yqjK_yqjD_yqjC_predicted,0.5,1,1,TTAGACCAGAGAGTGTAATA,0,5229702
yqjE_yqjK_yqjD_yqjC_predicted,0.5,1,1,TTAGACAGCATACGACGTCA,0,5172554
yqjE_yqjK_yqjD_yqjC_predicted,0.5,1,1,TTACTTCTATTCTTTCGATA,0,5247831
yqjE_yqjK_yqjD_yqjC_predicted,0.5,1,1,TTACTGCAACTGAACGAATG,0,5173999
yqjE_yqjK_yqjD_yqjC_predicted,0.5,1,1,TTACTGAAACTAACTTATGT,0,5228589
yqjE_yqjK_yqjD_yqjC_predicted,0.5,1,1,TTACTCGCGCCGCTCAACGT,0,5197395
yqjE_yqjK_yqjD_yqjC_predicted,0.5,1,1,TTACTACCAAGTGTATTACC,0,5172857
yqjE_yqjK_yqjD_yqjC_predicted,0.5,1,1,TTACGTGACTTGATACGGTA,0,5223071
yqjE_yqjK_yqjD_yqjC_predicted,0.5,1,1,TTACGTCCCGGTTTACGGTA,0,5217190
yqjE_yqjK_yqjD_yqjC_predicted,0.5,1,1,TTACGGTTCGGCATACCGCT,0,5214034
yqjE_yqjK_yqjD_yqjC_predicted,0.5,1,1,TTACGCGCCACGCTTTTGTC,0,5220012
yqjE_yqjK_yqjD_yqjC_predicted,0.5,1,1,TTACGCGCAGAAGTTAGTAT,0,5252788
yqjE_yqjK_yqjD_yqjC_predicted,0.5,1,1,TTACGCCCATGAATTTGTTT,0,5257979
yqjE_yqjK_yqjD_yqjC_predicted,0.5,1,1,TTACGAGTGCAAAATCTCAT,0,5232619
yqjE_yqjK_yqjD_yqjC_predicted,0.5,1,1,TTACCTCCGGTACTTTAATT,0,5196041
yqjE_yqjK_yqjD_yqjC_predicted,0.5,1,1,TTACCCGGATATCTTTCGTG,0,5229432
yqjE_yqjK_yqjD_yqjC_predicted,0.5,1,1,TTACCCCGTTCAGCGCAGTG,0,5260119
yqjE_yqjK_yqjD_yqjC_predicted,0.5,1,1,TTACCATCAAAGGAATGTGT,0,5249103
yqjE_yqjK_yqjD_yqjC_predicted,0.5,1,1,TTACCAGCAGCCAATGTTAC,0,5252633
yqjE_yqjK_yqjD_yqjC_predicted,0.5,1,1,TTACACTACATTTTATGAGG,0,5249476
yqjE_yqjK_yqjD_yqjC_predicted,0.5,1,1,TTACAAAGGCATAAACAAAG,0,5200888
yqjE_yqjK_yqjD_yqjC_predicted,0.5,1,1,TTAATTGTCCTCTTTTGGAC,0,5173997
yqjE_yqjK_yqjD_yqjC_predicted,0.5,1,1,TTAATTCGGTGGCGTTTAAA,0,5221676
yqjE_yqjK_yqjD_yqjC_predicted,0.5,1,1,TTAATCCATCTTATCTCAAG,0,5217227
yqjE_yqjK_yqjD_yqjC_predicted,0.5,1,1,TTAATACGGTTGGTTAGAGG,0,5255230
yqjE_yqjK_yqjD_yqjC_predicted,0.5,1,1,TTAAGGTGAGGTTTTGGGTA,0,5250541
yqjE_yqjK_yqjD_yqjC_predicted,0.5,1,1,TTAAGGACAGAATTCTCTCT,0,5190488
yqjE_yqjK_yqjD_yqjC_predicted,0.5,1,1,TTAAGGAATTCGGGCCATCT,0,5257157
yqjE_yqjK_yqjD_yqjC_predicted,0.5,1,1,TTAAGCGATGGTATAACTCC,0,5204160
yqjE_yqjK_yqjD_yqjC_predicted,0.5,1,1,TTAAGCGAAGTGACAATACG,0,5193121
yqjE_yqjK_yqjD_yqjC_predicted,0.5,1,1,TTAAGCGAAACAGTGTCATT,0,5260158
yqjE_yqjK_yqjD_yqjC_predicted,0.5,1,1,TTAACGGCGGATATTATTCC,0,5250477
yqjE_yqjK_yqjD_yqjC_predicted,0.5,1,1,TTAACGCAGGGTGGTGATGA,0,5236059
yqjE_yqjK_yqjD_yqjC_predicted,0.5,1,1,TTAACCTCGCAATTAGGGCT,0,5187436
yqjE_yqjK_yqjD_yqjC_predicted,0.5,1,1,TTAAATGTGCCAAGAAAAGC,0,5191872
yqjE_yqjK_yqjD_yqjC_predicted,0.5,1,1,TTAAACGCCGACATATGGGA,0,5228368
yqjE_yqjK_yqjD_yqjC_predicted,0.5,1,1,TTAAACGAAAAGGAGCTAGA,0,5240218
yqjE_yqjK_yqjD_yqjC_predicted,0.5,1,1,TTAAACAAATGTTATGCCAG,0,5251830
yqjE_yqjK_yqjD_yqjC_predicted,0.5,1,1,TGTTTTATTGTCTAAGAGCT,0,5205282
yqjE_yqjK_yqjD_yqjC_predicted,0.5,1,1,TGTTTGCTTTCAGACACGAA,0,5257623
yqjE_yqjK_yqjD_yqjC_predicted,0.5,1,1,TGTTTCGTATGGGGCGAAGG,0,5215638
yqjE_yqjK_yqjD_yqjC_predicted,0.5,1,1,TGTTTCCGTCTAGGAGCTAT,0,5198427
yqjE_yqjK_yqjD_yqjC_predicted,0.5,1,1,TGTTGTCCCGTTGTAGCGCA,0,5188030
yqjE_yqjK_yqjD_yqjC_predicted,0.5,1,1,TGTTGTATAGTGTTCAGATC,0,5211915
yqjE_yqjK_yqjD_yqjC_predicted,0.5,1,1,TGTTGCGCAACGACCAGCGG,0,5214539
yqjE_yqjK_yqjD_yqjC_predicted,0.5,1,1,TGTTGCGATTTGCGCCAGCC,0,5230572
yqjE_yqjK_yqjD_yqjC_predicted,0.5,1,1,TGTTGCCCGTAGAAAAGTGT,0,5253739
yqjE_yqjK_yqjD_yqjC_predicted,0.5,1,1,TGTTGATACCAGGAGGCGTG,0,5198194
yqjE_yqjK_yqjD_yqjC_predicted,0.5,1,1,TGTTCTGATGCCTCATACAG,0,5260051
yqjE_yqjK_yqjD_yqjC_predicted,0.5,1,1,TGTTCCGGTAATATAATGAT,0,5246175
yqjE_yqjK_yqjD_yqjC_predicted,0.5,1,1,TGTTCCGATATTCAGGCACA,0,5204351
yqjE_yqjK_yqjD_yqjC_predicted,0.5,1,1,TGTTCACGATGAACTATTAA,0,5237335
yqjE_yqjK_yqjD_yqjC_predicted,0.5,1,1,TGTTACACAAGAAGCAATAA,0,5224628
yqjE_yqjK_yqjD_yqjC_predicted,0.5,1,1,TGTTAATCCCCAATCGTACA,0,5201484
yqjE_yqjK_yqjD_yqjC_predicted,0.5,1,1,TGTTAACGGGATGAGTCGGT,0,5226669
yqjE_yqjK_yqjD_yqjC_predicted,0.5,1,1,TGTGTGGCTAATTCTGGGTT,0,5220133
yqjE_yqjK_yqjD_yqjC_predicted,0.5,1,1,TGTGTGAATAGGCTTCTCAG,0,5206256
yqjE_yqjK_yqjD_yqjC_predicted,0.5,1,1,TGTGTAATCCGCTCTTATAC,0,5258581
yqjE_yqjK_yqjD_yqjC_predicted,0.5,1,1,TGTGGTTTTGAACACGAAAG,0,5245001
yqjE_yqjK_yqjD_yqjC_predicted,0.5,1,1,TGTGGCGTTTAACCAGTGGT,0,5229123
yqjE_yqjK_yqjD_yqjC_predicted,0.5,1,1,TGTGGCAGATACATCATTGC,0,5238065
yqjE_yqjK_yqjD_yqjC_predicted,0.5,1,1,TGTGGATCCGTGTTGCCTTC,0,5253777
yqjE_yqjK_yqjD_yqjC_predicted,0.5,1,1,TGTGGAAAGGAGCACCCGGG,0,5206143
yqjE_yqjK_yqjD_yqjC_predicted,0.5,1,1,TGTGCTGAGAACATTACGTG,0,5187143
yqjE_yqjK_yqjD_yqjC_predicted,0.5,1,1,TGTGCGTTTTTTTAACCCAC,0,5262226
yqjE_yqjK_yqjD_yqjC_predicted,0.5,1,1,TGTGCGTGAGCTCTTTGCGC,0,5209397
yqjE_yqjK_yqjD_yqjC_predicted,0.5,1,1,TGTGCCGTCTGTAGTCAAAT,0,5241341
yqjE_yqjK_yqjD_yqjC_predicted,0.5,1,1,TGTGCCGGATAAAATGGCTC,0,5198286
yqjE_yqjK_yqjD_yqjC_predicted,0.5,1,1,TGTGCCCTTGCCAGGCTAGT,0,5195670
yqjE_yqjK_yqjD_yqjC_predicted,0.5,1,1,TGTGCAGCGGTACGGGTCTA,0,5172724
yqjE_yqjK_yqjD_yqjC_predicted,0.5,1,1,TGTGATTAGCTGCTGGAATG,0,5189109
yqjE_yqjK_yqjD_yqjC_predicted,0.5,1,1,TGTGATCGCCGGGGGGTTCA,0,5173390
yqjE_yqjK_yqjD_yqjC_predicted,0.5,1,1,TGTGATCGACGCCCGCACGG,0,5179873
yqjE_yqjK_yqjD_yqjC_predicted,0.5,1,1,TGTGATCCGGACGAAATTTT,0,5197815
yqjE_yqjK_yqjD_yqjC_predicted,0.5,1,1,TGTGAGGGCTTTACTGTCTA,0,5174138
yqjE_yqjK_yqjD_yqjC_predicted,0.5,1,1,TGTCTTCTGTATACTTTTAA,0,5224132
yqjE_yqjK_yqjD_yqjC_predicted,0.5,1,1,TGTCTGGCAGTAACGTATGC,0,5246487
yqjE_yqjK_yqjD_yqjC_predicted,0.5,1,1,TGTCTCTTAGATCGACAAAC,0,5182682
yqjE_yqjK_yqjD_yqjC_predicted,0.5,1,1,TGTCTCCCTACAAAGGATGT,0,5204779
yqjE_yqjK_yqjD_yqjC_predicted,0.5,1,1,TGTCGTTCAATGCTTAGCAA,0,5221105
yqjE_yqjK_yqjD_yqjC_predicted,0.5,1,1,TGTCGCTTCAAGAACTAGCT,0,5252851
yqjE_yqjK_yqjD_yqjC_predicted,0.5,1,1,TGTCGCAGAGCTCGCATACG,0,5173457
yqjE_yqjK_yqjD_yqjC_predicted,0.5,1,1,TGTCCTTCGACACTGTGTTT,0,5249849
yqjE_yqjK_yqjD_yqjC_predicted,0.5,1,1,TGTCCCATAACGTTTCCAGT,0,5214205
yqjE_yqjK_yqjD_yqjC_predicted,0.5,1,1,TGTCATATTATGGTTACGCA,0,5202479
yqjE_yqjK_yqjD_yqjC_predicted,0.5,1,1,TGTCAGTCTGTAAGAATTCA,0,5238586
yqjE_yqjK_yqjD_yqjC_predicted,0.5,1,1,TGTCAGCTATTATGCCGTCT,0,5203595
yqjE_yqjK_yqjD_yqjC_predicted,0.5,1,1,TGTCAGAGGATACATGGGAA,0,5179872
yqjE_yqjK_yqjD_yqjC_predicted,0.5,1,1,TGTCACCCTTGATTAGAAAC,0,5196515
yqjE_yqjK_yqjD_yqjC_predicted,0.5,1,1,TGTATGGCAGGGTCCCTGTG,0,5246617
yqjE_yqjK_yqjD_yqjC_predicted,0.5,1,1,TGTATGCGAGACTTGATTTA,0,5207369
yqjE_yqjK_yqjD_yqjC_predicted,0.5,1,1,TGTATCCGTTGTACTGAGTA,0,5219026
yqjE_yqjK_yqjD_yqjC_predicted,0.5,1,1,TGTAGTGCCAGCCCAAAAAG,0,5225311
yqjE_yqjK_yqjD_yqjC_predicted,0.5,1,1,TGTAGGTGTCTAGCGTCCTG,0,5191212
yqjE_yqjK_yqjD_yqjC_predicted,0.5,1,1,TGTAGGGCGAGCACCGCTAG,0,5183625
yqjE_yqjK_yqjD_yqjC_predicted,0.5,1,1,TGTACGGGTTGTCAATGACG,0,5199319
yqjE_yqjK_yqjD_yqjC_predicted,0.5,1,1,TGTACGGGACTATAGCTGGT,0,5238730
yqjE_yqjK_yqjD_yqjC_predicted,0.5,1,1,TGTACGATGCGTTGTAGCAC,0,5245319
yqjE_yqjK_yqjD_yqjC_predicted,0.5,1,1,TGTACCCGAGGTGATATGGC,0,5261512
yqjE_yqjK_yqjD_yqjC_predicted,0.5,1,1,TGTACCCCGGCGGATAGGCT,0,5205199
yqjE_yqjK_yqjD_yqjC_predicted,0.5,1,1,TGTAATTCAGGTCTGCAACA,0,5190774
yqjE_yqjK_yqjD_yqjC_predicted,0.5,1,1,TGTAATAGGAGAATGAGAGC,0,5197868
yqjE_yqjK_yqjD_yqjC_predicted,0.5,1,1,TGTAAGGCCTCGCATAAATA,0,5235384
yqjE_yqjK_yqjD_yqjC_predicted,0.5,1,1,TGTAACTGTGGTGCTTATTT,0,5203581
yqjE_yqjK_yqjD_yqjC_predicted,0.5,1,1,TGTAACCGTACTTCCACCCT,0,5181321
yqjE_yqjK_yqjD_yqjC_predicted,0.5,1,1,TGTAAATATAGCGCAGACCC,0,5258284
yqjE_yqjK_yqjD_yqjC_predicted,0.5,1,1,TGTAAAATGCGCGCCCAATA,0,5228978
yqjE_yqjK_yqjD_yqjC_predicted,0.5,1,1,TGGTTTGATGATCAGAAGGG,0,5236890
yqjE_yqjK_yqjD_yqjC_predicted,0.5,1,1,TGGTTTGAGAATTTACGAGT,0,5199141
yqjE_yqjK_yqjD_yqjC_predicted,0.5,1,1,TGGTTGATGCTACGTACTGC,0,5245869
yqjE_yqjK_yqjD_yqjC_predicted,0.5,1,1,TGGTTCCCGAGCGTCTGCAG,0,5212761
yqjE_yqjK_yqjD_yqjC_predicted,0.5,1,1,TGGTTATCCGGATTGAAGGG,0,5177260
yqjE_yqjK_yqjD_yqjC_predicted,0.5,1,1,TGGTTATAAGACGCTGTTTG,0,5255823
yqjE_yqjK_yqjD_yqjC_predicted,0.5,1,1,TGGTTACGCTTTCGTACAAA,0,5221963
yqjE_yqjK_yqjD_yqjC_predicted,0.5,1,1,TGGTGTTTGCGGACGAGTTG,0,5204594
yqjE_yqjK_yqjD_yqjC_predicted,0.5,1,1,TGGTGTCGTGCCCGCTTTTG,0,5235740
yqjE_yqjK_yqjD_yqjC_predicted,0.5,1,1,TGGTGTCAGAGTTTGGCTAG,0,5232905
yqjE_yqjK_yqjD_yqjC_predicted,0.5,1,1,TGGTGGTCCCTGGGGGTTTA,0,5209062
yqjE_yqjK_yqjD_yqjC_predicted,0.5,1,1,TGGTGGAACATGTATCGTCT,0,5182508
yqjE_yqjK_yqjD_yqjC_predicted,0.5,1,1,TGGTGCTTCAGTGGGAGTGA,0,5225500
yqjE_yqjK_yqjD_yqjC_predicted,0.5,1,1,TGGTGCTCGTTAGTCCTTGA,0,5248526
yqjE_yqjK_yqjD_yqjC_predicted,0.5,1,1,TGGTGCGTGTTCTACCGTGC,0,5253838
yqjE_yqjK_yqjD_yqjC_predicted,0.5,1,1,TGGTGCGCATGCCAGGTGGT,0,5181890
yqjE_yqjK_yqjD_yqjC_predicted,0.5,1,1,TGGTCTTCTTGTGATAAACA,0,5197159
yqjE_yqjK_yqjD_yqjC_predicted,0.5,1,1,TGGTCTTAACGTTTGATGTA,0,5258637
yqjE_yqjK_yqjD_yqjC_predicted,0.5,1,1,TGGTCTTAACCACCCCCTGT,0,5191095
yqjE_yqjK_yqjD_yqjC_predicted,0.5,1,1,TGGTCTGTCACTATATTTAA,0,5248012
yqjE_yqjK_yqjD_yqjC_predicted,0.5,1,1,TGGTCGGCTTCGCTTGTTTA,0,5253965
yqjE_yqjK_yqjD_yqjC_predicted,0.5,1,1,TGGTCCTGTGCGTAATCGTA,0,5201406
yqjE_yqjK_yqjD_yqjC_predicted,0.5,1,1,TGGTCCTATTATATAACCAT,0,5193484
yqjE_yqjK_yqjD_yqjC_predicted,0.5,1,1,TGGTCATGTAGTGTAGATGC,0,5209281
yqjE_yqjK_yqjD_yqjC_predicted,0.5,1,1,TGGTCATAGAGACATAAAGG,0,5196240
yqjE_yqjK_yqjD_yqjC_predicted,0.5,1,1,TGGTCACTCAGGTTTCATGT,0,5178220
yqjE_yqjK_yqjD_yqjC_predicted,0.5,1,1,TGGTCACCACTGTGGGTAAT,0,5218655
yqjE_yqjK_yqjD_yqjC_predicted,0.5,1,1,TGGTATTCAGGGGGAAGCCT,0,5259553
yqjE_yqjK_yqjD_yqjC_predicted,0.5,1,1,TGGTATAGCAACGCAAGATA,0,5217657
yqjE_yqjK_yqjD_yqjC_predicted,0.5,1,1,TGGTAGTTTGCATACGCATC,0,5175718
yqjE_yqjK_yqjD_yqjC_predicted,0.5,1,1,TGGTAGGTGGGTTTGAGTTA,0,5197357
yqjE_yqjK_yqjD_yqjC_predicted,0.5,1,1,TGGTAGCTAAAGCCAAAATA,0,5179043
yqjE_yqjK_yqjD_yqjC_predicted,0.5,1,1,TGGTAATACCCTTGACAGAT,0,5226697
yqjE_yqjK_yqjD_yqjC_predicted,0.5,1,1,TGGGTGACTATGGTTAAGCG,0,5195250
yqjE_yqjK_yqjD_yqjC_predicted,0.5,1,1,TGGGTACCTGTCTCAGGGGG,0,5202975
yqjE_yqjK_yqjD_yqjC_predicted,0.5,1,1,TGGGTAAGGATAATATAGAT,0,5189347
yqjE_yqjK_yqjD_yqjC_predicted,0.5,1,1,TGGGGTGTAACTCCAACGTT,0,5201330
yqjE_yqjK_yqjD_yqjC_predicted,0.5,1,1,TGGGGGTATCTGCGGGGAGC,0,5241621
yqjE_yqjK_yqjD_yqjC_predicted,0.5,1,1,TGGGGGAGGTTGCGTGATCA,0,5206822
yqjE_yqjK_yqjD_yqjC_predicted,0.5,1,1,TGGGGCTGCCCGGGTAACTA,0,5251355
yqjE_yqjK_yqjD_yqjC_predicted,0.5,1,1,TGGGGCCAGGCTTCCCACAG,0,5198428
yqjE_yqjK_yqjD_yqjC_predicted,0.5,1,1,TGGGGCATGAGCACCCTATG,0,5198922
yqjE_yqjK_yqjD_yqjC_predicted,0.5,1,1,TGGGGAGCTCTGAACTCCGT,0,5211874
yqjE_yqjK_yqjD_yqjC_predicted,0.5,1,1,TGGGGAAGATTTAGGCGTTG,0,5198085
yqjE_yqjK_yqjD_yqjC_predicted,0.5,1,1,TGGGCGTGTTTGGACTAACA,0,5236776
yqjE_yqjK_yqjD_yqjC_predicted,0.5,1,1,TGGGCGTGATCGTGGTGATA,0,5181675
yqjE_yqjK_yqjD_yqjC_predicted,0.5,1,1,TGGGCGGTAAGGCCAGAGGC,0,5250046
yqjE_yqjK_yqjD_yqjC_predicted,0.5,1,1,TGGGCGCGATTTGTAGTTGG,0,5254920
yqjE_yqjK_yqjD_yqjC_predicted,0.5,1,1,TGGGCCATGTGGTTGCGAAG,0,5206320
yqjE_yqjK_yqjD_yqjC_predicted,0.5,1,1,TGGGCAGTCCAGCCCACATG,0,5215715
yqjE_yqjK_yqjD_yqjC_predicted,0.5,1,1,TGGGATTTTTAGCCCTGGAG,0,5205729
yqjE_yqjK_yqjD_yqjC_predicted,0.5,1,1,TGGGATCGGACCAGTATGCG,0,5229293
yqjE_yqjK_yqjD_yqjC_predicted,0.5,1,1,TGGGAGGAAGATGGGGACGT,0,5183459
yqjE_yqjK_yqjD_yqjC_predicted,0.5,1,1,TGGGACGTTGCGGTTATCAA,0,5202965
yqjE_yqjK_yqjD_yqjC_predicted,0.5,1,1,TGGGACATACCTTTCAAGCA,0,5233419
yqjE_yqjK_yqjD_yqjC_predicted,0.5,1,1,TGGGAACCTATAGATCCTCA,0,5181879
yqjE_yqjK_yqjD_yqjC_predicted,0.5,1,1,TGGCTTGAGCTGGAACGTCC,0,5180632
yqjE_yqjK_yqjD_yqjC_predicted,0.5,1,1,TGGCTGTGACGCCCTTTCTG,0,5187874
yqjE_yqjK_yqjD_yqjC_predicted,0.5,1,1,TGGCTGGGACTCACGTTAGC,0,5247261
yqjE_yqjK_yqjD_yqjC_predicted,0.5,1,1,TGGCTCCCGTATTGACCAGC,0,5194152
yqjE_yqjK_yqjD_yqjC_predicted,0.5,1,1,TGGCTAATGTCTTATGGATG,0,5234667
yqjE_yqjK_yqjD_yqjC_predicted,0.5,1,1,TGGCGGAGACGCTTTACGTG,0,5222052
yqjE_yqjK_yqjD_yqjC_predicted,0.5,1,1,TGGCGGAACACGCCGAGAGA,0,5216532
yqjE_yqjK_yqjD_yqjC_predicted,0.5,1,1,TGGCGCCATCGGTCGCATAT,0,5233503
yqjE_yqjK_yqjD_yqjC_predicted,0.5,1,1,TGGCGCACTGGCATGGAGCT,0,5215885
yqjE_yqjK_yqjD_yqjC_predicted,0.5,1,1,TGGCGAGTACGGATGCGCTT,0,5251499
yqjE_yqjK_yqjD_yqjC_predicted,0.5,1,1,TGGCCTTACTCCGCCCTTAC,0,5182576
yqjE_yqjK_yqjD_yqjC_predicted,0.5,1,1,TGGCCCACCCAGCTGGGGCG,0,5242565
yqjE_yqjK_yqjD_yqjC_predicted,0.5,1,1,TGGCATCGCGGTCTTTGTAC,0,5252344
yqjE_yqjK_yqjD_yqjC_predicted,0.5,1,1,TGGCACTTCTGTCGGATCTA,0,5232718
yqjE_yqjK_yqjD_yqjC_predicted,0.5,1,1,TGGCAATCTAAGTTTAGTGC,0,5187684
yqjE_yqjK_yqjD_yqjC_predicted,0.5,1,1,TGGCAATACCACGCTATTTA,0,5244149
yqjE_yqjK_yqjD_yqjC_predicted,0.5,1,1,TGGCAAGCGATCTATAATAC,0,5259275
yqjE_yqjK_yqjD_yqjC_predicted,0.5,1,1,TGGCAACGAGCACTAATGGT,0,5183042
yqjE_yqjK_yqjD_yqjC_predicted,0.5,1,1,TGGATTTCCAGGTAGATACG,0,5198669
yqjE_yqjK_yqjD_yqjC_predicted,0.5,1,1,TGGATTACGTGACATAGATT,0,5204461
yqjE_yqjK_yqjD_yqjC_predicted,0.5,1,1,TGGATCCTATATGATCGGCC,0,5229344
yqjE_yqjK_yqjD_yqjC_predicted,0.5,1,1,TGGATATGAGTAGACCGGAC,0,5207286
yqjE_yqjK_yqjD_yqjC_predicted,0.5,1,1,TGGATAGCTGGTCTCTGGAA,0,5179641
yqjE_yqjK_yqjD_yqjC_predicted,0.5,1,1,TGGATACCCGTTTTTGAGCC,0,5261086
yqjE_yqjK_yqjD_yqjC_predicted,0.5,1,1,TGGAGGCGCGCTTGGCCGGT,0,5180959
yqjE_yqjK_yqjD_yqjC_predicted,0.5,1,1,TGGAGCGTTGACCAGATAAA,0,5256546
yqjE_yqjK_yqjD_yqjC_predicted,0.5,1,1,TGGAGAGCTGCCGTTGATTT,0,5241780
yqjE_yqjK_yqjD_yqjC_predicted,0.5,1,1,TGGACGACAGAAACAGCCTG,0,5179633
yqjE_yqjK_yqjD_yqjC_predicted,0.5,1,1,TGGACCTTTACCTGGTCTTT,0,5254993
yqjE_yqjK_yqjD_yqjC_predicted,0.5,1,1,TGGACCCGCCGGGTGTGCAT,0,5255885
yqjE_yqjK_yqjD_yqjC_predicted,0.5,1,1,TGGACCAGTCGCCCTGATGT,0,5197983
yqjE_yqjK_yqjD_yqjC_predicted,0.5,1,1,TGGACAAGGGTCTAGGGTAC,0,5227941
yqjE_yqjK_yqjD_yqjC_predicted,0.5,1,1,TGGAATAGCATATGCATTCC,0,5215602
yqjE_yqjK_yqjD_yqjC_predicted,0.5,1,1,TGGAACAAGTACGCTAAGTT,0,5187010
yqjE_yqjK_yqjD_yqjC_predicted,0.5,1,1,TGGAAATTATTCGTTCTGTC,0,5201773
yqjE_yqjK_yqjD_yqjC_predicted,0.5,1,1,TGGAAAATTGTCTAATGATA,0,5219814
yqjE_yqjK_yqjD_yqjC_predicted,0.5,1,1,TGCTTTGTAACACAGTATCA,0,5203196
yqjE_yqjK_yqjD_yqjC_predicted,0.5,1,1,TGCTTGGCTGATAAATAGCG,0,5254879
yqjE_yqjK_yqjD_yqjC_predicted,0.5,1,1,TGCTTACAATGAAAATTTAC,0,5206694
yqjE_yqjK_yqjD_yqjC_predicted,0.5,1,1,TGCTGAGACCTTTGTGAGTA,0,5219512
yqjE_yqjK_yqjD_yqjC_predicted,0.5,1,1,TGCTCGCGGATTATGTATTA,0,5222760
yqjE_yqjK_yqjD_yqjC_predicted,0.5,1,1,TGCTCGACCAATAAGGATCA,0,5183086
yqjE_yqjK_yqjD_yqjC_predicted,0.5,1,1,TGCTCCGGGGTGTGTATGGC,0,5226177
yqjE_yqjK_yqjD_yqjC_predicted,0.5,1,1,TGCTCAGAACCGCTTACGGC,0,5224654
yqjE_yqjK_yqjD_yqjC_predicted,0.5,1,1,TGCTCACGAGGCAACCTATG,0,5195978
yqjE_yqjK_yqjD_yqjC_predicted,0.5,1,1,TGCTATGCCGCGTGTCTAGG,0,5196423
yqjE_yqjK_yqjD_yqjC_predicted,0.5,1,1,TGCTATCTGGGTGGAAGGAG,0,5211626
yqjE_yqjK_yqjD_yqjC_predicted,0.5,1,1,TGCTAGTGCCGACGGCAAAG,0,5232508
yqjE_yqjK_yqjD_yqjC_predicted,0.5,1,1,TGCTAGGGGAGCCTGATACT,0,5216821
yqjE_yqjK_yqjD_yqjC_predicted,0.5,1,1,TGCTAGGCTCCAACCTAATA,0,5224108
yqjE_yqjK_yqjD_yqjC_predicted,0.5,1,1,TGCTAATAACGGCATTAGAG,0,5198335
yqjE_yqjK_yqjD_yqjC_predicted,0.5,1,1,TGCTAAAGTTTCATTGGGGT,0,5243700
yqjE_yqjK_yqjD_yqjC_predicted,0.5,1,1,TGCGTTCTGACGTAGGCTGA,0,5227874
yqjE_yqjK_yqjD_yqjC_predicted,0.5,1,1,TGCGTTAAATTTGCACATAT,0,5261097
yqjE_yqjK_yqjD_yqjC_predicted,0.5,1,1,TGCGTGTCGTTCCTTCACCG,0,5231960
yqjE_yqjK_yqjD_yqjC_predicted,0.5,1,1,TGCGTGTATGAATTCGTACT,0,5190677
yqjE_yqjK_yqjD_yqjC_predicted,0.5,1,1,TGCGTGGCTCGAAGCCGCGT,0,5175226
yqjE_yqjK_yqjD_yqjC_predicted,0.5,1,1,TGCGGGTAAACCCTACATTC,0,5223211
yqjE_yqjK_yqjD_yqjC_predicted,0.5,1,1,TGCGGACTCCTCGAAACTCG,0,5182371
yqjE_yqjK_yqjD_yqjC_predicted,0.5,1,1,TGCGGAATTGTGCGCGGTGT,0,5243874
yqjE_yqjK_yqjD_yqjC_predicted,0.5,1,1,TGCGCTCATACTTCCCGCGC,0,5183610
yqjE_yqjK_yqjD_yqjC_predicted,0.5,1,1,TGCGCGTTTAGACCACCACG,0,5246916
yqjE_yqjK_yqjD_yqjC_predicted,0.5,1,1,TGCGCGTATAGTAGCACCCT,0,5179221
yqjE_yqjK_yqjD_yqjC_predicted,0.5,1,1,TGCGCCCTCCCCCGATTTCC,0,5230020
yqjE_yqjK_yqjD_yqjC_predicted,0.5,1,1,TGCGAGAAGGCATGCATTAG,0,5194876
yqjE_yqjK_yqjD_yqjC_predicted,0.5,1,1,TGCGAATGACACTAACCCAC,0,5238637
yqjE_yqjK_yqjD_yqjC_predicted,0.5,1,1,TGCCTGTCGAACGACACAAC,0,5197582
yqjE_yqjK_yqjD_yqjC_predicted,0.5,1,1,TGCCTGCGGCCTAATGCTCA,0,5260880
yqjE_yqjK_yqjD_yqjC_predicted,0.5,1,1,TGCCTATTTCAGTCAGCCTG,0,5214940
yqjE_yqjK_yqjD_yqjC_predicted,0.5,1,1,TGCCTACGCTTGATGCAATT,0,5225905
yqjE_yqjK_yqjD_yqjC_predicted,0.5,1,1,TGCCGGCCGGTTAAGATCGA,0,5232352
yqjE_yqjK_yqjD_yqjC_predicted,0.5,1,1,TGCCGCCTACAGGACAAGTA,0,5249789
yqjE_yqjK_yqjD_yqjC_predicted,0.5,1,1,TGCCGACAGGTGCTTCCCCG,0,5192174
yqjE_yqjK_yqjD_yqjC_predicted,0.5,1,1,TGCCCGAAAGTCACCAGCGA,0,5209334
yqjE_yqjK_yqjD_yqjC_predicted,0.5,1,1,TGCCCATGGGCAATGGTAAC,0,5203088
yqjE_yqjK_yqjD_yqjC_predicted,0.5,1,1,TGCCCAACGCCTGACTTTTT,0,5211692
yqjE_yqjK_yqjD_yqjC_predicted,0.5,1,1,TGCCACGGTCAGTGTGCGGT,0,5255692
yqjE_yqjK_yqjD_yqjC_predicted,0.5,1,1,TGCCACCACATTATTGGCCC,0,5180751
yqjE_yqjK_yqjD_yqjC_predicted,0.5,1,1,TGCCAATTTGGTATTCCTTG,0,5257710
yqjE_yqjK_yqjD_yqjC_predicted,0.5,1,1,TGCATTCTGGCACAGCCACT,0,5248353
yqjE_yqjK_yqjD_yqjC_predicted,0.5,1,1,TGCATTCTCGCCATCCCCTC,0,5245725
yqjE_yqjK_yqjD_yqjC_predicted,0.5,1,1,TGCATTCCGGACTGAGTTTG,0,5206837
yqjE_yqjK_yqjD_yqjC_predicted,0.5,1,1,TGCATCAAGCCAGATTATCT,0,5173434
yqjE_yqjK_yqjD_yqjC_predicted,0.5,1,1,TGCATAGTTGTAGCGTTATG,0,5241872
yqjE_yqjK_yqjD_yqjC_predicted,0.5,1,1,TGCATAGCGGGCCGACGTAC,0,5237974
yqjE_yqjK_yqjD_yqjC_predicted,0.5,1,1,TGCAGTGGCGGGTTCCTCGA,0,5193357
yqjE_yqjK_yqjD_yqjC_predicted,0.5,1,1,TGCAGAAGGAATCTGTGTTA,0,5233754
yqjE_yqjK_yqjD_yqjC_predicted,0.5,1,1,TGCACTTAGCCGGCATCGAT,0,5262138
yqjE_yqjK_yqjD_yqjC_predicted,0.5,1,1,TGCACTGGTAAAGCACGGAG,0,5260510
yqjE_yqjK_yqjD_yqjC_predicted,0.5,1,1,TGCACCTGGCGACCCTTCCC,0,5219195
yqjE_yqjK_yqjD_yqjC_predicted,0.5,1,1,TGCACCCCCATAATCAGCGG,0,5250906
yqjE_yqjK_yqjD_yqjC_predicted,0.5,1,1,TGCACACAGCGGATCGCAGG,0,5224420
yqjE_yqjK_yqjD_yqjC_predicted,0.5,1,1,TGCACACAAGTATGCTCTTT,0,5206084
yqjE_yqjK_yqjD_yqjC_predicted,0.5,1,1,TGCACAACTCGGATAACTGC,0,5260848
yqjE_yqjK_yqjD_yqjC_predicted,0.5,1,1,TGCAATTTAGTTGTGATGTT,0,5258711
yqjE_yqjK_yqjD_yqjC_predicted,0.5,1,1,TGCAATGATAAGTAATTGAC,0,5201103
yqjE_yqjK_yqjD_yqjC_predicted,0.5,1,1,TGCAAGATGGTGAACGAAAA,0,5196352
yqjE_yqjK_yqjD_yqjC_predicted,0.5,1,1,TGCAACTGACCCTAGTCACT,0,5211216
yqjE_yqjK_yqjD_yqjC_predicted,0.5,1,1,TGATTTAGTCCTTTAAGCGC,0,5190640
yqjE_yqjK_yqjD_yqjC_predicted,0.5,1,1,TGATTGCAACTGGTAGGCGG,0,5253007
yqjE_yqjK_yqjD_yqjC_predicted,0.5,1,1,TGATGTCTTGCTCACTGGCC,0,5219392
yqjE_yqjK_yqjD_yqjC_predicted,0.5,1,1,TGATGGTGAGCTAACGGAAC,0,5245621
yqjE_yqjK_yqjD_yqjC_predicted,0.5,1,1,TGATGCTTTCATACATAGCC,0,5248999
yqjE_yqjK_yqjD_yqjC_predicted,0.5,1,1,TGATCGCTGGAGCCGGGCGT,0,5248945
yqjE_yqjK_yqjD_yqjC_predicted,0.5,1,1,TGATCCTGATAAACATTTGT,0,5178567
yqjE_yqjK_yqjD_yqjC_predicted,0.5,1,1,TGATCAGGCCGCCCTCAAGG,0,5198767
yqjE_yqjK_yqjD_yqjC_predicted,0.5,1,1,TGATCACATCGAAGAGCGTT,0,5248666
yqjE_yqjK_yqjD_yqjC_predicted,0.5,1,1,TGATCAAGGACTTAGGTACT,0,5242224
yqjE_yqjK_yqjD_yqjC_predicted,0.5,1,1,TGATCAACTGCATCGTAGAT,0,5245135
yqjE_yqjK_yqjD_yqjC_predicted,0.5,1,1,TGATATGTGGAAGTAAGGAA,0,5244922
yqjE_yqjK_yqjD_yqjC_predicted,0.5,1,1,TGATAGCGACAATCGCAAAC,0,5185180
yqjE_yqjK_yqjD_yqjC_predicted,0.5,1,1,TGATACTAACCAGGCACGTC,0,5262758
yqjE_yqjK_yqjD_yqjC_predicted,0.5,1,1,TGATAACCCACAGGTGAACA,0,5223366
yqjE_yqjK_yqjD_yqjC_predicted,0.5,1,1,TGAGTTCGTCAGCGAGATAT,0,5185296
yqjE_yqjK_yqjD_yqjC_predicted,0.5,1,1,TGAGTGGCGGGTAAAACGGT,0,5243677
yqjE_yqjK_yqjD_yqjC_predicted,0.5,1,1,TGAGTCCCCGTGACCGCCCT,0,5257576
yqjE_yqjK_yqjD_yqjC_predicted,0.5,1,1,TGAGTCCAACGGGCATGGTC,0,5231680
yqjE_yqjK_yqjD_yqjC_predicted,0.5,1,1,TGAGTATTATACGAGACGCC,0,5218592
yqjE_yqjK_yqjD_yqjC_predicted,0.5,1,1,TGAGTAGCGCGGATCGAACT,0,5205661
yqjE_yqjK_yqjD_yqjC_predicted,0.5,1,1,TGAGTAGACAACCCCCCGGT,0,5242229
yqjE_yqjK_yqjD_yqjC_predicted,0.5,1,1,TGAGGGTCCATACGTTCTAT,0,5219625
yqjE_yqjK_yqjD_yqjC_predicted,0.5,1,1,TGAGGGTAGCCGCTACTTCT,0,5221172
yqjE_yqjK_yqjD_yqjC_predicted,0.5,1,1,TGAGGCGGAAAGCAGCGTTT,0,5182449
yqjE_yqjK_yqjD_yqjC_predicted,0.5,1,1,TGAGGCCCTCCAGTCGCCGG,0,5260547
yqjE_yqjK_yqjD_yqjC_predicted,0.5,1,1,TGAGGATGTTTCGGTACTCT,0,5183989
yqjE_yqjK_yqjD_yqjC_predicted,0.5,1,1,TGAGGACTCGCCCGGATGTG,0,5249326
yqjE_yqjK_yqjD_yqjC_predicted,0.5,1,1,TGAGCTATAATGATGTTCAG,0,5219307
yqjE_yqjK_yqjD_yqjC_predicted,0.5,1,1,TGAGCCCACTATCGAAAACC,0,5221107
yqjE_yqjK_yqjD_yqjC_predicted,0.5,1,1,TGAGCAGAGTACATGGGCCG,0,5207207
yqjE_yqjK_yqjD_yqjC_predicted,0.5,1,1,TGAGATGTACTGTCGGAGGC,0,5179054
yqjE_yqjK_yqjD_yqjC_predicted,0.5,1,1,TGAGATCCTTGATGAAATCA,0,5245163
yqjE_yqjK_yqjD_yqjC_predicted,0.5,1,1,TGAGATCACCGTTTGTTCTG,0,5244755
yqjE_yqjK_yqjD_yqjC_predicted,0.5,1,1,TGAGAGTGGCCCTGGCACAA,0,5177163
yqjE_yqjK_yqjD_yqjC_predicted,0.5,1,1,TGAGACGTGGTAACACGCAA,0,5234287
yqjE_yqjK_yqjD_yqjC_predicted,0.5,1,1,TGAGAACGTCTCTCAAAAGC,0,5178633
yqjE_yqjK_yqjD_yqjC_predicted,0.5,1,1,TGACTTTAGGTACCCGAGAG,0,5181597
yqjE_yqjK_yqjD_yqjC_predicted,0.5,1,1,TGACTGCACCGTTTCCAGAA,0,5221066
yqjE_yqjK_yqjD_yqjC_predicted,0.5,1,1,TGACTGATGGATTGTAGATT,0,5180728
yqjE_yqjK_yqjD_yqjC_predicted,0.5,1,1,TGACTCAGACTGTATGGTCA,0,5209968
yqjE_yqjK_yqjD_yqjC_predicted,0.5,1,1,TGACTACTTATAGCAAAGAA,0,5223910
yqjE_yqjK_yqjD_yqjC_predicted,0.5,1,1,TGACTACGACCTTTCCGATG,0,5196116
yqjE_yqjK_yqjD_yqjC_predicted,0.5,1,1,TGACGGTTTCTCCACTGCCT,0,5216985
yqjE_yqjK_yqjD_yqjC_predicted,0.5,1,1,TGACGGTTATCAACAAGCGT,0,5230400
yqjE_yqjK_yqjD_yqjC_predicted,0.5,1,1,TGACGGGGCTATGACGCAGG,0,5215263
yqjE_yqjK_yqjD_yqjC_predicted,0.5,1,1,TGACGGCGAGTACGGATGAT,0,5229266
yqjE_yqjK_yqjD_yqjC_predicted,0.5,1,1,TGACGCTCAAAGTGCACTCC,0,5257292
yqjE_yqjK_yqjD_yqjC_predicted,0.5,1,1,TGACGAGATTGGGCTATGCC,0,5261200
yqjE_yqjK_yqjD_yqjC_predicted,0.5,1,1,TGACGACAATATTGTGGTTT,0,5208361
yqjE_yqjK_yqjD_yqjC_predicted,0.5,1,1,TGACCGGCAGGTGCAACACT,0,5207246
yqjE_yqjK_yqjD_yqjC_predicted,0.5,1,1,TGACCGCACGTGATAGAATT,0,5261050
yqjE_yqjK_yqjD_yqjC_predicted,0.5,1,1,TGACCCTCGTTCCAAAAAAG,0,5182469
yqjE_yqjK_yqjD_yqjC_predicted,0.5,1,1,TGACCCGAACCACATCTCTT,0,5212132
yqjE_yqjK_yqjD_yqjC_predicted,0.5,1,1,TGACCACATAGGACTGGAAC,0,5249536
yqjE_yqjK_yqjD_yqjC_predicted,0.5,1,1,TGACAGGACTGCGGACCTTT,0,5181402
yqjE_yqjK_yqjD_yqjC_predicted,0.5,1,1,TGACACGTCCCCTTTGCGGT,0,5193619
yqjE_yqjK_yqjD_yqjC_predicted,0.5,1,1,TGACAATCGGAACTCACGGA,0,5253074
yqjE_yqjK_yqjD_yqjC_predicted,0.5,1,1,TGAATTGGGAAACGGGCGGT,0,5238115
yqjE_yqjK_yqjD_yqjC_predicted,0.5,1,1,TGAATTAAGACATAGGACAG,0,5252181
yqjE_yqjK_yqjD_yqjC_predicted,0.5,1,1,TGAATGGGCCACGTAAGTTC,0,5249599
yqjE_yqjK_yqjD_yqjC_predicted,0.5,1,1,TGAATCGTGCAAGCTTTGAA,0,5246566
yqjE_yqjK_yqjD_yqjC_predicted,0.5,1,1,TGAATATGGCATCGAATCGC,0,5190116
yqjE_yqjK_yqjD_yqjC_predicted,0.5,1,1,TGAAGTCGGCGCGGACGCCA,0,5188638
yqjE_yqjK_yqjD_yqjC_predicted,0.5,1,1,TGAAGTCAGTCCACGCGTCA,0,5173065
yqjE_yqjK_yqjD_yqjC_predicted,0.5,1,1,TGAAGGGGTAACAGGGGAGT,0,5219722
yqjE_yqjK_yqjD_yqjC_predicted,0.5,1,1,TGAAGCCAGCCCCCGACATC,0,5187006
yqjE_yqjK_yqjD_yqjC_predicted,0.5,1,1,TGAAGCAATTGTAGCCCTCC,0,5256752
yqjE_yqjK_yqjD_yqjC_predicted,0.5,1,1,TGAAGACGTATTGGACAGGA,0,5239361
yqjE_yqjK_yqjD_yqjC_predicted,0.5,1,1,TGAAGAAAGGGGTATCACGC,0,5238485
yqjE_yqjK_yqjD_yqjC_predicted,0.5,1,1,TGAACGTATATAAAATGCTG,0,5240739
yqjE_yqjK_yqjD_yqjC_predicted,0.5,1,1,TGAAATCTGCCGTAATAAAC,0,5171079
yqjE_yqjK_yqjD_yqjC_predicted,0.5,1,1,TGAAATACCCCAATACCATA,0,5255041
yqjE_yqjK_yqjD_yqjC_predicted,0.5,1,1,TGAAAGATTTGTTCATGGGT,0,5210844
yqjE_yqjK_yqjD_yqjC_predicted,0.5,1,1,TGAAACTCGTATAGTACCAA,0,5221000
yqjE_yqjK_yqjD_yqjC_predicted,0.5,1,1,TGAAACGCCGGTAATGTACA,0,5204026
yqjE_yqjK_yqjD_yqjC_predicted,0.5,1,1,TGAAAATTCCCCACAGGTTG,0,5222772
yqjE_yqjK_yqjD_yqjC_predicted,0.5,1,1,TCTTTTTATCTCGGCCGGAC,0,5200843
yqjE_yqjK_yqjD_yqjC_predicted,0.5,1,1,TCTTTACGTTGAACCAGGCA,0,5202670
yqjE_yqjK_yqjD_yqjC_predicted,0.5,1,1,TCTTGTGTTGTCGCGACGAT,0,5245764
yqjE_yqjK_yqjD_yqjC_predicted,0.5,1,1,TCTTGCGCGTGAGATTGAAG,0,5203037
yqjE_yqjK_yqjD_yqjC_predicted,0.5,1,1,TCTTGATTGAGAACTTACAG,0,5226604
yqjE_yqjK_yqjD_yqjC_predicted,0.5,1,1,TCTTGAAGCCATCTTATGGT,0,5227396
yqjE_yqjK_yqjD_yqjC_predicted,0.5,1,1,TCTTCGTTACAGCCGCGTCC,0,5242890
yqjE_yqjK_yqjD_yqjC_predicted,0.5,1,1,TCTTCGCACAATCTGAAGTC,0,5235994
yqjE_yqjK_yqjD_yqjC_predicted,0.5,1,1,TCTTCCTTATCGAACTCAGA,0,5261459
yqjE_yqjK_yqjD_yqjC_predicted,0.5,1,1,TCTTATTGCTATTCCCTGCG,0,5188672
yqjE_yqjK_yqjD_yqjC_predicted,0.5,1,1,TCTTATTCAGGGATCATTGC,0,5240198
yqjE_yqjK_yqjD_yqjC_predicted,0.5,1,1,TCTTAGGTCATGTCACGACC,0,5218497
yqjE_yqjK_yqjD_yqjC_predicted,0.5,1,1,TCTTAGCGTTAGCCGGGCAA,0,5196605
yqjE_yqjK_yqjD_yqjC_predicted,0.5,1,1,TCTTACGTTCAGGTTTTCAG,0,5251998
yqjE_yqjK_yqjD_yqjC_predicted,0.5,1,1,TCTGTGAACAGTGTATTCCA,0,5223067
yqjE_yqjK_yqjD_yqjC_predicted,0.5,1,1,TCTGTATGGACTTCCATTCG,0,5222318
yqjE_yqjK_yqjD_yqjC_predicted,0.5,1,1,TCTGTATCGGAATTTAATTT,0,5190466
yqjE_yqjK_yqjD_yqjC_predicted,0.5,1,1,TCTGTAAATAATCCGCGGCC,0,5226317
yqjE_yqjK_yqjD_yqjC_predicted,0.5,1,1,TCTGGTTGTACTGGTGTCAG,0,5252809
yqjE_yqjK_yqjD_yqjC_predicted,0.5,1,1,TCTGGTTCAATTCTTATCTG,0,5224639
yqjE_yqjK_yqjD_yqjC_predicted,0.5,1,1,TCTGGCGTCTTGCAGTATGT,0,5223408
yqjE_yqjK_yqjD_yqjC_predicted,0.5,1,1,TCTGGACGCGCTTTCTTTCA,0,5224321
yqjE_yqjK_yqjD_yqjC_predicted,0.5,1,1,TCTGGAATCTACATAAAGGT,0,5181211
yqjE_yqjK_yqjD_yqjC_predicted,0.5,1,1,TCTGCTGGGGTGACCCATTA,0,5258625
yqjE_yqjK_yqjD_yqjC_predicted,0.5,1,1,TCTGCTATTTTCACGGCGGA,0,5239106
yqjE_yqjK_yqjD_yqjC_predicted,0.5,1,1,TCTGCTATTCGAATTATTCG,0,5197173
yqjE_yqjK_yqjD_yqjC_predicted,0.5,1,1,TCTGCGGGACGAGTCACCTC,0,5256139
yqjE_yqjK_yqjD_yqjC_predicted,0.5,1,1,TCTGCCTGAAGAGGCTAGCC,0,5228529
yqjE_yqjK_yqjD_yqjC_predicted,0.5,1,1,TCTGCATATCTGTCTCCAAT,0,5258999
yqjE_yqjK_yqjD_yqjC_predicted,0.5,1,1,TCTGCACCGGGTAATGTTCC,0,5173480
yqjE_yqjK_yqjD_yqjC_predicted,0.5,1,1,TCTGACTCACGTTATCGTTC,0,5205883
yqjE_yqjK_yqjD_yqjC_predicted,0.5,1,1,TCTGAACGCGGTCACATATC,0,5170871
yqjE_yqjK_yqjD_yqjC_predicted,0.5,1,1,TCTGAACCTTGTACTCGCTA,0,5234174
yqjE_yqjK_yqjD_yqjC_predicted,0.5,1,1,TCTCTTTGGTCTCGTGTTTC,0,5219831
yqjE_yqjK_yqjD_yqjC_predicted,0.5,1,1,TCTCTTCTGCAGTAGACGCG,0,5215096
yqjE_yqjK_yqjD_yqjC_predicted,0.5,1,1,TCTCTGCAACCCGACGGTTG,0,5258431
yqjE_yqjK_yqjD_yqjC_predicted,0.5,1,1,TCTCTCTAGCCACGAGTATC,0,5246147
yqjE_yqjK_yqjD_yqjC_predicted,0.5,1,1,TCTCTACCTAAGCGGTGTCA,0,5252660
yqjE_yqjK_yqjD_yqjC_predicted,0.5,1,1,TCTCGTGCGGCATGATTGAG,0,5181529
yqjE_yqjK_yqjD_yqjC_predicted,0.5,1,1,TCTCGTCGTTGCAGAGGGGT,0,5217597
yqjE_yqjK_yqjD_yqjC_predicted,0.5,1,1,TCTCGGGTTCGGGATGGGGA,0,5221220
yqjE_yqjK_yqjD_yqjC_predicted,0.5,1,1,TCTCGCCATATTGTATGTTT,0,5215382
yqjE_yqjK_yqjD_yqjC_predicted,0.5,1,1,TCTCCTGTTTCACGTTTAAT,0,5223143
yqjE_yqjK_yqjD_yqjC_predicted,0.5,1,1,TCTCCTGCGATGAACAGCGG,0,5185613
yqjE_yqjK_yqjD_yqjC_predicted,0.5,1,1,TCTCCGCTCTCCCTGATCCT,0,5205113
yqjE_yqjK_yqjD_yqjC_predicted,0.5,1,1,TCTCCAGGCACGCGAGGGCG,0,5208659
yqjE_yqjK_yqjD_yqjC_predicted,0.5,1,1,TCTCCACACGAGTCGAAGAA,0,5214988
yqjE_yqjK_yqjD_yqjC_predicted,0.5,1,1,TCTCCAAAGGTCACCTAAGC,0,5222019
yqjE_yqjK_yqjD_yqjC_predicted,0.5,1,1,TCTCATGAAGCTTTGTTAAC,0,5189612
yqjE_yqjK_yqjD_yqjC_predicted,0.5,1,1,TCTCATCCATATGCCACGTC,0,5234368
yqjE_yqjK_yqjD_yqjC_predicted,0.5,1,1,TCTCAGCGCGGCCTATCCAG,0,5231018
yqjE_yqjK_yqjD_yqjC_predicted,0.5,1,1,TCTCAAAGAGTTCTAGGTAT,0,5239794
yqjE_yqjK_yqjD_yqjC_predicted,0.5,1,1,TCTATCAATGGTTTAATCCG,0,5204760
yqjE_yqjK_yqjD_yqjC_predicted,0.5,1,1,TCTAGAAGGTCTAGGCGAAC,0,5194373
yqjE_yqjK_yqjD_yqjC_predicted,0.5,1,1,TCTACTTCGCCAGTCATCGG,0,5246098
yqjE_yqjK_yqjD_yqjC_predicted,0.5,1,1,TCTAATTCCACAGCTCGAGC,0,5234430
yqjE_yqjK_yqjD_yqjC_predicted,0.5,1,1,TCTAATCGACCCGGTGCGGC,0,5220039
yqjE_yqjK_yqjD_yqjC_predicted,0.5,1,1,TCTAATAGAGCTTACTACTG,0,5179146
yqjE_yqjK_yqjD_yqjC_predicted,0.5,1,1,TCTAAGGTGGTGCTTCCGAG,0,5198356
yqjE_yqjK_yqjD_yqjC_predicted,0.5,1,1,TCTAACAATACGCAACAGAC,0,5237658
yqjE_yqjK_yqjD_yqjC_predicted,0.5,1,1,TCTAAATAAACGTGTCAGTT,0,5233570
yqjE_yqjK_yqjD_yqjC_predicted,0.5,1,1,TCTAAAGGTAAGTTGCTCGT,0,5217981
yqjE_yqjK_yqjD_yqjC_predicted,0.5,1,1,TCGTTTCAATGATGTGTTAT,0,5170971
yqjE_yqjK_yqjD_yqjC_predicted,0.5,1,1,TCGTTTATGCGTCGCACCCC,0,5196396
yqjE_yqjK_yqjD_yqjC_predicted,0.5,1,1,TCGTTCATCGTTCAAAAAGA,0,5247421
yqjE_yqjK_yqjD_yqjC_predicted,0.5,1,1,TCGTTACCCCCAACAGCATA,0,5178794
yqjE_yqjK_yqjD_yqjC_predicted,0.5,1,1,TCGTTAACTAACGGACCGAT,0,5248575
yqjE_yqjK_yqjD_yqjC_predicted,0.5,1,1,TCGTGTCTGAAACGGGTGTG,0,5238743
yqjE_yqjK_yqjD_yqjC_predicted,0.5,1,1,TCGTGATGGTGTTCTGGCGT,0,5215864
yqjE_yqjK_yqjD_yqjC_predicted,0.5,1,1,TCGTGAGAGAGTCGCGACCA,0,5240755
yqjE_yqjK_yqjD_yqjC_predicted,0.5,1,1,TCGTGAAAGTGGCGGCGTCG,0,5242333
yqjE_yqjK_yqjD_yqjC_predicted,0.5,1,1,TCGTCTACAGTGATAAAGGT,0,5177454
yqjE_yqjK_yqjD_yqjC_predicted,0.5,1,1,TCGTCGGGCAGAGTTCAAGG,0,5205490
yqjE_yqjK_yqjD_yqjC_predicted,0.5,1,1,TCGTCGGCGTATTTTTTATC,0,5190327
yqjE_yqjK_yqjD_yqjC_predicted,0.5,1,1,TCGTCCCGAGCAATTAAGAA,0,5177595
yqjE_yqjK_yqjD_yqjC_predicted,0.5,1,1,TCGTCAGGTTTGCAAGTTCT,0,5199973
yqjE_yqjK_yqjD_yqjC_predicted,0.5,1,1,TCGTCACGGCATGAATTTCC,0,5237823
yqjE_yqjK_yqjD_yqjC_predicted,0.5,1,1,TCGTATAAGTATAGCGGAGT,0,5207677
yqjE_yqjK_yqjD_yqjC_predicted,0.5,1,1,TCGTAGTTTGAGCCGCTGTG,0,5188199
yqjE_yqjK_yqjD_yqjC_predicted,0.5,1,1,TCGTAGTACCTTGTCATTGT,0,5217969
yqjE_yqjK_yqjD_yqjC_predicted,0.5,1,1,TCGTAGCAAACGTCGAAGGG,0,5207072
yqjE_yqjK_yqjD_yqjC_predicted,0.5,1,1,TCGGTTGGGCTAGATATTCG,0,5185664
yqjE_yqjK_yqjD_yqjC_predicted,0.5,1,1,TCGGTCGTGTTGTGTTGTTC,0,5229051
yqjE_yqjK_yqjD_yqjC_predicted,0.5,1,1,TCGGTATGCCCCCGTAGAAG,0,5180506
yqjE_yqjK_yqjD_yqjC_predicted,0.5,1,1,TCGGTAGCGCTAGTAGCATG,0,5197210
yqjE_yqjK_yqjD_yqjC_predicted,0.5,1,1,TCGGGGACATAGAGAACGCG,0,5257103
yqjE_yqjK_yqjD_yqjC_predicted,0.5,1,1,TCGGGCGTTTGGGTATGACA,0,5200504
yqjE_yqjK_yqjD_yqjC_predicted,0.5,1,1,TCGGGCGCACTGAATGAGGG,0,5210066
yqjE_yqjK_yqjD_yqjC_predicted,0.5,1,1,TCGGGATTTCTCCGTGCCAC,0,5186974
yqjE_yqjK_yqjD_yqjC_predicted,0.5,1,1,TCGGGACAATCGGCACGACG,0,5172236
yqjE_yqjK_yqjD_yqjC_predicted,0.5,1,1,TCGGCGTGCGTTAGGTAAGT,0,5250507
yqjE_yqjK_yqjD_yqjC_predicted,0.5,1,1,TCGGCCAGCGAATTAGAGTA,0,5183386
yqjE_yqjK_yqjD_yqjC_predicted,0.5,1,1,TCGGCACCATATTAAGCAAC,0,5256623
yqjE_yqjK_yqjD_yqjC_predicted,0.5,1,1,TCGGCAAGTCTCCCGCGTCT,0,5232703
yqjE_yqjK_yqjD_yqjC_predicted,0.5,1,1,TCGGAGCTCGAGTCTGAGCT,0,5231831
yqjE_yqjK_yqjD_yqjC_predicted,0.5,1,1,TCGGAGCGATATGATCTTTC,0,5236765
yqjE_yqjK_yqjD_yqjC_predicted,0.5,1,1,TCGCTTTCGTCGGGTCTCGC,0,5235399
yqjE_yqjK_yqjD_yqjC_predicted,0.5,1,1,TCGCTTCTAGGTAATGGTTA,0,5176892
yqjE_yqjK_yqjD_yqjC_predicted,0.5,1,1,TCGCTTATACCTCCTTAATG,0,5208805
yqjE_yqjK_yqjD_yqjC_predicted,0.5,1,1,TCGCTCGGGGTGCACTACTC,0,5186500
yqjE_yqjK_yqjD_yqjC_predicted,0.5,1,1,TCGCTATCACGAGGTACATG,0,5175405
yqjE_yqjK_yqjD_yqjC_predicted,0.5,1,1,TCGCTACTCGGAAGCGTTTT,0,5217109
yqjE_yqjK_yqjD_yqjC_predicted,0.5,1,1,TCGCGTTGTCGGCCAGTAAT,0,5206579
yqjE_yqjK_yqjD_yqjC_predicted,0.5,1,1,TCGCGTTGGGTCCTCCGTCG,0,5218167
yqjE_yqjK_yqjD_yqjC_predicted,0.5,1,1,TCGCGTGTTAGTGAGTCCGT,0,5194602
yqjE_yqjK_yqjD_yqjC_predicted,0.5,1,1,TCGCGTCCATAATATGCTAG,0,5209360
yqjE_yqjK_yqjD_yqjC_predicted,0.5,1,1,TCGCGGCTGAACACGAAGAC,0,5182711
yqjE_yqjK_yqjD_yqjC_predicted,0.5,1,1,TCGCGGACAGGGGCACTTGC,0,5245414
yqjE_yqjK_yqjD_yqjC_predicted,0.5,1,1,TCGCGCGGTGTCTGTGGAAT,0,5175349
yqjE_yqjK_yqjD_yqjC_predicted,0.5,1,1,TCGCGCCTTCTGAAATTAAC,0,5220704
yqjE_yqjK_yqjD_yqjC_predicted,0.5,1,1,TCGCGCCAGCTCGATGCCGT,0,5223295
yqjE_yqjK_yqjD_yqjC_predicted,0.5,1,1,TCGCGCCACGGTAAGGTGTA,0,5207243
yqjE_yqjK_yqjD_yqjC_predicted,0.5,1,1,TCGCGATAGGGAAGAACTTT,0,5203213
yqjE_yqjK_yqjD_yqjC_predicted,0.5,1,1,TCGCCTGTGACACATTACAG,0,5218228
yqjE_yqjK_yqjD_yqjC_predicted,0.5,1,1,TCGCCTGTAACATGTAACAT,0,5229690
yqjE_yqjK_yqjD_yqjC_predicted,0.5,1,1,TCGCCGGGATTCTCTCATCG,0,5230836
yqjE_yqjK_yqjD_yqjC_predicted,0.5,1,1,TCGCCAGTCTGAACCATTTA,0,5236539
yqjE_yqjK_yqjD_yqjC_predicted,0.5,1,1,TCGCCAGACAATCGTTGGGC,0,5237591
yqjE_yqjK_yqjD_yqjC_predicted,0.5,1,1,TCGCCACGCTATGCTACGGA,0,5210114
yqjE_yqjK_yqjD_yqjC_predicted,0.5,1,1,TCGCAGCATTAATAACAGTC,0,5243907
yqjE_yqjK_yqjD_yqjC_predicted,0.5,1,1,TCGCACGTACTGGAGGTACC,0,5186215
yqjE_yqjK_yqjD_yqjC_predicted,0.5,1,1,TCGATGTACCGAGAGGGCGC,0,5233508
yqjE_yqjK_yqjD_yqjC_predicted,0.5,1,1,TCGATGGTGCAGTCCCTCCC,0,5209270
yqjE_yqjK_yqjD_yqjC_predicted,0.5,1,1,TCGATGGCATACAGTTTCCG,0,5235004
yqjE_yqjK_yqjD_yqjC_predicted,0.5,1,1,TCGATGCTCGACAACGCAGG,0,5237062
yqjE_yqjK_yqjD_yqjC_predicted,0.5,1,1,TCGATGCGTTGGGCCTGTCC,0,5233769
yqjE_yqjK_yqjD_yqjC_predicted,0.5,1,1,TCGATGAATCCATCAAAAAT,0,5226077
yqjE_yqjK_yqjD_yqjC_predicted,0.5,1,1,TCGATCGCATGGGGTCATGC,0,5244584
yqjE_yqjK_yqjD_yqjC_predicted,0.5,1,1,TCGATCGAAAAATGATAGTA,0,5171708
yqjE_yqjK_yqjD_yqjC_predicted,0.5,1,1,TCGATATGTAACCACACGCT,0,5217162
yqjE_yqjK_yqjD_yqjC_predicted,0.5,1,1,TCGAGGACATGTTGTAGTCT,0,5180741
yqjE_yqjK_yqjD_yqjC_predicted,0.5,1,1,TCGAGCAGGCAGTGATGAAG,0,5202863
yqjE_yqjK_yqjD_yqjC_predicted,0.5,1,1,TCGAGCAAGATCGGAAGAAA,0,5209346
yqjE_yqjK_yqjD_yqjC_predicted,0.5,1,1,TCGAGAAGTTTGTGGTACAC,0,5209680
yqjE_yqjK_yqjD_yqjC_predicted,0.5,1,1,TCGACTGATTAAAGGCCTCA,0,5185914
yqjE_yqjK_yqjD_yqjC_predicted,0.5,1,1,TCGACTCGGAAGGGGGTGTT,0,5219899
yqjE_yqjK_yqjD_yqjC_predicted,0.5,1,1,TCGACGTCCTACCAGAATGT,0,5236195
yqjE_yqjK_yqjD_yqjC_predicted,0.5,1,1,TCGACCTGTATGGAGGTTTG,0,5206411
yqjE_yqjK_yqjD_yqjC_predicted,0.5,1,1,TCGACCCAAGTGGGTGTGGT,0,5175751
yqjE_yqjK_yqjD_yqjC_predicted,0.5,1,1,TCGACAGTGTGTTTCCCGGA,0,5245278
yqjE_yqjK_yqjD_yqjC_predicted,0.5,1,1,TCGACAACCTGATAGTTACA,0,5231083
yqjE_yqjK_yqjD_yqjC_predicted,0.5,1,1,TCGAATTGTCAGGGCGATGA,0,5228976
yqjE_yqjK_yqjD_yqjC_predicted,0.5,1,1,TCGAATTGCCTGGGAGCAGC,0,5182168
yqjE_yqjK_yqjD_yqjC_predicted,0.5,1,1,TCGAATTGACTTGAAGTACC,0,5249637
yqjE_yqjK_yqjD_yqjC_predicted,0.5,1,1,TCGAAGTGGTGGACACAAGT,0,5204858
yqjE_yqjK_yqjD_yqjC_predicted,0.5,1,1,TCGAACGATGCAACTGGAAT,0,5206659
yqjE_yqjK_yqjD_yqjC_predicted,0.5,1,1,TCGAACCGGGAACAGTAGAC,0,5245020
yqjE_yqjK_yqjD_yqjC_predicted,0.5,1,1,TCGAACCCAGAAAGCATCTA,0,5250200
yqjE_yqjK_yqjD_yqjC_predicted,0.5,1,1,TCGAAAAGGCACGTGGTCAG,0,5247922
yqjE_yqjK_yqjD_yqjC_predicted,0.5,1,1,TCGAAAAATACAATCAGAAT,0,5230983
yqjE_yqjK_yqjD_yqjC_predicted,0.5,1,1,TCCTTGTATCTGTCACGGCT,0,5175041
yqjE_yqjK_yqjD_yqjC_predicted,0.5,1,1,TCCTTCTGACCTCGTTGTGG,0,5194418
yqjE_yqjK_yqjD_yqjC_predicted,0.5,1,1,TCCTGGCACGCGGATTCAAT,0,5236160
yqjE_yqjK_yqjD_yqjC_predicted,0.5,1,1,TCCTGAAGGAAGGTTAGTTT,0,5228637
yqjE_yqjK_yqjD_yqjC_predicted,0.5,1,1,TCCTCTCCACATGAATGACT,0,5194387
yqjE_yqjK_yqjD_yqjC_predicted,0.5,1,1,TCCTCGCTCTGTATAGAGCT,0,5218396
yqjE_yqjK_yqjD_yqjC_predicted,0.5,1,1,TCCTCGCCCTTCGCGTCCGA,0,5230258
yqjE_yqjK_yqjD_yqjC_predicted,0.5,1,1,TCCTCCGCTAGATCGAACAA,0,5219689
yqjE_yqjK_yqjD_yqjC_predicted,0.5,1,1,TCCTCCCTTCACCGAATCTC,0,5193208
yqjE_yqjK_yqjD_yqjC_predicted,0.5,1,1,TCCTCACGTGGGGGGTGAAC,0,5191096
yqjE_yqjK_yqjD_yqjC_predicted,0.5,1,1,TCCTCAAGTTTAAGCCCCTT,0,5218108
yqjE_yqjK_yqjD_yqjC_predicted,0.5,1,1,TCCTATAACCGATTCCCTCC,0,5214430
yqjE_yqjK_yqjD_yqjC_predicted,0.5,1,1,TCCTACCAGACAGTCTGTAC,0,5259697
yqjE_yqjK_yqjD_yqjC_predicted,0.5,1,1,TCCTACCACGGTTTTTTTTA,0,5197788
yqjE_yqjK_yqjD_yqjC_predicted,0.5,1,1,TCCGTTCGCTGCGGACAATT,0,5197613
yqjE_yqjK_yqjD_yqjC_predicted,0.5,1,1,TCCGTCCGCGTTTATTGACT,0,5181455
yqjE_yqjK_yqjD_yqjC_predicted,0.5,1,1,TCCGTATAAGGCTTTCTAGC,0,5256026
yqjE_yqjK_yqjD_yqjC_predicted,0.5,1,1,TCCGGCTTCATCTTAGTCTT,0,5222624
yqjE_yqjK_yqjD_yqjC_predicted,0.5,1,1,TCCGGCAGCATTATGCGATA,0,5201430
yqjE_yqjK_yqjD_yqjC_predicted,0.5,1,1,TCCGGATCGGTAGAAGAACC,0,5193808
yqjE_yqjK_yqjD_yqjC_predicted,0.5,1,1,TCCGGACACCTTCAGCTACT,0,5194630
yqjE_yqjK_yqjD_yqjC_predicted,0.5,1,1,TCCGCCGTACGCAACTATAA,0,5205594
yqjE_yqjK_yqjD_yqjC_predicted,0.5,1,1,TCCGATTCAATCAACCGTGT,0,5218862
yqjE_yqjK_yqjD_yqjC_predicted,0.5,1,1,TCCGATGTGCCGCTAGCTTC,0,5258762
yqjE_yqjK_yqjD_yqjC_predicted,0.5,1,1,TCCGATCTCGGTGCAGAGGA,0,5228555
yqjE_yqjK_yqjD_yqjC_predicted,0.5,1,1,TCCGATAACCAAGGTGAGGG,0,5222778
yqjE_yqjK_yqjD_yqjC_predicted,0.5,1,1,TCCGATAAAGGACTCCTAAA,0,5217226
yqjE_yqjK_yqjD_yqjC_predicted,0.5,1,1,TCCGAGGGGGCAAAGGTTAC,0,5224890
yqjE_yqjK_yqjD_yqjC_predicted,0.5,1,1,TCCCTCTCCCAGCACGCCAC,0,5184438
yqjE_yqjK_yqjD_yqjC_predicted,0.5,1,1,TCCCTCTATGGTTCGATTAG,0,5228120
yqjE_yqjK_yqjD_yqjC_predicted,0.5,1,1,TCCCTCCTAAAGGCCGATTA,0,5256486
yqjE_yqjK_yqjD_yqjC_predicted,0.5,1,1,TCCCTAGTTCGATCACTCCG,0,5202805
yqjE_yqjK_yqjD_yqjC_predicted,0.5,1,1,TCCCTAGACTGTACCGGCGT,0,5174253
yqjE_yqjK_yqjD_yqjC_predicted,0.5,1,1,TCCCGTCCCGGCCGCTGGCT,0,5189809
yqjE_yqjK_yqjD_yqjC_predicted,0.5,1,1,TCCCGACGTGCAACATACCT,0,5214856
yqjE_yqjK_yqjD_yqjC_predicted,0.5,1,1,TCCCCTGAAGCTCACTACAC,0,5259946
yqjE_yqjK_yqjD_yqjC_predicted,0.5,1,1,TCCCCGTTATGATCCCCGGG,0,5228371
yqjE_yqjK_yqjD_yqjC_predicted,0.5,1,1,TCCCCGGAATGGTATCCAAC,0,5233200
yqjE_yqjK_yqjD_yqjC_predicted,0.5,1,1,TCCCCGCTAGCTTATTGATC,0,5208929
yqjE_yqjK_yqjD_yqjC_predicted,0.5,1,1,TCCCCGAAACGCGTAGTTCA,0,5210745
yqjE_yqjK_yqjD_yqjC_predicted,0.5,1,1,TCCCCCAGAGCGATAGTAGC,0,5211480
yqjE_yqjK_yqjD_yqjC_predicted,0.5,1,1,TCCCCACAGCAGAATGCAGA,0,5208502
yqjE_yqjK_yqjD_yqjC_predicted,0.5,1,1,TCCCATCGCAAAAAGGTGGT,0,5229995
yqjE_yqjK_yqjD_yqjC_predicted,0.5,1,1,TCCCAGCCCACAAGTTAGTT,0,5240586
yqjE_yqjK_yqjD_yqjC_predicted,0.5,1,1,TCCCACAACCACAGTACCGC,0,5210055
yqjE_yqjK_yqjD_yqjC_predicted,0.5,1,1,TCCCAACGGAGTACCCAGAG,0,5188961
yqjE_yqjK_yqjD_yqjC_predicted,0.5,1,1,TCCATTGCCTCGGCCGCCCA,0,5218117
yqjE_yqjK_yqjD_yqjC_predicted,0.5,1,1,TCCATGGGGATGGCACCATC,0,5182895
yqjE_yqjK_yqjD_yqjC_predicted,0.5,1,1,TCCATATCGGTTTCTTCTGA,0,5205965
yqjE_yqjK_yqjD_yqjC_predicted,0.5,1,1,TCCAGGAAAAGCATCGCGGG,0,5211026
yqjE_yqjK_yqjD_yqjC_predicted,0.5,1,1,TCCAGACCATAACGTTATTA,0,5214529
yqjE_yqjK_yqjD_yqjC_predicted,0.5,1,1,TCCACCCTACAGTAACAAGG,0,5197718
yqjE_yqjK_yqjD_yqjC_predicted,0.5,1,1,TCCACATTAGGGGTCTACAC,0,5200594
yqjE_yqjK_yqjD_yqjC_predicted,0.5,1,1,TCCACAAAGGAACACGTTAA,0,5251175
yqjE_yqjK_yqjD_yqjC_predicted,0.5,1,1,TCCAAGCTATGCCCAAACGG,0,5202150
yqjE_yqjK_yqjD_yqjC_predicted,0.5,1,1,TCCAAGCGAACGTGTCGCGT,0,5232315
yqjE_yqjK_yqjD_yqjC_predicted,0.5,1,1,TCCAACATAGCCAAAATGTA,0,5259280
yqjE_yqjK_yqjD_yqjC_predicted,0.5,1,1,TCCAAATCGGGTGCCTTGTC,0,5237728
yqjE_yqjK_yqjD_yqjC_predicted,0.5,1,1,TCATTTATAAGCGAGGGTAC,0,5260017
yqjE_yqjK_yqjD_yqjC_predicted,0.5,1,1,TCATTCTTTGGTTTGATTTC,0,5248335
yqjE_yqjK_yqjD_yqjC_predicted,0.5,1,1,TCATTAGGCTACGAGAGAGG,0,5188878
yqjE_yqjK_yqjD_yqjC_predicted,0.5,1,1,TCATTACGTTGAAACCGTTC,0,5232014
yqjE_yqjK_yqjD_yqjC_predicted,0.5,1,1,TCATGTAGGATGCGTGCGAT,0,5215961
yqjE_yqjK_yqjD_yqjC_predicted,0.5,1,1,TCATGTACTCCGATACAGTA,0,5245975
yqjE_yqjK_yqjD_yqjC_predicted,0.5,1,1,TCATGGGCCTGAAAGTATAC,0,5177725
yqjE_yqjK_yqjD_yqjC_predicted,0.5,1,1,TCATGGAAGGGCTCGGCTAG,0,5239132
yqjE_yqjK_yqjD_yqjC_predicted,0.5,1,1,TCATGAGTTTGGATAGCATC,0,5206424
yqjE_yqjK_yqjD_yqjC_predicted,0.5,1,1,TCATCTTCCCAACACCGGTC,0,5177164
yqjE_yqjK_yqjD_yqjC_predicted,0.5,1,1,TCATCGTACCGACTCAGCGG,0,5207709
yqjE_yqjK_yqjD_yqjC_predicted,0.5,1,1,TCATCGGCTTGGCGCCCCGC,0,5195614
yqjE_yqjK_yqjD_yqjC_predicted,0.5,1,1,TCATATTGGTTTTGAGAACA,0,5184512
yqjE_yqjK_yqjD_yqjC_predicted,0.5,1,1,TCATAGGTGGTAGTAAAAAG,0,5207441
yqjE_yqjK_yqjD_yqjC_predicted,0.5,1,1,TCATAAGCGCCCTGAGTATC,0,5224073
yqjE_yqjK_yqjD_yqjC_predicted,0.5,1,1,TCATAACCCGGATCGAGTCT,0,5223132
yqjE_yqjK_yqjD_yqjC_predicted,0.5,1,1,TCAGTTGTACGGCGTGTATA,0,5249477
yqjE_yqjK_yqjD_yqjC_predicted,0.5,1,1,TCAGTTCTATCTGTACATTT,0,5208985
yqjE_yqjK_yqjD_yqjC_predicted,0.5,1,1,TCAGTGTTCTTAAGACCGTT,0,5172468
yqjE_yqjK_yqjD_yqjC_predicted,0.5,1,1,TCAGTCGGACATTCTGGCTA,0,5189813
yqjE_yqjK_yqjD_yqjC_predicted,0.5,1,1,TCAGTCAACGGAGTGGGACT,0,5172394
yqjE_yqjK_yqjD_yqjC_predicted,0.5,1,1,TCAGTACCCAGGTGCATTCG,0,5195347
yqjE_yqjK_yqjD_yqjC_predicted,0.5,1,1,TCAGGGGCGTGTGGACGGGA,0,5233597
yqjE_yqjK_yqjD_yqjC_predicted,0.5,1,1,TCAGGACACATACACTTACC,0,5197307
yqjE_yqjK_yqjD_yqjC_predicted,0.5,1,1,TCAGGAACCAGGATAGTGCA,0,5228746
yqjE_yqjK_yqjD_yqjC_predicted,0.5,1,1,TCAGCGGCTAAGCGAACCAT,0,5260265
yqjE_yqjK_yqjD_yqjC_predicted,0.5,1,1,TCAGCGCCTTACATTAATGT,0,5251872
yqjE_yqjK_yqjD_yqjC_predicted,0.5,1,1,TCAGCGCACTCGTAAAAAAC,0,5202579
yqjE_yqjK_yqjD_yqjC_predicted,0.5,1,1,TCAGCCTCCACCTAATCGGG,0,5206600
yqjE_yqjK_yqjD_yqjC_predicted,0.5,1,1,TCAGCCGTGATAAAAATTTG,0,5244716
yqjE_yqjK_yqjD_yqjC_predicted,0.5,1,1,TCAGCCCAAGCCACACATCG,0,5202208
yqjE_yqjK_yqjD_yqjC_predicted,0.5,1,1,TCAGCATGAACGCGTTCAAA,0,5199025
yqjE_yqjK_yqjD_yqjC_predicted,0.5,1,1,TCAGCAATTAAGCCAGCTAC,0,5238464
yqjE_yqjK_yqjD_yqjC_predicted,0.5,1,1,TCAGATTGCTGGACAGGGAA,0,5253560
yqjE_yqjK_yqjD_yqjC_predicted,0.5,1,1,TCAGATCGGATCCAACGTCG,0,5262191
yqjE_yqjK_yqjD_yqjC_predicted,0.5,1,1,TCAGATCATTACTTGGCATA,0,5184694
yqjE_yqjK_yqjD_yqjC_predicted,0.5,1,1,TCAGACTCCTAATACGGTGT,0,5250878
yqjE_yqjK_yqjD_yqjC_predicted,0.5,1,1,TCAGACGTATTCGTGCCGTC,0,5244322
yqjE_yqjK_yqjD_yqjC_predicted,0.5,1,1,TCAGACCAGTAACTTTACGG,0,5195159
yqjE_yqjK_yqjD_yqjC_predicted,0.5,1,1,TCAGACCACCGGCGCAAACC,0,5189760
yqjE_yqjK_yqjD_yqjC_predicted,0.5,1,1,TCACTCCGTGGACATTAGAC,0,5234504
yqjE_yqjK_yqjD_yqjC_predicted,0.5,1,1,TCACTCAATCACTGTAACGG,0,5215639
yqjE_yqjK_yqjD_yqjC_predicted,0.5,1,1,TCACGTGGTTATTGGCCTTA,0,5205489
yqjE_yqjK_yqjD_yqjC_predicted,0.5,1,1,TCACGGGCCTGCATAAATCT,0,5220003
yqjE_yqjK_yqjD_yqjC_predicted,0.5,1,1,TCACGCAAAACGCAAATGAC,0,5191187
yqjE_yqjK_yqjD_yqjC_predicted,0.5,1,1,TCACCTTTCCGTAAGGGAAG,0,5197118
yqjE_yqjK_yqjD_yqjC_predicted,0.5,1,1,TCACCATACCCTCTGTGCGT,0,5232108
yqjE_yqjK_yqjD_yqjC_predicted,0.5,1,1,TCACATGTACAGAGTATTTT,0,5258099
yqjE_yqjK_yqjD_yqjC_predicted,0.5,1,1,TCACAGCTAGCTTAACGAGT,0,5199004
yqjE_yqjK_yqjD_yqjC_predicted,0.5,1,1,TCACAGACCGAACCATCAGG,0,5192953
yqjE_yqjK_yqjD_yqjC_predicted,0.5,1,1,TCACACGCACCAGAACAGTT,0,5179900
yqjE_yqjK_yqjD_yqjC_predicted,0.5,1,1,TCACACAAAGTACGGCGGTT,0,5196384
yqjE_yqjK_yqjD_yqjC_predicted,0.5,1,1,TCAATTGGTTTACTGTCGCG,0,5209128
yqjE_yqjK_yqjD_yqjC_predicted,0.5,1,1,TCAATGTGTGACATGGGACA,0,5251921
yqjE_yqjK_yqjD_yqjC_predicted,0.5,1,1,TCAATAATAGAGTACGCGCA,0,5173912
yqjE_yqjK_yqjD_yqjC_predicted,0.5,1,1,TCAATAAATGGCATCAGCGT,0,5201908
yqjE_yqjK_yqjD_yqjC_predicted,0.5,1,1,TCAAGTTGCATGGGGCACAA,0,5226926
yqjE_yqjK_yqjD_yqjC_predicted,0.5,1,1,TCAAGTGCCGATCAATCGGC,0,5258339
yqjE_yqjK_yqjD_yqjC_predicted,0.5,1,1,TCAAGTACCCTTCGATATCT,0,5222101
yqjE_yqjK_yqjD_yqjC_predicted,0.5,1,1,TCAAGGTACGCCGATTCACA,0,5243518
yqjE_yqjK_yqjD_yqjC_predicted,0.5,1,1,TCAAGGCGTACGTTAAGTCC,0,5249372
yqjE_yqjK_yqjD_yqjC_predicted,0.5,1,1,TCAAGCGTCAAAAGCGGTAA,0,5184585
yqjE_yqjK_yqjD_yqjC_predicted,0.5,1,1,TCAACCGGTCACCGACTTGG,0,5194121
yqjE_yqjK_yqjD_yqjC_predicted,0.5,1,1,TCAACAACACAAGCAGAAGT,0,5216929
yqjE_yqjK_yqjD_yqjC_predicted,0.5,1,1,TCAAATCCCCTTATATCAAT,0,5191413
yqjE_yqjK_yqjD_yqjC_predicted,0.5,1,1,TCAAATAGTCGTTACTCCAT,0,5189839
yqjE_yqjK_yqjD_yqjC_predicted,0.5,1,1,TCAAAGTTGTCTTGGAGTTC,0,5183176
yqjE_yqjK_yqjD_yqjC_predicted,0.5,1,1,TCAAACTACGGCCTAAAAGC,0,5230549
yqjE_yqjK_yqjD_yqjC_predicted,0.5,1,1,TCAAACGTGGCGAATAGTGT,0,5179090
yqjE_yqjK_yqjD_yqjC_predicted,0.5,1,1,TATTTTGTTCTGCCAGGATT,0,5185523
yqjE_yqjK_yqjD_yqjC_predicted,0.5,1,1,TATTTTGGAATTCTCTTGCT,0,5177693
yqjE_yqjK_yqjD_yqjC_predicted,0.5,1,1,TATTTTAGGGTTCACACGGA,0,5177733
yqjE_yqjK_yqjD_yqjC_predicted,0.5,1,1,TATTTGTATCTACTGGCTAT,0,5228987
yqjE_yqjK_yqjD_yqjC_predicted,0.5,1,1,TATTTGTACCTTAGCCAGAC,0,5175590
yqjE_yqjK_yqjD_yqjC_predicted,0.5,1,1,TATTTGGCTTGCGAGTCAGT,0,5220551
yqjE_yqjK_yqjD_yqjC_predicted,0.5,1,1,TATTTGCGCTCAAACATCCA,0,5186273
yqjE_yqjK_yqjD_yqjC_predicted,0.5,1,1,TATTTGCCCCTGAATGCGCA,0,5180191
yqjE_yqjK_yqjD_yqjC_predicted,0.5,1,1,TATTTGAGGGTTAACACACT,0,5202802
yqjE_yqjK_yqjD_yqjC_predicted,0.5,1,1,TATTGTACACTAAGCGAGCG,0,5224178
yqjE_yqjK_yqjD_yqjC_predicted,0.5,1,1,TATTGCGGAATTTTTCTGTT,0,5219394
yqjE_yqjK_yqjD_yqjC_predicted,0.5,1,1,TATTGCATGCGTTATCGGAA,0,5203857
yqjE_yqjK_yqjD_yqjC_predicted,0.5,1,1,TATTCTTCCAAGTACTCCCG,0,5181501
yqjE_yqjK_yqjD_yqjC_predicted,0.5,1,1,TATTCCAGTGCGGGGGCCAG,0,5235482
yqjE_yqjK_yqjD_yqjC_predicted,0.5,1,1,TATTCATGGAATGTCGCTTG,0,5232833
yqjE_yqjK_yqjD_yqjC_predicted,0.5,1,1,TATTCATCGCAGGCTTGATT,0,5215283
yqjE_yqjK_yqjD_yqjC_predicted,0.5,1,1,TATTATCGTTGGGCTAGCTC,0,5195903
yqjE_yqjK_yqjD_yqjC_predicted,0.5,1,1,TATTATAGGTAGGACTATGT,0,5247679
yqjE_yqjK_yqjD_yqjC_predicted,0.5,1,1,TATTACTACTAAAATCAAAG,0,5262977
yqjE_yqjK_yqjD_yqjC_predicted,0.5,1,1,TATTACAAATTGTGTACGAT,0,5246779
yqjE_yqjK_yqjD_yqjC_predicted,0.5,1,1,TATTAAGACCTTACCCGCAT,0,5188665
yqjE_yqjK_yqjD_yqjC_predicted,0.5,1,1,TATTAACTCAGCCGGTACTT,0,5170904
yqjE_yqjK_yqjD_yqjC_predicted,0.5,1,1,TATTAACGCATAACTTGAAA,0,5220853
yqjE_yqjK_yqjD_yqjC_predicted,0.5,1,1,TATGTTCGCCGTGTAGGGGA,0,5194616
yqjE_yqjK_yqjD_yqjC_predicted,0.5,1,1,TATGTCCCGCGACCTTGGGG,0,5202134
yqjE_yqjK_yqjD_yqjC_predicted,0.5,1,1,TATGTATCGTCATACTGTGT,0,5238113
yqjE_yqjK_yqjD_yqjC_predicted,0.5,1,1,TATGTACTTCACATAAGACA,0,5173877
yqjE_yqjK_yqjD_yqjC_predicted,0.5,1,1,TATGTACGGATATCCACTTC,0,5200111
yqjE_yqjK_yqjD_yqjC_predicted,0.5,1,1,TATGTACACCTTACCTTTCT,0,5258387
yqjE_yqjK_yqjD_yqjC_predicted,0.5,1,1,TATGGTTATTCAGGCGTAAG,0,5193709
yqjE_yqjK_yqjD_yqjC_predicted,0.5,1,1,TATGGTCCGGTGGAGTGTGA,0,5220649
yqjE_yqjK_yqjD_yqjC_predicted,0.5,1,1,TATGGCGACACTGAAACTCA,0,5227437
yqjE_yqjK_yqjD_yqjC_predicted,0.5,1,1,TATGGATCTGTCTTGTAGCG,0,5232766
yqjE_yqjK_yqjD_yqjC_predicted,0.5,1,1,TATGGAAAACCGGGCTATGT,0,5188533
yqjE_yqjK_yqjD_yqjC_predicted,0.5,1,1,TATGCTATGTGATCCGGGTC,0,5227309
yqjE_yqjK_yqjD_yqjC_predicted,0.5,1,1,TATGCGGCGCCTAGGGGAGT,0,5208894
yqjE_yqjK_yqjD_yqjC_predicted,0.5,1,1,TATGCCGAGTAGCGCTATAG,0,5252488
yqjE_yqjK_yqjD_yqjC_predicted,0.5,1,1,TATGCCATGTCAATCAGAGT,0,5187297
yqjE_yqjK_yqjD_yqjC_predicted,0.5,1,1,TATGCATCAACGGACAAATC,0,5229823
yqjE_yqjK_yqjD_yqjC_predicted,0.5,1,1,TATGACGTTCACCGGTCCCA,0,5177540
yqjE_yqjK_yqjD_yqjC_predicted,0.5,1,1,TATGACGGGGCATGCGAGAG,0,5235946
yqjE_yqjK_yqjD_yqjC_predicted,0.5,1,1,TATGACGGCCGCAACTATGA,0,5239586
yqjE_yqjK_yqjD_yqjC_predicted,0.5,1,1,TATGAAGTCGGAAATTAGAG,0,5173239
yqjE_yqjK_yqjD_yqjC_predicted,0.5,1,1,TATCTTACATCTCTACACAT,0,5237521
yqjE_yqjK_yqjD_yqjC_predicted,0.5,1,1,TATCTCATAGCCAACTCGTT,0,5182528
yqjE_yqjK_yqjD_yqjC_predicted,0.5,1,1,TATCGGATGCTTGTACATCA,0,5222709
yqjE_yqjK_yqjD_yqjC_predicted,0.5,1,1,TATCGCGTTGTGTTGTTCTC,0,5247871
yqjE_yqjK_yqjD_yqjC_predicted,0.5,1,1,TATCGATAGATCAAGGTAGC,0,5208216
yqjE_yqjK_yqjD_yqjC_predicted,0.5,1,1,TATCGAGTACCTGTCTATTC,0,5180291
yqjE_yqjK_yqjD_yqjC_predicted,0.5,1,1,TATCGACGTCGGTGTTCAGG,0,5225197
yqjE_yqjK_yqjD_yqjC_predicted,0.5,1,1,TATCGAACGGCATCCTAATT,0,5226653
yqjE_yqjK_yqjD_yqjC_predicted,0.5,1,1,TATCCGCGTCCGGAGGCATT,0,5259791
yqjE_yqjK_yqjD_yqjC_predicted,0.5,1,1,TATCCCGTTTGTCTGACGGG,0,5198331
yqjE_yqjK_yqjD_yqjC_predicted,0.5,1,1,TATCCAGAGCGATACAAGAA,0,5227339
yqjE_yqjK_yqjD_yqjC_predicted,0.5,1,1,TATCAGACGAATCCGCTGTT,0,5179997
yqjE_yqjK_yqjD_yqjC_predicted,0.5,1,1,TATCAAAAAAGTGTGAGATT,0,5249460
yqjE_yqjK_yqjD_yqjC_predicted,0.5,1,1,TATATTCGCTTTCTATCTCG,0,5171092
yqjE_yqjK_yqjD_yqjC_predicted,0.5,1,1,TATATAACCCGTGTCAAGGT,0,5241956
yqjE_yqjK_yqjD_yqjC_predicted,0.5,1,1,TATAGGGCCAGCGTTACTAC,0,5217731
yqjE_yqjK_yqjD_yqjC_predicted,0.5,1,1,TATACTTATCAGGGCAGAAA,0,5182475
yqjE_yqjK_yqjD_yqjC_predicted,0.5,1,1,TATAACAATCCCTGTATATT,0,5202211
yqjE_yqjK_yqjD_yqjC_predicted,0.5,1,1,TAGTTTGACGCAAATAGATT,0,5189233
yqjE_yqjK_yqjD_yqjC_predicted,0.5,1,1,TAGTTTACATTCGTGGGGGT,0,5244761
yqjE_yqjK_yqjD_yqjC_predicted,0.5,1,1,TAGTGGGCGCAGAAGTATGG,0,5218817
yqjE_yqjK_yqjD_yqjC_predicted,0.5,1,1,TAGTGACCCCCGAAAAGATT,0,5234927
yqjE_yqjK_yqjD_yqjC_predicted,0.5,1,1,TAGTAAATCACCTCGCTTCG,0,5242252
yqjE_yqjK_yqjD_yqjC_predicted,0.5,1,1,TAGGTGTCGCAAACGCACTT,0,5254187
yqjE_yqjK_yqjD_yqjC_predicted,0.5,1,1,TAGGTGTCACCGTACGACTA,0,5178568
yqjE_yqjK_yqjD_yqjC_predicted,0.5,1,1,TAGGTGGAGGCCGACCGACG,0,5235418
yqjE_yqjK_yqjD_yqjC_predicted,0.5,1,1,TAGGTAGTACCAAAAGTTAA,0,5213812
yqjE_yqjK_yqjD_yqjC_predicted,0.5,1,1,TAGGGTTGCATTGTCCTACG,0,5237127
yqjE_yqjK_yqjD_yqjC_predicted,0.5,1,1,TAGGGTTATTTATAGGTTGC,0,5188656
yqjE_yqjK_yqjD_yqjC_predicted,0.5,1,1,TAGGGTGGGTAAATCAGCAG,0,5215651
yqjE_yqjK_yqjD_yqjC_predicted,0.5,1,1,TAGGGTGGCTGTGCAGACCT,0,5217387
yqjE_yqjK_yqjD_yqjC_predicted,0.5,1,1,TAGGGTGACAACTTCGCAGC,0,5222699
yqjE_yqjK_yqjD_yqjC_predicted,0.5,1,1,TAGGGTCGGACGGTTGGTGA,0,5206089
yqjE_yqjK_yqjD_yqjC_predicted,0.5,1,1,TAGGGTCATCAGCTCGCCAG,0,5170872
yqjE_yqjK_yqjD_yqjC_predicted,0.5,1,1,TAGGGACAACTTCTGCTAAA,0,5192008
yqjE_yqjK_yqjD_yqjC_predicted,0.5,1,1,TAGGGAAGTTGGTTGAGTGT,0,5182839
yqjE_yqjK_yqjD_yqjC_predicted,0.5,1,1,TAGGCTTAATTGATGAGACT,0,5222926
yqjE_yqjK_yqjD_yqjC_predicted,0.5,1,1,TAGGCGTGTTTCTACAGGGG,0,5223284
yqjE_yqjK_yqjD_yqjC_predicted,0.5,1,1,TAGGCAAAATGATGGGACGT,0,5237248
yqjE_yqjK_yqjD_yqjC_predicted,0.5,1,1,TAGGATTCGGTGGGCTATTT,0,5210051
yqjE_yqjK_yqjD_yqjC_predicted,0.5,1,1,TAGGATATTGGCGGTGGTTA,0,5210098
yqjE_yqjK_yqjD_yqjC_predicted,0.5,1,1,TAGGATAAACGTCGACCGCG,0,5193891
yqjE_yqjK_yqjD_yqjC_predicted,0.5,1,1,TAGCTTATCAACGGTTGTGA,0,5246699
yqjE_yqjK_yqjD_yqjC_predicted,0.5,1,1,TAGCTTACACCGCTGGTAGA,0,5174224
yqjE_yqjK_yqjD_yqjC_predicted,0.5,1,1,TAGCTGTGTTAAGAAAGTGG,0,5217420
yqjE_yqjK_yqjD_yqjC_predicted,0.5,1,1,TAGCTACGTAATTTATTAAT,0,5171764
yqjE_yqjK_yqjD_yqjC_predicted,0.5,1,1,TAGCGTTTTCGGCCTCGCGC,0,5184634
yqjE_yqjK_yqjD_yqjC_predicted,0.5,1,1,TAGCGTTCGAAGGGATTAGG,0,5189217
yqjE_yqjK_yqjD_yqjC_predicted,0.5,1,1,TAGCGTGCGCTAAACTTAAA,0,5191714
yqjE_yqjK_yqjD_yqjC_predicted,0.5,1,1,TAGCGGTCTGATGTGGAGGA,0,5194047
yqjE_yqjK_yqjD_yqjC_predicted,0.5,1,1,TAGCGAGGATTAGCCGATAC,0,5207024
yqjE_yqjK_yqjD_yqjC_predicted,0.5,1,1,TAGCCCGTTCACGTCGCCTT,0,5211813
yqjE_yqjK_yqjD_yqjC_predicted,0.5,1,1,TAGCATCACGGAGCTTGACA,0,5220933
yqjE_yqjK_yqjD_yqjC_predicted,0.5,1,1,TAGCACTGTCCTGTTGTAAT,0,5238679
yqjE_yqjK_yqjD_yqjC_predicted,0.5,1,1,TAGCAAGATTATAGTATTAA,0,5209596
yqjE_yqjK_yqjD_yqjC_predicted,0.5,1,1,TAGATTTATCAACAATCCCA,0,5229972
yqjE_yqjK_yqjD_yqjC_predicted,0.5,1,1,TAGATTCGTCAATTAATGCA,0,5257106
yqjE_yqjK_yqjD_yqjC_predicted,0.5,1,1,TAGATGTTTGTCTGCTGGAT,0,5221519
yqjE_yqjK_yqjD_yqjC_predicted,0.5,1,1,TAGATCCTGTATAAACCCCA,0,5181923
yqjE_yqjK_yqjD_yqjC_predicted,0.5,1,1,TAGAGTGTTCGAGGCCCAAA,0,5199001
yqjE_yqjK_yqjD_yqjC_predicted,0.5,1,1,TAGAGTGTTATCAATGGTAC,0,5219588
yqjE_yqjK_yqjD_yqjC_predicted,0.5,1,1,TAGAGTAGTTCCGGCGTTAT,0,5189835
yqjE_yqjK_yqjD_yqjC_predicted,0.5,1,1,TAGAGCTATACATCAACCGG,0,5242433
yqjE_yqjK_yqjD_yqjC_predicted,0.5,1,1,TAGAGCCAGAACCTTTGCGC,0,5257782
yqjE_yqjK_yqjD_yqjC_predicted,0.5,1,1,TAGAGCATCACTTTACTGGA,0,5214136
yqjE_yqjK_yqjD_yqjC_predicted,0.5,1,1,TAGAGCACATCGGTATAATG,0,5201845
yqjE_yqjK_yqjD_yqjC_predicted,0.5,1,1,TAGAGAATGGTTGGTAGTTA,0,5260008
yqjE_yqjK_yqjD_yqjC_predicted,0.5,1,1,TAGACTCGTAAAGTCCCACC,0,5178597
yqjE_yqjK_yqjD_yqjC_predicted,0.5,1,1,TAGACGCTAAAAGAGCGCTC,0,5238868
yqjE_yqjK_yqjD_yqjC_predicted,0.5,1,1,TAGACATGTTGCTTTTACTG,0,5213463
yqjE_yqjK_yqjD_yqjC_predicted,0.5,1,1,TAGACACGATACACTATGAT,0,5175113
yqjE_yqjK_yqjD_yqjC_predicted,0.5,1,1,TAGACAAGTTCAGGTTTTCA,0,5249308
yqjE_yqjK_yqjD_yqjC_predicted,0.5,1,1,TAGACAAGGTGTTCTGCCAA,0,5214540
yqjE_yqjK_yqjD_yqjC_predicted,0.5,1,1,TAGAATCATTTGCTTATGAA,0,5171330
yqjE_yqjK_yqjD_yqjC_predicted,0.5,1,1,TAGAAAAACCTATTCCTGGC,0,5253797
yqjE_yqjK_yqjD_yqjC_predicted,0.5,1,1,TACTTTTATTTGAAATGGTC,0,5178071
yqjE_yqjK_yqjD_yqjC_predicted,0.5,1,1,TACTTTGGTCTCAAACTATT,0,5188719
yqjE_yqjK_yqjD_yqjC_predicted,0.5,1,1,TACTTGCACCGTCTCGAGAT,0,5181434
yqjE_yqjK_yqjD_yqjC_predicted,0.5,1,1,TACTGGTGCCCGATAGGCGT,0,5179382
yqjE_yqjK_yqjD_yqjC_predicted,0.5,1,1,TACTGGCACACTCGGGCATT,0,5232714
yqjE_yqjK_yqjD_yqjC_predicted,0.5,1,1,TACTGAATGGTTAGTGCCTG,0,5221737
yqjE_yqjK_yqjD_yqjC_predicted,0.5,1,1,TACTCTCCGGCGGAGTAAAT,0,5211286
yqjE_yqjK_yqjD_yqjC_predicted,0.5,1,1,TACTCGTCCCAAGCTGGATC,0,5247348
yqjE_yqjK_yqjD_yqjC_predicted,0.5,1,1,TACTCGGTCTGGTCATTGGT,0,5244334
yqjE_yqjK_yqjD_yqjC_predicted,0.5,1,1,TACTCGGCATGACGTCACCA,0,5224181
yqjE_yqjK_yqjD_yqjC_predicted,0.5,1,1,TACTCGGAGCTTCCTCCACT,0,5223000
yqjE_yqjK_yqjD_yqjC_predicted,0.5,1,1,TACTCGCGCCGTTTTTTGCG,0,5249398
yqjE_yqjK_yqjD_yqjC_predicted,0.5,1,1,TACTCCTACTGACGGCAGTG,0,5172009
yqjE_yqjK_yqjD_yqjC_predicted,0.5,1,1,TACTCATCGCGGTTAATAAT,0,5255352
yqjE_yqjK_yqjD_yqjC_predicted,0.5,1,1,TACTCACACTCCGATTTCGA,0,5215193
yqjE_yqjK_yqjD_yqjC_predicted,0.5,1,1,TACTACTGTGGTTCATATTA,0,5197540
yqjE_yqjK_yqjD_yqjC_predicted,0.5,1,1,TACTAATAGTATGCCATCTA,0,5236185
yqjE_yqjK_yqjD_yqjC_predicted,0.5,1,1,TACGTGGCCGACATCGGGTT,0,5261299
yqjE_yqjK_yqjD_yqjC_predicted,0.5,1,1,TACGTCGGGTCGAAAGAAGT,0,5257981
yqjE_yqjK_yqjD_yqjC_predicted,0.5,1,1,TACGTCGCGCTAATCACCGT,0,5244610
yqjE_yqjK_yqjD_yqjC_predicted,0.5,1,1,TACGTCCCGTTTGGACTTAA,0,5208923
yqjE_yqjK_yqjD_yqjC_predicted,0.5,1,1,TACGTAGCGCGTAATCTTCG,0,5184288
yqjE_yqjK_yqjD_yqjC_predicted,0.5,1,1,TACGGTCGGAAGTCTGGTCT,0,5171907
yqjE_yqjK_yqjD_yqjC_predicted,0.5,1,1,TACGGGGATGTTTTCATATC,0,5243186
yqjE_yqjK_yqjD_yqjC_predicted,0.5,1,1,TACGGCTTCCTTCTTATTGG,0,5195122
yqjE_yqjK_yqjD_yqjC_predicted,0.5,1,1,TACGGCGATGGTGCGCCCAA,0,5249902
yqjE_yqjK_yqjD_yqjC_predicted,0.5,1,1,TACGCTTCTCGTGGACCGCC,0,5237309
yqjE_yqjK_yqjD_yqjC_predicted,0.5,1,1,TACGCTGTACTTCCTGCCAA,0,5251137
yqjE_yqjK_yqjD_yqjC_predicted,0.5,1,1,TACGCGGTTTCGTTCCAAAT,0,5213118
yqjE_yqjK_yqjD_yqjC_predicted,0.5,1,1,TACGCCAACCGCTGGGTGAC,0,5222169
yqjE_yqjK_yqjD_yqjC_predicted,0.5,1,1,TACGATTGGGATCCGCGAGA,0,5262040
yqjE_yqjK_yqjD_yqjC_predicted,0.5,1,1,TACGATCTCTTAATTACAAC,0,5207011
yqjE_yqjK_yqjD_yqjC_predicted,0.5,1,1,TACGACAGGATTAATAGATT,0,5231508
yqjE_yqjK_yqjD_yqjC_predicted,0.5,1,1,TACGAATTGGGTAGCCAAGT,0,5252458
yqjE_yqjK_yqjD_yqjC_predicted,0.5,1,1,TACGAAGAAGTAGAGAGGGC,0,5259630
yqjE_yqjK_yqjD_yqjC_predicted,0.5,1,1,TACGAACGAACGCGATTGAC,0,5201519
yqjE_yqjK_yqjD_yqjC_predicted,0.5,1,1,TACGAACCATTCGGCAGCGG,0,5233193
yqjE_yqjK_yqjD_yqjC_predicted,0.5,1,1,TACCTGCAAGATTAACATGA,0,5171145
yqjE_yqjK_yqjD_yqjC_predicted,0.5,1,1,TACCTCATCCGACGATAGAG,0,5238667
yqjE_yqjK_yqjD_yqjC_predicted,0.5,1,1,TACCTCAGGTCAGGTTGCGA,0,5262475
yqjE_yqjK_yqjD_yqjC_predicted,0.5,1,1,TACCTATCAATTTGCAGCAG,0,5208841
yqjE_yqjK_yqjD_yqjC_predicted,0.5,1,1,TACCTATCAAGGATCTGCGT,0,5171571
yqjE_yqjK_yqjD_yqjC_predicted,0.5,1,1,TACCTAGGCAGCTATTCATA,0,5192557
yqjE_yqjK_yqjD_yqjC_predicted,0.5,1,1,TACCGGGTAAGGTTCGCTCA,0,5196190
yqjE_yqjK_yqjD_yqjC_predicted,0.5,1,1,TACCCTTCGCAGATTGGACC,0,5198046
yqjE_yqjK_yqjD_yqjC_predicted,0.5,1,1,TACCCGTTTCCGTGGGGCAG,0,5221151
yqjE_yqjK_yqjD_yqjC_predicted,0.5,1,1,TACCATGGCCGATCCTTAAG,0,5212320
yqjE_yqjK_yqjD_yqjC_predicted,0.5,1,1,TACCAGCGCCGGCCCGAGCA,0,5182833
yqjE_yqjK_yqjD_yqjC_predicted,0.5,1,1,TACCAATCACGAGTATATGG,0,5259004
yqjE_yqjK_yqjD_yqjC_predicted,0.5,1,1,TACATTCCGTCACTTCCCAG,0,5206856
yqjE_yqjK_yqjD_yqjC_predicted,0.5,1,1,TACATTACTTGGCTTCATTT,0,5200210
yqjE_yqjK_yqjD_yqjC_predicted,0.5,1,1,TACATGTAAATCCTGCCCGT,0,5243810
yqjE_yqjK_yqjD_yqjC_predicted,0.5,1,1,TACATCTTGGCTAAAGGCTA,0,5208310
yqjE_yqjK_yqjD_yqjC_predicted,0.5,1,1,TACATCAGCTCTACTGACGA,0,5258044
yqjE_yqjK_yqjD_yqjC_predicted,0.5,1,1,TACAGTGGTGTAACACGTCC,0,5246219
yqjE_yqjK_yqjD_yqjC_predicted,0.5,1,1,TACAGGGCCTCTAGTTCCAA,0,5183551
yqjE_yqjK_yqjD_yqjC_predicted,0.5,1,1,TACAGCGCACAACGGTCGGA,0,5180538
yqjE_yqjK_yqjD_yqjC_predicted,0.5,1,1,TACAGCACCGCGTTAGGTAG,0,5237300
yqjE_yqjK_yqjD_yqjC_predicted,0.5,1,1,TACACGATAGAAAGCGTTAC,0,5231556
yqjE_yqjK_yqjD_yqjC_predicted,0.5,1,1,TACACCAATCCGGGTAACCT,0,5193826
yqjE_yqjK_yqjD_yqjC_predicted,0.5,1,1,TACAATATGGGTCAATTCGA,0,5239531
yqjE_yqjK_yqjD_yqjC_predicted,0.5,1,1,TACAAGGTCCGTCGAGAGAA,0,5194208
yqjE_yqjK_yqjD_yqjC_predicted,0.5,1,1,TACAACTCACCATTTTTATG,0,5250739
yqjE_yqjK_yqjD_yqjC_predicted,0.5,1,1,TACAACCCGCATGGCTTGAG,0,5203786
yqjE_yqjK_yqjD_yqjC_predicted,0.5,1,1,TAATTTTGGCAGAACAACGC,0,5212837
yqjE_yqjK_yqjD_yqjC_predicted,0.5,1,1,TAATTATTCGCTGTCTGGTA,0,5243559
yqjE_yqjK_yqjD_yqjC_predicted,0.5,1,1,TAATTAGTGCGAGGGAGGCA,0,5208551
yqjE_yqjK_yqjD_yqjC_predicted,0.5,1,1,TAATGGTACTTGCCAATAGA,0,5183190
yqjE_yqjK_yqjD_yqjC_predicted,0.5,1,1,TAATGGGTATAGAACTGTTA,0,5214482
yqjE_yqjK_yqjD_yqjC_predicted,0.5,1,1,TAATGAATTTCCATTGGTCA,0,5175646
yqjE_yqjK_yqjD_yqjC_predicted,0.5,1,1,TAATCTTCCACATACGCTGC,0,5238672
yqjE_yqjK_yqjD_yqjC_predicted,0.5,1,1,TAATCCTGGGGCTCGATGTA,0,5197050
yqjE_yqjK_yqjD_yqjC_predicted,0.5,1,1,TAATCAAGTTGCGCTCCATA,0,5209081
yqjE_yqjK_yqjD_yqjC_predicted,0.5,1,1,TAATCAAATATTAGTGCCAA,0,5174757
yqjE_yqjK_yqjD_yqjC_predicted,0.5,1,1,TAATATGATAAGCTCTAAGC,0,5251449
yqjE_yqjK_yqjD_yqjC_predicted,0.5,1,1,TAATAGTTCTAAAATGCTCC,0,5217099
yqjE_yqjK_yqjD_yqjC_predicted,0.5,1,1,TAATAGTGCAATTGGATCTC,0,5198883
yqjE_yqjK_yqjD_yqjC_predicted,0.5,1,1,TAATAGGATATCGGTGTGTT,0,5199449
yqjE_yqjK_yqjD_yqjC_predicted,0.5,1,1,TAATACTGTTTTCGACGCGG,0,5213918
yqjE_yqjK_yqjD_yqjC_predicted,0.5,1,1,TAATAATCCAGCGACGGAAG,0,5252584
yqjE_yqjK_yqjD_yqjC_predicted,0.5,1,1,TAATAAGGGGGTCTAGGATA,0,5202804
yqjE_yqjK_yqjD_yqjC_predicted,0.5,1,1,TAATAAGCTGAAATTATCAC,0,5209616
yqjE_yqjK_yqjD_yqjC_predicted,0.5,1,1,TAAGTCCACAGGTCTCGGGC,0,5200160
yqjE_yqjK_yqjD_yqjC_predicted,0.5,1,1,TAAGTCAAAGCCCGCCAAAT,0,5255213
yqjE_yqjK_yqjD_yqjC_predicted,0.5,1,1,TAAGTAGAATGAGGGCACTA,0,5248048
yqjE_yqjK_yqjD_yqjC_predicted,0.5,1,1,TAAGGGGGTGGTTGTTAATA,0,5186285
yqjE_yqjK_yqjD_yqjC_predicted,0.5,1,1,TAAGGGACACCCGCTCACAA,0,5248009
yqjE_yqjK_yqjD_yqjC_predicted,0.5,1,1,TAAGCGTTTGCGGTACGCCT,0,5221166
yqjE_yqjK_yqjD_yqjC_predicted,0.5,1,1,TAAGCCCCGTCAATGTATTA,0,5216531
yqjE_yqjK_yqjD_yqjC_predicted,0.5,1,1,TAAGATCCTTCTTATTAGAT,0,5185735
yqjE_yqjK_yqjD_yqjC_predicted,0.5,1,1,TAAGATACTCGCGGATTAAT,0,5232799
yqjE_yqjK_yqjD_yqjC_predicted,0.5,1,1,TAAGACAATCGGTCACCAAT,0,5229951
yqjE_yqjK_yqjD_yqjC_predicted,0.5,1,1,TAAGAATTTTCAGCTTTCAT,0,5183282
yqjE_yqjK_yqjD_yqjC_predicted,0.5,1,1,TAACTCGCGCTTTGCGTAGA,0,5244575
yqjE_yqjK_yqjD_yqjC_predicted,0.5,1,1,TAACTATCACTGCCATGATT,0,5199597
yqjE_yqjK_yqjD_yqjC_predicted,0.5,1,1,TAACTAGGATAAGATAGTTC,0,5203784
yqjE_yqjK_yqjD_yqjC_predicted,0.5,1,1,TAACTACTGCGAATTCTTTG,0,5189532
yqjE_yqjK_yqjD_yqjC_predicted,0.5,1,1,TAACGTCACTGTAGCAGGCT,0,5228422
yqjE_yqjK_yqjD_yqjC_predicted,0.5,1,1,TAACGGGAGTTCTGCGCCAT,0,5185103
yqjE_yqjK_yqjD_yqjC_predicted,0.5,1,1,TAACGGGACTGTGGTGCTTA,0,5251141
yqjE_yqjK_yqjD_yqjC_predicted,0.5,1,1,TAACCGTTTGTATAGATGAA,0,5258493
yqjE_yqjK_yqjD_yqjC_predicted,0.5,1,1,TAACCGCCGCCTGGGCTTAT,0,5185120
yqjE_yqjK_yqjD_yqjC_predicted,0.5,1,1,TAACCACGGCTGCAATGCGA,0,5177851
yqjE_yqjK_yqjD_yqjC_predicted,0.5,1,1,TAACATTTACCGATGTATCC,0,5248835
yqjE_yqjK_yqjD_yqjC_predicted,0.5,1,1,TAACACGTTTCTCTCTCACA,0,5217344
yqjE_yqjK_yqjD_yqjC_predicted,0.5,1,1,TAACAAACTCCACCCGTAGT,0,5190062
yqjE_yqjK_yqjD_yqjC_predicted,0.5,1,1,TAAATCCCATCAGGCCCTAC,0,5247799
yqjE_yqjK_yqjD_yqjC_predicted,0.5,1,1,TAAATCCAGAAGCGAGACAC,0,5257425
yqjE_yqjK_yqjD_yqjC_predicted,0.5,1,1,TAAATAATAATTTGAATTGC,0,5226754
yqjE_yqjK_yqjD_yqjC_predicted,0.5,1,1,TAAATAAGAGGGAAACGGTG,0,5228274
yqjE_yqjK_yqjD_yqjC_predicted,0.5,1,1,TAAAGGCACTTATCCTAGCG,0,5176600
yqjE_yqjK_yqjD_yqjC_predicted,0.5,1,1,TAAAGCCAAGGGGGACTTGG,0,5251451
yqjE_yqjK_yqjD_yqjC_predicted,0.5,1,1,TAAAGACTCCTGGTTGAGCG,0,5206875
yqjE_yqjK_yqjD_yqjC_predicted,0.5,1,1,TAAACTGCCGAGACGCGGAG,0,5248641
yqjE_yqjK_yqjD_yqjC_predicted,0.5,1,1,TAAACGCTCCCATCCTCGAT,0,5250315
yqjE_yqjK_yqjD_yqjC_predicted,0.5,1,1,TAAACCTGGCACGATACAGG,0,5178227
yqjE_yqjK_yqjD_yqjC_predicted,0.5,1,1,TAAACCCATTTATCGCAATA,0,5206268
yqjE_yqjK_yqjD_yqjC_predicted,0.5,1,1,TAAACAACGTTAGGGCAGTC,0,5197937
yqjE_yqjK_yqjD_yqjC_predicted,0.5,1,1,TAAACAAATCCACAGGGCTG,0,5204602
yqjE_yqjK_yqjD_yqjC_predicted,0.5,1,1,TAAAATTAGATTAATAAGAC,0,5225777
yqjE_yqjK_yqjD_yqjC_predicted,0.5,1,1,TAAAACTCAGCATCCGAGGG,0,5255443
yqjE_yqjK_yqjD_yqjC_predicted,0.5,1,1,TAAAACCGGCAGGGTACTAT,0,5193093
yqjE_yqjK_yqjD_yqjC_predicted,0.5,1,1,TAAAAATAACAAACGATATA,0,5219229
yqjE_yqjK_yqjD_yqjC_predicted,0.5,1,1,GTTTTTACCGTAATAGAGCT,0,5261864
yqjE_yqjK_yqjD_yqjC_predicted,0.5,1,1,GTTTTGCTGTAATATGACGC,0,5207958
yqjE_yqjK_yqjD_yqjC_predicted,0.5,1,1,GTTTTGCTGGACGTCATCTT,0,5193296
yqjE_yqjK_yqjD_yqjC_predicted,0.5,1,1,GTTTTGAAACGCCCTATAAG,0,5219223
yqjE_yqjK_yqjD_yqjC_predicted,0.5,1,1,GTTTTATCACAATTACTTAG,0,5220327
yqjE_yqjK_yqjD_yqjC_predicted,0.5,1,1,GTTTTACTGCTCCGCGGCAG,0,5185330
yqjE_yqjK_yqjD_yqjC_predicted,0.5,1,1,GTTTTACGTACTGGAAATCC,0,5245390
yqjE_yqjK_yqjD_yqjC_predicted,0.5,1,1,GTTTTAAGAGCCTTTGGTCT,0,5253160
yqjE_yqjK_yqjD_yqjC_predicted,0.5,1,1,GTTTGTATGACAGCGCATGT,0,5194525
yqjE_yqjK_yqjD_yqjC_predicted,0.5,1,1,GTTTGTACATGAAATATAGC,0,5257932
yqjE_yqjK_yqjD_yqjC_predicted,0.5,1,1,GTTTGGCAGCAGCACCGGTG,0,5229599
yqjE_yqjK_yqjD_yqjC_predicted,0.5,1,1,GTTTGCTTCTAGATTCGCCG,0,5190262
yqjE_yqjK_yqjD_yqjC_predicted,0.5,1,1,GTTTGCCCCTATCCTGATCA,0,5172360
yqjE_yqjK_yqjD_yqjC_predicted,0.5,1,1,GTTTCGTGCGAACGGAGTTG,0,5180085
yqjE_yqjK_yqjD_yqjC_predicted,0.5,1,1,GTTTCGTAGCTGTGGCACCA,0,5217506
yqjE_yqjK_yqjD_yqjC_predicted,0.5,1,1,GTTTCGATTTGGCACGTAGA,0,5194153
yqjE_yqjK_yqjD_yqjC_predicted,0.5,1,1,GTTTCCGTTCTGCATTTGGT,0,5213583
yqjE_yqjK_yqjD_yqjC_predicted,0.5,1,1,GTTTCAACTTAACTCTCTGG,0,5229777
yqjE_yqjK_yqjD_yqjC_predicted,0.5,1,1,GTTTAGGGAGGAGCGGTTCA,0,5253968
yqjE_yqjK_yqjD_yqjC_predicted,0.5,1,1,GTTTAGGAAAAGCGCGTTAG,0,5185119
yqjE_yqjK_yqjD_yqjC_predicted,0.5,1,1,GTTTACCGACGTTCCCATCC,0,5222934
yqjE_yqjK_yqjD_yqjC_predicted,0.5,1,1,GTTTACCCGTGGAGGAATCC,0,5242992
yqjE_yqjK_yqjD_yqjC_predicted,0.5,1,1,GTTGTGTCTCCTCCTTGGTT,0,5247444
yqjE_yqjK_yqjD_yqjC_predicted,0.5,1,1,GTTGTCGATGACAGCTGCCT,0,5201106
yqjE_yqjK_yqjD_yqjC_predicted,0.5,1,1,GTTGTCCTGGGCCGGATGGT,0,5201306
yqjE_yqjK_yqjD_yqjC_predicted,0.5,1,1,GTTGTCAAGTGCTGGGGGTA,0,5202691
yqjE_yqjK_yqjD_yqjC_predicted,0.5,1,1,GTTGTCAACTTTGTTCGCGC,0,5182764
yqjE_yqjK_yqjD_yqjC_predicted,0.5,1,1,GTTGTAGACGGACGCAGTGT,0,5239382
yqjE_yqjK_yqjD_yqjC_predicted,0.5,1,1,GTTGGTAATCTGAGGCTACG,0,5226927
yqjE_yqjK_yqjD_yqjC_predicted,0.5,1,1,GTTGGGAAGGATCAATATGA,0,5254080
yqjE_yqjK_yqjD_yqjC_predicted,0.5,1,1,GTTGGCTCGAACGTTGGCTA,0,5225751
yqjE_yqjK_yqjD_yqjC_predicted,0.5,1,1,GTTGCGTGTAGAACCGTCAA,0,5224199
yqjE_yqjK_yqjD_yqjC_predicted,0.5,1,1,GTTGCCTTCATTAGATTCTC,0,5187668
yqjE_yqjK_yqjD_yqjC_predicted,0.5,1,1,GTTGATTTGGCGTCTAGTTT,0,5259131
yqjE_yqjK_yqjD_yqjC_predicted,0.5,1,1,GTTGACTTAAAGTGTTATTA,0,5188680
yqjE_yqjK_yqjD_yqjC_predicted,0.5,1,1,GTTGACGTGTACGTCGGACC,0,5243410
yqjE_yqjK_yqjD_yqjC_predicted,0.5,1,1,GTTCTTTTACCCCCACGCTT,0,5187085
yqjE_yqjK_yqjD_yqjC_predicted,0.5,1,1,GTTCTGCGTATCGCTGGGGG,0,5226921
yqjE_yqjK_yqjD_yqjC_predicted,0.5,1,1,GTTCTGAGCCAAGGCATCTA,0,5194727
yqjE_yqjK_yqjD_yqjC_predicted,0.5,1,1,GTTCTATATTAAGGTAGAAG,0,5182401
yqjE_yqjK_yqjD_yqjC_predicted,0.5,1,1,GTTCTAGGCCAAGATGCTTC,0,5241964
yqjE_yqjK_yqjD_yqjC_predicted,0.5,1,1,GTTCTAAATGTGAACTTACC,0,5245368
yqjE_yqjK_yqjD_yqjC_predicted,0.5,1,1,GTTCGGGTTCTATTGACCTA,0,5254346
yqjE_yqjK_yqjD_yqjC_predicted,0.5,1,1,GTTCCAGTTCAACGGCGATC,0,5208943
yqjE_yqjK_yqjD_yqjC_predicted,0.5,1,1,GTTCCAGCCGTAACTAGCCA,0,5240851
yqjE_yqjK_yqjD_yqjC_predicted,0.5,1,1,GTTCAGTGACCACTTAAGCT,0,5190052
yqjE_yqjK_yqjD_yqjC_predicted,0.5,1,1,GTTCAGCTTTACGGCTTTGG,0,5210859
yqjE_yqjK_yqjD_yqjC_predicted,0.5,1,1,GTTCACAAACTCTGTCTTGC,0,5179170
yqjE_yqjK_yqjD_yqjC_predicted,0.5,1,1,GTTCAATACGAATATAAGAT,0,5247656
yqjE_yqjK_yqjD_yqjC_predicted,0.5,1,1,GTTCAACTCACTTAGTTATA,0,5247900
yqjE_yqjK_yqjD_yqjC_predicted,0.5,1,1,GTTCAACCTAGGGTCAGGCC,0,5173067
yqjE_yqjK_yqjD_yqjC_predicted,0.5,1,1,GTTATTTGTGTCCTGCGATT,0,5173790
yqjE_yqjK_yqjD_yqjC_predicted,0.5,1,1,GTTATTTGGCATTGACAGGC,0,5178277
yqjE_yqjK_yqjD_yqjC_predicted,0.5,1,1,GTTATCCGGGCATTTTGTAC,0,5250221
yqjE_yqjK_yqjD_yqjC_predicted,0.5,1,1,GTTATACCCGGGCTGGTAGA,0,5251172
yqjE_yqjK_yqjD_yqjC_predicted,0.5,1,1,GTTAGGTCGCATACATACCA,0,5214189
yqjE_yqjK_yqjD_yqjC_predicted,0.5,1,1,GTTAGGGGCAGCCCAGTACC,0,5199240
yqjE_yqjK_yqjD_yqjC_predicted,0.5,1,1,GTTAGGCCGCAATTCCTGTC,0,5172256
yqjE_yqjK_yqjD_yqjC_predicted,0.5,1,1,GTTAGGATATAATGAGATTC,0,5235823
yqjE_yqjK_yqjD_yqjC_predicted,0.5,1,1,GTTAGCCGGTCGCTTAACTA,0,5262995
yqjE_yqjK_yqjD_yqjC_predicted,0.5,1,1,GTTAGCATTTGTATTACACC,0,5221930
yqjE_yqjK_yqjD_yqjC_predicted,0.5,1,1,GTTACGACAACTCGGCAAAC,0,5179467
yqjE_yqjK_yqjD_yqjC_predicted,0.5,1,1,GTTACCGGGTACTAAGTGAC,0,5194196
yqjE_yqjK_yqjD_yqjC_predicted,0.5,1,1,GTTAATCATAGCAGCTTACG,0,5193713
yqjE_yqjK_yqjD_yqjC_predicted,0.5,1,1,GTTAATCAACGATGTTATGC,0,5200101
yqjE_yqjK_yqjD_yqjC_predicted,0.5,1,1,GTTAAGTATTGAGCGGGGTG,0,5240584
yqjE_yqjK_yqjD_yqjC_predicted,0.5,1,1,GTGTTGTTTTGTAATGAAGG,0,5214180
yqjE_yqjK_yqjD_yqjC_predicted,0.5,1,1,GTGTTGTCTATCCGTCTGGG,0,5175560
yqjE_yqjK_yqjD_yqjC_predicted,0.5,1,1,GTGTTGGTAACCAAACACAG,0,5257240
yqjE_yqjK_yqjD_yqjC_predicted,0.5,1,1,GTGTTATTAAGCGGAGACGT,0,5173072
yqjE_yqjK_yqjD_yqjC_predicted,0.5,1,1,GTGTGTACGTTCAAATGCAG,0,5255418
yqjE_yqjK_yqjD_yqjC_predicted,0.5,1,1,GTGTGTAAGTTTGTCCAATA,0,5241259
yqjE_yqjK_yqjD_yqjC_predicted,0.5,1,1,GTGTGGGGTTCGGTTGGGAT,0,5242482
yqjE_yqjK_yqjD_yqjC_predicted,0.5,1,1,GTGTGCCTTGTATTGCTGCA,0,5232354
yqjE_yqjK_yqjD_yqjC_predicted,0.5,1,1,GTGTGATCCCAGTAAAGGCG,0,5243931
yqjE_yqjK_yqjD_yqjC_predicted,0.5,1,1,GTGTGATCCAAATAGTTTGA,0,5208234
yqjE_yqjK_yqjD_yqjC_predicted,0.5,1,1,GTGTGACCATAACTGATTCT,0,5223818
yqjE_yqjK_yqjD_yqjC_predicted,0.5,1,1,GTGTGAACATACTACCTGAG,0,5214996
yqjE_yqjK_yqjD_yqjC_predicted,0.5,1,1,GTGTCTTAATTGCTTCGTAC,0,5212337
yqjE_yqjK_yqjD_yqjC_predicted,0.5,1,1,GTGTCGGGCGTTTCATCCCA,0,5198461
yqjE_yqjK_yqjD_yqjC_predicted,0.5,1,1,GTGTCAGGGGAACTATAACA,0,5250177
yqjE_yqjK_yqjD_yqjC_predicted,0.5,1,1,GTGTCACCCTTTAGGATCGA,0,5206465
yqjE_yqjK_yqjD_yqjC_predicted,0.5,1,1,GTGTAGTTGACTAACCGGTT,0,5254950
yqjE_yqjK_yqjD_yqjC_predicted,0.5,1,1,GTGTAACGCGCCACCTACAC,0,5255712
yqjE_yqjK_yqjD_yqjC_predicted,0.5,1,1,GTGGTCGTGGGTATTTACGC,0,5196069
yqjE_yqjK_yqjD_yqjC_predicted,0.5,1,1,GTGGTCAGTGAACCTTATAC,0,5230623
yqjE_yqjK_yqjD_yqjC_predicted,0.5,1,1,GTGGTATTGAATGTTGTGAC,0,5213625
yqjE_yqjK_yqjD_yqjC_predicted,0.5,1,1,GTGGTACGCTAGATTGATTG,0,5205939
yqjE_yqjK_yqjD_yqjC_predicted,0.5,1,1,GTGGGTTTAAAAGACCGCCT,0,5207434
yqjE_yqjK_yqjD_yqjC_predicted,0.5,1,1,GTGGGTCAGGCACACACGGT,0,5179323
yqjE_yqjK_yqjD_yqjC_predicted,0.5,1,1,GTGGGGTGTTTGCCTTTTCT,0,5220547
yqjE_yqjK_yqjD_yqjC_predicted,0.5,1,1,GTGGGGGCCTGGCACGCAAA,0,5198955
yqjE_yqjK_yqjD_yqjC_predicted,0.5,1,1,GTGGGGAGTATGACTGATTA,0,5213006
yqjE_yqjK_yqjD_yqjC_predicted,0.5,1,1,GTGGGGAGCGTCTGCGGGTT,0,5256462
yqjE_yqjK_yqjD_yqjC_predicted,0.5,1,1,GTGGGCGTGCTGAAATGTGC,0,5237223
yqjE_yqjK_yqjD_yqjC_predicted,0.5,1,1,GTGGCTCGGAAGGTGTACGA,0,5233584
yqjE_yqjK_yqjD_yqjC_predicted,0.5,1,1,GTGGCGGAATTCCTCTCAGT,0,5216139
yqjE_yqjK_yqjD_yqjC_predicted,0.5,1,1,GTGGCCACGGCCGCACCTCC,0,5197658
yqjE_yqjK_yqjD_yqjC_predicted,0.5,1,1,GTGGCATCAATTTCATTAGA,0,5185141
yqjE_yqjK_yqjD_yqjC_predicted,0.5,1,1,GTGGAGCGTCATTCATAGCA,0,5208665
yqjE_yqjK_yqjD_yqjC_predicted,0.5,1,1,GTGGACTTGGGCGTTTCTGT,0,5220120
yqjE_yqjK_yqjD_yqjC_predicted,0.5,1,1,GTGGACGTGGGTTGTCAGTC,0,5233654
yqjE_yqjK_yqjD_yqjC_predicted,0.5,1,1,GTGGACCGCTCTTTATTGAT,0,5172580
yqjE_yqjK_yqjD_yqjC_predicted,0.5,1,1,GTGGACAGAGGTACAGCTGG,0,5204116
yqjE_yqjK_yqjD_yqjC_predicted,0.5,1,1,GTGCTTTTTCCGGCTGGGTT,0,5229760
yqjE_yqjK_yqjD_yqjC_predicted,0.5,1,1,GTGCTGATCGCGATCAATAC,0,5171132
yqjE_yqjK_yqjD_yqjC_predicted,0.5,1,1,GTGCTCAATGTCGAAGTGCC,0,5226503
yqjE_yqjK_yqjD_yqjC_predicted,0.5,1,1,GTGCTAGGACCAAATCGTTG,0,5199104
yqjE_yqjK_yqjD_yqjC_predicted,0.5,1,1,GTGCTAGCAGTGTTCCGGAC,0,5260516
yqjE_yqjK_yqjD_yqjC_predicted,0.5,1,1,GTGCGAAGGAGATCCTGCAC,0,5206379
yqjE_yqjK_yqjD_yqjC_predicted,0.5,1,1,GTGCCTTAGTCCCATAGATA,0,5215537
yqjE_yqjK_yqjD_yqjC_predicted,0.5,1,1,GTGCCTGCTGGAGGAATAAG,0,5170810
yqjE_yqjK_yqjD_yqjC_predicted,0.5,1,1,GTGCCTCGCCCGCCCGCAGA,0,5245838
yqjE_yqjK_yqjD_yqjC_predicted,0.5,1,1,GTGCCGTTAGGAAGTAGGTA,0,5177246
yqjE_yqjK_yqjD_yqjC_predicted,0.5,1,1,GTGCCATGCGTGCCATATGA,0,5202866
yqjE_yqjK_yqjD_yqjC_predicted,0.5,1,1,GTGCATGGTTGACTATTAAT,0,5188023
yqjE_yqjK_yqjD_yqjC_predicted,0.5,1,1,GTGCAGCTTGGAGTTCAAGG,0,5229397
yqjE_yqjK_yqjD_yqjC_predicted,0.5,1,1,GTGCACGCTGAGGCGGCCCC,0,5244418
yqjE_yqjK_yqjD_yqjC_predicted,0.5,1,1,GTGCACAAGCGGGGAACTTG,0,5180531
yqjE_yqjK_yqjD_yqjC_predicted,0.5,1,1,GTGCAACCGACGCGGCCTGA,0,5207076
yqjE_yqjK_yqjD_yqjC_predicted,0.5,1,1,GTGATTGTCCCTGACGGTTC,0,5243101
yqjE_yqjK_yqjD_yqjC_predicted,0.5,1,1,GTGATTGAGCGGTGAGCCCA,0,5192578
yqjE_yqjK_yqjD_yqjC_predicted,0.5,1,1,GTGATTACCGGACGGGGATT,0,5233974
yqjE_yqjK_yqjD_yqjC_predicted,0.5,1,1,GTGATGAGTAATAGTTCCTG,0,5185270
yqjE_yqjK_yqjD_yqjC_predicted,0.5,1,1,GTGATAGGATTATTTGGCGT,0,5218356
yqjE_yqjK_yqjD_yqjC_predicted,0.5,1,1,GTGAGATGGACAAAGCAGGC,0,5219964
yqjE_yqjK_yqjD_yqjC_predicted,0.5,1,1,GTGACGGCACCTACAGTCGG,0,5222882
yqjE_yqjK_yqjD_yqjC_predicted,0.5,1,1,GTGAATGAGTTTATTAAGAA,0,5192702
yqjE_yqjK_yqjD_yqjC_predicted,0.5,1,1,GTGAATCGAGATAATCCTAG,0,5173375
yqjE_yqjK_yqjD_yqjC_predicted,0.5,1,1,GTGAACTCGGATTTCTCTAT,0,5242231
yqjE_yqjK_yqjD_yqjC_predicted,0.5,1,1,GTGAACACATCGAGGCATAT,0,5203058
yqjE_yqjK_yqjD_yqjC_predicted,0.5,1,1,GTCTTTTTCAATCTGAAATC,0,5233168
yqjE_yqjK_yqjD_yqjC_predicted,0.5,1,1,GTCTTTGGTGTTAATTCGCT,0,5185855
yqjE_yqjK_yqjD_yqjC_predicted,0.5,1,1,GTCTTTGCTGAGGTAGGTCC,0,5228498
yqjE_yqjK_yqjD_yqjC_predicted,0.5,1,1,GTCTTCGCAAGAAGTTTTTT,0,5204192
yqjE_yqjK_yqjD_yqjC_predicted,0.5,1,1,GTCTTCCACCACGTGTGCAG,0,5212739
yqjE_yqjK_yqjD_yqjC_predicted,0.5,1,1,GTCTTCATAGGGGATCAGTA,0,5174954
yqjE_yqjK_yqjD_yqjC_predicted,0.5,1,1,GTCTTATACACCTTTATGTT,0,5210294
yqjE_yqjK_yqjD_yqjC_predicted,0.5,1,1,GTCTGTAGAGCGCAGCAAAG,0,5176486
yqjE_yqjK_yqjD_yqjC_predicted,0.5,1,1,GTCTGCGGTCGTGTTGCTCT,0,5203525
yqjE_yqjK_yqjD_yqjC_predicted,0.5,1,1,GTCTGCCTCGGCATTAAAAG,0,5237515
yqjE_yqjK_yqjD_yqjC_predicted,0.5,1,1,GTCTGCATAACTCGTTGTGG,0,5234151
yqjE_yqjK_yqjD_yqjC_predicted,0.5,1,1,GTCTGACGCGATCCGCGCCA,0,5193589
yqjE_yqjK_yqjD_yqjC_predicted,0.5,1,1,GTCTCTTGATTCTTGCGCTG,0,5215854
yqjE_yqjK_yqjD_yqjC_predicted,0.5,1,1,GTCTCGCTGAAATCACGACC,0,5194204
yqjE_yqjK_yqjD_yqjC_predicted,0.5,1,1,GTCTCAGCCGTCCAGGGGGC,0,5232190
yqjE_yqjK_yqjD_yqjC_predicted,0.5,1,1,GTCTCACGCGAAATAATTAA,0,5185818
yqjE_yqjK_yqjD_yqjC_predicted,0.5,1,1,GTCTACTCGTCGTCACGTCA,0,5204073
yqjE_yqjK_yqjD_yqjC_predicted,0.5,1,1,GTCTACACCCACGGGCTGAA,0,5175847
yqjE_yqjK_yqjD_yqjC_predicted,0.5,1,1,GTCTAAATATAGGGGTCACG,0,5215716
yqjE_yqjK_yqjD_yqjC_predicted,0.5,1,1,GTCGTTTCGGTGGGACAGAG,0,5226944
yqjE_yqjK_yqjD_yqjC_predicted,0.5,1,1,GTCGTCTTTAGAGAAGATCT,0,5180493
yqjE_yqjK_yqjD_yqjC_predicted,0.5,1,1,GTCGGGAATGAACCAAGACG,0,5201195
yqjE_yqjK_yqjD_yqjC_predicted,0.5,1,1,GTCGGCGGCCGTCGTCGTAA,0,5187771
yqjE_yqjK_yqjD_yqjC_predicted,0.5,1,1,GTCGGACCTGACGAACTTGG,0,5240078
yqjE_yqjK_yqjD_yqjC_predicted,0.5,1,1,GTCGCTTATGCTCGCAAAGT,0,5239342
yqjE_yqjK_yqjD_yqjC_predicted,0.5,1,1,GTCGCTGACCGATAGAGGTG,0,5189222
yqjE_yqjK_yqjD_yqjC_predicted,0.5,1,1,GTCGCTCCGTATACGCATTT,0,5249927
yqjE_yqjK_yqjD_yqjC_predicted,0.5,1,1,GTCGCGGAAACAATAACTAG,0,5199708
yqjE_yqjK_yqjD_yqjC_predicted,0.5,1,1,GTCGCGCTCCTCTCCCATGT,0,5200012
yqjE_yqjK_yqjD_yqjC_predicted,0.5,1,1,GTCGCCCTTCAAATATGGGG,0,5200247
yqjE_yqjK_yqjD_yqjC_predicted,0.5,1,1,GTCGCACATACCGTGACGAA,0,5258807
yqjE_yqjK_yqjD_yqjC_predicted,0.5,1,1,GTCGATGTGGGAACGGGTCT,0,5197667
yqjE_yqjK_yqjD_yqjC_predicted,0.5,1,1,GTCGATGAGTGGTAGGTTGG,0,5236768
yqjE_yqjK_yqjD_yqjC_predicted,0.5,1,1,GTCGAGGCACGAAATAAATC,0,5253374
yqjE_yqjK_yqjD_yqjC_predicted,0.5,1,1,GTCGAAAATGGTCGGTCCAC,0,5198336
yqjE_yqjK_yqjD_yqjC_predicted,0.5,1,1,GTCCTTTCATTTCCGCCACT,0,5189019
yqjE_yqjK_yqjD_yqjC_predicted,0.5,1,1,GTCCTTCGGCAAGTGGAGAT,0,5240480
yqjE_yqjK_yqjD_yqjC_predicted,0.5,1,1,GTCCTGTTATCCGGTAAAGG,0,5194408
yqjE_yqjK_yqjD_yqjC_predicted,0.5,1,1,GTCCTGCTTTAGGAGGGACA,0,5199675
yqjE_yqjK_yqjD_yqjC_predicted,0.5,1,1,GTCCTGCCCGCATGGGGCTG,0,5242604
yqjE_yqjK_yqjD_yqjC_predicted,0.5,1,1,GTCCTCTGCTCCCGTATTGG,0,5257666
yqjE_yqjK_yqjD_yqjC_predicted,0.5,1,1,GTCCTCCCCAAGGGTGAATT,0,5243513
yqjE_yqjK_yqjD_yqjC_predicted,0.5,1,1,GTCCTATGACTTGTATCTGA,0,5184580
yqjE_yqjK_yqjD_yqjC_predicted,0.5,1,1,GTCCTAGGGGGACCCCAAGA,0,5219211
yqjE_yqjK_yqjD_yqjC_predicted,0.5,1,1,GTCCGTCAGTAGACATGCGC,0,5213933
yqjE_yqjK_yqjD_yqjC_predicted,0.5,1,1,GTCCGTAACATAGTATTCAG,0,5222759
yqjE_yqjK_yqjD_yqjC_predicted,0.5,1,1,GTCCGCTCGAAGGCCGGAGC,0,5184893
yqjE_yqjK_yqjD_yqjC_predicted,0.5,1,1,GTCCGCAATAATTGAAGTGA,0,5222585
yqjE_yqjK_yqjD_yqjC_predicted,0.5,1,1,GTCCGATTCTTCCCGGTACT,0,5259242
yqjE_yqjK_yqjD_yqjC_predicted,0.5,1,1,GTCCGACAAAAACCGCACCT,0,5195311
yqjE_yqjK_yqjD_yqjC_predicted,0.5,1,1,GTCCGAAGGAGGAAGCATCT,0,5199235
yqjE_yqjK_yqjD_yqjC_predicted,0.5,1,1,GTCCCGTTATAAGGCTGCAC,0,5244297
yqjE_yqjK_yqjD_yqjC_predicted,0.5,1,1,GTCCCGTAGAGGGCCTAGTG,0,5206272
yqjE_yqjK_yqjD_yqjC_predicted,0.5,1,1,GTCCCCGGATGGGCGTGCAA,0,5240474
yqjE_yqjK_yqjD_yqjC_predicted,0.5,1,1,GTCCATGTCTGCAATAACTG,0,5228973
yqjE_yqjK_yqjD_yqjC_predicted,0.5,1,1,GTCCATCATGGCTTCGCAGC,0,5252646
yqjE_yqjK_yqjD_yqjC_predicted,0.5,1,1,GTCCAGATACACAGTTAATA,0,5242401
yqjE_yqjK_yqjD_yqjC_predicted,0.5,1,1,GTCCAGAAGTAGCTAGGATA,0,5210180
yqjE_yqjK_yqjD_yqjC_predicted,0.5,1,1,GTCCACGCTACCCTGACAAA,0,5246752
yqjE_yqjK_yqjD_yqjC_predicted,0.5,1,1,GTCCAAGGCACCTTGAGCGG,0,5255616
yqjE_yqjK_yqjD_yqjC_predicted,0.5,1,1,GTCCAACACTTCGATATAGT,0,5213089
yqjE_yqjK_yqjD_yqjC_predicted,0.5,1,1,GTCATTTCATTTCCCGGAAG,0,5233031
yqjE_yqjK_yqjD_yqjC_predicted,0.5,1,1,GTCATTAGAGAACCTTAGGC,0,5184063
yqjE_yqjK_yqjD_yqjC_predicted,0.5,1,1,GTCATCTGCCCAAGCAAAAC,0,5217490
yqjE_yqjK_yqjD_yqjC_predicted,0.5,1,1,GTCATAAAGCTCGACTGGGT,0,5245519
yqjE_yqjK_yqjD_yqjC_predicted,0.5,1,1,GTCAGTGAATACGAGCTGGT,0,5170827
yqjE_yqjK_yqjD_yqjC_predicted,0.5,1,1,GTCAGCGTATTACGCCAGAG,0,5234247
yqjE_yqjK_yqjD_yqjC_predicted,0.5,1,1,GTCAGCGCAATAGCGTAGAG,0,5193254
yqjE_yqjK_yqjD_yqjC_predicted,0.5,1,1,GTCAGCATGAATCATCTAGG,0,5234237
yqjE_yqjK_yqjD_yqjC_predicted,0.5,1,1,GTCAGCACTCGACTTCGGCC,0,5199040
yqjE_yqjK_yqjD_yqjC_predicted,0.5,1,1,GTCAGAGGGTCTACGGGGCT,0,5245358
yqjE_yqjK_yqjD_yqjC_predicted,0.5,1,1,GTCAGAGCCGAAGATATATC,0,5226347
yqjE_yqjK_yqjD_yqjC_predicted,0.5,1,1,GTCACTTTCATTCAGCTGAA,0,5185308
yqjE_yqjK_yqjD_yqjC_predicted,0.5,1,1,GTCACTAAGGGGTACATCTT,0,5252282
yqjE_yqjK_yqjD_yqjC_predicted,0.5,1,1,GTCACCCTAATACCATCGCC,0,5244711
yqjE_yqjK_yqjD_yqjC_predicted,0.5,1,1,GTCACCAGGGGTCTTCACCT,0,5206288
yqjE_yqjK_yqjD_yqjC_predicted,0.5,1,1,GTCACAGGTAGATAGTTCGC,0,5202978
yqjE_yqjK_yqjD_yqjC_predicted,0.5,1,1,GTCACACGGGGACTTCTGTT,0,5175596
yqjE_yqjK_yqjD_yqjC_predicted,0.5,1,1,GTCAATAGACGAGACACCAT,0,5184899
yqjE_yqjK_yqjD_yqjC_predicted,0.5,1,1,GTCAAGACTAATTTGGCGGA,0,5216822
yqjE_yqjK_yqjD_yqjC_predicted,0.5,1,1,GTCAACCTTCGCGGGTTGGG,0,5226828
yqjE_yqjK_yqjD_yqjC_predicted,0.5,1,1,GTCAACACTACCAGGTTTGT,0,5174338
yqjE_yqjK_yqjD_yqjC_predicted,0.5,1,1,GTCAAATATACCTTCGGCAC,0,5222824
yqjE_yqjK_yqjD_yqjC_predicted,0.5,1,1,GTCAAACGAGCCTCCCCTGC,0,5244634
yqjE_yqjK_yqjD_yqjC_predicted,0.5,1,1,GTATTTCAAATCCGCCCGGC,0,5215340
yqjE_yqjK_yqjD_yqjC_predicted,0.5,1,1,GTATTTAATCATGAGGTAGG,0,5195450
yqjE_yqjK_yqjD_yqjC_predicted,0.5,1,1,GTATTGTGCAGTTTTTCGAC,0,5205887
yqjE_yqjK_yqjD_yqjC_predicted,0.5,1,1,GTATTGCTCCACCTCGAAGT,0,5232262
yqjE_yqjK_yqjD_yqjC_predicted,0.5,1,1,GTATTGCATGTATGCAATTC,0,5259073
yqjE_yqjK_yqjD_yqjC_predicted,0.5,1,1,GTATTATAGCTCGTGCACCC,0,5228225
yqjE_yqjK_yqjD_yqjC_predicted,0.5,1,1,GTATGGGAATTGATAAGAAT,0,5242749
yqjE_yqjK_yqjD_yqjC_predicted,0.5,1,1,GTATGGAGGTTTTTTCAATG,0,5238634
yqjE_yqjK_yqjD_yqjC_predicted,0.5,1,1,GTATGCTCGACGGCGAGGCG,0,5190785
yqjE_yqjK_yqjD_yqjC_predicted,0.5,1,1,GTATCTGAGAACCAGCTATC,0,5233162
yqjE_yqjK_yqjD_yqjC_predicted,0.5,1,1,GTATCTATATCGCTTGATGT,0,5226362
yqjE_yqjK_yqjD_yqjC_predicted,0.5,1,1,GTATCAGACGTAGTTGGCGT,0,5172129
yqjE_yqjK_yqjD_yqjC_predicted,0.5,1,1,GTATAAGAGCTATAGTATAA,0,5242392
yqjE_yqjK_yqjD_yqjC_predicted,0.5,1,1,GTATAAAGTGGGGAAGGCAT,0,5261125
yqjE_yqjK_yqjD_yqjC_predicted,0.5,1,1,GTATAAACTCACCCGGATGG,0,5246726
yqjE_yqjK_yqjD_yqjC_predicted,0.5,1,1,GTAGTGGGAGAGGGATGAAG,0,5192751
yqjE_yqjK_yqjD_yqjC_predicted,0.5,1,1,GTAGTGGAGTCTGACAAGAG,0,5201284
yqjE_yqjK_yqjD_yqjC_predicted,0.5,1,1,GTAGGTGCTATGCCCCGCTG,0,5175567
yqjE_yqjK_yqjD_yqjC_predicted,0.5,1,1,GTAGGTGCTAGTCAACGAAA,0,5181891
yqjE_yqjK_yqjD_yqjC_predicted,0.5,1,1,GTAGGTAACCGCTGCTTCCT,0,5250704
yqjE_yqjK_yqjD_yqjC_predicted,0.5,1,1,GTAGGGACGCGCATGCATTT,0,5200636
yqjE_yqjK_yqjD_yqjC_predicted,0.5,1,1,GTAGGCGCACGACACCGGGT,0,5172487
yqjE_yqjK_yqjD_yqjC_predicted,0.5,1,1,GTAGGCCTATCCCGGGAGAG,0,5175333
yqjE_yqjK_yqjD_yqjC_predicted,0.5,1,1,GTAGGATGTCGTTAGTCCAG,0,5216029
yqjE_yqjK_yqjD_yqjC_predicted,0.5,1,1,GTAGGACATCCCTACGTTAT,0,5215822
yqjE_yqjK_yqjD_yqjC_predicted,0.5,1,1,GTAGCTTGTTTGCCTTCGCT,0,5244192
yqjE_yqjK_yqjD_yqjC_predicted,0.5,1,1,GTAGCTCCCGACACCTGTTT,0,5226417
yqjE_yqjK_yqjD_yqjC_predicted,0.5,1,1,GTAGCCGGAATAACCTGCAT,0,5172775
yqjE_yqjK_yqjD_yqjC_predicted,0.5,1,1,GTAGCATTTCGTGGGCACAG,0,5210835
yqjE_yqjK_yqjD_yqjC_predicted,0.5,1,1,GTAGATTCGACATGACGAAA,0,5235373
yqjE_yqjK_yqjD_yqjC_predicted,0.5,1,1,GTAGATGGGGTGTACCGGTA,0,5190056
yqjE_yqjK_yqjD_yqjC_predicted,0.5,1,1,GTAGAAGGTGAATATTAAAG,0,5226849
yqjE_yqjK_yqjD_yqjC_predicted,0.5,1,1,GTACTTGTTTCTGGGGCGTT,0,5220243
yqjE_yqjK_yqjD_yqjC_predicted,0.5,1,1,GTACTTGGGCGCGGTGACCC,0,5242999
yqjE_yqjK_yqjD_yqjC_predicted,0.5,1,1,GTACTGATCATACGCCAGAT,0,5172475
yqjE_yqjK_yqjD_yqjC_predicted,0.5,1,1,GTACTATCAGGAGGCCCCGT,0,5218350
yqjE_yqjK_yqjD_yqjC_predicted,0.5,1,1,GTACTACGGTACATGTGGTC,0,5212240
yqjE_yqjK_yqjD_yqjC_predicted,0.5,1,1,GTACGTTCAGAACAGGGGTG,0,5223778
yqjE_yqjK_yqjD_yqjC_predicted,0.5,1,1,GTACGCATTGGCAGGCCACT,0,5234262
yqjE_yqjK_yqjD_yqjC_predicted,0.5,1,1,GTACCTCTGCGCTGATCACT,0,5203026
yqjE_yqjK_yqjD_yqjC_predicted,0.5,1,1,GTACCTCAGCGTCCGTGCGG,0,5206467
yqjE_yqjK_yqjD_yqjC_predicted,0.5,1,1,GTACCTACTTGATTTTGGGG,0,5225324
yqjE_yqjK_yqjD_yqjC_predicted,0.5,1,1,GTACCCTTGCCTTCCTCGAC,0,5190105
yqjE_yqjK_yqjD_yqjC_predicted,0.5,1,1,GTACCCTTCCGGTTTACCCG,0,5257173
yqjE_yqjK_yqjD_yqjC_predicted,0.5,1,1,GTACCCAGCATGGGGTGAGT,0,5240918
yqjE_yqjK_yqjD_yqjC_predicted,0.5,1,1,GTACCCAGAACTGTGCATCG,0,5183848
yqjE_yqjK_yqjD_yqjC_predicted,0.5,1,1,GTACATTGGTTGGAGGTTAA,0,5200026
yqjE_yqjK_yqjD_yqjC_predicted,0.5,1,1,GTACACGCGCTAAGGTTATT,0,5244289
yqjE_yqjK_yqjD_yqjC_predicted,0.5,1,1,GTACAACCTACCATGCAAGG,0,5249140
yqjE_yqjK_yqjD_yqjC_predicted,0.5,1,1,GTAATTGTACAGCCCATGGA,0,5173880
yqjE_yqjK_yqjD_yqjC_predicted,0.5,1,1,GTAATATGGGTCCTAACCAT,0,5197497
yqjE_yqjK_yqjD_yqjC_predicted,0.5,1,1,GTAAGTCCGATCAACCGTGG,0,5214871
yqjE_yqjK_yqjD_yqjC_predicted,0.5,1,1,GTAACTCATAACGGCTTGAT,0,5181301
yqjE_yqjK_yqjD_yqjC_predicted,0.5,1,1,GTAACGTGGCCGGCTTGGTC,0,5176483
yqjE_yqjK_yqjD_yqjC_predicted,0.5,1,1,GTAACCCGGGTGTAGGGAGT,0,5191267
yqjE_yqjK_yqjD_yqjC_predicted,0.5,1,1,GTAACCAAGAGCGCGTCCTT,0,5238383
yqjE_yqjK_yqjD_yqjC_predicted,0.5,1,1,GTAAACATCGCGTCAACCCT,0,5240602
yqjE_yqjK_yqjD_yqjC_predicted,0.5,1,1,GTAAACATAAGTTCTCTCCA,0,5172488
yqjE_yqjK_yqjD_yqjC_predicted,0.5,1,1,GTAAACAGATTCAACCAACA,0,5204066
yqjE_yqjK_yqjD_yqjC_predicted,0.5,1,1,GTAAAAGTTCCGCCCGCCGC,0,5257712
yqjE_yqjK_yqjD_yqjC_predicted,0.5,1,1,GTAAAAACCCTCTTCGCGAT,0,5248289
yqjE_yqjK_yqjD_yqjC_predicted,0.5,1,1,GGTTTTTATGTTTCAGTTTT,0,5222237
yqjE_yqjK_yqjD_yqjC_predicted,0.5,1,1,GGTTTTACGACAATTTCAAC,0,5172301
yqjE_yqjK_yqjD_yqjC_predicted,0.5,1,1,GGTTTGTAAGTCCCTGGATT,0,5237117
yqjE_yqjK_yqjD_yqjC_predicted,0.5,1,1,GGTTTGACGCGAGAGCTTCC,0,5247383
yqjE_yqjK_yqjD_yqjC_predicted,0.5,1,1,GGTTGTTTCAACTGTAGTGA,0,5189463
yqjE_yqjK_yqjD_yqjC_predicted,0.5,1,1,GGTTGTCAACATGCGATGAC,0,5175090
yqjE_yqjK_yqjD_yqjC_predicted,0.5,1,1,GGTTGGGATAAGTCAGGTTC,0,5186505
yqjE_yqjK_yqjD_yqjC_predicted,0.5,1,1,GGTTGGCTTACCTAAGATCC,0,5177286
yqjE_yqjK_yqjD_yqjC_predicted,0.5,1,1,GGTTGGCACGGCCAATGTGT,0,5197418
yqjE_yqjK_yqjD_yqjC_predicted,0.5,1,1,GGTTGAACTCCGCTGGCAAG,0,5220896
yqjE_yqjK_yqjD_yqjC_predicted,0.5,1,1,GGTTCTGCAATGGAAGATTA,0,5230432
yqjE_yqjK_yqjD_yqjC_predicted,0.5,1,1,GGTTCGGGGAATAAATAAAC,0,5212385
yqjE_yqjK_yqjD_yqjC_predicted,0.5,1,1,GGTTCCATTTCGGTTATTTA,0,5178316
yqjE_yqjK_yqjD_yqjC_predicted,0.5,1,1,GGTTCCAACGAGTCCGATGA,0,5250557
yqjE_yqjK_yqjD_yqjC_predicted,0.5,1,1,GGTTATTACGACCTTAGGAA,0,5188404
yqjE_yqjK_yqjD_yqjC_predicted,0.5,1,1,GGTTACTCCGGTTATCTCGC,0,5171656
yqjE_yqjK_yqjD_yqjC_predicted,0.5,1,1,GGTTACTCCAACATCACCAA,0,5247173
yqjE_yqjK_yqjD_yqjC_predicted,0.5,1,1,GGTTACCTAAGGTCACCTGA,0,5258732
yqjE_yqjK_yqjD_yqjC_predicted,0.5,1,1,GGTTAACGATAGTTGAGATT,0,5198438
yqjE_yqjK_yqjD_yqjC_predicted,0.5,1,1,GGTGTTGTCCCCACGGGGGT,0,5220591
yqjE_yqjK_yqjD_yqjC_predicted,0.5,1,1,GGTGTTCGTCCCGACTGCGC,0,5203349
yqjE_yqjK_yqjD_yqjC_predicted,0.5,1,1,GGTGTTCCCCCGCCCCGCTT,0,5190780
yqjE_yqjK_yqjD_yqjC_predicted,0.5,1,1,GGTGTGGCCGCATCGCCTGA,0,5238582
yqjE_yqjK_yqjD_yqjC_predicted,0.5,1,1,GGTGTCGATCAGTGGAAACA,0,5222943
yqjE_yqjK_yqjD_yqjC_predicted,0.5,1,1,GGTGTCCGTGTCTACTCCGC,0,5218853
yqjE_yqjK_yqjD_yqjC_predicted,0.5,1,1,GGTGTCCGGCACGGGAGAAT,0,5220583
yqjE_yqjK_yqjD_yqjC_predicted,0.5,1,1,GGTGTCAGCTGCCCATCAAT,0,5211388
yqjE_yqjK_yqjD_yqjC_predicted,0.5,1,1,GGTGGCGGTGTAGTAGAAAG,0,5242235
yqjE_yqjK_yqjD_yqjC_predicted,0.5,1,1,GGTGGCAAAAATGGTCTAAG,0,5207745
yqjE_yqjK_yqjD_yqjC_predicted,0.5,1,1,GGTGGACTGTGTGGCTTTGC,0,5234921
yqjE_yqjK_yqjD_yqjC_predicted,0.5,1,1,GGTGGAACTTGAAACTCCAG,0,5192442
yqjE_yqjK_yqjD_yqjC_predicted,0.5,1,1,GGTGGAAACATTCTTCCGCG,0,5258087
yqjE_yqjK_yqjD_yqjC_predicted,0.5,1,1,GGTGCGTGATCATATGGCAG,0,5216982
yqjE_yqjK_yqjD_yqjC_predicted,0.5,1,1,GGTGCGCAAGAGTGAGTGTA,0,5241042
yqjE_yqjK_yqjD_yqjC_predicted,0.5,1,1,GGTGCCGCCGAGACAAGACT,0,5178491
yqjE_yqjK_yqjD_yqjC_predicted,0.5,1,1,GGTGCCGACAGTTGGCACGC,0,5255958
yqjE_yqjK_yqjD_yqjC_predicted,0.5,1,1,GGTGCCACAACGACTGCTGC,0,5197165
yqjE_yqjK_yqjD_yqjC_predicted,0.5,1,1,GGTGCAGCTCGTCGCCACGA,0,5181905
yqjE_yqjK_yqjD_yqjC_predicted,0.5,1,1,GGTGATGAAGGGGCACGGAG,0,5206923
yqjE_yqjK_yqjD_yqjC_predicted,0.5,1,1,GGTGATCGGACGAGTGAACA,0,5231069
yqjE_yqjK_yqjD_yqjC_predicted,0.5,1,1,GGTGAGCGTGTATCAAGAAT,0,5230756
yqjE_yqjK_yqjD_yqjC_predicted,0.5,1,1,GGTGAGCCTATGGACGGAAT,0,5182388
yqjE_yqjK_yqjD_yqjC_predicted,0.5,1,1,GGTGACTAGAAGCGCCAAGG,0,5183435
yqjE_yqjK_yqjD_yqjC_predicted,0.5,1,1,GGTGACGACTTTGCACCACT,0,5230340
yqjE_yqjK_yqjD_yqjC_predicted,0.5,1,1,GGTGAAAGCCTTTACTTTCT,0,5173378
yqjE_yqjK_yqjD_yqjC_predicted,0.5,1,1,GGTCTTATGGGGTCAACTAC,0,5179790
yqjE_yqjK_yqjD_yqjC_predicted,0.5,1,1,GGTCTGGATTGGATAATCCC,0,5233166
yqjE_yqjK_yqjD_yqjC_predicted,0.5,1,1,GGTCTGCAATTGATCGACGT,0,5261453
yqjE_yqjK_yqjD_yqjC_predicted,0.5,1,1,GGTCTAGGGTCACGTACTCT,0,5174558
yqjE_yqjK_yqjD_yqjC_predicted,0.5,1,1,GGTCTAAGTTAATCATACTA,0,5239732
yqjE_yqjK_yqjD_yqjC_predicted,0.5,1,1,GGTCGTTACACGTGTGTACA,0,5207705
yqjE_yqjK_yqjD_yqjC_predicted,0.5,1,1,GGTCGTCGGCGGCTCAGTGT,0,5190326
yqjE_yqjK_yqjD_yqjC_predicted,0.5,1,1,GGTCGTCATTGTTCCAGAAT,0,5234953
yqjE_yqjK_yqjD_yqjC_predicted,0.5,1,1,GGTCGTATTACGTGCAGGCC,0,5219792
yqjE_yqjK_yqjD_yqjC_predicted,0.5,1,1,GGTCGTAAGGAACGATGGGT,0,5259158
yqjE_yqjK_yqjD_yqjC_predicted,0.5,1,1,GGTCGATACTAATTCCCAAA,0,5181145
yqjE_yqjK_yqjD_yqjC_predicted,0.5,1,1,GGTCCTTTCGATGACGTTCT,0,5199598
yqjE_yqjK_yqjD_yqjC_predicted,0.5,1,1,GGTCCTTGATGGTCCCCTTG,0,5218583
yqjE_yqjK_yqjD_yqjC_predicted,0.5,1,1,GGTCCGTCAGGTCCCAAGCC,0,5209327
yqjE_yqjK_yqjD_yqjC_predicted,0.5,1,1,GGTCCGGTTCAACTCCCCCT,0,5185186
yqjE_yqjK_yqjD_yqjC_predicted,0.5,1,1,GGTCCGCGGGTTACTCCCAT,0,5173151
yqjE_yqjK_yqjD_yqjC_predicted,0.5,1,1,GGTCCCGTGAAATTGACGTT,0,5188804
yqjE_yqjK_yqjD_yqjC_predicted,0.5,1,1,GGTCCCCGCGCGCCGGTTAA,0,5204027
yqjE_yqjK_yqjD_yqjC_predicted,0.5,1,1,GGTCCAATTGGCGCGCACCT,0,5229158
yqjE_yqjK_yqjD_yqjC_predicted,0.5,1,1,GGTCATTTACTCTGTTCAGC,0,5208388
yqjE_yqjK_yqjD_yqjC_predicted,0.5,1,1,GGTCATTGCGGCCGATGGTC,0,5231122
yqjE_yqjK_yqjD_yqjC_predicted,0.5,1,1,GGTCATTAACTTGTACTACA,0,5245275
yqjE_yqjK_yqjD_yqjC_predicted,0.5,1,1,GGTCATAGCATCTGATAGGT,0,5249680
yqjE_yqjK_yqjD_yqjC_predicted,0.5,1,1,GGTCACTACGCTACCATGCA,0,5176561
yqjE_yqjK_yqjD_yqjC_predicted,0.5,1,1,GGTCACAGCGACCTAGTGTT,0,5209958
yqjE_yqjK_yqjD_yqjC_predicted,0.5,1,1,GGTATTTGGAGAATCAGGGA,0,5235216
yqjE_yqjK_yqjD_yqjC_predicted,0.5,1,1,GGTATTGCAAGCGTCGCAAA,0,5253168
yqjE_yqjK_yqjD_yqjC_predicted,0.5,1,1,GGTATTCAGCGGTTGTCCCA,0,5233095
yqjE_yqjK_yqjD_yqjC_predicted,0.5,1,1,GGTATGGCGGACGATGCACG,0,5252200
yqjE_yqjK_yqjD_yqjC_predicted,0.5,1,1,GGTATCGAGAACTGTCATCC,0,5229043
yqjE_yqjK_yqjD_yqjC_predicted,0.5,1,1,GGTATATCGGGGGAATGTAG,0,5192712
yqjE_yqjK_yqjD_yqjC_predicted,0.5,1,1,GGTAGTAGGAAGGCTCGGTT,0,5186645
yqjE_yqjK_yqjD_yqjC_predicted,0.5,1,1,GGTAGACTCGTCCTTAGGGT,0,5245213
yqjE_yqjK_yqjD_yqjC_predicted,0.5,1,1,GGTAGACAGTGCGACAATGA,0,5180328
yqjE_yqjK_yqjD_yqjC_predicted,0.5,1,1,GGTAGAAGCACCATTCCATA,0,5241776
yqjE_yqjK_yqjD_yqjC_predicted,0.5,1,1,GGTACTTATGTCCTGCCCAA,0,5184021
yqjE_yqjK_yqjD_yqjC_predicted,0.5,1,1,GGTACTCAGTAGACCTGAGG,0,5210576
yqjE_yqjK_yqjD_yqjC_predicted,0.5,1,1,GGTACCTCCATTACGCCGAG,0,5204203
yqjE_yqjK_yqjD_yqjC_predicted,0.5,1,1,GGTACAAGTTAGTTCTAAAG,0,5215820
yqjE_yqjK_yqjD_yqjC_predicted,0.5,1,1,GGTAAGTCGAGAGAATAGTC,0,5204983
yqjE_yqjK_yqjD_yqjC_predicted,0.5,1,1,GGTAAGTATATTAGCTCACT,0,5254129
yqjE_yqjK_yqjD_yqjC_predicted,0.5,1,1,GGTAACCTCAGTTCCATATC,0,5230909
yqjE_yqjK_yqjD_yqjC_predicted,0.5,1,1,GGTAACCGGATGCAAAGATA,0,5203428
yqjE_yqjK_yqjD_yqjC_predicted,0.5,1,1,GGGTTTTTCAATCTGGCTCA,0,5249078
yqjE_yqjK_yqjD_yqjC_predicted,0.5,1,1,GGGTTGTAGAACATCCATAA,0,5179958
yqjE_yqjK_yqjD_yqjC_predicted,0.5,1,1,GGGTTGCTACCTTCAGGTAT,0,5193171
yqjE_yqjK_yqjD_yqjC_predicted,0.5,1,1,GGGTTGCAACTCGGCTTAGC,0,5231662
yqjE_yqjK_yqjD_yqjC_predicted,0.5,1,1,GGGTTCGGACAAATATCGCA,0,5234485
yqjE_yqjK_yqjD_yqjC_predicted,0.5,1,1,GGGTGTAGACCCGTTTCATG,0,5203217
yqjE_yqjK_yqjD_yqjC_predicted,0.5,1,1,GGGTGTAAGTTGGGCAACTC,0,5187392
yqjE_yqjK_yqjD_yqjC_predicted,0.5,1,1,GGGTGGGTCCGGTTGGTGAG,0,5216212
yqjE_yqjK_yqjD_yqjC_predicted,0.5,1,1,GGGTGGGGTATGAGGAGCTC,0,5214406
yqjE_yqjK_yqjD_yqjC_predicted,0.5,1,1,GGGTGGAAGAGGCTTTAAAT,0,5202421
yqjE_yqjK_yqjD_yqjC_predicted,0.5,1,1,GGGTGAGACTCTCATTAGCG,0,5186732
yqjE_yqjK_yqjD_yqjC_predicted,0.5,1,1,GGGTGAGAACGCCGCAAGAA,0,5222829
yqjE_yqjK_yqjD_yqjC_predicted,0.5,1,1,GGGTGACGGCATGTTGGTAT,0,5189745
yqjE_yqjK_yqjD_yqjC_predicted,0.5,1,1,GGGTGAACCACGATTGGAAT,0,5223014
yqjE_yqjK_yqjD_yqjC_predicted,0.5,1,1,GGGTCTAATCGCAGCGAGGG,0,5262117
yqjE_yqjK_yqjD_yqjC_predicted,0.5,1,1,GGGTCGGAGCAAGTCTCGTC,0,5252839
yqjE_yqjK_yqjD_yqjC_predicted,0.5,1,1,GGGTCGCAGAACGTCCGTAG,0,5260313
yqjE_yqjK_yqjD_yqjC_predicted,0.5,1,1,GGGTCCGGCAGCATTCCGAA,0,5249890
yqjE_yqjK_yqjD_yqjC_predicted,0.5,1,1,GGGTCCCATTAGGAGTCGCG,0,5256702
yqjE_yqjK_yqjD_yqjC_predicted,0.5,1,1,GGGTCCACAAGTTATTGGCT,0,5219275
yqjE_yqjK_yqjD_yqjC_predicted,0.5,1,1,GGGTCAGCTCTATTGGTCTA,0,5236479
yqjE_yqjK_yqjD_yqjC_predicted,0.5,1,1,GGGTAGCTCTAGCCTGATAA,0,5181081
yqjE_yqjK_yqjD_yqjC_predicted,0.5,1,1,GGGTAAGTTTGATTACGGTG,0,5234993
yqjE_yqjK_yqjD_yqjC_predicted,0.5,1,1,GGGGTTGTGCTTCACTTACA,0,5171522
yqjE_yqjK_yqjD_yqjC_predicted,0.5,1,1,GGGGTGCAACCGCGCCGGGG,0,5229194
yqjE_yqjK_yqjD_yqjC_predicted,0.5,1,1,GGGGTCGTACTATTTGGCTT,0,5237977
yqjE_yqjK_yqjD_yqjC_predicted,0.5,1,1,GGGGTAGCTGTACTGAATTT,0,5186482
yqjE_yqjK_yqjD_yqjC_predicted,0.5,1,1,GGGGTACGGGACTGTATGCT,0,5198809
yqjE_yqjK_yqjD_yqjC_predicted,0.5,1,1,GGGGGTGTTCAGCTCACACC,0,5223415
yqjE_yqjK_yqjD_yqjC_predicted,0.5,1,1,GGGGGGACAGGGACGCAGCT,0,5212371
yqjE_yqjK_yqjD_yqjC_predicted,0.5,1,1,GGGGGCGCCCTTCTAGTGTA,0,5190668
yqjE_yqjK_yqjD_yqjC_predicted,0.5,1,1,GGGGGCAAGGCGTTTTATTA,0,5257163
yqjE_yqjK_yqjD_yqjC_predicted,0.5,1,1,GGGGGCAACAGCGTTTGGTT,0,5239563
yqjE_yqjK_yqjD_yqjC_predicted,0.5,1,1,GGGGGATGTTATCTGCAAAG,0,5193166
yqjE_yqjK_yqjD_yqjC_predicted,0.5,1,1,GGGGGATATCACGTTCCTCC,0,5213340
yqjE_yqjK_yqjD_yqjC_predicted,0.5,1,1,GGGGGAGGCTATAGAGGTTA,0,5200548
yqjE_yqjK_yqjD_yqjC_predicted,0.5,1,1,GGGGGAGAGATCATTAAACA,0,5182395
yqjE_yqjK_yqjD_yqjC_predicted,0.5,1,1,GGGGCGGTGCAATGCTTCAA,0,5182930
yqjE_yqjK_yqjD_yqjC_predicted,0.5,1,1,GGGGCCACATCATAGTTTCT,0,5246152
yqjE_yqjK_yqjD_yqjC_predicted,0.5,1,1,GGGGCCAAAATCCGGCTCTG,0,5194391
yqjE_yqjK_yqjD_yqjC_predicted,0.5,1,1,GGGGCAAGACCTCAATCACC,0,5183827
yqjE_yqjK_yqjD_yqjC_predicted,0.5,1,1,GGGGATTTGAGGCTAATCCC,0,5191496
yqjE_yqjK_yqjD_yqjC_predicted,0.5,1,1,GGGGATGTCTGCGCCCGGCA,0,5248258
yqjE_yqjK_yqjD_yqjC_predicted,0.5,1,1,GGGCTTTATTTATCCGGAGC,0,5203467
yqjE_yqjK_yqjD_yqjC_predicted,0.5,1,1,GGGCTGGTCCACGCCGCAGT,0,5185961
yqjE_yqjK_yqjD_yqjC_predicted,0.5,1,1,GGGCTGATAGATGGACCCCA,0,5199633
yqjE_yqjK_yqjD_yqjC_predicted,0.5,1,1,GGGCTATTGCTTATGGCTTT,0,5256667
yqjE_yqjK_yqjD_yqjC_predicted,0.5,1,1,GGGCTATGGCTCATAACAGG,0,5258269
yqjE_yqjK_yqjD_yqjC_predicted,0.5,1,1,GGGCGTTTCCGAATAAGCCG,0,5190713
yqjE_yqjK_yqjD_yqjC_predicted,0.5,1,1,GGGCGTCGTTGTGGCAGGCT,0,5205512
yqjE_yqjK_yqjD_yqjC_predicted,0.5,1,1,GGGCGCGCCAGTGTTGATTT,0,5184003
yqjE_yqjK_yqjD_yqjC_predicted,0.5,1,1,GGGCGCGATTTCCCGTCGGT,0,5185337
yqjE_yqjK_yqjD_yqjC_predicted,0.5,1,1,GGGCGACCATGGTGGGAGTA,0,5172738
yqjE_yqjK_yqjD_yqjC_predicted,0.5,1,1,GGGCCTGGTTTGTTTCTCTG,0,5218352
yqjE_yqjK_yqjD_yqjC_predicted,0.5,1,1,GGGCCTCTGTAACTTATGTG,0,5183277
yqjE_yqjK_yqjD_yqjC_predicted,0.5,1,1,GGGCCTAAATTTCGGAGCAA,0,5226301
yqjE_yqjK_yqjD_yqjC_predicted,0.5,1,1,GGGCATAAATGTGTTCACCG,0,5190929
yqjE_yqjK_yqjD_yqjC_predicted,0.5,1,1,GGGCAGATCAAGTCGAGTAA,0,5226361
yqjE_yqjK_yqjD_yqjC_predicted,0.5,1,1,GGGCAACGAAGGAAGCAGTA,0,5245757
yqjE_yqjK_yqjD_yqjC_predicted,0.5,1,1,GGGATTATTCCGGAACTCCT,0,5229622
yqjE_yqjK_yqjD_yqjC_predicted,0.5,1,1,GGGATGGCTGGCAGAAAATT,0,5178513
yqjE_yqjK_yqjD_yqjC_predicted,0.5,1,1,GGGATCTATTTCGAGGTCAT,0,5238705
yqjE_yqjK_yqjD_yqjC_predicted,0.5,1,1,GGGATCCACACGACATAGTA,0,5233326
yqjE_yqjK_yqjD_yqjC_predicted,0.5,1,1,GGGATACAACGAGCGGGCAT,0,5252883
yqjE_yqjK_yqjD_yqjC_predicted,0.5,1,1,GGGAGTGTTTGGGTAAGGGG,0,5226917
yqjE_yqjK_yqjD_yqjC_predicted,0.5,1,1,GGGAGTCCCGTCGCTAGAGA,0,5217101
yqjE_yqjK_yqjD_yqjC_predicted,0.5,1,1,GGGAGTAAGAGGGTTAGTCG,0,5224180
yqjE_yqjK_yqjD_yqjC_predicted,0.5,1,1,GGGAGGATATTCAGGGGATA,0,5212728
yqjE_yqjK_yqjD_yqjC_predicted,0.5,1,1,GGGAGGAGCTCAAGCCCGAA,0,5251142
yqjE_yqjK_yqjD_yqjC_predicted,0.5,1,1,GGGAGAGAGACGCCTAGTTG,0,5204990
yqjE_yqjK_yqjD_yqjC_predicted,0.5,1,1,GGGACCCCGTCACGAACTAA,0,5198029
yqjE_yqjK_yqjD_yqjC_predicted,0.5,1,1,GGGACAGGACTCTCGTCGTT,0,5205406
yqjE_yqjK_yqjD_yqjC_predicted,0.5,1,1,GGGACAAGTGGAGTACAGTT,0,5237782
yqjE_yqjK_yqjD_yqjC_predicted,0.5,1,1,GGGAATCGATATACTTTTAT,0,5220831
yqjE_yqjK_yqjD_yqjC_predicted,0.5,1,1,GGGAAGCCCTAATCTCAGCA,0,5241786
yqjE_yqjK_yqjD_yqjC_predicted,0.5,1,1,GGGAACAGAAGGATGGTGTG,0,5204302
yqjE_yqjK_yqjD_yqjC_predicted,0.5,1,1,GGGAAATATTTAGATTCACA,0,5196252
yqjE_yqjK_yqjD_yqjC_predicted,0.5,1,1,GGGAAACATGACAGCAGACA,0,5203586
yqjE_yqjK_yqjD_yqjC_predicted,0.5,1,1,GGGAAACACAGCTAACGTTC,0,5240380
yqjE_yqjK_yqjD_yqjC_predicted,0.5,1,1,GGCTTGGATTCGAGCATCCT,0,5201976
yqjE_yqjK_yqjD_yqjC_predicted,0.5,1,1,GGCTTATGCACCACAGTGGA,0,5258570
yqjE_yqjK_yqjD_yqjC_predicted,0.5,1,1,GGCTTAGTAGCGTCGCCTGC,0,5193347
yqjE_yqjK_yqjD_yqjC_predicted,0.5,1,1,GGCTGGATCCGCTTTTTTAC,0,5215581
yqjE_yqjK_yqjD_yqjC_predicted,0.5,1,1,GGCTGCAGCGGTGCGCGCGG,0,5223701
yqjE_yqjK_yqjD_yqjC_predicted,0.5,1,1,GGCTGATGGTCCTGTCAGTG,0,5257328
yqjE_yqjK_yqjD_yqjC_predicted,0.5,1,1,GGCTCTCCCTTTGATGCCGT,0,5235054
yqjE_yqjK_yqjD_yqjC_predicted,0.5,1,1,GGCTCTACGATACACTCTTG,0,5181035
yqjE_yqjK_yqjD_yqjC_predicted,0.5,1,1,GGCTCGCCGTGATCTTACCA,0,5190678
yqjE_yqjK_yqjD_yqjC_predicted,0.5,1,1,GGCTATCACTGCCCTAACGA,0,5244199
yqjE_yqjK_yqjD_yqjC_predicted,0.5,1,1,GGCTAGAGGATTTGCGGCTA,0,5176249
yqjE_yqjK_yqjD_yqjC_predicted,0.5,1,1,GGCTACTCGGTCGGAGTGCT,0,5248367
yqjE_yqjK_yqjD_yqjC_predicted,0.5,1,1,GGCTACAGAAGATCATGCTC,0,5178504
yqjE_yqjK_yqjD_yqjC_predicted,0.5,1,1,GGCTAATCAGCAAACGAGAA,0,5200984
yqjE_yqjK_yqjD_yqjC_predicted,0.5,1,1,GGCTAACGTAACTTCGTTGG,0,5195205
yqjE_yqjK_yqjD_yqjC_predicted,0.5,1,1,GGCTAAAAGTCACCGATCGG,0,5183515
yqjE_yqjK_yqjD_yqjC_predicted,0.5,1,1,GGCGTGGCGCTTAGAACACA,0,5216928
yqjE_yqjK_yqjD_yqjC_predicted,0.5,1,1,GGCGTGATGGTGTTCCTTAG,0,5224997
yqjE_yqjK_yqjD_yqjC_predicted,0.5,1,1,GGCGTCTGGTCTAACTTTCC,0,5188871
yqjE_yqjK_yqjD_yqjC_predicted,0.5,1,1,GGCGTAATAATCTCATCTGG,0,5240930
yqjE_yqjK_yqjD_yqjC_predicted,0.5,1,1,GGCGGTGCCCGAGACCGGCT,0,5240082
yqjE_yqjK_yqjD_yqjC_predicted,0.5,1,1,GGCGGGCGTTCTGCGTGTAA,0,5192920
yqjE_yqjK_yqjD_yqjC_predicted,0.5,1,1,GGCGGGCCGTGAAGAATCCA,0,5212452
yqjE_yqjK_yqjD_yqjC_predicted,0.5,1,1,GGCGGGCAGATCCAGGAGAG,0,5192933
yqjE_yqjK_yqjD_yqjC_predicted,0.5,1,1,GGCGGAGTGCTTCATGGGAG,0,5245352
yqjE_yqjK_yqjD_yqjC_predicted,0.5,1,1,GGCGGACAAAAATGTTTCCA,0,5228656
yqjE_yqjK_yqjD_yqjC_predicted,0.5,1,1,GGCGGAAGGGCAATTCGCAT,0,5213507
yqjE_yqjK_yqjD_yqjC_predicted,0.5,1,1,GGCGCTTCAGTTAACAGTGC,0,5260521
yqjE_yqjK_yqjD_yqjC_predicted,0.5,1,1,GGCGCGGGGGCCTGGACAGT,0,5213787
yqjE_yqjK_yqjD_yqjC_predicted,0.5,1,1,GGCGCCTCGTCCGGATCTCA,0,5262206
yqjE_yqjK_yqjD_yqjC_predicted,0.5,1,1,GGCGCCGCATTTACGCATAG,0,5181343
yqjE_yqjK_yqjD_yqjC_predicted,0.5,1,1,GGCGCCAGACCTGCATAGTA,0,5246571
yqjE_yqjK_yqjD_yqjC_predicted,0.5,1,1,GGCGCAAAAAGCCACATAGG,0,5217127
yqjE_yqjK_yqjD_yqjC_predicted,0.5,1,1,GGCGAGTAAACCACAAATAC,0,5250818
yqjE_yqjK_yqjD_yqjC_predicted,0.5,1,1,GGCGAGCGTTGACGTAATTC,0,5243939
yqjE_yqjK_yqjD_yqjC_predicted,0.5,1,1,GGCGAGACTCACTTAAAACC,0,5259597
yqjE_yqjK_yqjD_yqjC_predicted,0.5,1,1,GGCGAATTAACGGGCTTGAC,0,5233930
yqjE_yqjK_yqjD_yqjC_predicted,0.5,1,1,GGCGAAGGTAGGCGGTGTTA,0,5176321
yqjE_yqjK_yqjD_yqjC_predicted,0.5,1,1,GGCGAAGCAGAGACATCGCC,0,5184413
yqjE_yqjK_yqjD_yqjC_predicted,0.5,1,1,GGCCGACGGTTGTACCTGGA,0,5234190
yqjE_yqjK_yqjD_yqjC_predicted,0.5,1,1,GGCCCTGTGGGCGCCTGTCT,0,5200781
yqjE_yqjK_yqjD_yqjC_predicted,0.5,1,1,GGCCCTCTAAGACTCAAGAG,0,5238951
yqjE_yqjK_yqjD_yqjC_predicted,0.5,1,1,GGCCCGCTCCACCGAAGCAA,0,5259502
yqjE_yqjK_yqjD_yqjC_predicted,0.5,1,1,GGCCAGGCACAGTACTCCAT,0,5261067
yqjE_yqjK_yqjD_yqjC_predicted,0.5,1,1,GGCCAGATGCCCTATATATA,0,5174472
yqjE_yqjK_yqjD_yqjC_predicted,0.5,1,1,GGCCACATTGGATTCTTACC,0,5206621
yqjE_yqjK_yqjD_yqjC_predicted,0.5,1,1,GGCCACAAGCAGTTACACAT,0,5182373
yqjE_yqjK_yqjD_yqjC_predicted,0.5,1,1,GGCCAACGGTTAAATGGGAG,0,5241143
yqjE_yqjK_yqjD_yqjC_predicted,0.5,1,1,GGCATGCGTAAGGTTGCAGC,0,5243213
yqjE_yqjK_yqjD_yqjC_predicted,0.5,1,1,GGCATGATTCAGAGGTGAAA,0,5249169
yqjE_yqjK_yqjD_yqjC_predicted,0.5,1,1,GGCATCTCCTCGGGACCAAG,0,5213081
yqjE_yqjK_yqjD_yqjC_predicted,0.5,1,1,GGCATCGGTACTGTGTAATC,0,5182742
yqjE_yqjK_yqjD_yqjC_predicted,0.5,1,1,GGCATCCATCTCTAACCATC,0,5253228
yqjE_yqjK_yqjD_yqjC_predicted,0.5,1,1,GGCAGTGTGGAGTGCTGTCA,0,5257724
yqjE_yqjK_yqjD_yqjC_predicted,0.5,1,1,GGCAGGTAGGATCTTATTTA,0,5237437
yqjE_yqjK_yqjD_yqjC_predicted,0.5,1,1,GGCAGCGTGCGAAGCGGTTC,0,5197851
yqjE_yqjK_yqjD_yqjC_predicted,0.5,1,1,GGCAGCAAGGGTCCTGGATA,0,5177809
yqjE_yqjK_yqjD_yqjC_predicted,0.5,1,1,GGCAGAGTGTTGGAATGTTA,0,5223105
yqjE_yqjK_yqjD_yqjC_predicted,0.5,1,1,GGCAGAAAAGAATGCGCTTC,0,5221348
yqjE_yqjK_yqjD_yqjC_predicted,0.5,1,1,GGCACGTTTGGAAGCAAAAT,0,5221889
yqjE_yqjK_yqjD_yqjC_predicted,0.5,1,1,GGCACGCGCGGGGGTAGGCC,0,5212125
yqjE_yqjK_yqjD_yqjC_predicted,0.5,1,1,GGCACGACTGATGTGGGGGT,0,5234016
yqjE_yqjK_yqjD_yqjC_predicted,0.5,1,1,GGCAATAAAGGCGGAAGATG,0,5251019
yqjE_yqjK_yqjD_yqjC_predicted,0.5,1,1,GGCAATAAAAGAGACGTGTG,0,5201723
yqjE_yqjK_yqjD_yqjC_predicted,0.5,1,1,GGCAACTGGCCACCAAACAT,0,5244113
yqjE_yqjK_yqjD_yqjC_predicted,0.5,1,1,GGCAAAGTTTGTCCGCTTTT,0,5214434
yqjE_yqjK_yqjD_yqjC_predicted,0.5,1,1,GGATTGTTTCAGACATAGGG,0,5214379
yqjE_yqjK_yqjD_yqjC_predicted,0.5,1,1,GGATTGTGCCACGTCTGGTA,0,5180807
yqjE_yqjK_yqjD_yqjC_predicted,0.5,1,1,GGATTCGTGCTCTTCGGGGA,0,5231971
yqjE_yqjK_yqjD_yqjC_predicted,0.5,1,1,GGATTCAGAAGGATTCGTAT,0,5252362
yqjE_yqjK_yqjD_yqjC_predicted,0.5,1,1,GGATGTTAGTGACCTACCGT,0,5210236
yqjE_yqjK_yqjD_yqjC_predicted,0.5,1,1,GGATGTAAAAGTCCTTTTCA,0,5252590
yqjE_yqjK_yqjD_yqjC_predicted,0.5,1,1,GGATGCGGGAGATTCGAACC,0,5221523
yqjE_yqjK_yqjD_yqjC_predicted,0.5,1,1,GGATGATCAGCTTGTTAAAT,0,5193188
yqjE_yqjK_yqjD_yqjC_predicted,0.5,1,1,GGATGATATGTCAAAGCCTA,0,5199085
yqjE_yqjK_yqjD_yqjC_predicted,0.5,1,1,GGATCTTGACTGCATAATCC,0,5171234
yqjE_yqjK_yqjD_yqjC_predicted,0.5,1,1,GGATCTATAGTACTTGCTAG,0,5199204
yqjE_yqjK_yqjD_yqjC_predicted,0.5,1,1,GGATCGCCGCCAGCCATGTC,0,5214708
yqjE_yqjK_yqjD_yqjC_predicted,0.5,1,1,GGATCCCCTGGCCAAACCCA,0,5196101
yqjE_yqjK_yqjD_yqjC_predicted,0.5,1,1,GGATATTTTTCACGAGTCAC,0,5232933
yqjE_yqjK_yqjD_yqjC_predicted,0.5,1,1,GGATATTTAATGATGAGAGC,0,5199437
yqjE_yqjK_yqjD_yqjC_predicted,0.5,1,1,GGATACCCAAACCTAAGGGT,0,5190796
yqjE_yqjK_yqjD_yqjC_predicted,0.5,1,1,GGATAACGTCGGGGGTCATA,0,5243203
yqjE_yqjK_yqjD_yqjC_predicted,0.5,1,1,GGATAAAGTGGCCGTGACAT,0,5257397
yqjE_yqjK_yqjD_yqjC_predicted,0.5,1,1,GGAGTTGGCCAATACTGAGT,0,5226804
yqjE_yqjK_yqjD_yqjC_predicted,0.5,1,1,GGAGTGTATGTCATGGCGTA,0,5215862
yqjE_yqjK_yqjD_yqjC_predicted,0.5,1,1,GGAGTAGGTCCCCTGGTCAC,0,5216400
yqjE_yqjK_yqjD_yqjC_predicted,0.5,1,1,GGAGGTGTAGGCAATGTTAT,0,5246280
yqjE_yqjK_yqjD_yqjC_predicted,0.5,1,1,GGAGGTAATATCTAAGTACA,0,5209464
yqjE_yqjK_yqjD_yqjC_predicted,0.5,1,1,GGAGGCTCAAGGTGGAAAGC,0,5219517
yqjE_yqjK_yqjD_yqjC_predicted,0.5,1,1,GGAGGCTACCGTGCAATACT,0,5235625
yqjE_yqjK_yqjD_yqjC_predicted,0.5,1,1,GGAGGCGAGTTGGTTCCAAA,0,5237669
yqjE_yqjK_yqjD_yqjC_predicted,0.5,1,1,GGAGGAGAATTCAAAAACTG,0,5204299
yqjE_yqjK_yqjD_yqjC_predicted,0.5,1,1,GGAGGAGAAGCATTAGGGTT,0,5176923
yqjE_yqjK_yqjD_yqjC_predicted,0.5,1,1,GGAGCAGGTAGCGGGGGCGA,0,5255330
yqjE_yqjK_yqjD_yqjC_predicted,0.5,1,1,GGAGAGATGGTAGTTGGAAT,0,5198262
yqjE_yqjK_yqjD_yqjC_predicted,0.5,1,1,GGAGAATACTAAGTAAAGGG,0,5233718
yqjE_yqjK_yqjD_yqjC_predicted,0.5,1,1,GGACTTGGCTTGCATATCAG,0,5250178
yqjE_yqjK_yqjD_yqjC_predicted,0.5,1,1,GGACTGGGTGGGAAATCTGT,0,5207301
yqjE_yqjK_yqjD_yqjC_predicted,0.5,1,1,GGACTCCCTATGGGGTCCGG,0,5258578
yqjE_yqjK_yqjD_yqjC_predicted,0.5,1,1,GGACGTTTACATTTTGTGAT,0,5249601
yqjE_yqjK_yqjD_yqjC_predicted,0.5,1,1,GGACGTGTACGCAAGCTTGA,0,5256616
yqjE_yqjK_yqjD_yqjC_predicted,0.5,1,1,GGACGGTTTTCAAAACTCCT,0,5230651
yqjE_yqjK_yqjD_yqjC_predicted,0.5,1,1,GGACGCACATGGAATTGAAG,0,5255820
yqjE_yqjK_yqjD_yqjC_predicted,0.5,1,1,GGACCTAAGTGTTGCGGCCA,0,5245453
yqjE_yqjK_yqjD_yqjC_predicted,0.5,1,1,GGACCGGCAAAATCTCGGCT,0,5230594
yqjE_yqjK_yqjD_yqjC_predicted,0.5,1,1,GGACCCGTTGCGATTACAAC,0,5174627
yqjE_yqjK_yqjD_yqjC_predicted,0.5,1,1,GGACCCGGGGTCCGAGTCGT,0,5203906
yqjE_yqjK_yqjD_yqjC_predicted,0.5,1,1,GGACCCGGGGTCAAAGTAAA,0,5245571
yqjE_yqjK_yqjD_yqjC_predicted,0.5,1,1,GGACCCCGGGATAACAGTCC,0,5251779
yqjE_yqjK_yqjD_yqjC_predicted,0.5,1,1,GGACCAGCAGAGCGGCTCTA,0,5171499
yqjE_yqjK_yqjD_yqjC_predicted,0.5,1,1,GGACATAAGGTTTATACGAC,0,5177070
yqjE_yqjK_yqjD_yqjC_predicted,0.5,1,1,GGACAGCTAGCTCGGAGGTT,0,5236567
yqjE_yqjK_yqjD_yqjC_predicted,0.5,1,1,GGACAGATACACTTAGTTGG,0,5241802
yqjE_yqjK_yqjD_yqjC_predicted,0.5,1,1,GGACACTTCGAAGCGTGATT,0,5190240
yqjE_yqjK_yqjD_yqjC_predicted,0.5,1,1,GGACACTACGCGTACTGTCA,0,5253229
yqjE_yqjK_yqjD_yqjC_predicted,0.5,1,1,GGACACGACCTGCTAGACCT,0,5197090
yqjE_yqjK_yqjD_yqjC_predicted,0.5,1,1,GGACACCCCCAGAGGGGAAA,0,5251719
yqjE_yqjK_yqjD_yqjC_predicted,0.5,1,1,GGACACAGTGTAAGCTGCCG,0,5210646
yqjE_yqjK_yqjD_yqjC_predicted,0.5,1,1,GGACAATAGCGCGTTTATTC,0,5180739
yqjE_yqjK_yqjD_yqjC_predicted,0.5,1,1,GGAATTATTACACTAGCCCA,0,5231665
yqjE_yqjK_yqjD_yqjC_predicted,0.5,1,1,GGAATGTGTCAGTTATTCGT,0,5261277
yqjE_yqjK_yqjD_yqjC_predicted,0.5,1,1,GGAATGAGCTGGTCAGATAT,0,5246583
yqjE_yqjK_yqjD_yqjC_predicted,0.5,1,1,GGAATCCGGTTTATCCATTA,0,5180240
yqjE_yqjK_yqjD_yqjC_predicted,0.5,1,1,GGAATCACCGGAAAGGATGG,0,5249379
yqjE_yqjK_yqjD_yqjC_predicted,0.5,1,1,GGAAGGTCTGGGGGGAATTC,0,5226464
yqjE_yqjK_yqjD_yqjC_predicted,0.5,1,1,GGAAGGGTTGCACCCGATCT,0,5184176
yqjE_yqjK_yqjD_yqjC_predicted,0.5,1,1,GGAAGCTTGCAGTTTTGGAT,0,5202934
yqjE_yqjK_yqjD_yqjC_predicted,0.5,1,1,GGAAGCCTGGACTTCCTAGA,0,5254078
yqjE_yqjK_yqjD_yqjC_predicted,0.5,1,1,GGAAGAGACTCGCTCTAGCA,0,5175330
yqjE_yqjK_yqjD_yqjC_predicted,0.5,1,1,GGAACTACCTGGTAGCAGCT,0,5205281
yqjE_yqjK_yqjD_yqjC_predicted,0.5,1,1,GGAACGCAGAAGGTTCGCTT,0,5226364
yqjE_yqjK_yqjD_yqjC_predicted,0.5,1,1,GGAACCTAGCGTTCGACGTC,0,5211324
yqjE_yqjK_yqjD_yqjC_predicted,0.5,1,1,GGAAATTTCATCGTCAGGGG,0,5236684
yqjE_yqjK_yqjD_yqjC_predicted,0.5,1,1,GGAAAGTGGTGGCTAGTCTA,0,5181115
yqjE_yqjK_yqjD_yqjC_predicted,0.5,1,1,GGAAAGAGGCTTTACGTAGG,0,5216548
yqjE_yqjK_yqjD_yqjC_predicted,0.5,1,1,GCTTTTGTTTAGAGCATTTA,0,5261088
yqjE_yqjK_yqjD_yqjC_predicted,0.5,1,1,GCTTTTAGTTCCCTCACGGT,0,5213065
yqjE_yqjK_yqjD_yqjC_predicted,0.5,1,1,GCTTTTAACGCGTTACGGGG,0,5210194
yqjE_yqjK_yqjD_yqjC_predicted,0.5,1,1,GCTTTGTACCATTTGAACGA,0,5190433
yqjE_yqjK_yqjD_yqjC_predicted,0.5,1,1,GCTTGGCCCTCGTGCTCATA,0,5262922
yqjE_yqjK_yqjD_yqjC_predicted,0.5,1,1,GCTTGCTAACAGGTAAAGTC,0,5195475
yqjE_yqjK_yqjD_yqjC_predicted,0.5,1,1,GCTTGCGGGGCATCGTCATA,0,5231731
yqjE_yqjK_yqjD_yqjC_predicted,0.5,1,1,GCTTGCCTTCACCCATTCTG,0,5199454
yqjE_yqjK_yqjD_yqjC_predicted,0.5,1,1,GCTTGCCTGAACGTACTAAG,0,5229553
yqjE_yqjK_yqjD_yqjC_predicted,0.5,1,1,GCTTGATTGAAGTTATTTAT,0,5227418
yqjE_yqjK_yqjD_yqjC_predicted,0.5,1,1,GCTTGACCGTCCGCTCAATA,0,5208052
yqjE_yqjK_yqjD_yqjC_predicted,0.5,1,1,GCTTGAACAAAACCAGGGAC,0,5208317
yqjE_yqjK_yqjD_yqjC_predicted,0.5,1,1,GCTTCTATTCAACGGTGAAG,0,5195919
yqjE_yqjK_yqjD_yqjC_predicted,0.5,1,1,GCTTCGTTGAATCCATACAG,0,5225746
yqjE_yqjK_yqjD_yqjC_predicted,0.5,1,1,GCTTCGACACGCACTTTGGG,0,5222198
yqjE_yqjK_yqjD_yqjC_predicted,0.5,1,1,GCTTCCTATCTGTACAATAA,0,5238197
yqjE_yqjK_yqjD_yqjC_predicted,0.5,1,1,GCTTCCAGACGTACCGTATC,0,5174365
yqjE_yqjK_yqjD_yqjC_predicted,0.5,1,1,GCTTATTGCATTGCGGCCAA,0,5209906
yqjE_yqjK_yqjD_yqjC_predicted,0.5,1,1,GCTTATGCTGTGATGTCTTC,0,5225326
yqjE_yqjK_yqjD_yqjC_predicted,0.5,1,1,GCTTAGTCTTTATGTTTCAG,0,5253969
yqjE_yqjK_yqjD_yqjC_predicted,0.5,1,1,GCTTACCGGGGCGGATCTCC,0,5255604
yqjE_yqjK_yqjD_yqjC_predicted,0.5,1,1,GCTTAAGAAGAGTATCGGTC,0,5200155
yqjE_yqjK_yqjD_yqjC_predicted,0.5,1,1,GCTTAACTTTAAATAGGAAA,0,5241691
yqjE_yqjK_yqjD_yqjC_predicted,0.5,1,1,GCTGTGTAGTGCGCCTGGGC,0,5208909
yqjE_yqjK_yqjD_yqjC_predicted,0.5,1,1,GCTGTCCTCTATTTTGAGTA,0,5198463
yqjE_yqjK_yqjD_yqjC_predicted,0.5,1,1,GCTGTAAAATGTGTTACCAG,0,5175202
yqjE_yqjK_yqjD_yqjC_predicted,0.5,1,1,GCTGGTTTCTCCTGGGTAAT,0,5232293
yqjE_yqjK_yqjD_yqjC_predicted,0.5,1,1,GCTGGGTTCAATTGGTACAG,0,5259309
yqjE_yqjK_yqjD_yqjC_predicted,0.5,1,1,GCTGGGGTGGCATAGAGCGA,0,5190092
yqjE_yqjK_yqjD_yqjC_predicted,0.5,1,1,GCTGCTCGTTATTGGGTAAT,0,5180746
yqjE_yqjK_yqjD_yqjC_predicted,0.5,1,1,GCTGCCCCTGAGACGGAGAT,0,5226127
yqjE_yqjK_yqjD_yqjC_predicted,0.5,1,1,GCTGCATTACCGGAGAAAGT,0,5256348
yqjE_yqjK_yqjD_yqjC_predicted,0.5,1,1,GCTGCAACTGAGCCGGATGA,0,5226867
yqjE_yqjK_yqjD_yqjC_predicted,0.5,1,1,GCTGACCCCGGGTTCCAATT,0,5212546
yqjE_yqjK_yqjD_yqjC_predicted,0.5,1,1,GCTGACACCTGCTTCACATG,0,5222831
yqjE_yqjK_yqjD_yqjC_predicted,0.5,1,1,GCTCTGGCCTCCGATACGGG,0,5242957
yqjE_yqjK_yqjD_yqjC_predicted,0.5,1,1,GCTCTGGATGCGAGCGCTCA,0,5172193
yqjE_yqjK_yqjD_yqjC_predicted,0.5,1,1,GCTCTGAACTCCCTACCCCC,0,5200806
yqjE_yqjK_yqjD_yqjC_predicted,0.5,1,1,GCTCTCAATGGTCGTGATAA,0,5208776
yqjE_yqjK_yqjD_yqjC_predicted,0.5,1,1,GCTCTACCCGTGCCTCGGGC,0,5209917
yqjE_yqjK_yqjD_yqjC_predicted,0.5,1,1,GCTCGGTAGGCAATGCATGC,0,5206187
yqjE_yqjK_yqjD_yqjC_predicted,0.5,1,1,GCTCGGGTGAGGGGCCGGAG,0,5184158
yqjE_yqjK_yqjD_yqjC_predicted,0.5,1,1,GCTCGGAAGTTAGCATAACT,0,5188595
yqjE_yqjK_yqjD_yqjC_predicted,0.5,1,1,GCTCCTCAGTACCCGGGCGC,0,5179786
yqjE_yqjK_yqjD_yqjC_predicted,0.5,1,1,GCTCCTACGAAGGTAGACAC,0,5228805
yqjE_yqjK_yqjD_yqjC_predicted,0.5,1,1,GCTCCGTTAACTGTGTGAGC,0,5253380
yqjE_yqjK_yqjD_yqjC_predicted,0.5,1,1,GCTCCAAGGTATACTTCCCT,0,5242123
yqjE_yqjK_yqjD_yqjC_predicted,0.5,1,1,GCTCATTCTCGCCTTACCTC,0,5240518
yqjE_yqjK_yqjD_yqjC_predicted,0.5,1,1,GCTCATGTCTAGGTATATTT,0,5184345
yqjE_yqjK_yqjD_yqjC_predicted,0.5,1,1,GCTATTCTAGTAGGGCTATA,0,5250455
yqjE_yqjK_yqjD_yqjC_predicted,0.5,1,1,GCTATGGGCTTTACCACGCT,0,5247982
yqjE_yqjK_yqjD_yqjC_predicted,0.5,1,1,GCTATGGCCCGTCGACTCTC,0,5210242
yqjE_yqjK_yqjD_yqjC_predicted,0.5,1,1,GCTATGACGCCTCTCTCTTT,0,5193187
yqjE_yqjK_yqjD_yqjC_predicted,0.5,1,1,GCTATCAGAACCATGTGGAA,0,5183178
yqjE_yqjK_yqjD_yqjC_predicted,0.5,1,1,GCTATAAGCCATTATTTCGC,0,5227607
yqjE_yqjK_yqjD_yqjC_predicted,0.5,1,1,GCTAGTTATTATCTAGATGT,0,5214425
yqjE_yqjK_yqjD_yqjC_predicted,0.5,1,1,GCTAGGGTGGGCCTACACAT,0,5249742
yqjE_yqjK_yqjD_yqjC_predicted,0.5,1,1,GCTAGGACTCAGGCATCCGG,0,5179556
yqjE_yqjK_yqjD_yqjC_predicted,0.5,1,1,GCTAGCACACCGTGCGCGGT,0,5251325
yqjE_yqjK_yqjD_yqjC_predicted,0.5,1,1,GCTAGATTCGGAAAAGGAAA,0,5253251
yqjE_yqjK_yqjD_yqjC_predicted,0.5,1,1,GCTAGATACGAGAGATTGTT,0,5247015
yqjE_yqjK_yqjD_yqjC_predicted,0.5,1,1,GCTAAGACCCCTACCAACCT,0,5246509
yqjE_yqjK_yqjD_yqjC_predicted,0.5,1,1,GCTAACCGAGTCATGGGTGC,0,5222394
yqjE_yqjK_yqjD_yqjC_predicted,0.5,1,1,GCGTTTTCTGTTAGCGGGCA,0,5212424
yqjE_yqjK_yqjD_yqjC_predicted,0.5,1,1,GCGTTTGGGCATTGCCTAGC,0,5199682
yqjE_yqjK_yqjD_yqjC_predicted,0.5,1,1,GCGTTACCACGTACGCAAGC,0,5172760
yqjE_yqjK_yqjD_yqjC_predicted,0.5,1,1,GCGTGTGTTATACAAGTATT,0,5200680
yqjE_yqjK_yqjD_yqjC_predicted,0.5,1,1,GCGTGGGTAAGACTTGCGCC,0,5244682
yqjE_yqjK_yqjD_yqjC_predicted,0.5,1,1,GCGTGGAATGAGTTCTGCAG,0,5210210
yqjE_yqjK_yqjD_yqjC_predicted,0.5,1,1,GCGTGCGTCAAGCAGCAGCC,0,5202973
yqjE_yqjK_yqjD_yqjC_predicted,0.5,1,1,GCGTGCAATTCGATTCCACT,0,5209753
yqjE_yqjK_yqjD_yqjC_predicted,0.5,1,1,GCGTGATTCGATCCCGTTAG,0,5193867
yqjE_yqjK_yqjD_yqjC_predicted,0.5,1,1,GCGTGAATCTCACCCAGATA,0,5235608
yqjE_yqjK_yqjD_yqjC_predicted,0.5,1,1,GCGTCGTGGTGGTGAGAGGA,0,5234728
yqjE_yqjK_yqjD_yqjC_predicted,0.5,1,1,GCGTCGGTCCGGACACAAAT,0,5179241
yqjE_yqjK_yqjD_yqjC_predicted,0.5,1,1,GCGTCCAACATTAATACGGC,0,5195605
yqjE_yqjK_yqjD_yqjC_predicted,0.5,1,1,GCGTCAATTAGACTTTCGTA,0,5228411
yqjE_yqjK_yqjD_yqjC_predicted,0.5,1,1,GCGTATCGGCTTTAGGGCGT,0,5201063
yqjE_yqjK_yqjD_yqjC_predicted,0.5,1,1,GCGTACAGCTACCTTCCTCG,0,5229580
yqjE_yqjK_yqjD_yqjC_predicted,0.5,1,1,GCGGTTATTGCTGTATGAGA,0,5225430
yqjE_yqjK_yqjD_yqjC_predicted,0.5,1,1,GCGGTGTCGGTCGATACGTT,0,5206926
yqjE_yqjK_yqjD_yqjC_predicted,0.5,1,1,GCGGTGAGCTGTGTCTCTAT,0,5249102
yqjE_yqjK_yqjD_yqjC_predicted,0.5,1,1,GCGGTCGAAAAGAATTCCCC,0,5245826
yqjE_yqjK_yqjD_yqjC_predicted,0.5,1,1,GCGGGTGCAGCTAATCGTAC,0,5185728
yqjE_yqjK_yqjD_yqjC_predicted,0.5,1,1,GCGGGTGCAATGGACTGGCT,0,5253556
yqjE_yqjK_yqjD_yqjC_predicted,0.5,1,1,GCGGGTGATGACGACGTTCG,0,5185256
yqjE_yqjK_yqjD_yqjC_predicted,0.5,1,1,GCGGGGCGGTCAATACAGCA,0,5212131
yqjE_yqjK_yqjD_yqjC_predicted,0.5,1,1,GCGGGCTAGCTAAGGGGTCG,0,5230917
yqjE_yqjK_yqjD_yqjC_predicted,0.5,1,1,GCGGGCCTAACCTCTATTGT,0,5236065
yqjE_yqjK_yqjD_yqjC_predicted,0.5,1,1,GCGGGCCGGTGCCGACCTCG,0,5258591
yqjE_yqjK_yqjD_yqjC_predicted,0.5,1,1,GCGGGCAGATGAACTTGATA,0,5194572
yqjE_yqjK_yqjD_yqjC_predicted,0.5,1,1,GCGGCTTGTTCAACCGCTAA,0,5193243
yqjE_yqjK_yqjD_yqjC_predicted,0.5,1,1,GCGGCTTGGATCCGCCGATA,0,5245119
yqjE_yqjK_yqjD_yqjC_predicted,0.5,1,1,GCGGCTGGAAACCCGGATAT,0,5210562
yqjE_yqjK_yqjD_yqjC_predicted,0.5,1,1,GCGGCTGCATTAAAGGTACA,0,5258270
yqjE_yqjK_yqjD_yqjC_predicted,0.5,1,1,GCGGCCATCTATTAAGTCTC,0,5199517
yqjE_yqjK_yqjD_yqjC_predicted,0.5,1,1,GCGGCCATCAAGTTACCCAA,0,5180182
yqjE_yqjK_yqjD_yqjC_predicted,0.5,1,1,GCGGATGTTTGGCGTATTCC,0,5240730
yqjE_yqjK_yqjD_yqjC_predicted,0.5,1,1,GCGGAGGGTTCCACAATTAC,0,5203306
yqjE_yqjK_yqjD_yqjC_predicted,0.5,1,1,GCGGAGCAAAGTGTCTAAAT,0,5261351
yqjE_yqjK_yqjD_yqjC_predicted,0.5,1,1,GCGGACTGGTTAAGGGTAAA,0,5256422
yqjE_yqjK_yqjD_yqjC_predicted,0.5,1,1,GCGCTTGGGCGTAGCTCCAT,0,5204708
yqjE_yqjK_yqjD_yqjC_predicted,0.5,1,1,GCGCTTAAGAACGTTAGCCC,0,5254401
yqjE_yqjK_yqjD_yqjC_predicted,0.5,1,1,GCGCTGGTAGGAAGTGTTCG,0,5230915
yqjE_yqjK_yqjD_yqjC_predicted,0.5,1,1,GCGCTGGGTGTATTGGCAGT,0,5205108
yqjE_yqjK_yqjD_yqjC_predicted,0.5,1,1,GCGCTGCTACTGTCCCATAA,0,5201281
yqjE_yqjK_yqjD_yqjC_predicted,0.5,1,1,GCGCTGACGGGCGAAGACAG,0,5239343
yqjE_yqjK_yqjD_yqjC_predicted,0.5,1,1,GCGCTCTTAGGGTCAGTCCG,0,5206205
yqjE_yqjK_yqjD_yqjC_predicted,0.5,1,1,GCGCTATGCAGAGGATACAT,0,5206882
yqjE_yqjK_yqjD_yqjC_predicted,0.5,1,1,GCGCGTTACTCGAGGAATCC,0,5239712
yqjE_yqjK_yqjD_yqjC_predicted,0.5,1,1,GCGCGTGGTGTGCAAAGGCT,0,5186352
yqjE_yqjK_yqjD_yqjC_predicted,0.5,1,1,GCGCGGCCCTCTGCCATGTG,0,5216706
yqjE_yqjK_yqjD_yqjC_predicted,0.5,1,1,GCGCGCTCACATAGGACGTC,0,5179720
yqjE_yqjK_yqjD_yqjC_predicted,0.5,1,1,GCGCCTGAAGGAGTGATAAA,0,5220696
yqjE_yqjK_yqjD_yqjC_predicted,0.5,1,1,GCGCCGGGCTGTCATGCTCA,0,5225504
yqjE_yqjK_yqjD_yqjC_predicted,0.5,1,1,GCGCCGAATCAGTGGACCAT,0,5229755
yqjE_yqjK_yqjD_yqjC_predicted,0.5,1,1,GCGCCCGATGCATATTCATC,0,5198938
yqjE_yqjK_yqjD_yqjC_predicted,0.5,1,1,GCGCCAGTCCACTCCCCACC,0,5199103
yqjE_yqjK_yqjD_yqjC_predicted,0.5,1,1,GCGCATCATATCCCCCGTCT,0,5174727
yqjE_yqjK_yqjD_yqjC_predicted,0.5,1,1,GCGCAGACCTTAGATACTAT,0,5176276
yqjE_yqjK_yqjD_yqjC_predicted,0.5,1,1,GCGCACGTTGTAAGTCACCT,0,5233501
yqjE_yqjK_yqjD_yqjC_predicted,0.5,1,1,GCGCACCGAGAAAGGCGCTC,0,5239682
yqjE_yqjK_yqjD_yqjC_predicted,0.5,1,1,GCGCAATTTGGTACAACTAA,0,5173431
yqjE_yqjK_yqjD_yqjC_predicted,0.5,1,1,GCGCAATGGTCTCTACAGAT,0,5248637
yqjE_yqjK_yqjD_yqjC_predicted,0.5,1,1,GCGATCATCGTAGTCTGATT,0,5187558
yqjE_yqjK_yqjD_yqjC_predicted,0.5,1,1,GCGATATTCTGCAATTGGAC,0,5211805
yqjE_yqjK_yqjD_yqjC_predicted,0.5,1,1,GCGATAAAGAGGAGTTGCAT,0,5177939
yqjE_yqjK_yqjD_yqjC_predicted,0.5,1,1,GCGAGTATTTTTCAGACGCG,0,5214677
yqjE_yqjK_yqjD_yqjC_predicted,0.5,1,1,GCGAGGAAGAAGGTCATAAA,0,5240158
yqjE_yqjK_yqjD_yqjC_predicted,0.5,1,1,GCGAGCGCTTGGACAGCACA,0,5195951
yqjE_yqjK_yqjD_yqjC_predicted,0.5,1,1,GCGAGAGGGTAGATTGGCTG,0,5204979
yqjE_yqjK_yqjD_yqjC_predicted,0.5,1,1,GCGAGAACGACCTAGTCAGA,0,5262010
yqjE_yqjK_yqjD_yqjC_predicted,0.5,1,1,GCGACTTCTCGACGCTGGAT,0,5247698
yqjE_yqjK_yqjD_yqjC_predicted,0.5,1,1,GCGACTACCCCGTTTTTTGT,0,5245449
yqjE_yqjK_yqjD_yqjC_predicted,0.5,1,1,GCGACCGCATGAAATCCCGT,0,5244114
yqjE_yqjK_yqjD_yqjC_predicted,0.5,1,1,GCGAATGCTAGGTGTTGCTA,0,5178198
yqjE_yqjK_yqjD_yqjC_predicted,0.5,1,1,GCGAATCTCCCGAGGGTCCA,0,5232141
yqjE_yqjK_yqjD_yqjC_predicted,0.5,1,1,GCGAAGCCAGTACCCCAGCC,0,5191603
yqjE_yqjK_yqjD_yqjC_predicted,0.5,1,1,GCGAACAGTACACGGACTAG,0,5211243
yqjE_yqjK_yqjD_yqjC_predicted,0.5,1,1,GCGAAAATTAATTTTGCATA,0,5223026
yqjE_yqjK_yqjD_yqjC_predicted,0.5,1,1,GCCTTCTTCACTCGAACTTC,0,5198507
yqjE_yqjK_yqjD_yqjC_predicted,0.5,1,1,GCCTTCTCGTGATTGCCCGA,0,5232935
yqjE_yqjK_yqjD_yqjC_predicted,0.5,1,1,GCCTTCGCAAAAAAGACGCC,0,5176115
yqjE_yqjK_yqjD_yqjC_predicted,0.5,1,1,GCCTTCCTAGATGGAAATAC,0,5236250
yqjE_yqjK_yqjD_yqjC_predicted,0.5,1,1,GCCTGTTGACCTCCACAAAT,0,5176623
yqjE_yqjK_yqjD_yqjC_predicted,0.5,1,1,GCCTGGACCCGAGCTCAAGA,0,5232726
yqjE_yqjK_yqjD_yqjC_predicted,0.5,1,1,GCCTGCCTACTCGGTCTTAT,0,5249027
yqjE_yqjK_yqjD_yqjC_predicted,0.5,1,1,GCCTCTGCTATATCCAGAAC,0,5219507
yqjE_yqjK_yqjD_yqjC_predicted,0.5,1,1,GCCTCTACATCGTATGTGTC,0,5185306
yqjE_yqjK_yqjD_yqjC_predicted,0.5,1,1,GCCTCGTACCGTGTCGCGTT,0,5249734
yqjE_yqjK_yqjD_yqjC_predicted,0.5,1,1,GCCTCGCTGTGGTTAGCACG,0,5240148
yqjE_yqjK_yqjD_yqjC_predicted,0.5,1,1,GCCTCGACTGAAAAGCACAG,0,5176893
yqjE_yqjK_yqjD_yqjC_predicted,0.5,1,1,GCCTCCGGTCCAGCAAGGAT,0,5177088
yqjE_yqjK_yqjD_yqjC_predicted,0.5,1,1,GCCTCCCTAGCCAATCTAAG,0,5184875
yqjE_yqjK_yqjD_yqjC_predicted,0.5,1,1,GCCTCAATCGTATGGAATCC,0,5235656
yqjE_yqjK_yqjD_yqjC_predicted,0.5,1,1,GCCTCAACTTCATCTCCACT,0,5177542
yqjE_yqjK_yqjD_yqjC_predicted,0.5,1,1,GCCTAGGTTCCAATGATGGC,0,5242797
yqjE_yqjK_yqjD_yqjC_predicted,0.5,1,1,GCCTACGGCATGATCTATGA,0,5208444
yqjE_yqjK_yqjD_yqjC_predicted,0.5,1,1,GCCGTTTAGACGAATCCATA,0,5215173
yqjE_yqjK_yqjD_yqjC_predicted,0.5,1,1,GCCGTTCTCCCTCGCGCATG,0,5226986
yqjE_yqjK_yqjD_yqjC_predicted,0.5,1,1,GCCGTATGTTTACCAGGTTG,0,5213125
yqjE_yqjK_yqjD_yqjC_predicted,0.5,1,1,GCCGTATCCTCAAGCCAGGC,0,5201041
yqjE_yqjK_yqjD_yqjC_predicted,0.5,1,1,GCCGGTTCCCCAACGTTAAC,0,5225889
yqjE_yqjK_yqjD_yqjC_predicted,0.5,1,1,GCCGGTGAGCCCACAGCTAA,0,5257716
yqjE_yqjK_yqjD_yqjC_predicted,0.5,1,1,GCCGGGTGGCGACGTCTATG,0,5186368
yqjE_yqjK_yqjD_yqjC_predicted,0.5,1,1,GCCGGGGCAGGCTGCAAGTA,0,5181583
yqjE_yqjK_yqjD_yqjC_predicted,0.5,1,1,GCCGGATTTTCCCAGACTAG,0,5232803
yqjE_yqjK_yqjD_yqjC_predicted,0.5,1,1,GCCGCTGATGCGCGAGCGAA,0,5185194
yqjE_yqjK_yqjD_yqjC_predicted,0.5,1,1,GCCGCTCGATCTGTGATCCT,0,5239347
yqjE_yqjK_yqjD_yqjC_predicted,0.5,1,1,GCCGCAGTTGGGGGTACATC,0,5210482
yqjE_yqjK_yqjD_yqjC_predicted,0.5,1,1,GCCCTTGTGATGTCCGCCAG,0,5217008
yqjE_yqjK_yqjD_yqjC_predicted,0.5,1,1,GCCCTCGATGGCCGATGCGA,0,5220911
yqjE_yqjK_yqjD_yqjC_predicted,0.5,1,1,GCCCTCCCATCTTACAGATA,0,5252337
yqjE_yqjK_yqjD_yqjC_predicted,0.5,1,1,GCCCTCATCAATCACTGTGA,0,5244526
yqjE_yqjK_yqjD_yqjC_predicted,0.5,1,1,GCCCGTTCCCCTTGGCCATG,0,5260160
yqjE_yqjK_yqjD_yqjC_predicted,0.5,1,1,GCCCGTTCAGCCAATTAATG,0,5231327
yqjE_yqjK_yqjD_yqjC_predicted,0.5,1,1,GCCCGTGTAAACCGTAGGTT,0,5257496
yqjE_yqjK_yqjD_yqjC_predicted,0.5,1,1,GCCCGCTGAGATTATTCTAT,0,5187468
yqjE_yqjK_yqjD_yqjC_predicted,0.5,1,1,GCCCGCCGTATCCATTCACC,0,5222838
yqjE_yqjK_yqjD_yqjC_predicted,0.5,1,1,GCCCCTTTTGTCCCGGGTCA,0,5188176
yqjE_yqjK_yqjD_yqjC_predicted,0.5,1,1,GCCCCTACTGCCCTTGAAGG,0,5218180
yqjE_yqjK_yqjD_yqjC_predicted,0.5,1,1,GCCCCGCCGCACTCATTCCT,0,5196723
yqjE_yqjK_yqjD_yqjC_predicted,0.5,1,1,GCCCCGAGGACGTTCACTTC,0,5210931
yqjE_yqjK_yqjD_yqjC_predicted,0.5,1,1,GCCCCAAAGCGAGAATGTCA,0,5254217
yqjE_yqjK_yqjD_yqjC_predicted,0.5,1,1,GCCCAGGTTGGAACTCCGAG,0,5208362
yqjE_yqjK_yqjD_yqjC_predicted,0.5,1,1,GCCCAGCACGTATACGGCGG,0,5230068
yqjE_yqjK_yqjD_yqjC_predicted,0.5,1,1,GCCCACGGCATCGCAACACA,0,5185139
yqjE_yqjK_yqjD_yqjC_predicted,0.5,1,1,GCCATGACCGCCAGGACGTG,0,5171946
yqjE_yqjK_yqjD_yqjC_predicted,0.5,1,1,GCCATGAACCGATTCTAGGC,0,5173992
yqjE_yqjK_yqjD_yqjC_predicted,0.5,1,1,GCCATCTACGAGAGTTGAGC,0,5191400
yqjE_yqjK_yqjD_yqjC_predicted,0.5,1,1,GCCATCGGCGAACACATTCA,0,5197205
yqjE_yqjK_yqjD_yqjC_predicted,0.5,1,1,GCCATAGGGTAAAAAGTCCA,0,5174578
yqjE_yqjK_yqjD_yqjC_predicted,0.5,1,1,GCCATAAGTCCTTGGGGTCA,0,5178892
yqjE_yqjK_yqjD_yqjC_predicted,0.5,1,1,GCCAGGGCAGCTCCGGGCGT,0,5216685
yqjE_yqjK_yqjD_yqjC_predicted,0.5,1,1,GCCAGGCCCACTGTGCTTGC,0,5221346
yqjE_yqjK_yqjD_yqjC_predicted,0.5,1,1,GCCAGCTTAGCGCATGATAA,0,5212880
yqjE_yqjK_yqjD_yqjC_predicted,0.5,1,1,GCCAGATGTCCCTGCGACAG,0,5244622
yqjE_yqjK_yqjD_yqjC_predicted,0.5,1,1,GCCAGAGGATTTCGCGCCAC,0,5246906
yqjE_yqjK_yqjD_yqjC_predicted,0.5,1,1,GCCACGGGTAAAGTTGCCCT,0,5193442
yqjE_yqjK_yqjD_yqjC_predicted,0.5,1,1,GCCACGGCTGAGATTATATA,0,5252758
yqjE_yqjK_yqjD_yqjC_predicted,0.5,1,1,GCCACCTCGGTTAAGAAGGT,0,5214114
yqjE_yqjK_yqjD_yqjC_predicted,0.5,1,1,GCCAAGTACCGGAAAAAAGA,0,5240998
yqjE_yqjK_yqjD_yqjC_predicted,0.5,1,1,GCCAAGCATAAGTATATCGA,0,5252231
yqjE_yqjK_yqjD_yqjC_predicted,0.5,1,1,GCCAAGAAGAGCCTATATAA,0,5181499
yqjE_yqjK_yqjD_yqjC_predicted,0.5,1,1,GCCAACGTTAGATAGCAAAA,0,5215341
yqjE_yqjK_yqjD_yqjC_predicted,0.5,1,1,GCCAACGAATTTTTCCTGTG,0,5208511
yqjE_yqjK_yqjD_yqjC_predicted,0.5,1,1,GCCAACCATCCCATCACCCC,0,5240215
yqjE_yqjK_yqjD_yqjC_predicted,0.5,1,1,GCCAAATTGCAAGTACCGCC,0,5182088
yqjE_yqjK_yqjD_yqjC_predicted,0.5,1,1,GCCAAATCGCCCAGGTCACA,0,5179430
yqjE_yqjK_yqjD_yqjC_predicted,0.5,1,1,GCCAAAGGAGTGGTCCGGGA,0,5195271
yqjE_yqjK_yqjD_yqjC_predicted,0.5,1,1,GCCAAAAGCTCGCGCTTTTT,0,5254561
yqjE_yqjK_yqjD_yqjC_predicted,0.5,1,1,GCATTTACCCTCTAGGCCTA,0,5192597
yqjE_yqjK_yqjD_yqjC_predicted,0.5,1,1,GCATTTAAATTATGGTGGAG,0,5240850
yqjE_yqjK_yqjD_yqjC_predicted,0.5,1,1,GCATTGTGTGGAAGCGACGT,0,5215332
yqjE_yqjK_yqjD_yqjC_predicted,0.5,1,1,GCATTGGTTAGAAATTCCCT,0,5203151
yqjE_yqjK_yqjD_yqjC_predicted,0.5,1,1,GCATTGAGTCGAAGGCTTAT,0,5248992
yqjE_yqjK_yqjD_yqjC_predicted,0.5,1,1,GCATTCGACTTTCGTATCAG,0,5208395
yqjE_yqjK_yqjD_yqjC_predicted,0.5,1,1,GCATTCCTGGCCGAAGGTTA,0,5261090
yqjE_yqjK_yqjD_yqjC_predicted,0.5,1,1,GCATGTTCAGTGAGGGATGG,0,5190349
yqjE_yqjK_yqjD_yqjC_predicted,0.5,1,1,GCATCTGCGTGCTCCTAAGT,0,5218284
yqjE_yqjK_yqjD_yqjC_predicted,0.5,1,1,GCATCTAGCACAATGACATT,0,5232500
yqjE_yqjK_yqjD_yqjC_predicted,0.5,1,1,GCATCTAACGTTCGAGATGC,0,5220341
yqjE_yqjK_yqjD_yqjC_predicted,0.5,1,1,GCATCGATGCATACAAGGCA,0,5249270
yqjE_yqjK_yqjD_yqjC_predicted,0.5,1,1,GCATATCGGGCTACGCCACC,0,5175572
yqjE_yqjK_yqjD_yqjC_predicted,0.5,1,1,GCATATCATGTGACCTACGG,0,5171964
yqjE_yqjK_yqjD_yqjC_predicted,0.5,1,1,GCATACCGATTAGATACATC,0,5239544
yqjE_yqjK_yqjD_yqjC_predicted,0.5,1,1,GCAGTTGGAACATTACTCAC,0,5242314
yqjE_yqjK_yqjD_yqjC_predicted,0.5,1,1,GCAGTGGTCTCCTTTGGCCC,0,5205287
yqjE_yqjK_yqjD_yqjC_predicted,0.5,1,1,GCAGTGACCGTAGTTCAGGA,0,5242954
yqjE_yqjK_yqjD_yqjC_predicted,0.5,1,1,GCAGTCTCACGTCGCCTCCA,0,5246589
yqjE_yqjK_yqjD_yqjC_predicted,0.5,1,1,GCAGTCATGTGGGTTTGCGA,0,5238378
yqjE_yqjK_yqjD_yqjC_predicted,0.5,1,1,GCAGTAAAGAATAATGAGGG,0,5189145
yqjE_yqjK_yqjD_yqjC_predicted,0.5,1,1,GCAGGTTTGTGTCAGCCTGA,0,5219255
yqjE_yqjK_yqjD_yqjC_predicted,0.5,1,1,GCAGGTGGAAGTGTGAACTA,0,5171173
yqjE_yqjK_yqjD_yqjC_predicted,0.5,1,1,GCAGGCTTCACGCAAGGTAC,0,5189037
yqjE_yqjK_yqjD_yqjC_predicted,0.5,1,1,GCAGGCGCCGCAAGTATTAT,0,5180386
yqjE_yqjK_yqjD_yqjC_predicted,0.5,1,1,GCAGCGAGGCACTGTAGTTT,0,5172915
yqjE_yqjK_yqjD_yqjC_predicted,0.5,1,1,GCAGCCCCCACTGACCTTTC,0,5203840
yqjE_yqjK_yqjD_yqjC_predicted,0.5,1,1,GCAGACCTACATGGAGACAT,0,5258374
yqjE_yqjK_yqjD_yqjC_predicted,0.5,1,1,GCAGAATTAGGACCGCCGGA,0,5192880
yqjE_yqjK_yqjD_yqjC_predicted,0.5,1,1,GCAGAAGCAATGAGGGGTTA,0,5243591
yqjE_yqjK_yqjD_yqjC_predicted,0.5,1,1,GCAGAAGACCAGGGTGGCAC,0,5256432
yqjE_yqjK_yqjD_yqjC_predicted,0.5,1,1,GCACTGGACTCGAAAGGTTT,0,5220523
yqjE_yqjK_yqjD_yqjC_predicted,0.5,1,1,GCACTAGGTTCGTTTCCGAA,0,5176148
yqjE_yqjK_yqjD_yqjC_predicted,0.5,1,1,GCACTACCACGATAATCCAT,0,5235519
yqjE_yqjK_yqjD_yqjC_predicted,0.5,1,1,GCACGTGCGCAAGTGTGGCT,0,5233394
yqjE_yqjK_yqjD_yqjC_predicted,0.5,1,1,GCACGTCGGTAGCTCCGCGT,0,5251268
yqjE_yqjK_yqjD_yqjC_predicted,0.5,1,1,GCACGGTGAAGCGACGTGGA,0,5260113
yqjE_yqjK_yqjD_yqjC_predicted,0.5,1,1,GCACGCGAGCAAACTGATCA,0,5191410
yqjE_yqjK_yqjD_yqjC_predicted,0.5,1,1,GCACGAGCATCGACTGTATA,0,5232424
yqjE_yqjK_yqjD_yqjC_predicted,0.5,1,1,GCACCGGCGTCGGTTTCGGG,0,5235046
yqjE_yqjK_yqjD_yqjC_predicted,0.5,1,1,GCACCGCGGGCAGAGCAAAC,0,5216096
yqjE_yqjK_yqjD_yqjC_predicted,0.5,1,1,GCACCAATGCAAGTAGCGTG,0,5197365
yqjE_yqjK_yqjD_yqjC_predicted,0.5,1,1,GCACATATCGTTACTCTCAC,0,5176258
yqjE_yqjK_yqjD_yqjC_predicted,0.5,1,1,GCACAGGAACAAAGCCGCCA,0,5209869
yqjE_yqjK_yqjD_yqjC_predicted,0.5,1,1,GCACAGGAAAATCTTTATTT,0,5208243
yqjE_yqjK_yqjD_yqjC_predicted,0.5,1,1,GCACAAAGCTGGTTTTATTT,0,5241424
yqjE_yqjK_yqjD_yqjC_predicted,0.5,1,1,GCACAAAGACTGTACGTAGA,0,5240985
yqjE_yqjK_yqjD_yqjC_predicted,0.5,1,1,GCAATGGTGTAACCCGATCA,0,5225455
yqjE_yqjK_yqjD_yqjC_predicted,0.5,1,1,GCAATGATTACATAGATTCG,0,5250482
yqjE_yqjK_yqjD_yqjC_predicted,0.5,1,1,GCAATCGGTATGGGTACAAC,0,5206380
yqjE_yqjK_yqjD_yqjC_predicted,0.5,1,1,GCAATATAGTAGGACGAATC,0,5193246
yqjE_yqjK_yqjD_yqjC_predicted,0.5,1,1,GCAATACCGGTTGTTATAAC,0,5172582
yqjE_yqjK_yqjD_yqjC_predicted,0.5,1,1,GCAAGGTCTTGGTACTTTAG,0,5226795
yqjE_yqjK_yqjD_yqjC_predicted,0.5,1,1,GCAAGGGGGGGACATGCCAT,0,5251596
yqjE_yqjK_yqjD_yqjC_predicted,0.5,1,1,GCAAGGGCTGTGTAATAGGA,0,5170786
yqjE_yqjK_yqjD_yqjC_predicted,0.5,1,1,GCAAGGCTCACGTTACGGGG,0,5182611
yqjE_yqjK_yqjD_yqjC_predicted,0.5,1,1,GCAACGCGAGTCAACTATGA,0,5224065
yqjE_yqjK_yqjD_yqjC_predicted,0.5,1,1,GCAACGAAGCCGCGACATTA,0,5206914
yqjE_yqjK_yqjD_yqjC_predicted,0.5,1,1,GCAACCTCGCGAAGAGTCAC,0,5232138
yqjE_yqjK_yqjD_yqjC_predicted,0.5,1,1,GCAACCTATATTAAACTTGA,0,5198747
yqjE_yqjK_yqjD_yqjC_predicted,0.5,1,1,GCAACCGGGGTCGGCGGGTC,0,5173548
yqjE_yqjK_yqjD_yqjC_predicted,0.5,1,1,GCAACCAAGTAAATCAATGC,0,5256237
yqjE_yqjK_yqjD_yqjC_predicted,0.5,1,1,GCAACAGACCCACCTGATAT,0,5175784
yqjE_yqjK_yqjD_yqjC_predicted,0.5,1,1,GCAACAAGCGTCTCTGCAGC,0,5253983
yqjE_yqjK_yqjD_yqjC_predicted,0.5,1,1,GCAAAGACCTCGGATAACAA,0,5247264
yqjE_yqjK_yqjD_yqjC_predicted,0.5,1,1,GATTTGCCGAGCTTGGTAGT,0,5229231
yqjE_yqjK_yqjD_yqjC_predicted,0.5,1,1,GATTTAGGCCGAATCTCCTG,0,5199347
yqjE_yqjK_yqjD_yqjC_predicted,0.5,1,1,GATTGTTGGAGATAAGTTTA,0,5171418
yqjE_yqjK_yqjD_yqjC_predicted,0.5,1,1,GATTGTGTCTGAAATCTGGG,0,5221155
yqjE_yqjK_yqjD_yqjC_predicted,0.5,1,1,GATTGTGCACTATTATAATG,0,5223692
yqjE_yqjK_yqjD_yqjC_predicted,0.5,1,1,GATTGATTAAAGCGCTGGCG,0,5191656
yqjE_yqjK_yqjD_yqjC_predicted,0.5,1,1,GATTGATCCTAAGTAACGCG,0,5179860
yqjE_yqjK_yqjD_yqjC_predicted,0.5,1,1,GATTGAGAGTAATGAATGTA,0,5214842
yqjE_yqjK_yqjD_yqjC_predicted,0.5,1,1,GATTGAAATGTATATCGTTA,0,5220928
yqjE_yqjK_yqjD_yqjC_predicted,0.5,1,1,GATTCTTTAGGCCTTAGACT,0,5252131
yqjE_yqjK_yqjD_yqjC_predicted,0.5,1,1,GATTCGAACCAATAGGGTCA,0,5196444
yqjE_yqjK_yqjD_yqjC_predicted,0.5,1,1,GATTCAGGCTTTCACAGCTC,0,5239664
yqjE_yqjK_yqjD_yqjC_predicted,0.5,1,1,GATTATAGCACAAAAAAGGT,0,5240402
yqjE_yqjK_yqjD_yqjC_predicted,0.5,1,1,GATTACGGAACGGGTCCCAT,0,5235632
yqjE_yqjK_yqjD_yqjC_predicted,0.5,1,1,GATTACGAGGCTACTCGGAT,0,5229920
yqjE_yqjK_yqjD_yqjC_predicted,0.5,1,1,GATTAATGTGGACTTACACA,0,5228942
yqjE_yqjK_yqjD_yqjC_predicted,0.5,1,1,GATGTTACACCTGGGTAGTC,0,5227450
yqjE_yqjK_yqjD_yqjC_predicted,0.5,1,1,GATGTGTCGGCTCTAGGAGA,0,5258042
yqjE_yqjK_yqjD_yqjC_predicted,0.5,1,1,GATGTAGATCATGACTACGA,0,5181855
yqjE_yqjK_yqjD_yqjC_predicted,0.5,1,1,GATGTAAGTCTCAACATCTC,0,5232295
yqjE_yqjK_yqjD_yqjC_predicted,0.5,1,1,GATGGTTTCAGTGGTTCACA,0,5204201
yqjE_yqjK_yqjD_yqjC_predicted,0.5,1,1,GATGGTCATGTGAATCAGCT,0,5230941
yqjE_yqjK_yqjD_yqjC_predicted,0.5,1,1,GATGCTTCGAAACCATGCTA,0,5205573
yqjE_yqjK_yqjD_yqjC_predicted,0.5,1,1,GATGCTGAAACGGCCCCTTC,0,5189529
yqjE_yqjK_yqjD_yqjC_predicted,0.5,1,1,GATGCTAAAACTCTTGGCGG,0,5212760
yqjE_yqjK_yqjD_yqjC_predicted,0.5,1,1,GATGCAAGCTGCTACAGGGT,0,5185606
yqjE_yqjK_yqjD_yqjC_predicted,0.5,1,1,GATGATATCAAGAGGCTTCC,0,5201395
yqjE_yqjK_yqjD_yqjC_predicted,0.5,1,1,GATGATAATGTAAGTGACCT,0,5239746
yqjE_yqjK_yqjD_yqjC_predicted,0.5,1,1,GATGAGTGTGGGGGCATTTG,0,5214666
yqjE_yqjK_yqjD_yqjC_predicted,0.5,1,1,GATGAGGTATAAGTGTGCTT,0,5191650
yqjE_yqjK_yqjD_yqjC_predicted,0.5,1,1,GATGAGGCGGAATGTTCAAT,0,5244101
yqjE_yqjK_yqjD_yqjC_predicted,0.5,1,1,GATGAGCTCTATAGAGGCCA,0,5257536
yqjE_yqjK_yqjD_yqjC_predicted,0.5,1,1,GATGAGAAGGAAATGCGAGA,0,5252957
yqjE_yqjK_yqjD_yqjC_predicted,0.5,1,1,GATGACGCAAACCATTGCCG,0,5202035
yqjE_yqjK_yqjD_yqjC_predicted,0.5,1,1,GATGACCTGGGGTGCGCCTA,0,5209180
yqjE_yqjK_yqjD_yqjC_predicted,0.5,1,1,GATGAACTACATCGTATAGA,0,5189586
yqjE_yqjK_yqjD_yqjC_predicted,0.5,1,1,GATCTTACCGCGCAAATACC,0,5210538
yqjE_yqjK_yqjD_yqjC_predicted,0.5,1,1,GATCTGATACAGGATGGTAT,0,5250000
yqjE_yqjK_yqjD_yqjC_predicted,0.5,1,1,GATCTCTCCAGGTCTGTGTA,0,5183212
yqjE_yqjK_yqjD_yqjC_predicted,0.5,1,1,GATCGTTCACTCAGCGACCA,0,5185934
yqjE_yqjK_yqjD_yqjC_predicted,0.5,1,1,GATCGGTTGATCTAACATGG,0,5253678
yqjE_yqjK_yqjD_yqjC_predicted,0.5,1,1,GATCGGGCGGCCTCGATTTC,0,5227565
yqjE_yqjK_yqjD_yqjC_predicted,0.5,1,1,GATCGCTCATGACGCTTTGT,0,5256173
yqjE_yqjK_yqjD_yqjC_predicted,0.5,1,1,GATCGAACAATAGGCATAAG,0,5244446
yqjE_yqjK_yqjD_yqjC_predicted,0.5,1,1,GATCCGTCATTTTAAATCAC,0,5219595
yqjE_yqjK_yqjD_yqjC_predicted,0.5,1,1,GATCCGAATACCCTGGGAGC,0,5183120
yqjE_yqjK_yqjD_yqjC_predicted,0.5,1,1,GATCCATAGGGATCGAGCAG,0,5236141
yqjE_yqjK_yqjD_yqjC_predicted,0.5,1,1,GATCCAGTGTATACAAGTTA,0,5242802
yqjE_yqjK_yqjD_yqjC_predicted,0.5,1,1,GATCATAGCTTCGGGCCTAA,0,5230609
yqjE_yqjK_yqjD_yqjC_predicted,0.5,1,1,GATCAGTATTGACTACAATT,0,5174326
yqjE_yqjK_yqjD_yqjC_predicted,0.5,1,1,GATCAGAGCTCGCGTCCGGG,0,5243361
yqjE_yqjK_yqjD_yqjC_predicted,0.5,1,1,GATCACAAATATTTTGATCA,0,5248521
yqjE_yqjK_yqjD_yqjC_predicted,0.5,1,1,GATCAAGTTTAGATATAGTT,0,5216413
yqjE_yqjK_yqjD_yqjC_predicted,0.5,1,1,GATCAACGTGTTTTATGGTC,0,5237485
yqjE_yqjK_yqjD_yqjC_predicted,0.5,1,1,GATATGATAGGACTCTGGCG,0,5210933
yqjE_yqjK_yqjD_yqjC_predicted,0.5,1,1,GATATGAAAAGCCTGAATTT,0,5221028
yqjE_yqjK_yqjD_yqjC_predicted,0.5,1,1,GATATCCGTTTCAAACAGTA,0,5225620
yqjE_yqjK_yqjD_yqjC_predicted,0.5,1,1,GATATATGCAAGGGCGCGAA,0,5195147
yqjE_yqjK_yqjD_yqjC_predicted,0.5,1,1,GATAGTTGTCGTTGGTATGC,0,5198127
yqjE_yqjK_yqjD_yqjC_predicted,0.5,1,1,GATAGTGGGGCTACGTTTCC,0,5225409
yqjE_yqjK_yqjD_yqjC_predicted,0.5,1,1,GATAGTATTGCGGAGATCTG,0,5185075
yqjE_yqjK_yqjD_yqjC_predicted,0.5,1,1,GATAGGTCGTGGAGGATATC,0,5189940
yqjE_yqjK_yqjD_yqjC_predicted,0.5,1,1,GATAGCGGCCGAACAAAAGT,0,5184411
yqjE_yqjK_yqjD_yqjC_predicted,0.5,1,1,GATAGAATTAGTCATCGTTT,0,5254556
yqjE_yqjK_yqjD_yqjC_predicted,0.5,1,1,GATACTTGATGTTATCCGTC,0,5194323
yqjE_yqjK_yqjD_yqjC_predicted,0.5,1,1,GATACGGCATCCGAGGGTTA,0,5191217
yqjE_yqjK_yqjD_yqjC_predicted,0.5,1,1,GATACCCTGTATTCAGGATA,0,5213826
yqjE_yqjK_yqjD_yqjC_predicted,0.5,1,1,GATACCAGGACATTGCAACA,0,5255244
yqjE_yqjK_yqjD_yqjC_predicted,0.5,1,1,GATACCAACGTGTATCCAAG,0,5233651
yqjE_yqjK_yqjD_yqjC_predicted,0.5,1,1,GATAAGCAAAGTTACCATCG,0,5177789
yqjE_yqjK_yqjD_yqjC_predicted,0.5,1,1,GATAAACGGTGTTGCTTTTG,0,5244249
yqjE_yqjK_yqjD_yqjC_predicted,0.5,1,1,GAGTTGGCTCTAGTTTCGGG,0,5212662
yqjE_yqjK_yqjD_yqjC_predicted,0.5,1,1,GAGTTACGCCCGGGGGAAAT,0,5211509
yqjE_yqjK_yqjD_yqjC_predicted,0.5,1,1,GAGTTAAGAACGCGATTCAG,0,5247908
yqjE_yqjK_yqjD_yqjC_predicted,0.5,1,1,GAGTGTGGGCAAGAGATCCT,0,5203796
yqjE_yqjK_yqjD_yqjC_predicted,0.5,1,1,GAGTGGGTTATGCGTTCATG,0,5247445
yqjE_yqjK_yqjD_yqjC_predicted,0.5,1,1,GAGTGAGGGACTTAACTTAG,0,5227592
yqjE_yqjK_yqjD_yqjC_predicted,0.5,1,1,GAGTGAACTACTTCATTAGT,0,5228862
yqjE_yqjK_yqjD_yqjC_predicted,0.5,1,1,GAGTCTGTGCCCCGTCAGTA,0,5192122
yqjE_yqjK_yqjD_yqjC_predicted,0.5,1,1,GAGTCGTGGGCGAGGGGCGA,0,5209303
yqjE_yqjK_yqjD_yqjC_predicted,0.5,1,1,GAGTCGGCTCTTAGAAGAAA,0,5191890
yqjE_yqjK_yqjD_yqjC_predicted,0.5,1,1,GAGTCCTGTGGAGAACTGAA,0,5226636
yqjE_yqjK_yqjD_yqjC_predicted,0.5,1,1,GAGTCCAGCGTGCGAGGGGC,0,5180180
yqjE_yqjK_yqjD_yqjC_predicted,0.5,1,1,GAGTCAGTAGCTAAGCATGC,0,5171987
yqjE_yqjK_yqjD_yqjC_predicted,0.5,1,1,GAGTCACCCTCTAAAAAAGA,0,5241609
yqjE_yqjK_yqjD_yqjC_predicted,0.5,1,1,GAGTACAACATGGGGAAGGC,0,5174159
yqjE_yqjK_yqjD_yqjC_predicted,0.5,1,1,GAGGTTGCTTCGACGTTCCG,0,5183420
yqjE_yqjK_yqjD_yqjC_predicted,0.5,1,1,GAGGTCGCACTGCTTCTTTA,0,5261345
yqjE_yqjK_yqjD_yqjC_predicted,0.5,1,1,GAGGTAGATAGGTCTTCGTA,0,5262806
yqjE_yqjK_yqjD_yqjC_predicted,0.5,1,1,GAGGGGGGGTAGCCCCCCCT,0,5261463
yqjE_yqjK_yqjD_yqjC_predicted,0.5,1,1,GAGGGCTGCGTCTTTAGTAC,0,5199878
yqjE_yqjK_yqjD_yqjC_predicted,0.5,1,1,GAGGGCGGATCCCGTAACTG,0,5250082
yqjE_yqjK_yqjD_yqjC_predicted,0.5,1,1,GAGGGATGACGCACTACACC,0,5229971
yqjE_yqjK_yqjD_yqjC_predicted,0.5,1,1,GAGGCGTAGCCAGATCCTAA,0,5195727
yqjE_yqjK_yqjD_yqjC_predicted,0.5,1,1,GAGGCGGAAATCCTGCTCGC,0,5194135
yqjE_yqjK_yqjD_yqjC_predicted,0.5,1,1,GAGGCCACGTAATATAACGA,0,5262453
yqjE_yqjK_yqjD_yqjC_predicted,0.5,1,1,GAGGCATAAGGGCCTTTTTG,0,5236388
yqjE_yqjK_yqjD_yqjC_predicted,0.5,1,1,GAGGCACATAGGCCGATACT,0,5197524
yqjE_yqjK_yqjD_yqjC_predicted,0.5,1,1,GAGGATGTAGGTTCGCCGGA,0,5228320
yqjE_yqjK_yqjD_yqjC_predicted,0.5,1,1,GAGGATAACTGGTGCAAAAC,0,5193377
yqjE_yqjK_yqjD_yqjC_predicted,0.5,1,1,GAGCTTACCGGTGAAGATCG,0,5176051
yqjE_yqjK_yqjD_yqjC_predicted,0.5,1,1,GAGCTGATTATAGGACGGTC,0,5192405
yqjE_yqjK_yqjD_yqjC_predicted,0.5,1,1,GAGCTCCATTTAAATCTGTA,0,5200579
yqjE_yqjK_yqjD_yqjC_predicted,0.5,1,1,GAGCTCATTTTCAGTAATCA,0,5197166
yqjE_yqjK_yqjD_yqjC_predicted,0.5,1,1,GAGCGTTATAGGTCAGAGTG,0,5225253
yqjE_yqjK_yqjD_yqjC_predicted,0.5,1,1,GAGCGTGGTTGCCAGGAATT,0,5216546
yqjE_yqjK_yqjD_yqjC_predicted,0.5,1,1,GAGCGTAGCACACCGAAAAC,0,5238472
yqjE_yqjK_yqjD_yqjC_predicted,0.5,1,1,GAGCGGGATCCCCCGTTTTG,0,5247144
yqjE_yqjK_yqjD_yqjC_predicted,0.5,1,1,GAGCGGCCTGTAGGGTAAAT,0,5236752
yqjE_yqjK_yqjD_yqjC_predicted,0.5,1,1,GAGCCTAAGCTCCACCCTGC,0,5210691
yqjE_yqjK_yqjD_yqjC_predicted,0.5,1,1,GAGCCGTGTAGTGGGTGTCA,0,5248715
yqjE_yqjK_yqjD_yqjC_predicted,0.5,1,1,GAGCCGTCAGACACTCGCGC,0,5225212
yqjE_yqjK_yqjD_yqjC_predicted,0.5,1,1,GAGCCGAAGCACGAAACATG,0,5173873
yqjE_yqjK_yqjD_yqjC_predicted,0.5,1,1,GAGCCAATAAAGTTGGTCTA,0,5246167
yqjE_yqjK_yqjD_yqjC_predicted,0.5,1,1,GAGCCAACAATAAGGCGAGA,0,5188177
yqjE_yqjK_yqjD_yqjC_predicted,0.5,1,1,GAGCAGTGATTTCCGGGTTC,0,5234105
yqjE_yqjK_yqjD_yqjC_predicted,0.5,1,1,GAGCACACACTTACCCAGAA,0,5210825
yqjE_yqjK_yqjD_yqjC_predicted,0.5,1,1,GAGATTGGGCCTCTAGCGGG,0,5237325
yqjE_yqjK_yqjD_yqjC_predicted,0.5,1,1,GAGATGGTGCTCAAGTCACC,0,5214375
yqjE_yqjK_yqjD_yqjC_predicted,0.5,1,1,GAGATGCCACCAAGGCTCGC,0,5192163
yqjE_yqjK_yqjD_yqjC_predicted,0.5,1,1,GAGATGATCGTGTCGTCCGT,0,5239980
yqjE_yqjK_yqjD_yqjC_predicted,0.5,1,1,GAGATGAGCGGTTTAAGGGG,0,5226160
yqjE_yqjK_yqjD_yqjC_predicted,0.5,1,1,GAGATATTTCTGATTAGTCT,0,5233611
yqjE_yqjK_yqjD_yqjC_predicted,0.5,1,1,GAGATAGCTGGCTTAATTTA,0,5195361
yqjE_yqjK_yqjD_yqjC_predicted,0.5,1,1,GAGAGGTAGTAGGATGACAA,0,5200840
yqjE_yqjK_yqjD_yqjC_predicted,0.5,1,1,GAGAGCTTCACGCACTCGTC,0,5221470
yqjE_yqjK_yqjD_yqjC_predicted,0.5,1,1,GAGAGCGTTCAACGGTAAGC,0,5171341
yqjE_yqjK_yqjD_yqjC_predicted,0.5,1,1,GAGAGCACTACCGCGGTGTA,0,5234103
yqjE_yqjK_yqjD_yqjC_predicted,0.5,1,1,GAGAGACAATCACGCTTACG,0,5195967
yqjE_yqjK_yqjD_yqjC_predicted,0.5,1,1,GAGACTGATATGTCGGCGTA,0,5177460
yqjE_yqjK_yqjD_yqjC_predicted,0.5,1,1,GAGACGTTATCAGCGGGACG,0,5220121
yqjE_yqjK_yqjD_yqjC_predicted,0.5,1,1,GAGACGTGTATGACCGCAAG,0,5171023
yqjE_yqjK_yqjD_yqjC_predicted,0.5,1,1,GAGACGGGCTATACCGAATA,0,5220920
yqjE_yqjK_yqjD_yqjC_predicted,0.5,1,1,GAGAAGTTTGCCGGCCAGGA,0,5237037
yqjE_yqjK_yqjD_yqjC_predicted,0.5,1,1,GAGAAACTGGGCTGCTGTAC,0,5256873
yqjE_yqjK_yqjD_yqjC_predicted,0.5,1,1,GAGAAACCCTGGGTAGAACC,0,5252972
yqjE_yqjK_yqjD_yqjC_predicted,0.5,1,1,GACTTTTAAATACACGGACA,0,5244683
yqjE_yqjK_yqjD_yqjC_predicted,0.5,1,1,GACTTTAGTATTCCCAATCA,0,5185736
yqjE_yqjK_yqjD_yqjC_predicted,0.5,1,1,GACTTAGAGACTATGTCGAA,0,5237345
yqjE_yqjK_yqjD_yqjC_predicted,0.5,1,1,GACTGCTCACGGTAATTACT,0,5259321
yqjE_yqjK_yqjD_yqjC_predicted,0.5,1,1,GACTGACCAACGATAGAGGT,0,5257639
yqjE_yqjK_yqjD_yqjC_predicted,0.5,1,1,GACTCTTTATAAGTGAATCA,0,5236129
yqjE_yqjK_yqjD_yqjC_predicted,0.5,1,1,GACTCGCCTGGCACGCCTTG,0,5183295
yqjE_yqjK_yqjD_yqjC_predicted,0.5,1,1,GACTCGACTACGGTAGCGTA,0,5225007
yqjE_yqjK_yqjD_yqjC_predicted,0.5,1,1,GACTATGGGTATCAACTTAT,0,5196865
yqjE_yqjK_yqjD_yqjC_predicted,0.5,1,1,GACTAGAGGTCCCAGGACTT,0,5224563
yqjE_yqjK_yqjD_yqjC_predicted,0.5,1,1,GACTAATAATACGGTATGAT,0,5239477
yqjE_yqjK_yqjD_yqjC_predicted,0.5,1,1,GACTAAGATACCTATGGATG,0,5250107
yqjE_yqjK_yqjD_yqjC_predicted,0.5,1,1,GACTAACGTCCCTAATATTG,0,5184972
yqjE_yqjK_yqjD_yqjC_predicted,0.5,1,1,GACGTGGGAAGGTGATCGTG,0,5256438
yqjE_yqjK_yqjD_yqjC_predicted,0.5,1,1,GACGTCAGCGAGTATTCTCC,0,5221568
yqjE_yqjK_yqjD_yqjC_predicted,0.5,1,1,GACGTACGTGCGAGGGGAGA,0,5240371
yqjE_yqjK_yqjD_yqjC_predicted,0.5,1,1,GACGTAACCCTAGATTGGCC,0,5178795
yqjE_yqjK_yqjD_yqjC_predicted,0.5,1,1,GACGGGCGTAGTACGAACAA,0,5227513
yqjE_yqjK_yqjD_yqjC_predicted,0.5,1,1,GACGGGCATCGCCGGCCTGT,0,5232961
yqjE_yqjK_yqjD_yqjC_predicted,0.5,1,1,GACGGCTGAAGACTGTCCAC,0,5239768
yqjE_yqjK_yqjD_yqjC_predicted,0.5,1,1,GACGCTAAGTGGCTAGTGTT,0,5184713
yqjE_yqjK_yqjD_yqjC_predicted,0.5,1,1,GACGCCTGAGCGTGCCCTCT,0,5234847
yqjE_yqjK_yqjD_yqjC_predicted,0.5,1,1,GACGCACCGTGCATGTTCAC,0,5175983
yqjE_yqjK_yqjD_yqjC_predicted,0.5,1,1,GACGAACAGGGGGCGCAGCC,0,5244301
yqjE_yqjK_yqjD_yqjC_predicted,0.5,1,1,GACCTACCATATGGGTAGTT,0,5198454
yqjE_yqjK_yqjD_yqjC_predicted,0.5,1,1,GACCGTGGATGCCGGCAACA,0,5230232
yqjE_yqjK_yqjD_yqjC_predicted,0.5,1,1,GACCGTACTCTGGCGTTCAA,0,5175874
yqjE_yqjK_yqjD_yqjC_predicted,0.5,1,1,GACCGCTAGTGATTATCCGA,0,5212469
yqjE_yqjK_yqjD_yqjC_predicted,0.5,1,1,GACCGCGGGGATAGCTCTAT,0,5195055
yqjE_yqjK_yqjD_yqjC_predicted,0.5,1,1,GACCGATGAGAAAGTTGTTT,0,5225487
yqjE_yqjK_yqjD_yqjC_predicted,0.5,1,1,GACCGACACTTAAGGGCCGC,0,5218135
yqjE_yqjK_yqjD_yqjC_predicted,0.5,1,1,GACCCTTCCAGGGAAAAGTC,0,5208991
yqjE_yqjK_yqjD_yqjC_predicted,0.5,1,1,GACCAGTCACGCGATCCTTA,0,5200245
yqjE_yqjK_yqjD_yqjC_predicted,0.5,1,1,GACCAGGGCTGATGCTCCTC,0,5206461
yqjE_yqjK_yqjD_yqjC_predicted,0.5,1,1,GACCAGCCAGTACATACCGT,0,5251007
yqjE_yqjK_yqjD_yqjC_predicted,0.5,1,1,GACCACAGGGACACGGGGGG,0,5191365
yqjE_yqjK_yqjD_yqjC_predicted,0.5,1,1,GACCACAGGCGGGTGTGGTG,0,5193885
yqjE_yqjK_yqjD_yqjC_predicted,0.5,1,1,GACATCCGATACGTCCTGCA,0,5186188
yqjE_yqjK_yqjD_yqjC_predicted,0.5,1,1,GACAGTATGGTAAATAGATT,0,5254087
yqjE_yqjK_yqjD_yqjC_predicted,0.5,1,1,GACAGTATATACCGGGGGCA,0,5208874
yqjE_yqjK_yqjD_yqjC_predicted,0.5,1,1,GACAGAGTAATGTAAGGACA,0,5181484
yqjE_yqjK_yqjD_yqjC_predicted,0.5,1,1,GACAGAGAGGACCGGCTCAT,0,5171016
yqjE_yqjK_yqjD_yqjC_predicted,0.5,1,1,GACAGACCCGAAACTGTCTC,0,5240069
yqjE_yqjK_yqjD_yqjC_predicted,0.5,1,1,GACAGAACTCGCGTCGGATC,0,5205104
yqjE_yqjK_yqjD_yqjC_predicted,0.5,1,1,GACACTTCCACGTACTAATA,0,5194131
yqjE_yqjK_yqjD_yqjC_predicted,0.5,1,1,GACACTGAATGCCTAGTGCG,0,5212868
yqjE_yqjK_yqjD_yqjC_predicted,0.5,1,1,GACACTCCCGAGTGCCGTTC,0,5209675
yqjE_yqjK_yqjD_yqjC_predicted,0.5,1,1,GACACCGCGCCGAGGCAACC,0,5187514
yqjE_yqjK_yqjD_yqjC_predicted,0.5,1,1,GACACCACGAAGCTATTTTA,0,5181048
yqjE_yqjK_yqjD_yqjC_predicted,0.5,1,1,GACACAGTTCCTCGTGCCTG,0,5214748
yqjE_yqjK_yqjD_yqjC_predicted,0.5,1,1,GACAATTTTAAGGCTCGCGG,0,5212397
yqjE_yqjK_yqjD_yqjC_predicted,0.5,1,1,GACAATTATCTAAATATTTG,0,5189837
yqjE_yqjK_yqjD_yqjC_predicted,0.5,1,1,GACAATAGACAGCGCATATC,0,5219034
yqjE_yqjK_yqjD_yqjC_predicted,0.5,1,1,GACAAGAAGCCGTGAGATTG,0,5178783
yqjE_yqjK_yqjD_yqjC_predicted,0.5,1,1,GACAACTTCATGCGGCGCCC,0,5249202
yqjE_yqjK_yqjD_yqjC_predicted,0.5,1,1,GACAAAATTGTTCAACGAGG,0,5173432
yqjE_yqjK_yqjD_yqjC_predicted,0.5,1,1,GAATTTCGCTAGAGTGCTCA,0,5212187
yqjE_yqjK_yqjD_yqjC_predicted,0.5,1,1,GAATTGTGTACGGTTCGAGT,0,5210352
yqjE_yqjK_yqjD_yqjC_predicted,0.5,1,1,GAATTGGGGGTAGGATGGAG,0,5241598
yqjE_yqjK_yqjD_yqjC_predicted,0.5,1,1,GAATTGGCCGGCCAGTGTAG,0,5201579
yqjE_yqjK_yqjD_yqjC_predicted,0.5,1,1,GAATTCGGTTGCTGGCGGCG,0,5182994
yqjE_yqjK_yqjD_yqjC_predicted,0.5,1,1,GAATTACCTGGCGCATTATG,0,5222906
yqjE_yqjK_yqjD_yqjC_predicted,0.5,1,1,GAATTAAATGAGAAATGGCT,0,5260849
yqjE_yqjK_yqjD_yqjC_predicted,0.5,1,1,GAATGATAATTGATCATCCT,0,5233305
yqjE_yqjK_yqjD_yqjC_predicted,0.5,1,1,GAATGAGTAAAGTCAGCAAG,0,5191860
yqjE_yqjK_yqjD_yqjC_predicted,0.5,1,1,GAATGAAGAAAAGAGTTGTG,0,5217813
yqjE_yqjK_yqjD_yqjC_predicted,0.5,1,1,GAATCTCAAGGGCCGAGGGG,0,5185183
yqjE_yqjK_yqjD_yqjC_predicted,0.5,1,1,GAATCGGCCTCTCTACTAGC,0,5231708
yqjE_yqjK_yqjD_yqjC_predicted,0.5,1,1,GAATCGCATGGTGAAAAGCG,0,5215323
yqjE_yqjK_yqjD_yqjC_predicted,0.5,1,1,GAATCGACTATGAGCGCCAA,0,5175911
yqjE_yqjK_yqjD_yqjC_predicted,0.5,1,1,GAATCAGCGTATTGGGGTAA,0,5196874
yqjE_yqjK_yqjD_yqjC_predicted,0.5,1,1,GAATATCCCCCCTCTACAGT,0,5172484
yqjE_yqjK_yqjD_yqjC_predicted,0.5,1,1,GAATACTCATGCTTAACTCC,0,5250493
yqjE_yqjK_yqjD_yqjC_predicted,0.5,1,1,GAATACTAAGAGGATCAAAG,0,5199868
yqjE_yqjK_yqjD_yqjC_predicted,0.5,1,1,GAATACCACTAACTCATACG,0,5256138
yqjE_yqjK_yqjD_yqjC_predicted,0.5,1,1,GAATACACGTATCTTATAGC,0,5230844
yqjE_yqjK_yqjD_yqjC_predicted,0.5,1,1,GAATAAACGTCTCTGTTGTA,0,5244014
yqjE_yqjK_yqjD_yqjC_predicted,0.5,1,1,GAAGTTTTTATGCTACTAAG,0,5172900
yqjE_yqjK_yqjD_yqjC_predicted,0.5,1,1,GAAGTGTGTCAGTGTTGTTC,0,5199390
yqjE_yqjK_yqjD_yqjC_predicted,0.5,1,1,GAAGTGGCTGAAGCGTAACG,0,5218096
yqjE_yqjK_yqjD_yqjC_predicted,0.5,1,1,GAAGGGTAAGTCGGGCTCAC,0,5253731
yqjE_yqjK_yqjD_yqjC_predicted,0.5,1,1,GAAGGGGCCATTGTTGGACC,0,5245056
yqjE_yqjK_yqjD_yqjC_predicted,0.5,1,1,GAAGGGCGGAATGTACGGAT,0,5178883
yqjE_yqjK_yqjD_yqjC_predicted,0.5,1,1,GAAGGCTGGGCCACTACTAT,0,5200813
yqjE_yqjK_yqjD_yqjC_predicted,0.5,1,1,GAAGGCCGACTATTACCTGC,0,5241283
yqjE_yqjK_yqjD_yqjC_predicted,0.5,1,1,GAAGGATACAAGGCGTATCT,0,5221352
yqjE_yqjK_yqjD_yqjC_predicted,0.5,1,1,GAAGCGCTAACATGAGCAAG,0,5177451
yqjE_yqjK_yqjD_yqjC_predicted,0.5,1,1,GAAGCGACACTCGGGTGTAC,0,5225056
yqjE_yqjK_yqjD_yqjC_predicted,0.5,1,1,GAAGATAATTACGAGAAGTA,0,5201069
yqjE_yqjK_yqjD_yqjC_predicted,0.5,1,1,GAAGAGCTACTATCTACTGA,0,5172570
yqjE_yqjK_yqjD_yqjC_predicted,0.5,1,1,GAACTTGATGGTATACCAAG,0,5261534
yqjE_yqjK_yqjD_yqjC_predicted,0.5,1,1,GAACGTTGCCTTCCCCAATA,0,5178089
yqjE_yqjK_yqjD_yqjC_predicted,0.5,1,1,GAACGTTCATGCATGCAGAC,0,5201436
yqjE_yqjK_yqjD_yqjC_predicted,0.5,1,1,GAACGTGAACGCCACCGACT,0,5218950
yqjE_yqjK_yqjD_yqjC_predicted,0.5,1,1,GAACGTCAGCGGTGAGTAGG,0,5253755
yqjE_yqjK_yqjD_yqjC_predicted,0.5,1,1,GAACGCTGGGATGTAACGGG,0,5246598
yqjE_yqjK_yqjD_yqjC_predicted,0.5,1,1,GAACATTAGAGAAGTGATTG,0,5211289
yqjE_yqjK_yqjD_yqjC_predicted,0.5,1,1,GAACATGAGCGCTTTTGGTA,0,5197960
yqjE_yqjK_yqjD_yqjC_predicted,0.5,1,1,GAACATATGCCGTTACATCG,0,5244447
yqjE_yqjK_yqjD_yqjC_predicted,0.5,1,1,GAACAGTCTATAAACGTCCA,0,5247036
yqjE_yqjK_yqjD_yqjC_predicted,0.5,1,1,GAACAGTACGTGCTGTCGCG,0,5230655
yqjE_yqjK_yqjD_yqjC_predicted,0.5,1,1,GAACAGGACTGGATCACCCC,0,5247693
yqjE_yqjK_yqjD_yqjC_predicted,0.5,1,1,GAACAGCTTGTACTCCCGTA,0,5196195
yqjE_yqjK_yqjD_yqjC_predicted,0.5,1,1,GAACAGAGGGTCTGCCGAGT,0,5231817
yqjE_yqjK_yqjD_yqjC_predicted,0.5,1,1,GAAATTACCCGGATGTTCAA,0,5228955
yqjE_yqjK_yqjD_yqjC_predicted,0.5,1,1,GAAATTAAGGCTGGGTGTGC,0,5178246
yqjE_yqjK_yqjD_yqjC_predicted,0.5,1,1,GAAATCGGTTCGCTTAACAA,0,5201949
yqjE_yqjK_yqjD_yqjC_predicted,0.5,1,1,GAAATCAAGAAAAAGAAAGT,0,5225526
yqjE_yqjK_yqjD_yqjC_predicted,0.5,1,1,GAAATATGGCGTTAGGCACC,0,5175955
yqjE_yqjK_yqjD_yqjC_predicted,0.5,1,1,GAAAGTTCCAAAATGTCTAT,0,5241116
yqjE_yqjK_yqjD_yqjC_predicted,0.5,1,1,GAAAGGTGGCCCGGCATGAT,0,5255345
yqjE_yqjK_yqjD_yqjC_predicted,0.5,1,1,GAAAGCCCTCACACCAGGCT,0,5252990
yqjE_yqjK_yqjD_yqjC_predicted,0.5,1,1,GAAAGCAGTGCCGATAAGCC,0,5213627
yqjE_yqjK_yqjD_yqjC_predicted,0.5,1,1,GAAAGAGGCGCCACATATAT,0,5212124
yqjE_yqjK_yqjD_yqjC_predicted,0.5,1,1,GAAACTGGAAACCTCCTGGA,0,5230217
yqjE_yqjK_yqjD_yqjC_predicted,0.5,1,1,GAAACGACGGCGACTGTAAC,0,5214575
yqjE_yqjK_yqjD_yqjC_predicted,0.5,1,1,GAAACAACTATTACCATGTA,0,5190335
yqjE_yqjK_yqjD_yqjC_predicted,0.5,1,1,GAAAAGCTACCATTCCAATA,0,5193107
yqjE_yqjK_yqjD_yqjC_predicted,0.5,1,1,GAAAACTCCCATTGAATACC,0,5216308
yqjE_yqjK_yqjD_yqjC_predicted,0.5,1,1,GAAAACCCCAGAGATGCTTC,0,5203669
yqjE_yqjK_yqjD_yqjC_predicted,0.5,1,1,CTTTTTGATCGGATACACAT,0,5234356
yqjE_yqjK_yqjD_yqjC_predicted,0.5,1,1,CTTTTGTCTTTGGACGAAAA,0,5221642
yqjE_yqjK_yqjD_yqjC_predicted,0.5,1,1,CTTTTGTAAGGGCCGGTTCA,0,5252077
yqjE_yqjK_yqjD_yqjC_predicted,0.5,1,1,CTTTTCAGTGACAGGACGTC,0,5262807
yqjE_yqjK_yqjD_yqjC_predicted,0.5,1,1,CTTTTACAGAAGAGATTCAG,0,5236033
yqjE_yqjK_yqjD_yqjC_predicted,0.5,1,1,CTTTTAAGGAAAAGTATTTG,0,5240461
yqjE_yqjK_yqjD_yqjC_predicted,0.5,1,1,CTTTGTACGATGTAATACGG,0,5172062
yqjE_yqjK_yqjD_yqjC_predicted,0.5,1,1,CTTTCTGCTGCACCCGACTT,0,5240261
yqjE_yqjK_yqjD_yqjC_predicted,0.5,1,1,CTTTCTCATCGCTACTTGAT,0,5197727
yqjE_yqjK_yqjD_yqjC_predicted,0.5,1,1,CTTTCTCACGAAGTGGAGAT,0,5217445
yqjE_yqjK_yqjD_yqjC_predicted,0.5,1,1,CTTTCGGACGGTTCCAAGAC,0,5249761
yqjE_yqjK_yqjD_yqjC_predicted,0.5,1,1,CTTTCCGGATCTCCAGGTCG,0,5259083
yqjE_yqjK_yqjD_yqjC_predicted,0.5,1,1,CTTTCCCAACGCCAGTGAGA,0,5239887
yqjE_yqjK_yqjD_yqjC_predicted,0.5,1,1,CTTTCATGCTTTGGGCGAGA,0,5214601
yqjE_yqjK_yqjD_yqjC_predicted,0.5,1,1,CTTTCATAGGATCTCCCTAC,0,5224298
yqjE_yqjK_yqjD_yqjC_predicted,0.5,1,1,CTTTATGCCATAAATCCACG,0,5222188
yqjE_yqjK_yqjD_yqjC_predicted,0.5,1,1,CTTTATGAATGACGATTCCA,0,5227566
yqjE_yqjK_yqjD_yqjC_predicted,0.5,1,1,CTTTATACACAAAGGGGAAC,0,5182021
yqjE_yqjK_yqjD_yqjC_predicted,0.5,1,1,CTTTAGGCGATCTTTAGCGA,0,5253984
yqjE_yqjK_yqjD_yqjC_predicted,0.5,1,1,CTTTAATATAGTCTTTTTGG,0,5241981
yqjE_yqjK_yqjD_yqjC_predicted,0.5,1,1,CTTTAAGGCTCGCGTGCAGA,0,5242626
yqjE_yqjK_yqjD_yqjC_predicted,0.5,1,1,CTTGTTTCTAGTCGCTGTCT,0,5218990
yqjE_yqjK_yqjD_yqjC_predicted,0.5,1,1,CTTGTCCACTCGATAGGAAG,0,5239026
yqjE_yqjK_yqjD_yqjC_predicted,0.5,1,1,CTTGTATCGTTAGGGTGTGG,0,5262367
yqjE_yqjK_yqjD_yqjC_predicted,0.5,1,1,CTTGTACGGCGTTGATTGGA,0,5229121
yqjE_yqjK_yqjD_yqjC_predicted,0.5,1,1,CTTGGATGGTCGAAAATCCC,0,5176597
yqjE_yqjK_yqjD_yqjC_predicted,0.5,1,1,CTTGCGCAACAATCATGGCA,0,5253173
yqjE_yqjK_yqjD_yqjC_predicted,0.5,1,1,CTTGCGACGTGATTGCGATG,0,5228366
yqjE_yqjK_yqjD_yqjC_predicted,0.5,1,1,CTTGCCAATAGCTACGTAGA,0,5209545
yqjE_yqjK_yqjD_yqjC_predicted,0.5,1,1,CTTGATCCTTCGGAAAGAGA,0,5244641
yqjE_yqjK_yqjD_yqjC_predicted,0.5,1,1,CTTGACCACATTACGGTTGT,0,5209057
yqjE_yqjK_yqjD_yqjC_predicted,0.5,1,1,CTTCTGGGGATTTGCCCGAC,0,5191488
yqjE_yqjK_yqjD_yqjC_predicted,0.5,1,1,CTTCTGGGATATGTCGTATA,0,5199075
yqjE_yqjK_yqjD_yqjC_predicted,0.5,1,1,CTTCTGCGCTGAAGCTGCGG,0,5253482
yqjE_yqjK_yqjD_yqjC_predicted,0.5,1,1,CTTCTGACCCGTGCGACAAG,0,5195191
yqjE_yqjK_yqjD_yqjC_predicted,0.5,1,1,CTTCGTGTACTCCACAGCGG,0,5170899
yqjE_yqjK_yqjD_yqjC_predicted,0.5,1,1,CTTCGGTCCCCAAGAATGTA,0,5248953
yqjE_yqjK_yqjD_yqjC_predicted,0.5,1,1,CTTCGGGTTCACCGCAATGC,0,5230961
yqjE_yqjK_yqjD_yqjC_predicted,0.5,1,1,CTTCGGACGTATTAGCTCGC,0,5214091
yqjE_yqjK_yqjD_yqjC_predicted,0.5,1,1,CTTCCTTTGACCAAGCCCAA,0,5208870
yqjE_yqjK_yqjD_yqjC_predicted,0.5,1,1,CTTCCTCATAAGGTCTGCTT,0,5230372
yqjE_yqjK_yqjD_yqjC_predicted,0.5,1,1,CTTCCGACCGTCGCAATGTA,0,5218611
yqjE_yqjK_yqjD_yqjC_predicted,0.5,1,1,CTTCCCTTGAAACCATCTGT,0,5183365
yqjE_yqjK_yqjD_yqjC_predicted,0.5,1,1,CTTCCAAAAGGGATCGCTGA,0,5223550
yqjE_yqjK_yqjD_yqjC_predicted,0.5,1,1,CTTCAGATATGGTGGTAATC,0,5195828
yqjE_yqjK_yqjD_yqjC_predicted,0.5,1,1,CTTCACCGAGGGGAGCTAAT,0,5214339
yqjE_yqjK_yqjD_yqjC_predicted,0.5,1,1,CTTATTTTTCACCCTCAGTA,0,5232670
yqjE_yqjK_yqjD_yqjC_predicted,0.5,1,1,CTTATTTACAAGGTCGCCTC,0,5173922
yqjE_yqjK_yqjD_yqjC_predicted,0.5,1,1,CTTATTGTTATAGCGCTGCA,0,5187849
yqjE_yqjK_yqjD_yqjC_predicted,0.5,1,1,CTTATGGTATTGAACACTCT,0,5192070
yqjE_yqjK_yqjD_yqjC_predicted,0.5,1,1,CTTATCCCTTACACTTGTAT,0,5199250
yqjE_yqjK_yqjD_yqjC_predicted,0.5,1,1,CTTATAGACTAACCTGTTTA,0,5200237
yqjE_yqjK_yqjD_yqjC_predicted,0.5,1,1,CTTAGTGCGCAGCCACATTA,0,5218649
yqjE_yqjK_yqjD_yqjC_predicted,0.5,1,1,CTTAGTCCGATTCCCAATCT,0,5225835
yqjE_yqjK_yqjD_yqjC_predicted,0.5,1,1,CTTACTGAGCGATTCCATGA,0,5226402
yqjE_yqjK_yqjD_yqjC_predicted,0.5,1,1,CTTACCCTTCGCCGGTCGCT,0,5199236
yqjE_yqjK_yqjD_yqjC_predicted,0.5,1,1,CTTACACTTTGTGTTCAGGA,0,5233596
yqjE_yqjK_yqjD_yqjC_predicted,0.5,1,1,CTTACACGAACATTACGTGC,0,5179785
yqjE_yqjK_yqjD_yqjC_predicted,0.5,1,1,CTTAAGGAGGAGCGGTAGAC,0,5261199
yqjE_yqjK_yqjD_yqjC_predicted,0.5,1,1,CTTAACGCATGCTGTTCCCT,0,5211338
yqjE_yqjK_yqjD_yqjC_predicted,0.5,1,1,CTTAAAAAATGTATACGGTC,0,5241409
yqjE_yqjK_yqjD_yqjC_predicted,0.5,1,1,CTGTTTTGATGGCGTTGGCC,0,5182750
yqjE_yqjK_yqjD_yqjC_predicted,0.5,1,1,CTGTTTAGCGGTTAAACGTC,0,5219336
yqjE_yqjK_yqjD_yqjC_predicted,0.5,1,1,CTGTTGGTGGTTTCCTAGAC,0,5183957
yqjE_yqjK_yqjD_yqjC_predicted,0.5,1,1,CTGTTCTTACTTGCGACCAT,0,5179101
yqjE_yqjK_yqjD_yqjC_predicted,0.5,1,1,CTGTTCGCGCTACCGCAGTC,0,5229817
yqjE_yqjK_yqjD_yqjC_predicted,0.5,1,1,CTGTTCCTGAAATTCTTGTC,0,5195162
yqjE_yqjK_yqjD_yqjC_predicted,0.5,1,1,CTGTGTTCGTCATAAGCACT,0,5216483
yqjE_yqjK_yqjD_yqjC_predicted,0.5,1,1,CTGTGGTAATCCTGAACTGT,0,5198948
yqjE_yqjK_yqjD_yqjC_predicted,0.5,1,1,CTGTGGATCGATCGCCCCAT,0,5243643
yqjE_yqjK_yqjD_yqjC_predicted,0.5,1,1,CTGTGATACGCGCGGGATTC,0,5192060
yqjE_yqjK_yqjD_yqjC_predicted,0.5,1,1,CTGTGACCGTGTTTACCCGG,0,5259488
yqjE_yqjK_yqjD_yqjC_predicted,0.5,1,1,CTGTCTTCGTTGTGACGTAC,0,5243104
yqjE_yqjK_yqjD_yqjC_predicted,0.5,1,1,CTGTCTGATGTAGGGAAGGC,0,5205086
yqjE_yqjK_yqjD_yqjC_predicted,0.5,1,1,CTGTATTCCGTAGTGCAGCA,0,5241242
yqjE_yqjK_yqjD_yqjC_predicted,0.5,1,1,CTGTATTACAAGACAGGTCC,0,5179451
yqjE_yqjK_yqjD_yqjC_predicted,0.5,1,1,CTGTAGATTTTGCCGCTGGC,0,5193264
yqjE_yqjK_yqjD_yqjC_predicted,0.5,1,1,CTGGTGCCCAAGCTGTTGGC,0,5246936
yqjE_yqjK_yqjD_yqjC_predicted,0.5,1,1,CTGGTCATACACAGACGCAG,0,5218055
yqjE_yqjK_yqjD_yqjC_predicted,0.5,1,1,CTGGTAGGCCGACAATTGCA,0,5253078
yqjE_yqjK_yqjD_yqjC_predicted,0.5,1,1,CTGGTAGCGTTTTAAAACTG,0,5175602
yqjE_yqjK_yqjD_yqjC_predicted,0.5,1,1,CTGGGTCGAAAGTTCGGCCA,0,5243231
yqjE_yqjK_yqjD_yqjC_predicted,0.5,1,1,CTGGGGGGCCACCCCTTCTA,0,5251981
yqjE_yqjK_yqjD_yqjC_predicted,0.5,1,1,CTGGGCAAAGACGCTGCACT,0,5186193
yqjE_yqjK_yqjD_yqjC_predicted,0.5,1,1,CTGGCTGAGTGAGCAGCTTA,0,5185584
yqjE_yqjK_yqjD_yqjC_predicted,0.5,1,1,CTGGCGGCCCGTAATCTCAA,0,5261793
yqjE_yqjK_yqjD_yqjC_predicted,0.5,1,1,CTGGCCAAAGGACAACCCTG,0,5186326
yqjE_yqjK_yqjD_yqjC_predicted,0.5,1,1,CTGGCAAAGTCTAAATTTCG,0,5209357
yqjE_yqjK_yqjD_yqjC_predicted,0.5,1,1,CTGGATTAGAGTATTATTAA,0,5249794
yqjE_yqjK_yqjD_yqjC_predicted,0.5,1,1,CTGGATTAGAAGGAAGGGGG,0,5195885
yqjE_yqjK_yqjD_yqjC_predicted,0.5,1,1,CTGGATCTTCTCGGCAGTAG,0,5214045
yqjE_yqjK_yqjD_yqjC_predicted,0.5,1,1,CTGGATCGTAACCAAAACGG,0,5195993
yqjE_yqjK_yqjD_yqjC_predicted,0.5,1,1,CTGGAGACAGTAGGAATGCT,0,5220429
yqjE_yqjK_yqjD_yqjC_predicted,0.5,1,1,CTGGACACAGGAAGCGCCTA,0,5251352
yqjE_yqjK_yqjD_yqjC_predicted,0.5,1,1,CTGGACACACCTCCCTTAGA,0,5189719
yqjE_yqjK_yqjD_yqjC_predicted,0.5,1,1,CTGGAATATTACTAGCGTGT,0,5211251
yqjE_yqjK_yqjD_yqjC_predicted,0.5,1,1,CTGGAAAATTCAGGGACATG,0,5244197
yqjE_yqjK_yqjD_yqjC_predicted,0.5,1,1,CTGCTTTCCAAACATCAATC,0,5230829
yqjE_yqjK_yqjD_yqjC_predicted,0.5,1,1,CTGCTTAGTAGGGGTGTTCC,0,5243836
yqjE_yqjK_yqjD_yqjC_predicted,0.5,1,1,CTGCTGCAGTGTGACTCCTC,0,5218182
yqjE_yqjK_yqjD_yqjC_predicted,0.5,1,1,CTGCTGATCCGTTCACGACA,0,5225364
yqjE_yqjK_yqjD_yqjC_predicted,0.5,1,1,CTGCTATCTTCCTGGGTCTG,0,5203369
yqjE_yqjK_yqjD_yqjC_predicted,0.5,1,1,CTGCTACTCTAATCGCAAAG,0,5237527
yqjE_yqjK_yqjD_yqjC_predicted,0.5,1,1,CTGCGTATACCAAGAACGCT,0,5193785
yqjE_yqjK_yqjD_yqjC_predicted,0.5,1,1,CTGCCTTCATGCTATGCGCC,0,5215410
yqjE_yqjK_yqjD_yqjC_predicted,0.5,1,1,CTGCCCTCTTTTTTGGATCC,0,5253366
yqjE_yqjK_yqjD_yqjC_predicted,0.5,1,1,CTGCCACGGTTTCCTTATTG,0,5231234
yqjE_yqjK_yqjD_yqjC_predicted,0.5,1,1,CTGCAAGTAATCATTTATAG,0,5212780
yqjE_yqjK_yqjD_yqjC_predicted,0.5,1,1,CTGCAAGAAGCATTAGTTGT,0,5214307
yqjE_yqjK_yqjD_yqjC_predicted,0.5,1,1,CTGATAGTTACCACTTCCAA,0,5220208
yqjE_yqjK_yqjD_yqjC_predicted,0.5,1,1,CTGAGTGCAGGCCCCCATAG,0,5221841
yqjE_yqjK_yqjD_yqjC_predicted,0.5,1,1,CTGAGTGAGCGAGAGTCCGA,0,5242274
yqjE_yqjK_yqjD_yqjC_predicted,0.5,1,1,CTGAGGTCGCCAATTCTACA,0,5216328
yqjE_yqjK_yqjD_yqjC_predicted,0.5,1,1,CTGAGATCAAGATAAATAGA,0,5225031
yqjE_yqjK_yqjD_yqjC_predicted,0.5,1,1,CTGACGGAATGGGTCCGGCT,0,5203844
yqjE_yqjK_yqjD_yqjC_predicted,0.5,1,1,CTGACGAGATCATGTTCATG,0,5261668
yqjE_yqjK_yqjD_yqjC_predicted,0.5,1,1,CTGACCTCTGTTGTGTGCAA,0,5172823
yqjE_yqjK_yqjD_yqjC_predicted,0.5,1,1,CTGACACTCGGCGTCAAGCT,0,5183071
yqjE_yqjK_yqjD_yqjC_predicted,0.5,1,1,CTGACACGATAGGGGATTAT,0,5208825
yqjE_yqjK_yqjD_yqjC_predicted,0.5,1,1,CTGACACAGGAGGAGAGACT,0,5261538
yqjE_yqjK_yqjD_yqjC_predicted,0.5,1,1,CTGACAACGTACGGATCGTT,0,5254695
yqjE_yqjK_yqjD_yqjC_predicted,0.5,1,1,CTGAAGGTGCGTTGTATCCA,0,5218650
yqjE_yqjK_yqjD_yqjC_predicted,0.5,1,1,CTGAAATGGAAAACTTTTGC,0,5207173
yqjE_yqjK_yqjD_yqjC_predicted,0.5,1,1,CTCTTGCGAGGTTAATGCCG,0,5245378
yqjE_yqjK_yqjD_yqjC_predicted,0.5,1,1,CTCTTGACACCAGAGGAGAC,0,5234723
yqjE_yqjK_yqjD_yqjC_predicted,0.5,1,1,CTCTTCGCACCCGTCTTGCT,0,5173768
yqjE_yqjK_yqjD_yqjC_predicted,0.5,1,1,CTCTTACTCCCTATGGCTCG,0,5199219
yqjE_yqjK_yqjD_yqjC_predicted,0.5,1,1,CTCTGTGTACGGTGTACCCA,0,5257776
yqjE_yqjK_yqjD_yqjC_predicted,0.5,1,1,CTCTGGCTAAGTGCTACGAA,0,5172592
yqjE_yqjK_yqjD_yqjC_predicted,0.5,1,1,CTCTGCTCCAGGCTCTATTC,0,5216603
yqjE_yqjK_yqjD_yqjC_predicted,0.5,1,1,CTCTGCACATGTATAGATCA,0,5225431
yqjE_yqjK_yqjD_yqjC_predicted,0.5,1,1,CTCTGATGAAGGTCACACAG,0,5201440
yqjE_yqjK_yqjD_yqjC_predicted,0.5,1,1,CTCTCGGCGCTACCTGCTGT,0,5194681
yqjE_yqjK_yqjD_yqjC_predicted,0.5,1,1,CTCTCGGAACAATGACAAAG,0,5203579
yqjE_yqjK_yqjD_yqjC_predicted,0.5,1,1,CTCTCGCAGCCGGGCCTGTA,0,5256613
yqjE_yqjK_yqjD_yqjC_predicted,0.5,1,1,CTCTCCATTACGTCGGAAGA,0,5193339
yqjE_yqjK_yqjD_yqjC_predicted,0.5,1,1,CTCTCCACCCGACCTACAAA,0,5218321
yqjE_yqjK_yqjD_yqjC_predicted,0.5,1,1,CTCTATTCTTTTGTGATCGG,0,5225394
yqjE_yqjK_yqjD_yqjC_predicted,0.5,1,1,CTCTATGTTTTAACTTCGAC,0,5222381
yqjE_yqjK_yqjD_yqjC_predicted,0.5,1,1,CTCTACCAGAGTGGTTTGTG,0,5253855
yqjE_yqjK_yqjD_yqjC_predicted,0.5,1,1,CTCTAAGGGCAACTCGGTTC,0,5186953
yqjE_yqjK_yqjD_yqjC_predicted,0.5,1,1,CTCGTTCTTAATGGGACTGG,0,5241119
yqjE_yqjK_yqjD_yqjC_predicted,0.5,1,1,CTCGTAATTGCAATAGCTCA,0,5182963
yqjE_yqjK_yqjD_yqjC_predicted,0.5,1,1,CTCGGCGGACGGCTTGTGCA,0,5186610
yqjE_yqjK_yqjD_yqjC_predicted,0.5,1,1,CTCGGACCCTATATCCCTGG,0,5176563
yqjE_yqjK_yqjD_yqjC_predicted,0.5,1,1,CTCGCCCAAAGAGTGAGGTA,0,5204547
yqjE_yqjK_yqjD_yqjC_predicted,0.5,1,1,CTCGCACATTTTAGGTAGCA,0,5173521
yqjE_yqjK_yqjD_yqjC_predicted,0.5,1,1,CTCGCACATCCCCTTTCTGC,0,5182311
yqjE_yqjK_yqjD_yqjC_predicted,0.5,1,1,CTCGATCACGATGAATAAAT,0,5226651
yqjE_yqjK_yqjD_yqjC_predicted,0.5,1,1,CTCGATAGGCATGTCGAATT,0,5239350
yqjE_yqjK_yqjD_yqjC_predicted,0.5,1,1,CTCGAGGCGGGACTTATAGG,0,5258221
yqjE_yqjK_yqjD_yqjC_predicted,0.5,1,1,CTCGAGCACTCGCCTAGTAG,0,5201911
yqjE_yqjK_yqjD_yqjC_predicted,0.5,1,1,CTCGAGAGCTTTTCTGAGGT,0,5186940
yqjE_yqjK_yqjD_yqjC_predicted,0.5,1,1,CTCGACAAGTTTGACGACCA,0,5215631
yqjE_yqjK_yqjD_yqjC_predicted,0.5,1,1,CTCGAACCAGCCTATTTTGA,0,5206270
yqjE_yqjK_yqjD_yqjC_predicted,0.5,1,1,CTCCTGTAGCAGGGCAGCTA,0,5212597
yqjE_yqjK_yqjD_yqjC_predicted,0.5,1,1,CTCCTGAATTGTGAGGATTT,0,5178850
yqjE_yqjK_yqjD_yqjC_predicted,0.5,1,1,CTCCTATTCGTTCTGCATAC,0,5172020
yqjE_yqjK_yqjD_yqjC_predicted,0.5,1,1,CTCCGTTTACTAGCGCACTG,0,5196971
yqjE_yqjK_yqjD_yqjC_predicted,0.5,1,1,CTCCGGCTCGGAGGATTCCC,0,5180476
yqjE_yqjK_yqjD_yqjC_predicted,0.5,1,1,CTCCGCCTTTTCGCTCGGAC,0,5212762
yqjE_yqjK_yqjD_yqjC_predicted,0.5,1,1,CTCCGAACCGGGCGATCAGA,0,5216672
yqjE_yqjK_yqjD_yqjC_predicted,0.5,1,1,CTCCCGTTCGACGTTGAGGG,0,5176320
yqjE_yqjK_yqjD_yqjC_predicted,0.5,1,1,CTCCCCACGCTCGCTGATAC,0,5186209
yqjE_yqjK_yqjD_yqjC_predicted,0.5,1,1,CTCCCATTCCTGTTGGTACG,0,5254806
yqjE_yqjK_yqjD_yqjC_predicted,0.5,1,1,CTCCATCCTAAGCCGTGGAA,0,5236519
yqjE_yqjK_yqjD_yqjC_predicted,0.5,1,1,CTCCATACGAGTGGGATATG,0,5189330
yqjE_yqjK_yqjD_yqjC_predicted,0.5,1,1,CTCCAGGATTTTGTAATAAA,0,5244580
yqjE_yqjK_yqjD_yqjC_predicted,0.5,1,1,CTCCAATCGGTCGGCTTTGT,0,5241394
yqjE_yqjK_yqjD_yqjC_predicted,0.5,1,1,CTCCAAGTAAGGTACTGAGG,0,5191579
yqjE_yqjK_yqjD_yqjC_predicted,0.5,1,1,CTCCAACGCTCCTCATCTGA,0,5177527
yqjE_yqjK_yqjD_yqjC_predicted,0.5,1,1,CTCCAACCGGCCCTGTGATC,0,5234127
yqjE_yqjK_yqjD_yqjC_predicted,0.5,1,1,CTCATGCACTCTGCTACTCC,0,5248906
yqjE_yqjK_yqjD_yqjC_predicted,0.5,1,1,CTCATCGCATTGGTGGAGAT,0,5176186
yqjE_yqjK_yqjD_yqjC_predicted,0.5,1,1,CTCATCATTCAAACAAGACC,0,5216649
yqjE_yqjK_yqjD_yqjC_predicted,0.5,1,1,CTCATATAGACTACAAATAT,0,5247055
yqjE_yqjK_yqjD_yqjC_predicted,0.5,1,1,CTCATAGTTCAAAACTAGGG,0,5246081
yqjE_yqjK_yqjD_yqjC_predicted,0.5,1,1,CTCATACGGATCCCGCTATT,0,5233350
yqjE_yqjK_yqjD_yqjC_predicted,0.5,1,1,CTCATAAGGCCTGAACAGGT,0,5249111
yqjE_yqjK_yqjD_yqjC_predicted,0.5,1,1,CTCAGTGCTCCAAAAGGTCT,0,5240205
yqjE_yqjK_yqjD_yqjC_predicted,0.5,1,1,CTCAGGACAACGGCTAATCG,0,5211394
yqjE_yqjK_yqjD_yqjC_predicted,0.5,1,1,CTCAGATGTACATACTGCGC,0,5215629
yqjE_yqjK_yqjD_yqjC_predicted,0.5,1,1,CTCAGATATGTCAGCCAAAC,0,5255043
yqjE_yqjK_yqjD_yqjC_predicted,0.5,1,1,CTCAGATAGACGAATCAGTG,0,5210301
yqjE_yqjK_yqjD_yqjC_predicted,0.5,1,1,CTCACTGCATTTTGGTAAGT,0,5191604
yqjE_yqjK_yqjD_yqjC_predicted,0.5,1,1,CTCACTACGGGTTGACACGT,0,5197946
yqjE_yqjK_yqjD_yqjC_predicted,0.5,1,1,CTCACGAGTCTAGGCTTGTT,0,5223641
yqjE_yqjK_yqjD_yqjC_predicted,0.5,1,1,CTCACCTGCGCGAAACGAAC,0,5208001
yqjE_yqjK_yqjD_yqjC_predicted,0.5,1,1,CTCACCGTCGTGGAACTTAT,0,5194125
yqjE_yqjK_yqjD_yqjC_predicted,0.5,1,1,CTCACCAAAGGCATGCCGCA,0,5235213
yqjE_yqjK_yqjD_yqjC_predicted,0.5,1,1,CTCACATCGCCACCTATGGC,0,5196334
yqjE_yqjK_yqjD_yqjC_predicted,0.5,1,1,CTCACAGGCGGCTTTAAACA,0,5209288
yqjE_yqjK_yqjD_yqjC_predicted,0.5,1,1,CTCAATCGGTTTTGTTACCG,0,5247017
yqjE_yqjK_yqjD_yqjC_predicted,0.5,1,1,CTCAAAGGGGTCCTAAGATA,0,5182510
yqjE_yqjK_yqjD_yqjC_predicted,0.5,1,1,CTCAAAAATCAGACCTTACC,0,5241677
yqjE_yqjK_yqjD_yqjC_predicted,0.5,1,1,CTATTTAGTACCGGTATAAA,0,5187575
yqjE_yqjK_yqjD_yqjC_predicted,0.5,1,1,CTATTTACGAGGAACGGTGT,0,5186243
yqjE_yqjK_yqjD_yqjC_predicted,0.5,1,1,CTATTCACGTGTAGCTAATC,0,5181148
yqjE_yqjK_yqjD_yqjC_predicted,0.5,1,1,CTATTAGCGGTTCAATATAG,0,5253847
yqjE_yqjK_yqjD_yqjC_predicted,0.5,1,1,CTATTACTTGACCGTGGCGT,0,5179032
yqjE_yqjK_yqjD_yqjC_predicted,0.5,1,1,CTATGTTTGTGCCCAGTATG,0,5187072
yqjE_yqjK_yqjD_yqjC_predicted,0.5,1,1,CTATGTTCTTCGACACACCC,0,5209411
yqjE_yqjK_yqjD_yqjC_predicted,0.5,1,1,CTATGGGCCGGTATTGCAAA,0,5176281
yqjE_yqjK_yqjD_yqjC_predicted,0.5,1,1,CTATGGAGTTAGATGGGAAG,0,5179994
yqjE_yqjK_yqjD_yqjC_predicted,0.5,1,1,CTATGGAATTCAGTCGGTTT,0,5255302
yqjE_yqjK_yqjD_yqjC_predicted,0.5,1,1,CTATCTTACTCACAACATGT,0,5237026
yqjE_yqjK_yqjD_yqjC_predicted,0.5,1,1,CTATCCGCAGGAACCTCTAG,0,5226146
yqjE_yqjK_yqjD_yqjC_predicted,0.5,1,1,CTATCCAGGCCGTAGGACAA,0,5243305
yqjE_yqjK_yqjD_yqjC_predicted,0.5,1,1,CTATCAAAGCGCGGTTGATC,0,5198124
yqjE_yqjK_yqjD_yqjC_predicted,0.5,1,1,CTATCAAACGCCGGTGGATG,0,5217179
yqjE_yqjK_yqjD_yqjC_predicted,0.5,1,1,CTATATTTTTGGGATCCGCC,0,5213564
yqjE_yqjK_yqjD_yqjC_predicted,0.5,1,1,CTATATAGTTTATAATGCCT,0,5202552
yqjE_yqjK_yqjD_yqjC_predicted,0.5,1,1,CTATAGTTGCGTAAGTGTTT,0,5201486
yqjE_yqjK_yqjD_yqjC_predicted,0.5,1,1,CTATAGAATCTAGGCCTGTC,0,5210393
yqjE_yqjK_yqjD_yqjC_predicted,0.5,1,1,CTATACTACGCGACAACGAC,0,5217559
yqjE_yqjK_yqjD_yqjC_predicted,0.5,1,1,CTAGTGTTAGCCCAAGGGTC,0,5183870
yqjE_yqjK_yqjD_yqjC_predicted,0.5,1,1,CTAGTGGCTGTCACAATAAA,0,5170801
yqjE_yqjK_yqjD_yqjC_predicted,0.5,1,1,CTAGTGCGGAGAGAAAGCGA,0,5199287
yqjE_yqjK_yqjD_yqjC_predicted,0.5,1,1,CTAGTATATTGAAAAGGCCC,0,5216169
yqjE_yqjK_yqjD_yqjC_predicted,0.5,1,1,CTAGCGGGCACGTCAAGCCA,0,5254751
yqjE_yqjK_yqjD_yqjC_predicted,0.5,1,1,CTAGCGCAGTGCACATGCAT,0,5249284
yqjE_yqjK_yqjD_yqjC_predicted,0.5,1,1,CTAGAAAACTCTAAGGCGTT,0,5209417
yqjE_yqjK_yqjD_yqjC_predicted,0.5,1,1,CTACTGTCTCGGCCACAGAT,0,5231019
yqjE_yqjK_yqjD_yqjC_predicted,0.5,1,1,CTACTCGCCCGCATCGGCTG,0,5260484
yqjE_yqjK_yqjD_yqjC_predicted,0.5,1,1,CTACGTGTTAGGTGCCGGCA,0,5210303
yqjE_yqjK_yqjD_yqjC_predicted,0.5,1,1,CTACGCCCGGCCAAGTGCCG,0,5213269
yqjE_yqjK_yqjD_yqjC_predicted,0.5,1,1,CTACCCTAAGCTTTACTGAT,0,5259326
yqjE_yqjK_yqjD_yqjC_predicted,0.5,1,1,CTACCAATAATTTTGGGGAA,0,5244986
yqjE_yqjK_yqjD_yqjC_predicted,0.5,1,1,CTACATGCTACCGTAAGGTC,0,5181935
yqjE_yqjK_yqjD_yqjC_predicted,0.5,1,1,CTACATAACTTACTCTAAAA,0,5198499
yqjE_yqjK_yqjD_yqjC_predicted,0.5,1,1,CTACACGGCTCTTTCGCTAA,0,5233241
yqjE_yqjK_yqjD_yqjC_predicted,0.5,1,1,CTACACCTAAGGTACACATC,0,5208440
yqjE_yqjK_yqjD_yqjC_predicted,0.5,1,1,CTACAATCAGCCGTCGAGAC,0,5203219
yqjE_yqjK_yqjD_yqjC_predicted,0.5,1,1,CTACAACTAAGATTACGGTA,0,5202342
yqjE_yqjK_yqjD_yqjC_predicted,0.5,1,1,CTACAACAACGAGATATAGA,0,5205345
yqjE_yqjK_yqjD_yqjC_predicted,0.5,1,1,CTACAAATGCTGTACAAATC,0,5180115
yqjE_yqjK_yqjD_yqjC_predicted,0.5,1,1,CTAATTTGCCTGCAGAATAC,0,5178440
yqjE_yqjK_yqjD_yqjC_predicted,0.5,1,1,CTAATTGTGGCCCACTCGGG,0,5195486
yqjE_yqjK_yqjD_yqjC_predicted,0.5,1,1,CTAATTGTATGTTATGGCGT,0,5227774
yqjE_yqjK_yqjD_yqjC_predicted,0.5,1,1,CTAATCAATCCAGGTTCAAC,0,5184635
yqjE_yqjK_yqjD_yqjC_predicted,0.5,1,1,CTAATAGCAGATGTATGCGA,0,5258507
yqjE_yqjK_yqjD_yqjC_predicted,0.5,1,1,CTAAGGCCCTATGGCTCCTA,0,5208486
yqjE_yqjK_yqjD_yqjC_predicted,0.5,1,1,CTAAGCCCACAGTATGAGAG,0,5204447
yqjE_yqjK_yqjD_yqjC_predicted,0.5,1,1,CTAAGAGATATGAGGCTTTG,0,5251353
yqjE_yqjK_yqjD_yqjC_predicted,0.5,1,1,CTAACCAATTAGAACACGAC,0,5179220
yqjE_yqjK_yqjD_yqjC_predicted,0.5,1,1,CTAAATGAACGAACGATGTG,0,5182906
yqjE_yqjK_yqjD_yqjC_predicted,0.5,1,1,CTAAATCGTATAAAGAGTGT,0,5186257
yqjE_yqjK_yqjD_yqjC_predicted,0.5,1,1,CTAAAGGTCTGTAAGGCGAA,0,5226295
yqjE_yqjK_yqjD_yqjC_predicted,0.5,1,1,CTAAACGATGATTTTGGGTT,0,5245273
yqjE_yqjK_yqjD_yqjC_predicted,0.5,1,1,CGTTTTCGTAACATTTAAAG,0,5202012
yqjE_yqjK_yqjD_yqjC_predicted,0.5,1,1,CGTTTGTGTATTAACAGATT,0,5212941
yqjE_yqjK_yqjD_yqjC_predicted,0.5,1,1,CGTTTGCGCATCGCGCTTAC,0,5215350
yqjE_yqjK_yqjD_yqjC_predicted,0.5,1,1,CGTTTCTAGGGTTACAGCAC,0,5171004
yqjE_yqjK_yqjD_yqjC_predicted,0.5,1,1,CGTTTCGTATATCCGCCTCT,0,5227640
yqjE_yqjK_yqjD_yqjC_predicted,0.5,1,1,CGTTTACCAAATCACCCATA,0,5236447
yqjE_yqjK_yqjD_yqjC_predicted,0.5,1,1,CGTTGTAGTCCCCCTTTGGT,0,5242611
yqjE_yqjK_yqjD_yqjC_predicted,0.5,1,1,CGTTGGGCGCATTTACACGT,0,5184649
yqjE_yqjK_yqjD_yqjC_predicted,0.5,1,1,CGTTGAGGGGTCTCTGTAGG,0,5249382
yqjE_yqjK_yqjD_yqjC_predicted,0.5,1,1,CGTTCGCGCGACGGACGTAT,0,5182419
yqjE_yqjK_yqjD_yqjC_predicted,0.5,1,1,CGTTCCTCATTCATCATGTA,0,5214460
yqjE_yqjK_yqjD_yqjC_predicted,0.5,1,1,CGTTCCGAGATAACGGACCC,0,5191993
yqjE_yqjK_yqjD_yqjC_predicted,0.5,1,1,CGTTCCAGCCTACAAAAGGT,0,5209098
yqjE_yqjK_yqjD_yqjC_predicted,0.5,1,1,CGTTCCAAGCTCCAACAAGA,0,5210577
yqjE_yqjK_yqjD_yqjC_predicted,0.5,1,1,CGTTCATTTGTATCATTGTA,0,5182043
yqjE_yqjK_yqjD_yqjC_predicted,0.5,1,1,CGTTCAAGGTTCGGGTGCAT,0,5239671
yqjE_yqjK_yqjD_yqjC_predicted,0.5,1,1,CGTTAGCCAAGGCTAAGTTT,0,5221854
yqjE_yqjK_yqjD_yqjC_predicted,0.5,1,1,CGTTAGCATATTTGATATCA,0,5232724
yqjE_yqjK_yqjD_yqjC_predicted,0.5,1,1,CGTTAAGGTGCTGTCCCAGG,0,5171655
yqjE_yqjK_yqjD_yqjC_predicted,0.5,1,1,CGTTAAAACGCCGAACATCA,0,5218956
yqjE_yqjK_yqjD_yqjC_predicted,0.5,1,1,CGTGTGGTTTCCAGTTCGTG,0,5234173
yqjE_yqjK_yqjD_yqjC_predicted,0.5,1,1,CGTGTATTACCCGCGACGAT,0,5213148
yqjE_yqjK_yqjD_yqjC_predicted,0.5,1,1,CGTGTAATATCGGCGAGCAG,0,5221027
yqjE_yqjK_yqjD_yqjC_predicted,0.5,1,1,CGTGGGAGGGTACGGGTATG,0,5171162
yqjE_yqjK_yqjD_yqjC_predicted,0.5,1,1,CGTGGAGTATACGGAGTTAT,0,5261887
yqjE_yqjK_yqjD_yqjC_predicted,0.5,1,1,CGTGGACTGTATTGATGTGG,0,5236115
yqjE_yqjK_yqjD_yqjC_predicted,0.5,1,1,CGTGGAATCAGGTTTGCACG,0,5203711
yqjE_yqjK_yqjD_yqjC_predicted,0.5,1,1,CGTGCTGCAGGAAAAGATTG,0,5236685
yqjE_yqjK_yqjD_yqjC_predicted,0.5,1,1,CGTGCTCACACACGAGGCAT,0,5208690
yqjE_yqjK_yqjD_yqjC_predicted,0.5,1,1,CGTGCTATAGTAGAGATATA,0,5226350
yqjE_yqjK_yqjD_yqjC_predicted,0.5,1,1,CGTGCGAACATGTTATGGTG,0,5226533
yqjE_yqjK_yqjD_yqjC_predicted,0.5,1,1,CGTGCCGCACTCTAAGGTCT,0,5179129
yqjE_yqjK_yqjD_yqjC_predicted,0.5,1,1,CGTGATACAGCACTTTCGGG,0,5237517
yqjE_yqjK_yqjD_yqjC_predicted,0.5,1,1,CGTGAGGGAATAGAGACGAC,0,5227016
yqjE_yqjK_yqjD_yqjC_predicted,0.5,1,1,CGTGAGGAATCTCCGTTGGT,0,5246463
yqjE_yqjK_yqjD_yqjC_predicted,0.5,1,1,CGTGACAGACAAACAGCGCC,0,5262200
yqjE_yqjK_yqjD_yqjC_predicted,0.5,1,1,CGTGAACCTCGCCAAACACG,0,5227547
yqjE_yqjK_yqjD_yqjC_predicted,0.5,1,1,CGTCTCGCTGCACTCAAGCA,0,5220338
yqjE_yqjK_yqjD_yqjC_predicted,0.5,1,1,CGTCGTCCACTTTCTCCCCT,0,5180469
yqjE_yqjK_yqjD_yqjC_predicted,0.5,1,1,CGTCGCTTGGTGTCGGGCTG,0,5173605
yqjE_yqjK_yqjD_yqjC_predicted,0.5,1,1,CGTCCGCCCGCTGAGCAATG,0,5198517
yqjE_yqjK_yqjD_yqjC_predicted,0.5,1,1,CGTCCCTAGTACGTGGCTGT,0,5217426
yqjE_yqjK_yqjD_yqjC_predicted,0.5,1,1,CGTCCCATATAACCCGTCCC,0,5259916
yqjE_yqjK_yqjD_yqjC_predicted,0.5,1,1,CGTCCCAACGATGGCCCTGC,0,5202536
yqjE_yqjK_yqjD_yqjC_predicted,0.5,1,1,CGTCATGTTCGGGTTTTCCA,0,5206820
yqjE_yqjK_yqjD_yqjC_predicted,0.5,1,1,CGTCACATCATGAGTAATCT,0,5191593
yqjE_yqjK_yqjD_yqjC_predicted,0.5,1,1,CGTCACATATCAAAGGACTT,0,5200877
yqjE_yqjK_yqjD_yqjC_predicted,0.5,1,1,CGTCACACGCCCAGACGGGT,0,5249182
yqjE_yqjK_yqjD_yqjC_predicted,0.5,1,1,CGTCAATCAGTTGGGACTAG,0,5172827
yqjE_yqjK_yqjD_yqjC_predicted,0.5,1,1,CGTCAACGCGACGGTAACCA,0,5224442
yqjE_yqjK_yqjD_yqjC_predicted,0.5,1,1,CGTCAAAGGATGTGCCGGTA,0,5229738
yqjE_yqjK_yqjD_yqjC_predicted,0.5,1,1,CGTCAAACTAAGATTTCGGA,0,5247361
yqjE_yqjK_yqjD_yqjC_predicted,0.5,1,1,CGTATTTGGTGGCGCAGTTC,0,5174964
yqjE_yqjK_yqjD_yqjC_predicted,0.5,1,1,CGTATTTCGTTCTTAGTTCA,0,5190273
yqjE_yqjK_yqjD_yqjC_predicted,0.5,1,1,CGTATTTCCCGTTCAATCTT,0,5183895
yqjE_yqjK_yqjD_yqjC_predicted,0.5,1,1,CGTATTCGGGTCATAAACGT,0,5219680
yqjE_yqjK_yqjD_yqjC_predicted,0.5,1,1,CGTATTCAGGGGGCCAACTC,0,5227728
yqjE_yqjK_yqjD_yqjC_predicted,0.5,1,1,CGTATGCATACCACTTCTAC,0,5187391
yqjE_yqjK_yqjD_yqjC_predicted,0.5,1,1,CGTAGGGTTCTATTCAACGA,0,5222208
yqjE_yqjK_yqjD_yqjC_predicted,0.5,1,1,CGTAGGCTATAGGAGATAAC,0,5249209
yqjE_yqjK_yqjD_yqjC_predicted,0.5,1,1,CGTAGAGAATTGTGAAAGAG,0,5241249
yqjE_yqjK_yqjD_yqjC_predicted,0.5,1,1,CGTAGACTATCCCGCCTCGA,0,5208318
yqjE_yqjK_yqjD_yqjC_predicted,0.5,1,1,CGTACTAGCAGCGGTGCGCA,0,5191807
yqjE_yqjK_yqjD_yqjC_predicted,0.5,1,1,CGTACCGTGATCGAGCTGGG,0,5221905
yqjE_yqjK_yqjD_yqjC_predicted,0.5,1,1,CGTAATTCGGCTCTGTGAGC,0,5244186
yqjE_yqjK_yqjD_yqjC_predicted,0.5,1,1,CGTAATTACTATAGGGCTTT,0,5230341
yqjE_yqjK_yqjD_yqjC_predicted,0.5,1,1,CGTAAGTGGTTGTATAGGTT,0,5233775
yqjE_yqjK_yqjD_yqjC_predicted,0.5,1,1,CGTAACTGCCAATCCTTTGC,0,5255012
yqjE_yqjK_yqjD_yqjC_predicted,0.5,1,1,CGTAACACATATTACGGCCC,0,5236766
yqjE_yqjK_yqjD_yqjC_predicted,0.5,1,1,CGGTTGGCAACCTGCACGAC,0,5180239
yqjE_yqjK_yqjD_yqjC_predicted,0.5,1,1,CGGTTCGGTACGGCAGCAGA,0,5253543
yqjE_yqjK_yqjD_yqjC_predicted,0.5,1,1,CGGTTCAAGGTACGAGCCTT,0,5251210
yqjE_yqjK_yqjD_yqjC_predicted,0.5,1,1,CGGTGTCCTTAGGCCACTTC,0,5185679
yqjE_yqjK_yqjD_yqjC_predicted,0.5,1,1,CGGTGCTTCACGCCAAGGGT,0,5251902
yqjE_yqjK_yqjD_yqjC_predicted,0.5,1,1,CGGTGCCCCTGAGCAGACGC,0,5185997
yqjE_yqjK_yqjD_yqjC_predicted,0.5,1,1,CGGTCTTATCGGTGTGTGAT,0,5176020
yqjE_yqjK_yqjD_yqjC_predicted,0.5,1,1,CGGTCTGCAATGTGGCCAAG,0,5178564
yqjE_yqjK_yqjD_yqjC_predicted,0.5,1,1,CGGTCTCCGATCTACCGACT,0,5178495
yqjE_yqjK_yqjD_yqjC_predicted,0.5,1,1,CGGTCGCATGGACCAATCGT,0,5218514
yqjE_yqjK_yqjD_yqjC_predicted,0.5,1,1,CGGTCCACGAGGTAGCCCTC,0,5204772
yqjE_yqjK_yqjD_yqjC_predicted,0.5,1,1,CGGTCCAACGATGCGGCCGC,0,5262813
yqjE_yqjK_yqjD_yqjC_predicted,0.5,1,1,CGGTCATTTTGAAATACGCA,0,5219887
yqjE_yqjK_yqjD_yqjC_predicted,0.5,1,1,CGGTACACTCTATAGACTCC,0,5223839
yqjE_yqjK_yqjD_yqjC_predicted,0.5,1,1,CGGGTTGGATAGGTCATCGG,0,5231790
yqjE_yqjK_yqjD_yqjC_predicted,0.5,1,1,CGGGTTCTTGGAAGGTTTTA,0,5246919
yqjE_yqjK_yqjD_yqjC_predicted,0.5,1,1,CGGGTCTGGATCATTTATAC,0,5234038
yqjE_yqjK_yqjD_yqjC_predicted,0.5,1,1,CGGGTCAGACGAGCATTCTG,0,5250725
yqjE_yqjK_yqjD_yqjC_predicted,0.5,1,1,CGGGTAAATGATAAGAAGGA,0,5212340
yqjE_yqjK_yqjD_yqjC_predicted,0.5,1,1,CGGGGCAAAGCATCAGCGGT,0,5194372
yqjE_yqjK_yqjD_yqjC_predicted,0.5,1,1,CGGGCGTGGCAGATTGGCTA,0,5201136
yqjE_yqjK_yqjD_yqjC_predicted,0.5,1,1,CGGGCGTATAACGTGTGAAG,0,5196785
yqjE_yqjK_yqjD_yqjC_predicted,0.5,1,1,CGGGCGAGCGCAGAAAATAA,0,5235067
yqjE_yqjK_yqjD_yqjC_predicted,0.5,1,1,CGGGCGAGATAGGGTACGTG,0,5239889
yqjE_yqjK_yqjD_yqjC_predicted,0.5,1,1,CGGGCGAAACTCCGGCACCA,0,5234922
yqjE_yqjK_yqjD_yqjC_predicted,0.5,1,1,CGGGCATTAGTCACTGATTG,0,5222541
yqjE_yqjK_yqjD_yqjC_predicted,0.5,1,1,CGGGATCCTAACCGAACCAT,0,5171732
yqjE_yqjK_yqjD_yqjC_predicted,0.5,1,1,CGGGAGGGCTGCCCCCCACG,0,5176176
yqjE_yqjK_yqjD_yqjC_predicted,0.5,1,1,CGGGAGCACCGGCTCCCTTC,0,5257104
yqjE_yqjK_yqjD_yqjC_predicted,0.5,1,1,CGGGAGATACCGTCGCATTG,0,5173020
yqjE_yqjK_yqjD_yqjC_predicted,0.5,1,1,CGGGAATCAAGCGTGGGCAA,0,5176547
yqjE_yqjK_yqjD_yqjC_predicted,0.5,1,1,CGGGAAGCCTACGCACAAGG,0,5260502
yqjE_yqjK_yqjD_yqjC_predicted,0.5,1,1,CGGCTTGTTGAGACGTAGAA,0,5187466
yqjE_yqjK_yqjD_yqjC_predicted,0.5,1,1,CGGCTTGGTACGCAATTTCC,0,5255455
yqjE_yqjK_yqjD_yqjC_predicted,0.5,1,1,CGGCTTGAATCCATACCCGT,0,5188799
yqjE_yqjK_yqjD_yqjC_predicted,0.5,1,1,CGGCTTACGACCAAGTACCC,0,5179722
yqjE_yqjK_yqjD_yqjC_predicted,0.5,1,1,CGGCTGTGTGGGGAGTTATA,0,5185732
yqjE_yqjK_yqjD_yqjC_predicted,0.5,1,1,CGGCTGCAAGACGCCCGTAA,0,5183783
yqjE_yqjK_yqjD_yqjC_predicted,0.5,1,1,CGGCGTTGAGAGGAACGAGA,0,5252700
yqjE_yqjK_yqjD_yqjC_predicted,0.5,1,1,CGGCGTGTCAATTGCTAACC,0,5178462
yqjE_yqjK_yqjD_yqjC_predicted,0.5,1,1,CGGCGGCGCCAGCAATAACA,0,5193169
yqjE_yqjK_yqjD_yqjC_predicted,0.5,1,1,CGGCGGCCTGTTCACGAAGA,0,5243878
yqjE_yqjK_yqjD_yqjC_predicted,0.5,1,1,CGGCGCACGAGATCTGTCAC,0,5219952
yqjE_yqjK_yqjD_yqjC_predicted,0.5,1,1,CGGCGAGACTAGTTCAGGCG,0,5229845
yqjE_yqjK_yqjD_yqjC_predicted,0.5,1,1,CGGCGACTTTTAAGCAGAAC,0,5246260
yqjE_yqjK_yqjD_yqjC_predicted,0.5,1,1,CGGCCTGTAGTGGATTGTGA,0,5223208
yqjE_yqjK_yqjD_yqjC_predicted,0.5,1,1,CGGCCTCCTGTCACTTACCG,0,5181955
yqjE_yqjK_yqjD_yqjC_predicted,0.5,1,1,CGGCCCCGTGGCCACGCGGA,0,5199988
yqjE_yqjK_yqjD_yqjC_predicted,0.5,1,1,CGGCATATGTTCCGCGTGCA,0,5212054
yqjE_yqjK_yqjD_yqjC_predicted,0.5,1,1,CGGCATATGGTTGGCTAGCG,0,5252657
yqjE_yqjK_yqjD_yqjC_predicted,0.5,1,1,CGGCATAGCAGTCAGGTCGT,0,5249666
yqjE_yqjK_yqjD_yqjC_predicted,0.5,1,1,CGGCAGACTGCATCCTGCGT,0,5217860
yqjE_yqjK_yqjD_yqjC_predicted,0.5,1,1,CGGCACGTTTTAGCCTAATT,0,5191035
yqjE_yqjK_yqjD_yqjC_predicted,0.5,1,1,CGGCAATGACACGCTTGGTT,0,5173204
yqjE_yqjK_yqjD_yqjC_predicted,0.5,1,1,CGGATGGGGCCGAATACCAC,0,5206182
yqjE_yqjK_yqjD_yqjC_predicted,0.5,1,1,CGGATGAGATGTGCCTACGT,0,5231786
yqjE_yqjK_yqjD_yqjC_predicted,0.5,1,1,CGGATAGATGTAGGGATAAC,0,5209751
yqjE_yqjK_yqjD_yqjC_predicted,0.5,1,1,CGGATACTTGTATCAATTCA,0,5188448
yqjE_yqjK_yqjD_yqjC_predicted,0.5,1,1,CGGAGGAGTTGATCCGTAGC,0,5221201
yqjE_yqjK_yqjD_yqjC_predicted,0.5,1,1,CGGAGCTAGTATAACTATAA,0,5234131
yqjE_yqjK_yqjD_yqjC_predicted,0.5,1,1,CGGAGCCGTGTAGCCAAGAA,0,5203424
yqjE_yqjK_yqjD_yqjC_predicted,0.5,1,1,CGGACTGGTACGGCCGCGAG,0,5202968
yqjE_yqjK_yqjD_yqjC_predicted,0.5,1,1,CGGACTATAAGGGAAGGATC,0,5252283
yqjE_yqjK_yqjD_yqjC_predicted,0.5,1,1,CGGACACGGGAGACGGGGTC,0,5186476
yqjE_yqjK_yqjD_yqjC_predicted,0.5,1,1,CGGAATGATGAAGGACTCCA,0,5224658
yqjE_yqjK_yqjD_yqjC_predicted,0.5,1,1,CGGAATAGTCCCCGGGAGCG,0,5181693
yqjE_yqjK_yqjD_yqjC_predicted,0.5,1,1,CGGAATAAGTGCCACCCTAA,0,5189573
yqjE_yqjK_yqjD_yqjC_predicted,0.5,1,1,CGGAAGGTTTAGAAGGACCA,0,5239818
yqjE_yqjK_yqjD_yqjC_predicted,0.5,1,1,CGGAAGCAATGCAAGCGAAT,0,5238493
yqjE_yqjK_yqjD_yqjC_predicted,0.5,1,1,CGGAACTCCCAGTATCATGT,0,5234248
yqjE_yqjK_yqjD_yqjC_predicted,0.5,1,1,CGCTTGTTCTCATTTTCTTG,0,5176072
yqjE_yqjK_yqjD_yqjC_predicted,0.5,1,1,CGCTTGGACTCCAGGCTTCT,0,5258951
yqjE_yqjK_yqjD_yqjC_predicted,0.5,1,1,CGCTTGATGGGATAGACCGT,0,5211176
yqjE_yqjK_yqjD_yqjC_predicted,0.5,1,1,CGCTTCTCATGTTGGTGAAC,0,5242543
yqjE_yqjK_yqjD_yqjC_predicted,0.5,1,1,CGCTTATGGCAGTCTAGCAG,0,5225916
yqjE_yqjK_yqjD_yqjC_predicted,0.5,1,1,CGCTTATCACAGTTGGTGTC,0,5180530
yqjE_yqjK_yqjD_yqjC_predicted,0.5,1,1,CGCTTAACCTCCTCAACGGG,0,5246918
yqjE_yqjK_yqjD_yqjC_predicted,0.5,1,1,CGCTGTCGAGCGAGTATCGT,0,5240983
yqjE_yqjK_yqjD_yqjC_predicted,0.5,1,1,CGCTGGGATACGAGCTACAA,0,5225281
yqjE_yqjK_yqjD_yqjC_predicted,0.5,1,1,CGCTCTGGCGTAGCCATGCC,0,5235798
yqjE_yqjK_yqjD_yqjC_predicted,0.5,1,1,CGCTCTACACTATCAATATC,0,5206300
yqjE_yqjK_yqjD_yqjC_predicted,0.5,1,1,CGCTCGTTATCATGCGTGAA,0,5197527
yqjE_yqjK_yqjD_yqjC_predicted,0.5,1,1,CGCTCGTGGAGGTGCCCTTG,0,5215863
yqjE_yqjK_yqjD_yqjC_predicted,0.5,1,1,CGCTCCTGTCGTCCAAACGC,0,5194363
yqjE_yqjK_yqjD_yqjC_predicted,0.5,1,1,CGCTCATGTTTTCCAGAGCG,0,5247337
yqjE_yqjK_yqjD_yqjC_predicted,0.5,1,1,CGCTATTTTGAATCATGCAG,0,5251237
yqjE_yqjK_yqjD_yqjC_predicted,0.5,1,1,CGCTAGTGGGATACAAATTC,0,5259318
yqjE_yqjK_yqjD_yqjC_predicted,0.5,1,1,CGCTAGAAGAGGAGAATTCT,0,5233349
yqjE_yqjK_yqjD_yqjC_predicted,0.5,1,1,CGCTACGGATCCGTCGCCCT,0,5215100
yqjE_yqjK_yqjD_yqjC_predicted,0.5,1,1,CGCTACCACTGACAGTAAGC,0,5193099
yqjE_yqjK_yqjD_yqjC_predicted,0.5,1,1,CGCTACCACATCAACGGACT,0,5213954
yqjE_yqjK_yqjD_yqjC_predicted,0.5,1,1,CGCGTGCATAAGGCAATGAA,0,5257957
yqjE_yqjK_yqjD_yqjC_predicted,0.5,1,1,CGCGTCCTGGAGTACATACT,0,5170790
yqjE_yqjK_yqjD_yqjC_predicted,0.5,1,1,CGCGGTTCGTCCCGGAGCCA,0,5247455
yqjE_yqjK_yqjD_yqjC_predicted,0.5,1,1,CGCGGTACGGCTCTCCCGGT,0,5212783
yqjE_yqjK_yqjD_yqjC_predicted,0.5,1,1,CGCGGGGTACTGGCAAACCA,0,5232521
yqjE_yqjK_yqjD_yqjC_predicted,0.5,1,1,CGCGGATTTGCTTCATGTCT,0,5185524
yqjE_yqjK_yqjD_yqjC_predicted,0.5,1,1,CGCGGAAGTCCCGACTTCTA,0,5175899
yqjE_yqjK_yqjD_yqjC_predicted,0.5,1,1,CGCGGAAATTGATGATAAAT,0,5238998
yqjE_yqjK_yqjD_yqjC_predicted,0.5,1,1,CGCGCTACTGTGGAAAGCTG,0,5225268
yqjE_yqjK_yqjD_yqjC_predicted,0.5,1,1,CGCGCGGCGAACATGACCGT,0,5241354
yqjE_yqjK_yqjD_yqjC_predicted,0.5,1,1,CGCGCATCTTTAGGACACTA,0,5188260
yqjE_yqjK_yqjD_yqjC_predicted,0.5,1,1,CGCGATCACTATTCGCTGAC,0,5236407
yqjE_yqjK_yqjD_yqjC_predicted,0.5,1,1,CGCGAGGGGGGTACACATCT,0,5257281
yqjE_yqjK_yqjD_yqjC_predicted,0.5,1,1,CGCGACCCTATGGCATACGC,0,5189106
yqjE_yqjK_yqjD_yqjC_predicted,0.5,1,1,CGCCTGGGGTCGGACGACTA,0,5211380
yqjE_yqjK_yqjD_yqjC_predicted,0.5,1,1,CGCCTATGGCGCTCAGCCCA,0,5224939
yqjE_yqjK_yqjD_yqjC_predicted,0.5,1,1,CGCCTAATTCAAGTGCTTGT,0,5242911
yqjE_yqjK_yqjD_yqjC_predicted,0.5,1,1,CGCCTAAGAGATCGGGGGGC,0,5235421
yqjE_yqjK_yqjD_yqjC_predicted,0.5,1,1,CGCCGTTGCGCTCGCGTCCA,0,5237769
yqjE_yqjK_yqjD_yqjC_predicted,0.5,1,1,CGCCGGTTTGGACATGCAAT,0,5210372
yqjE_yqjK_yqjD_yqjC_predicted,0.5,1,1,CGCCGGGGAAATGGATCTGG,0,5201023
yqjE_yqjK_yqjD_yqjC_predicted,0.5,1,1,CGCCGGATTCTCATCAACGA,0,5251524
yqjE_yqjK_yqjD_yqjC_predicted,0.5,1,1,CGCCGCCCTATGCCGTTTTC,0,5171677
yqjE_yqjK_yqjD_yqjC_predicted,0.5,1,1,CGCCCTAGGAAGCTAAGATC,0,5226526
yqjE_yqjK_yqjD_yqjC_predicted,0.5,1,1,CGCCCCTGTCCGAGACCCCA,0,5206671
yqjE_yqjK_yqjD_yqjC_predicted,0.5,1,1,CGCCCCTATCACGAAACGCT,0,5249157
yqjE_yqjK_yqjD_yqjC_predicted,0.5,1,1,CGCCCACCGTCCAGACCCAC,0,5251234
yqjE_yqjK_yqjD_yqjC_predicted,0.5,1,1,CGCCCAAGTTGACCAAAGAG,0,5209947
yqjE_yqjK_yqjD_yqjC_predicted,0.5,1,1,CGCCAGACAATCATGCTCTT,0,5234629
yqjE_yqjK_yqjD_yqjC_predicted,0.5,1,1,CGCCACTTTTGCGACGCTGG,0,5215721
yqjE_yqjK_yqjD_yqjC_predicted,0.5,1,1,CGCATTAGAGTTCCACGTCT,0,5189028
yqjE_yqjK_yqjD_yqjC_predicted,0.5,1,1,CGCATGAGCAGACGGATAAA,0,5244702
yqjE_yqjK_yqjD_yqjC_predicted,0.5,1,1,CGCATCGTCACAGCACACGC,0,5189663
yqjE_yqjK_yqjD_yqjC_predicted,0.5,1,1,CGCATCCGTAGCACGATGGT,0,5200266
yqjE_yqjK_yqjD_yqjC_predicted,0.5,1,1,CGCATCAGAGGTTCGTGAAA,0,5213137
yqjE_yqjK_yqjD_yqjC_predicted,0.5,1,1,CGCATATCGGGTGAACGGGT,0,5255903
yqjE_yqjK_yqjD_yqjC_predicted,0.5,1,1,CGCATACGCCAGATCAAAGA,0,5212057
yqjE_yqjK_yqjD_yqjC_predicted,0.5,1,1,CGCACAAGTTGAACGAGACC,0,5181743
yqjE_yqjK_yqjD_yqjC_predicted,0.5,1,1,CGCAATCCTGAGGGATACAA,0,5231203
yqjE_yqjK_yqjD_yqjC_predicted,0.5,1,1,CGCAACCTTTCTGGCCGAGG,0,5179068
yqjE_yqjK_yqjD_yqjC_predicted,0.5,1,1,CGCAAAGATGTGTTGCTTCA,0,5193320
yqjE_yqjK_yqjD_yqjC_predicted,0.5,1,1,CGATTTTAACTAGGGTCTAA,0,5207203
yqjE_yqjK_yqjD_yqjC_predicted,0.5,1,1,CGATTCAACACAAGCGGGCC,0,5249368
yqjE_yqjK_yqjD_yqjC_predicted,0.5,1,1,CGATGTCAAAAGCTCTTGTT,0,5240281
yqjE_yqjK_yqjD_yqjC_predicted,0.5,1,1,CGATGGACCGGCCAGGCATC,0,5217229
yqjE_yqjK_yqjD_yqjC_predicted,0.5,1,1,CGATGCAATTGTCTGAGCAG,0,5257030
yqjE_yqjK_yqjD_yqjC_predicted,0.5,1,1,CGATCTGTAAATGTCCGCAG,0,5218046
yqjE_yqjK_yqjD_yqjC_predicted,0.5,1,1,CGATCGGTGGTTTATAAGGT,0,5180541
yqjE_yqjK_yqjD_yqjC_predicted,0.5,1,1,CGATCCCGGTATAGTGATAA,0,5177656
yqjE_yqjK_yqjD_yqjC_predicted,0.5,1,1,CGATCAAGTGCGAGCGGGTC,0,5246962
yqjE_yqjK_yqjD_yqjC_predicted,0.5,1,1,CGATCAACGGAGATCGAGTT,0,5217151
yqjE_yqjK_yqjD_yqjC_predicted,0.5,1,1,CGATAGAAGGATCGTGGGAT,0,5228532
yqjE_yqjK_yqjD_yqjC_predicted,0.5,1,1,CGATACCCCTATCTGTATGC,0,5210441
yqjE_yqjK_yqjD_yqjC_predicted,0.5,1,1,CGATAAATGCTCTGGGGTTC,0,5199150
yqjE_yqjK_yqjD_yqjC_predicted,0.5,1,1,CGAGTTTGCGGGTCCTCCCC,0,5182854
yqjE_yqjK_yqjD_yqjC_predicted,0.5,1,1,CGAGTGTATCCGCCGGTTGT,0,5251450
yqjE_yqjK_yqjD_yqjC_predicted,0.5,1,1,CGAGTGCGGCTACGTGAGCG,0,5217460
yqjE_yqjK_yqjD_yqjC_predicted,0.5,1,1,CGAGTGCCCGCCGTTTTCGG,0,5213729
yqjE_yqjK_yqjD_yqjC_predicted,0.5,1,1,CGAGTAGATGAACTACGACA,0,5254925
yqjE_yqjK_yqjD_yqjC_predicted,0.5,1,1,CGAGGTCGCACGGGGATGCA,0,5176024
yqjE_yqjK_yqjD_yqjC_predicted,0.5,1,1,CGAGGAAGACACCCTATAAG,0,5224957
yqjE_yqjK_yqjD_yqjC_predicted,0.5,1,1,CGAGCTCTCACGAAATCTCT,0,5259517
yqjE_yqjK_yqjD_yqjC_predicted,0.5,1,1,CGAGCGCGACGGGTCTTGCG,0,5240959
yqjE_yqjK_yqjD_yqjC_predicted,0.5,1,1,CGAGATCGGTGGTCGCTCTA,0,5185979
yqjE_yqjK_yqjD_yqjC_predicted,0.5,1,1,CGAGAGACTTTGTGTAGGGC,0,5261509
yqjE_yqjK_yqjD_yqjC_predicted,0.5,1,1,CGAGACCGGAACAACTTCCA,0,5188809
yqjE_yqjK_yqjD_yqjC_predicted,0.5,1,1,CGAGAAAATATACATATAAT,0,5246149
yqjE_yqjK_yqjD_yqjC_predicted,0.5,1,1,CGACTTCGATTCCTCAAGGC,0,5192886
yqjE_yqjK_yqjD_yqjC_predicted,0.5,1,1,CGACTGGACGGCGGGGGCTA,0,5182788
yqjE_yqjK_yqjD_yqjC_predicted,0.5,1,1,CGACTGCATTTTCCGTGACT,0,5214846
yqjE_yqjK_yqjD_yqjC_predicted,0.5,1,1,CGACTCGAGTTTACCAGTCG,0,5241343
yqjE_yqjK_yqjD_yqjC_predicted,0.5,1,1,CGACTCCTCAACCGGTCATG,0,5205569
yqjE_yqjK_yqjD_yqjC_predicted,0.5,1,1,CGACTCCCGCGGCACCAAGT,0,5196778
yqjE_yqjK_yqjD_yqjC_predicted,0.5,1,1,CGACTCACATTAGTGCTATT,0,5180378
yqjE_yqjK_yqjD_yqjC_predicted,0.5,1,1,CGACTAGGATAGTGTTGAAT,0,5222371
yqjE_yqjK_yqjD_yqjC_predicted,0.5,1,1,CGACTAGAGATGCGGTCGCT,0,5250859
yqjE_yqjK_yqjD_yqjC_predicted,0.5,1,1,CGACGGTTTAATTACCAGGC,0,5253581
yqjE_yqjK_yqjD_yqjC_predicted,0.5,1,1,CGACGGAATGCTGATCGTTC,0,5255417
yqjE_yqjK_yqjD_yqjC_predicted,0.5,1,1,CGACGCATTTCTGGCGGTTC,0,5178124
yqjE_yqjK_yqjD_yqjC_predicted,0.5,1,1,CGACGAGCCCCTATTGTTCC,0,5256357
yqjE_yqjK_yqjD_yqjC_predicted,0.5,1,1,CGACCACCCAGATACGAAGA,0,5238609
yqjE_yqjK_yqjD_yqjC_predicted,0.5,1,1,CGACATAAATACCGGGATTT,0,5258176
yqjE_yqjK_yqjD_yqjC_predicted,0.5,1,1,CGACAGGTAAACTCGAAAGT,0,5171376
yqjE_yqjK_yqjD_yqjC_predicted,0.5,1,1,CGACACCAGACTTGGATACA,0,5180421
yqjE_yqjK_yqjD_yqjC_predicted,0.5,1,1,CGAATTTGTCACTCCGGTGG,0,5211230
yqjE_yqjK_yqjD_yqjC_predicted,0.5,1,1,CGAATTGGGCGGTACCAGCA,0,5233708
yqjE_yqjK_yqjD_yqjC_predicted,0.5,1,1,CGAATTGGATCCCCTAAGTT,0,5187540
yqjE_yqjK_yqjD_yqjC_predicted,0.5,1,1,CGAATTGCGCGTTCGTGCTA,0,5213476
yqjE_yqjK_yqjD_yqjC_predicted,0.5,1,1,CGAATTCAACTATGGACCTA,0,5231206
yqjE_yqjK_yqjD_yqjC_predicted,0.5,1,1,CGAATGGACACGAGACGAGG,0,5198764
yqjE_yqjK_yqjD_yqjC_predicted,0.5,1,1,CGAATGCGAACCCAGTGTGA,0,5248488
yqjE_yqjK_yqjD_yqjC_predicted,0.5,1,1,CGAATGATCAATCAGTGTGT,0,5223969
yqjE_yqjK_yqjD_yqjC_predicted,0.5,1,1,CGAAGTTGGGTAAAATGAGG,0,5251576
yqjE_yqjK_yqjD_yqjC_predicted,0.5,1,1,CGAAGGTTGAAAATGCAGTC,0,5176603
yqjE_yqjK_yqjD_yqjC_predicted,0.5,1,1,CGAAGCTTTAAATAGAGATA,0,5180037
yqjE_yqjK_yqjD_yqjC_predicted,0.5,1,1,CGAACTGGCGTATACGAGTT,0,5240782
yqjE_yqjK_yqjD_yqjC_predicted,0.5,1,1,CGAACATTCACTTCAGGCGA,0,5246957
yqjE_yqjK_yqjD_yqjC_predicted,0.5,1,1,CGAACATCCCGGCCCCTCAA,0,5238217
yqjE_yqjK_yqjD_yqjC_predicted,0.5,1,1,CGAACACAGCCATAGTATAA,0,5241613
yqjE_yqjK_yqjD_yqjC_predicted,0.5,1,1,CGAACACAAAGTTGGGAACG,0,5211364
yqjE_yqjK_yqjD_yqjC_predicted,0.5,1,1,CGAACAAGCGGCTTGTGTAT,0,5234653
yqjE_yqjK_yqjD_yqjC_predicted,0.5,1,1,CGAAATGTCCACGATGGTGC,0,5187163
yqjE_yqjK_yqjD_yqjC_predicted,0.5,1,1,CGAAATCAGGGCCTGGTCCG,0,5194102
yqjE_yqjK_yqjD_yqjC_predicted,0.5,1,1,CGAAAGCGGAACAAGATACA,0,5197715
yqjE_yqjK_yqjD_yqjC_predicted,0.5,1,1,CGAAACCTAGAATAATTGAC,0,5195438
yqjE_yqjK_yqjD_yqjC_predicted,0.5,1,1,CGAAACCAGTTATGCCCTAG,0,5235721
yqjE_yqjK_yqjD_yqjC_predicted,0.5,1,1,CGAAAATTCTCGTTGGGCCG,0,5202518
yqjE_yqjK_yqjD_yqjC_predicted,0.5,1,1,CCTTTTTTGCTCGACCGGGA,0,5199027
yqjE_yqjK_yqjD_yqjC_predicted,0.5,1,1,CCTTTTTGTCGGGTCTGACC,0,5215291
yqjE_yqjK_yqjD_yqjC_predicted,0.5,1,1,CCTTTTGCACTCCTACCGGA,0,5227162
yqjE_yqjK_yqjD_yqjC_predicted,0.5,1,1,CCTTTTCGAACACATTTAGC,0,5253730
yqjE_yqjK_yqjD_yqjC_predicted,0.5,1,1,CCTTTTAGTAACTCCATCCG,0,5184576
yqjE_yqjK_yqjD_yqjC_predicted,0.5,1,1,CCTTTGGCTCTCGTTTAGGT,0,5197939
yqjE_yqjK_yqjD_yqjC_predicted,0.5,1,1,CCTTTCAAGACTGGTAACGG,0,5198326
yqjE_yqjK_yqjD_yqjC_predicted,0.5,1,1,CCTTTATGCCGGGTTCAGTC,0,5185020
yqjE_yqjK_yqjD_yqjC_predicted,0.5,1,1,CCTTGGAACTCTAGGGCGAC,0,5243642
yqjE_yqjK_yqjD_yqjC_predicted,0.5,1,1,CCTTGACGCGCCGAATCACG,0,5261949
yqjE_yqjK_yqjD_yqjC_predicted,0.5,1,1,CCTTCTCCTAAGCAACTCAA,0,5260962
yqjE_yqjK_yqjD_yqjC_predicted,0.5,1,1,CCTTCGTTATTATGCGTCGT,0,5234882
yqjE_yqjK_yqjD_yqjC_predicted,0.5,1,1,CCTTCGACCCGTCTATGTGC,0,5221819
yqjE_yqjK_yqjD_yqjC_predicted,0.5,1,1,CCTTCGAAACGGGGGACCAG,0,5217625
yqjE_yqjK_yqjD_yqjC_predicted,0.5,1,1,CCTTCCGTTACGATGGTGTT,0,5188785
yqjE_yqjK_yqjD_yqjC_predicted,0.5,1,1,CCTTCCGCCCGTACAGCCAT,0,5219570
yqjE_yqjK_yqjD_yqjC_predicted,0.5,1,1,CCTTCAGATAACTTGCGTAG,0,5253092
yqjE_yqjK_yqjD_yqjC_predicted,0.5,1,1,CCTTATTCAACCGCCCTATC,0,5191314
yqjE_yqjK_yqjD_yqjC_predicted,0.5,1,1,CCTTATAAGGCGGGCCAGGC,0,5219720
yqjE_yqjK_yqjD_yqjC_predicted,0.5,1,1,CCTTAGCCTAGGGCATCGCA,0,5181507
yqjE_yqjK_yqjD_yqjC_predicted,0.5,1,1,CCTTACTGTGCCAGTTAAGA,0,5201621
yqjE_yqjK_yqjD_yqjC_predicted,0.5,1,1,CCTGTTGACTTTTGTACCCT,0,5234096
yqjE_yqjK_yqjD_yqjC_predicted,0.5,1,1,CCTGTTAGTTGCGGATCGAT,0,5197810
yqjE_yqjK_yqjD_yqjC_predicted,0.5,1,1,CCTGTGCTGTGGGAATTCGC,0,5201016
yqjE_yqjK_yqjD_yqjC_predicted,0.5,1,1,CCTGTCTATGAATGACAGTC,0,5182362
yqjE_yqjK_yqjD_yqjC_predicted,0.5,1,1,CCTGTATATCCCGTTTCAAT,0,5215391
yqjE_yqjK_yqjD_yqjC_predicted,0.5,1,1,CCTGGTTTTTTTAACTGGTT,0,5252961
yqjE_yqjK_yqjD_yqjC_predicted,0.5,1,1,CCTGGTATATTGGATAGGCC,0,5236113
yqjE_yqjK_yqjD_yqjC_predicted,0.5,1,1,CCTGGGGTTCGGCGCTCTTT,0,5210619
yqjE_yqjK_yqjD_yqjC_predicted,0.5,1,1,CCTGGCTCCGGGCAAGATTT,0,5243103
yqjE_yqjK_yqjD_yqjC_predicted,0.5,1,1,CCTGGATGTCTTACCTATTA,0,5181834
yqjE_yqjK_yqjD_yqjC_predicted,0.5,1,1,CCTGGAATTTAAAGGCGTTG,0,5225869
yqjE_yqjK_yqjD_yqjC_predicted,0.5,1,1,CCTGGAATACGCTGTTTAGA,0,5238142
yqjE_yqjK_yqjD_yqjC_predicted,0.5,1,1,CCTGGAACATCTTTGCAGAT,0,5215679
yqjE_yqjK_yqjD_yqjC_predicted,0.5,1,1,CCTGCTATCCGCGTCGTGTT,0,5200758
yqjE_yqjK_yqjD_yqjC_predicted,0.5,1,1,CCTGCGAACCTGATAGGGTT,0,5243107
yqjE_yqjK_yqjD_yqjC_predicted,0.5,1,1,CCTGATTGTGTGTAAGATAG,0,5204617
yqjE_yqjK_yqjD_yqjC_predicted,0.5,1,1,CCTGATACCGGGTGATGCCA,0,5184533
yqjE_yqjK_yqjD_yqjC_predicted,0.5,1,1,CCTGAGGAGACGCATTATGT,0,5221025
yqjE_yqjK_yqjD_yqjC_predicted,0.5,1,1,CCTGACTGCGACGTTGAAAA,0,5218868
yqjE_yqjK_yqjD_yqjC_predicted,0.5,1,1,CCTGACGCAACTGGCATACG,0,5248583
yqjE_yqjK_yqjD_yqjC_predicted,0.5,1,1,CCTCTTGTCGCGCGACTAAT,0,5187797
yqjE_yqjK_yqjD_yqjC_predicted,0.5,1,1,CCTCTTCTCCAAAGCTACAT,0,5242732
yqjE_yqjK_yqjD_yqjC_predicted,0.5,1,1,CCTCGGGCAGCAATACGTCA,0,5237636
yqjE_yqjK_yqjD_yqjC_predicted,0.5,1,1,CCTCGACCGAAATACACACC,0,5255837
yqjE_yqjK_yqjD_yqjC_predicted,0.5,1,1,CCTCCTCTTACTTGTATGCC,0,5240682
yqjE_yqjK_yqjD_yqjC_predicted,0.5,1,1,CCTCATGTATCGGTAACAGT,0,5205903
yqjE_yqjK_yqjD_yqjC_predicted,0.5,1,1,CCTCAGCGGATCAACGGTTA,0,5183230
yqjE_yqjK_yqjD_yqjC_predicted,0.5,1,1,CCTCAAAGGCCGTGAGTCCC,0,5184581
yqjE_yqjK_yqjD_yqjC_predicted,0.5,1,1,CCTATTTTGCCATAGTTCAA,0,5208624
yqjE_yqjK_yqjD_yqjC_predicted,0.5,1,1,CCTATGCGGCCTATGGGAGT,0,5206773
yqjE_yqjK_yqjD_yqjC_predicted,0.5,1,1,CCTATCCGGAACTGCCCCCC,0,5242558
yqjE_yqjK_yqjD_yqjC_predicted,0.5,1,1,CCTATAGGTCTTATGGTATT,0,5173373
yqjE_yqjK_yqjD_yqjC_predicted,0.5,1,1,CCTAGTGTTACCTTTGTTCA,0,5238453
yqjE_yqjK_yqjD_yqjC_predicted,0.5,1,1,CCTAGAAACTGAGTGAGACA,0,5255849
yqjE_yqjK_yqjD_yqjC_predicted,0.5,1,1,CCTACTCTAAATATTCGGGG,0,5205408
yqjE_yqjK_yqjD_yqjC_predicted,0.5,1,1,CCTACCGCTGAGTAATGCAC,0,5203943
yqjE_yqjK_yqjD_yqjC_predicted,0.5,1,1,CCTACCGCCCCTCGGGGATT,0,5248056
yqjE_yqjK_yqjD_yqjC_predicted,0.5,1,1,CCTACACACCCGATCCAAAG,0,5244766
yqjE_yqjK_yqjD_yqjC_predicted,0.5,1,1,CCTAATGCACACGAGTGGTG,0,5256350
yqjE_yqjK_yqjD_yqjC_predicted,0.5,1,1,CCGTTTATTGCCAATTATAT,0,5213624
yqjE_yqjK_yqjD_yqjC_predicted,0.5,1,1,CCGTTGAAGTGTGCTCTTAA,0,5217003
yqjE_yqjK_yqjD_yqjC_predicted,0.5,1,1,CCGTGGTTGTGGTCGCAGGC,0,5222333
yqjE_yqjK_yqjD_yqjC_predicted,0.5,1,1,CCGTGGCCAAGCTGAAACGT,0,5197981
yqjE_yqjK_yqjD_yqjC_predicted,0.5,1,1,CCGTGCGGATACTGGTTGGG,0,5261315
yqjE_yqjK_yqjD_yqjC_predicted,0.5,1,1,CCGTGCGATCACGTTCATTG,0,5260482
yqjE_yqjK_yqjD_yqjC_predicted,0.5,1,1,CCGTCTGCGAGGGTCTGCCC,0,5214503
yqjE_yqjK_yqjD_yqjC_predicted,0.5,1,1,CCGTCCTCCTAACGTGCTAA,0,5241125
yqjE_yqjK_yqjD_yqjC_predicted,0.5,1,1,CCGTCCCAAAACTTGAAGCT,0,5175886
yqjE_yqjK_yqjD_yqjC_predicted,0.5,1,1,CCGTCATGTAGCGCATTAAA,0,5256754
yqjE_yqjK_yqjD_yqjC_predicted,0.5,1,1,CCGTCACCGGAAGGTTGGGT,0,5226487
yqjE_yqjK_yqjD_yqjC_predicted,0.5,1,1,CCGGTTAATGTGGGCGTTAT,0,5241921
yqjE_yqjK_yqjD_yqjC_predicted,0.5,1,1,CCGGTGCCACCAGGTCACTA,0,5185582
yqjE_yqjK_yqjD_yqjC_predicted,0.5,1,1,CCGGTAGGTATCTGCTCCCC,0,5228588
yqjE_yqjK_yqjD_yqjC_predicted,0.5,1,1,CCGGGTTGTACTACCCTCAG,0,5238010
yqjE_yqjK_yqjD_yqjC_predicted,0.5,1,1,CCGGGTTCGTACTTCCCGCA,0,5186870
yqjE_yqjK_yqjD_yqjC_predicted,0.5,1,1,CCGGGTAGACTAAGGATCTG,0,5189251
yqjE_yqjK_yqjD_yqjC_predicted,0.5,1,1,CCGGGGATTGCTACGCGGAT,0,5254122
yqjE_yqjK_yqjD_yqjC_predicted,0.5,1,1,CCGGGCCGGTCAGGTGCTAT,0,5232532
yqjE_yqjK_yqjD_yqjC_predicted,0.5,1,1,CCGGGAGCGTTAACCATCCT,0,5237896
yqjE_yqjK_yqjD_yqjC_predicted,0.5,1,1,CCGGGAAGTCCCTCGTTCAA,0,5239088
yqjE_yqjK_yqjD_yqjC_predicted,0.5,1,1,CCGGCTTTCGAGGATGTCAA,0,5179150
yqjE_yqjK_yqjD_yqjC_predicted,0.5,1,1,CCGGCGCCCCACTACATCCG,0,5172375
yqjE_yqjK_yqjD_yqjC_predicted,0.5,1,1,CCGGCGAACAACCATAAGAC,0,5213663
yqjE_yqjK_yqjD_yqjC_predicted,0.5,1,1,CCGGCCTATGCTGGGGACGT,0,5254967
yqjE_yqjK_yqjD_yqjC_predicted,0.5,1,1,CCGGCAAGGGATTGTGGTTT,0,5219353
yqjE_yqjK_yqjD_yqjC_predicted,0.5,1,1,CCGGCAAGACATTGAGTGCG,0,5197559
yqjE_yqjK_yqjD_yqjC_predicted,0.5,1,1,CCGGATGCAAGTGTGTTCTA,0,5220193
yqjE_yqjK_yqjD_yqjC_predicted,0.5,1,1,CCGGAGGCATCTCGCGGGGA,0,5212185
yqjE_yqjK_yqjD_yqjC_predicted,0.5,1,1,CCGGAGACATTCAGCACTGT,0,5255531
yqjE_yqjK_yqjD_yqjC_predicted,0.5,1,1,CCGGACGAGAGCTTGCCACA,0,5239867
yqjE_yqjK_yqjD_yqjC_predicted,0.5,1,1,CCGGACCGGGCAGGTTATGT,0,5192906
yqjE_yqjK_yqjD_yqjC_predicted,0.5,1,1,CCGCTTACCGATCTTAGCAT,0,5258333
yqjE_yqjK_yqjD_yqjC_predicted,0.5,1,1,CCGCTGTGTCTGTAGGAAAC,0,5180989
yqjE_yqjK_yqjD_yqjC_predicted,0.5,1,1,CCGCTAAGGGAGTGATTCAG,0,5252336
yqjE_yqjK_yqjD_yqjC_predicted,0.5,1,1,CCGCGTTTAAGATATTATTT,0,5223031
yqjE_yqjK_yqjD_yqjC_predicted,0.5,1,1,CCGCGTGCTTGGTTATGTTT,0,5192782
yqjE_yqjK_yqjD_yqjC_predicted,0.5,1,1,CCGCGTATGGCTTACTTTTT,0,5175414
yqjE_yqjK_yqjD_yqjC_predicted,0.5,1,1,CCGCGGACGCCAGTATAGCG,0,5256456
yqjE_yqjK_yqjD_yqjC_predicted,0.5,1,1,CCGCGCGCGCGCCTTTTTCT,0,5259082
yqjE_yqjK_yqjD_yqjC_predicted,0.5,1,1,CCGCGCCAGTTTAAGAGCGC,0,5249844
yqjE_yqjK_yqjD_yqjC_predicted,0.5,1,1,CCGCCTGGTACCATCGCCGT,0,5240824
yqjE_yqjK_yqjD_yqjC_predicted,0.5,1,1,CCGCCGCTTTCGTTCGGGTC,0,5243543
yqjE_yqjK_yqjD_yqjC_predicted,0.5,1,1,CCGCCCTTCTCTACAACGCA,0,5231623
yqjE_yqjK_yqjD_yqjC_predicted,0.5,1,1,CCGCCCCGGTACAACCTTGT,0,5217299
yqjE_yqjK_yqjD_yqjC_predicted,0.5,1,1,CCGCCACTAAACTTGGGCTC,0,5228713
yqjE_yqjK_yqjD_yqjC_predicted,0.5,1,1,CCGCCAATCATATAGTAGTC,0,5228603
yqjE_yqjK_yqjD_yqjC_predicted,0.5,1,1,CCGCACTGGAGCTGAATGAC,0,5215706
yqjE_yqjK_yqjD_yqjC_predicted,0.5,1,1,CCGATTCGGTTGTTAAGCGT,0,5246069
yqjE_yqjK_yqjD_yqjC_predicted,0.5,1,1,CCGATGTAAGCGTTTAACGG,0,5230616
yqjE_yqjK_yqjD_yqjC_predicted,0.5,1,1,CCGATATACACCGCCAAAGG,0,5174045
yqjE_yqjK_yqjD_yqjC_predicted,0.5,1,1,CCGATACAGTGGCCTGGTAT,0,5198640
yqjE_yqjK_yqjD_yqjC_predicted,0.5,1,1,CCGAGCCGATTATGATTTCG,0,5262397
yqjE_yqjK_yqjD_yqjC_predicted,0.5,1,1,CCGAGACCGTTGCATTCGTT,0,5222416
yqjE_yqjK_yqjD_yqjC_predicted,0.5,1,1,CCGACGGAATGTATAGTAGG,0,5213218
yqjE_yqjK_yqjD_yqjC_predicted,0.5,1,1,CCGAAGACGTAGCCAATCTT,0,5190289
yqjE_yqjK_yqjD_yqjC_predicted,0.5,1,1,CCGAACCGGGGGCGTTCGAG,0,5203185
yqjE_yqjK_yqjD_yqjC_predicted,0.5,1,1,CCCTTTCCGATGGCCGAGAA,0,5176507
yqjE_yqjK_yqjD_yqjC_predicted,0.5,1,1,CCCTTCTACCTGCGAAGCCC,0,5259964
yqjE_yqjK_yqjD_yqjC_predicted,0.5,1,1,CCCTGCGATGGAATTGGTGA,0,5217184
yqjE_yqjK_yqjD_yqjC_predicted,0.5,1,1,CCCTCTCCGGCATGGTGTGA,0,5217865
yqjE_yqjK_yqjD_yqjC_predicted,0.5,1,1,CCCTCCGAGTGGTCCCGACC,0,5217103
yqjE_yqjK_yqjD_yqjC_predicted,0.5,1,1,CCCTATTACATGAGAGAGTG,0,5250279
yqjE_yqjK_yqjD_yqjC_predicted,0.5,1,1,CCCTATCCGCGTCTGTCTAA,0,5242783
yqjE_yqjK_yqjD_yqjC_predicted,0.5,1,1,CCCTAGTATAATAAGTGCCA,0,5190641
yqjE_yqjK_yqjD_yqjC_predicted,0.5,1,1,CCCTAGGAGCTGCATCCCCG,0,5207964
yqjE_yqjK_yqjD_yqjC_predicted,0.5,1,1,CCCTAGGACATATCTCCCCT,0,5200562
yqjE_yqjK_yqjD_yqjC_predicted,0.5,1,1,CCCTAGCCGAGTGGCCATCA,0,5254060
yqjE_yqjK_yqjD_yqjC_predicted,0.5,1,1,CCCTAGACATGTGCCGGTCG,0,5192534
yqjE_yqjK_yqjD_yqjC_predicted,0.5,1,1,CCCTACTCGAATGTGAGAGA,0,5197740
yqjE_yqjK_yqjD_yqjC_predicted,0.5,1,1,CCCGTGGTTTAGCTCACTAC,0,5222834
yqjE_yqjK_yqjD_yqjC_predicted,0.5,1,1,CCCGTCTATAGAGACTGACC,0,5187598
yqjE_yqjK_yqjD_yqjC_predicted,0.5,1,1,CCCGTCGTGTAGATTACTTC,0,5220706
yqjE_yqjK_yqjD_yqjC_predicted,0.5,1,1,CCCGTATATTGTCAGCGGAG,0,5248078
yqjE_yqjK_yqjD_yqjC_predicted,0.5,1,1,CCCGTAGAGGGCTAAAGTCT,0,5227751
yqjE_yqjK_yqjD_yqjC_predicted,0.5,1,1,CCCGGTCAAACTCTAACCAA,0,5197627
yqjE_yqjK_yqjD_yqjC_predicted,0.5,1,1,CCCGGGCGACGGAGGTTCCA,0,5196760
yqjE_yqjK_yqjD_yqjC_predicted,0.5,1,1,CCCGGGACTCGGTCATCTCC,0,5242469
yqjE_yqjK_yqjD_yqjC_predicted,0.5,1,1,CCCGGATACACAGGTCAAGT,0,5197894
yqjE_yqjK_yqjD_yqjC_predicted,0.5,1,1,CCCGGAACCAGAAGGTCAGC,0,5200105
yqjE_yqjK_yqjD_yqjC_predicted,0.5,1,1,CCCGCTTATCGCTTACTGTC,0,5261939
yqjE_yqjK_yqjD_yqjC_predicted,0.5,1,1,CCCGCGTCTATATAAGTGCT,0,5187132
yqjE_yqjK_yqjD_yqjC_predicted,0.5,1,1,CCCGCCTGGTACTATCGAAT,0,5254827
yqjE_yqjK_yqjD_yqjC_predicted,0.5,1,1,CCCGCCTCTTAGATGTATAT,0,5207249
yqjE_yqjK_yqjD_yqjC_predicted,0.5,1,1,CCCGCCGCCCGGACTCTCAA,0,5215662
yqjE_yqjK_yqjD_yqjC_predicted,0.5,1,1,CCCGCACCGCGGGAACCGCA,0,5181909
yqjE_yqjK_yqjD_yqjC_predicted,0.5,1,1,CCCGAGTCTGGCGCCCATCA,0,5236813
yqjE_yqjK_yqjD_yqjC_predicted,0.5,1,1,CCCGACACTCGTCTCTAAAA,0,5212949
yqjE_yqjK_yqjD_yqjC_predicted,0.5,1,1,CCCGAAAGTCCAGTGAGATC,0,5234835
yqjE_yqjK_yqjD_yqjC_predicted,0.5,1,1,CCCCTCTCTACACCTGGAGG,0,5215625
yqjE_yqjK_yqjD_yqjC_predicted,0.5,1,1,CCCCTAGCCAATCTCTACCT,0,5202338
yqjE_yqjK_yqjD_yqjC_predicted,0.5,1,1,CCCCGTAATTCGGGGTCGTC,0,5249962
yqjE_yqjK_yqjD_yqjC_predicted,0.5,1,1,CCCCGGGGTACATCGTCCCA,0,5231672
yqjE_yqjK_yqjD_yqjC_predicted,0.5,1,1,CCCCGGCCCAGATTTCTTGC,0,5247920
yqjE_yqjK_yqjD_yqjC_predicted,0.5,1,1,CCCCGATCAGAATTGAGACT,0,5172171
yqjE_yqjK_yqjD_yqjC_predicted,0.5,1,1,CCCCGAGCGACACGGGGGAG,0,5176946
yqjE_yqjK_yqjD_yqjC_predicted,0.5,1,1,CCCCGACTGTCAATGCAGGG,0,5219900
yqjE_yqjK_yqjD_yqjC_predicted,0.5,1,1,CCCCCTCATGGAATTCTGGA,0,5195471
yqjE_yqjK_yqjD_yqjC_predicted,0.5,1,1,CCCCCGCTGTAATTCGCATA,0,5222607
yqjE_yqjK_yqjD_yqjC_predicted,0.5,1,1,CCCCCCGGCAGCCTTGCGTT,0,5199665
yqjE_yqjK_yqjD_yqjC_predicted,0.5,1,1,CCCCCACGCCCTGAGACGCA,0,5189667
yqjE_yqjK_yqjD_yqjC_predicted,0.5,1,1,CCCCACTTGCGGAATGCACA,0,5253862
yqjE_yqjK_yqjD_yqjC_predicted,0.5,1,1,CCCATTCGAGGGAACACAGG,0,5215338
yqjE_yqjK_yqjD_yqjC_predicted,0.5,1,1,CCCATGTGCGTTAGAAGTTT,0,5255176
yqjE_yqjK_yqjD_yqjC_predicted,0.5,1,1,CCCATGCTCGTCCATCCATG,0,5236169
yqjE_yqjK_yqjD_yqjC_predicted,0.5,1,1,CCCATCTATGCAGCTATTTG,0,5261661
yqjE_yqjK_yqjD_yqjC_predicted,0.5,1,1,CCCATCTATAACTAGGGGAC,0,5201147
yqjE_yqjK_yqjD_yqjC_predicted,0.5,1,1,CCCATCCAGCCACTAAGTAC,0,5245908
yqjE_yqjK_yqjD_yqjC_predicted,0.5,1,1,CCCATAGGCAATAAGATGCT,0,5224700
yqjE_yqjK_yqjD_yqjC_predicted,0.5,1,1,CCCAGTTTTACAACAATATT,0,5201576
yqjE_yqjK_yqjD_yqjC_predicted,0.5,1,1,CCCAGTTAGTCAATATCTTC,0,5250207
yqjE_yqjK_yqjD_yqjC_predicted,0.5,1,1,CCCAGTGTGGTAAGTCTTTG,0,5215394
yqjE_yqjK_yqjD_yqjC_predicted,0.5,1,1,CCCAGGGAGGGAATCGGAGG,0,5246794
yqjE_yqjK_yqjD_yqjC_predicted,0.5,1,1,CCCAGGCATGTACTACGGCG,0,5246174
yqjE_yqjK_yqjD_yqjC_predicted,0.5,1,1,CCCAGGAAATATCACCGGTT,0,5182481
yqjE_yqjK_yqjD_yqjC_predicted,0.5,1,1,CCCAGCCGGGAGTTTGTTGC,0,5251483
yqjE_yqjK_yqjD_yqjC_predicted,0.5,1,1,CCCAGAGGCCCATGTCATAG,0,5207503
yqjE_yqjK_yqjD_yqjC_predicted,0.5,1,1,CCCACTCTTTCACCCGGGGA,0,5228695
yqjE_yqjK_yqjD_yqjC_predicted,0.5,1,1,CCCACTACTGGCTCTCTTCA,0,5196463
yqjE_yqjK_yqjD_yqjC_predicted,0.5,1,1,CCCACCTGACTAATCTGTGG,0,5234749
yqjE_yqjK_yqjD_yqjC_predicted,0.5,1,1,CCCACCGCCAGTTGACTATC,0,5196310
yqjE_yqjK_yqjD_yqjC_predicted,0.5,1,1,CCCACAGCGGGGATTCAAGA,0,5207527
yqjE_yqjK_yqjD_yqjC_predicted,0.5,1,1,CCCACAACCCGGTCCACGCG,0,5227267
yqjE_yqjK_yqjD_yqjC_predicted,0.5,1,1,CCCAAGTTTGTTTTCAAGCG,0,5171349
yqjE_yqjK_yqjD_yqjC_predicted,0.5,1,1,CCCAACAGTAAGTACCAGTA,0,5251684
yqjE_yqjK_yqjD_yqjC_predicted,0.5,1,1,CCCAAAAGATCGCAAACAGG,0,5219731
yqjE_yqjK_yqjD_yqjC_predicted,0.5,1,1,CCATTTATAACGCGCCGAAC,0,5247704
yqjE_yqjK_yqjD_yqjC_predicted,0.5,1,1,CCATTAGGCCAAAACGACAC,0,5242770
yqjE_yqjK_yqjD_yqjC_predicted,0.5,1,1,CCATTACTTTTCCCGTTCAA,0,5193593
yqjE_yqjK_yqjD_yqjC_predicted,0.5,1,1,CCATTACCATACTTCTCTAT,0,5190369
yqjE_yqjK_yqjD_yqjC_predicted,0.5,1,1,CCATGGCGGCGGTACGCCCG,0,5217164
yqjE_yqjK_yqjD_yqjC_predicted,0.5,1,1,CCATGGCCAACCTGTACGTG,0,5232287
yqjE_yqjK_yqjD_yqjC_predicted,0.5,1,1,CCATGGCATAGGCGCTGCGA,0,5205216
yqjE_yqjK_yqjD_yqjC_predicted,0.5,1,1,CCATGGCATACAGTCACCCA,0,5229793
yqjE_yqjK_yqjD_yqjC_predicted,0.5,1,1,CCATGCACGCTTTAGAGAAA,0,5175286
yqjE_yqjK_yqjD_yqjC_predicted,0.5,1,1,CCATGAGCCATTCAGAAAGC,0,5183449
yqjE_yqjK_yqjD_yqjC_predicted,0.5,1,1,CCATCTCCGCTAGGGCGCCT,0,5176432
yqjE_yqjK_yqjD_yqjC_predicted,0.5,1,1,CCATCGTTCACATAAGTCAA,0,5228217
yqjE_yqjK_yqjD_yqjC_predicted,0.5,1,1,CCATCGGGGCTGTGACTTGC,0,5195972
yqjE_yqjK_yqjD_yqjC_predicted,0.5,1,1,CCATCCCACCCTGACGTCAA,0,5248589
yqjE_yqjK_yqjD_yqjC_predicted,0.5,1,1,CCATCCAGAAAATCCAACAG,0,5172753
yqjE_yqjK_yqjD_yqjC_predicted,0.5,1,1,CCATCAGTCAGACGCGCGCC,0,5244168
yqjE_yqjK_yqjD_yqjC_predicted,0.5,1,1,CCATCAATTTCTGATATCAT,0,5205188
yqjE_yqjK_yqjD_yqjC_predicted,0.5,1,1,CCATCAATGAACTTCTCTAG,0,5243490
yqjE_yqjK_yqjD_yqjC_predicted,0.5,1,1,CCATATCCTTGCCTTCGGAG,0,5184351
yqjE_yqjK_yqjD_yqjC_predicted,0.5,1,1,CCATAGTGGTTTCTCGTCAA,0,5217564
yqjE_yqjK_yqjD_yqjC_predicted,0.5,1,1,CCATAGCTCATTAAACCTCA,0,5254410
yqjE_yqjK_yqjD_yqjC_predicted,0.5,1,1,CCATAAGGTTGGTATGGGTT,0,5255957
yqjE_yqjK_yqjD_yqjC_predicted,0.5,1,1,CCAGTTTGCCTACCGTAGAA,0,5183056
yqjE_yqjK_yqjD_yqjC_predicted,0.5,1,1,CCAGTTAAAGCACATTAAGT,0,5235936
yqjE_yqjK_yqjD_yqjC_predicted,0.5,1,1,CCAGTCTTTAGTTATTCAAT,0,5176408
yqjE_yqjK_yqjD_yqjC_predicted,0.5,1,1,CCAGTCTGTTGTGAAGCCCA,0,5254924
yqjE_yqjK_yqjD_yqjC_predicted,0.5,1,1,CCAGTAAGAAAAATCATTCT,0,5248241
yqjE_yqjK_yqjD_yqjC_predicted,0.5,1,1,CCAGGTGCAGATACCTGATG,0,5172495
yqjE_yqjK_yqjD_yqjC_predicted,0.5,1,1,CCAGGTCTTGTTCATACGAC,0,5235414
yqjE_yqjK_yqjD_yqjC_predicted,0.5,1,1,CCAGGGGTGGTTCGGTCTAT,0,5223335
yqjE_yqjK_yqjD_yqjC_predicted,0.5,1,1,CCAGGGGGCGTAAATCTATA,0,5237996
yqjE_yqjK_yqjD_yqjC_predicted,0.5,1,1,CCAGGGATTAACTTCCGCTT,0,5231157
yqjE_yqjK_yqjD_yqjC_predicted,0.5,1,1,CCAGGCGCGCTCCCCCTAGT,0,5187426
yqjE_yqjK_yqjD_yqjC_predicted,0.5,1,1,CCAGCTGATGACCCAGTGCA,0,5216555
yqjE_yqjK_yqjD_yqjC_predicted,0.5,1,1,CCAGCTGACGTACGACGGCC,0,5186525
yqjE_yqjK_yqjD_yqjC_predicted,0.5,1,1,CCAGCTCCGCTATAGATGAT,0,5198652
yqjE_yqjK_yqjD_yqjC_predicted,0.5,1,1,CCAGCGTGTTCCTCGCCGGC,0,5218722
yqjE_yqjK_yqjD_yqjC_predicted,0.5,1,1,CCAGCGGGGCGTAAAGGAAC,0,5247029
yqjE_yqjK_yqjD_yqjC_predicted,0.5,1,1,CCAGCGGCGCTGCGCAATTT,0,5182743
yqjE_yqjK_yqjD_yqjC_predicted,0.5,1,1,CCAGCGCCGCTTTTACGAGT,0,5206589
yqjE_yqjK_yqjD_yqjC_predicted,0.5,1,1,CCAGCCAATGCGAATGTGCC,0,5240044
yqjE_yqjK_yqjD_yqjC_predicted,0.5,1,1,CCAGCATGTAGGCCGGCCAC,0,5225254
yqjE_yqjK_yqjD_yqjC_predicted,0.5,1,1,CCAGCATCAACATGCAATCC,0,5262144
yqjE_yqjK_yqjD_yqjC_predicted,0.5,1,1,CCAGCACATGCGTGCAGGGG,0,5199313
yqjE_yqjK_yqjD_yqjC_predicted,0.5,1,1,CCAGATGCTAGATGACTTGA,0,5244733
yqjE_yqjK_yqjD_yqjC_predicted,0.5,1,1,CCAGATCCGCCGCGCCGGCA,0,5216434
yqjE_yqjK_yqjD_yqjC_predicted,0.5,1,1,CCAGAGTGGCCGAGATTACG,0,5220425
yqjE_yqjK_yqjD_yqjC_predicted,0.5,1,1,CCAGACACCGTTACATTCCC,0,5209032
yqjE_yqjK_yqjD_yqjC_predicted,0.5,1,1,CCAGAATTTATTCAATAATG,0,5221484
yqjE_yqjK_yqjD_yqjC_predicted,0.5,1,1,CCAGAATCATCGCCTCTACT,0,5214605
yqjE_yqjK_yqjD_yqjC_predicted,0.5,1,1,CCAGAAAAACCTAGATTGGT,0,5178144
yqjE_yqjK_yqjD_yqjC_predicted,0.5,1,1,CCACTTAGTAGGGGAAGGAC,0,5185238
yqjE_yqjK_yqjD_yqjC_predicted,0.5,1,1,CCACTGTCGGTTCACAATTC,0,5217761
yqjE_yqjK_yqjD_yqjC_predicted,0.5,1,1,CCACTGCTTTCAGTCGGACC,0,5174245
yqjE_yqjK_yqjD_yqjC_predicted,0.5,1,1,CCACTGCATAGATTAGGCGT,0,5203672
yqjE_yqjK_yqjD_yqjC_predicted,0.5,1,1,CCACTCGGTCCCGAACTGTT,0,5217093
yqjE_yqjK_yqjD_yqjC_predicted,0.5,1,1,CCACTCGCTGAGGAGTCGGT,0,5185311
yqjE_yqjK_yqjD_yqjC_predicted,0.5,1,1,CCACTCGAGCAACCGTCGCT,0,5246220
yqjE_yqjK_yqjD_yqjC_predicted,0.5,1,1,CCACGTGTCAGGGTTAAAAA,0,5246522
yqjE_yqjK_yqjD_yqjC_predicted,0.5,1,1,CCACGTGATACGCCTTCGTC,0,5214440
yqjE_yqjK_yqjD_yqjC_predicted,0.5,1,1,CCACGTCTAGATCGGATCCA,0,5223280
yqjE_yqjK_yqjD_yqjC_predicted,0.5,1,1,CCACGCTGATGCTCAAGATT,0,5196403
yqjE_yqjK_yqjD_yqjC_predicted,0.5,1,1,CCACGCTCTACGACTGCGAT,0,5211049
yqjE_yqjK_yqjD_yqjC_predicted,0.5,1,1,CCACGCTCAACGAGACCCGT,0,5185919
yqjE_yqjK_yqjD_yqjC_predicted,0.5,1,1,CCACGATCAGATGAGAGACA,0,5242132
yqjE_yqjK_yqjD_yqjC_predicted,0.5,1,1,CCACGACGTAATAACGCTGT,0,5241203
yqjE_yqjK_yqjD_yqjC_predicted,0.5,1,1,CCACCTTAGTATGGGATAGC,0,5262119
yqjE_yqjK_yqjD_yqjC_predicted,0.5,1,1,CCACCCCATGCTCCGTGGGT,0,5249283
yqjE_yqjK_yqjD_yqjC_predicted,0.5,1,1,CCACCCCATGATCCCCCCAG,0,5198655
yqjE_yqjK_yqjD_yqjC_predicted,0.5,1,1,CCACAGCTATCCGCAAGAAT,0,5183787
yqjE_yqjK_yqjD_yqjC_predicted,0.5,1,1,CCACAGCATCTAGCCAAAAT,0,5234101
yqjE_yqjK_yqjD_yqjC_predicted,0.5,1,1,CCACAGCAGTTGCAAGGCCA,0,5217492
yqjE_yqjK_yqjD_yqjC_predicted,0.5,1,1,CCACACCAAGCCGGGGAACA,0,5260594
yqjE_yqjK_yqjD_yqjC_predicted,0.5,1,1,CCACAACGCTATATACGTTT,0,5237537
yqjE_yqjK_yqjD_yqjC_predicted,0.5,1,1,CCAATTTTCAGCATAGATAT,0,5235028
yqjE_yqjK_yqjD_yqjC_predicted,0.5,1,1,CCAATTGCGCAAGCATTTAT,0,5246213
yqjE_yqjK_yqjD_yqjC_predicted,0.5,1,1,CCAATGCTCACACCCACAGA,0,5257762
yqjE_yqjK_yqjD_yqjC_predicted,0.5,1,1,CCAATAGGGGTTCCGAGTGA,0,5200174
yqjE_yqjK_yqjD_yqjC_predicted,0.5,1,1,CCAAGGGTGTGACAGGCCGG,0,5191434
yqjE_yqjK_yqjD_yqjC_predicted,0.5,1,1,CCAAGGGCGTATCATTCCGA,0,5238098
yqjE_yqjK_yqjD_yqjC_predicted,0.5,1,1,CCAAGGGAGAGTCATTTCGT,0,5195031
yqjE_yqjK_yqjD_yqjC_predicted,0.5,1,1,CCAAGACGGTTTAAGAGGGG,0,5173752
yqjE_yqjK_yqjD_yqjC_predicted,0.5,1,1,CCAAGAATCGTACTTAAGAA,0,5237849
yqjE_yqjK_yqjD_yqjC_predicted,0.5,1,1,CCAACGTGAAAGGCTGGATT,0,5181624
yqjE_yqjK_yqjD_yqjC_predicted,0.5,1,1,CCAACCGGACCCGTCTTAAC,0,5196814
yqjE_yqjK_yqjD_yqjC_predicted,0.5,1,1,CCAACCCCACGTGCAACGGC,0,5210400
yqjE_yqjK_yqjD_yqjC_predicted,0.5,1,1,CCAAATTGCAAAACCCGAAA,0,5252030
yqjE_yqjK_yqjD_yqjC_predicted,0.5,1,1,CCAAATCTCCAACACACTCT,0,5187289
yqjE_yqjK_yqjD_yqjC_predicted,0.5,1,1,CCAAATCCCTTGTAGGACTA,0,5242610
yqjE_yqjK_yqjD_yqjC_predicted,0.5,1,1,CCAAAGAGAGCCGACGGTGC,0,5199860
yqjE_yqjK_yqjD_yqjC_predicted,0.5,1,1,CATTTGACGGAGACAAAGAT,0,5188820
yqjE_yqjK_yqjD_yqjC_predicted,0.5,1,1,CATTTGAACGCTGATGCAGC,0,5259037
yqjE_yqjK_yqjD_yqjC_predicted,0.5,1,1,CATTTCTTTGGCAATGGCAA,0,5210699
yqjE_yqjK_yqjD_yqjC_predicted,0.5,1,1,CATTGGATTGTACATCTGAT,0,5211362
yqjE_yqjK_yqjD_yqjC_predicted,0.5,1,1,CATTGGAATTTTACTGTTCG,0,5248899
yqjE_yqjK_yqjD_yqjC_predicted,0.5,1,1,CATTGCTAATGCGCACAGTT,0,5181614
yqjE_yqjK_yqjD_yqjC_predicted,0.5,1,1,CATTGCGCGGAACATTAAAA,0,5257153
yqjE_yqjK_yqjD_yqjC_predicted,0.5,1,1,CATTGCATTACATGTAGCAT,0,5180437
yqjE_yqjK_yqjD_yqjC_predicted,0.5,1,1,CATTGAGTACAAAATACTAG,0,5186266
yqjE_yqjK_yqjD_yqjC_predicted,0.5,1,1,CATTGAATCAGATGTGCCCG,0,5240951
yqjE_yqjK_yqjD_yqjC_predicted,0.5,1,1,CATTCGTGCTTTCCGACCGG,0,5217415
yqjE_yqjK_yqjD_yqjC_predicted,0.5,1,1,CATTCGTGAAGGCGCTTGTG,0,5183036
yqjE_yqjK_yqjD_yqjC_predicted,0.5,1,1,CATTCGGGGTCCGCTCGGTA,0,5245081
yqjE_yqjK_yqjD_yqjC_predicted,0.5,1,1,CATTCGGGCCTTCGGAGAAG,0,5242336
yqjE_yqjK_yqjD_yqjC_predicted,0.5,1,1,CATTCGATTGAAGTCGTGGA,0,5205675
yqjE_yqjK_yqjD_yqjC_predicted,0.5,1,1,CATTCCGGCAGCTTCATCTT,0,5255899
yqjE_yqjK_yqjD_yqjC_predicted,0.5,1,1,CATTACACTGTACAACTTAA,0,5223765
yqjE_yqjK_yqjD_yqjC_predicted,0.5,1,1,CATTACAAACCCGAGTGCTA,0,5203031
yqjE_yqjK_yqjD_yqjC_predicted,0.5,1,1,CATTAATTGGGGGATCAGAC,0,5230297
yqjE_yqjK_yqjD_yqjC_predicted,0.5,1,1,CATTAATTCTGAGGGTTAGA,0,5217140
yqjE_yqjK_yqjD_yqjC_predicted,0.5,1,1,CATGTTGGCGCCGTGGCGAT,0,5189096
yqjE_yqjK_yqjD_yqjC_predicted,0.5,1,1,CATGTTCAATCCGAAACATG,0,5216463
yqjE_yqjK_yqjD_yqjC_predicted,0.5,1,1,CATGTTATATGAGAAGCGCA,0,5204845
yqjE_yqjK_yqjD_yqjC_predicted,0.5,1,1,CATGTACTCATGGGATAGGA,0,5246959
yqjE_yqjK_yqjD_yqjC_predicted,0.5,1,1,CATGGGTATTGTGTTCGCGC,0,5171842
yqjE_yqjK_yqjD_yqjC_predicted,0.5,1,1,CATGGGGGGTGGTCAGGAAG,0,5234250
yqjE_yqjK_yqjD_yqjC_predicted,0.5,1,1,CATGGGGAGAGGCTTCTATC,0,5174170
yqjE_yqjK_yqjD_yqjC_predicted,0.5,1,1,CATGGGAGGATCCTATGTAC,0,5251246
yqjE_yqjK_yqjD_yqjC_predicted,0.5,1,1,CATGGCATCATTCTGCCGGT,0,5201324
yqjE_yqjK_yqjD_yqjC_predicted,0.5,1,1,CATGGAAATGAAATGGATCT,0,5172254
yqjE_yqjK_yqjD_yqjC_predicted,0.5,1,1,CATGCTTGGGGCTTTAATGT,0,5205430
yqjE_yqjK_yqjD_yqjC_predicted,0.5,1,1,CATGCTGGTTGTGCGCCCGT,0,5216545
yqjE_yqjK_yqjD_yqjC_predicted,0.5,1,1,CATGCTCGAGATGGGACAAA,0,5222245
yqjE_yqjK_yqjD_yqjC_predicted,0.5,1,1,CATGCCTTGTATCTCATCTT,0,5201607
yqjE_yqjK_yqjD_yqjC_predicted,0.5,1,1,CATGCCTCCGCGTAGATTGG,0,5218006
yqjE_yqjK_yqjD_yqjC_predicted,0.5,1,1,CATGCCGCCATCGCGTTTGG,0,5174251
yqjE_yqjK_yqjD_yqjC_predicted,0.5,1,1,CATGCCCTTAACAGGTGATA,0,5222341
yqjE_yqjK_yqjD_yqjC_predicted,0.5,1,1,CATGCAGTATCCTGTTACAC,0,5256684
yqjE_yqjK_yqjD_yqjC_predicted,0.5,1,1,CATGCAAGGTGCATCAACAG,0,5243237
yqjE_yqjK_yqjD_yqjC_predicted,0.5,1,1,CATGAGGCGCGCCTGTTCGT,0,5206720
yqjE_yqjK_yqjD_yqjC_predicted,0.5,1,1,CATGACATATGGTCTCCCAC,0,5200520
yqjE_yqjK_yqjD_yqjC_predicted,0.5,1,1,CATGAAGGTTGGGTGGGAAT,0,5187783
yqjE_yqjK_yqjD_yqjC_predicted,0.5,1,1,CATGAAGCGGCGCAGCATGT,0,5231558
yqjE_yqjK_yqjD_yqjC_predicted,0.5,1,1,CATGAAGAAAGGGTACGTAC,0,5200744
yqjE_yqjK_yqjD_yqjC_predicted,0.5,1,1,CATCTTTCGACGGGTCATTG,0,5209979
yqjE_yqjK_yqjD_yqjC_predicted,0.5,1,1,CATCTGTCTTTAGCCTAGAA,0,5246376
yqjE_yqjK_yqjD_yqjC_predicted,0.5,1,1,CATCTGAGGCTTTGGAACCA,0,5242835
yqjE_yqjK_yqjD_yqjC_predicted,0.5,1,1,CATCTCTAGACGCACAATTA,0,5219802
yqjE_yqjK_yqjD_yqjC_predicted,0.5,1,1,CATCTCGGGTTAACGACTCG,0,5191050
yqjE_yqjK_yqjD_yqjC_predicted,0.5,1,1,CATCTAGATCGTTAAAGTCC,0,5189193
yqjE_yqjK_yqjD_yqjC_predicted,0.5,1,1,CATCGTAGGTCCCTGTGAAA,0,5232793
yqjE_yqjK_yqjD_yqjC_predicted,0.5,1,1,CATCGTAGGCGGTAAGTGGC,0,5187432
yqjE_yqjK_yqjD_yqjC_predicted,0.5,1,1,CATCGCGCTCTGCAGAAACC,0,5248756
yqjE_yqjK_yqjD_yqjC_predicted,0.5,1,1,CATCGACAGGCATCGGTGTA,0,5176811
yqjE_yqjK_yqjD_yqjC_predicted,0.5,1,1,CATCGAAGGTTTCAACGCGT,0,5175016
yqjE_yqjK_yqjD_yqjC_predicted,0.5,1,1,CATCCTAGATAAATGTCCCC,0,5210629
yqjE_yqjK_yqjD_yqjC_predicted,0.5,1,1,CATCCGTTCTGATCCTGGAT,0,5225674
yqjE_yqjK_yqjD_yqjC_predicted,0.5,1,1,CATCCGGGCCGTGGTCATCG,0,5195753
yqjE_yqjK_yqjD_yqjC_predicted,0.5,1,1,CATCCGAGTTTTAACCCCCG,0,5173652
yqjE_yqjK_yqjD_yqjC_predicted,0.5,1,1,CATCCCGGGTTCACTTGTCA,0,5181893
yqjE_yqjK_yqjD_yqjC_predicted,0.5,1,1,CATCCCGATAAGGAGTTATC,0,5183861
yqjE_yqjK_yqjD_yqjC_predicted,0.5,1,1,CATCATCATTAGTCCCAATC,0,5215285
yqjE_yqjK_yqjD_yqjC_predicted,0.5,1,1,CATCATAACTTCCGTGCCAG,0,5188529
yqjE_yqjK_yqjD_yqjC_predicted,0.5,1,1,CATCACTAATCACGACCGTA,0,5205370
yqjE_yqjK_yqjD_yqjC_predicted,0.5,1,1,CATCACGCCATTATTCAGAA,0,5225800
yqjE_yqjK_yqjD_yqjC_predicted,0.5,1,1,CATATTGGCGTGGGGGATCA,0,5201585
yqjE_yqjK_yqjD_yqjC_predicted,0.5,1,1,CATATCCCGTCAAGGGGGCA,0,5253475
yqjE_yqjK_yqjD_yqjC_predicted,0.5,1,1,CATATATTCCGGCGGGCATC,0,5257763
yqjE_yqjK_yqjD_yqjC_predicted,0.5,1,1,CATATAAAGTCCACCGTTTC,0,5174418
yqjE_yqjK_yqjD_yqjC_predicted,0.5,1,1,CATAGTTCGGCGCGAAGTGG,0,5177975
yqjE_yqjK_yqjD_yqjC_predicted,0.5,1,1,CATAGTGCAATACGACGATA,0,5211306
yqjE_yqjK_yqjD_yqjC_predicted,0.5,1,1,CATAGCTTTGTTGAGATTAG,0,5240210
yqjE_yqjK_yqjD_yqjC_predicted,0.5,1,1,CATAGATTCGAGCGGCCGTT,0,5234207
yqjE_yqjK_yqjD_yqjC_predicted,0.5,1,1,CATACTAGATACGCTAGCTA,0,5200525
yqjE_yqjK_yqjD_yqjC_predicted,0.5,1,1,CATACGTCATGAATTGACTG,0,5206304
yqjE_yqjK_yqjD_yqjC_predicted,0.5,1,1,CATACGCCAAGCCCCATTTG,0,5195695
yqjE_yqjK_yqjD_yqjC_predicted,0.5,1,1,CATACCTTCCATCTGCTGAG,0,5175148
yqjE_yqjK_yqjD_yqjC_predicted,0.5,1,1,CATACATTGGCACGAATGTC,0,5233534
yqjE_yqjK_yqjD_yqjC_predicted,0.5,1,1,CATAAGTTGTTAGTTTGTCA,0,5185938
yqjE_yqjK_yqjD_yqjC_predicted,0.5,1,1,CATAACGAGTAATTACTACT,0,5259867
yqjE_yqjK_yqjD_yqjC_predicted,0.5,1,1,CATAAACACAAATGTCTAAG,0,5202806
yqjE_yqjK_yqjD_yqjC_predicted,0.5,1,1,CAGTTTCCCATGCGCTGAGC,0,5239936
yqjE_yqjK_yqjD_yqjC_predicted,0.5,1,1,CAGTTGAGAGAGGGTTGCGG,0,5234406
yqjE_yqjK_yqjD_yqjC_predicted,0.5,1,1,CAGTTCGGGCCGGATTAATT,0,5197445
yqjE_yqjK_yqjD_yqjC_predicted,0.5,1,1,CAGTTAGACATATACTCTAT,0,5171540
yqjE_yqjK_yqjD_yqjC_predicted,0.5,1,1,CAGTTACTTCACCGTACGGC,0,5261802
yqjE_yqjK_yqjD_yqjC_predicted,0.5,1,1,CAGTGGGGATATGACCCACC,0,5226184
yqjE_yqjK_yqjD_yqjC_predicted,0.5,1,1,CAGTGCCGCGTAGTTGATGG,0,5213700
yqjE_yqjK_yqjD_yqjC_predicted,0.5,1,1,CAGTGATCGGCTCACACATT,0,5235353
yqjE_yqjK_yqjD_yqjC_predicted,0.5,1,1,CAGTCGGGTTAGTGATAGGA,0,5198422
yqjE_yqjK_yqjD_yqjC_predicted,0.5,1,1,CAGTCCTAGTAGAATATCGA,0,5242405
yqjE_yqjK_yqjD_yqjC_predicted,0.5,1,1,CAGTCAGGGTGTCCGGGGAG,0,5196304
yqjE_yqjK_yqjD_yqjC_predicted,0.5,1,1,CAGTCACGCGTACGGGAATC,0,5235497
yqjE_yqjK_yqjD_yqjC_predicted,0.5,1,1,CAGTAGTGACGGTGCTACTC,0,5204842
yqjE_yqjK_yqjD_yqjC_predicted,0.5,1,1,CAGTAGTGAAATAAGACATA,0,5177262
yqjE_yqjK_yqjD_yqjC_predicted,0.5,1,1,CAGTAGCTGGTGCCACGGTC,0,5178695
yqjE_yqjK_yqjD_yqjC_predicted,0.5,1,1,CAGTAGAAAGGAGAGACCAC,0,5215127
yqjE_yqjK_yqjD_yqjC_predicted,0.5,1,1,CAGTAAACAAGAAACTAATG,0,5175243
yqjE_yqjK_yqjD_yqjC_predicted,0.5,1,1,CAGGTTTAAACAAACTGTCT,0,5182356
yqjE_yqjK_yqjD_yqjC_predicted,0.5,1,1,CAGGTTCTCACGCCCGGCAG,0,5221046
yqjE_yqjK_yqjD_yqjC_predicted,0.5,1,1,CAGGTGCGGCTGAGGACTCC,0,5253987
yqjE_yqjK_yqjD_yqjC_predicted,0.5,1,1,CAGGTCCCCTTTTCTGATAA,0,5253402
yqjE_yqjK_yqjD_yqjC_predicted,0.5,1,1,CAGGTAGAACGGCAAGATCG,0,5219938
yqjE_yqjK_yqjD_yqjC_predicted,0.5,1,1,CAGGTACTACCGTGACACCC,0,5225418
yqjE_yqjK_yqjD_yqjC_predicted,0.5,1,1,CAGGGGTGCGTAAACAGGAA,0,5242431
yqjE_yqjK_yqjD_yqjC_predicted,0.5,1,1,CAGGGCACATCACGGTCAGG,0,5181880
yqjE_yqjK_yqjD_yqjC_predicted,0.5,1,1,CAGGCGTTCCTATAAGTAAT,0,5208127
yqjE_yqjK_yqjD_yqjC_predicted,0.5,1,1,CAGGCGCGCGGTGTATTCCC,0,5185846
yqjE_yqjK_yqjD_yqjC_predicted,0.5,1,1,CAGGCCCCACGATCCTAATG,0,5215325
yqjE_yqjK_yqjD_yqjC_predicted,0.5,1,1,CAGGCCAAGACTGAGGGAAA,0,5221796
yqjE_yqjK_yqjD_yqjC_predicted,0.5,1,1,CAGGCAGTAGTTGCAATTGG,0,5213757
yqjE_yqjK_yqjD_yqjC_predicted,0.5,1,1,CAGGCACGACAGCATAGGCG,0,5208847
yqjE_yqjK_yqjD_yqjC_predicted,0.5,1,1,CAGGATAGGATGCGCAACGC,0,5191037
yqjE_yqjK_yqjD_yqjC_predicted,0.5,1,1,CAGGAGCGCTGTTTTTTGGC,0,5186842
yqjE_yqjK_yqjD_yqjC_predicted,0.5,1,1,CAGGAGCCATAAGATTCCTT,0,5229383
yqjE_yqjK_yqjD_yqjC_predicted,0.5,1,1,CAGGAAATTGCTGGTACGTC,0,5191447
yqjE_yqjK_yqjD_yqjC_predicted,0.5,1,1,CAGCTCGAAAGTAGAGACAC,0,5174216
yqjE_yqjK_yqjD_yqjC_predicted,0.5,1,1,CAGCTACGCCCACGCGCTTC,0,5224069
yqjE_yqjK_yqjD_yqjC_predicted,0.5,1,1,CAGCGTTTGCCAGCATTTAC,0,5176626
yqjE_yqjK_yqjD_yqjC_predicted,0.5,1,1,CAGCGTTAGAACTTTCTAGC,0,5245222
yqjE_yqjK_yqjD_yqjC_predicted,0.5,1,1,CAGCGCGCGTTGGTGAGCCC,0,5190815
yqjE_yqjK_yqjD_yqjC_predicted,0.5,1,1,CAGCGCCTACCGATGTATAC,0,5193453
yqjE_yqjK_yqjD_yqjC_predicted,0.5,1,1,CAGCGCAATAGACGCCAGGG,0,5181262
yqjE_yqjK_yqjD_yqjC_predicted,0.5,1,1,CAGCGACTGAGGAATAATTC,0,5209944
yqjE_yqjK_yqjD_yqjC_predicted,0.5,1,1,CAGCCGTATCTTCCTTTCAC,0,5241269
yqjE_yqjK_yqjD_yqjC_predicted,0.5,1,1,CAGCCCTAATCTGGGGGAAT,0,5227433
yqjE_yqjK_yqjD_yqjC_predicted,0.5,1,1,CAGCATGGGTGCATCACCTT,0,5197779
yqjE_yqjK_yqjD_yqjC_predicted,0.5,1,1,CAGCATAGTCTTGTGGCATC,0,5252530
yqjE_yqjK_yqjD_yqjC_predicted,0.5,1,1,CAGCACGCGGGTACTTGCCT,0,5212212
yqjE_yqjK_yqjD_yqjC_predicted,0.5,1,1,CAGATGAAAGTACGGCATAT,0,5236760
yqjE_yqjK_yqjD_yqjC_predicted,0.5,1,1,CAGATCCAACGTACTAGAGA,0,5218526
yqjE_yqjK_yqjD_yqjC_predicted,0.5,1,1,CAGATAATCGGTCCGTCCGG,0,5196698
yqjE_yqjK_yqjD_yqjC_predicted,0.5,1,1,CAGATAAATAAGACGATCTG,0,5245850
yqjE_yqjK_yqjD_yqjC_predicted,0.5,1,1,CAGAGCGTGTAATGCTACCT,0,5254231
yqjE_yqjK_yqjD_yqjC_predicted,0.5,1,1,CAGAGACAGTAATACAAACC,0,5232989
yqjE_yqjK_yqjD_yqjC_predicted,0.5,1,1,CAGACTTGGACTCGAAGGTT,0,5171833
yqjE_yqjK_yqjD_yqjC_predicted,0.5,1,1,CAGACTACTAGACCCTGGAT,0,5212533
yqjE_yqjK_yqjD_yqjC_predicted,0.5,1,1,CAGACCGGCCAAGTTCGCTT,0,5222271
yqjE_yqjK_yqjD_yqjC_predicted,0.5,1,1,CAGACCCTATTTTGGCGTGA,0,5208192
yqjE_yqjK_yqjD_yqjC_predicted,0.5,1,1,CAGACCAGTCAATGTAGAGA,0,5202472
yqjE_yqjK_yqjD_yqjC_predicted,0.5,1,1,CAGAAGTCTCCAGAAGAGCC,0,5189524
yqjE_yqjK_yqjD_yqjC_predicted,0.5,1,1,CAGAAGAAGCTTAATTTATG,0,5209987
yqjE_yqjK_yqjD_yqjC_predicted,0.5,1,1,CAGAACCGGGGCCGCTGCCA,0,5228908
yqjE_yqjK_yqjD_yqjC_predicted,0.5,1,1,CAGAACATCGGTCTGGTGCC,0,5194665
yqjE_yqjK_yqjD_yqjC_predicted,0.5,1,1,CACTTTGCCTACGCGCCTTG,0,5253657
yqjE_yqjK_yqjD_yqjC_predicted,0.5,1,1,CACTTTGAAGGGCGATGGGG,0,5213398
yqjE_yqjK_yqjD_yqjC_predicted,0.5,1,1,CACTTGGACGTCACGGTATC,0,5229075
yqjE_yqjK_yqjD_yqjC_predicted,0.5,1,1,CACTTCCGGAGAGGAGTTGC,0,5190626
yqjE_yqjK_yqjD_yqjC_predicted,0.5,1,1,CACTTAGCCAGCTGCCGCGG,0,5238603
yqjE_yqjK_yqjD_yqjC_predicted,0.5,1,1,CACTGGCGGGCGGCACTTCG,0,5236795
yqjE_yqjK_yqjD_yqjC_predicted,0.5,1,1,CACTGGCCCCACAAAGTTCT,0,5214352
yqjE_yqjK_yqjD_yqjC_predicted,0.5,1,1,CACTGCGCGGGTTGGATCGG,0,5230561
yqjE_yqjK_yqjD_yqjC_predicted,0.5,1,1,CACTGACGCATTCGAAAGCA,0,5235090
yqjE_yqjK_yqjD_yqjC_predicted,0.5,1,1,CACTGAATTGACAGGGAAGG,0,5191894
yqjE_yqjK_yqjD_yqjC_predicted,0.5,1,1,CACTGAAGGCTGCAAGTTGA,0,5190380
yqjE_yqjK_yqjD_yqjC_predicted,0.5,1,1,CACTCTAAGACGCAAATACG,0,5242093
yqjE_yqjK_yqjD_yqjC_predicted,0.5,1,1,CACTCGTTCACAGCAAGCAT,0,5180981
yqjE_yqjK_yqjD_yqjC_predicted,0.5,1,1,CACTCATGACGCACGTGAGC,0,5192588
yqjE_yqjK_yqjD_yqjC_predicted,0.5,1,1,CACTCACGGTGCAATTGCTT,0,5174683
yqjE_yqjK_yqjD_yqjC_predicted,0.5,1,1,CACTATTGGTCCTTTAATTA,0,5210747
yqjE_yqjK_yqjD_yqjC_predicted,0.5,1,1,CACTAGGTAGGAGAATGCTC,0,5174473
yqjE_yqjK_yqjD_yqjC_predicted,0.5,1,1,CACTACATTTTGTTTGAAGG,0,5230753
yqjE_yqjK_yqjD_yqjC_predicted,0.5,1,1,CACTAATTGTGCCTCGGGTA,0,5256582
yqjE_yqjK_yqjD_yqjC_predicted,0.5,1,1,CACTAATAATCATCTCCCTA,0,5208463
yqjE_yqjK_yqjD_yqjC_predicted,0.5,1,1,CACTAAATGCGGACTTTCTA,0,5213711
yqjE_yqjK_yqjD_yqjC_predicted,0.5,1,1,CACGTTTGGTAGACGTTCAA,0,5257284
yqjE_yqjK_yqjD_yqjC_predicted,0.5,1,1,CACGTGACCACCCCTGTTTT,0,5224638
yqjE_yqjK_yqjD_yqjC_predicted,0.5,1,1,CACGTCTTACCATGACAAAT,0,5197604
yqjE_yqjK_yqjD_yqjC_predicted,0.5,1,1,CACGTCACGTCCTCTCGAGC,0,5238527
yqjE_yqjK_yqjD_yqjC_predicted,0.5,1,1,CACGGTCCTTGTGGACTCAA,0,5223098
yqjE_yqjK_yqjD_yqjC_predicted,0.5,1,1,CACGGCCAGCGTTACTTCCA,0,5246789
yqjE_yqjK_yqjD_yqjC_predicted,0.5,1,1,CACGGCAAGTGCTGGAGTGA,0,5244855
yqjE_yqjK_yqjD_yqjC_predicted,0.5,1,1,CACGGAAGCCGGCACCGCCT,0,5228644
yqjE_yqjK_yqjD_yqjC_predicted,0.5,1,1,CACGCTTTTAGCGCTGGGTC,0,5189469
yqjE_yqjK_yqjD_yqjC_predicted,0.5,1,1,CACGAGCCGATATCGATCTA,0,5182836
yqjE_yqjK_yqjD_yqjC_predicted,0.5,1,1,CACGACGTCGTCGCTAGGAG,0,5251196
yqjE_yqjK_yqjD_yqjC_predicted,0.5,1,1,CACGAACCAATAGCGGGATA,0,5207930
yqjE_yqjK_yqjD_yqjC_predicted,0.5,1,1,CACCTTACAAGGAAGGGCGG,0,5242776
yqjE_yqjK_yqjD_yqjC_predicted,0.5,1,1,CACCTCCTCAGGGCCTGGGT,0,5210854
yqjE_yqjK_yqjD_yqjC_predicted,0.5,1,1,CACCGTTCTTGTGTCCGAAC,0,5185199
yqjE_yqjK_yqjD_yqjC_predicted,0.5,1,1,CACCGCCGGGGCATATGTTA,0,5195677
yqjE_yqjK_yqjD_yqjC_predicted,0.5,1,1,CACCGAAGTAACTTTAACGA,0,5182553
yqjE_yqjK_yqjD_yqjC_predicted,0.5,1,1,CACCCCCGCTCAACAAGCAA,0,5231802
yqjE_yqjK_yqjD_yqjC_predicted,0.5,1,1,CACCATCGCACGTTCCTCGC,0,5245452
yqjE_yqjK_yqjD_yqjC_predicted,0.5,1,1,CACCATAGAGAATCTACTGT,0,5206063
yqjE_yqjK_yqjD_yqjC_predicted,0.5,1,1,CACCAGTGGGTAACGAAACC,0,5194810
yqjE_yqjK_yqjD_yqjC_predicted,0.5,1,1,CACCAGTCGGGGAATGGTTA,0,5257524
yqjE_yqjK_yqjD_yqjC_predicted,0.5,1,1,CACCACATCGCCTGCTTGGG,0,5220095
yqjE_yqjK_yqjD_yqjC_predicted,0.5,1,1,CACCAATATAGAGAAGCATC,0,5261333
yqjE_yqjK_yqjD_yqjC_predicted,0.5,1,1,CACCAAAAGACCCGTGTCGC,0,5198333
yqjE_yqjK_yqjD_yqjC_predicted,0.5,1,1,CACATTGGTACCGTACGAGC,0,5253800
yqjE_yqjK_yqjD_yqjC_predicted,0.5,1,1,CACATGGGCCGTTGGACATA,0,5188393
yqjE_yqjK_yqjD_yqjC_predicted,0.5,1,1,CACATACGGTTGAATGTTAA,0,5195952
yqjE_yqjK_yqjD_yqjC_predicted,0.5,1,1,CACAGTAGCCTGATTCGGGA,0,5229975
yqjE_yqjK_yqjD_yqjC_predicted,0.5,1,1,CACAGGTGAGACATCTGTGG,0,5242509
yqjE_yqjK_yqjD_yqjC_predicted,0.5,1,1,CACAGCGTCACGCCCCCGGA,0,5252793
yqjE_yqjK_yqjD_yqjC_predicted,0.5,1,1,CACAGCCACATAATATCGTG,0,5223532
yqjE_yqjK_yqjD_yqjC_predicted,0.5,1,1,CACAGCATGCGGTTATCGAC,0,5235992
yqjE_yqjK_yqjD_yqjC_predicted,0.5,1,1,CACACGCCGGAGAGCATAGC,0,5173192
yqjE_yqjK_yqjD_yqjC_predicted,0.5,1,1,CACACGATTATATCACGGGG,0,5217193
yqjE_yqjK_yqjD_yqjC_predicted,0.5,1,1,CACACCTCAGCTTTTTACAC,0,5175036
yqjE_yqjK_yqjD_yqjC_predicted,0.5,1,1,CACACCAGAGATGCACGAAA,0,5205301
yqjE_yqjK_yqjD_yqjC_predicted,0.5,1,1,CACACATAGGACTTGGGCTA,0,5196813
yqjE_yqjK_yqjD_yqjC_predicted,0.5,1,1,CACAATCCATGGAGAATAAA,0,5189017
yqjE_yqjK_yqjD_yqjC_predicted,0.5,1,1,CACAACCTCCATAACTCAGG,0,5216468
yqjE_yqjK_yqjD_yqjC_predicted,0.5,1,1,CACAAACTCCCTGGAAGCTT,0,5227094
yqjE_yqjK_yqjD_yqjC_predicted,0.5,1,1,CAATTCTGGCTGTTTGAACT,0,5171715
yqjE_yqjK_yqjD_yqjC_predicted,0.5,1,1,CAATTCCTCCAGGTTCAAGC,0,5211422
yqjE_yqjK_yqjD_yqjC_predicted,0.5,1,1,CAATTCCGGCTAGCAAACCC,0,5188473
yqjE_yqjK_yqjD_yqjC_predicted,0.5,1,1,CAATTCAGGCTCGTGTTTTA,0,5236022
yqjE_yqjK_yqjD_yqjC_predicted,0.5,1,1,CAATGTTAACAATACTAACC,0,5241473
yqjE_yqjK_yqjD_yqjC_predicted,0.5,1,1,CAATGTAGGAAGGCATATGG,0,5225934
yqjE_yqjK_yqjD_yqjC_predicted,0.5,1,1,CAATGTACATCGTTTCTAAA,0,5196206
yqjE_yqjK_yqjD_yqjC_predicted,0.5,1,1,CAATGCTCTTTCCAAGGGGC,0,5221929
yqjE_yqjK_yqjD_yqjC_predicted,0.5,1,1,CAATGCGGGATATCTGGGAC,0,5236975
yqjE_yqjK_yqjD_yqjC_predicted,0.5,1,1,CAATGATAGGCGCCGCGGAG,0,5195626
yqjE_yqjK_yqjD_yqjC_predicted,0.5,1,1,CAATCTTTTAATCGCTGCGT,0,5217700
yqjE_yqjK_yqjD_yqjC_predicted,0.5,1,1,CAATCTAGGGAGCAGCAAGC,0,5249808
yqjE_yqjK_yqjD_yqjC_predicted,0.5,1,1,CAATCGTTCAAAATCCGTAT,0,5198041
yqjE_yqjK_yqjD_yqjC_predicted,0.5,1,1,CAATCCTAGGTGGCAATTCC,0,5204791
yqjE_yqjK_yqjD_yqjC_predicted,0.5,1,1,CAATCAAAGGTCAAGGTTTC,0,5173610
yqjE_yqjK_yqjD_yqjC_predicted,0.5,1,1,CAATACTCTGTATCTCTAGT,0,5230123
yqjE_yqjK_yqjD_yqjC_predicted,0.5,1,1,CAATACATGAAGCGTGAGCT,0,5190360
yqjE_yqjK_yqjD_yqjC_predicted,0.5,1,1,CAAGTCACGATCCACCGTTG,0,5177792
yqjE_yqjK_yqjD_yqjC_predicted,0.5,1,1,CAAGTATTGCGGTAACCAAA,0,5212404
yqjE_yqjK_yqjD_yqjC_predicted,0.5,1,1,CAAGGGCCATATGCGGATAT,0,5242715
yqjE_yqjK_yqjD_yqjC_predicted,0.5,1,1,CAAGGCTGGTCGGCTGCACC,0,5173157
yqjE_yqjK_yqjD_yqjC_predicted,0.5,1,1,CAAGGACACGCCCATGCGAA,0,5251276
yqjE_yqjK_yqjD_yqjC_predicted,0.5,1,1,CAAGCTATTAAGACGGCAAT,0,5248790
yqjE_yqjK_yqjD_yqjC_predicted,0.5,1,1,CAAGCGTGGGAGCGTAACGT,0,5255622
yqjE_yqjK_yqjD_yqjC_predicted,0.5,1,1,CAAGCGGGCGGATAGGGTTT,0,5215626
yqjE_yqjK_yqjD_yqjC_predicted,0.5,1,1,CAAGCCTGCATGATCCATAC,0,5233188
yqjE_yqjK_yqjD_yqjC_predicted,0.5,1,1,CAAGCCATCCACTTGTGCTC,0,5177089
yqjE_yqjK_yqjD_yqjC_predicted,0.5,1,1,CAAGATTCTGGGATGATGGC,0,5243830
yqjE_yqjK_yqjD_yqjC_predicted,0.5,1,1,CAAGAGCGTACGTATCCGTA,0,5197930
yqjE_yqjK_yqjD_yqjC_predicted,0.5,1,1,CAACTTGAGACATGGTGCTG,0,5249463
yqjE_yqjK_yqjD_yqjC_predicted,0.5,1,1,CAACTGGATTTCTACGACGG,0,5179826
yqjE_yqjK_yqjD_yqjC_predicted,0.5,1,1,CAACTCCCCAGCCCTACTCT,0,5232824
yqjE_yqjK_yqjD_yqjC_predicted,0.5,1,1,CAACTACGGCCTATTGGGTG,0,5184494
yqjE_yqjK_yqjD_yqjC_predicted,0.5,1,1,CAACGTTCTCGAGAGGGGGT,0,5177356
yqjE_yqjK_yqjD_yqjC_predicted,0.5,1,1,CAACGTGTTGTGGGACCGAT,0,5182983
yqjE_yqjK_yqjD_yqjC_predicted,0.5,1,1,CAACGTCGGAACGATTTCTT,0,5242865
yqjE_yqjK_yqjD_yqjC_predicted,0.5,1,1,CAACGGGCAATTCCAATCGC,0,5184045
yqjE_yqjK_yqjD_yqjC_predicted,0.5,1,1,CAACGATCCGTCTCGTGCCC,0,5238095
yqjE_yqjK_yqjD_yqjC_predicted,0.5,1,1,CAACCGCAGGTTATTGGCAG,0,5192113
yqjE_yqjK_yqjD_yqjC_predicted,0.5,1,1,CAACCCTTGTCACATTGGAC,0,5235522
yqjE_yqjK_yqjD_yqjC_predicted,0.5,1,1,CAACCCCGGGAGGGGGTTGC,0,5194634
yqjE_yqjK_yqjD_yqjC_predicted,0.5,1,1,CAACCAGCTGATTATGCATG,0,5212188
yqjE_yqjK_yqjD_yqjC_predicted,0.5,1,1,CAACCAAGTAGCCAGTAGGG,0,5221460
yqjE_yqjK_yqjD_yqjC_predicted,0.5,1,1,CAACATGGTGTCCTGGAACG,0,5239096
yqjE_yqjK_yqjD_yqjC_predicted,0.5,1,1,CAACACCACTTGCCCGTCCA,0,5224527
yqjE_yqjK_yqjD_yqjC_predicted,0.5,1,1,CAACAACTCCCACATATTCC,0,5188174
yqjE_yqjK_yqjD_yqjC_predicted,0.5,1,1,CAACAAAGGGTTGTTTCTAA,0,5220330
yqjE_yqjK_yqjD_yqjC_predicted,0.5,1,1,CAAATGGGTCAAGTTACACC,0,5222640
yqjE_yqjK_yqjD_yqjC_predicted,0.5,1,1,CAAATGGCGGCCATCGACCT,0,5187760
yqjE_yqjK_yqjD_yqjC_predicted,0.5,1,1,CAAATGATCTATGTTAGAGC,0,5177125
yqjE_yqjK_yqjD_yqjC_predicted,0.5,1,1,CAAATAAGATGGGCCAACCA,0,5211138
yqjE_yqjK_yqjD_yqjC_predicted,0.5,1,1,CAAAGTTTCAATCTTCATGA,0,5175665
yqjE_yqjK_yqjD_yqjC_predicted,0.5,1,1,CAAAGGACACACCGTTACTC,0,5175085
yqjE_yqjK_yqjD_yqjC_predicted,0.5,1,1,CAAAGCCTCGATCGGGGAAA,0,5235062
yqjE_yqjK_yqjD_yqjC_predicted,0.5,1,1,CAAACTCTATTGACGAGAGT,0,5183736
yqjE_yqjK_yqjD_yqjC_predicted,0.5,1,1,CAAACTCCTGACCTTTGTAG,0,5176832
yqjE_yqjK_yqjD_yqjC_predicted,0.5,1,1,CAAACGTCCAAATGTACACT,0,5191083
yqjE_yqjK_yqjD_yqjC_predicted,0.5,1,1,CAAACCAAGGGCCATTGGAG,0,5193046
yqjE_yqjK_yqjD_yqjC_predicted,0.5,1,1,CAAAATTCTGTGGATCATGG,0,5255373
yqjE_yqjK_yqjD_yqjC_predicted,0.5,1,1,CAAAATATAACTGGATGTGA,0,5257172
yqjE_yqjK_yqjD_yqjC_predicted,0.5,1,1,CAAAAGCCATTACTCAGTCA,0,5230931
yqjE_yqjK_yqjD_yqjC_predicted,0.5,1,1,CAAAAGACGGACGATATGAA,0,5172255
yqjE_yqjK_yqjD_yqjC_predicted,0.5,1,1,CAAAACATGCTTAAATTGGT,0,5222848
yqjE_yqjK_yqjD_yqjC_predicted,0.5,1,1,CAAAAAGGTGTATCGTATCA,0,5254997
yqjE_yqjK_yqjD_yqjC_predicted,0.5,1,1,ATTTTGTAACGTCTACTTCC,0,5198000
yqjE_yqjK_yqjD_yqjC_predicted,0.5,1,1,ATTTTGTAAAAGTAACCAGA,0,5199021
yqjE_yqjK_yqjD_yqjC_predicted,0.5,1,1,ATTTTGGGAAGATACACCCA,0,5216329
yqjE_yqjK_yqjD_yqjC_predicted,0.5,1,1,ATTTGGTATAAAAACGTAGT,0,5241680
yqjE_yqjK_yqjD_yqjC_predicted,0.5,1,1,ATTTGGGTCACCGCCCTGTA,0,5192742
yqjE_yqjK_yqjD_yqjC_predicted,0.5,1,1,ATTTGGGAACCAAGTCTTAG,0,5213098
yqjE_yqjK_yqjD_yqjC_predicted,0.5,1,1,ATTTGGAATCCGGTGAATTG,0,5260477
yqjE_yqjK_yqjD_yqjC_predicted,0.5,1,1,ATTTGGAAGGTCCTATGTCA,0,5261679
yqjE_yqjK_yqjD_yqjC_predicted,0.5,1,1,ATTTCTTGGTGTAGATGCCG,0,5175731
yqjE_yqjK_yqjD_yqjC_predicted,0.5,1,1,ATTTCTAGGTATAATTGAAA,0,5177578
yqjE_yqjK_yqjD_yqjC_predicted,0.5,1,1,ATTTCATCAGTAAACAGCTC,0,5208176
yqjE_yqjK_yqjD_yqjC_predicted,0.5,1,1,ATTTCACCATACCACAAAGT,0,5256607
yqjE_yqjK_yqjD_yqjC_predicted,0.5,1,1,ATTTATTTTTAACTCGCGTC,0,5189860
yqjE_yqjK_yqjD_yqjC_predicted,0.5,1,1,ATTTATCTGCGCACCGTGAG,0,5171180
yqjE_yqjK_yqjD_yqjC_predicted,0.5,1,1,ATTTACGTACGTCAATTTGC,0,5244816
yqjE_yqjK_yqjD_yqjC_predicted,0.5,1,1,ATTTAATGTAACCCACTAAG,0,5229901
yqjE_yqjK_yqjD_yqjC_predicted,0.5,1,1,ATTTAATCGGTCGAACGGGG,0,5256317
yqjE_yqjK_yqjD_yqjC_predicted,0.5,1,1,ATTTAAAGCGCATCGCGTGG,0,5239311
yqjE_yqjK_yqjD_yqjC_predicted,0.5,1,1,ATTGTGATATCCCCACGTCT,0,5193776
yqjE_yqjK_yqjD_yqjC_predicted,0.5,1,1,ATTGTGACTGAGGCATATGG,0,5254696
yqjE_yqjK_yqjD_yqjC_predicted,0.5,1,1,ATTGTCGAGTGGAGGAAAGG,0,5226810
yqjE_yqjK_yqjD_yqjC_predicted,0.5,1,1,ATTGTAGACAGCAAAAATCC,0,5185368
yqjE_yqjK_yqjD_yqjC_predicted,0.5,1,1,ATTGTAAATATGAGTTCCTT,0,5241436
yqjE_yqjK_yqjD_yqjC_predicted,0.5,1,1,ATTGGTAGTTCGCGAACTCC,0,5181210
yqjE_yqjK_yqjD_yqjC_predicted,0.5,1,1,ATTGGGTACGTAGAGGGCCG,0,5176880
yqjE_yqjK_yqjD_yqjC_predicted,0.5,1,1,ATTGGGCGGAATCTATTTTA,0,5250756
yqjE_yqjK_yqjD_yqjC_predicted,0.5,1,1,ATTGGCTCGGGCGAAAGTCC,0,5196719
yqjE_yqjK_yqjD_yqjC_predicted,0.5,1,1,ATTGGCCATTCAGCACGCGT,0,5194068
yqjE_yqjK_yqjD_yqjC_predicted,0.5,1,1,ATTGGAGCATAATAGCGCAC,0,5237338
yqjE_yqjK_yqjD_yqjC_predicted,0.5,1,1,ATTGGAAGGACAGGAGGGAC,0,5240878
yqjE_yqjK_yqjD_yqjC_predicted,0.5,1,1,ATTGCTCTACAAGTGGCAAC,0,5226280
yqjE_yqjK_yqjD_yqjC_predicted,0.5,1,1,ATTGCCCCGTGTGTGAGTTT,0,5237301
yqjE_yqjK_yqjD_yqjC_predicted,0.5,1,1,ATTGCAGGCGCCCCCAGAGG,0,5259334
yqjE_yqjK_yqjD_yqjC_predicted,0.5,1,1,ATTGATTGCGATGGGCACCC,0,5239562
yqjE_yqjK_yqjD_yqjC_predicted,0.5,1,1,ATTGATTAGGGCAATAACAG,0,5220702
yqjE_yqjK_yqjD_yqjC_predicted,0.5,1,1,ATTGAGTCTAGGCGATCTGG,0,5197304
yqjE_yqjK_yqjD_yqjC_predicted,0.5,1,1,ATTGAGGGAGCGCATCCCCG,0,5174587
yqjE_yqjK_yqjD_yqjC_predicted,0.5,1,1,ATTGAGGAACCGGGCCGCAA,0,5186570
yqjE_yqjK_yqjD_yqjC_predicted,0.5,1,1,ATTGAGAGGTCTGGGTCTTC,0,5259520
yqjE_yqjK_yqjD_yqjC_predicted,0.5,1,1,ATTGAGAATGCGTCCATCTG,0,5235627
yqjE_yqjK_yqjD_yqjC_predicted,0.5,1,1,ATTGAAGTGGGAACGAGTGT,0,5243773
yqjE_yqjK_yqjD_yqjC_predicted,0.5,1,1,ATTGAAAAAAGCTCGAATCT,0,5207465
yqjE_yqjK_yqjD_yqjC_predicted,0.5,1,1,ATTCTTTCCCAAGCAAATTT,0,5178301
yqjE_yqjK_yqjD_yqjC_predicted,0.5,1,1,ATTCTCGCTGGTGTGAACGA,0,5197972
yqjE_yqjK_yqjD_yqjC_predicted,0.5,1,1,ATTCTCAGTAAATAAGTAGC,0,5225673
yqjE_yqjK_yqjD_yqjC_predicted,0.5,1,1,ATTCTATGCCCAAGTAATTA,0,5177136
yqjE_yqjK_yqjD_yqjC_predicted,0.5,1,1,ATTCTAGACTATAGATGGTA,0,5250549
yqjE_yqjK_yqjD_yqjC_predicted,0.5,1,1,ATTCGTTAGTCAATGCTAAG,0,5222476
yqjE_yqjK_yqjD_yqjC_predicted,0.5,1,1,ATTCGCAGTTATACAGGGAT,0,5207096
yqjE_yqjK_yqjD_yqjC_predicted,0.5,1,1,ATTCGATGCTCCTGAGCCGA,0,5174101
yqjE_yqjK_yqjD_yqjC_predicted,0.5,1,1,ATTCGACCCCCAATAACAAT,0,5229368
yqjE_yqjK_yqjD_yqjC_predicted,0.5,1,1,ATTCCTTAGTCATTTGTGCG,0,5239421
yqjE_yqjK_yqjD_yqjC_predicted,0.5,1,1,ATTCCTAACTCCGCTGGCTT,0,5178416
yqjE_yqjK_yqjD_yqjC_predicted,0.5,1,1,ATTCCGTGATGTGACACTAG,0,5224351
yqjE_yqjK_yqjD_yqjC_predicted,0.5,1,1,ATTCCGCGTCGTGATCCTCT,0,5258613
yqjE_yqjK_yqjD_yqjC_predicted,0.5,1,1,ATTCCGCAGGTTAGCCATTA,0,5178704
yqjE_yqjK_yqjD_yqjC_predicted,0.5,1,1,ATTCCCTTTTATTAAGTGGC,0,5252225
yqjE_yqjK_yqjD_yqjC_predicted,0.5,1,1,ATTCCAGAGGCCGCATCTCA,0,5250701
yqjE_yqjK_yqjD_yqjC_predicted,0.5,1,1,ATTCATTGACTACAAACTTC,0,5182369
yqjE_yqjK_yqjD_yqjC_predicted,0.5,1,1,ATTCAGGTCGTACATCCATG,0,5176916
yqjE_yqjK_yqjD_yqjC_predicted,0.5,1,1,ATTCAGCGACAGTGGTGTAG,0,5188653
yqjE_yqjK_yqjD_yqjC_predicted,0.5,1,1,ATTCACTAAAGTACAGCTTT,0,5262105
yqjE_yqjK_yqjD_yqjC_predicted,0.5,1,1,ATTCACCTCCATTAAACGGG,0,5232925
yqjE_yqjK_yqjD_yqjC_predicted,0.5,1,1,ATTCACCCGGAATCCGAGCT,0,5174903
yqjE_yqjK_yqjD_yqjC_predicted,0.5,1,1,ATTCAAAGAATGAATTCTCA,0,5210969
yqjE_yqjK_yqjD_yqjC_predicted,0.5,1,1,ATTCAAACTGAACGTGCCGA,0,5230016
yqjE_yqjK_yqjD_yqjC_predicted,0.5,1,1,ATTATTGATGTCACCAAATT,0,5217544
yqjE_yqjK_yqjD_yqjC_predicted,0.5,1,1,ATTATAGCTGACCATTTGCA,0,5213132
yqjE_yqjK_yqjD_yqjC_predicted,0.5,1,1,ATTAGTTAAGGGTATGTTTG,0,5179607
yqjE_yqjK_yqjD_yqjC_predicted,0.5,1,1,ATTAGGTTAGCGGAATATCA,0,5259887
yqjE_yqjK_yqjD_yqjC_predicted,0.5,1,1,ATTAGGGGCCAAAACCACAG,0,5183201
yqjE_yqjK_yqjD_yqjC_predicted,0.5,1,1,ATTAGGGAAAGGTCAAGTAA,0,5251616
yqjE_yqjK_yqjD_yqjC_predicted,0.5,1,1,ATTAGCACTACCGTCCGCTT,0,5261879
yqjE_yqjK_yqjD_yqjC_predicted,0.5,1,1,ATTACGTAGGGCATCCAATG,0,5218653
yqjE_yqjK_yqjD_yqjC_predicted,0.5,1,1,ATTACATAAGTGATCATAGA,0,5191339
yqjE_yqjK_yqjD_yqjC_predicted,0.5,1,1,ATTACACTGCACCTTCGAGC,0,5234624
yqjE_yqjK_yqjD_yqjC_predicted,0.5,1,1,ATTAATCTGTGCGATCCCAA,0,5259694
yqjE_yqjK_yqjD_yqjC_predicted,0.5,1,1,ATTAATCCGTTTTGTTTACG,0,5215265
yqjE_yqjK_yqjD_yqjC_predicted,0.5,1,1,ATTAAGGCGGGTCGAGCCCG,0,5259745
yqjE_yqjK_yqjD_yqjC_predicted,0.5,1,1,ATTAAGATGCGGGTCAGCCC,0,5175576
yqjE_yqjK_yqjD_yqjC_predicted,0.5,1,1,ATTAAGAAGTCCCGGTTGCC,0,5207741
yqjE_yqjK_yqjD_yqjC_predicted,0.5,1,1,ATTAACTTCACCACACTCAC,0,5178829
yqjE_yqjK_yqjD_yqjC_predicted,0.5,1,1,ATGTTTTGCTTTCAAGAGTA,0,5212900
yqjE_yqjK_yqjD_yqjC_predicted,0.5,1,1,ATGTTTGGCTAAATCACCGG,0,5207729
yqjE_yqjK_yqjD_yqjC_predicted,0.5,1,1,ATGTTTATGCTTCCATATGC,0,5238316
yqjE_yqjK_yqjD_yqjC_predicted,0.5,1,1,ATGTTGAGAATTTTCGAGCA,0,5216837
yqjE_yqjK_yqjD_yqjC_predicted,0.5,1,1,ATGTTCGTTAATTTCAAACT,0,5227567
yqjE_yqjK_yqjD_yqjC_predicted,0.5,1,1,ATGTTCGTCACACCATAACA,0,5220515
yqjE_yqjK_yqjD_yqjC_predicted,0.5,1,1,ATGTTCGAACCTGTTGCTAC,0,5184067
yqjE_yqjK_yqjD_yqjC_predicted,0.5,1,1,ATGTGTGGCTCCTTGGGGGT,0,5173847
yqjE_yqjK_yqjD_yqjC_predicted,0.5,1,1,ATGTGTGCAACCAGAAGGTA,0,5206980
yqjE_yqjK_yqjD_yqjC_predicted,0.5,1,1,ATGTGGAAGTGCATGACGTT,0,5223333
yqjE_yqjK_yqjD_yqjC_predicted,0.5,1,1,ATGTGATTTCTTGCCATGCA,0,5241413
yqjE_yqjK_yqjD_yqjC_predicted,0.5,1,1,ATGTGACACCTAACGTAGCT,0,5209893
yqjE_yqjK_yqjD_yqjC_predicted,0.5,1,1,ATGTCTGCCCTCAGGCGACT,0,5193628
yqjE_yqjK_yqjD_yqjC_predicted,0.5,1,1,ATGTCTACGCGTACGCCCTG,0,5204846
yqjE_yqjK_yqjD_yqjC_predicted,0.5,1,1,ATGTCGCGTGCCGTTTTAAC,0,5177035
yqjE_yqjK_yqjD_yqjC_predicted,0.5,1,1,ATGTCGATTAAGTCCTCCAT,0,5242228
yqjE_yqjK_yqjD_yqjC_predicted,0.5,1,1,ATGTCCGCCGTTTTACCTGA,0,5259546
yqjE_yqjK_yqjD_yqjC_predicted,0.5,1,1,ATGTCATTCAGGTCGGTGGC,0,5256241
yqjE_yqjK_yqjD_yqjC_predicted,0.5,1,1,ATGTATCCTCCTATGCTTCG,0,5184075
yqjE_yqjK_yqjD_yqjC_predicted,0.5,1,1,ATGTATAGGGCGACGGGTAC,0,5261863
yqjE_yqjK_yqjD_yqjC_predicted,0.5,1,1,ATGGTTCCCAGGGTTCATTG,0,5171638
yqjE_yqjK_yqjD_yqjC_predicted,0.5,1,1,ATGGTTATTCCGGTGGACCT,0,5234674
yqjE_yqjK_yqjD_yqjC_predicted,0.5,1,1,ATGGTGTATGAAAGTGTTAA,0,5259762
yqjE_yqjK_yqjD_yqjC_predicted,0.5,1,1,ATGGTGATCGTTAGGTCGAG,0,5172419
yqjE_yqjK_yqjD_yqjC_predicted,0.5,1,1,ATGGTCTAGAGCGACTAACC,0,5211404
yqjE_yqjK_yqjD_yqjC_predicted,0.5,1,1,ATGGTAGCTAACTGACTGAT,0,5183657
yqjE_yqjK_yqjD_yqjC_predicted,0.5,1,1,ATGGTAAAAACCTCCGTAAT,0,5221459
yqjE_yqjK_yqjD_yqjC_predicted,0.5,1,1,ATGGGGTGTCCGGCGAAGGA,0,5213586
yqjE_yqjK_yqjD_yqjC_predicted,0.5,1,1,ATGGGGCAACGTTTTTGGAA,0,5175827
yqjE_yqjK_yqjD_yqjC_predicted,0.5,1,1,ATGGGGAGCCATCTGTCCAC,0,5182674
yqjE_yqjK_yqjD_yqjC_predicted,0.5,1,1,ATGGGGACTACGGACAAGGC,0,5222993
yqjE_yqjK_yqjD_yqjC_predicted,0.5,1,1,ATGGGCTTGGACGTACAACT,0,5172566
yqjE_yqjK_yqjD_yqjC_predicted,0.5,1,1,ATGGGCTGATTGGGGACGTC,0,5189802
yqjE_yqjK_yqjD_yqjC_predicted,0.5,1,1,ATGGGATATTATCAACTCTT,0,5201609
yqjE_yqjK_yqjD_yqjC_predicted,0.5,1,1,ATGGCTGGTAGTAACCCAGG,0,5172119
yqjE_yqjK_yqjD_yqjC_predicted,0.5,1,1,ATGGCTGAGATATACCAGCG,0,5261087
yqjE_yqjK_yqjD_yqjC_predicted,0.5,1,1,ATGGCGTCACAATAGTTCTG,0,5215759
yqjE_yqjK_yqjD_yqjC_predicted,0.5,1,1,ATGGATTTAACGGCATGGTA,0,5197825
yqjE_yqjK_yqjD_yqjC_predicted,0.5,1,1,ATGGATTATGTTTCAGTGTA,0,5206729
yqjE_yqjK_yqjD_yqjC_predicted,0.5,1,1,ATGGATGGACGTCGTTGTTT,0,5261565
yqjE_yqjK_yqjD_yqjC_predicted,0.5,1,1,ATGGATCGGGATTGGAACTA,0,5222770
yqjE_yqjK_yqjD_yqjC_predicted,0.5,1,1,ATGGAGCAATTGTAGAGGTG,0,5251393
yqjE_yqjK_yqjD_yqjC_predicted,0.5,1,1,ATGGAGCAATTAACGAAATG,0,5238287
yqjE_yqjK_yqjD_yqjC_predicted,0.5,1,1,ATGCTCATTCGGCCTATCGT,0,5248993
yqjE_yqjK_yqjD_yqjC_predicted,0.5,1,1,ATGCTAAAGTCTACGAGCGG,0,5222942
yqjE_yqjK_yqjD_yqjC_predicted,0.5,1,1,ATGCGGATCTCTCTGAGCTG,0,5214321
yqjE_yqjK_yqjD_yqjC_predicted,0.5,1,1,ATGCGCGAGAGCTGTGAATC,0,5213686
yqjE_yqjK_yqjD_yqjC_predicted,0.5,1,1,ATGCGATGCGTGCTATGGTT,0,5179471
yqjE_yqjK_yqjD_yqjC_predicted,0.5,1,1,ATGCGAGCGTCATACCCAAG,0,5203459
yqjE_yqjK_yqjD_yqjC_predicted,0.5,1,1,ATGCGAAAGGGCTTCCGTAG,0,5182583
yqjE_yqjK_yqjD_yqjC_predicted,0.5,1,1,ATGCCTACGCGCTTGTCTTA,0,5254943
yqjE_yqjK_yqjD_yqjC_predicted,0.5,1,1,ATGCCCGGTGACCGATGCCC,0,5242114
yqjE_yqjK_yqjD_yqjC_predicted,0.5,1,1,ATGCCCCGAAAAGTTTACAT,0,5203188
yqjE_yqjK_yqjD_yqjC_predicted,0.5,1,1,ATGCCCCAGCCCTGGACCCC,0,5260674
yqjE_yqjK_yqjD_yqjC_predicted,0.5,1,1,ATGCATTAATCCGCACAGTA,0,5207079
yqjE_yqjK_yqjD_yqjC_predicted,0.5,1,1,ATGCATGTTTGATAACTAAA,0,5225173
yqjE_yqjK_yqjD_yqjC_predicted,0.5,1,1,ATGCACGGAGAATGACAAAA,0,5182110
yqjE_yqjK_yqjD_yqjC_predicted,0.5,1,1,ATGCACGCGCGGTCTTCGGG,0,5173158
yqjE_yqjK_yqjD_yqjC_predicted,0.5,1,1,ATGCACGAATTCGGGTTAGC,0,5227811
yqjE_yqjK_yqjD_yqjC_predicted,0.5,1,1,ATGATGCACCCGAAACACCA,0,5220169
yqjE_yqjK_yqjD_yqjC_predicted,0.5,1,1,ATGATCGCTGCAGCTTAAGA,0,5241392
yqjE_yqjK_yqjD_yqjC_predicted,0.5,1,1,ATGATCGAACAAGAATACAG,0,5212352
yqjE_yqjK_yqjD_yqjC_predicted,0.5,1,1,ATGATCATTGGCGAGACGCG,0,5255586
yqjE_yqjK_yqjD_yqjC_predicted,0.5,1,1,ATGATACACGAAAACTTTAG,0,5237047
yqjE_yqjK_yqjD_yqjC_predicted,0.5,1,1,ATGAGCCCTACAATGGGAAC,0,5198402
yqjE_yqjK_yqjD_yqjC_predicted,0.5,1,1,ATGAGAGTACGAGCACCCAA,0,5177232
yqjE_yqjK_yqjD_yqjC_predicted,0.5,1,1,ATGACTCTGACATGTCTACT,0,5215756
yqjE_yqjK_yqjD_yqjC_predicted,0.5,1,1,ATGACTCGCTGTTCCCCTGC,0,5227726
yqjE_yqjK_yqjD_yqjC_predicted,0.5,1,1,ATGACCGACCTATGAAAGGG,0,5195759
yqjE_yqjK_yqjD_yqjC_predicted,0.5,1,1,ATGACAAGGCGCCTCGGATG,0,5236980
yqjE_yqjK_yqjD_yqjC_predicted,0.5,1,1,ATGAAGCGAAATGCAGAAGT,0,5179567
yqjE_yqjK_yqjD_yqjC_predicted,0.5,1,1,ATGAAGAGAGCGCCCCTAGT,0,5188214
yqjE_yqjK_yqjD_yqjC_predicted,0.5,1,1,ATCTTTTCGAGGGCTCGGCC,0,5182570
yqjE_yqjK_yqjD_yqjC_predicted,0.5,1,1,ATCTTTACGGGGGTAAACCG,0,5197949
yqjE_yqjK_yqjD_yqjC_predicted,0.5,1,1,ATCTTGGACGTAGCCAAGAG,0,5179026
yqjE_yqjK_yqjD_yqjC_predicted,0.5,1,1,ATCTTCGCGGATCTAAAGTT,0,5252710
yqjE_yqjK_yqjD_yqjC_predicted,0.5,1,1,ATCTTCATTGGATTTTACGG,0,5191198
yqjE_yqjK_yqjD_yqjC_predicted,0.5,1,1,ATCTGGTGCCGGTGAAAGGA,0,5245832
yqjE_yqjK_yqjD_yqjC_predicted,0.5,1,1,ATCTGGCGGGTTCATTACGT,0,5260467
yqjE_yqjK_yqjD_yqjC_predicted,0.5,1,1,ATCTGGCATCCCGCAGTCCA,0,5220890
yqjE_yqjK_yqjD_yqjC_predicted,0.5,1,1,ATCTGGAGCGCTCGCACGCC,0,5195723
yqjE_yqjK_yqjD_yqjC_predicted,0.5,1,1,ATCTGCGCAAGCGTTGTTTC,0,5244630
yqjE_yqjK_yqjD_yqjC_predicted,0.5,1,1,ATCTCGTGAGCACCGAGCGC,0,5212193
yqjE_yqjK_yqjD_yqjC_predicted,0.5,1,1,ATCTCCGTAATGGTGCGTGC,0,5259670
yqjE_yqjK_yqjD_yqjC_predicted,0.5,1,1,ATCTCATGGGTCTCTACGGC,0,5188788
yqjE_yqjK_yqjD_yqjC_predicted,0.5,1,1,ATCTCATAACGCCAAACGCT,0,5209213
yqjE_yqjK_yqjD_yqjC_predicted,0.5,1,1,ATCTCAATGCTATTTTTTCG,0,5222119
yqjE_yqjK_yqjD_yqjC_predicted,0.5,1,1,ATCTACGAATAGCACTTGTC,0,5180908
yqjE_yqjK_yqjD_yqjC_predicted,0.5,1,1,ATCTAAGGTCTGCTAACATT,0,5188381
yqjE_yqjK_yqjD_yqjC_predicted,0.5,1,1,ATCTAAGAGATTGCGGGCCT,0,5261942
yqjE_yqjK_yqjD_yqjC_predicted,0.5,1,1,ATCGTTTGACAAAAATCCAG,0,5226570
yqjE_yqjK_yqjD_yqjC_predicted,0.5,1,1,ATCGTGCTATTGAATTGAGC,0,5209237
yqjE_yqjK_yqjD_yqjC_predicted,0.5,1,1,ATCGTCCCTACGGATTGGAT,0,5190290
yqjE_yqjK_yqjD_yqjC_predicted,0.5,1,1,ATCGTATGCCCGGCTTTGTT,0,5244541
yqjE_yqjK_yqjD_yqjC_predicted,0.5,1,1,ATCGGTTCAAAGACGGTAGT,0,5198268
yqjE_yqjK_yqjD_yqjC_predicted,0.5,1,1,ATCGGGTAGAATCCAGTCCG,0,5211771
yqjE_yqjK_yqjD_yqjC_predicted,0.5,1,1,ATCGGGCATTTATTGGAAGA,0,5216760
yqjE_yqjK_yqjD_yqjC_predicted,0.5,1,1,ATCGGCTGTTAGGCATCAAC,0,5218136
yqjE_yqjK_yqjD_yqjC_predicted,0.5,1,1,ATCGGCTGCGGCAATTCACC,0,5232143
yqjE_yqjK_yqjD_yqjC_predicted,0.5,1,1,ATCGGCGTGATTTCGCCGTC,0,5238359
yqjE_yqjK_yqjD_yqjC_predicted,0.5,1,1,ATCGGCCGCTTAGGCTACTG,0,5205813
yqjE_yqjK_yqjD_yqjC_predicted,0.5,1,1,ATCGGATTTCACGAACATGG,0,5257546
yqjE_yqjK_yqjD_yqjC_predicted,0.5,1,1,ATCGCTTATGTGCGGTGGGG,0,5209226
yqjE_yqjK_yqjD_yqjC_predicted,0.5,1,1,ATCGCTGGCAAATAACAAAG,0,5198808
yqjE_yqjK_yqjD_yqjC_predicted,0.5,1,1,ATCGCTAGGACTGGGCGCCT,0,5174246
yqjE_yqjK_yqjD_yqjC_predicted,0.5,1,1,ATCGCAGGATAGGTTGAAAT,0,5189901
yqjE_yqjK_yqjD_yqjC_predicted,0.5,1,1,ATCGCACACTGGTACTAGCA,0,5258345
yqjE_yqjK_yqjD_yqjC_predicted,0.5,1,1,ATCGCAACAATCCGGGGAGT,0,5172017
yqjE_yqjK_yqjD_yqjC_predicted,0.5,1,1,ATCGAGAAAGTGTGTCACCC,0,5183776
yqjE_yqjK_yqjD_yqjC_predicted,0.5,1,1,ATCGAATACCATTCGGCCTA,0,5217814
yqjE_yqjK_yqjD_yqjC_predicted,0.5,1,1,ATCGAAGTGTTAATAGCCTC,0,5248811
yqjE_yqjK_yqjD_yqjC_predicted,0.5,1,1,ATCGAAATCTCCTGTGGGTT,0,5237690
yqjE_yqjK_yqjD_yqjC_predicted,0.5,1,1,ATCGAAAAATGCCCGAGAAG,0,5251720
yqjE_yqjK_yqjD_yqjC_predicted,0.5,1,1,ATCCTTTTTGAGAACTTAAA,0,5178233
yqjE_yqjK_yqjD_yqjC_predicted,0.5,1,1,ATCCTTTCTGATATGTCATA,0,5218291
yqjE_yqjK_yqjD_yqjC_predicted,0.5,1,1,ATCCTTATGGTGTAGTGGGT,0,5196128
yqjE_yqjK_yqjD_yqjC_predicted,0.5,1,1,ATCCTGCCCTTTGGGATGCT,0,5178509
yqjE_yqjK_yqjD_yqjC_predicted,0.5,1,1,ATCCGTGGGCAGAAATCGTG,0,5187131
yqjE_yqjK_yqjD_yqjC_predicted,0.5,1,1,ATCCGTCGTGGTCCCCAGAT,0,5213688
yqjE_yqjK_yqjD_yqjC_predicted,0.5,1,1,ATCCGGGGCATTGACCATAT,0,5228909
yqjE_yqjK_yqjD_yqjC_predicted,0.5,1,1,ATCCGGCATATCCCGTGGGG,0,5203231
yqjE_yqjK_yqjD_yqjC_predicted,0.5,1,1,ATCCGCTTTGTAGATCTCTC,0,5251320
yqjE_yqjK_yqjD_yqjC_predicted,0.5,1,1,ATCCGATCAGAGGAACTGAT,0,5195680
yqjE_yqjK_yqjD_yqjC_predicted,0.5,1,1,ATCCGAACGGTACCGTAGCT,0,5223697
yqjE_yqjK_yqjD_yqjC_predicted,0.5,1,1,ATCCCTCGTATTAGAGTCGG,0,5248430
yqjE_yqjK_yqjD_yqjC_predicted,0.5,1,1,ATCCCTCCGTGGGTGGCCTG,0,5260970
yqjE_yqjK_yqjD_yqjC_predicted,0.5,1,1,ATCCCGGGTAACAACTCGCT,0,5252124
yqjE_yqjK_yqjD_yqjC_predicted,0.5,1,1,ATCCCGCAACCGTGTCGCCC,0,5249802
yqjE_yqjK_yqjD_yqjC_predicted,0.5,1,1,ATCCCCTTCGACTGATACAC,0,5172481
yqjE_yqjK_yqjD_yqjC_predicted,0.5,1,1,ATCCATTCCAGCTGCTTGCC,0,5224167
yqjE_yqjK_yqjD_yqjC_predicted,0.5,1,1,ATCCACCTAAGATAGGTCTT,0,5234534
yqjE_yqjK_yqjD_yqjC_predicted,0.5,1,1,ATCCACCAGTTGCGCATGGT,0,5235887
yqjE_yqjK_yqjD_yqjC_predicted,0.5,1,1,ATCCACAGGGCTCAAAGGCG,0,5196744
yqjE_yqjK_yqjD_yqjC_predicted,0.5,1,1,ATCATTCATCCTATCGTTGC,0,5191303
yqjE_yqjK_yqjD_yqjC_predicted,0.5,1,1,ATCATTACGTGACGCGCTCT,0,5204167
yqjE_yqjK_yqjD_yqjC_predicted,0.5,1,1,ATCATGATCCTCGGGGGACT,0,5246305
yqjE_yqjK_yqjD_yqjC_predicted,0.5,1,1,ATCATATAAGTCCGTCTGAG,0,5172977
yqjE_yqjK_yqjD_yqjC_predicted,0.5,1,1,ATCATACTGGATCGGCGCCC,0,5252055
yqjE_yqjK_yqjD_yqjC_predicted,0.5,1,1,ATCATAATAAATGCCCGTCA,0,5193662
yqjE_yqjK_yqjD_yqjC_predicted,0.5,1,1,ATCAGTGGTTCTCTTAATCC,0,5232911
yqjE_yqjK_yqjD_yqjC_predicted,0.5,1,1,ATCAGTACCACAGGCCCCTG,0,5258697
yqjE_yqjK_yqjD_yqjC_predicted,0.5,1,1,ATCAGCTAGGGCAGAGGTTC,0,5191432
yqjE_yqjK_yqjD_yqjC_predicted,0.5,1,1,ATCAGCTAATCGAAATTGTA,0,5217623
yqjE_yqjK_yqjD_yqjC_predicted,0.5,1,1,ATCAGAGATACGTGAACCCG,0,5224539
yqjE_yqjK_yqjD_yqjC_predicted,0.5,1,1,ATCACTGAAGGGTAGGCGCA,0,5224968
yqjE_yqjK_yqjD_yqjC_predicted,0.5,1,1,ATCACGTACATAGCGGGTCA,0,5219778
yqjE_yqjK_yqjD_yqjC_predicted,0.5,1,1,ATCACCGGACTGCTTGAAAT,0,5204222
yqjE_yqjK_yqjD_yqjC_predicted,0.5,1,1,ATCACCACTTCGGCTGGGAA,0,5251765
yqjE_yqjK_yqjD_yqjC_predicted,0.5,1,1,ATCAATAAGGTCTAAAATAA,0,5194956
yqjE_yqjK_yqjD_yqjC_predicted,0.5,1,1,ATCAAATCCAAGCTACGATC,0,5181745
yqjE_yqjK_yqjD_yqjC_predicted,0.5,1,1,ATATTTTGCTCTGCTCTCCT,0,5191471
yqjE_yqjK_yqjD_yqjC_predicted,0.5,1,1,ATATTGGTCCCCTGTTGCCC,0,5220040
yqjE_yqjK_yqjD_yqjC_predicted,0.5,1,1,ATATTCTCGCAAGTGGGGGT,0,5221868
yqjE_yqjK_yqjD_yqjC_predicted,0.5,1,1,ATATTATTCGCATAAGGCTC,0,5188942
yqjE_yqjK_yqjD_yqjC_predicted,0.5,1,1,ATATTATAGACAAGCGGCAC,0,5261781
yqjE_yqjK_yqjD_yqjC_predicted,0.5,1,1,ATATTAGATATGGGGGGTTT,0,5191286
yqjE_yqjK_yqjD_yqjC_predicted,0.5,1,1,ATATTAAGATTTCCTAGTGT,0,5239278
yqjE_yqjK_yqjD_yqjC_predicted,0.5,1,1,ATATGTATTTGAGAGGGGGG,0,5230779
yqjE_yqjK_yqjD_yqjC_predicted,0.5,1,1,ATATGCGGTTGCAGAAAACC,0,5217431
yqjE_yqjK_yqjD_yqjC_predicted,0.5,1,1,ATATCTTAGGGATCAGGTCT,0,5221333
yqjE_yqjK_yqjD_yqjC_predicted,0.5,1,1,ATATCTGCCACAGGCTAATT,0,5241478
yqjE_yqjK_yqjD_yqjC_predicted,0.5,1,1,ATATCGAGTGGCGCACGGCA,0,5171640
yqjE_yqjK_yqjD_yqjC_predicted,0.5,1,1,ATATCCGTATACAGATCTCA,0,5240827
yqjE_yqjK_yqjD_yqjC_predicted,0.5,1,1,ATATCCGGGTCCTCGTCGTG,0,5226137
yqjE_yqjK_yqjD_yqjC_predicted,0.5,1,1,ATATCAAGATCCATTAGGGT,0,5220384
yqjE_yqjK_yqjD_yqjC_predicted,0.5,1,1,ATATATCCACTATTCTCATT,0,5257060
yqjE_yqjK_yqjD_yqjC_predicted,0.5,1,1,ATATAGTTAAGCCCTCTAGG,0,5187933
yqjE_yqjK_yqjD_yqjC_predicted,0.5,1,1,ATATACTATTAAAGTAAAAG,0,5222795
yqjE_yqjK_yqjD_yqjC_predicted,0.5,1,1,ATATACGATTGTGAGATAGT,0,5195889
yqjE_yqjK_yqjD_yqjC_predicted,0.5,1,1,ATAGTCTACGCTAGTACCAC,0,5207544
yqjE_yqjK_yqjD_yqjC_predicted,0.5,1,1,ATAGTCAATTTTCCGGGCGA,0,5180463
yqjE_yqjK_yqjD_yqjC_predicted,0.5,1,1,ATAGTAGCCCACGAAAGATT,0,5191306
yqjE_yqjK_yqjD_yqjC_predicted,0.5,1,1,ATAGGTGGCCAACAGTTAGA,0,5223228
yqjE_yqjK_yqjD_yqjC_predicted,0.5,1,1,ATAGGTAACCGTAGCGGCTA,0,5188110
yqjE_yqjK_yqjD_yqjC_predicted,0.5,1,1,ATAGGGGTCAACTGTCCTAG,0,5235424
yqjE_yqjK_yqjD_yqjC_predicted,0.5,1,1,ATAGGGGGCCGGACTCCTCG,0,5237626
yqjE_yqjK_yqjD_yqjC_predicted,0.5,1,1,ATAGGGCTCTTTATGGACCT,0,5202021
yqjE_yqjK_yqjD_yqjC_predicted,0.5,1,1,ATAGGGCCTGGGCAACCTTC,0,5186942
yqjE_yqjK_yqjD_yqjC_predicted,0.5,1,1,ATAGGCTTATTTTGACCTTC,0,5234560
yqjE_yqjK_yqjD_yqjC_predicted,0.5,1,1,ATAGGCTATACGGCTGCTAG,0,5195290
yqjE_yqjK_yqjD_yqjC_predicted,0.5,1,1,ATAGGATGCTTCTAAGCACC,0,5262354
yqjE_yqjK_yqjD_yqjC_predicted,0.5,1,1,ATAGGAGTCCGCGTAATGCG,0,5228519
yqjE_yqjK_yqjD_yqjC_predicted,0.5,1,1,ATAGGAACCCGGGTAAAGGC,0,5251625
yqjE_yqjK_yqjD_yqjC_predicted,0.5,1,1,ATAGCTTGTCATATGCGTCC,0,5193650
yqjE_yqjK_yqjD_yqjC_predicted,0.5,1,1,ATAGCTACGATGATACACGA,0,5197356
yqjE_yqjK_yqjD_yqjC_predicted,0.5,1,1,ATAGCGGGAGTCGCGCACCA,0,5223216
yqjE_yqjK_yqjD_yqjC_predicted,0.5,1,1,ATAGCGACCGGTCTCGAATT,0,5210558
yqjE_yqjK_yqjD_yqjC_predicted,0.5,1,1,ATAGCCTAGCAAGATTAGCA,0,5213318
yqjE_yqjK_yqjD_yqjC_predicted,0.5,1,1,ATAGCCACTAAGAAATCTGA,0,5205528
yqjE_yqjK_yqjD_yqjC_predicted,0.5,1,1,ATAGCAAGTGTCAGTGCCCT,0,5253972
yqjE_yqjK_yqjD_yqjC_predicted,0.5,1,1,ATAGAGGCTTCACCATTCCG,0,5262008
yqjE_yqjK_yqjD_yqjC_predicted,0.5,1,1,ATAGAGCCAGGCAAAACAGG,0,5227063
yqjE_yqjK_yqjD_yqjC_predicted,0.5,1,1,ATAGAGCAATAAGCCCTCAA,0,5246493
yqjE_yqjK_yqjD_yqjC_predicted,0.5,1,1,ATAGAGATGGTCTTCTCATG,0,5210060
yqjE_yqjK_yqjD_yqjC_predicted,0.5,1,1,ATAGAGAGAGCTCGACGACC,0,5213361
yqjE_yqjK_yqjD_yqjC_predicted,0.5,1,1,ATAGAACTCCCCGTCGTACA,0,5223116
yqjE_yqjK_yqjD_yqjC_predicted,0.5,1,1,ATACTTTGAAGTGGCTTTCT,0,5182459
yqjE_yqjK_yqjD_yqjC_predicted,0.5,1,1,ATACTGCCCATATCATACAT,0,5234025
yqjE_yqjK_yqjD_yqjC_predicted,0.5,1,1,ATACTAGATACAACATACTG,0,5227386
yqjE_yqjK_yqjD_yqjC_predicted,0.5,1,1,ATACTAGAAGCGAGTGTACA,0,5185156
yqjE_yqjK_yqjD_yqjC_predicted,0.5,1,1,ATACGGTCATGCCCGGCCAG,0,5178737
yqjE_yqjK_yqjD_yqjC_predicted,0.5,1,1,ATACGCGTGGCACAAGTCTA,0,5189623
yqjE_yqjK_yqjD_yqjC_predicted,0.5,1,1,ATACGCGTAGAGCATAAATG,0,5246354
yqjE_yqjK_yqjD_yqjC_predicted,0.5,1,1,ATACGCAGTGCACAGAGAGA,0,5180450
yqjE_yqjK_yqjD_yqjC_predicted,0.5,1,1,ATACGCACACGATTCACTTA,0,5244311
yqjE_yqjK_yqjD_yqjC_predicted,0.5,1,1,ATACGATGTAAATGGGTTCT,0,5247425
yqjE_yqjK_yqjD_yqjC_predicted,0.5,1,1,ATACGAGACGTGTATCCGTT,0,5215951
yqjE_yqjK_yqjD_yqjC_predicted,0.5,1,1,ATACGAACTTACTTAACTGC,0,5188795
yqjE_yqjK_yqjD_yqjC_predicted,0.5,1,1,ATACCTGTACTTCTGACCAA,0,5219476
yqjE_yqjK_yqjD_yqjC_predicted,0.5,1,1,ATACCGAGCATCTCATCGGT,0,5179644
yqjE_yqjK_yqjD_yqjC_predicted,0.5,1,1,ATACCCGATGTTATTGCACT,0,5199924
yqjE_yqjK_yqjD_yqjC_predicted,0.5,1,1,ATACCAAACCATTGGCATTT,0,5230672
yqjE_yqjK_yqjD_yqjC_predicted,0.5,1,1,ATACATGAGCCCGGGGGATC,0,5198755
yqjE_yqjK_yqjD_yqjC_predicted,0.5,1,1,ATACAGATATCTTGGAAATT,0,5196944
yqjE_yqjK_yqjD_yqjC_predicted,0.5,1,1,ATACACCGGGGCACCCTGAC,0,5172534
yqjE_yqjK_yqjD_yqjC_predicted,0.5,1,1,ATACAAAGGAAGCAATCTTA,0,5199859
yqjE_yqjK_yqjD_yqjC_predicted,0.5,1,1,ATACAAACATGTCCCTGATA,0,5188383
yqjE_yqjK_yqjD_yqjC_predicted,0.5,1,1,ATAATGTGTTGTAAGCCAGC,0,5229284
yqjE_yqjK_yqjD_yqjC_predicted,0.5,1,1,ATAATGTAGAATACGTTAGT,0,5224110
yqjE_yqjK_yqjD_yqjC_predicted,0.5,1,1,ATAAGTTTATCGGTAGAACA,0,5234441
yqjE_yqjK_yqjD_yqjC_predicted,0.5,1,1,ATAAGCGGGAAGAGATATGC,0,5256857
yqjE_yqjK_yqjD_yqjC_predicted,0.5,1,1,ATAACTGGTAAGGCCACGTA,0,5253497
yqjE_yqjK_yqjD_yqjC_predicted,0.5,1,1,ATAACGCCTCGGATTGAGAT,0,5179229
yqjE_yqjK_yqjD_yqjC_predicted,0.5,1,1,ATAACGCCATACAGCATGGG,0,5242851
yqjE_yqjK_yqjD_yqjC_predicted,0.5,1,1,ATAAAATTGCCGCCAGTCCA,0,5235959
yqjE_yqjK_yqjD_yqjC_predicted,0.5,1,1,AGTTTGGGGTCAGTATGCCG,0,5173817
yqjE_yqjK_yqjD_yqjC_predicted,0.5,1,1,AGTTTGCCTTTTTGGCACAG,0,5223398
yqjE_yqjK_yqjD_yqjC_predicted,0.5,1,1,AGTTTCGTTGTGGATCCGCC,0,5176827
yqjE_yqjK_yqjD_yqjC_predicted,0.5,1,1,AGTTGGCGGGCTAACCCTTC,0,5197352
yqjE_yqjK_yqjD_yqjC_predicted,0.5,1,1,AGTTGGAAGCAGAACCAGAT,0,5193536
yqjE_yqjK_yqjD_yqjC_predicted,0.5,1,1,AGTTGCGCCTTGGTGCGATA,0,5199492
yqjE_yqjK_yqjD_yqjC_predicted,0.5,1,1,AGTTGCCACACGATTTTAAA,0,5201452
yqjE_yqjK_yqjD_yqjC_predicted,0.5,1,1,AGTTGATTAGATCGAGCCCT,0,5204350
yqjE_yqjK_yqjD_yqjC_predicted,0.5,1,1,AGTTGACCTCCAGCAATACC,0,5231442
yqjE_yqjK_yqjD_yqjC_predicted,0.5,1,1,AGTTATGAGAGATAAGAAGG,0,5178839
yqjE_yqjK_yqjD_yqjC_predicted,0.5,1,1,AGTTATAAGGATTAGTAGCA,0,5239464
yqjE_yqjK_yqjD_yqjC_predicted,0.5,1,1,AGTTAATAGTGTGATGACGT,0,5177964
yqjE_yqjK_yqjD_yqjC_predicted,0.5,1,1,AGTGTTAGGGCACTCGCATA,0,5188103
yqjE_yqjK_yqjD_yqjC_predicted,0.5,1,1,AGTGTTACAAGTATTGTCTC,0,5248997
yqjE_yqjK_yqjD_yqjC_predicted,0.5,1,1,AGTGTGTAACCGACTCTGCG,0,5182771
yqjE_yqjK_yqjD_yqjC_predicted,0.5,1,1,AGTGTCTTCAACCGTAAGTG,0,5191446
yqjE_yqjK_yqjD_yqjC_predicted,0.5,1,1,AGTGTCGCGGTCACTGGTTG,0,5253488
yqjE_yqjK_yqjD_yqjC_predicted,0.5,1,1,AGTGTCCAGGGATGAATTCT,0,5173414
yqjE_yqjK_yqjD_yqjC_predicted,0.5,1,1,AGTGTAAAACCGGGGAAGCA,0,5208607
yqjE_yqjK_yqjD_yqjC_predicted,0.5,1,1,AGTGGTTGCACTGGAAATCG,0,5247097
yqjE_yqjK_yqjD_yqjC_predicted,0.5,1,1,AGTGGTTACTATGTTCCGAC,0,5197618
yqjE_yqjK_yqjD_yqjC_predicted,0.5,1,1,AGTGGTAAACAGTATTGTAG,0,5222836
yqjE_yqjK_yqjD_yqjC_predicted,0.5,1,1,AGTGGGTGCTTGGAGCTTTT,0,5228681
yqjE_yqjK_yqjD_yqjC_predicted,0.5,1,1,AGTGGCTGGCCGCTCTTGAC,0,5238533
yqjE_yqjK_yqjD_yqjC_predicted,0.5,1,1,AGTGGAGCGGAGGCGGACAT,0,5251756
yqjE_yqjK_yqjD_yqjC_predicted,0.5,1,1,AGTGGACAGCTGAATTTCAT,0,5221788
yqjE_yqjK_yqjD_yqjC_predicted,0.5,1,1,AGTGGACAAGGGTTTACACC,0,5227465
yqjE_yqjK_yqjD_yqjC_predicted,0.5,1,1,AGTGCTGATAAGCGCCGAAA,0,5198101
yqjE_yqjK_yqjD_yqjC_predicted,0.5,1,1,AGTGCTAAAATCCCAAGACG,0,5171015
yqjE_yqjK_yqjD_yqjC_predicted,0.5,1,1,AGTGCGTATACAAATCAGCA,0,5253806
yqjE_yqjK_yqjD_yqjC_predicted,0.5,1,1,AGTGCACGAGGCGGGATGAA,0,5196065
yqjE_yqjK_yqjD_yqjC_predicted,0.5,1,1,AGTGATGACGACCGTTTCGG,0,5220873
yqjE_yqjK_yqjD_yqjC_predicted,0.5,1,1,AGTGATCTTATTCATAGTAA,0,5231151
yqjE_yqjK_yqjD_yqjC_predicted,0.5,1,1,AGTGATCGAAGAGTGAGTAT,0,5221520
yqjE_yqjK_yqjD_yqjC_predicted,0.5,1,1,AGTGAGGCCCCGGCGCTTTA,0,5204111
yqjE_yqjK_yqjD_yqjC_predicted,0.5,1,1,AGTGAGAGGCTGTGGCATTT,0,5174631
yqjE_yqjK_yqjD_yqjC_predicted,0.5,1,1,AGTGACTGGTATCTTTACTG,0,5200428
yqjE_yqjK_yqjD_yqjC_predicted,0.5,1,1,AGTGACGTCTTCGCAATTTT,0,5209506
yqjE_yqjK_yqjD_yqjC_predicted,0.5,1,1,AGTCTGGAAGTCAGTACATG,0,5245696
yqjE_yqjK_yqjD_yqjC_predicted,0.5,1,1,AGTCTAGGGAACTCGTGCGG,0,5185981
yqjE_yqjK_yqjD_yqjC_predicted,0.5,1,1,AGTCTAATCGTAGTCTAGAG,0,5229638
yqjE_yqjK_yqjD_yqjC_predicted,0.5,1,1,AGTCTAAGCTGTAACCCAGA,0,5220346
yqjE_yqjK_yqjD_yqjC_predicted,0.5,1,1,AGTCGAACGGAATCGCAGAA,0,5176900
yqjE_yqjK_yqjD_yqjC_predicted,0.5,1,1,AGTCCTTATACTCCACCTCG,0,5211006
yqjE_yqjK_yqjD_yqjC_predicted,0.5,1,1,AGTCCGGTCGATGCGGCTAG,0,5257856
yqjE_yqjK_yqjD_yqjC_predicted,0.5,1,1,AGTCCGCAGTCGGCCTGATT,0,5175093
yqjE_yqjK_yqjD_yqjC_predicted,0.5,1,1,AGTCCCGTTAGTTACAGTAT,0,5213557
yqjE_yqjK_yqjD_yqjC_predicted,0.5,1,1,AGTCCCGCGACCCCACTCAA,0,5258054
yqjE_yqjK_yqjD_yqjC_predicted,0.5,1,1,AGTCCCAAGGTCCTCGGTGG,0,5257228
yqjE_yqjK_yqjD_yqjC_predicted,0.5,1,1,AGTCCATAAGATATAAGGTG,0,5239618
yqjE_yqjK_yqjD_yqjC_predicted,0.5,1,1,AGTCCAGTAGCGTGCGGTCA,0,5178268
yqjE_yqjK_yqjD_yqjC_predicted,0.5,1,1,AGTCATGGGAGTCTAGCAGG,0,5249856
yqjE_yqjK_yqjD_yqjC_predicted,0.5,1,1,AGTCATAGTGCTCCATTGGG,0,5186397
yqjE_yqjK_yqjD_yqjC_predicted,0.5,1,1,AGTCACATAGCGCTGATTTT,0,5218306
yqjE_yqjK_yqjD_yqjC_predicted,0.5,1,1,AGTCAATGACATGACGATGC,0,5253990
yqjE_yqjK_yqjD_yqjC_predicted,0.5,1,1,AGTCAACTTGCCTTAATACA,0,5191580
yqjE_yqjK_yqjD_yqjC_predicted,0.5,1,1,AGTATTCGCGAGTGGACGCG,0,5175579
yqjE_yqjK_yqjD_yqjC_predicted,0.5,1,1,AGTATCTATCAAGTGATTAT,0,5184645
yqjE_yqjK_yqjD_yqjC_predicted,0.5,1,1,AGTATCGTTCGTATACTGAA,0,5179732
yqjE_yqjK_yqjD_yqjC_predicted,0.5,1,1,AGTATCGAGGAAAATTCGTA,0,5172847
yqjE_yqjK_yqjD_yqjC_predicted,0.5,1,1,AGTATCCGATGGGCAAACTG,0,5256144
yqjE_yqjK_yqjD_yqjC_predicted,0.5,1,1,AGTATCCAATCAAATCGCTC,0,5203696
yqjE_yqjK_yqjD_yqjC_predicted,0.5,1,1,AGTATATCATCACATTAGAA,0,5253951
yqjE_yqjK_yqjD_yqjC_predicted,0.5,1,1,AGTAGGTTATAAAACGCAGG,0,5210871
yqjE_yqjK_yqjD_yqjC_predicted,0.5,1,1,AGTAGGGGCGGTATCAGTGG,0,5198882
yqjE_yqjK_yqjD_yqjC_predicted,0.5,1,1,AGTAGAGTTTGATTGTATAC,0,5221532
yqjE_yqjK_yqjD_yqjC_predicted,0.5,1,1,AGTACGTCAGTGAGAATGTA,0,5215172
yqjE_yqjK_yqjD_yqjC_predicted,0.5,1,1,AGTACGCCGCGATCGATGAG,0,5221051
yqjE_yqjK_yqjD_yqjC_predicted,0.5,1,1,AGTACCTACTTGCTCCCCTC,0,5216581
yqjE_yqjK_yqjD_yqjC_predicted,0.5,1,1,AGTACCGCGTCCAGCTGTGA,0,5221964
yqjE_yqjK_yqjD_yqjC_predicted,0.5,1,1,AGTACAGGAATCAGAAAGTA,0,5206905
yqjE_yqjK_yqjD_yqjC_predicted,0.5,1,1,AGTACAGACAAGCCACCTTT,0,5190645
yqjE_yqjK_yqjD_yqjC_predicted,0.5,1,1,AGTAATTGCTACACTCTCGG,0,5186539
yqjE_yqjK_yqjD_yqjC_predicted,0.5,1,1,AGTAATCGAGCATTATCGGC,0,5189843
yqjE_yqjK_yqjD_yqjC_predicted,0.5,1,1,AGTAATAGGCCCATGTTGTC,0,5186394
yqjE_yqjK_yqjD_yqjC_predicted,0.5,1,1,AGTAATAATGTAATCTAAGT,0,5227070
yqjE_yqjK_yqjD_yqjC_predicted,0.5,1,1,AGTAACCATTATGGGACCGA,0,5261576
yqjE_yqjK_yqjD_yqjC_predicted,0.5,1,1,AGGTTTGCCACGTGATCAGG,0,5226059
yqjE_yqjK_yqjD_yqjC_predicted,0.5,1,1,AGGTTGGGCTATCAGCGCGG,0,5257970
yqjE_yqjK_yqjD_yqjC_predicted,0.5,1,1,AGGTTGCGACGAGGAGACGG,0,5195631
yqjE_yqjK_yqjD_yqjC_predicted,0.5,1,1,AGGTTCTCTCGCGGCAATGA,0,5214261
yqjE_yqjK_yqjD_yqjC_predicted,0.5,1,1,AGGTTCGTGACGAACGCATA,0,5260053
yqjE_yqjK_yqjD_yqjC_predicted,0.5,1,1,AGGTTCCACGGATCCCCAAT,0,5232302
yqjE_yqjK_yqjD_yqjC_predicted,0.5,1,1,AGGTTAAAAACCCAGAATCA,0,5202513
yqjE_yqjK_yqjD_yqjC_predicted,0.5,1,1,AGGTGTATGGCTCTGGGATA,0,5258840
yqjE_yqjK_yqjD_yqjC_predicted,0.5,1,1,AGGTGTAGCCTGCTTGGGCT,0,5221216
yqjE_yqjK_yqjD_yqjC_predicted,0.5,1,1,AGGTGGTAGGTCTTGTCTTC,0,5204266
yqjE_yqjK_yqjD_yqjC_predicted,0.5,1,1,AGGTGGTAACGGTGAACAGT,0,5180179
yqjE_yqjK_yqjD_yqjC_predicted,0.5,1,1,AGGTGGCGTTTCAACCTGCC,0,5201897
yqjE_yqjK_yqjD_yqjC_predicted,0.5,1,1,AGGTGGAGATCCAACTGATG,0,5232902
yqjE_yqjK_yqjD_yqjC_predicted,0.5,1,1,AGGTGCTCCGGTCCCGAGGC,0,5231836
yqjE_yqjK_yqjD_yqjC_predicted,0.5,1,1,AGGTGCGCTTATCCGTTGGC,0,5242359
yqjE_yqjK_yqjD_yqjC_predicted,0.5,1,1,AGGTGCCGGCAGATATACCC,0,5181202
yqjE_yqjK_yqjD_yqjC_predicted,0.5,1,1,AGGTGCATAGTAGTCAAGAT,0,5242619
yqjE_yqjK_yqjD_yqjC_predicted,0.5,1,1,AGGTCGAAGAATATAATTGA,0,5250773
yqjE_yqjK_yqjD_yqjC_predicted,0.5,1,1,AGGTCCTATAAGCAGGCATG,0,5197068
yqjE_yqjK_yqjD_yqjC_predicted,0.5,1,1,AGGTCCGGAGCGAACGCGAC,0,5220359
yqjE_yqjK_yqjD_yqjC_predicted,0.5,1,1,AGGTCAGGAGCTCACCCGTT,0,5237195
yqjE_yqjK_yqjD_yqjC_predicted,0.5,1,1,AGGTATATATTCTCTACCGT,0,5220713
yqjE_yqjK_yqjD_yqjC_predicted,0.5,1,1,AGGTAGGAAAACTGCTAAAA,0,5221056
yqjE_yqjK_yqjD_yqjC_predicted,0.5,1,1,AGGTAGATTTATGTTACCGA,0,5215855
yqjE_yqjK_yqjD_yqjC_predicted,0.5,1,1,AGGTACTCCTCTGGAGCACT,0,5213344
yqjE_yqjK_yqjD_yqjC_predicted,0.5,1,1,AGGGTTTTTCTCTGAAAAAG,0,5233155
yqjE_yqjK_yqjD_yqjC_predicted,0.5,1,1,AGGGTTGTCAACGCGTTTTT,0,5201995
yqjE_yqjK_yqjD_yqjC_predicted,0.5,1,1,AGGGTTGGGCTAGTTTAGTG,0,5257299
yqjE_yqjK_yqjD_yqjC_predicted,0.5,1,1,AGGGTTCTTGTCGCAATGGA,0,5234496
yqjE_yqjK_yqjD_yqjC_predicted,0.5,1,1,AGGGTTCGTGCGCGTATCAA,0,5193876
yqjE_yqjK_yqjD_yqjC_predicted,0.5,1,1,AGGGTTCCACACCGGTGACT,0,5174122
yqjE_yqjK_yqjD_yqjC_predicted,0.5,1,1,AGGGTGCCATAGGCGAGAGC,0,5231920
yqjE_yqjK_yqjD_yqjC_predicted,0.5,1,1,AGGGTGACAGTCGGAAATCT,0,5198525
yqjE_yqjK_yqjD_yqjC_predicted,0.5,1,1,AGGGTCTTGAGGCGCGGATT,0,5208146
yqjE_yqjK_yqjD_yqjC_predicted,0.5,1,1,AGGGTCTAGACCTGATTGTA,0,5208132
yqjE_yqjK_yqjD_yqjC_predicted,0.5,1,1,AGGGTCATGCCCCAACGCAA,0,5233989
yqjE_yqjK_yqjD_yqjC_predicted,0.5,1,1,AGGGTCATCATATCGTACCG,0,5206058
yqjE_yqjK_yqjD_yqjC_predicted,0.5,1,1,AGGGTCAGTGCATGGGCGCC,0,5186554
yqjE_yqjK_yqjD_yqjC_predicted,0.5,1,1,AGGGTATAGACCTGTAACAT,0,5247616
yqjE_yqjK_yqjD_yqjC_predicted,0.5,1,1,AGGGTAATAGGTTAATTGTC,0,5193939
yqjE_yqjK_yqjD_yqjC_predicted,0.5,1,1,AGGGGTTGAGCCACGGTGGA,0,5182832
yqjE_yqjK_yqjD_yqjC_predicted,0.5,1,1,AGGGGTGCGCGGCATTTTTC,0,5193235
yqjE_yqjK_yqjD_yqjC_predicted,0.5,1,1,AGGGGTGCAGCAGACCCCCG,0,5212376
yqjE_yqjK_yqjD_yqjC_predicted,0.5,1,1,AGGGGTAGCCGGCTTCGCAT,0,5232166
yqjE_yqjK_yqjD_yqjC_predicted,0.5,1,1,AGGGGGTGTATCCATGACTC,0,5206817
yqjE_yqjK_yqjD_yqjC_predicted,0.5,1,1,AGGGGGGAATGGACCGGCTA,0,5244180
yqjE_yqjK_yqjD_yqjC_predicted,0.5,1,1,AGGGGCTTAGCTACTAGGGA,0,5221029
yqjE_yqjK_yqjD_yqjC_predicted,0.5,1,1,AGGGGCAAAACCACTTACAC,0,5223159
yqjE_yqjK_yqjD_yqjC_predicted,0.5,1,1,AGGGGACGCTGCACGGAGGG,0,5247498
yqjE_yqjK_yqjD_yqjC_predicted,0.5,1,1,AGGGGAACTACTAAGACGAG,0,5235208
yqjE_yqjK_yqjD_yqjC_predicted,0.5,1,1,AGGGCTAGGTCAGCTCAGGT,0,5230531
yqjE_yqjK_yqjD_yqjC_predicted,0.5,1,1,AGGGCGTCGGTTTGCTCGAA,0,5249746
yqjE_yqjK_yqjD_yqjC_predicted,0.5,1,1,AGGGCGTACTTGACTCGGGA,0,5177455
yqjE_yqjK_yqjD_yqjC_predicted,0.5,1,1,AGGGCGGGTCCTATGCCACA,0,5207121
yqjE_yqjK_yqjD_yqjC_predicted,0.5,1,1,AGGGCGGATGGCCCCCACTC,0,5234424
yqjE_yqjK_yqjD_yqjC_predicted,0.5,1,1,AGGGCGAAAAATTCTGGACT,0,5192616
yqjE_yqjK_yqjD_yqjC_predicted,0.5,1,1,AGGGCATTTGATTAGCCGTT,0,5209302
yqjE_yqjK_yqjD_yqjC_predicted,0.5,1,1,AGGGATGACTCATTGCAGGG,0,5213623
yqjE_yqjK_yqjD_yqjC_predicted,0.5,1,1,AGGGACAATCTATGGCTGGA,0,5242981
yqjE_yqjK_yqjD_yqjC_predicted,0.5,1,1,AGGGAATGCAAGGCGCAAGG,0,5228048
yqjE_yqjK_yqjD_yqjC_predicted,0.5,1,1,AGGGAACACAAGCGGGGGCA,0,5211883
yqjE_yqjK_yqjD_yqjC_predicted,0.5,1,1,AGGCTGAGCCATGCACCCAA,0,5181243
yqjE_yqjK_yqjD_yqjC_predicted,0.5,1,1,AGGCTCCCCTGTGTCGAGTC,0,5216427
yqjE_yqjK_yqjD_yqjC_predicted,0.5,1,1,AGGCTCATAGAACCGTGCAG,0,5185498
yqjE_yqjK_yqjD_yqjC_predicted,0.5,1,1,AGGCTCAGATTCCTACTAAG,0,5194191
yqjE_yqjK_yqjD_yqjC_predicted,0.5,1,1,AGGCGTAAGGCACACTCCGG,0,5203916
yqjE_yqjK_yqjD_yqjC_predicted,0.5,1,1,AGGCGCACGGTAATCGAGAC,0,5250216
yqjE_yqjK_yqjD_yqjC_predicted,0.5,1,1,AGGCGATACAGCTGATGTAG,0,5219164
yqjE_yqjK_yqjD_yqjC_predicted,0.5,1,1,AGGCGAGAAAAGTGGTTCTA,0,5171273
yqjE_yqjK_yqjD_yqjC_predicted,0.5,1,1,AGGCGACAGACGTGTCATGG,0,5180672
yqjE_yqjK_yqjD_yqjC_predicted,0.5,1,1,AGGCCGAACAGTTAACCAAT,0,5206305
yqjE_yqjK_yqjD_yqjC_predicted,0.5,1,1,AGGCCCGGGCATCCAGCACA,0,5173001
yqjE_yqjK_yqjD_yqjC_predicted,0.5,1,1,AGGCCACACGAAAGCATATT,0,5199523
yqjE_yqjK_yqjD_yqjC_predicted,0.5,1,1,AGGCCACACACGGGAAACGG,0,5213436
yqjE_yqjK_yqjD_yqjC_predicted,0.5,1,1,AGGCATCCCCGGGGGTGGCG,0,5224021
yqjE_yqjK_yqjD_yqjC_predicted,0.5,1,1,AGGATTATCCGTTCTTTGAC,0,5228500
yqjE_yqjK_yqjD_yqjC_predicted,0.5,1,1,AGGATGTTCCAGTGCGGTAG,0,5220028
yqjE_yqjK_yqjD_yqjC_predicted,0.5,1,1,AGGATGGGTTAGTAGGCCTT,0,5202144
yqjE_yqjK_yqjD_yqjC_predicted,0.5,1,1,AGGATGGGTACTCTTACTCG,0,5173769
yqjE_yqjK_yqjD_yqjC_predicted,0.5,1,1,AGGATACCCAAATATGCGAG,0,5205077
yqjE_yqjK_yqjD_yqjC_predicted,0.5,1,1,AGGATAAGTGTGTGGATCCG,0,5218796
yqjE_yqjK_yqjD_yqjC_predicted,0.5,1,1,AGGAGGTTCTTTCAGACGGA,0,5206139
yqjE_yqjK_yqjD_yqjC_predicted,0.5,1,1,AGGAGAGTCGGAGGCAGTCT,0,5193386
yqjE_yqjK_yqjD_yqjC_predicted,0.5,1,1,AGGAGAGGTAGGAACAGAGT,0,5180226
yqjE_yqjK_yqjD_yqjC_predicted,0.5,1,1,AGGACGTGAGTCCCGGAGTT,0,5245413
yqjE_yqjK_yqjD_yqjC_predicted,0.5,1,1,AGGACCCCGCGTGTAACGGG,0,5213265
yqjE_yqjK_yqjD_yqjC_predicted,0.5,1,1,AGGAATGGTGGGCTGACGAG,0,5220274
yqjE_yqjK_yqjD_yqjC_predicted,0.5,1,1,AGGAAGGCTGCACACTGCAA,0,5258007
yqjE_yqjK_yqjD_yqjC_predicted,0.5,1,1,AGGAAGCGTGACATTTCCCA,0,5250423
yqjE_yqjK_yqjD_yqjC_predicted,0.5,1,1,AGGAAAATTGCATCACGTTA,0,5187047
yqjE_yqjK_yqjD_yqjC_predicted,0.5,1,1,AGCTTGTCAAAGGCCTTAGC,0,5242376
yqjE_yqjK_yqjD_yqjC_predicted,0.5,1,1,AGCTTCGATCTTTTATGCAA,0,5207879
yqjE_yqjK_yqjD_yqjC_predicted,0.5,1,1,AGCTTAAGGAAACGCCGCTC,0,5175453
yqjE_yqjK_yqjD_yqjC_predicted,0.5,1,1,AGCTGTCCGGCGGATCAACC,0,5204880
yqjE_yqjK_yqjD_yqjC_predicted,0.5,1,1,AGCTGCCAGCATCATGCATA,0,5232233
yqjE_yqjK_yqjD_yqjC_predicted,0.5,1,1,AGCTGAGCGTCTCTAAGAGA,0,5196400
yqjE_yqjK_yqjD_yqjC_predicted,0.5,1,1,AGCTCGGTAGGCTTGGGGAC,0,5199989
yqjE_yqjK_yqjD_yqjC_predicted,0.5,1,1,AGCTCGGGATATTAAGGATT,0,5218837
yqjE_yqjK_yqjD_yqjC_predicted,0.5,1,1,AGCTCGACATTATCAGGAAT,0,5199725
yqjE_yqjK_yqjD_yqjC_predicted,0.5,1,1,AGCTCCTCTCGGGAGTACTT,0,5218707
yqjE_yqjK_yqjD_yqjC_predicted,0.5,1,1,AGCTCCATTTAATCGTGCTG,0,5230405
yqjE_yqjK_yqjD_yqjC_predicted,0.5,1,1,AGCTCAGATTTTAAAACAAC,0,5231412
yqjE_yqjK_yqjD_yqjC_predicted,0.5,1,1,AGCTATGAGCCTCTAAGGGA,0,5237953
yqjE_yqjK_yqjD_yqjC_predicted,0.5,1,1,AGCTAGGCACTTAGGTTAAA,0,5251919
yqjE_yqjK_yqjD_yqjC_predicted,0.5,1,1,AGCTACAGGTGGAGGTTTCT,0,5210545
yqjE_yqjK_yqjD_yqjC_predicted,0.5,1,1,AGCGTGATATTCATCTTACA,0,5255215
yqjE_yqjK_yqjD_yqjC_predicted,0.5,1,1,AGCGTATAGACTACCGTTTT,0,5248582
yqjE_yqjK_yqjD_yqjC_predicted,0.5,1,1,AGCGTACGCTGACAGTGAGA,0,5191910
yqjE_yqjK_yqjD_yqjC_predicted,0.5,1,1,AGCGGCACCCTCACCTTTTA,0,5186618
yqjE_yqjK_yqjD_yqjC_predicted,0.5,1,1,AGCGGAAGCAGGGTCTGTCT,0,5194090
yqjE_yqjK_yqjD_yqjC_predicted,0.5,1,1,AGCGCTCTGTCTCGCAGTGT,0,5250913
yqjE_yqjK_yqjD_yqjC_predicted,0.5,1,1,AGCGCGTATCCGTAGGTCTC,0,5220186
yqjE_yqjK_yqjD_yqjC_predicted,0.5,1,1,AGCGCGAGTCAATAAACTAA,0,5193232
yqjE_yqjK_yqjD_yqjC_predicted,0.5,1,1,AGCGCCTTTGTGAATCGGTA,0,5218580
yqjE_yqjK_yqjD_yqjC_predicted,0.5,1,1,AGCGCCAGGGCCCGTACGCT,0,5184354
yqjE_yqjK_yqjD_yqjC_predicted,0.5,1,1,AGCGCCAGCGCCTATGGATC,0,5189492
yqjE_yqjK_yqjD_yqjC_predicted,0.5,1,1,AGCGCAAACACGAAGCAATA,0,5180815
yqjE_yqjK_yqjD_yqjC_predicted,0.5,1,1,AGCGATCCACGGGCAAAGCC,0,5170835
yqjE_yqjK_yqjD_yqjC_predicted,0.5,1,1,AGCGAAGAGCGCGACCCCTG,0,5206867
yqjE_yqjK_yqjD_yqjC_predicted,0.5,1,1,AGCGAACTGCACCCTAGCAG,0,5212889
yqjE_yqjK_yqjD_yqjC_predicted,0.5,1,1,AGCGAAACAGTATGGATTAC,0,5229563
yqjE_yqjK_yqjD_yqjC_predicted,0.5,1,1,AGCCTTCCATATTAATTGTC,0,5181636
yqjE_yqjK_yqjD_yqjC_predicted,0.5,1,1,AGCCTCGGAGTTATGGTAAT,0,5197075
yqjE_yqjK_yqjD_yqjC_predicted,0.5,1,1,AGCCGTGGAAATATGCAGTA,0,5209425
yqjE_yqjK_yqjD_yqjC_predicted,0.5,1,1,AGCCGTCGGGGCGTGGATAC,0,5208859
yqjE_yqjK_yqjD_yqjC_predicted,0.5,1,1,AGCCCTCTTGCTACAGCTCT,0,5233707
yqjE_yqjK_yqjD_yqjC_predicted,0.5,1,1,AGCCCTATCCCAACCACAAG,0,5243346
yqjE_yqjK_yqjD_yqjC_predicted,0.5,1,1,AGCCCGGTCGAACCCAGGAG,0,5254885
yqjE_yqjK_yqjD_yqjC_predicted,0.5,1,1,AGCCAGTATTCGCGTTCCTT,0,5183094
yqjE_yqjK_yqjD_yqjC_predicted,0.5,1,1,AGCATCTTATTGGCGATATT,0,5218516
yqjE_yqjK_yqjD_yqjC_predicted,0.5,1,1,AGCATCAGGTTAGTTGATCA,0,5236459
yqjE_yqjK_yqjD_yqjC_predicted,0.5,1,1,AGCATCAAAATAAACCTCGC,0,5218309
yqjE_yqjK_yqjD_yqjC_predicted,0.5,1,1,AGCAGTTGTCATTTGTGCGT,0,5194946
yqjE_yqjK_yqjD_yqjC_predicted,0.5,1,1,AGCAGAGCAGCGCGTACGAG,0,5254726
yqjE_yqjK_yqjD_yqjC_predicted,0.5,1,1,AGCACTTGTCTTTACTATCA,0,5179381
yqjE_yqjK_yqjD_yqjC_predicted,0.5,1,1,AGCACTAAACCGCCGCATTT,0,5260365
yqjE_yqjK_yqjD_yqjC_predicted,0.5,1,1,AGCACCTTAGGAATATGCCC,0,5184129
yqjE_yqjK_yqjD_yqjC_predicted,0.5,1,1,AGCACCTATGCTGTGAAATT,0,5232675
yqjE_yqjK_yqjD_yqjC_predicted,0.5,1,1,AGCACCGATACCTCACGGCT,0,5212790
yqjE_yqjK_yqjD_yqjC_predicted,0.5,1,1,AGCACCCTTCGTAGCTCTGC,0,5220486
yqjE_yqjK_yqjD_yqjC_predicted,0.5,1,1,AGCACAGTACATCGACATGT,0,5213252
yqjE_yqjK_yqjD_yqjC_predicted,0.5,1,1,AGCAATTAACTGAAATGGTC,0,5236263
yqjE_yqjK_yqjD_yqjC_predicted,0.5,1,1,AGCAAGTGGTTGGGTAGTTT,0,5244524
yqjE_yqjK_yqjD_yqjC_predicted,0.5,1,1,AGCAAAGTTCCAAGGTCTGA,0,5195800
yqjE_yqjK_yqjD_yqjC_predicted,0.5,1,1,AGATTTAAGTTGGTCCTCCT,0,5239681
yqjE_yqjK_yqjD_yqjC_predicted,0.5,1,1,AGATTTAAGTCATCTCCCGA,0,5215105
yqjE_yqjK_yqjD_yqjC_predicted,0.5,1,1,AGATTTAACGATTCTTAAGA,0,5201580
yqjE_yqjK_yqjD_yqjC_predicted,0.5,1,1,AGATTGTCCTATAAACCTGC,0,5219137
yqjE_yqjK_yqjD_yqjC_predicted,0.5,1,1,AGATTGCCCAAAAGGATGCA,0,5173461
yqjE_yqjK_yqjD_yqjC_predicted,0.5,1,1,AGATTCTGGCATCATAGCAC,0,5184727
yqjE_yqjK_yqjD_yqjC_predicted,0.5,1,1,AGATTATTCATGCTTTGGTC,0,5201516
yqjE_yqjK_yqjD_yqjC_predicted,0.5,1,1,AGATTAGTGGAATTCTCTTA,0,5249698
yqjE_yqjK_yqjD_yqjC_predicted,0.5,1,1,AGATTAGTGAGGGAGTGCAT,0,5178774
yqjE_yqjK_yqjD_yqjC_predicted,0.5,1,1,AGATTACAGGGGAGAACTTC,0,5176619
yqjE_yqjK_yqjD_yqjC_predicted,0.5,1,1,AGATTAATGCCTGTTTGTAG,0,5257881
yqjE_yqjK_yqjD_yqjC_predicted,0.5,1,1,AGATGCTCACCGTTCGAACA,0,5260992
yqjE_yqjK_yqjD_yqjC_predicted,0.5,1,1,AGATGCATGAAGTGGCAAAT,0,5243538
yqjE_yqjK_yqjD_yqjC_predicted,0.5,1,1,AGATGAGTAAGGCAATACCA,0,5182243
yqjE_yqjK_yqjD_yqjC_predicted,0.5,1,1,AGATCTCCGTATGGGTGTGT,0,5185907
yqjE_yqjK_yqjD_yqjC_predicted,0.5,1,1,AGATCGTTGCTGCAAGAGAA,0,5171039
yqjE_yqjK_yqjD_yqjC_predicted,0.5,1,1,AGATCGATGGCTAGAGAGTG,0,5221017
yqjE_yqjK_yqjD_yqjC_predicted,0.5,1,1,AGATATTGGCCGGTACGTTC,0,5208932
yqjE_yqjK_yqjD_yqjC_predicted,0.5,1,1,AGATATTCAGGTACAGGCTT,0,5200828
yqjE_yqjK_yqjD_yqjC_predicted,0.5,1,1,AGAGTTAATGCATGGCCAGA,0,5255169
yqjE_yqjK_yqjD_yqjC_predicted,0.5,1,1,AGAGTCAACACCCTGGCTCT,0,5184657
yqjE_yqjK_yqjD_yqjC_predicted,0.5,1,1,AGAGGGCGGCGCTGATCTCA,0,5178297
yqjE_yqjK_yqjD_yqjC_predicted,0.5,1,1,AGAGGGCGGCAGGGGTCGGA,0,5221538
yqjE_yqjK_yqjD_yqjC_predicted,0.5,1,1,AGAGGCGTCGTACCGCTTAG,0,5171644
yqjE_yqjK_yqjD_yqjC_predicted,0.5,1,1,AGAGCGTGTTAGTGCGGACT,0,5236366
yqjE_yqjK_yqjD_yqjC_predicted,0.5,1,1,AGAGATTCTTTCTGAATAAC,0,5209741
yqjE_yqjK_yqjD_yqjC_predicted,0.5,1,1,AGAGATGCTAAGCAATACGT,0,5231464
yqjE_yqjK_yqjD_yqjC_predicted,0.5,1,1,AGAGACACATTGCACCCAGT,0,5225036
yqjE_yqjK_yqjD_yqjC_predicted,0.5,1,1,AGACTTGGAATCGGGAACAA,0,5172216
yqjE_yqjK_yqjD_yqjC_predicted,0.5,1,1,AGACTGCTACTGTAGAGCTG,0,5192238
yqjE_yqjK_yqjD_yqjC_predicted,0.5,1,1,AGACTGAGTACGCCCAGGCA,0,5230406
yqjE_yqjK_yqjD_yqjC_predicted,0.5,1,1,AGACTACCCGGACAAGTTTG,0,5237212
yqjE_yqjK_yqjD_yqjC_predicted,0.5,1,1,AGACGTGAGCGCAAATAGAC,0,5195209
yqjE_yqjK_yqjD_yqjC_predicted,0.5,1,1,AGACGGATTCTTCGTACCCA,0,5213911
yqjE_yqjK_yqjD_yqjC_predicted,0.5,1,1,AGACCTCGCGACTAACACAC,0,5261896
yqjE_yqjK_yqjD_yqjC_predicted,0.5,1,1,AGACCGGAACACTAATGTTA,0,5233599
yqjE_yqjK_yqjD_yqjC_predicted,0.5,1,1,AGACCCGAGGCATGTGTAAT,0,5215450
yqjE_yqjK_yqjD_yqjC_predicted,0.5,1,1,AGACCATCTCTCTGTAAAGA,0,5250479
yqjE_yqjK_yqjD_yqjC_predicted,0.5,1,1,AGACCATATGCCAGGTTCGA,0,5248986
yqjE_yqjK_yqjD_yqjC_predicted,0.5,1,1,AGACCATACCGACACGTCAA,0,5208883
yqjE_yqjK_yqjD_yqjC_predicted,0.5,1,1,AGACATTACCACGAACATGA,0,5231422
yqjE_yqjK_yqjD_yqjC_predicted,0.5,1,1,AGACATGAGAGACACAACCA,0,5188725
yqjE_yqjK_yqjD_yqjC_predicted,0.5,1,1,AGACACCGTCTTCACGCTCC,0,5173928
yqjE_yqjK_yqjD_yqjC_predicted,0.5,1,1,AGACACCAGAGCAAGGGTTA,0,5206598
yqjE_yqjK_yqjD_yqjC_predicted,0.5,1,1,AGAATTCAGAGCTTCGTAAT,0,5249112
yqjE_yqjK_yqjD_yqjC_predicted,0.5,1,1,AGAATTACTCATATTCACAG,0,5196125
yqjE_yqjK_yqjD_yqjC_predicted,0.5,1,1,AGAATGGGTGCCTTCTAGGG,0,5195036
yqjE_yqjK_yqjD_yqjC_predicted,0.5,1,1,AGAATGCCCGTATTAATAAT,0,5215182
yqjE_yqjK_yqjD_yqjC_predicted,0.5,1,1,AGAATCATGTTATCCCGTGC,0,5256906
yqjE_yqjK_yqjD_yqjC_predicted,0.5,1,1,AGAATCAGTTGTACTCGCGT,0,5199136
yqjE_yqjK_yqjD_yqjC_predicted,0.5,1,1,AGAAGTTCAGTTCAAGCGTA,0,5178591
yqjE_yqjK_yqjD_yqjC_predicted,0.5,1,1,AGAAGGTATACGTTCAAAAA,0,5201581
yqjE_yqjK_yqjD_yqjC_predicted,0.5,1,1,AGAAGGCTGAATTTGGGCGA,0,5235344
yqjE_yqjK_yqjD_yqjC_predicted,0.5,1,1,AGAAGCTGATTTGCCCGAGG,0,5220973
yqjE_yqjK_yqjD_yqjC_predicted,0.5,1,1,AGAAGCGTGGTACACAAGTA,0,5238941
yqjE_yqjK_yqjD_yqjC_predicted,0.5,1,1,AGAAGATAGGGCGATATCTC,0,5192167
yqjE_yqjK_yqjD_yqjC_predicted,0.5,1,1,AGAACTGCAAGGGGCGATTT,0,5191297
yqjE_yqjK_yqjD_yqjC_predicted,0.5,1,1,AGAACCGTTCATGAGAAAAG,0,5223214
yqjE_yqjK_yqjD_yqjC_predicted,0.5,1,1,AGAAACGCACTCTCAAACCT,0,5203691
yqjE_yqjK_yqjD_yqjC_predicted,0.5,1,1,AGAAAACAAGTTCAAGGTAC,0,5197391
yqjE_yqjK_yqjD_yqjC_predicted,0.5,1,1,ACTTTGCGCATAGTCTGTTA,0,5216466
yqjE_yqjK_yqjD_yqjC_predicted,0.5,1,1,ACTTTGCGACATATGGGTGT,0,5233045
yqjE_yqjK_yqjD_yqjC_predicted,0.5,1,1,ACTTTCAAGAGAACGAAGCC,0,5233093
yqjE_yqjK_yqjD_yqjC_predicted,0.5,1,1,ACTTTAATTCATTGTCCTGT,0,5225558
yqjE_yqjK_yqjD_yqjC_predicted,0.5,1,1,ACTTGTTATCTAGACCAATC,0,5247102
yqjE_yqjK_yqjD_yqjC_predicted,0.5,1,1,ACTTGTGTTCCGTAGTATAT,0,5221845
yqjE_yqjK_yqjD_yqjC_predicted,0.5,1,1,ACTTGGTGGGCCAACACCGT,0,5233987
yqjE_yqjK_yqjD_yqjC_predicted,0.5,1,1,ACTTGAATCAACAGCGTAGA,0,5242989
yqjE_yqjK_yqjD_yqjC_predicted,0.5,1,1,ACTTCTCGCTGTGCCACGCG,0,5221771
yqjE_yqjK_yqjD_yqjC_predicted,0.5,1,1,ACTTCGGGTCGCAGGGTGCC,0,5173293
yqjE_yqjK_yqjD_yqjC_predicted,0.5,1,1,ACTTCGCTCGTCGGGGCGAG,0,5196811
yqjE_yqjK_yqjD_yqjC_predicted,0.5,1,1,ACTTCGCTAAAAGGGGGATC,0,5208881
yqjE_yqjK_yqjD_yqjC_predicted,0.5,1,1,ACTTCGCCTCCTCATACGGG,0,5232077
yqjE_yqjK_yqjD_yqjC_predicted,0.5,1,1,ACTGTGTTCCAGCTACCGAT,0,5232415
yqjE_yqjK_yqjD_yqjC_predicted,0.5,1,1,ACTGTGTTAAATAGGACCTC,0,5230769
yqjE_yqjK_yqjD_yqjC_predicted,0.5,1,1,ACTGTGGCCACTTCAAGGCG,0,5190168
yqjE_yqjK_yqjD_yqjC_predicted,0.5,1,1,ACTGTCATCAGGTTATATTC,0,5191189
yqjE_yqjK_yqjD_yqjC_predicted,0.5,1,1,ACTGTAGTTGCTGTCTCACA,0,5243667
yqjE_yqjK_yqjD_yqjC_predicted,0.5,1,1,ACTGTAATGACCTGGGGGTC,0,5171153
yqjE_yqjK_yqjD_yqjC_predicted,0.5,1,1,ACTGGGGGCTATTTAACAAG,0,5193239
yqjE_yqjK_yqjD_yqjC_predicted,0.5,1,1,ACTGGGGGATATCTTACGCA,0,5182033
yqjE_yqjK_yqjD_yqjC_predicted,0.5,1,1,ACTGGCCTACCCATTCGTAC,0,5219765
yqjE_yqjK_yqjD_yqjC_predicted,0.5,1,1,ACTGGCACTACTATGTAAAG,0,5187576
yqjE_yqjK_yqjD_yqjC_predicted,0.5,1,1,ACTGGATTCTGGAACCCCTT,0,5184903
yqjE_yqjK_yqjD_yqjC_predicted,0.5,1,1,ACTGGAGCTGGAGGCTCTGT,0,5187698
yqjE_yqjK_yqjD_yqjC_predicted,0.5,1,1,ACTGGACCATTTGCCTGGAG,0,5205390
yqjE_yqjK_yqjD_yqjC_predicted,0.5,1,1,ACTGGACAGAGAGAACGTAA,0,5238947
yqjE_yqjK_yqjD_yqjC_predicted,0.5,1,1,ACTGATATTGGAAATCATTA,0,5192114
yqjE_yqjK_yqjD_yqjC_predicted,0.5,1,1,ACTGAGGTTAATCCGTGATC,0,5179733
yqjE_yqjK_yqjD_yqjC_predicted,0.5,1,1,ACTGAGACTCATTCTATCTA,0,5226888
yqjE_yqjK_yqjD_yqjC_predicted,0.5,1,1,ACTGACACTGGCACTATGCA,0,5216497
yqjE_yqjK_yqjD_yqjC_predicted,0.5,1,1,ACTGAATCGCATAAAAAACA,0,5202456
yqjE_yqjK_yqjD_yqjC_predicted,0.5,1,1,ACTCTGATGTGCGGCTGGCT,0,5212568
yqjE_yqjK_yqjD_yqjC_predicted,0.5,1,1,ACTCTGACCAACCCTAAATC,0,5230239
yqjE_yqjK_yqjD_yqjC_predicted,0.5,1,1,ACTCTCCGACCGGGTTATCT,0,5260548
yqjE_yqjK_yqjD_yqjC_predicted,0.5,1,1,ACTCGCAGTCGAAGTCGGAG,0,5179536
yqjE_yqjK_yqjD_yqjC_predicted,0.5,1,1,ACTCCGTCCCGCCTCAATCA,0,5211495
yqjE_yqjK_yqjD_yqjC_predicted,0.5,1,1,ACTCCGGACGTGCTAAGACT,0,5192633
yqjE_yqjK_yqjD_yqjC_predicted,0.5,1,1,ACTCCGCGTAATCAGAGGTT,0,5192050
yqjE_yqjK_yqjD_yqjC_predicted,0.5,1,1,ACTCCCGGACGCGCCTAAAG,0,5172695
yqjE_yqjK_yqjD_yqjC_predicted,0.5,1,1,ACTCCCAAGTGGTAGGGGTA,0,5197716
yqjE_yqjK_yqjD_yqjC_predicted,0.5,1,1,ACTCCATGGATGTACCTTAC,0,5174169
yqjE_yqjK_yqjD_yqjC_predicted,0.5,1,1,ACTCCAGTAATAGCTTCGGT,0,5207114
yqjE_yqjK_yqjD_yqjC_predicted,0.5,1,1,ACTCCAACCGTTTTAGTGGA,0,5220787
yqjE_yqjK_yqjD_yqjC_predicted,0.5,1,1,ACTCATGCGGGGAGGACATG,0,5179777
yqjE_yqjK_yqjD_yqjC_predicted,0.5,1,1,ACTCATAGCTGGTAGCTAGT,0,5209579
yqjE_yqjK_yqjD_yqjC_predicted,0.5,1,1,ACTCAGTACGGCAGTCCATT,0,5236961
yqjE_yqjK_yqjD_yqjC_predicted,0.5,1,1,ACTCACGACATAAGTTGGAA,0,5189094
yqjE_yqjK_yqjD_yqjC_predicted,0.5,1,1,ACTCAATTTACCTCCTGTGA,0,5213861
yqjE_yqjK_yqjD_yqjC_predicted,0.5,1,1,ACTATTTCTAGCTGGACCCC,0,5207185
yqjE_yqjK_yqjD_yqjC_predicted,0.5,1,1,ACTATTGCGCGGGCGCGCCC,0,5211476
yqjE_yqjK_yqjD_yqjC_predicted,0.5,1,1,ACTATAACAATGAGAGTGGT,0,5203342
yqjE_yqjK_yqjD_yqjC_predicted,0.5,1,1,ACTAGGCGCATTTCAACGCT,0,5251143
yqjE_yqjK_yqjD_yqjC_predicted,0.5,1,1,ACTAGGACAATCTTGGTAGT,0,5238867
yqjE_yqjK_yqjD_yqjC_predicted,0.5,1,1,ACTACGGATCCGTGCGATTT,0,5234580
yqjE_yqjK_yqjD_yqjC_predicted,0.5,1,1,ACTACGCCGCTCTTACGGGT,0,5172646
yqjE_yqjK_yqjD_yqjC_predicted,0.5,1,1,ACTAAAGTCAGACAAAGGCC,0,5177519
yqjE_yqjK_yqjD_yqjC_predicted,0.5,1,1,ACTAAACTGCGTGTGGCCCT,0,5238441
yqjE_yqjK_yqjD_yqjC_predicted,0.5,1,1,ACTAAACGGGGGTACGCAAA,0,5199305
yqjE_yqjK_yqjD_yqjC_predicted,0.5,1,1,ACTAAACCCACCTAAGCCAA,0,5213728
yqjE_yqjK_yqjD_yqjC_predicted,0.5,1,1,ACTAAAATGTCCGGCTGTGC,0,5196091
yqjE_yqjK_yqjD_yqjC_predicted,0.5,1,1,ACGTTTGTCGTAAAAGCTTC,0,5185546
yqjE_yqjK_yqjD_yqjC_predicted,0.5,1,1,ACGTTTCGATGAGTTCCGTA,0,5184243
yqjE_yqjK_yqjD_yqjC_predicted,0.5,1,1,ACGTTTATGGCCACTTTGTC,0,5255959
yqjE_yqjK_yqjD_yqjC_predicted,0.5,1,1,ACGTTTAGAGCGATATAGGG,0,5233417
yqjE_yqjK_yqjD_yqjC_predicted,0.5,1,1,ACGTTGGTTGCCAAGTGGCT,0,5215845
yqjE_yqjK_yqjD_yqjC_predicted,0.5,1,1,ACGTTCACCAAAAGCCTACA,0,5259070
yqjE_yqjK_yqjD_yqjC_predicted,0.5,1,1,ACGTTACACGCAATTCCGGT,0,5253926
yqjE_yqjK_yqjD_yqjC_predicted,0.5,1,1,ACGTGGTTGATCCCTACGGT,0,5207670
yqjE_yqjK_yqjD_yqjC_predicted,0.5,1,1,ACGTGGGGGAGACTTTGCAA,0,5237852
yqjE_yqjK_yqjD_yqjC_predicted,0.5,1,1,ACGTGGATCGGTCGTTGAAT,0,5245323
yqjE_yqjK_yqjD_yqjC_predicted,0.5,1,1,ACGTGCGTGATACCGGAAGT,0,5238148
yqjE_yqjK_yqjD_yqjC_predicted,0.5,1,1,ACGTGATCTCAAGCAGCCTC,0,5256700
yqjE_yqjK_yqjD_yqjC_predicted,0.5,1,1,ACGTGAGCTTGCCGTCAACA,0,5252631
yqjE_yqjK_yqjD_yqjC_predicted,0.5,1,1,ACGTCTTCGATCGATCTACC,0,5227715
yqjE_yqjK_yqjD_yqjC_predicted,0.5,1,1,ACGTCTGATGGATGACCTCT,0,5222757
yqjE_yqjK_yqjD_yqjC_predicted,0.5,1,1,ACGTCGTAACATAAGTTCTG,0,5255794
yqjE_yqjK_yqjD_yqjC_predicted,0.5,1,1,ACGTCAGTCATGGTATAACA,0,5252962
yqjE_yqjK_yqjD_yqjC_predicted,0.5,1,1,ACGTATTATTACTGCTAGAA,0,5229106
yqjE_yqjK_yqjD_yqjC_predicted,0.5,1,1,ACGTATCCGTTCGGGACAAA,0,5192418
yqjE_yqjK_yqjD_yqjC_predicted,0.5,1,1,ACGTATCAGCATTACGCAGA,0,5218834
yqjE_yqjK_yqjD_yqjC_predicted,0.5,1,1,ACGTAGTCTCATGCGGGGGC,0,5232770
yqjE_yqjK_yqjD_yqjC_predicted,0.5,1,1,ACGTACGACTAGGCTGTTGA,0,5260271
yqjE_yqjK_yqjD_yqjC_predicted,0.5,1,1,ACGGTTTACGCGTTTTTATA,0,5230593
yqjE_yqjK_yqjD_yqjC_predicted,0.5,1,1,ACGGTTCGACCTTGGAGGAC,0,5194868
yqjE_yqjK_yqjD_yqjC_predicted,0.5,1,1,ACGGTGTGCTGGCCCCTCTT,0,5243498
yqjE_yqjK_yqjD_yqjC_predicted,0.5,1,1,ACGGTGCCATCAATCAAGGA,0,5199631
yqjE_yqjK_yqjD_yqjC_predicted,0.5,1,1,ACGGTCGCCGACCTTTGGAT,0,5225833
yqjE_yqjK_yqjD_yqjC_predicted,0.5,1,1,ACGGTAAGTGAGGTTTCACG,0,5255741
yqjE_yqjK_yqjD_yqjC_predicted,0.5,1,1,ACGGGTTCGCGGCTCGGGTG,0,5219955
yqjE_yqjK_yqjD_yqjC_predicted,0.5,1,1,ACGGGTGGTCGCCGTGCTAT,0,5196239
yqjE_yqjK_yqjD_yqjC_predicted,0.5,1,1,ACGGGGAGGGTTAACTACGT,0,5212444
yqjE_yqjK_yqjD_yqjC_predicted,0.5,1,1,ACGGGCTGACCGCTGAGTTA,0,5218173
yqjE_yqjK_yqjD_yqjC_predicted,0.5,1,1,ACGGGACAGCAGTAACACTC,0,5225260
yqjE_yqjK_yqjD_yqjC_predicted,0.5,1,1,ACGGGAACCAGATTGGAGAC,0,5192475
yqjE_yqjK_yqjD_yqjC_predicted,0.5,1,1,ACGGCTGGTAAGTGGTTCGG,0,5187108
yqjE_yqjK_yqjD_yqjC_predicted,0.5,1,1,ACGGCGGTCGTCCCCACCGC,0,5209856
yqjE_yqjK_yqjD_yqjC_predicted,0.5,1,1,ACGGCCGTTCCAGTTCGGGA,0,5205886
yqjE_yqjK_yqjD_yqjC_predicted,0.5,1,1,ACGGCATTTATAGACGGTAA,0,5239650
yqjE_yqjK_yqjD_yqjC_predicted,0.5,1,1,ACGGATAACGTGTTATGCCT,0,5190182
yqjE_yqjK_yqjD_yqjC_predicted,0.5,1,1,ACGGAGCGCGATTTGCTCGC,0,5221010
yqjE_yqjK_yqjD_yqjC_predicted,0.5,1,1,ACGGACCTCACTGTACAACT,0,5255964
yqjE_yqjK_yqjD_yqjC_predicted,0.5,1,1,ACGGAAAAAATATAGCCATT,0,5223403
yqjE_yqjK_yqjD_yqjC_predicted,0.5,1,1,ACGCTTTAGCATATGAGAAT,0,5192540
yqjE_yqjK_yqjD_yqjC_predicted,0.5,1,1,ACGCTGATATCGGCGGCCAT,0,5184196
yqjE_yqjK_yqjD_yqjC_predicted,0.5,1,1,ACGCTGAACCGGTAGCCCGT,0,5179020
yqjE_yqjK_yqjD_yqjC_predicted,0.5,1,1,ACGCTCTGTCCAGGCCGTGA,0,5212741
yqjE_yqjK_yqjD_yqjC_predicted,0.5,1,1,ACGCTAGACAACTGTCGATC,0,5245956
yqjE_yqjK_yqjD_yqjC_predicted,0.5,1,1,ACGCTACTATTTCCTACCTT,0,5198828
yqjE_yqjK_yqjD_yqjC_predicted,0.5,1,1,ACGCGTTTGGTCTATGGCGT,0,5215634
yqjE_yqjK_yqjD_yqjC_predicted,0.5,1,1,ACGCGGTCTAAGGGGCTCGG,0,5244432
yqjE_yqjK_yqjD_yqjC_predicted,0.5,1,1,ACGCGGGAGTTGGATAAGTA,0,5203628
yqjE_yqjK_yqjD_yqjC_predicted,0.5,1,1,ACGCGACTCAGGTGCATCAT,0,5254025
yqjE_yqjK_yqjD_yqjC_predicted,0.5,1,1,ACGCCTTGTCTTCGTTACCC,0,5235155
yqjE_yqjK_yqjD_yqjC_predicted,0.5,1,1,ACGCCGCTTAAGACGCTTGT,0,5230136
yqjE_yqjK_yqjD_yqjC_predicted,0.5,1,1,ACGCCCACCGAGAAAAGCAT,0,5255361
yqjE_yqjK_yqjD_yqjC_predicted,0.5,1,1,ACGCCACACTCAGGATGCAT,0,5181076
yqjE_yqjK_yqjD_yqjC_predicted,0.5,1,1,ACGCAGGTATCGTGGGCTCT,0,5181857
yqjE_yqjK_yqjD_yqjC_predicted,0.5,1,1,ACGCAGCTTGTGGAACTCCC,0,5230446
yqjE_yqjK_yqjD_yqjC_predicted,0.5,1,1,ACGCAAGCGCGTAAACGACA,0,5209112
yqjE_yqjK_yqjD_yqjC_predicted,0.5,1,1,ACGATCGAAGCGTAGCATAG,0,5234685
yqjE_yqjK_yqjD_yqjC_predicted,0.5,1,1,ACGATATGGGGATCGGACTC,0,5236453
yqjE_yqjK_yqjD_yqjC_predicted,0.5,1,1,ACGATACTTGCATGGTTACA,0,5174482
yqjE_yqjK_yqjD_yqjC_predicted,0.5,1,1,ACGAGTGGGAGCGAAATCGC,0,5209946
yqjE_yqjK_yqjD_yqjC_predicted,0.5,1,1,ACGAGTAGCTAGAAGTCCAT,0,5175188
yqjE_yqjK_yqjD_yqjC_predicted,0.5,1,1,ACGAGTAAGCCCCATGCTCG,0,5192615
yqjE_yqjK_yqjD_yqjC_predicted,0.5,1,1,ACGAGCTCGTTACAAACTCT,0,5179584
yqjE_yqjK_yqjD_yqjC_predicted,0.5,1,1,ACGAGCGTCACCCCGACCGC,0,5192362
yqjE_yqjK_yqjD_yqjC_predicted,0.5,1,1,ACGAGCGCAAGCCGCAAACG,0,5178094
yqjE_yqjK_yqjD_yqjC_predicted,0.5,1,1,ACGAGCGAACATTTGTGTCT,0,5195704
yqjE_yqjK_yqjD_yqjC_predicted,0.5,1,1,ACGAGATGGGGTTTATTCAT,0,5185926
yqjE_yqjK_yqjD_yqjC_predicted,0.5,1,1,ACGAGACCTGGTAATGTCAC,0,5218898
yqjE_yqjK_yqjD_yqjC_predicted,0.5,1,1,ACGACTCAGTGCTGGTCATG,0,5231061
yqjE_yqjK_yqjD_yqjC_predicted,0.5,1,1,ACGACGCGCCACCATTCGTC,0,5236360
yqjE_yqjK_yqjD_yqjC_predicted,0.5,1,1,ACGACGATTATAACGCACAA,0,5184342
yqjE_yqjK_yqjD_yqjC_predicted,0.5,1,1,ACGACGAGACGAAGTAGCGC,0,5192196
yqjE_yqjK_yqjD_yqjC_predicted,0.5,1,1,ACGACCTGTTGGGGCCCTAG,0,5215030
yqjE_yqjK_yqjD_yqjC_predicted,0.5,1,1,ACGACCTCTCCACCTCGACG,0,5184810
yqjE_yqjK_yqjD_yqjC_predicted,0.5,1,1,ACGACCTCGACAGGTGTTGC,0,5205280
yqjE_yqjK_yqjD_yqjC_predicted,0.5,1,1,ACGACAATGGCCCACATGCT,0,5172504
yqjE_yqjK_yqjD_yqjC_predicted,0.5,1,1,ACGAATTCTTGCGTATATTG,0,5251109
yqjE_yqjK_yqjD_yqjC_predicted,0.5,1,1,ACGAATCGTTCCGCAGGTGC,0,5254802
yqjE_yqjK_yqjD_yqjC_predicted,0.5,1,1,ACGAATAGAGCAGCTTAAAC,0,5242819
yqjE_yqjK_yqjD_yqjC_predicted,0.5,1,1,ACGAACTGTTTCTTAATTTA,0,5186852
yqjE_yqjK_yqjD_yqjC_predicted,0.5,1,1,ACGAACTCGTTCCATTACCC,0,5233603
yqjE_yqjK_yqjD_yqjC_predicted,0.5,1,1,ACGAAAGGTGGGGGTGTTTT,0,5203912
yqjE_yqjK_yqjD_yqjC_predicted,0.5,1,1,ACCTTTCGTACTCAGTTCTC,0,5247809
yqjE_yqjK_yqjD_yqjC_predicted,0.5,1,1,ACCTTCTTGAAGATCATCGC,0,5262474
yqjE_yqjK_yqjD_yqjC_predicted,0.5,1,1,ACCTTAACTCAGCTGTGGAT,0,5243502
yqjE_yqjK_yqjD_yqjC_predicted,0.5,1,1,ACCTGTGCGTAATGGTCAAC,0,5220055
yqjE_yqjK_yqjD_yqjC_predicted,0.5,1,1,ACCTGTGATGACAACGGTCT,0,5178617
yqjE_yqjK_yqjD_yqjC_predicted,0.5,1,1,ACCTGTAATCGGGAGGCGCG,0,5222794
yqjE_yqjK_yqjD_yqjC_predicted,0.5,1,1,ACCTGGGCGTCCAGGGCCTT,0,5259586
yqjE_yqjK_yqjD_yqjC_predicted,0.5,1,1,ACCTGGCTGAAAACCGCCCA,0,5173642
yqjE_yqjK_yqjD_yqjC_predicted,0.5,1,1,ACCTGGCAGGGGTGGGATGC,0,5190156
yqjE_yqjK_yqjD_yqjC_predicted,0.5,1,1,ACCTGCCCGTTCCTTGGATC,0,5199654
yqjE_yqjK_yqjD_yqjC_predicted,0.5,1,1,ACCTCGGACGAGTTGGCACC,0,5230926
yqjE_yqjK_yqjD_yqjC_predicted,0.5,1,1,ACCTAGCTCGCATGGTCGCA,0,5178623
yqjE_yqjK_yqjD_yqjC_predicted,0.5,1,1,ACCTAAAAACTCCATGCTTG,0,5178710
yqjE_yqjK_yqjD_yqjC_predicted,0.5,1,1,ACCTAAAAACGAGCAAGGCA,0,5230737
yqjE_yqjK_yqjD_yqjC_predicted,0.5,1,1,ACCGTCGGCAGTATTTCGGG,0,5220493
yqjE_yqjK_yqjD_yqjC_predicted,0.5,1,1,ACCGTACAGGGACTCAGTGA,0,5248738
yqjE_yqjK_yqjD_yqjC_predicted,0.5,1,1,ACCGGTGGTCACATCATACA,0,5170948
yqjE_yqjK_yqjD_yqjC_predicted,0.5,1,1,ACCGGGGAAAACGTTTTATT,0,5245373
yqjE_yqjK_yqjD_yqjC_predicted,0.5,1,1,ACCGGGCTGGTGCCTGATCA,0,5195425
yqjE_yqjK_yqjD_yqjC_predicted,0.5,1,1,ACCGGCGTTCGTTTTCCATA,0,5228130
yqjE_yqjK_yqjD_yqjC_predicted,0.5,1,1,ACCGCTATCCTATAGTTTTA,0,5203539
yqjE_yqjK_yqjD_yqjC_predicted,0.5,1,1,ACCGCGTTACCCTGAGATAG,0,5175991
yqjE_yqjK_yqjD_yqjC_predicted,0.5,1,1,ACCGCGCTGCGTCCGCTGGA,0,5195284
yqjE_yqjK_yqjD_yqjC_predicted,0.5,1,1,ACCGCAGAATCTTCCTTCCC,0,5193071
yqjE_yqjK_yqjD_yqjC_predicted,0.5,1,1,ACCGAGGTGCTACCATCTAT,0,5259673
yqjE_yqjK_yqjD_yqjC_predicted,0.5,1,1,ACCGAGCTAACAGTATCATC,0,5238881
yqjE_yqjK_yqjD_yqjC_predicted,0.5,1,1,ACCGAACTAACTGCCAGTTC,0,5241722
yqjE_yqjK_yqjD_yqjC_predicted,0.5,1,1,ACCCTCCTCTCGCCTTTCTG,0,5214685
yqjE_yqjK_yqjD_yqjC_predicted,0.5,1,1,ACCCGCAGACAACACTACGG,0,5223580
yqjE_yqjK_yqjD_yqjC_predicted,0.5,1,1,ACCCGCAACGTGACTGTACG,0,5188421
yqjE_yqjK_yqjD_yqjC_predicted,0.5,1,1,ACCCGCAACCCTGTTTTTGC,0,5208934
yqjE_yqjK_yqjD_yqjC_predicted,0.5,1,1,ACCCGAGCCACGTTGAGTCT,0,5180684
yqjE_yqjK_yqjD_yqjC_predicted,0.5,1,1,ACCCGACGATGCTCTACTAT,0,5217119
yqjE_yqjK_yqjD_yqjC_predicted,0.5,1,1,ACCCCTCAGCAGTACTTACT,0,5222325
yqjE_yqjK_yqjD_yqjC_predicted,0.5,1,1,ACCCATGCTTTAGTCCTCAT,0,5261070
yqjE_yqjK_yqjD_yqjC_predicted,0.5,1,1,ACCCAATTCCCGCTAAAAAC,0,5261479
yqjE_yqjK_yqjD_yqjC_predicted,0.5,1,1,ACCCAAGGCATTGCACTACT,0,5221875
yqjE_yqjK_yqjD_yqjC_predicted,0.5,1,1,ACCCAACGCTAGGGACGTTG,0,5259882
yqjE_yqjK_yqjD_yqjC_predicted,0.5,1,1,ACCCAAATCTGTTCCAGGCT,0,5220552
yqjE_yqjK_yqjD_yqjC_predicted,0.5,1,1,ACCATTTATTATGCTGGGCA,0,5233256
yqjE_yqjK_yqjD_yqjC_predicted,0.5,1,1,ACCATGAGTATATCCTATTT,0,5198452
yqjE_yqjK_yqjD_yqjC_predicted,0.5,1,1,ACCATCTGTTCGGACGCCTT,0,5237194
yqjE_yqjK_yqjD_yqjC_predicted,0.5,1,1,ACCAGCCAGGAGCTCAGATT,0,5205522
yqjE_yqjK_yqjD_yqjC_predicted,0.5,1,1,ACCAGATGGTCGGGACTTAT,0,5207591
yqjE_yqjK_yqjD_yqjC_predicted,0.5,1,1,ACCAGAAATGGTGGAGGCAC,0,5180518
yqjE_yqjK_yqjD_yqjC_predicted,0.5,1,1,ACCACTTGCCGGGAATCGGC,0,5190924
yqjE_yqjK_yqjD_yqjC_predicted,0.5,1,1,ACCACTGTGATTGTGAGGAT,0,5181031
yqjE_yqjK_yqjD_yqjC_predicted,0.5,1,1,ACCACTATCCTGCACAAAGA,0,5253702
yqjE_yqjK_yqjD_yqjC_predicted,0.5,1,1,ACCACCTGTGTAAGTTTATT,0,5193956
yqjE_yqjK_yqjD_yqjC_predicted,0.5,1,1,ACCACAGCTCCGTAAGTATC,0,5248475
yqjE_yqjK_yqjD_yqjC_predicted,0.5,1,1,ACCAAGGCCCACAGCAACGA,0,5244705
yqjE_yqjK_yqjD_yqjC_predicted,0.5,1,1,ACATTTGTCCGCTGTGGGTC,0,5193594
yqjE_yqjK_yqjD_yqjC_predicted,0.5,1,1,ACATTCCGGGTAATTATGTT,0,5221432
yqjE_yqjK_yqjD_yqjC_predicted,0.5,1,1,ACATTCCAAAGCTAGCACTC,0,5259135
yqjE_yqjK_yqjD_yqjC_predicted,0.5,1,1,ACATTAGCTTTTTTCTCTTT,0,5183154
yqjE_yqjK_yqjD_yqjC_predicted,0.5,1,1,ACATGTCCCATAATATATTT,0,5219270
yqjE_yqjK_yqjD_yqjC_predicted,0.5,1,1,ACATGGACGGACTGCACACT,0,5227348
yqjE_yqjK_yqjD_yqjC_predicted,0.5,1,1,ACATGAACACAGCCGAATAC,0,5260157
yqjE_yqjK_yqjD_yqjC_predicted,0.5,1,1,ACATCTATGTTTCGGATAAC,0,5245892
yqjE_yqjK_yqjD_yqjC_predicted,0.5,1,1,ACATCATGGGCCACTATGTC,0,5238596
yqjE_yqjK_yqjD_yqjC_predicted,0.5,1,1,ACATCACTACTAATGTTAAA,0,5217589
yqjE_yqjK_yqjD_yqjC_predicted,0.5,1,1,ACATATTGTCCCGGCTCCGA,0,5229137
yqjE_yqjK_yqjD_yqjC_predicted,0.5,1,1,ACATATTCGGCGCGCTTTCC,0,5254084
yqjE_yqjK_yqjD_yqjC_predicted,0.5,1,1,ACATATGATACTTCTCGTGT,0,5178029
yqjE_yqjK_yqjD_yqjC_predicted,0.5,1,1,ACATATCTATTAAAGTGCTA,0,5254830
yqjE_yqjK_yqjD_yqjC_predicted,0.5,1,1,ACATATACATCCACACGTTA,0,5211646
yqjE_yqjK_yqjD_yqjC_predicted,0.5,1,1,ACATAACCCGCAGATGAACA,0,5207100
yqjE_yqjK_yqjD_yqjC_predicted,0.5,1,1,ACAGTCGGTCAGGCTCAGAA,0,5226680
yqjE_yqjK_yqjD_yqjC_predicted,0.5,1,1,ACAGGTTCCACAGGCCACTT,0,5209939
yqjE_yqjK_yqjD_yqjC_predicted,0.5,1,1,ACAGGTTACTTTACTGATGA,0,5199171
yqjE_yqjK_yqjD_yqjC_predicted,0.5,1,1,ACAGGGTTCTCGCTAGGTGT,0,5195705
yqjE_yqjK_yqjD_yqjC_predicted,0.5,1,1,ACAGGGGTAAGGTGCAGTCG,0,5228790
yqjE_yqjK_yqjD_yqjC_predicted,0.5,1,1,ACAGGCATTCAGCAATGATT,0,5240079
yqjE_yqjK_yqjD_yqjC_predicted,0.5,1,1,ACAGGCACAGGTAATACGAG,0,5206204
yqjE_yqjK_yqjD_yqjC_predicted,0.5,1,1,ACAGGAGTTCCTCCTATATG,0,5254899
yqjE_yqjK_yqjD_yqjC_predicted,0.5,1,1,ACAGGAACATAATAGGGGAC,0,5254687
yqjE_yqjK_yqjD_yqjC_predicted,0.5,1,1,ACAGCTTACGGTCCTACTAA,0,5256562
yqjE_yqjK_yqjD_yqjC_predicted,0.5,1,1,ACAGCGTCTCCTGTACAGTC,0,5212142
yqjE_yqjK_yqjD_yqjC_predicted,0.5,1,1,ACAGCGGCCAAGACGGAAAA,0,5257450
yqjE_yqjK_yqjD_yqjC_predicted,0.5,1,1,ACAGCGCGTTCATGCCCACT,0,5185350
yqjE_yqjK_yqjD_yqjC_predicted,0.5,1,1,ACAGCGCGTCAAACGGAAAT,0,5206504
yqjE_yqjK_yqjD_yqjC_predicted,0.5,1,1,ACAGCGACTTTAACTAATCG,0,5191865
yqjE_yqjK_yqjD_yqjC_predicted,0.5,1,1,ACAGCACGCCGTCCCACTGC,0,5233660
yqjE_yqjK_yqjD_yqjC_predicted,0.5,1,1,ACAGATTCAATGCACCACGT,0,5176981
yqjE_yqjK_yqjD_yqjC_predicted,0.5,1,1,ACAGATCTTGTTAATTACCC,0,5204159
yqjE_yqjK_yqjD_yqjC_predicted,0.5,1,1,ACAGACCGCATGTATTATGG,0,5209004
yqjE_yqjK_yqjD_yqjC_predicted,0.5,1,1,ACAGACAGGATTAGACTACG,0,5175913
yqjE_yqjK_yqjD_yqjC_predicted,0.5,1,1,ACAGAAAACAATTAATCGGG,0,5220122
yqjE_yqjK_yqjD_yqjC_predicted,0.5,1,1,ACACTTAGCGGATGATATTA,0,5207241
yqjE_yqjK_yqjD_yqjC_predicted,0.5,1,1,ACACTGGTAAGCAAGAGCGC,0,5206625
yqjE_yqjK_yqjD_yqjC_predicted,0.5,1,1,ACACTCCGGAACTTATGATT,0,5221162
yqjE_yqjK_yqjD_yqjC_predicted,0.5,1,1,ACACTCATGGCTAAGCTGAA,0,5177804
yqjE_yqjK_yqjD_yqjC_predicted,0.5,1,1,ACACGTGGCAAACTGTCAAC,0,5222397
yqjE_yqjK_yqjD_yqjC_predicted,0.5,1,1,ACACGTGATATTCTCTTCTT,0,5212351
yqjE_yqjK_yqjD_yqjC_predicted,0.5,1,1,ACACGTATGTCTGACGTCTG,0,5185925
yqjE_yqjK_yqjD_yqjC_predicted,0.5,1,1,ACACGCTTCAGATACCGAGT,0,5186527
yqjE_yqjK_yqjD_yqjC_predicted,0.5,1,1,ACACGCCCAGGCCTTAAGCA,0,5221573
yqjE_yqjK_yqjD_yqjC_predicted,0.5,1,1,ACACGAAACGGTACTTAATC,0,5229999
yqjE_yqjK_yqjD_yqjC_predicted,0.5,1,1,ACACCGCGAACCTAATGAGC,0,5175764
yqjE_yqjK_yqjD_yqjC_predicted,0.5,1,1,ACACCGATACTGGTATCCGT,0,5232180
yqjE_yqjK_yqjD_yqjC_predicted,0.5,1,1,ACACCCTTTCTAACCCACAT,0,5208986
yqjE_yqjK_yqjD_yqjC_predicted,0.5,1,1,ACACCCGTGTTAATGAGGAC,0,5255802
yqjE_yqjK_yqjD_yqjC_predicted,0.5,1,1,ACACCCATTATGATTATCCT,0,5197465
yqjE_yqjK_yqjD_yqjC_predicted,0.5,1,1,ACACCACAGATCCAATAACG,0,5231393
yqjE_yqjK_yqjD_yqjC_predicted,0.5,1,1,ACACAGTGAGCCACCCATAG,0,5245411
yqjE_yqjK_yqjD_yqjC_predicted,0.5,1,1,ACACAGAGATTTAGGCTACC,0,5174241
yqjE_yqjK_yqjD_yqjC_predicted,0.5,1,1,ACACACAGTGGTGTGTATGA,0,5191846
yqjE_yqjK_yqjD_yqjC_predicted,0.5,1,1,ACACAAGAGGAGGCCTTCCC,0,5188594
yqjE_yqjK_yqjD_yqjC_predicted,0.5,1,1,ACAAGGTGTCCTACCGGGTT,0,5206515
yqjE_yqjK_yqjD_yqjC_predicted,0.5,1,1,ACAAGAGTTCCACATGGGGT,0,5261060
yqjE_yqjK_yqjD_yqjC_predicted,0.5,1,1,ACAACTTGGATCAGCTTTGG,0,5214939
yqjE_yqjK_yqjD_yqjC_predicted,0.5,1,1,ACAACGTCTGGATGTTCCTG,0,5250174
yqjE_yqjK_yqjD_yqjC_predicted,0.5,1,1,ACAACCGGTCACCTTATTCA,0,5252390
yqjE_yqjK_yqjD_yqjC_predicted,0.5,1,1,ACAACAAGTCCGGATCGTGT,0,5221949
yqjE_yqjK_yqjD_yqjC_predicted,0.5,1,1,ACAAAGGACAGCCAGGCGCA,0,5171101
yqjE_yqjK_yqjD_yqjC_predicted,0.5,1,1,ACAAAGAAGACCTTGGGGCA,0,5194299
yqjE_yqjK_yqjD_yqjC_predicted,0.5,1,1,ACAAACTTCACGCGTTTATA,0,5185522
yqjE_yqjK_yqjD_yqjC_predicted,0.5,1,1,ACAAACCGGCAGTAGAGGTT,0,5253364
yqjE_yqjK_yqjD_yqjC_predicted,0.5,1,1,AATTTGCGCTGGACTTCATG,0,5216964
yqjE_yqjK_yqjD_yqjC_predicted,0.5,1,1,AATTTCCCTTGACACATCCC,0,5186195
yqjE_yqjK_yqjD_yqjC_predicted,0.5,1,1,AATTTATTTTGTTCTTCTGT,0,5237775
yqjE_yqjK_yqjD_yqjC_predicted,0.5,1,1,AATTGTTTTATCTGCTGGAT,0,5225392
yqjE_yqjK_yqjD_yqjC_predicted,0.5,1,1,AATTCTCGTAGGGGTAGTCA,0,5208000
yqjE_yqjK_yqjD_yqjC_predicted,0.5,1,1,AATTCTAGGATCTATAGGAA,0,5258950
yqjE_yqjK_yqjD_yqjC_predicted,0.5,1,1,AATTCATGTTCCACCCCTTG,0,5199009
yqjE_yqjK_yqjD_yqjC_predicted,0.5,1,1,AATTCAGTGTCATACAAGAC,0,5199895
yqjE_yqjK_yqjD_yqjC_predicted,0.5,1,1,AATTATGGGCAATCGAACGA,0,5205274
yqjE_yqjK_yqjD_yqjC_predicted,0.5,1,1,AATTATGCAAATAGGAGTCT,0,5215388
yqjE_yqjK_yqjD_yqjC_predicted,0.5,1,1,AATGGCGTAACTACGTAACT,0,5252065
yqjE_yqjK_yqjD_yqjC_predicted,0.5,1,1,AATGGACGTTACGTAGCCGT,0,5229859
yqjE_yqjK_yqjD_yqjC_predicted,0.5,1,1,AATGCTTAAAGGAGTTGGGT,0,5192175
yqjE_yqjK_yqjD_yqjC_predicted,0.5,1,1,AATGCAGTACTGGACAGTCT,0,5242747
yqjE_yqjK_yqjD_yqjC_predicted,0.5,1,1,AATGCACAGGCTCCAGAGTG,0,5194522
yqjE_yqjK_yqjD_yqjC_predicted,0.5,1,1,AATGATGATTGAACTCACCT,0,5223411
yqjE_yqjK_yqjD_yqjC_predicted,0.5,1,1,AATGATCTGCCCCGCCCGTG,0,5198486
yqjE_yqjK_yqjD_yqjC_predicted,0.5,1,1,AATGAGTGGGTGCAGACATT,0,5183125
yqjE_yqjK_yqjD_yqjC_predicted,0.5,1,1,AATCTTCGTGGGGTACGGGA,0,5254857
yqjE_yqjK_yqjD_yqjC_predicted,0.5,1,1,AATCTGTCCTGAGGCAGGTG,0,5248661
yqjE_yqjK_yqjD_yqjC_predicted,0.5,1,1,AATCTCTAAGGATGGCCTCC,0,5216656
yqjE_yqjK_yqjD_yqjC_predicted,0.5,1,1,AATCTCGTGATCACAGCTTA,0,5210483
yqjE_yqjK_yqjD_yqjC_predicted,0.5,1,1,AATCGGTAAATGACCAGAAC,0,5202275
yqjE_yqjK_yqjD_yqjC_predicted,0.5,1,1,AATCGGCGTCTTTATGACCT,0,5196925
yqjE_yqjK_yqjD_yqjC_predicted,0.5,1,1,AATCCTACTTTAAATGTTCC,0,5195615
yqjE_yqjK_yqjD_yqjC_predicted,0.5,1,1,AATCCGCCAATCGAAGCACC,0,5180631
yqjE_yqjK_yqjD_yqjC_predicted,0.5,1,1,AATCATGTGGTTGAGATTGG,0,5173502
yqjE_yqjK_yqjD_yqjC_predicted,0.5,1,1,AATCATCACGCCTCGTATGA,0,5207671
yqjE_yqjK_yqjD_yqjC_predicted,0.5,1,1,AATCACGACATGTTTCCGTC,0,5197743
yqjE_yqjK_yqjD_yqjC_predicted,0.5,1,1,AATATGACGCGTGATATCAA,0,5240524
yqjE_yqjK_yqjD_yqjC_predicted,0.5,1,1,AATATGAAAAGATTTTTTTG,0,5212093
yqjE_yqjK_yqjD_yqjC_predicted,0.5,1,1,AATATATGCTGCATGAGCAA,0,5251101
yqjE_yqjK_yqjD_yqjC_predicted,0.5,1,1,AATAGTCATCTGTCCGTCTG,0,5209324
yqjE_yqjK_yqjD_yqjC_predicted,0.5,1,1,AATAGTAGACATTTCCTCTC,0,5243797
yqjE_yqjK_yqjD_yqjC_predicted,0.5,1,1,AATAGTAACCTAGCCCGATC,0,5206223
yqjE_yqjK_yqjD_yqjC_predicted,0.5,1,1,AATAGGGCGTGCCTATGTTC,0,5245075
yqjE_yqjK_yqjD_yqjC_predicted,0.5,1,1,AATAGCCGACCTCGCCCGGA,0,5227088
yqjE_yqjK_yqjD_yqjC_predicted,0.5,1,1,AATAGAATGCCCAGAAAGCC,0,5186793
yqjE_yqjK_yqjD_yqjC_predicted,0.5,1,1,AATACTTGCTACCCACACTT,0,5247986
yqjE_yqjK_yqjD_yqjC_predicted,0.5,1,1,AATACGTCAAAAATATTTGG,0,5256318
yqjE_yqjK_yqjD_yqjC_predicted,0.5,1,1,AATACGGGCATTGAGGCTTC,0,5223852
yqjE_yqjK_yqjD_yqjC_predicted,0.5,1,1,AATACGAACGCCGAGACGAT,0,5195764
yqjE_yqjK_yqjD_yqjC_predicted,0.5,1,1,AATACAGGTTGAAACTCGGG,0,5209642
yqjE_yqjK_yqjD_yqjC_predicted,0.5,1,1,AATACAAAATGGTTGCGGGA,0,5190055
yqjE_yqjK_yqjD_yqjC_predicted,0.5,1,1,AATAAGTTCTCATCTATGTT,0,5254938
yqjE_yqjK_yqjD_yqjC_predicted,0.5,1,1,AATAAGTGTTCGGGACTGAT,0,5228972
yqjE_yqjK_yqjD_yqjC_predicted,0.5,1,1,AATAAGGCAGGGCTCGATCC,0,5234477
yqjE_yqjK_yqjD_yqjC_predicted,0.5,1,1,AAGTTTGCAAGCAACGATTT,0,5257778
yqjE_yqjK_yqjD_yqjC_predicted,0.5,1,1,AAGTTGAGGAGTTACCTAGC,0,5225668
yqjE_yqjK_yqjD_yqjC_predicted,0.5,1,1,AAGTTAGGAGTCAATCGAAG,0,5181792
yqjE_yqjK_yqjD_yqjC_predicted,0.5,1,1,AAGTTACATACCTCGTTTAG,0,5187206
yqjE_yqjK_yqjD_yqjC_predicted,0.5,1,1,AAGTTAAACAAGGGTGCCGT,0,5174330
yqjE_yqjK_yqjD_yqjC_predicted,0.5,1,1,AAGTGGTACTCATCGGCGAA,0,5260860
yqjE_yqjK_yqjD_yqjC_predicted,0.5,1,1,AAGTGGAAACGTAAAACTAT,0,5176464
yqjE_yqjK_yqjD_yqjC_predicted,0.5,1,1,AAGTCCTTGTAACGGTCCGG,0,5188380
yqjE_yqjK_yqjD_yqjC_predicted,0.5,1,1,AAGTAGAGCAGTATTTTGCG,0,5185534
yqjE_yqjK_yqjD_yqjC_predicted,0.5,1,1,AAGTACCCGGGTGAAGCCCT,0,5181214
yqjE_yqjK_yqjD_yqjC_predicted,0.5,1,1,AAGTAAATCATTGAGAATGC,0,5253901
yqjE_yqjK_yqjD_yqjC_predicted,0.5,1,1,AAGGTTATCAGTCTTAACGA,0,5214845
yqjE_yqjK_yqjD_yqjC_predicted,0.5,1,1,AAGGTTAGGTTCATCGCGTC,0,5185530
yqjE_yqjK_yqjD_yqjC_predicted,0.5,1,1,AAGGGTTCGTCGGTGGTTTT,0,5198146
yqjE_yqjK_yqjD_yqjC_predicted,0.5,1,1,AAGGGTGCATTGTCCGATCC,0,5171920
yqjE_yqjK_yqjD_yqjC_predicted,0.5,1,1,AAGGGGATTGCCACATTTCA,0,5240468
yqjE_yqjK_yqjD_yqjC_predicted,0.5,1,1,AAGGGGACGTGTGCCCGGTC,0,5186955
yqjE_yqjK_yqjD_yqjC_predicted,0.5,1,1,AAGGCTGCTTCAGCCAGGGG,0,5204063
yqjE_yqjK_yqjD_yqjC_predicted,0.5,1,1,AAGGCTGCGTATATGAAGCT,0,5231435
yqjE_yqjK_yqjD_yqjC_predicted,0.5,1,1,AAGGCTCGCGCCGGTGCCCA,0,5231357
yqjE_yqjK_yqjD_yqjC_predicted,0.5,1,1,AAGGCGCCCAGGCCGCTCGT,0,5195935
yqjE_yqjK_yqjD_yqjC_predicted,0.5,1,1,AAGGCCCAACATTAGGAATT,0,5244984
yqjE_yqjK_yqjD_yqjC_predicted,0.5,1,1,AAGGAAGGGGTTGGCGGATC,0,5224754
yqjE_yqjK_yqjD_yqjC_predicted,0.5,1,1,AAGCTTTCACTTCGGCGGCA,0,5182947
yqjE_yqjK_yqjD_yqjC_predicted,0.5,1,1,AAGCTTGAAATACCTCAACC,0,5183873
yqjE_yqjK_yqjD_yqjC_predicted,0.5,1,1,AAGCTTCGTAGCTACTAATG,0,5194721
yqjE_yqjK_yqjD_yqjC_predicted,0.5,1,1,AAGCTCCATTTGGGCCTTGA,0,5173143
yqjE_yqjK_yqjD_yqjC_predicted,0.5,1,1,AAGCTCCAATGTTCGAACTC,0,5250575
yqjE_yqjK_yqjD_yqjC_predicted,0.5,1,1,AAGCTCACGTTAACGTGACT,0,5188426
yqjE_yqjK_yqjD_yqjC_predicted,0.5,1,1,AAGCGTCTGCAACGGCGCGA,0,5176189
yqjE_yqjK_yqjD_yqjC_predicted,0.5,1,1,AAGCGTCATTAGCACGGTTG,0,5186287
yqjE_yqjK_yqjD_yqjC_predicted,0.5,1,1,AAGCGTACATAATGCATAGA,0,5239500
yqjE_yqjK_yqjD_yqjC_predicted,0.5,1,1,AAGCGCTCCGTGTTCACTGT,0,5255879
yqjE_yqjK_yqjD_yqjC_predicted,0.5,1,1,AAGCGCATAGGTGTGTCGGT,0,5232918
yqjE_yqjK_yqjD_yqjC_predicted,0.5,1,1,AAGCCTGGAGAGTGGCCCGT,0,5216759
yqjE_yqjK_yqjD_yqjC_predicted,0.5,1,1,AAGCCTACCGCCCAACTTGA,0,5217172
yqjE_yqjK_yqjD_yqjC_predicted,0.5,1,1,AAGCCGGTATTCTGTCCGGC,0,5211005
yqjE_yqjK_yqjD_yqjC_predicted,0.5,1,1,AAGCCCTGTTATCTGTACAT,0,5223483
yqjE_yqjK_yqjD_yqjC_predicted,0.5,1,1,AAGCAGATATCCAGGCGGAC,0,5175756
yqjE_yqjK_yqjD_yqjC_predicted,0.5,1,1,AAGCAACGTTCGATGACTTC,0,5173329
yqjE_yqjK_yqjD_yqjC_predicted,0.5,1,1,AAGCAAAGAGCGAGGGCGAA,0,5182431
yqjE_yqjK_yqjD_yqjC_predicted,0.5,1,1,AAGCAAACGACTAAAAGAAT,0,5212392
yqjE_yqjK_yqjD_yqjC_predicted,0.5,1,1,AAGATGCACCCTGGCTCTTT,0,5181979
yqjE_yqjK_yqjD_yqjC_predicted,0.5,1,1,AAGATCCTTACAATCACTAC,0,5173421
yqjE_yqjK_yqjD_yqjC_predicted,0.5,1,1,AAGATCCGCATCGATAGGAT,0,5242417
yqjE_yqjK_yqjD_yqjC_predicted,0.5,1,1,AAGATAGGAGACTAGACATA,0,5224357
yqjE_yqjK_yqjD_yqjC_predicted,0.5,1,1,AAGATAGATACGGAGCGGCT,0,5247331
yqjE_yqjK_yqjD_yqjC_predicted,0.5,1,1,AAGAGACTGAAGTTTATATT,0,5228947
yqjE_yqjK_yqjD_yqjC_predicted,0.5,1,1,AAGACTTACTACCGATCTCA,0,5186497
yqjE_yqjK_yqjD_yqjC_predicted,0.5,1,1,AAGACGTTGTAGATGTCACA,0,5241673
yqjE_yqjK_yqjD_yqjC_predicted,0.5,1,1,AAGACGGGCTAGAGTGGTCT,0,5208049
yqjE_yqjK_yqjD_yqjC_predicted,0.5,1,1,AAGACGCGTTGCAGCGGGAT,0,5253710
yqjE_yqjK_yqjD_yqjC_predicted,0.5,1,1,AAGACCTCGACGGCGCAAAT,0,5190060
yqjE_yqjK_yqjD_yqjC_predicted,0.5,1,1,AAGACCAGATTTGTGTAGCG,0,5184259
yqjE_yqjK_yqjD_yqjC_predicted,0.5,1,1,AAGACAGCGTCGCGAACAGC,0,5228112
yqjE_yqjK_yqjD_yqjC_predicted,0.5,1,1,AAGAATCTTATGCGATATTC,0,5237893
yqjE_yqjK_yqjD_yqjC_predicted,0.5,1,1,AAGAAGTGCTCTAGAAAAAG,0,5170879
yqjE_yqjK_yqjD_yqjC_predicted,0.5,1,1,AAGAAGGCTATGTATCGGGA,0,5256355
yqjE_yqjK_yqjD_yqjC_predicted,0.5,1,1,AAGAACTTTTTGATCACTTC,0,5222238
yqjE_yqjK_yqjD_yqjC_predicted,0.5,1,1,AAGAAATAAACGATGTATGA,0,5175496
yqjE_yqjK_yqjD_yqjC_predicted,0.5,1,1,AACTTGTACGGTTATCAGCA,0,5242945
yqjE_yqjK_yqjD_yqjC_predicted,0.5,1,1,AACTTGGCGGAACCTTAGCC,0,5208276
yqjE_yqjK_yqjD_yqjC_predicted,0.5,1,1,AACTTGCCGTAACCGCCTTA,0,5248471
yqjE_yqjK_yqjD_yqjC_predicted,0.5,1,1,AACTTACCCGTCTCCGATCT,0,5180957
yqjE_yqjK_yqjD_yqjC_predicted,0.5,1,1,AACTTACCCAAAACAAATTA,0,5258975
yqjE_yqjK_yqjD_yqjC_predicted,0.5,1,1,AACTGTATTTTACACTCGGT,0,5196808
yqjE_yqjK_yqjD_yqjC_predicted,0.5,1,1,AACTGGCCTACGGATGCAAG,0,5224025
yqjE_yqjK_yqjD_yqjC_predicted,0.5,1,1,AACTGGACCCAGACGCGCTG,0,5194087
yqjE_yqjK_yqjD_yqjC_predicted,0.5,1,1,AACTGCGAAGAGTAGGCTAA,0,5216770
yqjE_yqjK_yqjD_yqjC_predicted,0.5,1,1,AACTCTCCTCAACTGCTTCC,0,5199706
yqjE_yqjK_yqjD_yqjC_predicted,0.5,1,1,AACTCCTTGAGTAGCGCAGC,0,5261080
yqjE_yqjK_yqjD_yqjC_predicted,0.5,1,1,AACTCCACGGTTGTAGACAC,0,5255220
yqjE_yqjK_yqjD_yqjC_predicted,0.5,1,1,AACTCAGAGGCGCTTATCTT,0,5222267
yqjE_yqjK_yqjD_yqjC_predicted,0.5,1,1,AACTATGAACAGTCGGGTGT,0,5249531
yqjE_yqjK_yqjD_yqjC_predicted,0.5,1,1,AACTACGGTAAACCCACGCA,0,5199425
yqjE_yqjK_yqjD_yqjC_predicted,0.5,1,1,AACGTTTAATTTGATGACGA,0,5245042
yqjE_yqjK_yqjD_yqjC_predicted,0.5,1,1,AACGTCTTGCATGGATTTTA,0,5230298
yqjE_yqjK_yqjD_yqjC_predicted,0.5,1,1,AACGTATAAGTGTAGCTCTC,0,5215066
yqjE_yqjK_yqjD_yqjC_predicted,0.5,1,1,AACGGTGTCCTTCAGTACAG,0,5244355
yqjE_yqjK_yqjD_yqjC_predicted,0.5,1,1,AACGGTGAACGACCGCTGAA,0,5248763
yqjE_yqjK_yqjD_yqjC_predicted,0.5,1,1,AACGGTATGTCATAAGCCCT,0,5187844
yqjE_yqjK_yqjD_yqjC_predicted,0.5,1,1,AACGGTATAATCACAGGTTT,0,5261933
yqjE_yqjK_yqjD_yqjC_predicted,0.5,1,1,AACGGGGTATCAGGCACATT,0,5248784
yqjE_yqjK_yqjD_yqjC_predicted,0.5,1,1,AACGGGGAATCTCGAACTAA,0,5218071
yqjE_yqjK_yqjD_yqjC_predicted,0.5,1,1,AACGGGACACAAGGGAAAAC,0,5173321
yqjE_yqjK_yqjD_yqjC_predicted,0.5,1,1,AACGGCGCCAGCTAGGACTG,0,5231544
yqjE_yqjK_yqjD_yqjC_predicted,0.5,1,1,AACGGCCGCGCGATCATCGT,0,5255709
yqjE_yqjK_yqjD_yqjC_predicted,0.5,1,1,AACGGCCAGGTGTGTCTGGC,0,5237027
yqjE_yqjK_yqjD_yqjC_predicted,0.5,1,1,AACGCTGTAAGCGGCAGGCG,0,5207834
yqjE_yqjK_yqjD_yqjC_predicted,0.5,1,1,AACGCTACGTCTAGACAGGG,0,5232673
yqjE_yqjK_yqjD_yqjC_predicted,0.5,1,1,AACGCGGAGTCCACTTCATA,0,5222414
yqjE_yqjK_yqjD_yqjC_predicted,0.5,1,1,AACGCGCGGAATCTGGAGAC,0,5249964
yqjE_yqjK_yqjD_yqjC_predicted,0.5,1,1,AACGCGCCTCCTTTTAGGAA,0,5222832
yqjE_yqjK_yqjD_yqjC_predicted,0.5,1,1,AACGCCATACCTGTCAAGTA,0,5203110
yqjE_yqjK_yqjD_yqjC_predicted,0.5,1,1,AACGCAGAAGCTCCGGTACA,0,5183639
yqjE_yqjK_yqjD_yqjC_predicted,0.5,1,1,AACGCAATGTAGATCATGTA,0,5172678
yqjE_yqjK_yqjD_yqjC_predicted,0.5,1,1,AACGAGTTTCGAGTGTGGGT,0,5237280
yqjE_yqjK_yqjD_yqjC_predicted,0.5,1,1,AACGACTGGTTGACCGCTTT,0,5230208
yqjE_yqjK_yqjD_yqjC_predicted,0.5,1,1,AACGACCGCATATCGAAATT,0,5235065
yqjE_yqjK_yqjD_yqjC_predicted,0.5,1,1,AACGACATGCACAACTCTGT,0,5238995
yqjE_yqjK_yqjD_yqjC_predicted,0.5,1,1,AACGACAACGGCTTTCTCTC,0,5231670
yqjE_yqjK_yqjD_yqjC_predicted,0.5,1,1,AACGAACCAAGCAGAGACAT,0,5174086
yqjE_yqjK_yqjD_yqjC_predicted,0.5,1,1,AACCTTGCATCCTCAAATGC,0,5241676
yqjE_yqjK_yqjD_yqjC_predicted,0.5,1,1,AACCTTCGGCGACACACGCT,0,5193831
yqjE_yqjK_yqjD_yqjC_predicted,0.5,1,1,AACCTGGCAATCTGTGTAGA,0,5192486
yqjE_yqjK_yqjD_yqjC_predicted,0.5,1,1,AACCTGGAGAGACTATACCC,0,5238971
yqjE_yqjK_yqjD_yqjC_predicted,0.5,1,1,AACCTGCTGTGCTATCGACT,0,5181685
yqjE_yqjK_yqjD_yqjC_predicted,0.5,1,1,AACCTCGTGGCACCAGACGA,0,5189168
yqjE_yqjK_yqjD_yqjC_predicted,0.5,1,1,AACCTATCCGGTCCGCGCAG,0,5240216
yqjE_yqjK_yqjD_yqjC_predicted,0.5,1,1,AACCGTTGTATTTTATGGCT,0,5259142
yqjE_yqjK_yqjD_yqjC_predicted,0.5,1,1,AACCGTTCTTACCGTTGCAA,0,5180107
yqjE_yqjK_yqjD_yqjC_predicted,0.5,1,1,AACCGTGAATGGCCGCTCAT,0,5239300
yqjE_yqjK_yqjD_yqjC_predicted,0.5,1,1,AACCGTATGTGTCAGGACTT,0,5261437
yqjE_yqjK_yqjD_yqjC_predicted,0.5,1,1,AACCGAATTCGAAACAGGCT,0,5189920
yqjE_yqjK_yqjD_yqjC_predicted,0.5,1,1,AACCCCGTGCAACTTGGACA,0,5225718
yqjE_yqjK_yqjD_yqjC_predicted,0.5,1,1,AACCCCAAGCAGCTCATCGA,0,5232820
yqjE_yqjK_yqjD_yqjC_predicted,0.5,1,1,AACCCACTTGAACCTTGCGA,0,5203042
yqjE_yqjK_yqjD_yqjC_predicted,0.5,1,1,AACCCACACGGTGTACTATT,0,5254902
yqjE_yqjK_yqjD_yqjC_predicted,0.5,1,1,AACCAAGGCTCGGATCAGAG,0,5200846
yqjE_yqjK_yqjD_yqjC_predicted,0.5,1,1,AACATCGTCGCAGGTACCCT,0,5237210
yqjE_yqjK_yqjD_yqjC_predicted,0.5,1,1,AACATAAATGTTGATGCCAC,0,5252511
yqjE_yqjK_yqjD_yqjC_predicted,0.5,1,1,AACAGTCAGAAATAGAAGTC,0,5202638
yqjE_yqjK_yqjD_yqjC_predicted,0.5,1,1,AACAGGGCGCTCGCCCAGTC,0,5179803
yqjE_yqjK_yqjD_yqjC_predicted,0.5,1,1,AACAGACTTCCGATTAGTAG,0,5207510
yqjE_yqjK_yqjD_yqjC_predicted,0.5,1,1,AACACTGCGTCTAGTATTCA,0,5204891
yqjE_yqjK_yqjD_yqjC_predicted,0.5,1,1,AACACATCCAGTCTACGGGC,0,5182739
yqjE_yqjK_yqjD_yqjC_predicted,0.5,1,1,AACACAGTAGAAGCCCAAGA,0,5239470
yqjE_yqjK_yqjD_yqjC_predicted,0.5,1,1,AACACACTACGCGTTGCTAA,0,5210528
yqjE_yqjK_yqjD_yqjC_predicted,0.5,1,1,AACAATGTCCGCATAGCACT,0,5196283
yqjE_yqjK_yqjD_yqjC_predicted,0.5,1,1,AAATTTTAAGGCCTGCCGAA,0,5260318
yqjE_yqjK_yqjD_yqjC_predicted,0.5,1,1,AAATTTGGAAGACTCTGCCG,0,5239032
yqjE_yqjK_yqjD_yqjC_predicted,0.5,1,1,AAATTTAATGAAGTCATTGA,0,5244417
yqjE_yqjK_yqjD_yqjC_predicted,0.5,1,1,AAATTGTAATCCAGCACAAT,0,5243624
yqjE_yqjK_yqjD_yqjC_predicted,0.5,1,1,AAATTGCCAAGCTCTAAGGC,0,5192815
yqjE_yqjK_yqjD_yqjC_predicted,0.5,1,1,AAATTGCATGGCACTGCAGA,0,5219378
yqjE_yqjK_yqjD_yqjC_predicted,0.5,1,1,AAATTGACGTCGGCCCATAG,0,5211989
yqjE_yqjK_yqjD_yqjC_predicted,0.5,1,1,AAATTCCTATACTCTAAAAA,0,5223438
yqjE_yqjK_yqjD_yqjC_predicted,0.5,1,1,AAATTCCCGGCGACGAACTA,0,5259132
yqjE_yqjK_yqjD_yqjC_predicted,0.5,1,1,AAATTATGGCGCCATTCGAT,0,5250948
yqjE_yqjK_yqjD_yqjC_predicted,0.5,1,1,AAATTACGTCTCGTAAGACA,0,5253361
yqjE_yqjK_yqjD_yqjC_predicted,0.5,1,1,AAATTAAAGTAAGTGGGACT,0,5242730
yqjE_yqjK_yqjD_yqjC_predicted,0.5,1,1,AAATGGTGAGCGCGTTGTGC,0,5241773
yqjE_yqjK_yqjD_yqjC_predicted,0.5,1,1,AAATGGGCCTGATGCGTAAA,0,5254535
yqjE_yqjK_yqjD_yqjC_predicted,0.5,1,1,AAATGGGCACTGCTCGACCT,0,5225317
yqjE_yqjK_yqjD_yqjC_predicted,0.5,1,1,AAATGGCACGAGGTGAGCTC,0,5175500
yqjE_yqjK_yqjD_yqjC_predicted,0.5,1,1,AAATGCGGGAACATAATACA,0,5214268
yqjE_yqjK_yqjD_yqjC_predicted,0.5,1,1,AAATCTTGATCGAACGAGGC,0,5207619
yqjE_yqjK_yqjD_yqjC_predicted,0.5,1,1,AAATCTCATGGAGTTCCGCG,0,5179558
yqjE_yqjK_yqjD_yqjC_predicted,0.5,1,1,AAATCTAAAGCGAAGGTAGC,0,5231159
yqjE_yqjK_yqjD_yqjC_predicted,0.5,1,1,AAATCGTACATTGGACCCAC,0,5182855
yqjE_yqjK_yqjD_yqjC_predicted,0.5,1,1,AAATCGACACACAGGCAACT,0,5224493
yqjE_yqjK_yqjD_yqjC_predicted,0.5,1,1,AAATATGAATCCTTATACTA,0,5199773
yqjE_yqjK_yqjD_yqjC_predicted,0.5,1,1,AAATACGCACCGGATCGGGT,0,5173031
yqjE_yqjK_yqjD_yqjC_predicted,0.5,1,1,AAATAAAGAATAATTATCGA,0,5193356
yqjE_yqjK_yqjD_yqjC_predicted,0.5,1,1,AAAGTTTCATACCTCTGCAC,0,5196388
yqjE_yqjK_yqjD_yqjC_predicted,0.5,1,1,AAAGTTAATACCATGAAGTG,0,5192669
yqjE_yqjK_yqjD_yqjC_predicted,0.5,1,1,AAAGTCCTCAGGGACTGTTA,0,5189846
yqjE_yqjK_yqjD_yqjC_predicted,0.5,1,1,AAAGTCATTACGCTGGCTAT,0,5184754
yqjE_yqjK_yqjD_yqjC_predicted,0.5,1,1,AAAGTACTGCATTCGATGGT,0,5212612
yqjE_yqjK_yqjD_yqjC_predicted,0.5,1,1,AAAGGTGCTGCGATCATTAC,0,5172899
yqjE_yqjK_yqjD_yqjC_predicted,0.5,1,1,AAAGGGTGTAATGATTCGTT,0,5198884
yqjE_yqjK_yqjD_yqjC_predicted,0.5,1,1,AAAGGGAGGCAGTGGCAGAG,0,5175744
yqjE_yqjK_yqjD_yqjC_predicted,0.5,1,1,AAAGGCCATATCGGCTCTGG,0,5205646
yqjE_yqjK_yqjD_yqjC_predicted,0.5,1,1,AAAGGCATGTCTGTGCGGTC,0,5242660
yqjE_yqjK_yqjD_yqjC_predicted,0.5,1,1,AAAGGCATCGTCCTGTGCCG,0,5203854
yqjE_yqjK_yqjD_yqjC_predicted,0.5,1,1,AAAGGATCTCTCGAAGTAGT,0,5234930
yqjE_yqjK_yqjD_yqjC_predicted,0.5,1,1,AAAGCTTCGACATTCTACTA,0,5230133
yqjE_yqjK_yqjD_yqjC_predicted,0.5,1,1,AAAGCTCGCTTAGGAATATG,0,5184114
yqjE_yqjK_yqjD_yqjC_predicted,0.5,1,1,AAAGCCAGGCACCTACCCAA,0,5234926
yqjE_yqjK_yqjD_yqjC_predicted,0.5,1,1,AAAGCATATCCTGTGGAATT,0,5208762
yqjE_yqjK_yqjD_yqjC_predicted,0.5,1,1,AAAGCATAGAATATCCCGCT,0,5186329
yqjE_yqjK_yqjD_yqjC_predicted,0.5,1,1,AAAGCAGAGTCTTAGATCGG,0,5214100
yqjE_yqjK_yqjD_yqjC_predicted,0.5,1,1,AAAGATACGCGCAAAGCCAA,0,5220685
yqjE_yqjK_yqjD_yqjC_predicted,0.5,1,1,AAAGATACAAAATATGTGAA,0,5190295
yqjE_yqjK_yqjD_yqjC_predicted,0.5,1,1,AAAGAGTCATCCCTCACCCT,0,5235725
yqjE_yqjK_yqjD_yqjC_predicted,0.5,1,1,AAAGAGTCAGACATTGTATT,0,5231334
yqjE_yqjK_yqjD_yqjC_predicted,0.5,1,1,AAAGACGTCCAGATTTGTGT,0,5193817
yqjE_yqjK_yqjD_yqjC_predicted,0.5,1,1,AAAGACATCTTTACTCGTGA,0,5197451
yqjE_yqjK_yqjD_yqjC_predicted,0.5,1,1,AAACTTTGTCTTACTGGCGC,0,5176542
yqjE_yqjK_yqjD_yqjC_predicted,0.5,1,1,AAACTTGGCCCGTCGATTTC,0,5231429
yqjE_yqjK_yqjD_yqjC_predicted,0.5,1,1,AAACTGTTTGGAGAAAAAGA,0,5241658
yqjE_yqjK_yqjD_yqjC_predicted,0.5,1,1,AAACTCGTTCACAAATGCGT,0,5198270
yqjE_yqjK_yqjD_yqjC_predicted,0.5,1,1,AAACTCATGGTAGGACTGCT,0,5183374
yqjE_yqjK_yqjD_yqjC_predicted,0.5,1,1,AAACTACGGGATGCAAGTGG,0,5181976
yqjE_yqjK_yqjD_yqjC_predicted,0.5,1,1,AAACGTCAGCGATTCTGGAA,0,5212829
yqjE_yqjK_yqjD_yqjC_predicted,0.5,1,1,AAACGTATTTCATGAATTCT,0,5258809
yqjE_yqjK_yqjD_yqjC_predicted,0.5,1,1,AAACGGATGGACTAGGTCTC,0,5257857
yqjE_yqjK_yqjD_yqjC_predicted,0.5,1,1,AAACGCTTTCAGACCTTTAG,0,5252854
yqjE_yqjK_yqjD_yqjC_predicted,0.5,1,1,AAACGCTGTCTTATATTGAG,0,5219718
yqjE_yqjK_yqjD_yqjC_predicted,0.5,1,1,AAACGAGCGAACGTGGTAGA,0,5189307
yqjE_yqjK_yqjD_yqjC_predicted,0.5,1,1,AAACGACGACTTATAGCGCC,0,5222393
yqjE_yqjK_yqjD_yqjC_predicted,0.5,1,1,AAACGACACACAACAAGGGC,0,5182914
yqjE_yqjK_yqjD_yqjC_predicted,0.5,1,1,AAACGAAGTTAAAGAGTCCC,0,5232132
yqjE_yqjK_yqjD_yqjC_predicted,0.5,1,1,AAACCTGAGTCATTCTCCAC,0,5233762
yqjE_yqjK_yqjD_yqjC_predicted,0.5,1,1,AAACCTAGTGCTAATCCAGA,0,5259991
yqjE_yqjK_yqjD_yqjC_predicted,0.5,1,1,AAACCACCGCAGATTGGCGC,0,5188210
yqjE_yqjK_yqjD_yqjC_predicted,0.5,1,1,AAACCACAAGTGCGGTTAGA,0,5173970
yqjE_yqjK_yqjD_yqjC_predicted,0.5,1,1,AAACCAAATAACCGTAGTTG,0,5218757
yqjE_yqjK_yqjD_yqjC_predicted,0.5,1,1,AAACAGTTTCACGGCCGACC,0,5236843
yqjE_yqjK_yqjD_yqjC_predicted,0.5,1,1,AAACACACCTGCGCCTCTAC,0,5205814
yqjE_yqjK_yqjD_yqjC_predicted,0.5,1,1,AAAATGGTGGATGAGGCGTG,0,5258898
yqjE_yqjK_yqjD_yqjC_predicted,0.5,1,1,AAAATGCTACGTGGGGCGCA,0,5232771
yqjE_yqjK_yqjD_yqjC_predicted,0.5,1,1,AAAATAGTAGAGCCGCGGCA,0,5211523
yqjE_yqjK_yqjD_yqjC_predicted,0.5,1,1,AAAAGGAGTAGTGTCTAGCG,0,5220531
yqjE_yqjK_yqjD_yqjC_predicted,0.5,1,1,AAAAGCCGCGTCGTTTAGTC,0,5201603
yqjE_yqjK_yqjD_yqjC_predicted,0.5,1,1,AAAAGCCCGCCCACCTTATT,0,5230954
yqjE_yqjK_yqjD_yqjC_predicted,0.5,1,1,AAAAGCCCCACACGGCTTAG,0,5240513
yqjE_yqjK_yqjD_yqjC_predicted,0.5,1,1,AAAAGCAATTGGCAAGATGT,0,5260105
yqjE_yqjK_yqjD_yqjC_predicted,0.5,1,1,AAAAGATTAGCACATAGGGT,0,5208683
yqjE_yqjK_yqjD_yqjC_predicted,0.5,1,1,AAAAGATGGCGGTGATCTTT,0,5224201
yqjE_yqjK_yqjD_yqjC_predicted,0.5,1,1,AAAACTAGCCTAACATCGGC,0,5257916
yqjE_yqjK_yqjD_yqjC_predicted,0.5,1,1,AAAACGCATGTCGTTGCACC,0,5236303
yqjE_yqjK_yqjD_yqjC_predicted,0.5,1,1,AAAACATTAGTTGCATAGCA,0,5260793
yqjE_yqjK_yqjD_yqjC_predicted,0.5,1,1,AAAACAATTAGGATCGCTAT,0,5193898
yqjE_yqjK_yqjD_yqjC_predicted,0.5,1,1,AAAACAACCCGTTTGTACGA,0,5228327
yqjE_yqjK_yqjD_yqjC_predicted,0.5,1,1,AAAAACTGCAGTGGGCGTGT,0,5187207
yqjE_yqjK_yqjD_yqjC_predicted,0.5,1,1,AAAAAATATCCCTTAACGCG,0,5199899
yqjE_yqjK_yqjD_yqjC_predicted,0.5,1,1,AAAAAAGAATATAGAAGACA,0,5197560
yqjE_yqjK_yqjD_yqjC_predicted,197.0,196,0,TTGGTTCTGATGAAAGGAGC,196,5191948
yqjE_yqjK_yqjD_yqjC_predicted,182.0,181,0,TTTGGCCACATGCTAGTGAA,181,5208670
yqjE_yqjK_yqjD_yqjC_predicted,176.0,175,0,AGTTCACTCCTATTTTTGAG,175,5226188
yqjE_yqjK_yqjD_yqjC_predicted,125.0,124,0,ACGATAACAGGGTACTACGT,124,5199023
yqjE_yqjK_yqjD_yqjC_predicted,112.0,111,0,CGAGCGATAATGTGGGTAAA,111,5233821
yqjE_yqjK_yqjD_yqjC_predicted,111.0,110,0,AGGCAATCATCTACAACGGC,110,5174845
yqjE_yqjK_yqjD_yqjC_predicted,107.0,106,0,TTCATGTTAAGGTGAAGGGA,106,5191947
yqjE_yqjK_yqjD_yqjC_predicted,105.0,104,0,TACCGGCCTGACTGAATAGT,104,5233796
yqjE_yqjK_yqjD_yqjC_predicted,104.0,103,0,GTCCACACTCCCGCATTGAC,103,5191926
yqjE_yqjK_yqjD_yqjC_predicted,102.0,101,0,TGTAATTATCAGATGTAGGA,101,5261736
yqjE_yqjK_yqjD_yqjC_predicted,99.0,98,0,GAGGCAGGAACTACAACCTT,98,5208710
yqjE_yqjK_yqjD_yqjC_predicted,96.0,95,0,ATTTTAGCCCTCTCCAACCA,95,5257337
yqjE_yqjK_yqjD_yqjC_predicted,95.0,94,0,GAGAACGAGGTTTCCTGTGT,94,5193009
yqjE_yqjK_yqjD_yqjC_predicted,94.0,93,0,TGCATTGATTTGAGACCCTA,93,5181335
yqjE_yqjK_yqjD_yqjC_predicted,88.0,87,0,AGGAAACAATGGATTGTTAA,87,5242078
yqjE_yqjK_yqjD_yqjC_predicted,81.0,80,0,ACCATTCCGGGTATTAATCT,80,5255589
yqjE_yqjK_yqjD_yqjC_predicted,80.0,79,0,GATTAGTGGGACTGAACCCA,79,5248565
yqjE_yqjK_yqjD_yqjC_predicted,77.0,76,0,AGTTGCACTCGACCAGAAGT,76,5235277
yqjE_yqjK_yqjD_yqjC_predicted,75.0,74,0,TGACCCCTTATCGGCTTCTC,74,5214803
yqjE_yqjK_yqjD_yqjC_predicted,73.0,72,0,GTACACCAACGTTTTTGACC,72,5235260
yqjE_yqjK_yqjD_yqjC_predicted,73.0,72,0,CGTGCATAATGCCTGTCCCA,72,5175798
yqjE_yqjK_yqjD_yqjC_predicted,72.0,71,0,GGTTTATACCGGCAGACGTG,71,5190858
yqjE_yqjK_yqjD_yqjC_predicted,72.0,71,0,ACTGGAGGGGATCTTTCGTA,71,5235322
yqjE_yqjK_yqjD_yqjC_predicted,69.0,68,0,GTTGCTCATAAGTGTACCGT,68,5186154
yqjE_yqjK_yqjD_yqjC_predicted,67.0,66,0,TTGACTCCGCTAGTGTCTTC,66,5184525
yqjE_yqjK_yqjD_yqjC_predicted,67.0,66,0,TTAACATCTCACAATGAGGT,66,5239502
yqjE_yqjK_yqjD_yqjC_predicted,66.0,65,0,AAGAACTCAACAACCCATTG,65,5208720
yqjE_yqjK_yqjD_yqjC_predicted,65.0,64,0,CGATTGTTGCTTTATCTATC,64,5218279
yqjE_yqjK_yqjD_yqjC_predicted,64.0,63,0,TTTCCGCCCTTGCGTTCCTT,63,5216094
yqjE_yqjK_yqjD_yqjC_predicted,63.0,62,0,CTTCTCCTTTGACTCGCAAG,62,5216047
yqjE_yqjK_yqjD_yqjC_predicted,62.0,61,0,GATTGACGTAGTCGGCGCTG,61,5238898
yqjE_yqjK_yqjD_yqjC_predicted,61.0,60,0,ATATTTATATTACAGAGCAG,60,5261404
yqjE_yqjK_yqjD_yqjC_predicted,60.0,59,0,GCAGTCCTATCTGATCATTA,59,5238903
yqjE_yqjK_yqjD_yqjC_predicted,59.0,58,0,TCGTTCTTAGTCCCTAGTGG,58,5179390
yqjE_yqjK_yqjD_yqjC_predicted,59.0,58,0,AACGCTCGCCCTGTATTTTT,58,5189136
yqjE_yqjK_yqjD_yqjC_predicted,58.0,57,0,TTCGTAATGGAGGCATTCCC,57,5189689
yqjE_yqjK_yqjD_yqjC_predicted,58.0,57,0,GCTTTCCCGCGACGGGTCCC,57,5226206
yqjE_yqjK_yqjD_yqjC_predicted,57.0,56,0,CGGGCTCAATGCACACGGAG,56,5208661
yqjE_yqjK_yqjD_yqjC_predicted,56.0,55,0,CGGGGTTGCCAACCGTAAAG,55,5181950
yqjE_yqjK_yqjD_yqjC_predicted,55.0,54,0,CCCATTATTTTTGCTAAATT,54,5200260
yqjE_yqjK_yqjD_yqjC_predicted,55.0,54,0,CACCGCCCCGAGGCCCACGT,54,5178910
yqjE_yqjK_yqjD_yqjC_predicted,55.0,54,0,ACTCGGCATCTGATAGATTC,54,5229486
yqjE_yqjK_yqjD_yqjC_predicted,54.0,53,0,TGCCGTGGCTCTTTTGAATT,53,5256908
yqjE_yqjK_yqjD_yqjC_predicted,54.0,53,0,TCCCATTCATGTATCCGCCT,53,5178922
yqjE_yqjK_yqjD_yqjC_predicted,53.0,52,0,TTATCGTGGGGTTCCGCACA,52,5254592
yqjE_yqjK_yqjD_yqjC_predicted,52.0,51,0,GCCCAGCACGTTAGGTTTGA,51,5242513
yqjE_yqjK_yqjD_yqjC_predicted,52.0,51,0,CGGTCCCCACGGCCTGGACG,51,5254304
yqjE_yqjK_yqjD_yqjC_predicted,52.0,51,0,AACCTTCGGCTGCTACATGG,51,5248101
yqjE_yqjK_yqjD_yqjC_predicted,51.0,50,0,CAATGGGATCTTGACAACAT,50,5177520
yqjE_yqjK_yqjD_yqjC_predicted,50.0,49,0,GCCCGCAGATTCCAGGATCC,49,5245628
yqjE_yqjK_yqjD_yqjC_predicted,50.0,49,0,GAACGACAATCCCGTATCTA,49,5181341
yqjE_yqjK_yqjD_yqjC_predicted,50.0,49,0,CCGGATGTTAGTCCAGGGGT,49,5197631
yqjE_yqjK_yqjD_yqjC_predicted,50.0,49,0,AGGGTGAGATGTTGTGGCTT,49,5181356
yqjE_yqjK_yqjD_yqjC_predicted,49.0,48,0,GTCGGGCGGGTCTTCAAAAG,48,5235909
yqjE_yqjK_yqjD_yqjC_predicted,49.0,48,0,GGGGACCTAAGCGGGAGGGA,48,5237449
yqjE_yqjK_yqjD_yqjC_predicted,49.0,48,0,ATGCACCACGTCGCGAGGCA,48,5230215
yqjE_yqjK_yqjD_yqjC_predicted,49.0,48,0,ATCCGTCTCGCCCCGTTCGA,48,5180977
yqjE_yqjK_yqjD_yqjC_predicted,48.0,47,0,GACCGCAGGTCCGCTCGTAC,47,5171309
yqjE_yqjK_yqjD_yqjC_predicted,48.0,47,0,CTATGCGGACACCTGATAAA,47,5180936
yqjE_yqjK_yqjD_yqjC_predicted,47.0,46,0,TGGCAACTCGCTTACGCGTG,46,5199755
yqjE_yqjK_yqjD_yqjC_predicted,47.0,46,0,TCTGAAGTAGGCGGATTCAC,46,5185987
yqjE_yqjK_yqjD_yqjC_predicted,47.0,46,0,TACCAGTGATGCATGTTTGA,46,5202096
yqjE_yqjK_yqjD_yqjC_predicted,47.0,46,0,CAGCAGAGGGCACCTGTCGC,46,5196019
yqjE_yqjK_yqjD_yqjC_predicted,47.0,46,0,CACCGGGACTGTGTCGCAGG,46,5216081
yqjE_yqjK_yqjD_yqjC_predicted,47.0,46,0,ACGTCCTGCCTCTTGCCGTA,46,5231621
yqjE_yqjK_yqjD_yqjC_predicted,46.0,45,0,TGCTTGAGCTTTCACTGCTT,45,5259027
yqjE_yqjK_yqjD_yqjC_predicted,46.0,45,0,GTCCTGAACTAACCAGTGGA,45,5212318
yqjE_yqjK_yqjD_yqjC_predicted,46.0,45,0,GCGCGAACGGCAGGTGCAAT,45,5212304
yqjE_yqjK_yqjD_yqjC_predicted,46.0,45,0,GATCCCCAATATTCTATCAT,45,5172140
yqjE_yqjK_yqjD_yqjC_predicted,46.0,45,0,CTGACCGTTCCGCTATGGCT,45,5211608
yqjE_yqjK_yqjD_yqjC_predicted,46.0,45,0,CGCTCGCTGTGTTATCAGAG,45,5254265
yqjE_yqjK_yqjD_yqjC_predicted,46.0,45,0,CAACCCGCTCAAAGAATTCT,45,5199746
yqjE_yqjK_yqjD_yqjC_predicted,45.0,44,0,TGTCTTACAGAGGCTGGCCC,44,5174850
yqjE_yqjK_yqjD_yqjC_predicted,45.0,44,0,TCAGCTTATCCTGGACCTCA,44,5231652
yqjE_yqjK_yqjD_yqjC_predicted,45.0,44,0,GAAGTAGGTTCTACTGATTC,44,5208107
yqjE_yqjK_yqjD_yqjC_predicted,45.0,44,0,CCTCATAGAGGTTCAAGAGT,44,5232697
yqjE_yqjK_yqjD_yqjC_predicted,45.0,44,0,CAAGCGCCGTTTATATCCCA,44,5194641
yqjE_yqjK_yqjD_yqjC_predicted,44.0,43,0,TCTACCGCGTGGGCAAAGTA,43,5201361
yqjE_yqjK_yqjD_yqjC_predicted,44.0,43,0,TAGATGACGCTCCTTCGGAA,43,5243413
yqjE_yqjK_yqjD_yqjC_predicted,44.0,43,0,GATCGTGGACAGAAGAGGTC,43,5189606
yqjE_yqjK_yqjD_yqjC_predicted,43.0,42,0,TCGCAGTGCCGAAGGAAACT,42,5245626
yqjE_yqjK_yqjD_yqjC_predicted,43.0,42,0,GAAGTAGCTACGTAGCAGAT,42,5211624
yqjE_yqjK_yqjD_yqjC_predicted,43.0,42,0,CCGAGGGCGGCTCGCGAACT,42,5211764
yqjE_yqjK_yqjD_yqjC_predicted,42.0,41,0,TTGGTTCCGCCTACAGGTGA,41,5242499
yqjE_yqjK_yqjD_yqjC_predicted,42.0,41,0,CGATAAAAGTGGACACCCTT,41,5251500
yqjE_yqjK_yqjD_yqjC_predicted,41.0,40,0,GGTCGCTACGCTAGGGTCTT,40,5256527
yqjE_yqjK_yqjD_yqjC_predicted,41.0,40,0,CAAGCCCGCCGCCCGATTAC,40,5200458
yqjE_yqjK_yqjD_yqjC_predicted,41.0,40,0,AACTCTGTGCATATCTGGTG,40,5245673
yqjE_yqjK_yqjD_yqjC_predicted,41.0,40,0,AAACCTCTAGTAGGTGTGAC,40,5223596
yqjE_yqjK_yqjD_yqjC_predicted,40.0,39,0,TTTGTAGATACGGACCCGCA,39,5247213
yqjE_yqjK_yqjD_yqjC_predicted,40.0,39,0,TCTGCCGACACACGGTCTTT,39,5191518
yqjE_yqjK_yqjD_yqjC_predicted,40.0,39,0,GTTGGGCTCTGGTGTCTATT,39,5245641
yqjE_yqjK_yqjD_yqjC_predicted,40.0,39,0,GCATAAGCCACGCGGATCGA,39,5247525
yqjE_yqjK_yqjD_yqjC_predicted,40.0,39,0,GAGCATGTAAACGGTCCACA,39,5254445
yqjE_yqjK_yqjD_yqjC_predicted,40.0,39,0,CGGAGAACGAATATGCGTCA,39,5235310
yqjE_yqjK_yqjD_yqjC_predicted,40.0,39,0,ATCTATTGCCGCTTTCCGTA,39,5172057
yqjE_yqjK_yqjD_yqjC_predicted,39.0,38,0,TGGCGAGCAACCCGGAGCAG,38,5252235
yqjE_yqjK_yqjD_yqjC_predicted,39.0,38,0,TCGCGTTACCCGATGATTCA,38,5190872
yqjE_yqjK_yqjD_yqjC_predicted,39.0,38,0,TACTGAATACAGTGGTGCTC,38,5170788
yqjE_yqjK_yqjD_yqjC_predicted,39.0,38,0,GATGTTCTTCGGTGTGATGA,38,5200118
yqjE_yqjK_yqjD_yqjC_predicted,39.0,38,0,GATGCATGCATTTCTAAGGG,38,5255532
yqjE_yqjK_yqjD_yqjC_predicted,39.0,38,0,CGTCGCACAGGTTGATTTGT,38,5238896
yqjE_yqjK_yqjD_yqjC_predicted,39.0,38,0,ATCGGCTCAACAATTGTTCG,38,5232650
yqjE_yqjK_yqjD_yqjC_predicted,39.0,38,0,AGGTTCTTTGCGAACTTACA,38,5231603
yqjE_yqjK_yqjD_yqjC_predicted,38.0,37,0,TTGTGACGCTCACAGGCGAA,37,5221680
yqjE_yqjK_yqjD_yqjC_predicted,38.0,37,0,TCCGTTCTTCGTATGATTTG,37,5247980
yqjE_yqjK_yqjD_yqjC_predicted,38.0,37,0,TATCGACGAAGTGTTCGACC,37,5192248
yqjE_yqjK_yqjD_yqjC_predicted,38.0,37,0,TACGTGCTCCTGTTAGTAGA,37,5187365
yqjE_yqjK_yqjD_yqjC_predicted,38.0,37,0,GGTTTGTAATGATCGCGCGG,37,5211000
yqjE_yqjK_yqjD_yqjC_predicted,38.0,37,0,GGAGCTCTGGGGCAGCATTT,37,5228272
yqjE_yqjK_yqjD_yqjC_predicted,38.0,37,0,CGGCGCGCGCAATGCACGAC,37,5217302
yqjE_yqjK_yqjD_yqjC_predicted,37.0,36,0,TGTTTAAATCGTGCATTGAG,36,5233039
yqjE_yqjK_yqjD_yqjC_predicted,37.0,36,0,GGTCTGGGAGGCGGGTCGGG,36,5225556
yqjE_yqjK_yqjD_yqjC_predicted,37.0,36,0,GCTACGCAAAAAGAGTCAGT,36,5176191
yqjE_yqjK_yqjD_yqjC_predicted,37.0,36,0,GCACACCTGAATGCAGGCGG,36,5251881
yqjE_yqjK_yqjD_yqjC_predicted,37.0,36,0,CCGAATAAGGGAAGGCTACG,36,5207830
yqjE_yqjK_yqjD_yqjC_predicted,37.0,36,0,CAGAGGTTGCATAGACCCAC,36,5186129
yqjE_yqjK_yqjD_yqjC_predicted,37.0,36,0,ATCCGCCACAGCGCCTTAAC,36,5227585
yqjE_yqjK_yqjD_yqjC_predicted,37.0,36,0,AGACGCCGGGATTGCTACAG,36,5176194
yqjE_yqjK_yqjD_yqjC_predicted,37.0,36,0,ACAGATTCCTTCGCAGTTGT,36,5190900
yqjE_yqjK_yqjD_yqjC_predicted,36.0,35,0,TGGTGGCCTCCTAGTAACTT,35,5244067
yqjE_yqjK_yqjD_yqjC_predicted,36.0,35,0,GTCCTTAAACGGGGGTGCAT,35,5262662
yqjE_yqjK_yqjD_yqjC_predicted,36.0,35,0,GCCGGCACGGAACTTTCAAC,35,5205038
yqjE_yqjK_yqjD_yqjC_predicted,36.0,35,0,CGTGCGTTCAAGTGCTGCAT,35,5262707
yqjE_yqjK_yqjD_yqjC_predicted,36.0,35,0,CGCTTCGCTATTGCGCTGTC,35,5233808
yqjE_yqjK_yqjD_yqjC_predicted,36.0,35,0,CCTAGGGAACTGAGTTCGAC,35,5192237
yqjE_yqjK_yqjD_yqjC_predicted,36.0,35,0,AGGTATAGTTCAGACGCCAT,35,5261143
yqjE_yqjK_yqjD_yqjC_predicted,35.0,34,0,TCCACACTTATTTCACATTA,34,5251140
yqjE_yqjK_yqjD_yqjC_predicted,35.0,34,0,GGTCCATAAACGGGGACGCC,34,5199776
yqjE_yqjK_yqjD_yqjC_predicted,35.0,34,0,GGCGGAGGAAAACGTGGCAT,34,5174878
yqjE_yqjK_yqjD_yqjC_predicted,35.0,34,0,GCGTGCCGGATTCCACTTTG,34,5254640
yqjE_yqjK_yqjD_yqjC_predicted,35.0,34,0,GCCTCCGCTTATTGTATTGG,34,5186007
yqjE_yqjK_yqjD_yqjC_predicted,35.0,34,0,CTTACACTACGCAACTCGCT,34,5219051
yqjE_yqjK_yqjD_yqjC_predicted,35.0,34,0,AGTTTGCCGAGGGTCCAAGT,34,5247543
yqjE_yqjK_yqjD_yqjC_predicted,35.0,34,0,AATTCACGTTCTCTCGCCAT,34,5231668
yqjE_yqjK_yqjD_yqjC_predicted,35.0,34,0,AATCGTCATCCCTCACGCGG,34,5251804
yqjE_yqjK_yqjD_yqjC_predicted,35.0,34,0,AACAGTCCGGGAGACCCTCT,34,5176853
yqjE_yqjK_yqjD_yqjC_predicted,34.0,33,0,TCGTGCAATAAGCCGCTGGT,33,5246032
yqjE_yqjK_yqjD_yqjC_predicted,34.0,33,0,TACCGATATATATCATCCGG,33,5193778
yqjE_yqjK_yqjD_yqjC_predicted,34.0,33,0,GTGGGCTCGATCCTGTATCG,33,5226237
yqjE_yqjK_yqjD_yqjC_predicted,34.0,33,0,GTCTTATCCCAAATCCCGCG,33,5174858
yqjE_yqjK_yqjD_yqjC_predicted,34.0,33,0,CCGAATCCGGGTACAGGACG,33,5237113
yqjE_yqjK_yqjD_yqjC_predicted,34.0,33,0,CACGACTCGGGCGCTTCAAC,33,5172148
yqjE_yqjK_yqjD_yqjC_predicted,34.0,33,0,CAACGCTGCGCGGAGGCACT,33,5232484
yqjE_yqjK_yqjD_yqjC_predicted,34.0,33,0,ATCCCAGAGTTCGGTGTATG,33,5214961
yqjE_yqjK_yqjD_yqjC_predicted,34.0,33,0,AGCCATCTCGCAGCTGTGCT,33,5196313
yqjE_yqjK_yqjD_yqjC_predicted,34.0,33,0,ACGCCACCCTGCGCCTCAGA,33,5178209
yqjE_yqjK_yqjD_yqjC_predicted,33.0,32,0,TTAGGCGTCGCAGCATGAGG,32,5207941
yqjE_yqjK_yqjD_yqjC_predicted,33.0,32,0,TAAACATTAACGAGGCAAAC,32,5222558
yqjE_yqjK_yqjD_yqjC_predicted,33.0,32,0,GTGCAAATTTGCGTTGACCG,32,5181367
yqjE_yqjK_yqjD_yqjC_predicted,33.0,32,0,GACAGATGGGGATATCCGGA,32,5237902
yqjE_yqjK_yqjD_yqjC_predicted,33.0,32,0,GAAGGCGTCGCGCCGGGAGA,32,5223593
yqjE_yqjK_yqjD_yqjC_predicted,33.0,32,0,CTCTCAAGGATAGATAAAGG,32,5233800
yqjE_yqjK_yqjD_yqjC_predicted,33.0,32,0,CTACGCGTAAAACGCGTCTG,32,5245370
yqjE_yqjK_yqjD_yqjC_predicted,33.0,32,0,CCTCGCCTGGTTATCTACGG,32,5187261
yqjE_yqjK_yqjD_yqjC_predicted,33.0,32,0,AGAAAAATACGTTTTACTAA,32,5240138
yqjE_yqjK_yqjD_yqjC_predicted,33.0,32,0,AAGGTAGGCCATACTCATCC,32,5222994
yqjE_yqjK_yqjD_yqjC_predicted,32.0,31,0,TACCATGCGATATCGGGCTC,31,5214176
yqjE_yqjK_yqjD_yqjC_predicted,32.0,31,0,GGAGGCTAAGAGGAACCGAA,31,5198998
yqjE_yqjK_yqjD_yqjC_predicted,32.0,31,0,GACAGCGGTTTCAACAGGAC,31,5171283
yqjE_yqjK_yqjD_yqjC_predicted,32.0,31,0,CTCTAAGGCGTGAGGTACGT,31,5255228
yqjE_yqjK_yqjD_yqjC_predicted,32.0,31,0,CGGGGAAAACCACAATCTTG,31,5191814
yqjE_yqjK_yqjD_yqjC_predicted,32.0,31,0,CGAGGAAAATCGCACGTCGC,31,5232704
yqjE_yqjK_yqjD_yqjC_predicted,32.0,31,0,CAAGGACAATCAAATGTGTA,31,5191734
yqjE_yqjK_yqjD_yqjC_predicted,32.0,31,0,ACGGCATCAAAAGCCCAGGT,31,5191813
yqjE_yqjK_yqjD_yqjC_predicted,32.0,31,0,ACCAGCTGGCGATAATGTAT,31,5199747
yqjE_yqjK_yqjD_yqjC_predicted,32.0,31,0,AAATACGGGGATGAGCTAAT,31,5180895
yqjE_yqjK_yqjD_yqjC_predicted,31.0,30,0,TGATGCCTTTTTACGTCATA,30,5197242
yqjE_yqjK_yqjD_yqjC_predicted,31.0,30,0,GTCTACTGAACTATGGTCAT,30,5219431
yqjE_yqjK_yqjD_yqjC_predicted,31.0,30,0,GGGTGGTAAGGGTGCTACTG,30,5173027
yqjE_yqjK_yqjD_yqjC_predicted,31.0,30,0,GGCGGGGATCCATTTTGTAC,30,5241913
yqjE_yqjK_yqjD_yqjC_predicted,31.0,30,0,GCCAATTTAAAGGCTATGTT,30,5187718
yqjE_yqjK_yqjD_yqjC_predicted,31.0,30,0,GATAATCCAAAGGCCCTCCG,30,5234799
yqjE_yqjK_yqjD_yqjC_predicted,31.0,30,0,CATGTCACCCAAGCGAGGCT,30,5199759
yqjE_yqjK_yqjD_yqjC_predicted,31.0,30,0,CAGGATTCCTCCACAAGCGC,30,5212324
yqjE_yqjK_yqjD_yqjC_predicted,31.0,30,0,AGTTAAGCTATCACTTGGCA,30,5197603
yqjE_yqjK_yqjD_yqjC_predicted,30.0,29,0,TTCGTCGTGTCGAAACGTCA,29,5222506
yqjE_yqjK_yqjD_yqjC_predicted,30.0,29,0,TTCCGAGGCCCCTCAACACC,29,5248095
yqjE_yqjK_yqjD_yqjC_predicted,30.0,29,0,TGTTTGGCGGATTGGTTTCG,29,5174812
yqjE_yqjK_yqjD_yqjC_predicted,30.0,29,0,TGCGTTCAATGATTCGCATA,29,5247857
yqjE_yqjK_yqjD_yqjC_predicted,30.0,29,0,TGAGAGCAGTGAAATCGAAT,29,5176701
yqjE_yqjK_yqjD_yqjC_predicted,30.0,29,0,TATGCGCTCCGAGGAAAGCG,29,5205404
yqjE_yqjK_yqjD_yqjC_predicted,30.0,29,0,TAACGTAGTATGGGATCCAG,29,5231858
yqjE_yqjK_yqjD_yqjC_predicted,30.0,29,0,TAAACAATAACTGTAGCCAC,29,5178330
yqjE_yqjK_yqjD_yqjC_predicted,30.0,29,0,GCCAATGACGGGACAGGGCA,29,5217612
yqjE_yqjK_yqjD_yqjC_predicted,30.0,29,0,GCACTGTTCTCGCAAAAGAC,29,5193376
yqjE_yqjK_yqjD_yqjC_predicted,30.0,29,0,CTCGTTAAGTGTTCGATTTA,29,5250421
yqjE_yqjK_yqjD_yqjC_predicted,30.0,29,0,CCGCGGTTAATCCTCGTCAA,29,5191729
yqjE_yqjK_yqjD_yqjC_predicted,30.0,29,0,CAGTTGTTAAGGGGATGTAT,29,5224634
yqjE_yqjK_yqjD_yqjC_predicted,30.0,29,0,CAACACAAGACGCGCCTTGA,29,5229508
yqjE_yqjK_yqjD_yqjC_predicted,30.0,29,0,ATTAATCGGGAGATTAAATA,29,5256923
yqjE_yqjK_yqjD_yqjC_predicted,30.0,29,0,AGCTTGGCCAAGTTCTTAGA,29,5181770
yqjE_yqjK_yqjD_yqjC_predicted,30.0,29,0,ACTAATATCTAAGCCTCGGT,29,5199016
yqjE_yqjK_yqjD_yqjC_predicted,30.0,29,0,AATTAAGGTAGAAATTGAAG,29,5245818
yqjE_yqjK_yqjD_yqjC_predicted,30.0,29,0,AATCGTACAGCCCGGGACAC,29,5211157
yqjE_yqjK_yqjD_yqjC_predicted,30.0,29,0,AACAAGACGGGTTATACATC,29,5214146
yqjE_yqjK_yqjD_yqjC_predicted,30.0,29,0,AAACCGTCGGCAAGTCGTTC,29,5257145
yqjE_yqjK_yqjD_yqjC_predicted,29.0,28,0,TGTTCATTACGTGGCGAGGA,28,5210468
yqjE_yqjK_yqjD_yqjC_predicted,29.0,28,0,TCCGGATTGGTAGTGTAAGT,28,5217479
yqjE_yqjK_yqjD_yqjC_predicted,29.0,28,0,TAGATATTACCTCATAACCT,28,5253373
yqjE_yqjK_yqjD_yqjC_predicted,29.0,28,0,GTTGATCAAGGACCATGGTT,28,5214230
yqjE_yqjK_yqjD_yqjC_predicted,29.0,28,0,GTTATCCATGTTAGGGAATC,28,5237160
yqjE_yqjK_yqjD_yqjC_predicted,29.0,28,0,GGTTCGCGTTACGGACCTAT,28,5253345
yqjE_yqjK_yqjD_yqjC_predicted,29.0,28,0,GGATAAAGAAACGGATACGT,28,5206078
yqjE_yqjK_yqjD_yqjC_predicted,29.0,28,0,GCGCCTTCCCACCAATCGGC,28,5244324
yqjE_yqjK_yqjD_yqjC_predicted,29.0,28,0,CTTTTGCTATACGTCAGAGA,28,5217441
yqjE_yqjK_yqjD_yqjC_predicted,29.0,28,0,CTCGTCAGCAGCCTAACTTT,28,5201372
yqjE_yqjK_yqjD_yqjC_predicted,29.0,28,0,CGAGTACGTGCTAGAATAAA,28,5181190
yqjE_yqjK_yqjD_yqjC_predicted,29.0,28,0,CCTCGCCCAACAATGACAAA,28,5262552
yqjE_yqjK_yqjD_yqjC_predicted,29.0,28,0,CCCGATATGTCCGCTGTAAA,28,5254456
yqjE_yqjK_yqjD_yqjC_predicted,29.0,28,0,ATTTGCGCTCCATCGGAACA,28,5175225
yqjE_yqjK_yqjD_yqjC_predicted,29.0,28,0,ATACCTTCGGTAAGTAGCGC,28,5219675
yqjE_yqjK_yqjD_yqjC_predicted,29.0,28,0,ATAAGGAATTCTTATTAATC,28,5261119
yqjE_yqjK_yqjD_yqjC_predicted,29.0,28,0,ACTGACGTGTTTGCAACACG,28,5183704
yqjE_yqjK_yqjD_yqjC_predicted,29.0,28,0,AATGCATCTCGTCCTGGTCA,28,5230235
yqjE_yqjK_yqjD_yqjC_predicted,29.0,28,0,AACCGCGAGCAGGCGCGGTT,28,5207348
yqjE_yqjK_yqjD_yqjC_predicted,28.0,27,0,TGTGCTTTGCAGTCCGTAGG,27,5197590
yqjE_yqjK_yqjD_yqjC_predicted,28.0,27,0,TGCAGAGAGGTCAGATGAGG,27,5182560
yqjE_yqjK_yqjD_yqjC_predicted,28.0,27,0,TCAATATGTTAGAGATCAGG,27,5175249
yqjE_yqjK_yqjD_yqjC_predicted,28.0,27,0,TATGTCCCGATCCTTACGTA,27,5251799
yqjE_yqjK_yqjD_yqjC_predicted,28.0,27,0,GTGGTCTCGAGAAGCACACC,27,5220868
yqjE_yqjK_yqjD_yqjC_predicted,28.0,27,0,GGTACACTTTGTGATTTTCA,27,5192846
yqjE_yqjK_yqjD_yqjC_predicted,28.0,27,0,GGGTATGCACCGTGAGGTAA,27,5191505
yqjE_yqjK_yqjD_yqjC_predicted,28.0,27,0,GCAGTCGTTAGTGTCTCCTT,27,5197250
yqjE_yqjK_yqjD_yqjC_predicted,28.0,27,0,GACTGAAAGGAAGATCCGGA,27,5190094
yqjE_yqjK_yqjD_yqjC_predicted,28.0,27,0,CTCTTGCTTAACAGCATGCA,27,5183936
yqjE_yqjK_yqjD_yqjC_predicted,28.0,27,0,CGTGTTGACGTGAATACTCA,27,5258837
yqjE_yqjK_yqjD_yqjC_predicted,28.0,27,0,CATATTGTAGGTCCGAGGTA,27,5193382
yqjE_yqjK_yqjD_yqjC_predicted,28.0,27,0,CAGGACACCCATCAAAATCT,27,5242522
yqjE_yqjK_yqjD_yqjC_predicted,28.0,27,0,ATTTTCTCGGATCCGGCGCA,27,5191968
yqjE_yqjK_yqjD_yqjC_predicted,28.0,27,0,ATGTCTTTGTACTCGTCACT,27,5174857
yqjE_yqjK_yqjD_yqjC_predicted,28.0,27,0,ATCAGGAGGTAAGAATGTAA,27,5204137
yqjE_yqjK_yqjD_yqjC_predicted,28.0,27,0,ATACGCCCCGAGGACCGAGC,27,5198296
yqjE_yqjK_yqjD_yqjC_predicted,28.0,27,0,AGGCGGTAGAACACGGGACT,27,5255282
yqjE_yqjK_yqjD_yqjC_predicted,28.0,27,0,AGCATGATTATGGAGCTGTA,27,5218900
yqjE_yqjK_yqjD_yqjC_predicted,28.0,27,0,ACTTTGAGGTTACGGCTTCC,27,5249726
yqjE_yqjK_yqjD_yqjC_predicted,28.0,27,0,ACTTAAGTAGGGGAGGTGCG,27,5207935
yqjE_yqjK_yqjD_yqjC_predicted,28.0,27,0,ACATGGGTTATCGTGGGACG,27,5243367
yqjE_yqjK_yqjD_yqjC_predicted,28.0,27,0,AAGACAGTTGCGGGATTGCC,27,5233830
yqjE_yqjK_yqjD_yqjC_predicted,28.0,27,0,AAATGTACAGGAGCGCTACG,27,5179349
yqjE_yqjK_yqjD_yqjC_predicted,27.0,26,0,TTCGCCGTCCCGCTCATCAA,26,5250534
yqjE_yqjK_yqjD_yqjC_predicted,27.0,26,0,TTAGAGAACGGCGGCTACCT,26,5256686
yqjE_yqjK_yqjD_yqjC_predicted,27.0,26,0,TGGATGTGCTGCCATTTGGC,26,5215486
yqjE_yqjK_yqjD_yqjC_predicted,27.0,26,0,TGATCCGTTCAGTCGGAAGT,26,5238310
yqjE_yqjK_yqjD_yqjC_predicted,27.0,26,0,TCGTGGGTTCACAGAACATC,26,5191022
yqjE_yqjK_yqjD_yqjC_predicted,27.0,26,0,TCGATGTCTGATCATCCGCT,26,5245566
yqjE_yqjK_yqjD_yqjC_predicted,27.0,26,0,GTTTAAATCGCGACTCCGGT,26,5171363
yqjE_yqjK_yqjD_yqjC_predicted,27.0,26,0,GTGGCTTCCACGAACGCCCT,26,5254416
yqjE_yqjK_yqjD_yqjC_predicted,27.0,26,0,GTCATCCGCGCGGCCTGGGT,26,5218512
yqjE_yqjK_yqjD_yqjC_predicted,27.0,26,0,GGTGATTCGATACACATGAA,26,5262678
yqjE_yqjK_yqjD_yqjC_predicted,27.0,26,0,GGCATCAGTACCCAAAGATT,26,5189685
yqjE_yqjK_yqjD_yqjC_predicted,27.0,26,0,GCGAGGTACAAGTGGAATTA,26,5245408
yqjE_yqjK_yqjD_yqjC_predicted,27.0,26,0,GCAGAATAACAGGAGCGCGC,26,5171733
yqjE_yqjK_yqjD_yqjC_predicted,27.0,26,0,GATAGGAGAAAACGCACGTT,26,5170885
yqjE_yqjK_yqjD_yqjC_predicted,27.0,26,0,CTCTTGGCGCTGGGAGCAGC,26,5204694
yqjE_yqjK_yqjD_yqjC_predicted,27.0,26,0,CGCGTCAAAGGGGATAGAGT,26,5253370
yqjE_yqjK_yqjD_yqjC_predicted,27.0,26,0,CATGACTACGCGCGTAACTA,26,5254324
yqjE_yqjK_yqjD_yqjC_predicted,27.0,26,0,CAAGATTCGTGCGGGAGCAG,26,5205139
yqjE_yqjK_yqjD_yqjC_predicted,27.0,26,0,ATCATTAACCACAAAAAAGA,26,5220910
yqjE_yqjK_yqjD_yqjC_predicted,27.0,26,0,AGGTCTGATTTTGCCGTTCG,26,5249929
yqjE_yqjK_yqjD_yqjC_predicted,27.0,26,0,AGCTATAAGACCGGTACTTA,26,5207462
yqjE_yqjK_yqjD_yqjC_predicted,27.0,26,0,ACGGTGCACCCGCCCAGGAC,26,5217235
yqjE_yqjK_yqjD_yqjC_predicted,27.0,26,0,ACCGGCATTAAGTGCTCTAA,26,5188098
yqjE_yqjK_yqjD_yqjC_predicted,27.0,26,0,AAAAATGATCATAAAGATTT,26,5172954
yqjE_yqjK_yqjD_yqjC_predicted,26.0,25,0,TTCTTATGAGAGTGACTTTA,25,5258842
yqjE_yqjK_yqjD_yqjC_predicted,26.0,25,0,TTCTATCTCTCGGGGTGGTG,25,5174866
yqjE_yqjK_yqjD_yqjC_predicted,26.0,25,0,TTCCTTGAGCACCCTCAAAA,25,5192752
yqjE_yqjK_yqjD_yqjC_predicted,26.0,25,0,TGGTCGCAGATATCTGAACA,25,5250732
yqjE_yqjK_yqjD_yqjC_predicted,26.0,25,0,TGCCAAACGCCCTTCGCGGT,25,5183950
yqjE_yqjK_yqjD_yqjC_predicted,26.0,25,0,TGATGACTATCTACACCGTC,25,5182894
yqjE_yqjK_yqjD_yqjC_predicted,26.0,25,0,TCGTTGACCTAAATCCTTCC,25,5239236
yqjE_yqjK_yqjD_yqjC_predicted,26.0,25,0,TCATGTTAAACCATCGCTGC,25,5177854
yqjE_yqjK_yqjD_yqjC_predicted,26.0,25,0,TACATCCAATTGTCTTATGC,25,5240250
yqjE_yqjK_yqjD_yqjC_predicted,26.0,25,0,GCTATTCTCCACCTCTATCG,25,5237196
yqjE_yqjK_yqjD_yqjC_predicted,26.0,25,0,GAATTTGGTAAGGCGGTCGG,25,5184805
yqjE_yqjK_yqjD_yqjC_predicted,26.0,25,0,GAAGTGTTAAGCTAGGATTT,25,5242536
yqjE_yqjK_yqjD_yqjC_predicted,26.0,25,0,CTTCGATCACCCTATCGACG,25,5208148
yqjE_yqjK_yqjD_yqjC_predicted,26.0,25,0,CGGGGATTTTAAGAAATCTT,25,5171950
yqjE_yqjK_yqjD_yqjC_predicted,26.0,25,0,CCACTAGGGACGTCAGTATG,25,5202861
yqjE_yqjK_yqjD_yqjC_predicted,26.0,25,0,CAAAGCTAGCAGAACATAAT,25,5172471
yqjE_yqjK_yqjD_yqjC_predicted,26.0,25,0,AATTTATCTGACAATCCGGC,25,5198256
yqjE_yqjK_yqjD_yqjC_predicted,26.0,25,0,AACCGATTTTGTTGGTGCAG,25,5223508
yqjE_yqjK_yqjD_yqjC_predicted,25.0,24,0,TTTTACCCTCAAGAGCCTTA,24,5198129
yqjE_yqjK_yqjD_yqjC_predicted,25.0,24,0,TTCCGAGGCGGGACCCGTGT,24,5261223
yqjE_yqjK_yqjD_yqjC_predicted,25.0,24,0,TCCACTCAGGGCGTGATACT,24,5197102
yqjE_yqjK_yqjD_yqjC_predicted,25.0,24,0,TATAGTACCGGGGCGCCTCT,24,5199998
yqjE_yqjK_yqjD_yqjC_predicted,25.0,24,0,TACAGGAACTGTAGGGTTGC,24,5221280
yqjE_yqjK_yqjD_yqjC_predicted,25.0,24,0,TAACGCGCCAGCTCCCGAGT,24,5186631
yqjE_yqjK_yqjD_yqjC_predicted,25.0,24,0,TAACATGGGTCAGAGTCATT,24,5255542
yqjE_yqjK_yqjD_yqjC_predicted,25.0,24,0,GTTTGTTCGTGCTTGGCGCC,24,5190350
yqjE_yqjK_yqjD_yqjC_predicted,25.0,24,0,GTTATCTCATAGGGAACCCC,24,5233014
yqjE_yqjK_yqjD_yqjC_predicted,25.0,24,0,GGTAGGCGTAGGGAATCGTT,24,5254588
yqjE_yqjK_yqjD_yqjC_predicted,25.0,24,0,GGGCACGAGCGCTGAAGAGA,24,5249226
yqjE_yqjK_yqjD_yqjC_predicted,25.0,24,0,GCGCATCCCGTGCTAGATTA,24,5182893
yqjE_yqjK_yqjD_yqjC_predicted,25.0,24,0,GATGCGATGGGAAGAACGAC,24,5184217
yqjE_yqjK_yqjD_yqjC_predicted,25.0,24,0,CTGGGGCTCGTGTCGTCGCT,24,5249724
yqjE_yqjK_yqjD_yqjC_predicted,25.0,24,0,CGTTTAGTGTGAGCCAAATA,24,5205186
yqjE_yqjK_yqjD_yqjC_predicted,25.0,24,0,CGTTGGCAGGATGGTTCCGG,24,5172168
yqjE_yqjK_yqjD_yqjC_predicted,25.0,24,0,CGGTTTAATATAGGATTGAC,24,5229848
yqjE_yqjK_yqjD_yqjC_predicted,25.0,24,0,CGGAAGATACGGGCCGGTGC,24,5228367
yqjE_yqjK_yqjD_yqjC_predicted,25.0,24,0,CCTCTCAAATCACATAAACC,24,5179792
yqjE_yqjK_yqjD_yqjC_predicted,25.0,24,0,ATGGTGGGCTCCTTTTTGCC,24,5186687
yqjE_yqjK_yqjD_yqjC_predicted,25.0,24,0,ATGAGGGGTGTTGGCCTATA,24,5179804
yqjE_yqjK_yqjD_yqjC_predicted,25.0,24,0,ACTCTTGGGTCACCCAGAGT,24,5212682
yqjE_yqjK_yqjD_yqjC_predicted,25.0,24,0,ACGTCATATCGTAATTTTTT,24,5172054
yqjE_yqjK_yqjD_yqjC_predicted,25.0,24,0,ACCACACATGTAGGGAAAAT,24,5261769
yqjE_yqjK_yqjD_yqjC_predicted,24.0,23,0,TTATAGCTGACTAAGTGCAG,23,5259675
yqjE_yqjK_yqjD_yqjC_predicted,24.0,23,0,TGGTATTATTAAGCTCATCA,23,5217348
yqjE_yqjK_yqjD_yqjC_predicted,24.0,23,0,TGATATTTAAACTGATAAAA,23,5244535
yqjE_yqjK_yqjD_yqjC_predicted,24.0,23,0,TCTCCAGAAATACGCAGTTA,23,5210355
yqjE_yqjK_yqjD_yqjC_predicted,24.0,23,0,TCGGTTATAATTTAAATACA,23,5174529
yqjE_yqjK_yqjD_yqjC_predicted,24.0,23,0,TCCCTGGACCCCGCGGCAGT,23,5214327
yqjE_yqjK_yqjD_yqjC_predicted,24.0,23,0,TAACAACTTGTGAACACTTA,23,5260974
yqjE_yqjK_yqjD_yqjC_predicted,24.0,23,0,GTTTGCCGCTCCGTAGTTGA,23,5177842
yqjE_yqjK_yqjD_yqjC_predicted,24.0,23,0,GTGTTGAGCTTACTTCATTC,23,5223568
yqjE_yqjK_yqjD_yqjC_predicted,24.0,23,0,GTCGCGTGCGTCAAATCCCC,23,5244299
yqjE_yqjK_yqjD_yqjC_predicted,24.0,23,0,GGTAACACTTGTCTCTGTAA,23,5217945
yqjE_yqjK_yqjD_yqjC_predicted,24.0,23,0,GGGTGTTCCTCATCGGAATG,23,5215383
yqjE_yqjK_yqjD_yqjC_predicted,24.0,23,0,GGATGCCGTGCAAGCAACTA,23,5242693
yqjE_yqjK_yqjD_yqjC_predicted,24.0,23,0,GCGGCGTTACGAGATGACAG,23,5234015
yqjE_yqjK_yqjD_yqjC_predicted,24.0,23,0,CTTATGAGAACGGGGATCTG,23,5196680
yqjE_yqjK_yqjD_yqjC_predicted,24.0,23,0,CTCAATCCCAATGCTCATTT,23,5205132
yqjE_yqjK_yqjD_yqjC_predicted,24.0,23,0,CCTGTGCTGTGAAACTCGCG,23,5175513
yqjE_yqjK_yqjD_yqjC_predicted,24.0,23,0,CAGTTATTCATGAGTGGAAT,23,5198708
yqjE_yqjK_yqjD_yqjC_predicted,24.0,23,0,CAAGGTCCATTTAAAGAATT,23,5239393
yqjE_yqjK_yqjD_yqjC_predicted,24.0,23,0,ATTTAGAGTCTTAAAAGGGC,23,5214098
yqjE_yqjK_yqjD_yqjC_predicted,24.0,23,0,ATAGTCAGCGACACTCCCAA,23,5180187
yqjE_yqjK_yqjD_yqjC_predicted,24.0,23,0,AGTCATACCCAGTTAGGGTC,23,5248001
yqjE_yqjK_yqjD_yqjC_predicted,24.0,23,0,AGCGCCACAAATCATAAGGG,23,5209402
yqjE_yqjK_yqjD_yqjC_predicted,24.0,23,0,AGCAACGCGAGCAAGGCTGA,23,5235280
yqjE_yqjK_yqjD_yqjC_predicted,24.0,23,0,ACTTGCGTGCGGCCTATACA,23,5255587
yqjE_yqjK_yqjD_yqjC_predicted,24.0,23,0,ACCTGCGGTCTATCTCTCAT,23,5218775
yqjE_yqjK_yqjD_yqjC_predicted,24.0,23,0,AATATCCACGGTTGAAACTA,23,5240153
yqjE_yqjK_yqjD_yqjC_predicted,24.0,23,0,AAGTTGAAGCCAATCTACTG,23,5228905
yqjE_yqjK_yqjD_yqjC_predicted,24.0,23,0,AAGTCCCAGGAAATAATACC,23,5178394
yqjE_yqjK_yqjD_yqjC_predicted,23.0,22,0,TTGACTCGGTTTGGATTCAG,22,5174643
yqjE_yqjK_yqjD_yqjC_predicted,23.0,22,0,TGTTAGTATAGCTGCTGGTT,22,5191504
yqjE_yqjK_yqjD_yqjC_predicted,23.0,22,0,TGCGTCGGTATATTGCTTGG,22,5180277
yqjE_yqjK_yqjD_yqjC_predicted,23.0,22,0,TCCGGCACTTATAGTAAGCA,22,5181541
yqjE_yqjK_yqjD_yqjC_predicted,23.0,22,0,TCCAGGGACCTCGGGCTGCA,22,5218263
yqjE_yqjK_yqjD_yqjC_predicted,23.0,22,0,TCAGAATGAGCCTCGACTGA,22,5248100
yqjE_yqjK_yqjD_yqjC_predicted,23.0,22,0,GGATCGGTCGCGCCCCCGGT,22,5202570
yqjE_yqjK_yqjD_yqjC_predicted,23.0,22,0,GCGTACGTTCGCGGAAACTT,22,5234793
yqjE_yqjK_yqjD_yqjC_predicted,23.0,22,0,GCGGATAGATTGTGAATATA,22,5233694
yqjE_yqjK_yqjD_yqjC_predicted,23.0,22,0,GCGCGAATGGCACCGCTTTG,22,5202020
yqjE_yqjK_yqjD_yqjC_predicted,23.0,22,0,GCCGGCTTGAAGTTCCTGTC,22,5232940
yqjE_yqjK_yqjD_yqjC_predicted,23.0,22,0,GCCAAAGTCTCTAAATAGTA,22,5237406
yqjE_yqjK_yqjD_yqjC_predicted,23.0,22,0,GAGGAGCGCAGTACTTACCC,22,5196181
yqjE_yqjK_yqjD_yqjC_predicted,23.0,22,0,GAGCTGGAGCATTCTACATT,22,5200131
yqjE_yqjK_yqjD_yqjC_predicted,23.0,22,0,CTTTCCCAGTCATGCACGCG,22,5181777
yqjE_yqjK_yqjD_yqjC_predicted,23.0,22,0,CTTATTATGTGCGTCTTTGA,22,5258018
yqjE_yqjK_yqjD_yqjC_predicted,23.0,22,0,CGACCTGGTCGATTAAAAAA,22,5182698
yqjE_yqjK_yqjD_yqjC_predicted,23.0,22,0,CCAATTCGACGTGGGTAAGT,22,5217310
yqjE_yqjK_yqjD_yqjC_predicted,23.0,22,0,CCAACTCCGCTGCAACGACC,22,5189610
yqjE_yqjK_yqjD_yqjC_predicted,23.0,22,0,CATGCCTTAACACTCGAGGG,22,5225682
yqjE_yqjK_yqjD_yqjC_predicted,23.0,22,0,CAGCTTTATTCAACGTTGTA,22,5256417
yqjE_yqjK_yqjD_yqjC_predicted,23.0,22,0,CACGAAGGGACTCCTACCAC,22,5258833
yqjE_yqjK_yqjD_yqjC_predicted,23.0,22,0,ATTGGGCTAAAATAGATTTC,22,5243993
yqjE_yqjK_yqjD_yqjC_predicted,23.0,22,0,AGCCGACTACAGCAATCCGC,22,5262667
yqjE_yqjK_yqjD_yqjC_predicted,23.0,22,0,ACCTGCCATGTTACATTATC,22,5196293
yqjE_yqjK_yqjD_yqjC_predicted,23.0,22,0,ACCGTCAGATGTTGTGATAG,22,5216005
yqjE_yqjK_yqjD_yqjC_predicted,23.0,22,0,AAGGAATATGAAGACGGGAT,22,5207903
yqjE_yqjK_yqjD_yqjC_predicted,22.0,21,0,TTCAGTGCAGTGCATCTGTT,21,5238937
yqjE_yqjK_yqjD_yqjC_predicted,22.0,21,0,TTACGTCCTCCATTGCGCTT,21,5244834
yqjE_yqjK_yqjD_yqjC_predicted,22.0,21,0,TGCACTATTGCGCTAATACG,21,5251623
yqjE_yqjK_yqjD_yqjC_predicted,22.0,21,0,TCAGGTAACACGTTGTAACA,21,5245657
yqjE_yqjK_yqjD_yqjC_predicted,22.0,21,0,TCACATCGGGAAGATTGCGA,21,5204454
yqjE_yqjK_yqjD_yqjC_predicted,22.0,21,0,TATCGCACCACGGCACGCAT,21,5247622
yqjE_yqjK_yqjD_yqjC_predicted,22.0,21,0,TAGGAAAGGATAGGGCAATA,21,5245620
yqjE_yqjK_yqjD_yqjC_predicted,22.0,21,0,TAGAAACTTTTACTACGCAT,21,5183157
yqjE_yqjK_yqjD_yqjC_predicted,22.0,21,0,GTTCTCGTGAAACCAGGTCT,21,5173077
yqjE_yqjK_yqjD_yqjC_predicted,22.0,21,0,GTGCGTATTTGAGGGTACGG,21,5194828
yqjE_yqjK_yqjD_yqjC_predicted,22.0,21,0,GGTTGTGGCCACGCTCTATT,21,5208124
yqjE_yqjK_yqjD_yqjC_predicted,22.0,21,0,GGTCGTTCACAGGAGAGAGC,21,5195497
yqjE_yqjK_yqjD_yqjC_predicted,22.0,21,0,GGGCGGCTCTATCCGTCGAA,21,5182656
yqjE_yqjK_yqjD_yqjC_predicted,22.0,21,0,GCCTCACACCTACCTTAGGA,21,5259896
yqjE_yqjK_yqjD_yqjC_predicted,22.0,21,0,GCCCGACGAATACCACTACC,21,5258134
yqjE_yqjK_yqjD_yqjC_predicted,22.0,21,0,GAAATCGACCGGGTCTGCTC,21,5171960
yqjE_yqjK_yqjD_yqjC_predicted,22.0,21,0,CGCTACACCCTTGCCAGGAA,21,5223523
yqjE_yqjK_yqjD_yqjC_predicted,22.0,21,0,CAGATAGCGTACAAAGGACT,21,5180942
yqjE_yqjK_yqjD_yqjC_predicted,22.0,21,0,AGCTAAGGCTTATAGCCTGG,21,5240885
yqjE_yqjK_yqjD_yqjC_predicted,22.0,21,0,AGAATAACTTACTGGCGAAA,21,5242517
yqjE_yqjK_yqjD_yqjC_predicted,22.0,21,0,ACTGGAACCCGCCTTACGCC,21,5197869
yqjE_yqjK_yqjD_yqjC_predicted,22.0,21,0,AATGATATGCCGTAGTGGGT,21,5225663
yqjE_yqjK_yqjD_yqjC_predicted,22.0,21,0,AAGACCTAGGCTTCTGATCC,21,5246055
yqjE_yqjK_yqjD_yqjC_predicted,21.0,20,0,TTTGGACAACTGACATTGTT,20,5261727
yqjE_yqjK_yqjD_yqjC_predicted,21.0,20,0,TTGGTCATCCGCCCAGTATT,20,5179352
yqjE_yqjK_yqjD_yqjC_predicted,21.0,20,0,TATACATTATATGCGAGGCA,20,5204117
yqjE_yqjK_yqjD_yqjC_predicted,21.0,20,0,TACGGGGGGTACAAACGGCC,20,5235254
yqjE_yqjK_yqjD_yqjC_predicted,21.0,20,0,GTGGTGTGCACTTCGCGACA,20,5194025
yqjE_yqjK_yqjD_yqjC_predicted,21.0,20,0,GTACCGCTATGTTATAAATG,20,5240866
yqjE_yqjK_yqjD_yqjC_predicted,21.0,20,0,GGGTCATCGCGTAGGACAGA,20,5187703
yqjE_yqjK_yqjD_yqjC_predicted,21.0,20,0,GGGATCGCAGCAAGTGGGTC,20,5227652
yqjE_yqjK_yqjD_yqjC_predicted,21.0,20,0,GATCGGCGATCCGATAGACC,20,5211558
yqjE_yqjK_yqjD_yqjC_predicted,21.0,20,0,CTTGGAGGTTGGAGCCCGGC,20,5175281
yqjE_yqjK_yqjD_yqjC_predicted,21.0,20,0,CTCATTATCTCCTTCGGCCT,20,5206310
yqjE_yqjK_yqjD_yqjC_predicted,21.0,20,0,CGGCACGTGTTCACCTGGAG,20,5190885
yqjE_yqjK_yqjD_yqjC_predicted,21.0,20,0,CGATTATATAGGCTCACATT,20,5230763
yqjE_yqjK_yqjD_yqjC_predicted,21.0,20,0,CGACCGCCCCGGGCGATCTT,20,5207907
yqjE_yqjK_yqjD_yqjC_predicted,21.0,20,0,CCGTACGATTTCGGCCATAG,20,5173861
yqjE_yqjK_yqjD_yqjC_predicted,21.0,20,0,CAGCGCTCGTGGACACCCCC,20,5210712
yqjE_yqjK_yqjD_yqjC_predicted,21.0,20,0,CAGAGAAAACCCTGCATCAG,20,5171646
yqjE_yqjK_yqjD_yqjC_predicted,21.0,20,0,AGGGGCAGCTACAACCTGAA,20,5185725
yqjE_yqjK_yqjD_yqjC_predicted,21.0,20,0,AGCAATACTCTGAAACGACT,20,5197862
yqjE_yqjK_yqjD_yqjC_predicted,21.0,20,0,ACAGTCATCACGCTCACACC,20,5218406
yqjE_yqjK_yqjD_yqjC_predicted,21.0,20,0,ACAGGGCTAGTACAGGCGGT,20,5180162
yqjE_yqjK_yqjD_yqjC_predicted,21.0,20,0,AAGGAACCACGATCTGTTTT,20,5187692
yqjE_yqjK_yqjD_yqjC_predicted,20.0,19,0,TTGGCTTTCCGACTTAGGTC,19,5199703
yqjE_yqjK_yqjD_yqjC_predicted,20.0,19,0,TTAACCTGGAACTAAAAACA,19,5259041
yqjE_yqjK_yqjD_yqjC_predicted,20.0,19,0,TCTTCATTGGCAACTAATAC,19,5190406
yqjE_yqjK_yqjD_yqjC_predicted,20.0,19,0,TCGGATTATAGCTTGGGTAC,19,5251399
yqjE_yqjK_yqjD_yqjC_predicted,20.0,19,0,TCCTCGGCTTTATCTCTAGG,19,5259765
yqjE_yqjK_yqjD_yqjC_predicted,20.0,19,0,TCCATAGAGCTCAGGCTTCA,19,5222103
yqjE_yqjK_yqjD_yqjC_predicted,20.0,19,0,GTTTTTTTTACCCAGCCTTC,19,5197605
yqjE_yqjK_yqjD_yqjC_predicted,20.0,19,0,GTTGATCCAGCGCAAGCCGA,19,5200883
yqjE_yqjK_yqjD_yqjC_predicted,20.0,19,0,GTAAATATGTAGGGGAATGC,19,5230843
yqjE_yqjK_yqjD_yqjC_predicted,20.0,19,0,GGGCCTGGGAGATTTCGGGA,19,5255623
yqjE_yqjK_yqjD_yqjC_predicted,20.0,19,0,GGCTGGGGCTCTAAAGTTAT,19,5254273
yqjE_yqjK_yqjD_yqjC_predicted,20.0,19,0,GCTACAAAAGTAGTAGGTTT,19,5178934
yqjE_yqjK_yqjD_yqjC_predicted,20.0,19,0,GCCTGTCGGGTTCTACTAAA,19,5254201
yqjE_yqjK_yqjD_yqjC_predicted,20.0,19,0,CTCCCCACCTGAGCTCCAGT,19,5221295
yqjE_yqjK_yqjD_yqjC_predicted,20.0,19,0,CGTCCAGTGCTCCTGTGTTG,19,5235266
yqjE_yqjK_yqjD_yqjC_predicted,20.0,19,0,CGCGCAAAACGGACCAGCGT,19,5210207
yqjE_yqjK_yqjD_yqjC_predicted,20.0,19,0,CGAATACAGCACTCTTGTTG,19,5224031
yqjE_yqjK_yqjD_yqjC_predicted,20.0,19,0,CCTTCAAAGTGTAGATATGC,19,5207977
yqjE_yqjK_yqjD_yqjC_predicted,20.0,19,0,CCATAAGGAGGAAGGGTATC,19,5174862
yqjE_yqjK_yqjD_yqjC_predicted,20.0,19,0,ATCTACCTTGTAGCGCCATA,19,5250621
yqjE_yqjK_yqjD_yqjC_predicted,20.0,19,0,AGGTCCACACGGGCAATAAT,19,5232731
yqjE_yqjK_yqjD_yqjC_predicted,20.0,19,0,ACGGCTGGGCGGTTCCAACG,19,5230828
yqjE_yqjK_yqjD_yqjC_predicted,20.0,19,0,ACGACGGCAATAGCCCGCCT,19,5233464
yqjE_yqjK_yqjD_yqjC_predicted,20.0,19,0,ACCATAACCCACGAGACCGA,19,5189216
yqjE_yqjK_yqjD_yqjC_predicted,20.0,19,0,AAGCCATTGTAACCGCGGCG,19,5208144
yqjE_yqjK_yqjD_yqjC_predicted,20.0,19,0,AAGACGGGGCGTGGAGCAAG,19,5199164
yqjE_yqjK_yqjD_yqjC_predicted,20.0,19,0,AACTCCGTTTGGTCTGTGGA,19,5173029
yqjE_yqjK_yqjD_yqjC_predicted,20.0,19,0,AAATCTCGGAACCTAGCGTC,19,5237763
yqjE_yqjK_yqjD_yqjC_predicted,19.0,18,0,TTGCCGGTGAGTACAGCACG,18,5226582
yqjE_yqjK_yqjD_yqjC_predicted,19.0,18,0,TTGAAGCTATCACGCGGAGG,18,5241858
yqjE_yqjK_yqjD_yqjC_predicted,19.0,18,0,TTCTTCAAGATCGTGAATAC,18,5224306
yqjE_yqjK_yqjD_yqjC_predicted,19.0,18,0,TTACAGGGTGAGGGCCAATA,18,5227101
yqjE_yqjK_yqjD_yqjC_predicted,19.0,18,0,TGGTAACAGTGGACCTGGCT,18,5222503
yqjE_yqjK_yqjD_yqjC_predicted,19.0,18,0,TGCCGCCGCAATCTTCATCT,18,5182167
yqjE_yqjK_yqjD_yqjC_predicted,19.0,18,0,TGCAACCGATGAATTTCTAG,18,5234349
yqjE_yqjK_yqjD_yqjC_predicted,19.0,18,0,TGAGCATACAGGTTGCGCAT,18,5240775
yqjE_yqjK_yqjD_yqjC_predicted,19.0,18,0,TCTTGGGGCTCAGTTCTCAA,18,5212468
yqjE_yqjK_yqjD_yqjC_predicted,19.0,18,0,TCTGTGTACTACGATTACTA,18,5196640
yqjE_yqjK_yqjD_yqjC_predicted,19.0,18,0,TCAGTGGGCATGGCCACTTC,18,5207344
yqjE_yqjK_yqjD_yqjC_predicted,19.0,18,0,TACTATACCTTGGTTTGACT,18,5219201
yqjE_yqjK_yqjD_yqjC_predicted,19.0,18,0,TACCACTGGTGTGCATTTTA,18,5248325
yqjE_yqjK_yqjD_yqjC_predicted,19.0,18,0,GTGGGTGCCTAGGCGAGCGA,18,5200297
yqjE_yqjK_yqjD_yqjC_predicted,19.0,18,0,GCTATGTCTAGTTGCTGCAT,18,5214404
yqjE_yqjK_yqjD_yqjC_predicted,19.0,18,0,CGAAACGCTAGTTAGAACCA,18,5208580
yqjE_yqjK_yqjD_yqjC_predicted,19.0,18,0,CCACAAACGCCGCGACGAGC,18,5176319
yqjE_yqjK_yqjD_yqjC_predicted,19.0,18,0,CAGGCGCGTCATGGACATTA,18,5248103
yqjE_yqjK_yqjD_yqjC_predicted,19.0,18,0,ATGACCAGCGGCCGGAAATC,18,5210452
yqjE_yqjK_yqjD_yqjC_predicted,19.0,18,0,ATCGAGAGTGCTGCACGGAG,18,5261780
yqjE_yqjK_yqjD_yqjC_predicted,19.0,18,0,AGTGGGGTTACGGCTACAGG,18,5223953
yqjE_yqjK_yqjD_yqjC_predicted,19.0,18,0,AGGCTTCCGTGCCCGACCGG,18,5244343
yqjE_yqjK_yqjD_yqjC_predicted,19.0,18,0,ACGTGAATCATATGAAGATC,18,5243381
yqjE_yqjK_yqjD_yqjC_predicted,19.0,18,0,ACGCGCCCACCAACGTGCTG,18,5218444
yqjE_yqjK_yqjD_yqjC_predicted,19.0,18,0,AAAAGCGTAAGAGACGGGGT,18,5231583
yqjE_yqjK_yqjD_yqjC_predicted,18.0,17,0,TTTTGAACCGGCAGGTAATA,17,5226866
yqjE_yqjK_yqjD_yqjC_predicted,18.0,17,0,TTTCATGTTGTAGCTCCCTT,17,5200451
yqjE_yqjK_yqjD_yqjC_predicted,18.0,17,0,TCGACTTGCTTAATGCATAC,17,5172118
yqjE_yqjK_yqjD_yqjC_predicted,18.0,17,0,TAGGCAGAGCGTGTGCCAAG,17,5230916
yqjE_yqjK_yqjD_yqjC_predicted,18.0,17,0,TACCCATGATTGCGCATCAT,17,5246056
yqjE_yqjK_yqjD_yqjC_predicted,18.0,17,0,GTTGGTATCGCCCAAGCTGG,17,5189626
yqjE_yqjK_yqjD_yqjC_predicted,18.0,17,0,GCGGATTTACGACTTGCCAC,17,5171480
yqjE_yqjK_yqjD_yqjC_predicted,18.0,17,0,GCGAAATGCGGATACTGGTT,17,5178651
yqjE_yqjK_yqjD_yqjC_predicted,18.0,17,0,CTGCTCCTGTCGGCCAGCAT,17,5199981
yqjE_yqjK_yqjD_yqjC_predicted,18.0,17,0,CCTCCGTATTCGATTTAAGA,17,5233397
yqjE_yqjK_yqjD_yqjC_predicted,18.0,17,0,CCCCTATCACGTACCGCACC,17,5185409
yqjE_yqjK_yqjD_yqjC_predicted,18.0,17,0,CATTAGATCAGGTATATTCG,17,5196141
yqjE_yqjK_yqjD_yqjC_predicted,18.0,17,0,CAATTTCGCGTGGCAATGCT,17,5218153
yqjE_yqjK_yqjD_yqjC_predicted,18.0,17,0,AGGTCATAGGGCTATGCTTC,17,5244332
yqjE_yqjK_yqjD_yqjC_predicted,18.0,17,0,AGATAGTATGCATAGAAGGC,17,5179360
yqjE_yqjK_yqjD_yqjC_predicted,18.0,17,0,ACCATCGTTGTCATGAGTGA,17,5171289
yqjE_yqjK_yqjD_yqjC_predicted,18.0,17,0,ACAGTGTATGCACGAGCATA,17,5242174
yqjE_yqjK_yqjD_yqjC_predicted,18.0,17,0,AACTGACCATATCCTTGCGT,17,5176792
yqjE_yqjK_yqjD_yqjC_predicted,18.0,17,0,AACCTGTGGGTGTCCATCGC,17,5199744
yqjE_yqjK_yqjD_yqjC_predicted,17.0,16,0,TTAAATCTCATAGCGAGGTT,16,5225545
yqjE_yqjK_yqjD_yqjC_predicted,17.0,16,0,TGGACCGGAGTCGTATTACC,16,5245124
yqjE_yqjK_yqjD_yqjC_predicted,17.0,16,0,TCGGTATATACTCCCAAGCA,16,5210111
yqjE_yqjK_yqjD_yqjC_predicted,17.0,16,0,TCGCCATGCAGGAGCAGTGG,16,5246620
yqjE_yqjK_yqjD_yqjC_predicted,17.0,16,0,GTGAGCGAACCGGTTGGGCG,16,5242167
yqjE_yqjK_yqjD_yqjC_predicted,17.0,16,0,GGTTTAACCGGGGATGCATC,16,5260420
yqjE_yqjK_yqjD_yqjC_predicted,17.0,16,0,GGCGAAAAGGAAGGCCCATG,16,5260259
yqjE_yqjK_yqjD_yqjC_predicted,17.0,16,0,GCGTATCCCCTGTTTGCCGG,16,5251563
yqjE_yqjK_yqjD_yqjC_predicted,17.0,16,0,GCATTCTAGAACGCGTGGCT,16,5227647
yqjE_yqjK_yqjD_yqjC_predicted,17.0,16,0,GATTACCAGGTTGTTATGTT,16,5245942
yqjE_yqjK_yqjD_yqjC_predicted,17.0,16,0,GACTAGGTACCAGACTATGG,16,5247440
yqjE_yqjK_yqjD_yqjC_predicted,17.0,16,0,CTCCCCCCATGATGCAATTT,16,5206770
yqjE_yqjK_yqjD_yqjC_predicted,17.0,16,0,CTACTCGCGCGGATCTCTTA,16,5195089
yqjE_yqjK_yqjD_yqjC_predicted,17.0,16,0,CGTTTTGGGCAGAGTCCGCT,16,5191753
yqjE_yqjK_yqjD_yqjC_predicted,17.0,16,0,CGTCAGGAAAGGGGCATAGC,16,5183441
yqjE_yqjK_yqjD_yqjC_predicted,17.0,16,0,CACGAGAAGCGCAAAGCGAA,16,5174027
yqjE_yqjK_yqjD_yqjC_predicted,17.0,16,0,ATCTATCTAGGAATTTTCGT,16,5196600
yqjE_yqjK_yqjD_yqjC_predicted,17.0,16,0,ATAAGCGACCTCCGGGTTGG,16,5174133
yqjE_yqjK_yqjD_yqjC_predicted,17.0,16,0,AGACGCGGCACGTGCCCTTT,16,5233816
yqjE_yqjK_yqjD_yqjC_predicted,17.0,16,0,ACGGTCCGACCACAAATCTC,16,5233302
yqjE_yqjK_yqjD_yqjC_predicted,17.0,16,0,AATTCATAATATACTGCGCT,16,5184976
yqjE_yqjK_yqjD_yqjC_predicted,16.0,15,0,TTTGCGGCCTAGTTTAACTG,15,5182092
yqjE_yqjK_yqjD_yqjC_predicted,16.0,15,0,TTGAAAACCTCACGCTAAGG,15,5180620
yqjE_yqjK_yqjD_yqjC_predicted,16.0,15,0,TTCGTTTGACTAACCGTTTC,15,5187618
yqjE_yqjK_yqjD_yqjC_predicted,16.0,15,0,TGGATTCAAAGCGCCGTATA,15,5229170
yqjE_yqjK_yqjD_yqjC_predicted,16.0,15,0,TCCGCTCTGTCAATGATAGT,15,5233029
yqjE_yqjK_yqjD_yqjC_predicted,16.0,15,0,TCAATGTTAAATTTAAACAT,15,5184147
yqjE_yqjK_yqjD_yqjC_predicted,16.0,15,0,GGTTTTACGCCCATTGCACT,15,5223858
yqjE_yqjK_yqjD_yqjC_predicted,16.0,15,0,GGCCCGGCATCTAGAGAGGC,15,5199376
yqjE_yqjK_yqjD_yqjC_predicted,16.0,15,0,GGACCCTTTTTTTGCATAGT,15,5255295
yqjE_yqjK_yqjD_yqjC_predicted,16.0,15,0,GCTTACGAAATGCGCTCGAA,15,5172849
yqjE_yqjK_yqjD_yqjC_predicted,16.0,15,0,GATCTGGCGCAAAGAAGTGT,15,5210365
yqjE_yqjK_yqjD_yqjC_predicted,16.0,15,0,GAGCTTCGCCCTTTATCTTA,15,5243011
yqjE_yqjK_yqjD_yqjC_predicted,16.0,15,0,GAGACTGGCGCACGGCTACA,15,5179596
yqjE_yqjK_yqjD_yqjC_predicted,16.0,15,0,CTCTGTGCGCGTTTTAACTG,15,5200267
yqjE_yqjK_yqjD_yqjC_predicted,16.0,15,0,CTCGTTGTCATCTGGGAAAT,15,5254562
yqjE_yqjK_yqjD_yqjC_predicted,16.0,15,0,CTCCGCTGGACAGGTAGCGC,15,5210435
yqjE_yqjK_yqjD_yqjC_predicted,16.0,15,0,CGTCTTCCAAGCGGACGAAA,15,5238707
yqjE_yqjK_yqjD_yqjC_predicted,16.0,15,0,CCCTCCGCATCGGGCAGTTT,15,5231888
yqjE_yqjK_yqjD_yqjC_predicted,16.0,15,0,CCAATGGCTGATCGGATCAG,15,5226517
yqjE_yqjK_yqjD_yqjC_predicted,16.0,15,0,CCAAGGGTCATAAAGGGTTC,15,5174190
yqjE_yqjK_yqjD_yqjC_predicted,16.0,15,0,CAGTAACGTAGTCCGACGAT,15,5232624
yqjE_yqjK_yqjD_yqjC_predicted,16.0,15,0,CAGGCGTATTTAGTGATACT,15,5184902
yqjE_yqjK_yqjD_yqjC_predicted,16.0,15,0,CACACTGTATAAGGGGCTCT,15,5262207
yqjE_yqjK_yqjD_yqjC_predicted,16.0,15,0,CAAAAATCAGAACAATGGTC,15,5259057
yqjE_yqjK_yqjD_yqjC_predicted,16.0,15,0,ATGTTTGAACCGTTTCTTGG,15,5183314
yqjE_yqjK_yqjD_yqjC_predicted,16.0,15,0,AGTATGGTTTCCTGTGTTTG,15,5205024
yqjE_yqjK_yqjD_yqjC_predicted,16.0,15,0,AGCTCAGCGTGGTCATGGCT,15,5227149
yqjE_yqjK_yqjD_yqjC_predicted,16.0,15,0,ACTAGGTGATACTGTGTAGC,15,5251012
yqjE_yqjK_yqjD_yqjC_predicted,16.0,15,0,AATCATGGCCGCTAGACCTG,15,5219182
yqjE_yqjK_yqjD_yqjC_predicted,16.0,15,0,AAGCCACTCCGTAACCGTCT,15,5215271
yqjE_yqjK_yqjD_yqjC_predicted,15.0,14,0,TGCCGACACTAGCGAAAAGC,14,5181488
yqjE_yqjK_yqjD_yqjC_predicted,15.0,14,0,TGCCAAGCGTCTCCACGCCC,14,5180842
yqjE_yqjK_yqjD_yqjC_predicted,15.0,14,0,TGACTTGTGAGTAATACGTG,14,5184554
yqjE_yqjK_yqjD_yqjC_predicted,15.0,14,0,TAGGATGACGCATCAAGGAC,14,5187611
yqjE_yqjK_yqjD_yqjC_predicted,15.0,14,0,TAGACCGGTGGTATAAAGCC,14,5237890
yqjE_yqjK_yqjD_yqjC_predicted,15.0,14,0,GTCCAAGGGGCCTGACTAGG,14,5227657
yqjE_yqjK_yqjD_yqjC_predicted,15.0,14,0,GGGGCGATAGTCTGATCTGC,14,5170974
yqjE_yqjK_yqjD_yqjC_predicted,15.0,14,0,GGATAGGGTGGAAGCACATC,14,5226193
yqjE_yqjK_yqjD_yqjC_predicted,15.0,14,0,GATAGGTCTTTGGAAGACAC,14,5199898
yqjE_yqjK_yqjD_yqjC_predicted,15.0,14,0,GAAGGCGCCTTTTGGACGCA,14,5197914
yqjE_yqjK_yqjD_yqjC_predicted,15.0,14,0,CTCTCAGGGCAGCTCGAGAG,14,5261578
yqjE_yqjK_yqjD_yqjC_predicted,15.0,14,0,CTCTATGTCTTTCCGGAATA,14,5253487
yqjE_yqjK_yqjD_yqjC_predicted,15.0,14,0,CCCATAACTTGCACCTCCCT,14,5233050
yqjE_yqjK_yqjD_yqjC_predicted,15.0,14,0,CCATATGAGGAAGTTCATCT,14,5176401
yqjE_yqjK_yqjD_yqjC_predicted,15.0,14,0,CAGGCACTGCACATCGCATG,14,5229667
yqjE_yqjK_yqjD_yqjC_predicted,15.0,14,0,CAGGATCGTGTTAGCTGGAG,14,5174777
yqjE_yqjK_yqjD_yqjC_predicted,15.0,14,0,CACTGCACGTATATTTAAGC,14,5247039
yqjE_yqjK_yqjD_yqjC_predicted,15.0,14,0,CACTCCGCACTTGAGGAGTT,14,5226746
yqjE_yqjK_yqjD_yqjC_predicted,15.0,14,0,ATAGTGCTCAGCAAACTCAA,14,5230014
yqjE_yqjK_yqjD_yqjC_predicted,15.0,14,0,ATACATACTCATTTCGGCCA,14,5202070
yqjE_yqjK_yqjD_yqjC_predicted,15.0,14,0,ACCATTGTGAAGGCAATCGC,14,5243307
yqjE_yqjK_yqjD_yqjC_predicted,15.0,14,0,AAATACAGGAATCTGTGGTC,14,5234364
yqjE_yqjK_yqjD_yqjC_predicted,14.0,13,0,TTGATTAAGCACGGGCGTTC,13,5255516
yqjE_yqjK_yqjD_yqjC_predicted,14.0,13,0,TCGTGTAATGCACGGATGGC,13,5232018
yqjE_yqjK_yqjD_yqjC_predicted,14.0,13,0,TATCACTTTGCGGCACAACA,13,5211742
yqjE_yqjK_yqjD_yqjC_predicted,14.0,13,0,GTTTATTCGTTTGTTTTTGT,13,5233057
yqjE_yqjK_yqjD_yqjC_predicted,14.0,13,0,GTTGCTAATGCCGACTGGTT,13,5217676
yqjE_yqjK_yqjD_yqjC_predicted,14.0,13,0,GGCGTATGGCAGAAACGAAT,13,5209404
yqjE_yqjK_yqjD_yqjC_predicted,14.0,13,0,GGCCCCGCCTTATCATTGTT,13,5214172
yqjE_yqjK_yqjD_yqjC_predicted,14.0,13,0,GCCATTGCGGATTGCCGGAC,13,5185421
yqjE_yqjK_yqjD_yqjC_predicted,14.0,13,0,GCAAAAGTCACTCTGATGGT,13,5257657
yqjE_yqjK_yqjD_yqjC_predicted,14.0,13,0,GACGGTCGCGTCCGCGCAAA,13,5254636
yqjE_yqjK_yqjD_yqjC_predicted,14.0,13,0,CTTTGTTTATGAACATTCTA,13,5172120
yqjE_yqjK_yqjD_yqjC_predicted,14.0,13,0,CTTGAGACCCCCATTGGATA,13,5232668
yqjE_yqjK_yqjD_yqjC_predicted,14.0,13,0,CTGCTTTGTATTCTGCAAGG,13,5198557
yqjE_yqjK_yqjD_yqjC_predicted,14.0,13,0,CTACGCTATTGAAGGGGTGG,13,5219216
yqjE_yqjK_yqjD_yqjC_predicted,14.0,13,0,CATATTAACTCTTGGATCCG,13,5226588
yqjE_yqjK_yqjD_yqjC_predicted,14.0,13,0,CACCTGGCCGTATCATTTCT,13,5179302
yqjE_yqjK_yqjD_yqjC_predicted,14.0,13,0,ATCACGTTCTACGGTTAGAG,13,5241539
yqjE_yqjK_yqjD_yqjC_predicted,14.0,13,0,AGTTGCCCAGACATAGGAAG,13,5210195
yqjE_yqjK_yqjD_yqjC_predicted,14.0,13,0,ACTTTTGTCTCGTCCCTTGC,13,5200524
yqjE_yqjK_yqjD_yqjC_predicted,14.0,13,0,ACCCTATTCCCCGCAGAACA,13,5214874
yqjE_yqjK_yqjD_yqjC_predicted,14.0,13,0,ACATTCATCCTGACTTACTA,13,5218897
yqjE_yqjK_yqjD_yqjC_predicted,13.0,12,0,TTGTACATGCCAAGTGGGAT,12,5244797
yqjE_yqjK_yqjD_yqjC_predicted,13.0,12,0,TTCCAGGTTCTGAGTAGGAT,12,5202098
yqjE_yqjK_yqjD_yqjC_predicted,13.0,12,0,TGTCACAGCCAAGTTAAACG,12,5202161
yqjE_yqjK_yqjD_yqjC_predicted,13.0,12,0,TGAGGTGGATTGACTTGCCC,12,5202568
yqjE_yqjK_yqjD_yqjC_predicted,13.0,12,0,TCAGGGTTTACCTCTGGCGT,12,5179378
yqjE_yqjK_yqjD_yqjC_predicted,13.0,12,0,TAGCGGTAGGGACCTTGTAT,12,5201344
yqjE_yqjK_yqjD_yqjC_predicted,13.0,12,0,GTTAGTCTGGCACCGCATAG,12,5230864
yqjE_yqjK_yqjD_yqjC_predicted,13.0,12,0,GTTACTTGGTTTTTAGGATA,12,5246028
yqjE_yqjK_yqjD_yqjC_predicted,13.0,12,0,GGTTCGTAGCCTTACCTTTT,12,5210753
yqjE_yqjK_yqjD_yqjC_predicted,13.0,12,0,GGACTCAATCGTCGCCGAAG,12,5229053
yqjE_yqjK_yqjD_yqjC_predicted,13.0,12,0,GGACCCGGGTATCTTACCCA,12,5214124
yqjE_yqjK_yqjD_yqjC_predicted,13.0,12,0,GCGCCAGTGCGCTAGCGGAT,12,5250617
yqjE_yqjK_yqjD_yqjC_predicted,13.0,12,0,GCCGTCCAGCATTGATTGCC,12,5215789
yqjE_yqjK_yqjD_yqjC_predicted,13.0,12,0,GAGCAAACTTTAAATTTCGG,12,5255585
yqjE_yqjK_yqjD_yqjC_predicted,13.0,12,0,CTCAGGACCCACGAAGACAC,12,5193164
yqjE_yqjK_yqjD_yqjC_predicted,13.0,12,0,CGGTGTTCGGCTGTGCAAAC,12,5238281
yqjE_yqjK_yqjD_yqjC_predicted,13.0,12,0,CGCGGGTGTGAATATGCCCA,12,5181478
yqjE_yqjK_yqjD_yqjC_predicted,13.0,12,0,CGATTGTCAGCAGCTGCAAT,12,5199382
yqjE_yqjK_yqjD_yqjC_predicted,13.0,12,0,CATCAATGTGGAGAGAGACT,12,5197902
yqjE_yqjK_yqjD_yqjC_predicted,13.0,12,0,CAGTGTCCGATTCACGCTTC,12,5221638
yqjE_yqjK_yqjD_yqjC_predicted,13.0,12,0,CAGTCGTGAGGTATGGGACT,12,5220857
yqjE_yqjK_yqjD_yqjC_predicted,13.0,12,0,CAGCAGGGTTGATGAGGCGG,12,5225575
yqjE_yqjK_yqjD_yqjC_predicted,13.0,12,0,ATCCGGGCCTGCGTAAACTA,12,5190633
yqjE_yqjK_yqjD_yqjC_predicted,13.0,12,0,AGGAATTCGTTGTCGGCGTG,12,5245896
yqjE_yqjK_yqjD_yqjC_predicted,13.0,12,0,AGAGAGTCCACCACGGCGTC,12,5237396
yqjE_yqjK_yqjD_yqjC_predicted,13.0,12,0,AGAATGGTTTGGCTAAGGTA,12,5197128
yqjE_yqjK_yqjD_yqjC_predicted,13.0,12,0,ACTTATGCATGGAAGTGATA,12,5226551
yqjE_yqjK_yqjD_yqjC_predicted,13.0,12,0,ACTCAAGGCCTATTGTATCT,12,5217668
yqjE_yqjK_yqjD_yqjC_predicted,13.0,12,0,ACGCACCGGAAGTTACCGAA,12,5216208
yqjE_yqjK_yqjD_yqjC_predicted,13.0,12,0,ACCGTAGACGGTAGTTGGTG,12,5237434
yqjE_yqjK_yqjD_yqjC_predicted,13.0,12,0,ACCGAATATAACATGTCTAG,12,5172184
yqjE_yqjK_yqjD_yqjC_predicted,13.0,12,0,AATTATGGTCTTGACCATAG,12,5176282
yqjE_yqjK_yqjD_yqjC_predicted,12.0,11,0,TTTATATCGTTAAGGGCCAG,11,5221058
yqjE_yqjK_yqjD_yqjC_predicted,12.0,11,0,TTCTAACGAGCAACCGTTGG,11,5219692
yqjE_yqjK_yqjD_yqjC_predicted,12.0,11,0,TGTTAGTGATTTGCCCCCGT,11,5185323
yqjE_yqjK_yqjD_yqjC_predicted,12.0,11,0,TGTTAACTGTCACCTCCTGG,11,5227558
yqjE_yqjK_yqjD_yqjC_predicted,12.0,11,0,TATATATTGGGGAAGGGCCG,11,5250924
yqjE_yqjK_yqjD_yqjC_predicted,12.0,11,0,TACATTAAAGGAGCAATTGT,11,5170875
yqjE_yqjK_yqjD_yqjC_predicted,12.0,11,0,TAAAATGTCATATGTTCAAA,11,5187930
yqjE_yqjK_yqjD_yqjC_predicted,12.0,11,0,GTGACTCAGACAGCTTCCCA,11,5225880
yqjE_yqjK_yqjD_yqjC_predicted,12.0,11,0,GTCCGTATGAACTGGCACTA,11,5198171
yqjE_yqjK_yqjD_yqjC_predicted,12.0,11,0,GGTGTATCATGCTGGCATAT,11,5208781
yqjE_yqjK_yqjD_yqjC_predicted,12.0,11,0,GCCTTGGGCTTTGAAGGGGA,11,5214153
yqjE_yqjK_yqjD_yqjC_predicted,12.0,11,0,GATTGATACATATTCCACTC,11,5216041
yqjE_yqjK_yqjD_yqjC_predicted,12.0,11,0,GAGCGCGTAAATTGGCTACT,11,5174713
yqjE_yqjK_yqjD_yqjC_predicted,12.0,11,0,CGCAAGACTGCTGTTAGTCA,11,5211172
yqjE_yqjK_yqjD_yqjC_predicted,12.0,11,0,CCGTCTAGAGCGCACCGACG,11,5198380
yqjE_yqjK_yqjD_yqjC_predicted,12.0,11,0,CCGAGGAGTGGGAAACCATA,11,5196860
yqjE_yqjK_yqjD_yqjC_predicted,12.0,11,0,CCATTCGGAGAAAAGCTTCT,11,5184536
yqjE_yqjK_yqjD_yqjC_predicted,12.0,11,0,CACGCTGTGGTTCTCTCATA,11,5190115
yqjE_yqjK_yqjD_yqjC_predicted,12.0,11,0,CAAACTTAGGTAACTTTACA,11,5230182
yqjE_yqjK_yqjD_yqjC_predicted,12.0,11,0,ATCGTGTGCTTAAATTCAAG,11,5238928
yqjE_yqjK_yqjD_yqjC_predicted,12.0,11,0,AGGTACGGCTAAGATTCCTG,11,5245910
yqjE_yqjK_yqjD_yqjC_predicted,12.0,11,0,AAAATGCGGTATAATTGTAC,11,5205878
yqjE_yqjK_yqjD_yqjC_predicted,11.0,10,0,TCTGCTGTTAGACGCATCGC,10,5215321
yqjE_yqjK_yqjD_yqjC_predicted,11.0,10,0,TCGGAGGTAATGATTGTCGT,10,5221966
yqjE_yqjK_yqjD_yqjC_predicted,11.0,10,0,TCGCGAGTTAGGTGCCATAA,10,5224702
yqjE_yqjK_yqjD_yqjC_predicted,11.0,10,0,TAGCGGCCCGTGCAATCATG,10,5223843
yqjE_yqjK_yqjD_yqjC_predicted,11.0,10,0,TAATCGTTAGCCGTGGGTGG,10,5234348
yqjE_yqjK_yqjD_yqjC_predicted,11.0,10,0,GTTGCCGACGGCGCGGACAA,10,5242183
yqjE_yqjK_yqjD_yqjC_predicted,11.0,10,0,GTTAGATATACCCTCCCCCA,10,5248963
yqjE_yqjK_yqjD_yqjC_predicted,11.0,10,0,GGTTTATGGAGACCAACGTC,10,5215482
yqjE_yqjK_yqjD_yqjC_predicted,11.0,10,0,GGCTTGTAGGTAATATTACT,10,5259573
yqjE_yqjK_yqjD_yqjC_predicted,11.0,10,0,CTGCCCAGGAGACTGACATT,10,5204118
yqjE_yqjK_yqjD_yqjC_predicted,11.0,10,0,CTGAGACAATAATGTCATCT,10,5196466
yqjE_yqjK_yqjD_yqjC_predicted,11.0,10,0,CTCACACTCCGTTAGGTCGT,10,5192484
yqjE_yqjK_yqjD_yqjC_predicted,11.0,10,0,CCTTCAATCACGGACTTAGA,10,5176358
yqjE_yqjK_yqjD_yqjC_predicted,11.0,10,0,CCATCGAAAAGAGCACTTCT,10,5255526
yqjE_yqjK_yqjD_yqjC_predicted,11.0,10,0,CCAATAGGAAGTCTCGGGGA,10,5182117
yqjE_yqjK_yqjD_yqjC_predicted,11.0,10,0,CCAACGCGTCTGGGATAATA,10,5195302
yqjE_yqjK_yqjD_yqjC_predicted,11.0,10,0,CATAATCTAAGTTAAATTAT,10,5227257
yqjE_yqjK_yqjD_yqjC_predicted,11.0,10,0,ATCCTATCTCCCATAGTCTA,10,5234346
yqjE_yqjK_yqjD_yqjC_predicted,11.0,10,0,ATAGGGTCAGCGTTGGATCC,10,5183939
yqjE_yqjK_yqjD_yqjC_predicted,11.0,10,0,AGTCCCCGTCAGGGCAAAAC,10,5253359
yqjE_yqjK_yqjD_yqjC_predicted,11.0,10,0,AAGGCATTTGAGGTAGGATG,10,5234184
yqjE_yqjK_yqjD_yqjC_predicted,10.0,9,0,TTTAGGAAAAACATCAAGAT,9,5231468
yqjE_yqjK_yqjD_yqjC_predicted,10.0,9,0,TTCTGCCCTAGCCTGGCAAC,9,5189153
yqjE_yqjK_yqjD_yqjC_predicted,10.0,9,0,TTCGGCCTCAATTCTTAAAT,9,5186014
yqjE_yqjK_yqjD_yqjC_predicted,10.0,9,0,TTCATGCGAGACTTGCAAGG,9,5247399
yqjE_yqjK_yqjD_yqjC_predicted,10.0,9,0,TCCTTAGTACTAAGGATCAA,9,5205453
yqjE_yqjK_yqjD_yqjC_predicted,10.0,9,0,TCATCGCATGCGTAACCATG,9,5219131
yqjE_yqjK_yqjD_yqjC_predicted,10.0,9,0,TAGGGAATGAGCGAAAAATA,9,5187685
yqjE_yqjK_yqjD_yqjC_predicted,10.0,9,0,GTTAGGGGTAAACAAAACCG,9,5179362
yqjE_yqjK_yqjD_yqjC_predicted,10.0,9,0,GGGCAGGAGAGATGACTGGA,9,5209865
yqjE_yqjK_yqjD_yqjC_predicted,10.0,9,0,GGCGCTCGGTAACCTTGCCA,9,5242001
yqjE_yqjK_yqjD_yqjC_predicted,10.0,9,0,GCAATGGGAGCGCGCCGACA,9,5240293
yqjE_yqjK_yqjD_yqjC_predicted,10.0,9,0,GCAAACTCGCGAAGAGTCAC,9,5232085
yqjE_yqjK_yqjD_yqjC_predicted,10.0,9,0,GAGACAGAGGGTTCTCGTTT,9,5192973
yqjE_yqjK_yqjD_yqjC_predicted,10.0,9,0,GACTCATACGCCCTCTCAGG,9,5233212
yqjE_yqjK_yqjD_yqjC_predicted,10.0,9,0,GACGGGTTATAGACCACGGA,9,5234535
yqjE_yqjK_yqjD_yqjC_predicted,10.0,9,0,CGTCCACTGCGCGAGGACAA,9,5204654
yqjE_yqjK_yqjD_yqjC_predicted,10.0,9,0,CGGGGCGCGCCGGATGCCGC,9,5221641
yqjE_yqjK_yqjD_yqjC_predicted,10.0,9,0,CGCGACGCGATTGAAGGTTT,9,5184910
yqjE_yqjK_yqjD_yqjC_predicted,10.0,9,0,CCTGGTTCGGAAGATCGTGT,9,5231674
yqjE_yqjK_yqjD_yqjC_predicted,10.0,9,0,CCATACTGTATGACTTCCCT,9,5246039
yqjE_yqjK_yqjD_yqjC_predicted,10.0,9,0,CCAAGTGAGTGGGTCAATAA,9,5250255
yqjE_yqjK_yqjD_yqjC_predicted,10.0,9,0,CATATAAACCCACGCCTAGT,9,5191982
yqjE_yqjK_yqjD_yqjC_predicted,10.0,9,0,CAGGGCCCTCTGAGTCGAAG,9,5245403
yqjE_yqjK_yqjD_yqjC_predicted,10.0,9,0,ATCGGAAAGCAAGAACGGCA,9,5203356
yqjE_yqjK_yqjD_yqjC_predicted,10.0,9,0,AGGGGTAAATAAGGTAGCTT,9,5227932
yqjE_yqjK_yqjD_yqjC_predicted,10.0,9,0,ACACGTTTGGGCTCGTGAAC,9,5254513
yqjE_yqjK_yqjD_yqjC_predicted,9.0,8,0,TTGTCTCTTTATGTACTGGA,8,5242061
yqjE_yqjK_yqjD_yqjC_predicted,9.0,8,0,TTATGGTAACTTTTGAAATT,8,5248682
yqjE_yqjK_yqjD_yqjC_predicted,9.0,8,0,TGGGATCGAGCAACATTGTC,8,5212037
yqjE_yqjK_yqjD_yqjC_predicted,9.0,8,0,TGCGGTAGTTTTGAGTGAGC,8,5241847
yqjE_yqjK_yqjD_yqjC_predicted,9.0,8,0,TACGCCGTCCCCGTGCAGTG,8,5230326
yqjE_yqjK_yqjD_yqjC_predicted,9.0,8,0,TACAGACGGCGCGGAAGTAG,8,5247571
yqjE_yqjK_yqjD_yqjC_predicted,9.0,8,0,GTTATATCCTAAAATTATAG,8,5212894
yqjE_yqjK_yqjD_yqjC_predicted,9.0,8,0,GCCGGTCGCCTATCCCAGTG,8,5217319
yqjE_yqjK_yqjD_yqjC_predicted,9.0,8,0,GATCCATTTGTGAGTGATGT,8,5183528
yqjE_yqjK_yqjD_yqjC_predicted,9.0,8,0,GAGTTCGCATACGCGCATGA,8,5179332
yqjE_yqjK_yqjD_yqjC_predicted,9.0,8,0,GACAGGACCCAGTCAAATCG,8,5250616
yqjE_yqjK_yqjD_yqjC_predicted,9.0,8,0,CTTCATAAAGTTCGCTCGCG,8,5181968
yqjE_yqjK_yqjD_yqjC_predicted,9.0,8,0,CTTATTCATTAATTATAATA,8,5221258
yqjE_yqjK_yqjD_yqjC_predicted,9.0,8,0,CTAGGATTCTACCAGCCGCT,8,5242552
yqjE_yqjK_yqjD_yqjC_predicted,9.0,8,0,CCATAATGGCCAAAAATGTA,8,5194585
yqjE_yqjK_yqjD_yqjC_predicted,9.0,8,0,CAGCCCCGATCGGTTAGATC,8,5194012
yqjE_yqjK_yqjD_yqjC_predicted,9.0,8,0,CAAAGACCGGAGAACCATTA,8,5198567
yqjE_yqjK_yqjD_yqjC_predicted,9.0,8,0,ATAGCTCGGGCATTGGAAAC,8,5222619
yqjE_yqjK_yqjD_yqjC_predicted,9.0,8,0,AGTTTCCAGTTTTGGTTTTT,8,5238835
yqjE_yqjK_yqjD_yqjC_predicted,9.0,8,0,AGGATTTAGGGACTCTACGT,8,5191033
yqjE_yqjK_yqjD_yqjC_predicted,9.0,8,0,AGCTGCTCCCCAAGTTATAG,8,5189048
yqjE_yqjK_yqjD_yqjC_predicted,9.0,8,0,AGCGGCCGAAGAGATGGTTT,8,5184930
yqjE_yqjK_yqjD_yqjC_predicted,9.0,8,0,ACGCCCACGCCTCACAACCA,8,5249745
yqjE_yqjK_yqjD_yqjC_predicted,9.0,8,0,ACGAATCGCTCTGTATCACT,8,5216863
yqjE_yqjK_yqjD_yqjC_predicted,9.0,8,0,ACATAAATTGGATTCTCCTA,8,5190748
yqjE_yqjK_yqjD_yqjC_predicted,9.0,8,0,AAGTAATAAATGACTTTTTC,8,5215906
yqjE_yqjK_yqjD_yqjC_predicted,9.0,8,0,AAGCACAGATAACCCATAAG,8,5261731
yqjE_yqjK_yqjD_yqjC_predicted,9.0,8,0,AACTCTAGTCAAGGATTTAA,8,5182897
yqjE_yqjK_yqjD_yqjC_predicted,8.0,7,0,TTCCATCCAAGAGATTGGGA,7,5201634
yqjE_yqjK_yqjD_yqjC_predicted,8.0,7,0,TTATCGCAGGCCCTGATACT,7,5242661
yqjE_yqjK_yqjD_yqjC_predicted,8.0,7,0,TCTTAGCGGCTCGTCGGACT,7,5174155
yqjE_yqjK_yqjD_yqjC_predicted,8.0,7,0,TCCCGTAATGTTGTACACTG,7,5207924
yqjE_yqjK_yqjD_yqjC_predicted,8.0,7,0,GTGATTCATGTTGATCGATG,7,5210191
yqjE_yqjK_yqjD_yqjC_predicted,8.0,7,0,GTAGGAAATCCGGTGGGCAT,7,5174602
yqjE_yqjK_yqjD_yqjC_predicted,8.0,7,0,GGTGGAAGGAAGCTAGACCA,7,5260188
yqjE_yqjK_yqjD_yqjC_predicted,8.0,7,0,GGGTAATATTGTCTTGCAAG,7,5245677
yqjE_yqjK_yqjD_yqjC_predicted,8.0,7,0,GCTTCACAGGCCTCCTCTCT,7,5205561
yqjE_yqjK_yqjD_yqjC_predicted,8.0,7,0,GCCATACTCCCATAGCTTGC,7,5257488
yqjE_yqjK_yqjD_yqjC_predicted,8.0,7,0,GAGGCGTGGGGTGAAGCGCA,7,5186132
yqjE_yqjK_yqjD_yqjC_predicted,8.0,7,0,GACCGCATTCCATCTCTCAT,7,5243164
yqjE_yqjK_yqjD_yqjC_predicted,8.0,7,0,CTAACAATCTCTTAACGTAG,7,5189027
yqjE_yqjK_yqjD_yqjC_predicted,8.0,7,0,CGCCTCATCGACTAAAAACA,7,5249807
yqjE_yqjK_yqjD_yqjC_predicted,8.0,7,0,CCTTGGCTGCCCTGCATCCA,7,5202091
yqjE_yqjK_yqjD_yqjC_predicted,8.0,7,0,CCTGTTATGGGCGTGCTTGA,7,5205503
yqjE_yqjK_yqjD_yqjC_predicted,8.0,7,0,CCTCAATCGAAGACGCTTAT,7,5232663
yqjE_yqjK_yqjD_yqjC_predicted,8.0,7,0,CCCCTCCTACGCCCGCCTGA,7,5180951
yqjE_yqjK_yqjD_yqjC_predicted,8.0,7,0,CATGATACCCACCAGCCCTA,7,5215456
yqjE_yqjK_yqjD_yqjC_predicted,8.0,7,0,ATGTGTCCCGGCGGGAGACA,7,5203068
yqjE_yqjK_yqjD_yqjC_predicted,8.0,7,0,AGTTTATGAACATCACACGG,7,5236848
yqjE_yqjK_yqjD_yqjC_predicted,8.0,7,0,AGTGAGGTGAGTGAAAGGAA,7,5224369
yqjE_yqjK_yqjD_yqjC_predicted,8.0,7,0,AGGTTTCGCTACAGTGGTTT,7,5191346
yqjE_yqjK_yqjD_yqjC_predicted,8.0,7,0,AGGATAGAAAAGTACCGCCA,7,5237870
yqjE_yqjK_yqjD_yqjC_predicted,8.0,7,0,ACTAGCTTCGCCGGGTCAGC,7,5200908
yqjE_yqjK_yqjD_yqjC_predicted,7.0,6,0,TTTCCCCGTCATGCAACTTT,6,5182670
yqjE_yqjK_yqjD_yqjC_predicted,7.0,6,0,TTCGATAATAGGGGAGGCAA,6,5176704
yqjE_yqjK_yqjD_yqjC_predicted,7.0,6,0,TGGTTAGTGACCCGACTCTA,6,5194797
yqjE_yqjK_yqjD_yqjC_predicted,7.0,6,0,TCCAGCCACAAAATCACTTA,6,5201070
yqjE_yqjK_yqjD_yqjC_predicted,7.0,6,0,TATCGGAGTAGAGATCGGCT,6,5233843
yqjE_yqjK_yqjD_yqjC_predicted,7.0,6,0,TATAAACTAGTACGTCAGTG,6,5207140
yqjE_yqjK_yqjD_yqjC_predicted,7.0,6,0,TACTCCTGTTTGTACGATGT,6,5215222
yqjE_yqjK_yqjD_yqjC_predicted,7.0,6,0,GTTGTTTTTTGCGCAACATG,6,5236954
yqjE_yqjK_yqjD_yqjC_predicted,7.0,6,0,GTTAAAGGGCCTAAAAACTT,6,5237699
yqjE_yqjK_yqjD_yqjC_predicted,7.0,6,0,GACGTGCACCGATTGTAAGA,6,5259200
yqjE_yqjK_yqjD_yqjC_predicted,7.0,6,0,CTCATTGATTCTAACTCGTA,6,5220139
yqjE_yqjK_yqjD_yqjC_predicted,7.0,6,0,CCTCGATACCGGCGAACGGG,6,5220811
yqjE_yqjK_yqjD_yqjC_predicted,7.0,6,0,CCGTTCTTGAAAGCGGCACC,6,5208147
yqjE_yqjK_yqjD_yqjC_predicted,7.0,6,0,CAAGCCCTCCAACGCCTTTC,6,5194287
yqjE_yqjK_yqjD_yqjC_predicted,7.0,6,0,ATGCTTGGCCTGTATCTTCG,6,5219242
yqjE_yqjK_yqjD_yqjC_predicted,7.0,6,0,AGGTCGTGTCTAGCTGGCAA,6,5198141
yqjE_yqjK_yqjD_yqjC_predicted,7.0,6,0,ACTTAAGGGTTATAGAGAAG,6,5189234
yqjE_yqjK_yqjD_yqjC_predicted,7.0,6,0,ACGTGGGCTACAGAGGGGCT,6,5182648
yqjE_yqjK_yqjD_yqjC_predicted,7.0,6,0,AATGGGGACACCAAGGAGGT,6,5233037
yqjE_yqjK_yqjD_yqjC_predicted,7.0,6,0,AACTTCATAATGGACATACT,6,5247225
yqjE_yqjK_yqjD_yqjC_predicted,7.0,6,0,AACCTATATTGAGTAGTAGC,6,5197271
yqjE_yqjK_yqjD_yqjC_predicted,6.0,5,0,TGTGTAAGCCCTCTATCATG,5,5193519
yqjE_yqjK_yqjD_yqjC_predicted,6.0,5,0,TGGACACAAGCAAGGCTTCA,5,5182241
yqjE_yqjK_yqjD_yqjC_predicted,6.0,5,0,TGCTTTCCCTGCCCTTCCCT,5,5256871
yqjE_yqjK_yqjD_yqjC_predicted,6.0,5,0,TGAACTTTGAGGCTTCACGA,5,5246495
yqjE_yqjK_yqjD_yqjC_predicted,6.0,5,0,TCATTCCTAAAGATCAGGTC,5,5187651
yqjE_yqjK_yqjD_yqjC_predicted,6.0,5,0,TAACACGTCAAATTTTGTGT,5,5191255
yqjE_yqjK_yqjD_yqjC_predicted,6.0,5,0,GTCATATGTTCATCTTTGGA,5,5249184
yqjE_yqjK_yqjD_yqjC_predicted,6.0,5,0,GGCCTTCCGGGACGACTGAG,5,5254244
yqjE_yqjK_yqjD_yqjC_predicted,6.0,5,0,GCATCAAGTCTGGCCCGGCC,5,5198559
yqjE_yqjK_yqjD_yqjC_predicted,6.0,5,0,CTTGAGGCGGCTGAGGTGAT,5,5186001
yqjE_yqjK_yqjD_yqjC_predicted,6.0,5,0,CCGTTCTGTAGGCAAATCGC,5,5234891
yqjE_yqjK_yqjD_yqjC_predicted,6.0,5,0,CCCTAAACGCCTCGTACCAG,5,5254055
yqjE_yqjK_yqjD_yqjC_predicted,6.0,5,0,CACCAGAGGCGATACGCAGG,5,5233042
yqjE_yqjK_yqjD_yqjC_predicted,6.0,5,0,CAACGGTCTGGGCACCTGTC,5,5232459
yqjE_yqjK_yqjD_yqjC_predicted,6.0,5,0,ATCCTGATGGCCGGTTGTGT,5,5231893
yqjE_yqjK_yqjD_yqjC_predicted,6.0,5,0,ATACGGCTCGTAGGCAAACC,5,5253352
yqjE_yqjK_yqjD_yqjC_predicted,6.0,5,0,AGCCCAAATAGTAGTTCGTT,5,5256445
yqjE_yqjK_yqjD_yqjC_predicted,6.0,5,0,ACGCAATATACGGCGTGCAT,5,5186194
yqjE_yqjK_yqjD_yqjC_predicted,6.0,5,0,AAAACGCAACACTCAAGCAT,5,5251541
yqjE_yqjK_yqjD_yqjC_predicted,5.0,4,0,TTTCGTTTGAGTTAGTCTTA,4,5198218
yqjE_yqjK_yqjD_yqjC_predicted,5.0,4,0,TGCGACCAACAGCATCTCCT,4,5176962
yqjE_yqjK_yqjD_yqjC_predicted,5.0,4,0,TATGGAAGCAATTGTTTTAT,4,5228754
yqjE_yqjK_yqjD_yqjC_predicted,5.0,4,0,GTCCGTGCCATAGAACGGGA,4,5189009
yqjE_yqjK_yqjD_yqjC_predicted,5.0,4,0,GGATAGCGTGATGTAGTGAA,4,5229039
yqjE_yqjK_yqjD_yqjC_predicted,5.0,4,0,GATTTCTACGGTCAATAGTT,4,5239497
yqjE_yqjK_yqjD_yqjC_predicted,5.0,4,0,GATATGATTTTTTTTCTAAC,4,5206864
yqjE_yqjK_yqjD_yqjC_predicted,5.0,4,0,CTATTCCGTTTAAACCTGTA,4,5228631
yqjE_yqjK_yqjD_yqjC_predicted,5.0,4,0,CGTAACGTGTAGCCACGCAA,4,5234794
yqjE_yqjK_yqjD_yqjC_predicted,5.0,4,0,CGCATTACGGGGCACACAAA,4,5230554
yqjE_yqjK_yqjD_yqjC_predicted,5.0,4,0,CGAACTAACATGCAGGCCAA,4,5262873
yqjE_yqjK_yqjD_yqjC_predicted,5.0,4,0,CCGTATACCGACCAGGTGGA,4,5214207
yqjE_yqjK_yqjD_yqjC_predicted,5.0,4,0,CCCGCGCGAAAGAAGAACGC,4,5205881
yqjE_yqjK_yqjD_yqjC_predicted,5.0,4,0,CATTCATGGTGGCCCGAGAT,4,5192825
yqjE_yqjK_yqjD_yqjC_predicted,5.0,4,0,CACAGAGTAAAGGTATGTAA,4,5196978
yqjE_yqjK_yqjD_yqjC_predicted,5.0,4,0,CAATCTCCCCTTCGAACTAT,4,5218161
yqjE_yqjK_yqjD_yqjC_predicted,5.0,4,0,ATAATCTAATCCCCGACCCG,4,5254300
yqjE_yqjK_yqjD_yqjC_predicted,5.0,4,0,ACTTAAAAGATGGAACCCAC,4,5260988
yqjE_yqjK_yqjD_yqjC_predicted,5.0,4,0,AATGGCGTTTGGCGCGTTCG,4,5212876
yqjE_yqjK_yqjD_yqjC_predicted,4.0,3,0,TTTCTTAGCAAAAGGGAACG,3,5195654
yqjE_yqjK_yqjD_yqjC_predicted,4.0,3,0,TTTCCATGAGTGCATAATTA,3,5183027
yqjE_yqjK_yqjD_yqjC_predicted,4.0,3,0,TTATATCGCAACTTAATGTG,3,5247697
yqjE_yqjK_yqjD_yqjC_predicted,4.0,3,0,TGTTGTACTGCGAATCTTAC,3,5197049
yqjE_yqjK_yqjD_yqjC_predicted,4.0,3,0,TGGGCCAAGGCAGAAGAGCG,3,5188340
yqjE_yqjK_yqjD_yqjC_predicted,4.0,3,0,TGATCTGTCTTTCAAGCAAT,3,5180997
yqjE_yqjK_yqjD_yqjC_predicted,4.0,3,0,TACGTGAATGATCCTCATCT,3,5194734
yqjE_yqjK_yqjD_yqjC_predicted,4.0,3,0,GTGGAAATTGCTAGCAACTT,3,5187442
yqjE_yqjK_yqjD_yqjC_predicted,4.0,3,0,GGTCATGGTCAGATGGCGGC,3,5200960
yqjE_yqjK_yqjD_yqjC_predicted,4.0,3,0,GACCATAAATGTATGCCGAA,3,5235306
yqjE_yqjK_yqjD_yqjC_predicted,4.0,3,0,CTCTTTACCGTTAGTGGATC,3,5217604
yqjE_yqjK_yqjD_yqjC_predicted,4.0,3,0,CTAGGTATCCCATGGAGGTA,3,5228543
yqjE_yqjK_yqjD_yqjC_predicted,4.0,3,0,CGACGGCCTGCATACAGTCT,3,5213110
yqjE_yqjK_yqjD_yqjC_predicted,4.0,3,0,AGGTCATATCGTAATTTTTT,3,5172103
yqjE_yqjK_yqjD_yqjC_predicted,4.0,3,0,AGCCCCCCTCCGTTTTACGC,3,5191506
yqjE_yqjK_yqjD_yqjC_predicted,4.0,3,0,AACAACATCTTAGAGGTGCT,3,5244807
yqjE_yqjK_yqjD_yqjC_predicted,4.0,3,0,AAATGTCCCTTTCATCAGTA,3,5242287
yqjE_yqjK_yqjD_yqjC_predicted,4.0,3,0,AAAAGCTCATCCAGATACTC,3,5231619
yqjE_yqjK_yqjD_yqjC_predicted,3.0,2,0,TTTGTATGCAATCCTCGAGT,2,5178989
yqjE_yqjK_yqjD_yqjC_predicted,3.0,2,0,TTCGGTTTCACCGGCACCTA,2,5256405
yqjE_yqjK_yqjD_yqjC_predicted,3.0,2,0,TGTGCCGTTCCACCGGTCTG,2,5232068
yqjE_yqjK_yqjD_yqjC_predicted,3.0,2,0,TAGGTCGTCTCATTAGGTAG,2,5171397
yqjE_yqjK_yqjD_yqjC_predicted,3.0,2,0,TAGAGGTTCAGCGTTATACT,2,5226367
yqjE_yqjK_yqjD_yqjC_predicted,3.0,2,0,TAAGTCATATAAAGAGGTGG,2,5206986
yqjE_yqjK_yqjD_yqjC_predicted,3.0,2,0,GTCCGTGGACCGGGCTCCAA,2,5232988
yqjE_yqjK_yqjD_yqjC_predicted,3.0,2,0,GGAGCTGATCCACCCGGTTT,2,5241868
yqjE_yqjK_yqjD_yqjC_predicted,3.0,2,0,GCTACTGCGCATCTTGAGGA,2,5207006
yqjE_yqjK_yqjD_yqjC_predicted,3.0,2,0,GCATGCCTCACGAGCTGGAA,2,5170952
yqjE_yqjK_yqjD_yqjC_predicted,3.0,2,0,GAATAGCTATCCACTGTAAC,2,5178388
yqjE_yqjK_yqjD_yqjC_predicted,3.0,2,0,CTTGCAGGCAAGACGTGCAA,2,5255318
yqjE_yqjK_yqjD_yqjC_predicted,3.0,2,0,CTATGAAGGTGGTCTGGCAC,2,5253244
yqjE_yqjK_yqjD_yqjC_predicted,3.0,2,0,CTAGGCTCCCAGTCAGTACT,2,5212405
yqjE_yqjK_yqjD_yqjC_predicted,3.0,2,0,CTAAGAACCGGCTTTTGAAT,2,5214497
yqjE_yqjK_yqjD_yqjC_predicted,3.0,2,0,CGTCTTGAGCGGCGAGTACT,2,5257205
yqjE_yqjK_yqjD_yqjC_predicted,3.0,2,0,CGAGGAGTTTTGTCCTATTG,2,5208612
yqjE_yqjK_yqjD_yqjC_predicted,3.0,2,0,CCCTTTATTCAACCCGATAG,2,5248760
yqjE_yqjK_yqjD_yqjC_predicted,3.0,2,0,CACTTGCTCGATGACCAGCT,2,5189686
yqjE_yqjK_yqjD_yqjC_predicted,3.0,2,0,CAACTATATGATCCGCCGGA,2,5171700
yqjE_yqjK_yqjD_yqjC_predicted,3.0,2,0,ATCAAACCCGAACAGGGAGA,2,5198570
yqjE_yqjK_yqjD_yqjC_predicted,3.0,2,0,AGCCATCGTCGAGTCGTTAT,2,5259547
yqjE_yqjK_yqjD_yqjC_predicted,3.0,2,0,ACCCTAGTTTAAGGGTCGTT,2,5182700
yqjE_yqjK_yqjD_yqjC_predicted,3.0,2,0,AATACTTGTATGATTGATGA,2,5189984
yqjE_yqjK_yqjD_yqjC_predicted,2.0,1,0,TTTTGTCCCGAACTACAACT,1,5200417
yqjE_yqjK_yqjD_yqjC_predicted,2.0,1,0,TTTTAAAGTACCTAGCCCGT,1,5250613
yqjE_yqjK_yqjD_yqjC_predicted,2.0,1,0,TTTCTATGACATCCATCTAG,1,5230793
yqjE_yqjK_yqjD_yqjC_predicted,2.0,1,0,TTTATGCAAAACGCGTGACT,1,5197802
yqjE_yqjK_yqjD_yqjC_predicted,2.0,1,0,TTACTATTCATACGAGTCAT,1,5253107
yqjE_yqjK_yqjD_yqjC_predicted,2.0,1,0,TTACCGATGGTATAATGGCT,1,5237743
yqjE_yqjK_yqjD_yqjC_predicted,2.0,1,0,TTACAACATGTGGGTCCCAA,1,5177641
yqjE_yqjK_yqjD_yqjC_predicted,2.0,1,0,TGTGGAATCTAAACTTTATG,1,5196786
yqjE_yqjK_yqjD_yqjC_predicted,2.0,1,0,TGGGAGTCAGCTGTTTGTGT,1,5226473
yqjE_yqjK_yqjD_yqjC_predicted,2.0,1,0,TGGGAATAAATTTTAATCGG,1,5231949
yqjE_yqjK_yqjD_yqjC_predicted,2.0,1,0,TCGGGTCTGGAACTAAAGTC,1,5177238
yqjE_yqjK_yqjD_yqjC_predicted,2.0,1,0,TCCGTACATGTGACAAGACC,1,5220751
yqjE_yqjK_yqjD_yqjC_predicted,2.0,1,0,TATCCAAGATATGCCTTGGT,1,5217778
yqjE_yqjK_yqjD_yqjC_predicted,2.0,1,0,TAGGCGCGGGTGTGAAGTAT,1,5206485
yqjE_yqjK_yqjD_yqjC_predicted,2.0,1,0,TAGCGCTCAGACCTACGTTT,1,5220240
yqjE_yqjK_yqjD_yqjC_predicted,2.0,1,0,TACGACCTAGTCCATCTCAT,1,5198397
yqjE_yqjK_yqjD_yqjC_predicted,2.0,1,0,TAATTCAACGCGTAAATGAT,1,5191874
yqjE_yqjK_yqjD_yqjC_predicted,2.0,1,0,TAATCCAAATTTGATTCAAA,1,5261723
yqjE_yqjK_yqjD_yqjC_predicted,2.0,1,0,TAATACCTAAGGCAAGAGGG,1,5255858
yqjE_yqjK_yqjD_yqjC_predicted,2.0,1,0,GTTATCCTGCTCCTCGCCGG,1,5230302
yqjE_yqjK_yqjD_yqjC_predicted,2.0,1,0,GTCAGCTGCCTATTAGTTCA,1,5227345
yqjE_yqjK_yqjD_yqjC_predicted,2.0,1,0,GTCACCAGTTAGCTTGCTTG,1,5235629
yqjE_yqjK_yqjD_yqjC_predicted,2.0,1,0,GGTTCGCCGATTGGCGCGAT,1,5233485
yqjE_yqjK_yqjD_yqjC_predicted,2.0,1,0,GGTCCTTAAACCTGTCCGAA,1,5230425
yqjE_yqjK_yqjD_yqjC_predicted,2.0,1,0,GGGTATGATTGCGCGTGTGA,1,5186718
yqjE_yqjK_yqjD_yqjC_predicted,2.0,1,0,GGGCAGGACGCATTCTGTCT,1,5244731
yqjE_yqjK_yqjD_yqjC_predicted,2.0,1,0,GGCGTTCAGCTGCAAAATCT,1,5187110
yqjE_yqjK_yqjD_yqjC_predicted,2.0,1,0,GCGGGCCACTTCTAGGAGCA,1,5220964
yqjE_yqjK_yqjD_yqjC_predicted,2.0,1,0,CTTTTGTACTACAATTAATT,1,5238219
yqjE_yqjK_yqjD_yqjC_predicted,2.0,1,0,CTTATAAAGATCAGGGGGAC,1,5251356
yqjE_yqjK_yqjD_yqjC_predicted,2.0,1,0,CTTACCGCGATCCGGTCTGC,1,5202601
yqjE_yqjK_yqjD_yqjC_predicted,2.0,1,0,CTCTCGCCCACACGTTAGCA,1,5241636
yqjE_yqjK_yqjD_yqjC_predicted,2.0,1,0,CTCGGAGTCGAGGCCTCTCT,1,5176529
yqjE_yqjK_yqjD_yqjC_predicted,2.0,1,0,CTCATTGTGACGTTTATACT,1,5254816
yqjE_yqjK_yqjD_yqjC_predicted,2.0,1,0,CTCACAGTTTTTAGCTGGGG,1,5197963
yqjE_yqjK_yqjD_yqjC_predicted,2.0,1,0,CGTAATTGAGATGAAAGTAA,1,5215401
yqjE_yqjK_yqjD_yqjC_predicted,2.0,1,0,CGGCTTGTCCCCTTATTACA,1,5197392
yqjE_yqjK_yqjD_yqjC_predicted,2.0,1,0,CGCCTGTCCTTAGTAGTCGT,1,5235490
yqjE_yqjK_yqjD_yqjC_predicted,2.0,1,0,CGCCCCATTGCGCAGTCCTG,1,5176908
yqjE_yqjK_yqjD_yqjC_predicted,2.0,1,0,CGATGCCTTTTACAATTGTC,1,5193720
yqjE_yqjK_yqjD_yqjC_predicted,2.0,1,0,CGAGTCACCAATAAACGGTT,1,5235803
yqjE_yqjK_yqjD_yqjC_predicted,2.0,1,0,CCTCTTCCGGTTGCACCTAT,1,5252194
yqjE_yqjK_yqjD_yqjC_predicted,2.0,1,0,CCTCTAGCCCGTTGAGGTAA,1,5207477
yqjE_yqjK_yqjD_yqjC_predicted,2.0,1,0,CCGGGGCATCCAATCAAGAG,1,5241813
yqjE_yqjK_yqjD_yqjC_predicted,2.0,1,0,CCGGAAAAGGGCAGCTTCAG,1,5250882
yqjE_yqjK_yqjD_yqjC_predicted,2.0,1,0,CCGCTAGATATACTTCATTA,1,5239606
yqjE_yqjK_yqjD_yqjC_predicted,2.0,1,0,CCCGGTAAATGCCTTGAGGG,1,5174822
yqjE_yqjK_yqjD_yqjC_predicted,2.0,1,0,CCCCCCGGCTATAGACTGCC,1,5201613
yqjE_yqjK_yqjD_yqjC_predicted,2.0,1,0,CATTGAAAGTCGTTCTTTAA,1,5212555
yqjE_yqjK_yqjD_yqjC_predicted,2.0,1,0,CATCCTTTATCGAATGAAAG,1,5202605
yqjE_yqjK_yqjD_yqjC_predicted,2.0,1,0,CAGGTTCCCTCCTACAGGCC,1,5225547
yqjE_yqjK_yqjD_yqjC_predicted,2.0,1,0,ATTTTCGAAGGATTATCCTT,1,5219886
yqjE_yqjK_yqjD_yqjC_predicted,2.0,1,0,ATTGCGCTTGTCGCTTTTTA,1,5202019
yqjE_yqjK_yqjD_yqjC_predicted,2.0,1,0,ATTCGTAAGCTCGAGACATA,1,5235200
yqjE_yqjK_yqjD_yqjC_predicted,2.0,1,0,ATGCGTGTCGTCGCGTGGTT,1,5210516
yqjE_yqjK_yqjD_yqjC_predicted,2.0,1,0,ATAGGCTCTCGGCCAGATGC,1,5245847
yqjE_yqjK_yqjD_yqjC_predicted,2.0,1,0,ATACTTACACGAGCAGGAAC,1,5191709
yqjE_yqjK_yqjD_yqjC_predicted,2.0,1,0,AGGTCCAGCTCCCGAGCCAC,1,5230371
yqjE_yqjK_yqjD_yqjC_predicted,2.0,1,0,AGCCACACAGCCCGACTTTG,1,5219630
yqjE_yqjK_yqjD_yqjC_predicted,2.0,1,0,ACTTGAGTGCGCGCTCGGGA,1,5239598
yqjE_yqjK_yqjD_yqjC_predicted,2.0,1,0,ACGCGTGCGATCGATAGATA,1,5219205
yqjE_yqjK_yqjD_yqjC_predicted,2.0,1,0,ACATGCGGGTATCGTTCTTA,1,5198185
yqjE_yqjK_yqjD_yqjC_predicted,2.0,1,0,AATGGTCCTGAAGTAAAAGT,1,5182663
yqjE_yqjK_yqjD_yqjC_predicted,2.0,1,0,AATACGCGTCCCCTGTAGAA,1,5172944
yqjE_yqjK_yqjD_yqjC_predicted,2.0,1,0,AAGGTCAGAGTATTCATATT,1,5173783
yqjE_yqjK_yqjD_yqjC_predicted,2.0,1,0,AAGCGAACACGCTTGTCCTA,1,5194301
yqjE_yqjK_yqjD_yqjC_predicted,2.0,1,0,AACTGTCAGTAAGCGCAGTC,1,5222197
yqjE_yqjK_yqjD_yqjC_predicted,2.0,1,0,AACTGACCAATCGGACTATA,1,5240890
yqjE_yqjK_yqjD_yqjC_predicted,2.0,1,0,AAAGAATACGGTTGAGCGGG,1,5238272
