name,relative_counts,ct,ct_0,barcode,ct_1,barcode_ind
tolCp3,0.06422018348623854,114,108,ACACGTAAAACAGGCATCCA,6,3805774
tolCp3,0.08108108108108109,78,73,TTCCTCTGCTAACTGAGGAT,5,3775678
tolCp3,0.6438356164383562,118,72,CGGCATGGGAGCTGAGTTAT,46,3774590
tolCp3,3.111111111111111,257,62,TAGCCCGGGCCTCTGTGAAA,195,3779248
tolCp3,0.36507936507936506,84,62,CCGACTATGAAATGCCAAAA,22,3791907
tolCp3,2.3870967741935485,208,61,TCCGGCTTGGACGTGTACAC,147,3786476
tolCp3,0.03278688524590164,61,60,GGGCGTGCTGGATTGCGCCG,1,3779531
tolCp3,0.3442622950819672,80,60,ACCTGGCATCCGTTCAAGAA,20,3780683
tolCp3,0.36666666666666664,80,59,TCAAGAGATAATCAGATCTA,21,3778296
tolCp3,0.22807017543859648,68,56,TGGGCCGAATTCCAATTCAA,12,3806928
tolCp3,0.3157894736842105,73,56,CGAGTCACAGGTTGTACCTT,17,3782174
tolCp3,1.1454545454545455,116,54,CACGTCGTCATGCGTTGCAT,62,3775819
tolCp3,0.36538461538461536,69,51,TAAGACGAGGATCTTGACTG,18,3782084
tolCp3,0.4423076923076923,73,51,GTTACTAAATTAGCCAGTTT,22,3787719
tolCp3,0.34615384615384615,68,51,GTGCGGAACATAGGTGATCA,17,3774694
tolCp3,0.45098039215686275,72,50,TCCAGATGTGCTGCCAACTA,22,3776899
tolCp3,0.6470588235294118,82,50,GACGACAGGTTTACCGGTTA,32,3787556
tolCp3,0.92,94,49,ATTGGGCAAACAGTTATCCT,45,3778571
tolCp3,0.041666666666666664,48,47,TGGGCTTCCGATCGGTTTGT,1,3803093
tolCp3,0.5106382978723404,69,46,CCTTCCGGGTTCGGCGTCCA,23,3775118
tolCp3,0.21739130434782608,54,45,TTATTCGACTCTATCGGTGA,9,3780733
tolCp3,0.06521739130434782,47,45,TGGATGGCAAAAATCTTTCA,2,3779186
tolCp3,1.0,90,45,GTTGATTTGGTAGGTCCGAG,45,3784029
tolCp3,0.043478260869565216,46,45,CTATAATCGTAGTAAGTCCA,1,3775753
tolCp3,0.2826086956521739,57,45,CGAGGTTAACCGGGTATCAC,12,3788760
tolCp3,0.37777777777777777,60,44,TTTTGTCGGACCCTGAAATC,16,3792411
tolCp3,0.5,64,43,CTCGCATCCTCGCTAGTGGA,21,3774949
tolCp3,0.09302325581395349,45,42,GTTAACCCCGATGCACAACA,3,3787671
tolCp3,0.3488372093023256,56,42,ACCGCCCACCACGTTAGACT,14,3775946
tolCp3,1.0476190476190477,84,41,TAGCGAGTTTTCATTCGCAA,43,3778528
tolCp3,0.7380952380952381,71,41,CGCGAGTAGCGAGGACCTAA,30,3775268
tolCp3,0.30952380952380953,53,41,CACTCGGCACTGACATTCTA,12,3775542
tolCp3,0.4878048780487805,59,40,AGTCTGGCTATCGTTGAGTC,19,3774542
tolCp3,1.3,90,39,GTCGCAGGTATAGACGTCCA,51,3784229
tolCp3,0.5128205128205128,57,38,TGTGGTTAATACTGTTGGTT,19,3775804
tolCp3,0.05128205128205128,39,38,TGCCTTGCGCGTGCCATTAT,1,3778486
tolCp3,1.641025641025641,101,38,CGCATCCCTCTGCGATGTTT,63,3809430
tolCp3,0.2564102564102564,47,38,AGCAAATATTCCGTATGCAT,9,3774898
tolCp3,0.05263157894736842,38,37,TCCAGGCAGTAGCAGCTGAC,1,3791254
tolCp3,0.3157894736842105,48,37,TACTTGATCATCAGTAACTG,11,3809404
tolCp3,0.05263157894736842,38,37,CTTCGGCTCCTCGTGCGGGT,1,3799300
tolCp3,1.5526315789473684,95,37,ACACTTCTCTTATCCATGTA,58,3799907
tolCp3,0.3783783783783784,49,36,GGTACGCTTGGGTGACAAAT,13,3783687
tolCp3,0.7297297297297297,62,36,CCTGTGCCTGCAGCCTTTTA,26,3777810
tolCp3,0.13513513513513514,40,36,AGGGGATAGCAGGCTTATTA,4,3774589
tolCp3,0.8378378378378378,66,36,AGCCAGTCACCAAGAAATCT,30,3778526
tolCp3,0.5833333333333334,55,35,TTATTTACCTGAGCTAAGTT,20,3779116
tolCp3,0.8888888888888888,66,35,TTATACCAAGAGCATTTGGA,31,3787059
tolCp3,0.4722222222222222,51,35,TGACGTTTTACCATGTTGAA,16,3775448
tolCp3,0.9166666666666666,67,35,GGTCACTCTAATGCGTACGA,32,3774856
tolCp3,0.3611111111111111,47,35,GCTCGCCACCACGGAAACCT,12,3779679
tolCp3,0.5,52,35,GACTCTGATGGTACCGAAAT,17,3784913
tolCp3,4.0,178,35,CATGAACTGGGAAGCATAAT,143,3780948
tolCp3,0.6944444444444444,59,35,ATACCGCGCCTTTCCATGTG,24,3800353
tolCp3,0.25,43,35,ACGTGATCCTGGTGCGCCCA,8,3801872
tolCp3,0.6285714285714286,55,34,TACCGCTCAAGGAATCCTAA,21,3774698
tolCp3,0.8,61,34,CGCGCGGGACACAAAATACA,27,3787374
tolCp3,0.6176470588235294,53,33,TCCGGGGAATGATGGTCACT,20,3788962
tolCp3,0.5294117647058824,50,33,TCAACGCTCCTAGAACAGCT,17,3775277
tolCp3,0.6764705882352942,55,33,GGGGAGTTTCGCAGATCTGG,22,3788841
tolCp3,1.3529411764705883,78,33,GGCTTACAAGGTTTGCCCAG,45,3775155
tolCp3,0.7352941176470589,57,33,CCTCGGCAGTGGTGGCCCCA,24,3799488
tolCp3,0.058823529411764705,34,33,CCGGGGATGGCGACATTCCA,1,3782984
tolCp3,0.7058823529411765,56,33,CATCCATGTGCGGCGCCGAA,23,3782667
tolCp3,0.4117647058823529,46,33,CAATTTGACCGTGGTAATTA,13,3783282
tolCp3,0.058823529411764705,34,33,AACATCTGGTGTTGTCTGCG,1,3794751
tolCp3,0.30303030303030304,41,32,TCGATAACGGGCTTTAGGCT,9,3779836
tolCp3,1.1515151515151516,69,32,GCTTACACAGATCGCGCTGT,37,3776833
tolCp3,1.0606060606060606,66,32,CTCGCGACTGATGTCCGTTT,34,3803111
tolCp3,3.3636363636363638,142,32,CCAGGCCCCGGATGTTCTCC,110,3776192
tolCp3,0.42424242424242425,45,32,ACCGGAGTGCCTCGTGAGTG,13,3775538
tolCp3,0.42424242424242425,45,32,ACACCGCCTTGCGTACTTAG,13,3784934
tolCp3,2.78125,119,31,TCTCACTCATACCTCCGCTT,88,3802508
tolCp3,0.46875,45,31,GTACCTGATTAAGGCGGAGT,14,3777256
tolCp3,1.25,70,31,GGTTGCGAAGAGAAACTATC,39,3795981
tolCp3,0.967741935483871,59,30,TGCCTAGGGGAATCGACCAT,29,3781198
tolCp3,1.032258064516129,61,30,GGGAGTTCTATCTCCATCTC,31,3776120
tolCp3,0.0967741935483871,32,30,GAAAGTAAATCACCTTTCAT,2,3778914
tolCp3,2.193548387096774,97,30,CTCATGATCTAGTGAGGACA,67,3786970
tolCp3,0.2903225806451613,38,30,CGTGGTATCACCGTAGGGGT,8,3776273
tolCp3,1.5806451612903225,78,30,CGTAAATGCGGGACCAGGGA,48,3792517
tolCp3,0.06451612903225806,31,30,CCCAGGCCTACAATCTTTAG,1,3793467
tolCp3,1.4516129032258065,74,30,CAGAAATCCAAGTCCCACAG,44,3801451
tolCp3,0.06451612903225806,31,30,ATGCATGGGCATCACATCCT,1,3790857
tolCp3,0.06451612903225806,31,30,ATACATTGGAAATCCGATCA,1,3779823
tolCp3,1.6774193548387097,81,30,ACTTGGCGCACAGGAAACAG,51,3777016
tolCp3,1.5483870967741935,77,30,ACGCATTGATAGTTGGCCCT,47,3776254
tolCp3,0.9333333333333333,56,29,TAAAGCAGGCAGATGGCTGT,27,3809297
tolCp3,2.6333333333333333,107,29,CTTAGAGCTCAACACGTTGT,78,3801260
tolCp3,0.9666666666666667,57,29,CAAAGGACTGTCTCCCGAGT,28,3782361
tolCp3,1.7,79,29,ACTGGTCGGTCTGAGCTCCG,50,3775353
tolCp3,0.8,52,29,AAATCAGCGACTTTGTTCAC,23,3787491
tolCp3,0.7241379310344828,48,28,GGTATGGTTAAAGGATCTGA,20,3800275
tolCp3,0.896551724137931,53,28,CGAAGCCGTGATTGTGCCGG,25,3804676
tolCp3,0.7241379310344828,48,28,CCGCCCGAGCAGCTTACGTT,20,3789444
tolCp3,1.103448275862069,59,28,CATATCACCTAGCGCAGATG,31,3792146
tolCp3,0.7241379310344828,48,28,ATACCGGTCTGGTCGGGGGG,20,3778072
tolCp3,1.9642857142857142,81,27,TGGAGCCGCGTGGTGCTTTT,54,3784491
tolCp3,1.0357142857142858,55,27,GTACATCCCCGTGGGCAGAA,28,3781500
tolCp3,1.1071428571428572,57,27,CGTGTTACGGCGCGAGCCTG,30,3800796
tolCp3,1.3571428571428572,64,27,CGAAAAGGAATAATCAACTT,37,3775132
tolCp3,1.1071428571428572,57,27,CCTTAAATCCAAGTGGACGG,30,3792141
tolCp3,0.6785714285714286,45,27,CATGCACGGCAGGTTATCGT,18,3780750
tolCp3,0.35714285714285715,36,27,AAATCCTACAGCCTTGTTTT,9,3781799
tolCp3,2.6666666666666665,97,26,TGGTAGGCACGTTCACCTAC,71,3775570
tolCp3,3.4444444444444446,118,26,GCGTGTTTGGGCTTCCTAAC,92,3806433
tolCp3,0.25925925925925924,32,26,GCATTTACACTTCTGGCTCT,6,3789574
tolCp3,0.07407407407407407,27,26,CGATATGTGTAACTCGGGTA,1,3799487
tolCp3,0.25925925925925924,32,26,CCTTGGGCGGATCACGGAGT,6,3779769
tolCp3,0.8148148148148148,47,26,CCCTTCCAAAATGTAAGAAC,21,3805535
tolCp3,0.6666666666666666,43,26,CATAGCCCAGTCAATAAGTA,17,3777255
tolCp3,0.7777777777777778,46,26,CAGAAGATCTAACGGCAAGC,20,3805418
tolCp3,0.8148148148148148,47,26,CACAGTTCGCTACCCCTCGC,21,3778133
tolCp3,0.5555555555555556,40,26,ATGTTACTTTTGTCTTATTG,14,3776605
tolCp3,0.14814814814814814,29,26,ATAGTCCGTGCTCCCTACGA,3,3801950
tolCp3,0.4074074074074074,36,26,ACTTGTCTACCTTATGCGGT,10,3807987
tolCp3,0.48148148148148145,38,26,ACGGTGACGATCGCGTGCTG,12,3777748
tolCp3,0.6296296296296297,42,26,ACCTATGAATTCTATTCAGT,16,3778184
tolCp3,1.8888888888888888,76,26,ACACAGTCGTCCATACATTT,50,3777393
tolCp3,0.3076923076923077,32,25,TTCCAACTCAAGCGTCGGGA,7,3782740
tolCp3,3.269230769230769,109,25,TGTGGCCACCAACTGACAAA,84,3797341
tolCp3,1.8846153846153846,73,25,TATCCGCTACGAAGATTGAG,48,3785583
tolCp3,0.23076923076923078,30,25,TAGGTGAACCGGCAGTTGTG,5,3787993
tolCp3,0.07692307692307693,26,25,TAGCCGGGGACCCAAGCATG,1,3777067
tolCp3,2.1538461538461537,80,25,TAATTTCAGGGTTTTGTATC,55,3785937
tolCp3,0.8846153846153846,47,25,GGTCATTCATTTAGGACCAA,22,3785354
tolCp3,0.3076923076923077,32,25,GGAAAGCCATGTTATGTGAA,7,3792688
tolCp3,1.0384615384615385,51,25,GACATGATTTGTGCACCCGA,26,3774574
tolCp3,2.6153846153846154,92,25,CTGAGCACGACACAACGTCA,67,3801742
tolCp3,2.1538461538461537,80,25,CGCCTACAATCATCTATGAT,55,3805160
tolCp3,1.3076923076923077,58,25,CCCCTAGTGCTTCCCCTAGT,33,3779453
tolCp3,2.269230769230769,83,25,CATGGTCCCTAGACACTAAG,58,3778135
tolCp3,6.576923076923077,195,25,ATTGGATTGCCGGCGCTTCT,170,3784128
tolCp3,0.9230769230769231,48,25,ATCGAAAATAAACTTACGGA,23,3786078
tolCp3,1.1538461538461537,54,25,AAATGTTCGAGCACGTAATT,29,3777435
tolCp3,2.6,88,24,TTTACTGGAGATGCGAGGGA,64,3785581
tolCp3,0.12,26,24,TCTATGAACGACCGTTTTCC,2,3792432
tolCp3,1.64,64,24,TATTGGTCCGGGTTAGGTCC,40,3785087
tolCp3,0.2,28,24,TAACTTCCTTATCACACAAG,4,3781442
tolCp3,0.32,31,24,TAAAAGAATCTTGTGATTGC,7,3779681
tolCp3,3.24,104,24,GTTTCAATCCCGCGGGCTTC,80,3779699
tolCp3,3.08,100,24,GTGGGGTTACCCGTTGCTAT,76,3792868
tolCp3,0.36,32,24,GTACAATGCAGCTAATTTGC,8,3785796
tolCp3,0.8,43,24,GGGGATAGCGGACCACAAAT,19,3787283
tolCp3,0.68,40,24,GCTGCGCTACTAAATAACGC,16,3777328
tolCp3,0.64,39,24,GAGGCCTTAACTTGTCTCCG,15,3784822
tolCp3,0.56,37,24,CTCCTCCGACTTCCCAGGCA,13,3806578
tolCp3,1.0,48,24,CGAATTCACACGACCGTCTT,24,3778539
tolCp3,0.96,47,24,CCGTAATCTAGGCCGGATAA,23,3777591
tolCp3,1.96,72,24,CCCATAAGATGGGGTTAACT,48,3778180
tolCp3,0.6,38,24,CCAGAGTCCTACAATTCGTA,14,3790608
tolCp3,0.08,25,24,ATCGTTTGAGCGGGGTTTCG,1,3776029
tolCp3,1.12,51,24,ATATGACAACCGTACTGATT,27,3795346
tolCp3,1.84,69,24,AGGGTTGTTACTCAAAAACA,45,3800307
tolCp3,0.28,30,24,AGATTATCGAACAAACCTGT,6,3780121
tolCp3,1.64,64,24,AGAGTGGGTGGGCTGCGAAG,40,3782962
tolCp3,0.7916666666666666,41,23,TTGTGTACGCATGTGACTGT,18,3785969
tolCp3,0.16666666666666666,26,23,TTATCACCCTATTTACGGAG,3,3801045
tolCp3,2.0833333333333335,72,23,TGTCCTTAGCAACCCAATTG,49,3779188
tolCp3,1.9166666666666667,68,23,TCCTACATCATGTGCATTTA,45,3789327
tolCp3,2.375,79,23,TAGAAGCATCGCCGGGGCAG,56,3801743
tolCp3,0.7916666666666666,41,23,GTATCAAGGGTGATCTGACA,18,3807851
tolCp3,0.9583333333333334,45,23,GATGGCTCGAAGACAAGCAA,22,3787745
tolCp3,0.875,43,23,GAGATACTTTTAGGCGCTCA,20,3784314
tolCp3,0.2916666666666667,29,23,GACGGGTGTAGGTGACTCGA,6,3775821
tolCp3,0.2916666666666667,29,23,GAAGATAAAGCTACCTGCAG,6,3785253
tolCp3,0.75,40,23,CTACCGGCTTCCATAGCTAA,17,3778197
tolCp3,0.75,40,23,CGTTCCAGCACGCTGGGTTA,17,3780902
tolCp3,2.0833333333333335,72,23,CCGCTTCCTAGTTGATTAGC,49,3807902
tolCp3,2.7916666666666665,89,23,CCCTGCTGTACATGTGCCAA,66,3798207
tolCp3,0.7916666666666666,41,23,CACGAGGATGACCCGACCGA,18,3775287
tolCp3,0.3333333333333333,30,23,CACACCTCTAGTGACGCTCA,7,3798885
tolCp3,0.7916666666666666,41,23,ATTTAAATGCTGTGACGTGT,18,3775733
tolCp3,1.125,49,23,ATTGGGAGTTTCTGAATTTT,26,3786695
tolCp3,8.0,214,23,AGGCGGTGTCATGCATATGC,191,3794234
tolCp3,0.75,40,23,AGCTAGTAGCCATACGCGAC,17,3780552
tolCp3,0.5652173913043478,34,22,TGCGACCGGCCCCTCGTACC,12,3786168
tolCp3,1.7826086956521738,62,22,TCGATCTGGGTGTCACGTCT,40,3807482
tolCp3,0.34782608695652173,29,22,TCCGGTACATGGTCGAGATA,7,3803621
tolCp3,0.43478260869565216,31,22,GTTCTGTCCGCTGTGCAGTT,9,3798743
tolCp3,0.08695652173913043,23,22,GTGCACACGTCTTTTCATAT,1,3798259
tolCp3,0.08695652173913043,23,22,GTCTTGGTTACCAATGGTTT,1,3776593
tolCp3,0.5652173913043478,34,22,GTCGGTTCGTCCACTTAGAT,12,3779008
tolCp3,0.30434782608695654,28,22,GGTATGTAACGCGGCTTTTA,6,3796099
tolCp3,0.391304347826087,30,22,GGAACAAGGCGGCCGCAGTT,8,3779871
tolCp3,0.6521739130434783,36,22,GCGACGGACGCTTACTTCAA,14,3778456
tolCp3,0.08695652173913043,23,22,GCCCAATCTCATATGTTACG,1,3778804
tolCp3,1.3043478260869565,51,22,GCAACGCGAGGCAGCATAAA,29,3801432
tolCp3,0.08695652173913043,23,22,GAGGTACCCCACTCTGACCA,1,3779132
tolCp3,1.0434782608695652,45,22,CTGGTTTTGGGCATACGGGA,23,3790517
tolCp3,0.08695652173913043,23,22,CTCCCTTAGTGTGCATCTCT,1,3776099
tolCp3,0.8260869565217391,40,22,CCGATCCTCGCTATTAGATT,18,3802777
tolCp3,0.13043478260869565,24,22,CCCAGGGCTTTCAGGACGAA,2,3777025
tolCp3,1.0,44,22,CCACCGAAGGACATTAAGAC,22,3791217
tolCp3,2.3043478260869565,74,22,CCAAGTGCAACTAAGCGGTC,52,3791995
tolCp3,0.17391304347826086,25,22,ACAAATGTCTAAGGGCACAA,3,3781620
tolCp3,0.391304347826087,30,22,AACCTTGAACAGGGGCGGGC,8,3788166
tolCp3,0.09090909090909091,22,21,TTGGCTTCAATTTTCCTCGT,1,3797595
tolCp3,0.09090909090909091,22,21,TTGAAGTGGCTCGATTGTTG,1,3796629
tolCp3,0.13636363636363635,23,21,TTACTCAGTCGGAGTGCTGA,2,3787878
tolCp3,1.0909090909090908,44,21,TGTAACGAAGGAGCAGGTAG,23,3806807
tolCp3,0.09090909090909091,22,21,TCACGTAAGGTTTTTTCCCT,1,3804834
tolCp3,1.4090909090909092,51,21,GGTCGTGCGGGGTAAGTCGT,30,3793971
tolCp3,0.2727272727272727,26,21,GGCCGGGGTGTTTGGTGTCA,5,3791700
tolCp3,0.7272727272727273,36,21,GATTCAGCGCATCCATCTTT,15,3776731
tolCp3,0.8181818181818182,38,21,CTGCTGATCTTTCTCCTGGT,17,3804704
tolCp3,1.0,42,21,CTATAAGTTTTTGTCGGAAT,21,3785534
tolCp3,0.18181818181818182,24,21,CTACCTTAATTAGGGTAGTA,3,3776426
tolCp3,0.8181818181818182,38,21,CGCAGCGGTATTCCAGGCTT,17,3807933
tolCp3,0.5454545454545454,32,21,CGAACAACTGGTGAGGCGCG,11,3777444
tolCp3,0.09090909090909091,22,21,CCTCAAATTGAAGACACAGA,1,3808372
tolCp3,0.9090909090909091,40,21,CATTTCGGATAGCCGCGGAT,19,3779967
tolCp3,0.22727272727272727,25,21,ATGGGACCGACCCGGTACAC,4,3776195
tolCp3,1.2272727272727273,47,21,ATCCACGGCTACATAAGGCT,26,3788838
tolCp3,1.3181818181818181,49,21,ATCAGCAAGTGTAGAGTAGT,28,3776505
tolCp3,1.2727272727272727,48,21,AGACAGACACCGAAGCAAAC,27,3792518
tolCp3,1.2727272727272727,48,21,AATCTTCCAAATGGCAGCGT,27,3795519
tolCp3,1.0454545454545454,43,21,AAGATTGTATGTGCGCCTTA,22,3776126
tolCp3,0.7142857142857143,34,20,TTTACTTCGATGGTGATTCG,14,3782293
tolCp3,0.09523809523809523,21,20,TGTGGTTCTCTATATAAACA,1,3780662
tolCp3,0.9523809523809523,39,20,TGTAGCGGGACAATGTCATG,19,3796577
tolCp3,1.1904761904761905,44,20,TGGTGTATTCGCATCCAACT,24,3793360
tolCp3,1.380952380952381,48,20,TGCCACAGGCACTTCATTAT,28,3793080
tolCp3,1.2380952380952381,45,20,TGCACACTGGCCTTCCATAA,25,3805881
tolCp3,3.0,82,20,TGCAACTGGATCTACCTGTC,62,3787490
tolCp3,2.6666666666666665,75,20,TCAGCATTCTGCCAAGACTG,55,3799215
tolCp3,2.380952380952381,69,20,TAATTTGTTGAGACTTGTGT,49,3789101
tolCp3,2.7142857142857144,76,20,GTTTTCTTACTTACAGGGTC,56,3778777
tolCp3,1.0476190476190477,41,20,GTGGGCTAGGACCTTTCTCG,21,3791724
tolCp3,0.23809523809523808,24,20,GTCGGAACCTATCATCGCGA,4,3785635
tolCp3,0.09523809523809523,21,20,GGGCTTCCCATTCAAAGGGG,1,3797636
tolCp3,1.5238095238095237,51,20,GCTAGAGTAGACCGATTATT,31,3783924
tolCp3,0.42857142857142855,28,20,GACCACATGGGCTCGGCAGA,8,3793543
tolCp3,0.09523809523809523,21,20,GAATGTCAAGTGAGGACAAG,1,3780671
tolCp3,1.0476190476190477,41,20,CTCCCAGAATGGTATCCCTT,21,3794562
tolCp3,1.0476190476190477,41,20,CGTTAGATAGGGAGTCGGGT,21,3796164
tolCp3,1.5714285714285714,52,20,CGGTGGAGGACAGGGATATT,32,3775541
tolCp3,0.14285714285714285,22,20,CCTGCACAGTCAGTTTAAAT,2,3780288
tolCp3,0.9523809523809523,39,20,CAGAAAGGTTTTATTCGAAG,19,3779096
tolCp3,1.4285714285714286,49,20,AGTAGACGGGCTAAATGCAT,29,3790723
tolCp3,1.0,40,20,AGCGGGGAAATAATGTGATA,20,3805866
tolCp3,1.2380952380952381,45,20,AGCAGCAAACCACGATTAGT,25,3777870
tolCp3,1.2857142857142858,46,20,ACCTCCGGACCGGGAATTTT,26,3777174
tolCp3,1.1428571428571428,43,20,AAGGCGGGCCTCGCTTTGCA,23,3789276
tolCp3,2.4761904761904763,71,20,AACTTGGTAGGCCTAGTTCG,51,3806884
tolCp3,1.3,44,19,TTTAATCCCGAGTACGGCCC,25,3803282
tolCp3,0.1,20,19,TTCAACCCTAATTAGGTCGT,1,3782787
tolCp3,0.1,20,19,TGGTTTATTTATAATGCCTA,1,3801412
tolCp3,0.7,32,19,TGATCGTGCGCACCGACTCT,13,3789448
tolCp3,0.8,34,19,TCTTCGGCTTTCTTGGGCGA,15,3800399
tolCp3,0.75,33,19,TCTGACAGGTGGGTGATAGG,14,3777894
tolCp3,0.15,21,19,TCCTCCGTTAATTAGTGTTG,2,3783860
tolCp3,2.9,76,19,TCCCTTAAAAACACCTGTTA,57,3777053
tolCp3,1.45,47,19,TATATGTGAGGTGTGCAGCA,28,3807111
tolCp3,1.65,51,19,GTGGCCAGGGCGCACGGGTA,32,3781248
tolCp3,2.8,74,19,GTGACATCTAATGGCACCCC,55,3793852
tolCp3,1.5,48,19,GTCCGATCAACGTTCGCTCA,29,3797601
tolCp3,0.6,30,19,GTCAGCGGCCATTCGGATGT,11,3784047
tolCp3,0.3,24,19,GGTTCTTAGTCCCACAGGAT,5,3792854
tolCp3,0.25,23,19,GGGGCAGTTGGCGTCACACG,4,3781243
tolCp3,5.05,119,19,GGAAATGGCTGTATGCCACG,100,3802350
tolCp3,0.7,32,19,GAGGGCCGAAAGCATACGGG,13,3794460
tolCp3,0.7,32,19,GAGACCATTTCTGTGGATAC,13,3782576
tolCp3,1.55,49,19,GAAGAACCTTATTGTCCGTC,30,3803759
tolCp3,0.1,20,19,CTTAGAGTAGAGTCGTAGTA,1,3784880
tolCp3,0.1,20,19,CGGTTATAACACTTTCGGAT,1,3782077
tolCp3,0.15,21,19,CGGACGTACGGGTGCCGAGT,2,3797464
tolCp3,0.1,20,19,CCGCCTCTCTAAGCAGGGGA,1,3784523
tolCp3,10.55,229,19,CACTTTCGGATTGATGCGTT,210,3775133
tolCp3,0.8,34,19,ATTTCTATGCAACAAAAGAT,15,3780494
tolCp3,0.1,20,19,ATCCGTGCGTATTTATTTCA,1,3788215
tolCp3,1.45,47,19,ATCAGTCAGATCCCCCAGAT,28,3799489
tolCp3,1.1,40,19,AGTGCAGTTGCCGGCAGGAC,21,3808410
tolCp3,0.85,35,19,AGGATCCCGCAGAAACAACT,16,3777928
tolCp3,0.1,20,19,ACCTGGTATCATGAGCGCTC,1,3783701
tolCp3,0.1,20,19,AATAGCTGCCCCGTTCTCAA,1,3791018
tolCp3,1.0,36,18,TTTTGTCCAGCTAAGGAACA,18,3791017
tolCp3,0.10526315789473684,19,18,TTTGGGCGACATTGACTTGG,1,3791828
tolCp3,2.210526315789474,59,18,TTCAACCCCACAGGCAGTGT,41,3776688
tolCp3,0.10526315789473684,19,18,TGTTGGCCGTTACGCGACGT,1,3785355
tolCp3,0.3684210526315789,24,18,TGTTCTTCTTACTCTCTCTA,6,3775755
tolCp3,1.263157894736842,41,18,TGTCGGTCCAATAACTAACA,23,3794085
tolCp3,0.10526315789473684,19,18,TGTCCAAAGGAGCGTTTATC,1,3778969
tolCp3,0.42105263157894735,25,18,TGGTCCACGTGTGGTATGGC,7,3776936
tolCp3,1.105263157894737,38,18,TGGCTTCTTATACACAGGAT,20,3784232
tolCp3,1.4736842105263157,45,18,TGCGTGCACTTCTGCTGGCA,27,3806907
tolCp3,1.0,36,18,TGCAGGTGGTAGGGCAAACT,18,3778316
tolCp3,0.10526315789473684,19,18,TCCGAAGTGTTTGCGTGAAA,1,3794507
tolCp3,0.42105263157894735,25,18,TACCTAGACTGGAGATAGAT,7,3780155
tolCp3,1.105263157894737,38,18,GTGGCAATCCCTACACGAAC,20,3779235
tolCp3,1.9473684210526316,54,18,GTCTGATACTCCACTAGGTA,36,3794458
tolCp3,0.3157894736842105,23,18,GTAAGAGATATGCCCACCCT,5,3786156
tolCp3,0.5263157894736842,27,18,GGTATCTGTCTAACTCGAAT,9,3778005
tolCp3,1.263157894736842,41,18,GGATACGTTTTATTTAATTA,23,3790568
tolCp3,0.2631578947368421,22,18,GCTTACCTTTCACCAACGTA,4,3806625
tolCp3,0.7894736842105263,32,18,GCATCATGTCTCTGGGCTTT,14,3778730
tolCp3,4.684210526315789,106,18,GAATCAGCGTATATCGACCT,88,3780950
tolCp3,1.1578947368421053,39,18,CTGTCATATTAGGGATGGGA,21,3786230
tolCp3,0.10526315789473684,19,18,CTGGCAGGGCGTTTTAATTC,1,3798712
tolCp3,0.21052631578947367,21,18,CTGCGAGCTCAAAGTCGAAG,3,3775165
tolCp3,1.2105263157894737,40,18,CGTGCTCGGAGGAGTTTCAA,22,3799353
tolCp3,1.631578947368421,48,18,CGCAGCGAGCAGAAGTGCCG,30,3784081
tolCp3,0.7894736842105263,32,18,CACTGTCGTGAACCGTCGTT,14,3793727
tolCp3,2.6842105263157894,68,18,CACTGCATCATGGTTCACGT,50,3808387
tolCp3,6.7368421052631575,145,18,CAATGCCGGCGGATTGTGAG,127,3775713
tolCp3,1.5789473684210527,47,18,ATCGTAGAGTCACACACAAA,29,3775714
tolCp3,0.631578947368421,29,18,AGATGTAGGCGGCTCGAAGA,11,3788113
tolCp3,0.42105263157894735,25,18,ACAGGGTAGGCTACTGGTAA,7,3787183
tolCp3,0.8947368421052632,34,18,AATGAGTTACCACAGCAGGT,16,3775013
tolCp3,9.736842105263158,202,18,AAGACGTTTCTACCAGGGAT,184,3809115
tolCp3,0.1111111111111111,18,17,TTGTGGTTCAATAAAAGGTT,1,3796750
tolCp3,1.2777777777777777,39,17,TTACTGCGTCCTGGCATGGG,22,3787776
tolCp3,0.1111111111111111,18,17,TGACTTACCTAAGAACATAT,1,3795915
tolCp3,1.7222222222222223,47,17,TGAACAAAGGCGATCGATCA,30,3776404
tolCp3,0.8888888888888888,32,17,TCTTTCAGTCTCGATAGGAT,15,3780685
tolCp3,0.4444444444444444,24,17,TCTTGGTAAGTGGTCGCCTC,7,3784345
tolCp3,1.0,34,17,TATACACTGACTTCCCACTT,17,3794089
tolCp3,1.2777777777777777,39,17,GTGTGCTCGTCATAAGGGAA,22,3777296
tolCp3,5.277777777777778,111,17,GTGACCCATAACGGGCTACA,94,3782295
tolCp3,2.2777777777777777,57,17,GGGCAGGCGTCCTGTCTACG,40,3778525
tolCp3,0.6666666666666666,28,17,GGGATTCATGTTCGAACTGG,11,3787135
tolCp3,0.3333333333333333,22,17,GCCCCTCGGCTAATGATTTG,5,3806074
tolCp3,0.1111111111111111,18,17,GCCAGGACGACAATGGCATA,1,3779217
tolCp3,0.9444444444444444,33,17,GATGTCTGGCCTGGTTACCT,16,3806204
tolCp3,0.8333333333333334,31,17,GAGGCCTCAGCAAACCAGTT,14,3774861
tolCp3,0.4444444444444444,24,17,GACAGAGGGCGACATCTGCT,7,3781986
tolCp3,1.6666666666666667,46,17,GAAATCTTCCACGGGCAGAC,29,3799321
tolCp3,2.0555555555555554,53,17,CTGCGTCGTAAATGGCCCCA,36,3805146
tolCp3,1.5555555555555556,44,17,CTCCCAACGACTTCCTCATT,27,3797992
tolCp3,0.2777777777777778,21,17,CGCAACAGGCCACTATCTCT,4,3793113
tolCp3,0.2777777777777778,21,17,CGATCCTGTAGACCGCTGGT,4,3783984
tolCp3,0.3333333333333333,22,17,CCCCTTGCAGTTAGTTAGGC,5,3800137
tolCp3,1.5,43,17,CCAATAAATCCATGCGAACT,26,3779061
tolCp3,0.8333333333333334,31,17,CAAGGATGTCCTAATAGAGG,14,3775843
tolCp3,0.6111111111111112,27,17,CAAATGCCGTATGATAGGCA,10,3788439
tolCp3,1.1111111111111112,36,17,CAAACTCCACATTAAGTGGT,19,3788681
tolCp3,0.1111111111111111,18,17,ATTACACTTATTGACTGCCG,1,3785016
tolCp3,1.6111111111111112,45,17,AGTCAAATCATCGGATTCCA,28,3805572
tolCp3,0.2222222222222222,20,17,AGAAAGGGGCCGACTCTGCG,3,3781232
tolCp3,1.6666666666666667,46,17,ACCTTCGGAATGCATCGGAT,29,3777830
tolCp3,3.0555555555555554,71,17,AATTCAAGCACTTGTTGTGT,54,3809433
tolCp3,0.7777777777777778,30,17,AATAGGACGGCACGTATTAC,13,3782598
tolCp3,0.8333333333333334,31,17,AACATAGCTCGCCTGTCCCT,14,3781177
tolCp3,1.2222222222222223,38,17,AAATTGCCGTGTCGTCCGTC,21,3804571
tolCp3,1.411764705882353,39,16,TTAACCAGTATCCTGGGGAG,23,3779705
tolCp3,0.8235294117647058,29,16,TGTTGTTAGGATGTCTTGTC,13,3781002
tolCp3,0.9411764705882353,31,16,TGGGGCGCAAGTAGTATTAT,15,3794291
tolCp3,1.1176470588235294,34,16,TGAAAGCATGCAGTAATGAC,18,3777653
tolCp3,1.8235294117647058,46,16,TCGTACAGAACACCGGTGCC,30,3807059
tolCp3,0.5882352941176471,25,16,TCGGTACGTCGGACACGCCC,9,3777352
tolCp3,0.47058823529411764,23,16,TCAATTGGCGGGTTCCTCTA,7,3808718
tolCp3,1.7058823529411764,44,16,TACTGCCCTGGAAGGACTAA,28,3797712
tolCp3,3.6470588235294117,77,16,TAATTACTCGAACATGGGAC,61,3785652
tolCp3,0.6470588235294118,26,16,TAACGAAGGGGTTGGGCGGT,10,3787841
tolCp3,0.29411764705882354,20,16,GTGGGCCTTGTCGTGTAAGG,4,3793872
tolCp3,0.6470588235294118,26,16,GGCACTAGAACAGAGCTATA,10,3788392
tolCp3,0.11764705882352941,17,16,GGAGAATTCTGTCGGGGTCT,1,3797201
tolCp3,0.5294117647058824,24,16,GCTTCCTCACTCTATACTCC,8,3777309
tolCp3,1.5294117647058822,41,16,GCTTCAATAGGGGAAACGTT,25,3796742
tolCp3,1.588235294117647,42,16,GCTCTGCCACCGCATATCAG,26,3784259
tolCp3,1.1764705882352942,35,16,GCTCGCATGAACTTTTGTCT,19,3776507
tolCp3,0.11764705882352941,17,16,GATTGAAAGGTACGAGCTTA,1,3805203
tolCp3,0.11764705882352941,17,16,GATAACTTTGTTACGAAGAA,1,3780092
tolCp3,0.11764705882352941,17,16,GAGACGCACTAGGGCGTACA,1,3785491
tolCp3,0.8235294117647058,29,16,GACTTACTTAATTCGCGCGG,13,3781642
tolCp3,2.176470588235294,52,16,CTGCTCTGGGATAGTTCGCC,36,3787499
tolCp3,1.1176470588235294,34,16,CTCGCCCTTATGAAGCCGAC,18,3781223
tolCp3,0.11764705882352941,17,16,CGTATGGAGGATCGATGGTA,1,3800920
tolCp3,1.6470588235294117,43,16,CGGTGTATGCGTTTACAAAT,27,3776988
tolCp3,1.8823529411764706,47,16,CGGCGTCACCATATTAATTA,31,3775138
tolCp3,0.11764705882352941,17,16,CCGTAGGAGCATCCCGTTCA,1,3807852
tolCp3,0.11764705882352941,17,16,CCGACTCTAGAGCAATGCGT,1,3791934
tolCp3,3.1176470588235294,68,16,CACCCAAGAAGACTTGCGGT,52,3793416
tolCp3,0.11764705882352941,17,16,CACATAGAATCGCGAGTGCT,1,3799140
tolCp3,0.35294117647058826,21,16,ATGGGATGCGAGCTAGCAAA,5,3781703
tolCp3,0.7647058823529411,28,16,ATGCCAATTTACCCAGGCGG,12,3780093
tolCp3,0.17647058823529413,18,16,ATAAGGAGGGAACGGCGCCG,2,3774792
tolCp3,1.0,32,16,AGTTGGCGCCGTTTGCGGAC,16,3802826
tolCp3,9.117647058823529,170,16,AGGCGTTGGTTGCTTTAAGG,154,3809116
tolCp3,0.6470588235294118,26,16,AGCTGGGAGATATGTTTGGT,10,3799841
tolCp3,1.7058823529411764,44,16,AGCTCGGATCCAGTTTATTG,28,3792955
tolCp3,0.17647058823529413,18,16,ACGGCAAGCTTAATACCGAG,2,3799808
tolCp3,2.2941176470588234,54,16,ACCGCGAGTGGGAACCGTGC,38,3778130
tolCp3,1.1764705882352942,35,16,ACCCGCATAATATTTAAAAT,19,3800649
tolCp3,1.25,34,15,TTGACCGGCGAGTCCACAAC,19,3807227
tolCp3,0.125,16,15,TTCTGCTCTGATCTAAGCAT,1,3807247
tolCp3,0.125,16,15,TTCCGCAGGCGAAGTTCTGC,1,3778201
tolCp3,0.8125,27,15,TTCAGAGAACTCAGTGGTTG,12,3782381
tolCp3,0.5625,23,15,TGTTGACAACGGGTGACGTG,8,3787729
tolCp3,1.5625,39,15,TGGACGGTTTTTCTCTTTGT,24,3779168
tolCp3,1.125,32,15,TCGGGCTCACTACGGCATGA,17,3782296
tolCp3,0.1875,17,15,TACTACATAAGTTGTATTGT,2,3802674
tolCp3,1.375,36,15,GTGTTAAGCTGCCAGGCTCT,21,3801561
tolCp3,1.0625,31,15,GTGTAGGCGGAGCCTTGTCT,16,3797340
tolCp3,1.5,38,15,GTATGTCATGGCTGCAACGT,23,3789218
tolCp3,0.375,20,15,GGGCTGTGAACGCTAAACGG,5,3799060
tolCp3,0.9375,29,15,GGCGACTCGAGTTTTTACCT,14,3795357
tolCp3,1.375,36,15,GGAGGGAAAGACGGGTTCAG,21,3807949
tolCp3,0.9375,29,15,GCTATTGCTAGACAATAGAG,14,3805680
tolCp3,2.0625,47,15,GCGTGATGCTTGCTCACAGT,32,3800297
tolCp3,1.9375,45,15,GCGCACGTCCTTTTACCGTT,30,3775715
tolCp3,2.5625,55,15,GCATATGGCATGTGGAGTTT,40,3777329
tolCp3,1.625,40,15,GATAATCTAACTAGGGTTTG,25,3792653
tolCp3,0.4375,21,15,GAAAAGTTCCTACTTGAATT,6,3779857
tolCp3,1.875,44,15,CTTGATTAACGACCATTGCC,29,3777727
tolCp3,0.5625,23,15,CTGTTAACAGCTGGTAGAGT,8,3789167
tolCp3,3.75,74,15,CTGACTACCGGCGGGGGGGT,59,3774863
tolCp3,0.8125,27,15,CTCTGGGCTAGCGTGCTGTA,12,3797731
tolCp3,1.875,44,15,CTAAAGCGGTTGACGAGTTG,29,3775862
tolCp3,1.25,34,15,CGTTTACAAGCCCAGTGAGT,19,3781336
tolCp3,1.3125,35,15,CGGGGTTGTTCGCCAAATTC,20,3779283
tolCp3,1.0,30,15,CGGCACCAAGTAGGTTCCGC,15,3784369
tolCp3,1.625,40,15,CCGAGGCCGCGGGGCGTGCA,25,3779829
tolCp3,0.4375,21,15,CATGCGCACTTGCTGTCTGG,6,3787948
tolCp3,0.9375,29,15,CACCTAACCTACGGTCTTCT,14,3793762
tolCp3,5.375,100,15,CACCCGAAGGGACGTGGAAA,85,3789940
tolCp3,0.125,16,15,CAAACTAGCATTAATACGAA,1,3785562
tolCp3,4.125,80,15,ATTAGGACCTTCTAGTGTCG,65,3793012
tolCp3,1.3125,35,15,ATCGCACGGTAGAGCACACT,20,3786982
tolCp3,0.125,16,15,ATCCCGCGCTCTGGTACTTG,1,3787416
tolCp3,1.5625,39,15,AGGGATGGTCTCTCTTACAA,24,3799785
tolCp3,1.0625,31,15,AGGGAATGAAAGCATGCAGT,16,3798850
tolCp3,0.125,16,15,AGACTACGAAGAAAAGGAAT,1,3788120
tolCp3,0.125,16,15,AGACCAGGTGGAGATAGTAG,1,3775953
tolCp3,0.3125,19,15,ACTAAAAGAATAATCGATGT,4,3789158
tolCp3,1.4375,37,15,ACGGTCATTGTATTCGTTTA,22,3789487
tolCp3,1.0,30,15,ACGGAAACGTTATGGATAGT,15,3790293
tolCp3,1.125,32,15,ACGCAACTCCTGGATCGTTA,17,3782099
tolCp3,1.5625,39,15,ACCTGGGGAGGACGGTTTGT,24,3803656
tolCp3,1.4375,37,15,ACCGTTACGAGTCTGCCATT,22,3784493
tolCp3,0.125,16,15,ACAGCTCCTACAGTAGGGTC,1,3775503
tolCp3,2.6875,57,15,AAACGGAGTGATGGGCTAGA,42,3785595
tolCp3,0.8666666666666667,26,14,TGGTAAGGAACACCCTAAGC,12,3795969
tolCp3,1.1333333333333333,30,14,TCGGTACTCACCCTAGGATG,16,3779768
tolCp3,2.2666666666666666,47,14,TCGGCCGTTGCCTTGTCTAA,33,3778602
tolCp3,1.4,34,14,TCGCGTCGCTCGCAGAGTTT,20,3804076
tolCp3,1.6666666666666667,38,14,TCCACTAGGGCTACTGGAGA,24,3797045
tolCp3,2.066666666666667,44,14,TCATGTACCTCAATGCAAAT,30,3803561
tolCp3,0.4666666666666667,20,14,TATTTGATTTGACCACAAAT,6,3791224
tolCp3,4.733333333333333,84,14,TATCCCTCTTGAAAAGGTCA,70,3789942
tolCp3,1.4666666666666666,35,14,TACGGACGCCACGCCGTAGT,21,3779956
tolCp3,0.7333333333333333,24,14,TACCCGAACGAAGTATACTG,10,3781644
tolCp3,1.4666666666666666,35,14,TAATTACTATTAGTCCTGAT,21,3785486
tolCp3,0.13333333333333333,15,14,TAATGTATCACCACCGTTTT,1,3782442
tolCp3,1.6,37,14,GTTCGCTCCATAACACAGTA,23,3785449
tolCp3,0.6666666666666666,23,14,GTTCACTCCAATACCTACTG,9,3775647
tolCp3,0.4666666666666667,20,14,GGCGCTCAAAATCCGTGTCG,6,3802815
tolCp3,0.26666666666666666,17,14,GCCCCCCTCTATGGGGGAGT,3,3784684
tolCp3,0.6,22,14,GATTCTATATGCGCGTGTTT,8,3787579
tolCp3,0.13333333333333333,15,14,GATCAAAACGCCCGAACATA,1,3793807
tolCp3,1.5333333333333334,36,14,GAGTTGCGGTTTCACTGTCG,22,3806026
tolCp3,2.3333333333333335,48,14,GACGGCCTAGCGTACATAGC,34,3777336
tolCp3,0.9333333333333333,27,14,GAAGGTGCTCGGCTGCCGTA,13,3794969
tolCp3,3.066666666666667,59,14,CTTTAGCTCCTGCCCGTGGA,45,3782650
tolCp3,0.2,16,14,CTTGTGCTTCGTCGTCGCGC,2,3781023
tolCp3,0.13333333333333333,15,14,CTTAACAGCGCGCCTATGCG,1,3778860
tolCp3,0.9333333333333333,27,14,CTCCTCAATAGTTACTGTGG,13,3774904
tolCp3,1.1333333333333333,30,14,CTAGACTGGCGGGTTTAGGT,16,3794984
tolCp3,0.13333333333333333,15,14,CGTCTGCCTCTGTAATGATG,1,3778608
tolCp3,1.8666666666666667,41,14,CCTTGGGCATGAGTAGACAG,27,3783882
tolCp3,3.1333333333333333,60,14,CCTTCAGCCGAAGTCAGGCT,46,3783773
tolCp3,0.4,19,14,CCACCGCCGCGTGGGCATTG,5,3798537
tolCp3,0.9333333333333333,27,14,CATGGGCAGAATGTATGAAC,13,3797002
tolCp3,1.4666666666666666,35,14,CATCCTCTTGGCTCTGGTAT,21,3793846
tolCp3,0.13333333333333333,15,14,CAATGGGAATGTACAACGGT,1,3794366
tolCp3,0.13333333333333333,15,14,ATGTCGCTTCAGTTCAGAGA,1,3785105
tolCp3,3.1333333333333333,60,14,ATGTCCGTATTTCATCCGTA,46,3783771
tolCp3,0.2,16,14,ATGAGACGTGTCCTGTGGGG,2,3777920
tolCp3,3.8666666666666667,71,14,ATCTCTGTACCATGGGTACT,57,3778241
tolCp3,2.3333333333333335,48,14,ATCTCAACAACTTAAGAGCG,34,3786997
tolCp3,2.0,43,14,ATACGGTAGAAGAGTAGCTT,29,3795791
tolCp3,1.6666666666666667,38,14,AGGGAAGTTCCCCGCCGCGA,24,3799440
tolCp3,0.6,22,14,AGGCTCCGAGGCACACAGTT,8,3787613
tolCp3,0.13333333333333333,15,14,ACGTCCCGGGGCATGAGGAC,1,3796449
tolCp3,1.7333333333333334,39,14,ACGTACTACTGAAACAACAC,25,3797324
tolCp3,0.9333333333333333,27,14,ACGGTATTTTTTTCGAAATG,13,3779435
tolCp3,0.8,25,14,ACGAAGGAGGAAGTGGCGGA,11,3790184
tolCp3,0.13333333333333333,15,14,ACAGTGCGAAGTTAAGCAAC,1,3795745
tolCp3,0.13333333333333333,15,14,ACAGCAATGCATAGCTTGAT,1,3803563
tolCp3,0.4666666666666667,20,14,ACACACATATTGTTGGGAAT,6,3798972
tolCp3,1.2,31,14,AATGCTAGGTACGTGTAAGC,17,3803665
tolCp3,1.7333333333333334,39,14,AAGTGTGACAAAACTTGCGG,25,3800191
tolCp3,0.14285714285714285,14,13,TTTCCGACCGGTGCAGAAAC,1,3775358
tolCp3,0.21428571428571427,15,13,TTGTTAGTGAGGATGCCAAC,2,3782986
tolCp3,1.0,26,13,TTGTGAACAGAGCGATAATT,13,3775420
tolCp3,1.5,33,13,TTGGGTAGACAAACCATATT,20,3802949
tolCp3,0.14285714285714285,14,13,TTGCCTAATGGCTCAAGACC,1,3807579
tolCp3,0.7857142857142857,23,13,TTGAGTAGTCGCCACATATA,10,3789170
tolCp3,1.1428571428571428,28,13,TTAGGCTTTGCACATAAGGT,15,3809096
tolCp3,0.14285714285714285,14,13,TGCGTTCGTCCCATAACAGT,1,3791205
tolCp3,1.0714285714285714,27,13,TGCGTATTTAGTGCGGTTTA,14,3774649
tolCp3,0.5,19,13,TGCGTATGGGGAGCTGTCCA,6,3808165
tolCp3,1.5,33,13,TGAATAATGAGCATATTAAA,20,3799332
tolCp3,0.14285714285714285,14,13,TCACCACCTCGAAAAAAAGA,1,3798194
tolCp3,1.8571428571428572,38,13,TAGGAAATGACGCATAGAAC,25,3795814
tolCp3,0.14285714285714285,14,13,TACCCATTGCCGAGAGCTCG,1,3784754
tolCp3,0.2857142857142857,16,13,TAAGTATCCTCCCTGACCGT,3,3798781
tolCp3,4.285714285714286,72,13,GTGAGTTTCTGTCAAGTTTG,59,3791462
tolCp3,3.642857142857143,63,13,GTCCTAGCGTGCAGTCAGAG,50,3799038
tolCp3,1.0,26,13,GTAGAGAATAGGTTCCCAGT,13,3777859
tolCp3,0.14285714285714285,14,13,GGTTATTCCCCAAACCAGTC,1,3781997
tolCp3,1.7857142857142858,37,13,GGTAGAAGGAACCAGCGAAG,24,3778549
tolCp3,2.142857142857143,42,13,GGGGCGCCCCGATTGGAAAA,29,3788236
tolCp3,1.0,26,13,GGGCGCGGCAGCACGATGGG,13,3789918
tolCp3,0.14285714285714285,14,13,GGACCTGGGCAAACTCCCGC,1,3778429
tolCp3,1.1428571428571428,28,13,GGAAGGTAATAGCACGATCA,15,3792757
tolCp3,2.0714285714285716,41,13,GCTTCGGCTTACGCCCACAA,28,3781721
tolCp3,1.9285714285714286,39,13,GCAGGTATGGGAGAACGGGC,26,3806850
tolCp3,0.35714285714285715,17,13,GATATTTTGACCACTTGTCT,4,3777861
tolCp3,0.14285714285714285,14,13,GATATAATTCTTCGGGAGCG,1,3779367
tolCp3,2.857142857142857,52,13,GAGCATGGTTTCTAAGTCTG,39,3803132
tolCp3,1.9285714285714286,39,13,GAGCAGGTGGGACCCTTTGT,26,3784451
tolCp3,0.7142857142857143,22,13,GACAAGTGGAATAAGGAAGG,9,3783565
tolCp3,1.2142857142857142,29,13,CTTGCGATATGGCAACATTT,16,3784480
tolCp3,0.2857142857142857,16,13,CTTCTCTGTCCAGTAATCTA,3,3791342
tolCp3,0.14285714285714285,14,13,CGCTAGATATATGTAGCTGT,1,3795148
tolCp3,0.14285714285714285,14,13,CGCGCGCGTATGGGTGCCAA,1,3779113
tolCp3,1.1428571428571428,28,13,CGATTACATTTCCTTTCTCT,15,3791469
tolCp3,0.14285714285714285,14,13,CCTTCAACAGAGGCATAATT,1,3784630
tolCp3,0.14285714285714285,14,13,CCTATCCGCCTGGAGGTCCT,1,3803748
tolCp3,0.9285714285714286,25,13,CCGGGCGTAGAGTTCGGACA,12,3789168
tolCp3,0.14285714285714285,14,13,CCCTAAGTGACCTTCTACGG,1,3775650
tolCp3,1.2857142857142858,30,13,CCCGCCCGGGCCAATACACG,17,3777153
tolCp3,1.4285714285714286,32,13,CCAGCAACGTGGCAGAATTG,19,3775322
tolCp3,2.2857142857142856,44,13,CAGTAGCTCTGCACCGCGAG,31,3780141
tolCp3,1.5714285714285714,34,13,CAGATTCCCAACACATCCCA,21,3802616
tolCp3,0.21428571428571427,15,13,CACAAGATTCCCGCAGTCGC,2,3785417
tolCp3,0.7857142857142857,23,13,CAATGGCCAAAGTGGGTTCG,10,3789315
tolCp3,0.7857142857142857,23,13,CAACTTCCGTTGCAGGGTTA,10,3788198
tolCp3,0.14285714285714285,14,13,ATGAACTGGATCTGTGAGTA,1,3793841
tolCp3,0.14285714285714285,14,13,ATCTTTCGTCACTCACCCGT,1,3798931
tolCp3,3.7857142857142856,65,13,ATAGCTAGAGATCCGTCTAT,52,3789174
tolCp3,0.14285714285714285,14,13,AGTCTCGTTCTGGGTGCATC,1,3797461
tolCp3,2.0,40,13,AGTCCCATGCGCGACGCTGT,27,3794396
tolCp3,1.2142857142857142,29,13,AGGGGCACAAATACTGGTAC,16,3800389
tolCp3,0.14285714285714285,14,13,AGCATGGTCGGCAAGCGAAT,1,3780615
tolCp3,1.9285714285714286,39,13,AGCATGGCTCATCACGTGAT,26,3798312
tolCp3,1.0,26,13,ACTGTTGCGGGCTTGTGTAC,13,3793946
tolCp3,1.9285714285714286,39,13,ACTGAAGGATTACGTAACGT,26,3782821
tolCp3,0.42857142857142855,18,13,ACCGTTTACCGTTAATTAGT,5,3798209
tolCp3,1.3571428571428572,31,13,ACCAAGAAATGGATGAATGA,18,3788380
tolCp3,2.2857142857142856,44,13,ACATTCGAACGGAGGGGGAT,31,3788435
tolCp3,1.4285714285714286,32,13,ACAGTTCTAGAAAACCTCGC,19,3798391
tolCp3,4.142857142857143,70,13,AAGACGGGTGATCAGTGCTC,57,3794847
tolCp3,0.9285714285714286,25,13,AAGAATACTCATCCATCGAT,12,3804848
tolCp3,0.7142857142857143,22,13,AACATGCCTACGGAATTTTA,9,3802472
tolCp3,0.7142857142857143,22,13,AAAGGCTTTCGCTAGATGCG,9,3808212
tolCp3,1.6923076923076923,33,12,TTTTCATGTAAGGGACCATT,21,3785423
tolCp3,1.0769230769230769,25,12,TTGCTTGTAATAGAGTGGCT,13,3795444
tolCp3,0.15384615384615385,13,12,TTGCGTATCTGGTGAACAGT,1,3777487
tolCp3,1.3076923076923077,28,12,TTGATGAGCAGGTTGCCCCT,16,3779009
tolCp3,2.4615384615384617,43,12,TTCTTGAGCTTGCAGTTCGC,31,3793409
tolCp3,1.6923076923076923,33,12,TTCGATCTAACGGATGGGAC,21,3781446
tolCp3,1.6153846153846154,32,12,TTAGGCGCACGATCGGCTTG,20,3779369
tolCp3,1.0769230769230769,25,12,TTACGCTCGAAAATGAGGCT,13,3796635
tolCp3,1.0,24,12,TGTACGGCGCCTGGAGTAGG,12,3803229
tolCp3,0.15384615384615385,13,12,TGTAAATAAGATTACTTTGG,1,3784769
tolCp3,1.6153846153846154,32,12,TGCAGATAGAGTAGACACGT,20,3775114
tolCp3,2.3076923076923075,41,12,TCTGGTATCGATGTCCGGGT,29,3777367
tolCp3,1.1538461538461537,26,12,TCTCGCGGTAGCCCTGGTAG,14,3795399
tolCp3,0.15384615384615385,13,12,TCGGATTTAGAGGGGTGTCC,1,3793868
tolCp3,0.15384615384615385,13,12,TCATGTTAACGCGCAATTCT,1,3789909
tolCp3,1.1538461538461537,26,12,TCATCCGCTCAGAGGAGTAG,14,3783847
tolCp3,1.0,24,12,TCAGATCCACTTGTCATGCG,12,3802893
tolCp3,0.23076923076923078,14,12,TATAGTCATGATGAAGCCCG,2,3777422
tolCp3,0.23076923076923078,14,12,TACTGCGTTCACCACTTCTC,2,3804760
tolCp3,0.6153846153846154,19,12,TACATTTAACGTCCTAGAAT,7,3807665
tolCp3,1.7692307692307692,34,12,TAATACGCATAATAGATGGC,22,3783370
tolCp3,0.46153846153846156,17,12,GTTTGTTAAGGGCCGAATGT,5,3780142
tolCp3,2.076923076923077,38,12,GTTCCCGCGGCCCGCACGGT,26,3791090
tolCp3,2.3846153846153846,42,12,GTGCTTGGTAACTACATCGC,30,3783793
tolCp3,1.2307692307692308,27,12,GTGACACTACACGGGTCCCT,15,3788850
tolCp3,0.7692307692307693,21,12,GGGGACCGCACAGCTTCCAA,9,3781745
tolCp3,2.769230769230769,47,12,GGGCGCCTACAGCCGCTAGG,35,3796462
tolCp3,0.46153846153846156,17,12,GGCCCCCACACGGAACAGTT,5,3803397
tolCp3,1.5384615384615385,31,12,GGATCACTTTCAACCTGGTT,19,3777504
tolCp3,0.5384615384615384,18,12,GGAGGACGCTTGACAACTAC,6,3804591
tolCp3,0.5384615384615384,18,12,GCTTGCGGTTGCCTGGGGAT,6,3793823
tolCp3,0.7692307692307693,21,12,GCTGTCCGGACATCCCCATA,9,3779390
tolCp3,0.8461538461538461,22,12,GCTAACCCCTCTGATCTTAC,10,3776815
tolCp3,3.3076923076923075,54,12,GCCTCGTGGCATGAGCCGAT,42,3807016
tolCp3,2.0,37,12,GCATCTGAGTAGACCCGGCG,25,3801268
tolCp3,1.6923076923076923,33,12,GCATATGTCTGACTTATTTT,21,3777795
tolCp3,0.38461538461538464,16,12,GAGACCACACTCAACTTCTA,4,3779124
tolCp3,0.15384615384615385,13,12,GAGAATAAGTACGTTAACGC,1,3785388
tolCp3,0.15384615384615385,13,12,CTTCCAAAAAGTATACGCGT,1,3774768
tolCp3,0.7692307692307693,21,12,CTTAACGAATTCCAAAATAT,9,3781471
tolCp3,5.6923076923076925,85,12,CTGTAGGCCGTAGAGAGGAT,73,3797393
tolCp3,0.15384615384615385,13,12,CTGCCACAACGAGTACTTGA,1,3785666
tolCp3,6.6923076923076925,98,12,CTCTATCCTCTCCTGCAACA,86,3779234
tolCp3,0.15384615384615385,13,12,CTCGTCAGTAAGTACGCTTA,1,3800571
tolCp3,0.9230769230769231,23,12,CGTGAGAAAAAGATGAGCTG,11,3806220
tolCp3,0.6153846153846154,19,12,CGTCCCTATTCAACGCATGA,7,3775033
tolCp3,1.2307692307692308,27,12,CGTAAAAGTTACATAGGCTG,15,3778393
tolCp3,0.15384615384615385,13,12,CGGGTAATGGGGTTACCTCA,1,3781633
tolCp3,2.230769230769231,40,12,CCTTGTTCCATTTGCCTCTA,28,3794843
tolCp3,0.9230769230769231,23,12,CCTTGTCTCCCCCGTAGTCG,11,3793693
tolCp3,2.0,37,12,CCTCCGACACGCAGATCCTG,25,3779991
tolCp3,1.1538461538461537,26,12,CCGGCGAGTAGTCCCCTTAA,14,3803970
tolCp3,0.15384615384615385,13,12,CCGAATCAACTCTCGGGAAT,1,3778141
tolCp3,1.8461538461538463,35,12,CCCCTAACTACATGAGGAAC,23,3799232
tolCp3,1.7692307692307692,34,12,CCCACACGAAGCGTGCGACG,22,3775246
tolCp3,3.6153846153846154,58,12,CCATCGCGTAGGACGGGGCG,46,3787752
tolCp3,1.7692307692307692,34,12,CCAAGACCACGGACACAATT,22,3793406
tolCp3,4.384615384615385,68,12,CATGTGCGAGTGACAGCGTA,56,3803542
tolCp3,0.8461538461538461,22,12,CAGAACCTCTTTCTGAAAGT,10,3779030
tolCp3,2.923076923076923,49,12,CAATTTCATCGCGAAGGGAT,37,3781229
tolCp3,2.6923076923076925,46,12,CAATAGCATCCGGTTAGTGC,34,3790922
tolCp3,0.6923076923076923,20,12,ATTTAGGCAGCGTGCGCAGA,8,3792235
tolCp3,0.15384615384615385,13,12,ATAGGGGCGTCAATGACGGG,1,3777335
tolCp3,0.15384615384615385,13,12,AGGGGCGACATGCAGTGGAC,1,3809133
tolCp3,1.0769230769230769,25,12,AGGAATCTCATTTTTAACGT,13,3794901
tolCp3,5.461538461538462,82,12,ACTTCCGGAAATGCCGCTTC,70,3795275
tolCp3,2.076923076923077,38,12,ACTTAGTGAGTAAGGTAACA,26,3784759
tolCp3,0.38461538461538464,16,12,ACTATCCGAGAGATTAGTGT,4,3778274
tolCp3,0.5384615384615384,18,12,ACTAGACTATGAAGAGTAAT,6,3806251
tolCp3,2.3076923076923075,41,12,ACTAATTAAGACCGGTCGCT,29,3781702
tolCp3,1.2307692307692308,27,12,ACGTGGCCTTACGTCAGTGA,15,3790909
tolCp3,0.15384615384615385,13,12,ACCACGTTCCACAACTCTAT,1,3781037
tolCp3,1.1538461538461537,26,12,AATCCCCGGGGTACTGGAGA,14,3798165
tolCp3,1.8461538461538463,35,12,AAATTTCGCGAGTTGTGGTT,23,3789002
tolCp3,0.15384615384615385,13,12,AAATTAGTAGCATGGAGGAT,1,3790478
tolCp3,1.0769230769230769,25,12,AAACCTGGTCGATTGAAGGC,13,3787225
tolCp3,7.416666666666667,99,11,TTTGTCGATAAGCGACGATT,88,3808647
tolCp3,1.1666666666666667,24,11,TTTGCCCAACGGCACTTAGA,13,3788256
tolCp3,0.16666666666666666,12,11,TTTCGGTGGACTAGCGCCTT,1,3778613
tolCp3,2.3333333333333335,38,11,TTGTGATAATTGAACGCAAT,27,3788150
tolCp3,0.16666666666666666,12,11,TTAGATTGAACATATGATGA,1,3780139
tolCp3,0.16666666666666666,12,11,TGGTAGGGTCGCGACTGATG,1,3807672
tolCp3,2.3333333333333335,38,11,TGAAGGCAACAGAAGATTCG,27,3782354
tolCp3,0.3333333333333333,14,11,TCTTGAGGTGTCGGGCGGAC,3,3788774
tolCp3,2.9166666666666665,45,11,TCATAGCTCATCACTGTAGT,34,3803969
tolCp3,1.5833333333333333,29,11,TACGGTTACGTTGCTGGGCT,18,3785669
tolCp3,0.25,13,11,TACCGTAGTCCAGCTAGATC,2,3781022
tolCp3,5.583333333333333,77,11,TAAGCGAACGAGCGGATGGT,66,3785540
tolCp3,0.16666666666666666,12,11,GTTTTCGGGTCAATTGACCT,1,3805206
tolCp3,0.5833333333333334,17,11,GTTCGAGGCCTATACAATTT,6,3793186
tolCp3,3.9166666666666665,57,11,GTTCCAAGCTTGGAATGGCG,46,3782502
tolCp3,0.75,19,11,GTGCCAGATAGGTTAGTATC,8,3791770
tolCp3,2.5833333333333335,41,11,GTGCATCTCTATCAAGCGTC,30,3797957
tolCp3,0.25,13,11,GTCTGCCTCCCTATCACTTG,2,3794251
tolCp3,2.4166666666666665,39,11,GTCTGACGCTGGAGCGTCAA,28,3789657
tolCp3,2.0,34,11,GTAAGTGCCGCAGGCCACCC,23,3791672
tolCp3,0.9166666666666666,21,11,GGTGCATATTGGCGTCGGTC,10,3809412
tolCp3,12.833333333333334,164,11,GGGGCCGAATCCCGGTCACG,153,3794225
tolCp3,0.16666666666666666,12,11,GGGCATAGGATGGTCTGTTC,1,3788597
tolCp3,7.416666666666667,99,11,GGAGAGATCAAGCAAGTGCT,88,3789993
tolCp3,0.16666666666666666,12,11,GGACATACACATCTCCATGA,1,3800955
tolCp3,0.16666666666666666,12,11,GCGCTAGGCCGCAGTCGAGG,1,3798742
tolCp3,2.0,34,11,GCATTGTCCATCAGGTAGGG,23,3781599
tolCp3,2.4166666666666665,39,11,GCAGGACCTTGTTTACCGGG,28,3777784
tolCp3,2.0833333333333335,35,11,GCAGCGGAGTCTGGGGGTGC,24,3775902
tolCp3,1.0,22,11,GCACGTTACTCCTCAGCGCT,11,3808778
tolCp3,0.9166666666666666,21,11,GATTACCATGTCCGAAATAC,10,3782937
tolCp3,5.75,79,11,GATGTTACTCGATCGCCGAG,68,3782643
tolCp3,0.16666666666666666,12,11,GATGATGCAACCCCCAGTGC,1,3789350
tolCp3,1.9166666666666667,33,11,GATAGAGGGAGATCATGGCG,22,3794411
tolCp3,4.0,58,11,GACCGTGTCACGGCGTGCCT,47,3787674
tolCp3,1.0833333333333333,23,11,CTTTCCTGTGGTCAGCCTCA,12,3775597
tolCp3,2.5833333333333335,41,11,CTTTACAGTCACCAAAGTAA,30,3795708
tolCp3,6.333333333333333,86,11,CTCTAAGGCAATTATTTTTT,75,3801277
tolCp3,7.416666666666667,99,11,CTATGAGATGCGGTGGTATC,88,3804393
tolCp3,0.16666666666666666,12,11,CGGCGCACTCTGGCGCAATT,1,3797510
tolCp3,0.5,16,11,CCATGTTCAACCAATTCGCG,5,3789891
tolCp3,2.0,34,11,CCAGCCTACCTTACCTATGC,23,3775577
tolCp3,0.16666666666666666,12,11,CCAAGTTGGTGCGCATACAC,1,3807384
tolCp3,1.5833333333333333,29,11,CATCGTCCGTCGAAACATGT,18,3780098
tolCp3,1.75,31,11,CATCGAGCACGGGTACGTCG,20,3800067
tolCp3,0.16666666666666666,12,11,CATCCAACCCCACTACGACC,1,3783025
tolCp3,1.8333333333333333,32,11,CATAACGTCTCTAATAAGGA,21,3805762
tolCp3,0.8333333333333334,20,11,CAGCGCAAAAATTTAATCAT,9,3796610
tolCp3,0.16666666666666666,12,11,CAAGCAGGGAGTCACTAATC,1,3790804
tolCp3,0.8333333333333334,20,11,ATTCGCACTTAATCGGCTAT,9,3797651
tolCp3,0.16666666666666666,12,11,ATTAAAGCAGGTCCGGCGGC,1,3788326
tolCp3,3.3333333333333335,50,11,ATGAGTGGAGCCGTAATGTA,39,3787313
tolCp3,0.5,16,11,ATCCATTATAGCACTTGGGG,5,3788590
tolCp3,0.16666666666666666,12,11,AGTATCATAGTTAGTTTCCA,1,3801222
tolCp3,2.5,40,11,AGGGTTTTGCTATAACTAAG,29,3780736
tolCp3,0.16666666666666666,12,11,AGGCAGAGCGTGGAGCTATT,1,3781342
tolCp3,1.6666666666666667,30,11,AGAGGGCCTTGTCAATTTAG,19,3797530
tolCp3,1.4166666666666667,27,11,AGACAAACTCGAGGGACAGG,16,3801317
tolCp3,0.5,16,11,ACTCTACGAAAGGCCAGCTG,5,3801697
tolCp3,4.666666666666667,66,11,ACTAACCACAAACAGCTTTC,55,3809117
tolCp3,2.5833333333333335,41,11,ACCTACGAAGGTCTGGTAGG,30,3777705
tolCp3,3.0,46,11,ACCACGTCCGTGAGCAAGTC,35,3780901
tolCp3,4.0,58,11,ACAGGTTGGCACGTCCCTGA,47,3778656
tolCp3,0.16666666666666666,12,11,AATTAGACTCGGCTGTAGGA,1,3777899
tolCp3,1.4166666666666667,27,11,AAGCGACTACACCGACACCT,16,3789534
tolCp3,2.4166666666666665,39,11,AAGACAAATTGACAGACGGG,28,3789991
tolCp3,3.9166666666666665,57,11,AACGAGACGGCTGTCTAACA,46,3805586
tolCp3,0.25,13,11,AACCAGTGGGGGTCCACGAC,2,3775355
tolCp3,1.3333333333333333,26,11,AACAAATGCCATGCTGTGGT,15,3793187
tolCp3,2.5,40,11,AAAGGACGTACTGTCCGCGA,29,3782405
tolCp3,1.7272727272727273,28,10,TTTGGCTCGTGATAAGTTGA,18,3790028
tolCp3,4.2727272727272725,56,10,TTTCAGCTTCCCCTTGTCCA,46,3776171
tolCp3,3.6363636363636362,49,10,TTGGAGCCCAGCGAGACACA,39,3795818
tolCp3,0.18181818181818182,11,10,TTCCGTATCACCTATGTTGT,1,3783069
tolCp3,2.1818181818181817,33,10,TGTTACCACTACGTTGTGGA,23,3799576
tolCp3,1.7272727272727273,28,10,TGTCTTCACTGAGTTTGCTT,18,3801463
tolCp3,1.7272727272727273,28,10,TGTATTCGGTTCACCGGACA,18,3785553
tolCp3,0.9090909090909091,19,10,TGGCTAAGCGCGGGCTAGTC,9,3785808
tolCp3,2.090909090909091,32,10,TGGATGCGTTAGGGTGCGAA,22,3787354
tolCp3,2.6363636363636362,38,10,TGCAGAAATTGCGCTTGCCA,28,3797726
tolCp3,6.363636363636363,79,10,TGAGCTTTCAGCATCAGCTC,69,3775694
tolCp3,0.36363636363636365,13,10,TGAATGAAGGCTGACTGGAA,3,3805445
tolCp3,1.7272727272727273,28,10,TCTTCGAGCACATCAGACTT,18,3779224
tolCp3,0.18181818181818182,11,10,TCGGTTACTAATTCCCCATG,1,3788434
tolCp3,4.090909090909091,54,10,TCGCTTGAAGCTACAGGTCA,44,3799674
tolCp3,12.545454545454545,147,10,TCCTGGCTTATCCTCGCGTG,137,3775709
tolCp3,1.6363636363636365,27,10,TCATGTTAAGCCCGCGTCAC,17,3792216
tolCp3,2.5454545454545454,37,10,TCATCATGTGTCAGGCACCT,27,3799954
tolCp3,1.8181818181818181,29,10,TCAGGGGGTTTTGGATTCAA,19,3782864
tolCp3,2.5454545454545454,37,10,TCACGTTTTCTCAGGGTGGG,27,3792516
tolCp3,2.1818181818181817,33,10,TCACGGTTACCGTCCGACAT,23,3791726
tolCp3,1.2727272727272727,23,10,TCAACAAAATAGCCAAACGA,13,3786167
tolCp3,4.7272727272727275,61,10,TATCTCCGTAGATCGGGAAC,51,3794841
tolCp3,2.3636363636363638,35,10,TAGCTCACGTACCATCATAC,25,3777586
tolCp3,8.090909090909092,98,10,TACCGTTCGCCCGGGGTTCG,88,3777576
tolCp3,2.272727272727273,34,10,TACAGTTATCCCTCGTCAGA,24,3802279
tolCp3,0.9090909090909091,19,10,TACAAAGTTGGTATACTGGA,9,3807070
tolCp3,0.18181818181818182,11,10,GTTTAGCGGGCAGAGGACCT,1,3802793
tolCp3,0.45454545454545453,14,10,GTTGCTGGCGGGTGCAGAGT,4,3808167
tolCp3,1.3636363636363635,24,10,GTTCGCATGGCTAATTTTGC,14,3778599
tolCp3,1.8181818181818181,29,10,GTGGGCGAGGACATGCTATT,19,3798383
tolCp3,2.090909090909091,32,10,GTATTGAAGGGCGACATACA,22,3776238
tolCp3,0.18181818181818182,11,10,GTATCGGGAGTTCATATCAG,1,3777288
tolCp3,3.272727272727273,45,10,GTAAGACCGTACACTTTCCT,35,3786269
tolCp3,1.7272727272727273,28,10,GGTATTGGCGTTGGTGTGAC,18,3801906
tolCp3,3.090909090909091,43,10,GGGGGCCTTGCACGATAGAT,33,3777402
tolCp3,0.18181818181818182,11,10,GGGCTTGGAATTGATCGTTC,1,3798411
tolCp3,1.4545454545454546,25,10,GGGATCTCAGGCAAACAATC,15,3806225
tolCp3,2.727272727272727,39,10,GGCTGCTTTCCGCCCTGTGG,29,3800642
tolCp3,0.18181818181818182,11,10,GGATCGCCAAATAAGCTATT,1,3785440
tolCp3,3.3636363636363638,46,10,GCGGGGCAACGGGGCAAAAG,36,3779085
tolCp3,2.1818181818181817,33,10,GCGACGAAAGTTTGGGATCT,23,3787988
tolCp3,2.4545454545454546,36,10,GCGAACTAACATTCCTCGAA,26,3785326
tolCp3,2.727272727272727,39,10,GCCGGGCATGGGAAAGGAAA,29,3778643
tolCp3,0.8181818181818182,18,10,GCATATTGGGATGACATCAC,8,3788262
tolCp3,0.36363636363636365,13,10,GCAGGGTTACGGAGCCTTCC,3,3799197
tolCp3,3.0,42,10,GCACCGAAACCGTAGAACTA,32,3778199
tolCp3,1.9090909090909092,30,10,GATTGGGTATGTATGACGGT,20,3799681
tolCp3,0.18181818181818182,11,10,GATCGGGCCATGGCTGCGGA,1,3806962
tolCp3,3.0,42,10,GATCGCCGTCACGCGTGAGC,32,3807627
tolCp3,4.2727272727272725,56,10,GAGCTTCGAGCGATTGAACC,46,3779296
tolCp3,0.18181818181818182,11,10,GAGCGTCAAAACCATGTATA,1,3804837
tolCp3,7.636363636363637,93,10,GAGCGGCCTAGTGAAGGAAT,83,3776792
tolCp3,1.0909090909090908,21,10,GAACTGGCTCTATGGACGAG,11,3797385
tolCp3,4.090909090909091,54,10,CTTGTATTTCCCCACTTACA,44,3777580
tolCp3,2.6363636363636362,38,10,CTGGATACCTATGCCAGTGC,28,3805559
tolCp3,2.090909090909091,32,10,CTGCAGACCATTTTAGCTCA,22,3788010
tolCp3,0.8181818181818182,18,10,CTGACGAATGCGAATCTGAT,8,3794410
tolCp3,2.090909090909091,32,10,CTCTGGGCTTCAAAGGGTGC,22,3793744
tolCp3,0.18181818181818182,11,10,CTCTGGAAGCATTCCCACGC,1,3777606
tolCp3,1.0909090909090908,21,10,CTCTGCTACATTGAACCCTT,11,3789326
tolCp3,1.3636363636363635,24,10,CTCGTGGTGTCCACACAGGG,14,3779934
tolCp3,1.9090909090909092,30,10,CTAGGTTGCAGGAGTATGCA,20,3806434
tolCp3,0.18181818181818182,11,10,CGTTTTGGACTTGATCATTG,1,3791553
tolCp3,2.1818181818181817,33,10,CGGGTGGGAAGCCCGAAAAC,23,3792175
tolCp3,0.18181818181818182,11,10,CGCTCGGAGATCCTGTGGTC,1,3804871
tolCp3,2.0,31,10,CGCAAATGCAGCTGCCTTAG,21,3783640
tolCp3,11.0,130,10,CCTAACAGCTTAGGTCGGCC,120,3794226
tolCp3,0.7272727272727273,17,10,CCGTCTATCGTGAGACTTAA,7,3782642
tolCp3,1.6363636363636365,27,10,CCGGAACGTGTTATACGCAT,17,3798287
tolCp3,2.6363636363636362,38,10,CCCACTTGCTGGGGAGCGCC,28,3802301
tolCp3,0.9090909090909091,19,10,CCAGTTGTTTTACAGGCTGC,9,3779963
tolCp3,1.8181818181818181,29,10,CATAATAGCGAGCCTGACGA,19,3793996
tolCp3,1.0909090909090908,21,10,CAGTCCTTATTCAGGCGAGG,11,3779284
tolCp3,2.727272727272727,39,10,CAGTCCGTAAAAGCCTAGAG,29,3779937
tolCp3,1.4545454545454546,25,10,CAGCCCCGTTCTCATGATGC,15,3801346
tolCp3,4.545454545454546,59,10,CAGAGGAATGCGGATTCGAG,49,3797906
tolCp3,1.0,20,10,ATTCTACAGTTCGCGGCACG,10,3781253
tolCp3,0.2727272727272727,12,10,ATTCCGCGGAGTCGGGGTGG,2,3783110
tolCp3,1.8181818181818181,29,10,ATTACTCGCATGCCTATGGA,19,3782635
tolCp3,1.7272727272727273,28,10,ATCGATATACATTGCCCGCT,18,3797571
tolCp3,2.090909090909091,32,10,ATCACATCACTCGGTTTCGT,22,3808820
tolCp3,0.8181818181818182,18,10,ATCAAGGTATTTGCCGATCA,8,3780309
tolCp3,2.5454545454545454,37,10,AGTTTGTGCGTGTATACGGT,27,3790439
tolCp3,0.18181818181818182,11,10,AGCGTTTCGTGCTTTACACA,1,3776465
tolCp3,1.0909090909090908,21,10,AGCCTCATGCTACGAGCTAT,11,3788465
tolCp3,2.4545454545454546,36,10,ACTCTTGTTTAAGTCGGGCA,26,3786126
tolCp3,2.5454545454545454,37,10,ACGGTGGCGATGGACCCGCT,27,3778301
tolCp3,2.090909090909091,32,10,ACGGTGGAAGGGCGGGGGTA,22,3807101
tolCp3,1.1818181818181819,22,10,ACGCCAAGACAAATATAGAG,12,3802062
tolCp3,3.0,42,10,AATTACAACTGCCGCGGTCA,32,3793470
tolCp3,1.6363636363636365,27,10,AATCTAAAATACAATTTTTT,17,3776362
tolCp3,2.1818181818181817,33,10,AAGTGAAACCAGCTGGGCAG,23,3786697
tolCp3,0.18181818181818182,11,10,AAGCTCTAGACGCCCCAGCC,1,3777171
tolCp3,1.4545454545454546,25,10,AACTGCTGTTCTTAGCTTGT,15,3790428
tolCp3,0.6363636363636364,16,10,AACCAACGGCCCTGATCATA,6,3787855
tolCp3,0.5,13,9,TTTAGTTCGGGAGAAAAGGT,4,3788244
tolCp3,0.8,16,9,TTGTGTGGCTCATAGTTCCC,7,3791352
tolCp3,3.2,40,9,TTGGGTTCAGCAATTAGTGG,31,3796319
tolCp3,1.1,19,9,TTACCCCTCGCACGTCTGGC,10,3793528
tolCp3,0.7,15,9,TGTCCGTCGCTTGGAATATG,6,3809274
tolCp3,2.2,30,9,TGTATACGGGCTGTGCCTAC,21,3800420
tolCp3,3.0,38,9,TGGTGGATAATCTTGGAGAG,29,3788168
tolCp3,1.7,25,9,TGGGCCGCCGCTGTACTCTT,16,3789369
tolCp3,3.2,40,9,TGGGAACGTCACCTGGCTTT,31,3806219
tolCp3,0.2,10,9,TGGACACCTGTAGGTAACCT,1,3799378
tolCp3,0.2,10,9,TGGAACTAGATCTTGAGCCC,1,3784738
tolCp3,0.2,10,9,TGCTTGCGACGTAGATCCGG,1,3777742
tolCp3,1.3,21,9,TGCAGGGAGTGGAAGAACTA,12,3808948
tolCp3,1.3,21,9,TGATCAAGGCGCTTAAAGAC,12,3781403
tolCp3,1.6,24,9,TGACGGGACAGTGTTGAGAT,15,3778019
tolCp3,2.0,28,9,TGAATGGTTTCACTATGGGT,19,3779783
tolCp3,1.0,18,9,TCGTCCTTATCTCTAGGTCA,9,3787356
tolCp3,1.8,26,9,TCCCAAGTTCGCCAAGGTCT,17,3779935
tolCp3,1.1,19,9,TCATGTATGAAGACCGCTAA,10,3795494
tolCp3,1.4,22,9,TCAGCCACACACTATTTCAT,13,3791677
tolCp3,0.2,10,9,TAATTGCTTTCCCTCTGAGT,1,3802663
tolCp3,0.2,10,9,TAATACGTCCATAGACAGGG,1,3798069
tolCp3,0.6,14,9,TAACGAGTGGCGCTATCTAT,5,3793716
tolCp3,1.7,25,9,GTTGATGGGTCGGTGGCGAA,16,3801144
tolCp3,2.5,33,9,GTTCGGGACGTCATTCTGAG,24,3794303
tolCp3,1.8,26,9,GTGGTGAAGCACGGGAGCCG,17,3809365
tolCp3,4.2,50,9,GGTGACACAACAGCTACTTG,41,3784123
tolCp3,1.3,21,9,GGTCGCGGTTTTAGTCCTTC,12,3787961
tolCp3,1.1,19,9,GGTATATTGGTCACACGCCC,10,3778203
tolCp3,7.2,80,9,GGTAATTAATTAAACGCATC,71,3808855
tolCp3,2.1,29,9,GGGTTTACTGCATTTGGGCA,20,3805764
tolCp3,0.2,10,9,GGGGACACCGACGGGATTAG,1,3796064
tolCp3,3.1,39,9,GGGCATGTGCTCTTGACGAA,30,3806061
tolCp3,0.2,10,9,GGCACGGATCGTCCTCTGAC,1,3791525
tolCp3,1.8,26,9,GCTTAACTCGGCCAATATGT,17,3779252
tolCp3,0.5,13,9,GCTGACTCGAGGCAGCTCCA,4,3796070
tolCp3,0.2,10,9,GCTACAAGGGTCTAGAACTC,1,3793542
tolCp3,2.5,33,9,GCGGAGAATGTCAGGCGAAA,24,3779266
tolCp3,1.5,23,9,GCCGGTGGATGGACCTGTAG,14,3803808
tolCp3,1.1,19,9,GCCCCGGCGGTTGCTTCGGA,10,3805293
tolCp3,0.2,10,9,GCAGAGACCATGCGATCAGC,1,3787497
tolCp3,0.5,13,9,GATTGACTCCATCTTATCGC,4,3780314
tolCp3,1.4,22,9,GATAGCTTTCAGCATGGAAC,13,3787705
tolCp3,1.4,22,9,GAGTGGGAAAAAGTGTAATT,13,3793763
tolCp3,0.5,13,9,GAGCAAAGTGATTATCCGGT,4,3805682
tolCp3,4.8,56,9,GAGAGAGGTAGCGTCCGTGT,47,3788505
tolCp3,0.3,11,9,GACACGAATACAGTTTGACC,2,3793319
tolCp3,0.7,15,9,GAAGGGACGATTGAGTAGGT,6,3774950
tolCp3,3.2,40,9,GAAAACGTGGGGGCAAAAGG,31,3781196
tolCp3,0.2,10,9,CTTGACAATACATGCTATAT,1,3808355
tolCp3,1.1,19,9,CTGGGGGGGGCACTGCGAAG,10,3780757
tolCp3,0.2,10,9,CTGCTGGCGATTTTTTGATC,1,3803857
tolCp3,0.4,12,9,CTCTGCCATCTGCGGCAACA,3,3792612
tolCp3,2.5,33,9,CTCAGTTCAATTACCCATCA,24,3775361
tolCp3,0.9,17,9,CTAGATCGTGTCTTGATAGG,8,3794205
tolCp3,0.9,17,9,CGGATGCGCCCAGTCATTGG,8,3805797
tolCp3,0.6,14,9,CGGAGATTTGGCGTTGGTAC,5,3801471
tolCp3,4.1,49,9,CGCTGACCAGTTCTTTTACC,40,3779195
tolCp3,1.2,20,9,CGCGGGAGCCCTTCCCCACT,11,3780144
tolCp3,5.2,60,9,CGCAGTTAGCACCGTCAGTG,51,3792382
tolCp3,0.3,11,9,CCTGCTCTCAAACTACCGAT,2,3797610
tolCp3,0.6,14,9,CCGGCTAAGTGTGTCATAAA,5,3775493
tolCp3,0.8,16,9,CCAAGTTCTGAGGTGAATAT,7,3802591
tolCp3,3.3,41,9,CCAAACGGATTGTTTACCAT,32,3777707
tolCp3,2.3,31,9,CATTTTATAGCGCACAGCTC,22,3790976
tolCp3,1.0,18,9,CATCTCAAAAGCGTCTTTAC,9,3776527
tolCp3,5.0,58,9,CATACACGGTCAATCAACAT,49,3779285
tolCp3,0.2,10,9,CAGTTCGGGTGACTAGACTG,1,3806537
tolCp3,2.2,30,9,CAGTGGCTCCCGCACATGGA,21,3805801
tolCp3,1.5,23,9,CACTCCCAAATCGTGTCCTA,14,3801701
tolCp3,1.7,25,9,CACATGCGTCTAGCTATTCC,16,3785127
tolCp3,0.2,10,9,CAATTGGTTTCCCGGTAGCG,1,3803825
tolCp3,1.9,27,9,CAATTGATAGTCCGAGCGCA,18,3787770
tolCp3,2.7,35,9,CAATCGAAAGGTCGGACGGT,26,3784653
tolCp3,0.9,17,9,CAATAGTCTAAGCGACATCA,8,3787788
tolCp3,3.2,40,9,ATTGTAGCTTCTGGGGGGGG,31,3777932
tolCp3,3.7,45,9,ATTAGCGGGGGTCTGGGTAC,36,3805401
tolCp3,2.5,33,9,ATGGTGCGACTTGCCGTGGC,24,3804280
tolCp3,9.3,101,9,ATCGACATATATTTCAGTGT,92,3802512
tolCp3,2.8,36,9,ATCATTTATCGCTTGCGCTG,27,3805947
tolCp3,0.4,12,9,ATATCGTGAAGGTTTTCAGA,3,3784695
tolCp3,3.2,40,9,AGTTTGAAACGAAACCACTT,31,3805990
tolCp3,3.3,41,9,AGTGTAGCATGGTCCTGCCA,32,3786044
tolCp3,1.0,18,9,AGTACCCCGGGGCGGCCCCA,9,3797955
tolCp3,0.2,10,9,AGGGCCTCCTGTCATTAGGG,1,3792102
tolCp3,0.4,12,9,AGGCCACCCTCAGCTTCATG,3,3790700
tolCp3,6.1,69,9,AGCTTCCTTAGGGGAATTCT,60,3805006
tolCp3,0.9,17,9,AGCACTCGGCCGAACGTAGG,8,3797891
tolCp3,2.5,33,9,AGATGAGTATTACCAGCACT,24,3803764
tolCp3,1.2,20,9,ACTTTGTTTAGACTCCGCGG,11,3795702
tolCp3,2.3,31,9,ACTGAAAACCAGAGCAAACA,22,3779760
tolCp3,4.9,57,9,ACTACCGACGCGCAAGTAAT,48,3781066
tolCp3,3.9,47,9,ACCACACCCGCCCATGGGTG,38,3804444
tolCp3,2.2,30,9,ACACGAGCATGGCTAAGAGC,21,3780603
tolCp3,2.4,32,9,AATGGTAGGCCACCAGGCCA,23,3774887
tolCp3,3.0,38,9,AATATTGCTTAGGAAAATAC,29,3780551
tolCp3,3.7,45,9,AAGGTCCGCTGCAAGAGGCA,36,3807374
tolCp3,1.1,19,9,AAGGGTGCGTTCCCCTACAA,10,3778640
tolCp3,0.2,10,9,AAGGAGATCTGGGCTTTCGA,1,3785249
tolCp3,2.6,34,9,AAGACCGCTGACTTAACTGA,25,3803398
tolCp3,1.9,27,9,AAAGCCTTACTTGGCCGGTA,18,3787357
tolCp3,1.1111111111111112,17,8,TTTGCTCACATTGGTGGGAC,9,3795786
tolCp3,4.0,43,8,TTGTCTAACTCGATGATGAG,35,3800604
tolCp3,2.0,25,8,TTGTAAGGACACCTGTAGGT,17,3783357
tolCp3,3.111111111111111,35,8,TTGGCACCAAGCGTAATAGA,27,3792792
tolCp3,2.0,25,8,TTAGTTACACTCTCTGTTGT,17,3791073
tolCp3,1.6666666666666667,22,8,TTAGCCCTAAGAAAGGCGGG,14,3782225
tolCp3,2.0,25,8,TTACGGATGTGACTTCGGCC,17,3777858
tolCp3,2.2222222222222223,27,8,TGTTGCAACTTCCGAGGTAC,19,3785230
tolCp3,1.6666666666666667,22,8,TGTCTTAACACGCAGCATAT,14,3782761
tolCp3,3.7777777777777777,41,8,TGGTACCCGTCGATCAGTGC,33,3776512
tolCp3,3.4444444444444446,38,8,TGGAAATCCTAACGCAGAGT,30,3792890
tolCp3,1.6666666666666667,22,8,TGCGGAACTTGCCAGTCCTA,14,3799525
tolCp3,2.111111111111111,26,8,TGCGACTAAGACCACTTCGC,18,3779825
tolCp3,1.1111111111111112,17,8,TGCCTTGGTGGCGGACTTTT,9,3795944
tolCp3,2.3333333333333335,28,8,TGCAGGTGGGTCGTATATGG,20,3786798
tolCp3,1.8888888888888888,24,8,TGCAAAATCCGCCCTGCTCT,16,3786747
tolCp3,2.2222222222222223,27,8,TCGTCCGTGTCGGTAAAACC,19,3793887
tolCp3,3.0,34,8,TCATAATGTACGTCATGTTA,26,3804901
tolCp3,2.2222222222222223,27,8,TAGGCTAGTTTAAGGGGGCT,19,3801546
tolCp3,3.2222222222222223,36,8,TAGGCCAGCAAAATATCGCT,28,3795943
tolCp3,0.2222222222222222,9,8,TACACACGATCCGGCCCTCT,1,3795847
tolCp3,3.111111111111111,35,8,GTTCGGCTGAATACTTGTCT,27,3792419
tolCp3,10.222222222222221,99,8,GTTCGCGCAAAGTCGTGGCA,91,3794231
tolCp3,1.3333333333333333,19,8,GTGGATACTGCTAAGTCTGC,11,3782579
tolCp3,0.2222222222222222,9,8,GTGATCGCGTGATCACACTA,1,3786717
tolCp3,0.2222222222222222,9,8,GTCTCCTCTCTGGCCAGAAC,1,3784167
tolCp3,2.111111111111111,26,8,GTCGCCTGGGAAACCCGTTT,18,3803227
tolCp3,1.7777777777777777,23,8,GTCGAACTCCTGGGAACTCA,15,3786755
tolCp3,2.3333333333333335,28,8,GTAGGTCCTGATAAGCGATC,20,3788024
tolCp3,1.0,16,8,GTAAATGTTACTATGTGGGG,8,3780819
tolCp3,0.8888888888888888,15,8,GGTACAGTATCCAAGCCACA,7,3784490
tolCp3,1.7777777777777777,23,8,GGGTAAGGTTCAACTGCTAA,15,3793866
tolCp3,1.5555555555555556,21,8,GGGGGCGTCAAATTGAAAGT,13,3776594
tolCp3,0.5555555555555556,12,8,GGCCTATAGGTTGCGAGTGG,4,3790885
tolCp3,7.444444444444445,74,8,GCTATCATGGCACTGCTGTT,66,3792344
tolCp3,1.7777777777777777,23,8,GCGAGGTTGTCTAGTGGGGT,15,3793391
tolCp3,0.6666666666666666,13,8,GCGACGGGGTCCCCTTGGTT,5,3791967
tolCp3,1.7777777777777777,23,8,GCCTAATAATAAGCCTTACG,15,3781189
tolCp3,0.6666666666666666,13,8,GCCGAAGTCTTTCCTGCTTG,5,3776776
tolCp3,3.5555555555555554,39,8,GCAGACAAAGTTTGATGCTT,31,3785018
tolCp3,4.555555555555555,48,8,GCACACCGATGGTGATTTTC,40,3782655
tolCp3,2.6666666666666665,31,8,GATTATAAGCGCTTGGTTAT,23,3790999
tolCp3,5.555555555555555,57,8,GATGCACCGAATATTATTGT,49,3785017
tolCp3,1.4444444444444444,20,8,GATCGTCACGCGCGGCCGCG,12,3775574
tolCp3,0.6666666666666666,13,8,GAGATGGCCTTAAAACGGAA,5,3778598
tolCp3,2.7777777777777777,32,8,GAACTCAACGCTGAAGCCTA,24,3778360
tolCp3,1.8888888888888888,24,8,CTTGTAGGTGAGCAAGATGT,16,3777612
tolCp3,2.0,25,8,CTTAGTTTCTCGCGAACTAA,17,3792985
tolCp3,3.2222222222222223,36,8,CTGCTGGTCTGCCTGCCCAT,28,3789025
tolCp3,0.8888888888888888,15,8,CTCTGTTCTCTACCGCTCCA,7,3804012
tolCp3,1.3333333333333333,19,8,CTCTGTGACGTGTTGCTGTA,11,3791845
tolCp3,2.5555555555555554,30,8,CTCTACCCCTAGACACCGTT,22,3787521
tolCp3,2.4444444444444446,29,8,CTCGGCTAGGGGACAGAGGG,21,3797205
tolCp3,3.0,34,8,CGTCCCCACCTGGGAACCCA,26,3799467
tolCp3,4.333333333333333,46,8,CGTAAGTACGCGTGAGCGAC,38,3803578
tolCp3,3.111111111111111,35,8,CGGTATCACCGCCATGCTCT,27,3786799
tolCp3,3.111111111111111,35,8,CGGGCACATATCATGTGGAA,27,3781761
tolCp3,0.3333333333333333,10,8,CGGCGATGTCAGCGAAAAAG,2,3800274
tolCp3,2.3333333333333335,28,8,CGCTTCTGCTACAAATTGAA,20,3807341
tolCp3,2.111111111111111,26,8,CGCTGATTCACCATCTGAAG,18,3784746
tolCp3,1.0,16,8,CGCGACTGTCGGTTTACCCC,8,3802640
tolCp3,2.6666666666666665,31,8,CGAGCCGCATAGCCGCACCT,23,3787384
tolCp3,0.5555555555555556,12,8,CGACCACGCGAAGCGCATTG,4,3797641
tolCp3,0.7777777777777778,14,8,CGAATCAGGCTACGCAGTCC,6,3802974
tolCp3,5.111111111111111,53,8,CCTGAGTTGACGATGAAACA,45,3775391
tolCp3,0.7777777777777778,14,8,CCTCATCTGGGTATTGGCAT,6,3805776
tolCp3,1.6666666666666667,22,8,CCGGCTTCTTTCCTCATGGC,14,3788075
tolCp3,0.7777777777777778,14,8,CCGCATTAGTACCTGGGCGA,6,3787189
tolCp3,4.333333333333333,46,8,CCGATGCCGATATCTAACAT,38,3787970
tolCp3,3.3333333333333335,37,8,CCCGGAGCCTCGGCAGCTTC,29,3779013
tolCp3,3.0,34,8,CATCTCGGGCGTTCTGAGCT,26,3776749
tolCp3,1.1111111111111112,17,8,CAGTTGGTTCTGTAGGGATA,9,3774857
tolCp3,2.4444444444444446,29,8,CAGGTAAAGGTTATCGGTTA,21,3809296
tolCp3,4.0,43,8,CAGCGTTACTGGCAAGACCT,35,3776213
tolCp3,0.2222222222222222,9,8,CAGAACTTAATTTGCTGCTG,1,3776493
tolCp3,0.2222222222222222,9,8,CACGGGGCACAACCCGGGTG,1,3804049
tolCp3,0.3333333333333333,10,8,CACCTCGCTGCCCTGTCCGT,2,3790549
tolCp3,2.6666666666666665,31,8,CACATCAGTTGAGCGGATCA,23,3779421
tolCp3,0.3333333333333333,10,8,CACACAAATTTTTTGTCGCT,2,3803613
tolCp3,1.7777777777777777,23,8,CAAGTGATTTGTGAAGACTT,15,3803116
tolCp3,2.4444444444444446,29,8,ATTTGGTCTAAAAGTCTGTG,21,3800360
tolCp3,1.3333333333333333,19,8,ATTCAGTAGGACCTCCTATT,11,3792845
tolCp3,1.3333333333333333,19,8,ATGGGTCGTGCCGAAACTAT,11,3779734
tolCp3,2.2222222222222223,27,8,ATGCAGTACGAAGTAGCACA,19,3778604
tolCp3,3.5555555555555554,39,8,ATATCTGGGGGCCTAGGAAA,31,3778395
tolCp3,0.4444444444444444,11,8,ATATCCCCCAGAGGGTGTTT,3,3797837
tolCp3,0.2222222222222222,9,8,AGTCCACATGCGGTGCGGCC,1,3794443
tolCp3,1.8888888888888888,24,8,AGTAGAGAATAGCTTTGTTA,16,3796065
tolCp3,0.2222222222222222,9,8,AGTACTTCATCGTAGGTCGC,1,3790826
tolCp3,0.4444444444444444,11,8,AGGTGTGGTTATGCCCTTCT,3,3785847
tolCp3,0.2222222222222222,9,8,AGGTCCCCGACAAGAATTAG,1,3787411
tolCp3,1.3333333333333333,19,8,ACTTAACCAGAGGCGTACCC,11,3789955
tolCp3,0.3333333333333333,10,8,ACTAGGGTCTTTCTAGAAAA,2,3785720
tolCp3,0.3333333333333333,10,8,ACGGTTAGATCTACCGGTCG,2,3808404
tolCp3,2.111111111111111,26,8,ACGATCAATTGCAACTATCA,18,3783644
tolCp3,2.111111111111111,26,8,ACGAGAGGAGGACGAGGGAT,18,3782057
tolCp3,1.5555555555555556,21,8,ACCGTTAGAGGTAGGGACGG,13,3774523
tolCp3,7.777777777777778,77,8,ACATATATCGGATTGCTGCC,69,3802801
tolCp3,0.5555555555555556,12,8,AATGCATAAGAATCAGATCT,4,3780745
tolCp3,0.2222222222222222,9,8,AACCACGCGGGACTTGAACC,1,3781188
tolCp3,1.7777777777777777,23,8,AAATCGCTCATGTGGGCGCT,15,3785203
tolCp3,1.8888888888888888,24,8,AAAAAGGTATATAATGGATC,16,3780523
tolCp3,5.625,51,7,TTTTCGTTGGTTTAAGCTTC,44,3808677
tolCp3,0.25,8,7,TTTAAATTTTCCATGGTCCC,1,3786492
tolCp3,2.375,25,7,TTGTATTGTTGAGAGCATCA,18,3803127
tolCp3,1.375,17,7,TTGGATCAGTTTCAGAATGA,10,3785629
tolCp3,1.125,15,7,TTGAAAGCCAACCGTTTCGG,8,3786344
tolCp3,2.25,24,7,TTCGAACATCCAGGGGGGCC,17,3800653
tolCp3,0.25,8,7,TTAAAGTCGCAGTACTGGTG,1,3792467
tolCp3,3.875,37,7,TGGCATTTCCGCTCCAGAAA,30,3780891
tolCp3,2.5,26,7,TGCCCCGGAAAGAACATGTT,19,3774714
tolCp3,4.125,39,7,TGAGTTATGTGGTAGCGTAG,32,3792786
tolCp3,1.25,16,7,TCTAGCTTCTTCTTGCATCT,9,3807909
tolCp3,1.375,17,7,TCGAGCGCTTCTCCCCGGAT,10,3801263
tolCp3,1.5,18,7,TCCCACTCCGAGCGGTTCCT,11,3800793
tolCp3,2.625,27,7,TCATAACTTGTGTACAGGTT,20,3778052
tolCp3,1.5,18,7,TCAGTTGACGTCATTGGGCT,11,3791251
tolCp3,1.375,17,7,TCAACGTACTACGGACGTAG,10,3789969
tolCp3,3.625,35,7,TATCTCGGCGCTTACCGTGT,28,3804782
tolCp3,0.25,8,7,TAATGCCCGGGGCATAAGGT,1,3796213
tolCp3,2.125,23,7,GTTTTGCCCATGGCTCCAAT,16,3775411
tolCp3,0.25,8,7,GTTTGGGTTCATTGTTTAGA,1,3801522
tolCp3,4.125,39,7,GTTTGGCCTTGGGATTGTGT,32,3794857
tolCp3,7.875,69,7,GTTGGAACAGATGACATCTT,62,3800301
tolCp3,2.5,26,7,GTCGAAATGCCCTGGATACA,19,3776878
tolCp3,2.25,24,7,GTCATACGCCGGGGACTATG,17,3803680
tolCp3,3.375,33,7,GTACGCGTGACTAGACGACA,26,3790435
tolCp3,2.125,23,7,GGTAGTAGGTGGGCCGCGAC,16,3797434
tolCp3,0.25,8,7,GGTAACCGGGAATATATTCT,1,3775759
tolCp3,0.25,8,7,GGCCCCTCTCTGGAGATCGT,1,3786531
tolCp3,0.625,11,7,GGCACATCCGCACCCCCCTT,4,3775382
tolCp3,2.125,23,7,GGAGCATAATACATCGCACA,16,3794302
tolCp3,3.0,30,7,GGAACGCGACCTGTAGAATA,23,3778331
tolCp3,0.25,8,7,GGAAAGGTGTAGTCGAAGTG,1,3785637
tolCp3,0.25,8,7,GCTAAAGCGGGACTTATATT,1,3789145
tolCp3,3.5,34,7,GCGGACAGGGCTTCCCTTGC,27,3783926
tolCp3,0.375,9,7,GCGGAATCAGATTCATGAAT,2,3809427
tolCp3,2.875,29,7,GCGACGGGTCAAGTGCCAGG,22,3798751
tolCp3,1.125,15,7,GCATCTAAGATTCGACAACG,8,3778560
tolCp3,5.875,53,7,GCACATGGGGATCCTTCTAT,46,3809120
tolCp3,14.625,123,7,GATTGGGTATCGGTAAGGGG,116,3778035
tolCp3,0.25,8,7,GATCCAACTGTTGGTTTTAT,1,3790702
tolCp3,9.5,82,7,GAGTCGCGTCCCCTTATTTT,75,3794227
tolCp3,0.25,8,7,GAGGCTTTGTCGCTAGGGTA,1,3804095
tolCp3,3.875,37,7,GACTATACGACCGCCTTGCG,30,3792706
tolCp3,1.75,20,7,GAAGCTACCTCCGGACCGCG,13,3784745
tolCp3,3.25,32,7,CTTGAGGTCTGACTCTGCGT,25,3808443
tolCp3,5.625,51,7,CTGCGTCAGAAACTAACTGT,44,3776748
tolCp3,52.375,425,7,CTCCATGCACGACTATCGAT,418,3775693
tolCp3,2.375,25,7,CTATGTTTTCTTGTGTTAGA,18,3777719
tolCp3,2.75,28,7,CGTTTCGCTCCAATCGGGCA,21,3800009
tolCp3,1.75,20,7,CGTCTGATACAAACAAGAAC,13,3784104
tolCp3,0.875,13,7,CGTAGTCGTTACGCTATAAA,6,3795301
tolCp3,1.75,20,7,CGGATGTGCGATGCGGTCAT,13,3776698
tolCp3,1.125,15,7,CGGAGCACACTTAGCGGAAT,8,3778428
tolCp3,2.375,25,7,CGGAACAGGAATGTCCCTTG,18,3791030
tolCp3,0.25,8,7,CGGAAACACTTCAGCTACAA,1,3807634
tolCp3,1.75,20,7,CGCATAGGACATGGTGATAT,13,3779807
tolCp3,2.375,25,7,CGAGCATACACCGCTCGAGG,18,3793843
tolCp3,6.75,60,7,CCTTCTAACCGCGACTACTT,53,3788149
tolCp3,1.0,14,7,CCTGGGACACTTCGGAGGCC,7,3807636
tolCp3,1.375,17,7,CCTCGAATGATGCGAAGCGA,10,3788956
tolCp3,0.375,9,7,CCGCTTAGTAGCAAATTTTT,2,3780252
tolCp3,2.25,24,7,CATGTAGGTCCTTTGCGGGA,17,3807226
tolCp3,3.875,37,7,CATAGTATGGTACTTCCTAG,30,3789852
tolCp3,0.75,12,7,CAGGGGGAGGGGGAAGCTCA,5,3775254
tolCp3,1.75,20,7,CAGCATATATGAGCGCTTTT,13,3778348
tolCp3,3.375,33,7,CACTTCACACTGGCACCTGC,26,3794435
tolCp3,3.25,32,7,CACCCCCTGTTGGTGAATTT,25,3775188
tolCp3,4.5,42,7,CACATTTTTCGTGTTCCATT,35,3774632
tolCp3,2.125,23,7,CAAAAAGAGTGCGTACGGCA,16,3793824
tolCp3,6.75,60,7,ATTGGTCCCCCTAGCGAGGG,53,3801143
tolCp3,2.875,29,7,ATGTTTCAGGGTTCCTTAAC,22,3787975
tolCp3,6.375,57,7,ATGGTGGTAACTGGTACGTT,50,3795812
tolCp3,3.25,32,7,ATGGCGGCGGGACCTCCGAC,25,3801731
tolCp3,0.375,9,7,ATGAGATACAATATCTCAGA,2,3777583
tolCp3,2.25,24,7,ATGAACGAAACTCGGTCGCG,17,3786116
tolCp3,3.625,35,7,ATCTCCCCGCCTTTTTTGGT,28,3794853
tolCp3,2.5,26,7,ATCCAGTATAAATCAAAAAC,19,3775528
tolCp3,2.375,25,7,ATCACACTATCATGCTATAT,18,3797839
tolCp3,3.875,37,7,ATAGTCTTCGTCTTCTGGTA,30,3808379
tolCp3,3.125,31,7,AGGAGCCGGCATACCGAAAT,24,3794724
tolCp3,4.875,45,7,AGGAGAGGCCCCGGAATCTC,38,3801702
tolCp3,4.125,39,7,AGGACGGAAAGGAACACACA,32,3797690
tolCp3,1.5,18,7,AGCTCTAAATGAATGTAACA,11,3788300
tolCp3,0.25,8,7,AGCGATTCGAAACGTCAAGC,1,3787599
tolCp3,1.125,15,7,AGATCAGGGTGGGGACGCAA,8,3786998
tolCp3,1.125,15,7,AGAACGACTGAGAGGCTCGG,8,3798675
tolCp3,2.625,27,7,ACTTACACAATATTCTCACA,20,3804086
tolCp3,2.25,24,7,ACTCTTTCCTAGGTTCACCA,17,3791070
tolCp3,3.0,30,7,ACTCATCCCGGTCCCCGCAT,23,3804235
tolCp3,0.875,13,7,ACTCAGGAGAAATAGTTCAG,6,3788506
tolCp3,2.0,22,7,ACGTCGGGGACTGCGCCGTG,15,3781182
tolCp3,0.25,8,7,ACGGGATACCTTCTAGCTTA,1,3776161
tolCp3,0.25,8,7,ACGCTTAACAGGTCAAAGCT,1,3793070
tolCp3,3.125,31,7,ACGCACAAAGATCTACTTAG,24,3787284
tolCp3,3.25,32,7,ACGACCACCATGCATAATAT,25,3806600
tolCp3,0.25,8,7,ACCGTTAAGATCGGTGGATG,1,3794199
tolCp3,0.25,8,7,ACCGTGGATAAGGTGGTCTA,1,3783691
tolCp3,0.375,9,7,ACCAAAGTTCCGCTCCTACA,2,3775089
tolCp3,3.875,37,7,ACATATTGGATGCTTTTTAA,30,3784823
tolCp3,3.25,32,7,ACACACCGATACAGAGGCGT,25,3793565
tolCp3,1.5,18,7,ACACAACTGGTGTCACCAGG,11,3798832
tolCp3,0.25,8,7,AAGGTATGAGCCACCCGAGA,1,3796087
tolCp3,1.625,19,7,AAGGAGCCATCAAGCTCTTT,12,3795410
tolCp3,2.375,25,7,AAGATTGCCTTATAAGAATA,18,3808694
tolCp3,0.75,12,7,AACTGACTAGCAATTGACGG,5,3777789
tolCp3,0.5,10,7,AACCATATTCCGGTGGTCTC,3,3787558
tolCp3,3.625,35,7,AAACCCGTTTGTGGTCGCCT,28,3794483
tolCp3,3.0,26,6,TTTTCCTACAGTGCCTCATA,20,3799463
tolCp3,1.4285714285714286,15,6,TTTGGCTAAGCGTGACGTCA,9,3798162
tolCp3,3.5714285714285716,30,6,TTTATATACTTTCCAAACAA,24,3802365
tolCp3,0.7142857142857143,10,6,TTGGGGTGCGGAGCTAGAAG,4,3777765
tolCp3,3.2857142857142856,28,6,TTCCATACGGAGGGTAAGCT,22,3794257
tolCp3,2.857142857142857,25,6,TGTCAACTAACGTCATTGGA,19,3792170
tolCp3,3.2857142857142856,28,6,TGTACGGGGTCCCCACCGGT,22,3789073
tolCp3,3.857142857142857,32,6,TGCTCTAAACACCCACGTAT,26,3782897
tolCp3,0.2857142857142857,7,6,TGCTAGGATACCAGGTGTAT,1,3806236
tolCp3,1.1428571428571428,13,6,TGCGGAACGATTTATGGCTC,7,3785279
tolCp3,4.0,33,6,TGAAGGGAAGGTAGGCCGGA,27,3782630
tolCp3,3.0,26,6,TCTTTTGGTAACGTTTCGTA,20,3797079
tolCp3,0.2857142857142857,7,6,TCTGAAATGCGGACCGTCTA,1,3777716
tolCp3,3.857142857142857,32,6,TCCAAACTAGCTTCACAGTG,26,3799172
tolCp3,2.142857142857143,20,6,TCAGACGAAATACCAGACTC,14,3807066
tolCp3,3.4285714285714284,29,6,TCACCGGACATAACTCGAGA,23,3792682
tolCp3,3.142857142857143,27,6,TCACCCGGATGGTTTCGATC,21,3776272
tolCp3,2.5714285714285716,23,6,TATCTAGGCAGCTCACACGG,17,3781958
tolCp3,3.142857142857143,27,6,TATCGGTAATCAGAGTTTGT,21,3801385
tolCp3,0.7142857142857143,10,6,TATACATGCGGAGGGGAGAC,4,3800677
tolCp3,1.0,12,6,TAGGTAAGATCCTCCAAGGT,6,3777394
tolCp3,0.2857142857142857,7,6,TAACCTCTTTACATGGCCAT,1,3792750
tolCp3,2.2857142857142856,21,6,TAAATCCACGAATCCAATTC,15,3809129
tolCp3,3.5714285714285716,30,6,GTTTATCGTGCAAAATAGAT,24,3802630
tolCp3,0.2857142857142857,7,6,GTTAACTCCCCAGTCAACAC,1,3786725
tolCp3,2.4285714285714284,22,6,GTGTTTAAACCGTGCGCTAC,16,3794648
tolCp3,2.142857142857143,20,6,GTGGATGGCAATGTGTAAGT,14,3784659
tolCp3,0.5714285714285714,9,6,GTGCCTGCGCTTGTCAAGTT,3,3808437
tolCp3,1.4285714285714286,15,6,GTGATGATAACAACATCTAC,9,3786825
tolCp3,3.7142857142857144,31,6,GTGACGTGTAGCAATGCTGC,25,3777033
tolCp3,2.142857142857143,20,6,GTAGTTCACGTCCCAATGAA,14,3786479
tolCp3,1.8571428571428572,18,6,GTAGGACAACCGCTCCTGAA,12,3790680
tolCp3,1.7142857142857142,17,6,GTAAACTTTATAGGACTTTT,11,3793164
tolCp3,0.2857142857142857,7,6,GGTTCTGGCGCTTGGGCCAA,1,3804650
tolCp3,4.857142857142857,39,6,GGTGTGCGATTTTGGCCGAC,33,3805205
tolCp3,2.4285714285714284,22,6,GGGTAGTGAAATAATCAGTT,16,3805966
tolCp3,1.8571428571428572,18,6,GGCACACGCATCTAGTTTGT,12,3778345
tolCp3,0.2857142857142857,7,6,GGCAAGAATCGCTCAGAGCA,1,3789261
tolCp3,4.285714285714286,35,6,GGATTGGAGAGCCCGTAAAG,29,3793323
tolCp3,2.142857142857143,20,6,GCTCTTATCTATCAAATACA,14,3784740
tolCp3,0.42857142857142855,8,6,GCGGGTCGGAACTGGGGGTG,2,3787504
tolCp3,2.5714285714285716,23,6,GCGAGGTCCTAAAACCGGTC,17,3780116
tolCp3,2.2857142857142856,21,6,GATTCGATACAGTTCTAGGC,15,3785907
tolCp3,12.285714285714286,91,6,GATACGGTCAACGTCTAGGC,85,3797908
tolCp3,1.1428571428571428,13,6,GAGTTCGGCACCAAAAACAA,7,3774799
tolCp3,2.4285714285714284,22,6,GAGTATGGAAATATAGGTCA,16,3793797
tolCp3,0.42857142857142855,8,6,GAGGAAAGCCGGAAAGACGA,2,3801902
tolCp3,1.5714285714285714,16,6,GAGCTTGCAGTAAGCGCTGC,10,3806240
tolCp3,0.2857142857142857,7,6,GACTCAGGCCCGTTAAAGCT,1,3779139
tolCp3,4.714285714285714,38,6,GAACACTACAGGGCAGTTTG,32,3805083
tolCp3,4.571428571428571,37,6,GAAAGGCTAAGTGACCAACA,31,3804098
tolCp3,1.2857142857142858,14,6,GAAAATCAGGCACACGTATC,8,3778453
tolCp3,0.2857142857142857,7,6,CTTGGATTCATTAAGTCTTC,1,3781621
tolCp3,0.7142857142857143,10,6,CTTGAACTTACTGAAGGATT,4,3776944
tolCp3,0.2857142857142857,7,6,CTTCCCTAGCCAATGTGATC,1,3791592
tolCp3,1.4285714285714286,15,6,CTGTGAATGGTAGTTTAGCT,9,3786784
tolCp3,2.7142857142857144,24,6,CTGTAACTGCGTGTAGTTAA,18,3793309
tolCp3,2.5714285714285716,23,6,CTAGTTTCTCCGAGCTCCCA,17,3801611
tolCp3,2.0,19,6,CGTATCCCGGTGGCATTGGT,13,3804455
tolCp3,3.857142857142857,32,6,CGGTTTTCAGGCTCCGGCAA,26,3775368
tolCp3,0.7142857142857143,10,6,CGGGGAACTCAAGGCATTTG,4,3778776
tolCp3,0.7142857142857143,10,6,CGGATCTTATGGAAGACATC,4,3776946
tolCp3,0.2857142857142857,7,6,CGGAGGCAGAAGGACACTCT,1,3809437
tolCp3,3.4285714285714284,29,6,CGCTGTGGCTTGTCGGCCAT,23,3781024
tolCp3,1.5714285714285714,16,6,CGCCAGTACTCTCTTCGTTA,10,3781629
tolCp3,0.2857142857142857,7,6,CCTTGCGAGCAATGCATGAA,1,3778078
tolCp3,3.7142857142857144,31,6,CCTGTGCAGAATCGCAGCGA,25,3792592
tolCp3,0.2857142857142857,7,6,CCTATTGAGCGGTCGAACTA,1,3782597
tolCp3,1.0,12,6,CCGTACCAAAACTCCGAGCG,6,3782353
tolCp3,4.428571428571429,36,6,CCGGTTCATTACGATTCCAG,30,3777757
tolCp3,2.857142857142857,25,6,CCCTGAGCCTGGGCACTGCA,19,3808785
tolCp3,0.2857142857142857,7,6,CCCGATTCTTTGCCAATGTA,1,3778083
tolCp3,0.2857142857142857,7,6,CCCACGACAGCGGGACTATG,1,3776697
tolCp3,2.857142857142857,25,6,CCATGTCGAACAAACAAGAA,19,3793598
tolCp3,1.2857142857142858,14,6,CAGGGCCGCGTACATGGCGT,8,3804996
tolCp3,1.5714285714285714,16,6,CACTTCTCAGTAGTAGTCTC,10,3775945
tolCp3,2.7142857142857144,24,6,CAATGATCATCAAATAGGCC,18,3781744
tolCp3,3.0,26,6,CAACATGTTATCGTGAACAG,20,3787462
tolCp3,3.5714285714285716,30,6,CAACAGGGGGCCATTATGGC,24,3795768
tolCp3,2.0,19,6,CAAATTTTTCACGCAACAGC,13,3806246
tolCp3,1.8571428571428572,18,6,CAAAAATATAGAGCCTGACG,12,3808068
tolCp3,0.42857142857142855,8,6,ATTTTTAAACGCACCGGGAA,2,3805670
tolCp3,1.8571428571428572,18,6,ATTGGTGGTCAACAGTTACA,12,3806613
tolCp3,9.285714285714286,70,6,ATGACGTGTGTAGAGTTGGC,64,3780793
tolCp3,2.857142857142857,25,6,ATCTTGTTACGTTGGGGTAG,19,3789868
tolCp3,5.571428571428571,44,6,AGTTTCAGATATTTCTTTGT,38,3795815
tolCp3,2.7142857142857144,24,6,AGTGGTCTTTGGGCACCATA,18,3784660
tolCp3,3.7142857142857144,31,6,AGGTTCTAATTGCCGAGTCA,25,3784055
tolCp3,4.285714285714286,35,6,AGGAAACATCCCGAATGCGG,29,3780493
tolCp3,4.285714285714286,35,6,AGCCGGTGAGGGGGACATAG,29,3789744
tolCp3,4.142857142857143,34,6,AGATTAGTATAGTCTTGGTT,28,3805370
tolCp3,1.4285714285714286,15,6,AGAGAATCCCTAATATAGAT,9,3797290
tolCp3,3.5714285714285716,30,6,ACTTTAATTTATCCCGCCGT,24,3786493
tolCp3,3.5714285714285716,30,6,ACGTTGTTCAATATGTTGTA,24,3778866
tolCp3,1.8571428571428572,18,6,ACGTCCTACATCCGCTATAC,12,3776174
tolCp3,3.857142857142857,32,6,ACGCAACATTGCGTAATGCC,26,3799201
tolCp3,0.8571428571428571,11,6,ACCGGAAAAGCCGACAGCAG,5,3791908
tolCp3,1.0,12,6,ACATTTTCAGTCCGCACATC,6,3778818
tolCp3,3.5714285714285716,30,6,ACATTTGTAGGTTTCTATTC,24,3791790
tolCp3,3.5714285714285716,30,6,ACAATTTCATAGGCGAATCC,24,3774789
tolCp3,1.1428571428571428,13,6,AATCTGATACATGAGGTGTA,7,3779706
tolCp3,2.2857142857142856,21,6,AATCTCATTCACCTGATTGC,15,3776897
tolCp3,1.4285714285714286,15,6,AACCAGTATTAATCGATCTG,9,3784832
tolCp3,0.2857142857142857,7,6,AACATTATCCAATTTGCTTT,1,3807069
tolCp3,5.571428571428571,44,6,AAATGGTTATAGAAGGCGGT,38,3784709
tolCp3,3.5714285714285716,30,6,AAAGATAGTGATGGTAGAAA,24,3800076
tolCp3,3.7142857142857144,31,6,AAAGAATGCGGGTGGCAATC,25,3805247
tolCp3,0.2857142857142857,7,6,AAAACGGATACGCCCTCTGC,1,3786127
tolCp3,3.6666666666666665,26,5,TTGGTCAGCAACTTTGGCAA,21,3797008
tolCp3,1.6666666666666667,14,5,TTGGCACCGGCTTCATTAAC,9,3791985
tolCp3,4.166666666666667,29,5,TTGCTAACCAATGGGTTTGC,24,3788602
tolCp3,2.8333333333333335,21,5,TTGAGACATGCGGGACAGAA,16,3800663
tolCp3,4.666666666666667,32,5,TTCTGTGTAGGCGTTCTTAA,27,3799577
tolCp3,0.3333333333333333,6,5,TTCGCACATAAATGACTTTG,1,3782461
tolCp3,13.666666666666666,86,5,TTCGACATCGTTTATCTGTA,81,3789225
tolCp3,1.1666666666666667,11,5,TTATGCAACGAAGTAGGTTT,6,3809399
tolCp3,4.166666666666667,29,5,TTACCGTTACACACAGCCAC,24,3801261
tolCp3,0.3333333333333333,6,5,TGTTCAAACCAATAGCCTTA,1,3782330
tolCp3,0.6666666666666666,8,5,TGTGTGAGCCAGTAAGACGT,3,3803721
tolCp3,0.6666666666666666,8,5,TGGGCTTGTCGAACTTAGTA,3,3804423
tolCp3,3.3333333333333335,24,5,TGGCACGCGGCTCGCGAAGG,19,3781606
tolCp3,2.6666666666666665,20,5,TGCTCCGAACCAGTCACGCA,15,3795916
tolCp3,3.5,25,5,TGCGGTTTGGATACCGGCGG,20,3780989
tolCp3,4.166666666666667,29,5,TCTTAGCCTCAAACCCCGAG,24,3801958
tolCp3,5.833333333333333,39,5,TCGGCTGCGCCGTGCGTCCT,34,3780703
tolCp3,0.3333333333333333,6,5,TCGCGTGTCCGGTCCAACCA,1,3791052
tolCp3,0.8333333333333334,9,5,TCAGTTGCACATGAGGCCTT,4,3797585
tolCp3,1.5,13,5,TCACGTGGAATGAGGGTTTG,8,3784617
tolCp3,3.5,25,5,TCACCGCTTTTCAGCAAAGG,20,3807330
tolCp3,2.3333333333333335,18,5,TCACAAGGATGGCCATCATT,13,3786741
tolCp3,7.0,46,5,TATAGGATTAGGACGAAAAA,41,3784218
tolCp3,1.3333333333333333,12,5,TATACATGTTTTATCGCCGT,7,3791124
tolCp3,1.6666666666666667,14,5,TAGGTGCATTAGTGTGCCGA,9,3793844
tolCp3,2.5,19,5,TAGGGGTAGCGCGGAGAGAG,14,3803900
tolCp3,1.0,10,5,TAGCGGCATTGTTCTTGGCC,5,3781227
tolCp3,0.3333333333333333,6,5,TAAGCTGTTAGCGAGAAGAT,1,3789792
tolCp3,2.5,19,5,TAAGCTACAATGGCTACTGT,14,3777374
tolCp3,3.5,25,5,TAACTACTATGCCGGCGAGC,20,3777210
tolCp3,9.333333333333334,60,5,GTTTCCTAGGGGCACGCTTG,55,3790904
tolCp3,4.0,28,5,GTTGTATCCGTGCAGGTCAA,23,3791753
tolCp3,6.666666666666667,44,5,GTGCTTTACTGGCGGGTCCC,39,3780407
tolCp3,3.5,25,5,GTCTTCTAGGGCTCGATTGC,20,3795787
tolCp3,6.333333333333333,42,5,GTCGGACGCGCAGGACTTGC,37,3800262
tolCp3,0.6666666666666666,8,5,GGTCTGCGGGCGAAATACGT,3,3798849
tolCp3,0.3333333333333333,6,5,GGTCTACTGCGGAGTCAGTG,1,3782904
tolCp3,0.3333333333333333,6,5,GGTCAAGGATCTTATCAAAA,1,3788814
tolCp3,0.3333333333333333,6,5,GGGTATAATTATTGTCACTC,1,3792103
tolCp3,2.3333333333333335,18,5,GGGCGATCCATGGGCATTGT,13,3786313
tolCp3,3.0,22,5,GGGAAAATCTTGAGAGTTCT,17,3788049
tolCp3,6.166666666666667,41,5,GGCGGACACTTCCACTGCAA,36,3776900
tolCp3,1.5,13,5,GGCCAAAACGGGTCGATGGT,8,3789469
tolCp3,3.1666666666666665,23,5,GGCATTTTTCCCCGTTTCAG,18,3784495
tolCp3,12.833333333333334,81,5,GGCACTTTACGGTGTCTCAT,76,3793842
tolCp3,5.666666666666667,38,5,GGAGCCGACTGGAGAAGGAT,33,3790914
tolCp3,5.833333333333333,39,5,GGAACTCTATCGCAAAAACA,34,3787227
tolCp3,0.3333333333333333,6,5,GGAACCTCAGAGGGAGCAGA,1,3796014
tolCp3,3.0,22,5,GCTGGGCGGCCTTCCGCGTG,17,3807632
tolCp3,3.1666666666666665,23,5,GCTGGCAATACGTGCGCCTT,18,3783141
tolCp3,0.8333333333333334,9,5,GCGGTTCGCGATCTGTGTCT,4,3793420
tolCp3,2.6666666666666665,20,5,GCGGTATTCACGCGTGTTTC,15,3806046
tolCp3,0.3333333333333333,6,5,GCGGTAGATTAGTCTATTTT,1,3780579
tolCp3,0.6666666666666666,8,5,GCGCTTCACAGGCTGACTGT,3,3792316
tolCp3,4.833333333333333,33,5,GCCTTCGAGTTTTCCCATGT,28,3807303
tolCp3,5.666666666666667,38,5,GCCTGGTCGAGGCAGTGAGT,33,3801073
tolCp3,0.3333333333333333,6,5,GCATACGTCCACGGGATGAA,1,3794803
tolCp3,2.6666666666666665,20,5,GCAGTGTCTGACATGTCAGT,15,3787594
tolCp3,1.8333333333333333,15,5,GCAATTAACAATGACTCCTT,10,3783490
tolCp3,2.8333333333333335,21,5,GATGTGATGGGACTGCTTCA,16,3781162
tolCp3,0.3333333333333333,6,5,GAGTTTTAAGGCTCTGGGGG,1,3796790
tolCp3,0.6666666666666666,8,5,GAGGGCTAGTGGATCACTTA,3,3805130
tolCp3,2.6666666666666665,20,5,GAGCATTGCACATTGGACGT,15,3796662
tolCp3,4.333333333333333,30,5,GAGACACAGCTCAACTCCTG,25,3781475
tolCp3,0.3333333333333333,6,5,GACTTCTAGCCAAGCAAATC,1,3783767
tolCp3,4.333333333333333,30,5,GACGCACTGGACATTCGAGT,25,3785676
tolCp3,6.0,40,5,GACAGGTGCGCACTTAGGAA,35,3791980
tolCp3,4.0,28,5,GAATGCGGACCTAAGCACTC,23,3776427
tolCp3,0.8333333333333334,9,5,GAATACCCCAGATTTAATGT,4,3793773
tolCp3,0.3333333333333333,6,5,GAAGGCTATCTGTGGTCGTT,1,3801182
tolCp3,1.1666666666666667,11,5,GAAGCACTGTCAATGCCAAC,6,3789987
tolCp3,6.333333333333333,42,5,GAACATCACAGTAAGCGCTT,37,3776780
tolCp3,3.5,25,5,GAAACGTAACCATCCGTAAA,20,3783450
tolCp3,1.5,13,5,CTTGGATTCGGGAACTTAGA,8,3776793
tolCp3,5.333333333333333,36,5,CTTCCCGATAGCGGAGTCTG,31,3774591
tolCp3,3.0,22,5,CTTACAGCCCTTCTTGAAGC,17,3788174
tolCp3,1.8333333333333333,15,5,CTGTCTCTCAAGCGGGGGCG,10,3789871
tolCp3,1.1666666666666667,11,5,CTGTATGTGGGTGGGGTAGT,6,3794465
tolCp3,4.666666666666667,32,5,CTCTATCTCGGGAAGTGCTA,27,3796106
tolCp3,5.166666666666667,35,5,CTCGGTAATACCCGCTGGAC,30,3794250
tolCp3,0.3333333333333333,6,5,CTCCTGGACATGATCGATCA,1,3804723
tolCp3,2.3333333333333335,18,5,CTCACACAATCATACGCCAG,13,3797991
tolCp3,3.8333333333333335,27,5,CGTGTTCGAGGGCCATTACG,22,3787200
tolCp3,0.6666666666666666,8,5,CGGTATGGCCTGAATTGTCA,3,3795799
tolCp3,3.3333333333333335,24,5,CGGGTGTCATCTGGTGGGAT,19,3780028
tolCp3,2.0,16,5,CGGGGCTAGACCACGAGGGT,11,3807826
tolCp3,2.5,19,5,CGGCCGAGGTTTTAACCATA,14,3800853
tolCp3,4.333333333333333,30,5,CGCTTGAGAGCTCGACGACG,25,3808653
tolCp3,1.3333333333333333,12,5,CGCGCCGTCTTTTTACTCTC,7,3787966
tolCp3,0.3333333333333333,6,5,CGCCTGGACTGTGAGGCGAG,1,3790205
tolCp3,0.3333333333333333,6,5,CGCCATAGTACCACTGCATT,1,3805252
tolCp3,12.833333333333334,81,5,CGACTATGAGAAAAGCGACA,76,3802792
tolCp3,1.0,10,5,CCTTTAGAGAATAGGGCCCA,5,3790994
tolCp3,8.166666666666666,53,5,CCTACCATTCGCGTTCCGAA,48,3774764
tolCp3,6.166666666666667,41,5,CCGGTGCATCGTCTGAGGTA,36,3807483
tolCp3,1.3333333333333333,12,5,CCGGGTCATTTTAATACTTT,7,3795811
tolCp3,2.3333333333333335,18,5,CCGACAGAAGGTCAGAGAAG,13,3795272
tolCp3,1.6666666666666667,14,5,CCATTTAAACTGCAAATCGG,9,3781603
tolCp3,3.1666666666666665,23,5,CCATCAGAGCGAACCCTAGT,18,3782472
tolCp3,0.3333333333333333,6,5,CATTGGAGGACACTCTCTGA,1,3790375
tolCp3,2.5,19,5,CATCTCTACGGATGGTGTGC,14,3785747
tolCp3,5.333333333333333,36,5,CATACAAGGCAGTAAAGTTC,31,3784646
tolCp3,1.1666666666666667,11,5,CATAAGGTAAGCGGCTCACA,6,3806230
tolCp3,2.1666666666666665,17,5,CAGGAGTCGTTAGTGACGTA,12,3782078
tolCp3,2.6666666666666665,20,5,CACCGCGACTCCATCGCTAT,15,3784877
tolCp3,5.5,37,5,CAACGAAACCCCACTGAGGA,32,3787673
tolCp3,12.833333333333334,81,5,CAACATCCGGTAGAGTATGA,76,3789958
tolCp3,0.3333333333333333,6,5,ATTGGGGTTCGATCAGAGTT,1,3808975
tolCp3,4.0,28,5,ATGTAGGGATGAATTATGTC,23,3792848
tolCp3,15.666666666666666,98,5,ATCTGCTCCGGACCTACCAG,93,3801138
tolCp3,3.3333333333333335,24,5,ATCTACGAACGCATTACTCT,19,3780971
tolCp3,8.0,52,5,ATCGGCGTAAATTCGGCGTG,47,3806051
tolCp3,0.3333333333333333,6,5,ATCGAAGGATGCATCGTAGA,1,3793054
tolCp3,3.5,25,5,ATCAGTTAGTATCTGAGATA,20,3799400
tolCp3,5.0,34,5,ATCAATTCGATGGTCCTAGT,29,3794397
tolCp3,0.8333333333333334,9,5,ATACATCGTCGTGAAGTCGG,4,3800639
tolCp3,2.1666666666666665,17,5,AGTGCACATCGTACACCGCT,12,3779649
tolCp3,0.3333333333333333,6,5,AGTCGCGCGACTCGACAAAA,1,3793775
tolCp3,3.1666666666666665,23,5,AGTATCAAACGCGAATTCGA,18,3786535
tolCp3,2.0,16,5,AGGGTTTGCACACAGCTAGA,11,3808288
tolCp3,6.833333333333333,45,5,AGGATTCCAACGGGCGCAAC,40,3784216
tolCp3,2.1666666666666665,17,5,AGGAACAGTGGGATAGATGA,12,3783461
tolCp3,4.833333333333333,33,5,AGCGGCCAGTCCGTATTAGT,28,3795906
tolCp3,2.5,19,5,AGCGCAGCCACTCGGGCATT,14,3803765
tolCp3,2.6666666666666665,20,5,AGACTTACCCGGATCGGGGG,15,3795810
tolCp3,1.8333333333333333,15,5,AGACTATTAAGTCCTGCAAT,10,3793446
tolCp3,0.3333333333333333,6,5,AGACCAATTGCCTCAGTTCT,1,3776131
tolCp3,2.6666666666666665,20,5,ACTGGCGCTTAAGGGAATGC,15,3776200
tolCp3,3.6666666666666665,26,5,ACTATGTGGCCGGGATCCCC,21,3776850
tolCp3,4.5,31,5,ACTATCGCGGCCCGAGTCAG,26,3774763
tolCp3,4.0,28,5,ACGTACTCCAGAAGAATGTT,23,3780905
tolCp3,2.8333333333333335,21,5,ACGCAGAGGTGTCTACTTGT,16,3794662
tolCp3,0.3333333333333333,6,5,ACAGGGTATGACCGAGAGGT,1,3780291
tolCp3,4.333333333333333,30,5,ACAGACATACGATAGCTTCT,25,3788950
tolCp3,0.3333333333333333,6,5,ACACTGGAATCTAATAACTA,1,3786525
tolCp3,0.8333333333333334,9,5,AAGCTTGTTAGTTGTGCTGA,4,3782444
tolCp3,1.5,13,5,AAGCGCTTTGGTAATAGTCC,8,3786484
tolCp3,0.8333333333333334,9,5,AAGCGCAGGGTGGTTATGAT,4,3780928
tolCp3,1.6666666666666667,14,5,AAGCCCCTGGTGTGAGTGCA,9,3807894
tolCp3,3.6666666666666665,26,5,AAACGAGGTCTAACCTGCCT,21,3787352
tolCp3,4.166666666666667,29,5,AAACACCACGCTTAAACAAA,24,3785898
tolCp3,0.4,5,4,TTTGGAAACGGGTTTAACGA,1,3799973
tolCp3,12.2,64,4,TTTCTAAAGATACATGGTGC,60,3787519
tolCp3,2.4,15,4,TTTCGGAGGTCATTACGCCA,11,3775809
tolCp3,6.2,34,4,TTGTCAAAAATCCACACTAC,30,3807630
tolCp3,2.6,16,4,TTGAGCCTTTAAGGTGAAAA,12,3792866
tolCp3,1.6,11,4,TTCAATTGCCTCATCTGTCG,7,3807396
tolCp3,4.4,25,4,TTATCGTCTCCCACAAAACT,21,3797616
tolCp3,6.2,34,4,TTATCCTAGATGGTAGCTAC,30,3803157
tolCp3,3.2,19,4,TTAGTTCACTACCATGAGAT,15,3789289
tolCp3,2.6,16,4,TTAAGTCTGGTCGGGATGTG,12,3777654
tolCp3,3.4,20,4,TGTTTGACCTATACATGTCG,16,3803494
tolCp3,6.6,36,4,TGTGAAAGGATGCAGGCGCT,32,3781046
tolCp3,2.8,17,4,TGGGTTAGAAAGTGTCCGAG,13,3795190
tolCp3,3.6,21,4,TGCGTTGTATACTGTCATCG,17,3783315
tolCp3,3.8,22,4,TGCCTCTCGGGAGCTTACTC,18,3783152
tolCp3,0.4,5,4,TGCCCAGGCCTACAAATCCC,1,3799734
tolCp3,1.6,11,4,TGATATAGTGCTAACCTACT,7,3779607
tolCp3,1.2,9,4,TGAAGTGCATTAGGGTGGAG,5,3805761
tolCp3,0.4,5,4,TCTGTTTTAGTAGTTAGGAA,1,3778452
tolCp3,0.6,6,4,TCGGCCGTTCGCTAAATCTC,2,3778234
tolCp3,2.2,14,4,TCGGCCGGCTCCTATAATCT,10,3806873
tolCp3,20.8,107,4,TCGCAGACCAATGACCCAAT,103,3799671
tolCp3,5.2,29,4,TCGATTGTAGTCTAGAAAGA,25,3788945
tolCp3,4.6,26,4,TCGATACGGGTGGTACTCAC,22,3776467
tolCp3,3.6,21,4,TCGACTATCTTTTAAATAAG,17,3803345
tolCp3,8.2,44,4,TCCTCACACGTATATCCAGG,40,3799590
tolCp3,1.0,8,4,TCCTAGATTAGATGTACAAG,4,3792481
tolCp3,4.6,26,4,TCCGTTAATACACTCGACCA,22,3785653
tolCp3,0.4,5,4,TCCGCCCAGCCGAACAGGCA,1,3786733
tolCp3,5.8,32,4,TATACCATTCCGTTACTAGA,28,3784290
tolCp3,4.2,24,4,TAGATGCCCACAGCCTATTA,20,3788239
tolCp3,9.4,50,4,TAACGCCAGAGCTGAGCATA,46,3787604
tolCp3,0.4,5,4,GTGTCTAAGCCAATTGGGGA,1,3792600
tolCp3,1.2,9,4,GTGCTCCATCGGCTTATTTT,5,3809386
tolCp3,0.4,5,4,GTGAACGTCCACAACGATCA,1,3779459
tolCp3,5.8,32,4,GTCTTTGTACTCTTACTTCC,28,3808541
tolCp3,5.0,28,4,GTATGTACAGATCGTAGAGA,24,3800648
tolCp3,2.6,16,4,GTATATGACACTAGCATGTT,12,3794451
tolCp3,3.4,20,4,GTACCTCTGTTACTACTCTT,16,3783521
tolCp3,7.0,38,4,GGTCTTCTTGTCCCTTGAGA,34,3780473
tolCp3,2.4,15,4,GGTAGTTAAGTTCGACTCTG,11,3805369
tolCp3,0.4,5,4,GGTAGAGACGTAGGGGTCAA,1,3781268
tolCp3,6.2,34,4,GGGCGGAGCCCTCAAGAGGA,30,3783063
tolCp3,3.4,20,4,GGGCATCTCTTACCGGGTGT,16,3786790
tolCp3,1.2,9,4,GGGACACGTGTGTTTTCGAC,5,3790640
tolCp3,3.4,20,4,GGCTACATCTGCCTAGAATA,16,3778778
tolCp3,0.6,6,4,GGCACGGGCCAGGCGGCGCG,2,3789600
tolCp3,3.6,21,4,GGACTCATTTGGCTAATGGT,17,3787199
tolCp3,0.4,5,4,GCTTTCGAATCGTTATGATA,1,3782804
tolCp3,3.4,20,4,GCTTACCTCGCGACGCCCTA,16,3808375
tolCp3,5.2,29,4,GCTACCGACCGAAGCGCCCA,25,3806517
tolCp3,5.8,32,4,GCGTACATATGCATAGATCG,28,3793597
tolCp3,4.0,23,4,GCGGCATTATTAAACATTTC,19,3792005
tolCp3,7.0,38,4,GCGGACAAAAGCGTAGCTCT,34,3798219
tolCp3,5.4,30,4,GCGCTTCTTAAGAACCGGCA,26,3784354
tolCp3,0.4,5,4,GCGAGTTGGCCCAGTAAGAG,1,3807282
tolCp3,0.4,5,4,GCCTAACACGAGGGGATGAG,1,3780508
tolCp3,0.4,5,4,GCCGTTGGGACTATTCAGGT,1,3807202
tolCp3,9.4,50,4,GCCGCACAACTCGCCGGATG,46,3794913
tolCp3,1.2,9,4,GCCCGGAGGCAATCTTAGCA,5,3788252
tolCp3,0.4,5,4,GCCAAAGTTAGGGTCGGCCA,1,3795470
tolCp3,4.4,25,4,GCATGGAACTTGATACTTGC,21,3799354
tolCp3,6.8,37,4,GCAACATTGATTTTGTGGAC,33,3793019
tolCp3,4.4,25,4,GATTGTTGTCTTGGCTCATG,21,3800888
tolCp3,1.0,8,4,GATTCGGTGCGGGCTCAGGG,4,3784043
tolCp3,3.8,22,4,GATCGCCAGGTCACGCCGTC,18,3792594
tolCp3,1.4,10,4,GAGTAGTAACGGAGCCGGGG,6,3788051
tolCp3,5.2,29,4,GAGGGTGAGATCATTTGACC,25,3804476
tolCp3,3.2,19,4,GACTCGCATGAATCAATAGC,15,3794147
tolCp3,1.0,8,4,GACGCATGGGTCGCTTACAT,4,3787628
tolCp3,4.4,25,4,GAATATTGGCTGAAATAGCT,21,3792171
tolCp3,3.4,20,4,GAATATCATGCTCCGGTGCT,16,3793549
tolCp3,2.6,16,4,GAACACTCCAATGGCCGACG,12,3802523
tolCp3,3.2,19,4,CTTGCCGTTGTCACTCTAAA,15,3778749
tolCp3,1.0,8,4,CTTAGAATCCCGTGGAAAGA,4,3788846
tolCp3,0.6,6,4,CTGCATGTTGACCCCCGAGC,2,3793709
tolCp3,0.4,5,4,CTGCAAGCGTTCGATCGCGT,1,3787873
tolCp3,1.4,10,4,CTGATCCATGTCCAGAGCCT,6,3792755
tolCp3,0.4,5,4,CTGACTTCTCCGAATTCCAC,1,3783451
tolCp3,5.0,28,4,CTCGGTCCCGCAAACGTGAC,24,3800064
tolCp3,5.6,31,4,CTATTTTCGAACAAATTAGT,27,3776124
tolCp3,5.6,31,4,CGTGAACCCGGAAGTTTTGG,27,3800156
tolCp3,0.4,5,4,CGTGAAATCCGGACGAGAAA,1,3801435
tolCp3,2.4,15,4,CGGCGCGCCACATTCCAGAT,11,3786500
tolCp3,5.2,29,4,CGGACAAGGACCTCAGGGCT,25,3789241
tolCp3,4.4,25,4,CGCCGTCATTAACTGATCGC,21,3789943
tolCp3,0.4,5,4,CGCAACTGCAGAGTGGGTTA,1,3805178
tolCp3,3.4,20,4,CGAGATTGTTTTGCTAGGCC,16,3792736
tolCp3,6.6,36,4,CGACTGTAAGCGAGTCAGTG,32,3807928
tolCp3,0.6,6,4,CCTGGGTGGCACACCTTCAG,2,3802303
tolCp3,5.0,28,4,CCGGCTGAGGGATCTCGGAA,24,3795688
tolCp3,0.4,5,4,CCGCTTATTCAAAGAATTCT,1,3786767
tolCp3,9.2,49,4,CCGAGCAATTGATACCTCAT,45,3796073
tolCp3,7.6,41,4,CCGAGAGAAGGTTCCGTAGT,37,3794006
tolCp3,8.8,47,4,CCCTTCCTGTCTTGATTCTC,43,3780644
tolCp3,0.4,5,4,CCCTCCATACTAAGAATACG,1,3805717
tolCp3,0.4,5,4,CCCCTGATCGGGAATTTTTT,1,3804377
tolCp3,4.2,24,4,CCCCTGAAACAACGTTACGA,20,3799214
tolCp3,2.4,15,4,CCATAGGTTGTATAGTGCGG,11,3795744
tolCp3,3.0,18,4,CCAGTTTCGCCCCGCAGGGG,14,3791280
tolCp3,6.8,37,4,CCACTCGTTTGCGGGTAACT,33,3780993
tolCp3,4.2,24,4,CATTGGGAGACCAGTCCGAT,20,3806021
tolCp3,5.2,29,4,CATGGAACGCATCGTTTCAC,25,3790430
tolCp3,3.2,19,4,CATAGTTCTCCCGTATGTAA,15,3780739
tolCp3,2.8,17,4,CATAGGATATTTACAGGTTA,13,3793876
tolCp3,1.6,11,4,CAGTTTCAAATGTACAGGTT,7,3776578
tolCp3,4.8,27,4,CAGTATCATTTGAAGAAAGA,23,3784726
tolCp3,0.4,5,4,CACCCGCACCTAGTGCAGGG,1,3808038
tolCp3,3.0,18,4,CACATCTTATGCAGACAATG,14,3782367
tolCp3,2.2,14,4,CAACTCGCCAGCCGGGCACC,10,3790164
tolCp3,5.0,28,4,CAAAAGTCAGCATGTATAGG,24,3782365
tolCp3,2.0,13,4,ATTTGGAACGACATCGAGAA,9,3780732
tolCp3,2.4,15,4,ATGTTGTGGTCAACAATTTT,11,3786321
tolCp3,0.4,5,4,ATGTCAGATTGATCCCGGAG,1,3794017
tolCp3,4.6,26,4,ATCCATCCTATAACAACTAC,22,3791997
tolCp3,3.6,21,4,ATCATTGCAAATGGTCACGG,17,3794249
tolCp3,0.8,7,4,ATCACTCTTGAAGTTTCACA,3,3787783
tolCp3,0.4,5,4,ATAGATACTTTAGAATATAT,1,3780455
tolCp3,0.6,6,4,AGTTGGCGGAGCCCCGGCCT,2,3776510
tolCp3,0.4,5,4,AGTGAAGTTCATCGGTCGCA,1,3797707
tolCp3,6.0,33,4,AGTACCGGGGGTTACTATAC,29,3775658
tolCp3,2.8,17,4,AGGAATGTTGTTATAAATTA,13,3796007
tolCp3,0.4,5,4,AGCGGGAGATCTGGACCCAA,1,3791402
tolCp3,6.0,33,4,AGATGACTACCTTCCCGTGG,29,3798974
tolCp3,4.0,23,4,ACTGTTTTAATAAGTACTGA,19,3779979
tolCp3,6.6,36,4,ACTGGTACATTAAGCCCGTC,32,3793179
tolCp3,2.4,15,4,ACTCAACCAGTGAACGAGCT,11,3784162
tolCp3,1.0,8,4,ACGGTCCGGAAGAAAGTTGC,4,3805362
tolCp3,4.4,25,4,ACCGGGGGCGGGCCGTATTT,21,3797104
tolCp3,1.0,8,4,AATCGCGTCAACTATAACGG,4,3792142
tolCp3,0.4,5,4,AATAAAGTCCCTTAACGGCA,1,3792752
tolCp3,4.6,26,4,AAGGTTTGGATCGATAGCCT,22,3793235
tolCp3,5.2,29,4,AAGGCTTGTGGGCGCAATTA,25,3792909
tolCp3,5.0,28,4,AACTCGTGTTAGTGCAAAAC,24,3786848
tolCp3,3.8,22,4,AACGTGAGATAAGCACCCAG,18,3796393
tolCp3,3.2,19,4,AAAGACAAGGACTCACTTAG,15,3783928
tolCp3,1.4,10,4,AAACCCATAAGTCCCGCTAG,6,3775137
tolCp3,4.4,25,4,AAAAGCTGCTTCACTGCACT,21,3793670
tolCp3,0.5,4,3,TTTAGGTCATACAAGCAGAA,1,3791153
tolCp3,8.0,34,3,TTGGTTTTGGTCTAACGCTT,31,3786481
tolCp3,4.75,21,3,TTCCGTTCAAAAATTTCACC,18,3783779
tolCp3,21.0,86,3,TTCACCATAATCCATAGACA,83,3797907
tolCp3,0.5,4,3,TTAGATAATGCTATTCGCGG,1,3806167
tolCp3,2.75,13,3,TTAGAGGCATGGGGCATATT,10,3782452
tolCp3,0.5,4,3,TGTTTTCATCACTGTCGGTT,1,3788679
tolCp3,0.5,4,3,TGTTCTCGATTTACGCGGGG,1,3800726
tolCp3,7.75,33,3,TGTGTTGGGATTTGCAGCCC,30,3794421
tolCp3,4.25,19,3,TGTGGCAGATCAATCTTCGT,16,3777730
tolCp3,3.0,14,3,TGTCGGGCACCCGGGGGTCT,11,3789825
tolCp3,2.75,13,3,TGTATAATTTCGTGATAGAC,10,3790354
tolCp3,18.0,74,3,TGGCCAAAGGGAGACTGTTG,71,3775702
tolCp3,7.0,30,3,TGGACGGCTGTATAGAGTAT,27,3781251
tolCp3,6.5,28,3,TGCGTCTGGGTAATAACTGA,25,3796987
tolCp3,8.25,35,3,TGCAGTGTCCACTTAGGATG,32,3785883
tolCp3,4.0,18,3,TGACGCCTCGTCGAGAATTC,15,3798000
tolCp3,0.5,4,3,TGAAAGGAGTCAGGATCACC,1,3806557
tolCp3,0.5,4,3,TCTTTCGAGTGATAAAATCA,1,3793459
tolCp3,6.0,26,3,TCTTGCTGCGTAAGAGGCAG,23,3784881
tolCp3,2.25,11,3,TCTGGCGGGCTGTGGTGAGA,8,3793343
tolCp3,1.0,6,3,TCTCCGTCTTAACTACCTCC,3,3807382
tolCp3,7.0,30,3,TCGGCCGCCTGTAATAAGGA,27,3808602
tolCp3,2.75,13,3,TCGACAAAATACGTGTTCAA,10,3792028
tolCp3,0.5,4,3,TCCGCGTTAGAGAAGGTGGA,1,3792178
tolCp3,5.75,25,3,TCATTTCGCTATCCTATCAT,22,3804204
tolCp3,8.75,37,3,TCACATTGAATGAGATGATT,34,3792853
tolCp3,4.25,19,3,TCAACTTACCTAGGCCTCAA,16,3806646
tolCp3,0.5,4,3,TATTATCGGATTCCATTCTA,1,3790837
tolCp3,6.25,27,3,TATGTAGATCATTAGGACAT,24,3796437
tolCp3,13.0,54,3,TATGGGTCAGTATCTGGTAG,51,3777490
tolCp3,5.0,22,3,TATGGGCACACGATTCACGC,19,3789021
tolCp3,1.75,9,3,TACGCTGTCCTGCGCTCGGG,6,3795160
tolCp3,10.0,42,3,TACGATCGTTAGCATCAAGC,39,3807491
tolCp3,2.75,13,3,TACCAAGGTGAAATAGCCCT,10,3785104
tolCp3,7.75,33,3,TACACCCCAACAAATCGCTT,30,3807302
tolCp3,1.25,7,3,TACAACGGGTCATCCCTCTT,4,3798877
tolCp3,0.5,4,3,TAATATCGTGTCTTCGCGGG,1,3787162
tolCp3,0.5,4,3,TAACAATGCTTCAACGCTCA,1,3803493
tolCp3,6.0,26,3,TAAATTCGCTGTACAAATCC,23,3795354
tolCp3,6.5,28,3,TAAAATAGACGGATCATTAT,25,3806189
tolCp3,5.25,23,3,GTTTCCAAGTTCCCTTAATG,20,3784578
tolCp3,0.5,4,3,GTTCGCTTAAACACTATATG,1,3781349
tolCp3,5.75,25,3,GTTATGCGTTTGCTTAGCCT,22,3794232
tolCp3,0.5,4,3,GTGGGTTATCTGCTTGCGTG,1,3775059
tolCp3,2.0,10,3,GTGCAACCAGCGGCATGAAA,7,3798578
tolCp3,1.0,6,3,GTCTGTTTTTTCGAATAGCT,3,3778545
tolCp3,2.25,11,3,GTCACGGCACTTTCGAGATT,8,3793457
tolCp3,6.25,27,3,GTATGAGAAAAAAAATGGAG,24,3790697
tolCp3,0.5,4,3,GTAGGGTACGTTTAGCAGCC,1,3797405
tolCp3,3.0,14,3,GTAAGTAGTGTGGTAGTTCG,11,3780608
tolCp3,1.5,8,3,GTAAGCTGCTATCTACTAAA,5,3787088
tolCp3,0.5,4,3,GGTGGCAAGGTACACGTCAG,1,3776448
tolCp3,5.5,24,3,GGTCATAATGGCGGTTATTT,21,3783655
tolCp3,0.5,4,3,GGTACCCCGAGACCATAGTG,1,3792120
tolCp3,0.5,4,3,GGGGCATTGGGTCCTTCCGT,1,3791647
tolCp3,8.5,36,3,GGGCTGTATTGGGATAGATG,33,3781163
tolCp3,7.0,30,3,GGGAGGTGAGGCACGCTAAG,27,3776790
tolCp3,1.5,8,3,GGATCATCCACGCTCCACAT,5,3780138
tolCp3,0.5,4,3,GGAGCCGCCGAACGTAGCGG,1,3803279
tolCp3,10.0,42,3,GCTTAACCATATGATCATTT,39,3775710
tolCp3,0.5,4,3,GCTGGTGACGCATTGAGCTG,1,3796318
tolCp3,0.5,4,3,GCGTGAACACTTTCCCAACT,1,3786793
tolCp3,1.75,9,3,GCCTTTGGTACTCGGCCTTT,6,3783307
tolCp3,3.0,14,3,GCCTCGGAAACTCAGTTGGC,11,3806784
tolCp3,3.5,16,3,GCCTATAGGGAGAGTCTGAT,13,3808311
tolCp3,8.5,36,3,GCCGAAAGCCCGTCCTTGGA,33,3805144
tolCp3,2.5,12,3,GCCAATGATTTGCGCGTTTG,9,3790485
tolCp3,3.25,15,3,GCATCTAGTTACTGCGGCTC,12,3798679
tolCp3,2.25,11,3,GCATATCTGTAATTGTCAAC,8,3794664
tolCp3,0.5,4,3,GCAGTCAGTATTCAGTGCAG,1,3797764
tolCp3,1.5,8,3,GCACATTTGGTGTCCCTTTG,5,3800334
tolCp3,7.5,32,3,GCAAGTGGTGTGTCCATACT,29,3804906
tolCp3,7.5,32,3,GATTCGGAGCCACTACGGGG,29,3784671
tolCp3,3.25,15,3,GATGTGGGGCCTTTGTTCCG,12,3787016
tolCp3,4.5,20,3,GATGGCCGTCCCGGATTGGA,17,3788224
tolCp3,0.5,4,3,GATCTTCGACCTCACCTCTC,1,3788418
tolCp3,7.25,31,3,GATCCACTAGGTCCACAGAG,28,3787954
tolCp3,1.25,7,3,GAGACTTTCCACTGGCACTA,4,3794323
tolCp3,4.5,20,3,GACGGCTTACTTCTCGCCAT,17,3804684
tolCp3,7.25,31,3,GACGCCCATGGATGGGACAC,28,3804346
tolCp3,2.5,12,3,GACAGGGCATTGATGAGGTT,9,3779684
tolCp3,0.5,4,3,GAAGTTTAATATGACTAACC,1,3779582
tolCp3,4.0,18,3,GAAGATCACACTCATAGCTC,15,3787726
tolCp3,1.75,9,3,GAACTTCTTAAGTCGGCCCC,6,3803287
tolCp3,8.75,37,3,CTTTCGCCGAAGCCATGCGC,34,3803716
tolCp3,0.5,4,3,CTGTGTCAGCAGGCACACGG,1,3786788
tolCp3,3.0,14,3,CTGTGAGAACCTTGTATACA,11,3780211
tolCp3,7.0,30,3,CTGTACGAGAACACCAGGGA,27,3799227
tolCp3,4.75,21,3,CTCGGATTAAGACCCCTCCG,18,3785095
tolCp3,2.75,13,3,CTCACCATATGAGCCAGTAA,10,3803571
tolCp3,3.25,15,3,CGTAGAATAATATAGACCTA,12,3803069
tolCp3,4.5,20,3,CGTAACAGGGTCACTATTGG,17,3808790
tolCp3,0.5,4,3,CGGTATGGCTAGAAAGGCGG,1,3809359
tolCp3,1.75,9,3,CGCGACCACGTCCACCGACC,6,3798662
tolCp3,1.25,7,3,CGCGAATTACTTCTTACGAT,4,3788336
tolCp3,8.5,36,3,CGCAAAGTTTGAATATGCAG,33,3809097
tolCp3,0.5,4,3,CCTTTTCCCAGAAGCGCGGA,1,3805059
tolCp3,2.5,12,3,CCTAAGACAGAGGGCAAGAG,9,3802518
tolCp3,5.5,24,3,CCGTCGCGTCCAGTTTCGCC,21,3808211
tolCp3,0.75,5,3,CCGGGTAGAAACGGTGAATT,2,3787005
tolCp3,0.5,4,3,CCGAAGCACACCCTGCGCCA,1,3784600
tolCp3,0.5,4,3,CCCTCCTTGACGTTGCGCGA,1,3787545
tolCp3,4.75,21,3,CCCCCATCATGCCATATATT,18,3778232
tolCp3,6.25,27,3,CCATTAATGGCCTGGTTCCG,24,3783813
tolCp3,0.5,4,3,CCAGGGTGAAATCGATCTTA,1,3791620
tolCp3,5.0,22,3,CCAATGACACTCAGTACGAT,19,3782294
tolCp3,7.25,31,3,CATTCCCTAGGGGCTACTGC,28,3800512
tolCp3,2.0,10,3,CATTATCCGGTTTACAGTAG,7,3780290
tolCp3,17.5,72,3,CATTACGACGCTCTGTGCTC,69,3801988
tolCp3,0.5,4,3,CATGTGACAGTATTTTGGTT,1,3806728
tolCp3,3.25,15,3,CAGTCTTGAATCCTAGTTCA,12,3790281
tolCp3,5.75,25,3,CACGGCAATCTGTGTTCTCA,22,3805573
tolCp3,14.75,61,3,CACAACTGCAACCCAACTTC,58,3786523
tolCp3,1.75,9,3,CAATGATCTATGACTGTTCT,6,3784033
tolCp3,7.75,33,3,CAACAGTATACGAGCGCCCG,30,3786487
tolCp3,5.25,23,3,CAAAAGTAAACAGGTGCCTA,20,3789970
tolCp3,5.0,22,3,ATTTATGTAGCATTATTACA,19,3789557
tolCp3,0.5,4,3,ATTCATTCAAATGCCAGCGC,1,3808047
tolCp3,0.5,4,3,ATTAATCAGTCTTAATACGG,1,3797041
tolCp3,2.75,13,3,ATGTTAGGGACGCCTTCGGG,10,3788797
tolCp3,2.25,11,3,ATGTTACCCTGACTCTCGAA,8,3791460
tolCp3,7.5,32,3,ATGACGCCCAATTTAGTTAT,29,3780039
tolCp3,3.25,15,3,ATCCATAGACAGGTCTTTAC,12,3775357
tolCp3,0.5,4,3,ATATCCTGTATTCCTGTATT,1,3793614
tolCp3,0.5,4,3,AGTTTAATCAGGGGGGCGGT,1,3790520
tolCp3,5.5,24,3,AGTTCCCCGGACGAAGGTCC,21,3780370
tolCp3,5.0,22,3,AGTGGTCCTAAATACATCCT,19,3790110
tolCp3,6.75,29,3,AGTCCTGAAAGTGTACTCAA,26,3800168
tolCp3,6.5,28,3,AGGGCTCTCCGCCACAACAT,25,3803281
tolCp3,0.5,4,3,AGGGCATCGGCTGAGGGTTA,1,3790704
tolCp3,4.25,19,3,AGCCCAACTATGGGTGGTGG,16,3776204
tolCp3,4.5,20,3,AGAGTCAGCGTGGACCTCCT,17,3794967
tolCp3,12.25,51,3,AGAAACAAACTGATGCGCCG,48,3800107
tolCp3,0.5,4,3,ACTTCCTAGGAACACTTAAC,1,3799821
tolCp3,3.25,15,3,ACTTCCAATACACGGTTCGC,12,3799534
tolCp3,3.25,15,3,ACTATTTCTGCGGTATAATG,12,3795617
tolCp3,8.75,37,3,ACGTTTATGTCGCAAGTAGA,34,3801135
tolCp3,8.0,34,3,ACGTGGGGCGTTCTACCGTT,31,3801139
tolCp3,3.5,16,3,ACGTCGTGTCAGGGGGATCA,13,3791507
tolCp3,5.0,22,3,ACGTCCTTAACTTGTCGCCA,19,3801027
tolCp3,3.5,16,3,ACGCAGCGACTGTCGGTGTT,13,3806053
tolCp3,0.5,4,3,ACCATGCGGCACAGGCTCGA,1,3801499
tolCp3,4.5,20,3,ACACGAGGTCTACACTTGGT,17,3794409
tolCp3,2.75,13,3,ACAAACCCCGATGCAAAGAT,10,3791334
tolCp3,7.0,30,3,AAGCAATGATGCGAGTTTTG,27,3793303
tolCp3,7.0,30,3,AAGAAATGGGCGGCCTACGT,27,3782308
tolCp3,4.75,21,3,AACTTTAACTTAAGTCCTAT,18,3775994
tolCp3,7.5,32,3,AACTCATCGGGTGTTTGAAA,29,3787121
tolCp3,1.75,9,3,AAACGCCAGGTGGGCCTCGC,6,3795133
tolCp3,4.5,20,3,AAACAATTCGTCGGGCCGAC,17,3794599
tolCp3,0.5,4,3,AAAAGTGCCGGTTAAACGTG,1,3808421
tolCp3,3.3333333333333335,11,2,TTTTGAATTTTACTAAACCT,9,3808849
tolCp3,9.333333333333334,29,2,TTTAGCACTACTGCGGAGTC,27,3799616
tolCp3,7.333333333333333,23,2,TTGTTCCGGCACCGTGGAAA,21,3786850
tolCp3,5.666666666666667,18,2,TTGGGTGTCCAAGGCCTCCA,16,3788777
tolCp3,11.0,34,2,TTGCATGAATAGACCGAACT,32,3802393
tolCp3,4.666666666666667,15,2,TTGATCTATCCCTAGCCCGA,13,3794788
tolCp3,10.0,31,2,TTATGGAATTGCGCATTTAC,29,3778463
tolCp3,5.333333333333333,17,2,TTAGGACTCCTCAGCTAAAC,15,3777800
tolCp3,11.333333333333334,35,2,TGTCCCACTCCACACATAGG,33,3808852
tolCp3,4.333333333333333,14,2,TGTACAAAGCCGTGTGATCT,12,3803006
tolCp3,4.0,13,2,TGGTGACCTTTCCATAAAGG,11,3775719
tolCp3,8.333333333333334,26,2,TGGCCATACGTAGGTGTTCG,24,3787938
tolCp3,6.0,19,2,TGGCACAAAATTCAGAGACG,17,3804331
tolCp3,0.6666666666666666,3,2,TGGATCGATCGTCAGTGTAG,1,3794237
tolCp3,4.333333333333333,14,2,TGATTACCCTCATGGCACGA,12,3790917
tolCp3,9.0,28,2,TCGTTACAATGTATTCCTTG,26,3797965
tolCp3,2.3333333333333335,8,2,TCGTGTTGTGTTTTGAAACC,6,3776256
tolCp3,10.0,31,2,TCGACACGGCGCTGCACTGT,29,3777058
tolCp3,1.0,4,2,TCCTCGTATAAATATCACCA,2,3787928
tolCp3,18.666666666666668,57,2,TCCATTTCTCAAGGGGCGCT,55,3793408
tolCp3,9.666666666666666,30,2,TCCACGGTGATCAGTGTTTT,28,3777794
tolCp3,9.333333333333334,29,2,TCATCTTTGACGTGGACGGT,27,3787927
tolCp3,1.6666666666666667,6,2,TATTCACACCTAGGCAAATA,4,3804084
tolCp3,0.6666666666666666,3,2,TATCACACATTCAGCCAATA,1,3793629
tolCp3,5.0,16,2,TAGGTTCCGCTCTAATCATT,14,3802017
tolCp3,11.666666666666666,36,2,TAGGGATCCATACACACCCA,34,3787362
tolCp3,5.333333333333333,17,2,TAGAAGTCAAGCCTTTAGCG,15,3788867
tolCp3,13.666666666666666,42,2,GTTTTACGATAACACTTTTA,40,3786996
tolCp3,1.6666666666666667,6,2,GTTGGGACCCAGTGAGAGAT,4,3794463
tolCp3,7.0,22,2,GTGCCATATTCAGTCGCGTC,20,3788975
tolCp3,4.666666666666667,15,2,GTCTCGGCCGCTCGCCGATG,13,3794125
tolCp3,4.333333333333333,14,2,GTCGGCCGACTCCTCACTCT,12,3806050
tolCp3,9.666666666666666,30,2,GTCCGAGGGGATAGGCGCAT,28,3804263
tolCp3,5.0,16,2,GTCACCAAGTAGATCAGGGT,14,3798010
tolCp3,2.6666666666666665,9,2,GTATGTGTGTAGCAGGGATG,7,3782628
tolCp3,3.3333333333333335,11,2,GTAACTAAATTATCTTACCT,9,3797612
tolCp3,6.0,19,2,GGTTTGTGAGTGGGGAACCA,17,3776146
tolCp3,6.666666666666667,21,2,GGTGAAACGCTGTGCATGTA,19,3800061
tolCp3,12.333333333333334,38,2,GGTCTCTAGACTGTCCTCGA,36,3796395
tolCp3,2.6666666666666665,9,2,GGTCTCATAATCGGCGTATA,7,3801953
tolCp3,0.6666666666666666,3,2,GGTCTCAAGCACATGCGCTC,1,3786749
tolCp3,7.666666666666667,24,2,GGTCAAAAGAGTTAAATTTG,22,3785803
tolCp3,0.6666666666666666,3,2,GGGTATATAATGGATCTTTG,1,3797310
tolCp3,12.666666666666666,39,2,GGGTAAAGTAGCATCGGATA,37,3801262
tolCp3,12.333333333333334,38,2,GGCTGGTTATGGATGCTACA,36,3789950
tolCp3,15.333333333333334,47,2,GGATTTTAATGCAGATATCA,45,3808803
tolCp3,6.333333333333333,20,2,GGATCGCACGCCGTGCGAGT,18,3806630
tolCp3,1.3333333333333333,5,2,GGACCGCTACACGTTCCAAC,3,3783146
tolCp3,2.0,7,2,GGAACTTTTGCAACAGCTAT,5,3804041
tolCp3,0.6666666666666666,3,2,GGAAAGAGTTGGGTAAGCCC,1,3786061
tolCp3,15.666666666666666,48,2,GCTAAATGAAAGATGGTGGT,46,3786133
tolCp3,8.666666666666666,27,2,GCGTGCAGCGGGCTAGGTAG,25,3781602
tolCp3,1.0,4,2,GCGGAGTCTTTTCGCATAAG,2,3779916
tolCp3,3.0,10,2,GCCCATGGAAAAACGATCAA,8,3794159
tolCp3,0.6666666666666666,3,2,GCAGTTAATCGAGATCTCCT,1,3808174
tolCp3,11.0,34,2,GCAAAGGATAGCGAAGTTGG,32,3786058
tolCp3,15.666666666666666,48,2,GATGTCGTTGGTAAGGAATC,46,3800661
tolCp3,4.666666666666667,15,2,GATGAATTGAACCAGTAGTT,13,3803185
tolCp3,6.333333333333333,20,2,GAGGGGGATGTATGAAAAAA,18,3782457
tolCp3,10.0,31,2,GAGGCGTGTGCAGTTTGTGA,29,3801629
tolCp3,0.6666666666666666,3,2,GACATTCTAGGCCATGCATA,1,3784954
tolCp3,3.3333333333333335,11,2,GAATTCCCTCTGGTTGTAGA,9,3801068
tolCp3,0.6666666666666666,3,2,CTTTCCCGAGGCTGACGGTT,1,3789725
tolCp3,4.666666666666667,15,2,CTGAACTCCTGGCCAGTCTG,13,3803216
tolCp3,0.6666666666666666,3,2,CTCTAGGGGTGTTTGCACAG,1,3781008
tolCp3,1.6666666666666667,6,2,CTCTAGCGCAGTCTATGCTT,4,3789686
tolCp3,12.0,37,2,CTCCATTAGATTACGCGGGA,35,3792884
tolCp3,10.333333333333334,32,2,CTATCTGGGTTAAGCCGTCG,30,3789953
tolCp3,4.0,13,2,CTATAGTTTGCGCTGGTATG,11,3795821
tolCp3,22.0,67,2,CTAGGACCTATGCGAGCTAG,65,3806594
tolCp3,5.333333333333333,17,2,CGTTTGAGCTCGGTTTGGCT,15,3801399
tolCp3,0.6666666666666666,3,2,CGTCGTCGTTGGGCACTTTC,1,3783514
tolCp3,9.0,28,2,CGTACGTTTTTCGCTTTTAT,26,3779722
tolCp3,3.0,10,2,CGTACGCACGCTTCCGGAGT,8,3802879
tolCp3,0.6666666666666666,3,2,CGGTCTAGCGGTTGCGCGTA,1,3782063
tolCp3,3.0,10,2,CGGGCCTCTTGTTCTGTAAG,8,3785684
tolCp3,3.0,10,2,CGCGCCTGGGTTTGACGACA,8,3805681
tolCp3,6.666666666666667,21,2,CGCGAAGGCATTGGCACCAC,19,3791501
tolCp3,3.3333333333333335,11,2,CGCCAGTGGCTGACTTCGAG,9,3774866
tolCp3,1.0,4,2,CGCAGTACATGATATTGTTT,2,3796067
tolCp3,6.0,19,2,CGATTAGGCCTATGTTGTAG,17,3774771
tolCp3,7.333333333333333,23,2,CGATGGTCACTAAGGGCATC,21,3797666
tolCp3,0.6666666666666666,3,2,CGAGATTGAGGGGAAATATA,1,3794270
tolCp3,1.0,4,2,CGACTCGTGCGAAGGAAGAG,2,3784138
tolCp3,12.333333333333334,38,2,CCTGGCGACGTTATTGTAGG,36,3780641
tolCp3,0.6666666666666666,3,2,CCCTGGCTTGTCGTCTAACA,1,3775142
tolCp3,5.666666666666667,18,2,CCCGTGCCCCTTTTTCTAAC,16,3775695
tolCp3,2.0,7,2,CCCGTAGGCCTCTTCCTCGG,5,3791458
tolCp3,18.0,55,2,CCCATGCACTATTGCCGCTG,53,3801149
tolCp3,1.6666666666666667,6,2,CCCAAGAACGCAAAAGTTCG,4,3784645
tolCp3,2.3333333333333335,8,2,CCATTGTGGGATTAATATCT,6,3786732
tolCp3,9.333333333333334,29,2,CCAGAAAGCGCCCTCGACAA,27,3804474
tolCp3,6.333333333333333,20,2,CCAAAGCGGCTTTACCAACA,18,3788739
tolCp3,14.0,43,2,CAGTGCTACACGGAGAACCT,41,3807501
tolCp3,0.6666666666666666,3,2,CAGGGGTCCGTCGTACTCCG,1,3781695
tolCp3,7.333333333333333,23,2,CACTTAGTAATTTAATACCG,21,3786165
tolCp3,5.333333333333333,17,2,CACTCCCTGGATTCCTCTTG,15,3800409
tolCp3,2.3333333333333335,8,2,CACGCATCTGCGGTCGAGGA,6,3803642
tolCp3,7.666666666666667,24,2,CACATTGCTTTACCTATCAA,22,3808645
tolCp3,5.666666666666667,18,2,CACAGACTGCATATAGCTGA,16,3803755
tolCp3,4.666666666666667,15,2,CACAGACATGAAGTGGGGTC,13,3806194
tolCp3,6.666666666666667,21,2,CACAAACGGATGCCTCGATA,19,3792373
tolCp3,4.0,13,2,ATGAGAAAAATCCGGTCCTG,11,3802532
tolCp3,2.6666666666666665,9,2,ATCGGATTAGGGACCGGGAA,7,3787078
tolCp3,4.333333333333333,14,2,ATCGCTATACCCCTGTGGCT,12,3777663
tolCp3,5.666666666666667,18,2,ATACCTTTAACTTACATTAT,16,3799691
tolCp3,4.666666666666667,15,2,ATAATTGGCTACACATTTTA,13,3780691
tolCp3,7.0,22,2,ATAAGGTATCCAAGACGACA,20,3806734
tolCp3,8.0,25,2,ATAACCAACGGTTTGTATGT,23,3788167
tolCp3,0.6666666666666666,3,2,AGTTTGCCAACATCGTGCTA,1,3783962
tolCp3,2.0,7,2,AGTGTATATCGGATATCGGC,5,3789963
tolCp3,0.6666666666666666,3,2,AGGGAATGGAGATTTTGGCA,1,3792728
tolCp3,4.333333333333333,14,2,AGGGAACGTAACTCAGATTA,12,3790675
tolCp3,0.6666666666666666,3,2,AGGACACAACTTATACGGTA,1,3774759
tolCp3,9.666666666666666,30,2,ACTGTTAAACGAAGGGGTGT,28,3784510
tolCp3,7.333333333333333,23,2,ACCGTTGCTATACCTAGGTC,21,3787916
tolCp3,0.6666666666666666,3,2,ACCGGGCGGAAGTCGCCAGG,1,3797498
tolCp3,5.333333333333333,17,2,ACCCTGCTTTCCTTACGATT,15,3783789
tolCp3,3.6666666666666665,12,2,ACAATTTCCTACGTTACACC,10,3801484
tolCp3,7.0,22,2,AATGACCTCCAACGACATGG,20,3800795
tolCp3,6.333333333333333,20,2,AAGCTGACGTTAGAAATTGG,18,3775659
tolCp3,13.0,40,2,AACGGGGTGCGTAAGCCGCA,38,3780120
tolCp3,8.0,25,2,AACGGCGGTTGCCTTTAAAG,23,3793362
tolCp3,11.333333333333334,35,2,AACGAATATGTGAACCGTAT,33,3807548
tolCp3,8.666666666666666,27,2,AAATAATACTTCGACTGCGG,25,3803548
tolCp3,4.0,8,1,TTTTCCCGGATGTATAGGCA,7,3798809
tolCp3,1.0,2,1,TTTGATTCCTCTTATCGCGC,1,3775573
tolCp3,7.5,15,1,TTTCAGGGGAGCTCTTCTAC,14,3808281
tolCp3,11.5,23,1,TTTAGCCGTACTTGTCGCGG,22,3781747
tolCp3,1.0,2,1,TTGTCCGAGTCATTAAATAC,1,3787083
tolCp3,3.0,6,1,TTCGAAGAAGCAATTCCGTC,5,3794733
tolCp3,4.0,8,1,TTCCCCTGGACAACACCTTA,7,3795949
tolCp3,1.0,2,1,TTCCAACGCTGAGGGCGTGT,1,3797905
tolCp3,12.0,24,1,TTCAAGTCCTGTAGGAGTTG,23,3777896
tolCp3,13.5,27,1,TTATAACAATGTGCGAGTCC,26,3802790
tolCp3,15.0,30,1,TTAAATGGTTGTTGCCGCGG,29,3780752
tolCp3,6.0,12,1,TTAAACGTATTCCACGAGTA,11,3809093
tolCp3,11.0,22,1,TGTATGGGGATTCGGTAACA,21,3795837
tolCp3,11.0,22,1,TGGTTGCTTTATAGCGCAAG,21,3808206
tolCp3,15.0,30,1,TGGATTGATGGAAAACTAAG,29,3796904
tolCp3,11.0,22,1,TGCTAACACGGAGCTCAGAG,21,3806048
tolCp3,1.0,2,1,TGCAGGTGGTAGGGCAACCT,1,3778339
tolCp3,1.0,2,1,TGCACCTATAAAGTGCACAT,1,3788692
tolCp3,2.5,5,1,TGATAAGTAGCTTCCGTTTA,4,3781611
tolCp3,12.0,24,1,TCTTGTCACTATAGCCACCA,23,3792519
tolCp3,6.5,13,1,TCGAGTTCAGGTGAAGGGAT,12,3791430
tolCp3,12.0,24,1,TCGACAGCCTGACGAATTCT,23,3789127
tolCp3,13.0,26,1,TCCGGGTTGGGTTTTATAAG,25,3776425
tolCp3,13.0,26,1,TCCCTCGGTTACCAAGCATC,25,3792724
tolCp3,17.5,35,1,TCCACGCGATCGCGTGGGGA,34,3800700
tolCp3,10.5,21,1,TCATGAGGCAAGTATGTTAT,20,3782603
tolCp3,1.5,3,1,TCAATTGCGTCAAATTGGGG,2,3775280
tolCp3,8.5,17,1,TATTCAGTTGAGGCTGTCGG,16,3794474
tolCp3,1.0,2,1,TATTCAATAAGGAAGAGTAT,1,3795993
tolCp3,3.0,6,1,TATGTTGAAAGTTAGAGTCA,5,3777074
tolCp3,4.0,8,1,TATATGAGGACCTTGTTATA,7,3788595
tolCp3,3.5,7,1,TAGGCACAAATTCACTAAGA,6,3778054
tolCp3,1.0,2,1,TAGCTCGTTGGAGAAAGTAT,1,3785655
tolCp3,1.0,2,1,TAGACCGAAAAGCTCACAAT,1,3782228
tolCp3,13.0,26,1,TACTCAATCTGTCAGACTCA,25,3775228
tolCp3,3.0,6,1,TAATTGTGGGTTTGCTAATG,5,3798468
tolCp3,7.5,15,1,TAACGCGGGGACGCCAAGAG,14,3802989
tolCp3,1.0,2,1,TAACCCAATCATTGGAGTAT,1,3786442
tolCp3,1.0,2,1,GTTGGCTGGGTATTGCCAAG,1,3791569
tolCp3,10.0,20,1,GTTCATGATTTTACTGAGAT,19,3776801
tolCp3,13.5,27,1,GTTAATCCGCCGTCGAGATG,26,3775700
tolCp3,11.0,22,1,GTGTGTAGGGGTAATCCACA,21,3788527
tolCp3,4.5,9,1,GTAGTCTCCCGATGTGATGG,8,3806020
tolCp3,18.5,37,1,GTAGGAGAAGGGCGGATCAA,36,3784982
tolCp3,2.5,5,1,GTAGCCACAGTGTTTGGAGC,4,3798208
tolCp3,7.5,15,1,GGTGTTCAAACAATAATTTA,14,3801623
tolCp3,12.5,25,1,GGGTAAGGTGGCGGTAGATG,24,3799582
tolCp3,2.5,5,1,GGGGTTCACTAAGGCGGATA,4,3788119
tolCp3,6.0,12,1,GGCGCACCGTCCGGGTCAGA,11,3796651
tolCp3,1.0,2,1,GGCATTATAGCATCATTAGT,1,3801603
tolCp3,14.0,28,1,GGATACTCCACGCAGTAGGC,27,3779345
tolCp3,1.0,2,1,GGACGGATGTGACTATGCTG,1,3794041
tolCp3,10.0,20,1,GGACATATTGACATCTCGAC,19,3784378
tolCp3,22.0,44,1,GGAAGGCTACCCCATAATCT,43,3791456
tolCp3,27.5,55,1,GCTCTTCGCCAAGAACGCAT,54,3806063
tolCp3,1.0,2,1,GCTCAAGCCCTTTGGACGGG,1,3791912
tolCp3,1.0,2,1,GCTAGTAGTCGGGTTTCCTA,1,3780148
tolCp3,1.0,2,1,GCGTTCTTGCAGATTCATCA,1,3799544
tolCp3,11.5,23,1,GCGGCATTGTGAACAAGTAA,22,3795912
tolCp3,5.5,11,1,GCGCTGGTAGACTACGTGGT,10,3796348
tolCp3,3.0,6,1,GCGCGAATCTGGTCAGTTTT,5,3809303
tolCp3,15.5,31,1,GCGAGGGTAAGCAATGTTCG,30,3799783
tolCp3,16.0,32,1,GCCTAGTTGCGGGAGGGACC,31,3777337
tolCp3,15.0,30,1,GCCGAATGGCGAGGGGTTCA,29,3796223
tolCp3,1.0,2,1,GCCCCTACTGGTAATAGGTC,1,3783805
tolCp3,9.0,18,1,GCCACCTGGAGTTGTAATTC,17,3789227
tolCp3,2.0,4,1,GCAGGGAGTCGCGTGTATCA,3,3795441
tolCp3,12.5,25,1,GCACACATGAGCCGGCAAAC,24,3785588
tolCp3,27.0,54,1,GATGTTCTAATGGCCGTTAA,53,3776211
tolCp3,4.5,9,1,GATCGTCTCACCGGGTCCTG,8,3780428
tolCp3,15.5,31,1,GATAACCCGGAACTAATCCT,30,3791922
tolCp3,10.5,21,1,GAGTAAGCCAATGTTCAAAC,20,3790805
tolCp3,3.0,6,1,GAGAGGTAAAACGTGACTCT,5,3786273
tolCp3,8.5,17,1,GACTTCTCCATCACGTCAGA,16,3807222
tolCp3,3.5,7,1,GAAGTTCTTGAACCGTCATG,6,3781682
tolCp3,4.5,9,1,CTTCTAGTTTGCGAGTGCAG,8,3805485
tolCp3,4.0,8,1,CTTAGTGTACTAACCATGCA,7,3775848
tolCp3,9.0,18,1,CTGGCGTACGACAGCGCGAA,17,3802794
tolCp3,1.0,2,1,CTGAACTGTCAGTTTGATTA,1,3792730
tolCp3,7.5,15,1,CTCGGTATTGTAGATCACAC,14,3794845
tolCp3,11.0,22,1,CTAGTCGGGATCGGTGTATT,21,3799709
tolCp3,4.0,8,1,CTACTCGGTAAATCAATTGG,7,3774599
tolCp3,1.0,2,1,CGTTAACAGGACCCGACGGG,1,3774683
tolCp3,7.0,14,1,CGTCCGACACAATTCAGGAC,13,3790882
tolCp3,9.0,18,1,CGGTACTTCTTGCGGAGCTC,17,3807547
tolCp3,14.0,28,1,CGGGTAATGAGTGTAGAGTA,27,3788616
tolCp3,3.5,7,1,CGATCCAATCACAGATCCCA,6,3796161
tolCp3,1.0,2,1,CGAGGTTGTGCACTGTGTCT,1,3808681
tolCp3,2.0,4,1,CCTTTTTTTCACCAAGGGCG,3,3790145
tolCp3,8.5,17,1,CCTTGGAATACATTACCCTA,16,3789267
tolCp3,1.0,2,1,CCGTGAGCGGTGGGACTCGG,1,3781295
tolCp3,1.0,2,1,CCGGCCTTCAATGACGGTCC,1,3800264
tolCp3,6.5,13,1,CCGGACCGCAGATAGGATGA,12,3808164
tolCp3,11.0,22,1,CCCGTACACCGAACTCGGGA,21,3784999
tolCp3,1.0,2,1,CCCGGCCCTTACATGGTCTC,1,3799037
tolCp3,7.5,15,1,CCCAGCTGGATGCCGTTACG,14,3795711
tolCp3,1.0,2,1,CCATTCATGCTCTAACATGG,1,3785178
tolCp3,1.0,2,1,CCACCTTTGAGTCAGGCCTT,1,3790813
tolCp3,5.0,10,1,CATTCCTCAGGAGCCGGCTC,9,3807873
tolCp3,8.5,17,1,CATCTGCGAGGAAGAGTCTT,16,3792370
tolCp3,1.0,2,1,CAGTCTTGATTCGAGTGTGC,1,3795380
tolCp3,12.0,24,1,CAGTAGGTCGAGAATTAATA,23,3779560
tolCp3,6.5,13,1,CAGAACGCTTAGAAAGTATA,12,3790433
tolCp3,16.5,33,1,CACGGGATCGGCTATCTAAG,32,3776240
tolCp3,17.0,34,1,CACGCCTGCGCAATAGAAAT,33,3776279
tolCp3,1.0,2,1,CACGCACAATTGGACTTTCT,1,3805308
tolCp3,8.5,17,1,CAAATCCATGCAGGTAACTT,16,3797316
tolCp3,9.0,18,1,ATTGGGGCAGGCCGACTACT,17,3779247
tolCp3,31.5,63,1,ATTGCAACGGTTTGCACTCC,62,3789941
tolCp3,2.5,5,1,ATTCCCTGAACACGAGCCGT,4,3789960
tolCp3,3.5,7,1,ATGCTAACGGGTTCCCCAGT,6,3790020
tolCp3,10.0,20,1,ATGATTTCCAGGTCCATCCA,19,3786530
tolCp3,4.5,9,1,ATCTTATACATCGAGCCAAG,8,3784870
tolCp3,1.0,2,1,ATCGCGACGAAACGATTGCA,1,3797956
tolCp3,1.0,2,1,ATCACTATACGCATGGCCAA,1,3795568
tolCp3,8.0,16,1,ATAGGCTGATCACCGCGTCT,15,3798620
tolCp3,7.5,15,1,ATAGAACTCTATCGTAAGGA,14,3802827
tolCp3,6.5,13,1,ATACTCTCTTACGGCCTCCG,12,3800738
tolCp3,3.5,7,1,AGTCTGTCCCAGCGCCTGCA,6,3803760
tolCp3,10.5,21,1,AGTATTTCCTAATAAAACAA,20,3807624
tolCp3,11.0,22,1,AGGTCTGTGGCTAGTGTTAG,21,3789184
tolCp3,1.0,2,1,AGGTCCAGTTCAAAGTGGCC,1,3806752
tolCp3,4.5,9,1,AGGCATCGCAAGCGATCCCA,8,3795251
tolCp3,13.5,27,1,AGCATTGTAGACTCATACTA,26,3774870
tolCp3,10.0,20,1,AGCACTATGGCTTTGCCATA,19,3777799
tolCp3,10.0,20,1,ACTTTCAATGCGGACTGGGG,19,3790203
tolCp3,2.0,4,1,ACTTGACCGCGACGGGAAAT,3,3802362
tolCp3,9.5,19,1,ACTCTTCAAAAAAATATAAC,18,3790024
tolCp3,5.0,10,1,ACTCTAAGACAAAGCAGTGC,9,3795646
tolCp3,12.0,24,1,ACGTTTGTCGTGGCCATTGC,23,3779288
tolCp3,1.0,2,1,ACGGTTCTTATTGTGTGCGG,1,3798106
tolCp3,11.0,22,1,ACGGGGACTTGCAGTCGGTG,21,3783690
tolCp3,3.5,7,1,ACCTGTAGCCCACTTAGGTC,6,3803075
tolCp3,18.0,36,1,ACCGCGACCCCTTAGCGAAA,35,3796788
tolCp3,12.5,25,1,ACCCGGTTAAGTCAGTCTGG,24,3787447
tolCp3,15.0,30,1,ACATTACCGACGTGACGGAG,29,3800300
tolCp3,13.5,27,1,ACATAATTCTTGGACGTCGG,26,3800587
tolCp3,11.5,23,1,ACAGGAGGTACGAGAGAGAT,22,3778437
tolCp3,27.5,55,1,ACAGCCTGGATAAAATCTTC,54,3777578
tolCp3,1.5,3,1,AATTTTCTCGTTCTTTTAGC,2,3798573
tolCp3,3.0,6,1,AATTTCAGGGCTCGCGGGGG,5,3777462
tolCp3,12.5,25,1,AATTGTTGCATATGGGCATG,24,3789685
tolCp3,13.5,27,1,AAGATACAGTTCCCAAAGGC,26,3796190
tolCp3,3.5,7,1,AACGCCTCGGGAGGTGCCAG,6,3779766
tolCp3,9.0,18,1,AACACGGGTTTTTAAGGTGT,17,3779578
tolCp3,8.5,17,1,AAAGTAGGGAAGAGCCACAA,16,3788062
tolCp3,1.0,2,1,AAAAGTCGCATCACGGTGCA,1,3798917
tolCp3,0.013513513513513514,73,73,AATCAATTTGGTGGTACTCT,0,3791937
tolCp3,0.020833333333333332,47,47,GCAACATGTTAAGGATGAAA,0,3778227
tolCp3,0.020833333333333332,47,47,CCCTGATTGGGATTGAGAAT,0,3783732
tolCp3,0.02127659574468085,46,46,GAGATTCGCGGCATTACTGA,0,3783662
tolCp3,0.021739130434782608,45,45,CATTCGCTCGTCAGAGGACC,0,3794899
tolCp3,0.023255813953488372,42,42,CTCAACTGTCTTGGTTGTAC,0,3787224
tolCp3,0.024390243902439025,40,40,TTCGCATACGGAAGGTGAAA,0,3801379
tolCp3,0.024390243902439025,40,40,AATAGGGGCGTACGGCCGTT,0,3780831
tolCp3,0.025,39,39,TCGGTGCGTAGCATGGGTGC,0,3775961
tolCp3,0.025,39,39,CTCCATAATTTACGGTGGCG,0,3774631
tolCp3,0.02564102564102564,38,38,GATTGCGCGGAATTTGCTAT,0,3798678
tolCp3,0.02564102564102564,38,38,GACTTAGGTGTGTAGCCTGA,0,3779483
tolCp3,0.02564102564102564,38,38,CTTAGTAGGGTACGCTCTGA,0,3775214
tolCp3,0.02564102564102564,38,38,AGCGCTTAAGGGAAATGGTT,0,3799064
tolCp3,0.02631578947368421,37,37,TTAGGCAGAGGGGGCACATC,0,3787461
tolCp3,0.02631578947368421,37,37,GCAAGCACTAATTCACGCGA,0,3784893
tolCp3,0.02631578947368421,37,37,CGAAACCAACGGTAGAGATT,0,3804633
tolCp3,0.02631578947368421,37,37,CATAAGGCGTTACCAGCCTT,0,3774916
tolCp3,0.02631578947368421,37,37,AGGGTACGAGCCCAGGATGA,0,3787198
tolCp3,0.02631578947368421,37,37,ACGGCGGTTCAAGTGCTATA,0,3794369
tolCp3,0.02702702702702703,36,36,TTTTAGCGTGGTATTTTAAT,0,3782496
tolCp3,0.02702702702702703,36,36,TTGCTCAATATCCTACTTCC,0,3803047
tolCp3,0.02702702702702703,36,36,GTCCGTTTTACATGGGGAAG,0,3775247
tolCp3,0.02702702702702703,36,36,GGGTGTCTAGACCGATCTTG,0,3779558
tolCp3,0.02702702702702703,36,36,CTCGAAACGTATGTGAGTAA,0,3786337
tolCp3,0.027777777777777776,35,35,TTTATATAGGTAGGCGCTGC,0,3775943
tolCp3,0.027777777777777776,35,35,TCGTCAAGTTGACAGAACGC,0,3808049
tolCp3,0.027777777777777776,35,35,CTCTTAGACAGTCTTTTAGG,0,3776376
tolCp3,0.027777777777777776,35,35,AAGACCACGAATAGGGAGGT,0,3797937
tolCp3,0.027777777777777776,35,35,AACTGGATACGTCTTACAGG,0,3797675
tolCp3,0.02857142857142857,34,34,GAGCAACCTCGAGAGCGGCG,0,3803608
tolCp3,0.029411764705882353,33,33,TTCGGGAAAAAGCACGTGGT,0,3775110
tolCp3,0.029411764705882353,33,33,GTCCCTGGCCCAGTCAACAT,0,3778051
tolCp3,0.029411764705882353,33,33,CTTATAGATCCACTTGCGGT,0,3782985
tolCp3,0.029411764705882353,33,33,CCTCCTCGCTATGATCAAAT,0,3803517
tolCp3,0.030303030303030304,32,32,TACTTCGAGGGCCAGCGATA,0,3799233
tolCp3,0.03125,31,31,TGGCTATCCGGCGTAGCAAT,0,3793819
tolCp3,0.03225806451612903,30,30,TTTAATTCTGACTTGGAAAT,0,3782246
tolCp3,0.03225806451612903,30,30,TGCTAGTCTCGCGCTCAGAG,0,3776301
tolCp3,0.03225806451612903,30,30,GGACGTTTTGTACGAGAAAA,0,3793661
tolCp3,0.03225806451612903,30,30,GCTAAGGATGCTGAGAGAAT,0,3803371
tolCp3,0.03225806451612903,30,30,CTTGCCGTGCATCTTACACT,0,3776159
tolCp3,0.03225806451612903,30,30,CGCAAGGCTAAGCGTGTGTC,0,3777206
tolCp3,0.03225806451612903,30,30,CCCCCAAACATCGAAGGTGC,0,3788072
tolCp3,0.03225806451612903,30,30,CAGTGAAGTGTGCGGGAACG,0,3780856
tolCp3,0.03225806451612903,30,30,ATACCGGATGTAATGTCTCG,0,3775006
tolCp3,0.03225806451612903,30,30,AGTTGAGCTAGGCTAGCCTA,0,3783281
tolCp3,0.03333333333333333,29,29,TTTTAGACGTACAGCTGACT,0,3787872
tolCp3,0.03333333333333333,29,29,TCGAGAAACACTACGTAGAT,0,3806666
tolCp3,0.03333333333333333,29,29,TCAGCGGTAAAAGTTCAGCC,0,3776868
tolCp3,0.03333333333333333,29,29,TACTCTTGGGTACTGCGGCT,0,3788290
tolCp3,0.03333333333333333,29,29,CATTGGTCAGGCCGGATGCT,0,3793978
tolCp3,0.03333333333333333,29,29,CATTGCAAAGGATAGATAGA,0,3779870
tolCp3,0.03333333333333333,29,29,CATTACTGGCAGTAACATAA,0,3803657
tolCp3,0.03333333333333333,29,29,AGGGTTGGCCCCTCAGATGG,0,3775595
tolCp3,0.03333333333333333,29,29,AGAGACGATTCGAAGAATCA,0,3790356
tolCp3,0.03333333333333333,29,29,ACTGAAACGGATGCTGACCA,0,3787371
tolCp3,0.03333333333333333,29,29,ACCATTGTGCTTAGAGATAT,0,3775217
tolCp3,0.03333333333333333,29,29,AAGTGAAGTCCCTAAAAATA,0,3776692
tolCp3,0.034482758620689655,28,28,TTTCTGTAACAGCGGTGTGT,0,3779405
tolCp3,0.034482758620689655,28,28,TACGGTACAGGGAGCTGGCA,0,3791949
tolCp3,0.034482758620689655,28,28,GGCGCCGATGCTGTGAGTGT,0,3789445
tolCp3,0.034482758620689655,28,28,GATGCTAGGCTCTGTCTAAA,0,3806081
tolCp3,0.034482758620689655,28,28,GACTGGGCGTTCTCCCGGGC,0,3796851
tolCp3,0.034482758620689655,28,28,GACACGCGACCTCTTAGGTG,0,3781313
tolCp3,0.034482758620689655,28,28,CGTTTCCTCAGTTCATTACA,0,3799735
tolCp3,0.034482758620689655,28,28,CCGGGACTGTCCAGACGGAA,0,3789514
tolCp3,0.034482758620689655,28,28,CAGTTATTCCTTTAAACTGA,0,3786443
tolCp3,0.034482758620689655,28,28,CAGTGGGTTACTCTTAGTCA,0,3796886
tolCp3,0.034482758620689655,28,28,ACACGGCAAACCAAGCCAGA,0,3775215
tolCp3,0.03571428571428571,27,27,TGTTGGATTGCACTGCGTAA,0,3780554
tolCp3,0.03571428571428571,27,27,TGTAACGCACTTCCTACTCT,0,3775408
tolCp3,0.03571428571428571,27,27,TGGCGGGGTTGGACCTGACT,0,3796998
tolCp3,0.03571428571428571,27,27,TCGTGGGATTAAACGGCTAC,0,3777786
tolCp3,0.03571428571428571,27,27,GTTTTTCCTGCACCGGCCAT,0,3786384
tolCp3,0.03571428571428571,27,27,GGAATCAAGTTGCTAACGCA,0,3789793
tolCp3,0.03571428571428571,27,27,GCGCACTCGGCCTCAGCTCA,0,3793224
tolCp3,0.03571428571428571,27,27,GATAGTTCCATAGGCCGGGA,0,3797569
tolCp3,0.03571428571428571,27,27,GAGTTAGCTACTATAGAATT,0,3788011
tolCp3,0.03571428571428571,27,27,GACAAGGCTGTGGTGAGCTG,0,3807614
tolCp3,0.03571428571428571,27,27,GAAGTGGTGACAGATCTCGT,0,3782760
tolCp3,0.03571428571428571,27,27,CGGGGGGAGATGCGAAGCGT,0,3797408
tolCp3,0.03571428571428571,27,27,CGAGAATCGCAAGGACGTTG,0,3786198
tolCp3,0.03571428571428571,27,27,CGACATCACGATTTCGGGGA,0,3799782
tolCp3,0.03571428571428571,27,27,ACACACGGGGATTTATGATA,0,3800854
tolCp3,0.037037037037037035,26,26,TGGTATTTGTAGCGCTAGGT,0,3793979
tolCp3,0.037037037037037035,26,26,TGAGTCTGAAAACTTCCTGT,0,3803299
tolCp3,0.037037037037037035,26,26,TCGATGAGCACCACGGTACG,0,3805133
tolCp3,0.037037037037037035,26,26,GTCAGTCCTTACTGATTTCA,0,3790353
tolCp3,0.037037037037037035,26,26,GATAACGATTAAGGGCCAGA,0,3782726
tolCp3,0.037037037037037035,26,26,CTAGTACCATATAAATTGAA,0,3782172
tolCp3,0.037037037037037035,26,26,CCGAGTACCTCACGGGTGGT,0,3780785
tolCp3,0.037037037037037035,26,26,CCCTTGGAATCCCTCTAAGG,0,3787835
tolCp3,0.037037037037037035,26,26,CATGAACGAGAGCGGTAGCA,0,3794461
tolCp3,0.037037037037037035,26,26,AATGATGCTACCGATGTATG,0,3780666
tolCp3,0.037037037037037035,26,26,AATCGGGGCGCAATATCAAT,0,3784731
tolCp3,0.037037037037037035,26,26,AAGCTTTTCGGGCCACCTTG,0,3779260
tolCp3,0.038461538461538464,25,25,TTATAAAGGGTTGGAGCCAT,0,3798231
tolCp3,0.038461538461538464,25,25,TCTAAAACAACCTGGTCAAG,0,3785248
tolCp3,0.038461538461538464,25,25,TCCGGGGGATTAGTACTCTC,0,3800580
tolCp3,0.038461538461538464,25,25,GGGACCCTCCGGTTGCACTG,0,3778488
tolCp3,0.038461538461538464,25,25,GGCGCTGGAAACTATCGTAC,0,3796027
tolCp3,0.038461538461538464,25,25,GGATGGAGACGAGTGGGGGG,0,3802075
tolCp3,0.038461538461538464,25,25,GCAGATGTCCGCTTACCCCA,0,3785756
tolCp3,0.038461538461538464,25,25,GACGCCTAATCGCTGTAGGT,0,3787789
tolCp3,0.038461538461538464,25,25,GAAGTCGTGATGAAGTTATG,0,3793577
tolCp3,0.038461538461538464,25,25,CTAGTATAAGAGACTCAAGC,0,3776297
tolCp3,0.038461538461538464,25,25,CACAGCTGGGGGAAGCAAGT,0,3775316
tolCp3,0.038461538461538464,25,25,CACAAGATATTTGATGCTAG,0,3777910
tolCp3,0.038461538461538464,25,25,CAACCTAACGTAAACATATA,0,3776028
tolCp3,0.038461538461538464,25,25,ACTCAGGATTATGGAACCAC,0,3785233
tolCp3,0.038461538461538464,25,25,AACGCCCCCAAAAGCGTACA,0,3788819
tolCp3,0.04,24,24,TTGGCCCTTCAGACGGCTGC,0,3804015
tolCp3,0.04,24,24,TTAAGCACATGTTGAATAGT,0,3783728
tolCp3,0.04,24,24,TGCTGAACGGTCTGCTCCTT,0,3800557
tolCp3,0.04,24,24,TCCCGCTCCCACGATTTCAT,0,3781982
tolCp3,0.04,24,24,TCCAGCGGTAGAACTCGAGT,0,3782863
tolCp3,0.04,24,24,TAAGTTTGCAGCAACGGACC,0,3789443
tolCp3,0.04,24,24,GTCCCCCCTGTCGGTCAGGA,0,3795442
tolCp3,0.04,24,24,GGCCCCGGTCTACGACGAGT,0,3800339
tolCp3,0.04,24,24,GCCTGCTTAGATCCTAAGGT,0,3807926
tolCp3,0.04,24,24,GATCTGGATCACATCTAGCG,0,3802610
tolCp3,0.04,24,24,GACCGGACACGTAACGAGTA,0,3780014
tolCp3,0.04,24,24,CTTTTGAGCCGAACCATAGG,0,3776318
tolCp3,0.04,24,24,CTAACTGCTGCACAAGAAGT,0,3793562
tolCp3,0.04,24,24,CAGCACAGCCGTCATTTGAG,0,3784955
tolCp3,0.04,24,24,ATTAGTATAATCGACGCCAC,0,3780103
tolCp3,0.04,24,24,AGCGAACGGTGTTCCGTTAC,0,3782391
tolCp3,0.04,24,24,ACGACCCAGTGTAACAGATT,0,3775156
tolCp3,0.04,24,24,ACACGGTCTCCTATACTTGA,0,3809294
tolCp3,0.041666666666666664,23,23,TGTCCCTTGATCCCTTGGTA,0,3792635
tolCp3,0.041666666666666664,23,23,TGCCACCACTAGGCTGTCAA,0,3805269
tolCp3,0.041666666666666664,23,23,TGAGGGCCGTATTTAATCTT,0,3797286
tolCp3,0.041666666666666664,23,23,TCTCTCAAGTATCGACCACC,0,3785633
tolCp3,0.041666666666666664,23,23,TAAGCGTTGGACAATTTGTA,0,3806257
tolCp3,0.041666666666666664,23,23,GTAATAAACCTAGTCTCTAT,0,3803901
tolCp3,0.041666666666666664,23,23,GGTACGGAGGGATTTTAAAG,0,3775014
tolCp3,0.041666666666666664,23,23,GGAATATAAGTGTAGAAACG,0,3797733
tolCp3,0.041666666666666664,23,23,GATTTTATACGCTAAAGGCA,0,3781979
tolCp3,0.041666666666666664,23,23,GACCGCGGGCGGTTATTGGT,0,3797729
tolCp3,0.041666666666666664,23,23,GAAAGCGATCTGCAGTAAAC,0,3777272
tolCp3,0.041666666666666664,23,23,CTCACTGTCACCCAAAAAAC,0,3781288
tolCp3,0.041666666666666664,23,23,CGTTACGGCTCCAGAGCGTC,0,3804262
tolCp3,0.041666666666666664,23,23,CGGTGGGAATGGTGAACTCT,0,3783368
tolCp3,0.041666666666666664,23,23,CGGCTTCTCAGCATGAGGCA,0,3791307
tolCp3,0.041666666666666664,23,23,CCTTTGGACATTCACGTCGT,0,3782260
tolCp3,0.041666666666666664,23,23,CCTTCTGGGGTCTGTCAGTG,0,3781394
tolCp3,0.041666666666666664,23,23,CCGACTTACTTGGAATCTAA,0,3792917
tolCp3,0.041666666666666664,23,23,CAGGTTCGGCTAACAGCATC,0,3775645
tolCp3,0.041666666666666664,23,23,CAGGATCTATTTCAGGTCGT,0,3805701
tolCp3,0.041666666666666664,23,23,CAGATCCCCAGCTGGTAACT,0,3777924
tolCp3,0.041666666666666664,23,23,CACGCGTAAGAATAGGTCAG,0,3782999
tolCp3,0.041666666666666664,23,23,ATGTGGTGCTCAGGTGTGTT,0,3779606
tolCp3,0.041666666666666664,23,23,AAAGTACAGAATCGGACGGA,0,3784284
tolCp3,0.041666666666666664,23,23,AAAAGGTTGGCGTCGGCGGC,0,3798371
tolCp3,0.043478260869565216,22,22,TTTGACACGCCAGTCACCGG,0,3790474
tolCp3,0.043478260869565216,22,22,TTCTTCCACCGCTTAAAATC,0,3780188
tolCp3,0.043478260869565216,22,22,TGCCCTGTAATCTGAGGGAC,0,3788357
tolCp3,0.043478260869565216,22,22,TGACACGGATGTAGCCTACG,0,3776990
tolCp3,0.043478260869565216,22,22,TATTTGGACAAGAGTTCTTG,0,3789290
tolCp3,0.043478260869565216,22,22,TACTAAGCAGCGTGACTGAC,0,3774793
tolCp3,0.043478260869565216,22,22,TAAGGAAACGCGCACAAAAA,0,3784344
tolCp3,0.043478260869565216,22,22,TAAAATCTAAGACTGGGCCT,0,3778049
tolCp3,0.043478260869565216,22,22,GTTGGCCCCAATGAGGGTTG,0,3809411
tolCp3,0.043478260869565216,22,22,GTTCGTGGGGGTTAGTAGCT,0,3779919
tolCp3,0.043478260869565216,22,22,GTTATCTGGCGGAACGCTTG,0,3779282
tolCp3,0.043478260869565216,22,22,GTCGTGTATACTGTGCAGGC,0,3806852
tolCp3,0.043478260869565216,22,22,GTACGAGTGGCAGGGCTACG,0,3789554
tolCp3,0.043478260869565216,22,22,GGCCAGGCCTTCACCTACAA,0,3786149
tolCp3,0.043478260869565216,22,22,GCGTCCCATCGAAGTCCCTT,0,3783353
tolCp3,0.043478260869565216,22,22,GCAATTAGGTAGTGTTCTCA,0,3778268
tolCp3,0.043478260869565216,22,22,GATGTCCAATGCTCCCTTGA,0,3783842
tolCp3,0.043478260869565216,22,22,CGTCACGGGGCAGGGTTCGG,0,3777577
tolCp3,0.043478260869565216,22,22,CGCTGTATTCGTCCCTCGAC,0,3786661
tolCp3,0.043478260869565216,22,22,CCGACTGTCTCCTTTGAAGA,0,3794551
tolCp3,0.043478260869565216,22,22,ATTTTCAAAGTATGCCTAAG,0,3798646
tolCp3,0.043478260869565216,22,22,AGTGCGACCGGGCTCAGCAT,0,3790674
tolCp3,0.043478260869565216,22,22,AACTCGGGCTGGCCCTGCGA,0,3783987
tolCp3,0.043478260869565216,22,22,AAAATGGTGGCGCAGGTCAT,0,3803312
tolCp3,0.045454545454545456,21,21,TTTGAGTTAACTGGGCACAG,0,3776424
tolCp3,0.045454545454545456,21,21,TTCTGGGATTCTTAGGCGGC,0,3788197
tolCp3,0.045454545454545456,21,21,TGTACTGCGTAGTACTACCG,0,3789743
tolCp3,0.045454545454545456,21,21,TCCAGTTGGGCGTATCGCAT,0,3781741
tolCp3,0.045454545454545456,21,21,TCATATGACTAGCATGTTTG,0,3785212
tolCp3,0.045454545454545456,21,21,TAAAGGTGCATGCAGTGCCG,0,3785231
tolCp3,0.045454545454545456,21,21,GTTGTGAAGTGCGAAATATT,0,3796916
tolCp3,0.045454545454545456,21,21,GTCAAGCAGTGCCAGACTCG,0,3776962
tolCp3,0.045454545454545456,21,21,GGTTCAGCGATGGCGAATCA,0,3783164
tolCp3,0.045454545454545456,21,21,GGGTGTTAGACCAGCGTCTC,0,3803881
tolCp3,0.045454545454545456,21,21,GGGATGGACTCCCTAAAGCA,0,3791182
tolCp3,0.045454545454545456,21,21,GGGAGCCGACGAGGGGCACA,0,3788866
tolCp3,0.045454545454545456,21,21,GCGCCAACCTCTCCGGATAA,0,3796091
tolCp3,0.045454545454545456,21,21,GATATCGGTATCAACCGTTG,0,3780553
tolCp3,0.045454545454545456,21,21,GAGCGTCTGGATGATTCAAG,0,3805405
tolCp3,0.045454545454545456,21,21,GACTGACACTCAGCCCGGTT,0,3791938
tolCp3,0.045454545454545456,21,21,CTAGAATTAAAGAGGTAATC,0,3803370
tolCp3,0.045454545454545456,21,21,CGGTTATGCCTCATAGAAAA,0,3803325
tolCp3,0.045454545454545456,21,21,CGGGGATCCAGCTGATACAT,0,3797541
tolCp3,0.045454545454545456,21,21,CGCCCGCAGACGACCAGACC,0,3775691
tolCp3,0.045454545454545456,21,21,CCCCGGGTCTGCAATCACAG,0,3791120
tolCp3,0.045454545454545456,21,21,CATCCCGTAATGTTTGTCAG,0,3802894
tolCp3,0.045454545454545456,21,21,CAGACTGACACAGCACCACA,0,3786853
tolCp3,0.045454545454545456,21,21,CAAGCTACGCTAAAGCAGCG,0,3785444
tolCp3,0.045454545454545456,21,21,ATTACGGATCGGAATAATTA,0,3807055
tolCp3,0.045454545454545456,21,21,ATGGATGAGGCCGTACATTG,0,3777921
tolCp3,0.045454545454545456,21,21,ATCGTCTCTTACCCAGTAAC,0,3777054
tolCp3,0.045454545454545456,21,21,ATCCTTGTTCCCGAAAGTTT,0,3780237
tolCp3,0.045454545454545456,21,21,AGGGTTTTTCAGACTGTCGG,0,3786659
tolCp3,0.045454545454545456,21,21,AGACCACGACATTGAGTAAT,0,3799910
tolCp3,0.045454545454545456,21,21,ACTACGGCGAATCCGATTAT,0,3789906
tolCp3,0.045454545454545456,21,21,ACGGGTTGCGACAGTAGGGT,0,3779774
tolCp3,0.045454545454545456,21,21,ACATCGAGCCCCCACCGTGA,0,3785958
tolCp3,0.045454545454545456,21,21,AATTGAACGGGACTACATGC,0,3807929
tolCp3,0.045454545454545456,21,21,AATGTCGCGTCCCCTTGACG,0,3797743
tolCp3,0.045454545454545456,21,21,AAGCTGTATCGTGATAGTCA,0,3783229
tolCp3,0.047619047619047616,20,20,TTAGGCAACTCCAGGGTGTG,0,3784439
tolCp3,0.047619047619047616,20,20,TTAGCCGACACCCTTATAAA,0,3780663
tolCp3,0.047619047619047616,20,20,TGTGGGTACGAGGTGTGGTT,0,3806443
tolCp3,0.047619047619047616,20,20,TCGCCTTCTAACCCAGTTTT,0,3777536
tolCp3,0.047619047619047616,20,20,TCCTTGTAGACGGTGGACTC,0,3806839
tolCp3,0.047619047619047616,20,20,TCCGGAAGTCTCTTGTAATG,0,3807353
tolCp3,0.047619047619047616,20,20,TCCAACTGGCGCAACATTAT,0,3794693
tolCp3,0.047619047619047616,20,20,TAGGTCAATCCATTCGCGGT,0,3790610
tolCp3,0.047619047619047616,20,20,TAGCGTTTTGGAAGTGCTCA,0,3776504
tolCp3,0.047619047619047616,20,20,TAGCCGGTAAGCCTGGCAGA,0,3778788
tolCp3,0.047619047619047616,20,20,TAACGCCCTTGCTTAGCGAA,0,3781492
tolCp3,0.047619047619047616,20,20,TAACAGCAAGATGAGCGGTG,0,3804321
tolCp3,0.047619047619047616,20,20,GTTATACCGAACCAATGAAA,0,3780525
tolCp3,0.047619047619047616,20,20,GTGTTAGTCGCGATTGCGCA,0,3780824
tolCp3,0.047619047619047616,20,20,GTGTCTTGAGCCTTCTCTGC,0,3784316
tolCp3,0.047619047619047616,20,20,GTATGATTCGGCACTTGGGA,0,3800419
tolCp3,0.047619047619047616,20,20,GTATCACGAATAATCATAAA,0,3787035
tolCp3,0.047619047619047616,20,20,GGTATAAACGGGAGTTACAG,0,3779847
tolCp3,0.047619047619047616,20,20,GGGAATGTTCGTAATTTGAC,0,3793566
tolCp3,0.047619047619047616,20,20,GCTTCACATTATCCTGCCGG,0,3794008
tolCp3,0.047619047619047616,20,20,GCCAATGAAAGATCCTGGAC,0,3797018
tolCp3,0.047619047619047616,20,20,GAGATTGGCGTTTCCTTTTT,0,3776423
tolCp3,0.047619047619047616,20,20,GACGATACTAAGGCGGCTGT,0,3796980
tolCp3,0.047619047619047616,20,20,GAAGCAACGTAGCTTAATCA,0,3790636
tolCp3,0.047619047619047616,20,20,CTTTGGCGGGGCATGGAATG,0,3790856
tolCp3,0.047619047619047616,20,20,CTTGGCTGTCTGACCTATTT,0,3792994
tolCp3,0.047619047619047616,20,20,CTCAATCGGGTTTTGCTGCT,0,3777953
tolCp3,0.047619047619047616,20,20,CGTTTAGCATGTATGTCGCA,0,3785428
tolCp3,0.047619047619047616,20,20,CGTCGAGGGCACACACACTT,0,3802975
tolCp3,0.047619047619047616,20,20,CGGCGTTTCTAATGAGTCGC,0,3793564
tolCp3,0.047619047619047616,20,20,CGATTCGAACTGTTCTCAAC,0,3799475
tolCp3,0.047619047619047616,20,20,CGATATTCGCGACTTGGAGT,0,3798622
tolCp3,0.047619047619047616,20,20,CCGGTGGGTGAGATGTCATA,0,3774707
tolCp3,0.047619047619047616,20,20,CCCTATTGGCTCCGAAAAGG,0,3781445
tolCp3,0.047619047619047616,20,20,CAGTTCTACCCGTGTACATC,0,3785099
tolCp3,0.047619047619047616,20,20,CAGGCATGGTTCACACCGGA,0,3783497
tolCp3,0.047619047619047616,20,20,ATGAACACGGGTGTTGGTCC,0,3787894
tolCp3,0.047619047619047616,20,20,AGTCGCCCCCAGCGCGGCCC,0,3781955
tolCp3,0.047619047619047616,20,20,AGGACCTCTCTCTCCTGTCT,0,3799235
tolCp3,0.047619047619047616,20,20,AGGAAAGTAGAGGCGTTCAG,0,3780344
tolCp3,0.047619047619047616,20,20,ACTCGACGGAACCACAAGGC,0,3789248
tolCp3,0.047619047619047616,20,20,ACTAACATGGAGGGGCACAT,0,3791965
tolCp3,0.047619047619047616,20,20,ACGTTTGCCGAAGTTTAGTA,0,3805522
tolCp3,0.047619047619047616,20,20,ACGTGCCATCGACGATTAGC,0,3800209
tolCp3,0.047619047619047616,20,20,ACATATAAGGGATTCCCACG,0,3795910
tolCp3,0.047619047619047616,20,20,AATTTCTTGCAGCTGGACCT,0,3778884
tolCp3,0.047619047619047616,20,20,AATCAGCGCCTTTACCTCCT,0,3782471
tolCp3,0.047619047619047616,20,20,AAGACCATCCTCGTTACCAG,0,3800467
tolCp3,0.047619047619047616,20,20,AAAAGGCTCTGCATCAGCTT,0,3781233
tolCp3,0.05,19,19,TTGTAACATGTGGCCCCAGT,0,3776458
tolCp3,0.05,19,19,TTCAGCTCTAGACGCGCTCT,0,3787223
tolCp3,0.05,19,19,TGACAACCAAATCCGACCTG,0,3775540
tolCp3,0.05,19,19,TCGATGGATGTGCCTCGGAT,0,3780684
tolCp3,0.05,19,19,TACAACGACACGTGTGCCGT,0,3776485
tolCp3,0.05,19,19,GTTGGCTCTTAGGAAGGGTC,0,3792649
tolCp3,0.05,19,19,GTTAAGTCAGCCATCATAGA,0,3802240
tolCp3,0.05,19,19,GTAGACCTACTACAGGTCAT,0,3807879
tolCp3,0.05,19,19,GGTTGTGTGATTCTATGGAG,0,3806715
tolCp3,0.05,19,19,GGGAACAGCGAGCCAAGTGA,0,3799918
tolCp3,0.05,19,19,GGATGAGACTTTCTCCGGTG,0,3788843
tolCp3,0.05,19,19,GCTTGCAGTTGGCCTAACCT,0,3777228
tolCp3,0.05,19,19,GCTAATTATTGTCACTAGGA,0,3800545
tolCp3,0.05,19,19,GCCGTTGAGTTTGATTGCCG,0,3799574
tolCp3,0.05,19,19,GATTATGCGCTCTTTACTTC,0,3781406
tolCp3,0.05,19,19,GATTATCCGTTTACACAGGG,0,3790117
tolCp3,0.05,19,19,CTGAAACCAGTAATTAATCA,0,3782873
tolCp3,0.05,19,19,CTCGGAATTAACCCCTGAAC,0,3775962
tolCp3,0.05,19,19,CTCAGGAAAACTAAGGGATG,0,3785333
tolCp3,0.05,19,19,CTCAGCAAGATCTAAGGCGT,0,3777157
tolCp3,0.05,19,19,CGTACTAAACCAGAGTCCCT,0,3779535
tolCp3,0.05,19,19,CGGGCCGAATTTTCTCAGTA,0,3797075
tolCp3,0.05,19,19,CGAGTTGACGCAAGTCTGCT,0,3788216
tolCp3,0.05,19,19,CCTCATCTTAACTTCTTGAT,0,3788803
tolCp3,0.05,19,19,CCTAGAACCCCTGATCTTAG,0,3776654
tolCp3,0.05,19,19,CCACTTTGGAAGCCCGGTTC,0,3797791
tolCp3,0.05,19,19,CACGGCATGTGTGTGCGCTT,0,3809309
tolCp3,0.05,19,19,CAATTCTGCAAGCACAAAGA,0,3789485
tolCp3,0.05,19,19,ATTCGGCCTGTATGATTTAT,0,3775651
tolCp3,0.05,19,19,ATCGAGCGAAAAGACAATTC,0,3795909
tolCp3,0.05,19,19,ATATACCGACCCTCTGTATG,0,3794293
tolCp3,0.05,19,19,ATAGTCTCATGACGCTCTTT,0,3783719
tolCp3,0.05,19,19,AGTTTTAGAAGCTAGGCTCG,0,3776487
tolCp3,0.05,19,19,AGTAGGGTCGCTAGACCCGA,0,3785123
tolCp3,0.05,19,19,AGAAGGGTGCATCGTGGATA,0,3790992
tolCp3,0.05,19,19,ACAAGGCGACACTTCGTCTA,0,3789680
tolCp3,0.05,19,19,AACCCGATTAGGTCGGCTTT,0,3785390
tolCp3,0.05263157894736842,18,18,TTTCCCGTGGCAATCCTGAT,0,3785416
tolCp3,0.05263157894736842,18,18,TGGGATGTCTTCCTCCTGTG,0,3780189
tolCp3,0.05263157894736842,18,18,TGGACGCTTAAGATCGAACT,0,3781292
tolCp3,0.05263157894736842,18,18,TGGAAAACGGATAACGCAGC,0,3792965
tolCp3,0.05263157894736842,18,18,TGATTGGAAATTTAACTTGT,0,3775476
tolCp3,0.05263157894736842,18,18,TGAGCTAAGCGCAATAAAGT,0,3797182
tolCp3,0.05263157894736842,18,18,TGAGACAAGGGATGAACTTT,0,3801659
tolCp3,0.05263157894736842,18,18,TCTAGTAGCTGGGAGCGGAA,0,3774575
tolCp3,0.05263157894736842,18,18,TCAGCACATTAGAATCCAAT,0,3782510
tolCp3,0.05263157894736842,18,18,TATCATAGGCTTTGCGCTCA,0,3805803
tolCp3,0.05263157894736842,18,18,TACTATCGGTGATGTAGGCC,0,3777811
tolCp3,0.05263157894736842,18,18,TACCCTAGAAGAGTCCGTAT,0,3780486
tolCp3,0.05263157894736842,18,18,TACAATGCAGCACTGTGCCA,0,3776486
tolCp3,0.05263157894736842,18,18,GTTTGTGCGAAGTATTCGTA,0,3804109
tolCp3,0.05263157894736842,18,18,GTTTGCAGGTAGCTAGGGGT,0,3796736
tolCp3,0.05263157894736842,18,18,GTTTCCCGGAACCACCACGC,0,3778230
tolCp3,0.05263157894736842,18,18,GTCTGACTGCGTTCGCAGAC,0,3789715
tolCp3,0.05263157894736842,18,18,GTAACCCCGCCACCTGCAGT,0,3802542
tolCp3,0.05263157894736842,18,18,GGGCCATTGATAGGCGAAAC,0,3788122
tolCp3,0.05263157894736842,18,18,GGCGCGCAGAACTAGGGAGT,0,3795788
tolCp3,0.05263157894736842,18,18,GCTATAGTTGACCTCATCTA,0,3774647
tolCp3,0.05263157894736842,18,18,GCCGTCCAGGTCGTAATCTG,0,3778109
tolCp3,0.05263157894736842,18,18,GACTGCCCAGTAGAGTACGT,0,3778572
tolCp3,0.05263157894736842,18,18,GACACTCAGGGGGTCTGCTA,0,3809299
tolCp3,0.05263157894736842,18,18,GAATCGACGTGGTAAGCTTG,0,3791802
tolCp3,0.05263157894736842,18,18,GAAAATGGCTGACCGCGAAA,0,3786412
tolCp3,0.05263157894736842,18,18,CTTCTTACCCCGTGTACTAC,0,3797581
tolCp3,0.05263157894736842,18,18,CTAACACCAAGCAAGGGCCA,0,3788432
tolCp3,0.05263157894736842,18,18,CGTCAACTCGCACTTGATAC,0,3776627
tolCp3,0.05263157894736842,18,18,CGCTCGGGCCATGACTCAAT,0,3779426
tolCp3,0.05263157894736842,18,18,CGCGTACTCGCAGGCGTCAA,0,3801006
tolCp3,0.05263157894736842,18,18,CGCAGCATACCTGTGCGGTT,0,3782908
tolCp3,0.05263157894736842,18,18,CCTTGCGGGACAGTTAAAGT,0,3794436
tolCp3,0.05263157894736842,18,18,CCGGTGATCTAGCCATCGGC,0,3798025
tolCp3,0.05263157894736842,18,18,CCATGGGATTACGGTTGTTC,0,3786336
tolCp3,0.05263157894736842,18,18,CATTGCGTGAGTAGTTTGCC,0,3785912
tolCp3,0.05263157894736842,18,18,CATTGACACCAAACCTGTGG,0,3791615
tolCp3,0.05263157894736842,18,18,CAGGACGGTTCAGTATACGT,0,3775754
tolCp3,0.05263157894736842,18,18,CAGATAGAGGATAGATCGTA,0,3791503
tolCp3,0.05263157894736842,18,18,CAAGGGGACGAGCAATCGGT,0,3777895
tolCp3,0.05263157894736842,18,18,CAAACGTGCGCTGGACGGTC,0,3774511
tolCp3,0.05263157894736842,18,18,ATTCCCGTCTACTAAGACAT,0,3787670
tolCp3,0.05263157894736842,18,18,ATTATGCACGCACCCACCGC,0,3805772
tolCp3,0.05263157894736842,18,18,ATGCCCCTGGCTCGTCTGAA,0,3803462
tolCp3,0.05263157894736842,18,18,ATCATTCGTCCTTACGAGGG,0,3801347
tolCp3,0.05263157894736842,18,18,AGGTCCAAAATGAGGCCTAG,0,3777095
tolCp3,0.05263157894736842,18,18,AGCGTGGGCGATGGCCTATT,0,3789362
tolCp3,0.05263157894736842,18,18,AGCGGGAAACTGCTTGGTGA,0,3786308
tolCp3,0.05263157894736842,18,18,AGAACAAGCTAATTATGGAA,0,3775820
tolCp3,0.05263157894736842,18,18,AGAAAAGATGTTCATGCCAA,0,3789266
tolCp3,0.05263157894736842,18,18,ACTATGCCAGGAATGACCAA,0,3798230
tolCp3,0.05263157894736842,18,18,ACGGGGACGGCACGCTTCGT,0,3785502
tolCp3,0.05263157894736842,18,18,ACACGTCTTCTGCGTCTAGA,0,3797864
tolCp3,0.05263157894736842,18,18,AATTCGATCAATACTTGGTT,0,3804847
tolCp3,0.05263157894736842,18,18,AATGTTCTGCTCTTTGAGAT,0,3794177
tolCp3,0.05263157894736842,18,18,AATGGACAGGATTTATGGAC,0,3788431
tolCp3,0.05263157894736842,18,18,AACAGTCTCTAGTGTCAACA,0,3792670
tolCp3,0.05263157894736842,18,18,AAAATGGCGTTCGTCATACG,0,3801562
tolCp3,0.05555555555555555,17,17,TTTTAGACAATCGAATGATT,0,3784156
tolCp3,0.05555555555555555,17,17,TTTAAATAGCCCTCCAAGCA,0,3806129
tolCp3,0.05555555555555555,17,17,TTCGGAATGGGTTACGAGAA,0,3783077
tolCp3,0.05555555555555555,17,17,TGTTATAAGTATTAGTCAGA,0,3775286
tolCp3,0.05555555555555555,17,17,TGTCGTCAAGATAGGTGTGA,0,3787964
tolCp3,0.05555555555555555,17,17,TGGGAGTTGAACGTCCACGA,0,3787720
tolCp3,0.05555555555555555,17,17,TGGGACTTTTTGACGTATTC,0,3797459
tolCp3,0.05555555555555555,17,17,TGAATCTGGACATGACCAGA,0,3786726
tolCp3,0.05555555555555555,17,17,TCTTGCCAAACGGAGCAGCT,0,3808099
tolCp3,0.05555555555555555,17,17,TCCGGCCAACAGTGTAACTA,0,3781743
tolCp3,0.05555555555555555,17,17,TCAAGTCGGGTTGTTCGTAT,0,3787847
tolCp3,0.05555555555555555,17,17,TATTTTTAAATTATTTGCGT,0,3783232
tolCp3,0.05555555555555555,17,17,TATTTTGTGTACCTACCTCC,0,3795300
tolCp3,0.05555555555555555,17,17,TACGGTATACAATCTTGATA,0,3808910
tolCp3,0.05555555555555555,17,17,TAAATAAGTCTCGGATAAGG,0,3796579
tolCp3,0.05555555555555555,17,17,GTTTGGCTAAACGGAGGTCC,0,3784163
tolCp3,0.05555555555555555,17,17,GTTAAGCTGCCACACATATT,0,3805263
tolCp3,0.05555555555555555,17,17,GTCTGGATTATTCTCATTTA,0,3806010
tolCp3,0.05555555555555555,17,17,GTCGTTGGTTACCTGGAGAG,0,3775019
tolCp3,0.05555555555555555,17,17,GTATTAATAGCGTGACTGCA,0,3804333
tolCp3,0.05555555555555555,17,17,GTAAACCGACACTCAAAGTC,0,3808996
tolCp3,0.05555555555555555,17,17,GGTTGATGACTTCGACGGGA,0,3778738
tolCp3,0.05555555555555555,17,17,GGTCAGTCGCCTATTAAACG,0,3778402
tolCp3,0.05555555555555555,17,17,GGGCCTCGACAAAGGTCATA,0,3777787
tolCp3,0.05555555555555555,17,17,GCTCAAGCTCAGGGGAACAT,0,3787977
tolCp3,0.05555555555555555,17,17,GCCTCCGACGTGTTAAGTGT,0,3789887
tolCp3,0.05555555555555555,17,17,GCCCCGGACCACTGCGGAGC,0,3778013
tolCp3,0.05555555555555555,17,17,GATGGTCACAAGAGGGCCCA,0,3777737
tolCp3,0.05555555555555555,17,17,GATCCTCTAGGGTACCGGAT,0,3804011
tolCp3,0.05555555555555555,17,17,GACAGACATCAGGATGAAAT,0,3783669
tolCp3,0.05555555555555555,17,17,CTTGTCCCTGGGTCGTGAGA,0,3777530
tolCp3,0.05555555555555555,17,17,CTTCCAGTAAGGGAGTCCGG,0,3785332
tolCp3,0.05555555555555555,17,17,CTGCCCTATCCACATTGTTG,0,3780456
tolCp3,0.05555555555555555,17,17,CTCCGGTCAGTAGTACAGCG,0,3775186
tolCp3,0.05555555555555555,17,17,CTCCGCGCGACTCCTGCAGA,0,3796755
tolCp3,0.05555555555555555,17,17,CTACTTCAACATCCAATCCT,0,3778082
tolCp3,0.05555555555555555,17,17,CGTTATTGAGCAATGCAGGA,0,3786046
tolCp3,0.05555555555555555,17,17,CGTGAGAGTTACTTGACTCT,0,3776873
tolCp3,0.05555555555555555,17,17,CGCGCGACGGGGTCACACAG,0,3807514
tolCp3,0.05555555555555555,17,17,CCGTCTGACGTATTGAGCGG,0,3787412
tolCp3,0.05555555555555555,17,17,CCGGACTCATCGGTGATGGA,0,3803418
tolCp3,0.05555555555555555,17,17,CCCGCCCAGCAGGCTCGCCA,0,3799169
tolCp3,0.05555555555555555,17,17,CCCGCAAAATATTACTTGGA,0,3791232
tolCp3,0.05555555555555555,17,17,CCAAGTCAATTTCCTGCAAG,0,3791425
tolCp3,0.05555555555555555,17,17,CAGGTGTGATTTTGTGACCA,0,3794438
tolCp3,0.05555555555555555,17,17,CACCTAACAGATCTGAAGCC,0,3797861
tolCp3,0.05555555555555555,17,17,CAAGTAGGCCACGTAATGGA,0,3778711
tolCp3,0.05555555555555555,17,17,CAAAACCAAAAAGGGCACTG,0,3791148
tolCp3,0.05555555555555555,17,17,ATGGATCGGCCGCTGCGATC,0,3793820
tolCp3,0.05555555555555555,17,17,ATGCTTAACCAGATGACAGT,0,3799396
tolCp3,0.05555555555555555,17,17,ATGCGCTTAGTTCCTTGTAG,0,3799874
tolCp3,0.05555555555555555,17,17,ATCATTGGGGAGAAGACGCT,0,3797312
tolCp3,0.05555555555555555,17,17,ATATTACGGAGAAGAATCAA,0,3798575
tolCp3,0.05555555555555555,17,17,ATACCCCGCGTGTGCTTTAC,0,3787791
tolCp3,0.05555555555555555,17,17,ATAATGTGTCATATGTCTTA,0,3797320
tolCp3,0.05555555555555555,17,17,AGGTTTCGAATCGCATGTCA,0,3787580
tolCp3,0.05555555555555555,17,17,AGGCTCAAGCTCCCAGCCAA,0,3795676
tolCp3,0.05555555555555555,17,17,AATGACCAAATACGGGTCGT,0,3792253
tolCp3,0.05555555555555555,17,17,AAGGAGCGCTCTCATGCCTT,0,3795721
tolCp3,0.05555555555555555,17,17,AACTTTTGTAGCTATGACAA,0,3777501
tolCp3,0.05555555555555555,17,17,AACGCCGGGGGTCATCATTT,0,3781512
tolCp3,0.05555555555555555,17,17,AACCCCCGAACAATCTGGTA,0,3780820
tolCp3,0.05555555555555555,17,17,AACCAGTCACTACGTAACGT,0,3781395
tolCp3,0.05555555555555555,17,17,AACATTCAATCGCATAAACC,0,3780315
tolCp3,0.05555555555555555,17,17,AACACGGGCCAGGAAATTTT,0,3807990
tolCp3,0.05555555555555555,17,17,AAAGGGTGTAGTATAGTCCC,0,3796211
tolCp3,0.05555555555555555,17,17,AAAATGGTCCCGGTACCAAG,0,3789536
tolCp3,0.05555555555555555,17,17,AAAAGAGGTCGCATATCCAG,0,3786938
tolCp3,0.058823529411764705,16,16,TTGAAGAACAAAAAACACTA,0,3795968
tolCp3,0.058823529411764705,16,16,TGGTGAAAGGATACCGGAGT,0,3788793
tolCp3,0.058823529411764705,16,16,TGGCTATATTCCCGCTGATA,0,3791096
tolCp3,0.058823529411764705,16,16,TGCTTCTCCAAGCGGACAGA,0,3783938
tolCp3,0.058823529411764705,16,16,TGCGCCAGTATACTGCCGCT,0,3800260
tolCp3,0.058823529411764705,16,16,TGAAAGGCCGTATGCAGTGA,0,3779575
tolCp3,0.058823529411764705,16,16,TCTGCCACAGATTAGCTCGA,0,3779423
tolCp3,0.058823529411764705,16,16,TCCCTGATCTCATTCGCTCG,0,3781750
tolCp3,0.058823529411764705,16,16,TCCAAACCGGTGAGTAATCA,0,3788195
tolCp3,0.058823529411764705,16,16,TCATGGCAACCTGGTACTGC,0,3798327
tolCp3,0.058823529411764705,16,16,TCACGTAATCGAGTCGGAAG,0,3796999
tolCp3,0.058823529411764705,16,16,TATGATACGAGGCTCAACGT,0,3792248
tolCp3,0.058823529411764705,16,16,TACGACGTGTATGTCTGGGG,0,3800722
tolCp3,0.058823529411764705,16,16,TAAACGACTCATAAAATTTT,0,3781187
tolCp3,0.058823529411764705,16,16,GTTGTGAGAATAGCTTCGGA,0,3808282
tolCp3,0.058823529411764705,16,16,GTGTGCACCAACGATTGGTA,0,3789495
tolCp3,0.058823529411764705,16,16,GTCTAACACGAGCTTCCATA,0,3795132
tolCp3,0.058823529411764705,16,16,GTAGGGCAACAACGCGGGAT,0,3803854
tolCp3,0.058823529411764705,16,16,GTAAGCCTGCGGATCACGCA,0,3778926
tolCp3,0.058823529411764705,16,16,GGTGCCATATCGATTGTTAT,0,3781579
tolCp3,0.058823529411764705,16,16,GGTGACTGGGGGTAACGGTG,0,3781678
tolCp3,0.058823529411764705,16,16,GGCGTTCGGTTCAACCAGTT,0,3793601
tolCp3,0.058823529411764705,16,16,GGCCGGGAAATGAGCAGAAA,0,3795778
tolCp3,0.058823529411764705,16,16,GGACTTCGATTACACCGGGT,0,3793157
tolCp3,0.058823529411764705,16,16,GCTTTCCTCCGTAGATTATG,0,3796931
tolCp3,0.058823529411764705,16,16,GCGTGAGGACCTTGACGTGA,0,3780879
tolCp3,0.058823529411764705,16,16,GCACTATCCTTCACCGGGAG,0,3796212
tolCp3,0.058823529411764705,16,16,GATGTGCCAAGGGACTCCGC,0,3803529
tolCp3,0.058823529411764705,16,16,GAGTGGCACTACGTTACAGG,0,3800697
tolCp3,0.058823529411764705,16,16,GAGTCTGACATGGTGCGACT,0,3778355
tolCp3,0.058823529411764705,16,16,GAGACGTTAGTGCCTCGAGT,0,3779611
tolCp3,0.058823529411764705,16,16,GACTACGTGCGAAGTGTCGT,0,3793238
tolCp3,0.058823529411764705,16,16,GAAGACCTTCTGCTAAGCTA,0,3788936
tolCp3,0.058823529411764705,16,16,CTTGCTCGTAGTTTCCATGA,0,3790103
tolCp3,0.058823529411764705,16,16,CTTGAGTCTAGACATGAACG,0,3802756
tolCp3,0.058823529411764705,16,16,CTGTTTATTCCCGGTCAGTC,0,3787952
tolCp3,0.058823529411764705,16,16,CTGGCGCCCGATAGGTGGTT,0,3795348
tolCp3,0.058823529411764705,16,16,CTCTCTCTCAATGAGCTGCC,0,3780157
tolCp3,0.058823529411764705,16,16,CTCTAAAACGTACTTTTCAA,0,3797380
tolCp3,0.058823529411764705,16,16,CTCGAACCGCAGCTCATAGT,0,3800855
tolCp3,0.058823529411764705,16,16,CTCCGTGGCCAACCACGAAT,0,3805619
tolCp3,0.058823529411764705,16,16,CTCCAACCCGGGATTCACTC,0,3790921
tolCp3,0.058823529411764705,16,16,CTAGAACCTACTCTACATAT,0,3796762
tolCp3,0.058823529411764705,16,16,CGTTGGGTCTGATTGCCGTT,0,3806486
tolCp3,0.058823529411764705,16,16,CGTTCATGGGGGTGTAAGAC,0,3805599
tolCp3,0.058823529411764705,16,16,CGTCTACGTGCGCTAGGGGT,0,3796981
tolCp3,0.058823529411764705,16,16,CGTCTAATACAGGCTACAAC,0,3790040
tolCp3,0.058823529411764705,16,16,CGTCAAAGATTGATTGGACG,0,3777406
tolCp3,0.058823529411764705,16,16,CGCGTTGATTTGCTGATCCC,0,3786975
tolCp3,0.058823529411764705,16,16,CCTGGCGCGAGGGGTAACAT,0,3786106
tolCp3,0.058823529411764705,16,16,CCTATTAAGAACTCACCGAA,0,3808496
tolCp3,0.058823529411764705,16,16,CCTAGGATGAATTGCCTTGT,0,3804815
tolCp3,0.058823529411764705,16,16,CCGTGTATTAAGGTAAGCCA,0,3800154
tolCp3,0.058823529411764705,16,16,CAGGGTATCAATGGGTCCTC,0,3808066
tolCp3,0.058823529411764705,16,16,CAGGGCCCTCCGTTGCTTCT,0,3794900
tolCp3,0.058823529411764705,16,16,ATTTATGGGGAGCCTATCCC,0,3777181
tolCp3,0.058823529411764705,16,16,ATGTATCGCATCTCCTGCAG,0,3797862
tolCp3,0.058823529411764705,16,16,ATCCGATCAATTTCTACTTA,0,3793190
tolCp3,0.058823529411764705,16,16,ATAGCGCATGTGCGGAATTG,0,3794139
tolCp3,0.058823529411764705,16,16,ATAAGCCATAGAAATCCCCA,0,3791036
tolCp3,0.058823529411764705,16,16,AGTTTACCTCTCAAAGGAGT,0,3806244
tolCp3,0.058823529411764705,16,16,AGTTGAAGAGTAGCGGTTAT,0,3781025
tolCp3,0.058823529411764705,16,16,AGTGGGTCCGCGCCTTAAGT,0,3798186
tolCp3,0.058823529411764705,16,16,AGTGCTAGCCAATGATCACA,0,3779912
tolCp3,0.058823529411764705,16,16,AGGGGACCGTGCCACCGGTA,0,3796979
tolCp3,0.058823529411764705,16,16,AGGCCGAGAACCTGAAAGCC,0,3776652
tolCp3,0.058823529411764705,16,16,AGAATTACCTGCGCCGGAAT,0,3798134
tolCp3,0.058823529411764705,16,16,ACGGAGAAAAGCTTGGTGAG,0,3791059
tolCp3,0.058823529411764705,16,16,ACCGAGTGGAGTTTCTGAGT,0,3799529
tolCp3,0.058823529411764705,16,16,AAGGGTAGCGAGCCAGTTCT,0,3778015
tolCp3,0.058823529411764705,16,16,AAGGCTCCGGTCGAGAGTTA,0,3806829
tolCp3,0.058823529411764705,16,16,AACTGCAGCCTTGGGGAATG,0,3788627
tolCp3,0.058823529411764705,16,16,AACACATTAGAGTTGATGCT,0,3777143
tolCp3,0.058823529411764705,16,16,AAAGCCTTAACGTAGCACAC,0,3776138
tolCp3,0.058823529411764705,16,16,AAACCTGAGTCTGGGTTCGC,0,3780885
tolCp3,0.0625,15,15,TTTTGGCATGAGTGATTCCG,0,3775530
tolCp3,0.0625,15,15,TTTTGCGTTGTATTGACGTG,0,3785942
tolCp3,0.0625,15,15,TTTCCAATGAGGATCTGGTA,0,3785290
tolCp3,0.0625,15,15,TTGCGCAGAGTCTCACTGTG,0,3794888
tolCp3,0.0625,15,15,TTACAGGCAAACTAGACGTT,0,3798289
tolCp3,0.0625,15,15,TGTTTTTGTCTCACTTTGAC,0,3789742
tolCp3,0.0625,15,15,TGTTTGCGGGATAGCCGTCA,0,3777389
tolCp3,0.0625,15,15,TGGGCGAAAACGGGTAACAA,0,3802100
tolCp3,0.0625,15,15,TGAATCCTCTACAAGCGATC,0,3789083
tolCp3,0.0625,15,15,TGAACCGCCGCCATGACTGT,0,3804264
tolCp3,0.0625,15,15,TGAACCCTAGGGAGTGAAGG,0,3804278
tolCp3,0.0625,15,15,TCTAAGCGGCCGCAGCGTTA,0,3795430
tolCp3,0.0625,15,15,TCGGACACGACACTTCGTTT,0,3799312
tolCp3,0.0625,15,15,TCGCGTCTGGGAAAGGCGTG,0,3789841
tolCp3,0.0625,15,15,TCGCCGTGTGCAGCCTGTGC,0,3796086
tolCp3,0.0625,15,15,TCGCATCGTCCCAGACCGTT,0,3779028
tolCp3,0.0625,15,15,TCGCAGTATAAACCACGAAT,0,3781026
tolCp3,0.0625,15,15,TCAGAGGTCTCTAAGCAGAT,0,3805394
tolCp3,0.0625,15,15,TCAGACGCCGAGCGCATTCC,0,3782245
tolCp3,0.0625,15,15,TCACAGTTAAGGGTCTCCTA,0,3796474
tolCp3,0.0625,15,15,TATTCAGCAGCCTCCAAGAA,0,3798585
tolCp3,0.0625,15,15,TATTAGTGTAGCGCTTCAAA,0,3798224
tolCp3,0.0625,15,15,TATATAGTCATGTTGCTTGA,0,3775598
tolCp3,0.0625,15,15,TAGGTATTGGCTGGCTAAAT,0,3784473
tolCp3,0.0625,15,15,TAGCACGGCACATTAAGCAT,0,3802675
tolCp3,0.0625,15,15,TAAGAGTGGTATTACATGCC,0,3793169
tolCp3,0.0625,15,15,TAAAGACCTGATTAAACTTG,0,3804636
tolCp3,0.0625,15,15,GTTCTAGTTGCAAACAGCCC,0,3791686
tolCp3,0.0625,15,15,GTTCGCAGGTCACATCCAGC,0,3792842
tolCp3,0.0625,15,15,GTTCCACGTTTCCATAAGAG,0,3798378
tolCp3,0.0625,15,15,GTTATTATAAACGGACTACG,0,3783203
tolCp3,0.0625,15,15,GTTATGTAGAGGTATTGTTA,0,3777024
tolCp3,0.0625,15,15,GTGTACTTTATGGTCCATTA,0,3782130
tolCp3,0.0625,15,15,GTGACTTTCGGAAAACCTAA,0,3778238
tolCp3,0.0625,15,15,GTCTCATTGTAGACTAGGTT,0,3807177
tolCp3,0.0625,15,15,GTCACACTTCTCTCGAAGAT,0,3788684
tolCp3,0.0625,15,15,GTCAACAGGCGCAGTATTTA,0,3807289
tolCp3,0.0625,15,15,GTAACCCGACCCGCCCTAAC,0,3786714
tolCp3,0.0625,15,15,GGGTCGGTTAGGATCTAGAT,0,3783839
tolCp3,0.0625,15,15,GGCGCGGGTCGGCATAGACA,0,3790638
tolCp3,0.0625,15,15,GGATTCCGTTTAATAGAGGT,0,3793949
tolCp3,0.0625,15,15,GGATGGTAGGCTCTCACATG,0,3791215
tolCp3,0.0625,15,15,GGAGGCGAGCATTAATTGTT,0,3794196
tolCp3,0.0625,15,15,GCGGGAAACGTGTATAAGCT,0,3797711
tolCp3,0.0625,15,15,GCCGCGTGCGTATATAAATG,0,3805784
tolCp3,0.0625,15,15,GCCAGACACCTAGATCGGAT,0,3775317
tolCp3,0.0625,15,15,GCACCATCCGATGACGGCGG,0,3809031
tolCp3,0.0625,15,15,GATCCGACCACTGTTGGTCG,0,3784711
tolCp3,0.0625,15,15,GAGTCGTCACTTGTAGCTAT,0,3794675
tolCp3,0.0625,15,15,GACCTGCAGCAGAATAATAA,0,3777106
tolCp3,0.0625,15,15,CTTTTGCTACCGAACACGTT,0,3798428
tolCp3,0.0625,15,15,CTTTGGCAAGGACATCGGTT,0,3786393
tolCp3,0.0625,15,15,CTGCGGAGCATGTGTACCCA,0,3787562
tolCp3,0.0625,15,15,CTCGTTATGCCTTGACGCTG,0,3784762
tolCp3,0.0625,15,15,CTCCTACATTGACGTACGCT,0,3775039
tolCp3,0.0625,15,15,CTCAGCCCGATCTGTCCAGA,0,3774951
tolCp3,0.0625,15,15,CTAAGGGAATTTATACAGCT,0,3778573
tolCp3,0.0625,15,15,CGTAGCGATTTCTACACTAG,0,3793934
tolCp3,0.0625,15,15,CGGTTCCCGTTTTCGCACCA,0,3778392
tolCp3,0.0625,15,15,CGGGGGGGTTACACCTTCAG,0,3799523
tolCp3,0.0625,15,15,CGGCCGCAAAATTCAAACAT,0,3800889
tolCp3,0.0625,15,15,CGAGTAAGCCAATTGTGATC,0,3783369
tolCp3,0.0625,15,15,CGAGGGGTACGATTCGGCCA,0,3783570
tolCp3,0.0625,15,15,CCTCGTCCAGTAGGACTCAT,0,3788539
tolCp3,0.0625,15,15,CCGTTTGCGGAGTTTCGGTA,0,3797633
tolCp3,0.0625,15,15,CCGCGTACACCGGCATAAGA,0,3782947
tolCp3,0.0625,15,15,CCCCGTCCGAGTTTCCCAGC,0,3796553
tolCp3,0.0625,15,15,CCATCAGTACTCCCCAAAAG,0,3797108
tolCp3,0.0625,15,15,CCACTTTACTCCCGCTTATG,0,3797705
tolCp3,0.0625,15,15,CCAATGCCACACGTTTAGGC,0,3809356
tolCp3,0.0625,15,15,CACTCTGTACTTCTCTATAT,0,3775012
tolCp3,0.0625,15,15,CACAAGATAAATGCTCGCGA,0,3804900
tolCp3,0.0625,15,15,CAAGACACCATAGGACGGTA,0,3806032
tolCp3,0.0625,15,15,CAACACTTAGCTCTAACGGA,0,3798285
tolCp3,0.0625,15,15,ATTTTGCCAGCGCGTCGAGA,0,3798268
tolCp3,0.0625,15,15,ATTTCCTGTACGGGACTGCG,0,3788293
tolCp3,0.0625,15,15,ATTGCCTGTACGAAGCCAGT,0,3806022
tolCp3,0.0625,15,15,ATTCAACTTTGAATGACTCG,0,3778971
tolCp3,0.0625,15,15,ATGTCTCCAGTAAGCACCTG,0,3794915
tolCp3,0.0625,15,15,ATGGCGACGCAGACAGTTGA,0,3806417
tolCp3,0.0625,15,15,ATGGAGGGACCAAGCTACCT,0,3783235
tolCp3,0.0625,15,15,ATGGAAAGTATAATTTTTGA,0,3775251
tolCp3,0.0625,15,15,ATCCTCGGTCTTTGACTTGG,0,3781073
tolCp3,0.0625,15,15,ATATTTCTCTAATTGACCAG,0,3800042
tolCp3,0.0625,15,15,ATATCAATTCTATTATAATC,0,3805543
tolCp3,0.0625,15,15,AGTATGGACGACGGGTACGT,0,3798806
tolCp3,0.0625,15,15,AGGTGAGCGACTCGTCCTCC,0,3794111
tolCp3,0.0625,15,15,AGGTCACATGTGAATAAACT,0,3786728
tolCp3,0.0625,15,15,AGCCAGCAGTGTTAAGACGT,0,3775452
tolCp3,0.0625,15,15,AGAGGGGCTAGCCCGTACTA,0,3804947
tolCp3,0.0625,15,15,AGAGGACGAAATGGTTTCCT,0,3792979
tolCp3,0.0625,15,15,AGAATAAATGTCGGCACCAT,0,3792003
tolCp3,0.0625,15,15,ACTTGAGGAGTTTAGATATA,0,3799325
tolCp3,0.0625,15,15,ACTCAGCAACGCATGACAAT,0,3805888
tolCp3,0.0625,15,15,ACGGACTACTGGTAAAAGAG,0,3806221
tolCp3,0.0625,15,15,ACGCTATGAGGGGTGGGAAG,0,3790185
tolCp3,0.0625,15,15,ACGAATTGAACTTATTTTTT,0,3787292
tolCp3,0.0625,15,15,ACACGCCTGACTGTCTGGAC,0,3797179
tolCp3,0.0625,15,15,ACAAACTTGTTAATTATCGG,0,3789349
tolCp3,0.0625,15,15,AATGGCCGACAAAACCCGCT,0,3807580
tolCp3,0.0625,15,15,AATATTAATCCTCGAGACTG,0,3791287
tolCp3,0.0625,15,15,AATATATGACTGATGTTGGA,0,3777091
tolCp3,0.0625,15,15,AAGTGTTCTTAGACGCTTTT,0,3781737
tolCp3,0.0625,15,15,AAGGCCTTGAAATGCACCTG,0,3777977
tolCp3,0.0625,15,15,AAGATATCTCGAAGAGGAGT,0,3775318
tolCp3,0.0625,15,15,AAGACGTAAGCGCCGGTTTC,0,3778805
tolCp3,0.0625,15,15,AACTCGTCGTGATAGTTCAA,0,3774811
tolCp3,0.0625,15,15,AACGGGATACCGGCCCCGCA,0,3783432
tolCp3,0.0625,15,15,AACAGCTTTGATCAGCGGCT,0,3801938
tolCp3,0.0625,15,15,AACACGGTAGGCGGCCTTGT,0,3789121
tolCp3,0.0625,15,15,AAATGTGCATGATTGCTAAA,0,3777975
tolCp3,0.0625,15,15,AAAGTACGGGTTGAGTCGAG,0,3780887
tolCp3,0.0625,15,15,AAAGCCGGATGCGCCGGGAA,0,3797406
tolCp3,0.0625,15,15,AAACGTGGGTAGTCGCGCAT,0,3778570
tolCp3,0.06666666666666667,14,14,TTTCCTTTTACGGAGTCGGA,0,3777758
tolCp3,0.06666666666666667,14,14,TTGGACTGCTTCTAGTGGAC,0,3793268
tolCp3,0.06666666666666667,14,14,TTCTTCATGTTTAGAGACAA,0,3776030
tolCp3,0.06666666666666667,14,14,TTCCCCGTTAGCGGACTGAA,0,3776255
tolCp3,0.06666666666666667,14,14,TTCATTGGTGAACAACAAGT,0,3782569
tolCp3,0.06666666666666667,14,14,TGGTCGTAGGAATACGGCAT,0,3801901
tolCp3,0.06666666666666667,14,14,TGGGTGTCACAAGTCCCGTC,0,3795353
tolCp3,0.06666666666666667,14,14,TGCGTGACGGGTTGGTTGAA,0,3790931
tolCp3,0.06666666666666667,14,14,TGAGAATAACGCACTGTTTG,0,3808039
tolCp3,0.06666666666666667,14,14,TGACTGGCATTCGGCAACGT,0,3787278
tolCp3,0.06666666666666667,14,14,TCTTAATGCAGTTAGGCGGT,0,3804372
tolCp3,0.06666666666666667,14,14,TCTCCGATAGTAGCTGGGTG,0,3807033
tolCp3,0.06666666666666667,14,14,TCGAGGATCCGACCAAAAGC,0,3784820
tolCp3,0.06666666666666667,14,14,TCCTCGACGGGTATATCCGA,0,3807668
tolCp3,0.06666666666666667,14,14,TCCTAGTCGCTTGTATGCGT,0,3774899
tolCp3,0.06666666666666667,14,14,TCCAGGTTAACCTTCATAAA,0,3784522
tolCp3,0.06666666666666667,14,14,TCAGATTCCGTTCATTGTGT,0,3800444
tolCp3,0.06666666666666667,14,14,TCAACATCATCATAGAGGGG,0,3788333
tolCp3,0.06666666666666667,14,14,TATTATTCCTGTCTTGGATC,0,3782079
tolCp3,0.06666666666666667,14,14,TATCTACGCGGAGGCATTTA,0,3805516
tolCp3,0.06666666666666667,14,14,TAGGGAAATACTGGTTGTGC,0,3793522
tolCp3,0.06666666666666667,14,14,TACGTTCATTGCTTTTAGGA,0,3774810
tolCp3,0.06666666666666667,14,14,TAACCCCGGTACGAGGAAGA,0,3795488
tolCp3,0.06666666666666667,14,14,GTTGACATCTTGACCAACGG,0,3802709
tolCp3,0.06666666666666667,14,14,GTTCGCTTAGAACACGAGAG,0,3808241
tolCp3,0.06666666666666667,14,14,GTGGGTACATTGGTGAAGCC,0,3799211
tolCp3,0.06666666666666667,14,14,GTGGGGGCTGGGAGGCATTA,0,3803616
tolCp3,0.06666666666666667,14,14,GTGCATTGCTCCAGTTATAC,0,3786279
tolCp3,0.06666666666666667,14,14,GTGCAGTCCGATACCCACTC,0,3802676
tolCp3,0.06666666666666667,14,14,GTAGTAGACCAGACACGCGA,0,3805773
tolCp3,0.06666666666666667,14,14,GTAAGGTTTTTCCAGCTATC,0,3805601
tolCp3,0.06666666666666667,14,14,GGTCGCCTTTTTTTGGGTGA,0,3790958
tolCp3,0.06666666666666667,14,14,GGTACTGAGGCTCGTCGGCG,0,3801771
tolCp3,0.06666666666666667,14,14,GGGTTTAGTTGGTACCAAGC,0,3786231
tolCp3,0.06666666666666667,14,14,GGGGGTCGCTCGAGTGACCT,0,3781289
tolCp3,0.06666666666666667,14,14,GGGCGGGCGACCAATATCCG,0,3781558
tolCp3,0.06666666666666667,14,14,GGATCTAAAGATTTAACCAA,0,3805300
tolCp3,0.06666666666666667,14,14,GGACCTTCGGGGGCCAAAAG,0,3789007
tolCp3,0.06666666666666667,14,14,GGACAGGTTACAATCGAAGA,0,3779964
tolCp3,0.06666666666666667,14,14,GCTGTCGCTGTGGCGGAAGA,0,3776307
tolCp3,0.06666666666666667,14,14,GCTCATGCCGGTGGTAATAA,0,3800351
tolCp3,0.06666666666666667,14,14,GCGTAGTTAAGGCGATGTGG,0,3783713
tolCp3,0.06666666666666667,14,14,GCGGATTAGTTACGATTCTG,0,3809131
tolCp3,0.06666666666666667,14,14,GCGCCTCGGACCTCTGGTAA,0,3791119
tolCp3,0.06666666666666667,14,14,GCGAGCGCCGTCAGATTTCG,0,3783914
tolCp3,0.06666666666666667,14,14,GCCGGTCATGTCAAGCCGTG,0,3800259
tolCp3,0.06666666666666667,14,14,GCCCTGATATGGTGAGACTT,0,3779773
tolCp3,0.06666666666666667,14,14,GCCATCTTTAACGCTTGGAT,0,3799287
tolCp3,0.06666666666666667,14,14,GCATTCTCGGATTATAGTGT,0,3778487
tolCp3,0.06666666666666667,14,14,GCATAAGGAACTTTTTGGAA,0,3779490
tolCp3,0.06666666666666667,14,14,GATAGTGATGGACATGACTG,0,3805883
tolCp3,0.06666666666666667,14,14,GAGTGTTAGACCTATACGGT,0,3798737
tolCp3,0.06666666666666667,14,14,GAGCGCGAATCTCTTACCTC,0,3795565
tolCp3,0.06666666666666667,14,14,GAGCACAGCTACATTGAGCA,0,3795228
tolCp3,0.06666666666666667,14,14,GACTTTAGCGCATACAAATC,0,3782142
tolCp3,0.06666666666666667,14,14,GACCGCAATTGTCAATTCAT,0,3802954
tolCp3,0.06666666666666667,14,14,GACCCGTGCTCGGCGTTCGT,0,3793561
tolCp3,0.06666666666666667,14,14,GACATCGAGTATAGATTAAC,0,3796476
tolCp3,0.06666666666666667,14,14,GACAGCATTCGGCCAGGGTA,0,3796501
tolCp3,0.06666666666666667,14,14,GAATTGCTCGGAATGTCGGC,0,3787136
tolCp3,0.06666666666666667,14,14,GAATCAACAAACTCTTCAAT,0,3785200
tolCp3,0.06666666666666667,14,14,CTTGGTTTTTAACTTGAAGC,0,3776353
tolCp3,0.06666666666666667,14,14,CTTGCGGGTCGCTTGCAGGA,0,3791091
tolCp3,0.06666666666666667,14,14,CTTCCGTCTATGTAATCATG,0,3778754
tolCp3,0.06666666666666667,14,14,CTGGTAATCGGCCACTACAG,0,3790970
tolCp3,0.06666666666666667,14,14,CTGCGTCAGTATCGGACAAA,0,3774710
tolCp3,0.06666666666666667,14,14,CTGCCCTTCACACGCCGCAA,0,3795774
tolCp3,0.06666666666666667,14,14,CTATTGTGGTTCACGGTGGT,0,3785120
tolCp3,0.06666666666666667,14,14,CTAGCACGGGAGCAGTATCT,0,3786306
tolCp3,0.06666666666666667,14,14,CTACAATGAGTACTCCCTTG,0,3783972
tolCp3,0.06666666666666667,14,14,CGTAAGAGCTATAGCCAGAT,0,3775836
tolCp3,0.06666666666666667,14,14,CGGGTGCGGAAGTCTGGAAG,0,3791163
tolCp3,0.06666666666666667,14,14,CGATCGCGTCGGGTTGCTGT,0,3784763
tolCp3,0.06666666666666667,14,14,CCTTGCTCGAGTGCCTGAGA,0,3783606
tolCp3,0.06666666666666667,14,14,CCTTAAGAGCATATGTCCCA,0,3781746
tolCp3,0.06666666666666667,14,14,CCGGGGCAGGCATGGTTAAA,0,3779481
tolCp3,0.06666666666666667,14,14,CCGGCAGCGGCCCGCTAAAT,0,3801336
tolCp3,0.06666666666666667,14,14,CCCTTACTGCGTCAGGTTCA,0,3784747
tolCp3,0.06666666666666667,14,14,CCCGGACAATGTAGAAGGCC,0,3803165
tolCp3,0.06666666666666667,14,14,CCCAGGGTCGGCCGCTTAGT,0,3788521
tolCp3,0.06666666666666667,14,14,CCATAGACCTGAACTGGCCA,0,3799086
tolCp3,0.06666666666666667,14,14,CATTTTACGCATAATGTGGT,0,3804551
tolCp3,0.06666666666666667,14,14,CAGACGTACGTCGCACCGTT,0,3775198
tolCp3,0.06666666666666667,14,14,CAGACCCCGCTCGGTCTGAA,0,3794903
tolCp3,0.06666666666666667,14,14,CAGAACAGAAATTACGCGAA,0,3776632
tolCp3,0.06666666666666667,14,14,CACTAAGCACCGCGCAGTGT,0,3777219
tolCp3,0.06666666666666667,14,14,CACATTCGCTAGGACATGAG,0,3799490
tolCp3,0.06666666666666667,14,14,CACATTCAATGTGGCAGACT,0,3798727
tolCp3,0.06666666666666667,14,14,CACAAGGTAATTCCTGCTCT,0,3791377
tolCp3,0.06666666666666667,14,14,CAATCCCTCTGTCCAGAGCT,0,3777069
tolCp3,0.06666666666666667,14,14,ATTTGGCAACAAATGCATTT,0,3798584
tolCp3,0.06666666666666667,14,14,ATTATTCGCTTCTGGCTGAA,0,3785636
tolCp3,0.06666666666666667,14,14,ATGGGGCATCCACAACATTC,0,3791725
tolCp3,0.06666666666666667,14,14,ATCTTTATAGCTGTGAGTTA,0,3797242
tolCp3,0.06666666666666667,14,14,ATCGTCCCCGATCAGTATCA,0,3796869
tolCp3,0.06666666666666667,14,14,ATCAATACCCATAGCTGCCT,0,3799955
tolCp3,0.06666666666666667,14,14,ATATTGGACCTTGTAGCTGA,0,3782849
tolCp3,0.06666666666666667,14,14,ATACTTCGAGCGCGCTCGCT,0,3800918
tolCp3,0.06666666666666667,14,14,AGTTATTACCCCCCACGGAA,0,3796104
tolCp3,0.06666666666666667,14,14,AGTGGAGCATACAAGACGAG,0,3795879
tolCp3,0.06666666666666667,14,14,AGTCTTATTGGCGTGGTCTG,0,3779532
tolCp3,0.06666666666666667,14,14,AGGTGGCAGGAGATCTGTCA,0,3785850
tolCp3,0.06666666666666667,14,14,AGGTAGGCCGATTGCGTAAT,0,3787179
tolCp3,0.06666666666666667,14,14,AGGGAAACTGTCCTTTCAAA,0,3783879
tolCp3,0.06666666666666667,14,14,AGCGGATACTCGAAAGCGCA,0,3781984
tolCp3,0.06666666666666667,14,14,AGATAATACTGAGGGCATCT,0,3797795
tolCp3,0.06666666666666667,14,14,ACTTGCCCGCGGCCATTTTC,0,3777398
tolCp3,0.06666666666666667,14,14,ACTATGTGCATTGACGGCGC,0,3805181
tolCp3,0.06666666666666667,14,14,ACTATCCAACACCTCCGGGA,0,3776384
tolCp3,0.06666666666666667,14,14,ACGTTTATTATAAAGGTTTA,0,3805777
tolCp3,0.06666666666666667,14,14,ACGAACCAGATGCGGACGCG,0,3782488
tolCp3,0.06666666666666667,14,14,ACAGAGTATGCGACCCAGCG,0,3790022
tolCp3,0.06666666666666667,14,14,ACACCGGTCAGGCAATAAAT,0,3783747
tolCp3,0.06666666666666667,14,14,AATCATGCGTGACATATAAC,0,3805324
tolCp3,0.06666666666666667,14,14,AACTCTTGCGGCTCTCCAAT,0,3785488
tolCp3,0.06666666666666667,14,14,AACGGCCGTTACAGCCCCCG,0,3782727
tolCp3,0.06666666666666667,14,14,AAAGCCATGTACTGCACTAT,0,3800073
tolCp3,0.06666666666666667,14,14,AAACCTGTAAGACTGGCATA,0,3789812
tolCp3,0.07142857142857142,13,13,TTTGATACTTGAGCGTCCAT,0,3780693
tolCp3,0.07142857142857142,13,13,TTTAGGACGTTAAGCGCTGG,0,3782497
tolCp3,0.07142857142857142,13,13,TTGTCCGGTCACTTTGCCCA,0,3778343
tolCp3,0.07142857142857142,13,13,TTCGTGGTGGTTTCCGTCTC,0,3786158
tolCp3,0.07142857142857142,13,13,TTATCAGTGAGGAAGCCACA,0,3786710
tolCp3,0.07142857142857142,13,13,TTACCCTCCTAGGTAGTCTC,0,3794447
tolCp3,0.07142857142857142,13,13,TGTTCCGTGTGAGTAATTAT,0,3797786
tolCp3,0.07142857142857142,13,13,TGGTAGCCAGATACACTACA,0,3806458
tolCp3,0.07142857142857142,13,13,TGGCGTCAATCGAGATTTTA,0,3798400
tolCp3,0.07142857142857142,13,13,TGGACACTTAATCATGTTGT,0,3775179
tolCp3,0.07142857142857142,13,13,TGATGAACGTCAATGTGTAG,0,3776901
tolCp3,0.07142857142857142,13,13,TGAATTGAGGCATAGCAATG,0,3778899
tolCp3,0.07142857142857142,13,13,TCTTGGCGTTCGGATTTGCG,0,3799423
tolCp3,0.07142857142857142,13,13,TCGTTGCCTCCGCAACTACG,0,3791801
tolCp3,0.07142857142857142,13,13,TCGGAGTTAGTAGCATAGGT,0,3777964
tolCp3,0.07142857142857142,13,13,TCGCTATTTGCCCGTCTCGT,0,3784321
tolCp3,0.07142857142857142,13,13,TCACGTTGTCCGTCTGAAAG,0,3805248
tolCp3,0.07142857142857142,13,13,TCACGGCTTGCCCATAAATC,0,3799184
tolCp3,0.07142857142857142,13,13,TCACCGTGTCAAATCAGTAG,0,3808962
tolCp3,0.07142857142857142,13,13,TCAACCGAATGACATCCAAG,0,3783153
tolCp3,0.07142857142857142,13,13,TATGCCAGAATAGAAAGCCG,0,3788520
tolCp3,0.07142857142857142,13,13,TAGCGACATAGATCCGTTTG,0,3775364
tolCp3,0.07142857142857142,13,13,TAGCAACGGATAGAAGGTTC,0,3790224
tolCp3,0.07142857142857142,13,13,TACGGGCGAGGCTCATTATC,0,3805720
tolCp3,0.07142857142857142,13,13,TACCGTGCAGGGATGATAAT,0,3785173
tolCp3,0.07142857142857142,13,13,TACCCGTATGAAGTTCTTGT,0,3780979
tolCp3,0.07142857142857142,13,13,TACACGACAAGGAGGCTCAT,0,3775116
tolCp3,0.07142857142857142,13,13,TAAGGTGAACACGGTGCCAA,0,3777449
tolCp3,0.07142857142857142,13,13,TAAATGAAGTGGGAAAGCCC,0,3801164
tolCp3,0.07142857142857142,13,13,GTTCGACTCAAGCCCGTGTG,0,3783806
tolCp3,0.07142857142857142,13,13,GTTAACAGTAAGGTGGCACC,0,3794007
tolCp3,0.07142857142857142,13,13,GTCTTTTATGTCTGTTAAGA,0,3802178
tolCp3,0.07142857142857142,13,13,GTCATCAATAAGTAGTCGAA,0,3795147
tolCp3,0.07142857142857142,13,13,GTCAATCTCGTGGGGAGTCT,0,3791171
tolCp3,0.07142857142857142,13,13,GGTTAGTCCCGCGTGGACCC,0,3791904
tolCp3,0.07142857142857142,13,13,GGTAGTGTTGGACGACACGG,0,3778386
tolCp3,0.07142857142857142,13,13,GGTAGCGCGGCACACGAACA,0,3801357
tolCp3,0.07142857142857142,13,13,GGGGGACTCCGATTCCCCAG,0,3777484
tolCp3,0.07142857142857142,13,13,GGGAGGTGTACCCATCAATT,0,3805126
tolCp3,0.07142857142857142,13,13,GGGAGATCCGTTTTGGGTCC,0,3798882
tolCp3,0.07142857142857142,13,13,GGGAATTTTAATGAACGGTT,0,3801549
tolCp3,0.07142857142857142,13,13,GGATTGCCGGGTCATTGACA,0,3783562
tolCp3,0.07142857142857142,13,13,GGACGCTTTGTTTTGATGCA,0,3792663
tolCp3,0.07142857142857142,13,13,GCTAAACTTTTCCACGTTAG,0,3805439
tolCp3,0.07142857142857142,13,13,GCGTTTTCTTGTCGGCAGGA,0,3782378
tolCp3,0.07142857142857142,13,13,GCGGACAAACGAGGCACCAT,0,3795542
tolCp3,0.07142857142857142,13,13,GCGCAGTGGTCTACACTTGC,0,3808899
tolCp3,0.07142857142857142,13,13,GCGATAGGATGTGTTTCGCA,0,3779612
tolCp3,0.07142857142857142,13,13,GCCTAGCAGCGAGTACGGAC,0,3798692
tolCp3,0.07142857142857142,13,13,GCATATACTTGGATCTGCTT,0,3797466
tolCp3,0.07142857142857142,13,13,GCACCTCGGTATAGCGAATG,0,3776459
tolCp3,0.07142857142857142,13,13,GATTGCCCCTTAGTGTGGGA,0,3807994
tolCp3,0.07142857142857142,13,13,GAGGGCTTACTTTATCCGCC,0,3801117
tolCp3,0.07142857142857142,13,13,GACGGATCAGATAAAGGGTC,0,3792140
tolCp3,0.07142857142857142,13,13,GACGCTTGTTCAGAGTATCT,0,3807751
tolCp3,0.07142857142857142,13,13,GACAGTGCCTCACTCAGTTG,0,3800356
tolCp3,0.07142857142857142,13,13,GACACGTCTGGTCGCACTTG,0,3778073
tolCp3,0.07142857142857142,13,13,GAACAGTTGAAAATGCCACC,0,3784211
tolCp3,0.07142857142857142,13,13,CTTGCAGGGATCCGCGAATA,0,3791944
tolCp3,0.07142857142857142,13,13,CTTATTGCGATATTGTATAG,0,3799459
tolCp3,0.07142857142857142,13,13,CTTAAGCGCAACAGCGTGGT,0,3778748
tolCp3,0.07142857142857142,13,13,CTCCGCAATGTCGATGGACT,0,3802872
tolCp3,0.07142857142857142,13,13,CTCCAGTAGGATACTGTCTA,0,3806906
tolCp3,0.07142857142857142,13,13,CTACTTTTACAGGTGCGCTC,0,3788460
tolCp3,0.07142857142857142,13,13,CTACGCGGCGTCGGTAGAAT,0,3786967
tolCp3,0.07142857142857142,13,13,CTACGCAGAGAGCCGAATCC,0,3792486
tolCp3,0.07142857142857142,13,13,CGTGTATAGCCAGATATGAG,0,3806607
tolCp3,0.07142857142857142,13,13,CGGGCGCCATCACAGCCACG,0,3794522
tolCp3,0.07142857142857142,13,13,CGCGTTGGTACGGCCCATAA,0,3779404
tolCp3,0.07142857142857142,13,13,CGCGCCTCTCGCGACCTGGT,0,3788241
tolCp3,0.07142857142857142,13,13,CGATTACCAGGTCATCATTT,0,3784996
tolCp3,0.07142857142857142,13,13,CGAGAACCGAGAATTCGCAA,0,3777969
tolCp3,0.07142857142857142,13,13,CGAATGCAACCCGCTCCAGT,0,3787421
tolCp3,0.07142857142857142,13,13,CCTTCTTACCTCTCACCCGG,0,3790642
tolCp3,0.07142857142857142,13,13,CCTTCGTATATGATTCGTTA,0,3784317
tolCp3,0.07142857142857142,13,13,CCTGGATCCGACCGGTTACA,0,3793118
tolCp3,0.07142857142857142,13,13,CCGTTTTGAACTACCTACAG,0,3809045
tolCp3,0.07142857142857142,13,13,CCGTGGGGACGCAATATTAC,0,3780634
tolCp3,0.07142857142857142,13,13,CCGGTAGCACTGAAACGGCC,0,3793077
tolCp3,0.07142857142857142,13,13,CCGCTATCTCGTTGGCGGTG,0,3783941
tolCp3,0.07142857142857142,13,13,CCGCCTACCAGTGTAGTAGC,0,3798946
tolCp3,0.07142857142857142,13,13,CCCATTGATGTACAAAAGGT,0,3792972
tolCp3,0.07142857142857142,13,13,CCAGGCGGGATCTACTTACT,0,3778140
tolCp3,0.07142857142857142,13,13,CCAGGCACGGTAGGCATATA,0,3784565
tolCp3,0.07142857142857142,13,13,CCACCGGGAAGATCTAAAGC,0,3780156
tolCp3,0.07142857142857142,13,13,CCACCAGTAAATTCCGTCAG,0,3794561
tolCp3,0.07142857142857142,13,13,CCACCAACTGTATGGTCGGT,0,3804552
tolCp3,0.07142857142857142,13,13,CATTAACGGTGGGCTCTATG,0,3791947
tolCp3,0.07142857142857142,13,13,CATGCTGGGGCTACGGGTGG,0,3801176
tolCp3,0.07142857142857142,13,13,CATGCATGTGGTCCCCCGGG,0,3777392
tolCp3,0.07142857142857142,13,13,CAGGTCACGCAAGTACGTTA,0,3781683
tolCp3,0.07142857142857142,13,13,CAGGGCGATTTGCCACGAGA,0,3804721
tolCp3,0.07142857142857142,13,13,CAGGGCCTGAGACGAGCCGA,0,3794038
tolCp3,0.07142857142857142,13,13,CAGCGCCCCTCCTGGGCAGT,0,3790946
tolCp3,0.07142857142857142,13,13,CAATCGTTAGACTAATCCCT,0,3796228
tolCp3,0.07142857142857142,13,13,CAATAAATGGTGAACTACTG,0,3806404
tolCp3,0.07142857142857142,13,13,CAAGCCTATCTAATTATCGG,0,3785494
tolCp3,0.07142857142857142,13,13,ATGGGCGCTCGCAAACCATG,0,3781546
tolCp3,0.07142857142857142,13,13,ATGCGTAGGTAGGATTTGGA,0,3804138
tolCp3,0.07142857142857142,13,13,ATCTCCTTTTTTCTACTTGG,0,3781493
tolCp3,0.07142857142857142,13,13,ATCGGCACTCAATTGTCGGA,0,3797414
tolCp3,0.07142857142857142,13,13,ATAAAGAAGACTGTTCTTAC,0,3802242
tolCp3,0.07142857142857142,13,13,AGTAATACAGTGTTGTCAGA,0,3777672
tolCp3,0.07142857142857142,13,13,AGGTGCAGCATGGTTACCGA,0,3791685
tolCp3,0.07142857142857142,13,13,AGGTCGCTGTCCCGAGCGGC,0,3797499
tolCp3,0.07142857142857142,13,13,AGGTCGCCGCGTCCTTCAAC,0,3788716
tolCp3,0.07142857142857142,13,13,AGGGTTTTACTACCAAAGTT,0,3780379
tolCp3,0.07142857142857142,13,13,AGCTATTTCTATCAGGGACG,0,3790384
tolCp3,0.07142857142857142,13,13,AGCGTTTGATGAAGTTTTAC,0,3796724
tolCp3,0.07142857142857142,13,13,AGCGGACCCCCGGCTTAAAG,0,3785126
tolCp3,0.07142857142857142,13,13,AGCCTCCTACGACAAACCAC,0,3791039
tolCp3,0.07142857142857142,13,13,AGCAAAAATATTTGCCCGCA,0,3783665
tolCp3,0.07142857142857142,13,13,AGACTGGAACTGGCTTGATG,0,3793570
tolCp3,0.07142857142857142,13,13,AGACCCCTAGTTAGTCACGT,0,3784207
tolCp3,0.07142857142857142,13,13,AGAAAATCGAGAGCCAGTGG,0,3807661
tolCp3,0.07142857142857142,13,13,ACGTCAGTGTGATTATGTAA,0,3778692
tolCp3,0.07142857142857142,13,13,ACGCTGGCTCGATTTCTGCA,0,3792363
tolCp3,0.07142857142857142,13,13,ACGATCTGGTGGTCTCCATA,0,3775957
tolCp3,0.07142857142857142,13,13,ACCGAATGCCCGAGAACGTC,0,3778974
tolCp3,0.07142857142857142,13,13,ACCACTCAGAGCGCGAGGTC,0,3796320
tolCp3,0.07142857142857142,13,13,ACCAAGGAGCGTCGGGCTTT,0,3787819
tolCp3,0.07142857142857142,13,13,ACCAAACTAAGCGGCGTATC,0,3775187
tolCp3,0.07142857142857142,13,13,AATATCCCAGGGAGGGTGAT,0,3782226
tolCp3,0.07142857142857142,13,13,AATAAAGATTGAAACTTTTC,0,3805859
tolCp3,0.07142857142857142,13,13,AAGTCTCTAATATGGCGGGG,0,3783731
tolCp3,0.07142857142857142,13,13,AAGGGCTGGTTATATTCGGT,0,3790737
tolCp3,0.07142857142857142,13,13,AAGGCTTCCGCCATTTATCA,0,3802862
tolCp3,0.07142857142857142,13,13,AAGCTTTGGCTTTTCTAATC,0,3806682
tolCp3,0.07142857142857142,13,13,AACTGTCTTCTGTGCGAAGC,0,3796374
tolCp3,0.07142857142857142,13,13,AACCAATATCGGGAATCTTG,0,3806279
tolCp3,0.07142857142857142,13,13,AAATGCGGGCCTTGGAACAC,0,3804001
tolCp3,0.07142857142857142,13,13,AAAGTCGCGGTCTGAAAGAA,0,3781763
tolCp3,0.07142857142857142,13,13,AAAGCTTCTGCCTACTAACG,0,3781524
tolCp3,0.07142857142857142,13,13,AAACCGCGTTTTTATGTCCA,0,3780104
tolCp3,0.07142857142857142,13,13,AAAAGCTTGCGCAATGATCG,0,3790252
tolCp3,0.07142857142857142,13,13,AAAACACCTCTGCGTGTATC,0,3788794
tolCp3,0.07692307692307693,12,12,TTTTGCGAAGTGGAAGAATC,0,3785197
tolCp3,0.07692307692307693,12,12,TTTGCCAAGGCACGCAGGTG,0,3779088
tolCp3,0.07692307692307693,12,12,TTAGGTGGGCCTTGGTGAAG,0,3796558
tolCp3,0.07692307692307693,12,12,TTAATTTGTCCCAATGAAAG,0,3804100
tolCp3,0.07692307692307693,12,12,TGTCTCAGCATCTCCTACTT,0,3784815
tolCp3,0.07692307692307693,12,12,TGTCCGGTTTGCCCTGTTGT,0,3776479
tolCp3,0.07692307692307693,12,12,TGGTCGTTGACGTTTCAACA,0,3776381
tolCp3,0.07692307692307693,12,12,TGGCGTGGTCGGAAGATCAA,0,3794271
tolCp3,0.07692307692307693,12,12,TGGCCCCGGTAGTGGCTCTG,0,3777566
tolCp3,0.07692307692307693,12,12,TGCGAGCAGATATAGCAGAA,0,3781127
tolCp3,0.07692307692307693,12,12,TGATACATTATACAAAGGCG,0,3776096
tolCp3,0.07692307692307693,12,12,TGAGCGTCCCCGCCGGCGGA,0,3790624
tolCp3,0.07692307692307693,12,12,TGAATTCAACCTTCGCAAGC,0,3804186
tolCp3,0.07692307692307693,12,12,TCTTAAGATGTGTTGGGATC,0,3780611
tolCp3,0.07692307692307693,12,12,TCGGTTTTACTCAAGGTTCC,0,3790880
tolCp3,0.07692307692307693,12,12,TCGGTTGTGCCGTCATGTAC,0,3788720
tolCp3,0.07692307692307693,12,12,TCCCTGGGACTATAGGCTCA,0,3783943
tolCp3,0.07692307692307693,12,12,TCCCCAAAGACGGTAATAAC,0,3779962
tolCp3,0.07692307692307693,12,12,TCCACCGGGATGGAAATGCT,0,3804489
tolCp3,0.07692307692307693,12,12,TCACTCGCGCGGCGATTTAA,0,3806359
tolCp3,0.07692307692307693,12,12,TCAAGTTAGACGTAACGGAT,0,3780992
tolCp3,0.07692307692307693,12,12,TAGGAAGCGACTCTCAGTGC,0,3777486
tolCp3,0.07692307692307693,12,12,TAGCGAACAGTTCACGTATC,0,3798682
tolCp3,0.07692307692307693,12,12,TAGATGACGGTCTTACCAAG,0,3799428
tolCp3,0.07692307692307693,12,12,TAATGCCCATACGGCCGTTC,0,3805965
tolCp3,0.07692307692307693,12,12,TAATAACGGTTAGGGTGTCT,0,3783939
tolCp3,0.07692307692307693,12,12,TAAGTAGCTGTACCCCGTGC,0,3805419
tolCp3,0.07692307692307693,12,12,TAACGGGTTGGAGCATTCTA,0,3790518
tolCp3,0.07692307692307693,12,12,TAACCCCCATGTCCGTGGGT,0,3792078
tolCp3,0.07692307692307693,12,12,TAACAGGGAGGCGTGCAGTA,0,3809157
tolCp3,0.07692307692307693,12,12,GTTAACCGCAACTCGAGCGG,0,3801698
tolCp3,0.07692307692307693,12,12,GTGTGCTGATCCTGGGCTCT,0,3782794
tolCp3,0.07692307692307693,12,12,GTGATGGCATGGACCGACTG,0,3786949
tolCp3,0.07692307692307693,12,12,GTCTGTCGAGTCACCTATTT,0,3806710
tolCp3,0.07692307692307693,12,12,GTCACCTTAATCACAGCGTG,0,3785324
tolCp3,0.07692307692307693,12,12,GTATGTTGGATTCGCTAATA,0,3788257
tolCp3,0.07692307692307693,12,12,GTATATTTATGGGGACCTTG,0,3803824
tolCp3,0.07692307692307693,12,12,GTATAGATGCCCCAACGTAG,0,3798574
tolCp3,0.07692307692307693,12,12,GTACGTCACTGCGACTGCCA,0,3799559
tolCp3,0.07692307692307693,12,12,GTACATGCAGTTAGTCCAAA,0,3779117
tolCp3,0.07692307692307693,12,12,GGTTCCTAGATAAGTCGACG,0,3789698
tolCp3,0.07692307692307693,12,12,GGTTATTGGTTCGCGTCCCT,0,3784896
tolCp3,0.07692307692307693,12,12,GGGGGCAGCTTAGAGACCAT,0,3798538
tolCp3,0.07692307692307693,12,12,GGGAGAGTGTAGTATAATAT,0,3776562
tolCp3,0.07692307692307693,12,12,GGGACTAAGGTTGTTGCCCA,0,3778328
tolCp3,0.07692307692307693,12,12,GGGACATAGGCTAACCTAGT,0,3786621
tolCp3,0.07692307692307693,12,12,GGCCCGCGGCCGTCTGCGAT,0,3784808
tolCp3,0.07692307692307693,12,12,GGATTACAGCTCGGACATTG,0,3780719
tolCp3,0.07692307692307693,12,12,GGATGCTTCAACGACGGCAG,0,3774761
tolCp3,0.07692307692307693,12,12,GGAATTTGTTGGCGGGGTCT,0,3806450
tolCp3,0.07692307692307693,12,12,GCTCGATATTCCGGGAACGT,0,3796214
tolCp3,0.07692307692307693,12,12,GCTCCCGAGCCGAAAGGACT,0,3798191
tolCp3,0.07692307692307693,12,12,GCTAGGGACATGGAGTAAGC,0,3798647
tolCp3,0.07692307692307693,12,12,GCGACCATTGGAGCGGGTTC,0,3775025
tolCp3,0.07692307692307693,12,12,GCCTTGATCTCTGGCTTGAG,0,3776991
tolCp3,0.07692307692307693,12,12,GCCTATTTCGCCTCACCAAC,0,3789119
tolCp3,0.07692307692307693,12,12,GCCGTTGGACCACTGGCGGC,0,3798189
tolCp3,0.07692307692307693,12,12,GCCGAATACAGGGAGTCTAG,0,3793527
tolCp3,0.07692307692307693,12,12,GCCCTTCGAGAGCGCTGACT,0,3787134
tolCp3,0.07692307692307693,12,12,GCATGTAGGGAAGCAATCTA,0,3779856
tolCp3,0.07692307692307693,12,12,GCACCGGTAATATGACTTCC,0,3787373
tolCp3,0.07692307692307693,12,12,GCAACTGCTAGCTCAATGAC,0,3777096
tolCp3,0.07692307692307693,12,12,GCAACGTACGTTCATTCCTA,0,3793519
tolCp3,0.07692307692307693,12,12,GATTCGCTCTTCCAGCAACG,0,3782105
tolCp3,0.07692307692307693,12,12,GAGGGGGATATAAATCTACG,0,3777358
tolCp3,0.07692307692307693,12,12,GAGGCCAACTAGGCTACTGC,0,3803777
tolCp3,0.07692307692307693,12,12,GACTTATCGAACATTCCGGA,0,3776027
tolCp3,0.07692307692307693,12,12,GACCCACTAAGCACCAATGA,0,3798594
tolCp3,0.07692307692307693,12,12,GAATTACCTCCAAACGCGAA,0,3799970
tolCp3,0.07692307692307693,12,12,GAACTGGGAACGGGCCGGTC,0,3785991
tolCp3,0.07692307692307693,12,12,GAACTCGGCCGCCCGACGTT,0,3808972
tolCp3,0.07692307692307693,12,12,CTTTACTTAGTTTCATGTCG,0,3791164
tolCp3,0.07692307692307693,12,12,CTTTAAGCCAAGGGTCACAA,0,3786835
tolCp3,0.07692307692307693,12,12,CTGTTTCGGCTCATGCGACA,0,3781803
tolCp3,0.07692307692307693,12,12,CTGGTATCTACCCCTGCCGA,0,3792331
tolCp3,0.07692307692307693,12,12,CTGGTAAGGTGACAACTTCC,0,3786383
tolCp3,0.07692307692307693,12,12,CTGCGGTCCGGTGGACTTCA,0,3800720
tolCp3,0.07692307692307693,12,12,CTCGCCACAAGATCTCTCGA,0,3798286
tolCp3,0.07692307692307693,12,12,CTCGAGTGTGAGTACCGGTG,0,3788350
tolCp3,0.07692307692307693,12,12,CTCCAAGATGAATATGGCGA,0,3777592
tolCp3,0.07692307692307693,12,12,CTCAGCAATGGCTTGGCCCC,0,3779386
tolCp3,0.07692307692307693,12,12,CTAGATCAGTCAGGACCGAA,0,3791723
tolCp3,0.07692307692307693,12,12,CTACCCCAGTCGCAACTTAA,0,3802757
tolCp3,0.07692307692307693,12,12,CTAAATAAGCAACCTTCGAG,0,3800609
tolCp3,0.07692307692307693,12,12,CTAAACAGTGCAATCCACAT,0,3779918
tolCp3,0.07692307692307693,12,12,CGTTTCGCTTTTTTAACGGA,0,3785454
tolCp3,0.07692307692307693,12,12,CGTGGCTGTGAGCCTGAGTG,0,3793209
tolCp3,0.07692307692307693,12,12,CGTACTTAGATCCGCGCCGG,0,3783890
tolCp3,0.07692307692307693,12,12,CGGCGTCACTTTTCAACCTT,0,3785857
tolCp3,0.07692307692307693,12,12,CGCTGTCTGGTAGTCTTTGT,0,3802300
tolCp3,0.07692307692307693,12,12,CGCGGGGATGCCATCTAGGG,0,3792150
tolCp3,0.07692307692307693,12,12,CGATCCATCCTGATTGGCGT,0,3783611
tolCp3,0.07692307692307693,12,12,CCTCTAGATTTCCATGTACC,0,3785757
tolCp3,0.07692307692307693,12,12,CCTACAGGCGGAGGAGGCAG,0,3780197
tolCp3,0.07692307692307693,12,12,CCGTGCCCTGCCCAGTGTTT,0,3778885
tolCp3,0.07692307692307693,12,12,CCGGCGAGACACCAACTTCT,0,3794088
tolCp3,0.07692307692307693,12,12,CCGCTTAAAGGGTAGGTGTT,0,3792941
tolCp3,0.07692307692307693,12,12,CCGAGTCATCCATCAGAACT,0,3782060
tolCp3,0.07692307692307693,12,12,CCCCAGATAGTATTAGGGCA,0,3791558
tolCp3,0.07692307692307693,12,12,CCAGTAGTTTCAAGGGACAC,0,3791285
tolCp3,0.07692307692307693,12,12,CCAGGGTAACTAGACCCCTA,0,3789098
tolCp3,0.07692307692307693,12,12,CCACGTTATATGTTAGTGCC,0,3780321
tolCp3,0.07692307692307693,12,12,CCACAAGTGTCGGTTATTTT,0,3777598
tolCp3,0.07692307692307693,12,12,CATTTGTCTTGTGTTGCTAG,0,3783312
tolCp3,0.07692307692307693,12,12,CATTAAAGTCCGGCGACACT,0,3787281
tolCp3,0.07692307692307693,12,12,CATGTTCCAGGAGGGCGTAC,0,3791306
tolCp3,0.07692307692307693,12,12,CATCAGGGGGGGGCATCTCA,0,3802097
tolCp3,0.07692307692307693,12,12,CAGTCGCAGTTCTCTCATAG,0,3804500
tolCp3,0.07692307692307693,12,12,CAGTATATAACATGCAAGGT,0,3793922
tolCp3,0.07692307692307693,12,12,CAGAGAGTCAAACTTCTGTA,0,3801380
tolCp3,0.07692307692307693,12,12,CACTTTCTTTGCAGTGTTAT,0,3799178
tolCp3,0.07692307692307693,12,12,CACTGATGCGAGCCGGTTTT,0,3794047
tolCp3,0.07692307692307693,12,12,CAATACTTAGCTTCTCAAGT,0,3799313
tolCp3,0.07692307692307693,12,12,CAAGTTACACAAAATCATCA,0,3794132
tolCp3,0.07692307692307693,12,12,CAAGCCAAACACCCAGTCTT,0,3787142
tolCp3,0.07692307692307693,12,12,ATTGTTGGAGTACTGTTTTA,0,3793174
tolCp3,0.07692307692307693,12,12,ATTCTTTGTCACGGAGTAAT,0,3788865
tolCp3,0.07692307692307693,12,12,ATTCGTTGTATAGGTGAGCA,0,3782474
tolCp3,0.07692307692307693,12,12,ATTATGTTAAGACAAAGATG,0,3798284
tolCp3,0.07692307692307693,12,12,ATGTTTTAGTCACACAAGCC,0,3783311
tolCp3,0.07692307692307693,12,12,ATGTCAGGAGAATAGCCTAT,0,3794179
tolCp3,0.07692307692307693,12,12,ATGGTGAGCGGTAGTCTCCG,0,3804008
tolCp3,0.07692307692307693,12,12,ATGGGGAGTGCTAAACGTGT,0,3798964
tolCp3,0.07692307692307693,12,12,ATGCATCTCGTTTACCCCCA,0,3775218
tolCp3,0.07692307692307693,12,12,ATGAATGAAACAGGGCGGGA,0,3779294
tolCp3,0.07692307692307693,12,12,ATCTATCAGGTGCTCGACGT,0,3790920
tolCp3,0.07692307692307693,12,12,ATCAAGTGTAGGTGCACCTG,0,3775434
tolCp3,0.07692307692307693,12,12,ATAAGCCAGGCCGTTCCTGT,0,3806137
tolCp3,0.07692307692307693,12,12,AGTTGGTCTGTGAACTGAGC,0,3791827
tolCp3,0.07692307692307693,12,12,AGTGTACTGTGGGGTGGGGT,0,3792908
tolCp3,0.07692307692307693,12,12,AGTCGCGTTAGTCTCACTAG,0,3776766
tolCp3,0.07692307692307693,12,12,AGTCGATCACTTTGGATCTA,0,3777892
tolCp3,0.07692307692307693,12,12,AGTATATGACCGGAAGATCA,0,3790101
tolCp3,0.07692307692307693,12,12,AGGTTTGTTGTATAGCGGTG,0,3775478
tolCp3,0.07692307692307693,12,12,AGGTGGCTGGAGTTAGATCG,0,3784209
tolCp3,0.07692307692307693,12,12,AGGGCGGGTTAACTTGGCTG,0,3785427
tolCp3,0.07692307692307693,12,12,AGATTATGACTAGCGTGCTA,0,3786427
tolCp3,0.07692307692307693,12,12,AGAGCGCTCGCTTGACGGCT,0,3783265
tolCp3,0.07692307692307693,12,12,ACTTGGGCAGGACTCTCTGA,0,3799761
tolCp3,0.07692307692307693,12,12,ACTGGGTGTCTGTACTCGGC,0,3787836
tolCp3,0.07692307692307693,12,12,ACGCGCCACCATCGTCTATC,0,3779643
tolCp3,0.07692307692307693,12,12,ACCTGTTCCCTTTATGAGGA,0,3779969
tolCp3,0.07692307692307693,12,12,ACCGACGTAAGTCTTTGAGG,0,3781508
tolCp3,0.07692307692307693,12,12,ACCCACTGAGACTTATCGTT,0,3792630
tolCp3,0.07692307692307693,12,12,ACATGGTGGGTTTGCCGACA,0,3804660
tolCp3,0.07692307692307693,12,12,ACATAACCAGGTGGCAGAGA,0,3795443
tolCp3,0.07692307692307693,12,12,ACAAGTCAGATACCGTCCGT,0,3790148
tolCp3,0.07692307692307693,12,12,AATGCTTTTGTTGTAACTTC,0,3781905
tolCp3,0.07692307692307693,12,12,AATGCAGGACTCTCCAGACG,0,3781688
tolCp3,0.07692307692307693,12,12,AATATCCGTTTTCTAACACT,0,3802379
tolCp3,0.07692307692307693,12,12,AATATATTGAGTTCTGCGCA,0,3797923
tolCp3,0.07692307692307693,12,12,AAGCGGAAGGCAGTATAGTA,0,3806787
tolCp3,0.07692307692307693,12,12,AAGCACCCCACTCACTACGA,0,3797832
tolCp3,0.07692307692307693,12,12,AACTATCGTCTTAGGGGAGA,0,3802438
tolCp3,0.07692307692307693,12,12,AACTAGGAAGGGCCTTAACT,0,3784103
tolCp3,0.07692307692307693,12,12,AAATGGGGTCATACCGTAGA,0,3779190
tolCp3,0.07692307692307693,12,12,AAATGGCGAGAAGGCGAACC,0,3790956
tolCp3,0.07692307692307693,12,12,AAATACGGTCCTAATGTTCA,0,3777354
tolCp3,0.07692307692307693,12,12,AAAGTCGGGGCTCTGGACGA,0,3778198
tolCp3,0.07692307692307693,12,12,AAAAGATTGGACTGATACTG,0,3779583
tolCp3,0.08333333333333333,11,11,TTTTACTTCAGAAGATTCTA,0,3786354
tolCp3,0.08333333333333333,11,11,TTTAATATGAGTAGCGGCGT,0,3781411
tolCp3,0.08333333333333333,11,11,TTTAAACGGTTGCGTTCTTG,0,3780632
tolCp3,0.08333333333333333,11,11,TTCTCTTAGCCTGTCTTGAT,0,3796512
tolCp3,0.08333333333333333,11,11,TTCGCTTGTCTGAAGGTAAA,0,3791833
tolCp3,0.08333333333333333,11,11,TTCACGCAGTTCAAGGCACC,0,3784398
tolCp3,0.08333333333333333,11,11,TTATTACTGAGTCCTGCGGT,0,3802819
tolCp3,0.08333333333333333,11,11,TTATCCACGCAGTATGCGAT,0,3793916
tolCp3,0.08333333333333333,11,11,TTATAAGAGCCCGTTTTCCC,0,3788586
tolCp3,0.08333333333333333,11,11,TTAGACCGGAGCAATAATGT,0,3808940
tolCp3,0.08333333333333333,11,11,TTACGACCCCCCAATTAGAA,0,3777261
tolCp3,0.08333333333333333,11,11,TTAAACAGGTTCATGTAGAG,0,3790488
tolCp3,0.08333333333333333,11,11,TGTTGTGTGAGATCATAGCC,0,3795905
tolCp3,0.08333333333333333,11,11,TGGTTCTCCCAGTAGCTTTG,0,3797384
tolCp3,0.08333333333333333,11,11,TGGTAACTTGGGTGCGTGAC,0,3795637
tolCp3,0.08333333333333333,11,11,TGGGCGGACGTGGAATGCCT,0,3801130
tolCp3,0.08333333333333333,11,11,TGCTTGGTTACCGCTTAATT,0,3787669
tolCp3,0.08333333333333333,11,11,TGCTTACAGTTCGCACCCTA,0,3792476
tolCp3,0.08333333333333333,11,11,TGCAGCGACGCATAACCTTC,0,3796321
tolCp3,0.08333333333333333,11,11,TGATCAGCTGGTCTTAGTCT,0,3803231
tolCp3,0.08333333333333333,11,11,TGACTTGCAGGAGTAACCCG,0,3783372
tolCp3,0.08333333333333333,11,11,TGAAGCGTCATGGAATTCGT,0,3803579
tolCp3,0.08333333333333333,11,11,TCTTTCACAAAAAGCGTCTA,0,3803988
tolCp3,0.08333333333333333,11,11,TCTCATGGATCACCTTACAT,0,3781981
tolCp3,0.08333333333333333,11,11,TCTATTAGAGGGGCTTAATA,0,3775397
tolCp3,0.08333333333333333,11,11,TCTACCTCCAAAGACCGAAT,0,3782237
tolCp3,0.08333333333333333,11,11,TCGAGACTTGTAAGACCAGG,0,3803230
tolCp3,0.08333333333333333,11,11,TCCGTTCCCATTGACAATAA,0,3776687
tolCp3,0.08333333333333333,11,11,TCCCATGTAAGGGGTACTTA,0,3794698
tolCp3,0.08333333333333333,11,11,TCCACGCGGCACCACAAAAG,0,3803906
tolCp3,0.08333333333333333,11,11,TCAGTTCGGGGATGCTCGGG,0,3784977
tolCp3,0.08333333333333333,11,11,TCAGATTCTCCGGGGGCAAT,0,3785289
tolCp3,0.08333333333333333,11,11,TCACATCGCAGCAGGGGGAT,0,3785236
tolCp3,0.08333333333333333,11,11,TATCGATAAGGGGTAAGTTG,0,3788693
tolCp3,0.08333333333333333,11,11,TATCCGAGCACGAGTTTGTG,0,3774515
tolCp3,0.08333333333333333,11,11,TATACATCACGACTCCTGTG,0,3791494
tolCp3,0.08333333333333333,11,11,TAGGCGTCGCCGCAGAGGTG,0,3785939
tolCp3,0.08333333333333333,11,11,TAGATTAAAGATGGCGCCTG,0,3783642
tolCp3,0.08333333333333333,11,11,TACTGATCTAATGCAACCAT,0,3780792
tolCp3,0.08333333333333333,11,11,TAATGAAAAGCTCCTCCCGG,0,3799239
tolCp3,0.08333333333333333,11,11,TAATATTCGTTAATTGACCC,0,3777918
tolCp3,0.08333333333333333,11,11,TAAGCGGTTATCGATGCAAG,0,3785508
tolCp3,0.08333333333333333,11,11,GTTGCAAACTAACCACGAGC,0,3808015
tolCp3,0.08333333333333333,11,11,GTGTGCTTCGAGGTTGCTCG,0,3776659
tolCp3,0.08333333333333333,11,11,GTGGCGAATAACAAGGACCC,0,3792283
tolCp3,0.08333333333333333,11,11,GTGCAGATCATGGCCTCGAA,0,3800306
tolCp3,0.08333333333333333,11,11,GTGAGGAGAAATTGCAACTT,0,3776405
tolCp3,0.08333333333333333,11,11,GTGACTAACTACTATAGGGT,0,3788965
tolCp3,0.08333333333333333,11,11,GTCTAGCGAGGTGGACCATG,0,3779341
tolCp3,0.08333333333333333,11,11,GTCGGCAGGCCTAGCCGGCA,0,3808569
tolCp3,0.08333333333333333,11,11,GTCGCTTCGCGGACAATGCG,0,3805968
tolCp3,0.08333333333333333,11,11,GTCACCCTGGGGACAATGAC,0,3806595
tolCp3,0.08333333333333333,11,11,GTCAAATTGACAGTGGGGTG,0,3784267
tolCp3,0.08333333333333333,11,11,GTAATCGGGGGACAGCAAAT,0,3778183
tolCp3,0.08333333333333333,11,11,GGTTCCACTGCGGCTAGAGG,0,3787422
tolCp3,0.08333333333333333,11,11,GGTTACGCTGGCGTCAGTGC,0,3805499
tolCp3,0.08333333333333333,11,11,GGTCTAGTTCTTTGTCGGTA,0,3793896
tolCp3,0.08333333333333333,11,11,GGTCGCGCAGCACCGTAGAC,0,3793870
tolCp3,0.08333333333333333,11,11,GGTCAAAGGAGAACAATGGC,0,3780690
tolCp3,0.08333333333333333,11,11,GGTAGCTCTTATAAACGTTA,0,3782446
tolCp3,0.08333333333333333,11,11,GGGTTAGCACGTGTTGGCGA,0,3797165
tolCp3,0.08333333333333333,11,11,GGCGGAATTAGGGTCTGGAA,0,3777464
tolCp3,0.08333333333333333,11,11,GGCGAACAGTCTCATACGGT,0,3799278
tolCp3,0.08333333333333333,11,11,GGCAGTACTGTTGCATCCCC,0,3775992
tolCp3,0.08333333333333333,11,11,GGCACTATTGAATGATGAAG,0,3783619
tolCp3,0.08333333333333333,11,11,GGATAATGGAAGAAGACTCT,0,3805592
tolCp3,0.08333333333333333,11,11,GGAGTCACGCATACGAGGCA,0,3795820
tolCp3,0.08333333333333333,11,11,GGACAAAAACAATTGAATAC,0,3792143
tolCp3,0.08333333333333333,11,11,GGAACCAACCTGCCATTGAC,0,3792569
tolCp3,0.08333333333333333,11,11,GCTGCGGCAATAGATGACTG,0,3784214
tolCp3,0.08333333333333333,11,11,GCTCGGTTTTGCCCTGCGAA,0,3809326
tolCp3,0.08333333333333333,11,11,GCTAAGTTTCAGGAAAAGCG,0,3795671
tolCp3,0.08333333333333333,11,11,GCGTGACCACTAGAGTCAGC,0,3793376
tolCp3,0.08333333333333333,11,11,GCGGCATTATTAAGTCTGTA,0,3781807
tolCp3,0.08333333333333333,11,11,GCGGAACCTCCAGACATATG,0,3790242
tolCp3,0.08333333333333333,11,11,GCCTAGGGTGCGAGCCGCTT,0,3794044
tolCp3,0.08333333333333333,11,11,GCACCCCCGGAGCATGTGTC,0,3790809
tolCp3,0.08333333333333333,11,11,GATTGGTGTCCTCTGACGGG,0,3804589
tolCp3,0.08333333333333333,11,11,GATCATATAGGAGAGGCTCA,0,3790102
tolCp3,0.08333333333333333,11,11,GATCAGGCCACGATAGCATA,0,3802129
tolCp3,0.08333333333333333,11,11,GAGCGAACGTCTATACTCAT,0,3792301
tolCp3,0.08333333333333333,11,11,GACAGACTGCACAGGTTCAT,0,3791108
tolCp3,0.08333333333333333,11,11,GACAGAATTAAGCATTAGTC,0,3778138
tolCp3,0.08333333333333333,11,11,GAATGGCATCCCTGAGGTTG,0,3787414
tolCp3,0.08333333333333333,11,11,GAACAGGGCGCATAACTCAT,0,3800464
tolCp3,0.08333333333333333,11,11,GAAACCATGAACGGAAATTA,0,3780827
tolCp3,0.08333333333333333,11,11,CTTTATTGGCTCAGACCAAT,0,3787251
tolCp3,0.08333333333333333,11,11,CTGTCTACCCGTGGCTTAGC,0,3794559
tolCp3,0.08333333333333333,11,11,CTGGGACTGTGCCAAGGCGC,0,3792256
tolCp3,0.08333333333333333,11,11,CTGGCAGGCAATGGCCGTCA,0,3802087
tolCp3,0.08333333333333333,11,11,CTGCGTTTGTCTGTGGACGT,0,3800956
tolCp3,0.08333333333333333,11,11,CTGCGGAGCTTATATTTGAA,0,3789056
tolCp3,0.08333333333333333,11,11,CTGCCAGAGGATAGGGCAAT,0,3781911
tolCp3,0.08333333333333333,11,11,CTGAGTGTTGTATCACGCGA,0,3787203
tolCp3,0.08333333333333333,11,11,CTGAGGAGCTGCCATGGTTA,0,3789738
tolCp3,0.08333333333333333,11,11,CTCGAATCATTTCGGTGGAC,0,3784713
tolCp3,0.08333333333333333,11,11,CTAATCCTAGGCACTAGGGT,0,3800674
tolCp3,0.08333333333333333,11,11,CTAACACGTTCAAATGGATG,0,3790200
tolCp3,0.08333333333333333,11,11,CGTGCGCTCGGTTGTTACAG,0,3778844
tolCp3,0.08333333333333333,11,11,CGTAAGCGCCAACTGGGCTT,0,3775864
tolCp3,0.08333333333333333,11,11,CGTAAAATGCCTGCAAGGGT,0,3774659
tolCp3,0.08333333333333333,11,11,CGGAGCCACCTATGAAATTG,0,3774602
tolCp3,0.08333333333333333,11,11,CGCTGCGGCGCGTAAAAAGC,0,3803812
tolCp3,0.08333333333333333,11,11,CGCGTATCCTGAGTATAGTA,0,3781064
tolCp3,0.08333333333333333,11,11,CGCGTACTTGTCGGGAACCT,0,3795980
tolCp3,0.08333333333333333,11,11,CGCCGGTGGTGCTCCACTGA,0,3805376
tolCp3,0.08333333333333333,11,11,CGCAAAGTGATCAAGCCAGC,0,3791015
tolCp3,0.08333333333333333,11,11,CGAGGCGTCCCTGCGGCAAA,0,3774560
tolCp3,0.08333333333333333,11,11,CGAGCGCGCGCCAAGCGGTT,0,3808707
tolCp3,0.08333333333333333,11,11,CGAAGTCGCTCACTGGAGTA,0,3800546
tolCp3,0.08333333333333333,11,11,CGAACGGGTCACCGACATAG,0,3779709
tolCp3,0.08333333333333333,11,11,CCTTATTAATGTCGTTGATG,0,3793632
tolCp3,0.08333333333333333,11,11,CCTAAGGTGTGGCAGCAGAT,0,3806192
tolCp3,0.08333333333333333,11,11,CCGTATGGATGTTAGCCATT,0,3775219
tolCp3,0.08333333333333333,11,11,CCGCCGAACATAGTAGTGTT,0,3805725
tolCp3,0.08333333333333333,11,11,CCGAAGGAGCGCATCACATG,0,3783154
tolCp3,0.08333333333333333,11,11,CCCGGCGATGCGTGAACAGC,0,3789383
tolCp3,0.08333333333333333,11,11,CCCCAGTTTGGGATGATTGA,0,3782244
tolCp3,0.08333333333333333,11,11,CCAGGCCTACCTTTGGGGGT,0,3787597
tolCp3,0.08333333333333333,11,11,CCAGGCCGTATGCCTCCCGC,0,3797226
tolCp3,0.08333333333333333,11,11,CCACGGGATTGGGTCAATCC,0,3805562
tolCp3,0.08333333333333333,11,11,CATTTAATCAGTCCGCTCCC,0,3792149
tolCp3,0.08333333333333333,11,11,CATACCCATTGATCCTCAGA,0,3795489
tolCp3,0.08333333333333333,11,11,CATAAGGGGGAGGGCGATTA,0,3775548
tolCp3,0.08333333333333333,11,11,CAGTCTCAAGCAATGTGGAT,0,3785884
tolCp3,0.08333333333333333,11,11,CAGCAGTTGTTATAGACTAA,0,3795067
tolCp3,0.08333333333333333,11,11,CAGACTCAGGATTCGAGCGA,0,3789057
tolCp3,0.08333333333333333,11,11,CACTATCGTCAGGTTAGCTA,0,3776924
tolCp3,0.08333333333333333,11,11,CACCGAAGTGTGGAAAACCT,0,3798490
tolCp3,0.08333333333333333,11,11,CAATATAACTGGGATAGAAC,0,3804640
tolCp3,0.08333333333333333,11,11,CAAGGTTGTCGGACGTTGTA,0,3792633
tolCp3,0.08333333333333333,11,11,ATTTGTTTGGCGAATATTTC,0,3785038
tolCp3,0.08333333333333333,11,11,ATTCAGGGGGCATCCTCACA,0,3788682
tolCp3,0.08333333333333333,11,11,ATTATGCTTGGGGTCAAGTA,0,3807684
tolCp3,0.08333333333333333,11,11,ATGTGCGGGCGAACAACTTT,0,3800922
tolCp3,0.08333333333333333,11,11,ATGTCCAGTCTTAGCGACGA,0,3791088
tolCp3,0.08333333333333333,11,11,ATGTAGGACGAGCCTTAGAT,0,3788963
tolCp3,0.08333333333333333,11,11,ATGGGTTTAGGGCCGATCCT,0,3787463
tolCp3,0.08333333333333333,11,11,ATGCCCTGGGCCGTCGCTAC,0,3800394
tolCp3,0.08333333333333333,11,11,ATGATGCATTAAGGCGGCGT,0,3796672
tolCp3,0.08333333333333333,11,11,ATGAATCCTTCGATCTTGGT,0,3805563
tolCp3,0.08333333333333333,11,11,ATCGGTATGGCCTCGCGACG,0,3798576
tolCp3,0.08333333333333333,11,11,ATATTCAATTATTCCTCACT,0,3787206
tolCp3,0.08333333333333333,11,11,ATAAGGAGTGTCCTTGTCCT,0,3787247
tolCp3,0.08333333333333333,11,11,ATAAAGGGCTTAGGCGACTA,0,3798188
tolCp3,0.08333333333333333,11,11,AGTCGGTCGTGATGTAGCGC,0,3799736
tolCp3,0.08333333333333333,11,11,AGTCCTCAGCGATCCGATAT,0,3779738
tolCp3,0.08333333333333333,11,11,AGTAGAATTACGCACTGACG,0,3804597
tolCp3,0.08333333333333333,11,11,AGGTCTTCGGGCGCAAGCAA,0,3792686
tolCp3,0.08333333333333333,11,11,AGGGTAATTAGGCCGAATCT,0,3784005
tolCp3,0.08333333333333333,11,11,AGGAGACTTACGCTGGCCTA,0,3782337
tolCp3,0.08333333333333333,11,11,AGCTGGAGCCGTAGTTATAT,0,3804351
tolCp3,0.08333333333333333,11,11,AGACATACACCTTCCATGAT,0,3803128
tolCp3,0.08333333333333333,11,11,ACTTACTTACATTTGTATGT,0,3787799
tolCp3,0.08333333333333333,11,11,ACTGTGGCTTGCGTGCGAAG,0,3798654
tolCp3,0.08333333333333333,11,11,ACGTTTGAACTTCGGGTTGA,0,3784401
tolCp3,0.08333333333333333,11,11,ACGGGAACAGATTGTGCTCT,0,3787226
tolCp3,0.08333333333333333,11,11,ACGGCCGCAAGAAGCGCCGT,0,3792814
tolCp3,0.08333333333333333,11,11,ACGGAACTTGAACGGCATCT,0,3792534
tolCp3,0.08333333333333333,11,11,ACGCAGAAGCCTTTACCTAA,0,3791252
tolCp3,0.08333333333333333,11,11,ACCTTAGACTCCACCAACTC,0,3807266
tolCp3,0.08333333333333333,11,11,ACCTAGTAGGCCCATGCCGG,0,3798447
tolCp3,0.08333333333333333,11,11,ACCGTGGTAGCCAGGAAGAC,0,3783560
tolCp3,0.08333333333333333,11,11,ACCCTCGGCTTCAGTCCGAT,0,3797186
tolCp3,0.08333333333333333,11,11,ACATTTACACTAATGGTCGC,0,3787379
tolCp3,0.08333333333333333,11,11,ACAGTCGATCGGCGGAGTCA,0,3790319
tolCp3,0.08333333333333333,11,11,ACAGACGCGATGAAGAGTAT,0,3795232
tolCp3,0.08333333333333333,11,11,ACACTATCTAGGTCTACTTC,0,3804496
tolCp3,0.08333333333333333,11,11,ACACGAAACGCCCAAGTAGC,0,3799018
tolCp3,0.08333333333333333,11,11,ACAAGGGTATAAGGCAACTA,0,3786916
tolCp3,0.08333333333333333,11,11,AATTCAAACGATACTGCTAC,0,3793921
tolCp3,0.08333333333333333,11,11,AATGAATCGGTTCCTACATA,0,3809256
tolCp3,0.08333333333333333,11,11,AATATAGAATGCATCCACTA,0,3803880
tolCp3,0.08333333333333333,11,11,AATAGAACAGTAGTAATACT,0,3808668
tolCp3,0.08333333333333333,11,11,AATACTAGGTAAGAACTCGC,0,3776876
tolCp3,0.08333333333333333,11,11,AAGGCAAGATGTGTAAGGCC,0,3793270
tolCp3,0.08333333333333333,11,11,AAGCTGAGCCAGTGTGGTAC,0,3807351
tolCp3,0.08333333333333333,11,11,AAGCGGCCCACTATGCCACT,0,3799000
tolCp3,0.08333333333333333,11,11,AAGCCGAGCCTGCGTGGTCT,0,3792913
tolCp3,0.08333333333333333,11,11,AACCGTTCTATGGCATTTGT,0,3802657
tolCp3,0.08333333333333333,11,11,AACCGCGAGTCGGATAGTTA,0,3777177
tolCp3,0.08333333333333333,11,11,AAAATGGACGAAATTACAAA,0,3806314
tolCp3,0.09090909090909091,10,10,TTTGCTCCATGGACCCACCT,0,3775018
tolCp3,0.09090909090909091,10,10,TTTGATCACGTCAAATCTCG,0,3793053
tolCp3,0.09090909090909091,10,10,TTTCGTTCGATGGCGTCAAT,0,3804740
tolCp3,0.09090909090909091,10,10,TTTATGGCACCATAGGGCCC,0,3809028
tolCp3,0.09090909090909091,10,10,TTGGGCCTTATCCAGCGCGT,0,3805231
tolCp3,0.09090909090909091,10,10,TTGGAATAGCTATATGCGAC,0,3785317
tolCp3,0.09090909090909091,10,10,TTCTCGCTGTTCCGCCCAAC,0,3796982
tolCp3,0.09090909090909091,10,10,TTCTCAAAGGCAGGAGTTCA,0,3795595
tolCp3,0.09090909090909091,10,10,TTCGCAAGCATTCAGTTTAA,0,3790320
tolCp3,0.09090909090909091,10,10,TTCGCAACTTCCTGTTTATA,0,3807338
tolCp3,0.09090909090909091,10,10,TTCCCAACATAGACTGGCCC,0,3808051
tolCp3,0.09090909090909091,10,10,TTACTGGCTCGGTCTCCGTA,0,3774548
tolCp3,0.09090909090909091,10,10,TTAATTCTCAAGCGTCGCGG,0,3797812
tolCp3,0.09090909090909091,10,10,TGTTATCAGACTGCGGGAGA,0,3801723
tolCp3,0.09090909090909091,10,10,TGTGTCCTGGACCAGCCGGG,0,3791963
tolCp3,0.09090909090909091,10,10,TGTCAAATTTAAGAACGGAT,0,3792383
tolCp3,0.09090909090909091,10,10,TGTACAACTATCATCGCCGT,0,3797782
tolCp3,0.09090909090909091,10,10,TGGTGCTCATTTACTGCGGC,0,3791826
tolCp3,0.09090909090909091,10,10,TGGGTGTAGAATCAGCCCAC,0,3781936
tolCp3,0.09090909090909091,10,10,TGGCATGGAGGACGCGGGTT,0,3783267
tolCp3,0.09090909090909091,10,10,TGGAAGGTCCTCGTGCTCGG,0,3794930
tolCp3,0.09090909090909091,10,10,TGCAATCATCATATCGCTGA,0,3795143
tolCp3,0.09090909090909091,10,10,TGATTGCACCTGTAACAAAG,0,3790321
tolCp3,0.09090909090909091,10,10,TGAGAGGGGGTACTACTAAC,0,3777390
tolCp3,0.09090909090909091,10,10,TGACTTATATAACCCTGTCA,0,3789386
tolCp3,0.09090909090909091,10,10,TCTTTCGTACCAAAACCCAG,0,3801788
tolCp3,0.09090909090909091,10,10,TCTTAGTCTTTACAGGAGGC,0,3796567
tolCp3,0.09090909090909091,10,10,TCTCCCGTGGGCCGGGGTGG,0,3790995
tolCp3,0.09090909090909091,10,10,TCTATTGGCTTGAGGGATAC,0,3795119
tolCp3,0.09090909090909091,10,10,TCTACATATGGAATATCACC,0,3785059
tolCp3,0.09090909090909091,10,10,TCTAACATACGTTATAATTG,0,3775204
tolCp3,0.09090909090909091,10,10,TCGGATAGACCAACAGGGGC,0,3793167
tolCp3,0.09090909090909091,10,10,TCCTGTAATTATAGTAGCGC,0,3809287
tolCp3,0.09090909090909091,10,10,TCCTGCCGTAACGGGTTAAG,0,3806971
tolCp3,0.09090909090909091,10,10,TCCCGGTGTAATTATCTCCC,0,3797448
tolCp3,0.09090909090909091,10,10,TCCCCGGCTAGATCCTCGGA,0,3774660
tolCp3,0.09090909090909091,10,10,TCCACCCTTGCGCATAACTC,0,3794475
tolCp3,0.09090909090909091,10,10,TCATGTCATTCTCTTGACGA,0,3787990
tolCp3,0.09090909090909091,10,10,TCAGGGGGCTGTGAGTCAAG,0,3784325
tolCp3,0.09090909090909091,10,10,TCAGGAGCGTTAGATACTAG,0,3797958
tolCp3,0.09090909090909091,10,10,TATTGGGGTAGTTGACAGTA,0,3807463
tolCp3,0.09090909090909091,10,10,TATGTGTGTGAGGACTCGCG,0,3775454
tolCp3,0.09090909090909091,10,10,TATACGAGCCTAGCCATGCT,0,3791506
tolCp3,0.09090909090909091,10,10,TAGCACACAGCAGGCATTAG,0,3775367
tolCp3,0.09090909090909091,10,10,TACGCGGTTGTGTATGCTTG,0,3801905
tolCp3,0.09090909090909091,10,10,TACAGGGGAATTTAAGTCGT,0,3778300
tolCp3,0.09090909090909091,10,10,TAAACAAAAAAGCAACACAA,0,3803927
tolCp3,0.09090909090909091,10,10,GTTTAGGGGGGATATTTAGG,0,3795253
tolCp3,0.09090909090909091,10,10,GTTGAGGAGGAGGGAGCAGA,0,3783762
tolCp3,0.09090909090909091,10,10,GTTATAGTAATGAAGAAGCC,0,3794931
tolCp3,0.09090909090909091,10,10,GTGTTGGAAATCCTAATGTG,0,3784298
tolCp3,0.09090909090909091,10,10,GTGGCGCCTCCCGCCGTGTT,0,3785490
tolCp3,0.09090909090909091,10,10,GTGGCAATGACTGCCGGCTC,0,3789296
tolCp3,0.09090909090909091,10,10,GTGCCTTTGGTCCCACGGCG,0,3788628
tolCp3,0.09090909090909091,10,10,GTGCCCTAGATTTACTGGTG,0,3779246
tolCp3,0.09090909090909091,10,10,GTGATTTCGCGCACTAGATT,0,3794444
tolCp3,0.09090909090909091,10,10,GTCTACGCAATAAGTACCTT,0,3797527
tolCp3,0.09090909090909091,10,10,GTCGGGCAGTTGTGTCGCAT,0,3781021
tolCp3,0.09090909090909091,10,10,GTCGCCATTCTTTTATAAGA,0,3801430
tolCp3,0.09090909090909091,10,10,GTCAAAGATTTTACCGCCTA,0,3774651
tolCp3,0.09090909090909091,10,10,GTATGAGTATAGTATCAATT,0,3777746
tolCp3,0.09090909090909091,10,10,GTAGATAACTTTTTCATTTA,0,3783988
tolCp3,0.09090909090909091,10,10,GGTTTCCGAATCTTTCAGTG,0,3803109
tolCp3,0.09090909090909091,10,10,GGTTCGTATAGTCGATAGAA,0,3779012
tolCp3,0.09090909090909091,10,10,GGTTCGCCGGTGAGCCGAGG,0,3776905
tolCp3,0.09090909090909091,10,10,GGTTCAGCCGCAGAGCTGAA,0,3804010
tolCp3,0.09090909090909091,10,10,GGTGGGGACCGAACGACTTA,0,3801829
tolCp3,0.09090909090909091,10,10,GGTGATCTTTTAGACGAGCA,0,3806648
tolCp3,0.09090909090909091,10,10,GGTATTCTGGTCGAGACACG,0,3774806
tolCp3,0.09090909090909091,10,10,GGGTTAATGCGAAAGGATAC,0,3781706
tolCp3,0.09090909090909091,10,10,GGGTGCCCAACGGAGGTATA,0,3778690
tolCp3,0.09090909090909091,10,10,GGGGTACTCTAGCCCTACTT,0,3793059
tolCp3,0.09090909090909091,10,10,GGGATGGTTTATGGCTCTAC,0,3775969
tolCp3,0.09090909090909091,10,10,GGATCTTCGTTCTCACGACA,0,3790783
tolCp3,0.09090909090909091,10,10,GGAATCCGCGTAAAGCTTTA,0,3779267
tolCp3,0.09090909090909091,10,10,GGAAGGACAATAGCTAGAAC,0,3775082
tolCp3,0.09090909090909091,10,10,GGAACAGTTCTTAGGACAAG,0,3796817
tolCp3,0.09090909090909091,10,10,GCTTGGCGTAATGAAGCGAT,0,3806924
tolCp3,0.09090909090909091,10,10,GCTTGCACCTGAGACCCGGC,0,3798685
tolCp3,0.09090909090909091,10,10,GCTTGAGAAAGGCTGGTCAA,0,3797805
tolCp3,0.09090909090909091,10,10,GCTGGGGCATTGTCCCGGTG,0,3790545
tolCp3,0.09090909090909091,10,10,GCTGCCTGAACAGTGGGAGG,0,3796191
tolCp3,0.09090909090909091,10,10,GCGGAGTTTAGGTGCACAAC,0,3785422
tolCp3,0.09090909090909091,10,10,GCGCCCCCTAGGCGGAGTAT,0,3778806
tolCp3,0.09090909090909091,10,10,GCCTTCTGTACGTAATTAGT,0,3799134
tolCp3,0.09090909090909091,10,10,GCCTGGTTGGTCTCAAGTCA,0,3775618
tolCp3,0.09090909090909091,10,10,GCCGTAGGGTGTGCATCCAG,0,3795448
tolCp3,0.09090909090909091,10,10,GCATACGCGGCTCGGGACAT,0,3776566
tolCp3,0.09090909090909091,10,10,GATTCAGACGTCGAGTACGT,0,3794309
tolCp3,0.09090909090909091,10,10,GATGCAACGAGGCACGTTTG,0,3779601
tolCp3,0.09090909090909091,10,10,GATGACACCGCTCAGATGAG,0,3782862
tolCp3,0.09090909090909091,10,10,GAGGGGCGTCTCAAGCTAAA,0,3784206
tolCp3,0.09090909090909091,10,10,GACTCGGACCCCCCCTCAAA,0,3801096
tolCp3,0.09090909090909091,10,10,GACTCGAATTGTAAGGGCCA,0,3790484
tolCp3,0.09090909090909091,10,10,GACTACCCCGTCAACCCTAT,0,3787994
tolCp3,0.09090909090909091,10,10,GACCGGGGGCCGCTCAACCA,0,3796687
tolCp3,0.09090909090909091,10,10,GACCGGGAGGATTATTAAAG,0,3797824
tolCp3,0.09090909090909091,10,10,GACCGCGGTCTAACATCACT,0,3789562
tolCp3,0.09090909090909091,10,10,GACATCCGCAGGATCATCGG,0,3777366
tolCp3,0.09090909090909091,10,10,GACAATTTCAACTATGGAAC,0,3782868
tolCp3,0.09090909090909091,10,10,GAACGAGTTTTGTGCCACAG,0,3789264
tolCp3,0.09090909090909091,10,10,CTTTTAATACGACCTCTGTT,0,3779033
tolCp3,0.09090909090909091,10,10,CTTTGGCATATAACGTTCTT,0,3800210
tolCp3,0.09090909090909091,10,10,CTTTGAGTGTGTTCTAATAG,0,3792790
tolCp3,0.09090909090909091,10,10,CTTGGAGGAACACAATATAA,0,3779518
tolCp3,0.09090909090909091,10,10,CTTACACCCGCGGAATAACG,0,3791829
tolCp3,0.09090909090909091,10,10,CTGGTTTGCGCGGGATCTGA,0,3782261
tolCp3,0.09090909090909091,10,10,CTGCCACTTGAGTCTTTAGA,0,3780770
tolCp3,0.09090909090909091,10,10,CTGAACCCAGAAACCAGCTA,0,3784809
tolCp3,0.09090909090909091,10,10,CTCTTCCCTTGACGAAGAGA,0,3799760
tolCp3,0.09090909090909091,10,10,CTCGGCATTTTTGATTGGGT,0,3790123
tolCp3,0.09090909090909091,10,10,CTCCCTGCGTGCACACCGGA,0,3776031
tolCp3,0.09090909090909091,10,10,CTAGTTATACGCATGGCATG,0,3792413
tolCp3,0.09090909090909091,10,10,CTACTTTACATGGGGGGACA,0,3789551
tolCp3,0.09090909090909091,10,10,CTACGATTCAACCAAACACT,0,3782411
tolCp3,0.09090909090909091,10,10,CTACACCGGGCTTTGTGTGG,0,3777405
tolCp3,0.09090909090909091,10,10,CGTTTGCCCTACTCCGCAAA,0,3796434
tolCp3,0.09090909090909091,10,10,CGTTTCATTTGCAAGTCTAG,0,3785798
tolCp3,0.09090909090909091,10,10,CGTTACACCGGACACACGAA,0,3791843
tolCp3,0.09090909090909091,10,10,CGTGTTCATGGCCTTTTAAA,0,3788369
tolCp3,0.09090909090909091,10,10,CGTCATCGCCCCCTCGGTAC,0,3806934
tolCp3,0.09090909090909091,10,10,CGTCAAGGCGAGTAATTTCG,0,3807927
tolCp3,0.09090909090909091,10,10,CGTACGGTACGTAATATCCA,0,3799311
tolCp3,0.09090909090909091,10,10,CGGTCATTTCTATAATCATG,0,3806741
tolCp3,0.09090909090909091,10,10,CGGTACATGGGTCCAAGCGC,0,3786969
tolCp3,0.09090909090909091,10,10,CGGGCTTGTCCTGATGCTTT,0,3803821
tolCp3,0.09090909090909091,10,10,CGGCACTTTAAATGAAAGAG,0,3796550
tolCp3,0.09090909090909091,10,10,CGCGGTCGCCTGTGTCCGGA,0,3801042
tolCp3,0.09090909090909091,10,10,CGCAGAAACTGCCTGACGTA,0,3787077
tolCp3,0.09090909090909091,10,10,CGATAGTTGTGCACGTCAAT,0,3792252
tolCp3,0.09090909090909091,10,10,CGACGAGGCAGTCGCTTGTC,0,3804868
tolCp3,0.09090909090909091,10,10,CGAAGACGTCCGCAGAATGT,0,3784784
tolCp3,0.09090909090909091,10,10,CGAACCATTGGTCTTCACGT,0,3775212
tolCp3,0.09090909090909091,10,10,CCTTGTAAGTATCCAGGTAG,0,3782788
tolCp3,0.09090909090909091,10,10,CCTGTTTGTCATTTTCGCCC,0,3785418
tolCp3,0.09090909090909091,10,10,CCTGGGGAAGCTGGAAACAA,0,3790655
tolCp3,0.09090909090909091,10,10,CCTCGCTTGTGTACTTTCTG,0,3802073
tolCp3,0.09090909090909091,10,10,CCTCCCTTGAGGTCGTATTA,0,3784728
tolCp3,0.09090909090909091,10,10,CCGGGCTTCTATCGACCTTG,0,3796686
tolCp3,0.09090909090909091,10,10,CCGGAACTGCGTGTGATAGT,0,3778832
tolCp3,0.09090909090909091,10,10,CCGACAACACTGGCAGGTTT,0,3781908
tolCp3,0.09090909090909091,10,10,CCCTCGTCTGAGGAGAATAC,0,3775900
tolCp3,0.09090909090909091,10,10,CCCCTATCACGCCATCCCTG,0,3803444
tolCp3,0.09090909090909091,10,10,CCCCAAGGACAGCAGTCCCC,0,3789324
tolCp3,0.09090909090909091,10,10,CCCATTGTAACGGTCAGCCC,0,3802587
tolCp3,0.09090909090909091,10,10,CCCACCCCGAATTTGGCCCA,0,3793930
tolCp3,0.09090909090909091,10,10,CCCACATCGGGTACAGGAAC,0,3805416
tolCp3,0.09090909090909091,10,10,CCATGACAAAGTTGTGTGAT,0,3779177
tolCp3,0.09090909090909091,10,10,CCAGTTGGATCATCTGGACT,0,3784812
tolCp3,0.09090909090909091,10,10,CCAGACAATCTCTACGATAA,0,3781161
tolCp3,0.09090909090909091,10,10,CCACCCCTATGCAGTGATCT,0,3792528
tolCp3,0.09090909090909091,10,10,CCAACGAGGGTGACACAACA,0,3791998
tolCp3,0.09090909090909091,10,10,CATTAGAGCAATCAACTCGA,0,3790708
tolCp3,0.09090909090909091,10,10,CATCCCCTTATTCGGCAGCA,0,3786665
tolCp3,0.09090909090909091,10,10,CATAGTAATTCCACGGAACT,0,3791237
tolCp3,0.09090909090909091,10,10,CAGTACAAATCTGCCAGCTT,0,3786974
tolCp3,0.09090909090909091,10,10,CAGGGCAGCTTTGAAGCATA,0,3789027
tolCp3,0.09090909090909091,10,10,CAGGATCCCTGCAACGACAA,0,3779646
tolCp3,0.09090909090909091,10,10,CAGCATGTTGATGACATCAG,0,3808273
tolCp3,0.09090909090909091,10,10,CAGAAGATAACTTATGAGAT,0,3777813
tolCp3,0.09090909090909091,10,10,CACTTGCCCTCGTCACAGCT,0,3783663
tolCp3,0.09090909090909091,10,10,CACTCTGTGCAACATCAATT,0,3778344
tolCp3,0.09090909090909091,10,10,CACGGCTGTCCCCGGACTAA,0,3775011
tolCp3,0.09090909090909091,10,10,CACGAGCATAGATGCGTATT,0,3777616
tolCp3,0.09090909090909091,10,10,CAATGGTAGCGGTCTCAATC,0,3788727
tolCp3,0.09090909090909091,10,10,CAACAGAAATGGTTCATCTC,0,3789831
tolCp3,0.09090909090909091,10,10,CAAAGGGTGAGGCATGCCCT,0,3782891
tolCp3,0.09090909090909091,10,10,ATTGTGAACGTTTTACGTGA,0,3776986
tolCp3,0.09090909090909091,10,10,ATTCCTAACATCTTTTGTTT,0,3774665
tolCp3,0.09090909090909091,10,10,ATGTGTACCGCATTATTTTG,0,3789004
tolCp3,0.09090909090909091,10,10,ATGGGGCATCTGGTGGTAAA,0,3807327
tolCp3,0.09090909090909091,10,10,ATGGCGGGACGGAATCATTA,0,3777207
tolCp3,0.09090909090909091,10,10,ATGCAGATTGTACTAAGGGT,0,3801682
tolCp3,0.09090909090909091,10,10,ATGATTGTTTCGGTGCTATT,0,3788840
tolCp3,0.09090909090909091,10,10,ATGAAAGACGTGAACGACCC,0,3796307
tolCp3,0.09090909090909091,10,10,ATCTGGCGAACGCTGGCCGA,0,3783123
tolCp3,0.09090909090909091,10,10,ATCGCTTTCCAAGACGTACA,0,3774543
tolCp3,0.09090909090909091,10,10,ATCCCGATTAAATCCGGGGT,0,3782684
tolCp3,0.09090909090909091,10,10,ATCCCCAATGGGACCCTTAC,0,3798493
tolCp3,0.09090909090909091,10,10,ATCATTCAGGTGGTCGGGGG,0,3804694
tolCp3,0.09090909090909091,10,10,ATATTTTGGCAGGTAGCAGG,0,3807019
tolCp3,0.09090909090909091,10,10,ATATTAATTTGGTCATAGGT,0,3799766
tolCp3,0.09090909090909091,10,10,ATAACTACTCCAAGAGACTA,0,3785373
tolCp3,0.09090909090909091,10,10,AGTGGACAAGAAATGAGGAT,0,3783849
tolCp3,0.09090909090909091,10,10,AGTATGTGCCGTCATTTATA,0,3805441
tolCp3,0.09090909090909091,10,10,AGGTTCATCGTCTTTTTATC,0,3782135
tolCp3,0.09090909090909091,10,10,AGGTGAGAGAAGCTACGGTA,0,3774544
tolCp3,0.09090909090909091,10,10,AGGGGGGCACAGATAGCGCA,0,3784084
tolCp3,0.09090909090909091,10,10,AGCTGGGACTCAGGTATTGT,0,3783772
tolCp3,0.09090909090909091,10,10,AGCTCGGCTACTGCACCTTT,0,3807333
tolCp3,0.09090909090909091,10,10,AGCGTGCGCCTATCAGGGCT,0,3789470
tolCp3,0.09090909090909091,10,10,AGCAGTTGGTTAGCAGGGAG,0,3785201
tolCp3,0.09090909090909091,10,10,AGATTGCCATTACCTACAGT,0,3781449
tolCp3,0.09090909090909091,10,10,AGATTAGGGTTGTTTTCCAA,0,3779338
tolCp3,0.09090909090909091,10,10,AGATGTTGGGACCTGAATTG,0,3801211
tolCp3,0.09090909090909091,10,10,AGAGACACCCTCACTTCGCA,0,3800382
tolCp3,0.09090909090909091,10,10,ACTTTCCCAATTCGTCCGTC,0,3789796
tolCp3,0.09090909090909091,10,10,ACTGTGACAACCTTCCTTAC,0,3781724
tolCp3,0.09090909090909091,10,10,ACTGGGAGTGTATCGAGATG,0,3783979
tolCp3,0.09090909090909091,10,10,ACTCTTTTGCCCGGTGTAAC,0,3775396
tolCp3,0.09090909090909091,10,10,ACTCGTGGTGTTTCCCTCCA,0,3803183
tolCp3,0.09090909090909091,10,10,ACGGTGGGACTACCAAAGGT,0,3790079
tolCp3,0.09090909090909091,10,10,ACGATGCGTGTCTAAATTGC,0,3806582
tolCp3,0.09090909090909091,10,10,ACGACTTAACGGCTCAGCTA,0,3797668
tolCp3,0.09090909090909091,10,10,ACCTTCCGGGAATCAGGCTA,0,3775968
tolCp3,0.09090909090909091,10,10,ACCCAATGTCGGACTTCAAC,0,3775823
tolCp3,0.09090909090909091,10,10,ACCACTCCCATTGTTAGTGG,0,3782721
tolCp3,0.09090909090909091,10,10,ACCAAGCAGAATTAGCTGAA,0,3789262
tolCp3,0.09090909090909091,10,10,ACACATACATAGGCGAAGCA,0,3808988
tolCp3,0.09090909090909091,10,10,ACAAAGGGTACGACGTTCAC,0,3778326
tolCp3,0.09090909090909091,10,10,AATTTGTACATAACGAGGGT,0,3792281
tolCp3,0.09090909090909091,10,10,AATGCGTTACCTTTTGGTCA,0,3791964
tolCp3,0.09090909090909091,10,10,AATCCCCGCAGCACTTCGGA,0,3793064
tolCp3,0.09090909090909091,10,10,AATCCAACACAAATCTTTAA,0,3801338
tolCp3,0.09090909090909091,10,10,AATAGAGTATGAATTGGTGG,0,3800223
tolCp3,0.09090909090909091,10,10,AAGTGCGTCGTACGCTTGAA,0,3796010
tolCp3,0.09090909090909091,10,10,AAGGTGCATCCGGCCTAGGT,0,3779340
tolCp3,0.09090909090909091,10,10,AAGGGGATACCGAAATCGAC,0,3801824
tolCp3,0.09090909090909091,10,10,AAGCTCTAGGTGGACTGAAT,0,3780610
tolCp3,0.09090909090909091,10,10,AAGCCGGGCATCCTCGAACC,0,3792110
tolCp3,0.09090909090909091,10,10,AAGAGTACATGGGATCAGAG,0,3786946
tolCp3,0.09090909090909091,10,10,AAGAACTCACACATCTCAAA,0,3803046
tolCp3,0.09090909090909091,10,10,AAGAAAGCGTCATTAGTTTT,0,3790048
tolCp3,0.09090909090909091,10,10,AACTGAAGCATCCATGACTT,0,3776013
tolCp3,0.09090909090909091,10,10,AACCAAACCCAGACGTATTT,0,3799082
tolCp3,0.09090909090909091,10,10,AACATGCTTCTCATCAGTTT,0,3802723
tolCp3,0.09090909090909091,10,10,AAATATGGTTGTGTCAACAA,0,3785530
tolCp3,0.09090909090909091,10,10,AAAGGGTAATGGCTGGGTGT,0,3795490
tolCp3,0.09090909090909091,10,10,AAAGCGGAATGACACATAGT,0,3804923
tolCp3,0.09090909090909091,10,10,AAAGACCCGTGTAGCGGAAT,0,3801729
tolCp3,0.09090909090909091,10,10,AAAACAAAGTTTAAAGTTGT,0,3797892
tolCp3,0.1,9,9,TTTTTGACCTCTTGGACTAT,0,3786018
tolCp3,0.1,9,9,TTTGTTTAGGGCGCCGGATA,0,3787824
tolCp3,0.1,9,9,TTTCGCTCGCACGTCGGAAA,0,3794064
tolCp3,0.1,9,9,TTTCCCCTCATACATTACGG,0,3808748
tolCp3,0.1,9,9,TTGTGGAATGAATGGCTGGT,0,3778667
tolCp3,0.1,9,9,TTGTAGTATGGTTAATCTGG,0,3804758
tolCp3,0.1,9,9,TTGCCCACTAGCGAACATAC,0,3777066
tolCp3,0.1,9,9,TTGACCCGATGGACGGTGCG,0,3778574
tolCp3,0.1,9,9,TTCTTCATCTCCTGGACTTG,0,3800723
tolCp3,0.1,9,9,TTCTGACCAAATCGTTCGCG,0,3808527
tolCp3,0.1,9,9,TTATATCAGGTATATCCGGG,0,3785357
tolCp3,0.1,9,9,TTAGGCGGGTCTAGCGGCGG,0,3785681
tolCp3,0.1,9,9,TTACGCGCAAACGATCGCCA,0,3790014
tolCp3,0.1,9,9,TTACATTCACACCATAGATC,0,3774522
tolCp3,0.1,9,9,TGTTACCGGGCATTGCCCTG,0,3775354
tolCp3,0.1,9,9,TGTGTCACGGCGCACTGAAT,0,3775757
tolCp3,0.1,9,9,TGGTCGGTACGCGCATGCGA,0,3804327
tolCp3,0.1,9,9,TGGGGAGACCTCAGCAAAAC,0,3789453
tolCp3,0.1,9,9,TGGATCATTTCTGTCGGCTA,0,3794197
tolCp3,0.1,9,9,TGGAGAACTATGTATATTCG,0,3778357
tolCp3,0.1,9,9,TGGACCATTTGTAGCCGAGA,0,3799875
tolCp3,0.1,9,9,TGGAAACCGTACTGACACTC,0,3784404
tolCp3,0.1,9,9,TGCTTTAGCGGTAGTTTTGG,0,3789069
tolCp3,0.1,9,9,TGCCTATATAGGTAGGGAAA,0,3779872
tolCp3,0.1,9,9,TGCCCACTGTCCAAGCCATT,0,3778647
tolCp3,0.1,9,9,TGCAGTCCACTATAGAATAT,0,3774697
tolCp3,0.1,9,9,TGATATCAGAGCGTTTTCCA,0,3801072
tolCp3,0.1,9,9,TCTTGGCCCCGAGAGCCATT,0,3796514
tolCp3,0.1,9,9,TCTTATGCAGGTGAGTTAGT,0,3800258
tolCp3,0.1,9,9,TCTGGTGTGCTCTTACCAGT,0,3777468
tolCp3,0.1,9,9,TCTGAGAAGACTTGGCACAG,0,3801007
tolCp3,0.1,9,9,TCTCTCATAAATTCCGGACG,0,3779838
tolCp3,0.1,9,9,TCTCGGGCGTTTCCCTGCTA,0,3798313
tolCp3,0.1,9,9,TCTCAGAGTGCGAACAACGT,0,3784925
tolCp3,0.1,9,9,TCGTAGTGTCGAATGACAAA,0,3788499
tolCp3,0.1,9,9,TCGATGTGGTCACAGAAGTT,0,3799019
tolCp3,0.1,9,9,TCGAGGGCTTTTGGAACCCT,0,3776290
tolCp3,0.1,9,9,TCCTGATAGCGACACGAATA,0,3776940
tolCp3,0.1,9,9,TCCACGCTGGGGTGTTAACA,0,3795715
tolCp3,0.1,9,9,TCAGGTGCGGATGGTTGTGC,0,3803265
tolCp3,0.1,9,9,TCAGCCCGCCAGCTGCAGAG,0,3802861
tolCp3,0.1,9,9,TCACTGGGCGTAGCAATGTC,0,3792327
tolCp3,0.1,9,9,TCACGAACGGTGAAACAGTA,0,3796478
tolCp3,0.1,9,9,TCAAGCTGCTGGACCGCGCC,0,3789908
tolCp3,0.1,9,9,TATTGTAGAATTTAGGAATG,0,3788100
tolCp3,0.1,9,9,TATCAGCGTACATTAAGATT,0,3796612
tolCp3,0.1,9,9,TAGGCGTGGTACCGTAGAGG,0,3789294
tolCp3,0.1,9,9,TAGATCCGACCACTCTATAA,0,3794394
tolCp3,0.1,9,9,TACTGCACTTATTCTGTACA,0,3775102
tolCp3,0.1,9,9,TACTCGTGAAGGAGGGAAAA,0,3776800
tolCp3,0.1,9,9,TACTCGTAACAGTTACCAGT,0,3791879
tolCp3,0.1,9,9,TACCTCGGGCTATGCTCTTG,0,3784994
tolCp3,0.1,9,9,TACCAGCGGGACGGCGAGTA,0,3794801
tolCp3,0.1,9,9,TACAGTTTCCTTCAGGCCTG,0,3802061
tolCp3,0.1,9,9,TAAGTCGGCACTCATTAGCA,0,3778697
tolCp3,0.1,9,9,GTTTCACCTGATTCTGCTAG,0,3796511
tolCp3,0.1,9,9,GTTGTCTCGAATACCACCCC,0,3787391
tolCp3,0.1,9,9,GTTCCTAGTAATGGTAATTT,0,3776379
tolCp3,0.1,9,9,GTTAATGGTCCCGGTGGCAA,0,3795270
tolCp3,0.1,9,9,GTTAAGATTGTGGGCCGGTC,0,3783073
tolCp3,0.1,9,9,GTGTACGCCCACCCATGTCT,0,3800583
tolCp3,0.1,9,9,GTGGGGACTAGGATCATTAA,0,3808258
tolCp3,0.1,9,9,GTGGGAAGTGTACTCATACT,0,3788296
tolCp3,0.1,9,9,GTGCTATCGGCATTCGGCTA,0,3791100
tolCp3,0.1,9,9,GTGCCACCAGCCTCGAGCCT,0,3775835
tolCp3,0.1,9,9,GTGCAACGTGCTCAAGTTTG,0,3778153
tolCp3,0.1,9,9,GTGAGCGCCATGCCAAGATC,0,3796652
tolCp3,0.1,9,9,GTCTGAGCGACTGGCGATCT,0,3792797
tolCp3,0.1,9,9,GTCGTCGGGTTTTGATTCGA,0,3787229
tolCp3,0.1,9,9,GTCGTAGATGTACACGACAA,0,3798876
tolCp3,0.1,9,9,GTCGAGATAACGCCGTGGTT,0,3802863
tolCp3,0.1,9,9,GTCACGGTTCGTTAGAGCTT,0,3787389
tolCp3,0.1,9,9,GTATTTTTTTGGTGGATTTA,0,3782001
tolCp3,0.1,9,9,GTATTTCACGCCCTTGAATG,0,3782521
tolCp3,0.1,9,9,GTAGGCATACTACACATTAT,0,3798687
tolCp3,0.1,9,9,GTAGCCATAAAGTATTACAT,0,3798475
tolCp3,0.1,9,9,GTACGGTTTTCCGTGTGAGT,0,3804435
tolCp3,0.1,9,9,GTACCATGCATTAAATCACA,0,3796903
tolCp3,0.1,9,9,GGTTAGCTCATGCCTAACAT,0,3787350
tolCp3,0.1,9,9,GGTAGTGTGCTCAAGGAAAA,0,3783807
tolCp3,0.1,9,9,GGGGTGTCCTGCCCTACATA,0,3782938
tolCp3,0.1,9,9,GGGGCTTGAGATTATGCACT,0,3801047
tolCp3,0.1,9,9,GGGCGTATGTAGTTCCGATT,0,3791035
tolCp3,0.1,9,9,GGGAGCAGCAGGGGGACGGC,0,3775220
tolCp3,0.1,9,9,GGCTGTCATATCACTCAACC,0,3807593
tolCp3,0.1,9,9,GGCGCGGAGTGTGTCAATTT,0,3804467
tolCp3,0.1,9,9,GGCGCCGGCAGCTATTCTTT,0,3793361
tolCp3,0.1,9,9,GGCGACGTCGCCTCTTACGT,0,3786751
tolCp3,0.1,9,9,GGCCTGTGCGTCAGGACTAA,0,3802056
tolCp3,0.1,9,9,GGCCGTTTATCGTGCATTCT,0,3784227
tolCp3,0.1,9,9,GGCCGGGTAAGGCGACCAAT,0,3798163
tolCp3,0.1,9,9,GGCATGTGGAGATTGTCCTC,0,3797040
tolCp3,0.1,9,9,GGCAGCAGGTAAATGGACGA,0,3805911
tolCp3,0.1,9,9,GGCAACTTTAAGGCGGAACA,0,3785210
tolCp3,0.1,9,9,GGAGTCTCCGATTGAGGAAC,0,3781287
tolCp3,0.1,9,9,GGAGCTCAATAACCACCAAA,0,3796950
tolCp3,0.1,9,9,GGAGAGTGGCCCTAAAAGAA,0,3785722
tolCp3,0.1,9,9,GGAGAGTCCTGTCATGCGTG,0,3790871
tolCp3,0.1,9,9,GGACAGATCAGACTAATATA,0,3802417
tolCp3,0.1,9,9,GGAATTTACGGGATCTTTGC,0,3790181
tolCp3,0.1,9,9,GCTTTACAGTCCCCAGTTCT,0,3785533
tolCp3,0.1,9,9,GCTTAGGCAAGCCCAAGGTC,0,3800635
tolCp3,0.1,9,9,GCGTTTACTCACCAAGGGCT,0,3802498
tolCp3,0.1,9,9,GCGTGTAGGTGTGAAAAATG,0,3775332
tolCp3,0.1,9,9,GCGTCGAAGGGTGAACACCT,0,3802446
tolCp3,0.1,9,9,GCGTAGAAGCCCTTCGGATA,0,3778305
tolCp3,0.1,9,9,GCGGTATTCTGCACCCGAGT,0,3805105
tolCp3,0.1,9,9,GCGGCGGATTAAAGTTGTGG,0,3799350
tolCp3,0.1,9,9,GCGCTATGCCATGCATGAGA,0,3782582
tolCp3,0.1,9,9,GCGATTCTCAGGTATCGAGG,0,3803172
tolCp3,0.1,9,9,GCGAAGCACAAACCAGGGTG,0,3804742
tolCp3,0.1,9,9,GCCGTTTGCCCAGTCTCATT,0,3802461
tolCp3,0.1,9,9,GCCGTGGTTACGAGGGCGTA,0,3804277
tolCp3,0.1,9,9,GCCGACTCCCGGATGATGAG,0,3799554
tolCp3,0.1,9,9,GCACCAAACGAAAAGACTGT,0,3796691
tolCp3,0.1,9,9,GATGGGATGAGAACTGGCCA,0,3798638
tolCp3,0.1,9,9,GATGCACTTGACGTACGATC,0,3779420
tolCp3,0.1,9,9,GATCGGTTAAACACAACCGG,0,3795582
tolCp3,0.1,9,9,GATATTGTCATTAGGAAGAA,0,3796743
tolCp3,0.1,9,9,GAGTTGGATGTGAAATGTAT,0,3776573
tolCp3,0.1,9,9,GAGTGAATACCCAAAAGGCT,0,3791314
tolCp3,0.1,9,9,GAGTAGAGCTTGCCCTATAG,0,3789099
tolCp3,0.1,9,9,GAGGTACCGACCGTCTGCTG,0,3805763
tolCp3,0.1,9,9,GAGAACTCCGAGTGTACGCC,0,3798888
tolCp3,0.1,9,9,GACTAACCTTAGGGGCTGTT,0,3803763
tolCp3,0.1,9,9,GACGACAGTTCCGTAGGCAA,0,3789537
tolCp3,0.1,9,9,GACGAAGTCCCTATCCCACA,0,3779290
tolCp3,0.1,9,9,GACATCTAAAACCTACAAGG,0,3774762
tolCp3,0.1,9,9,GACAGTTTACGCGGACTAAC,0,3774730
tolCp3,0.1,9,9,GAATCCCACAAAAAATGAGT,0,3792065
tolCp3,0.1,9,9,GAAGAATTTACACGGTTACC,0,3789643
tolCp3,0.1,9,9,GAAAGTAGCGGATCAGGAAC,0,3789802
tolCp3,0.1,9,9,CTTTCTGGAGCCAGCGTGGA,0,3784049
tolCp3,0.1,9,9,CTTGGAGTGGCTGGTAGACC,0,3789729
tolCp3,0.1,9,9,CTTCTAGAGACTCACTTAGA,0,3784807
tolCp3,0.1,9,9,CTTCATTGGTCTAGTAAACT,0,3797771
tolCp3,0.1,9,9,CTTATACGAGTCCACAACTT,0,3791269
tolCp3,0.1,9,9,CTTAGATCTGTGCTTGCTCT,0,3800401
tolCp3,0.1,9,9,CTTACGCGGTACACTACTGC,0,3783501
tolCp3,0.1,9,9,CTTACCGGTGCATGAGTAAC,0,3797513
tolCp3,0.1,9,9,CTTACAGCGTCCCTTTCGCC,0,3781901
tolCp3,0.1,9,9,CTGGATCTCTACTTTGGGAT,0,3779467
tolCp3,0.1,9,9,CTGCTAGCGATATTTAGTAC,0,3783319
tolCp3,0.1,9,9,CTGAGCTGTTCCCCTTGGCC,0,3803432
tolCp3,0.1,9,9,CTCTGCCGACGTAATCGTCA,0,3788292
tolCp3,0.1,9,9,CTCGTCCCATGTAGGGAAGA,0,3794509
tolCp3,0.1,9,9,CTAGGGTCTGATAGAACACT,0,3782987
tolCp3,0.1,9,9,CTAGCGCCCGAATCACGACA,0,3788345
tolCp3,0.1,9,9,CTAATCTGGTGCAAACATGA,0,3784087
tolCp3,0.1,9,9,CGTTGCGTTTGTTCAAAACC,0,3775571
tolCp3,0.1,9,9,CGTTCGGTTCATCTCGCCCT,0,3801370
tolCp3,0.1,9,9,CGTTCAGCAGTGAGCCTATC,0,3790153
tolCp3,0.1,9,9,CGTTAATATTCAATATGGGA,0,3781681
tolCp3,0.1,9,9,CGTGTGTGCAAGTGCAACCA,0,3805992
tolCp3,0.1,9,9,CGTGGGAACCGACTAGCACA,0,3802521
tolCp3,0.1,9,9,CGTGCGAAGCGTATCGGAGC,0,3775907
tolCp3,0.1,9,9,CGTCAGACACTGGCAATGTA,0,3795452
tolCp3,0.1,9,9,CGTACTCATTGCGCTTTTCC,0,3804729
tolCp3,0.1,9,9,CGTACCCTCGGGTGGTTCTA,0,3789488
tolCp3,0.1,9,9,CGTAATGCTACTTAAAGCCA,0,3803391
tolCp3,0.1,9,9,CGTAAATCGGTACCACTCCT,0,3808197
tolCp3,0.1,9,9,CGGTGCGGTCGATGATCGTA,0,3787386
tolCp3,0.1,9,9,CGGTCTGCGCAGTGAACTTC,0,3791867
tolCp3,0.1,9,9,CGGGGTGACGCTGCGGCCCC,0,3784683
tolCp3,0.1,9,9,CGGGGAACGGTGATTGCTCT,0,3786382
tolCp3,0.1,9,9,CGGGATTTCCACATGAGTCG,0,3777989
tolCp3,0.1,9,9,CGGCTTGCCGGAAGAGCTCA,0,3807193
tolCp3,0.1,9,9,CGCGGAGCACCGGCCAGGAT,0,3802875
tolCp3,0.1,9,9,CGCGCTCTAATCTAACCTGC,0,3788696
tolCp3,0.1,9,9,CGCATTCGGGCAGCCTCCCT,0,3808086
tolCp3,0.1,9,9,CGATTGTGTGTTGCTATTCA,0,3799718
tolCp3,0.1,9,9,CGATTGCGCAACGTGCCTGA,0,3793518
tolCp3,0.1,9,9,CGATCGAACCGTAGCACGCT,0,3805892
tolCp3,0.1,9,9,CGATCAACTTTAACATCCGC,0,3799613
tolCp3,0.1,9,9,CGATATTTATGAACGTGCCA,0,3787464
tolCp3,0.1,9,9,CGAGTAGCTCAACAAACTTT,0,3809337
tolCp3,0.1,9,9,CGACCTGAGGTAACAACAGT,0,3807394
tolCp3,0.1,9,9,CCTTTGCGTTTCCTCGCTAT,0,3798060
tolCp3,0.1,9,9,CCTTCTATGAGAAGGGCCTA,0,3798433
tolCp3,0.1,9,9,CCTGGGGCGACAATCGCTGG,0,3791871
tolCp3,0.1,9,9,CCTGGGCGATTCGGCATTAA,0,3783944
tolCp3,0.1,9,9,CCTGCGCGTTGGCACGCCGA,0,3783649
tolCp3,0.1,9,9,CCTCGGGGGGGATTGCAGTA,0,3801873
tolCp3,0.1,9,9,CCTCGCTCTTACGGAGACAA,0,3778398
tolCp3,0.1,9,9,CCTCATTGTAATAGATTAAT,0,3778600
tolCp3,0.1,9,9,CCGGTTTCCCAAAACACTGC,0,3802156
tolCp3,0.1,9,9,CCGAGTACCCAGATGCCTGC,0,3803816
tolCp3,0.1,9,9,CCGAGCGAGAAAACAGCGCA,0,3784323
tolCp3,0.1,9,9,CCCTGGGCTCACATGCATAT,0,3784444
tolCp3,0.1,9,9,CCCTCACTTTGAAGCATGGG,0,3795639
tolCp3,0.1,9,9,CCCGCGGTCTCACTCGCAAC,0,3801359
tolCp3,0.1,9,9,CCATCTTCTAGTACTTCGAA,0,3782689
tolCp3,0.1,9,9,CCATATGGCTGACCGGGCCG,0,3778497
tolCp3,0.1,9,9,CCATAGTCCCGCCTTCGCGT,0,3783377
tolCp3,0.1,9,9,CCACTCGCTCCCTATGGCTA,0,3806311
tolCp3,0.1,9,9,CCACGAGCGCGAGCGACTAG,0,3802994
tolCp3,0.1,9,9,CCAAGAAGCAGTCTCAGTCA,0,3775451
tolCp3,0.1,9,9,CATTTATGGCGGTAGCCCAA,0,3790091
tolCp3,0.1,9,9,CATGCTTGCCCCTATATATC,0,3783151
tolCp3,0.1,9,9,CATGAAGTCTACGCAGTAAG,0,3795747
tolCp3,0.1,9,9,CATATCACGCAGGTTGGAAA,0,3781868
tolCp3,0.1,9,9,CAGTGTTTCGTCGGGGGTAC,0,3774634
tolCp3,0.1,9,9,CAGTAGAATGTTGCAGAAGT,0,3795303
tolCp3,0.1,9,9,CAGGTTAACCTTTCGCCATA,0,3808468
tolCp3,0.1,9,9,CAGGCCTCCCGGTCTACGCT,0,3799375
tolCp3,0.1,9,9,CAGGAATCAACCAGGTCATA,0,3788238
tolCp3,0.1,9,9,CAGAAGGGGATACTATAGCT,0,3776439
tolCp3,0.1,9,9,CACTTTCACCTAGAGTTATC,0,3776276
tolCp3,0.1,9,9,CACTGTAAACTCTGGGCCAA,0,3778740
tolCp3,0.1,9,9,CACTACCAGTGCTTTTTCGT,0,3788588
tolCp3,0.1,9,9,CACGGTGATTTTGTACACTC,0,3774955
tolCp3,0.1,9,9,CACGCTGACTCAGTTCAATG,0,3781033
tolCp3,0.1,9,9,CAATTCGTATATGTAGTCAG,0,3787605
tolCp3,0.1,9,9,CAAATCTATGGCCTATGAAG,0,3804232
tolCp3,0.1,9,9,CAAAAATGAGATAGGACACT,0,3778490
tolCp3,0.1,9,9,ATTGCTGGCTGTAAAGCCTA,0,3809304
tolCp3,0.1,9,9,ATTGCCTTACGTAAGCATCC,0,3776817
tolCp3,0.1,9,9,ATTCCTCTCCCGCATTTATT,0,3792060
tolCp3,0.1,9,9,ATTACTTATGATTGGAAAGA,0,3787382
tolCp3,0.1,9,9,ATGCGTCGGCCAGCCGCCAA,0,3798317
tolCp3,0.1,9,9,ATCAGCTGAAAGGGTAGAGT,0,3777154
tolCp3,0.1,9,9,ATCAGCCCACATTCTGGTAG,0,3786713
tolCp3,0.1,9,9,ATATTGTTTTATGTGATATA,0,3783775
tolCp3,0.1,9,9,ATATGGCTATTGCTACCCCC,0,3806519
tolCp3,0.1,9,9,ATAGGGGCACCGGATGTTGC,0,3786878
tolCp3,0.1,9,9,ATAGGGATCCAACACCAATT,0,3777110
tolCp3,0.1,9,9,ATAGCTGAGTAAAACACCTA,0,3793690
tolCp3,0.1,9,9,ATAGATGATTGACTTAGGGT,0,3783723
tolCp3,0.1,9,9,ATACCCGAAACTTCAGTTCC,0,3786257
tolCp3,0.1,9,9,ATAAATGAGAGTCACATAAT,0,3775319
tolCp3,0.1,9,9,AGTTCTTTACTTACTTCGCG,0,3787818
tolCp3,0.1,9,9,AGTTAGCTCGTCTCTTTCGT,0,3792810
tolCp3,0.1,9,9,AGTGTCTTCAGTATTATTAT,0,3802049
tolCp3,0.1,9,9,AGTGTCGCAGAGAGGGCGGT,0,3800465
tolCp3,0.1,9,9,AGTCTTATTGTCGAACCGAG,0,3807622
tolCp3,0.1,9,9,AGTCGTAGTGTCTTCGAGTG,0,3794470
tolCp3,0.1,9,9,AGTCATCCGGTGGCGTATAA,0,3780072
tolCp3,0.1,9,9,AGTCAATGCTGTTCAGCTCA,0,3800941
tolCp3,0.1,9,9,AGTAGCAGCACAAGATCTCA,0,3776194
tolCp3,0.1,9,9,AGTACCCCGTTATTCCGGGT,0,3793267
tolCp3,0.1,9,9,AGGTTGGAAGGAAAGCGTGA,0,3787536
tolCp3,0.1,9,9,AGGTGTGCGTTACACGAGAG,0,3778271
tolCp3,0.1,9,9,AGGTACGAACCAATTGCGCG,0,3799679
tolCp3,0.1,9,9,AGGTACCTCGGCCTCTTGTG,0,3789018
tolCp3,0.1,9,9,AGGGTTTTCTTTGGGAGGCT,0,3804950
tolCp3,0.1,9,9,AGGCCATGATCGGGTCCTAT,0,3798722
tolCp3,0.1,9,9,AGGATAGGGTCGAATATTCC,0,3793795
tolCp3,0.1,9,9,AGGAGGTGAACGAGATACCT,0,3800559
tolCp3,0.1,9,9,AGCTCAGTTTCTTAGAGGCC,0,3777409
tolCp3,0.1,9,9,AGCTATTTGGATCACGTGCT,0,3800484
tolCp3,0.1,9,9,AGCCCTACGCTTCGTTGGCT,0,3797989
tolCp3,0.1,9,9,AGCCCCATGGATGGTGCTAA,0,3800566
tolCp3,0.1,9,9,AGCACGAGGAAGCGCTAGCA,0,3779576
tolCp3,0.1,9,9,AGATCTAGCCGTGATAGGTG,0,3778995
tolCp3,0.1,9,9,AGATAGCCGGCGATTTAGCG,0,3807352
tolCp3,0.1,9,9,AGAGTAACATAGTGGTTTTT,0,3802230
tolCp3,0.1,9,9,AGAGGTATAAGAAGTCGATG,0,3787577
tolCp3,0.1,9,9,AGAGCTCAAAAAATTATCGT,0,3787895
tolCp3,0.1,9,9,AGACGTGTAGCAACGATCAA,0,3789219
tolCp3,0.1,9,9,AGACAACCTTGATAGCCCTA,0,3800911
tolCp3,0.1,9,9,AGAAATGTCACTGCTCCAAT,0,3776963
tolCp3,0.1,9,9,ACTTGTCAATTCTTGATGGA,0,3784121
tolCp3,0.1,9,9,ACTTCCTACGTGAATTAGGG,0,3796366
tolCp3,0.1,9,9,ACTGGTCTAGCTCTAGCGAT,0,3802232
tolCp3,0.1,9,9,ACTGGTCCCGTGGGTTTTTT,0,3786592
tolCp3,0.1,9,9,ACTCGTTAAGGGCTTGGTAA,0,3781470
tolCp3,0.1,9,9,ACTAAAGGTATACGAACACG,0,3788891
tolCp3,0.1,9,9,ACGGTTAGATTGTCCCCATA,0,3794009
tolCp3,0.1,9,9,ACGGCCTCGACGAGCAGAGG,0,3777855
tolCp3,0.1,9,9,ACGAAGAACCAATGGAATAT,0,3782575
tolCp3,0.1,9,9,ACCTGGAAGGGGGCCAACGT,0,3805093
tolCp3,0.1,9,9,ACCCTTGCCGTGGCAAGTCC,0,3777083
tolCp3,0.1,9,9,ACCATAGGGTGTATTTTCCA,0,3775723
tolCp3,0.1,9,9,ACATTGAAATTTATCTCCGA,0,3788683
tolCp3,0.1,9,9,ACAGTACAACAAATGGGGTC,0,3778459
tolCp3,0.1,9,9,ACACGCTCGTCTTCGCAAGT,0,3792333
tolCp3,0.1,9,9,ACAAATAGAGGTCCTACAAT,0,3798873
tolCp3,0.1,9,9,AATTTTCTGTGGTCAGCGCG,0,3793796
tolCp3,0.1,9,9,AATTGTGTCAGGTTAATGAG,0,3776603
tolCp3,0.1,9,9,AATTCCTTGCTAGATGGCGG,0,3774546
tolCp3,0.1,9,9,AATGGGAAATTTCGGAGCTA,0,3806941
tolCp3,0.1,9,9,AATGCAGAGCTGCAGAAGGA,0,3787533
tolCp3,0.1,9,9,AATAGCCAAGCGCCAAGTGT,0,3784195
tolCp3,0.1,9,9,AATACCAGTGGGAGCACGGC,0,3798449
tolCp3,0.1,9,9,AAGTAGGTCCTTTCCTGGGT,0,3800554
tolCp3,0.1,9,9,AAGGTGTCCAACGCGGCCCC,0,3790699
tolCp3,0.1,9,9,AAGGTCATCCCTAGCAGAAG,0,3780249
tolCp3,0.1,9,9,AAGGGGGATGACCCTTGCTC,0,3791347
tolCp3,0.1,9,9,AAGCCAGACTTTATACGAAA,0,3799062
tolCp3,0.1,9,9,AACTATGACTTATGGGGGCG,0,3798955
tolCp3,0.1,9,9,AACTACTGTGGTGACTTTTA,0,3781710
tolCp3,0.1,9,9,AACGCCTAGGAGAGATAGGG,0,3774794
tolCp3,0.1,9,9,AACCTTTCGCATGTCCAGAT,0,3795638
tolCp3,0.1,9,9,AACATTGAGGCCAAGCTGAG,0,3790606
tolCp3,0.1,9,9,AACATTCATCCCTGTTAATT,0,3783484
tolCp3,0.1,9,9,AACAACTGCTCGCTCGGTGT,0,3807031
tolCp3,0.1,9,9,AAAGTTTTGAAAACCGCTTC,0,3780190
tolCp3,0.1,9,9,AAACACTTAGAAATGAAAGA,0,3777213
tolCp3,0.1,9,9,AAAAGACTGTTCGTATTGAA,0,3778817
tolCp3,0.1111111111111111,8,8,TTTTGTTGGAGACTGCGGAG,0,3797602
tolCp3,0.1111111111111111,8,8,TTTTGGTCACTGGAGTCGGA,0,3784368
tolCp3,0.1111111111111111,8,8,TTTTACTCAGAGTCCTCCGA,0,3788206
tolCp3,0.1111111111111111,8,8,TTTGTGCAGCGAGTCTAGAC,0,3803593
tolCp3,0.1111111111111111,8,8,TTTGCAATCGTCTTAAATAG,0,3777756
tolCp3,0.1111111111111111,8,8,TTTCGTCTGCTGCACTCGAA,0,3799011
tolCp3,0.1111111111111111,8,8,TTTAATAGGGAAGAACATAT,0,3792762
tolCp3,0.1111111111111111,8,8,TTGTTGTGAGAATAGACCAT,0,3778317
tolCp3,0.1111111111111111,8,8,TTGTGTGTTTTAATTATAGC,0,3778454
tolCp3,0.1111111111111111,8,8,TTGTATCTTCGAGTGTATCT,0,3779874
tolCp3,0.1111111111111111,8,8,TTGGTCTAAGCCTCCGTTAC,0,3797538
tolCp3,0.1111111111111111,8,8,TTGGTCATTGCGAGCATTTA,0,3797412
tolCp3,0.1111111111111111,8,8,TTGCGCCTAGAGGCACTGGA,0,3799080
tolCp3,0.1111111111111111,8,8,TTGATGTGGCGTGCTCCCAG,0,3792292
tolCp3,0.1111111111111111,8,8,TTGAGTTAGAATGGATAATG,0,3787133
tolCp3,0.1111111111111111,8,8,TTCTTGCGGCAACATTCGCG,0,3778652
tolCp3,0.1111111111111111,8,8,TTCTTCGTAGAAAGACATAT,0,3800578
tolCp3,0.1111111111111111,8,8,TTCGCGAGACCGTATATTAA,0,3783070
tolCp3,0.1111111111111111,8,8,TTCGACTTCAGTCTGTTCCC,0,3793899
tolCp3,0.1111111111111111,8,8,TTCCGCCGGGGCCATGATCA,0,3806942
tolCp3,0.1111111111111111,8,8,TTCAGCAGTAGGGTACAAGG,0,3777709
tolCp3,0.1111111111111111,8,8,TTCAAGAGAGTTCTACGGGA,0,3788098
tolCp3,0.1111111111111111,8,8,TTATTTACGGGAGAGTAGTG,0,3801453
tolCp3,0.1111111111111111,8,8,TTAGTATTAGTTTTGGCTCC,0,3794130
tolCp3,0.1111111111111111,8,8,TTAGGATCGAGCGTTTCCTG,0,3778715
tolCp3,0.1111111111111111,8,8,TTAGCGACTGTGGAGGATAA,0,3783056
tolCp3,0.1111111111111111,8,8,TTAGAAGTCCAAATAAAGCA,0,3778782
tolCp3,0.1111111111111111,8,8,TGTGTTCCTAATATTGCCAA,0,3801576
tolCp3,0.1111111111111111,8,8,TGTGGAAGGTAGCGAGTAGG,0,3804851
tolCp3,0.1111111111111111,8,8,TGTCACAACAAGCACCATGC,0,3776299
tolCp3,0.1111111111111111,8,8,TGTATTGCTAGGGGCCTGGT,0,3785909
tolCp3,0.1111111111111111,8,8,TGTAGATCGCATTCTCTAGG,0,3781074
tolCp3,0.1111111111111111,8,8,TGTACCAGACATCGTTGGAC,0,3800987
tolCp3,0.1111111111111111,8,8,TGTAAGAGGCTCGAGTGAGA,0,3791198
tolCp3,0.1111111111111111,8,8,TGGTGCGAGGGTCACTCTTG,0,3775865
tolCp3,0.1111111111111111,8,8,TGGGGTTCTGGACACACCGA,0,3791769
tolCp3,0.1111111111111111,8,8,TGGGCTACCCCGTTAAGTCT,0,3790429
tolCp3,0.1111111111111111,8,8,TGGGCCTGAATCCTCCCGAT,0,3785472
tolCp3,0.1111111111111111,8,8,TGGGATGTTAGGGACAAATG,0,3796442
tolCp3,0.1111111111111111,8,8,TGGCATTCTTGACGACAAGC,0,3799627
tolCp3,0.1111111111111111,8,8,TGGCACGGTTGTCACAAGCG,0,3776747
tolCp3,0.1111111111111111,8,8,TGGCAAAGTGGAGTATCTAG,0,3780556
tolCp3,0.1111111111111111,8,8,TGGATGTCGTATTCTTTTAG,0,3784124
tolCp3,0.1111111111111111,8,8,TGGACTCGGTAAACAGCGAT,0,3791554
tolCp3,0.1111111111111111,8,8,TGCCGACCCGCCTCGGTACT,0,3800146
tolCp3,0.1111111111111111,8,8,TGCAGTCGGGCCTCCAGAAG,0,3806767
tolCp3,0.1111111111111111,8,8,TGCAGATACTTACGATTCAA,0,3788409
tolCp3,0.1111111111111111,8,8,TGATAGACGTGTCTCAGTCT,0,3795461
tolCp3,0.1111111111111111,8,8,TGAGGGTCAGGAGTAGGGCG,0,3802144
tolCp3,0.1111111111111111,8,8,TCTGTCAATACGTCTTCAGC,0,3779642
tolCp3,0.1111111111111111,8,8,TCTGAGGTAACATTCCGTGG,0,3784978
tolCp3,0.1111111111111111,8,8,TCTGAAAAACCGTAGAATTA,0,3778967
tolCp3,0.1111111111111111,8,8,TCTAGTGCCCTAACCCTAGA,0,3799708
tolCp3,0.1111111111111111,8,8,TCTAACATCATTACAAAGAG,0,3805209
tolCp3,0.1111111111111111,8,8,TCGTGCGTGTCAACACCACT,0,3799397
tolCp3,0.1111111111111111,8,8,TCGTCCAGTTAGAGGTTTTT,0,3782490
tolCp3,0.1111111111111111,8,8,TCGGGTTACGGGTATTGTGC,0,3805590
tolCp3,0.1111111111111111,8,8,TCGCGAAAGACATCTACGCA,0,3799401
tolCp3,0.1111111111111111,8,8,TCCGTAGGGTGTTAGCGATT,0,3797238
tolCp3,0.1111111111111111,8,8,TCCGGACCTCCACTCAAGAA,0,3803051
tolCp3,0.1111111111111111,8,8,TCCATCAGTCCTCTGCCGGT,0,3784566
tolCp3,0.1111111111111111,8,8,TCATTTCGCTCTACATGCGT,0,3789361
tolCp3,0.1111111111111111,8,8,TCATTAGACGGCCATAGCAG,0,3789356
tolCp3,0.1111111111111111,8,8,TCAGGGCTGGAAATGGGATC,0,3776356
tolCp3,0.1111111111111111,8,8,TCAGAATGGTAGTCACTTTA,0,3783743
tolCp3,0.1111111111111111,8,8,TCACATATTGTCAAGTGCTA,0,3800859
tolCp3,0.1111111111111111,8,8,TCACACCCCTAACTATGCGC,0,3800162
tolCp3,0.1111111111111111,8,8,TCAAGACTGCTGGAAGTCAA,0,3780241
tolCp3,0.1111111111111111,8,8,TATGCTTAGAAAGTTTGCTC,0,3788796
tolCp3,0.1111111111111111,8,8,TATGAGACTAATGCGTAAGA,0,3779318
tolCp3,0.1111111111111111,8,8,TATGAAGACAGGTTCACGGG,0,3806506
tolCp3,0.1111111111111111,8,8,TATCTATGATGATTGCATTG,0,3786068
tolCp3,0.1111111111111111,8,8,TATCCCTCGGTCGCACCGGA,0,3777600
tolCp3,0.1111111111111111,8,8,TATACGACGTCAGTGGTCCT,0,3805420
tolCp3,0.1111111111111111,8,8,TATAATCTTGCGTTACGTGC,0,3781254
tolCp3,0.1111111111111111,8,8,TAGTCCAGCCCAGTGATGGT,0,3783744
tolCp3,0.1111111111111111,8,8,TAGGACTTGCATCGGAAAGA,0,3779980
tolCp3,0.1111111111111111,8,8,TAGCTCTCATGGCAAAGGAT,0,3790381
tolCp3,0.1111111111111111,8,8,TAGCCGTAAGTCGTGGCGAG,0,3790862
tolCp3,0.1111111111111111,8,8,TAGCAGCGGCGCATTAAGGC,0,3796936
tolCp3,0.1111111111111111,8,8,TACTCTAAGGTCTATAATGT,0,3798467
tolCp3,0.1111111111111111,8,8,TACGGTGCCCAGGTTTCCCG,0,3785284
tolCp3,0.1111111111111111,8,8,TACCTTTGGAGCCGGCTTGG,0,3780071
tolCp3,0.1111111111111111,8,8,TACCGGATGTGCATGCGCCT,0,3799913
tolCp3,0.1111111111111111,8,8,TACATCCCCGGACATATTAG,0,3782449
tolCp3,0.1111111111111111,8,8,TACAGGTGAGCTTAGACCAG,0,3781519
tolCp3,0.1111111111111111,8,8,TACAGCATCTCACAGTGGCG,0,3796192
tolCp3,0.1111111111111111,8,8,TACACCCGAGGCTCCAGGCG,0,3775398
tolCp3,0.1111111111111111,8,8,TACACCACCAAAGGTTACAA,0,3802634
tolCp3,0.1111111111111111,8,8,TAAGCCTCTCGTATTCAAAG,0,3804247
tolCp3,0.1111111111111111,8,8,TAAGCAGCGTTGTCCTTTTT,0,3778646
tolCp3,0.1111111111111111,8,8,TAAGACGCACGATTTAAGAG,0,3790080
tolCp3,0.1111111111111111,8,8,TAACGGGGAAGACCTTCAGT,0,3778236
tolCp3,0.1111111111111111,8,8,TAACCCCCCATGGATCTCGT,0,3798152
tolCp3,0.1111111111111111,8,8,GTTTTGAAGGTAAGCATCAC,0,3806146
tolCp3,0.1111111111111111,8,8,GTTTCCCTACCTACGGTCAC,0,3785130
tolCp3,0.1111111111111111,8,8,GTTTATCAAGCGGCCCGGCC,0,3784698
tolCp3,0.1111111111111111,8,8,GTTGTTGCAAGGAAAAAGAC,0,3806606
tolCp3,0.1111111111111111,8,8,GTTGGGTATATGGCCTCAGC,0,3780788
tolCp3,0.1111111111111111,8,8,GTTGGGCCGCTTTTTACGTA,0,3790842
tolCp3,0.1111111111111111,8,8,GTTCACTCCGAGACTGCAAA,0,3800418
tolCp3,0.1111111111111111,8,8,GTTATACTTTGTAACCAAGT,0,3780842
tolCp3,0.1111111111111111,8,8,GTTAACTGAACCTAATTTGA,0,3799110
tolCp3,0.1111111111111111,8,8,GTGTTAGTTCTATCGGGTAG,0,3787762
tolCp3,0.1111111111111111,8,8,GTGCTTAGTGTTGACGGTAC,0,3776284
tolCp3,0.1111111111111111,8,8,GTGCGTTGGCAGGTACGTCA,0,3782207
tolCp3,0.1111111111111111,8,8,GTGCCTGCCGGCATCCGTAT,0,3785859
tolCp3,0.1111111111111111,8,8,GTGCCAGCCAGTTGGCCGAG,0,3791804
tolCp3,0.1111111111111111,8,8,GTCTGCTGTCACTAATTTTA,0,3808132
tolCp3,0.1111111111111111,8,8,GTCGGGTTCACATTGCAGGT,0,3787399
tolCp3,0.1111111111111111,8,8,GTCCACCCCACACTGGGAAG,0,3776162
tolCp3,0.1111111111111111,8,8,GTCAGCGGTGTTGTCGGAGG,0,3797809
tolCp3,0.1111111111111111,8,8,GTCACGGACGTTACTCATGA,0,3801646
tolCp3,0.1111111111111111,8,8,GTATGGCGCGCCGTCACGTG,0,3779281
tolCp3,0.1111111111111111,8,8,GTATCCTGTTGAGCCGCTCA,0,3806139
tolCp3,0.1111111111111111,8,8,GTAGGCTCCGCTTGAGTTCT,0,3777599
tolCp3,0.1111111111111111,8,8,GTAACGGGACTAAGCCAGTA,0,3796271
tolCp3,0.1111111111111111,8,8,GGTGTACGCGGTATGATAGG,0,3791942
tolCp3,0.1111111111111111,8,8,GGTGGCTTTGAGTGGGAGAT,0,3780701
tolCp3,0.1111111111111111,8,8,GGTCCATTAATTGACCCGAG,0,3780349
tolCp3,0.1111111111111111,8,8,GGTAGCGTCAGTGACGCCAG,0,3799289
tolCp3,0.1111111111111111,8,8,GGGTTCAAGCCTATAGGCCA,0,3803276
tolCp3,0.1111111111111111,8,8,GGGTATTCACGGCCCAGCCG,0,3788389
tolCp3,0.1111111111111111,8,8,GGGTATACTCCGCTGCGACC,0,3806278
tolCp3,0.1111111111111111,8,8,GGGGGGGATGAGCTGTAGCA,0,3793305
tolCp3,0.1111111111111111,8,8,GGGGGGAAATCGGGGACTAT,0,3782504
tolCp3,0.1111111111111111,8,8,GGGGATGTTAGAAGCTCATT,0,3806347
tolCp3,0.1111111111111111,8,8,GGGGAATATCAACTCTCGCA,0,3793567
tolCp3,0.1111111111111111,8,8,GGGCCGGGCTGTTCAGACCC,0,3775896
tolCp3,0.1111111111111111,8,8,GGGAGCTGTGCTGCGAGCCG,0,3790229
tolCp3,0.1111111111111111,8,8,GGGAAGCGCGTGACCATGCT,0,3802612
tolCp3,0.1111111111111111,8,8,GGCTGAATCTGCCCCCCAAT,0,3807621
tolCp3,0.1111111111111111,8,8,GGCTATACACCAAGTTGCCC,0,3788077
tolCp3,0.1111111111111111,8,8,GGCGGGAGAATGCTCATAAT,0,3788569
tolCp3,0.1111111111111111,8,8,GGCGAACCATTAATCGGCCT,0,3797667
tolCp3,0.1111111111111111,8,8,GGCCTCAACGTACAGATCGT,0,3784414
tolCp3,0.1111111111111111,8,8,GGCCCCGTAACAAGTGGACG,0,3781736
tolCp3,0.1111111111111111,8,8,GGCCAGGTTTAATCGACGGT,0,3779140
tolCp3,0.1111111111111111,8,8,GGATCATGTGCTTCCACTCC,0,3799164
tolCp3,0.1111111111111111,8,8,GGAGTTACGCTATGCCCCGT,0,3804398
tolCp3,0.1111111111111111,8,8,GGAGCTCCGGTTACCAACGA,0,3787089
tolCp3,0.1111111111111111,8,8,GGAGATATCTACAAAAGAGT,0,3792723
tolCp3,0.1111111111111111,8,8,GGAGACCGGGGTTATTCTAA,0,3786322
tolCp3,0.1111111111111111,8,8,GGACAGGTTACGGGATGGCT,0,3797217
tolCp3,0.1111111111111111,8,8,GGACAGAACTGAACTCCTAG,0,3788335
tolCp3,0.1111111111111111,8,8,GCTTTTCACGTAGTGAATAC,0,3800699
tolCp3,0.1111111111111111,8,8,GCTTGGGCAAGTGCGCTCTT,0,3801727
tolCp3,0.1111111111111111,8,8,GCTTCTTCAGACTTGAGGCA,0,3776122
tolCp3,0.1111111111111111,8,8,GCTGGGCGAGCGACCATTCA,0,3805876
tolCp3,0.1111111111111111,8,8,GCTGGCGACGGGGGAGGATA,0,3791702
tolCp3,0.1111111111111111,8,8,GCTGGATCAAATATTCTCTT,0,3783044
tolCp3,0.1111111111111111,8,8,GCTGAGATCCTGCGGATTAG,0,3809258
tolCp3,0.1111111111111111,8,8,GCGTGCAAGCTGTGTTTGTG,0,3776920
tolCp3,0.1111111111111111,8,8,GCGATTTGAAGTAGACTCGA,0,3804146
tolCp3,0.1111111111111111,8,8,GCGACCCATTATATGGGTAT,0,3798803
tolCp3,0.1111111111111111,8,8,GCGAAATACTAAACAACATC,0,3791771
tolCp3,0.1111111111111111,8,8,GCCGCTGGTTTCACGCCGTG,0,3795769
tolCp3,0.1111111111111111,8,8,GCCACTGACACCTTCGGAAC,0,3782825
tolCp3,0.1111111111111111,8,8,GCCACCCGTCTGGCAAACCT,0,3798149
tolCp3,0.1111111111111111,8,8,GCATCAAGTACTTAGTAAAC,0,3792747
tolCp3,0.1111111111111111,8,8,GATTCTCGGACCTTAGCCCT,0,3777919
tolCp3,0.1111111111111111,8,8,GATTAAATGTTTGGGACTAA,0,3797219
tolCp3,0.1111111111111111,8,8,GATGCAATGGGAAGCTGCAA,0,3802895
tolCp3,0.1111111111111111,8,8,GATGACCCTGCTATAGACCA,0,3788741
tolCp3,0.1111111111111111,8,8,GATCATCTGCAGGTGGTGGA,0,3793057
tolCp3,0.1111111111111111,8,8,GATCAGATTTCTAGACGTAC,0,3808896
tolCp3,0.1111111111111111,8,8,GAGTCCAATACCGCCGGGTG,0,3806566
tolCp3,0.1111111111111111,8,8,GAGGGAAGTCCACGGTGTCT,0,3784631
tolCp3,0.1111111111111111,8,8,GAGGGAAGGGGTAAAAGAAC,0,3781318
tolCp3,0.1111111111111111,8,8,GAGGCTTGACAGGGTTAAGG,0,3804768
tolCp3,0.1111111111111111,8,8,GAGCGAGGGAATTGTGCCGC,0,3778916
tolCp3,0.1111111111111111,8,8,GAGCCGTTGGCCCAGTCGAG,0,3782062
tolCp3,0.1111111111111111,8,8,GAGCCGAAACAATAACTGTA,0,3776109
tolCp3,0.1111111111111111,8,8,GACTGCGCCGTATTCTAGGG,0,3802683
tolCp3,0.1111111111111111,8,8,GACGTTTACACACACTCGCT,0,3776979
tolCp3,0.1111111111111111,8,8,GACCGCTTTCAGGGACCATC,0,3782617
tolCp3,0.1111111111111111,8,8,GACCCGGCTCCTTATGCGAA,0,3776870
tolCp3,0.1111111111111111,8,8,GACCATAGGAGGCAATGGGG,0,3776906
tolCp3,0.1111111111111111,8,8,GACAATAGGTAAGGTTACCT,0,3791721
tolCp3,0.1111111111111111,8,8,GACAAATTGATGACAGATCA,0,3792791
tolCp3,0.1111111111111111,8,8,GAAGTTAATCCGCCGTAGAA,0,3791097
tolCp3,0.1111111111111111,8,8,GAAGTAAAACCAAAGGACCC,0,3782890
tolCp3,0.1111111111111111,8,8,GAAGCGAGAGAATCAGCGAG,0,3801381
tolCp3,0.1111111111111111,8,8,GAAGCATACGGGCGTTACCT,0,3783989
tolCp3,0.1111111111111111,8,8,GAAATTCTCTATACTCGTAA,0,3798414
tolCp3,0.1111111111111111,8,8,GAAACGCGACACCGCATATG,0,3786164
tolCp3,0.1111111111111111,8,8,CTTTCCTAGCTCTAGAAGGT,0,3775473
tolCp3,0.1111111111111111,8,8,CTTGTTTGAACCGGTTGAGT,0,3779600
tolCp3,0.1111111111111111,8,8,CTTCGGTCGAGTTCTCTATG,0,3792213
tolCp3,0.1111111111111111,8,8,CTTCATTCCCTTAACCATGG,0,3781005
tolCp3,0.1111111111111111,8,8,CTTCATATCAGATAGTAAAA,0,3790927
tolCp3,0.1111111111111111,8,8,CTGTGAAAGCTAGTACCGCA,0,3801050
tolCp3,0.1111111111111111,8,8,CTGTCTCCAATGGGGTAGGA,0,3785504
tolCp3,0.1111111111111111,8,8,CTGGGTTCTAGTAGGGTGTA,0,3786439
tolCp3,0.1111111111111111,8,8,CTGGACCTGCCCCCGAAGTA,0,3797196
tolCp3,0.1111111111111111,8,8,CTGCCGACCGTTTTGGCCAC,0,3788243
tolCp3,0.1111111111111111,8,8,CTCTAGCGCGAAGTTTTACA,0,3794651
tolCp3,0.1111111111111111,8,8,CTCGGGTTTCGGAAAAGTGT,0,3804032
tolCp3,0.1111111111111111,8,8,CTCCTTGGCGGGTGTGCTCG,0,3791791
tolCp3,0.1111111111111111,8,8,CTCCTGCGAATATTATTGAT,0,3782512
tolCp3,0.1111111111111111,8,8,CTCCGGGCGCCTTTGCCAGG,0,3805621
tolCp3,0.1111111111111111,8,8,CTCCGAATATCTATGAGCGC,0,3795953
tolCp3,0.1111111111111111,8,8,CTCCCCTTGGCCTGTCCGGC,0,3785229
tolCp3,0.1111111111111111,8,8,CTCATGTAATTGGGGTTTGG,0,3795360
tolCp3,0.1111111111111111,8,8,CTCAGTTTGCCCGGACAGCA,0,3802094
tolCp3,0.1111111111111111,8,8,CTATGGTTTCCATTCAGCCC,0,3779597
tolCp3,0.1111111111111111,8,8,CTATACACGACGCGCATAGG,0,3779360
tolCp3,0.1111111111111111,8,8,CTAGCCGGTGCATCCAGTGT,0,3778149
tolCp3,0.1111111111111111,8,8,CTACATCCTTAGATTACATT,0,3791701
tolCp3,0.1111111111111111,8,8,CTAAGGCAAACAAGTCGCTC,0,3783431
tolCp3,0.1111111111111111,8,8,CTAAAGACCTCTGAGACGTG,0,3794519
tolCp3,0.1111111111111111,8,8,CGTTTTGTGAGGCATCTAAA,0,3805180
tolCp3,0.1111111111111111,8,8,CGTTGATCTGGTCAAGCGGT,0,3790751
tolCp3,0.1111111111111111,8,8,CGTGTGCTTCCGACGGTTGC,0,3775399
tolCp3,0.1111111111111111,8,8,CGTGTCTGGGCGTGCGGGAA,0,3807475
tolCp3,0.1111111111111111,8,8,CGTAAGTGGCTGAACCTGCA,0,3799641
tolCp3,0.1111111111111111,8,8,CGTAACTGATTGATAGGTGA,0,3801789
tolCp3,0.1111111111111111,8,8,CGGGGACCGCATCAACAACT,0,3787679
tolCp3,0.1111111111111111,8,8,CGGCTATTAATAAGCGAATG,0,3785351
tolCp3,0.1111111111111111,8,8,CGGCAGGGGTGGCTCCAGGC,0,3788610
tolCp3,0.1111111111111111,8,8,CGGAGGTCCAATTACAAGCA,0,3797730
tolCp3,0.1111111111111111,8,8,CGGACTTAGGATGGCTACAT,0,3806080
tolCp3,0.1111111111111111,8,8,CGGACTGTATTTCTCGTAGA,0,3800215
tolCp3,0.1111111111111111,8,8,CGGAAGGCGTTATCAGTGGG,0,3785806
tolCp3,0.1111111111111111,8,8,CGCTTTAACTATAACATACT,0,3798185
tolCp3,0.1111111111111111,8,8,CGCTTGCGCTCATGGTCCTT,0,3776943
tolCp3,0.1111111111111111,8,8,CGCTCAGTAACGAACTTCGA,0,3779775
tolCp3,0.1111111111111111,8,8,CGCTAGCGCCCTCCTGGGTC,0,3798333
tolCp3,0.1111111111111111,8,8,CGCATACACGTTCACATAAC,0,3776314
tolCp3,0.1111111111111111,8,8,CGATCGTCATTACCTGGGCG,0,3804720
tolCp3,0.1111111111111111,8,8,CGATATGTGCGAAATTTAGT,0,3800402
tolCp3,0.1111111111111111,8,8,CGAGGCGTCAGTATCTGCAT,0,3807001
tolCp3,0.1111111111111111,8,8,CGAGCGATATGTATTAGGCA,0,3784915
tolCp3,0.1111111111111111,8,8,CGAGAGAAACGTCGATAAGC,0,3781226
tolCp3,0.1111111111111111,8,8,CGACGTGCTGATTTGAGCAT,0,3782789
tolCp3,0.1111111111111111,8,8,CGACGGAAACGATATTCTGG,0,3798784
tolCp3,0.1111111111111111,8,8,CGAAGTTCTGACAGACTTCC,0,3778966
tolCp3,0.1111111111111111,8,8,CCTTTGGGGTAGTCGTAGTC,0,3791841
tolCp3,0.1111111111111111,8,8,CCTCGCATGGCCGAATGTAG,0,3784146
tolCp3,0.1111111111111111,8,8,CCTAGTGGTGAGGTTAGTGA,0,3781934
tolCp3,0.1111111111111111,8,8,CCTAGGGCCTTTGCCCATTG,0,3796013
tolCp3,0.1111111111111111,8,8,CCTAGCTGGGCTACTTCTGA,0,3776224
tolCp3,0.1111111111111111,8,8,CCGTTTTCCGAGTACATGGC,0,3786919
tolCp3,0.1111111111111111,8,8,CCGTAGCAAAGAACGTCTAA,0,3788329
tolCp3,0.1111111111111111,8,8,CCGGCGTGAGTGTTTAGTAA,0,3785887
tolCp3,0.1111111111111111,8,8,CCGGCCATTTGGTGGGATTA,0,3776128
tolCp3,0.1111111111111111,8,8,CCGGCAATCCTATCCTGGAG,0,3778096
tolCp3,0.1111111111111111,8,8,CCGCTCACTGCTTTATTCAA,0,3785503
tolCp3,0.1111111111111111,8,8,CCGCTAACATCGAGCTCAGA,0,3804139
tolCp3,0.1111111111111111,8,8,CCGCCGTCCAAGAGTGTGGT,0,3804956
tolCp3,0.1111111111111111,8,8,CCGACTGCTACTCTGCATCA,0,3794665
tolCp3,0.1111111111111111,8,8,CCGACAAGTCATGTATGGAT,0,3802171
tolCp3,0.1111111111111111,8,8,CCCTGGCTGTGATTCAGGGA,0,3779966
tolCp3,0.1111111111111111,8,8,CCCTACCGGTCGCTATAGAA,0,3805204
tolCp3,0.1111111111111111,8,8,CCCGAAACACGCTATCGATT,0,3796958
tolCp3,0.1111111111111111,8,8,CCCCGCTAAACACCAACGGT,0,3779519
tolCp3,0.1111111111111111,8,8,CCCATTGTCAACTGGTTGCT,0,3791180
tolCp3,0.1111111111111111,8,8,CCATAACTATACACGGCAGT,0,3794629
tolCp3,0.1111111111111111,8,8,CCACTTGGTCCCTACCTAGT,0,3792604
tolCp3,0.1111111111111111,8,8,CCACGCAGGCCATCCGTCCC,0,3788721
tolCp3,0.1111111111111111,8,8,CCACGAATTTAGTTAGCAGC,0,3787351
tolCp3,0.1111111111111111,8,8,CCACCGAGTCCATATGCCGT,0,3792440
tolCp3,0.1111111111111111,8,8,CCACAATTGCCTCGTTATGC,0,3790721
tolCp3,0.1111111111111111,8,8,CCACAATCTCCCGATGGATA,0,3777447
tolCp3,0.1111111111111111,8,8,CATTATGGCTTCGTATGTTC,0,3794364
tolCp3,0.1111111111111111,8,8,CATGGTAGGCTGACCGTGAA,0,3781588
tolCp3,0.1111111111111111,8,8,CATCTCTGTAGGGGGAGTGC,0,3796695
tolCp3,0.1111111111111111,8,8,CATCCTCCTGGTACTCTCAG,0,3785848
tolCp3,0.1111111111111111,8,8,CATCACCCCTCTATCGAGGG,0,3785453
tolCp3,0.1111111111111111,8,8,CAGTATAGGAGCTTCACGTG,0,3780074
tolCp3,0.1111111111111111,8,8,CAGGTACTCGATGCTAACTC,0,3799621
tolCp3,0.1111111111111111,8,8,CAGGCAATCGCATCCTATGG,0,3800594
tolCp3,0.1111111111111111,8,8,CAGGATCAACGATGAAACGG,0,3786846
tolCp3,0.1111111111111111,8,8,CAGGAGTAACGAATTACATT,0,3778886
tolCp3,0.1111111111111111,8,8,CAGCTGTAATTGGGGTGTCA,0,3798903
tolCp3,0.1111111111111111,8,8,CAGACAATGTGAATGTTCTG,0,3789461
tolCp3,0.1111111111111111,8,8,CACTGGGCGGTAAGTTATTC,0,3778229
tolCp3,0.1111111111111111,8,8,CACTAACTCGGTGCAATCCA,0,3779264
tolCp3,0.1111111111111111,8,8,CACCCGCAGGGAACCTTGTA,0,3777762
tolCp3,0.1111111111111111,8,8,CACAGCAGGATCACAAAATG,0,3783355
tolCp3,0.1111111111111111,8,8,CACAATTGTTCATGTGACAG,0,3774706
tolCp3,0.1111111111111111,8,8,CAATTAACCAAGGGGTGTTT,0,3799374
tolCp3,0.1111111111111111,8,8,CAATGTTCTAACACAGCCAT,0,3791590
tolCp3,0.1111111111111111,8,8,CAATCATTCCTAGAGTAAAC,0,3782590
tolCp3,0.1111111111111111,8,8,CAAGTACACCGAAATGGTAT,0,3804595
tolCp3,0.1111111111111111,8,8,CAAGGGTGCACACATATTCC,0,3790063
tolCp3,0.1111111111111111,8,8,CAAAGCGCTGATAGTACACG,0,3784247
tolCp3,0.1111111111111111,8,8,CAAAAGAACGGAAGACGGAC,0,3775479
tolCp3,0.1111111111111111,8,8,ATTTGCGGGGCAATGATCCA,0,3777446
tolCp3,0.1111111111111111,8,8,ATTGAACCAATGGGTGGCAA,0,3807713
tolCp3,0.1111111111111111,8,8,ATTCGCGGTTAGCGTGATAT,0,3775379
tolCp3,0.1111111111111111,8,8,ATTATAGACCGCTTCCTAAC,0,3807989
tolCp3,0.1111111111111111,8,8,ATTAGATCGTATTAGGCCGG,0,3793634
tolCp3,0.1111111111111111,8,8,ATTAAGCACTACGGCGCGAT,0,3792434
tolCp3,0.1111111111111111,8,8,ATGCTCTCGGGATAAGAGGG,0,3794962
tolCp3,0.1111111111111111,8,8,ATGCAATTCGTCACTGACTC,0,3799408
tolCp3,0.1111111111111111,8,8,ATGATAGCATGACTGATCCC,0,3774516
tolCp3,0.1111111111111111,8,8,ATGAGCTAACCGACTTAGGT,0,3791327
tolCp3,0.1111111111111111,8,8,ATGACACGATGATATCAAGG,0,3790107
tolCp3,0.1111111111111111,8,8,ATGAAGACAACCAGCTAATG,0,3780091
tolCp3,0.1111111111111111,8,8,ATCTTGACCCTCTCAAGTGT,0,3787957
tolCp3,0.1111111111111111,8,8,ATCTCGCATACTGCGAGCTT,0,3787213
tolCp3,0.1111111111111111,8,8,ATCTCCGCCGTATAGCTCAA,0,3785704
tolCp3,0.1111111111111111,8,8,ATCTCCAACTAGATCGGTCC,0,3804185
tolCp3,0.1111111111111111,8,8,ATCTACCTGCCGAGCGAGGT,0,3806202
tolCp3,0.1111111111111111,8,8,ATCGGTGCTGGACGGCGGGT,0,3793227
tolCp3,0.1111111111111111,8,8,ATCGCCAATATTATTTACCT,0,3789142
tolCp3,0.1111111111111111,8,8,ATCCGCGGGCTTTGATTATG,0,3779624
tolCp3,0.1111111111111111,8,8,ATCATCATGGTAAACCAGAC,0,3797599
tolCp3,0.1111111111111111,8,8,ATCACCAACTGCCCTGTGGT,0,3801026
tolCp3,0.1111111111111111,8,8,ATCACAAAATCGTGGGGAAC,0,3787603
tolCp3,0.1111111111111111,8,8,ATCAATTCTTACTTCACCAT,0,3792397
tolCp3,0.1111111111111111,8,8,ATCAATCACAGGCCATGTCG,0,3777166
tolCp3,0.1111111111111111,8,8,ATATAGGCGTAATTCGGCAT,0,3798431
tolCp3,0.1111111111111111,8,8,ATACTCCCGTTTAGACTGAC,0,3779403
tolCp3,0.1111111111111111,8,8,ATACCACGAGGTTTCTTCTA,0,3792662
tolCp3,0.1111111111111111,8,8,ATAAGTTTAAAATGGAGGAC,0,3780892
tolCp3,0.1111111111111111,8,8,AGTTGTCTTCCTAAAGATTA,0,3788523
tolCp3,0.1111111111111111,8,8,AGTTCTGGTGAGCCCTAACG,0,3777445
tolCp3,0.1111111111111111,8,8,AGTTAGACCCTTCAGTATAG,0,3790821
tolCp3,0.1111111111111111,8,8,AGTGTCCGAACCGTCCGCAT,0,3793038
tolCp3,0.1111111111111111,8,8,AGTGTCCATGTGACGATCAC,0,3802854
tolCp3,0.1111111111111111,8,8,AGTATTGCGCAGGCCCCGCC,0,3778284
tolCp3,0.1111111111111111,8,8,AGTAATGAAGTATCGGTACT,0,3795184
tolCp3,0.1111111111111111,8,8,AGGTGCGCTAGATGACCGGT,0,3783194
tolCp3,0.1111111111111111,8,8,AGGGTTCGACAGACTCAGTC,0,3783316
tolCp3,0.1111111111111111,8,8,AGGGGGCATCGTCTCAAACT,0,3802556
tolCp3,0.1111111111111111,8,8,AGGGAACCGACAGGTGAATG,0,3802269
tolCp3,0.1111111111111111,8,8,AGGCCTAATGCATTCTGCGA,0,3793166
tolCp3,0.1111111111111111,8,8,AGGACGCGGCGGCCCACACT,0,3796627
tolCp3,0.1111111111111111,8,8,AGCTGAATGTACAGTAAGTA,0,3798852
tolCp3,0.1111111111111111,8,8,AGCTCTCCCCGCAAGCCCGA,0,3776197
tolCp3,0.1111111111111111,8,8,AGCCTAATCATCCTTACTTC,0,3801807
tolCp3,0.1111111111111111,8,8,AGCATGTGCACAGGTACTTC,0,3799450
tolCp3,0.1111111111111111,8,8,AGCACACACTGATGGCCTAC,0,3800869
tolCp3,0.1111111111111111,8,8,AGATTCTGCGTCAAACGTAA,0,3775256
tolCp3,0.1111111111111111,8,8,AGATTAACTAAATCGAAGAT,0,3796025
tolCp3,0.1111111111111111,8,8,AGATAGGCGTGCTCGTAAGG,0,3783664
tolCp3,0.1111111111111111,8,8,AGAGCTACCCGGTTAAAACC,0,3795371
tolCp3,0.1111111111111111,8,8,AGAGATCTCTCGAGACGGTA,0,3798369
tolCp3,0.1111111111111111,8,8,AGACAGGTACAGATGGAGCT,0,3808143
tolCp3,0.1111111111111111,8,8,AGAACTCACTATACGTTACA,0,3782645
tolCp3,0.1111111111111111,8,8,ACTTCATCCACGTCTCTGCT,0,3797849
tolCp3,0.1111111111111111,8,8,ACTGAAGGCTGGGCCACGTA,0,3808009
tolCp3,0.1111111111111111,8,8,ACTCTTTGAGGTATGGACGT,0,3796051
tolCp3,0.1111111111111111,8,8,ACTCGTACGCCTGCCCGCTG,0,3774648
tolCp3,0.1111111111111111,8,8,ACTCGAAATTTAACTTCGGT,0,3799360
tolCp3,0.1111111111111111,8,8,ACTAACAAAAGAGGCAGAGT,0,3804762
tolCp3,0.1111111111111111,8,8,ACGGTTATAGTCCGGGAATA,0,3801569
tolCp3,0.1111111111111111,8,8,ACGGTGCCCTGTTTACCGAT,0,3780903
tolCp3,0.1111111111111111,8,8,ACCTATAGCGAGTACGTACA,0,3801525
tolCp3,0.1111111111111111,8,8,ACCGGTATCTTAGGAGTGTC,0,3804678
tolCp3,0.1111111111111111,8,8,ACCGCAAGTTCGGTCGTCGC,0,3784330
tolCp3,0.1111111111111111,8,8,ACCAGCCGGGCGTTAGCTTG,0,3783280
tolCp3,0.1111111111111111,8,8,ACCAACGTTCGCCATACGAC,0,3806166
tolCp3,0.1111111111111111,8,8,ACATTCAATCTTGAGACGTG,0,3792230
tolCp3,0.1111111111111111,8,8,ACAGTTCCTCTTCTTCTGGG,0,3803043
tolCp3,0.1111111111111111,8,8,ACAGTTCCTCAGCAGCGTCC,0,3775099
tolCp3,0.1111111111111111,8,8,ACAGTCCACGTAATGCAGCT,0,3785199
tolCp3,0.1111111111111111,8,8,ACAGTCAAGTTCTCTTGGAA,0,3806124
tolCp3,0.1111111111111111,8,8,ACACAGCTTGCTCGCTATAA,0,3793711
tolCp3,0.1111111111111111,8,8,ACAAGTGGGGGTGACTGGGC,0,3775877
tolCp3,0.1111111111111111,8,8,ACAAGTCATCTAAGTGAAGC,0,3785911
tolCp3,0.1111111111111111,8,8,ACAACACTCAGGCCCAACGG,0,3777891
tolCp3,0.1111111111111111,8,8,ACAAACGAACGGGCCTTTTA,0,3802473
tolCp3,0.1111111111111111,8,8,AATTTTGTGCCCAGGATGAG,0,3785992
tolCp3,0.1111111111111111,8,8,AATTACCATCACTCATATAA,0,3806549
tolCp3,0.1111111111111111,8,8,AATGGGGGAAAGTGTCCGGA,0,3801219
tolCp3,0.1111111111111111,8,8,AATGGAGGTTTGCTACATTG,0,3786051
tolCp3,0.1111111111111111,8,8,AATATACTTAAGACTTCCCG,0,3790637
tolCp3,0.1111111111111111,8,8,AATACGAGGGTACCGGTGTC,0,3805683
tolCp3,0.1111111111111111,8,8,AAGTTCCATAGGTGGGGTCC,0,3776834
tolCp3,0.1111111111111111,8,8,AAGTCCGTTCGGTCCGAGCT,0,3802548
tolCp3,0.1111111111111111,8,8,AAGGCGTACCCGAAAGACCT,0,3802470
tolCp3,0.1111111111111111,8,8,AAGGCAACAATACCGCGCCT,0,3806742
tolCp3,0.1111111111111111,8,8,AAGGAATCTGCTGTACCGGC,0,3799623
tolCp3,0.1111111111111111,8,8,AACTATTTCAGTGGAGGCAA,0,3805233
tolCp3,0.1111111111111111,8,8,AACGGCTGTCAAAGGCGGGT,0,3792234
tolCp3,0.1111111111111111,8,8,AACGCATGTGATCCCGTTGG,0,3805368
tolCp3,0.1111111111111111,8,8,AACCTACAATGGGCCGGGGA,0,3792176
tolCp3,0.1111111111111111,8,8,AACCATAGCTGAATGAAAGG,0,3782707
tolCp3,0.1111111111111111,8,8,AACAAAACACAGATGCCTTT,0,3783639
tolCp3,0.1111111111111111,8,8,AAATATGGGCATCTTCTGTC,0,3800284
tolCp3,0.1111111111111111,8,8,AAACAATAGGGGGTGAAACC,0,3808010
tolCp3,0.1111111111111111,8,8,AAAATCAGGCAGCAGGCTAC,0,3781739
tolCp3,0.1111111111111111,8,8,AAAAGACTACGGAATCCAGT,0,3801069
tolCp3,0.125,7,7,TTTTTTGCATATCAAGACGA,0,3799447
tolCp3,0.125,7,7,TTTTCCCTCAGCGGATGAAG,0,3791750
tolCp3,0.125,7,7,TTTGGGGTTCCCGCCTCTGA,0,3806457
tolCp3,0.125,7,7,TTTGCGTGCAGTGTTTGCTG,0,3790332
tolCp3,0.125,7,7,TTTCTTGGCTCTTACACATT,0,3792262
tolCp3,0.125,7,7,TTTCGTCGCCGAGATATCAT,0,3782563
tolCp3,0.125,7,7,TTTCGGAGAACTCCGGTATT,0,3801413
tolCp3,0.125,7,7,TTTCCTTTGTTCCGAACCGA,0,3802910
tolCp3,0.125,7,7,TTTCAGCGCAGGTGATAAGG,0,3796932
tolCp3,0.125,7,7,TTTACGTCCTGGTTCTTTCG,0,3784244
tolCp3,0.125,7,7,TTTAAGTTGTCTCAGTGATA,0,3787140
tolCp3,0.125,7,7,TTTAACACCACTGCTGTAGA,0,3798472
tolCp3,0.125,7,7,TTGTACGGGTACGCATTAAT,0,3803199
tolCp3,0.125,7,7,TTGGTTGATAGGTACAGCCT,0,3790267
tolCp3,0.125,7,7,TTGGGTTTAAGTGACGACCT,0,3801127
tolCp3,0.125,7,7,TTGGGTCCGTTCCATTGCAA,0,3777496
tolCp3,0.125,7,7,TTGGGATCTCAATTAAGTAC,0,3790894
tolCp3,0.125,7,7,TTGGCCTCAGACTAACAGAT,0,3791309
tolCp3,0.125,7,7,TTGGAGCGGGCCACGAGCAA,0,3790722
tolCp3,0.125,7,7,TTGGACCGATCCGGAGGTCA,0,3798107
tolCp3,0.125,7,7,TTGCTTTTTGTTCGCAGTGG,0,3790013
tolCp3,0.125,7,7,TTGCGACACCGAGTTCGGGA,0,3807970
tolCp3,0.125,7,7,TTGCCATTTCAAAGGTAGGG,0,3788728
tolCp3,0.125,7,7,TTGATGTCTATAGGGACGAC,0,3782070
tolCp3,0.125,7,7,TTGATCGACCCAGAGGACAA,0,3798753
tolCp3,0.125,7,7,TTCTTGTGATTTATTCGGGA,0,3796568
tolCp3,0.125,7,7,TTCTCATTGTAATAAGTTCT,0,3774860
tolCp3,0.125,7,7,TTCCTGCACAGGCAGAGATT,0,3796622
tolCp3,0.125,7,7,TTCCCCGATGTTTCAAGGTC,0,3782528
tolCp3,0.125,7,7,TTCCAATACGAGGTATCAAT,0,3806979
tolCp3,0.125,7,7,TTCAGAGTTTACAAGAAAAG,0,3776660
tolCp3,0.125,7,7,TTCAATTGTCAGGCTAAAAA,0,3779249
tolCp3,0.125,7,7,TTATTTGATGTGTCTAGTGT,0,3793898
tolCp3,0.125,7,7,TTATACCAGCTGGGAGTGGG,0,3777176
tolCp3,0.125,7,7,TTAGACCGGCGGGGTTGGTT,0,3808498
tolCp3,0.125,7,7,TTAGACAGGATTCGCTTTCG,0,3778936
tolCp3,0.125,7,7,TTACGTCCCACGTCACCATA,0,3784456
tolCp3,0.125,7,7,TTACGTAATTAGTCGATAAC,0,3802367
tolCp3,0.125,7,7,TTACCGTGTGCTGGGCTGCG,0,3787850
tolCp3,0.125,7,7,TTAATAAACAGAAGATTCAG,0,3789808
tolCp3,0.125,7,7,TTAAAATTCTACTGGTAAAG,0,3774696
tolCp3,0.125,7,7,TTAAAAATGTAGGGCTTACG,0,3776406
tolCp3,0.125,7,7,TGTTGGACAAGAAACGTTGC,0,3800309
tolCp3,0.125,7,7,TGTTACAGTCGTTCCGGTTT,0,3794784
tolCp3,0.125,7,7,TGTGGCATGGATTAATGCGA,0,3783427
tolCp3,0.125,7,7,TGTCAGGACCGGCCCTCACT,0,3788017
tolCp3,0.125,7,7,TGTCACTGAGAGGCTCACCA,0,3804683
tolCp3,0.125,7,7,TGTCACGCGTCAGAGTGCGA,0,3786806
tolCp3,0.125,7,7,TGTAATAGTATCTTACGGAT,0,3806943
tolCp3,0.125,7,7,TGTAAAGTAAGCCGATGGCA,0,3779212
tolCp3,0.125,7,7,TGGCAATGAAGCGTGAACGA,0,3808523
tolCp3,0.125,7,7,TGGATTCGATGCTATGGTCA,0,3784708
tolCp3,0.125,7,7,TGGAGGCTCATTAACGATAC,0,3801363
tolCp3,0.125,7,7,TGGAGGCCAGAGCCCTGATC,0,3796853
tolCp3,0.125,7,7,TGGAAATCAGGGTGCCATGA,0,3785767
tolCp3,0.125,7,7,TGCTCCAATAGCCATGTATA,0,3782429
tolCp3,0.125,7,7,TGCGTTTCGCCGCCCGTGTG,0,3798623
tolCp3,0.125,7,7,TGCGTAGTCGTTCGCCGTGA,0,3778404
tolCp3,0.125,7,7,TGCGGTTAGGGTGGAAAAAA,0,3800236
tolCp3,0.125,7,7,TGCGCGATGCACGTAGGGTT,0,3788455
tolCp3,0.125,7,7,TGCGCCGTAGCGATGCTTAG,0,3785322
tolCp3,0.125,7,7,TGCAAGATCAGCGGTGTCGC,0,3806624
tolCp3,0.125,7,7,TGATTGTTTTGTTCGCGGCA,0,3794151
tolCp3,0.125,7,7,TGATTCGTAAGATTCTAGTG,0,3786234
tolCp3,0.125,7,7,TGATCGTGTGTTTTCAATTG,0,3803684
tolCp3,0.125,7,7,TGACGGCGGGATCCGGAAAT,0,3783567
tolCp3,0.125,7,7,TCTTGGCGGCCTTAGTCAGC,0,3781447
tolCp3,0.125,7,7,TCTTAAAAGGTGACTAGGCA,0,3798874
tolCp3,0.125,7,7,TCTGGTTGATAAAAACGTCG,0,3805447
tolCp3,0.125,7,7,TCTGGCTCGATATGTCTCCT,0,3775604
tolCp3,0.125,7,7,TCTCTAATTATTATACTCGT,0,3781285
tolCp3,0.125,7,7,TCTAGACAACGCCAGCCGGG,0,3774594
tolCp3,0.125,7,7,TCTAAGCACCCGACGAGGGA,0,3801320
tolCp3,0.125,7,7,TCGCTGGTGTGGATTGCGCT,0,3781304
tolCp3,0.125,7,7,TCGAGCGATGCGGCACTGAC,0,3809175
tolCp3,0.125,7,7,TCCTTGGCCGCCCAGATGGG,0,3787718
tolCp3,0.125,7,7,TCCTAATCTGTGGAACAGGA,0,3802338
tolCp3,0.125,7,7,TCCGTTGGCCGCCAAGTCAG,0,3801834
tolCp3,0.125,7,7,TCCGTCATAATAATCGCCCC,0,3804176
tolCp3,0.125,7,7,TCCCTGCCGTCAAGTCGGTA,0,3798728
tolCp3,0.125,7,7,TCCCTAACGAGGCGTCATTC,0,3780688
tolCp3,0.125,7,7,TCCCGGCTTCCAAAAGAGCT,0,3793541
tolCp3,0.125,7,7,TCCCCTCAACGAGTCAATCA,0,3798910
tolCp3,0.125,7,7,TCCATACCTACATACACTTT,0,3788217
tolCp3,0.125,7,7,TCATTTAGCTGGTCTGCGCT,0,3777259
tolCp3,0.125,7,7,TCAGGACGCTGATAGTTAGT,0,3790814
tolCp3,0.125,7,7,TCACATTGAGTATCCGAAGG,0,3774569
tolCp3,0.125,7,7,TATGCGACTATTTGTAACGG,0,3800006
tolCp3,0.125,7,7,TATACTGCTTATCTATTAGA,0,3776837
tolCp3,0.125,7,7,TATAAGATACAGGATTGCGT,0,3788029
tolCp3,0.125,7,7,TAGGGCGCTTCAGAGACGGG,0,3799956
tolCp3,0.125,7,7,TAGGCTGAGAATGCCTCGGT,0,3788798
tolCp3,0.125,7,7,TAGGAAACGGTTTGAAGGGA,0,3787369
tolCp3,0.125,7,7,TAGCGTTGGGGCTGAGCGCA,0,3799789
tolCp3,0.125,7,7,TAGCCCCTGTTACGACCCGA,0,3795994
tolCp3,0.125,7,7,TAGACGAAAGGCGCACCAGC,0,3809084
tolCp3,0.125,7,7,TAGAAGGTGGAGGGTTCGGC,0,3785426
tolCp3,0.125,7,7,TACGGTATACTTCCGGTTCG,0,3788982
tolCp3,0.125,7,7,TACCGAAACCGGTGGTATCG,0,3802635
tolCp3,0.125,7,7,TACCCTTGTACGACCTCGCA,0,3798195
tolCp3,0.125,7,7,TACATGTAATAGGAAAACAA,0,3803217
tolCp3,0.125,7,7,TAATACGGTCGCGTTGTGGT,0,3788568
tolCp3,0.125,7,7,TAATACATCACCACGCTCGT,0,3799234
tolCp3,0.125,7,7,TAAGGGCGGGCTAAAGACGT,0,3775971
tolCp3,0.125,7,7,GTTTTCGTTGCCCGGGTTGA,0,3781180
tolCp3,0.125,7,7,GTTTTAATTGGATTCCTGGT,0,3777453
tolCp3,0.125,7,7,GTTTGTTAGAGCATTCCGGT,0,3779771
tolCp3,0.125,7,7,GTTTGACCTCTAGGTGCTGT,0,3805596
tolCp3,0.125,7,7,GTTGTGGGGCCTTCGCATCT,0,3792019
tolCp3,0.125,7,7,GTTCGACAGTACCCAAGACC,0,3775909
tolCp3,0.125,7,7,GTTCATGTTCTTTGGTACAT,0,3795496
tolCp3,0.125,7,7,GTTATATATAAGCATGGATT,0,3789019
tolCp3,0.125,7,7,GTTAAGGCTGACCATGTACA,0,3803417
tolCp3,0.125,7,7,GTGTCGCGCAGGGACCAACT,0,3793192
tolCp3,0.125,7,7,GTGTAGGAATGAAATAATTT,0,3783026
tolCp3,0.125,7,7,GTGTAACTAAGAGATGGCGC,0,3794634
tolCp3,0.125,7,7,GTGCTCCAAAGTCATCCAAT,0,3786258
tolCp3,0.125,7,7,GTGACTTTAACCAATGGGTA,0,3808713
tolCp3,0.125,7,7,GTCTGTGTTACCTTTATCTG,0,3799090
tolCp3,0.125,7,7,GTCTATGGCTCGAATGACCT,0,3789840
tolCp3,0.125,7,7,GTCGCTGCTATTTCTTAGGG,0,3786604
tolCp3,0.125,7,7,GTCCTGAGGTGGTATTCGTA,0,3804953
tolCp3,0.125,7,7,GTCCTCTGATTATGACCGAC,0,3780238
tolCp3,0.125,7,7,GTCCTAATCGCACGAAATGA,0,3808479
tolCp3,0.125,7,7,GTCCGAGGGAGGCTTGTGAA,0,3778893
tolCp3,0.125,7,7,GTCCAAGGTTCTACCGTCCT,0,3791253
tolCp3,0.125,7,7,GTCCAAGAACGACGACATCG,0,3800870
tolCp3,0.125,7,7,GTCAAACGAGGTGCTCATGA,0,3775377
tolCp3,0.125,7,7,GTATGGGGGAGCTCGAGAGT,0,3785670
tolCp3,0.125,7,7,GTATGGCGGCCGCGAGAAAT,0,3782519
tolCp3,0.125,7,7,GTATGATACTGGCGTCTGCC,0,3784811
tolCp3,0.125,7,7,GTATCATCACCAACACCGGC,0,3781636
tolCp3,0.125,7,7,GTATACCGACCAGCGAGGCC,0,3802421
tolCp3,0.125,7,7,GTATAAACGTGAGTTGCTTG,0,3788598
tolCp3,0.125,7,7,GTAGGGACGATGAATACCTG,0,3776913
tolCp3,0.125,7,7,GTACTACGAAAATGTATGTT,0,3781249
tolCp3,0.125,7,7,GTACGTATGGACCTGAAGCG,0,3781397
tolCp3,0.125,7,7,GTACATACATGCCGTCGTAT,0,3789292
tolCp3,0.125,7,7,GTACAACCCCCTTAGACGAG,0,3790845
tolCp3,0.125,7,7,GTAAGAATCTTTTTGGCCAC,0,3790243
tolCp3,0.125,7,7,GTAACGACTTAAATCGCAGG,0,3787415
tolCp3,0.125,7,7,GTAACAAGGTAACGCGGGAG,0,3778653
tolCp3,0.125,7,7,GGTTTTATGATTACGAACCC,0,3798386
tolCp3,0.125,7,7,GGTTGCCCCAAGGAACAAGA,0,3775329
tolCp3,0.125,7,7,GGTTCGTCCAATAGAAATGT,0,3775047
tolCp3,0.125,7,7,GGTTCACATGTAACCTAGTT,0,3775100
tolCp3,0.125,7,7,GGTTCAAGCCGTAGTCTACG,0,3802427
tolCp3,0.125,7,7,GGTGTTAGACAATGATCGTG,0,3802962
tolCp3,0.125,7,7,GGTCTCTGCGCTAACAAGGG,0,3807520
tolCp3,0.125,7,7,GGTCGGGCCAGGGACCCCAA,0,3795545
tolCp3,0.125,7,7,GGTCCTGATTGCCACCGAAT,0,3774795
tolCp3,0.125,7,7,GGTCCGGCACTTGAGATTAC,0,3800273
tolCp3,0.125,7,7,GGTCATAGGACGTTTCCGCA,0,3793010
tolCp3,0.125,7,7,GGTATGGCACCACCAACGTG,0,3802515
tolCp3,0.125,7,7,GGTAAGCACACGTATTGCTC,0,3801772
tolCp3,0.125,7,7,GGGTGGAAACGGGTGTGGTT,0,3790784
tolCp3,0.125,7,7,GGGTCTGGACCAATGTAGCA,0,3793745
tolCp3,0.125,7,7,GGGTATATGGCAGCGGGCAA,0,3792512
tolCp3,0.125,7,7,GGGTACCTTGTGGACAGTTT,0,3803072
tolCp3,0.125,7,7,GGGGTTAGCTCTGCATGCGA,0,3780661
tolCp3,0.125,7,7,GGGGGCAATGTAACAGACGT,0,3775758
tolCp3,0.125,7,7,GGGGAGTCGCTACAGAGCAA,0,3793185
tolCp3,0.125,7,7,GGGGACGCAAGGCCAGAATC,0,3780319
tolCp3,0.125,7,7,GGGCCACCTGGTTGCACTGA,0,3808627
tolCp3,0.125,7,7,GGGATCTTGTGCATAGAAAC,0,3793389
tolCp3,0.125,7,7,GGGATAGACCCCACGAGTTT,0,3792329
tolCp3,0.125,7,7,GGGACGGTACCCAGTAGGGT,0,3800893
tolCp3,0.125,7,7,GGGACAGTTGGAGGTGACTC,0,3808307
tolCp3,0.125,7,7,GGGAACGCAGGGGAGGAGGT,0,3802306
tolCp3,0.125,7,7,GGCTGCCATAGCCAAAAGTG,0,3802524
tolCp3,0.125,7,7,GGCGCGGAACAGCAGGACTC,0,3794466
tolCp3,0.125,7,7,GGCGCGCACTCATTATTCCC,0,3808993
tolCp3,0.125,7,7,GGCGCGACGGACGATGTAAT,0,3797773
tolCp3,0.125,7,7,GGCCCGGTAACACGCCAGAC,0,3788611
tolCp3,0.125,7,7,GGCCCCGAAGTGGATTCAAA,0,3785471
tolCp3,0.125,7,7,GGCCAGCGCGACACTGACCC,0,3794963
tolCp3,0.125,7,7,GGCATTCCTTTGAAGTAGAG,0,3786320
tolCp3,0.125,7,7,GGCATTACGCGACATACTTT,0,3787706
tolCp3,0.125,7,7,GGCAGTGAACAACCTTCCAA,0,3780911
tolCp3,0.125,7,7,GGCACCGTTACTGTTTTACA,0,3780876
tolCp3,0.125,7,7,GGAGGTGGTTGGGTGTTCGA,0,3794554
tolCp3,0.125,7,7,GGAGGCGGTTCACTCAAAAT,0,3794521
tolCp3,0.125,7,7,GGACCTCCTTCCGTCTTTTC,0,3787466
tolCp3,0.125,7,7,GGAATGGGTTTAGGAGTTTC,0,3775356
tolCp3,0.125,7,7,GGAAGGAAGCTTGGCCAGGG,0,3802759
tolCp3,0.125,7,7,GGAAACTCGAGTCATTGGTC,0,3808144
tolCp3,0.125,7,7,GGAAACGTTGGGTGCTCTGA,0,3776691
tolCp3,0.125,7,7,GCTTTCAACCCTGTCTAGAG,0,3799644
tolCp3,0.125,7,7,GCTTATCGTTGTAACTCGGG,0,3780474
tolCp3,0.125,7,7,GCTGCACCGTGTGTGGAAGA,0,3798145
tolCp3,0.125,7,7,GCTCTTCAACGTGCCTCGAT,0,3791256
tolCp3,0.125,7,7,GCTCTCGCATGCATAGTTAT,0,3775407
tolCp3,0.125,7,7,GCTCACAGAGAAGGATGCCC,0,3801961
tolCp3,0.125,7,7,GCGTTTGATTCTTGCGAACC,0,3798253
tolCp3,0.125,7,7,GCGTTCTGGATGTACCCCCC,0,3794705
tolCp3,0.125,7,7,GCGTGTCTGTCGCGGAACCA,0,3797255
tolCp3,0.125,7,7,GCGTCCTATGAATGGTCAAT,0,3800101
tolCp3,0.125,7,7,GCGTCCGGGCCGTGAAATAT,0,3785391
tolCp3,0.125,7,7,GCGTATAATGTAACATGTTC,0,3808376
tolCp3,0.125,7,7,GCGTAACGGAGACGCAATAG,0,3777537
tolCp3,0.125,7,7,GCGGACCTCGGTGCTTTACA,0,3779237
tolCp3,0.125,7,7,GCGCTCGTTATAATGCCGAT,0,3788614
tolCp3,0.125,7,7,GCGCCTCGCCTTGACAGGCT,0,3796240
tolCp3,0.125,7,7,GCGACAATGACCAGGTGTTC,0,3786999
tolCp3,0.125,7,7,GCCTGTTACGTTTATATGTT,0,3777658
tolCp3,0.125,7,7,GCCTCCAGGTGCCTAAGGAA,0,3807329
tolCp3,0.125,7,7,GCCGAGAGCGTTGGATTCCT,0,3796901
tolCp3,0.125,7,7,GCCAGTCCGCGAATTAGATC,0,3807985
tolCp3,0.125,7,7,GCCACACATGTGTTCATTGT,0,3777277
tolCp3,0.125,7,7,GCAGGTCTCGAGTTCTCATT,0,3794377
tolCp3,0.125,7,7,GCACCACATAAGAGGTGCAG,0,3778550
tolCp3,0.125,7,7,GCACAGACTCCTTCTAGCGC,0,3795549
tolCp3,0.125,7,7,GCAATGTTTCCCCGGACGCA,0,3776056
tolCp3,0.125,7,7,GATTGAACATAGACGCCCAT,0,3792676
tolCp3,0.125,7,7,GATTACCGAGTAGCACTCGG,0,3786371
tolCp3,0.125,7,7,GATGTGCCGACGTATTCCCA,0,3775535
tolCp3,0.125,7,7,GATGGCGGGACGCGCCAGAG,0,3794153
tolCp3,0.125,7,7,GATGACGAAGGCCACTGAGT,0,3799712
tolCp3,0.125,7,7,GATCCCTCAGTGATGTTTAA,0,3786089
tolCp3,0.125,7,7,GATCAGTCCGGGCCTAAACG,0,3805301
tolCp3,0.125,7,7,GATAATTCGAGAGCACAGAC,0,3792869
tolCp3,0.125,7,7,GATAAGGACGGCCTACTGTT,0,3787144
tolCp3,0.125,7,7,GAGGGCAGTCCGGGGACACC,0,3777854
tolCp3,0.125,7,7,GAGCTAACCAATAGTAACAC,0,3798451
tolCp3,0.125,7,7,GAGCCTTTAGCGGTACGGAC,0,3786413
tolCp3,0.125,7,7,GAGCCTTAGTAGTAGGAATT,0,3775340
tolCp3,0.125,7,7,GAGCACATATGCAGCACGCA,0,3807411
tolCp3,0.125,7,7,GACGTAGTCTGAGGCATTAC,0,3803167
tolCp3,0.125,7,7,GACGCAGCTCGAGGTAAAGT,0,3790801
tolCp3,0.125,7,7,GACGAGCTCTTGACCTAGAT,0,3797531
tolCp3,0.125,7,7,GACCTTAAAGAAATATACAC,0,3800336
tolCp3,0.125,7,7,GACCATATCACCTCATAATC,0,3806565
tolCp3,0.125,7,7,GACATAGATAACATGTAAAG,0,3788073
tolCp3,0.125,7,7,GACAGCCGATAGTATGCGTC,0,3788446
tolCp3,0.125,7,7,GACAAGGTGTTTGCCCAGAT,0,3797859
tolCp3,0.125,7,7,GAATTGCTACCAATATAGTT,0,3792749
tolCp3,0.125,7,7,GAATGCGTGATAATGATCGA,0,3777101
tolCp3,0.125,7,7,GAATAGTCTGTTGCTCCCAC,0,3795899
tolCp3,0.125,7,7,GAACCCACGAGCGTAATCCA,0,3808401
tolCp3,0.125,7,7,GAAAGTGCGAACTATAAACT,0,3791722
tolCp3,0.125,7,7,CTTTTTGGGTCTTATTGAGC,0,3792448
tolCp3,0.125,7,7,CTTCTAGAAGTATACGACTT,0,3797500
tolCp3,0.125,7,7,CTTCCGCCCTCCCTGAGACA,0,3802053
tolCp3,0.125,7,7,CTTAGCACAGTTGCTCTGCG,0,3806259
tolCp3,0.125,7,7,CTTAACCACATGTCTGGGTA,0,3778874
tolCp3,0.125,7,7,CTGTGGCAATTCGGAGCCCC,0,3775275
tolCp3,0.125,7,7,CTGCGCAGGGGGAAATCTAG,0,3787963
tolCp3,0.125,7,7,CTGCCTTTCCGGACTGCGTT,0,3806183
tolCp3,0.125,7,7,CTGCCATCCCGGACGCATCA,0,3781080
tolCp3,0.125,7,7,CTGAGATAGAGCAACTCGAT,0,3780042
tolCp3,0.125,7,7,CTCCGTCCCCTTCCCTGCCT,0,3783843
tolCp3,0.125,7,7,CTCATTATCCCTGGGATATG,0,3799758
tolCp3,0.125,7,7,CTCATAGGGAAGTACGTGAA,0,3790406
tolCp3,0.125,7,7,CTCAGATAAGGCAGTGAGCA,0,3799409
tolCp3,0.125,7,7,CTCAGACTGGGGTATCCTAA,0,3788459
tolCp3,0.125,7,7,CTCAGAAAACCCAAGAATTC,0,3784837
tolCp3,0.125,7,7,CTATTTCGACCAGCTAGTGC,0,3785685
tolCp3,0.125,7,7,CTATCGTGAAATCTTTAGAC,0,3792801
tolCp3,0.125,7,7,CTATCGAAATTAAATACCAC,0,3774837
tolCp3,0.125,7,7,CTAGTTATCCCTAACTTCGG,0,3778462
tolCp3,0.125,7,7,CTAGGGGCAACAACTTACGC,0,3780408
tolCp3,0.125,7,7,CTAGCCATAACGCTATCCTA,0,3781303
tolCp3,0.125,7,7,CTAGAGAGACGACAGCTACA,0,3795830
tolCp3,0.125,7,7,CTAAGCGTCGCATCGACTCG,0,3789308
tolCp3,0.125,7,7,CGTGTTAAGAGGCGTGGTTG,0,3777636
tolCp3,0.125,7,7,CGTGGCTTCCATTGGGTTCA,0,3785862
tolCp3,0.125,7,7,CGTGCGGTACTGCCTACAGG,0,3774576
tolCp3,0.125,7,7,CGTGATCCGCCGCGCTTTTA,0,3779545
tolCp3,0.125,7,7,CGTCTATGAACCTTTATCGT,0,3783729
tolCp3,0.125,7,7,CGTAGCGCCGGTACCTATAA,0,3792164
tolCp3,0.125,7,7,CGTAATTACCGCTCCGAACG,0,3788542
tolCp3,0.125,7,7,CGGGAATCTAGCTACGACAA,0,3788914
tolCp3,0.125,7,7,CGGCTCGAATTTGGAAGCTA,0,3806798
tolCp3,0.125,7,7,CGCTGGCCTGAACCGAGTCT,0,3790861
tolCp3,0.125,7,7,CGCTAGTCCGCCGCATCTGC,0,3798325
tolCp3,0.125,7,7,CGCTACAGTAGCCGAAGCAA,0,3778952
tolCp3,0.125,7,7,CGCCGGGAGAATAAATTCTT,0,3781244
tolCp3,0.125,7,7,CGCCCAGAATGTGTCATCCC,0,3794873
tolCp3,0.125,7,7,CGCATTACATCGCGTAACGT,0,3779537
tolCp3,0.125,7,7,CGCATGCCATAGCATAGTGT,0,3801034
tolCp3,0.125,7,7,CGCAGCATTAGAGACGCAAG,0,3796388
tolCp3,0.125,7,7,CGATAGACGAGAATGCGTTA,0,3807015
tolCp3,0.125,7,7,CGAGGTTGCACAAACTGCTT,0,3790411
tolCp3,0.125,7,7,CGAATTATGAAATTGTGTAC,0,3781000
tolCp3,0.125,7,7,CGAAGAACAACCCGGAAACG,0,3790705
tolCp3,0.125,7,7,CCTTCGGCAATGAGGGGCGG,0,3779482
tolCp3,0.125,7,7,CCTTCCACGGAGGTCGGCCT,0,3797867
tolCp3,0.125,7,7,CCTTATCGACTACAGTATTC,0,3776037
tolCp3,0.125,7,7,CCTTAAATTTTATTGACTGA,0,3777209
tolCp3,0.125,7,7,CCTGAGTACCCCTTAGCCGT,0,3787769
tolCp3,0.125,7,7,CCTGAGGATGGATTGGGACA,0,3779861
tolCp3,0.125,7,7,CCTGAGCACGAAAGTGGTGA,0,3782844
tolCp3,0.125,7,7,CCTCTGTAATTTTGTTATGA,0,3789862
tolCp3,0.125,7,7,CCTCGTTGGATACTGGGTAC,0,3804469
tolCp3,0.125,7,7,CCTCCCAAAACGTAGATACA,0,3796816
tolCp3,0.125,7,7,CCTAAATAAAGTCAAATAAC,0,3801608
tolCp3,0.125,7,7,CCGTGCCAGATTATCCGCCT,0,3790523
tolCp3,0.125,7,7,CCGTCGGTTCCCGACTGAAC,0,3795146
tolCp3,0.125,7,7,CCGTATACATCTACGTCGGG,0,3780919
tolCp3,0.125,7,7,CCGGGCCGGGTGGATGAGAT,0,3807878
tolCp3,0.125,7,7,CCGCTTTACTACGCATCGGA,0,3798357
tolCp3,0.125,7,7,CCGCGCTGCCGACCGAACTT,0,3807963
tolCp3,0.125,7,7,CCGATATCAACTTTTCGTGT,0,3797347
tolCp3,0.125,7,7,CCGAGGGCACCCGAGTCATT,0,3795914
tolCp3,0.125,7,7,CCGAATGAGATCGAGAAACT,0,3777070
tolCp3,0.125,7,7,CCCTTCGTGCTGACGCAGAG,0,3798872
tolCp3,0.125,7,7,CCCTTAAAAATAGGACATTA,0,3796034
tolCp3,0.125,7,7,CCCTGTGAAATCCACGAGAT,0,3807660
tolCp3,0.125,7,7,CCCGGCGGCGGTCAAGGACC,0,3793189
tolCp3,0.125,7,7,CCCGAGGTTATCCGATTGCC,0,3778618
tolCp3,0.125,7,7,CCCCTGTAATCCGCGGTCAG,0,3805605
tolCp3,0.125,7,7,CCCCTAGTTGATTAACGCGA,0,3778460
tolCp3,0.125,7,7,CCCCCATTAGCGCACATCGC,0,3795345
tolCp3,0.125,7,7,CCCCATCTGAATATCCACAA,0,3796399
tolCp3,0.125,7,7,CCATTAGCATGATCTGGTAT,0,3801173
tolCp3,0.125,7,7,CCATGGCCCAGAGACTGTGC,0,3776739
tolCp3,0.125,7,7,CCAGTTGCACCCGGTTAGTG,0,3793604
tolCp3,0.125,7,7,CCAATGCTGGAGCAGACTCA,0,3798621
tolCp3,0.125,7,7,CCAATATGTGACATCACACA,0,3779115
tolCp3,0.125,7,7,CCAAAGTTAGGGGCCGCAAT,0,3804855
tolCp3,0.125,7,7,CATGTGGACCCACCCGTTAC,0,3796195
tolCp3,0.125,7,7,CATGCGGGCCGCAATCACCA,0,3793310
tolCp3,0.125,7,7,CATGCAGCCTTTAAGATGAA,0,3786667
tolCp3,0.125,7,7,CATCGAGGGGATGGACGGTA,0,3779193
tolCp3,0.125,7,7,CATAGGGGCGGCTGTTAATA,0,3779878
tolCp3,0.125,7,7,CATAGCACGTGCCAATGTAT,0,3785918
tolCp3,0.125,7,7,CATAAGCTAATACGGACAGG,0,3792334
tolCp3,0.125,7,7,CAGTTTCCCACGGTAAACCC,0,3807932
tolCp3,0.125,7,7,CAGTTGCAGTTCGATCGCCC,0,3808140
tolCp3,0.125,7,7,CAGTCATGGTGTTTTATTAC,0,3785116
tolCp3,0.125,7,7,CAGTAAAGGAGGCACTATTC,0,3781308
tolCp3,0.125,7,7,CAGGGTTAGGGCCTATTTCT,0,3807984
tolCp3,0.125,7,7,CAGGCTGTTGATCATATCCG,0,3786937
tolCp3,0.125,7,7,CAGCCCGGTCCTCAGTTAAA,0,3807462
tolCp3,0.125,7,7,CAGAGTCGCCATCCGGGTTA,0,3793630
tolCp3,0.125,7,7,CAGAGCCTCGTCATAACGCG,0,3789553
tolCp3,0.125,7,7,CAGAGAAGGCAAGACTCACT,0,3777147
tolCp3,0.125,7,7,CAGAAACGCCTAAGGCCATG,0,3792309
tolCp3,0.125,7,7,CACTGAGCGGCGTGCTTGAG,0,3800026
tolCp3,0.125,7,7,CACGGCAAGAACGTTTCGCA,0,3783601
tolCp3,0.125,7,7,CACGATTGACCGTAAGTGTT,0,3804320
tolCp3,0.125,7,7,CACATGGATCCCCGCTCCGG,0,3792147
tolCp3,0.125,7,7,CACATCATTACCCTCGGACC,0,3790547
tolCp3,0.125,7,7,CACATATATCCTATGGACTG,0,3806848
tolCp3,0.125,7,7,CACATAATTTAGTATCCCGA,0,3782262
tolCp3,0.125,7,7,CACAGAGTGCAGATTCTCAT,0,3793743
tolCp3,0.125,7,7,CACAACTATCTTAATTGGGC,0,3776711
tolCp3,0.125,7,7,CAATCGAGGGGCCGGCTGAG,0,3787593
tolCp3,0.125,7,7,CAATCCCGTTTACAAGTGAT,0,3807478
tolCp3,0.125,7,7,CAATAGGTAGGTACTAATAT,0,3790324
tolCp3,0.125,7,7,CAATAATTTTAGGGTAAACT,0,3796296
tolCp3,0.125,7,7,CAACCTTGACCAGGTTGTTA,0,3797430
tolCp3,0.125,7,7,CAACAAGGGTTCACGTTAAC,0,3798558
tolCp3,0.125,7,7,CAAACGTCGGCCAAAGGATG,0,3792656
tolCp3,0.125,7,7,CAAACGGTTGCCATAGGCGG,0,3785316
tolCp3,0.125,7,7,CAAAATCGTGACTATAAATG,0,3795233
tolCp3,0.125,7,7,ATTTTGCACTCGTCTACGTT,0,3800645
tolCp3,0.125,7,7,ATTTGTCGTCGTGGGGTAGG,0,3774717
tolCp3,0.125,7,7,ATTTCACGTCTGGAGATTGT,0,3787627
tolCp3,0.125,7,7,ATTGGACTCCACCTGCGTAG,0,3784228
tolCp3,0.125,7,7,ATTGCATTGCACATCTTGGA,0,3784958
tolCp3,0.125,7,7,ATTCTGAAGTCTAACTTTCC,0,3801486
tolCp3,0.125,7,7,ATTATGGATTACCCACTCTT,0,3787541
tolCp3,0.125,7,7,ATTAGTGAACCAAAATGCGT,0,3804587
tolCp3,0.125,7,7,ATGTAGATATTTAAGATTAC,0,3804706
tolCp3,0.125,7,7,ATGGTGTAGTTAAATCGGAT,0,3775738
tolCp3,0.125,7,7,ATGGATGTTTCAACACTTTG,0,3776463
tolCp3,0.125,7,7,ATGGAGGGGGGTAGTGGCAT,0,3808635
tolCp3,0.125,7,7,ATGCGCCGAAAGCCTAAGAG,0,3794797
tolCp3,0.125,7,7,ATGAGTGACAGACAGACGAA,0,3786309
tolCp3,0.125,7,7,ATGACCGGCCATTACGGTAA,0,3785405
tolCp3,0.125,7,7,ATGACACAGGATGGGTCAAT,0,3796723
tolCp3,0.125,7,7,ATCGGTGCATCACGTAGAGA,0,3782214
tolCp3,0.125,7,7,ATCGCCGCGGAATAACTTAA,0,3783569
tolCp3,0.125,7,7,ATCGATCAAGGACCATGGGT,0,3800241
tolCp3,0.125,7,7,ATCCGATATGGACGACCTGG,0,3801602
tolCp3,0.125,7,7,ATCAGGTTGCCGGTATGTGA,0,3790629
tolCp3,0.125,7,7,ATCAGAGACAACGAATGTGT,0,3792215
tolCp3,0.125,7,7,ATCACGCTGCAGAGGCATAC,0,3804073
tolCp3,0.125,7,7,ATCACACGATGACGCTAGAA,0,3790151
tolCp3,0.125,7,7,ATATTGAATTCCTGAGCTTT,0,3786358
tolCp3,0.125,7,7,ATATTATAGACCCCTGCGAC,0,3776072
tolCp3,0.125,7,7,ATATAAAGCAGCACACCTCG,0,3800725
tolCp3,0.125,7,7,ATAGGGTCAGGAGAAAGGGT,0,3805798
tolCp3,0.125,7,7,ATAGGAAATGTTTCCCGGGT,0,3778209
tolCp3,0.125,7,7,ATACGGCATAAGAAGAAGTA,0,3780605
tolCp3,0.125,7,7,ATACGATGCACCACACTGCC,0,3780797
tolCp3,0.125,7,7,ATACCGCACGGCGCGCGGCC,0,3800029
tolCp3,0.125,7,7,ATACAAGGGCCAGTAAGCCA,0,3797001
tolCp3,0.125,7,7,ATACAACCAGGGTCCAAGAC,0,3801791
tolCp3,0.125,7,7,AGTTTGATACTAGGCTTGTA,0,3804495
tolCp3,0.125,7,7,AGTTTCGACCGGCTATTTGT,0,3798314
tolCp3,0.125,7,7,AGTGGGGTTAATCCTGGGGA,0,3801734
tolCp3,0.125,7,7,AGTCTCGCCCGACGACTATT,0,3803113
tolCp3,0.125,7,7,AGTCCCTTCCGTTGTGCGTA,0,3782871
tolCp3,0.125,7,7,AGTACCGCACAAGATGATTC,0,3801986
tolCp3,0.125,7,7,AGTACAGGGTCAAGTTGCCT,0,3774820
tolCp3,0.125,7,7,AGTAACAGACCCGATAGTCA,0,3781415
tolCp3,0.125,7,7,AGGGTAACCTATCCGAGACT,0,3806019
tolCp3,0.125,7,7,AGGAGCGATCCGCGGGGGTA,0,3777332
tolCp3,0.125,7,7,AGCTTGGGGCGCATAACAGT,0,3789399
tolCp3,0.125,7,7,AGCTTCTAATACGCCGATAG,0,3787790
tolCp3,0.125,7,7,AGCTCCCAAGGACCATTGCG,0,3787205
tolCp3,0.125,7,7,AGCTAATGTGGCTGATCGTC,0,3802440
tolCp3,0.125,7,7,AGCGTTTAAGCGAGCCGTTA,0,3802678
tolCp3,0.125,7,7,AGCGTCACTGGAACGCATAC,0,3798858
tolCp3,0.125,7,7,AGCCGAGAACTATTATGATG,0,3789609
tolCp3,0.125,7,7,AGCATGCTTGCTCTAATAAC,0,3792776
tolCp3,0.125,7,7,AGAGCATTCAGGTGTGCTAA,0,3789446
tolCp3,0.125,7,7,AGAAGTAAATCTTCTCGCTT,0,3778993
tolCp3,0.125,7,7,AGAAGCGAAAGAAACGGCCA,0,3788733
tolCp3,0.125,7,7,ACTCTTGAGAGAAGACCTCT,0,3798890
tolCp3,0.125,7,7,ACTCGGTAACAAACAGAACT,0,3798324
tolCp3,0.125,7,7,ACTCCTGCAAAACCCGGGCA,0,3777356
tolCp3,0.125,7,7,ACTCCGCACTGAGACTCCAT,0,3801770
tolCp3,0.125,7,7,ACTATCATACTTTCTCAGCT,0,3786346
tolCp3,0.125,7,7,ACTAGCTTCAATAGTCTTTA,0,3787914
tolCp3,0.125,7,7,ACGTCACAGCTGCAATAATG,0,3796785
tolCp3,0.125,7,7,ACGGTCAACGAAGGATATGC,0,3775111
tolCp3,0.125,7,7,ACGGCGGAGCTAACCCGCCC,0,3778081
tolCp3,0.125,7,7,ACGGCCTCAGACCCGCATCG,0,3789459
tolCp3,0.125,7,7,ACGCAAGCGTTCTCTCACTG,0,3782448
tolCp3,0.125,7,7,ACGATAGACCTCATCGAACA,0,3804258
tolCp3,0.125,7,7,ACGAGCAGTAAGTATCGGAT,0,3806737
tolCp3,0.125,7,7,ACGAGAGCAACGAGCTTAGC,0,3786129
tolCp3,0.125,7,7,ACCTCCGAGACTTTGCCAAA,0,3788365
tolCp3,0.125,7,7,ACCTCCAATATAGGCTAACG,0,3804662
tolCp3,0.125,7,7,ACCTACGGCATTAGCAAAGG,0,3794210
tolCp3,0.125,7,7,ACCGGAATTGGGGCCGATAG,0,3809410
tolCp3,0.125,7,7,ACCATGGGTTTTCTGGCGCT,0,3784142
tolCp3,0.125,7,7,ACATCTCAGGCATTTCATGG,0,3782916
tolCp3,0.125,7,7,ACATCTAGACAGCAGTATTT,0,3797603
tolCp3,0.125,7,7,ACAGGTAGTCACTGTCCATC,0,3788047
tolCp3,0.125,7,7,ACAGGGAACTGTCATTGGAC,0,3782123
tolCp3,0.125,7,7,ACAGGCTAAAACCAACTTCA,0,3784319
tolCp3,0.125,7,7,ACAGCAAGGCCGGGGGCATG,0,3806987
tolCp3,0.125,7,7,ACAGAAAGCTCATGCCCCAT,0,3795229
tolCp3,0.125,7,7,ACACTGGTTAGGCTCAAGGG,0,3800887
tolCp3,0.125,7,7,ACACTCAATGTCCGGGCCAA,0,3799933
tolCp3,0.125,7,7,ACACGTGAGTGACAAGACAA,0,3775270
tolCp3,0.125,7,7,ACAATCTCGTCCATCGAGGT,0,3794146
tolCp3,0.125,7,7,ACAAGTGAAGGCCGGCGTGG,0,3792919
tolCp3,0.125,7,7,AATTGTAGGGCTTGTCGATG,0,3808927
tolCp3,0.125,7,7,AATTCGCTCAAAGATTCGGG,0,3776655
tolCp3,0.125,7,7,AATGTCTCCTTAGGCCGAGT,0,3780371
tolCp3,0.125,7,7,AATGATCTGTTATACGTGAA,0,3794046
tolCp3,0.125,7,7,AATCTGCCGGGTCACGGGGA,0,3801079
tolCp3,0.125,7,7,AATCAGGTCAGGTGCATGAG,0,3784402
tolCp3,0.125,7,7,AATATCTTTGGCTTCTAGGT,0,3805325
tolCp3,0.125,7,7,AATAGAAGGCATATCACACT,0,3788651
tolCp3,0.125,7,7,AATACCTCGAATAGTCATCA,0,3775498
tolCp3,0.125,7,7,AATAATCAAGGCGGCGATCT,0,3805926
tolCp3,0.125,7,7,AAGGTAAATTGTACCCAGAC,0,3776661
tolCp3,0.125,7,7,AAGCTACATGTATGTATTCA,0,3807597
tolCp3,0.125,7,7,AAGCCCCATACCGTCGCTGT,0,3804792
tolCp3,0.125,7,7,AAGCATGCCCACATCGCATT,0,3780198
tolCp3,0.125,7,7,AAGATCCAAAGCGAGCTATT,0,3790440
tolCp3,0.125,7,7,AACTTACCTAGCGGGTCCAT,0,3794176
tolCp3,0.125,7,7,AACTAACCCGCGCACGCTTC,0,3799443
tolCp3,0.125,7,7,AACTAAATAGCTAGCAAATA,0,3798930
tolCp3,0.125,7,7,AACGGGACACATTACACAAG,0,3809219
tolCp3,0.125,7,7,AACGGCGCTCATGGTGGCCT,0,3787064
tolCp3,0.125,7,7,AACCCTGATACTCATACTCG,0,3791183
tolCp3,0.125,7,7,AACCCGAGGCGTCAATCTCC,0,3780825
tolCp3,0.125,7,7,AACCAGCCCAGACTTAATAA,0,3799218
tolCp3,0.125,7,7,AACATTATGATTTCTATAGT,0,3777080
tolCp3,0.125,7,7,AACATGAGCCGTATGAAAAT,0,3777829
tolCp3,0.125,7,7,AACATCAGGAGAATACAGTT,0,3792067
tolCp3,0.125,7,7,AAAGCATTGCTTTATGTAGG,0,3776820
tolCp3,0.125,7,7,AAACCGTGTATACGTCATCC,0,3784257
tolCp3,0.125,7,7,AAAACGGGTATTACGTACCA,0,3786629
tolCp3,0.14285714285714285,6,6,TTTTTTCGAGGACGTTCGAC,0,3791533
tolCp3,0.14285714285714285,6,6,TTTTTGACAGGCACACACGC,0,3793523
tolCp3,0.14285714285714285,6,6,TTTTTCAGCCTCAGTCCCCT,0,3781700
tolCp3,0.14285714285714285,6,6,TTTTCCTTACAGATAATTCC,0,3784701
tolCp3,0.14285714285714285,6,6,TTTGCCAAAAGAGCGTTAAA,0,3803960
tolCp3,0.14285714285714285,6,6,TTTCGCCACGCGTCACATAG,0,3775872
tolCp3,0.14285714285714285,6,6,TTTCAGCGGTAAAAAGTACC,0,3774650
tolCp3,0.14285714285714285,6,6,TTTATTGCGCCAGCGAGGAC,0,3804375
tolCp3,0.14285714285714285,6,6,TTTAGAGTAGTCGGGTGGCA,0,3777596
tolCp3,0.14285714285714285,6,6,TTTACGACCCGCAGGGATAG,0,3784956
tolCp3,0.14285714285714285,6,6,TTGTTGAGGTAGTTCTCGGT,0,3783693
tolCp3,0.14285714285714285,6,6,TTGTCGTCCACTTGCGAAAT,0,3786419
tolCp3,0.14285714285714285,6,6,TTGTATCCAAGGACCGACCT,0,3792462
tolCp3,0.14285714285714285,6,6,TTGGTACTGGCGTGAGTTTA,0,3798198
tolCp3,0.14285714285714285,6,6,TTGGCTGCGTGTTTCGGGAT,0,3778698
tolCp3,0.14285714285714285,6,6,TTCGTGTCTTCTCAGCATGT,0,3803883
tolCp3,0.14285714285714285,6,6,TTCCTCAGCAGAGGGCGGTC,0,3804122
tolCp3,0.14285714285714285,6,6,TTCCGAAGGTCGGTTCTACA,0,3786934
tolCp3,0.14285714285714285,6,6,TTATGCTTCAAAACGGTACC,0,3799605
tolCp3,0.14285714285714285,6,6,TTATAAACAACCTGTTTTCA,0,3808157
tolCp3,0.14285714285714285,6,6,TTAGTGGTCACGGGTACCCT,0,3802216
tolCp3,0.14285714285714285,6,6,TTAGTGATAGATGTCTGATA,0,3787989
tolCp3,0.14285714285714285,6,6,TTAGGGCGGGGTGGGTACAA,0,3780640
tolCp3,0.14285714285714285,6,6,TTAGGCACGAAGGTTATAAA,0,3781819
tolCp3,0.14285714285714285,6,6,TTAGACAGGGTGCTGCCTCA,0,3786820
tolCp3,0.14285714285714285,6,6,TTACGTCGCTACTATTAGAC,0,3785936
tolCp3,0.14285714285714285,6,6,TTACATTAACCTTACGTGCA,0,3785457
tolCp3,0.14285714285714285,6,6,TTACATGCAGAACGGAACCG,0,3777531
tolCp3,0.14285714285714285,6,6,TTAATGTGCTATAGGGGTAT,0,3796871
tolCp3,0.14285714285714285,6,6,TTAATCGTATGACCCTGGGA,0,3807762
tolCp3,0.14285714285714285,6,6,TGTTTGATTCATTCATAGGT,0,3788608
tolCp3,0.14285714285714285,6,6,TGTTTCATGATAGCTAGAAT,0,3799288
tolCp3,0.14285714285714285,6,6,TGTTATTCCGAGAGGACTCT,0,3778984
tolCp3,0.14285714285714285,6,6,TGTTACGTCTATCAGTTCCG,0,3805980
tolCp3,0.14285714285714285,6,6,TGTGTCCTCATATGGCCGGC,0,3785763
tolCp3,0.14285714285714285,6,6,TGTGAAAAACTAAGGGACGC,0,3779187
tolCp3,0.14285714285714285,6,6,TGTCTGACAAGGTAGACATA,0,3782059
tolCp3,0.14285714285714285,6,6,TGTCTAACATTAGGTTATTG,0,3787721
tolCp3,0.14285714285714285,6,6,TGTCGGCACAGATTAAGTTC,0,3779707
tolCp3,0.14285714285714285,6,6,TGTAGACAAATGTGGCCACT,0,3803468
tolCp3,0.14285714285714285,6,6,TGTACTAAGGTACTGTAACA,0,3788571
tolCp3,0.14285714285714285,6,6,TGGTTTTTCGACAGCAGAGA,0,3799314
tolCp3,0.14285714285714285,6,6,TGGTTGGTCTCATCCGCCGG,0,3789381
tolCp3,0.14285714285714285,6,6,TGGGTCATGACTTCTTCTGC,0,3796364
tolCp3,0.14285714285714285,6,6,TGGGCGCCCAACGGTAGCTA,0,3795597
tolCp3,0.14285714285714285,6,6,TGGCGTACACTTTAGGCGCT,0,3778444
tolCp3,0.14285714285714285,6,6,TGGCGAAAGTAATGAATTAG,0,3793139
tolCp3,0.14285714285714285,6,6,TGGATGGGGCAAGGAAGCGC,0,3807758
tolCp3,0.14285714285714285,6,6,TGCTCGCGGGTCGTAAGGAC,0,3796248
tolCp3,0.14285714285714285,6,6,TGCTCAAAACCGTGTTTTTG,0,3777085
tolCp3,0.14285714285714285,6,6,TGCGGTTTAACGTTAGTACA,0,3802632
tolCp3,0.14285714285714285,6,6,TGCGGGGGTCTGTGCTGACA,0,3793018
tolCp3,0.14285714285714285,6,6,TGCGCCATCTGTAGCGGAAG,0,3796890
tolCp3,0.14285714285714285,6,6,TGCCTTTCCAGGGATTTCAG,0,3792302
tolCp3,0.14285714285714285,6,6,TGCCGTCGGTTACATCATTG,0,3792660
tolCp3,0.14285714285714285,6,6,TGCCCTATTACTAAGACATT,0,3777018
tolCp3,0.14285714285714285,6,6,TGCCCCATCTGATTGGCAAA,0,3795854
tolCp3,0.14285714285714285,6,6,TGCCCACGTGACTGCTAGTG,0,3795517
tolCp3,0.14285714285714285,6,6,TGCAGCGCTCGGTTCAGGTG,0,3800631
tolCp3,0.14285714285714285,6,6,TGCAGCCCACGCCGCTGTTT,0,3808609
tolCp3,0.14285714285714285,6,6,TGCAACTGTCCTGAGAACGT,0,3781996
tolCp3,0.14285714285714285,6,6,TGATTTGTTGTGCTATGTTT,0,3791242
tolCp3,0.14285714285714285,6,6,TGATAGCAGCTAGCACCCGA,0,3775646
tolCp3,0.14285714285714285,6,6,TGAGTATGGCGGAGCCTCGT,0,3807753
tolCp3,0.14285714285714285,6,6,TGAGCGGTGTGGCAAGCATT,0,3775608
tolCp3,0.14285714285714285,6,6,TGAGCCGGGCATGGTCAATC,0,3781028
tolCp3,0.14285714285714285,6,6,TGACTTTGAATGCAGTTTTA,0,3802909
tolCp3,0.14285714285714285,6,6,TGACTCGAACATTGGAGGAG,0,3800731
tolCp3,0.14285714285714285,6,6,TGACACTGCCCGAGGTATAA,0,3800068
tolCp3,0.14285714285714285,6,6,TGAATAGCCCGCCTGGGCAG,0,3779736
tolCp3,0.14285714285714285,6,6,TCTTGGGTCTCGAATCTCGC,0,3800969
tolCp3,0.14285714285714285,6,6,TCTTGCCTGACACCTCAGGA,0,3785438
tolCp3,0.14285714285714285,6,6,TCTTCAGAAAAGCCACGCCC,0,3800600
tolCp3,0.14285714285714285,6,6,TCTGAGTTAGAAGGACGAGG,0,3797673
tolCp3,0.14285714285714285,6,6,TCGTTCTGTCGAGACAACGT,0,3780410
tolCp3,0.14285714285714285,6,6,TCGTGTGTCGGGTCATGTGA,0,3793441
tolCp3,0.14285714285714285,6,6,TCGGTGGATTGGACTTGAAC,0,3797983
tolCp3,0.14285714285714285,6,6,TCGGGGCATCGGACCGCTTG,0,3784938
tolCp3,0.14285714285714285,6,6,TCGGAGGCCACCGCGCTTAC,0,3784287
tolCp3,0.14285714285714285,6,6,TCGCCCATTGAGCAGACGAT,0,3787672
tolCp3,0.14285714285714285,6,6,TCGCAGTGTATATACCTGCA,0,3776193
tolCp3,0.14285714285714285,6,6,TCGCACACGACTGGATAGGA,0,3793494
tolCp3,0.14285714285714285,6,6,TCGACCGTATAGATTTGTAG,0,3803618
tolCp3,0.14285714285714285,6,6,TCGAACCCTACACAACGGCG,0,3791671
tolCp3,0.14285714285714285,6,6,TCCTAATGAGAGTCGAGTAT,0,3790053
tolCp3,0.14285714285714285,6,6,TCCGTTCAATAACCATGGAA,0,3800292
tolCp3,0.14285714285714285,6,6,TCCGGGCGCATGTAAAGGTG,0,3798271
tolCp3,0.14285714285714285,6,6,TCCGAGCGATAAGCACGATC,0,3783058
tolCp3,0.14285714285714285,6,6,TCCGACTCTTACACGTGGAT,0,3788124
tolCp3,0.14285714285714285,6,6,TCCCGTGGGACAAACTAGGA,0,3808913
tolCp3,0.14285714285714285,6,6,TCCCGAAATTACGAGAATAA,0,3801579
tolCp3,0.14285714285714285,6,6,TCCCACCCGGGAAGTCATGG,0,3783621
tolCp3,0.14285714285714285,6,6,TCCAAAACCGTTAGACTTAC,0,3802274
tolCp3,0.14285714285714285,6,6,TCATTTAACGGAATGACACA,0,3808317
tolCp3,0.14285714285714285,6,6,TCATGATTCAGACTCGCCGT,0,3800672
tolCp3,0.14285714285714285,6,6,TCATAGCGCCGTTCCGCGGT,0,3787407
tolCp3,0.14285714285714285,6,6,TCAGTCTCCCTGCCAGCCTG,0,3777776
tolCp3,0.14285714285714285,6,6,TCAGTCCCCATTCCGGGCCT,0,3790641
tolCp3,0.14285714285714285,6,6,TCAGGTCAGCGACGCAAAGT,0,3795462
tolCp3,0.14285714285714285,6,6,TCAGGTATAACGTACAGGTC,0,3778352
tolCp3,0.14285714285714285,6,6,TCAGGGTGACCAGCAAACAG,0,3776872
tolCp3,0.14285714285714285,6,6,TCAGAATTTTGGAGGACTGC,0,3779914
tolCp3,0.14285714285714285,6,6,TCACGTTCTCGGATTCCGCA,0,3777173
tolCp3,0.14285714285714285,6,6,TCACCGGTCATCAATGACTA,0,3787378
tolCp3,0.14285714285714285,6,6,TCACCATCATTCTCAGTCAG,0,3781814
tolCp3,0.14285714285714285,6,6,TCACAAGACCAGATAGTGTC,0,3798350
tolCp3,0.14285714285714285,6,6,TATGTTAATTTGACTCAGAA,0,3785945
tolCp3,0.14285714285714285,6,6,TATCGCCGCCAGACGCACCT,0,3797996
tolCp3,0.14285714285714285,6,6,TATCCTCGCAGCGTTTGGGG,0,3797852
tolCp3,0.14285714285714285,6,6,TATCAATATTTCAGTTTCGC,0,3783448
tolCp3,0.14285714285714285,6,6,TATATGATTGTGAGGATTTA,0,3797029
tolCp3,0.14285714285714285,6,6,TAGGGGACAGTTAGCATTCT,0,3801401
tolCp3,0.14285714285714285,6,6,TAGCGTAAGTATGGTGAAGA,0,3796396
tolCp3,0.14285714285714285,6,6,TAGCCGCGTCTTCTGTTGTC,0,3805003
tolCp3,0.14285714285714285,6,6,TAGCATTCATCCAAACAGGT,0,3806669
tolCp3,0.14285714285714285,6,6,TAGATCCTGCCCCCTCTCAC,0,3807293
tolCp3,0.14285714285714285,6,6,TAGAATTTAATCCGATACAA,0,3804284
tolCp3,0.14285714285714285,6,6,TACTTTCCACGCCCCCACGA,0,3806432
tolCp3,0.14285714285714285,6,6,TACTGGGGCAGCTACAAAGT,0,3777208
tolCp3,0.14285714285714285,6,6,TACTGACGTTGGTGGCGGAT,0,3775455
tolCp3,0.14285714285714285,6,6,TACGGGACTCGCATTTGATC,0,3787383
tolCp3,0.14285714285714285,6,6,TACGGCGGATATGAGTCTCA,0,3801656
tolCp3,0.14285714285714285,6,6,TACGGCGCGAGGAAAACTTT,0,3791809
tolCp3,0.14285714285714285,6,6,TACGCCCACGTACTATACAT,0,3783065
tolCp3,0.14285714285714285,6,6,TACGAGTCCGCACACCGATA,0,3775320
tolCp3,0.14285714285714285,6,6,TACGAGCGGTTCTTCCAAGT,0,3800005
tolCp3,0.14285714285714285,6,6,TACCAGCTAGGACCGCCTTG,0,3782942
tolCp3,0.14285714285714285,6,6,TACAGTCAAACGGGCCGCGA,0,3793142
tolCp3,0.14285714285714285,6,6,TACAGATGTAGATTCCAGGG,0,3785997
tolCp3,0.14285714285714285,6,6,TAATTCGCACTTTAGATCCC,0,3798073
tolCp3,0.14285714285714285,6,6,TAATAGTACTAATAACTTCT,0,3804270
tolCp3,0.14285714285714285,6,6,TAATAAACCTGAACGGCCTA,0,3797761
tolCp3,0.14285714285714285,6,6,TAAGATGCTCAGTCACCGGC,0,3790951
tolCp3,0.14285714285714285,6,6,TAACTAGACTGGGCGCTTCA,0,3785144
tolCp3,0.14285714285714285,6,6,TAAATGTGCGTTTATAACTG,0,3782514
tolCp3,0.14285714285714285,6,6,TAAATCACTCGCGAGCAGGA,0,3805154
tolCp3,0.14285714285714285,6,6,TAAACGTACGGTTCGTGGAG,0,3776308
tolCp3,0.14285714285714285,6,6,TAAAAACAGCTTGCACACTA,0,3807415
tolCp3,0.14285714285714285,6,6,GTTTGTCGCACAGGCTTCAT,0,3791351
tolCp3,0.14285714285714285,6,6,GTTGTGAGGGCTTAACCTAC,0,3795428
tolCp3,0.14285714285714285,6,6,GTTGTCTTCGTATAATCTTT,0,3777493
tolCp3,0.14285714285714285,6,6,GTTGAATCGTATAATAAGTC,0,3792002
tolCp3,0.14285714285714285,6,6,GTTCTGCGGGTAGAGTGTCA,0,3776736
tolCp3,0.14285714285714285,6,6,GTTCGGTGCCTACCCATCAT,0,3793001
tolCp3,0.14285714285714285,6,6,GTTCCAGAACAACCATGGCG,0,3784609
tolCp3,0.14285714285714285,6,6,GTTAACCGGATCCTAAGAGG,0,3804813
tolCp3,0.14285714285714285,6,6,GTGTATGAATCATCCGCGAC,0,3795225
tolCp3,0.14285714285714285,6,6,GTGCTCCTGGTGAGTGGGAG,0,3800996
tolCp3,0.14285714285714285,6,6,GTGCTACTCTATGATACCAT,0,3790872
tolCp3,0.14285714285714285,6,6,GTGCCATACCTTAGTTAACA,0,3806462
tolCp3,0.14285714285714285,6,6,GTGATTGACGAGATCGACCC,0,3781532
tolCp3,0.14285714285714285,6,6,GTGATACCCATCTTGGCGCA,0,3798605
tolCp3,0.14285714285714285,6,6,GTGAGTACTCCGTGAGACTA,0,3780686
tolCp3,0.14285714285714285,6,6,GTGAACTGGCTGCTACATCG,0,3783618
tolCp3,0.14285714285714285,6,6,GTCTTTATCATCCTATATTC,0,3808254
tolCp3,0.14285714285714285,6,6,GTCGTACAGAGTCGAGAGCA,0,3804722
tolCp3,0.14285714285714285,6,6,GTCGGTAGAGAAGCTGAAGT,0,3791464
tolCp3,0.14285714285714285,6,6,GTCGGCTTAAGTACTTCAGT,0,3793330
tolCp3,0.14285714285714285,6,6,GTCGGATGTGCACGTGTGTG,0,3807801
tolCp3,0.14285714285714285,6,6,GTCCGATGGTGCCCTATTTG,0,3783714
tolCp3,0.14285714285714285,6,6,GTCATGCAAGAAATCGGCTC,0,3806957
tolCp3,0.14285714285714285,6,6,GTCAGGTTCCGGACAAGTTG,0,3798977
tolCp3,0.14285714285714285,6,6,GTCACCATACTCCGAGCTGT,0,3800836
tolCp3,0.14285714285714285,6,6,GTCACCACGGCCCCATTGCC,0,3795302
tolCp3,0.14285714285714285,6,6,GTATTTACCATAGTAGACGC,0,3790978
tolCp3,0.14285714285714285,6,6,GTATCACCGTCATGGGGATC,0,3787596
tolCp3,0.14285714285714285,6,6,GTAGTTCTGCGATCAACGCA,0,3784921
tolCp3,0.14285714285714285,6,6,GTAGTCTCTCGTGGAGTCAG,0,3802208
tolCp3,0.14285714285714285,6,6,GTAGTCGATTGTTTATAGAG,0,3804385
tolCp3,0.14285714285714285,6,6,GTAGAGGTCCAGATTGCTGA,0,3775134
tolCp3,0.14285714285714285,6,6,GTACTATCCAGAGTCTAGCT,0,3803693
tolCp3,0.14285714285714285,6,6,GTACATGTTTGAGTGACCGC,0,3789695
tolCp3,0.14285714285714285,6,6,GTAAGGTTCTTCGAAGCATA,0,3789428
tolCp3,0.14285714285714285,6,6,GTAAAATAAAAAACATTGTA,0,3784580
tolCp3,0.14285714285714285,6,6,GTAAAAGTTCACAGGTTCCA,0,3804165
tolCp3,0.14285714285714285,6,6,GGTTTTAGGAGTGTTGCCTA,0,3781912
tolCp3,0.14285714285714285,6,6,GGTTCTAGGCCGCGCGCATA,0,3789228
tolCp3,0.14285714285714285,6,6,GGTGTCCGTTAGTGGGTATG,0,3795349
tolCp3,0.14285714285714285,6,6,GGTGGATGTTACCAGATCTA,0,3805101
tolCp3,0.14285714285714285,6,6,GGTCCGGACCTCTTGTTCAG,0,3803124
tolCp3,0.14285714285714285,6,6,GGTATGGGGAAGACCAGTTA,0,3801991
tolCp3,0.14285714285714285,6,6,GGTAATTTCTGAATTGGAGT,0,3781396
tolCp3,0.14285714285714285,6,6,GGGTCTATACACCTCAACCA,0,3774513
tolCp3,0.14285714285714285,6,6,GGGGTCAGCTAGCGTTACAG,0,3792409
tolCp3,0.14285714285714285,6,6,GGGGGGACACGGGAGGATAT,0,3789516
tolCp3,0.14285714285714285,6,6,GGGGCTTGCCACTGCAACGG,0,3805395
tolCp3,0.14285714285714285,6,6,GGGGCTGCGTGCACATGTCC,0,3789299
tolCp3,0.14285714285714285,6,6,GGGCGTGTAGACCGGTCGAT,0,3802463
tolCp3,0.14285714285714285,6,6,GGGCGTCAGAAATGGGCTCA,0,3807946
tolCp3,0.14285714285714285,6,6,GGGACCGAAATCCCGGCTGA,0,3791537
tolCp3,0.14285714285714285,6,6,GGCTTCCGGTTCACGCCGGC,0,3778722
tolCp3,0.14285714285714285,6,6,GGCTATAGAATACTGGGAAT,0,3793463
tolCp3,0.14285714285714285,6,6,GGCTAATATTTTCCGGGCGG,0,3781600
tolCp3,0.14285714285714285,6,6,GGCGTAGGTGTACCAACGGA,0,3807945
tolCp3,0.14285714285714285,6,6,GGCGGCTTCATGTCGAAACC,0,3789515
tolCp3,0.14285714285714285,6,6,GGCCTGGGCGCCGTGTCTAA,0,3802922
tolCp3,0.14285714285714285,6,6,GGCCGTGGCCAAAACAGCAT,0,3807869
tolCp3,0.14285714285714285,6,6,GGCCCATGCTGGGCAACGCA,0,3793307
tolCp3,0.14285714285714285,6,6,GGCATGAAACAAACTGGTTT,0,3799309
tolCp3,0.14285714285714285,6,6,GGCACTATAGAGTCCTCGGA,0,3780509
tolCp3,0.14285714285714285,6,6,GGCAAGGTGACGACTGCTAA,0,3796089
tolCp3,0.14285714285714285,6,6,GGCAACTAGTCGCAATGCGG,0,3804161
tolCp3,0.14285714285714285,6,6,GGCAAAATGGTCAGCGGTGG,0,3782186
tolCp3,0.14285714285714285,6,6,GGATGGGGTTGGATGCCGAC,0,3805042
tolCp3,0.14285714285714285,6,6,GGAGAAAAGTCTTGTATAGT,0,3777084
tolCp3,0.14285714285714285,6,6,GGACTCCATTGGAGGACGGT,0,3796385
tolCp3,0.14285714285714285,6,6,GGACTAATGGTACACTGGAA,0,3809345
tolCp3,0.14285714285714285,6,6,GGACGGGCCTTACTATCGAT,0,3802876
tolCp3,0.14285714285714285,6,6,GCTACTGACGAGTCTCACGT,0,3809278
tolCp3,0.14285714285714285,6,6,GCTAACCTTAAGCTAAAGCT,0,3777764
tolCp3,0.14285714285714285,6,6,GCGTGATAAGAAACGCACCG,0,3792802
tolCp3,0.14285714285714285,6,6,GCGTCGGCCGGTTCAAGCCA,0,3777816
tolCp3,0.14285714285714285,6,6,GCGTCCGCTACCTGGAATTC,0,3776968
tolCp3,0.14285714285714285,6,6,GCGGGCCTAAGAGCCGGTTT,0,3784806
tolCp3,0.14285714285714285,6,6,GCGGCGCCCTCGTCGTCTCG,0,3795092
tolCp3,0.14285714285714285,6,6,GCGCGCCTAGAGACAGTATC,0,3791535
tolCp3,0.14285714285714285,6,6,GCGACGTGTCCGTGGGCGCG,0,3783848
tolCp3,0.14285714285714285,6,6,GCGACCTTTCACACAATAAC,0,3806632
tolCp3,0.14285714285714285,6,6,GCGAAGTTGTCCTCATCATC,0,3774577
tolCp3,0.14285714285714285,6,6,GCCTTAAGGCGTCGTGGTCG,0,3806993
tolCp3,0.14285714285714285,6,6,GCCTCTAGGGAATTGCTTGT,0,3807006
tolCp3,0.14285714285714285,6,6,GCCGTAGTGCAAGGGAACGC,0,3808865
tolCp3,0.14285714285714285,6,6,GCCGGGTGCACTGGGCTCGC,0,3785742
tolCp3,0.14285714285714285,6,6,GCCGGCCTATACAACGAGAA,0,3781301
tolCp3,0.14285714285714285,6,6,GCCGGACAGCTTTCTAATGC,0,3803338
tolCp3,0.14285714285714285,6,6,GCCGCTACACTTCACTATAG,0,3796006
tolCp3,0.14285714285714285,6,6,GCCGATCTACGACGTCACGG,0,3809422
tolCp3,0.14285714285714285,6,6,GCCCCCTATAGTTACGCTTA,0,3809276
tolCp3,0.14285714285714285,6,6,GCCATTCCGTTACAGGAGCC,0,3808705
tolCp3,0.14285714285714285,6,6,GCCATTATGTAACGAATTCA,0,3786213
tolCp3,0.14285714285714285,6,6,GCCATATTTGGGGATTGTCT,0,3790930
tolCp3,0.14285714285714285,6,6,GCCACTAGCTTTAACATTGG,0,3784454
tolCp3,0.14285714285714285,6,6,GCAGTAGTGAGAGATATTCC,0,3807272
tolCp3,0.14285714285714285,6,6,GCACTATCAAGGCTGCTCGA,0,3800035
tolCp3,0.14285714285714285,6,6,GCACTAGCTACAGGGCTACC,0,3788269
tolCp3,0.14285714285714285,6,6,GCACCCGAGTCGTGATAATG,0,3798318
tolCp3,0.14285714285714285,6,6,GCAAGGCGCAATGATTATGC,0,3798674
tolCp3,0.14285714285714285,6,6,GCAACCGCTGGATCGCCTGG,0,3804567
tolCp3,0.14285714285714285,6,6,GCAAACCCAACTCGGGTCAT,0,3777463
tolCp3,0.14285714285714285,6,6,GATTATAAGACTCGTATTCA,0,3780419
tolCp3,0.14285714285714285,6,6,GATTAATCATTCGATCTGAT,0,3783769
tolCp3,0.14285714285714285,6,6,GATGGTGATACCACCAGTCA,0,3798413
tolCp3,0.14285714285714285,6,6,GATGGCCGAGTGATTCCTTT,0,3779053
tolCp3,0.14285714285714285,6,6,GATCGCATCCCCTGGATCGG,0,3785250
tolCp3,0.14285714285714285,6,6,GATCGATGGTTAGAAAATGA,0,3802780
tolCp3,0.14285714285714285,6,6,GATCGATACCGTACAAAGCC,0,3779017
tolCp3,0.14285714285714285,6,6,GATAGGTGGCGGCACAGTCC,0,3791902
tolCp3,0.14285714285714285,6,6,GATACTCACTAAATGTGTCT,0,3790088
tolCp3,0.14285714285714285,6,6,GAGTATTCGGAGTGCCTAAA,0,3794127
tolCp3,0.14285714285714285,6,6,GAGGTGTGAGCGCCCAAAGG,0,3779603
tolCp3,0.14285714285714285,6,6,GAGGGAACTTTGGGATCGGT,0,3790863
tolCp3,0.14285714285714285,6,6,GAGGCGAGTGATAACAAACC,0,3795985
tolCp3,0.14285714285714285,6,6,GAGGATGCAGTGTCGGCCCC,0,3807068
tolCp3,0.14285714285714285,6,6,GAGAGGTTAAATTCGGTTAT,0,3791089
tolCp3,0.14285714285714285,6,6,GAGACGGAGAAATCCTGTCA,0,3805456
tolCp3,0.14285714285714285,6,6,GACTTTTTCGACTCATGTTC,0,3778112
tolCp3,0.14285714285714285,6,6,GACTGTATCTCCGGTGAGAA,0,3801226
tolCp3,0.14285714285714285,6,6,GACGCTCAAGTTGGTTCATC,0,3802996
tolCp3,0.14285714285714285,6,6,GACCGCAATGTTGTCAGGTG,0,3802072
tolCp3,0.14285714285714285,6,6,GACCGAATATATACACTTGT,0,3803615
tolCp3,0.14285714285714285,6,6,GACCCACTGTTTGAGCATCA,0,3780985
tolCp3,0.14285714285714285,6,6,GACATTTGCCGTCTGTAGGA,0,3787837
tolCp3,0.14285714285714285,6,6,GACAGATGTCGGTCAGGCTG,0,3808492
tolCp3,0.14285714285714285,6,6,GAATGGGGCAGACATTTGGC,0,3808665
tolCp3,0.14285714285714285,6,6,GAATACGAAACAGGGGTATA,0,3787086
tolCp3,0.14285714285714285,6,6,GAAGAAGACGTACTTGATGA,0,3809439
tolCp3,0.14285714285714285,6,6,GAACGGCTCCGCTGGGCTTT,0,3803937
tolCp3,0.14285714285714285,6,6,GAAATAGAGTAACATTGGTA,0,3780164
tolCp3,0.14285714285714285,6,6,CTTTCACTTCCGTGACTCCT,0,3785307
tolCp3,0.14285714285714285,6,6,CTTTATTTTTTTCCCCTGAG,0,3785830
tolCp3,0.14285714285714285,6,6,CTTTAGTCATGCCTAGTACA,0,3775078
tolCp3,0.14285714285714285,6,6,CTTGGTAATGTAAACAAGGG,0,3799557
tolCp3,0.14285714285714285,6,6,CTTGGGGCGAGTTAAGAGAG,0,3780930
tolCp3,0.14285714285714285,6,6,CTTGCTATCAAACCTGCTTG,0,3783492
tolCp3,0.14285714285714285,6,6,CTTGCATCGCGCGACAGTAC,0,3779486
tolCp3,0.14285714285714285,6,6,CTTCGGCAAGGGCACGCGGT,0,3784346
tolCp3,0.14285714285714285,6,6,CTTCATAGGGAGTTGTGCTT,0,3782113
tolCp3,0.14285714285714285,6,6,CTTCATACTTAGTGACATAA,0,3780463
tolCp3,0.14285714285714285,6,6,CTTAGACCGAATTGTCCAAG,0,3792783
tolCp3,0.14285714285714285,6,6,CTTAGAACTTTGTAGGGACT,0,3778431
tolCp3,0.14285714285714285,6,6,CTTAATAACTATGACGTTGC,0,3802479
tolCp3,0.14285714285714285,6,6,CTGTAGTGGCGCTTCTGTTC,0,3777281
tolCp3,0.14285714285714285,6,6,CTGGCTATCGCCTCCTTCAC,0,3775450
tolCp3,0.14285714285714285,6,6,CTGGCACTTCAGGAAAAGGG,0,3786480
tolCp3,0.14285714285714285,6,6,CTGCTTAAAGTTATCACTGA,0,3779742
tolCp3,0.14285714285714285,6,6,CTGCTCTTCATACAGAGATT,0,3791102
tolCp3,0.14285714285714285,6,6,CTGAGTCGGACACGGATAGG,0,3802958
tolCp3,0.14285714285714285,6,6,CTCTTCTAACGTCAGATGCT,0,3792815
tolCp3,0.14285714285714285,6,6,CTCGTCGTATCAGATTCCGA,0,3782408
tolCp3,0.14285714285714285,6,6,CTCGGCTCTTTTACGTAGCT,0,3792565
tolCp3,0.14285714285714285,6,6,CTCGATTGGACATATTTGTA,0,3790283
tolCp3,0.14285714285714285,6,6,CTCCGTTCCGGTAGCGGGGT,0,3788415
tolCp3,0.14285714285714285,6,6,CTCATATAATGTGCAGCAGC,0,3802666
tolCp3,0.14285714285714285,6,6,CTCACATCCGGTGTGGATGA,0,3777360
tolCp3,0.14285714285714285,6,6,CTATGCAGATTGAGGTAATC,0,3784585
tolCp3,0.14285714285714285,6,6,CTATGACAATGGTTGATATT,0,3782160
tolCp3,0.14285714285714285,6,6,CTATATAAAGGAAGCAATCG,0,3777448
tolCp3,0.14285714285714285,6,6,CTATACAGAGTAAGAATCGG,0,3798206
tolCp3,0.14285714285714285,6,6,CTATAACAGTCAACTTTGAC,0,3796623
tolCp3,0.14285714285714285,6,6,CTAGTGTTAGCTAATGTAGC,0,3808430
tolCp3,0.14285714285714285,6,6,CTAGGCGGAAAGGGGCAGTA,0,3790765
tolCp3,0.14285714285714285,6,6,CTAGACCCTGATGGTAATAA,0,3798875
tolCp3,0.14285714285714285,6,6,CTACTCCCGGCCGAGGGTTC,0,3791690
tolCp3,0.14285714285714285,6,6,CTACCTCGCCGTTCCTCGAT,0,3805648
tolCp3,0.14285714285714285,6,6,CTAAGTAGCGCGACAATAGT,0,3784031
tolCp3,0.14285714285714285,6,6,CGTTCAGGGCGATATTGAAT,0,3798470
tolCp3,0.14285714285714285,6,6,CGTTAAGGCATGGGATTCTA,0,3808516
tolCp3,0.14285714285714285,6,6,CGTGGGTCTCCTTACGGGGG,0,3795358
tolCp3,0.14285714285714285,6,6,CGTGACTGTGTAACTTCGAT,0,3789602
tolCp3,0.14285714285714285,6,6,CGTCTATTATAACTTACGTG,0,3787231
tolCp3,0.14285714285714285,6,6,CGTATCGTGAACGGGGAGAA,0,3788391
tolCp3,0.14285714285714285,6,6,CGTACGCGTGATACAACTCT,0,3791241
tolCp3,0.14285714285714285,6,6,CGTAACCGCCTGGAGCCCGA,0,3774718
tolCp3,0.14285714285714285,6,6,CGGGTCGCCCGCCTTGTGTG,0,3777467
tolCp3,0.14285714285714285,6,6,CGGGGCTGCAACTCAGCTTT,0,3791810
tolCp3,0.14285714285714285,6,6,CGGGAAAACGCAAGTTTATC,0,3782018
tolCp3,0.14285714285714285,6,6,CGGCGAAAACAATCTGGCGA,0,3795538
tolCp3,0.14285714285714285,6,6,CGGCCTTGTGGGACGAAGTT,0,3779135
tolCp3,0.14285714285714285,6,6,CGGCCCTGGGGGCATTGTGT,0,3795857
tolCp3,0.14285714285714285,6,6,CGGCCCTACAGTAGGGTAAC,0,3784343
tolCp3,0.14285714285714285,6,6,CGGCATCTCCATCTGCGGGG,0,3791752
tolCp3,0.14285714285714285,6,6,CGGATCCCAATGTTTCCTTG,0,3782050
tolCp3,0.14285714285714285,6,6,CGGACAACCGGCGTCGCCGG,0,3803050
tolCp3,0.14285714285714285,6,6,CGCTTCATCCCATATGAGGC,0,3799953
tolCp3,0.14285714285714285,6,6,CGCTTAAACCCCATCGCGCC,0,3779711
tolCp3,0.14285714285714285,6,6,CGCGGGGGCATCTAATTATT,0,3801008
tolCp3,0.14285714285714285,6,6,CGCGATGCTGTAACAAACGT,0,3785627
tolCp3,0.14285714285714285,6,6,CGCCGCTGCATCATCTAGAT,0,3791643
tolCp3,0.14285714285714285,6,6,CGCCGCACAACTGAGGGTGT,0,3782371
tolCp3,0.14285714285714285,6,6,CGCCACTTCGTTCTCGTTTC,0,3786355
tolCp3,0.14285714285714285,6,6,CGCAGACAAATACGACCCCC,0,3799114
tolCp3,0.14285714285714285,6,6,CGATTTCCGTATCGAAGTGA,0,3801832
tolCp3,0.14285714285714285,6,6,CGATTGTAATCTTAATTCGT,0,3802987
tolCp3,0.14285714285714285,6,6,CGAGTATCTGTACAGCCCTC,0,3780977
tolCp3,0.14285714285714285,6,6,CGAGTAGTGGGAGGATAATG,0,3806605
tolCp3,0.14285714285714285,6,6,CGAGGGAAAAGTTTCAGGAT,0,3797027
tolCp3,0.14285714285714285,6,6,CGACTCAGGAATGACGCGGC,0,3789558
tolCp3,0.14285714285714285,6,6,CGAATGCTTGCGTCTGACGG,0,3801705
tolCp3,0.14285714285714285,6,6,CCTTGCACGGAAGATGCTAC,0,3796717
tolCp3,0.14285714285714285,6,6,CCTTCTCTGCGGCCCCGGGA,0,3791276
tolCp3,0.14285714285714285,6,6,CCTTAGGAGCTATAGCATTG,0,3775910
tolCp3,0.14285714285714285,6,6,CCTTAGATATCCTGTATCCG,0,3777974
tolCp3,0.14285714285714285,6,6,CCTTACTGGTCTTGTCCTCG,0,3801680
tolCp3,0.14285714285714285,6,6,CCTTAACCACTCTACATGCC,0,3800885
tolCp3,0.14285714285714285,6,6,CCTCGTGCGCACTGTACGAC,0,3801406
tolCp3,0.14285714285714285,6,6,CCTCCATTAGGGCATGCTGG,0,3777077
tolCp3,0.14285714285714285,6,6,CCTACCTACATCTGTAGAAC,0,3780192
tolCp3,0.14285714285714285,6,6,CCTAAGCGCGCACGCGTTTG,0,3781246
tolCp3,0.14285714285714285,6,6,CCGTTGTAGCGGGGGGGTCA,0,3779745
tolCp3,0.14285714285714285,6,6,CCGTGGGCATGCTAGCGGCT,0,3798225
tolCp3,0.14285714285714285,6,6,CCGTCAAAGCCCGGGTGACG,0,3790201
tolCp3,0.14285714285714285,6,6,CCGTAACGACAATGATACGC,0,3805250
tolCp3,0.14285714285714285,6,6,CCGGTACTATTTTGTTTGGA,0,3777712
tolCp3,0.14285714285714285,6,6,CCGGGTTGATACCCGCACCT,0,3798497
tolCp3,0.14285714285714285,6,6,CCGGAGTCCTCCCAATAAGT,0,3786830
tolCp3,0.14285714285714285,6,6,CCGGAGGCTCTACTCTGATA,0,3790227
tolCp3,0.14285714285714285,6,6,CCGCCCAACCCATGGTGCAA,0,3794317
tolCp3,0.14285714285714285,6,6,CCGAGAATGGTCTAGAGACA,0,3776724
tolCp3,0.14285714285714285,6,6,CCGACGCGACTACATTGGTC,0,3780458
tolCp3,0.14285714285714285,6,6,CCCTTCTTACGCGACGAGGT,0,3780050
tolCp3,0.14285714285714285,6,6,CCCTTCTCTTCGGTAACGTT,0,3803991
tolCp3,0.14285714285714285,6,6,CCCTGGACTGCCAGGCATTT,0,3795917
tolCp3,0.14285714285714285,6,6,CCCTACGTCGGACTGCATCT,0,3796594
tolCp3,0.14285714285714285,6,6,CCCGTCCGGAATGCAAAGAT,0,3782892
tolCp3,0.14285714285714285,6,6,CCCGTAGTTATTCGGCTATC,0,3780097
tolCp3,0.14285714285714285,6,6,CCCGCCGCGCACGGTGGCCT,0,3791968
tolCp3,0.14285714285714285,6,6,CCCGATACGATTGGGCTACT,0,3784914
tolCp3,0.14285714285714285,6,6,CCCCGGAGAAAGCGGCACGT,0,3794934
tolCp3,0.14285714285714285,6,6,CCCCCAACTATGCAGAACCC,0,3792521
tolCp3,0.14285714285714285,6,6,CCCATCTAATTACATCTCCC,0,3780375
tolCp3,0.14285714285714285,6,6,CCCAGCGATCAGGTCTTGGG,0,3794786
tolCp3,0.14285714285714285,6,6,CCCACTTGACTTCGAGGGTG,0,3790432
tolCp3,0.14285714285714285,6,6,CCCAAAAAGGCTCATGAGAT,0,3781680
tolCp3,0.14285714285714285,6,6,CCATTTTCATGACGGCATCA,0,3790237
tolCp3,0.14285714285714285,6,6,CCATGAGCCATAGAGTCGGA,0,3803889
tolCp3,0.14285714285714285,6,6,CCATATTGGATCCACATGGC,0,3804427
tolCp3,0.14285714285714285,6,6,CCAGGTGTACGATATGCTTT,0,3792939
tolCp3,0.14285714285714285,6,6,CCAGGTACGCTTTTGAGGGG,0,3793821
tolCp3,0.14285714285714285,6,6,CCAGCGTGGCACTTAAGATA,0,3783792
tolCp3,0.14285714285714285,6,6,CCACTGGGATCAAGGAGCAT,0,3803396
tolCp3,0.14285714285714285,6,6,CCACTATATTGCATTGCATG,0,3794855
tolCp3,0.14285714285714285,6,6,CCACTAACTAAAATAGCTCA,0,3783927
tolCp3,0.14285714285714285,6,6,CCACATATCCTCATCCGATC,0,3787282
tolCp3,0.14285714285714285,6,6,CATTTTACTCAGCGGTGTGA,0,3792236
tolCp3,0.14285714285714285,6,6,CATTTACCTGCTCCCCTCAA,0,3804364
tolCp3,0.14285714285714285,6,6,CATTGCGTTAATCACTTTGT,0,3807767
tolCp3,0.14285714285714285,6,6,CAGTCTTTGGTTATCCGGTG,0,3808579
tolCp3,0.14285714285714285,6,6,CAGGTCATAGCTTTCCCCTG,0,3798684
tolCp3,0.14285714285714285,6,6,CAGGGGATCGCGATAGGCCT,0,3797457
tolCp3,0.14285714285714285,6,6,CAGCTGTCCTCAATATACCT,0,3777755
tolCp3,0.14285714285714285,6,6,CAGCGTGATGTCGTTGTGAG,0,3781007
tolCp3,0.14285714285714285,6,6,CAGCGGCGCATTTGGTATTT,0,3781337
tolCp3,0.14285714285714285,6,6,CAGCCACTTGAGCGATGGGT,0,3786239
tolCp3,0.14285714285714285,6,6,CACTCAGTAGAGGCGAGGAT,0,3799946
tolCp3,0.14285714285714285,6,6,CACTATAGTTCCAACATCCT,0,3782946
tolCp3,0.14285714285714285,6,6,CACTAGGCTTAGAGGACCCT,0,3784417
tolCp3,0.14285714285714285,6,6,CACGGGCGGTGATCTAACCA,0,3802121
tolCp3,0.14285714285714285,6,6,CACGGCCTAATACCGCGTCA,0,3788900
tolCp3,0.14285714285714285,6,6,CACCTATGCCAAGCACTAGA,0,3799202
tolCp3,0.14285714285714285,6,6,CACCCTCGGAAAATTAGCTC,0,3796079
tolCp3,0.14285714285714285,6,6,CACCAAGGTCAGTCCGCTTC,0,3796036
tolCp3,0.14285714285714285,6,6,CACACAATTTATATATTAGT,0,3797020
tolCp3,0.14285714285714285,6,6,CAATGTGACCCTACCCCGGA,0,3785708
tolCp3,0.14285714285714285,6,6,CAACGGGGGTAGGGCCGAGA,0,3776172
tolCp3,0.14285714285714285,6,6,CAACCACTGGCGCGCTGAAG,0,3792070
tolCp3,0.14285714285714285,6,6,CAAATGTAGTCGGCAATGAG,0,3804472
tolCp3,0.14285714285714285,6,6,CAAAGATGGTATTGCCGGAT,0,3774819
tolCp3,0.14285714285714285,6,6,CAAAGAGGTGACGTCCAGGA,0,3779097
tolCp3,0.14285714285714285,6,6,CAAACTCCGGAATCACGAGA,0,3785328
tolCp3,0.14285714285714285,6,6,CAAACACTAATGTAGAAATA,0,3794995
tolCp3,0.14285714285714285,6,6,ATTTTTCGCATAGCTCGTCG,0,3798039
tolCp3,0.14285714285714285,6,6,ATTTTGGTGCGCCTTCACTT,0,3793168
tolCp3,0.14285714285714285,6,6,ATTTTGCATGAGAATAATTG,0,3805738
tolCp3,0.14285714285714285,6,6,ATTTCAGACGGGGGGGACAA,0,3775899
tolCp3,0.14285714285714285,6,6,ATTTAGAGCAGGAAACGCGA,0,3789712
tolCp3,0.14285714285714285,6,6,ATTTAATCCGTCTCAAGGTC,0,3787775
tolCp3,0.14285714285714285,6,6,ATTGTTCGTGAGTAAGCAAT,0,3797669
tolCp3,0.14285714285714285,6,6,ATTGTGAGTGACCACCGTGA,0,3804239
tolCp3,0.14285714285714285,6,6,ATTGGAAGGCATAGTCCGGT,0,3783493
tolCp3,0.14285714285714285,6,6,ATTCGCTAACTCCAACAGAC,0,3789244
tolCp3,0.14285714285714285,6,6,ATTCACCCCAGTTGTTTAGT,0,3805029
tolCp3,0.14285714285714285,6,6,ATTATAGAATACTTGTTCGC,0,3781136
tolCp3,0.14285714285714285,6,6,ATTAGCTCCTTCAGTGCAGA,0,3801191
tolCp3,0.14285714285714285,6,6,ATGTCTTTCAAGAGATACTA,0,3793799
tolCp3,0.14285714285714285,6,6,ATGTACTGTAATTCGACCAC,0,3785914
tolCp3,0.14285714285714285,6,6,ATGTAACAATTAGAAGTGGT,0,3782425
tolCp3,0.14285714285714285,6,6,ATGGGGAAGAGTCTCCCACA,0,3804771
tolCp3,0.14285714285714285,6,6,ATGGGATTGGCTCGGCAAGT,0,3793867
tolCp3,0.14285714285714285,6,6,ATGGATGAAAAGAAAAGGGT,0,3785762
tolCp3,0.14285714285714285,6,6,ATGGAGAGACCGTTAGCGGG,0,3797963
tolCp3,0.14285714285714285,6,6,ATGGAAGAGTTTGTAAAGAT,0,3785034
tolCp3,0.14285714285714285,6,6,ATGCGCCGGGGCACATACTA,0,3783079
tolCp3,0.14285714285714285,6,6,ATGCCATAGAGTATTCGAGT,0,3784409
tolCp3,0.14285714285714285,6,6,ATGCATGCAAGGGGTGCGCT,0,3789364
tolCp3,0.14285714285714285,6,6,ATGCACACGTACATGCAATA,0,3794191
tolCp3,0.14285714285714285,6,6,ATGCAAGGAAAGATTGAGGA,0,3782943
tolCp3,0.14285714285714285,6,6,ATGATGGACCCTCGTCTTCT,0,3806477
tolCp3,0.14285714285714285,6,6,ATGAGTTGGCATGAGGGATA,0,3780633
tolCp3,0.14285714285714285,6,6,ATGACATGAGCCGCTCCAAT,0,3789616
tolCp3,0.14285714285714285,6,6,ATGAAATACCGTGCCGGTCA,0,3778161
tolCp3,0.14285714285714285,6,6,ATCGTCAGGACATGAGAATA,0,3785196
tolCp3,0.14285714285714285,6,6,ATCGCTTTTTTAGACACCAT,0,3792001
tolCp3,0.14285714285714285,6,6,ATCGCGTCGCAACCGTCCCG,0,3795317
tolCp3,0.14285714285714285,6,6,ATCGAAGCTGAAAAAGGACA,0,3801725
tolCp3,0.14285714285714285,6,6,ATCCGGAGCACCCAATTACA,0,3797896
tolCp3,0.14285714285714285,6,6,ATCCAGTTTAGTGTACGTGT,0,3798491
tolCp3,0.14285714285714285,6,6,ATCCAAATCCTATTATAACG,0,3787372
tolCp3,0.14285714285714285,6,6,ATCACAAAAGCGACTGGTTG,0,3784533
tolCp3,0.14285714285714285,6,6,ATCAAGTCTAATGTCGCGTA,0,3792992
tolCp3,0.14285714285714285,6,6,ATATGGGATCTCATCGCGTT,0,3796759
tolCp3,0.14285714285714285,6,6,ATATGAAGGGTCGTTTGGTA,0,3793114
tolCp3,0.14285714285714285,6,6,ATAGGGTTGTGTATTGGTTT,0,3793975
tolCp3,0.14285714285714285,6,6,ATAGGGAATGTAATAGGATA,0,3787448
tolCp3,0.14285714285714285,6,6,ATACTATTAGGTAAGGGAAC,0,3788717
tolCp3,0.14285714285714285,6,6,ATACGCGGAGATCACCAGCA,0,3785456
tolCp3,0.14285714285714285,6,6,ATACACAAGTACAGTATCAG,0,3802234
tolCp3,0.14285714285714285,6,6,ATAAGTAGGTAGGAAGATAG,0,3802373
tolCp3,0.14285714285714285,6,6,ATAACACGCCCAGCCCGATT,0,3788788
tolCp3,0.14285714285714285,6,6,ATAACACAAAGGAAGTTCCC,0,3797297
tolCp3,0.14285714285714285,6,6,ATAAATGGGAATTCTGTTCG,0,3799738
tolCp3,0.14285714285714285,6,6,ATAAAGGAGCAACTGTCGAT,0,3775838
tolCp3,0.14285714285714285,6,6,AGTTTCAACTCATGCCTCGG,0,3779741
tolCp3,0.14285714285714285,6,6,AGTGTCGAGCCAGTCTAGTG,0,3807253
tolCp3,0.14285714285714285,6,6,AGTGCCTTGTCGGGCTTGCT,0,3778533
tolCp3,0.14285714285714285,6,6,AGTGCCGCTGCATTAGATAT,0,3798785
tolCp3,0.14285714285714285,6,6,AGTGATTTGCCGCGGTCACC,0,3805884
tolCp3,0.14285714285714285,6,6,AGTCGGATACGCCCATATCA,0,3806203
tolCp3,0.14285714285714285,6,6,AGTAGCTTTAAACATTGGTA,0,3789177
tolCp3,0.14285714285714285,6,6,AGTACACCCTCTCGACTAAT,0,3783607
tolCp3,0.14285714285714285,6,6,AGGGGCCAGGTTACACATCG,0,3809428
tolCp3,0.14285714285714285,6,6,AGGGCCGTGAGGGAACATTA,0,3800124
tolCp3,0.14285714285714285,6,6,AGGGCATCCCGCATCAATCA,0,3791645
tolCp3,0.14285714285714285,6,6,AGGGAAGGTCTCAGTATTAC,0,3809298
tolCp3,0.14285714285714285,6,6,AGGCTTATAATTTGATAAAA,0,3803596
tolCp3,0.14285714285714285,6,6,AGGCGTGGCCAGGTGCCGCA,0,3793471
tolCp3,0.14285714285714285,6,6,AGGCCGTTAAGGGGCTGGAG,0,3783109
tolCp3,0.14285714285714285,6,6,AGGACCGTTGCGCCCACTAT,0,3794804
tolCp3,0.14285714285714285,6,6,AGGACAGCCGAGGGTCCGTC,0,3787600
tolCp3,0.14285714285714285,6,6,AGGAACCAGGTGGGTGGATA,0,3809134
tolCp3,0.14285714285714285,6,6,AGCTGTGGACTCGCCATTTG,0,3776315
tolCp3,0.14285714285714285,6,6,AGCGCGGAGGGAGGGTCAGG,0,3778726
tolCp3,0.14285714285714285,6,6,AGCGAGGTAATAGAGTGTTC,0,3805812
tolCp3,0.14285714285714285,6,6,AGCGAAACCGATGTCCACTC,0,3794141
tolCp3,0.14285714285714285,6,6,AGCCTCTTATGCAGAATCTA,0,3776919
tolCp3,0.14285714285714285,6,6,AGCCTAAACTCTACTCCACG,0,3780858
tolCp3,0.14285714285714285,6,6,AGCCGGTTTAGTAAGCCCGT,0,3807105
tolCp3,0.14285714285714285,6,6,AGCACGCGTGCGGGTTCGGT,0,3796365
tolCp3,0.14285714285714285,6,6,AGATTGAACGGTCCCATTCA,0,3792870
tolCp3,0.14285714285714285,6,6,AGATTATGAAGTAAATACCA,0,3779503
tolCp3,0.14285714285714285,6,6,AGATTAAATCCCAGCTCCGA,0,3783395
tolCp3,0.14285714285714285,6,6,AGAGTTCGAATCAAAGGTAT,0,3790972
tolCp3,0.14285714285714285,6,6,AGAGGGCTCGCAGCCGTCTC,0,3781701
tolCp3,0.14285714285714285,6,6,AGAGGATGCCACGATTCGCA,0,3783901
tolCp3,0.14285714285714285,6,6,AGAGCTAAAAATTAAGAGAA,0,3806224
tolCp3,0.14285714285714285,6,6,AGAGCCCTAGGCCATGTACG,0,3809210
tolCp3,0.14285714285714285,6,6,AGACGTCATGGGACGTCTGA,0,3783763
tolCp3,0.14285714285714285,6,6,AGACGCTCGCAACAGCGACT,0,3803125
tolCp3,0.14285714285714285,6,6,AGACATCGTTTAGGTTCAAA,0,3807804
tolCp3,0.14285714285714285,6,6,ACTTTAGGATGAGTAGATTC,0,3805567
tolCp3,0.14285714285714285,6,6,ACTGTTCCCCAGCCCGGGCA,0,3801203
tolCp3,0.14285714285714285,6,6,ACTGTAACTCACGAGGCTCA,0,3797895
tolCp3,0.14285714285714285,6,6,ACTGATACCGTTGCTGCAGC,0,3779020
tolCp3,0.14285714285714285,6,6,ACTCTAGATTACTAGGACGG,0,3795150
tolCp3,0.14285714285714285,6,6,ACTCGTCTAGAGTTATCCAA,0,3775145
tolCp3,0.14285714285714285,6,6,ACTCAGTGTGGGGTTGATAG,0,3786166
tolCp3,0.14285714285714285,6,6,ACTATGGTCGCGATGCCGAC,0,3785358
tolCp3,0.14285714285714285,6,6,ACTATAAGTCGATTCCGTCG,0,3780232
tolCp3,0.14285714285714285,6,6,ACGGGCTGTTTTACTTAGCG,0,3791733
tolCp3,0.14285714285714285,6,6,ACGGACGGCGGCGTTATATG,0,3801279
tolCp3,0.14285714285714285,6,6,ACGCTTAAGGCCAGATCACA,0,3782568
tolCp3,0.14285714285714285,6,6,ACGCTAATCAACTAGACGAA,0,3790355
tolCp3,0.14285714285714285,6,6,ACGCCGACGGAGCGAGCGCT,0,3790233
tolCp3,0.14285714285714285,6,6,ACGATGTAGCTAATCCCGCA,0,3803783
tolCp3,0.14285714285714285,6,6,ACGATAAATGGTCCAGACTC,0,3796684
tolCp3,0.14285714285714285,6,6,ACGAAGCTCCTCAATGTGGT,0,3805296
tolCp3,0.14285714285714285,6,6,ACCTGGTTCTACGGTCCTGC,0,3791157
tolCp3,0.14285714285714285,6,6,ACCGTGAAGCTCCCACGAAC,0,3797180
tolCp3,0.14285714285714285,6,6,ACCGACTCGAATGCATTCGG,0,3775173
tolCp3,0.14285714285714285,6,6,ACCCTGCGCGAGCGGATTTG,0,3794821
tolCp3,0.14285714285714285,6,6,ACCCGTTCGGAATCATACAA,0,3806760
tolCp3,0.14285714285714285,6,6,ACCATCTGATCCAGGATGCT,0,3794508
tolCp3,0.14285714285714285,6,6,ACCAATTGGTCAGAACGGCA,0,3787453
tolCp3,0.14285714285714285,6,6,ACATGTCACAGTCAGCAAGA,0,3776500
tolCp3,0.14285714285714285,6,6,ACATGCTACGCTCTGTGCGA,0,3805058
tolCp3,0.14285714285714285,6,6,ACATAGTTTGTCGCGACATG,0,3800170
tolCp3,0.14285714285714285,6,6,ACAGGTCGTTCCCGTTCCAC,0,3801462
tolCp3,0.14285714285714285,6,6,ACAGGCGAGCCAGCCATTGT,0,3779270
tolCp3,0.14285714285714285,6,6,ACAGATATAACGACCCAGGT,0,3777694
tolCp3,0.14285714285714285,6,6,ACACAGGGGTTACTGCAGGA,0,3805788
tolCp3,0.14285714285714285,6,6,ACAACAGCATATCAGTTGAC,0,3801655
tolCp3,0.14285714285714285,6,6,AATTAAGTATTCCTGGTGTC,0,3775224
tolCp3,0.14285714285714285,6,6,AATGGGGGGGCCGACGGAGC,0,3775400
tolCp3,0.14285714285714285,6,6,AATGCTGGATAGTGGAATGG,0,3794180
tolCp3,0.14285714285714285,6,6,AATCTCGCGTTCGGGTAAAA,0,3785392
tolCp3,0.14285714285714285,6,6,AATATAGCATTAAGGCGCTG,0,3788358
tolCp3,0.14285714285714285,6,6,AATAGCGGAGCGAGACGTAG,0,3793487
tolCp3,0.14285714285714285,6,6,AAGGTAAAGGATCGCGACGT,0,3803996
tolCp3,0.14285714285714285,6,6,AAGGCTTGTAATGGGTGCGG,0,3787959
tolCp3,0.14285714285714285,6,6,AAGCTGGCGTCAAAGAGGTG,0,3779820
tolCp3,0.14285714285714285,6,6,AAGCCCACCGTGCATAGCAT,0,3778705
tolCp3,0.14285714285714285,6,6,AAGCAGTACGTATACCCGGG,0,3802051
tolCp3,0.14285714285714285,6,6,AAGCAATGTTCCCTCAGGGC,0,3792471
tolCp3,0.14285714285714285,6,6,AAGATGGTGCCAAGGGTCCC,0,3789230
tolCp3,0.14285714285714285,6,6,AAGACCACGTGCAGCTCGTG,0,3788660
tolCp3,0.14285714285714285,6,6,AACTTCTTTTCTGTTACCTA,0,3802368
tolCp3,0.14285714285714285,6,6,AACTTAGCCACATCGAGTTG,0,3781310
tolCp3,0.14285714285714285,6,6,AACGTGCTTAAGGGTCCATA,0,3788844
tolCp3,0.14285714285714285,6,6,AACGCTTGGGGAACTGAAGA,0,3779194
tolCp3,0.14285714285714285,6,6,AACGAGATACAGGCAGTCGG,0,3789171
tolCp3,0.14285714285714285,6,6,AACGACTGCACGCATTATAT,0,3808612
tolCp3,0.14285714285714285,6,6,AACCTGTCGCTGCAATTCGC,0,3786727
tolCp3,0.14285714285714285,6,6,AACCGTCTGTTCTTGAGAGG,0,3799451
tolCp3,0.14285714285714285,6,6,AACCGCAACTGGAAGGTGTT,0,3790569
tolCp3,0.14285714285714285,6,6,AACAGCGCGGCTTTATGGTT,0,3783582
tolCp3,0.14285714285714285,6,6,AACAGACACGGTAAGGACCA,0,3803609
tolCp3,0.14285714285714285,6,6,AAAGGAATTCACCCTGGACA,0,3778097
tolCp3,0.14285714285714285,6,6,AAACTTCTGACTACCCAGCG,0,3778532
tolCp3,0.14285714285714285,6,6,AAACTTAGTAGTCCTCATCT,0,3789617
tolCp3,0.14285714285714285,6,6,AAACGTGTCTATAAGGGAAC,0,3786719
tolCp3,0.14285714285714285,6,6,AAACGTGGGGAGGCACATTC,0,3782509
tolCp3,0.14285714285714285,6,6,AAAAGTGGAGCCATGCTTAA,0,3808586
tolCp3,0.14285714285714285,6,6,AAAAGGAGCAGGTAATCCGA,0,3804399
tolCp3,0.16666666666666666,5,5,TTTTGTTGGACCCGGACTGG,0,3804184
tolCp3,0.16666666666666666,5,5,TTTTGGTCCTAGTGCGACTT,0,3808884
tolCp3,0.16666666666666666,5,5,TTTTCCAGGTATTCAAAGTC,0,3808862
tolCp3,0.16666666666666666,5,5,TTTTCACAGGGTACTTATTC,0,3800560
tolCp3,0.16666666666666666,5,5,TTTTATTTTGCTATGTATAC,0,3777257
tolCp3,0.16666666666666666,5,5,TTTTATAGCACCTCATCACC,0,3790841
tolCp3,0.16666666666666666,5,5,TTTTAGTTTACTCCTCCCGA,0,3808725
tolCp3,0.16666666666666666,5,5,TTTTAGTGATGGGAAATCGG,0,3799291
tolCp3,0.16666666666666666,5,5,TTTTAAGGCTGCCTCCGGAC,0,3806812
tolCp3,0.16666666666666666,5,5,TTTGAAATTCAATACAAAAG,0,3776816
tolCp3,0.16666666666666666,5,5,TTTCGGAGATCTATTAGGAT,0,3791432
tolCp3,0.16666666666666666,5,5,TTTCAACGTGGTCTTTCTCT,0,3796293
tolCp3,0.16666666666666666,5,5,TTTATTTGAATCAGAGCTGC,0,3793117
tolCp3,0.16666666666666666,5,5,TTTAGCATAAGTAGGTCGGC,0,3776196
tolCp3,0.16666666666666666,5,5,TTGTGGATGTTGCTGCACTT,0,3780799
tolCp3,0.16666666666666666,5,5,TTGGTCACGCCTTACGTTGC,0,3806521
tolCp3,0.16666666666666666,5,5,TTGGCGCGCAGTGCACCCTA,0,3803130
tolCp3,0.16666666666666666,5,5,TTGGATATTGACACACGGTG,0,3778226
tolCp3,0.16666666666666666,5,5,TTGCCTCAAACGGCCCCACA,0,3803248
tolCp3,0.16666666666666666,5,5,TTGCCGCAGTACGTCTCGCA,0,3786818
tolCp3,0.16666666666666666,5,5,TTGCATTAATTCACTGCATC,0,3793535
tolCp3,0.16666666666666666,5,5,TTGCATGCATGTGGGGGGCA,0,3779406
tolCp3,0.16666666666666666,5,5,TTGCATATAGGCGGTGCCCT,0,3793280
tolCp3,0.16666666666666666,5,5,TTGACGTCTGGATAGTATCT,0,3778626
tolCp3,0.16666666666666666,5,5,TTGACAATATCATCGAACGG,0,3785088
tolCp3,0.16666666666666666,5,5,TTCTTGGGAGTACCGAACAT,0,3786658
tolCp3,0.16666666666666666,5,5,TTCTAAAAACAAGTTGGGGG,0,3788436
tolCp3,0.16666666666666666,5,5,TTCGGTCACCCACCCGAGAC,0,3808073
tolCp3,0.16666666666666666,5,5,TTCCCTCGAGCGTGGATGCT,0,3800721
tolCp3,0.16666666666666666,5,5,TTCCAAGATTTAGCAGTTAG,0,3781646
tolCp3,0.16666666666666666,5,5,TTCATCCTTGAATGTTGACG,0,3793931
tolCp3,0.16666666666666666,5,5,TTCAAAGCAAGCCAATGCGA,0,3807918
tolCp3,0.16666666666666666,5,5,TTATTCGTACCCCATTACAA,0,3791783
tolCp3,0.16666666666666666,5,5,TTATGTAGCAGACGGTTCAC,0,3800235
tolCp3,0.16666666666666666,5,5,TTATGCGACTCACCACACTG,0,3781985
tolCp3,0.16666666666666666,5,5,TTAGCATGTCGATTATATTA,0,3778346
tolCp3,0.16666666666666666,5,5,TTACCACCCGAGGCCAAGGC,0,3782968
tolCp3,0.16666666666666666,5,5,TTACATAGGTTGGGGCTTAC,0,3782513
tolCp3,0.16666666666666666,5,5,TTACAGGTGAGTGTAATCTA,0,3788046
tolCp3,0.16666666666666666,5,5,TTAATGTGGGAATCACCCGA,0,3784366
tolCp3,0.16666666666666666,5,5,TTAATCAGTTTTGGGTCCCG,0,3804188
tolCp3,0.16666666666666666,5,5,TTAAGGCGGGACCCCCGTCT,0,3803560
tolCp3,0.16666666666666666,5,5,TGTTCAGGACAATGTGATCC,0,3800647
tolCp3,0.16666666666666666,5,5,TGTGGTTACTCTCATCGTAA,0,3807718
tolCp3,0.16666666666666666,5,5,TGTGGGGGTGCGGTTCAACC,0,3789176
tolCp3,0.16666666666666666,5,5,TGTGGACCTTTGTACGAGGA,0,3792954
tolCp3,0.16666666666666666,5,5,TGTGCTTCAGATTTTTGTTG,0,3797860
tolCp3,0.16666666666666666,5,5,TGTGATATGAAGCGTTTCGC,0,3784871
tolCp3,0.16666666666666666,5,5,TGTGAAGTCAATTCGACGCG,0,3780163
tolCp3,0.16666666666666666,5,5,TGTAGTGTATGTAAGAGTGT,0,3795775
tolCp3,0.16666666666666666,5,5,TGTACTGGAGTTGGCACTTT,0,3783121
tolCp3,0.16666666666666666,5,5,TGGTTGGGCTCCCGCGAGTG,0,3782224
tolCp3,0.16666666666666666,5,5,TGGTGGCTATCCCAAGGAAA,0,3803009
tolCp3,0.16666666666666666,5,5,TGGTGCGCCAGAAGCATGAG,0,3783371
tolCp3,0.16666666666666666,5,5,TGGGTATTGAGAATTATGAG,0,3776380
tolCp3,0.16666666666666666,5,5,TGGGGGCTTACCCTGAAATT,0,3781570
tolCp3,0.16666666666666666,5,5,TGGGCGGATTAAGCTGACTT,0,3783512
tolCp3,0.16666666666666666,5,5,TGGGCCAGTGACCACTGAGT,0,3781311
tolCp3,0.16666666666666666,5,5,TGGGATAGAAAATCTAGAGG,0,3784757
tolCp3,0.16666666666666666,5,5,TGGGACCCGCGCAAACCAAA,0,3793230
tolCp3,0.16666666666666666,5,5,TGGCGCATACACGCGGACGA,0,3786912
tolCp3,0.16666666666666666,5,5,TGGCCGATCAGATGTCAACA,0,3775531
tolCp3,0.16666666666666666,5,5,TGGCCCTAAGCGTCCGTATG,0,3775490
tolCp3,0.16666666666666666,5,5,TGGCACAGAGATGACTCAAC,0,3780843
tolCp3,0.16666666666666666,5,5,TGGACCGCCCTTGCGAGGTT,0,3784210
tolCp3,0.16666666666666666,5,5,TGGAACGCTCGTGTACTAAT,0,3797829
tolCp3,0.16666666666666666,5,5,TGCTTTGCTGCACCGTTGGC,0,3790082
tolCp3,0.16666666666666666,5,5,TGCTGTCGGGATTGGCGGTA,0,3790019
tolCp3,0.16666666666666666,5,5,TGCTCCCCCCCGCGCACACC,0,3798070
tolCp3,0.16666666666666666,5,5,TGCTACGACGAGAAGCAGAA,0,3775655
tolCp3,0.16666666666666666,5,5,TGCGTTATGCACCAAAAGTA,0,3804504
tolCp3,0.16666666666666666,5,5,TGCGGTGAGCCTTCTATGGC,0,3802147
tolCp3,0.16666666666666666,5,5,TGCGGACTTGAACGTTAGAT,0,3786874
tolCp3,0.16666666666666666,5,5,TGCGGAACTCCCCACAGAGC,0,3788136
tolCp3,0.16666666666666666,5,5,TGCGGAACGCAACGATTGTA,0,3798395
tolCp3,0.16666666666666666,5,5,TGCATTGAGGCGGCGTAACC,0,3797863
tolCp3,0.16666666666666666,5,5,TGCATGTATGGTTTAACTGG,0,3783453
tolCp3,0.16666666666666666,5,5,TGCAGATAAAACAACGGAGC,0,3800159
tolCp3,0.16666666666666666,5,5,TGCACGCATGATCGTGGGGT,0,3775327
tolCp3,0.16666666666666666,5,5,TGATTACTGGACGAGCCGAG,0,3805765
tolCp3,0.16666666666666666,5,5,TGATGTTCAAAACAGTGCGA,0,3789103
tolCp3,0.16666666666666666,5,5,TGATGCGGGTTGCAATTGGT,0,3807429
tolCp3,0.16666666666666666,5,5,TGATGCACGAGTATCAGGGC,0,3808026
tolCp3,0.16666666666666666,5,5,TGATCGAAATCACCCAGGCG,0,3802267
tolCp3,0.16666666666666666,5,5,TGATAAAGTGATGTGCAGGA,0,3778018
tolCp3,0.16666666666666666,5,5,TGAGCACTAACTACTTCTAC,0,3799517
tolCp3,0.16666666666666666,5,5,TGAGACCCGTTAGAAGTGCT,0,3786883
tolCp3,0.16666666666666666,5,5,TGACTTGACCTATCCACTGC,0,3789973
tolCp3,0.16666666666666666,5,5,TGACTAACTTATTTACGCAT,0,3783090
tolCp3,0.16666666666666666,5,5,TGACGCGGATCGATCTTCGG,0,3804453
tolCp3,0.16666666666666666,5,5,TGACATGCCCGAGCATGCCT,0,3793281
tolCp3,0.16666666666666666,5,5,TGACATACCATCGCAAGAAA,0,3806138
tolCp3,0.16666666666666666,5,5,TGACAAAATGGGTGATGCAA,0,3789183
tolCp3,0.16666666666666666,5,5,TGAATCGTGCAAGGGGAGAG,0,3805323
tolCp3,0.16666666666666666,5,5,TGAATAATGCGCGGCAAGTG,0,3775474
tolCp3,0.16666666666666666,5,5,TGAAGAGCCTGGCACGTCCT,0,3775572
tolCp3,0.16666666666666666,5,5,TGAACTTTCATCGTACTACG,0,3794627
tolCp3,0.16666666666666666,5,5,TCTTTGGAATGGGTGAACGG,0,3804817
tolCp3,0.16666666666666666,5,5,TCTTCAATCGCCGACGGGGT,0,3787773
tolCp3,0.16666666666666666,5,5,TCTGTCCCGACTACGTAGCC,0,3777897
tolCp3,0.16666666666666666,5,5,TCTGCTCTTCACCCCATCCA,0,3805259
tolCp3,0.16666666666666666,5,5,TCTGAGATGCTATGTTGGAC,0,3793250
tolCp3,0.16666666666666666,5,5,TCTCGACTAGCCGACAGATC,0,3792910
tolCp3,0.16666666666666666,5,5,TCTCATTAGGTTGTCTCCGG,0,3791870
tolCp3,0.16666666666666666,5,5,TCTAGCGACGGTGCCTCGCC,0,3783309
tolCp3,0.16666666666666666,5,5,TCTACCGAGGGTCACGTCAG,0,3802402
tolCp3,0.16666666666666666,5,5,TCTACATGTCATCTTCGAGA,0,3780475
tolCp3,0.16666666666666666,5,5,TCGTGTTTTGAGTCACACAC,0,3808313
tolCp3,0.16666666666666666,5,5,TCGTGTCGGTCTTAGTGGTA,0,3797306
tolCp3,0.16666666666666666,5,5,TCGTCTGCTTCTGTGGCAAC,0,3792426
tolCp3,0.16666666666666666,5,5,TCGGGTATGACGCTAGATGA,0,3799560
tolCp3,0.16666666666666666,5,5,TCGGGGATATCCAATAGTAG,0,3795320
tolCp3,0.16666666666666666,5,5,TCGGCTACGATCACGGTTTG,0,3774876
tolCp3,0.16666666666666666,5,5,TCGGAAGGTGCCAATGGTGC,0,3804203
tolCp3,0.16666666666666666,5,5,TCGCTAACGAAAATAGCCCC,0,3785777
tolCp3,0.16666666666666666,5,5,TCGCGTCGCAAGCGCGGACA,0,3801794
tolCp3,0.16666666666666666,5,5,TCGATATATGCGCTTCCCCG,0,3798544
tolCp3,0.16666666666666666,5,5,TCCGGAGATGACAAGCCTCG,0,3775529
tolCp3,0.16666666666666666,5,5,TCCGATTGATGAGGTGCACA,0,3806996
tolCp3,0.16666666666666666,5,5,TCCGACCAGCAACGCATATG,0,3779265
tolCp3,0.16666666666666666,5,5,TCCGAACCCCAACGGGGTAG,0,3774796
tolCp3,0.16666666666666666,5,5,TCCGAACATATATTGTCAAA,0,3780557
tolCp3,0.16666666666666666,5,5,TCCACTGCCCATAAGTCGTG,0,3779172
tolCp3,0.16666666666666666,5,5,TCATTATTAGACGCGTCCAA,0,3793692
tolCp3,0.16666666666666666,5,5,TCAGTACTATTTTGCAAAAA,0,3806045
tolCp3,0.16666666666666666,5,5,TCAGGTACTGGTCAAGCTCT,0,3789475
tolCp3,0.16666666666666666,5,5,TCAGAGATCTACCTGTTGCG,0,3791574
tolCp3,0.16666666666666666,5,5,TCACGACCAAGGGGAATTTT,0,3784995
tolCp3,0.16666666666666666,5,5,TCAATGCTTACCGTATCCCT,0,3792858
tolCp3,0.16666666666666666,5,5,TCAAGTACAAGGGCAGTGAA,0,3796545
tolCp3,0.16666666666666666,5,5,TCAAGAGCAGTATTCGGTTC,0,3794706
tolCp3,0.16666666666666666,5,5,TATTTTTGCGTGGTTTATTT,0,3793449
tolCp3,0.16666666666666666,5,5,TATTTTTCGATCAGCTGTAA,0,3797950
tolCp3,0.16666666666666666,5,5,TATTTAACTGGGAGTGTGAT,0,3792206
tolCp3,0.16666666666666666,5,5,TATTAATGGGTCAATAGGAT,0,3807108
tolCp3,0.16666666666666666,5,5,TATGGTGAATAGAAATGATA,0,3797967
tolCp3,0.16666666666666666,5,5,TATGGCACCAGCCCACGTAT,0,3791387
tolCp3,0.16666666666666666,5,5,TATGCCCGGAATTGGCAGTA,0,3793184
tolCp3,0.16666666666666666,5,5,TATGATGGGTCTCGGAAGTT,0,3775654
tolCp3,0.16666666666666666,5,5,TATGACATTAAATATGGGCA,0,3807358
tolCp3,0.16666666666666666,5,5,TATCGCGCTCACCAGATGGG,0,3790223
tolCp3,0.16666666666666666,5,5,TATCCGCCGTCTTTCAAAAA,0,3780991
tolCp3,0.16666666666666666,5,5,TATCCACGGAATGGTTGCAG,0,3797183
tolCp3,0.16666666666666666,5,5,TATCATCACATGCCAACGTT,0,3780316
tolCp3,0.16666666666666666,5,5,TATCAGCCATTTCCCTGCGA,0,3777086
tolCp3,0.16666666666666666,5,5,TATATGTAAGTTCGCTCCAA,0,3787949
tolCp3,0.16666666666666666,5,5,TAGCTTGGCGTACACTTTAT,0,3778298
tolCp3,0.16666666666666666,5,5,TAGCTTACAGCAAACCGATA,0,3786754
tolCp3,0.16666666666666666,5,5,TAGCGTCTTTTGAGTTGCAT,0,3775776
tolCp3,0.16666666666666666,5,5,TAGCGTCCATTTCGTTTTCA,0,3790222
tolCp3,0.16666666666666666,5,5,TAGCGCTGGTTGAGCCCCCT,0,3794096
tolCp3,0.16666666666666666,5,5,TAGCATGGGTCCTCTCCCCG,0,3779787
tolCp3,0.16666666666666666,5,5,TAGAATTCTATAAGAAAAAA,0,3805848
tolCp3,0.16666666666666666,5,5,TAGAATGGCGGCCCATACGG,0,3775963
tolCp3,0.16666666666666666,5,5,TAGAAGATCTTTTACCTGCG,0,3785851
tolCp3,0.16666666666666666,5,5,TACTTTCTTGGGGTAAGTCG,0,3784531
tolCp3,0.16666666666666666,5,5,TACTGGATGGTGCGCGCAAA,0,3801726
tolCp3,0.16666666666666666,5,5,TACTGCTGTTGCTATACAAG,0,3787998
tolCp3,0.16666666666666666,5,5,TACTAACCTCGGTTGTACGA,0,3804824
tolCp3,0.16666666666666666,5,5,TACGGTGTATAGTTAGTCAC,0,3779137
tolCp3,0.16666666666666666,5,5,TACGGATTCCGATCGGATCG,0,3806744
tolCp3,0.16666666666666666,5,5,TACGCATGGGTTATGGGCTG,0,3792805
tolCp3,0.16666666666666666,5,5,TACGAAAAGAAGTAGGGCGC,0,3784243
tolCp3,0.16666666666666666,5,5,TACCTGCTCATGTGGCTTCA,0,3788129
tolCp3,0.16666666666666666,5,5,TACCTGCACAATACTCTTTT,0,3788519
tolCp3,0.16666666666666666,5,5,TACCATTATGGGGAGCTAGC,0,3803597
tolCp3,0.16666666666666666,5,5,TACCACTGTGAGAGAAAGTC,0,3794108
tolCp3,0.16666666666666666,5,5,TAAGTCTCGAAAAAGAGTAA,0,3778090
tolCp3,0.16666666666666666,5,5,TAAGGTGAGGCAGAAGATAT,0,3784775
tolCp3,0.16666666666666666,5,5,TAAGACCCATTTACGGTCCG,0,3792433
tolCp3,0.16666666666666666,5,5,TAACTTGTCGCTATACAGCT,0,3782359
tolCp3,0.16666666666666666,5,5,TAAATAGTGGCAGGGAAAAG,0,3799304
tolCp3,0.16666666666666666,5,5,TAAAGTCAGGCACCTTAACA,0,3801431
tolCp3,0.16666666666666666,5,5,TAAAAAGGGATCTACGGCTC,0,3781566
tolCp3,0.16666666666666666,5,5,GTTTTTAAGTGAATACAATG,0,3788437
tolCp3,0.16666666666666666,5,5,GTTTTCCAGTTCCAGAGGCA,0,3788946
tolCp3,0.16666666666666666,5,5,GTTTCACGCACGACCGTGGT,0,3782066
tolCp3,0.16666666666666666,5,5,GTTTACATAGTTCGCTCTAG,0,3791880
tolCp3,0.16666666666666666,5,5,GTTGTAGCGCCCCGCCAACC,0,3789845
tolCp3,0.16666666666666666,5,5,GTTGGGTCATGTTCTTAAGT,0,3776810
tolCp3,0.16666666666666666,5,5,GTTCTTTTTTACTAAAGAAT,0,3795266
tolCp3,0.16666666666666666,5,5,GTTCTGTTGGAACGGTGGAA,0,3781030
tolCp3,0.16666666666666666,5,5,GTTCACTAGGCGGGTGCCGT,0,3791510
tolCp3,0.16666666666666666,5,5,GTTAGCCGGTCGATCAGGCC,0,3782453
tolCp3,0.16666666666666666,5,5,GTTACGGTACCGCGCTTGCA,0,3793848
tolCp3,0.16666666666666666,5,5,GTTAAAATCGCTCCGTATCA,0,3802857
tolCp3,0.16666666666666666,5,5,GTGTAATGTCTATCGATAGA,0,3804959
tolCp3,0.16666666666666666,5,5,GTGGGTGGTCAGATTACATT,0,3781689
tolCp3,0.16666666666666666,5,5,GTGGGGATACTGGGCTTATC,0,3797379
tolCp3,0.16666666666666666,5,5,GTGGATGTAGGCGTACACAG,0,3780341
tolCp3,0.16666666666666666,5,5,GTGCGGGACTGTATCTCTAA,0,3776798
tolCp3,0.16666666666666666,5,5,GTGCCGGAGTATGAGCGGGC,0,3792593
tolCp3,0.16666666666666666,5,5,GTGCAAGGGTACATCTTGAT,0,3798907
tolCp3,0.16666666666666666,5,5,GTGAGTAATTAAGGGAGATC,0,3781181
tolCp3,0.16666666666666666,5,5,GTGAGATCTGGAACAAGGAA,0,3786936
tolCp3,0.16666666666666666,5,5,GTGAAGAGGAACCCTTTAGA,0,3786238
tolCp3,0.16666666666666666,5,5,GTCTGCGGGAGCCGAGTTCA,0,3800212
tolCp3,0.16666666666666666,5,5,GTCGGATAGAACGTTCGCCG,0,3791386
tolCp3,0.16666666666666666,5,5,GTCGCCGATGACTCGACACT,0,3809238
tolCp3,0.16666666666666666,5,5,GTCCCGGGCCAACATGTGAT,0,3799895
tolCp3,0.16666666666666666,5,5,GTCCAGTGTGTGACGTCACG,0,3799156
tolCp3,0.16666666666666666,5,5,GTCATCTCTGTAACGGTTAG,0,3809029
tolCp3,0.16666666666666666,5,5,GTCACGAAGAAACACATATA,0,3798802
tolCp3,0.16666666666666666,5,5,GTATTCAACGTGTAGTGTTA,0,3782328
tolCp3,0.16666666666666666,5,5,GTATTACGTCTAACGGCCAT,0,3786858
tolCp3,0.16666666666666666,5,5,GTATGTTCCCACTAGGTCGC,0,3795477
tolCp3,0.16666666666666666,5,5,GTACTGGTTCGGAAGTATGT,0,3798398
tolCp3,0.16666666666666666,5,5,GTAAGGGCAGAGTTGGTAAA,0,3796371
tolCp3,0.16666666666666666,5,5,GTAAGACATCCCTGAGGGCT,0,3783608
tolCp3,0.16666666666666666,5,5,GTAACTCACTAAAGCTAAGG,0,3792595
tolCp3,0.16666666666666666,5,5,GTAACGCGGTCACGATGTGG,0,3791310
tolCp3,0.16666666666666666,5,5,GTAACCGATCACCGCGTATA,0,3779743
tolCp3,0.16666666666666666,5,5,GGTTTTAAAACTGAGTTCAA,0,3797539
tolCp3,0.16666666666666666,5,5,GGTTTACCCCGATCTCCGGA,0,3805230
tolCp3,0.16666666666666666,5,5,GGTTGGCCAATGAGACCAGG,0,3792684
tolCp3,0.16666666666666666,5,5,GGTTGGACAGGAGTGTCAAT,0,3787930
tolCp3,0.16666666666666666,5,5,GGTTCTGCCCACGCGGTCAG,0,3775850
tolCp3,0.16666666666666666,5,5,GGTTAATATTATTCACTTGC,0,3784440
tolCp3,0.16666666666666666,5,5,GGTGTTATCATACTTCGCGG,0,3786901
tolCp3,0.16666666666666666,5,5,GGTGGGCTTGTGAATGCGTT,0,3794723
tolCp3,0.16666666666666666,5,5,GGTGCTGCTGTTCCGGGCAG,0,3803902
tolCp3,0.16666666666666666,5,5,GGTGCCCGTGTTTGTTGATA,0,3796633
tolCp3,0.16666666666666666,5,5,GGTGATGGAACTGTGCCCTA,0,3783002
tolCp3,0.16666666666666666,5,5,GGGTTGGGGTGTTAAAAGGC,0,3785275
tolCp3,0.16666666666666666,5,5,GGGTCGTGACCTATCAATGC,0,3787557
tolCp3,0.16666666666666666,5,5,GGGTCGATTTACAAGCCCAT,0,3800872
tolCp3,0.16666666666666666,5,5,GGGTCCCAGATGGCCCTAGT,0,3806960
tolCp3,0.16666666666666666,5,5,GGGGCCGTAAATACCAAGAT,0,3799642
tolCp3,0.16666666666666666,5,5,GGGGACGATAAGTCTTGTTA,0,3784957
tolCp3,0.16666666666666666,5,5,GGGCTCATTCGGAACAGACA,0,3801190
tolCp3,0.16666666666666666,5,5,GGGCGGAAATTGGCTTCATG,0,3788478
tolCp3,0.16666666666666666,5,5,GGGCGAGATAGCGGAACGGA,0,3807604
tolCp3,0.16666666666666666,5,5,GGGAGGCGCACCGCTGTCGC,0,3792748
tolCp3,0.16666666666666666,5,5,GGGAATTCCCCAGGGGGTTT,0,3790245
tolCp3,0.16666666666666666,5,5,GGCTGGCTCCGAAGAGCGGT,0,3784830
tolCp3,0.16666666666666666,5,5,GGCGGTTATAATAGTCAGGT,0,3792200
tolCp3,0.16666666666666666,5,5,GGCGGTCAGCAGCCCAACAC,0,3783454
tolCp3,0.16666666666666666,5,5,GGCGCGGCGTGCCTCCACCC,0,3801242
tolCp3,0.16666666666666666,5,5,GGCGAGCATGGGGGGTACAT,0,3778388
tolCp3,0.16666666666666666,5,5,GGCCTGAGCCGCTACCTATA,0,3791710
tolCp3,0.16666666666666666,5,5,GGCCTGAAAACACCAACTGT,0,3783105
tolCp3,0.16666666666666666,5,5,GGCCCTCGAGCAAGAGCGTC,0,3802227
tolCp3,0.16666666666666666,5,5,GGCCCCTTCCCCTACTTCAG,0,3798906
tolCp3,0.16666666666666666,5,5,GGCCATGGGGTGTACGCGCC,0,3774920
tolCp3,0.16666666666666666,5,5,GGCAGGGAAGCGCTAAAACG,0,3799326
tolCp3,0.16666666666666666,5,5,GGCAGCTTTAACCGGGACTA,0,3783507
tolCp3,0.16666666666666666,5,5,GGCAGAAGACGTGGCTAAAA,0,3799763
tolCp3,0.16666666666666666,5,5,GGCAACTGCGAAACTGCGGA,0,3795231
tolCp3,0.16666666666666666,5,5,GGATGACGGAGTAAGGGTTG,0,3791374
tolCp3,0.16666666666666666,5,5,GGATCCTGTGAAAGGGTTTT,0,3797135
tolCp3,0.16666666666666666,5,5,GGATATGCTAGTCGATTATG,0,3782763
tolCp3,0.16666666666666666,5,5,GGAGTTGAAGGTATGACATT,0,3774901
tolCp3,0.16666666666666666,5,5,GGAGTGGAGGCAGAAGAGCG,0,3774859
tolCp3,0.16666666666666666,5,5,GGAGTAGTAGGTATAGAACA,0,3783508
tolCp3,0.16666666666666666,5,5,GGAGGCGTGGAGATATTTGC,0,3786756
tolCp3,0.16666666666666666,5,5,GGAGAGCAATGAGTACTCCC,0,3781401
tolCp3,0.16666666666666666,5,5,GGAGAGATTCCTATTCGGAC,0,3785003
tolCp3,0.16666666666666666,5,5,GGACTTGCACAAGATATGAT,0,3778809
tolCp3,0.16666666666666666,5,5,GGACTGCGCGCTGTCAATAA,0,3784242
tolCp3,0.16666666666666666,5,5,GGACCTATAGCGGAACTGTG,0,3776937
tolCp3,0.16666666666666666,5,5,GGAATCGAACAGAACCCGGA,0,3789419
tolCp3,0.16666666666666666,5,5,GGAAGTTACGCGCGGGTAGC,0,3797145
tolCp3,0.16666666666666666,5,5,GGAAAGTGGCTCCCATCCTC,0,3794203
tolCp3,0.16666666666666666,5,5,GGAAAGCAGATTAAGATGGT,0,3808450
tolCp3,0.16666666666666666,5,5,GCTTGCGATGGTTCTGTACA,0,3797472
tolCp3,0.16666666666666666,5,5,GCTGTGGGGCACCGCGTTTA,0,3795673
tolCp3,0.16666666666666666,5,5,GCTGGAAAGGTCGTGATGAG,0,3778290
tolCp3,0.16666666666666666,5,5,GCTCTTCAGGATAGCGTCCA,0,3809000
tolCp3,0.16666666666666666,5,5,GCTCTTAAGTTGGCCCGAGC,0,3809027
tolCp3,0.16666666666666666,5,5,GCTATATAGCGAGGCGACTC,0,3796294
tolCp3,0.16666666666666666,5,5,GCTAGTCGCCCGTGACAGAA,0,3798765
tolCp3,0.16666666666666666,5,5,GCTACTGATGGCTTTCCGGC,0,3802268
tolCp3,0.16666666666666666,5,5,GCTAAAGGAGACTAGATGAA,0,3792022
tolCp3,0.16666666666666666,5,5,GCGTTTAACGGAAGGTTCAT,0,3790592
tolCp3,0.16666666666666666,5,5,GCGTGAGAGGGGAGGAAGAT,0,3784997
tolCp3,0.16666666666666666,5,5,GCGTCCAGAGTCGGAATCCC,0,3784166
tolCp3,0.16666666666666666,5,5,GCGTACAAGTTTAGCCCCCG,0,3788471
tolCp3,0.16666666666666666,5,5,GCGGTGTATAAGGGCTCGGA,0,3787753
tolCp3,0.16666666666666666,5,5,GCGGTCCAACATAACAAGGC,0,3796456
tolCp3,0.16666666666666666,5,5,GCGGTCACAAGGTCTGTCCC,0,3785801
tolCp3,0.16666666666666666,5,5,GCGCATGTGGCACACTGAAT,0,3808708
tolCp3,0.16666666666666666,5,5,GCGATTGGCCGGATGACATG,0,3788045
tolCp3,0.16666666666666666,5,5,GCGACGATACTCGAAAGTGA,0,3808798
tolCp3,0.16666666666666666,5,5,GCGAATTCTATTCACCTGTA,0,3806881
tolCp3,0.16666666666666666,5,5,GCGAAACTTACCTCGAAAGT,0,3785479
tolCp3,0.16666666666666666,5,5,GCCTGCATTTATACAGAGAC,0,3796977
tolCp3,0.16666666666666666,5,5,GCCGGTGAGTCCACGAGTAA,0,3798804
tolCp3,0.16666666666666666,5,5,GCCGGTCATATTCCAATCAT,0,3792920
tolCp3,0.16666666666666666,5,5,GCCGGAGGTAACGTTACCCG,0,3784326
tolCp3,0.16666666666666666,5,5,GCCGCCCTCCAGCCGAGTTG,0,3807036
tolCp3,0.16666666666666666,5,5,GCCACTGCGAGTGTAAGCCT,0,3797328
tolCp3,0.16666666666666666,5,5,GCCACATACAAACATAGTGT,0,3794053
tolCp3,0.16666666666666666,5,5,GCCACACCTTCAAAAATCAC,0,3791014
tolCp3,0.16666666666666666,5,5,GCCAAGCTAAAAGCAGCCTC,0,3792478
tolCp3,0.16666666666666666,5,5,GCATTCATCAGCTCATTTAC,0,3777814
tolCp3,0.16666666666666666,5,5,GCAGCTAGAGCTCCATGATA,0,3795296
tolCp3,0.16666666666666666,5,5,GCAGATGAGCCCCGATAGAA,0,3778231
tolCp3,0.16666666666666666,5,5,GCAGAGTCTGCATCGATAAA,0,3781316
tolCp3,0.16666666666666666,5,5,GCACGATGTTCCTAGACTTA,0,3787621
tolCp3,0.16666666666666666,5,5,GCACGAAGGTTCATAGGCAA,0,3800365
tolCp3,0.16666666666666666,5,5,GCAATTGGGAACATAGTCGC,0,3803705
tolCp3,0.16666666666666666,5,5,GCAATGTATACACGTGTTTC,0,3791832
tolCp3,0.16666666666666666,5,5,GCAATCATCATATACAGGGC,0,3807736
tolCp3,0.16666666666666666,5,5,GCAAGCCGCGGGTGCCAAGA,0,3792803
tolCp3,0.16666666666666666,5,5,GCAACCGTAAATGCCAAATT,0,3806750
tolCp3,0.16666666666666666,5,5,GCAACCAACGTGCCCTGGGT,0,3788955
tolCp3,0.16666666666666666,5,5,GATTTTGCATACTGATGGAG,0,3795080
tolCp3,0.16666666666666666,5,5,GATTGCATGAGCCCTTTTCG,0,3786080
tolCp3,0.16666666666666666,5,5,GATTAACCCTTTACATCACA,0,3779598
tolCp3,0.16666666666666666,5,5,GATGGCCTGTGTTTAGAGAT,0,3778576
tolCp3,0.16666666666666666,5,5,GATGCCATACTGCCCAAGTA,0,3798045
tolCp3,0.16666666666666666,5,5,GATGCAGAACTCATACACTG,0,3791442
tolCp3,0.16666666666666666,5,5,GATCTTGCGTTTGTATAAAA,0,3783886
tolCp3,0.16666666666666666,5,5,GATCCGGGAATGTTAATTGA,0,3797593
tolCp3,0.16666666666666666,5,5,GATATTTTATATAGTCCAGG,0,3805444
tolCp3,0.16666666666666666,5,5,GATAGGATGCACAGGTGGCT,0,3777082
tolCp3,0.16666666666666666,5,5,GATACTTAGTCCGAATCACT,0,3803949
tolCp3,0.16666666666666666,5,5,GATACTCATTAAGATATGTT,0,3784348
tolCp3,0.16666666666666666,5,5,GAGTTTTCAGACCAATCCTT,0,3809295
tolCp3,0.16666666666666666,5,5,GAGTGCGTTAAATAGGCTGA,0,3775226
tolCp3,0.16666666666666666,5,5,GAGTCTCGCTGCCGTACTTG,0,3790159
tolCp3,0.16666666666666666,5,5,GAGTCTACGACGGCCGCACT,0,3795261
tolCp3,0.16666666666666666,5,5,GAGTCCGTAGAAGGTGCAAT,0,3805568
tolCp3,0.16666666666666666,5,5,GAGTATTCAAGGGGGTGTCA,0,3790387
tolCp3,0.16666666666666666,5,5,GAGGTTAGTTTTAGAACCAT,0,3808233
tolCp3,0.16666666666666666,5,5,GAGGCTACGTACGGGCCCGT,0,3793728
tolCp3,0.16666666666666666,5,5,GAGGAACCTCTAGGCCCTTA,0,3775119
tolCp3,0.16666666666666666,5,5,GAGCTCGGTTAGCATCTCCA,0,3796638
tolCp3,0.16666666666666666,5,5,GAGACGCTAGTGCAGCGGTC,0,3805724
tolCp3,0.16666666666666666,5,5,GAGACAACGTCGAAGGCTTT,0,3781980
tolCp3,0.16666666666666666,5,5,GAGAATGGCTACGCCTACTC,0,3791648
tolCp3,0.16666666666666666,5,5,GACTTTAATGTTCAATTCCT,0,3783199
tolCp3,0.16666666666666666,5,5,GACTGGGGGTCTGTTAGCTA,0,3803249
tolCp3,0.16666666666666666,5,5,GACTATCTATACGGAGTACT,0,3780672
tolCp3,0.16666666666666666,5,5,GACGTCAGAATGAGAGTCAA,0,3788897
tolCp3,0.16666666666666666,5,5,GACGAGGTATTGAATTCTCA,0,3791872
tolCp3,0.16666666666666666,5,5,GACGAACTCCGGACAGGCAG,0,3794912
tolCp3,0.16666666666666666,5,5,GACCGACTTAAGATGGCATT,0,3804535
tolCp3,0.16666666666666666,5,5,GACCCTTAAAGGTGCCAGCT,0,3782934
tolCp3,0.16666666666666666,5,5,GACCCTGGGCGTGAATGCCA,0,3798789
tolCp3,0.16666666666666666,5,5,GACCCTGCCAACCTATGTAT,0,3796368
tolCp3,0.16666666666666666,5,5,GACCAGGGCACATTGCGCGC,0,3796196
tolCp3,0.16666666666666666,5,5,GACATCGGCGTCTCTTCGCT,0,3799828
tolCp3,0.16666666666666666,5,5,GACACGTATTATACCCGTAT,0,3796705
tolCp3,0.16666666666666666,5,5,GACAACCCGCACTCTGCAGA,0,3783707
tolCp3,0.16666666666666666,5,5,GAATTTAAGGGCGCGGCATT,0,3777278
tolCp3,0.16666666666666666,5,5,GAATTCGGTGTGATGAATTC,0,3798226
tolCp3,0.16666666666666666,5,5,GAAGTACTGTGGGCCGCGCT,0,3784286
tolCp3,0.16666666666666666,5,5,GAAGGTTGCGTTTCGTAATG,0,3807854
tolCp3,0.16666666666666666,5,5,GAAGGATGGCCGAAGCTTTG,0,3790775
tolCp3,0.16666666666666666,5,5,GAAGCTACCGTACGAGCAAT,0,3798153
tolCp3,0.16666666666666666,5,5,GAAGAAGAGCTCAGGTCTAA,0,3801382
tolCp3,0.16666666666666666,5,5,GAACTCCGCGTCGGGCACTA,0,3783818
tolCp3,0.16666666666666666,5,5,GAACCTTGGTATGCGCGTTC,0,3778732
tolCp3,0.16666666666666666,5,5,GAACCTGAGGTCTGCAGAGT,0,3798531
tolCp3,0.16666666666666666,5,5,GAACCCCTGCGTCCATGAAG,0,3808149
tolCp3,0.16666666666666666,5,5,GAACACTATACAAGTAAACC,0,3792220
tolCp3,0.16666666666666666,5,5,GAACACATCATCCGTTCAGC,0,3797429
tolCp3,0.16666666666666666,5,5,GAAAATTGTATCCATATCTT,0,3781497
tolCp3,0.16666666666666666,5,5,CTTTTGGGTGTTCACTAGCA,0,3808650
tolCp3,0.16666666666666666,5,5,CTTTGACTAAGCCAGGCCTA,0,3804079
tolCp3,0.16666666666666666,5,5,CTTGTCGTGGGTACATTGGT,0,3788386
tolCp3,0.16666666666666666,5,5,CTTCGCGCGTACCATAATAG,0,3793263
tolCp3,0.16666666666666666,5,5,CTTCCGGACGTAGACTCTAG,0,3791482
tolCp3,0.16666666666666666,5,5,CTTAGTTGTACAAAAGAAAA,0,3802098
tolCp3,0.16666666666666666,5,5,CTTAGGGCCTCCTTGCACCA,0,3790171
tolCp3,0.16666666666666666,5,5,CTGTCAGGCCACTGCGCCGC,0,3791742
tolCp3,0.16666666666666666,5,5,CTGTATCTAATGGTGTCTCG,0,3787235
tolCp3,0.16666666666666666,5,5,CTGGTTAAGCGTTACGTCCT,0,3790950
tolCp3,0.16666666666666666,5,5,CTGGCGTGTAAACCTCCACA,0,3780221
tolCp3,0.16666666666666666,5,5,CTGCCCTCATCTGAGTAGAC,0,3791779
tolCp3,0.16666666666666666,5,5,CTGCATACCTTATCTATGCG,0,3778076
tolCp3,0.16666666666666666,5,5,CTGCACTTTTTTGCCTCCAT,0,3801669
tolCp3,0.16666666666666666,5,5,CTGCAAGCAAGGGATCCAGT,0,3795435
tolCp3,0.16666666666666666,5,5,CTGATTTTGAGTCTCTTGAG,0,3790868
tolCp3,0.16666666666666666,5,5,CTGAGTTGGGATTCAGGATA,0,3802221
tolCp3,0.16666666666666666,5,5,CTCTAAAGTTGGTATAGCAA,0,3806176
tolCp3,0.16666666666666666,5,5,CTCGTTACAGTAGGATGTCA,0,3808866
tolCp3,0.16666666666666666,5,5,CTCGTCAGGAGCCGGACGCT,0,3777215
tolCp3,0.16666666666666666,5,5,CTCGAGGTAAGATACAAACT,0,3776158
tolCp3,0.16666666666666666,5,5,CTCGAATGGGGAGCAAGTTT,0,3805910
tolCp3,0.16666666666666666,5,5,CTCCTTATGCGGCACTGTGG,0,3809126
tolCp3,0.16666666666666666,5,5,CTCCCTGAATAAGCTGTGCA,0,3802480
tolCp3,0.16666666666666666,5,5,CTCATTTCTGCGCTAAAGCC,0,3793579
tolCp3,0.16666666666666666,5,5,CTCACAAGCTGCAACCGCAA,0,3783358
tolCp3,0.16666666666666666,5,5,CTCAAGTCGAAAAGCGATCT,0,3785319
tolCp3,0.16666666666666666,5,5,CTATTTGCTCATATGGATGG,0,3802837
tolCp3,0.16666666666666666,5,5,CTATTTCAGGCAAAATAAGT,0,3803478
tolCp3,0.16666666666666666,5,5,CTATGGATTACCAATATATG,0,3790881
tolCp3,0.16666666666666666,5,5,CTATAGGCCGAGGGGAAACG,0,3791261
tolCp3,0.16666666666666666,5,5,CTAGGCACTCCTTCGTCTAA,0,3789624
tolCp3,0.16666666666666666,5,5,CTACTTTCGCCCCTAATACG,0,3789976
tolCp3,0.16666666666666666,5,5,CTACTTACACTATTGCTAGG,0,3776835
tolCp3,0.16666666666666666,5,5,CTACGCGTACAGCTCCTCGT,0,3783062
tolCp3,0.16666666666666666,5,5,CTACCCTACTAGCTACCTCG,0,3793941
tolCp3,0.16666666666666666,5,5,CTAAAGTGGCTCACGCCGAC,0,3776596
tolCp3,0.16666666666666666,5,5,CTAAAAGTACGGATCGTTAG,0,3788344
tolCp3,0.16666666666666666,5,5,CGTTTAAGGGCAACGGCCCG,0,3794697
tolCp3,0.16666666666666666,5,5,CGTTGCAGACAATAGAACTG,0,3780320
tolCp3,0.16666666666666666,5,5,CGTGGGACTTCGTGTGCTTT,0,3796306
tolCp3,0.16666666666666666,5,5,CGTGCAGTCTGCTTTTGACC,0,3788205
tolCp3,0.16666666666666666,5,5,CGTGCAGAACCACCCGTTGC,0,3802606
tolCp3,0.16666666666666666,5,5,CGTCGTCTCGCTGCTTTTAA,0,3806775
tolCp3,0.16666666666666666,5,5,CGTCGCCCGATTTAACTTGA,0,3788567
tolCp3,0.16666666666666666,5,5,CGTACTTGACGGTTACATTC,0,3788248
tolCp3,0.16666666666666666,5,5,CGTAATCAGACGCTCCAATA,0,3801367
tolCp3,0.16666666666666666,5,5,CGGTGGGAGCTTCTCATCCA,0,3784268
tolCp3,0.16666666666666666,5,5,CGGTGGCAGAGCCTATATCC,0,3787465
tolCp3,0.16666666666666666,5,5,CGGTGAAGGTTTCATACTGT,0,3789337
tolCp3,0.16666666666666666,5,5,CGGTCCCACGGAAGGCTTAG,0,3790042
tolCp3,0.16666666666666666,5,5,CGGTATATGGATCTCAGGTA,0,3780694
tolCp3,0.16666666666666666,5,5,CGGTAGGGCCTTGCTAAAAT,0,3786027
tolCp3,0.16666666666666666,5,5,CGGTAATGTAGTTCATGTAT,0,3806377
tolCp3,0.16666666666666666,5,5,CGGGTCGTTGGCTCGTTTTA,0,3803719
tolCp3,0.16666666666666666,5,5,CGGGTCGTTCATACCCGGAG,0,3804820
tolCp3,0.16666666666666666,5,5,CGGGAGCGTTTAGACTACTT,0,3796852
tolCp3,0.16666666666666666,5,5,CGGGAAGTTTGTCCGCCGAG,0,3799486
tolCp3,0.16666666666666666,5,5,CGGCTTGCCATCGGACATGC,0,3788451
tolCp3,0.16666666666666666,5,5,CGGCTGGAGGAATAAGGGAG,0,3792997
tolCp3,0.16666666666666666,5,5,CGGCTCTCGTTCGCAACCAG,0,3794392
tolCp3,0.16666666666666666,5,5,CGGCGGGGAAGCAAGGCTCG,0,3779695
tolCp3,0.16666666666666666,5,5,CGCTAGGCAGACGACTTGAT,0,3806438
tolCp3,0.16666666666666666,5,5,CGCGTTAGGACGAACAGGGT,0,3794791
tolCp3,0.16666666666666666,5,5,CGCGTACATTCTTACAACGG,0,3780167
tolCp3,0.16666666666666666,5,5,CGCGCACGTCAACATTTGGT,0,3787774
tolCp3,0.16666666666666666,5,5,CGCGATACGCAATACCGCTT,0,3779458
tolCp3,0.16666666666666666,5,5,CGCGACAAATATGGGTTGGC,0,3806956
tolCp3,0.16666666666666666,5,5,CGCCGCCCAGCCGGACAGGT,0,3775609
tolCp3,0.16666666666666666,5,5,CGCCGATCAATTCGGAAACC,0,3782404
tolCp3,0.16666666666666666,5,5,CGCCAGAATCAGTAAGGTGT,0,3804759
tolCp3,0.16666666666666666,5,5,CGCCACCTCACGGTTAAAGG,0,3808752
tolCp3,0.16666666666666666,5,5,CGCATACAACGAGTCGTTAG,0,3786088
tolCp3,0.16666666666666666,5,5,CGCAGCATAGCTCAGTAAAA,0,3797114
tolCp3,0.16666666666666666,5,5,CGCACACAAGTAGGAGATAG,0,3793226
tolCp3,0.16666666666666666,5,5,CGCAACGGTAAACTCCTGGG,0,3775462
tolCp3,0.16666666666666666,5,5,CGCAAATGGTGCCGGAGACT,0,3801822
tolCp3,0.16666666666666666,5,5,CGATTGGATTTCCACGATCA,0,3803145
tolCp3,0.16666666666666666,5,5,CGATTAGAATGAAAACTTGG,0,3807907
tolCp3,0.16666666666666666,5,5,CGATATATCCGGAGTTTGAA,0,3803088
tolCp3,0.16666666666666666,5,5,CGAGGGCCAGGCCTAATCTT,0,3780239
tolCp3,0.16666666666666666,5,5,CGAGCCCGAAGGTTACACGT,0,3797024
tolCp3,0.16666666666666666,5,5,CGACTAAGAGTTATTTGAGT,0,3802057
tolCp3,0.16666666666666666,5,5,CGACACGGATTCGCACACGC,0,3792914
tolCp3,0.16666666666666666,5,5,CGAAGCGGAGCATAGTGGTC,0,3796521
tolCp3,0.16666666666666666,5,5,CGAAACCGATCGGTTTTACT,0,3795609
tolCp3,0.16666666666666666,5,5,CCTTTTCTTCCCAGCCGACC,0,3809079
tolCp3,0.16666666666666666,5,5,CCTTCGGGACATGTGGGCAT,0,3784107
tolCp3,0.16666666666666666,5,5,CCTGGACGCAAAGGTCCCGC,0,3803353
tolCp3,0.16666666666666666,5,5,CCTGCAAGCTGCACATAAAG,0,3779261
tolCp3,0.16666666666666666,5,5,CCTGAAAGGTAGGAACGCGG,0,3776277
tolCp3,0.16666666666666666,5,5,CCTCGCAATGCCCCAATAGG,0,3796208
tolCp3,0.16666666666666666,5,5,CCTCCGCGGAGCGGGTAGGT,0,3800148
tolCp3,0.16666666666666666,5,5,CCTCACTGGAAACCTAGGCT,0,3799749
tolCp3,0.16666666666666666,5,5,CCTCACGCGAAGTGATACAC,0,3803581
tolCp3,0.16666666666666666,5,5,CCTATCGCTTTGTCGGGCTG,0,3796720
tolCp3,0.16666666666666666,5,5,CCTAGGAAGTGGGCTGACTA,0,3783902
tolCp3,0.16666666666666666,5,5,CCTAAGCGCAGAACCTCATC,0,3776689
tolCp3,0.16666666666666666,5,5,CCGTTTCGGTATTGAATTTG,0,3778641
tolCp3,0.16666666666666666,5,5,CCGTATTTAAGCAGCAGTCC,0,3785497
tolCp3,0.16666666666666666,5,5,CCGTAGTGCCTATTTAGAAG,0,3775837
tolCp3,0.16666666666666666,5,5,CCGTACCTGTAGAGAGCCAG,0,3790532
tolCp3,0.16666666666666666,5,5,CCGTAATTATCTCAATGGCT,0,3777499
tolCp3,0.16666666666666666,5,5,CCGGTACATCTCCAGCATGC,0,3799030
tolCp3,0.16666666666666666,5,5,CCGGGGTTGCGCTGCTTGTG,0,3783264
tolCp3,0.16666666666666666,5,5,CCGGGCGCCGAATCTAACCA,0,3793299
tolCp3,0.16666666666666666,5,5,CCGCGTCACGCCTGTCCGTT,0,3775042
tolCp3,0.16666666666666666,5,5,CCGCCATCCAGGAGGTTGGT,0,3795685
tolCp3,0.16666666666666666,5,5,CCGATGCGTTCTTCGCGAAC,0,3780560
tolCp3,0.16666666666666666,5,5,CCGAATTAGCATGTCCACCC,0,3784476
tolCp3,0.16666666666666666,5,5,CCCTTAACCCCGTCCGTCCT,0,3788978
tolCp3,0.16666666666666666,5,5,CCCTGTTCTCAAACGCACAA,0,3807673
tolCp3,0.16666666666666666,5,5,CCCTGTGACGGCAGGACCAA,0,3792000
tolCp3,0.16666666666666666,5,5,CCCGTTTACCCGGATCTGAT,0,3804948
tolCp3,0.16666666666666666,5,5,CCCGTGTATAGACCAAGACT,0,3794826
tolCp3,0.16666666666666666,5,5,CCCGGGGGGCACAGCCACCA,0,3778480
tolCp3,0.16666666666666666,5,5,CCCGGCCTAGGACCTACTGC,0,3809267
tolCp3,0.16666666666666666,5,5,CCCGCATCACTGCCGCTCTC,0,3799579
tolCp3,0.16666666666666666,5,5,CCCGAATATGTCATACCCCA,0,3783739
tolCp3,0.16666666666666666,5,5,CCCCTTGGGTCGGGTTAGGC,0,3807481
tolCp3,0.16666666666666666,5,5,CCCATTCGAAACGGCACGGT,0,3794851
tolCp3,0.16666666666666666,5,5,CCCATTATAAGCCATCTGGC,0,3808087
tolCp3,0.16666666666666666,5,5,CCCATAGTCATGCTTCCCAG,0,3776851
tolCp3,0.16666666666666666,5,5,CCCAGTGTTATGATGGCCAG,0,3786478
tolCp3,0.16666666666666666,5,5,CCATTAGGAGAATATTGGCG,0,3782675
tolCp3,0.16666666666666666,5,5,CCATGTGTCACTTTAGAGCG,0,3792522
tolCp3,0.16666666666666666,5,5,CCATGCTTAACAGTAGTCTC,0,3775321
tolCp3,0.16666666666666666,5,5,CCATAAGACTTCACGTCCCC,0,3777330
tolCp3,0.16666666666666666,5,5,CCAGTTAGGGGATGGGTCTC,0,3782869
tolCp3,0.16666666666666666,5,5,CCAGTGATCCTATAGTATAG,0,3787620
tolCp3,0.16666666666666666,5,5,CCAGTAGCTCTAAGCCACGC,0,3799132
tolCp3,0.16666666666666666,5,5,CCAGTACTGGCTGCAATTTT,0,3806868
tolCp3,0.16666666666666666,5,5,CCAGGATCGAAATGCTTCGT,0,3787232
tolCp3,0.16666666666666666,5,5,CCAGCTTATGAAATGCTTTC,0,3806608
tolCp3,0.16666666666666666,5,5,CCAGAATGTCTGGTAAGTGT,0,3797288
tolCp3,0.16666666666666666,5,5,CCAGAAGCCTACGTCACGCC,0,3790530
tolCp3,0.16666666666666666,5,5,CCACTTTTCGCTCGGCACAC,0,3783200
tolCp3,0.16666666666666666,5,5,CCACTTGAAATAAGGAGACC,0,3782403
tolCp3,0.16666666666666666,5,5,CCACGGGGCAGGCAATTACC,0,3791618
tolCp3,0.16666666666666666,5,5,CCACCCAAATATCGCCCTGA,0,3803201
tolCp3,0.16666666666666666,5,5,CCACAATTACAGGCGTCCCG,0,3774712
tolCp3,0.16666666666666666,5,5,CCAATTTTTTTCAGACCCTC,0,3790574
tolCp3,0.16666666666666666,5,5,CCAATTAGCTGGGGGGGTTT,0,3787068
tolCp3,0.16666666666666666,5,5,CCAAAGCGAGGAGGGATTAG,0,3783575
tolCp3,0.16666666666666666,5,5,CATTTCGAACAGCCACGGAG,0,3799322
tolCp3,0.16666666666666666,5,5,CATTGGCAGCTGGTCTATGT,0,3798091
tolCp3,0.16666666666666666,5,5,CATTATCTTCCGGTCCACAA,0,3776306
tolCp3,0.16666666666666666,5,5,CATGTGGAATGAACCACCTA,0,3786017
tolCp3,0.16666666666666666,5,5,CATGTGATATTGCGTGTCAA,0,3802843
tolCp3,0.16666666666666666,5,5,CATGGTAGTTTCAGCTGAGG,0,3787611
tolCp3,0.16666666666666666,5,5,CATGGCCACTCAATTTCTAA,0,3805459
tolCp3,0.16666666666666666,5,5,CATGGACTATGATTAGAAAG,0,3789110
tolCp3,0.16666666666666666,5,5,CATGCCGCGGAGGTTATTGG,0,3795370
tolCp3,0.16666666666666666,5,5,CATGAACACGGTAGGGCGGT,0,3782921
tolCp3,0.16666666666666666,5,5,CATCCACAGGCAATGTAGGT,0,3807765
tolCp3,0.16666666666666666,5,5,CATAAGTTTTTGGAGTTACT,0,3804454
tolCp3,0.16666666666666666,5,5,CAGTGGTTGTGGCTGGAAGA,0,3788390
tolCp3,0.16666666666666666,5,5,CAGTCGCCGCATAAGCCAAT,0,3782861
tolCp3,0.16666666666666666,5,5,CAGGTACCCTATGGGCTAGT,0,3801210
tolCp3,0.16666666666666666,5,5,CAGGCTATCGTACACTTGCT,0,3785280
tolCp3,0.16666666666666666,5,5,CAGGATAGCGCACCCGAAAG,0,3787560
tolCp3,0.16666666666666666,5,5,CAGCGAAGCTTCTCTACGTC,0,3796327
tolCp3,0.16666666666666666,5,5,CAGATGGTCGCCGTGTTAAC,0,3785002
tolCp3,0.16666666666666666,5,5,CAGACTTTTACCCGAGTGAT,0,3791383
tolCp3,0.16666666666666666,5,5,CAGAAGGGTGAATCAAGCTA,0,3799730
tolCp3,0.16666666666666666,5,5,CAGAACGCGACTTGTACGAG,0,3805938
tolCp3,0.16666666666666666,5,5,CAGAAACTACACCAATTGCC,0,3807335
tolCp3,0.16666666666666666,5,5,CACTTTGTTTACTGCGGTCA,0,3795306
tolCp3,0.16666666666666666,5,5,CACTTAAGATTCCACGGATG,0,3806086
tolCp3,0.16666666666666666,5,5,CACTGGAAATTAGTTATCAC,0,3794799
tolCp3,0.16666666666666666,5,5,CACTGCGCGTATGTGGTACG,0,3797056
tolCp3,0.16666666666666666,5,5,CACTCCAAGATTGAACCCAA,0,3786869
tolCp3,0.16666666666666666,5,5,CACTCACCTTACCAACTCCG,0,3791485
tolCp3,0.16666666666666666,5,5,CACTATCTGACGTGTGCGCA,0,3775015
tolCp3,0.16666666666666666,5,5,CACTATCGCCGGACGGACAC,0,3789580
tolCp3,0.16666666666666666,5,5,CACTAAAGACACCCAGAAGT,0,3800234
tolCp3,0.16666666666666666,5,5,CACGTTCGTAAAGATCCTGG,0,3775667
tolCp3,0.16666666666666666,5,5,CACGGTAGTTGTTTAACGCT,0,3792536
tolCp3,0.16666666666666666,5,5,CACGCTACGTAGAGTGTCTT,0,3799971
tolCp3,0.16666666666666666,5,5,CACGCATTACTTAAAAGCGA,0,3776042
tolCp3,0.16666666666666666,5,5,CACCCCTAACAAGGCTCTGC,0,3776167
tolCp3,0.16666666666666666,5,5,CACCCCGACATGGATCCCAT,0,3787413
tolCp3,0.16666666666666666,5,5,CACCATCGGATGATCTATGT,0,3805377
tolCp3,0.16666666666666666,5,5,CACATTGCTTAACTCCCACT,0,3781758
tolCp3,0.16666666666666666,5,5,CACATCTCATCCACACGCCC,0,3796222
tolCp3,0.16666666666666666,5,5,CACAGTTGAGAGAAGACTTT,0,3793806
tolCp3,0.16666666666666666,5,5,CACAGGAAAACCACCCGGAC,0,3792320
tolCp3,0.16666666666666666,5,5,CACAAGGTGTCCTAATTTAT,0,3783881
tolCp3,0.16666666666666666,5,5,CAAGTTTTTGAGGTTGGCTT,0,3801414
tolCp3,0.16666666666666666,5,5,CAAGTCACAACGACCTCTGA,0,3787204
tolCp3,0.16666666666666666,5,5,CAAGTAACCAAAAGCGACAG,0,3807962
tolCp3,0.16666666666666666,5,5,CAAGGAACCTTCCCATATGG,0,3802951
tolCp3,0.16666666666666666,5,5,CAAGCAGGCGCGTCTATTAA,0,3784733
tolCp3,0.16666666666666666,5,5,CAACGCTGACTAGCCCCAAC,0,3796782
tolCp3,0.16666666666666666,5,5,CAACGATCGATCCTGGTTGT,0,3797095
tolCp3,0.16666666666666666,5,5,CAACAACTGCCGTTCGTTTT,0,3799583
tolCp3,0.16666666666666666,5,5,CAAATTAAGAGCCCCCCTAA,0,3775405
tolCp3,0.16666666666666666,5,5,CAAACGGCTCTTACGCCGGG,0,3785632
tolCp3,0.16666666666666666,5,5,CAAACGCTATGGCGTCTAAG,0,3782124
tolCp3,0.16666666666666666,5,5,CAAAAACAAATACGATTGAT,0,3783037
tolCp3,0.16666666666666666,5,5,ATTTTTGTCCACCGCTGAGC,0,3807029
tolCp3,0.16666666666666666,5,5,ATTTGGCCCGGTTGCCCCCG,0,3788176
tolCp3,0.16666666666666666,5,5,ATTTCAACTGATACGGTTTG,0,3788364
tolCp3,0.16666666666666666,5,5,ATTGTGGGGTTTATGAGACT,0,3781526
tolCp3,0.16666666666666666,5,5,ATTGACGCATTTTGGTCAGA,0,3783586
tolCp3,0.16666666666666666,5,5,ATTCGCCAGAACGGGTACAC,0,3780893
tolCp3,0.16666666666666666,5,5,ATTAGTAGCGCGTTTCTATT,0,3790960
tolCp3,0.16666666666666666,5,5,ATGTCGGTAGTAGCTCATGC,0,3799879
tolCp3,0.16666666666666666,5,5,ATGTCAAACAGGGTTATATG,0,3775170
tolCp3,0.16666666666666666,5,5,ATGTATGCGCGGACTGCACA,0,3783234
tolCp3,0.16666666666666666,5,5,ATGTAAACGGTCGCAACATA,0,3791596
tolCp3,0.16666666666666666,5,5,ATGGTAACTAATCGCAATGA,0,3805496
tolCp3,0.16666666666666666,5,5,ATGGGAGCGCATCCCACTAA,0,3783498
tolCp3,0.16666666666666666,5,5,ATGCTTTACTCATTGGCGGC,0,3788871
tolCp3,0.16666666666666666,5,5,ATGCCGCGTGGAGCACCTCG,0,3809214
tolCp3,0.16666666666666666,5,5,ATGCCGATAAGTGACAGAAT,0,3790282
tolCp3,0.16666666666666666,5,5,ATGCATTATGACCAGTCGGT,0,3802441
tolCp3,0.16666666666666666,5,5,ATGCATCGCGCGGTATCCTA,0,3805480
tolCp3,0.16666666666666666,5,5,ATGATATTGGAAATCCTAGA,0,3782281
tolCp3,0.16666666666666666,5,5,ATGAAACTTCGCCTGGTACC,0,3805020
tolCp3,0.16666666666666666,5,5,ATCTCCCGCGTGTGCTACAA,0,3792369
tolCp3,0.16666666666666666,5,5,ATCTATTCCGGATCGGTGCT,0,3774595
tolCp3,0.16666666666666666,5,5,ATCTATGAAGTCGTGATCTC,0,3794459
tolCp3,0.16666666666666666,5,5,ATCTATACGTCATAAGCGGG,0,3797588
tolCp3,0.16666666666666666,5,5,ATCGTCTCTGCGTCCACTCT,0,3786425
tolCp3,0.16666666666666666,5,5,ATCGTATACCCCGCTCATTG,0,3798827
tolCp3,0.16666666666666666,5,5,ATCGATAAAGGCAACGTGTG,0,3776372
tolCp3,0.16666666666666666,5,5,ATCGAATCGCGGGTCTTCCG,0,3784737
tolCp3,0.16666666666666666,5,5,ATCCTGGCTCACCGCACCGC,0,3804549
tolCp3,0.16666666666666666,5,5,ATCCGTTAGCTGGTCATTGG,0,3780795
tolCp3,0.16666666666666666,5,5,ATCCGTCGGGTGGACCGAAG,0,3808428
tolCp3,0.16666666666666666,5,5,ATCAAAGTGAATGATCACTC,0,3775386
tolCp3,0.16666666666666666,5,5,ATATTTTGGACTCCTAGGCG,0,3792255
tolCp3,0.16666666666666666,5,5,ATATTTAATGCTGATAGCAT,0,3805354
tolCp3,0.16666666666666666,5,5,ATATTGGCTCCGGTTCAGTC,0,3784965
tolCp3,0.16666666666666666,5,5,ATATTCCCAACCTAGAGGGG,0,3805017
tolCp3,0.16666666666666666,5,5,ATATTACTGGCACGGTATCT,0,3777482
tolCp3,0.16666666666666666,5,5,ATATGTATTCGTAGGGCGAA,0,3788254
tolCp3,0.16666666666666666,5,5,ATATCTGCGGTCCGTAATCG,0,3780488
tolCp3,0.16666666666666666,5,5,ATATCTCCGTAATGCGTAAC,0,3800837
tolCp3,0.16666666666666666,5,5,ATATCCCTTAACATTCTTAT,0,3797294
tolCp3,0.16666666666666666,5,5,ATATCAACGGTTGGGAGAGT,0,3801307
tolCp3,0.16666666666666666,5,5,ATATAGATCACACAAATGGA,0,3780790
tolCp3,0.16666666666666666,5,5,ATAGTTACACAGGCGTCGGT,0,3791270
tolCp3,0.16666666666666666,5,5,ATAGCTGCACCGCCGAGTGG,0,3781347
tolCp3,0.16666666666666666,5,5,ATAGCTGACGTGTCCGCCCG,0,3783392
tolCp3,0.16666666666666666,5,5,ATAGCATGACGACAAGGCTT,0,3798918
tolCp3,0.16666666666666666,5,5,ATACTTTCCCGGGAGGGAAT,0,3781367
tolCp3,0.16666666666666666,5,5,ATACTTATGTGCGCTCCCAG,0,3801083
tolCp3,0.16666666666666666,5,5,ATACTAGGCTTGCGTCAGAT,0,3787758
tolCp3,0.16666666666666666,5,5,ATACGCAATGCCGATCTGTT,0,3794726
tolCp3,0.16666666666666666,5,5,ATACACGTCTTTATGAAGTG,0,3791426
tolCp3,0.16666666666666666,5,5,ATACAACGACTTAACACTAC,0,3802814
tolCp3,0.16666666666666666,5,5,ATACAAACGACTTCTATCTA,0,3791864
tolCp3,0.16666666666666666,5,5,ATAATACTTGATTGGAGTAG,0,3808339
tolCp3,0.16666666666666666,5,5,ATAACGACAAAGACTCAGAA,0,3801823
tolCp3,0.16666666666666666,5,5,ATAAATTAACGGCGACTGCA,0,3798999
tolCp3,0.16666666666666666,5,5,ATAAATAGAAGGAGTCTAAG,0,3794087
tolCp3,0.16666666666666666,5,5,ATAAACGCGCGTGGGGCGTG,0,3800613
tolCp3,0.16666666666666666,5,5,AGTTTATTATTACGGTGAGC,0,3778136
tolCp3,0.16666666666666666,5,5,AGTTTATCCGTCAACGTAGT,0,3798448
tolCp3,0.16666666666666666,5,5,AGTGTAGGCATGTATCCCAC,0,3781616
tolCp3,0.16666666666666666,5,5,AGTGCTCTTTGCACCGGGCG,0,3808540
tolCp3,0.16666666666666666,5,5,AGTCCGTCTTTAAAAAGTAT,0,3803278
tolCp3,0.16666666666666666,5,5,AGTCATAGCTGCACTAGACG,0,3780324
tolCp3,0.16666666666666666,5,5,AGTATCTGACTGGGAACCCT,0,3779772
tolCp3,0.16666666666666666,5,5,AGTAGCTACGGTTAAGTAGT,0,3777820
tolCp3,0.16666666666666666,5,5,AGTAGAGCAACTTGCTATAG,0,3802376
tolCp3,0.16666666666666666,5,5,AGTACCTGATCCAAGTCTTC,0,3804687
tolCp3,0.16666666666666666,5,5,AGTACAACCGTCTAGCGTAA,0,3790590
tolCp3,0.16666666666666666,5,5,AGTAATGGGCAGAAGCTTAC,0,3776071
tolCp3,0.16666666666666666,5,5,AGTAATGGATTTTCTACCTC,0,3776576
tolCp3,0.16666666666666666,5,5,AGGTTGCCGAGCGGTGTCCT,0,3795844
tolCp3,0.16666666666666666,5,5,AGGTTGCAGGGAGAACAGAG,0,3800083
tolCp3,0.16666666666666666,5,5,AGGTTACTTTGAGTTTCACT,0,3801632
tolCp3,0.16666666666666666,5,5,AGGTGTCGATAATAAAAGGT,0,3783976
tolCp3,0.16666666666666666,5,5,AGGTGTAGTTAGCGTTCCCG,0,3797256
tolCp3,0.16666666666666666,5,5,AGGTGGGTTAGGCGTGAAAA,0,3806049
tolCp3,0.16666666666666666,5,5,AGGTCTCAATCTCGTCGTCA,0,3789749
tolCp3,0.16666666666666666,5,5,AGGGTTAAGAGGCGTATTCA,0,3790051
tolCp3,0.16666666666666666,5,5,AGGGTAAGCCGTCTGGCGAG,0,3808526
tolCp3,0.16666666666666666,5,5,AGGGCTCTCCTGTGTACCTT,0,3796831
tolCp3,0.16666666666666666,5,5,AGGCGTGAACTACCGATGTA,0,3808018
tolCp3,0.16666666666666666,5,5,AGGCCGGCGAATACCTTTGA,0,3780983
tolCp3,0.16666666666666666,5,5,AGGCACTAAGTACGGCAAAT,0,3796372
tolCp3,0.16666666666666666,5,5,AGGCAAAACCACCTTTAGAT,0,3804903
tolCp3,0.16666666666666666,5,5,AGGAGTCCGAAGATACGTCC,0,3778659
tolCp3,0.16666666666666666,5,5,AGGACTCAACGTTCCAAGAC,0,3786628
tolCp3,0.16666666666666666,5,5,AGGAAGATGTCAACACCAGC,0,3781754
tolCp3,0.16666666666666666,5,5,AGGAAACAGATTTAGGGACC,0,3781084
tolCp3,0.16666666666666666,5,5,AGCTTCGACTTGATCTATAG,0,3804531
tolCp3,0.16666666666666666,5,5,AGCTTCAATCATAGCGCGTT,0,3799755
tolCp3,0.16666666666666666,5,5,AGCTCCAAGCGAACTTGTTA,0,3780377
tolCp3,0.16666666666666666,5,5,AGCGGGGTTGCGGGTCAGGG,0,3792144
tolCp3,0.16666666666666666,5,5,AGCGGCCGCGTACGGTAAGG,0,3804653
tolCp3,0.16666666666666666,5,5,AGCCCGGGTTGGATAGCGCA,0,3779801
tolCp3,0.16666666666666666,5,5,AGCATCTGGGATTAGAGCGT,0,3805726
tolCp3,0.16666666666666666,5,5,AGCACCCCCGGCCATATGGA,0,3793300
tolCp3,0.16666666666666666,5,5,AGATTTCCTAGTCCGGCACT,0,3795541
tolCp3,0.16666666666666666,5,5,AGATCCGTCATGTTGAATTA,0,3776981
tolCp3,0.16666666666666666,5,5,AGATCACGCGAAACCCCCGC,0,3806999
tolCp3,0.16666666666666666,5,5,AGATATCTAGGCTGCCACAT,0,3804656
tolCp3,0.16666666666666666,5,5,AGAGTATTTTGTTTATTACT,0,3792529
tolCp3,0.16666666666666666,5,5,AGAGAGGATAGCGTGGAAGA,0,3792830
tolCp3,0.16666666666666666,5,5,AGACTAAACTGGCCTGAATT,0,3800216
tolCp3,0.16666666666666666,5,5,AGACCGTGCGGGCCACGCCA,0,3774559
tolCp3,0.16666666666666666,5,5,AGACATTGCGAGTGACGTTC,0,3780910
tolCp3,0.16666666666666666,5,5,AGAATTCGTACCTTGTTTTT,0,3805939
tolCp3,0.16666666666666666,5,5,AGAATGTTATCTCAAAATTT,0,3788719
tolCp3,0.16666666666666666,5,5,AGAATGGTAGTACACCTCTA,0,3792911
tolCp3,0.16666666666666666,5,5,AGAATGCCGGTAATATGAAG,0,3781963
tolCp3,0.16666666666666666,5,5,AGAATGCATACACTCCACGA,0,3795913
tolCp3,0.16666666666666666,5,5,AGAAAGATGGATCGGTGCCT,0,3805353
tolCp3,0.16666666666666666,5,5,AGAAAGATCTATCGCGCTTG,0,3789232
tolCp3,0.16666666666666666,5,5,ACTTTAATAGATTGGCTTCA,0,3785900
tolCp3,0.16666666666666666,5,5,ACTTGGCAGCCATAAATAAC,0,3805513
tolCp3,0.16666666666666666,5,5,ACTTGATGACAAAGTCAAGT,0,3794335
tolCp3,0.16666666666666666,5,5,ACTTCTTTCTTCGGGTTAAC,0,3777311
tolCp3,0.16666666666666666,5,5,ACTTATGTCGTGGCTTCAAG,0,3775671
tolCp3,0.16666666666666666,5,5,ACTTATAGGTAAAGCTCGCA,0,3788852
tolCp3,0.16666666666666666,5,5,ACTGATCAGTATAACACACC,0,3801437
tolCp3,0.16666666666666666,5,5,ACTCCTTCAGTCGTCGATGG,0,3781225
tolCp3,0.16666666666666666,5,5,ACTCCCGCCGTTGGCGTTAT,0,3783667
tolCp3,0.16666666666666666,5,5,ACTATGAGCCAAGCGTATAT,0,3805396
tolCp3,0.16666666666666666,5,5,ACTAGCTCTCTCCTGTCTCA,0,3802415
tolCp3,0.16666666666666666,5,5,ACGTTCTAGGGCGTCTGTCA,0,3802229
tolCp3,0.16666666666666666,5,5,ACGTGTTCAAATGTATTGCC,0,3784258
tolCp3,0.16666666666666666,5,5,ACGTGAACCGCGGATACCGA,0,3805186
tolCp3,0.16666666666666666,5,5,ACGGTACATTCAGTAACGAG,0,3782803
tolCp3,0.16666666666666666,5,5,ACGGTAACAGATATGGGCCT,0,3776909
tolCp3,0.16666666666666666,5,5,ACGGGGTCCTCTATAACGTT,0,3786316
tolCp3,0.16666666666666666,5,5,ACGCGCGCACAGCTCGTGCA,0,3804475
tolCp3,0.16666666666666666,5,5,ACGCCTCGTGTTCTGAGAGG,0,3774953
tolCp3,0.16666666666666666,5,5,ACGCCTAGGATGGGTCCCGA,0,3796202
tolCp3,0.16666666666666666,5,5,ACGAGTGGATCTTCTACTAT,0,3777893
tolCp3,0.16666666666666666,5,5,ACGAGGTCTTAAGTGTTCCA,0,3791098
tolCp3,0.16666666666666666,5,5,ACGAGGCACAGCATCCATCC,0,3808750
tolCp3,0.16666666666666666,5,5,ACGAGATACCGGGTTAACCT,0,3787724
tolCp3,0.16666666666666666,5,5,ACGACCCCTTCCGAAATACT,0,3805785
tolCp3,0.16666666666666666,5,5,ACCTTATTAGCCCGCGTTCA,0,3782708
tolCp3,0.16666666666666666,5,5,ACCTCAATAATCGGGAGCCA,0,3798454
tolCp3,0.16666666666666666,5,5,ACCGTGACGAGTACGAGGAC,0,3794126
tolCp3,0.16666666666666666,5,5,ACCGATCAGTTGTCGATCTG,0,3776123
tolCp3,0.16666666666666666,5,5,ACCCTTTGGCGGCGTGTTGC,0,3777289
tolCp3,0.16666666666666666,5,5,ACCCGTTTTGCTTTCAGGTA,0,3775296
tolCp3,0.16666666666666666,5,5,ACCCGATTTTGTCTAGCTAA,0,3805131
tolCp3,0.16666666666666666,5,5,ACCAGGCGAGCCCGGGATAT,0,3788085
tolCp3,0.16666666666666666,5,5,ACCAGATCCAGAAAACCGTC,0,3789434
tolCp3,0.16666666666666666,5,5,ACCAGAATATGAGCTGTAAG,0,3798086
tolCp3,0.16666666666666666,5,5,ACCACGATCGCCACGGAGGG,0,3801278
tolCp3,0.16666666666666666,5,5,ACATTCCGATGATGATCTGC,0,3795719
tolCp3,0.16666666666666666,5,5,ACATGGGTGAACGACGGGCT,0,3803070
tolCp3,0.16666666666666666,5,5,ACAGTTCAGGTATTGGAGCG,0,3806783
tolCp3,0.16666666666666666,5,5,ACAGTCTGGCCATCGGACAA,0,3805523
tolCp3,0.16666666666666666,5,5,ACAGTCCCAGCGAGAACGAA,0,3783001
tolCp3,0.16666666666666666,5,5,ACAGTAAAGGTTCTAATGGT,0,3790475
tolCp3,0.16666666666666666,5,5,ACAGGGACCCTGTTACAGAT,0,3800993
tolCp3,0.16666666666666666,5,5,ACACGGGCTACTCCCGTCAC,0,3791740
tolCp3,0.16666666666666666,5,5,ACACCCTGACATCACTCCGA,0,3779389
tolCp3,0.16666666666666666,5,5,ACACCACGCGACGCTTTTAG,0,3785493
tolCp3,0.16666666666666666,5,5,ACACATAGACAAAGGTGCTC,0,3789564
tolCp3,0.16666666666666666,5,5,ACAATATGCTCTGAGTGCTG,0,3804227
tolCp3,0.16666666666666666,5,5,ACAAGATGACCACACATTTC,0,3793005
tolCp3,0.16666666666666666,5,5,AATTTCACCATAGGACCGCG,0,3778627
tolCp3,0.16666666666666666,5,5,AATCTTCCAAGGTCTGCAGC,0,3785069
tolCp3,0.16666666666666666,5,5,AATCTGACAGACCCCGTCTT,0,3780908
tolCp3,0.16666666666666666,5,5,AATCCTCTGTCACAGGGCAA,0,3804296
tolCp3,0.16666666666666666,5,5,AATCAAAGAGGTGTGGGTTA,0,3801337
tolCp3,0.16666666666666666,5,5,AATATACGATATGCGGTTTT,0,3781909
tolCp3,0.16666666666666666,5,5,AATAGCTTCCGGCTTTGCAG,0,3792505
tolCp3,0.16666666666666666,5,5,AATACATCATACGGATGAGG,0,3778439
tolCp3,0.16666666666666666,5,5,AAGTCAGGCATAGGTGCAAA,0,3802950
tolCp3,0.16666666666666666,5,5,AAGTAATTCCAATCGTTTGA,0,3799125
tolCp3,0.16666666666666666,5,5,AAGGTATTTTCTGATTGGCG,0,3792108
tolCp3,0.16666666666666666,5,5,AAGGGCTTACGGGTGAGTTT,0,3790130
tolCp3,0.16666666666666666,5,5,AAGGGCAGACAGAGCTCCAG,0,3795069
tolCp3,0.16666666666666666,5,5,AAGGCACACACAGTACTCTT,0,3806287
tolCp3,0.16666666666666666,5,5,AAGCTCCCCTTACAAACCAA,0,3808224
tolCp3,0.16666666666666666,5,5,AAGATGCAAACATTCAAAAG,0,3787598
tolCp3,0.16666666666666666,5,5,AAGATAGTCGTTGCACGGGG,0,3790417
tolCp3,0.16666666666666666,5,5,AACTTGGAAACCCGTAGGGC,0,3794272
tolCp3,0.16666666666666666,5,5,AACTTCGAGTCAGCGCACAA,0,3804483
tolCp3,0.16666666666666666,5,5,AACTAAGTGTATCAGGCGCT,0,3791491
tolCp3,0.16666666666666666,5,5,AACTAACGGGAGTTGAATGA,0,3800166
tolCp3,0.16666666666666666,5,5,AACGGACAGCACACCTATAA,0,3779596
tolCp3,0.16666666666666666,5,5,AACGCTGTAGGTACTCGCTC,0,3796103
tolCp3,0.16666666666666666,5,5,AACGCCCATGAAATTTGAGT,0,3796937
tolCp3,0.16666666666666666,5,5,AACGAGGCGCTAAGTGATCA,0,3791477
tolCp3,0.16666666666666666,5,5,AACGACTCACGCATGCACAT,0,3794970
tolCp3,0.16666666666666666,5,5,AACCTGTCCTGAGATATCGA,0,3798050
tolCp3,0.16666666666666666,5,5,AACATCTTCTGGCGGAAAAG,0,3781076
tolCp3,0.16666666666666666,5,5,AACACAGTAGTCTTCCCGCC,0,3792460
tolCp3,0.16666666666666666,5,5,AACAATATTCGACCTACAGC,0,3804373
tolCp3,0.16666666666666666,5,5,AAATTTAGAGGTAAACCAGC,0,3796018
tolCp3,0.16666666666666666,5,5,AAAGACGCTATAGCATTCGT,0,3797000
tolCp3,0.16666666666666666,5,5,AAACGGCAACCCTAGAATGT,0,3798691
tolCp3,0.16666666666666666,5,5,AAACCCGATTACGGCTGCCT,0,3798645
tolCp3,0.16666666666666666,5,5,AAACAACTTTCAGGTCAGAT,0,3791154
tolCp3,0.16666666666666666,5,5,AAAATGTGGAGTAATCTGTG,0,3775432
tolCp3,0.16666666666666666,5,5,AAAATCTTTGATACCGTGTA,0,3799585
tolCp3,0.16666666666666666,5,5,AAAAGTCTACGCGGTCTATA,0,3806309
tolCp3,0.2,4,4,TTTTTGAGGAGTAGAGACTC,0,3791573
tolCp3,0.2,4,4,TTTTTCCAATTGTCTCTAGC,0,3786693
tolCp3,0.2,4,4,TTTTGGACGGTACCGGTCAT,0,3780604
tolCp3,0.2,4,4,TTTTGATGAACTTGGCTTAA,0,3780031
tolCp3,0.2,4,4,TTTTCTATATCTGTGGCCTA,0,3777021
tolCp3,0.2,4,4,TTTTCGATGCCGGCGGCCGA,0,3794658
tolCp3,0.2,4,4,TTTGGTTCGGCACAGCAAGG,0,3774720
tolCp3,0.2,4,4,TTTGGTGGTACATGGCAGGT,0,3785202
tolCp3,0.2,4,4,TTTGGTAATTAGTATATGCG,0,3789405
tolCp3,0.2,4,4,TTTGCTTCGACATATAAGAT,0,3790961
tolCp3,0.2,4,4,TTTGCGCATGTGCTGCATAC,0,3784993
tolCp3,0.2,4,4,TTTGAGGGTCCATTTATTGA,0,3787090
tolCp3,0.2,4,4,TTTCTCGTTCATTCGTGGAC,0,3804374
tolCp3,0.2,4,4,TTTCTAGCGTATGCAGCGAC,0,3799352
tolCp3,0.2,4,4,TTTCGTAGACTCCAAGATCA,0,3775248
tolCp3,0.2,4,4,TTTCGAATGGTTTGAGTTAA,0,3784148
tolCp3,0.2,4,4,TTTAGTTGGTCGTGCCACTT,0,3798909
tolCp3,0.2,4,4,TTTAGTAGCACTTTAAGATC,0,3807304
tolCp3,0.2,4,4,TTTACCGCGGCATTGATGCG,0,3806939
tolCp3,0.2,4,4,TTGGTGGGAAGTTCTCCTAG,0,3791617
tolCp3,0.2,4,4,TTGGGAATATTTCGCGACAC,0,3802374
tolCp3,0.2,4,4,TTGGAAGACCCTTGCGCCCA,0,3777601
tolCp3,0.2,4,4,TTGCGTTGGTAATCACTTCT,0,3799837
tolCp3,0.2,4,4,TTGCGGCGGCTGGGGTGAGT,0,3796390
tolCp3,0.2,4,4,TTGCACAGCGCCGGAACCGA,0,3790208
tolCp3,0.2,4,4,TTGATTTAGTAAGGGGCTCA,0,3809019
tolCp3,0.2,4,4,TTGAGGTAACTACTCAAAAC,0,3786438
tolCp3,0.2,4,4,TTGAGAACGAGCTAAACACC,0,3807078
tolCp3,0.2,4,4,TTGACAAGAAAATTGACGTT,0,3780638
tolCp3,0.2,4,4,TTGAACGCAAGGCATGACGC,0,3785181
tolCp3,0.2,4,4,TTCTATGACGACCTAAGTAA,0,3789586
tolCp3,0.2,4,4,TTCTATCTGTGTCGTGTCAC,0,3782997
tolCp3,0.2,4,4,TTCGTTATCTATCTCGGGGG,0,3783158
tolCp3,0.2,4,4,TTCGGTGCTATAAATGTTAG,0,3778920
tolCp3,0.2,4,4,TTCGATCCAATGTACGCCGG,0,3784712
tolCp3,0.2,4,4,TTCGAGTTAGTTTACCAGAA,0,3800845
tolCp3,0.2,4,4,TTCGAGGTGCGTCAACCCGC,0,3802899
tolCp3,0.2,4,4,TTCGAATAAAAAACAGTCTA,0,3791918
tolCp3,0.2,4,4,TTCCTCTGCAGGCGCTTGAA,0,3794557
tolCp3,0.2,4,4,TTCCGGCTTGCAAACTTGAC,0,3798763
tolCp3,0.2,4,4,TTCCGGAGATCGGGCTGTAG,0,3782866
tolCp3,0.2,4,4,TTCCGAGGATACTAAAAGTA,0,3782578
tolCp3,0.2,4,4,TTCCCAACTGTACCGTTACC,0,3799740
tolCp3,0.2,4,4,TTCATGAGCCAAACTTCGAT,0,3805307
tolCp3,0.2,4,4,TTCAGTAGCGCAGGCCGCTT,0,3797313
tolCp3,0.2,4,4,TTCACGAAAAATTCCGATTC,0,3777866
tolCp3,0.2,4,4,TTCAACGGTGCTCATGTCCC,0,3776298
tolCp3,0.2,4,4,TTATTTGTCTCTAGGAGGAA,0,3782280
tolCp3,0.2,4,4,TTATTGGTGAGTAGTTCAGG,0,3786409
tolCp3,0.2,4,4,TTATTATTCTTATTCTGGCA,0,3792961
tolCp3,0.2,4,4,TTATCGTCTGTTTGATGGTA,0,3804559
tolCp3,0.2,4,4,TTATACAGTGACGTTCGCGC,0,3778466
tolCp3,0.2,4,4,TTAGGTCACTAGGTATTCGG,0,3788566
tolCp3,0.2,4,4,TTAGGGGTGAAAAAACGGAA,0,3800652
tolCp3,0.2,4,4,TTACTGGTACGTAGCATAGC,0,3798126
tolCp3,0.2,4,4,TTACGTTTTAGTCGGTAGTA,0,3789550
tolCp3,0.2,4,4,TTACGTATCTTAGTGGTCTT,0,3778745
tolCp3,0.2,4,4,TTACGCAGCCTGATAGCAAT,0,3788445
tolCp3,0.2,4,4,TTACCAGCAGGGAGGAATGT,0,3796198
tolCp3,0.2,4,4,TTACAGTGTGATACGGGTAG,0,3790236
tolCp3,0.2,4,4,TTAAGTGCGTCTAACAGGAC,0,3776965
tolCp3,0.2,4,4,TTAACGAGCTAGAACAGGCC,0,3788659
tolCp3,0.2,4,4,TGTTTTACCGGATCGCCGGA,0,3777245
tolCp3,0.2,4,4,TGTTGTGCATGAGGAAGTTG,0,3805625
tolCp3,0.2,4,4,TGTTGTCGCGAGAGCGATAT,0,3796408
tolCp3,0.2,4,4,TGTTAAACGTTGTGCCAGGT,0,3777754
tolCp3,0.2,4,4,TGTGTCGGGCGATCATAGTA,0,3799878
tolCp3,0.2,4,4,TGTGGAAGTACGCGAGATGC,0,3807469
tolCp3,0.2,4,4,TGTGCGTGCACCAGGCACTG,0,3805436
tolCp3,0.2,4,4,TGTCGCACAATAAACTACGC,0,3806989
tolCp3,0.2,4,4,TGTATTGATAGTAGTCGTTG,0,3796475
tolCp3,0.2,4,4,TGTAGAGTAATTCCCGGACA,0,3779790
tolCp3,0.2,4,4,TGGTGGTATCAGGGTGTCTT,0,3791552
tolCp3,0.2,4,4,TGGGCCTCCGTGCAGGAAGG,0,3806172
tolCp3,0.2,4,4,TGGCGGTTCAAGCCGCATGT,0,3806995
tolCp3,0.2,4,4,TGGCGCTGACCGCCCTCATA,0,3799771
tolCp3,0.2,4,4,TGGCATTTGGTATTTATAGA,0,3790330
tolCp3,0.2,4,4,TGGATAGAGGGTATCCATCT,0,3783003
tolCp3,0.2,4,4,TGGACGTTGAGATTTGTGGG,0,3802389
tolCp3,0.2,4,4,TGGACAGTTCCAAATTGGGT,0,3797779
tolCp3,0.2,4,4,TGGAATAGGCCGTTCGATGG,0,3788448
tolCp3,0.2,4,4,TGCTCGGGGAAACTTGGAAC,0,3793147
tolCp3,0.2,4,4,TGCTAACTATCTAACGGGGG,0,3785664
tolCp3,0.2,4,4,TGCCTGATCGTGTTACGCAA,0,3801517
tolCp3,0.2,4,4,TGCCTCCCTTGGAAGAAGCG,0,3796557
tolCp3,0.2,4,4,TGCCTAGGACATCTTGTATA,0,3791123
tolCp3,0.2,4,4,TGCCGGGATTCATGTCCAGT,0,3791159
tolCp3,0.2,4,4,TGCCGGACATCGGTAAACGT,0,3792190
tolCp3,0.2,4,4,TGCCCGTATACTATTTAAAA,0,3793666
tolCp3,0.2,4,4,TGCCCACGTGTTACCGATCA,0,3785906
tolCp3,0.2,4,4,TGCAGGTGGTGGACATCGAG,0,3778471
tolCp3,0.2,4,4,TGCAACGTTTCTCCTGCCGT,0,3794632
tolCp3,0.2,4,4,TGATTTATCTAGTATCTGCT,0,3778115
tolCp3,0.2,4,4,TGATCCATTAGGGACTTGCT,0,3806615
tolCp3,0.2,4,4,TGAGGTAAATGTTCATGCGA,0,3776136
tolCp3,0.2,4,4,TGACTGTATAAAGGGACGCC,0,3777481
tolCp3,0.2,4,4,TGACGTGCTAGGGGTCGTTC,0,3780117
tolCp3,0.2,4,4,TGACCGGGCAGAGCTGAGTG,0,3786229
tolCp3,0.2,4,4,TGACACGAATAAGCTCCGCA,0,3807158
tolCp3,0.2,4,4,TGAAGAGATCTAAGTTAGGC,0,3787737
tolCp3,0.2,4,4,TGAACGCAGTGGCCTCTCCC,0,3786951
tolCp3,0.2,4,4,TCTTTCCCTGGTTGGAGTCT,0,3806083
tolCp3,0.2,4,4,TCTTATGCATGGTACCGTTC,0,3791868
tolCp3,0.2,4,4,TCTGCGGCAAACTAGCTATA,0,3786420
tolCp3,0.2,4,4,TCTGCCAGATTGCATTAGGT,0,3803986
tolCp3,0.2,4,4,TCTGCAAGGCATTCGGACAA,0,3777527
tolCp3,0.2,4,4,TCTCGGGAACTCATTTCACG,0,3783499
tolCp3,0.2,4,4,TCTCACACGCACAGGCGAGA,0,3796278
tolCp3,0.2,4,4,TCTCAAAAACCGGGCTCGTA,0,3784751
tolCp3,0.2,4,4,TCTATGAATTCCACTGTAAC,0,3794626
tolCp3,0.2,4,4,TCGTACACAGTAGCCCTACA,0,3807615
tolCp3,0.2,4,4,TCGCTCTGTTACGCAGAGCA,0,3781040
tolCp3,0.2,4,4,TCGCTCCGTAATTAACGTCC,0,3803802
tolCp3,0.2,4,4,TCGCTCAGGCCCGTAAGGCT,0,3775167
tolCp3,0.2,4,4,TCGCTAAAGCTGGGTGGATT,0,3802832
tolCp3,0.2,4,4,TCGCAGTACTATAAATAAGT,0,3797220
tolCp3,0.2,4,4,TCCTTAAAAGAAGACTGGGT,0,3782935
tolCp3,0.2,4,4,TCCTGACACAAGTGATGATA,0,3781960
tolCp3,0.2,4,4,TCCTCGTGCATGTGGGGTAA,0,3783027
tolCp3,0.2,4,4,TCCTCCTATTACGCGCCGAC,0,3779424
tolCp3,0.2,4,4,TCCTAACGTCTGTTTTGCAT,0,3782229
tolCp3,0.2,4,4,TCCGCGCGCGGCTGGTCATG,0,3788839
tolCp3,0.2,4,4,TCCGAATACGTCGCTTACAT,0,3801790
tolCp3,0.2,4,4,TCCCTTTGGCCAAAGCCGAT,0,3785674
tolCp3,0.2,4,4,TCCCCAATAAGCGGTATGGA,0,3786817
tolCp3,0.2,4,4,TCCACGTCTTCATACTGAAC,0,3795520
tolCp3,0.2,4,4,TCATAGCGCGTTGTGTGTAT,0,3784261
tolCp3,0.2,4,4,TCATACCGGTTTGCGAGGAT,0,3793099
tolCp3,0.2,4,4,TCAGTGATCCACTTCGAGTA,0,3802127
tolCp3,0.2,4,4,TCACGTGGGGCTGAATGAAA,0,3796660
tolCp3,0.2,4,4,TCACGGGCATAACGGCCGAT,0,3796376
tolCp3,0.2,4,4,TCACGCAGTGATGGTGACAT,0,3801360
tolCp3,0.2,4,4,TCACAGGCTACTAACATACT,0,3790816
tolCp3,0.2,4,4,TCAATGTAATGTAGATGAGG,0,3804353
tolCp3,0.2,4,4,TCAAACGCGTGGAACACGAG,0,3786267
tolCp3,0.2,4,4,TATTGGTCACGCTCGCGGCC,0,3798252
tolCp3,0.2,4,4,TATTAAGCATGCTTTACTCT,0,3781751
tolCp3,0.2,4,4,TATGTCAGCCTTTGATTGTG,0,3801670
tolCp3,0.2,4,4,TATGGTCGCCACGCGTGAAG,0,3808911
tolCp3,0.2,4,4,TATGGGTTAAGGCCCTCAAA,0,3791906
tolCp3,0.2,4,4,TATGGCCCAGGGTAAGAGAC,0,3805091
tolCp3,0.2,4,4,TATGCTTACACTGATTGTTT,0,3806495
tolCp3,0.2,4,4,TATCAATAGTCACAGTCAAG,0,3778249
tolCp3,0.2,4,4,TATATTGAAGTAGTGCGTAG,0,3781178
tolCp3,0.2,4,4,TATACATTGCATCCAGATTG,0,3778297
tolCp3,0.2,4,4,TAGTGGACCAACGACCCCAA,0,3780413
tolCp3,0.2,4,4,TAGTCAGGAATGGATGGAGG,0,3801201
tolCp3,0.2,4,4,TAGGTGAGAGCCTAACGGGT,0,3802825
tolCp3,0.2,4,4,TAGGCGTCAATTAAATCTGA,0,3798914
tolCp3,0.2,4,4,TAGGAAGTATAATACCTCCA,0,3792504
tolCp3,0.2,4,4,TAGCTTAGCCAGTCTTGGGA,0,3781505
tolCp3,0.2,4,4,TAGCGTACACTGTAAGAACC,0,3787615
tolCp3,0.2,4,4,TAGATGAGAGCCTGAGGTGC,0,3795078
tolCp3,0.2,4,4,TAGAGGCGGCGTGTTGATGG,0,3804352
tolCp3,0.2,4,4,TAGAGGCCCGTGTATCTTGA,0,3789336
tolCp3,0.2,4,4,TAGAACCTGACGGCAATGCT,0,3803810
tolCp3,0.2,4,4,TACTTTATCCCGCTAGAAGT,0,3789306
tolCp3,0.2,4,4,TACTGTTTAGTAAGTATCGG,0,3809252
tolCp3,0.2,4,4,TACTCAAGAGGAGTCCAGGT,0,3807972
tolCp3,0.2,4,4,TACGTGGTTACTATCACCTA,0,3789798
tolCp3,0.2,4,4,TACGGCTGTATTGCCAATAC,0,3783698
tolCp3,0.2,4,4,TACGGAAAGGATCTACTAAT,0,3803781
tolCp3,0.2,4,4,TACGAGTGGCTAGTCCTATC,0,3795351
tolCp3,0.2,4,4,TACGACAGCCGGATTGAACC,0,3798347
tolCp3,0.2,4,4,TACCTGAACTCCAGAGAGAT,0,3800494
tolCp3,0.2,4,4,TACCTCGACGGATGTAGCAA,0,3802646
tolCp3,0.2,4,4,TACCGTTAATAGATGCCATG,0,3796935
tolCp3,0.2,4,4,TACAGTGTTGGGCTAAAAGG,0,3783863
tolCp3,0.2,4,4,TACAGTGGTCCTATTACAGA,0,3808826
tolCp3,0.2,4,4,TACACGCACTTGAAAAGTCT,0,3799310
tolCp3,0.2,4,4,TACACGAGTCGAGACCTCCT,0,3789560
tolCp3,0.2,4,4,TACAATGGTTCAAAGTATCC,0,3804525
tolCp3,0.2,4,4,TACAAATAAAGAGTCTGACT,0,3783059
tolCp3,0.2,4,4,TAATAGGGCGGGACGGATGA,0,3794097
tolCp3,0.2,4,4,TAAGTTGAACAAACCGTTTA,0,3805382
tolCp3,0.2,4,4,TAAGGGCTATCAGGTGTTGA,0,3795845
tolCp3,0.2,4,4,TAAGCAGCGCTATGTATTTC,0,3782369
tolCp3,0.2,4,4,TAACGCGGGGCTGACCATCA,0,3784373
tolCp3,0.2,4,4,TAACGACGCGAAACACCCTC,0,3805597
tolCp3,0.2,4,4,TAACAGAGTTCATTGTACGG,0,3790476
tolCp3,0.2,4,4,TAAATTTAAGGTTCATTTGG,0,3784813
tolCp3,0.2,4,4,TAAAGCTCAATATACAAGAA,0,3786669
tolCp3,0.2,4,4,TAAAATAAATAAACTTGGGA,0,3808592
tolCp3,0.2,4,4,TAAAACCGTATAAAGATTAT,0,3806178
tolCp3,0.2,4,4,GTTTCTTGGCGATTAAAGAG,0,3782342
tolCp3,0.2,4,4,GTTTCCGCTAAATATAAAAC,0,3788078
tolCp3,0.2,4,4,GTTTATGAGAGTAACTGGAC,0,3807602
tolCp3,0.2,4,4,GTTGTCACGTTCATCGGAAC,0,3802278
tolCp3,0.2,4,4,GTTGGTTATCATACTCCTGC,0,3796481
tolCp3,0.2,4,4,GTTGGCAATTAATGTGGTTG,0,3796503
tolCp3,0.2,4,4,GTTGACCTTGGCAAATCAGT,0,3789376
tolCp3,0.2,4,4,GTTCGGTTGATAGGTATAGA,0,3792009
tolCp3,0.2,4,4,GTTCGCGGCAGAGGAATCTA,0,3783266
tolCp3,0.2,4,4,GTTCACAAGTTTTTCAGTAA,0,3806231
tolCp3,0.2,4,4,GTTAGGTAAGTCTTTCCATA,0,3785281
tolCp3,0.2,4,4,GTTACGATACAGAGTATTAC,0,3788054
tolCp3,0.2,4,4,GTGTTGTCAACGTAAACCTG,0,3781622
tolCp3,0.2,4,4,GTGTTATGTGAAACGGTTGT,0,3806282
tolCp3,0.2,4,4,GTGTGACCCCGCCCATCAGA,0,3787586
tolCp3,0.2,4,4,GTGTCCCGCGAGGGTCAGTT,0,3777812
tolCp3,0.2,4,4,GTGGTTGTAAGCGTTATATG,0,3782106
tolCp3,0.2,4,4,GTGGTATCGTCCCAACTAAT,0,3792832
tolCp3,0.2,4,4,GTGGGTTCAAGCGGGAAGGA,0,3798985
tolCp3,0.2,4,4,GTGGGGCTTCCGTCCATGTT,0,3807694
tolCp3,0.2,4,4,GTGGCACGTCGCATCTTCGA,0,3795466
tolCp3,0.2,4,4,GTGGACCGAGCACGAACAGG,0,3777161
tolCp3,0.2,4,4,GTGCTTGGCGGCTTATAGGT,0,3792596
tolCp3,0.2,4,4,GTGCGGTAATACGTGTCCTA,0,3786085
tolCp3,0.2,4,4,GTGCGGGGGTTCGTTCTGTT,0,3793703
tolCp3,0.2,4,4,GTGCGCGTCCCCTTCGCTCT,0,3774578
tolCp3,0.2,4,4,GTGAGGTAGTTCCCGGACCT,0,3793769
tolCp3,0.2,4,4,GTGAGGCCCAACTGAGCCTA,0,3808251
tolCp3,0.2,4,4,GTGAAAGCTATATACCTTGC,0,3799418
tolCp3,0.2,4,4,GTCTTTGCGGCGATCTTCCG,0,3804590
tolCp3,0.2,4,4,GTCGTTTCGCCAAGCAACGC,0,3792295
tolCp3,0.2,4,4,GTCGGTCTAGCCTCCGAATG,0,3785492
tolCp3,0.2,4,4,GTCGGCAGGCGCCCACACGG,0,3780857
tolCp3,0.2,4,4,GTCGCCAGAGTATCATGTCA,0,3784030
tolCp3,0.2,4,4,GTCCCCGCTCACATCCCTTT,0,3802786
tolCp3,0.2,4,4,GTCCCACGTGGTCCGACCTA,0,3796519
tolCp3,0.2,4,4,GTCCACGCAAGCGCACTGTG,0,3793273
tolCp3,0.2,4,4,GTCACTTAAAGGAGGTTGTG,0,3785031
tolCp3,0.2,4,4,GTCAAGAGAATTGTGCCTAA,0,3803994
tolCp3,0.2,4,4,GTATTATCTCGTGAGGAAAT,0,3784760
tolCp3,0.2,4,4,GTATGGCTTGCGGGATATGG,0,3799882
tolCp3,0.2,4,4,GTATGCCACACCTGGGGAAC,0,3805232
tolCp3,0.2,4,4,GTAGTGCGTAGGCGTCGTAT,0,3778214
tolCp3,0.2,4,4,GTAGCGGGACCGCATGCTGG,0,3798319
tolCp3,0.2,4,4,GTAGCATGGGCCTGGCGAAG,0,3776888
tolCp3,0.2,4,4,GTACTCAAGGTTGCATTACT,0,3791729
tolCp3,0.2,4,4,GTACAACGGTCTCATTATTT,0,3800138
tolCp3,0.2,4,4,GTAATGTCCAGGCCTGGTAA,0,3802334
tolCp3,0.2,4,4,GTAACATGCGCGATCGAAGT,0,3806814
tolCp3,0.2,4,4,GGTTGGAAGCGCTAGCACAA,0,3805397
tolCp3,0.2,4,4,GGTTCGTAATTGCACTGCTG,0,3803568
tolCp3,0.2,4,4,GGTGTTGGCGGGACTAGCTT,0,3789447
tolCp3,0.2,4,4,GGTGTGTTTGAATTGATGAA,0,3784501
tolCp3,0.2,4,4,GGTGGAACCAATTAAGCTAG,0,3778953
tolCp3,0.2,4,4,GGTGCGTCCACGTTAGCCAG,0,3783452
tolCp3,0.2,4,4,GGTGCGGAGTGCGGAGATTT,0,3796693
tolCp3,0.2,4,4,GGTGATCCTTCAACCGCTCG,0,3801214
tolCp3,0.2,4,4,GGTGACGCAGTTAAAAATTC,0,3803843
tolCp3,0.2,4,4,GGTCGGTACACGGAGACAAT,0,3800125
tolCp3,0.2,4,4,GGTCGGGCATTCAGGTCATG,0,3790741
tolCp3,0.2,4,4,GGTCACCTGGTATAGCTCCC,0,3790639
tolCp3,0.2,4,4,GGTAGCATTCGACCGTACGT,0,3793248
tolCp3,0.2,4,4,GGTAGATGCGTGATTGGTCT,0,3801452
tolCp3,0.2,4,4,GGTAAGCGAGTCGCAGGCGG,0,3788658
tolCp3,0.2,4,4,GGGTTCGTTTCATGCAATCT,0,3799702
tolCp3,0.2,4,4,GGGTTCCTAAACACAGACTT,0,3783125
tolCp3,0.2,4,4,GGGTCGAAGGAGTAATAGCC,0,3798557
tolCp3,0.2,4,4,GGGGGTGACTTTATAGAATT,0,3809174
tolCp3,0.2,4,4,GGGGGCGTCCCTGTACCAAC,0,3791830
tolCp3,0.2,4,4,GGGGGATCAAATTCCTTACA,0,3778152
tolCp3,0.2,4,4,GGGGCATCCTGCGCAGTAAT,0,3801436
tolCp3,0.2,4,4,GGGGACCGTCAATAGCCCAA,0,3805103
tolCp3,0.2,4,4,GGGCTTCGTCGGTCAAAAGG,0,3785821
tolCp3,0.2,4,4,GGGCGTGTAAGTCGAAAATT,0,3783801
tolCp3,0.2,4,4,GGGCGGCCCACTCACTGCGA,0,3806601
tolCp3,0.2,4,4,GGGCCTGCGTGTCTGCTGGC,0,3799786
tolCp3,0.2,4,4,GGGCATTGACGCGATGGAGC,0,3781404
tolCp3,0.2,4,4,GGGATTAAAGCTATGCTATT,0,3779479
tolCp3,0.2,4,4,GGGAGGCATCAGCGCGACTT,0,3791337
tolCp3,0.2,4,4,GGGAGCCTGGTCTCTGGCCA,0,3775031
tolCp3,0.2,4,4,GGGAGCAGTATGTCTTGGGA,0,3808596
tolCp3,0.2,4,4,GGGAGCAACTGGGGCCGAGT,0,3798329
tolCp3,0.2,4,4,GGGAACGTGCGATGGACCAC,0,3782820
tolCp3,0.2,4,4,GGCTTCCTTATTATTAAGTT,0,3795967
tolCp3,0.2,4,4,GGCTGTGAACGAGACACTAA,0,3779431
tolCp3,0.2,4,4,GGCTGGCGTAGTGGCAGCTG,0,3786341
tolCp3,0.2,4,4,GGCTGCTCAATTAGTGGTAT,0,3801825
tolCp3,0.2,4,4,GGCTCAATGGCGACACGGGT,0,3774664
tolCp3,0.2,4,4,GGCTATCCCATGTTCATTAC,0,3781956
tolCp3,0.2,4,4,GGCTAGGTTTACCCTAGTGT,0,3795885
tolCp3,0.2,4,4,GGCGCTTTGGTCTGTTGTTA,0,3790206
tolCp3,0.2,4,4,GGCGCGGGCAAATGGTCCAG,0,3794570
tolCp3,0.2,4,4,GGCGACGGTGCTCCTTACTA,0,3785179
tolCp3,0.2,4,4,GGCGACAGCTGAACTCAGAT,0,3794886
tolCp3,0.2,4,4,GGCCGTAGTGTGCAGATATT,0,3788556
tolCp3,0.2,4,4,GGCCCGAAATGCTGAATGGC,0,3809067
tolCp3,0.2,4,4,GGCCCCTCACATAGGTTCCG,0,3782456
tolCp3,0.2,4,4,GGCACTTGAGCGTGATACGC,0,3790238
tolCp3,0.2,4,4,GGCACGTCACAGCTTCGTCT,0,3802973
tolCp3,0.2,4,4,GGCACACCCTCGCATCTGGC,0,3783946
tolCp3,0.2,4,4,GGCAACAGGGTACAACAGAA,0,3800290
tolCp3,0.2,4,4,GGATGCATTTATATATCAGA,0,3794732
tolCp3,0.2,4,4,GGATATGATAGTTCACAAAT,0,3776389
tolCp3,0.2,4,4,GGATACGGTGTGCTTAGAGT,0,3782227
tolCp3,0.2,4,4,GGATAAGCAAGATCTAATGG,0,3805960
tolCp3,0.2,4,4,GGAGTAGGTTATCCCCAGGG,0,3808511
tolCp3,0.2,4,4,GGAGGCGATCGTGTCCCATG,0,3794379
tolCp3,0.2,4,4,GGAGATTTGTATGTGGCGGG,0,3775605
tolCp3,0.2,4,4,GGAGAAAACGTGGGGCAGCA,0,3778703
tolCp3,0.2,4,4,GGACCGGATCACGCTTGGAA,0,3809218
tolCp3,0.2,4,4,GGACAGAGTCCTGAGTGGTA,0,3789013
tolCp3,0.2,4,4,GGAATTTGGACTCCAGTTGC,0,3799240
tolCp3,0.2,4,4,GGAAATTTTCGCCTGTTATA,0,3800109
tolCp3,0.2,4,4,GGAAAATTGTAGGGCTTGCC,0,3776420
tolCp3,0.2,4,4,GCTTCGGTGGCATAACCGTG,0,3789433
tolCp3,0.2,4,4,GCTGTTGCATACCGCGGGAA,0,3786955
tolCp3,0.2,4,4,GCTGTGGCGCTTAACTCAAT,0,3804401
tolCp3,0.2,4,4,GCTGGCAAGACCGAGGTGAC,0,3808520
tolCp3,0.2,4,4,GCTGCTGCGCCGGGCAAAGT,0,3797420
tolCp3,0.2,4,4,GCTACTATCAGGTTCGATTC,0,3785838
tolCp3,0.2,4,4,GCTAAGGCAGCTGACGGGCA,0,3792764
tolCp3,0.2,4,4,GCGTTCCTGACGTTGTTTGC,0,3784236
tolCp3,0.2,4,4,GCGTCCTCCATGACCTATAT,0,3804195
tolCp3,0.2,4,4,GCGTCCACCTCTATAGAGTG,0,3789702
tolCp3,0.2,4,4,GCGGTTTTGGTATAAACAGG,0,3809339
tolCp3,0.2,4,4,GCGGTTGAAGTGAAGCGATA,0,3780904
tolCp3,0.2,4,4,GCGGGTCGTGAAGCACTTTA,0,3792249
tolCp3,0.2,4,4,GCGGCGCTTAATAAGGATAT,0,3807125
tolCp3,0.2,4,4,GCGGATCTGCATCCCTTACC,0,3785990
tolCp3,0.2,4,4,GCGGAAGGAGGCCACCTCTA,0,3774858
tolCp3,0.2,4,4,GCGCCCCTCGTGCACCCACT,0,3801206
tolCp3,0.2,4,4,GCGCAGGTAATTCCGATCGG,0,3780826
tolCp3,0.2,4,4,GCGACACTGCGAGAATTCGG,0,3798421
tolCp3,0.2,4,4,GCGAAGGCCGTAACCTCTCT,0,3784158
tolCp3,0.2,4,4,GCGAAAGGTCGAGCACATAT,0,3789371
tolCp3,0.2,4,4,GCCTTAATTAGGATGCCAAG,0,3787684
tolCp3,0.2,4,4,GCCTGCGGCCTGCGGAGTAG,0,3800178
tolCp3,0.2,4,4,GCCTACGGTCCATTTTCGCA,0,3779197
tolCp3,0.2,4,4,GCCGGTGACCAGGACCGGAT,0,3789585
tolCp3,0.2,4,4,GCCGGTCATCCTACGACAGT,0,3799654
tolCp3,0.2,4,4,GCCGCTGGCCCTCAGGATAT,0,3785724
tolCp3,0.2,4,4,GCCGAGGGCTGCGTGCGTAG,0,3784296
tolCp3,0.2,4,4,GCCCTTTTAAATCAACCTCT,0,3807683
tolCp3,0.2,4,4,GCCCTTATTAGGCAAACTGA,0,3782329
tolCp3,0.2,4,4,GCCCCGTCGCCCCGTACTGG,0,3776382
tolCp3,0.2,4,4,GCCATTAGAACCTCGACAGG,0,3791259
tolCp3,0.2,4,4,GCCAGTGAATCACTGTAGTA,0,3807950
tolCp3,0.2,4,4,GCCAGCTGATCCAGCGTATA,0,3775775
tolCp3,0.2,4,4,GCCACCCGCCGGTATAGGCA,0,3807803
tolCp3,0.2,4,4,GCATTTTAGTGATACATCGG,0,3782409
tolCp3,0.2,4,4,GCATGTCGTAGCATTGTTGT,0,3784093
tolCp3,0.2,4,4,GCATGCATAGGACCTCTACT,0,3781452
tolCp3,0.2,4,4,GCATCCATCTAAAGGGGTTC,0,3795449
tolCp3,0.2,4,4,GCAGTCCCTCGTCCTCCGAG,0,3799391
tolCp3,0.2,4,4,GCAGTCAACACAGGAGACTC,0,3809237
tolCp3,0.2,4,4,GCAGCCAAGTCCGCAATTAC,0,3796524
tolCp3,0.2,4,4,GCAGCAGTAGTCAGTGTAAC,0,3775958
tolCp3,0.2,4,4,GCAGAATTAGTCCCAGAGAT,0,3808914
tolCp3,0.2,4,4,GCACTTTTAAGGAATAAACG,0,3791375
tolCp3,0.2,4,4,GCACTGAGCTTTATCGGGTT,0,3788251
tolCp3,0.2,4,4,GCACTAAATATAAAACACTT,0,3795627
tolCp3,0.2,4,4,GCACGACGAGAAGCACGGTA,0,3778999
tolCp3,0.2,4,4,GCACAGCATGTAAGCTTAAA,0,3806532
tolCp3,0.2,4,4,GCACACCGATTCTTCTGGGA,0,3806644
tolCp3,0.2,4,4,GCAAGTCCCAAGCGACAGTG,0,3788015
tolCp3,0.2,4,4,GCAACTCTATGTGCTCTATC,0,3778965
tolCp3,0.2,4,4,GATTCGGCGCATCCGGTGTA,0,3788000
tolCp3,0.2,4,4,GATTATGCTCTGTAATCATA,0,3774593
tolCp3,0.2,4,4,GATGTGCGGTGCTCCGCCGG,0,3798506
tolCp3,0.2,4,4,GATGGGAGTAATTAAGTTAT,0,3800400
tolCp3,0.2,4,4,GATGCTATGAGTCGGTTGGG,0,3790625
tolCp3,0.2,4,4,GATGATAGCTTCATCTGCTA,0,3803326
tolCp3,0.2,4,4,GATCTGGAACATGGAAATCC,0,3778896
tolCp3,0.2,4,4,GATCAGAGCATTTCACGGCC,0,3807097
tolCp3,0.2,4,4,GATCAGACCAAGATAAAGTA,0,3799154
tolCp3,0.2,4,4,GATAGCTGTGTCTTTGGCTG,0,3776907
tolCp3,0.2,4,4,GATACAGTCATCGATTGAAA,0,3778050
tolCp3,0.2,4,4,GAGTGGAAACATATAAATCG,0,3808889
tolCp3,0.2,4,4,GAGTGATAACTTGGCTCGTA,0,3794602
tolCp3,0.2,4,4,GAGTCCGCGGTTCTTAAAAC,0,3778077
tolCp3,0.2,4,4,GAGGTCCACGTCCGTGGCGA,0,3799246
tolCp3,0.2,4,4,GAGGCGTATCGGAGGATAAC,0,3796398
tolCp3,0.2,4,4,GAGGCGATAGCAGGTGCACC,0,3801017
tolCp3,0.2,4,4,GAGGCCATGTCGGATCTGAA,0,3781146
tolCp3,0.2,4,4,GAGGCCAAGCCAAGCGTATG,0,3802921
tolCp3,0.2,4,4,GAGGCAAAGTCCGAGTAATG,0,3794155
tolCp3,0.2,4,4,GAGCGCGACTCGATGTAAGG,0,3788538
tolCp3,0.2,4,4,GAGACGTATTGTGAGTGGAC,0,3783361
tolCp3,0.2,4,4,GAGACCTCGCGACGTTAAGT,0,3794493
tolCp3,0.2,4,4,GACTTAGGAGCAAGCCTGAA,0,3802595
tolCp3,0.2,4,4,GACTACGAACCACACCTCTT,0,3779342
tolCp3,0.2,4,4,GACGGCCGATCGTAGTTGTA,0,3803257
tolCp3,0.2,4,4,GACGCACGTATCACTCTCAC,0,3806364
tolCp3,0.2,4,4,GACGCAATTCTCTATTCGAA,0,3787582
tolCp3,0.2,4,4,GACGATCATGATCTCGATTA,0,3780669
tolCp3,0.2,4,4,GACGATCACGGCATCATCGC,0,3790758
tolCp3,0.2,4,4,GACCTTCAGGCCTATGCTAC,0,3789683
tolCp3,0.2,4,4,GACCTACTTCTAAGTACAGT,0,3779415
tolCp3,0.2,4,4,GACCGTATGGGGTATCGGCG,0,3785177
tolCp3,0.2,4,4,GACCATATGCACTCCTGATC,0,3779449
tolCp3,0.2,4,4,GACCAGAGCGGGCCTTCGCG,0,3793424
tolCp3,0.2,4,4,GACAGCTTCTCGCGTCGCAG,0,3785106
tolCp3,0.2,4,4,GACACGGCTTTAAACACACA,0,3808354
tolCp3,0.2,4,4,GACAATTTGTTTTGTTGCGA,0,3795403
tolCp3,0.2,4,4,GAATTCCTCCGCCGTTCATA,0,3802139
tolCp3,0.2,4,4,GAATGCTAGGTGTGGGGTAA,0,3800446
tolCp3,0.2,4,4,GAATAATACGGAATCCACGC,0,3783861
tolCp3,0.2,4,4,GAAGACTCTTGGGCCGCTGG,0,3781341
tolCp3,0.2,4,4,GAAGACAGGAAATACGCCTT,0,3805741
tolCp3,0.2,4,4,GAACTGATGACTGTTCCGGT,0,3790598
tolCp3,0.2,4,4,GAACTACATTCTTAATGTTG,0,3791379
tolCp3,0.2,4,4,GAACGCTCCTAGTAACTCGG,0,3777211
tolCp3,0.2,4,4,GAACCTTTATCAACGACATT,0,3779192
tolCp3,0.2,4,4,GAACCCACTGTCTCGAAGCA,0,3806265
tolCp3,0.2,4,4,GAACAAAAATTCCTCGGCCG,0,3793081
tolCp3,0.2,4,4,GAAATCTTTTCCTGTTGATT,0,3787139
tolCp3,0.2,4,4,GAAAGTCCCCCTCGCACCAA,0,3786128
tolCp3,0.2,4,4,GAAAGTCATACGTGTGTCCC,0,3781511
tolCp3,0.2,4,4,GAAAATTGAAGCGCGTCGCG,0,3796298
tolCp3,0.2,4,4,GAAAACGGGAAACTTAAGGA,0,3787614
tolCp3,0.2,4,4,CTTTGTGGGCGTATAGAACC,0,3799945
tolCp3,0.2,4,4,CTTTGGTAAAGAATCCATCC,0,3784260
tolCp3,0.2,4,4,CTTTGGGGTAAGGTCGAACC,0,3789567
tolCp3,0.2,4,4,CTTTGGGAGGTGAAGAGGGA,0,3786786
tolCp3,0.2,4,4,CTTTGGCGATAAAGTAAAAA,0,3805019
tolCp3,0.2,4,4,CTTTCACTACAGGTGCACAT,0,3776839
tolCp3,0.2,4,4,CTTGTTTGAGTCTAAAATAG,0,3805578
tolCp3,0.2,4,4,CTTGTCTGAATGAACCGGAA,0,3789896
tolCp3,0.2,4,4,CTTGGGTATTGTGAAGGAGT,0,3787933
tolCp3,0.2,4,4,CTTGCTTGTTTAGTGGTGTT,0,3782899
tolCp3,0.2,4,4,CTTGCGCCGAGTGTAACTCG,0,3776693
tolCp3,0.2,4,4,CTTGCAGCCTGAGACTTCAG,0,3796234
tolCp3,0.2,4,4,CTTGAGCCATATAAGACTAA,0,3800180
tolCp3,0.2,4,4,CTTGAGATGATAAGCACTTG,0,3778270
tolCp3,0.2,4,4,CTTCCCCCCGTAGTGCAAGC,0,3782741
tolCp3,0.2,4,4,CTTATACGAGCACCGGTCGT,0,3784285
tolCp3,0.2,4,4,CTTAGTTACCGGCGTGTTCT,0,3791631
tolCp3,0.2,4,4,CTTAGAAAATTCTCTCTACC,0,3780890
tolCp3,0.2,4,4,CTTACATTTGAATTTACGAA,0,3804719
tolCp3,0.2,4,4,CTTAAAGAGTAACCCAGCGG,0,3792563
tolCp3,0.2,4,4,CTTAAAATTATAGCCCCAGC,0,3789989
tolCp3,0.2,4,4,CTGTTTCAAATTCTGGCCTG,0,3784364
tolCp3,0.2,4,4,CTGTGAGAATTCCGGCGAGA,0,3799952
tolCp3,0.2,4,4,CTGTACTGACGGGAATGGCG,0,3803580
tolCp3,0.2,4,4,CTGGTGTGCATCTCTGGGTT,0,3787910
tolCp3,0.2,4,4,CTGGTCCTTATCATAAGCTG,0,3801040
tolCp3,0.2,4,4,CTGGTCCAACTTTAGCAAGC,0,3798826
tolCp3,0.2,4,4,CTGGGGGGTAGCGAATTATA,0,3793889
tolCp3,0.2,4,4,CTGGGAATCTTAGTTAGTGT,0,3777471
tolCp3,0.2,4,4,CTGCGACTACTTCACGGGTC,0,3779799
tolCp3,0.2,4,4,CTGCATTGTTTTGAGCATGC,0,3775833
tolCp3,0.2,4,4,CTGCATCTCACGTTGGGTAT,0,3804016
tolCp3,0.2,4,4,CTGAGCTTTACATGGATGTG,0,3789684
tolCp3,0.2,4,4,CTGAGATAAGAAACAAGGTC,0,3804096
tolCp3,0.2,4,4,CTGAACGGAAAGCTCTTGCA,0,3795485
tolCp3,0.2,4,4,CTGAACGCAATCACTTGTCG,0,3784952
tolCp3,0.2,4,4,CTCTGTCGAATGGCCTCGAC,0,3793135
tolCp3,0.2,4,4,CTCTGATACTTTGACTCAAA,0,3790296
tolCp3,0.2,4,4,CTCTGAACTCGATTAGCCTT,0,3786599
tolCp3,0.2,4,4,CTCGTTATTTGAAAGTACGT,0,3792029
tolCp3,0.2,4,4,CTCGGTTAACGATAAGATCA,0,3807209
tolCp3,0.2,4,4,CTCGGCAACACCAGCATATC,0,3806780
tolCp3,0.2,4,4,CTCGCGACAAACAATAAGTC,0,3787150
tolCp3,0.2,4,4,CTCGAGCCAAACCGGGAGGC,0,3793144
tolCp3,0.2,4,4,CTCCTGGAAGTAGTTCATCA,0,3798878
tolCp3,0.2,4,4,CTCCGGTGTGAGACCAGACA,0,3784917
tolCp3,0.2,4,4,CTCCGAGGGAGTGTCCCTCA,0,3799270
tolCp3,0.2,4,4,CTCCCTATTAAAGTTAAAAT,0,3777148
tolCp3,0.2,4,4,CTCCATTCGTTCTCACAGCA,0,3805373
tolCp3,0.2,4,4,CTCAGCACTGGAGGAGTCAG,0,3799051
tolCp3,0.2,4,4,CTATTGTTCTTCTTACGGAT,0,3797525
tolCp3,0.2,4,4,CTATTCATCAGCTTAAGCGC,0,3797251
tolCp3,0.2,4,4,CTATAGTTACCTAATTCGGT,0,3794771
tolCp3,0.2,4,4,CTAGTTGGATTCATCAGCTC,0,3778821
tolCp3,0.2,4,4,CTAGTATCCCCGACTACGAT,0,3779752
tolCp3,0.2,4,4,CTAGGCGTTTCTTGTGCGAC,0,3774657
tolCp3,0.2,4,4,CTAGCCACAGCCGTTAGATA,0,3788008
tolCp3,0.2,4,4,CTAGACTGTGGTAGGAATGA,0,3785298
tolCp3,0.2,4,4,CTACCTTTGGCTGGTACCTT,0,3804521
tolCp3,0.2,4,4,CTAATTAGGGTGCGCAAAAT,0,3797194
tolCp3,0.2,4,4,CTAATATAGCGCTATTCATT,0,3797342
tolCp3,0.2,4,4,CTAAGGCGCACGTTCCGCGT,0,3795384
tolCp3,0.2,4,4,CTAACCTCCTCCAGCGACTC,0,3779641
tolCp3,0.2,4,4,CTAAATCCGTTATCAACATC,0,3791378
tolCp3,0.2,4,4,CTAAAATTTGGTGAACATCT,0,3808456
tolCp3,0.2,4,4,CGTTTGGCGCGTGTGCTAGC,0,3796063
tolCp3,0.2,4,4,CGTTTCCCACTTCTGACCAC,0,3782363
tolCp3,0.2,4,4,CGTTAGGTAGTGTCGGATGC,0,3805162
tolCp3,0.2,4,4,CGTTACGTGCTCTCCGTTTT,0,3785852
tolCp3,0.2,4,4,CGTGCAATGAGGTGGAATTG,0,3777597
tolCp3,0.2,4,4,CGTGATTAAAATAGCAAATT,0,3806181
tolCp3,0.2,4,4,CGTGATGTGTTCCACTAGAA,0,3800314
tolCp3,0.2,4,4,CGTGAGTTTACCAGACCCAA,0,3778996
tolCp3,0.2,4,4,CGTCTGGTGACTTAGCCTAC,0,3798223
tolCp3,0.2,4,4,CGTCGTGCCCTACATGGCGG,0,3803334
tolCp3,0.2,4,4,CGTCGCTATCAAGCCGGTCT,0,3796160
tolCp3,0.2,4,4,CGTCCTTGGCAAATAATTCA,0,3801920
tolCp3,0.2,4,4,CGTCCAGGCTTCGCACATGG,0,3778202
tolCp3,0.2,4,4,CGTCCAACATATATCCCTCA,0,3788424
tolCp3,0.2,4,4,CGTCAAGTAAGTGGGTGTCC,0,3806785
tolCp3,0.2,4,4,CGTATGGTCTGTACACGAAT,0,3787680
tolCp3,0.2,4,4,CGTAGTCCTTACTGCTGTGG,0,3786976
tolCp3,0.2,4,4,CGGTTTAGCAGCGAAGTAGA,0,3806375
tolCp3,0.2,4,4,CGGTTAGGTGCCTCTCGCAG,0,3799768
tolCp3,0.2,4,4,CGGTGTATTATGCCATGCTA,0,3805454
tolCp3,0.2,4,4,CGGTGGCGAATAGAGAGGAT,0,3786703
tolCp3,0.2,4,4,CGGTCCGGAACTAGAAAAGT,0,3805194
tolCp3,0.2,4,4,CGGTACAACCACCGCAACTC,0,3774708
tolCp3,0.2,4,4,CGGGTGTGCTGGAGCCTCAC,0,3794114
tolCp3,0.2,4,4,CGGGTCTCAAGACCAAAAAA,0,3793165
tolCp3,0.2,4,4,CGGGGAGACCCGAAAAAGTT,0,3796219
tolCp3,0.2,4,4,CGGGCTGAGTGACGACCGCT,0,3784291
tolCp3,0.2,4,4,CGGGAGATGCCACTGCCCTT,0,3789832
tolCp3,0.2,4,4,CGGCTGTCGTCGGGAGGATA,0,3784920
tolCp3,0.2,4,4,CGGCTGTATTGAGGCCAGTC,0,3791233
tolCp3,0.2,4,4,CGGCCGTTCGTGGAATGGCT,0,3799494
tolCp3,0.2,4,4,CGGATGCCGAAAGATTAATT,0,3791476
tolCp3,0.2,4,4,CGGAGTGTGAGGTATGTTCT,0,3779484
tolCp3,0.2,4,4,CGGAGTGGGCAACACCGACA,0,3801258
tolCp3,0.2,4,4,CGGAGCGTCGATGTTTCAAG,0,3789084
tolCp3,0.2,4,4,CGGAATGTGACGACGATCTT,0,3791162
tolCp3,0.2,4,4,CGCTTTATGGGTTTATTAGT,0,3807947
tolCp3,0.2,4,4,CGCTTGAAACTTCATCCTGA,0,3783294
tolCp3,0.2,4,4,CGCTTACTTAGGCGTAGCAT,0,3808788
tolCp3,0.2,4,4,CGCTGACGTCCTCAACGACG,0,3790505
tolCp3,0.2,4,4,CGCTAGTATAATACCGAATG,0,3780751
tolCp3,0.2,4,4,CGCGGGGCTGTATACTCAGG,0,3785211
tolCp3,0.2,4,4,CGCGCTCTAAACATGCGTTA,0,3800089
tolCp3,0.2,4,4,CGCGCGTATGTCCTCGGGAC,0,3805022
tolCp3,0.2,4,4,CGCGAAGGACGGTTCAGATT,0,3793074
tolCp3,0.2,4,4,CGCCTCGATCTCAAACTCGT,0,3803909
tolCp3,0.2,4,4,CGCCGTGCACTTCGCAGCCT,0,3796038
tolCp3,0.2,4,4,CGCCGGTTGTGGGATATAAT,0,3786696
tolCp3,0.2,4,4,CGCCGGTCGTAAGGCAATCA,0,3790679
tolCp3,0.2,4,4,CGCCGAGATTGCTTCCAGAC,0,3794650
tolCp3,0.2,4,4,CGCCCTTTTTCCTGAGGACG,0,3780643
tolCp3,0.2,4,4,CGCCCATTATATTAGGGACT,0,3774919
tolCp3,0.2,4,4,CGCCCAGATTCACCTGGGTA,0,3788548
tolCp3,0.2,4,4,CGCCACCTACAGTAACGCAG,0,3786849
tolCp3,0.2,4,4,CGCCAACCTGAAGGGTGTGT,0,3795481
tolCp3,0.2,4,4,CGCATAGCGGATTGCAGACC,0,3787623
tolCp3,0.2,4,4,CGCAGTCTTCGAAGAATCAT,0,3774725
tolCp3,0.2,4,4,CGCAGTCAGGGTTTGACCGG,0,3803453
tolCp3,0.2,4,4,CGCAGCCCTCCACAACCCGT,0,3786189
tolCp3,0.2,4,4,CGCAGATGGCAGATCCATTA,0,3805082
tolCp3,0.2,4,4,CGCAACACAGTGATTTACTA,0,3809070
tolCp3,0.2,4,4,CGCAAAACGGCGAAGGCCCA,0,3804081
tolCp3,0.2,4,4,CGATGGCTTACGGCGGTATG,0,3809418
tolCp3,0.2,4,4,CGATCGAAATCTAGGGCCTT,0,3781031
tolCp3,0.2,4,4,CGATACAGGAGTTCTTGGAG,0,3799519
tolCp3,0.2,4,4,CGATAAGGGCCGGACGATTC,0,3797843
tolCp3,0.2,4,4,CGAGTGAAGTGGCACCCCTT,0,3807386
tolCp3,0.2,4,4,CGAGGTCTCCTCTCTTTGCG,0,3794607
tolCp3,0.2,4,4,CGAGATCGTTATTAACGTTC,0,3774600
tolCp3,0.2,4,4,CGACTTACCTCCCGTTCTCG,0,3776125
tolCp3,0.2,4,4,CGACTGCGTCTTGTACCAGA,0,3795865
tolCp3,0.2,4,4,CGACTCGCTCTGCTGATTCC,0,3787733
tolCp3,0.2,4,4,CGACGGTCGGCTCCAGGGGT,0,3799612
tolCp3,0.2,4,4,CGACGGGCAAGCGTGGCGAG,0,3802397
tolCp3,0.2,4,4,CGACAAACCTCCGTGTCTAT,0,3803496
tolCp3,0.2,4,4,CGAATGGAACAGAGGGAGCA,0,3775743
tolCp3,0.2,4,4,CGAAGGATGGAGTCCGGTCC,0,3803311
tolCp3,0.2,4,4,CGAAGCGCCCGAAGAGCCCG,0,3777310
tolCp3,0.2,4,4,CGAAATGGGACTTCCGTAAT,0,3786079
tolCp3,0.2,4,4,CGAAATCGAAGGATCTCATC,0,3791227
tolCp3,0.2,4,4,CCTTTCGCACGGGGAGAGCA,0,3794331
tolCp3,0.2,4,4,CCTTCTGAATCGGCGTCGAG,0,3789389
tolCp3,0.2,4,4,CCTTAGCTGATTCTGGTAAG,0,3800069
tolCp3,0.2,4,4,CCTTACACGCGAAGCATTTA,0,3797258
tolCp3,0.2,4,4,CCTGTGGACGTGCATGCGAC,0,3776039
tolCp3,0.2,4,4,CCTGTAAGCGCACTGGGCTC,0,3791343
tolCp3,0.2,4,4,CCTGGAGGTCTACTGCGTCG,0,3805799
tolCp3,0.2,4,4,CCTCGGTGTTCCTGTACAGC,0,3795841
tolCp3,0.2,4,4,CCTCACCTTTCCGGGGGCGG,0,3796746
tolCp3,0.2,4,4,CCTCAATGAGTAGTACAAAG,0,3778762
tolCp3,0.2,4,4,CCTATTGGGGTATAGAACAG,0,3795884
tolCp3,0.2,4,4,CCGTTAAGCGTGCGGTTTGA,0,3797211
tolCp3,0.2,4,4,CCGTGATGTTTACGTTGGTA,0,3782410
tolCp3,0.2,4,4,CCGTCCGTCCCATTAACCTT,0,3779170
tolCp3,0.2,4,4,CCGTATAGGGCAATGTCATT,0,3786995
tolCp3,0.2,4,4,CCGGTCTGTGGACTGCCCTG,0,3784583
tolCp3,0.2,4,4,CCGGGTGCGAACTTTGGGAC,0,3788626
tolCp3,0.2,4,4,CCGGCTTGGAAGATTGTCGT,0,3796526
tolCp3,0.2,4,4,CCGGCTACACAGTGCTGTAT,0,3804245
tolCp3,0.2,4,4,CCGGCGATCTGACCTTGGAA,0,3807419
tolCp3,0.2,4,4,CCGGCCTGCTAGTGTATTCA,0,3786228
tolCp3,0.2,4,4,CCGGATGGACAATGACAGAC,0,3776310
tolCp3,0.2,4,4,CCGCCGTTAATCGTCATTAC,0,3802718
tolCp3,0.2,4,4,CCGCAGTAGGGCGGCCATGT,0,3777912
tolCp3,0.2,4,4,CCGCAATAGGTGTTTACGGG,0,3787595
tolCp3,0.2,4,4,CCGAGAAGATGACCTAGAAA,0,3801795
tolCp3,0.2,4,4,CCCTCCGCGCGTTGTTGCAG,0,3794143
tolCp3,0.2,4,4,CCCGTTGAGTTTTCCACCGG,0,3796877
tolCp3,0.2,4,4,CCCGTCTAAATCGTGTCATA,0,3795355
tolCp3,0.2,4,4,CCCGTATTAGTGGGGACCCT,0,3780123
tolCp3,0.2,4,4,CCCGATCGACGGGCGTAGCA,0,3784502
tolCp3,0.2,4,4,CCCGACGCAGCAAACTGCAG,0,3780083
tolCp3,0.2,4,4,CCCGACCCGATGGCATCTAA,0,3793320
tolCp3,0.2,4,4,CCCCTTTGCCATTCCCGTTA,0,3802702
tolCp3,0.2,4,4,CCCCTCTACTTTCTTGTCCG,0,3801565
tolCp3,0.2,4,4,CCCCTCGGGCGGGACCCGTA,0,3803251
tolCp3,0.2,4,4,CCCCTCCTCATCTGCCGCGC,0,3797604
tolCp3,0.2,4,4,CCCCCTCATTCCCCAGACGA,0,3788202
tolCp3,0.2,4,4,CCCCAGCGCCTCTGCCGAGC,0,3803419
tolCp3,0.2,4,4,CCCATTACGAGCAATAAGTA,0,3783975
tolCp3,0.2,4,4,CCCATGCGAGCCCCCGAAGG,0,3792634
tolCp3,0.2,4,4,CCCAAGCCCTAAGACTTTAA,0,3803681
tolCp3,0.2,4,4,CCATACGTTCTTTAATAGTG,0,3784960
tolCp3,0.2,4,4,CCATACACCGCGCTCTCACG,0,3803727
tolCp3,0.2,4,4,CCAGTCACTTGTCCCGTCTG,0,3805949
tolCp3,0.2,4,4,CCAGGGTGATTCGGCACGCC,0,3782523
tolCp3,0.2,4,4,CCAGCGGGACGTAGACAAGT,0,3779992
tolCp3,0.2,4,4,CCACGAGGGCTCGTTTCCAT,0,3795749
tolCp3,0.2,4,4,CCACAATTGCAAATTATGAA,0,3776964
tolCp3,0.2,4,4,CCAATTCAACAGAGACCGTG,0,3792219
tolCp3,0.2,4,4,CCAATATGTGTGAACGAACT,0,3796338
tolCp3,0.2,4,4,CCAAGGCCGTCCCACATTAC,0,3785594
tolCp3,0.2,4,4,CCAAAGAGATAGCACGGATC,0,3784226
tolCp3,0.2,4,4,CATTGTTCGCATATCGGCCC,0,3777313
tolCp3,0.2,4,4,CATTGGGGGTCCGTGGATAG,0,3783186
tolCp3,0.2,4,4,CATTGACGACTACCAAAGAC,0,3783581
tolCp3,0.2,4,4,CATTATATTAACAGATTCAC,0,3788315
tolCp3,0.2,4,4,CATGTTCATAGTAGATAAGG,0,3808997
tolCp3,0.2,4,4,CATGTGGATATATGGGCTAA,0,3785337
tolCp3,0.2,4,4,CATGTCACCCGAGTCAGGGA,0,3785910
tolCp3,0.2,4,4,CATGGGAATCCGTTGTTGTG,0,3782753
tolCp3,0.2,4,4,CATGCGAAGGGTATGTCCTA,0,3781800
tolCp3,0.2,4,4,CATGACTGCTGCTGAACATT,0,3803935
tolCp3,0.2,4,4,CATCTGTGGCCAGAGGTTTC,0,3780411
tolCp3,0.2,4,4,CATCGAGCGAGCTCATTATC,0,3775480
tolCp3,0.2,4,4,CATCCTTTTTCCTGTAACTA,0,3802471
tolCp3,0.2,4,4,CATCCCTAACGGGGATTCTC,0,3806222
tolCp3,0.2,4,4,CATATTCCTCGCTCGGGAGG,0,3782964
tolCp3,0.2,4,4,CATACCCGAGAGGATTCTAA,0,3779011
tolCp3,0.2,4,4,CATACCAACTGTTGCTTGAC,0,3781871
tolCp3,0.2,4,4,CAGTTCAAGGCAACATGAAA,0,3801021
tolCp3,0.2,4,4,CAGTCCAACGCATCATTCGT,0,3791263
tolCp3,0.2,4,4,CAGTAAAACCAACACTCCTT,0,3779430
tolCp3,0.2,4,4,CAGGGAAAGCAACCACCGCT,0,3802614
tolCp3,0.2,4,4,CAGGAGGTGACCCGTACCGT,0,3790607
tolCp3,0.2,4,4,CAGCTGCCGCGTGGTCCCGT,0,3800651
tolCp3,0.2,4,4,CAGCTACACCAAGCCTTCAG,0,3793266
tolCp3,0.2,4,4,CAGCGGGCAGCACATTGTGA,0,3776484
tolCp3,0.2,4,4,CAGCGCGTATGACAGCTAAC,0,3785327
tolCp3,0.2,4,4,CAGCGCCCTAGTTGGACAGA,0,3808974
tolCp3,0.2,4,4,CAGCATTTTCATTACGAAGG,0,3796592
tolCp3,0.2,4,4,CAGATTGATATAACATTGTT,0,3805311
tolCp3,0.2,4,4,CAGATAACCGTGGCCTCTAC,0,3793141
tolCp3,0.2,4,4,CAGAGCGGGACCATATTTCA,0,3781697
tolCp3,0.2,4,4,CAGAACCCCGAGAAGAGGAT,0,3796276
tolCp3,0.2,4,4,CACTGGCACCGACTCCCTAT,0,3792782
tolCp3,0.2,4,4,CACTACGTATGCGTAGCGGC,0,3804765
tolCp3,0.2,4,4,CACGTAGGACTGAATGTCAC,0,3789382
tolCp3,0.2,4,4,CACCGAGACTCCGAAAGTCC,0,3791479
tolCp3,0.2,4,4,CACCCCGGTTTTTTTATCTC,0,3775485
tolCp3,0.2,4,4,CACACGAGTAAATAAGCTGG,0,3797063
tolCp3,0.2,4,4,CACACAGGGTTTTCGGTGAT,0,3797898
tolCp3,0.2,4,4,CAATTTCACCTTTAAATGAT,0,3806478
tolCp3,0.2,4,4,CAATTCAAGCTTTTATCTCA,0,3798270
tolCp3,0.2,4,4,CAATATACAGTGATCTTGGG,0,3779638
tolCp3,0.2,4,4,CAAGTTGACACAGCGGCACG,0,3806331
tolCp3,0.2,4,4,CAAGGTTGCTTCCTGCCGTA,0,3794992
tolCp3,0.2,4,4,CAAGGCCCTTCATCCCTCCT,0,3808810
tolCp3,0.2,4,4,CAACCGTGGCCCCCCGGACC,0,3792356
tolCp3,0.2,4,4,CAACCGCAACGTATGAACAA,0,3782250
tolCp3,0.2,4,4,CAACATCATCACACCAGAGA,0,3788765
tolCp3,0.2,4,4,CAAATTCACAGTCCCTATGA,0,3780423
tolCp3,0.2,4,4,CAAATGGAGGAGTTTCTCAA,0,3791795
tolCp3,0.2,4,4,CAAATACGGTGGGCCTTCGC,0,3775157
tolCp3,0.2,4,4,CAAACTCGCGTACCAAGACA,0,3808044
tolCp3,0.2,4,4,CAAAAGGAGGTCTGTGATTT,0,3807264
tolCp3,0.2,4,4,CAAAAGAGAGTAGGAGGTGT,0,3803695
tolCp3,0.2,4,4,CAAAAGAATATCCGCTGGAC,0,3806396
tolCp3,0.2,4,4,ATTTCCCAGATAAGATCCTT,0,3795268
tolCp3,0.2,4,4,ATTTCCACCCGGGCTACAAG,0,3802713
tolCp3,0.2,4,4,ATTTATACGAATCTATGGAG,0,3783126
tolCp3,0.2,4,4,ATTGTTCAGGAGCTAATGTT,0,3784115
tolCp3,0.2,4,4,ATTGGCACCAGGATTGTCTA,0,3790498
tolCp3,0.2,4,4,ATTGACCCAGTATGCACGAG,0,3808620
tolCp3,0.2,4,4,ATTCGGGTAATGCATTTCGT,0,3797195
tolCp3,0.2,4,4,ATTATTTGGGTAAGATTTCG,0,3790209
tolCp3,0.2,4,4,ATTAGAATATCCGACACCTC,0,3802736
tolCp3,0.2,4,4,ATTACGTGGGGTCCAGATAC,0,3809377
tolCp3,0.2,4,4,ATGTGGCGCCGGGCACCTTT,0,3790388
tolCp3,0.2,4,4,ATGTGGAATGTATCACTTCC,0,3781707
tolCp3,0.2,4,4,ATGTGAATCAGATTGAAAGT,0,3780980
tolCp3,0.2,4,4,ATGTATATGATACGCGCAAC,0,3774959
tolCp3,0.2,4,4,ATGTAATGGGACGCCCGTCG,0,3789794
tolCp3,0.2,4,4,ATGTAAGCGAAAGTTACACC,0,3780572
tolCp3,0.2,4,4,ATGGCTTTCTACAGTCAATG,0,3800595
tolCp3,0.2,4,4,ATGGACGGTCAGCGACGTAA,0,3779984
tolCp3,0.2,4,4,ATGCTGGTTGGAACCGACAG,0,3797462
tolCp3,0.2,4,4,ATGCTGGGCTACGCAGCCCT,0,3781935
tolCp3,0.2,4,4,ATGCATTAAGGAGGTATCGT,0,3798459
tolCp3,0.2,4,4,ATGCACACGAAGCTGTACTG,0,3774673
tolCp3,0.2,4,4,ATGACGCAGAGACTGACCTC,0,3775832
tolCp3,0.2,4,4,ATGAACTTCTGAATGGAGGT,0,3779977
tolCp3,0.2,4,4,ATCTTCATCTCGAGCGGTCT,0,3806554
tolCp3,0.2,4,4,ATCTCCTTAGTAGCGAACAG,0,3788023
tolCp3,0.2,4,4,ATCTCACTGTTGCCCCGACC,0,3786020
tolCp3,0.2,4,4,ATCGTTGAGTGACGTGAGCT,0,3799815
tolCp3,0.2,4,4,ATCGTGAAAGGTTGTGCCCG,0,3783011
tolCp3,0.2,4,4,ATCGTCGCTCTTCCTTTACA,0,3806678
tolCp3,0.2,4,4,ATCGTCCGACTACGCAGGTT,0,3777629
tolCp3,0.2,4,4,ATCGTAGAGGATCGTAGCTC,0,3784395
tolCp3,0.2,4,4,ATCGGCGGGCTGGAGGACTG,0,3785667
tolCp3,0.2,4,4,ATCCGGGGTGTTCTGTGTGA,0,3780146
tolCp3,0.2,4,4,ATCCGATAACGGCGGAGAGT,0,3779689
tolCp3,0.2,4,4,ATCCAAGGTCTCTAGATCGC,0,3781987
tolCp3,0.2,4,4,ATCATGCCAACTGGAATCGG,0,3797327
tolCp3,0.2,4,4,ATCATGCAGATTGTTTATAA,0,3779003
tolCp3,0.2,4,4,ATCACATGCAAGGATAGCGA,0,3802981
tolCp3,0.2,4,4,ATCACACATCTGAGAATTGG,0,3803126
tolCp3,0.2,4,4,ATATGTGCTTCATATAGTGA,0,3805617
tolCp3,0.2,4,4,ATATGGAACCTATGGTATTC,0,3776565
tolCp3,0.2,4,4,ATATCTACTAACTTTGTAAC,0,3808864
tolCp3,0.2,4,4,ATATCGGGTAAACGGTGCAC,0,3799359
tolCp3,0.2,4,4,ATATATAGTGTTGCGGATAC,0,3806363
tolCp3,0.2,4,4,ATAGTACAGCACGCCCCGGG,0,3795641
tolCp3,0.2,4,4,ATAGCCCCAGACAGGGTCAG,0,3799934
tolCp3,0.2,4,4,ATAGATTCTCTAGAGTTGAA,0,3787802
tolCp3,0.2,4,4,ATACGGAGGAAAGACAGTAA,0,3777662
tolCp3,0.2,4,4,ATACGGACTCCGGGCTCTTT,0,3794207
tolCp3,0.2,4,4,ATACGAGGGTAATTTTAACT,0,3786345
tolCp3,0.2,4,4,ATACACGAGACCCAAATTCA,0,3793058
tolCp3,0.2,4,4,ATACAAACATCATCTCTGAT,0,3793826
tolCp3,0.2,4,4,ATAATCTTCGATCCATTGAC,0,3788253
tolCp3,0.2,4,4,ATAAGAACCATGCCGAGTAC,0,3796310
tolCp3,0.2,4,4,ATAACAACTTAGTCAGACCA,0,3799901
tolCp3,0.2,4,4,AGTTTGCTATTTTTAGAATC,0,3778837
tolCp3,0.2,4,4,AGTTTCGGAGTTTAGAGGGA,0,3789497
tolCp3,0.2,4,4,AGTTGTCATACAAAGTCCCT,0,3783900
tolCp3,0.2,4,4,AGTTGGGATACTACCCGGGA,0,3781521
tolCp3,0.2,4,4,AGTGTTGTTTCGCTATAGTT,0,3790858
tolCp3,0.2,4,4,AGTGTGTGGTATGCGTACAT,0,3800354
tolCp3,0.2,4,4,AGTGTAATATCTAGAGGACC,0,3798496
tolCp3,0.2,4,4,AGTGCTGCATAATTTTGATG,0,3797352
tolCp3,0.2,4,4,AGTGCCCCGAAATAGGCGGT,0,3797428
tolCp3,0.2,4,4,AGTGAAGTGGCAAGAACTGT,0,3798128
tolCp3,0.2,4,4,AGTCTGTTGTCCTAGCGATG,0,3802054
tolCp3,0.2,4,4,AGTCTCTGGGCAGATGTCAA,0,3797143
tolCp3,0.2,4,4,AGTCCAGTGGTTAAATTCTC,0,3783192
tolCp3,0.2,4,4,AGTCCAATGTAACGACAGCG,0,3808595
tolCp3,0.2,4,4,AGTCATCTCCTGAATATTCT,0,3808045
tolCp3,0.2,4,4,AGTATCAATCGTTGGCCACA,0,3803967
tolCp3,0.2,4,4,AGTATAGCCTCAGGTCGGCA,0,3796431
tolCp3,0.2,4,4,AGGTTATACCAGGTGATATG,0,3807088
tolCp3,0.2,4,4,AGGTGTCAGTGTGGGTTCCT,0,3789118
tolCp3,0.2,4,4,AGGTGGTCTGCCGGTCAACA,0,3799133
tolCp3,0.2,4,4,AGGTGCTCCTCTTCGTTTAT,0,3793778
tolCp3,0.2,4,4,AGGTCTAAGGAAGAGGGCAG,0,3776949
tolCp3,0.2,4,4,AGGTCGTCTCCACATTAGGA,0,3782075
tolCp3,0.2,4,4,AGGTCCTTGGATAGTCCCTG,0,3790838
tolCp3,0.2,4,4,AGGGTTTGTCCAATCGTACA,0,3796580
tolCp3,0.2,4,4,AGGGTGTTCTTAAGTGGCAT,0,3803447
tolCp3,0.2,4,4,AGGGTGTGACCCCCTCCTAC,0,3787622
tolCp3,0.2,4,4,AGGGGGTGACGGTGGGGGTC,0,3776160
tolCp3,0.2,4,4,AGGGCGAGCGCACTCCCAAG,0,3799468
tolCp3,0.2,4,4,AGGGCCACAGCTATTTGGCT,0,3786557
tolCp3,0.2,4,4,AGGGCACTGAGGTGGGATTC,0,3776521
tolCp3,0.2,4,4,AGGGAGTCGGCGCCAACTAA,0,3794773
tolCp3,0.2,4,4,AGGGAGCTTAGATCATTATA,0,3777502
tolCp3,0.2,4,4,AGGCTATCGATAAGATATGG,0,3787184
tolCp3,0.2,4,4,AGGCGGCTCATCCCGGAGAG,0,3807888
tolCp3,0.2,4,4,AGGCCTTCTGTCTTTTTGCT,0,3806078
tolCp3,0.2,4,4,AGGCCTGTAATAAGGCAGAA,0,3784000
tolCp3,0.2,4,4,AGGCCTGATAAGAACCTTGG,0,3790631
tolCp3,0.2,4,4,AGGCCTACTGCAGTCCATAT,0,3806809
tolCp3,0.2,4,4,AGGCCATATGATATCATGCC,0,3792068
tolCp3,0.2,4,4,AGGCAGGTAATCTGAATTTT,0,3783122
tolCp3,0.2,4,4,AGGATTCACGGCATACGCCA,0,3790234
tolCp3,0.2,4,4,AGGACTTGCAGTAAGGAGGG,0,3780235
tolCp3,0.2,4,4,AGGAAAAATAGAAAAACGCT,0,3781400
tolCp3,0.2,4,4,AGCTCGGGATCAACGCTGGA,0,3794371
tolCp3,0.2,4,4,AGCTCAATCTAACTATATAC,0,3777179
tolCp3,0.2,4,4,AGCTATGCAGTACTCATAAG,0,3784365
tolCp3,0.2,4,4,AGCGGGTACTTCAGACATGG,0,3804997
tolCp3,0.2,4,4,AGCGCGTTGGCAAAAGTATT,0,3805560
tolCp3,0.2,4,4,AGCGCGGCTCGATTTGCACT,0,3800728
tolCp3,0.2,4,4,AGCGAAATGTTCGACATCTG,0,3807464
tolCp3,0.2,4,4,AGCCTACACTTTGTGAGGAG,0,3801049
tolCp3,0.2,4,4,AGCCGATCATGGTTAGAATA,0,3806333
tolCp3,0.2,4,4,AGCAGTCAAGCTGGCTAGTG,0,3799220
tolCp3,0.2,4,4,AGCAGCCAAAGTAACCGAGA,0,3775007
tolCp3,0.2,4,4,AGCACAGTAAGATTTCTTGA,0,3802396
tolCp3,0.2,4,4,AGCAACTGTGCAGGATTACA,0,3791903
tolCp3,0.2,4,4,AGATTTCTTCGCGTCACAGG,0,3786752
tolCp3,0.2,4,4,AGATGGGAGCAGCCGGCTAG,0,3801474
tolCp3,0.2,4,4,AGAGTTTAGGTCTTACCAAT,0,3803393
tolCp3,0.2,4,4,AGAGTTGGTCAATGAGACCA,0,3795881
tolCp3,0.2,4,4,AGAGTAGGCCCGTTCATAAT,0,3802549
tolCp3,0.2,4,4,AGAGGGATAAGGCACTGACG,0,3801749
tolCp3,0.2,4,4,AGAGCCGCTTATAATTTATA,0,3793707
tolCp3,0.2,4,4,AGACGTATGCGGCATTTAGA,0,3797097
tolCp3,0.2,4,4,AGACAGATTACAGTCGGCCT,0,3804800
tolCp3,0.2,4,4,AGAATCGTGGCCGGTGGTCA,0,3784906
tolCp3,0.2,4,4,AGAATCAGCCGCCAAGACAG,0,3793047
tolCp3,0.2,4,4,AGAAACAACAGGGCGTTCCA,0,3774662
tolCp3,0.2,4,4,ACTTTTCGTGCATCCTGTCG,0,3792305
tolCp3,0.2,4,4,ACTTTACGACCGTCAAAGTG,0,3791264
tolCp3,0.2,4,4,ACTTGACTGTGCAGTTCATA,0,3781617
tolCp3,0.2,4,4,ACTTAGACGTTACCCGGAGT,0,3783783
tolCp3,0.2,4,4,ACTGTAGTTCACTAAACGAC,0,3807076
tolCp3,0.2,4,4,ACTGCATGCCCAAATCTACC,0,3799779
tolCp3,0.2,4,4,ACTGACGTCGGGCGAGTCTC,0,3804004
tolCp3,0.2,4,4,ACTCTATTGTTTGAACCATT,0,3787811
tolCp3,0.2,4,4,ACTCACAGTCCTTTCTAACC,0,3793863
tolCp3,0.2,4,4,ACTAGATGAGTGTGTTATCG,0,3796472
tolCp3,0.2,4,4,ACTAATGGGTCGGTCCGCGT,0,3788756
tolCp3,0.2,4,4,ACTAAGAAATGAGTTCGTAC,0,3801478
tolCp3,0.2,4,4,ACTAAAGATCACGTTGAATA,0,3803369
tolCp3,0.2,4,4,ACGTTCGTTGAAATGGGAGT,0,3794462
tolCp3,0.2,4,4,ACGTTCCTTGGCCCGTCCTA,0,3796688
tolCp3,0.2,4,4,ACGTTACCTTTCCCCGCAGG,0,3787896
tolCp3,0.2,4,4,ACGTCTGCGGGCCGATCCCT,0,3785827
tolCp3,0.2,4,4,ACGTAAGCGGCATGCGTTCG,0,3791591
tolCp3,0.2,4,4,ACGGTTATTATACACTAGGA,0,3781279
tolCp3,0.2,4,4,ACGGGTTTGGCCCATTTCAG,0,3797597
tolCp3,0.2,4,4,ACGGGGCACATGCAACGGCA,0,3786781
tolCp3,0.2,4,4,ACGGGCATAAAAAGTGTACG,0,3778655
tolCp3,0.2,4,4,ACGAGTTGTTCTGAGTAGAC,0,3774663
tolCp3,0.2,4,4,ACGAGCTTAAATAAGGATCC,0,3786188
tolCp3,0.2,4,4,ACGAATTAGACCTACGGCAT,0,3795095
tolCp3,0.2,4,4,ACGAATCGGTGCGTTACACG,0,3807047
tolCp3,0.2,4,4,ACCTTCGACTGGTGGGAACC,0,3781027
tolCp3,0.2,4,4,ACCTTAGGTATAGGCGATCA,0,3784527
tolCp3,0.2,4,4,ACCTGGAGTGGTTTACTCTA,0,3776802
tolCp3,0.2,4,4,ACCTAGAGAGCTCAGCGGAT,0,3794040
tolCp3,0.2,4,4,ACCTAAGTCGTTCTGGGGGG,0,3778368
tolCp3,0.2,4,4,ACCGTGTGAAATAGCTTATA,0,3800129
tolCp3,0.2,4,4,ACCGCGGAAACCGTCTCTGA,0,3779577
tolCp3,0.2,4,4,ACCGCCGGTCCTCGTACACC,0,3775017
tolCp3,0.2,4,4,ACCGAGCCAGAATTTGCTTA,0,3775931
tolCp3,0.2,4,4,ACCCTCACCGCTCGATATTG,0,3776217
tolCp3,0.2,4,4,ACCCCTCCCTCCTCGTTAGT,0,3781590
tolCp3,0.2,4,4,ACCCACGCTGGCTTTGCATG,0,3794768
tolCp3,0.2,4,4,ACCCACCGCATTTTAGACAT,0,3782080
tolCp3,0.2,4,4,ACCATGCATATGAACATCTG,0,3805887
tolCp3,0.2,4,4,ACCATCATTCCCGCGAAATC,0,3803607
tolCp3,0.2,4,4,ACCAGGCCGTTGGCATACCT,0,3805967
tolCp3,0.2,4,4,ACCAGAGGTTCGTAATAACT,0,3802128
tolCp3,0.2,4,4,ACATGGGTCGTAAGGCTAGA,0,3803835
tolCp3,0.2,4,4,ACATGGCATTACTGAGCCGA,0,3796233
tolCp3,0.2,4,4,ACATGCTGCGACCAAAAGGG,0,3806492
tolCp3,0.2,4,4,ACATAACGTCTTCCAGATAC,0,3796210
tolCp3,0.2,4,4,ACAGGGGGGATTAATATCAT,0,3792889
tolCp3,0.2,4,4,ACAGGAGTTATGATTCTTCA,0,3793871
tolCp3,0.2,4,4,ACAGATTAATCCCCGGCACG,0,3789128
tolCp3,0.2,4,4,ACAGATCCACTTCCGGTTAC,0,3795183
tolCp3,0.2,4,4,ACACTCTTTTCTTGCGACAA,0,3784410
tolCp3,0.2,4,4,ACACACAAAGACCTTTAAAT,0,3787795
tolCp3,0.2,4,4,ACAAGACTGTGCTACCCTGA,0,3783980
tolCp3,0.2,4,4,ACAACCTAGAACCAAGTGGG,0,3776712
tolCp3,0.2,4,4,ACAACAGTATAACAACGTTA,0,3779860
tolCp3,0.2,4,4,ACAAATAAACAAGCTCTCAT,0,3796347
tolCp3,0.2,4,4,AATTCTATAACGGCGAAACT,0,3781473
tolCp3,0.2,4,4,AATTATGATTGCGTGGAATA,0,3785560
tolCp3,0.2,4,4,AATGTTATGGTAGACAGAAC,0,3795992
tolCp3,0.2,4,4,AATGGTAAGGCCAGGTGGGA,0,3799122
tolCp3,0.2,4,4,AATGGGCGTGGGTACCATCA,0,3792499
tolCp3,0.2,4,4,AATGGCAGGAGTTGGCAATG,0,3778728
tolCp3,0.2,4,4,AATGCGCACCGCGACACGTG,0,3791805
tolCp3,0.2,4,4,AATGATCCGCGGACAAGTTA,0,3797755
tolCp3,0.2,4,4,AATGAGTCTAGGCAGAAAAC,0,3801416
tolCp3,0.2,4,4,AATGAGTAGGAGACTAACTA,0,3796268
tolCp3,0.2,4,4,AATGACGTATTCACGCCAGC,0,3800633
tolCp3,0.2,4,4,AATCTTCACGTGTGGAGGCC,0,3786910
tolCp3,0.2,4,4,AATCGTCGCTTAATTCTGAG,0,3785198
tolCp3,0.2,4,4,AATATCGTTGCCCAGCTTTG,0,3796976
tolCp3,0.2,4,4,AATAGGAGCCCTACGTTTTT,0,3807603
tolCp3,0.2,4,4,AATAGCATCATCCTCCACTC,0,3803441
tolCp3,0.2,4,4,AATACAGCTCAGCCTAAGCA,0,3808943
tolCp3,0.2,4,4,AAGTTTTCCGAGCGGTTTGT,0,3793713
tolCp3,0.2,4,4,AAGTTGCCTTTAGTGGAGCC,0,3806097
tolCp3,0.2,4,4,AAGTCGTTCGGCTCCGGGGC,0,3785277
tolCp3,0.2,4,4,AAGTCACTGCATCAGGGGCT,0,3786318
tolCp3,0.2,4,4,AAGTCACTCGGTAAATAGGT,0,3781691
tolCp3,0.2,4,4,AAGGTGATCATGCTCTGAGA,0,3777122
tolCp3,0.2,4,4,AAGGGCAGTTGGTCGTTTCG,0,3799985
tolCp3,0.2,4,4,AAGGATGCCGGCGGCAGCAG,0,3788152
tolCp3,0.2,4,4,AAGCTTATAGCACTTAACTG,0,3784380
tolCp3,0.2,4,4,AAGCCATGCAACAATTGCCA,0,3792004
tolCp3,0.2,4,4,AAGATGTGCGTTCTAGACGC,0,3789611
tolCp3,0.2,4,4,AAGAGGTCCCGTACTGTGGG,0,3785232
tolCp3,0.2,4,4,AAGACACACAGGAGACACAA,0,3784011
tolCp3,0.2,4,4,AACTGCAAGCCCTGAATCGT,0,3782674
tolCp3,0.2,4,4,AACGCTTGAACGAAATGTGC,0,3803749
tolCp3,0.2,4,4,AACGATCATCTCTTGACTCT,0,3790228
tolCp3,0.2,4,4,AACCGACTGGATCAGCTGTC,0,3777729
tolCp3,0.2,4,4,AACAGATTAAAGCAAGCATA,0,3794150
tolCp3,0.2,4,4,AACAAACCTTACTCGAGGCA,0,3785061
tolCp3,0.2,4,4,AAATTTTGGGAGAGCCTACA,0,3794260
tolCp3,0.2,4,4,AAATTGGGCAGATCGCTCAA,0,3798933
tolCp3,0.2,4,4,AAATTAACGCCGCATTCTTT,0,3796375
tolCp3,0.2,4,4,AAATGTCGGTTCGAGAACCG,0,3806082
tolCp3,0.2,4,4,AAATCTGCGGTTGTGAAATC,0,3791371
tolCp3,0.2,4,4,AAAGTCTTGCTGCGACGGTG,0,3800596
tolCp3,0.2,4,4,AAAGGGAAAGGATTGGGTGG,0,3774776
tolCp3,0.2,4,4,AAAGGCCCATTATTACCGAA,0,3806880
tolCp3,0.2,4,4,AAACTCTTGGTGAAAGTACC,0,3796389
tolCp3,0.2,4,4,AAAATCGGCTCACACGCGCG,0,3787320
tolCp3,0.2,4,4,AAAACCACGTCTTACGGTTG,0,3775744
tolCp3,0.2,4,4,AAAACAGACATGATCCCCTT,0,3807376
tolCp3,0.25,3,3,TTTTGGAAACGCAAATATGT,0,3795710
tolCp3,0.25,3,3,TTTTGCCATACACTCTGGGT,0,3807904
tolCp3,0.25,3,3,TTTTGATTGAGGGAGGCTTA,0,3799969
tolCp3,0.25,3,3,TTTTGAATCAGGTGAGAGGG,0,3793469
tolCp3,0.25,3,3,TTTTATGCGAAAGCGCCGTC,0,3797811
tolCp3,0.25,3,3,TTTGGCGTTACATAGAACGA,0,3801493
tolCp3,0.25,3,3,TTTGATTCGCATATGGGGGG,0,3776623
tolCp3,0.25,3,3,TTTGAGACTACCGGGGTCTG,0,3788849
tolCp3,0.25,3,3,TTTGAGAAATTTAGTAATCT,0,3781679
tolCp3,0.25,3,3,TTTGAATTTTTTCCATGGAG,0,3793453
tolCp3,0.25,3,3,TTTGAACGTTGAGTTGACAG,0,3802539
tolCp3,0.25,3,3,TTTATGCTTATGCTGGTGTC,0,3799897
tolCp3,0.25,3,3,TTTACTTGGACACGCACCCA,0,3780559
tolCp3,0.25,3,3,TTTACTTATCTGCCCTATTA,0,3800335
tolCp3,0.25,3,3,TTTACTGGGTTTGTCAAGTA,0,3778962
tolCp3,0.25,3,3,TTGTGGAGTTGCTGTCTCTC,0,3776845
tolCp3,0.25,3,3,TTGTGCGAACCTGCGCTTTG,0,3796562
tolCp3,0.25,3,3,TTGTCCGTGTAATTTGGTGG,0,3779826
tolCp3,0.25,3,3,TTGTCATCTTGACCCAAACG,0,3799155
tolCp3,0.25,3,3,TTGTACCCATCACCAATATC,0,3787396
tolCp3,0.25,3,3,TTGGTCACTTTCGGGAAGAT,0,3779965
tolCp3,0.25,3,3,TTGGTAAAGGTATACGGAGT,0,3807239
tolCp3,0.25,3,3,TTGGGTGTCCTGGGCGTACA,0,3781192
tolCp3,0.25,3,3,TTGGGTGAGTCACGGCAACG,0,3781520
tolCp3,0.25,3,3,TTGGGGAGCAGTCGTCACTA,0,3805665
tolCp3,0.25,3,3,TTGGCGTGGCCGATGCGGAA,0,3797283
tolCp3,0.25,3,3,TTGGACCCACAAATTCGGGA,0,3804668
tolCp3,0.25,3,3,TTGCTCCATATAGTCTCCCT,0,3807495
tolCp3,0.25,3,3,TTGCCATCTTCTGGCAGTTG,0,3806015
tolCp3,0.25,3,3,TTGCAATGGCTTACAGTGTA,0,3776639
tolCp3,0.25,3,3,TTGCAAGATGATCGAGAGAT,0,3796641
tolCp3,0.25,3,3,TTGATCGACGGGCAAACATC,0,3791109
tolCp3,0.25,3,3,TTGAGTTTTGATATAGCAAT,0,3775505
tolCp3,0.25,3,3,TTGAAGAGGCGGTAAGGGTA,0,3790643
tolCp3,0.25,3,3,TTGAACGTTCCTTCGGTTGG,0,3808352
tolCp3,0.25,3,3,TTCTTGCTGATTCCAACGGA,0,3809016
tolCp3,0.25,3,3,TTCTTAGGTCACGGCCACCT,0,3803975
tolCp3,0.25,3,3,TTCTGCAGACAATCTGGCCG,0,3800994
tolCp3,0.25,3,3,TTCTAACATGGGGACGGCTA,0,3795533
tolCp3,0.25,3,3,TTCGGATAACGCTATATCAC,0,3808408
tolCp3,0.25,3,3,TTCGCTCCAGGTCGGACCAA,0,3797737
tolCp3,0.25,3,3,TTCGACAATGTCATGAGGCC,0,3792562
tolCp3,0.25,3,3,TTCCTTTGGGGTTGTTTGCT,0,3806431
tolCp3,0.25,3,3,TTCCTGGCATTGATCCTCGG,0,3785241
tolCp3,0.25,3,3,TTCCGGCTAGGAAACCAATC,0,3805476
tolCp3,0.25,3,3,TTCCGACTAAACTGTACCCG,0,3776055
tolCp3,0.25,3,3,TTCCCGCACCTCGTTTTGGG,0,3778458
tolCp3,0.25,3,3,TTCCCATAAGTTAAGGCAGC,0,3797573
tolCp3,0.25,3,3,TTCCACAAGTCCCGGCTTAT,0,3796647
tolCp3,0.25,3,3,TTCAGCTCAGTAATGATACA,0,3797692
tolCp3,0.25,3,3,TTATTTCGTAACTCGGATTT,0,3787492
tolCp3,0.25,3,3,TTATGGCTAGGACTTCTAGT,0,3778283
tolCp3,0.25,3,3,TTATGGACTATGTCTTTGTT,0,3796644
tolCp3,0.25,3,3,TTATGGACAGGGTCCATTAT,0,3783730
tolCp3,0.25,3,3,TTATGCCCCGTCCATTTCCT,0,3790285
tolCp3,0.25,3,3,TTATGAGGGACCGGCATAGA,0,3774734
tolCp3,0.25,3,3,TTATCGCGCTGATATGGTAT,0,3806459
tolCp3,0.25,3,3,TTATACTTGGGTTGTCTGAA,0,3789220
tolCp3,0.25,3,3,TTATACCAGGGGTTTAATTG,0,3783286
tolCp3,0.25,3,3,TTATACACGCATTAGAAAAG,0,3780021
tolCp3,0.25,3,3,TTATAAGAGAGGCGCACTCG,0,3795096
tolCp3,0.25,3,3,TTAGGAGCAGGGGCTCTTGT,0,3777073
tolCp3,0.25,3,3,TTAGCCGGACCTAAGGATAG,0,3801708
tolCp3,0.25,3,3,TTACTTAGATGGTCATGCGT,0,3799845
tolCp3,0.25,3,3,TTACGCGGGGTTGATGGTCC,0,3793734
tolCp3,0.25,3,3,TTACGCAAATTGAATATGGA,0,3778518
tolCp3,0.25,3,3,TTACCAGTCAACGTTAACCT,0,3808158
tolCp3,0.25,3,3,TTAATTGTACGTACTACCTC,0,3797635
tolCp3,0.25,3,3,TTAAGACTGGGTGGAATCGG,0,3802516
tolCp3,0.25,3,3,TTAACCTCGCATCGGATCCT,0,3779609
tolCp3,0.25,3,3,TTAACATTCTGCGCCGCCGG,0,3792834
tolCp3,0.25,3,3,TTAACATGACACATGCGGAC,0,3789717
tolCp3,0.25,3,3,TGTTTTGTCAGCGTCTAAAA,0,3785928
tolCp3,0.25,3,3,TGTTTTCGTCGCCAGGCTAG,0,3788902
tolCp3,0.25,3,3,TGTTGGTGGTGTCTCGGTTA,0,3808094
tolCp3,0.25,3,3,TGTTCCCCTAACCGCATAAG,0,3796158
tolCp3,0.25,3,3,TGTTCATGTCCAATAGTCAG,0,3786660
tolCp3,0.25,3,3,TGTGGGTAGTTCATCCCATC,0,3783954
tolCp3,0.25,3,3,TGTGCAAGGGTCCATGCCGT,0,3786483
tolCp3,0.25,3,3,TGTGACGCTGTCGTTAGGAA,0,3788464
tolCp3,0.25,3,3,TGTGAATCATTTAATCGTAT,0,3798723
tolCp3,0.25,3,3,TGTCGCTGCTTCTATTATTT,0,3783114
tolCp3,0.25,3,3,TGTCCTGAGGACAACAACCA,0,3788573
tolCp3,0.25,3,3,TGTCCCAGTGTATTGTGAAC,0,3804160
tolCp3,0.25,3,3,TGTCATTACCGTGGCCTCAA,0,3799981
tolCp3,0.25,3,3,TGTCATACTAAAGAGACCTT,0,3798221
tolCp3,0.25,3,3,TGTCAATAGTTTTGACTAGC,0,3785154
tolCp3,0.25,3,3,TGTATTTCCCCACGTCCCAT,0,3781559
tolCp3,0.25,3,3,TGTAGCTCATATCGGCTAGG,0,3783161
tolCp3,0.25,3,3,TGTAGCGGGCTTTCATATCG,0,3787037
tolCp3,0.25,3,3,TGTAGCCGTTTATCTATAGT,0,3777827
tolCp3,0.25,3,3,TGTACTCCGCTGTTTCAAGT,0,3777319
tolCp3,0.25,3,3,TGTACTCCACGAAAGAGAAA,0,3777026
tolCp3,0.25,3,3,TGTAAAGTTCGGCCGTAGCC,0,3791055
tolCp3,0.25,3,3,TGTAAACCGACTATTTTTTA,0,3807500
tolCp3,0.25,3,3,TGGTTGGTAGATCACATTCC,0,3806611
tolCp3,0.25,3,3,TGGTCCACTCATTTATAGGC,0,3781095
tolCp3,0.25,3,3,TGGTATTTCCTCGTCAGCTC,0,3806122
tolCp3,0.25,3,3,TGGTAACGGGCTAGTAGTGG,0,3790567
tolCp3,0.25,3,3,TGGGGTGTGATATCCCATAG,0,3807595
tolCp3,0.25,3,3,TGGGGGTGATCCGCCTTACC,0,3784781
tolCp3,0.25,3,3,TGGGCGGTTGAGGGTCCAGC,0,3795771
tolCp3,0.25,3,3,TGGGACGTAAATAAGGTTAT,0,3788247
tolCp3,0.25,3,3,TGGGACCTCCAGAATGCATA,0,3779037
tolCp3,0.25,3,3,TGGGAAACTGCCGGTCAACT,0,3775576
tolCp3,0.25,3,3,TGGCGTTTTCAGATCCCCAC,0,3796480
tolCp3,0.25,3,3,TGGCCATCGTGCGTGTTTTG,0,3804507
tolCp3,0.25,3,3,TGGCAGCTGCTGTGCTTCGT,0,3801350
tolCp3,0.25,3,3,TGGCAACCGTAGCATCGATT,0,3793445
tolCp3,0.25,3,3,TGGATGATGAGTTACTGGGA,0,3778610
tolCp3,0.25,3,3,TGGATCATACGGATAGGGTC,0,3786290
tolCp3,0.25,3,3,TGGAGAGCGGGTCACGCGTA,0,3797458
tolCp3,0.25,3,3,TGGACGTACATGGTCTTCCA,0,3797138
tolCp3,0.25,3,3,TGGACCGCACCGCGTACAAA,0,3799873
tolCp3,0.25,3,3,TGCTTGTAATACTGTCTTTG,0,3790703
tolCp3,0.25,3,3,TGCTTGGCATGGCAGGTAAC,0,3794524
tolCp3,0.25,3,3,TGCTCCTCGTGGGGGCGACC,0,3805339
tolCp3,0.25,3,3,TGCTAGTGGCGCGCACTCGA,0,3806851
tolCp3,0.25,3,3,TGCTACGGGCTTAGATTTGA,0,3786794
tolCp3,0.25,3,3,TGCGTCATCGAGGGCTACAG,0,3786368
tolCp3,0.25,3,3,TGCGGTAAGTCGGCTATTGG,0,3795093
tolCp3,0.25,3,3,TGCGGGCACAGTACACGCGA,0,3791316
tolCp3,0.25,3,3,TGCGGCAGACAGGATATTGC,0,3780588
tolCp3,0.25,3,3,TGCCGGCCATGTTGCAATAC,0,3782483
tolCp3,0.25,3,3,TGCCGACGTAACTTAAACCT,0,3794565
tolCp3,0.25,3,3,TGCCGACAACACGCAGAGTG,0,3797528
tolCp3,0.25,3,3,TGCCCCACATTATGATAATA,0,3775949
tolCp3,0.25,3,3,TGCCACTTAGCCATCCACAA,0,3776275
tolCp3,0.25,3,3,TGCATCGAATCGGCGCGTAT,0,3782733
tolCp3,0.25,3,3,TGCATACTCATTTTTCTCGT,0,3806100
tolCp3,0.25,3,3,TGCATACCCGGCTCTCCAGT,0,3794525
tolCp3,0.25,3,3,TGCAGAGATATGGTATGGCC,0,3782033
tolCp3,0.25,3,3,TGCACTTAACATCCTCCCTC,0,3802375
tolCp3,0.25,3,3,TGCACGCTCTTTCGAAAGAC,0,3774936
tolCp3,0.25,3,3,TGCAAAAACGCTGATAAACC,0,3803985
tolCp3,0.25,3,3,TGATTCCCACCCTACTTTAT,0,3793045
tolCp3,0.25,3,3,TGATTCACGGGCCGCGGTGA,0,3779648
tolCp3,0.25,3,3,TGATATTCTACTTGCGCTCG,0,3780609
tolCp3,0.25,3,3,TGAGGGGAGTCAGCAGAGCA,0,3791526
tolCp3,0.25,3,3,TGAGGATACGTTAGTAATGT,0,3806616
tolCp3,0.25,3,3,TGAGATGTGCAACTTTGCCT,0,3787021
tolCp3,0.25,3,3,TGACGAGTTGTTAGGAGATG,0,3776434
tolCp3,0.25,3,3,TGACCGACGGTTGGCTTTGA,0,3789180
tolCp3,0.25,3,3,TGAAGGGTTTTTTTGGTATT,0,3778472
tolCp3,0.25,3,3,TGAACGGGCAACTTAATGGT,0,3791380
tolCp3,0.25,3,3,TGAAATAGGCTTGGTCCTGT,0,3791005
tolCp3,0.25,3,3,TCTTTGCGACCATTTGTAAG,0,3799915
tolCp3,0.25,3,3,TCTTAGCTGACAATTAGGAT,0,3792739
tolCp3,0.25,3,3,TCTGCCGATGCACTACTTTA,0,3782713
tolCp3,0.25,3,3,TCTGCATAATGGTTGAGTTG,0,3775998
tolCp3,0.25,3,3,TCTGAGGTTGGTTACGGTAG,0,3789589
tolCp3,0.25,3,3,TCTGAAGATTCTCCGTCACG,0,3776003
tolCp3,0.25,3,3,TCTCCGGAGGCGCAATTCCT,0,3797719
tolCp3,0.25,3,3,TCTCATCCCGGTGTCCCAGC,0,3789842
tolCp3,0.25,3,3,TCTCACAACAGCCCATCACC,0,3797780
tolCp3,0.25,3,3,TCTATTTGTACATGGCCGTA,0,3797920
tolCp3,0.25,3,3,TCTAGAGAGCTAACTTTAAT,0,3792041
tolCp3,0.25,3,3,TCTACTGAGGGACCCCAATG,0,3793170
tolCp3,0.25,3,3,TCGTTCTTTTTACATGCTCA,0,3798492
tolCp3,0.25,3,3,TCGTCTTGCTCGAATGAGTG,0,3780065
tolCp3,0.25,3,3,TCGTAATGGTGCAAGAGTGT,0,3784231
tolCp3,0.25,3,3,TCGGTCCGCCGGGGAACGAA,0,3808439
tolCp3,0.25,3,3,TCGGGTCTGCCTACGGGCGT,0,3790015
tolCp3,0.25,3,3,TCGGGGAAGCAGTGTGGCCT,0,3787151
tolCp3,0.25,3,3,TCGGGCTGGAATCATAAATG,0,3793640
tolCp3,0.25,3,3,TCGGCTCGTATCTGTGTATT,0,3782925
tolCp3,0.25,3,3,TCGGCTAATGCGTTAGACCC,0,3785913
tolCp3,0.25,3,3,TCGGCCGCATAGCGAAGGGT,0,3776892
tolCp3,0.25,3,3,TCGGACAGCAATCAACCGAG,0,3800213
tolCp3,0.25,3,3,TCGCTGGGATGGCTCAATCC,0,3777747
tolCp3,0.25,3,3,TCGCGGCAGGGCAGTGAGCG,0,3781129
tolCp3,0.25,3,3,TCGCGCCACATGATACGATG,0,3800844
tolCp3,0.25,3,3,TCGCGAGCTTGGCGTTTGAG,0,3778400
tolCp3,0.25,3,3,TCGCATGGCACCCGCGGTTG,0,3805805
tolCp3,0.25,3,3,TCGCACATGGGGTGCTGTAC,0,3808531
tolCp3,0.25,3,3,TCGAGTCGCTACGGTATTCC,0,3788722
tolCp3,0.25,3,3,TCGAGAGTGGCATCTATGCT,0,3791972
tolCp3,0.25,3,3,TCCTGTAGTACGGACATGGT,0,3785923
tolCp3,0.25,3,3,TCCTAACATCTATTAAAGGG,0,3793379
tolCp3,0.25,3,3,TCCGCTGACTGATGGGCCAC,0,3804963
tolCp3,0.25,3,3,TCCGCCGCTAAATCCGGGCT,0,3785167
tolCp3,0.25,3,3,TCCGACGGAACGGGAGTCAT,0,3792525
tolCp3,0.25,3,3,TCCGAATCACCTTAGAATCC,0,3784494
tolCp3,0.25,3,3,TCCCGTCTTGTACATTGATA,0,3777967
tolCp3,0.25,3,3,TCCCGGATGCGGGGAATGCT,0,3800679
tolCp3,0.25,3,3,TCCCCCGGATCAAGGGTGCT,0,3782792
tolCp3,0.25,3,3,TCCCATTCACCAATGCGACG,0,3796506
tolCp3,0.25,3,3,TCCCAGCAGGTTCGCAATGT,0,3794789
tolCp3,0.25,3,3,TCCAACTCAATATAATATTT,0,3799323
tolCp3,0.25,3,3,TCATTCCCTGTTTTCCCGTT,0,3800886
tolCp3,0.25,3,3,TCATTATATGCTCCAACGGC,0,3801915
tolCp3,0.25,3,3,TCATTAGAATGGTGGTAGGT,0,3798556
tolCp3,0.25,3,3,TCATGTGGGAGGCCTACATT,0,3780289
tolCp3,0.25,3,3,TCATGTGGAGCCTACCCTCT,0,3788603
tolCp3,0.25,3,3,TCATGAACCTCGGGCCATAA,0,3801323
tolCp3,0.25,3,3,TCATATAGTGACTGTAGGCT,0,3780102
tolCp3,0.25,3,3,TCAGGTTTTTTCGAAGCTGA,0,3788274
tolCp3,0.25,3,3,TCACTATGTTTTTCACGTTT,0,3777542
tolCp3,0.25,3,3,TCACGTAATCGTAATGGACT,0,3774738
tolCp3,0.25,3,3,TCACCCACACATTGGTGTCC,0,3802327
tolCp3,0.25,3,3,TCACAGTCGATGGTAAAACT,0,3779047
tolCp3,0.25,3,3,TCAAAGACACATCACTGAGG,0,3802681
tolCp3,0.25,3,3,TCAAACTCGCCATATGCAAG,0,3798352
tolCp3,0.25,3,3,TATTTGGGCTCACGCAGCAA,0,3805449
tolCp3,0.25,3,3,TATTCCTCCTAGGATATAGG,0,3780018
tolCp3,0.25,3,3,TATTAAAAGGATGCCGGAGG,0,3794340
tolCp3,0.25,3,3,TATGTCTGTAGCATCACAAC,0,3783884
tolCp3,0.25,3,3,TATGGGAAAGTATGTTTAAG,0,3806239
tolCp3,0.25,3,3,TATGGCCTAGGAATGAGCTG,0,3784570
tolCp3,0.25,3,3,TATGGCCGCGCTGTCTAAAT,0,3807273
tolCp3,0.25,3,3,TATGCTATGTGGGTTTGACC,0,3784694
tolCp3,0.25,3,3,TATGCTATGGTGAGTTAACA,0,3787250
tolCp3,0.25,3,3,TATGCGAGGCACAACTTCGC,0,3801547
tolCp3,0.25,3,3,TATGCATGGTTATTAAGCTG,0,3782592
tolCp3,0.25,3,3,TATCTTAACGCTTATAATAC,0,3780898
tolCp3,0.25,3,3,TATCTCTCAACGATTACGAA,0,3776209
tolCp3,0.25,3,3,TATCTCCAAGGGTACGACTG,0,3793958
tolCp3,0.25,3,3,TATCGCAGACAACTCAGCGT,0,3787044
tolCp3,0.25,3,3,TATCAATCATTCTAGTTAAG,0,3794844
tolCp3,0.25,3,3,TATAGACGTAGGACGATTGC,0,3784432
tolCp3,0.25,3,3,TATACCAGTCCAACGAGCCC,0,3776205
tolCp3,0.25,3,3,TATAATGTTTCCGAACATGG,0,3798635
tolCp3,0.25,3,3,TATAATATTTACTTAATCTC,0,3800933
tolCp3,0.25,3,3,TAGTTCGCGGCTCGGTAATC,0,3775113
tolCp3,0.25,3,3,TAGTATGGGAATATGTATGC,0,3786205
tolCp3,0.25,3,3,TAGTACGAAAGTTGGAGCTG,0,3782234
tolCp3,0.25,3,3,TAGGTGTTCAATCAGTTTAA,0,3795098
tolCp3,0.25,3,3,TAGGGCTGACCGCGCTGAGA,0,3783338
tolCp3,0.25,3,3,TAGGCCTTGCCAGGGTACGT,0,3779371
tolCp3,0.25,3,3,TAGGCCTATTCACAGCGAGC,0,3806533
tolCp3,0.25,3,3,TAGGAACTTATTGGCTAACC,0,3788349
tolCp3,0.25,3,3,TAGCGTCTCTTCGGTCTGAG,0,3804574
tolCp3,0.25,3,3,TAGCGTACCTAATATAACCT,0,3804886
tolCp3,0.25,3,3,TAGCAACGGTCTTGCGCTGT,0,3788695
tolCp3,0.25,3,3,TAGAGTCATACTCCTAAACG,0,3783420
tolCp3,0.25,3,3,TACTCTGGTCATTGTGGTTA,0,3801919
tolCp3,0.25,3,3,TACTCTGGGGAGCTGTCCGT,0,3779502
tolCp3,0.25,3,3,TACTCGATAGGCAGCAATCG,0,3798368
tolCp3,0.25,3,3,TACTCCGGAAACCTTCTGCA,0,3803535
tolCp3,0.25,3,3,TACGTTACGATACATACGGA,0,3797345
tolCp3,0.25,3,3,TACGTCCTAAGATCTAGGTT,0,3785161
tolCp3,0.25,3,3,TACGCTAGGCATTGAGGCGG,0,3776735
tolCp3,0.25,3,3,TACGCGTCCTACTTCCTCTG,0,3782165
tolCp3,0.25,3,3,TACGCGGCTCGAGCCGAGCC,0,3786968
tolCp3,0.25,3,3,TACCGTTACATGAGCTCCCG,0,3804365
tolCp3,0.25,3,3,TACCCGTTCAAGAGTAGTAT,0,3798500
tolCp3,0.25,3,3,TACCCCTGTAAACGTGACAG,0,3806344
tolCp3,0.25,3,3,TACCCATACAAAATGTAGGA,0,3775824
tolCp3,0.25,3,3,TACATGGCGATTGAAGACGG,0,3783433
tolCp3,0.25,3,3,TACATCTGACATCCCTATAC,0,3779287
tolCp3,0.25,3,3,TACACCAGCCGTGCAGCGGG,0,3796587
tolCp3,0.25,3,3,TACAAGAAAGCGACAACACG,0,3803057
tolCp3,0.25,3,3,TACAAAGACCGGGATGGACT,0,3801502
tolCp3,0.25,3,3,TAATTCGTCATAGGGCGCTC,0,3793219
tolCp3,0.25,3,3,TAATGGACCAAGCGTGGGAT,0,3789627
tolCp3,0.25,3,3,TAATCGCTAATCTAGACATT,0,3806931
tolCp3,0.25,3,3,TAATCCTCTAAAGCCCTCTT,0,3795334
tolCp3,0.25,3,3,TAATCCAGACCCGCAAGGCA,0,3793708
tolCp3,0.25,3,3,TAAGTTTTCTTGTCAGCACA,0,3787252
tolCp3,0.25,3,3,TAAGTCAACGGCGTCGTCAT,0,3794558
tolCp3,0.25,3,3,TAAGGTTTCGGCCGTGCATA,0,3804433
tolCp3,0.25,3,3,TAACAACATCAGGACACCGT,0,3807516
tolCp3,0.25,3,3,TAAATCGAGCTATATCTTGA,0,3779300
tolCp3,0.25,3,3,TAAAGGGGAAGGATCATCAA,0,3803987
tolCp3,0.25,3,3,TAAAGATGCTATTATCCACA,0,3788367
tolCp3,0.25,3,3,TAAACAGATGCAAGGGCAGA,0,3801904
tolCp3,0.25,3,3,TAAAATGCCACGCGGCGTAT,0,3809317
tolCp3,0.25,3,3,TAAAAGACGGCTAGACTCAT,0,3780706
tolCp3,0.25,3,3,TAAAAACAATGTAGATTGGC,0,3805791
tolCp3,0.25,3,3,GTTTATTTAAGTGTATATGA,0,3796961
tolCp3,0.25,3,3,GTTTAAACTTATCGATCATT,0,3798725
tolCp3,0.25,3,3,GTTGTTGATTGAATGGCGTT,0,3787767
tolCp3,0.25,3,3,GTTGTTAATGTCCCAAGGCG,0,3785535
tolCp3,0.25,3,3,GTTGTAACATTTACAAGTTC,0,3776987
tolCp3,0.25,3,3,GTTGCTGGCTGTACTATAAA,0,3781626
tolCp3,0.25,3,3,GTTGAGCTGCACTAGGGGTT,0,3797127
tolCp3,0.25,3,3,GTTCTCGGGACAGTAACAGC,0,3775064
tolCp3,0.25,3,3,GTTCGCCTACGCACGATGAA,0,3776454
tolCp3,0.25,3,3,GTTCCGCAGCTCGAGCCGGA,0,3802799
tolCp3,0.25,3,3,GTTCCCTAACCTTCCGTTAA,0,3806374
tolCp3,0.25,3,3,GTTCCCGATTGAGGTGAATA,0,3806990
tolCp3,0.25,3,3,GTTCAGCACAAAACTTACTA,0,3794722
tolCp3,0.25,3,3,GTTCACCAGGCTTCCTGGAA,0,3801193
tolCp3,0.25,3,3,GTTATTTCTGGCTATTATTT,0,3780511
tolCp3,0.25,3,3,GTTATCACATTTCACGAGTT,0,3778367
tolCp3,0.25,3,3,GTTAGCTCTTTTTCCTCAGT,0,3792876
tolCp3,0.25,3,3,GTTACCTAATCACGGGTTCA,0,3799139
tolCp3,0.25,3,3,GTTAATAGGCTGCACCAGAC,0,3782843
tolCp3,0.25,3,3,GTGTTGCTCTATCCACCGGC,0,3777056
tolCp3,0.25,3,3,GTGTGCGCATTGCTCCTGGG,0,3803736
tolCp3,0.25,3,3,GTGTCTCCCGCCCCGGATCA,0,3808919
tolCp3,0.25,3,3,GTGTCTACCAAAATCGTGAT,0,3798434
tolCp3,0.25,3,3,GTGTCCACCATTCAACTTGG,0,3780951
tolCp3,0.25,3,3,GTGTCAAGCAATTACGATGC,0,3795932
tolCp3,0.25,3,3,GTGTATGCATGAGGCACGGG,0,3784332
tolCp3,0.25,3,3,GTGTAGGGGAGCCTATTTGT,0,3779663
tolCp3,0.25,3,3,GTGTACTATTCCAAATAACT,0,3788291
tolCp3,0.25,3,3,GTGGTCTGGACCCCACGAGA,0,3801468
tolCp3,0.25,3,3,GTGGGGCTGTTAAGTGTAGT,0,3800646
tolCp3,0.25,3,3,GTGGGCGATTCAGTAGTTCT,0,3789014
tolCp3,0.25,3,3,GTGGCGTACACGTTACACCA,0,3806541
tolCp3,0.25,3,3,GTGGACATCATAGGCCTAGT,0,3782269
tolCp3,0.25,3,3,GTGCTCTTTCGAAAGTTGGA,0,3783931
tolCp3,0.25,3,3,GTGCGTTTGCATGTGTCACT,0,3774798
tolCp3,0.25,3,3,GTGCGCGCCCTTAAAGGAGT,0,3790948
tolCp3,0.25,3,3,GTGCCAATAACTGATCATCT,0,3802193
tolCp3,0.25,3,3,GTGCAGTGCCTGGGTTAAAT,0,3796823
tolCp3,0.25,3,3,GTGAGGTTATTTACGGCGTA,0,3779236
tolCp3,0.25,3,3,GTGACTAAAGGATTTGAGGT,0,3791869
tolCp3,0.25,3,3,GTGACGGATGAGCCTCGGCG,0,3775323
tolCp3,0.25,3,3,GTGACGATACACCGATGATA,0,3779520
tolCp3,0.25,3,3,GTGACCGGCCCCGGAATCCT,0,3785773
tolCp3,0.25,3,3,GTGACCCATCAGAGACAGTG,0,3806702
tolCp3,0.25,3,3,GTGACAGAGCTTTTGTTGTG,0,3781903
tolCp3,0.25,3,3,GTCTTTCCAGATCTGTGGGA,0,3793904
tolCp3,0.25,3,3,GTCTTAGTGGGCATAGTCGC,0,3799610
tolCp3,0.25,3,3,GTCTTAGACTATTTGTAGGC,0,3774923
tolCp3,0.25,3,3,GTCTAGTTTACGTTCTCTAC,0,3801235
tolCp3,0.25,3,3,GTCGTTGCAATTAAATCTCC,0,3790693
tolCp3,0.25,3,3,GTCGTGCAATAGCTATCGAC,0,3785650
tolCp3,0.25,3,3,GTCGGGAAATCGAGGTGCAT,0,3776130
tolCp3,0.25,3,3,GTCGCTGGACGGTACAAGGC,0,3776742
tolCp3,0.25,3,3,GTCGATGAATAGAGGGGTTA,0,3802164
tolCp3,0.25,3,3,GTCGAAGACCAGGAGTTACG,0,3790777
tolCp3,0.25,3,3,GTCCTTCCGTCAGTTCGGCG,0,3793584
tolCp3,0.25,3,3,GTCCTGGTGATTGATTGAAA,0,3790347
tolCp3,0.25,3,3,GTCCTATGATCGTCCCCGAA,0,3801454
tolCp3,0.25,3,3,GTCCGGTGTATGGCGACTGA,0,3803558
tolCp3,0.25,3,3,GTCCATTGGAAGAGACGTTC,0,3800503
tolCp3,0.25,3,3,GTCCAATGTGGTCCTGTACA,0,3783613
tolCp3,0.25,3,3,GTCATTTGTAGAGACGTGCT,0,3781419
tolCp3,0.25,3,3,GTCATGTAGATGAGGCGAAA,0,3781759
tolCp3,0.25,3,3,GTCATGGGTGATGCGGCCTT,0,3777324
tolCp3,0.25,3,3,GTCAGTATACTTTCTTGTAA,0,3791132
tolCp3,0.25,3,3,GTCAGGTTCTGACCCAAGCA,0,3780195
tolCp3,0.25,3,3,GTCACTTGCGTCCTACCCGA,0,3799683
tolCp3,0.25,3,3,GTCAAGTAGGTGACAGTGCG,0,3776052
tolCp3,0.25,3,3,GTATGGCATCCTAACCAGTA,0,3808340
tolCp3,0.25,3,3,GTAGTCGGGACAACGCGGGG,0,3793628
tolCp3,0.25,3,3,GTAGTACGCAATAGTTCTGA,0,3782653
tolCp3,0.25,3,3,GTAGATACGCTCCGAAAATG,0,3781398
tolCp3,0.25,3,3,GTACTGTATAGGCACTTAGT,0,3805090
tolCp3,0.25,3,3,GTACTGGTACCCCCACAGAC,0,3780040
tolCp3,0.25,3,3,GTACTCCCCATGGTCAAAGG,0,3788680
tolCp3,0.25,3,3,GTACGTTTATTTCATTAACC,0,3793321
tolCp3,0.25,3,3,GTACATCTGGGGTAACATTC,0,3793954
tolCp3,0.25,3,3,GTACACCGCCGAAGTTTTCG,0,3807030
tolCp3,0.25,3,3,GTACAACGGCTACGGGGCGA,0,3783835
tolCp3,0.25,3,3,GTAATATACAGAGACGCTGC,0,3786948
tolCp3,0.25,3,3,GTAAGTACGGCGGGTCCGTT,0,3802213
tolCp3,0.25,3,3,GTAACCCCGGAATCTTGAGA,0,3791021
tolCp3,0.25,3,3,GTAAAATGATTAAGGGCACT,0,3783389
tolCp3,0.25,3,3,GGTTTGTAGCTCTGAGGCCT,0,3792282
tolCp3,0.25,3,3,GGTTTGCTCATTCTTGTCCC,0,3788443
tolCp3,0.25,3,3,GGTTTCATAACGTAATCATA,0,3797006
tolCp3,0.25,3,3,GGTTGGCGGACGGGGGTTCA,0,3784423
tolCp3,0.25,3,3,GGTTCATGCATGCTATCGGT,0,3796943
tolCp3,0.25,3,3,GGTTCAGCTACATGTTTACG,0,3778294
tolCp3,0.25,3,3,GGTTACTGGGACCCATGGAG,0,3787810
tolCp3,0.25,3,3,GGTTAAGTATACCTATTTGA,0,3792122
tolCp3,0.25,3,3,GGTGTAGGGATAGATGGAAG,0,3799599
tolCp3,0.25,3,3,GGTGCCAAGTATCGTAAGTC,0,3808436
tolCp3,0.25,3,3,GGTGAGGTCCTGACTGATAG,0,3783942
tolCp3,0.25,3,3,GGTGAAAGTGCTAAAGTCCA,0,3785866
tolCp3,0.25,3,3,GGTCTAGCCCGGACCGTTTC,0,3775496
tolCp3,0.25,3,3,GGTCTACCCTAGAACAATGT,0,3801573
tolCp3,0.25,3,3,GGTCGGTCCAAAAGAGTTGG,0,3776668
tolCp3,0.25,3,3,GGTCCTTGTCCACGGGGCGG,0,3791122
tolCp3,0.25,3,3,GGTCCGCGTGAAGCACCAAA,0,3794264
tolCp3,0.25,3,3,GGTCCATTATAACCAAACGT,0,3793619
tolCp3,0.25,3,3,GGTATTTCTATATAAAACGG,0,3774896
tolCp3,0.25,3,3,GGTACACTTGAGATTACCCG,0,3793210
tolCp3,0.25,3,3,GGTAAATTCCTTGCTAAATC,0,3799376
tolCp3,0.25,3,3,GGGTTACCCGGTATATCGAC,0,3792577
tolCp3,0.25,3,3,GGGTTAAAGCCACTAAGGAA,0,3780786
tolCp3,0.25,3,3,GGGTCGTTCACCCGAAGCTA,0,3792807
tolCp3,0.25,3,3,GGGTCGGATTTCGTACCGAC,0,3788363
tolCp3,0.25,3,3,GGGTCACGGTCTCATGACCA,0,3803171
tolCp3,0.25,3,3,GGGTACTGCTCAAAATCTAT,0,3780513
tolCp3,0.25,3,3,GGGTACACAGCCGATGGTGC,0,3807237
tolCp3,0.25,3,3,GGGTAAAAGGGGACACAGGG,0,3793111
tolCp3,0.25,3,3,GGGGTGGACATGAGGTCCTT,0,3789618
tolCp3,0.25,3,3,GGGGTAGTGACCCCGCCCGG,0,3792106
tolCp3,0.25,3,3,GGGGTACGGACCATAGCTCC,0,3805944
tolCp3,0.25,3,3,GGGGGTCAAGCCTCAGACAA,0,3795591
tolCp3,0.25,3,3,GGGGGTAATTCACTAATCAA,0,3775016
tolCp3,0.25,3,3,GGGGCTGTTCTAGTGTGAAC,0,3791326
tolCp3,0.25,3,3,GGGGCATTCGCAAATCTTTC,0,3782772
tolCp3,0.25,3,3,GGGGCATCCCAAATGCGTGC,0,3805371
tolCp3,0.25,3,3,GGGGCATACCCTACCGTAGT,0,3790993
tolCp3,0.25,3,3,GGGGAGGAACGCAGGGGACC,0,3786446
tolCp3,0.25,3,3,GGGGAGCAGGTAAATTACAA,0,3775010
tolCp3,0.25,3,3,GGGGACGAGCCGACGCTATC,0,3775278
tolCp3,0.25,3,3,GGGGAACAAGATGTATGTGC,0,3798346
tolCp3,0.25,3,3,GGGCCGAAAGACTAGAGGCG,0,3779581
tolCp3,0.25,3,3,GGGACACCAGTGCCACCCGC,0,3791650
tolCp3,0.25,3,3,GGGAAGGGTAACACTATTAC,0,3775136
tolCp3,0.25,3,3,GGGAAGCCACTGGCTTTTCC,0,3784474
tolCp3,0.25,3,3,GGCTTTTGCGTATTTCCCAT,0,3787995
tolCp3,0.25,3,3,GGCTTTTAAAATGCCCTCTT,0,3803208
tolCp3,0.25,3,3,GGCTGATGGAAAACTAATCG,0,3798856
tolCp3,0.25,3,3,GGCTATCGGCGCGTTTTATC,0,3798241
tolCp3,0.25,3,3,GGCGTACACTAGCTGGCTCA,0,3795330
tolCp3,0.25,3,3,GGCGCGTGTTAGTAAGGAGA,0,3802493
tolCp3,0.25,3,3,GGCGCATACGTGTTCGAGGA,0,3806524
tolCp3,0.25,3,3,GGCGATCTGTGTAGTCCGAC,0,3780487
tolCp3,0.25,3,3,GGCCTAAGCGGGATATTTAA,0,3803381
tolCp3,0.25,3,3,GGCCCTTGTCCGCAATGGTA,0,3808221
tolCp3,0.25,3,3,GGCCCCAAGGCCCACAGAAT,0,3789699
tolCp3,0.25,3,3,GGCCCAAGGATAGCATGCCA,0,3792921
tolCp3,0.25,3,3,GGCATGTCGGCCTGTGAGGT,0,3803828
tolCp3,0.25,3,3,GGCATCTCCAATAAGGCGGA,0,3775330
tolCp3,0.25,3,3,GGCATAGCTAAGATCAGGAG,0,3795730
tolCp3,0.25,3,3,GGCACGGCGAGCGCCAAGGA,0,3802462
tolCp3,0.25,3,3,GGCACGAGGAGGATGGCGAC,0,3778530
tolCp3,0.25,3,3,GGCACATAGGATGAAGTGAC,0,3801245
tolCp3,0.25,3,3,GGCAAAGTCATTGTTATCGC,0,3797749
tolCp3,0.25,3,3,GGCAAACGTACGTATTCGAC,0,3789072
tolCp3,0.25,3,3,GGATGTATGTTTGAGGCACC,0,3808071
tolCp3,0.25,3,3,GGATCTTAGCCCATCATTCT,0,3775175
tolCp3,0.25,3,3,GGATCCACCCCGTTCGTAGA,0,3804424
tolCp3,0.25,3,3,GGATCCAAGCACGCACGTAT,0,3808716
tolCp3,0.25,3,3,GGATCAAACACTCAGATCAA,0,3803931
tolCp3,0.25,3,3,GGATATTAGGCTGCAATAAT,0,3805191
tolCp3,0.25,3,3,GGAGTAACCACCGGTCCCAC,0,3807413
tolCp3,0.25,3,3,GGAGGTGGCTTCTAACTTGA,0,3808079
tolCp3,0.25,3,3,GGAGGTGACAAGTATTAACA,0,3801943
tolCp3,0.25,3,3,GGAGCCAGGTAGTATGTGGA,0,3806466
tolCp3,0.25,3,3,GGACTCGGTATCTTGAGAGA,0,3806315
tolCp3,0.25,3,3,GGACTATTCTTAGTTTCAGC,0,3796097
tolCp3,0.25,3,3,GGACTATGGTGGAGATGGCT,0,3789005
tolCp3,0.25,3,3,GGACGGCTTTGCCTTGTGGC,0,3779154
tolCp3,0.25,3,3,GGACGGCTGTCGGGGGTCGG,0,3787253
tolCp3,0.25,3,3,GGACGGCGTGCAGCCCTATG,0,3779244
tolCp3,0.25,3,3,GGACGCTGCAGGATTGCAGC,0,3782731
tolCp3,0.25,3,3,GGACCTTATACAGTCTAGGG,0,3797307
tolCp3,0.25,3,3,GGACCCAGAACTCACCCGAA,0,3789723
tolCp3,0.25,3,3,GGAATTATGTCGAATGGGCG,0,3782606
tolCp3,0.25,3,3,GGAAGGCTCTGACTAGGTGC,0,3790016
tolCp3,0.25,3,3,GGAACAATCTCGTAGAATAG,0,3802496
tolCp3,0.25,3,3,GGAAATCCTGGGTGAGGGAT,0,3801876
tolCp3,0.25,3,3,GCTTGCAGCGGTGAACGCTC,0,3792018
tolCp3,0.25,3,3,GCTTAATTATAAGTTATATA,0,3776875
tolCp3,0.25,3,3,GCTGGGGTTGCGTAGTCTAA,0,3793571
tolCp3,0.25,3,3,GCTGGCGGCTTATCTATTGA,0,3800077
tolCp3,0.25,3,3,GCTGGCCCCTGGGCGGGTAT,0,3775324
tolCp3,0.25,3,3,GCTGACAGGTTGAAGGACGA,0,3805143
tolCp3,0.25,3,3,GCTGAAATATCGGGCACCAA,0,3790297
tolCp3,0.25,3,3,GCTCTACGAGATATGGGGTA,0,3781179
tolCp3,0.25,3,3,GCTCCTCGATTGGCTGGGTG,0,3801571
tolCp3,0.25,3,3,GCTCATGGACATCCAAGGGA,0,3805200
tolCp3,0.25,3,3,GCTCACTTTTTTCTATGGAT,0,3790522
tolCp3,0.25,3,3,GCTATATGCCGATTGTCAAG,0,3808781
tolCp3,0.25,3,3,GCTATACAAAATTTCATTGC,0,3785365
tolCp3,0.25,3,3,GCTAGCAGCCCTACGGTGAG,0,3789694
tolCp3,0.25,3,3,GCTAAGGAGTATGAATGCTG,0,3790979
tolCp3,0.25,3,3,GCTAACCACAATAACTAAGA,0,3787306
tolCp3,0.25,3,3,GCTAAAATTGTGTCATAGAG,0,3795507
tolCp3,0.25,3,3,GCGTTTTTGCGACGGTTTAA,0,3797670
tolCp3,0.25,3,3,GCGTGCGATACGGAGTTGCA,0,3778693
tolCp3,0.25,3,3,GCGTCCTGCGTCTACCGCCC,0,3797083
tolCp3,0.25,3,3,GCGTCATCATCAATGGAGGA,0,3779819
tolCp3,0.25,3,3,GCGGTTTACGGATATATTCG,0,3797094
tolCp3,0.25,3,3,GCGGTCGTGCCGTACCGATG,0,3785363
tolCp3,0.25,3,3,GCGGTATCAGGTATGGTTCC,0,3776543
tolCp3,0.25,3,3,GCGGGGGACGTCGATATCAG,0,3804038
tolCp3,0.25,3,3,GCGGAGGTGATAGTGCGCTA,0,3791344
tolCp3,0.25,3,3,GCGCGTTCTCGTGTTTGGAT,0,3798653
tolCp3,0.25,3,3,GCGCGGGTACATAAACCGAG,0,3779993
tolCp3,0.25,3,3,GCGCGCGGGCCACCGGACCG,0,3781499
tolCp3,0.25,3,3,GCGCCGGGGCCTTCTAAAGG,0,3785672
tolCp3,0.25,3,3,GCGCCACAGTGCGCAGATTG,0,3775891
tolCp3,0.25,3,3,GCGCATCTCAACGACAAGGC,0,3784819
tolCp3,0.25,3,3,GCGCAGTAGCGCAGATTGCC,0,3794872
tolCp3,0.25,3,3,GCGAGTATTAGTACTCCACA,0,3805084
tolCp3,0.25,3,3,GCGACTACCGAGCGCACAAT,0,3794399
tolCp3,0.25,3,3,GCCTGGTGTCATCCGGCTGG,0,3806169
tolCp3,0.25,3,3,GCCTCAGTTTCGTGAATGTG,0,3788988
tolCp3,0.25,3,3,GCCTATGGGAGTGACTGTCA,0,3777528
tolCp3,0.25,3,3,GCCTACCAGAGGGGTTCTTT,0,3800397
tolCp3,0.25,3,3,GCCTAAGGACCATCCTGGGA,0,3801578
tolCp3,0.25,3,3,GCCGTGGAGCGCTTGTTGGC,0,3780193
tolCp3,0.25,3,3,GCCGGATTACTGCCTGAGGT,0,3804995
tolCp3,0.25,3,3,GCCGCCAAGATGGTTGGTTA,0,3782657
tolCp3,0.25,3,3,GCCGCAGGTGTGAAGCCATG,0,3785162
tolCp3,0.25,3,3,GCCGATGTGAGTGGGCAGCC,0,3792328
tolCp3,0.25,3,3,GCCCTAAGAGCAGCGGTGGA,0,3796699
tolCp3,0.25,3,3,GCCCGCATTGTGGGGGACCA,0,3785259
tolCp3,0.25,3,3,GCCAGGTAGGATCACGTGTA,0,3775636
tolCp3,0.25,3,3,GCCAACGCGCCAGTCTTACA,0,3792737
tolCp3,0.25,3,3,GCATTGCAGTCAAAACAGAG,0,3793443
tolCp3,0.25,3,3,GCATTAGGGTAAACCGGCTA,0,3783486
tolCp3,0.25,3,3,GCATGGATAAGTATTTGAAA,0,3787987
tolCp3,0.25,3,3,GCATGAAGAATGGCGAGAGT,0,3797409
tolCp3,0.25,3,3,GCATCCACATAATAACGAGC,0,3801110
tolCp3,0.25,3,3,GCATATTTCGTAGCCCGCGA,0,3791257
tolCp3,0.25,3,3,GCATAGAAAGCTATCGGTTT,0,3790626
tolCp3,0.25,3,3,GCATACGGGAGATCGCTGTA,0,3799170
tolCp3,0.25,3,3,GCAGGTAAGGTCCCTGAATC,0,3794185
tolCp3,0.25,3,3,GCAGCTGTGCGGTGTACGCC,0,3802620
tolCp3,0.25,3,3,GCAGCAGCAGGGGAGACCTG,0,3779579
tolCp3,0.25,3,3,GCAGAGTCGCATACAATGCT,0,3789397
tolCp3,0.25,3,3,GCACTTCTGGATATAGAGCA,0,3781193
tolCp3,0.25,3,3,GCACTGGCTATGTAATTATA,0,3784008
tolCp3,0.25,3,3,GCACCTTTACCAATAGTCAT,0,3795722
tolCp3,0.25,3,3,GCACCCTGAGTGATCTTTTA,0,3780665
tolCp3,0.25,3,3,GCACCATAAATTGATTTCAC,0,3809413
tolCp3,0.25,3,3,GCACAAGTAAGCGCTGATTT,0,3785781
tolCp3,0.25,3,3,GCAATCGTCAGAGTATATCA,0,3781643
tolCp3,0.25,3,3,GCAATACGCCTTGTAGTATG,0,3780582
tolCp3,0.25,3,3,GCAAGTACGTGATCGGGGAG,0,3798416
tolCp3,0.25,3,3,GCAAGATCTCTTGTGTTGTT,0,3797204
tolCp3,0.25,3,3,GCAAACTCTACATGTTTACG,0,3787601
tolCp3,0.25,3,3,GATTGGACAAGGGCCATGCT,0,3789100
tolCp3,0.25,3,3,GATTCGTCTACTGGCTAGGT,0,3778235
tolCp3,0.25,3,3,GATTATCACTTTCGTTTCTC,0,3804460
tolCp3,0.25,3,3,GATGAGTTATGCGGAGGTAG,0,3801570
tolCp3,0.25,3,3,GATGAGCAGCATCGACTCAC,0,3779454
tolCp3,0.25,3,3,GATCGGGTCGGTTTCAGGGA,0,3797614
tolCp3,0.25,3,3,GATCATTCCCCGGATATATT,0,3777711
tolCp3,0.25,3,3,GATCATAAGTAGGGGGTCAG,0,3792813
tolCp3,0.25,3,3,GATCAACGGGAAGAAAGTAA,0,3782119
tolCp3,0.25,3,3,GATAGTTCAGTGGATAAGGA,0,3777475
tolCp3,0.25,3,3,GATAGTACAGTCAATCAAGA,0,3805094
tolCp3,0.25,3,3,GATACCTCGGATTTCACTCA,0,3804869
tolCp3,0.25,3,3,GATACCGGCATCTGCTTGAA,0,3799253
tolCp3,0.25,3,3,GAGTTGAAGCACTCCGTCGC,0,3775661
tolCp3,0.25,3,3,GAGTTAGTACTCGTGAATGA,0,3798670
tolCp3,0.25,3,3,GAGTGTCAAGAGCCAGCTCT,0,3801503
tolCp3,0.25,3,3,GAGTGAGATCAGGGTCGATT,0,3807714
tolCp3,0.25,3,3,GAGTGACTTTGCCAAGTCAA,0,3784758
tolCp3,0.25,3,3,GAGTATCCTTATATCAAGTG,0,3776969
tolCp3,0.25,3,3,GAGTAGGGGACCAACGCGGC,0,3777119
tolCp3,0.25,3,3,GAGGTGGGTCTATAACGTGA,0,3798980
tolCp3,0.25,3,3,GAGGACCTTCCGCCCAACGA,0,3802246
tolCp3,0.25,3,3,GAGGAATCCCGTCATTTGCA,0,3777465
tolCp3,0.25,3,3,GAGCTTAGTCGTAGTGCCTG,0,3796881
tolCp3,0.25,3,3,GAGCGTCACGCCGTAAAGCC,0,3779189
tolCp3,0.25,3,3,GAGCAGTTCCCGGGGGGGGT,0,3797170
tolCp3,0.25,3,3,GAGCACCAAGACATTGACAG,0,3782450
tolCp3,0.25,3,3,GAGATTTAATTCTGTACACG,0,3797080
tolCp3,0.25,3,3,GAGATTCGCGGCACAGACAT,0,3799704
tolCp3,0.25,3,3,GAGATCTCATCAGGAGACAT,0,3786049
tolCp3,0.25,3,3,GAGAGTGCTCCGCACTTGAA,0,3806811
tolCp3,0.25,3,3,GAGAGGTTGCGATGTATCTA,0,3792090
tolCp3,0.25,3,3,GAGACTGGGGTTATTGGACG,0,3800555
tolCp3,0.25,3,3,GAGAAGGCTCTATAAGAAGG,0,3791281
tolCp3,0.25,3,3,GAGAAATATATTTCATGCGC,0,3804754
tolCp3,0.25,3,3,GACTGGGCCGCCAGCGTCTC,0,3805158
tolCp3,0.25,3,3,GACTGAGCGGGTGACATGGC,0,3796527
tolCp3,0.25,3,3,GACTCTGGCACGCTTCAAGA,0,3802055
tolCp3,0.25,3,3,GACTCGATGAGAGTACCCGA,0,3802495
tolCp3,0.25,3,3,GACGTTTACAGCCGCAAGAT,0,3778365
tolCp3,0.25,3,3,GACGCACAATGGGAAATACT,0,3796502
tolCp3,0.25,3,3,GACGAGGCCAGGATTTAGGG,0,3785014
tolCp3,0.25,3,3,GACCTGGCAACACAAGGGTA,0,3779060
tolCp3,0.25,3,3,GACCTCGATGTGAAACCAAT,0,3806395
tolCp3,0.25,3,3,GACCGTTTTGGTTAGGTTGG,0,3789510
tolCp3,0.25,3,3,GACCCGTCCGGGAGGTTATG,0,3809369
tolCp3,0.25,3,3,GACATAAGCACGGGGCTTAC,0,3783868
tolCp3,0.25,3,3,GACACGATCGGTATATGTCA,0,3805930
tolCp3,0.25,3,3,GACAATGTTTTTAAAGCGAC,0,3800540
tolCp3,0.25,3,3,GACAATGAGACCCAGCTCAA,0,3796523
tolCp3,0.25,3,3,GACAAGCCACTCGAACGGAG,0,3803512
tolCp3,0.25,3,3,GACAACTAGATGTATTGTAC,0,3809176
tolCp3,0.25,3,3,GAATTCACTACATCGTTAAA,0,3794527
tolCp3,0.25,3,3,GAATGCGTGTAAGGAGTAAA,0,3804338
tolCp3,0.25,3,3,GAATAGATAATAGCCCGGTA,0,3794175
tolCp3,0.25,3,3,GAATACGAGCCGCCGTAAGT,0,3792285
tolCp3,0.25,3,3,GAAGTACGCTAGGGGTAACG,0,3779191
tolCp3,0.25,3,3,GAAGCTGCTTCTGCCTTCCA,0,3800638
tolCp3,0.25,3,3,GAAGAAGGACAACCCGTTCC,0,3801202
tolCp3,0.25,3,3,GAACCAAAACTATAGCAGAC,0,3796077
tolCp3,0.25,3,3,GAACAGGAAGTAAGGTTTTC,0,3781992
tolCp3,0.25,3,3,GAAATTGTGCGATCACCGCT,0,3787208
tolCp3,0.25,3,3,GAAATGGGACTGCTGAGCTA,0,3792967
tolCp3,0.25,3,3,GAAATCCTAGTCTACAATGA,0,3800599
tolCp3,0.25,3,3,GAAACCTGGAGTTCTCAATT,0,3807937
tolCp3,0.25,3,3,GAAAAGCTCTTAAGGAACCT,0,3793730
tolCp3,0.25,3,3,GAAAACCGCTTTTAATCGCA,0,3800030
tolCp3,0.25,3,3,GAAAAAAGATTGGGTACGAG,0,3791051
tolCp3,0.25,3,3,CTTTTGTGTCGAAAGGCTTC,0,3783162
tolCp3,0.25,3,3,CTTTTGTCTATCTTTAAGCT,0,3780046
tolCp3,0.25,3,3,CTTTTAGCACCAGGAATTGG,0,3779392
tolCp3,0.25,3,3,CTTTGTCGAGTCGGCGCCTA,0,3788249
tolCp3,0.25,3,3,CTTTAGAAGATATTATCGAT,0,3786379
tolCp3,0.25,3,3,CTTTACTATCGATCTGGAGT,0,3792751
tolCp3,0.25,3,3,CTTGTCTGGCGATGTGCTTA,0,3794942
tolCp3,0.25,3,3,CTTGCTCAGCTCTTCAGTGT,0,3789134
tolCp3,0.25,3,3,CTTGCGGAACATAGAAGAAA,0,3795226
tolCp3,0.25,3,3,CTTCTCTTCATGATGATGCA,0,3800242
tolCp3,0.25,3,3,CTTCGGCCGTATCAAGCATC,0,3782693
tolCp3,0.25,3,3,CTTCGCACTAGGTGAGTTGA,0,3805993
tolCp3,0.25,3,3,CTTCCGCCCGAACGTGGTGG,0,3777867
tolCp3,0.25,3,3,CTTCCATGTTCCTAGACGCG,0,3781300
tolCp3,0.25,3,3,CTTCACACTGGACCGCTCTA,0,3797704
tolCp3,0.25,3,3,CTTCAAATCTAGGCTTTATT,0,3809440
tolCp3,0.25,3,3,CTTATTTAGTATGACCTGGA,0,3780860
tolCp3,0.25,3,3,CTTATCGAGTAAAAAGTCCA,0,3799811
tolCp3,0.25,3,3,CTTAGTATGCTACCGCTGCA,0,3787986
tolCp3,0.25,3,3,CTTAAGCAGGGCGGTATCTG,0,3788230
tolCp3,0.25,3,3,CTTAACCCATTGCCGGACGG,0,3778839
tolCp3,0.25,3,3,CTGTTACGAGTAATCTTATA,0,3780959
tolCp3,0.25,3,3,CTGTCTATCGGCATGCTTGG,0,3779185
tolCp3,0.25,3,3,CTGTATACAACTATTGCCAG,0,3806740
tolCp3,0.25,3,3,CTGGTGCGTTCTGTCTGTCG,0,3794326
tolCp3,0.25,3,3,CTGGGAACGCTGCCCAAGAA,0,3785556
tolCp3,0.25,3,3,CTGGCTCTCACCCTTTCTAC,0,3792784
tolCp3,0.25,3,3,CTGGCATCATAATCTGTAGC,0,3794294
tolCp3,0.25,3,3,CTGGAATTGAGGGGGGCTGT,0,3804529
tolCp3,0.25,3,3,CTGGAATTCAGTGGCCCGTA,0,3791622
tolCp3,0.25,3,3,CTGCTTCTTATCGGCTGAAA,0,3807442
tolCp3,0.25,3,3,CTGCTATAGGATGGATAAGC,0,3791066
tolCp3,0.25,3,3,CTGCGTACAAACGCCGCGCT,0,3781132
tolCp3,0.25,3,3,CTGCCGGAAACGTACCGCAT,0,3786884
tolCp3,0.25,3,3,CTGCCGATGTCACGTTTAGA,0,3807312
tolCp3,0.25,3,3,CTGCCCTCGTGCTTTTCCGA,0,3795776
tolCp3,0.25,3,3,CTGCATCCCGCCATTAAGCA,0,3809420
tolCp3,0.25,3,3,CTGCAATATGTCCTAGCTCT,0,3806831
tolCp3,0.25,3,3,CTGATAATTTTTTAGAGGCC,0,3803595
tolCp3,0.25,3,3,CTGACAATAATAAATACATA,0,3791134
tolCp3,0.25,3,3,CTCTTGGAGAAGCCTACTGA,0,3777655
tolCp3,0.25,3,3,CTCTGGCGTCTCTGGATGGA,0,3785555
tolCp3,0.25,3,3,CTCTGGCACACCCCAACCCC,0,3778457
tolCp3,0.25,3,3,CTCTATCGTGCTAGTCAAAT,0,3796224
tolCp3,0.25,3,3,CTCGGTTAAACGGAACGAGG,0,3808818
tolCp3,0.25,3,3,CTCGGGAAACGAACTAGAAC,0,3791433
tolCp3,0.25,3,3,CTCGCGAGATTAATTAGAAT,0,3803235
tolCp3,0.25,3,3,CTCGCATCTAGGGAGCAGGG,0,3774747
tolCp3,0.25,3,3,CTCGCAGGGCAGAGATTCAT,0,3782790
tolCp3,0.25,3,3,CTCGATATATCCTTATGGCC,0,3776267
tolCp3,0.25,3,3,CTCGAGGCCCGTCAAGTTAC,0,3801960
tolCp3,0.25,3,3,CTCGACTATCTAAATCAGTA,0,3784744
tolCp3,0.25,3,3,CTCCGGGTTAGTGGTTCCGG,0,3797048
tolCp3,0.25,3,3,CTCCGAGACGGCACTGCATA,0,3782358
tolCp3,0.25,3,3,CTCACGCGCAGAGATTACGT,0,3803722
tolCp3,0.25,3,3,CTATGGAGGGCTCCGAGTGT,0,3776890
tolCp3,0.25,3,3,CTATGCCCGGTACCTGGCCC,0,3777749
tolCp3,0.25,3,3,CTATCCTCAACCTAGTGGAG,0,3802491
tolCp3,0.25,3,3,CTATACTATGGCGTATCGCT,0,3802730
tolCp3,0.25,3,3,CTATAACATCGTCAATTAGT,0,3797102
tolCp3,0.25,3,3,CTAGTTCGCTGGCTTTTCAC,0,3785264
tolCp3,0.25,3,3,CTAGTGACGTAGACCGACCC,0,3795716
tolCp3,0.25,3,3,CTACCCACTCTGAACTCAAA,0,3792566
tolCp3,0.25,3,3,CTACCATTGTCCAAGGCGAT,0,3797085
tolCp3,0.25,3,3,CTACAGGGTGTGTTTAATTC,0,3784729
tolCp3,0.25,3,3,CTACACGTCCGTCTATCCGC,0,3799657
tolCp3,0.25,3,3,CTACAAATTGTAACCGGAGG,0,3805182
tolCp3,0.25,3,3,CTAATCTACTACCGTTCGGG,0,3790359
tolCp3,0.25,3,3,CTAAGTTTCCTTGTGGGTTA,0,3807935
tolCp3,0.25,3,3,CTAAGTGTGCACGCGGTGTG,0,3787003
tolCp3,0.25,3,3,CTAAGTCGCTTCCGATCAGG,0,3786639
tolCp3,0.25,3,3,CTAAGGTTAGGTTTTCGATT,0,3785265
tolCp3,0.25,3,3,CTAAATGGGGAGTAGGCTTC,0,3776309
tolCp3,0.25,3,3,CTAAACATGCGTACTGGCAG,0,3791688
tolCp3,0.25,3,3,CGTTTCGGACTTCATGCGGT,0,3802180
tolCp3,0.25,3,3,CGTTGCGAGTACAACCTCAC,0,3808279
tolCp3,0.25,3,3,CGTTCGTAGTATGCAGTTTG,0,3800024
tolCp3,0.25,3,3,CGTTAGTTCGTTGATGGTGC,0,3787297
tolCp3,0.25,3,3,CGTTAGCGGAAGATGACTAG,0,3782832
tolCp3,0.25,3,3,CGTTAGAGTAAGTATTTTAT,0,3775999
tolCp3,0.25,3,3,CGTTAACTGTATTGAATCTA,0,3793116
tolCp3,0.25,3,3,CGTTAAAATGCAGGCATTGA,0,3807756
tolCp3,0.25,3,3,CGTGTTAGCGCGGCGAAACC,0,3806696
tolCp3,0.25,3,3,CGTGTGCAGTGTCCTATAGA,0,3801724
tolCp3,0.25,3,3,CGTGCACGCAGCGATCTTTT,0,3776750
tolCp3,0.25,3,3,CGTGATTAACGCAATTCACC,0,3795305
tolCp3,0.25,3,3,CGTGACCCCGAGAGCCAGCC,0,3801797
tolCp3,0.25,3,3,CGTCTCACGTCAAATATAGG,0,3801319
tolCp3,0.25,3,3,CGTCGTCGGACCGTGCCTTG,0,3785128
tolCp3,0.25,3,3,CGTCGCCAGCGGACTGCGCT,0,3783487
tolCp3,0.25,3,3,CGTATGACCTTGTGTCCTAA,0,3803202
tolCp3,0.25,3,3,CGTAGCAATCATTCACTATA,0,3792006
tolCp3,0.25,3,3,CGTAGACATCTCAATCAGGT,0,3775679
tolCp3,0.25,3,3,CGTACTAATCACTCGCGGCT,0,3807664
tolCp3,0.25,3,3,CGGTTAAAGATTGTACCGGG,0,3774579
tolCp3,0.25,3,3,CGGTGGTGTGGACCCGGGTC,0,3805745
tolCp3,0.25,3,3,CGGTAGGTAGCAATGTCAGA,0,3793737
tolCp3,0.25,3,3,CGGTACAGCCCGGATGGAGT,0,3775724
tolCp3,0.25,3,3,CGGTAATCGCAAAACTCGGA,0,3808459
tolCp3,0.25,3,3,CGGTAAGGTGTGAGTATTCA,0,3778609
tolCp3,0.25,3,3,CGGGGTGGCTTTCGAGTCAA,0,3806872
tolCp3,0.25,3,3,CGGGGTGGCTGACCATGCCA,0,3793521
tolCp3,0.25,3,3,CGGGGTGGCCTGAAAATGCA,0,3808830
tolCp3,0.25,3,3,CGGGGCGGGGAGGAGGAAGT,0,3780561
tolCp3,0.25,3,3,CGGGGCGCATACCTTTCTCA,0,3799876
tolCp3,0.25,3,3,CGGGAGTTTCTGGCTCGGAC,0,3797450
tolCp3,0.25,3,3,CGGCGGAAATTTAAACAATC,0,3801322
tolCp3,0.25,3,3,CGGCCTACATCATCATGAGG,0,3781552
tolCp3,0.25,3,3,CGGCAGATTTTGATCTATGG,0,3780699
tolCp3,0.25,3,3,CGGCAAGATGCGGCCTAACT,0,3782129
tolCp3,0.25,3,3,CGGCAAATTTCACGCTCGTC,0,3791823
tolCp3,0.25,3,3,CGGATCCATCCCCCTAGGTT,0,3797046
tolCp3,0.25,3,3,CGGAGCCTCAACGGCAGAGG,0,3807973
tolCp3,0.25,3,3,CGGAGATGCCTGTCAATACT,0,3777613
tolCp3,0.25,3,3,CGGAGAAAGGTAAGTAAAAC,0,3778233
tolCp3,0.25,3,3,CGGAATCGTCGTAGCCTACT,0,3776142
tolCp3,0.25,3,3,CGCTGTATGGAGGTACCAGG,0,3792011
tolCp3,0.25,3,3,CGCTGCTGGCTCGTACTGCG,0,3798336
tolCp3,0.25,3,3,CGCTCTGACCTTTGATGGGT,0,3791349
tolCp3,0.25,3,3,CGCGTCCGTGTTTACTTCAT,0,3788751
tolCp3,0.25,3,3,CGCGGGGGCCACCGCACAGG,0,3786081
tolCp3,0.25,3,3,CGCGGGCCCGCAGTGACTTT,0,3779299
tolCp3,0.25,3,3,CGCCTGATCCTCTACATCTG,0,3793065
tolCp3,0.25,3,3,CGCCTCAGAGTTATGCGCTT,0,3798006
tolCp3,0.25,3,3,CGCCTACTGTATGATGAATA,0,3803965
tolCp3,0.25,3,3,CGCCTACTAGAAGTCGTTTA,0,3786225
tolCp3,0.25,3,3,CGCCATTGCGGGGCTCAGTC,0,3788417
tolCp3,0.25,3,3,CGCCAGAATCTTTGTACCTC,0,3776581
tolCp3,0.25,3,3,CGCCACTCTTCAGTGTTATA,0,3789745
tolCp3,0.25,3,3,CGCCAAGTAGGAGAAGGAGG,0,3807025
tolCp3,0.25,3,3,CGCATCGTAACCGTATGGCA,0,3783108
tolCp3,0.25,3,3,CGCACAGTCGAGCGAGACGT,0,3799045
tolCp3,0.25,3,3,CGCAACGGACCTCACGGTTG,0,3784975
tolCp3,0.25,3,3,CGATTAGAGATTTAGTTGCG,0,3784377
tolCp3,0.25,3,3,CGATGCATCCGTGAGTGTGA,0,3792304
tolCp3,0.25,3,3,CGATCAAATACACCCGGTAC,0,3789864
tolCp3,0.25,3,3,CGATATAGCCCGTAATTGTT,0,3800391
tolCp3,0.25,3,3,CGAGTGCGTCATCAGCAGAC,0,3789807
tolCp3,0.25,3,3,CGAGAGACTTTATCATGACG,0,3781904
tolCp3,0.25,3,3,CGAGACGGCAACTAGGTGAT,0,3782107
tolCp3,0.25,3,3,CGACTTCCAACCGATCTGGT,0,3785299
tolCp3,0.25,3,3,CGACTTCAAGAAGTACTTAT,0,3778132
tolCp3,0.25,3,3,CGACGGCTCGGTTGGGTGAG,0,3779680
tolCp3,0.25,3,3,CGACGAGGCCGCCTGCCGCG,0,3796473
tolCp3,0.25,3,3,CGACAGTCCCCGTGCGTCTG,0,3785799
tolCp3,0.25,3,3,CGACAGAATTGTCACGATCT,0,3779039
tolCp3,0.25,3,3,CGAATGCTTGTCACCTATCG,0,3789902
tolCp3,0.25,3,3,CGAAGCAGCAGCGCCGTGAA,0,3808270
tolCp3,0.25,3,3,CGAACGTTGTATCATGCGAC,0,3808568
tolCp3,0.25,3,3,CGAACAGGCGGTAACATAAT,0,3793447
tolCp3,0.25,3,3,CGAACACTTTTGATACAAGC,0,3777644
tolCp3,0.25,3,3,CCTTTCGTTACAACGAGTCG,0,3787387
tolCp3,0.25,3,3,CCTTTCCCGATCCGTAGGAT,0,3778867
tolCp3,0.25,3,3,CCTTGGCACAGGCCCATGTC,0,3796490
tolCp3,0.25,3,3,CCTTGCGACAACTAATCCTA,0,3777815
tolCp3,0.25,3,3,CCTTATCTAAGCCGATCAGC,0,3785654
tolCp3,0.25,3,3,CCTTATACAAACAGCTGTAG,0,3775484
tolCp3,0.25,3,3,CCTGTCAACCGTATGCACCG,0,3804154
tolCp3,0.25,3,3,CCTGGGACCATAACCTCGAG,0,3797372
tolCp3,0.25,3,3,CCTGGCACGGTGTTCACATA,0,3786356
tolCp3,0.25,3,3,CCTGGATATGACGGCCTATT,0,3792109
tolCp3,0.25,3,3,CCTGCGCCTTCTGTTTAATA,0,3780512
tolCp3,0.25,3,3,CCTGATGGTCCGTTGCCACG,0,3800908
tolCp3,0.25,3,3,CCTGATGCAGCAAATGTTAA,0,3775363
tolCp3,0.25,3,3,CCTGAGGTGATTCGGGCCCT,0,3795157
tolCp3,0.25,3,3,CCTGACCGGCGGGTGGCGAT,0,3809030
tolCp3,0.25,3,3,CCTCTCAAGGATATACACAG,0,3804858
tolCp3,0.25,3,3,CCTAGCCAGTGATGAACACG,0,3777751
tolCp3,0.25,3,3,CCTACCAAAGCACTAGCTCA,0,3800139
tolCp3,0.25,3,3,CCTAATCGATCAAGGAAGTG,0,3775739
tolCp3,0.25,3,3,CCGTTCAGGAGAGACTCCAC,0,3805320
tolCp3,0.25,3,3,CCGTGTGCGATCTCCGACCA,0,3792761
tolCp3,0.25,3,3,CCGTCGTCGATGTGTAGACT,0,3780395
tolCp3,0.25,3,3,CCGTAGGCCGATGGCGAGAG,0,3805321
tolCp3,0.25,3,3,CCGTACCCGAAAGTTGCCAT,0,3807871
tolCp3,0.25,3,3,CCGGTAAGAATAGTTCGTAC,0,3780470
tolCp3,0.25,3,3,CCGGGGAGCTCTCGTCTAGT,0,3790601
tolCp3,0.25,3,3,CCGGCAGGCCATTGGAGTCT,0,3788099
tolCp3,0.25,3,3,CCGGAGTCAACGGGTCGTAA,0,3793538
tolCp3,0.25,3,3,CCGGAGTAGACTTGCTGGAG,0,3776517
tolCp3,0.25,3,3,CCGCGTGCTCCAGTCTGAGA,0,3776046
tolCp3,0.25,3,3,CCGCCGCGGCATATGGCCCG,0,3807893
tolCp3,0.25,3,3,CCGACGAGTTCAGGGTTAGT,0,3799618
tolCp3,0.25,3,3,CCCTTCTACACAGTCTTTAG,0,3787148
tolCp3,0.25,3,3,CCCTTCCACAAGTAAGCCAG,0,3802824
tolCp3,0.25,3,3,CCCTCTTCGTTTCGAAAAGT,0,3791704
tolCp3,0.25,3,3,CCCTCGTGGCAGGATCGCCA,0,3798713
tolCp3,0.25,3,3,CCCTAGTCGCCGTGTGCGCC,0,3792470
tolCp3,0.25,3,3,CCCTAGGGGTGAGCGATCAT,0,3783525
tolCp3,0.25,3,3,CCCGTGATTGGGTGAGCAGT,0,3797946
tolCp3,0.25,3,3,CCCGTAAATATTAAGGCGAT,0,3784499
tolCp3,0.25,3,3,CCCGGTAACTGTTAGTCCGC,0,3784131
tolCp3,0.25,3,3,CCCGGGCATCTTGAAGATTC,0,3788922
tolCp3,0.25,3,3,CCCGGCAATAATTGAACCCA,0,3785431
tolCp3,0.25,3,3,CCCGCGTATATACGAGCTCG,0,3794039
tolCp3,0.25,3,3,CCCGATGCGGTCTGCCCGGC,0,3809374
tolCp3,0.25,3,3,CCCCTGGTCGTCGTAAGTTG,0,3797760
tolCp3,0.25,3,3,CCCCGCGTCGGGTGGAAATG,0,3789086
tolCp3,0.25,3,3,CCCCATTGTACCAAAGATCA,0,3781135
tolCp3,0.25,3,3,CCCCATGCGCGCTTATCTCA,0,3807571
tolCp3,0.25,3,3,CCCCACAAGAGCTGCTCGTA,0,3791311
tolCp3,0.25,3,3,CCCCAAGAGGTCAGTGGTGC,0,3789925
tolCp3,0.25,3,3,CCCATGTCATGAGAAGAAAG,0,3791761
tolCp3,0.25,3,3,CCCAGTGTATTTCCCTACGT,0,3806502
tolCp3,0.25,3,3,CCCAGTGAGGCGTATCTCCT,0,3803990
tolCp3,0.25,3,3,CCCAGATGCCTACGTTGGCT,0,3783098
tolCp3,0.25,3,3,CCCACTGACCACCAGCAGAG,0,3778475
tolCp3,0.25,3,3,CCCAATTTGATACTGCTCTG,0,3780925
tolCp3,0.25,3,3,CCATCTACTTCCGTAACGAT,0,3806497
tolCp3,0.25,3,3,CCATCCCGATTATCAAGACT,0,3787875
tolCp3,0.25,3,3,CCATAGCCAGTAGGTTCTGA,0,3789559
tolCp3,0.25,3,3,CCATACCCCTAGCCCAACAG,0,3807053
tolCp3,0.25,3,3,CCAGTATGTCTGTCGGAAGC,0,3808932
tolCp3,0.25,3,3,CCAGGCATATCCAGCAACCA,0,3779782
tolCp3,0.25,3,3,CCAGGACCCTCTACCTCATT,0,3786056
tolCp3,0.25,3,3,CCAGCTGCCAAGGCGTGGCA,0,3779089
tolCp3,0.25,3,3,CCAGCCCGTAAGTGGCACTG,0,3803950
tolCp3,0.25,3,3,CCAGATTGGCAGGGCGGGAT,0,3807653
tolCp3,0.25,3,3,CCAGATCTCCGTGTCCCAAA,0,3782045
tolCp3,0.25,3,3,CCACGGGTGTGTGCACTTCG,0,3796386
tolCp3,0.25,3,3,CCACGGAGACGAGGGCCTCA,0,3807725
tolCp3,0.25,3,3,CCACGCGGCACTCTATAAGG,0,3775839
tolCp3,0.25,3,3,CCACAGAGGAACGGGGGCAG,0,3796744
tolCp3,0.25,3,3,CCACAACATTAGAGAAGAAG,0,3798855
tolCp3,0.25,3,3,CCAATAAGCAATCGTGGCCC,0,3782355
tolCp3,0.25,3,3,CCAAATTAGCTGACCCTGTA,0,3782251
tolCp3,0.25,3,3,CCAAAAAATTTTTGAACGCC,0,3796978
tolCp3,0.25,3,3,CATTTTATCGATTCAATGCG,0,3798681
tolCp3,0.25,3,3,CATTTGAATGAACGAATAGA,0,3801024
tolCp3,0.25,3,3,CATTTATAGTGCGCCCCGAG,0,3786190
tolCp3,0.25,3,3,CATTGGAAAAAGATCCGAAC,0,3790210
tolCp3,0.25,3,3,CATTGATAACGAACTAAGGT,0,3806408
tolCp3,0.25,3,3,CATTCGGTTGGGCTGGTACC,0,3796299
tolCp3,0.25,3,3,CATTCAGTAGATTTTGCTCG,0,3783947
tolCp3,0.25,3,3,CATGTTGGCTGGAACCCTTC,0,3795704
tolCp3,0.25,3,3,CATGTTAATTGGCTAGGCGT,0,3781435
tolCp3,0.25,3,3,CATGGGTCACAAAGGAATTT,0,3788821
tolCp3,0.25,3,3,CATCTCAAAAGTCAAAGCCA,0,3783956
tolCp3,0.25,3,3,CATCGTGAGAAACTTGTCTC,0,3787935
tolCp3,0.25,3,3,CATCCTTGCAATCCAGCCGG,0,3808886
tolCp3,0.25,3,3,CATATGAGGGGGTTGCCGAT,0,3798658
tolCp3,0.25,3,3,CATATCGAGCGGGGCCGCGT,0,3800358
tolCp3,0.25,3,3,CATATACGCAAAGTGTAATT,0,3790288
tolCp3,0.25,3,3,CATAGTACTGAATTACCTTG,0,3789178
tolCp3,0.25,3,3,CATACCGTGTTGGCTGAGGT,0,3785677
tolCp3,0.25,3,3,CATAAATGGACCGCTTGTCG,0,3791529
tolCp3,0.25,3,3,CAGTGACGGTTGCACTCGGG,0,3789307
tolCp3,0.25,3,3,CAGTCGTATGCAGAGCGCGT,0,3787061
tolCp3,0.25,3,3,CAGTCGCTTAGATCTTAGCG,0,3780390
tolCp3,0.25,3,3,CAGTAGATCGGCCCATCGTG,0,3794268
tolCp3,0.25,3,3,CAGGTCCGGTAGCTCATTCT,0,3787812
tolCp3,0.25,3,3,CAGGTCACGTGTCCACCTCG,0,3776723
tolCp3,0.25,3,3,CAGGGTCCTTTGATAGGCGT,0,3800102
tolCp3,0.25,3,3,CAGGGGATACGCATGATAGC,0,3785274
tolCp3,0.25,3,3,CAGGCTAGCGCCGGTTTCGG,0,3803392
tolCp3,0.25,3,3,CAGGCGGGCCAACAAGAGAT,0,3779554
tolCp3,0.25,3,3,CAGGACTTCCAGATGGTACA,0,3783963
tolCp3,0.25,3,3,CAGGAACGAATGCTGACGAC,0,3779767
tolCp3,0.25,3,3,CAGCTCATTAAAGTCCACAT,0,3808819
tolCp3,0.25,3,3,CAGCGAATAGGCAGTCAGCG,0,3787093
tolCp3,0.25,3,3,CAGAGTTCCGAGACATATGA,0,3786004
tolCp3,0.25,3,3,CAGAGTCGAACGTTGTTTTT,0,3797672
tolCp3,0.25,3,3,CAGAAATTAGCGATTTGCTT,0,3802416
tolCp3,0.25,3,3,CACTCTCCTTGTCACTAGAC,0,3807484
tolCp3,0.25,3,3,CACTCAGTGTGTAAGACCCG,0,3805998
tolCp3,0.25,3,3,CACTAGGTAGTACAGGTGCT,0,3793264
tolCp3,0.25,3,3,CACTAGATTCTTGGATTTGT,0,3789582
tolCp3,0.25,3,3,CACTAGAAAAATAGGGCGCG,0,3802953
tolCp3,0.25,3,3,CACTACTTGTCATTAGCTAT,0,3800281
tolCp3,0.25,3,3,CACTAAGAATAACACTGATA,0,3805468
tolCp3,0.25,3,3,CACTAAAAATGAGTGTAATA,0,3783577
tolCp3,0.25,3,3,CACGGGGACTACTCACATGG,0,3806888
tolCp3,0.25,3,3,CACCTTAAAGGTTCGGAACA,0,3805736
tolCp3,0.25,3,3,CACCTCGCTAAAGAGGTAAC,0,3791527
tolCp3,0.25,3,3,CACCGGCGCATATCTTGATA,0,3809095
tolCp3,0.25,3,3,CACCCAGGTAGCTTCCGCCC,0,3782183
tolCp3,0.25,3,3,CACCCACGTTGGATAATGCT,0,3801116
tolCp3,0.25,3,3,CACAAGCGTCGAGGTGGCAA,0,3776520
tolCp3,0.25,3,3,CACAACGCCATCACAGTGTA,0,3774862
tolCp3,0.25,3,3,CACAAACGGTCGGATCCCAA,0,3784386
tolCp3,0.25,3,3,CACAAACACGTTAAAGTAGG,0,3777152
tolCp3,0.25,3,3,CACAAAATGCGCCCAGAGCA,0,3782660
tolCp3,0.25,3,3,CAATGATCGTATTGGCGCTG,0,3782368
tolCp3,0.25,3,3,CAATCTGATTCGGAGTCGGC,0,3785487
tolCp3,0.25,3,3,CAAGGCAGTGGTAGCAAGGA,0,3783724
tolCp3,0.25,3,3,CAAGCTATCACCTACCAATC,0,3792111
tolCp3,0.25,3,3,CAAGATTCCGTCCCTCCTTC,0,3796242
tolCp3,0.25,3,3,CAAGATAAACGGTCGGGGCA,0,3799983
tolCp3,0.25,3,3,CAACTGAGGTACAGAGTTGT,0,3793874
tolCp3,0.25,3,3,CAACGTAGACTGCGTTAATG,0,3783434
tolCp3,0.25,3,3,CAACGGCCCTTGCCATTGGA,0,3775009
tolCp3,0.25,3,3,CAACGCATATCCTTCCGAAG,0,3807310
tolCp3,0.25,3,3,CAACCCTACAGATTGAGGGG,0,3797148
tolCp3,0.25,3,3,CAACCCACATTGAAGTTGAG,0,3781203
tolCp3,0.25,3,3,CAACCAAATTCTAACCTCGC,0,3808936
tolCp3,0.25,3,3,CAACATGCGGGAATGTGTTA,0,3802273
tolCp3,0.25,3,3,CAACACTATATTCAAGTTCA,0,3785886
tolCp3,0.25,3,3,CAAATTTACGGGCCGCACCC,0,3791438
tolCp3,0.25,3,3,CAAATTGTTGAATGGATTTT,0,3784697
tolCp3,0.25,3,3,CAAATAGAATTTGCACTACT,0,3791994
tolCp3,0.25,3,3,CAAAATTACTGGTTTTTTTG,0,3780472
tolCp3,0.25,3,3,CAAAAGTTCTCGTGCTAGCA,0,3787807
tolCp3,0.25,3,3,ATTTTGGTCTGCGGTGGACG,0,3805969
tolCp3,0.25,3,3,ATTTGTTCTGGTGCTAGCCT,0,3803664
tolCp3,0.25,3,3,ATTTGTCTCATAGCATCGAG,0,3791212
tolCp3,0.25,3,3,ATTTGATCTTAAATCCGAGA,0,3804679
tolCp3,0.25,3,3,ATTGGGTGGTATGTTCGGAG,0,3782958
tolCp3,0.25,3,3,ATTGGGTCGATGCCGACTTC,0,3795079
tolCp3,0.25,3,3,ATTGGCTAGAAAAGCCCGAA,0,3790627
tolCp3,0.25,3,3,ATTGGCCTAAGTTGGCGGGA,0,3784765
tolCp3,0.25,3,3,ATTGCGCGGATTTACTCAGA,0,3806489
tolCp3,0.25,3,3,ATTGATCGTAGCTGATATCT,0,3774597
tolCp3,0.25,3,3,ATTGAGGAGCCGACGTATAT,0,3805863
tolCp3,0.25,3,3,ATTCTTGGCGGATGAAACAT,0,3784443
tolCp3,0.25,3,3,ATTCTGTACGTCCGCCTAGT,0,3789601
tolCp3,0.25,3,3,ATTCTACTCCTTAATCTCTT,0,3781495
tolCp3,0.25,3,3,ATTCCGTTACAACACCCATG,0,3805392
tolCp3,0.25,3,3,ATTCAGATGGTTATTTCTTG,0,3778016
tolCp3,0.25,3,3,ATTCACTGACGCGTTCAACG,0,3799293
tolCp3,0.25,3,3,ATTATGTGCGAGGGAAAGGT,0,3793030
tolCp3,0.25,3,3,ATTAGGTTCTCCCCGTTGTC,0,3800254
tolCp3,0.25,3,3,ATTAGCTGTGTAACTTGGGC,0,3807074
tolCp3,0.25,3,3,ATTAAGTGATTCTCGCTCAT,0,3783201
tolCp3,0.25,3,3,ATTAACCCTTGCACGTTCAG,0,3809193
tolCp3,0.25,3,3,ATGTTGCCCAAACCGTAAGC,0,3794625
tolCp3,0.25,3,3,ATGTCGGCGTATGGCGCATT,0,3778147
tolCp3,0.25,3,3,ATGTCCGGCGGCGACGACGC,0,3806488
tolCp3,0.25,3,3,ATGTCAGAAGGCGTATCGCT,0,3787091
tolCp3,0.25,3,3,ATGTACGCGAATACATGAGA,0,3789087
tolCp3,0.25,3,3,ATGTAACGGGCCTACAGACT,0,3796578
tolCp3,0.25,3,3,ATGTAACCGAAATGTAGAAG,0,3777361
tolCp3,0.25,3,3,ATGGTATAGCCCGTCTGGCG,0,3799212
tolCp3,0.25,3,3,ATGGGACGGAGCCAGGTGTC,0,3785466
tolCp3,0.25,3,3,ATGGCTGTGTGAATTGTGTT,0,3796962
tolCp3,0.25,3,3,ATGGAATCCCACAGCCCGAC,0,3805249
tolCp3,0.25,3,3,ATGCTGATTTATTATACCAC,0,3805579
tolCp3,0.25,3,3,ATGCTACCAGCCCCACGTGA,0,3793942
tolCp3,0.25,3,3,ATGCCGTGCTCATCTACAAG,0,3799075
tolCp3,0.25,3,3,ATGCAGACGCTCGCCGTGGC,0,3808999
tolCp3,0.25,3,3,ATGAGAAGGCGTTCAGCCTG,0,3784677
tolCp3,0.25,3,3,ATGAGAAATTTTACTTGAGG,0,3792756
tolCp3,0.25,3,3,ATGACCGGTTTTTGCTGTCA,0,3796349
tolCp3,0.25,3,3,ATGACCCCGTGCATCCCAGC,0,3792731
tolCp3,0.25,3,3,ATGAAACTCGTGACGAACAT,0,3795463
tolCp3,0.25,3,3,ATCTGGAGTCGCGAGAGAGT,0,3785458
tolCp3,0.25,3,3,ATCTGAGATACGATCACTGC,0,3791353
tolCp3,0.25,3,3,ATCGGTTCTTACCAAGGTAT,0,3777589
tolCp3,0.25,3,3,ATCGGGGCGTCCTGCCCAGC,0,3793350
tolCp3,0.25,3,3,ATCGGGGACAGCAAAATGGC,0,3789385
tolCp3,0.25,3,3,ATCGATGCTTCACGTACCTG,0,3776436
tolCp3,0.25,3,3,ATCCTTCCCGCTAGCACGTC,0,3800508
tolCp3,0.25,3,3,ATCCTTATCTAGCTACAAAT,0,3784347
tolCp3,0.25,3,3,ATCCGTGAAGTAAGACTCGT,0,3787000
tolCp3,0.25,3,3,ATCCGCCATATGAGGTGGAT,0,3799175
tolCp3,0.25,3,3,ATCCCCCCCAATATAAGTAG,0,3780535
tolCp3,0.25,3,3,ATCCAGGGTCCGTAGTCCTA,0,3776345
tolCp3,0.25,3,3,ATCCAAGTATCAGTTCGGGT,0,3777753
tolCp3,0.25,3,3,ATCAGTTGGAACGCAGTGTG,0,3803516
tolCp3,0.25,3,3,ATCAGCATGATAGAGTAAGT,0,3801398
tolCp3,0.25,3,3,ATCACGTGTAAGCCCAGCTA,0,3777485
tolCp3,0.25,3,3,ATCACCCCTTGGGCTATCGC,0,3793827
tolCp3,0.25,3,3,ATCAATACTAATGAGAGCAT,0,3797939
tolCp3,0.25,3,3,ATATTTTCCCACTTCCGCAA,0,3799643
tolCp3,0.25,3,3,ATATTTAAGGACCGGCAACC,0,3800525
tolCp3,0.25,3,3,ATATTCTGCTGCGATCGGTA,0,3780150
tolCp3,0.25,3,3,ATATTAGGGCGGGTGTCTCA,0,3796020
tolCp3,0.25,3,3,ATATGTATCACAGGGCAGCC,0,3796555
tolCp3,0.25,3,3,ATATCGATCCACGCCCAGAT,0,3808062
tolCp3,0.25,3,3,ATATCACAAAGCAGCAGTAT,0,3779411
tolCp3,0.25,3,3,ATAGGTGTGCGGACGCATGG,0,3793461
tolCp3,0.25,3,3,ATAGGTACCCAGATCCGTAT,0,3788156
tolCp3,0.25,3,3,ATAGACGTCCTCACGTGGAT,0,3804214
tolCp3,0.25,3,3,ATAGAAGGTTAGGGACTTGC,0,3783483
tolCp3,0.25,3,3,ATACTTCTTGGACCGTATTC,0,3786021
tolCp3,0.25,3,3,ATACTATGACCAGGGACTAA,0,3802731
tolCp3,0.25,3,3,ATACGAGGTTTTCAATAGTT,0,3809255
tolCp3,0.25,3,3,ATACACTTCAGCGTGTGGAT,0,3780696
tolCp3,0.25,3,3,ATAATCATCCGGCATACAAA,0,3799079
tolCp3,0.25,3,3,ATAACAATTCAAGGTCGGCG,0,3796042
tolCp3,0.25,3,3,ATAAATGTCTACATAGTCTG,0,3808286
tolCp3,0.25,3,3,ATAAATCAGCGTGTCCCGCG,0,3793691
tolCp3,0.25,3,3,ATAAAACTAGGTCGCGTGGT,0,3805527
tolCp3,0.25,3,3,AGTTTTTTTTCTGTGGTTTT,0,3796812
tolCp3,0.25,3,3,AGTTTGTGCCCAGCGCTGAA,0,3788381
tolCp3,0.25,3,3,AGTTGGCTAGATCGCCGTTC,0,3792424
tolCp3,0.25,3,3,AGTTCATGAACGTCGGTTTT,0,3798127
tolCp3,0.25,3,3,AGTTATCCTATAGAATGGGA,0,3802688
tolCp3,0.25,3,3,AGTTACTTTGAAGCGGATGC,0,3776942
tolCp3,0.25,3,3,AGTTAACGACTCTGTGGCAA,0,3791422
tolCp3,0.25,3,3,AGTGTGATATTGCACATTGC,0,3776352
tolCp3,0.25,3,3,AGTGGAGTATTTGTGTAGCG,0,3779858
tolCp3,0.25,3,3,AGTGCCCCTCGCGAATGAGA,0,3785329
tolCp3,0.25,3,3,AGTGCAGATATGCCAGCAGG,0,3800332
tolCp3,0.25,3,3,AGTGCACACAACAAGGCGGT,0,3786123
tolCp3,0.25,3,3,AGTCATGGGCGTCCCCGCAC,0,3777068
tolCp3,0.25,3,3,AGTCATGCGTTGCACAAGTT,0,3786343
tolCp3,0.25,3,3,AGTATAGACTGGAAGATAGT,0,3785919
tolCp3,0.25,3,3,AGTATAACCTTCACCGATGT,0,3808554
tolCp3,0.25,3,3,AGTAGGGTTTTCGGTGTAGG,0,3776323
tolCp3,0.25,3,3,AGTAGACCGTCGTTTCTCGC,0,3804056
tolCp3,0.25,3,3,AGTACGTGGGGTAAGTACGA,0,3800079
tolCp3,0.25,3,3,AGTACAAAGTTGGCAGGTTA,0,3792330
tolCp3,0.25,3,3,AGTAATAGGACGCAGACTAC,0,3781252
tolCp3,0.25,3,3,AGTAAGTGCATCCAAACACC,0,3808190
tolCp3,0.25,3,3,AGGTTTCGACGAAAATCATT,0,3787219
tolCp3,0.25,3,3,AGGTTAAGGATCGGTACGCA,0,3797099
tolCp3,0.25,3,3,AGGTGCAGATCGTCATGTAT,0,3796100
tolCp3,0.25,3,3,AGGTGATGAGTCAAGGCGGC,0,3789535
tolCp3,0.25,3,3,AGGTGACGTAGGATACGCAT,0,3776263
tolCp3,0.25,3,3,AGGGTATCAAGATTCCCAGC,0,3779895
tolCp3,0.25,3,3,AGGGCTAGCCGGAACAGTGA,0,3790764
tolCp3,0.25,3,3,AGGGACAGTACCCCTATTAT,0,3802880
tolCp3,0.25,3,3,AGGCTGCCCGGTTAAAAGAC,0,3806727
tolCp3,0.25,3,3,AGGCGTTGAGGACGTGTTGC,0,3774746
tolCp3,0.25,3,3,AGGCGTGGGGACCCCGCCTG,0,3788237
tolCp3,0.25,3,3,AGGCGATTGGCTCGAAGCAT,0,3782127
tolCp3,0.25,3,3,AGGCCGACATTCCACTATGC,0,3792959
tolCp3,0.25,3,3,AGGCCATGGCTTTGATTGTA,0,3774933
tolCp3,0.25,3,3,AGGCATTACCATCAATACCC,0,3777185
tolCp3,0.25,3,3,AGGAGTCATTAATCAACAAA,0,3776143
tolCp3,0.25,3,3,AGGAGCGTAAGCCTGAAACC,0,3783768
tolCp3,0.25,3,3,AGGACACTGACTGATCCTTT,0,3776163
tolCp3,0.25,3,3,AGGAATACCTCGGCACCGGT,0,3801672
tolCp3,0.25,3,3,AGGAAGGGATACATGAGAAT,0,3785947
tolCp3,0.25,3,3,AGCTTAGGACAACCTCTTAA,0,3789591
tolCp3,0.25,3,3,AGCTGGTAATATGAGTGAAT,0,3786973
tolCp3,0.25,3,3,AGCTCGTTCCCTCGGGCCAA,0,3798094
tolCp3,0.25,3,3,AGCTATTGGTTACAGCATAT,0,3801037
tolCp3,0.25,3,3,AGCTAACTATGTGTTGATAG,0,3776762
tolCp3,0.25,3,3,AGCGTCTCCTAGAAACGTAT,0,3797144
tolCp3,0.25,3,3,AGCGGTTATAGGCTAGCCAT,0,3775793
tolCp3,0.25,3,3,AGCGGTACTGGAGGTCGATC,0,3804050
tolCp3,0.25,3,3,AGCGGCTCGTACCGCTCGAA,0,3809058
tolCp3,0.25,3,3,AGCGCTTCAGTGTGCACTCT,0,3809151
tolCp3,0.25,3,3,AGCGCCAGGGCAATTATTGA,0,3782299
tolCp3,0.25,3,3,AGCGAGGATCCTCGACAGGA,0,3787553
tolCp3,0.25,3,3,AGCCTAACTCTATAGATTAC,0,3804838
tolCp3,0.25,3,3,AGCCGATATCCTGGGACCAT,0,3789660
tolCp3,0.25,3,3,AGCCGAGACGGTCGGAAGGG,0,3802449
tolCp3,0.25,3,3,AGCCCTCAAGTCGTCAAGAC,0,3793637
tolCp3,0.25,3,3,AGCCATGCTCGTTCGGGAAG,0,3786990
tolCp3,0.25,3,3,AGCCAAGTGGCTTACTAGGC,0,3805946
tolCp3,0.25,3,3,AGCATTTGTTCTGAGCAATT,0,3798495
tolCp3,0.25,3,3,AGCACTCAGGAAACGTAAGA,0,3780409
tolCp3,0.25,3,3,AGCACACCCATCTAACACAC,0,3809068
tolCp3,0.25,3,3,AGCAAGGCCCTGTGGCGCGG,0,3783321
tolCp3,0.25,3,3,AGATTTCCTGGGCAACTGCT,0,3792773
tolCp3,0.25,3,3,AGATTAATAATCAGCCTCCA,0,3804125
tolCp3,0.25,3,3,AGATAACTCATTATTGATCG,0,3805545
tolCp3,0.25,3,3,AGAGTTGCTCTTATCCTGCA,0,3791557
tolCp3,0.25,3,3,AGAGTTAAAATAGGCCCGCT,0,3788649
tolCp3,0.25,3,3,AGAGTGTATTGCTAAACATA,0,3795447
tolCp3,0.25,3,3,AGAGTCTCGCCAGTGGGTAT,0,3788442
tolCp3,0.25,3,3,AGAGGGTGAGTTAGGTGCTC,0,3806170
tolCp3,0.25,3,3,AGAGCGTTCGGGGTTTGCGA,0,3790277
tolCp3,0.25,3,3,AGACGTACCAGGATTTAACC,0,3775326
tolCp3,0.25,3,3,AGACGGTTCATGGGTGGGAC,0,3805666
tolCp3,0.25,3,3,AGAAGCTGAGCGTTCCCCTA,0,3781648
tolCp3,0.25,3,3,AGAACGTCCCTCACCGCCAG,0,3803741
tolCp3,0.25,3,3,AGAAATCCTTACGCCCATAG,0,3791121
tolCp3,0.25,3,3,AGAAAGGAGAGCCCATTCCA,0,3779746
tolCp3,0.25,3,3,AGAAAGAGGGTCTTAATGAT,0,3802118
tolCp3,0.25,3,3,ACTTTTCCGGAGTGTCGGGG,0,3796162
tolCp3,0.25,3,3,ACTTTCCGCGTACGATTATT,0,3794144
tolCp3,0.25,3,3,ACTTGAGTTCATAAAGGGCA,0,3792877
tolCp3,0.25,3,3,ACTTGAAGGTTACACAAAAG,0,3782132
tolCp3,0.25,3,3,ACTTACGACAAAGCAACCAT,0,3808808
tolCp3,0.25,3,3,ACTTACCAGGTCATAACGTA,0,3799598
tolCp3,0.25,3,3,ACTGTACTGCAGACAGTGGG,0,3781224
tolCp3,0.25,3,3,ACTGGGTGATTCCGAGGAAC,0,3800282
tolCp3,0.25,3,3,ACTGGCTTTCACGAGGATGG,0,3789499
tolCp3,0.25,3,3,ACTGCCTGACGATGTAACCC,0,3804763
tolCp3,0.25,3,3,ACTGACATATGTTGTGTCGC,0,3788544
tolCp3,0.25,3,3,ACTGAAGGCAGTAGGAATGC,0,3801940
tolCp3,0.25,3,3,ACTGAACGCGACGCAAAGTT,0,3806870
tolCp3,0.25,3,3,ACTCTTGGGACATATAGATC,0,3793247
tolCp3,0.25,3,3,ACTCTGCCAGCATGATTAAA,0,3775341
tolCp3,0.25,3,3,ACTCGAGGACACGTCATGGG,0,3787425
tolCp3,0.25,3,3,ACTCCTTCGCTCGAGGTACA,0,3781115
tolCp3,0.25,3,3,ACTCATTAGTTCAGCTGAGT,0,3796857
tolCp3,0.25,3,3,ACTATCACGCGTTGACTGGA,0,3785283
tolCp3,0.25,3,3,ACTAGGGCACGGTATTGTCC,0,3785451
tolCp3,0.25,3,3,ACTACTGTGCTTAAAGTCAT,0,3782273
tolCp3,0.25,3,3,ACTAAGTGCCCGGGGAACCG,0,3797495
tolCp3,0.25,3,3,ACTAACAACCTGGGTATGCC,0,3780558
tolCp3,0.25,3,3,ACGTTGGGCCGATGTATCAT,0,3797460
tolCp3,0.25,3,3,ACGTGGTACCAAGAGACCAG,0,3801889
tolCp3,0.25,3,3,ACGTGGTAAATTGACAAGCA,0,3801341
tolCp3,0.25,3,3,ACGTGATACGTAACTATTCA,0,3788948
tolCp3,0.25,3,3,ACGGTAAGGTCTCTACGTGA,0,3801567
tolCp3,0.25,3,3,ACGGGTGTTTCAGTACTTAC,0,3787467
tolCp3,0.25,3,3,ACGGGCGACACGGTATATCA,0,3776095
tolCp3,0.25,3,3,ACGGGCCATTCGGCGTCCTT,0,3799236
tolCp3,0.25,3,3,ACGGCCCGAGTGTAGTGTTT,0,3801754
tolCp3,0.25,3,3,ACGGAAAAACAGATTATGGT,0,3792463
tolCp3,0.25,3,3,ACGCCGTGTGCCACTGCTAG,0,3800486
tolCp3,0.25,3,3,ACGCCATTTCCTATCCCAGC,0,3797044
tolCp3,0.25,3,3,ACGATGTTTTGCGTTATTTC,0,3788918
tolCp3,0.25,3,3,ACGATATCAGCACAATGATC,0,3791201
tolCp3,0.25,3,3,ACGAGCTTAATTCGAGAGTA,0,3798258
tolCp3,0.25,3,3,ACGAGCAGTGATTCTGTGGC,0,3777728
tolCp3,0.25,3,3,ACGACCTCGCTCCATACCCA,0,3804856
tolCp3,0.25,3,3,ACGAATACTATTACGCCAAG,0,3791209
tolCp3,0.25,3,3,ACCTTGGGCCTCGGGCAGAT,0,3778989
tolCp3,0.25,3,3,ACCTGTAGCATATTATCGTA,0,3793329
tolCp3,0.25,3,3,ACCTCCGCCTTCGAGGGGGG,0,3803801
tolCp3,0.25,3,3,ACCTAATCTTAACTCACCAC,0,3799510
tolCp3,0.25,3,3,ACCGTTAGGTCGAATTATGC,0,3798469
tolCp3,0.25,3,3,ACCGGTTCGTGAACTCCGGT,0,3798257
tolCp3,0.25,3,3,ACCGGGTCTGCGTGGCTTTA,0,3789124
tolCp3,0.25,3,3,ACCGGCCCCATCTGGGCCGT,0,3778131
tolCp3,0.25,3,3,ACCGGAGTGTCGAGCGGCAT,0,3791705
tolCp3,0.25,3,3,ACCGCTGACTCGACTCTGGC,0,3775602
tolCp3,0.25,3,3,ACCGCTCACGTTTTCTAGTA,0,3776883
tolCp3,0.25,3,3,ACCGCGCATCTAAACTTGTT,0,3796829
tolCp3,0.25,3,3,ACCGCAGTACCACACCGGAT,0,3800395
tolCp3,0.25,3,3,ACCGATCCGTATACCGAAAG,0,3805742
tolCp3,0.25,3,3,ACCCGATATGGCCCTAATCA,0,3787420
tolCp3,0.25,3,3,ACCCCTGATGGGGTACTAAG,0,3801011
tolCp3,0.25,3,3,ACCCCCAAGTTTTAACCACT,0,3776656
tolCp3,0.25,3,3,ACCCCAAGCACACTGTGTGG,0,3806111
tolCp3,0.25,3,3,ACCCATTTCAGGGCTGATCT,0,3782114
tolCp3,0.25,3,3,ACCCAGTTGCAACCCAACTG,0,3786740
tolCp3,0.25,3,3,ACCCACAGAAGTCCCTACGC,0,3799732
tolCp3,0.25,3,3,ACCATTCCTCGGCACTGGAG,0,3785148
tolCp3,0.25,3,3,ACCATGTCGAACATCTAAAG,0,3804006
tolCp3,0.25,3,3,ACATTGTGGGATACGCCCGT,0,3787257
tolCp3,0.25,3,3,ACATTGAGGGGTAGATAAAG,0,3784810
tolCp3,0.25,3,3,ACATTACCTAAGCAGTTCTG,0,3793534
tolCp3,0.25,3,3,ACATGGTGAATGCCGGGAAT,0,3799248
tolCp3,0.25,3,3,ACATAGATTTAACTGTAAGT,0,3785944
tolCp3,0.25,3,3,ACAGGTGAGAATATCGACGC,0,3794052
tolCp3,0.25,3,3,ACAGGATTTGGGCTTATTCA,0,3807314
tolCp3,0.25,3,3,ACACTTTGTGGCTTTGAAGA,0,3782511
tolCp3,0.25,3,3,ACACGTCCGATGGAAATGAC,0,3792788
tolCp3,0.25,3,3,ACACGGCGTGGCCTCAAAGG,0,3794526
tolCp3,0.25,3,3,ACACGACCTTCGTGGGCAAT,0,3785276
tolCp3,0.25,3,3,ACACAGGCGATCTTAAACGG,0,3793558
tolCp3,0.25,3,3,ACAAGCTATGAAAGCTTCCC,0,3809375
tolCp3,0.25,3,3,ACAACCGATCTGCATCACCC,0,3796259
tolCp3,0.25,3,3,AATTTTATAGCTCAGAAGCC,0,3791057
tolCp3,0.25,3,3,AATTGTTCCAGGGGGGGAGA,0,3789579
tolCp3,0.25,3,3,AATTGCTGTCTAGCGAGTTT,0,3776714
tolCp3,0.25,3,3,AATTGAAGTGTCGCCCGCAA,0,3797789
tolCp3,0.25,3,3,AATTCACGATCAAGCTTATG,0,3797876
tolCp3,0.25,3,3,AATTATGTGAAGACCTGAGA,0,3786904
tolCp3,0.25,3,3,AATTAGAGGCCCAAACTACT,0,3784360
tolCp3,0.25,3,3,AATGGTATCAAGATCCAACT,0,3795207
tolCp3,0.25,3,3,AATGGGCCAGCGCCCCAAAG,0,3779714
tolCp3,0.25,3,3,AATGGACGGGTGAGTCGGGT,0,3800923
tolCp3,0.25,3,3,AATGCCCACTGGTGAATCGG,0,3784116
tolCp3,0.25,3,3,AATGCCACACGGACTCCACT,0,3803342
tolCp3,0.25,3,3,AATCTTATGTGTCACCGTGA,0,3805150
tolCp3,0.25,3,3,AATCTGTGACCGCACCGTAC,0,3787559
tolCp3,0.25,3,3,AATCTCTCCTTGCTTTAACT,0,3786511
tolCp3,0.25,3,3,AATCGTTGGGTTCAGCTTCC,0,3796012
tolCp3,0.25,3,3,AATCAGCAAGCCCGCGTGAC,0,3790111
tolCp3,0.25,3,3,AATCAGAAACAATAGCCCAG,0,3790786
tolCp3,0.25,3,3,AATATTTGTAATTCCGAAAG,0,3778010
tolCp3,0.25,3,3,AATATACTCGACACTCCGCG,0,3786915
tolCp3,0.25,3,3,AATAGGTCGTCACCCCAAGA,0,3777432
tolCp3,0.25,3,3,AATACTTAGTTGGGGTACAC,0,3800514
tolCp3,0.25,3,3,AATACTAGGATGCTTGAGGG,0,3807286
tolCp3,0.25,3,3,AATAAGTATGCGGTCGGCCA,0,3791885
tolCp3,0.25,3,3,AAGTACTCTGGGGACCGGAT,0,3786324
tolCp3,0.25,3,3,AAGGTGTTTCGCCCAGGATG,0,3804479
tolCp3,0.25,3,3,AAGGGCTTGGTGCTCGGTTT,0,3806534
tolCp3,0.25,3,3,AAGGGAGCTGTTGGCAAGGA,0,3789224
tolCp3,0.25,3,3,AAGGGAACCGAAACATCCCA,0,3808021
tolCp3,0.25,3,3,AAGCTGGGTGGTCGTGAAGG,0,3804029
tolCp3,0.25,3,3,AAGCGGCTAATGTCTGTCAA,0,3798261
tolCp3,0.25,3,3,AAGCAAGGCACGAACTAGAA,0,3799328
tolCp3,0.25,3,3,AAGAGGGACTTCCTTTTGCG,0,3806415
tolCp3,0.25,3,3,AAGAGATTGCACGCGTTTGG,0,3800149
tolCp3,0.25,3,3,AAGACTGCCAATCGCCTATT,0,3805721
tolCp3,0.25,3,3,AAGAATGGCTGAGAAGGGTA,0,3802613
tolCp3,0.25,3,3,AAGAAATGGGATGGATAGAC,0,3785292
tolCp3,0.25,3,3,AACTTGGCTCGCCGAGCAAA,0,3796830
tolCp3,0.25,3,3,AACTTCAGCCTACAACGTGG,0,3803612
tolCp3,0.25,3,3,AACTTCAAGTGCACCTAGAA,0,3790587
tolCp3,0.25,3,3,AACTTAGGCATAGGCGGCTG,0,3795249
tolCp3,0.25,3,3,AACTTAAGTAAGTTTATCTA,0,3804964
tolCp3,0.25,3,3,AACTGTGCTTAAAGTCGGAT,0,3787573
tolCp3,0.25,3,3,AACTGGTAATAGGACTGCAG,0,3799464
tolCp3,0.25,3,3,AACGTGGATGCTCCCAAGAC,0,3804193
tolCp3,0.25,3,3,AACGTCTATATGGAGTCTAA,0,3791396
tolCp3,0.25,3,3,AACGGTCAGAGCCGTGCCGA,0,3808178
tolCp3,0.25,3,3,AACGGGTTGTACGAAGTAGA,0,3782532
tolCp3,0.25,3,3,AACGCACCCGGGCTAAATGT,0,3803534
tolCp3,0.25,3,3,AACGCACAGCCTCACAAGGC,0,3777142
tolCp3,0.25,3,3,AACGATGCCTTGGCGGCGAG,0,3783131
tolCp3,0.25,3,3,AACCGTTGTTCTCATATTCT,0,3793828
tolCp3,0.25,3,3,AACCAATGGGGCTCTTCGTC,0,3790089
tolCp3,0.25,3,3,AACAGAGAGAGGACGTTCAC,0,3777413
tolCp3,0.25,3,3,AACACCCTACCAAAGCATTA,0,3783978
tolCp3,0.25,3,3,AACAACTGGTGCACAATATG,0,3793071
tolCp3,0.25,3,3,AACAAAAAAGGAAGGTTGTT,0,3778644
tolCp3,0.25,3,3,AAATTATCTGAGTCTCGCTC,0,3808727
tolCp3,0.25,3,3,AAATGTTTGGGCAGGGTGAA,0,3791602
tolCp3,0.25,3,3,AAATGTTGCCAGCTGACGCT,0,3788763
tolCp3,0.25,3,3,AAATCGTAGGGGATTGCTGG,0,3806589
tolCp3,0.25,3,3,AAATCCGTACCCGGGAGCTC,0,3801461
tolCp3,0.25,3,3,AAAGGGTGACTGACTCATTG,0,3807594
tolCp3,0.25,3,3,AAAGGGCAGTGCTAGCTTAA,0,3780809
tolCp3,0.25,3,3,AAAGGGAGTTAGTCCATTAT,0,3804117
tolCp3,0.25,3,3,AAAGGAGAGTCTGTCCGGCC,0,3801927
tolCp3,0.25,3,3,AAAGCACCACTTGGATTGCA,0,3790057
tolCp3,0.25,3,3,AAACGAGACCCGACCGGTTG,0,3800665
tolCp3,0.25,3,3,AAACCGCGACCCGTGAACAT,0,3808614
tolCp3,0.25,3,3,AAACCCCCTCATCCGCAACC,0,3779443
tolCp3,0.25,3,3,AAACAGATTACATACTCTGC,0,3788513
tolCp3,0.25,3,3,AAACACGCCGCGTTAGACAA,0,3807403
tolCp3,0.25,3,3,AAAATATCGTCTTCCGGTCA,0,3777242
tolCp3,0.25,3,3,AAAAGTGTTCCTCAGCAACG,0,3794704
tolCp3,0.25,3,3,AAAAGTCCGACTTCCGGACC,0,3786418
tolCp3,0.25,3,3,AAAAGTCCCCATTGGTGAGA,0,3802941
tolCp3,0.25,3,3,AAAACTCTCACTTTCTGACT,0,3798481
tolCp3,0.3333333333333333,2,2,TTTTGGCTACTCCGCTACTG,0,3807939
tolCp3,0.3333333333333333,2,2,TTTTCGCTGGTACCCACTTT,0,3790716
tolCp3,0.3333333333333333,2,2,TTTTCCCGGTGCTACTTCGG,0,3780036
tolCp3,0.3333333333333333,2,2,TTTTCATCGTTGGAGGGTGA,0,3798530
tolCp3,0.3333333333333333,2,2,TTTTCAAATGTCGAATAAAC,0,3779425
tolCp3,0.3333333333333333,2,2,TTTTAGGAGGCACACCAATG,0,3786441
tolCp3,0.3333333333333333,2,2,TTTTAGCGCGAAGACTGAGG,0,3808180
tolCp3,0.3333333333333333,2,2,TTTTACCGTCGTGGATTGCA,0,3790884
tolCp3,0.3333333333333333,2,2,TTTTAACCGATACGTTGCAA,0,3789877
tolCp3,0.3333333333333333,2,2,TTTGTGTGATGAGGATGAAG,0,3778614
tolCp3,0.3333333333333333,2,2,TTTGTGCTTCACGGATCGGC,0,3795342
tolCp3,0.3333333333333333,2,2,TTTGGGAAAGGTTCTGGACG,0,3783614
tolCp3,0.3333333333333333,2,2,TTTGGATGGCTTAAAAGTAT,0,3795164
tolCp3,0.3333333333333333,2,2,TTTGCCGTTCGCGGGTGGCG,0,3789208
tolCp3,0.3333333333333333,2,2,TTTGCATGAGCCAAACCTGG,0,3778756
tolCp3,0.3333333333333333,2,2,TTTGATCTACCGCCCGGGGG,0,3790852
tolCp3,0.3333333333333333,2,2,TTTGAGTTACGAAGTTGTTT,0,3809200
tolCp3,0.3333333333333333,2,2,TTTCTTTGCGAGAATAGTCA,0,3795525
tolCp3,0.3333333333333333,2,2,TTTCCTTGCTTGTAAAGGGG,0,3789076
tolCp3,0.3333333333333333,2,2,TTTCAGAACTATATGGCGAG,0,3799466
tolCp3,0.3333333333333333,2,2,TTTATACAAACGTGGGCCGT,0,3780140
tolCp3,0.3333333333333333,2,2,TTTAGGATCAAAGACCCGGT,0,3792631
tolCp3,0.3333333333333333,2,2,TTTACGTTTAGCTTCCCACT,0,3774760
tolCp3,0.3333333333333333,2,2,TTTACGTGCCGCTTGGCAGG,0,3805602
tolCp3,0.3333333333333333,2,2,TTTAATTAGCGTGTTCGGAT,0,3784032
tolCp3,0.3333333333333333,2,2,TTTAATGAGTTGTGGCTCGT,0,3782072
tolCp3,0.3333333333333333,2,2,TTTAAGGCTGAGCGTAGAAA,0,3790947
tolCp3,0.3333333333333333,2,2,TTTAACCCTCCCCGTCAAAA,0,3776941
tolCp3,0.3333333333333333,2,2,TTGTTGCGGGTAATTCTTTG,0,3779712
tolCp3,0.3333333333333333,2,2,TTGTTGCCCCGAACTTCAAC,0,3796642
tolCp3,0.3333333333333333,2,2,TTGTTCAGTCGAAAAGCGTG,0,3778727
tolCp3,0.3333333333333333,2,2,TTGTCCTGTACAGGTCGTTA,0,3775756
tolCp3,0.3333333333333333,2,2,TTGTAGCGCTTGCAAGCCGA,0,3784700
tolCp3,0.3333333333333333,2,2,TTGGTTTTCCGAGCCTCCCG,0,3794709
tolCp3,0.3333333333333333,2,2,TTGGTGCTCAACGTTCGTCT,0,3779645
tolCp3,0.3333333333333333,2,2,TTGGTAGTATAGGGCACTCC,0,3793437
tolCp3,0.3333333333333333,2,2,TTGGCGGACATTACACCATA,0,3795851
tolCp3,0.3333333333333333,2,2,TTGGCGACATATATTTGGAT,0,3802927
tolCp3,0.3333333333333333,2,2,TTGGAGGAGCGCATACGATC,0,3797985
tolCp3,0.3333333333333333,2,2,TTGGAAATAACATCTCCGCG,0,3799531
tolCp3,0.3333333333333333,2,2,TTGCGTTGCGACGGCGAGAC,0,3798503
tolCp3,0.3333333333333333,2,2,TTGCGAGGGTATTGTGGGTC,0,3781011
tolCp3,0.3333333333333333,2,2,TTGCCTGGCTCAGTAAAGCG,0,3778181
tolCp3,0.3333333333333333,2,2,TTGCCGGTTCCTCACACAAG,0,3786019
tolCp3,0.3333333333333333,2,2,TTGCATTAAGTACTAGGTCA,0,3793573
tolCp3,0.3333333333333333,2,2,TTGCATCATAACGTCTAGGA,0,3792053
tolCp3,0.3333333333333333,2,2,TTGATCTGGAGTGTGACCGA,0,3806369
tolCp3,0.3333333333333333,2,2,TTGATACTTAAAATACGGGC,0,3800034
tolCp3,0.3333333333333333,2,2,TTGAGTGACGGGACCAACTC,0,3788780
tolCp3,0.3333333333333333,2,2,TTGACGTCGAATACGGTGGG,0,3809014
tolCp3,0.3333333333333333,2,2,TTGACGTCCAAGTACCTCGC,0,3804926
tolCp3,0.3333333333333333,2,2,TTGAATGAACGGCGCTAAAT,0,3776410
tolCp3,0.3333333333333333,2,2,TTCTGCGGTGGAGTAATGAT,0,3801030
tolCp3,0.3333333333333333,2,2,TTCTCTCCCTACAAGAACCA,0,3783384
tolCp3,0.3333333333333333,2,2,TTCTATCAAACATAGCTCGC,0,3799094
tolCp3,0.3333333333333333,2,2,TTCGTCAACCGGCCAGCCGA,0,3807922
tolCp3,0.3333333333333333,2,2,TTCGTACGGCGACGACAGCT,0,3800510
tolCp3,0.3333333333333333,2,2,TTCGCGTCCGCGCAAGGTGA,0,3793450
tolCp3,0.3333333333333333,2,2,TTCGCGATCGTCCCCCCCGA,0,3793306
tolCp3,0.3333333333333333,2,2,TTCGATTCTACTCCTGGACA,0,3803049
tolCp3,0.3333333333333333,2,2,TTCGAGTCGAACATTATGGA,0,3803620
tolCp3,0.3333333333333333,2,2,TTCGACTTGCTTTTTAAGAG,0,3784215
tolCp3,0.3333333333333333,2,2,TTCCTTTGCAATTTCCTTTG,0,3802682
tolCp3,0.3333333333333333,2,2,TTCCTTGCACTCACACTGAG,0,3809324
tolCp3,0.3333333333333333,2,2,TTCCGTATATACGACAAAAA,0,3807350
tolCp3,0.3333333333333333,2,2,TTCCGCTTAGATTGATCGTC,0,3802231
tolCp3,0.3333333333333333,2,2,TTCCCGCGCTCGCAAGGTCT,0,3790955
tolCp3,0.3333333333333333,2,2,TTCATTGGGTCCGCGCGCGG,0,3807337
tolCp3,0.3333333333333333,2,2,TTCATTGATGGTATCAACGA,0,3792136
tolCp3,0.3333333333333333,2,2,TTCATACATATATAGCAGTC,0,3790380
tolCp3,0.3333333333333333,2,2,TTCATACACTGTAGGGAGCT,0,3795210
tolCp3,0.3333333333333333,2,2,TTCAGTCCGGCCATTCTCCG,0,3789408
tolCp3,0.3333333333333333,2,2,TTCAGGAACGCCCTGGCATT,0,3785208
tolCp3,0.3333333333333333,2,2,TTCACCAATTTCTTATACGT,0,3794939
tolCp3,0.3333333333333333,2,2,TTCAATGGCATGATTCGATC,0,3797005
tolCp3,0.3333333333333333,2,2,TTCAACGTTAGTTTGTCTAG,0,3784262
tolCp3,0.3333333333333333,2,2,TTCAAATGTAGTCAGGCTAA,0,3781907
tolCp3,0.3333333333333333,2,2,TTCAAAAATAACCGGTTGTG,0,3776738
tolCp3,0.3333333333333333,2,2,TTATGTGGCGGGCTGGCTAA,0,3774538
tolCp3,0.3333333333333333,2,2,TTATAGGAGGTGTCCCGAAG,0,3800569
tolCp3,0.3333333333333333,2,2,TTATAGCATAAACAGAAGAG,0,3775557
tolCp3,0.3333333333333333,2,2,TTATACGTTATCGGCGTCAC,0,3805440
tolCp3,0.3333333333333333,2,2,TTATACCAGTTTTCCATAGT,0,3802955
tolCp3,0.3333333333333333,2,2,TTATAACAAAGCAACGTGCT,0,3804849
tolCp3,0.3333333333333333,2,2,TTAGGTGTTGGAAATACGTC,0,3805743
tolCp3,0.3333333333333333,2,2,TTAGATGGCCGGGAGGTACG,0,3805806
tolCp3,0.3333333333333333,2,2,TTAGACCTGGTGATTGTTAT,0,3781549
tolCp3,0.3333333333333333,2,2,TTACTCTCTGTAGTATACGT,0,3798904
tolCp3,0.3333333333333333,2,2,TTACCATTACTCCATCAGTT,0,3788698
tolCp3,0.3333333333333333,2,2,TGTTCTGTAAAGGTCCAGGT,0,3787965
tolCp3,0.3333333333333333,2,2,TGTTATTCATTTTTTTAGGG,0,3806827
tolCp3,0.3333333333333333,2,2,TGTTACTGGGTATACCGATT,0,3808931
tolCp3,0.3333333333333333,2,2,TGTGTCGCAATACGATTTGT,0,3780715
tolCp3,0.3333333333333333,2,2,TGTGTAAACCAACGTAAGGT,0,3775191
tolCp3,0.3333333333333333,2,2,TGTGGTACATATTATTAGGG,0,3784095
tolCp3,0.3333333333333333,2,2,TGTGGGGGTCCGTATCGGAA,0,3793536
tolCp3,0.3333333333333333,2,2,TGTGCGCGGACATAGCGTTC,0,3784567
tolCp3,0.3333333333333333,2,2,TGTGCGAACAGAACCGGCGC,0,3792874
tolCp3,0.3333333333333333,2,2,TGTGCAGCCATTGGTTGTCT,0,3776734
tolCp3,0.3333333333333333,2,2,TGTGATCACAAGAAGTGAAA,0,3798811
tolCp3,0.3333333333333333,2,2,TGTGATAATCACGTCCTATG,0,3793936
tolCp3,0.3333333333333333,2,2,TGTGACATACGCCGCGATTC,0,3805193
tolCp3,0.3333333333333333,2,2,TGTGAAATGGGGTTTTCGAT,0,3781523
tolCp3,0.3333333333333333,2,2,TGTCTCATATGGCCACGTTG,0,3780962
tolCp3,0.3333333333333333,2,2,TGTCGTGGCTGAGGCGCCCA,0,3801339
tolCp3,0.3333333333333333,2,2,TGTCGCCTCGGGTCCCCCCT,0,3798436
tolCp3,0.3333333333333333,2,2,TGTCCGGCTTAGCATCTTGT,0,3783120
tolCp3,0.3333333333333333,2,2,TGTCCGCCGGTCGAAGAATA,0,3784157
tolCp3,0.3333333333333333,2,2,TGTAGGTCCCCATTGAATCA,0,3794949
tolCp3,0.3333333333333333,2,2,TGTACGGATAGCGGCGGGTG,0,3806052
tolCp3,0.3333333333333333,2,2,TGTACATACGGTATCATGCT,0,3804381
tolCp3,0.3333333333333333,2,2,TGTAAGCGTCGCCAATCAAT,0,3803065
tolCp3,0.3333333333333333,2,2,TGTAAGAAAAAAGAATCATT,0,3797098
tolCp3,0.3333333333333333,2,2,TGGTTGATCACATGGGTATT,0,3800233
tolCp3,0.3333333333333333,2,2,TGGTGTCAAGCGCTTGTAAT,0,3804408
tolCp3,0.3333333333333333,2,2,TGGTGTACCGAGGATAAGGA,0,3796814
tolCp3,0.3333333333333333,2,2,TGGTGGGGCCGCACAGAATC,0,3797671
tolCp3,0.3333333333333333,2,2,TGGTGCGAGCTGGGTTAGCA,0,3799109
tolCp3,0.3333333333333333,2,2,TGGTATGTAGTAGAGGAGTG,0,3800393
tolCp3,0.3333333333333333,2,2,TGGGGCGAATTCTCCTGTCA,0,3780687
tolCp3,0.3333333333333333,2,2,TGGGCTCATCGCCTTATTGT,0,3806802
tolCp3,0.3333333333333333,2,2,TGGGATACGGTCCCCGTTAA,0,3783332
tolCp3,0.3333333333333333,2,2,TGGGATAATGCACTTGTAGA,0,3797413
tolCp3,0.3333333333333333,2,2,TGGGACTCAGTCAATTTATG,0,3791731
tolCp3,0.3333333333333333,2,2,TGGGACTAAACGTATACAGA,0,3799836
tolCp3,0.3333333333333333,2,2,TGGCTTCTTTTCGTATCTTC,0,3786023
tolCp3,0.3333333333333333,2,2,TGGCTGACACCAGTCGACGC,0,3805076
tolCp3,0.3333333333333333,2,2,TGGCTAGACTGGGTCCAGCT,0,3778779
tolCp3,0.3333333333333333,2,2,TGGCGTATACCTCTTTCATC,0,3779222
tolCp3,0.3333333333333333,2,2,TGGCGATGCTCGCGTCTCTC,0,3791927
tolCp3,0.3333333333333333,2,2,TGGCCGGGTAACGAATACTG,0,3799686
tolCp3,0.3333333333333333,2,2,TGGCCCCGTCTCTCTAACGG,0,3791946
tolCp3,0.3333333333333333,2,2,TGGCCAGCGCTCGAGATGAG,0,3808700
tolCp3,0.3333333333333333,2,2,TGGATCTCCACGCGTTTCAA,0,3790358
tolCp3,0.3333333333333333,2,2,TGGATCACGGTACTGGGTCA,0,3795581
tolCp3,0.3333333333333333,2,2,TGGACGGGGTATTGACTGTC,0,3779465
tolCp3,0.3333333333333333,2,2,TGGACGCCATCCGTGGCTGC,0,3804031
tolCp3,0.3333333333333333,2,2,TGGACGAAGTCAAATGTAGG,0,3794511
tolCp3,0.3333333333333333,2,2,TGCTTATCACCGCTAAGTCG,0,3795589
tolCp3,0.3333333333333333,2,2,TGCTGGTAAGTATCACTCGA,0,3808963
tolCp3,0.3333333333333333,2,2,TGCTCACCTACAGCTCGACC,0,3782785
tolCp3,0.3333333333333333,2,2,TGCTATGGATGATCTTAACT,0,3797655
tolCp3,0.3333333333333333,2,2,TGCGGTCCATCCCAAGGGCA,0,3787104
tolCp3,0.3333333333333333,2,2,TGCGGGTGTGTCTACGAATG,0,3789300
tolCp3,0.3333333333333333,2,2,TGCGGGCTTTCGCCTGGGGT,0,3778075
tolCp3,0.3333333333333333,2,2,TGCGGGCAGATCCTTATCTT,0,3782896
tolCp3,0.3333333333333333,2,2,TGCGGACTTGCGTCGCGAAC,0,3800539
tolCp3,0.3333333333333333,2,2,TGCGAGACACAGGTCATGTT,0,3794762
tolCp3,0.3333333333333333,2,2,TGCCTCGTGTGCGCGCCAAG,0,3782860
tolCp3,0.3333333333333333,2,2,TGCCGTTATGGGCACCCTCG,0,3789757
tolCp3,0.3333333333333333,2,2,TGCCCCAGGTCTCCCTGCAG,0,3797835
tolCp3,0.3333333333333333,2,2,TGCATCCAGGATGAAGAGCA,0,3787904
tolCp3,0.3333333333333333,2,2,TGCAGGACAATTAATTGATG,0,3801056
tolCp3,0.3333333333333333,2,2,TGCAGCCTTCGCAAGTATCT,0,3782326
tolCp3,0.3333333333333333,2,2,TGCAGCAAGTGTGGCAAAAG,0,3785526
tolCp3,0.3333333333333333,2,2,TGCAGATAAGTGGCCGAGCG,0,3807567
tolCp3,0.3333333333333333,2,2,TGCAAGAGCTGCTAAGCCCC,0,3778215
tolCp3,0.3333333333333333,2,2,TGCAACTACATCTTGTCTGG,0,3790924
tolCp3,0.3333333333333333,2,2,TGATTGGGAATGGCGCACAG,0,3788082
tolCp3,0.3333333333333333,2,2,TGATGATAGGGCCCCCGCGC,0,3782101
tolCp3,0.3333333333333333,2,2,TGATCAACAACATTGATATC,0,3784184
tolCp3,0.3333333333333333,2,2,TGATATGCTTGCAGAGTCCA,0,3778696
tolCp3,0.3333333333333333,2,2,TGAGTCCTGCGAGCGTTAGT,0,3801730
tolCp3,0.3333333333333333,2,2,TGAGAGTGCGCGCCGCGTGA,0,3777175
tolCp3,0.3333333333333333,2,2,TGAGAGTGATATGGATGGTC,0,3779723
tolCp3,0.3333333333333333,2,2,TGAGAGGATATATTTTAAGC,0,3794568
tolCp3,0.3333333333333333,2,2,TGACTGGAGGGGTTGATTCC,0,3777302
tolCp3,0.3333333333333333,2,2,TGACTGACAGGAGCGTATTC,0,3797544
tolCp3,0.3333333333333333,2,2,TGACTATAGCTATACGAGGT,0,3805607
tolCp3,0.3333333333333333,2,2,TGACGTCACGCTTGTCTAGG,0,3805464
tolCp3,0.3333333333333333,2,2,TGACGTAGATCGCTGTTAAT,0,3800523
tolCp3,0.3333333333333333,2,2,TGACCTAGGGTTATTGCGAA,0,3798211
tolCp3,0.3333333333333333,2,2,TGAACTGTCCTCCAGAACGA,0,3791214
tolCp3,0.3333333333333333,2,2,TGAAACGTTAGCTTAGTGCT,0,3790275
tolCp3,0.3333333333333333,2,2,TGAAACGTACTTATCTGAGA,0,3786750
tolCp3,0.3333333333333333,2,2,TCTTTTTTGATGATGCATTT,0,3795660
tolCp3,0.3333333333333333,2,2,TCTTTTAGTCGTGGCTTACT,0,3775050
tolCp3,0.3333333333333333,2,2,TCTTTTACATGAAGATTATG,0,3802422
tolCp3,0.3333333333333333,2,2,TCTTTGCAGGGCTGGATTAT,0,3793902
tolCp3,0.3333333333333333,2,2,TCTTTGAAGGGTTCGGTGTA,0,3779226
tolCp3,0.3333333333333333,2,2,TCTTGCATGGGGGCGCTGGC,0,3800041
tolCp3,0.3333333333333333,2,2,TCTTGAGCAAAGCTAAGGGT,0,3776488
tolCp3,0.3333333333333333,2,2,TCTTCATGATGGTTTTGAAG,0,3788944
tolCp3,0.3333333333333333,2,2,TCTGTGTTATTGTTTGCCGT,0,3777090
tolCp3,0.3333333333333333,2,2,TCTGTGGCGAAGAGTGCTTA,0,3801802
tolCp3,0.3333333333333333,2,2,TCTGACGACTTCAGTGAAGA,0,3779655
tolCp3,0.3333333333333333,2,2,TCTGACAACTCTCTATGTGT,0,3802133
tolCp3,0.3333333333333333,2,2,TCTGAATATCACGGAAAGGT,0,3779463
tolCp3,0.3333333333333333,2,2,TCTGAATAAATCCGGTGAAA,0,3798102
tolCp3,0.3333333333333333,2,2,TCTCTATATCAGGGCAGAGT,0,3799630
tolCp3,0.3333333333333333,2,2,TCTCGCTCAAAGAAACCAAG,0,3801985
tolCp3,0.3333333333333333,2,2,TCTCCTGCTGGTAATCTGGA,0,3794828
tolCp3,0.3333333333333333,2,2,TCTCCGGCTGCGGCAGTTAA,0,3805256
tolCp3,0.3333333333333333,2,2,TCTCCGGCTAAGCTTTTATA,0,3786595
tolCp3,0.3333333333333333,2,2,TCTCCATGCGCGAACTTATC,0,3786260
tolCp3,0.3333333333333333,2,2,TCTATACGTGCCGTCAATAG,0,3775260
tolCp3,0.3333333333333333,2,2,TCGTTTTGTGCGTACACAGA,0,3780821
tolCp3,0.3333333333333333,2,2,TCGTTTTGAACGCTTTCACC,0,3794874
tolCp3,0.3333333333333333,2,2,TCGTTCAACGTAATTGCTAG,0,3798808
tolCp3,0.3333333333333333,2,2,TCGTATACCCGAGTAAGTGT,0,3784827
tolCp3,0.3333333333333333,2,2,TCGTACTCAACGAGCGAGGT,0,3783422
tolCp3,0.3333333333333333,2,2,TCGGTAAAATAACCGTATCT,0,3808357
tolCp3,0.3333333333333333,2,2,TCGGAAGAATTGATAGCCTA,0,3779146
tolCp3,0.3333333333333333,2,2,TCGCGGTTGGGACTCAAGGA,0,3788401
tolCp3,0.3333333333333333,2,2,TCGCGAGACCCCGTCACGAG,0,3775169
tolCp3,0.3333333333333333,2,2,TCGCGACATATATCGTGACT,0,3806743
tolCp3,0.3333333333333333,2,2,TCGCGAAATCGAATCCAATC,0,3775360
tolCp3,0.3333333333333333,2,2,TCGCACGTTTAGTATGCCTA,0,3805474
tolCp3,0.3333333333333333,2,2,TCGAGTGGGGTAATCGCCTG,0,3777320
tolCp3,0.3333333333333333,2,2,TCGACCCTTTCGCCGGCCTT,0,3777708
tolCp3,0.3333333333333333,2,2,TCGAAATCCAAAACGACGCT,0,3776035
tolCp3,0.3333333333333333,2,2,TCGAAAGTATTACCGTTCCT,0,3800328
tolCp3,0.3333333333333333,2,2,TCCTGTTCTAACTCTGAGCC,0,3800074
tolCp3,0.3333333333333333,2,2,TCCTCCTTTGAGCGCGTCTT,0,3791565
tolCp3,0.3333333333333333,2,2,TCCTACAAGCCACTCATACG,0,3794728
tolCp3,0.3333333333333333,2,2,TCCGCTTTGGCCGCAACCTA,0,3782768
tolCp3,0.3333333333333333,2,2,TCCGATATCGGAGAGGTTTA,0,3795274
tolCp3,0.3333333333333333,2,2,TCCGAGGACTTGCGGCTGCA,0,3804599
tolCp3,0.3333333333333333,2,2,TCCCTACCGTAGAATAGCTA,0,3785973
tolCp3,0.3333333333333333,2,2,TCCCCGGCTAGTTCCTCGGA,0,3774688
tolCp3,0.3333333333333333,2,2,TCCCAACCTATGGAAGCTTC,0,3781001
tolCp3,0.3333333333333333,2,2,TCCATCCTACGATCCGGGCA,0,3793442
tolCp3,0.3333333333333333,2,2,TCCAGGCCGTTTATCGCGGT,0,3789291
tolCp3,0.3333333333333333,2,2,TCCAGGAGGGTACTCATGTG,0,3787535
tolCp3,0.3333333333333333,2,2,TCCAGCTAAAGGCCTCGGTA,0,3785374
tolCp3,0.3333333333333333,2,2,TCCAGCGTCAACTCTCTATG,0,3774903
tolCp3,0.3333333333333333,2,2,TCCAGAGGTGGGATGAGTTG,0,3786544
tolCp3,0.3333333333333333,2,2,TCATTCGCCGCTCCACTTAA,0,3787539
tolCp3,0.3333333333333333,2,2,TCATTAAGAGTATCGAGCGC,0,3788823
tolCp3,0.3333333333333333,2,2,TCATTAAACCATATCTGGTG,0,3796471
tolCp3,0.3333333333333333,2,2,TCATGCCGATTATGCATCCT,0,3788967
tolCp3,0.3333333333333333,2,2,TCATCTATTCACGATGAGCA,0,3793638
tolCp3,0.3333333333333333,2,2,TCATCGTGTCCCCCGAAAGT,0,3802659
tolCp3,0.3333333333333333,2,2,TCATCGGACAGCGAAGAATC,0,3797346
tolCp3,0.3333333333333333,2,2,TCATAGGAACTACTGGTGTC,0,3796661
tolCp3,0.3333333333333333,2,2,TCATAGCATACGGAAGTCTG,0,3790701
tolCp3,0.3333333333333333,2,2,TCAGTAAACGTAAGCAAATA,0,3796554
tolCp3,0.3333333333333333,2,2,TCAGGGGAACATCCGTTAAC,0,3800396
tolCp3,0.3333333333333333,2,2,TCAGGCATCCGGGTCCGCCC,0,3781312
tolCp3,0.3333333333333333,2,2,TCACGGCTGGGGCCTTTCCA,0,3776433
tolCp3,0.3333333333333333,2,2,TCACAAGGTAAGTCGAGCTA,0,3807960
tolCp3,0.3333333333333333,2,2,TCAAGTTCAACACGGCGACG,0,3806583
tolCp3,0.3333333333333333,2,2,TCAAGAGTATCGATGGGAAG,0,3784082
tolCp3,0.3333333333333333,2,2,TCAAACGAATTATTAAGTGG,0,3795683
tolCp3,0.3333333333333333,2,2,TATTTGCGTACGTAATGCTC,0,3783845
tolCp3,0.3333333333333333,2,2,TATTTCCCACCTTGAAGGTC,0,3788433
tolCp3,0.3333333333333333,2,2,TATTCAACAGGGCCTTTTGT,0,3798402
tolCp3,0.3333333333333333,2,2,TATGTAGAGAAAGGCCACGG,0,3789575
tolCp3,0.3333333333333333,2,2,TATGGGTTTCCTCAGCGCGT,0,3781712
tolCp3,0.3333333333333333,2,2,TATCTTTAGGGACGATACCC,0,3789823
tolCp3,0.3333333333333333,2,2,TATCTGCTTGTTACACCCGG,0,3788396
tolCp3,0.3333333333333333,2,2,TATCGTATTCTTGCTCGGGT,0,3781504
tolCp3,0.3333333333333333,2,2,TATCGGTGAGGTCAGTATGC,0,3779599
tolCp3,0.3333333333333333,2,2,TATCCTTCGAATTACATCAT,0,3800477
tolCp3,0.3333333333333333,2,2,TATCCTGTGGTTGAAGTCCA,0,3781865
tolCp3,0.3333333333333333,2,2,TATCATTCTAGCTCATCCGC,0,3792700
tolCp3,0.3333333333333333,2,2,TATCACTTGTGGGCTTTATC,0,3782091
tolCp3,0.3333333333333333,2,2,TATATTCAGCCTTGAGTTGC,0,3800165
tolCp3,0.3333333333333333,2,2,TATATCAGAGATATCATATT,0,3776266
tolCp3,0.3333333333333333,2,2,TATAGCCATGCATCCATGCA,0,3780832
tolCp3,0.3333333333333333,2,2,TATAGCAAGCTGTTAAGGAT,0,3800492
tolCp3,0.3333333333333333,2,2,TATAAGTTACCCGATTGAGG,0,3796618
tolCp3,0.3333333333333333,2,2,TATAACAGTGACCTAGCAGC,0,3775884
tolCp3,0.3333333333333333,2,2,TATAAAGGGTACAGGACAGT,0,3807628
tolCp3,0.3333333333333333,2,2,TAGGTCTTAGTCCAGGGCAT,0,3777480
tolCp3,0.3333333333333333,2,2,TAGGGGTTCACGTCGCCACT,0,3805610
tolCp3,0.3333333333333333,2,2,TAGGGAGTACTTGTGGTGTT,0,3792435
tolCp3,0.3333333333333333,2,2,TAGGAAGCCTATTACGATAG,0,3778865
tolCp3,0.3333333333333333,2,2,TAGCGTATATACGAAACAGA,0,3783241
tolCp3,0.3333333333333333,2,2,TAGCGACACACTTTATCAAA,0,3780787
tolCp3,0.3333333333333333,2,2,TAGCGAAGTAGCCTTTTACT,0,3778601
tolCp3,0.3333333333333333,2,2,TAGCCAACGTTTGACACCGA,0,3801594
tolCp3,0.3333333333333333,2,2,TAGACCAACACAAGCTGAAA,0,3792962
tolCp3,0.3333333333333333,2,2,TACTTCGGCACATAGGCATA,0,3779376
tolCp3,0.3333333333333333,2,2,TACTGTCGGAAGCGGCGTAC,0,3776903
tolCp3,0.3333333333333333,2,2,TACTATTTAGCAATTAGGAT,0,3808636
tolCp3,0.3333333333333333,2,2,TACGTTCTCCATGGAGCGCT,0,3783457
tolCp3,0.3333333333333333,2,2,TACGGGAATCTAGGTATCTA,0,3805114
tolCp3,0.3333333333333333,2,2,TACGCCGTGTGAATGTACCT,0,3786863
tolCp3,0.3333333333333333,2,2,TACGAAAATATTCGTAGGAT,0,3808816
tolCp3,0.3333333333333333,2,2,TACCTTGTCTGTAAACCTAC,0,3807034
tolCp3,0.3333333333333333,2,2,TACCGATCGTAACCCTGCAG,0,3803655
tolCp3,0.3333333333333333,2,2,TACAGTTGGATCTTGAACAA,0,3795374
tolCp3,0.3333333333333333,2,2,TACAGGGTAACAGGTCTTGT,0,3796341
tolCp3,0.3333333333333333,2,2,TACAGCAGCCGTCAGCACGA,0,3801662
tolCp3,0.3333333333333333,2,2,TACACCCCCAGCAGTTCTCA,0,3807905
tolCp3,0.3333333333333333,2,2,TACAATTACAGCCGAAATGA,0,3801526
tolCp3,0.3333333333333333,2,2,TACAAATACCATGGACAAAT,0,3793096
tolCp3,0.3333333333333333,2,2,TAATTTTGGCGTGATCATGG,0,3806804
tolCp3,0.3333333333333333,2,2,TAATTGTCTGTAATGCTGGT,0,3794983
tolCp3,0.3333333333333333,2,2,TAATGTGATTGGTCCAGATG,0,3803853
tolCp3,0.3333333333333333,2,2,TAATCGAGTTCTACAATCCC,0,3800852
tolCp3,0.3333333333333333,2,2,TAATCCCGAACCGTGCCCTA,0,3803819
tolCp3,0.3333333333333333,2,2,TAATCCAGGCGATGATTAAT,0,3798812
tolCp3,0.3333333333333333,2,2,TAATATCATCAGTCAGGCCA,0,3778414
tolCp3,0.3333333333333333,2,2,TAATAGGACCTGGTAGGGAT,0,3804884
tolCp3,0.3333333333333333,2,2,TAAGTGTTACTCGCGGGGAA,0,3775901
tolCp3,0.3333333333333333,2,2,TAAGTCCTCTTCGTTTGAGA,0,3794140
tolCp3,0.3333333333333333,2,2,TAAGGCTCTTTTGTCAACCT,0,3776658
tolCp3,0.3333333333333333,2,2,TAACTTGACGTACAATTAGT,0,3797118
tolCp3,0.3333333333333333,2,2,TAACGGCCTGGAGAGGATGT,0,3790352
tolCp3,0.3333333333333333,2,2,TAACGGAATAGCCGACCATT,0,3791916
tolCp3,0.3333333333333333,2,2,TAACCATGCGGGCTTAACCC,0,3807524
tolCp3,0.3333333333333333,2,2,TAACATGACACCTCCGGTAC,0,3806958
tolCp3,0.3333333333333333,2,2,TAAATTGGAAAGCACCAGTG,0,3800407
tolCp3,0.3333333333333333,2,2,TAAATTCCCAGCGCTTAGAC,0,3793837
tolCp3,0.3333333333333333,2,2,TAAAGTTTCGGCGCAGGATC,0,3778811
tolCp3,0.3333333333333333,2,2,TAAAGCCACAGGTAGTAATG,0,3775966
tolCp3,0.3333333333333333,2,2,TAAACCGTCCGCAAGAATAT,0,3804881
tolCp3,0.3333333333333333,2,2,TAAAAATCATGGGTTACTAT,0,3790394
tolCp3,0.3333333333333333,2,2,GTTTTTTTCACGATTTGGAT,0,3779615
tolCp3,0.3333333333333333,2,2,GTTTTCGCATGTGGATAGGC,0,3803254
tolCp3,0.3333333333333333,2,2,GTTTCGGTCTTCGCCCTGCT,0,3795904
tolCp3,0.3333333333333333,2,2,GTTTAAAAGTACGAGATCAA,0,3779498
tolCp3,0.3333333333333333,2,2,GTTGTCTTATATCGTTGATT,0,3785402
tolCp3,0.3333333333333333,2,2,GTTGTCGCAATCTTTTGCCA,0,3776727
tolCp3,0.3333333333333333,2,2,GTTGCTGAGAATCATGATCG,0,3788870
tolCp3,0.3333333333333333,2,2,GTTGCCATTCACCGGCCGGT,0,3780432
tolCp3,0.3333333333333333,2,2,GTTGCATTAGGATACTAAGC,0,3784315
tolCp3,0.3333333333333333,2,2,GTTCTTTATCCGGGGTCTAA,0,3789351
tolCp3,0.3333333333333333,2,2,GTTCTGCATTCCAGGGGGAT,0,3802918
tolCp3,0.3333333333333333,2,2,GTTCTAACCTTAAGGATCGT,0,3795832
tolCp3,0.3333333333333333,2,2,GTTCGATGTGTATGCCTATC,0,3801845
tolCp3,0.3333333333333333,2,2,GTTCGAGTCGCCACCCAAAG,0,3776368
tolCp3,0.3333333333333333,2,2,GTTCGAATGCTTCTACGACA,0,3784034
tolCp3,0.3333333333333333,2,2,GTTCCTGAGGTTCTGTTCAC,0,3794016
tolCp3,0.3333333333333333,2,2,GTTCCGTTATTTCGGCCACG,0,3800990
tolCp3,0.3333333333333333,2,2,GTTCCCAAGTGCCGACGGAC,0,3808491
tolCp3,0.3333333333333333,2,2,GTTAGACGCATTAGGGTATG,0,3794489
tolCp3,0.3333333333333333,2,2,GTTAGACCGGCAATGTAGAA,0,3776450
tolCp3,0.3333333333333333,2,2,GTTACGGCTAATTATATCAC,0,3778228
tolCp3,0.3333333333333333,2,2,GTTAAGATGAGGGTTTGACT,0,3794300
tolCp3,0.3333333333333333,2,2,GTGTGGGGTCGTGGAATTCT,0,3786979
tolCp3,0.3333333333333333,2,2,GTGTCGAGTTGATCAATGCT,0,3797964
tolCp3,0.3333333333333333,2,2,GTGTCAGGTGCCAACGTTAT,0,3807035
tolCp3,0.3333333333333333,2,2,GTGTCAAGTGTTGAAAAAAG,0,3796573
tolCp3,0.3333333333333333,2,2,GTGTATGTCCTTGGTGATGA,0,3802445
tolCp3,0.3333333333333333,2,2,GTGTAAACGATGATCTTGGG,0,3778973
tolCp3,0.3333333333333333,2,2,GTGGGGTGTAGGCCGCATGC,0,3791258
tolCp3,0.3333333333333333,2,2,GTGGCGGTAGTCCGAGGCGT,0,3791920
tolCp3,0.3333333333333333,2,2,GTGGCATCAAGGTGGATAAC,0,3800344
tolCp3,0.3333333333333333,2,2,GTGGAGACAAGCCTGATAAC,0,3794042
tolCp3,0.3333333333333333,2,2,GTGCTTGATTTCAGAACGAT,0,3805067
tolCp3,0.3333333333333333,2,2,GTGCTAGTTGGGTCCTCTAC,0,3791517
tolCp3,0.3333333333333333,2,2,GTGCACGATCGGCTTGAGTC,0,3791056
tolCp3,0.3333333333333333,2,2,GTGCAAGCCTCACGAGTGGC,0,3786291
tolCp3,0.3333333333333333,2,2,GTGCAAAAGGAAAGGTGGTG,0,3788644
tolCp3,0.3333333333333333,2,2,GTGATGTCACCCGACAAAGA,0,3798148
tolCp3,0.3333333333333333,2,2,GTGAGGTGATGTGCACGGAC,0,3782492
tolCp3,0.3333333333333333,2,2,GTGACGCAACTTTGAATATC,0,3788532
tolCp3,0.3333333333333333,2,2,GTGACAGAAGTGTAAATCCA,0,3786674
tolCp3,0.3333333333333333,2,2,GTGAATGTTGTCTAAGGACC,0,3799179
tolCp3,0.3333333333333333,2,2,GTGAATCCTAGGTTAATTGA,0,3780143
tolCp3,0.3333333333333333,2,2,GTGAACCCTTTCGCAGCGTA,0,3781141
tolCp3,0.3333333333333333,2,2,GTCTGTTAGCGTGAGGGCAA,0,3791834
tolCp3,0.3333333333333333,2,2,GTCTCTTGTTCTAACTAGGT,0,3805213
tolCp3,0.3333333333333333,2,2,GTCTCCTAGTTACGGTACGT,0,3781687
tolCp3,0.3333333333333333,2,2,GTCTCCGCACCACTCTATAC,0,3794336
tolCp3,0.3333333333333333,2,2,GTCTCAGTCGGGCAAAGACT,0,3799384
tolCp3,0.3333333333333333,2,2,GTCTAGTTTACTCCAATGTT,0,3776506
tolCp3,0.3333333333333333,2,2,GTCTAGCCAACCCATTCACT,0,3793559
tolCp3,0.3333333333333333,2,2,GTCTACTGGGAGGCGAAGGG,0,3786163
tolCp3,0.3333333333333333,2,2,GTCTACTCTGGGGACAGTTG,0,3783034
tolCp3,0.3333333333333333,2,2,GTCGTTTGTGGGAATCCCTT,0,3779133
tolCp3,0.3333333333333333,2,2,GTCGTCTCCGCTGTCTTGGT,0,3782011
tolCp3,0.3333333333333333,2,2,GTCGGGAATTATTAAAATTC,0,3776744
tolCp3,0.3333333333333333,2,2,GTCGCGCAAGACTCCGTCAC,0,3791840
tolCp3,0.3333333333333333,2,2,GTCGAAGCGACTGTGTCGCG,0,3788498
tolCp3,0.3333333333333333,2,2,GTCCTCTTCCTTGTGCGGTT,0,3786411
tolCp3,0.3333333333333333,2,2,GTCCTCAGATAAAGTGTTTA,0,3803389
tolCp3,0.3333333333333333,2,2,GTCCGGCGGCGCATCATTCT,0,3775765
tolCp3,0.3333333333333333,2,2,GTCCCAGGGCAGGGGGATTT,0,3807116
tolCp3,0.3333333333333333,2,2,GTCATGTGTTAATCATGTTA,0,3804905
tolCp3,0.3333333333333333,2,2,GTCATGTATTTTTCATCCTA,0,3779616
tolCp3,0.3333333333333333,2,2,GTCAGTAAAGGTAACGATGT,0,3785529
tolCp3,0.3333333333333333,2,2,GTCACGGTACTGGTACAGTT,0,3791708
tolCp3,0.3333333333333333,2,2,GTCAAAGCTATCGCGGGAGA,0,3807648
tolCp3,0.3333333333333333,2,2,GTATTTAGGGCACTGGGCTA,0,3793938
tolCp3,0.3333333333333333,2,2,GTATTACACGTATGTATATC,0,3776628
tolCp3,0.3333333333333333,2,2,GTATGGCATCAAGCGAATGC,0,3780830
tolCp3,0.3333333333333333,2,2,GTATGGCAGGCGCCAGCAAC,0,3802159
tolCp3,0.3333333333333333,2,2,GTATGCCCTGAAATTTTACG,0,3778704
tolCp3,0.3333333333333333,2,2,GTATGCATCCATAGGTTTTT,0,3787072
tolCp3,0.3333333333333333,2,2,GTATCGGTCGATTAGCTCGA,0,3791246
tolCp3,0.3333333333333333,2,2,GTATCGCTACTTATGTCGCT,0,3782941
tolCp3,0.3333333333333333,2,2,GTATCGAGAGTAGGATCCCT,0,3781553
tolCp3,0.3333333333333333,2,2,GTAGTCCATGAAGGGACCAT,0,3790328
tolCp3,0.3333333333333333,2,2,GTAGGTTCTGATCCATTGTC,0,3798929
tolCp3,0.3333333333333333,2,2,GTAGGGTTTTGTTATGTTTA,0,3787647
tolCp3,0.3333333333333333,2,2,GTAGCTTATAGCGTTACGAG,0,3775633
tolCp3,0.3333333333333333,2,2,GTAGCGGCGTGGGACAGTGA,0,3785452
tolCp3,0.3333333333333333,2,2,GTAGAGCACTACATCACCTG,0,3783268
tolCp3,0.3333333333333333,2,2,GTACGCTAGATAAGGTGTAT,0,3784418
tolCp3,0.3333333333333333,2,2,GTACGATAACGCGCGAACGC,0,3774977
tolCp3,0.3333333333333333,2,2,GTACCTGTTGGTCCAAAATT,0,3801429
tolCp3,0.3333333333333333,2,2,GTACCGATTTCCAAGCTCAC,0,3796226
tolCp3,0.3333333333333333,2,2,GTACCATATAGGTGTACCAC,0,3800308
tolCp3,0.3333333333333333,2,2,GTACACATTAATGGTGCTGT,0,3806599
tolCp3,0.3333333333333333,2,2,GTAATTTAGTCAGTGTGGAT,0,3799010
tolCp3,0.3333333333333333,2,2,GTAATGGCCTCAATGCCTTG,0,3802411
tolCp3,0.3333333333333333,2,2,GTAATACGTATAGTTGGTAT,0,3798393
tolCp3,0.3333333333333333,2,2,GTAATACCTTCTTTGAGTTA,0,3799796
tolCp3,0.3333333333333333,2,2,GTAATACCAGCGCACTTAAT,0,3803440
tolCp3,0.3333333333333333,2,2,GTAAGCTAACGCGCAGGATA,0,3808242
tolCp3,0.3333333333333333,2,2,GTAAGAATAGGTCCCTAAGT,0,3776904
tolCp3,0.3333333333333333,2,2,GTAACACCTACGGGGTATAA,0,3782556
tolCp3,0.3333333333333333,2,2,GTAAAGTGACTTTTGGGTCT,0,3795082
tolCp3,0.3333333333333333,2,2,GTAAAGCCGTAGATAGATGT,0,3794091
tolCp3,0.3333333333333333,2,2,GGTTTTTTCTAAGACGGATA,0,3798330
tolCp3,0.3333333333333333,2,2,GGTTTGACAAATACTCACTA,0,3781900
tolCp3,0.3333333333333333,2,2,GGTTTCAACTCATTCTATAA,0,3798502
tolCp3,0.3333333333333333,2,2,GGTTTAGCCTATTGCCAGCT,0,3799221
tolCp3,0.3333333333333333,2,2,GGTTGGACGACCCTTAAAGC,0,3797295
tolCp3,0.3333333333333333,2,2,GGTTGCAAATGGGCCTCGTT,0,3791427
tolCp3,0.3333333333333333,2,2,GGTTCCCGAGGAAAGGGTGG,0,3785393
tolCp3,0.3333333333333333,2,2,GGTTCCCCCGTACGTGCCTC,0,3784778
tolCp3,0.3333333333333333,2,2,GGTGGGGCTCAGCGATACTC,0,3793596
tolCp3,0.3333333333333333,2,2,GGTGGCAAGATAAGCTGGTC,0,3792189
tolCp3,0.3333333333333333,2,2,GGTGCTGCCAAGCATACGCA,0,3778783
tolCp3,0.3333333333333333,2,2,GGTGCCTAATTTCCTTGGCG,0,3776355
tolCp3,0.3333333333333333,2,2,GGTGCCAGGGGATGACAGCT,0,3777387
tolCp3,0.3333333333333333,2,2,GGTGACGTGTACACTACAAT,0,3780563
tolCp3,0.3333333333333333,2,2,GGTCTGTTTTTTATACGGGT,0,3794312
tolCp3,0.3333333333333333,2,2,GGTCGGTCTTGTCTATTGTT,0,3806023
tolCp3,0.3333333333333333,2,2,GGTCGAAGTTATGAAGCGCT,0,3794255
tolCp3,0.3333333333333333,2,2,GGTCGAACGTTCGTATGGCC,0,3774917
tolCp3,0.3333333333333333,2,2,GGTCCTGTCACATAATCAGG,0,3776121
tolCp3,0.3333333333333333,2,2,GGTCCCAGCTCCATCCTACT,0,3775477
tolCp3,0.3333333333333333,2,2,GGTCCACGCCGAGCAGACAA,0,3806623
tolCp3,0.3333333333333333,2,2,GGTATCTGTGCCACGTGCGT,0,3782574
tolCp3,0.3333333333333333,2,2,GGTATCACTATAAGGCTCGA,0,3779161
tolCp3,0.3333333333333333,2,2,GGTAGGGCAGCACAATTGCA,0,3781038
tolCp3,0.3333333333333333,2,2,GGTACGCGCGAAAGTAATAT,0,3789747
tolCp3,0.3333333333333333,2,2,GGTACATATCAGTGGATCTG,0,3808729
tolCp3,0.3333333333333333,2,2,GGTAAGCGTTACGCTTGTGA,0,3790818
tolCp3,0.3333333333333333,2,2,GGTAAGCGGACGTCTCGGTT,0,3788515
tolCp3,0.3333333333333333,2,2,GGTAAAGTAGGTTCTCCCTT,0,3793392
tolCp3,0.3333333333333333,2,2,GGTAAACTTATAATCACGTG,0,3807308
tolCp3,0.3333333333333333,2,2,GGGTGCTCGGCTTACTCCAT,0,3781999
tolCp3,0.3333333333333333,2,2,GGGTGCGGGACCGGTTACGT,0,3803687
tolCp3,0.3333333333333333,2,2,GGGTGATGAATGAGTTCATC,0,3795961
tolCp3,0.3333333333333333,2,2,GGGTGATCCGGGAAAGTAGA,0,3809246
tolCp3,0.3333333333333333,2,2,GGGTCGGGGCTCTTTGGAGG,0,3788599
tolCp3,0.3333333333333333,2,2,GGGTCATCCTTTGGCTGGGT,0,3782482
tolCp3,0.3333333333333333,2,2,GGGTAGCCTTGTCACTGTCG,0,3779976
tolCp3,0.3333333333333333,2,2,GGGGTATGGGTTCGTATGGT,0,3791499
tolCp3,0.3333333333333333,2,2,GGGGTACCGTCATGGTATAG,0,3777276
tolCp3,0.3333333333333333,2,2,GGGGGTCTGGAGAAAACGCA,0,3778373
tolCp3,0.3333333333333333,2,2,GGGCTTCTGCTCATCGCCTT,0,3784534
tolCp3,0.3333333333333333,2,2,GGGCTGAGGTAAAGTATAAT,0,3795950
tolCp3,0.3333333333333333,2,2,GGGCTCCAGACAAATCTTGT,0,3794707
tolCp3,0.3333333333333333,2,2,GGGCTAGAGGGTCGTGCACG,0,3785037
tolCp3,0.3333333333333333,2,2,GGGCGCCGCTTTGCGAACTG,0,3791627
tolCp3,0.3333333333333333,2,2,GGGCGCATTTACGGACGAAA,0,3808689
tolCp3,0.3333333333333333,2,2,GGGCGAAAGGTCTGCTTGTT,0,3788463
tolCp3,0.3333333333333333,2,2,GGGCAAGTTATATGAAAGAA,0,3798805
tolCp3,0.3333333333333333,2,2,GGGATGTGTATGGCGGATCA,0,3780576
tolCp3,0.3333333333333333,2,2,GGGATCCCTGACATGCGGAT,0,3791670
tolCp3,0.3333333333333333,2,2,GGGAGTTGCGCAGTCCGGGA,0,3789240
tolCp3,0.3333333333333333,2,2,GGGAGGCGGACGAGGAGCTA,0,3793974
tolCp3,0.3333333333333333,2,2,GGGAGAACAGTCATATGGGA,0,3798829
tolCp3,0.3333333333333333,2,2,GGGAAGTGGACGGTCTCAAA,0,3800449
tolCp3,0.3333333333333333,2,2,GGCTTTTTGAATAAATCTTG,0,3806869
tolCp3,0.3333333333333333,2,2,GGCTTTCTGCGAATATTGTT,0,3806920
tolCp3,0.3333333333333333,2,2,GGCTTGTCAATGCAAGCGGG,0,3774596
tolCp3,0.3333333333333333,2,2,GGCTTCCCTTTTTCCCCCAC,0,3797181
tolCp3,0.3333333333333333,2,2,GGCTTAGAGCTCCATTGTAT,0,3776643
tolCp3,0.3333333333333333,2,2,GGCTGGGTGGTCGTTGCTCA,0,3788104
tolCp3,0.3333333333333333,2,2,GGCTGCGCGGTAGCACATGT,0,3774932
tolCp3,0.3333333333333333,2,2,GGCTGATCCGGTTGATCCTC,0,3778117
tolCp3,0.3333333333333333,2,2,GGCTCAGGGGTGAAGCTTGC,0,3805690
tolCp3,0.3333333333333333,2,2,GGCTAACACAGTATGGGAAA,0,3784374
tolCp3,0.3333333333333333,2,2,GGCGTCCTTTTGAGTTTGGA,0,3801959
tolCp3,0.3333333333333333,2,2,GGCGTAGCACGAGGACGTCT,0,3780462
tolCp3,0.3333333333333333,2,2,GGCGGCGAATAAATTTCTCA,0,3808000
tolCp3,0.3333333333333333,2,2,GGCGGAAAGGGGTTGAGTTA,0,3801728
tolCp3,0.3333333333333333,2,2,GGCGCTCCACCCTCTATGAT,0,3791775
tolCp3,0.3333333333333333,2,2,GGCGCGGGTAAGACTTACAA,0,3797501
tolCp3,0.3333333333333333,2,2,GGCGCGGCACACTCAGCGTG,0,3790382
tolCp3,0.3333333333333333,2,2,GGCGCGCAGATAAAGCATTC,0,3783414
tolCp3,0.3333333333333333,2,2,GGCGCGAGCGCTCCTGCTTA,0,3784320
tolCp3,0.3333333333333333,2,2,GGCGCAGGAAAATCAAAGAA,0,3788732
tolCp3,0.3333333333333333,2,2,GGCCTCCCTTGGAGGGGTGC,0,3778757
tolCp3,0.3333333333333333,2,2,GGCCTCAGCTGATGGACTTT,0,3776978
tolCp3,0.3333333333333333,2,2,GGCCTCAATGCGAGTGCTAG,0,3781494
tolCp3,0.3333333333333333,2,2,GGCCTATGCAACTGTATGTG,0,3809261
tolCp3,0.3333333333333333,2,2,GGCCCAGGTCGGCCCGCCGC,0,3783568
tolCp3,0.3333333333333333,2,2,GGCCCAGGCGATCCATCTCA,0,3805273
tolCp3,0.3333333333333333,2,2,GGCCATATTTTGAGAGGTCA,0,3781286
tolCp3,0.3333333333333333,2,2,GGCCAGAAGTAAGAGCCGCA,0,3787143
tolCp3,0.3333333333333333,2,2,GGCATGGACAGCCGCGAGTA,0,3793787
tolCp3,0.3333333333333333,2,2,GGCAGTATGTTCTACGTATC,0,3775193
tolCp3,0.3333333333333333,2,2,GGCAGCAGCACTAACACGAG,0,3795121
tolCp3,0.3333333333333333,2,2,GGCACTGTTAAGTAAGGATG,0,3779240
tolCp3,0.3333333333333333,2,2,GGCACAGGATACGTTGGTAG,0,3792927
tolCp3,0.3333333333333333,2,2,GGCAATGTCTATGGGATATG,0,3785938
tolCp3,0.3333333333333333,2,2,GGCAAGTAGATGTCACCTAT,0,3783190
tolCp3,0.3333333333333333,2,2,GGCAACTACCGGGCCTGCAG,0,3776414
tolCp3,0.3333333333333333,2,2,GGCAACGATAGAGTTGTAGA,0,3789343
tolCp3,0.3333333333333333,2,2,GGCAACCCAAGATCCTAACG,0,3805027
tolCp3,0.3333333333333333,2,2,GGATTCAGCCTGAACAGTTA,0,3799722
tolCp3,0.3333333333333333,2,2,GGATTAAGACATCGTGCTAT,0,3775401
tolCp3,0.3333333333333333,2,2,GGATGTCGCGTACCGGGGAC,0,3803829
tolCp3,0.3333333333333333,2,2,GGATCTTGCACTATCGACCC,0,3792880
tolCp3,0.3333333333333333,2,2,GGATCCTAGTGCCATGGCTC,0,3779427
tolCp3,0.3333333333333333,2,2,GGATATAGCCTAATGCACCG,0,3797747
tolCp3,0.3333333333333333,2,2,GGAGGTCCCATATAAGTCTG,0,3808782
tolCp3,0.3333333333333333,2,2,GGAGCGCAACTGGGTTACAC,0,3808001
tolCp3,0.3333333333333333,2,2,GGAGCCCTAACCGCGGCCAA,0,3789390
tolCp3,0.3333333333333333,2,2,GGAGCCATCTGCATCATCCC,0,3809273
tolCp3,0.3333333333333333,2,2,GGAGCACCTGTTAGCTAGCT,0,3787096
tolCp3,0.3333333333333333,2,2,GGAGATTAACCGTGTACCCT,0,3795763
tolCp3,0.3333333333333333,2,2,GGACTCGCACAGTATGCTTA,0,3787291
tolCp3,0.3333333333333333,2,2,GGACGGCTCTCTAAGCGCTC,0,3774729
tolCp3,0.3333333333333333,2,2,GGACGGCCTTGTTCTTGTTT,0,3804456
tolCp3,0.3333333333333333,2,2,GGACATAGTTTGGGCCGCTC,0,3803718
tolCp3,0.3333333333333333,2,2,GGAATCTACATTTACACCCA,0,3782156
tolCp3,0.3333333333333333,2,2,GGAATCGCGAGCGTTCAGAC,0,3784450
tolCp3,0.3333333333333333,2,2,GGAATCCGATGGCTACTATG,0,3800606
tolCp3,0.3333333333333333,2,2,GGAAGCTCTAATCTGAGCCA,0,3804458
tolCp3,0.3333333333333333,2,2,GGAAATACGGTCCGCGGCGA,0,3798154
tolCp3,0.3333333333333333,2,2,GGAAAAATGTGGACAGCTGG,0,3780166
tolCp3,0.3333333333333333,2,2,GCTTTTACATGGAACTATAA,0,3807858
tolCp3,0.3333333333333333,2,2,GCTTCTTTCAAAGGACCTTT,0,3806729
tolCp3,0.3333333333333333,2,2,GCTTCTACCCTTCTTTCCAC,0,3788947
tolCp3,0.3333333333333333,2,2,GCTTCGTCGAGGTCCAGCCA,0,3802290
tolCp3,0.3333333333333333,2,2,GCTTACCGCGAACAGGATTC,0,3789319
tolCp3,0.3333333333333333,2,2,GCTGTTTGAAATATTGGCGG,0,3779429
tolCp3,0.3333333333333333,2,2,GCTGTTCATAGAATAACCCA,0,3776464
tolCp3,0.3333333333333333,2,2,GCTGGTTCCGCAACTTATTT,0,3796384
tolCp3,0.3333333333333333,2,2,GCTGGGCTGCTCTCTTCACC,0,3779798
tolCp3,0.3333333333333333,2,2,GCTGGCGGCCACTTGAACTG,0,3794325
tolCp3,0.3333333333333333,2,2,GCTCTTGACATTAGGATCCT,0,3801774
tolCp3,0.3333333333333333,2,2,GCTCTCGTAGGCCAAGAAGG,0,3803703
tolCp3,0.3333333333333333,2,2,GCTCTCGGTTGAGGCTCTTA,0,3801792
tolCp3,0.3333333333333333,2,2,GCTCGTCTGGTTCATTACCT,0,3784070
tolCp3,0.3333333333333333,2,2,GCTCGCGCACCAAGCAAACG,0,3777961
tolCp3,0.3333333333333333,2,2,GCTATGTGCCAGTCTTGCGA,0,3785209
tolCp3,0.3333333333333333,2,2,GCTAGTCGGGTACAGTCGTT,0,3798232
tolCp3,0.3333333333333333,2,2,GCTAGGTTATACATCTTCGA,0,3790683
tolCp3,0.3333333333333333,2,2,GCTAGGGGTATCCGAGCTGT,0,3808930
tolCp3,0.3333333333333333,2,2,GCTAAGTCGGCCCGTCGCGG,0,3783424
tolCp3,0.3333333333333333,2,2,GCGTGGGTACTGTTATACTA,0,3795894
tolCp3,0.3333333333333333,2,2,GCGTGATGTCCTCGCCCTAG,0,3782417
tolCp3,0.3333333333333333,2,2,GCGTGAAGTCACTTGCAAGG,0,3804259
tolCp3,0.3333333333333333,2,2,GCGTCAGACAATTCTGTTCT,0,3798452
tolCp3,0.3333333333333333,2,2,GCGTATACTTACTACGATTC,0,3805294
tolCp3,0.3333333333333333,2,2,GCGTAACGATGCCAACAGTT,0,3775166
tolCp3,0.3333333333333333,2,2,GCGGTTTGGGAGTGGGCGGC,0,3804748
tolCp3,0.3333333333333333,2,2,GCGGTGGCTATTGGAGCTAA,0,3794798
tolCp3,0.3333333333333333,2,2,GCGGTGATGCCTGGATAAGT,0,3787800
tolCp3,0.3333333333333333,2,2,GCGGTCCTGGTCATTTAGAG,0,3790897
tolCp3,0.3333333333333333,2,2,GCGGTATGGCACGCGATAGT,0,3780637
tolCp3,0.3333333333333333,2,2,GCGGTACTATCCCGGGAATT,0,3776173
tolCp3,0.3333333333333333,2,2,GCGGGAGCGGTCCTGTCCTT,0,3784141
tolCp3,0.3333333333333333,2,2,GCGGCGGTAATACGATTCTT,0,3782692
tolCp3,0.3333333333333333,2,2,GCGGCACTGACTTGCATCAG,0,3803284
tolCp3,0.3333333333333333,2,2,GCGGATGCAATCCAATATAA,0,3802929
tolCp3,0.3333333333333333,2,2,GCGCTTTCGGATTTCGAGGC,0,3792191
tolCp3,0.3333333333333333,2,2,GCGCGTCGAACAGAAAGCGA,0,3782360
tolCp3,0.3333333333333333,2,2,GCGCCTGGGATTATCCGGGG,0,3790372
tolCp3,0.3333333333333333,2,2,GCGCCTGAACGAAATGATGT,0,3786711
tolCp3,0.3333333333333333,2,2,GCGCAACGAGCGGATTGATT,0,3801804
tolCp3,0.3333333333333333,2,2,GCGATCTAGGGCAAACTACA,0,3782152
tolCp3,0.3333333333333333,2,2,GCGAATTAGGCATAGGCGAG,0,3783786
tolCp3,0.3333333333333333,2,2,GCGAATCGCCTAAGACTGGG,0,3784106
tolCp3,0.3333333333333333,2,2,GCGAACACCGTCCTAAGAGA,0,3775948
tolCp3,0.3333333333333333,2,2,GCGAAAGAGCTTCTTCATTA,0,3791275
tolCp3,0.3333333333333333,2,2,GCCTTGAGTCTCTACGAAGC,0,3782685
tolCp3,0.3333333333333333,2,2,GCCTGATCTAGCGATCCCTG,0,3802741
tolCp3,0.3333333333333333,2,2,GCCTCCTTCTGAGTGTCTAG,0,3800973
tolCp3,0.3333333333333333,2,2,GCCGTAATTACCGATGGTAC,0,3784331
tolCp3,0.3333333333333333,2,2,GCCGCTCACGGTCACTGGGT,0,3782647
tolCp3,0.3333333333333333,2,2,GCCGAAGTTTTTGTTACGAC,0,3789082
tolCp3,0.3333333333333333,2,2,GCCCTATTTTCCCTTCAACA,0,3807986
tolCp3,0.3333333333333333,2,2,GCCCTACGTGTCATGGCCCA,0,3796663
tolCp3,0.3333333333333333,2,2,GCCCGTTATCAGTTAAGTGT,0,3809429
tolCp3,0.3333333333333333,2,2,GCCCGTGGTGCCTGCCTCGT,0,3777877
tolCp3,0.3333333333333333,2,2,GCCCCTAACGAATTGGGTTA,0,3786087
tolCp3,0.3333333333333333,2,2,GCCCCGCGCTGTTGGGCATC,0,3777514
tolCp3,0.3333333333333333,2,2,GCCCCCCGTGACTGTATGGC,0,3787280
tolCp3,0.3333333333333333,2,2,GCCCACTAATTTTCCGACAA,0,3788580
tolCp3,0.3333333333333333,2,2,GCCATGCTTTTCTCTTCTGG,0,3804487
tolCp3,0.3333333333333333,2,2,GCCAGCGCTCGGTGTCCTGC,0,3783060
tolCp3,0.3333333333333333,2,2,GCCACAATTTTTTCCCAATG,0,3783571
tolCp3,0.3333333333333333,2,2,GCCAACGGAGGGGTTCCGAC,0,3779824
tolCp3,0.3333333333333333,2,2,GCATTTGTGGTGGAGTCTCG,0,3788271
tolCp3,0.3333333333333333,2,2,GCATTGGAGGAACTGGATTC,0,3799790
tolCp3,0.3333333333333333,2,2,GCATGGACGTCTTTTGTTCA,0,3788648
tolCp3,0.3333333333333333,2,2,GCATGCAAGGCCTGCCCCAA,0,3776302
tolCp3,0.3333333333333333,2,2,GCATGACAGGCAAGGGGTCA,0,3785376
tolCp3,0.3333333333333333,2,2,GCATACTGTTAGGTTCGAGC,0,3788475
tolCp3,0.3333333333333333,2,2,GCAGTTAGACCCTCTCCGAT,0,3804543
tolCp3,0.3333333333333333,2,2,GCAGTGATGATCGAAGTTGT,0,3805403
tolCp3,0.3333333333333333,2,2,GCAGGTATGATGGCACTGTG,0,3779652
tolCp3,0.3333333333333333,2,2,GCAGAGGCGCGTGGCGCATG,0,3792689
tolCp3,0.3333333333333333,2,2,GCAGAGAAATTAGCACCTAA,0,3807876
tolCp3,0.3333333333333333,2,2,GCAGAAGGTCCCTGCACAAG,0,3801775
tolCp3,0.3333333333333333,2,2,GCACTGCGCAAGGTTTAGGA,0,3782771
tolCp3,0.3333333333333333,2,2,GCACTGATTGGTCATACCTT,0,3801315
tolCp3,0.3333333333333333,2,2,GCACCCAACCGGAATTTGCG,0,3797003
tolCp3,0.3333333333333333,2,2,GCACCATGCGCTGTCTACCC,0,3790357
tolCp3,0.3333333333333333,2,2,GCACAGCGTCATTTGTGTTC,0,3801177
tolCp3,0.3333333333333333,2,2,GCACAAAACCGGGGGCACAC,0,3803953
tolCp3,0.3333333333333333,2,2,GCAATAGCTATACTCTGTGT,0,3783760
tolCp3,0.3333333333333333,2,2,GCAAGTGGCTTCGAACTGCA,0,3788813
tolCp3,0.3333333333333333,2,2,GCAACATTGGCGGTTTGTTG,0,3776083
tolCp3,0.3333333333333333,2,2,GATTTTTTTAGTGACTCAGC,0,3791068
tolCp3,0.3333333333333333,2,2,GATTTGTGTATTAAGTGTTC,0,3796986
tolCp3,0.3333333333333333,2,2,GATTTAGTTGGCATGTAACG,0,3775168
tolCp3,0.3333333333333333,2,2,GATTGTAAGCGCACTAGAGC,0,3791996
tolCp3,0.3333333333333333,2,2,GATTCTTTCTATGATGGCTG,0,3791664
tolCp3,0.3333333333333333,2,2,GATTCAAGATGGCCTGCCAC,0,3785441
tolCp3,0.3333333333333333,2,2,GATGTGGCCAACGTGCTTAA,0,3774551
tolCp3,0.3333333333333333,2,2,GATGGTCTCCCAATGATTAA,0,3785771
tolCp3,0.3333333333333333,2,2,GATGGGTAACGGTATGTCAT,0,3808562
tolCp3,0.3333333333333333,2,2,GATGGGCACCCACCACTTGT,0,3791069
tolCp3,0.3333333333333333,2,2,GATGCGAGAGTTGCCGTTGT,0,3782993
tolCp3,0.3333333333333333,2,2,GATGCCGGACAACGAGCTGC,0,3806451
tolCp3,0.3333333333333333,2,2,GATGAGATTTCAGACAATCG,0,3797289
tolCp3,0.3333333333333333,2,2,GATCTTATGCCTCCAATCCC,0,3794200
tolCp3,0.3333333333333333,2,2,GATCTACTGACGTTGATTAT,0,3784943
tolCp3,0.3333333333333333,2,2,GATCGGTTGGCCGGAGGCTC,0,3779271
tolCp3,0.3333333333333333,2,2,GATCGGTCCAGTACATTTGC,0,3784681
tolCp3,0.3333333333333333,2,2,GATCCGCCATATGGAGTGTC,0,3781036
tolCp3,0.3333333333333333,2,2,GATCAAACTTAAGCAGTCAT,0,3798430
tolCp3,0.3333333333333333,2,2,GATATTAGGAGGACTTCTCG,0,3785271
tolCp3,0.3333333333333333,2,2,GATACTTTAGCACCAGTAAA,0,3777421
tolCp3,0.3333333333333333,2,2,GATACTGGGCACGACGTCGC,0,3796564
tolCp3,0.3333333333333333,2,2,GATACGTTAACAAGGCGACT,0,3775291
tolCp3,0.3333333333333333,2,2,GATACACGAGGGAGGCCCTT,0,3802686
tolCp3,0.3333333333333333,2,2,GATAAGCCGACCGCTTTGGA,0,3787730
tolCp3,0.3333333333333333,2,2,GATAACTGGTGGAGCTGGCC,0,3805047
tolCp3,0.3333333333333333,2,2,GAGTGCTATTAGATAACGTT,0,3806142
tolCp3,0.3333333333333333,2,2,GAGTCGTCTGACGCGTGGCA,0,3803993
tolCp3,0.3333333333333333,2,2,GAGTCATAGGGGTTACTTGC,0,3805497
tolCp3,0.3333333333333333,2,2,GAGTACTCGTACATTTATAC,0,3809145
tolCp3,0.3333333333333333,2,2,GAGTACACTACCCTTCAGGT,0,3796112
tolCp3,0.3333333333333333,2,2,GAGTAAACGCGTTAGGTTGG,0,3782300
tolCp3,0.3333333333333333,2,2,GAGGTGAGGCTCAACCATTC,0,3800605
tolCp3,0.3333333333333333,2,2,GAGGTCACGAAGATACAGCA,0,3802172
tolCp3,0.3333333333333333,2,2,GAGGTACCGCGATAGGTCGA,0,3806853
tolCp3,0.3333333333333333,2,2,GAGGTAACCCATGCTAAGGG,0,3803686
tolCp3,0.3333333333333333,2,2,GAGGCATATTGGCGGTCTAA,0,3791646
tolCp3,0.3333333333333333,2,2,GAGGCACACTTGACCCTCGG,0,3781784
tolCp3,0.3333333333333333,2,2,GAGGAGTTAAGATTGAGCAT,0,3795695
tolCp3,0.3333333333333333,2,2,GAGCTTGTGGGAACACGTTG,0,3792205
tolCp3,0.3333333333333333,2,2,GAGCTGAGGGAATTCCGGGT,0,3793145
tolCp3,0.3333333333333333,2,2,GAGCTAGGGGTAAAGCCTTC,0,3791584
tolCp3,0.3333333333333333,2,2,GAGCCCTGGATTTGGGTCAC,0,3782639
tolCp3,0.3333333333333333,2,2,GAGCATTTGATCAGTGAGTA,0,3804628
tolCp3,0.3333333333333333,2,2,GAGACAGCGTAATTAGTGTT,0,3792931
tolCp3,0.3333333333333333,2,2,GACTTCCGACCAATAACAAG,0,3794145
tolCp3,0.3333333333333333,2,2,GACTGTACACACTGTTGACT,0,3788570
tolCp3,0.3333333333333333,2,2,GACTGGTATCGAGCCGACCT,0,3797305
tolCp3,0.3333333333333333,2,2,GACTCGATATCCGGACAGAG,0,3798733
tolCp3,0.3333333333333333,2,2,GACGTTCAATGTTTTGTCAT,0,3785873
tolCp3,0.3333333333333333,2,2,GACGGTTCCTATGGATCGAA,0,3791268
tolCp3,0.3333333333333333,2,2,GACGGTAGAGCAGCTCCTCA,0,3779873
tolCp3,0.3333333333333333,2,2,GACGGCTGGGGCCGTCTGCT,0,3794181
tolCp3,0.3333333333333333,2,2,GACGCGGGGCACGTGACATT,0,3793072
tolCp3,0.3333333333333333,2,2,GACGACATAAGTCCCCCGGG,0,3784658
tolCp3,0.3333333333333333,2,2,GACGAATCTCTACCAGTATT,0,3778074
tolCp3,0.3333333333333333,2,2,GACGAAAGAGTCAGTTTGTT,0,3787578
tolCp3,0.3333333333333333,2,2,GACCTTGCAACGGCATATCT,0,3780317
tolCp3,0.3333333333333333,2,2,GACCGTTCGCATTTCCAGGT,0,3786657
tolCp3,0.3333333333333333,2,2,GACCCCGGTGCCGGCGTCCC,0,3776396
tolCp3,0.3333333333333333,2,2,GACCCAAATTATCGTAGTAG,0,3789766
tolCp3,0.3333333333333333,2,2,GACATGTGCGCCGGAGGTTT,0,3803885
tolCp3,0.3333333333333333,2,2,GACATATAGTGCGTCAAAAA,0,3788799
tolCp3,0.3333333333333333,2,2,GACAGCGAACAGAATACCCA,0,3779257
tolCp3,0.3333333333333333,2,2,GACAGAGCCCAACAAGGCGT,0,3785050
tolCp3,0.3333333333333333,2,2,GACACTATGGCCCCCCGAGT,0,3802662
tolCp3,0.3333333333333333,2,2,GACAAGTCAATCCCGGAAAA,0,3784592
tolCp3,0.3333333333333333,2,2,GACAAATTATATTCCCAGTT,0,3784687
tolCp3,0.3333333333333333,2,2,GAATTGAATCCGCAGAAAAC,0,3785946
tolCp3,0.3333333333333333,2,2,GAATTCTGAAAGCGATCTTG,0,3785186
tolCp3,0.3333333333333333,2,2,GAATGTTCGTTTTTTCGTCT,0,3793772
tolCp3,0.3333333333333333,2,2,GAATGCAGCTCATCTCTGTG,0,3806677
tolCp3,0.3333333333333333,2,2,GAATGATTCGGCTTTACCTG,0,3808326
tolCp3,0.3333333333333333,2,2,GAATCTGGTGAATTAGTCCG,0,3789197
tolCp3,0.3333333333333333,2,2,GAATACAAATTGGTCCGCAT,0,3802442
tolCp3,0.3333333333333333,2,2,GAAGTAGTAGGTATGGGAAG,0,3788908
tolCp3,0.3333333333333333,2,2,GAAGCTGAATATTCGTGGCC,0,3789454
tolCp3,0.3333333333333333,2,2,GAAGCGAAAAGGTAGCTCCC,0,3787398
tolCp3,0.3333333333333333,2,2,GAAGCATATGCCATAAATCC,0,3805398
tolCp3,0.3333333333333333,2,2,GAAGATGATTGTTGATTGAG,0,3780022
tolCp3,0.3333333333333333,2,2,GAAGAGCCTATCGGTACGGC,0,3776752
tolCp3,0.3333333333333333,2,2,GAACTTTTTGTAGTTAGTTG,0,3779301
tolCp3,0.3333333333333333,2,2,GAACTGTTAACGTGGGAACA,0,3788139
tolCp3,0.3333333333333333,2,2,GAACGTGCAAAAGGAAGCAA,0,3808900
tolCp3,0.3333333333333333,2,2,GAACGCGATCAGCAGGTAGT,0,3780529
tolCp3,0.3333333333333333,2,2,GAACCGATTCAGAGGTATAC,0,3801365
tolCp3,0.3333333333333333,2,2,GAAAGTGGTATCCTGGACCG,0,3808885
tolCp3,0.3333333333333333,2,2,GAAACGGGCCATGGAACGGT,0,3796105
tolCp3,0.3333333333333333,2,2,GAAACCTAAGGGCGGCTATT,0,3797808
tolCp3,0.3333333333333333,2,2,GAAACAAATTCCTTCTCCGT,0,3789431
tolCp3,0.3333333333333333,2,2,CTTTTGCGCGAGATCTAACT,0,3782697
tolCp3,0.3333333333333333,2,2,CTTTTGACACTTGAAAAGCT,0,3807752
tolCp3,0.3333333333333333,2,2,CTTTGTGCGCGCAAGATGAA,0,3785255
tolCp3,0.3333333333333333,2,2,CTTTGCGTAGTAGATCCCGG,0,3775461
tolCp3,0.3333333333333333,2,2,CTTTGCCCTATCTCTCCTAG,0,3801512
tolCp3,0.3333333333333333,2,2,CTTTGAAAACCTTCTGTTAA,0,3808168
tolCp3,0.3333333333333333,2,2,CTTTCTTCATTACTGAGGTA,0,3776364
tolCp3,0.3333333333333333,2,2,CTTTCGATATCGCGAACCCA,0,3779207
tolCp3,0.3333333333333333,2,2,CTTTATGAGAATAGGATCCA,0,3793578
tolCp3,0.3333333333333333,2,2,CTTTACTTGAAGCAGAGACA,0,3776287
tolCp3,0.3333333333333333,2,2,CTTGGGGGCCGCAAGTGTAG,0,3798676
tolCp3,0.3333333333333333,2,2,CTTGGATTAATCATGGTCCT,0,3796169
tolCp3,0.3333333333333333,2,2,CTTGGAAATACCAACTTCTG,0,3782002
tolCp3,0.3333333333333333,2,2,CTTGATGTTCGCTGAATAAT,0,3794678
tolCp3,0.3333333333333333,2,2,CTTGATGACGGATTCAAAAC,0,3776393
tolCp3,0.3333333333333333,2,2,CTTGAATACGTGCCAACCTA,0,3801714
tolCp3,0.3333333333333333,2,2,CTTCTTTCATTGCCAGGTCG,0,3807778
tolCp3,0.3333333333333333,2,2,CTTCTTCGGTTTGAATAACT,0,3808732
tolCp3,0.3333333333333333,2,2,CTTCTTCAAGCAGTGAGGAC,0,3784919
tolCp3,0.3333333333333333,2,2,CTTCCAGGGTTTGGGATCAC,0,3785419
tolCp3,0.3333333333333333,2,2,CTTCCACGAGCACATAAGCG,0,3797473
tolCp3,0.3333333333333333,2,2,CTTCAAATTTAATGTAGCCC,0,3783053
tolCp3,0.3333333333333333,2,2,CTTATGCGGGGACTGCCGGT,0,3804231
tolCp3,0.3333333333333333,2,2,CTTATCTGGGGTAAATCATC,0,3802915
tolCp3,0.3333333333333333,2,2,CTTAGTACCGATTCGTCTCC,0,3783770
tolCp3,0.3333333333333333,2,2,CTTAGGTGATTCCTGGCCTA,0,3791038
tolCp3,0.3333333333333333,2,2,CTTAGGGTCTACCAGGGGGC,0,3776954
tolCp3,0.3333333333333333,2,2,CTTACCGCTGTTTATGGGAG,0,3805991
tolCp3,0.3333333333333333,2,2,CTTACCATCGGTGCTTTAAA,0,3807833
tolCp3,0.3333333333333333,2,2,CTTAACTCTTAATTTGCCTC,0,3798473
tolCp3,0.3333333333333333,2,2,CTTAAAATCTGCAGGGCGCC,0,3804538
tolCp3,0.3333333333333333,2,2,CTGTCTTTTCATTCATAGTG,0,3804279
tolCp3,0.3333333333333333,2,2,CTGTCTTACTGCGCTTAATC,0,3784732
tolCp3,0.3333333333333333,2,2,CTGTCCTCCGCGTTCGTTAA,0,3782460
tolCp3,0.3333333333333333,2,2,CTGTCCTATCGACCCCCTAA,0,3775024
tolCp3,0.3333333333333333,2,2,CTGTCACTGCTACGTTCCTC,0,3803384
tolCp3,0.3333333333333333,2,2,CTGTATCAGATGCCCGCAGC,0,3780257
tolCp3,0.3333333333333333,2,2,CTGGTGTCATACGCACACCA,0,3784878
tolCp3,0.3333333333333333,2,2,CTGGTCTCGCGTCAATGTAG,0,3808192
tolCp3,0.3333333333333333,2,2,CTGGTATCACGCAGGGAATT,0,3788203
tolCp3,0.3333333333333333,2,2,CTGGGTCCACAGACAGTGAG,0,3793083
tolCp3,0.3333333333333333,2,2,CTGGGGATGTGAGGGCCGTC,0,3783380
tolCp3,0.3333333333333333,2,2,CTGGCGCACGTATCTCGTTA,0,3786558
tolCp3,0.3333333333333333,2,2,CTGGAGCCTGGCAAGGTCCC,0,3803485
tolCp3,0.3333333333333333,2,2,CTGGACCGTTAACTTATGCC,0,3784355
tolCp3,0.3333333333333333,2,2,CTGGAACGCTGTTAGGCGAA,0,3806882
tolCp3,0.3333333333333333,2,2,CTGCTTACGGAGGTTTAATT,0,3807619
tolCp3,0.3333333333333333,2,2,CTGCTCGCGGAATAAACCGG,0,3779141
tolCp3,0.3333333333333333,2,2,CTGCGGGAAAAAATCAGACC,0,3793652
tolCp3,0.3333333333333333,2,2,CTGCGGACGGCATGCGTGAA,0,3778318
tolCp3,0.3333333333333333,2,2,CTGCGACGAACGCTCGGGGT,0,3784734
tolCp3,0.3333333333333333,2,2,CTGCAGTAAAGAGCAACCCG,0,3790734
tolCp3,0.3333333333333333,2,2,CTGCACGTTCGGTAATTGCT,0,3803682
tolCp3,0.3333333333333333,2,2,CTGATTCGTAGGTGCTGAAA,0,3779716
tolCp3,0.3333333333333333,2,2,CTGATTCAAGCGAAGACTCT,0,3790289
tolCp3,0.3333333333333333,2,2,CTGATGTCCTGAGAAAGATT,0,3778541
tolCp3,0.3333333333333333,2,2,CTGAGTCATCCACCCTACAC,0,3793123
tolCp3,0.3333333333333333,2,2,CTGAGATTGGGTCCTAATGG,0,3792502
tolCp3,0.3333333333333333,2,2,CTGACCGACCCTGAGGTTAT,0,3805438
tolCp3,0.3333333333333333,2,2,CTGACAGTCAAAGGGAGCCA,0,3777109
tolCp3,0.3333333333333333,2,2,CTGAAATAGCGTGCAGTGCC,0,3788550
tolCp3,0.3333333333333333,2,2,CTGAAAGAGCTGGAGAGCCT,0,3775084
tolCp3,0.3333333333333333,2,2,CTCTTAGCGGCTGAAACGTC,0,3785321
tolCp3,0.3333333333333333,2,2,CTCTGTCCAGGGTTCGTTTT,0,3789651
tolCp3,0.3333333333333333,2,2,CTCTCCGCTAAATATAACAT,0,3808061
tolCp3,0.3333333333333333,2,2,CTCTAGGCAAGCGCTTTTGG,0,3776490
tolCp3,0.3333333333333333,2,2,CTCGGTCAAGAAACTCAAAT,0,3803463
tolCp3,0.3333333333333333,2,2,CTCGAGCGTCCGACTTGTAA,0,3798814
tolCp3,0.3333333333333333,2,2,CTCGAGCGCTGGAAGAGCGC,0,3804652
tolCp3,0.3333333333333333,2,2,CTCGAGATAACAAAACGCGT,0,3788678
tolCp3,0.3333333333333333,2,2,CTCCGAGGGTAACCCCCTGT,0,3792571
tolCp3,0.3333333333333333,2,2,CTCCATCTCAGAATGCCCTA,0,3807853
tolCp3,0.3333333333333333,2,2,CTCATTGGTCAAGCGTCCGT,0,3799615
tolCp3,0.3333333333333333,2,2,CTCATGTACTGGTACCAGCC,0,3778389
tolCp3,0.3333333333333333,2,2,CTCATCGTTTCGGGCTTCGT,0,3775192
tolCp3,0.3333333333333333,2,2,CTCATCCTCGGTGGCGTACG,0,3788589
tolCp3,0.3333333333333333,2,2,CTCAAAGTTTGCTCCTAGAC,0,3784817
tolCp3,0.3333333333333333,2,2,CTATTTCCACATTCCGGGCT,0,3777582
tolCp3,0.3333333333333333,2,2,CTATTGACCCCACAGAGTGA,0,3782109
tolCp3,0.3333333333333333,2,2,CTATGTCTGTCGCTCATAAA,0,3783244
tolCp3,0.3333333333333333,2,2,CTATAGTGCCGGCGCTCACT,0,3777657
tolCp3,0.3333333333333333,2,2,CTAGTTGATAACTTGCAGAC,0,3800582
tolCp3,0.3333333333333333,2,2,CTAGCGTTGGAGTATGGAAT,0,3806096
tolCp3,0.3333333333333333,2,2,CTAGCAATAAATTAGTAGTC,0,3778144
tolCp3,0.3333333333333333,2,2,CTAGCAACGCAACAAAGCGT,0,3803617
tolCp3,0.3333333333333333,2,2,CTAGAATTCGGCTGGGACAC,0,3799377
tolCp3,0.3333333333333333,2,2,CTACTATCGTGAGTCGCAGG,0,3786161
tolCp3,0.3333333333333333,2,2,CTACGCTGACTTGAGTCTTC,0,3798745
tolCp3,0.3333333333333333,2,2,CTACGCGGTGGGACAGTTCT,0,3803002
tolCp3,0.3333333333333333,2,2,CTACCCTCGAATTGCGTAAT,0,3783561
tolCp3,0.3333333333333333,2,2,CTACACATATTTGGTTCGGA,0,3808177
tolCp3,0.3333333333333333,2,2,CTAATTCCTGACATCGGGCT,0,3807363
tolCp3,0.3333333333333333,2,2,CTAATGCTCATAGGTGCCAA,0,3801100
tolCp3,0.3333333333333333,2,2,CTAATACATTGAGTGATCTG,0,3787039
tolCp3,0.3333333333333333,2,2,CTAAGTCGAGGGGTGCGCCA,0,3800511
tolCp3,0.3333333333333333,2,2,CTAAGGCGGTAGTAGAGGGT,0,3803697
tolCp3,0.3333333333333333,2,2,CTAAGAAAAGTAAATTGTAG,0,3805068
tolCp3,0.3333333333333333,2,2,CTAAATCGTTAATGGCCAGA,0,3796416
tolCp3,0.3333333333333333,2,2,CGTTTTCAGGACCCTACAGA,0,3808667
tolCp3,0.3333333333333333,2,2,CGTTGCTCTCGGACTTGCCT,0,3808573
tolCp3,0.3333333333333333,2,2,CGTTGAATTAATAGCGAACG,0,3806694
tolCp3,0.3333333333333333,2,2,CGTTAACTCTAAGCGTGCCG,0,3794352
tolCp3,0.3333333333333333,2,2,CGTGGTGGTTAGAGGAATAG,0,3800627
tolCp3,0.3333333333333333,2,2,CGTGGTGCTCTTGGCGGTGA,0,3775146
tolCp3,0.3333333333333333,2,2,CGTGCATCACTGCGTCAGGG,0,3803215
tolCp3,0.3333333333333333,2,2,CGTGATTCGGTTACCAGAAC,0,3790875
tolCp3,0.3333333333333333,2,2,CGTGATCAGAAGGTCCTCAG,0,3790511
tolCp3,0.3333333333333333,2,2,CGTGAGCAAGGAACGTGTTG,0,3789716
tolCp3,0.3333333333333333,2,2,CGTGAAAGGGTTAAGTTTGT,0,3778898
tolCp3,0.3333333333333333,2,2,CGTCGTAAGCCCAAACCTAC,0,3808876
tolCp3,0.3333333333333333,2,2,CGTCAACCCTGGTGGGCTCT,0,3789304
tolCp3,0.3333333333333333,2,2,CGTATAGTGCTTGAATGGTG,0,3800910
tolCp3,0.3333333333333333,2,2,CGTAGGTCGAGTTATGTTGA,0,3780850
tolCp3,0.3333333333333333,2,2,CGTACGGCGACCACGGTGAA,0,3782786
tolCp3,0.3333333333333333,2,2,CGTACCACTCGCTCCTTTGG,0,3794014
tolCp3,0.3333333333333333,2,2,CGTACAAAATTCAGCTCCTG,0,3806563
tolCp3,0.3333333333333333,2,2,CGTAATTAACAGTGTAGCCT,0,3798606
tolCp3,0.3333333333333333,2,2,CGTAACAGTCCATCTCCACA,0,3791431
tolCp3,0.3333333333333333,2,2,CGGTTGTGCTTCCGGTGCAC,0,3780516
tolCp3,0.3333333333333333,2,2,CGGTTACAGGTATAGTAAGT,0,3785315
tolCp3,0.3333333333333333,2,2,CGGTGGCAGGTTTTGGTCGG,0,3800158
tolCp3,0.3333333333333333,2,2,CGGTCCTTTAACGTCATGAC,0,3791199
tolCp3,0.3333333333333333,2,2,CGGTCCGACCCGCTAGTCCC,0,3782977
tolCp3,0.3333333333333333,2,2,CGGTCAAAGGTGGAAATACA,0,3790780
tolCp3,0.3333333333333333,2,2,CGGTATCGGAACCATTGAAA,0,3785805
tolCp3,0.3333333333333333,2,2,CGGTACGTTTCAACTTCTTT,0,3807309
tolCp3,0.3333333333333333,2,2,CGGGTCCGATAATTGTCTTA,0,3780618
tolCp3,0.3333333333333333,2,2,CGGGGTGCTCATGCATGAGC,0,3775539
tolCp3,0.3333333333333333,2,2,CGGGGGCTGGCGTCAGGTTC,0,3798048
tolCp3,0.3333333333333333,2,2,CGGGCTTGGTTAGAGGTAGA,0,3785554
tolCp3,0.3333333333333333,2,2,CGGGCTCTGGAGACGTGAGG,0,3784998
tolCp3,0.3333333333333333,2,2,CGGGCGTTCTGTGTTTTGGA,0,3794467
tolCp3,0.3333333333333333,2,2,CGGGAGTACGGCCTCTTAAA,0,3797938
tolCp3,0.3333333333333333,2,2,CGGGAGGGTCGTTGGTAGTA,0,3799990
tolCp3,0.3333333333333333,2,2,CGGGACGACACTTCAGGTAG,0,3791734
tolCp3,0.3333333333333333,2,2,CGGGACACCACGCGACATTA,0,3785496
tolCp3,0.3333333333333333,2,2,CGGCTAAGTCGTCTGTTGAA,0,3789843
tolCp3,0.3333333333333333,2,2,CGGCGTTCACAGAGACCCAG,0,3775449
tolCp3,0.3333333333333333,2,2,CGGCCTAGGGATAGCAACAA,0,3790438
tolCp3,0.3333333333333333,2,2,CGGCCGACCAAAAAGGGCCT,0,3785359
tolCp3,0.3333333333333333,2,2,CGGCCCGCAATTATCTCAAT,0,3788522
tolCp3,0.3333333333333333,2,2,CGGCCAAAAATTGGTATACA,0,3787538
tolCp3,0.3333333333333333,2,2,CGGCACATCAGCCCGTAGCG,0,3786417
tolCp3,0.3333333333333333,2,2,CGGCACACCACAAATTAGGG,0,3806024
tolCp3,0.3333333333333333,2,2,CGGATTACCTGATCACCCGG,0,3806370
tolCp3,0.3333333333333333,2,2,CGGATCAGTTGACGCAATCC,0,3799640
tolCp3,0.3333333333333333,2,2,CGGAGTTGCTCACTCAGGGC,0,3805104
tolCp3,0.3333333333333333,2,2,CGGAGCTGTTCTGGTTTACC,0,3796822
tolCp3,0.3333333333333333,2,2,CGGAGACCCTCCTCTTCAAA,0,3796510
tolCp3,0.3333333333333333,2,2,CGGAAATAGAGAAATGACGA,0,3802699
tolCp3,0.3333333333333333,2,2,CGCTTACTGTGAGGCTACGT,0,3786227
tolCp3,0.3333333333333333,2,2,CGCTGCCGATTCGTGTCTCC,0,3777353
tolCp3,0.3333333333333333,2,2,CGCTCTGTGACGGATGGCTC,0,3790230
tolCp3,0.3333333333333333,2,2,CGCTCGCCGAGCTCGAATCA,0,3774748
tolCp3,0.3333333333333333,2,2,CGCTCCAGAAAATCCGTGAA,0,3786402
tolCp3,0.3333333333333333,2,2,CGCTCATGAATTGTAATCGA,0,3796174
tolCp3,0.3333333333333333,2,2,CGCTATGTATAAGCCTTCAT,0,3786108
tolCp3,0.3333333333333333,2,2,CGCGTTGTCCCGAGCCGCTC,0,3779718
tolCp3,0.3333333333333333,2,2,CGCGTGGCGAGAACAGGGTG,0,3808093
tolCp3,0.3333333333333333,2,2,CGCGTAGAACGCACTGACAT,0,3804426
tolCp3,0.3333333333333333,2,2,CGCGGATCGAAACAACGTTA,0,3789907
tolCp3,0.3333333333333333,2,2,CGCGCTGATTGAGTCGGGTC,0,3785966
tolCp3,0.3333333333333333,2,2,CGCGCAGTAATTCGTCCGTC,0,3788757
tolCp3,0.3333333333333333,2,2,CGCCTAGCTTTTCTAGCTAT,0,3780847
tolCp3,0.3333333333333333,2,2,CGCCGTGTGAAAGAATTTGC,0,3777911
tolCp3,0.3333333333333333,2,2,CGCCGTAATGTCTCGATACA,0,3783318
tolCp3,0.3333333333333333,2,2,CGCCGCGTCAAGAGTTACGT,0,3778849
tolCp3,0.3333333333333333,2,2,CGCCACGATTGGGGTTTTCA,0,3785679
tolCp3,0.3333333333333333,2,2,CGCATTTAGGAATGGGTTTC,0,3781767
tolCp3,0.3333333333333333,2,2,CGCATTCTTCCGAGAATTCT,0,3785331
tolCp3,0.3333333333333333,2,2,CGCATCAGGCTTAGCACACA,0,3796797
tolCp3,0.3333333333333333,2,2,CGCATCAATCCGGTATAAAA,0,3783811
tolCp3,0.3333333333333333,2,2,CGCAATTGACTGCCGCGTCT,0,3786193
tolCp3,0.3333333333333333,2,2,CGCAATATGAACCATACGTG,0,3793798
tolCp3,0.3333333333333333,2,2,CGCAAGTCGGCATTGTCTAT,0,3781631
tolCp3,0.3333333333333333,2,2,CGCAAGAAACACACTGTTCA,0,3791255
tolCp3,0.3333333333333333,2,2,CGATTGTGTCGTCACGGGAA,0,3779292
tolCp3,0.3333333333333333,2,2,CGATTCGGGCCGCCCATGGA,0,3806468
tolCp3,0.3333333333333333,2,2,CGATTAGCGCAAACTGGGCA,0,3791331
tolCp3,0.3333333333333333,2,2,CGATGGAACTTGCAACCTTC,0,3790287
tolCp3,0.3333333333333333,2,2,CGATATACCAACGACAGGCG,0,3795322
tolCp3,0.3333333333333333,2,2,CGATACGTAATCGACACCTG,0,3784900
tolCp3,0.3333333333333333,2,2,CGATACCCTACTTCAGCCTA,0,3793642
tolCp3,0.3333333333333333,2,2,CGATAACCAATTATAGTCAT,0,3806268
tolCp3,0.3333333333333333,2,2,CGAGCTGAGAAAACACTAGC,0,3800683
tolCp3,0.3333333333333333,2,2,CGAGCATCACGCGGAATGTA,0,3793532
tolCp3,0.3333333333333333,2,2,CGACTTGGGTATATTCGCTG,0,3779138
tolCp3,0.3333333333333333,2,2,CGACTTCTACGAAGCGCTGT,0,3781509
tolCp3,0.3333333333333333,2,2,CGACTTATGTTGGGTGGAAT,0,3797249
tolCp3,0.3333333333333333,2,2,CGACTGCATGAGGAGATTGG,0,3799369
tolCp3,0.3333333333333333,2,2,CGACTGACCGCGGTTTCAAA,0,3805783
tolCp3,0.3333333333333333,2,2,CGACGCGGGTAATAGGGATC,0,3809083
tolCp3,0.3333333333333333,2,2,CGACCGTGGGGAAGGTCAGT,0,3805326
tolCp3,0.3333333333333333,2,2,CGACATTCCATCTTTCACGA,0,3789272
tolCp3,0.3333333333333333,2,2,CGACACGTGGCACATCACGC,0,3792988
tolCp3,0.3333333333333333,2,2,CGAAGTAATGACATCACTCT,0,3794976
tolCp3,0.3333333333333333,2,2,CGAAGGTGGTGGCCAGTGGA,0,3808193
tolCp3,0.3333333333333333,2,2,CGAAGCGACATGTGTGCGGT,0,3787123
tolCp3,0.3333333333333333,2,2,CGAAGACATCAGAAAGTTTG,0,3786505
tolCp3,0.3333333333333333,2,2,CGAACGCAGGCTAAAAGAAT,0,3791001
tolCp3,0.3333333333333333,2,2,CGAACAGTTTCCTCTGTTAC,0,3786602
tolCp3,0.3333333333333333,2,2,CGAACAGGAGGTGACAGGGA,0,3777006
tolCp3,0.3333333333333333,2,2,CGAACAATTGCGCCATTTAT,0,3797475
tolCp3,0.3333333333333333,2,2,CGAAAGTACGGGGGCGTTTC,0,3804162
tolCp3,0.3333333333333333,2,2,CGAAAGATGGTCCCAGACCT,0,3805280
tolCp3,0.3333333333333333,2,2,CGAAAATGTCTTGCAAGGAA,0,3774727
tolCp3,0.3333333333333333,2,2,CCTTGATAGGAGGTGCAAGG,0,3777529
tolCp3,0.3333333333333333,2,2,CCTTGACCGTGCTCATTTCC,0,3795137
tolCp3,0.3333333333333333,2,2,CCTTCCAAGTGGCGCAGCAT,0,3801966
tolCp3,0.3333333333333333,2,2,CCTTAGTGGTCATAGTAGTC,0,3805551
tolCp3,0.3333333333333333,2,2,CCTTACTCCTGTCTTATTAC,0,3785149
tolCp3,0.3333333333333333,2,2,CCTGGTAGCATCTTCTAAGC,0,3778111
tolCp3,0.3333333333333333,2,2,CCTGCTGGGTTCATGTTACA,0,3785606
tolCp3,0.3333333333333333,2,2,CCTGAGACGGTTAAATTGTG,0,3779021
tolCp3,0.3333333333333333,2,2,CCTGACGTTCCGGGACGAGG,0,3800912
tolCp3,0.3333333333333333,2,2,CCTCTTAATCTGCGGATCGA,0,3793131
tolCp3,0.3333333333333333,2,2,CCTCGTTACCGACTGGAATT,0,3784362
tolCp3,0.3333333333333333,2,2,CCTCGTCTGTTAAGCAACTA,0,3800970
tolCp3,0.3333333333333333,2,2,CCTCGATTCGGGGTTCAAAG,0,3800427
tolCp3,0.3333333333333333,2,2,CCTCCGCCTGTGATGGTCGT,0,3803989
tolCp3,0.3333333333333333,2,2,CCTCCCTTCTGCGCTAAAAA,0,3784779
tolCp3,0.3333333333333333,2,2,CCTATGATCCTTTTGTATGG,0,3802907
tolCp3,0.3333333333333333,2,2,CCTATACCAGTTACAGTCAG,0,3777149
tolCp3,0.3333333333333333,2,2,CCTAGTACCTCCTTCAGCAA,0,3780498
tolCp3,0.3333333333333333,2,2,CCTAGGAGATAAATTGTGCT,0,3791240
tolCp3,0.3333333333333333,2,2,CCTACGCTGATGCGGACTTG,0,3790144
tolCp3,0.3333333333333333,2,2,CCGTTGTGGGGGCCAGGCGA,0,3793197
tolCp3,0.3333333333333333,2,2,CCGTTCATCAATGCATCTCG,0,3792828
tolCp3,0.3333333333333333,2,2,CCGTTAGCCCCTTCCATACG,0,3784492
tolCp3,0.3333333333333333,2,2,CCGTTACACACAGCGCCTTC,0,3785917
tolCp3,0.3333333333333333,2,2,CCGTGTGCGCATAGCCCCGA,0,3779072
tolCp3,0.3333333333333333,2,2,CCGTGTCAATAGCCCAGGAG,0,3793995
tolCp3,0.3333333333333333,2,2,CCGTGCAGAGGTCTAATCAC,0,3794513
tolCp3,0.3333333333333333,2,2,CCGTCGTCCTCGCTACATTG,0,3780949
tolCp3,0.3333333333333333,2,2,CCGTCGCCCTTTTGGCGTAC,0,3775585
tolCp3,0.3333333333333333,2,2,CCGTCCGATTCATTTTACGC,0,3789093
tolCp3,0.3333333333333333,2,2,CCGTATCCGCCTAGGGTAGT,0,3776032
tolCp3,0.3333333333333333,2,2,CCGTAGCGGCTATTAACAAC,0,3790509
tolCp3,0.3333333333333333,2,2,CCGGCGTTATCTAGGGCGGG,0,3794946
tolCp3,0.3333333333333333,2,2,CCGGCCGGACGAGTTCCGAG,0,3779837
tolCp3,0.3333333333333333,2,2,CCGGCAGTAGTTTAGACCCA,0,3795929
tolCp3,0.3333333333333333,2,2,CCGGAGGTGTATCCTTAGGG,0,3803892
tolCp3,0.3333333333333333,2,2,CCGCTTAGTTCCCAGAGATG,0,3803761
tolCp3,0.3333333333333333,2,2,CCGCTCGAGATTTATACACG,0,3801308
tolCp3,0.3333333333333333,2,2,CCGCGAAATACGCCGCGCAG,0,3791716
tolCp3,0.3333333333333333,2,2,CCGCCCCACGCATACGTTTT,0,3806755
tolCp3,0.3333333333333333,2,2,CCGCCACTCCTATCTAAATC,0,3804781
tolCp3,0.3333333333333333,2,2,CCGCAAGGTCCGACTCCTTT,0,3806437
tolCp3,0.3333333333333333,2,2,CCCTTTTTCCGGCCCACCTA,0,3781556
tolCp3,0.3333333333333333,2,2,CCCTTGGACATGGTTCAAGT,0,3785478
tolCp3,0.3333333333333333,2,2,CCCTTCCGGGTTCACGATGG,0,3781862
tolCp3,0.3333333333333333,2,2,CCCTTAACTTAATATATTTA,0,3798222
tolCp3,0.3333333333333333,2,2,CCCTGGTGTTCAAAGGGTCC,0,3782637
tolCp3,0.3333333333333333,2,2,CCCTGGGAACTATTAACTGC,0,3803483
tolCp3,0.3333333333333333,2,2,CCCTGCTCCATCAATAGTTC,0,3783376
tolCp3,0.3333333333333333,2,2,CCCTGAGCTAGCGAGTCGAT,0,3801039
tolCp3,0.3333333333333333,2,2,CCCTCGCGCAATGAGTACGC,0,3809245
tolCp3,0.3333333333333333,2,2,CCCTACTCTGCCAACTAGCA,0,3786675
tolCp3,0.3333333333333333,2,2,CCCTACTAGGGCGAAATATC,0,3799198
tolCp3,0.3333333333333333,2,2,CCCTAACGGAAAGTCTTAGA,0,3798561
tolCp3,0.3333333333333333,2,2,CCCGTTTATTATAACCCGAA,0,3799356
tolCp3,0.3333333333333333,2,2,CCCGGACTGACCTCCCAACC,0,3776651
tolCp3,0.3333333333333333,2,2,CCCGCATCCGTACGTCTATC,0,3805128
tolCp3,0.3333333333333333,2,2,CCCGAGGCAATGAATGAAAG,0,3808142
tolCp3,0.3333333333333333,2,2,CCCGAATGGGTAAATATATC,0,3790851
tolCp3,0.3333333333333333,2,2,CCCCTGATTGCAAGTTGAAT,0,3788050
tolCp3,0.3333333333333333,2,2,CCCCGAGCCCAGTGCTATTG,0,3774628
tolCp3,0.3333333333333333,2,2,CCCCCTAGTGACTAGGCATT,0,3780823
tolCp3,0.3333333333333333,2,2,CCCCACCAGAAGCAGACACA,0,3792400
tolCp3,0.3333333333333333,2,2,CCCATTGTACACGGGCCTTC,0,3800147
tolCp3,0.3333333333333333,2,2,CCCATTAGCGGATCAGGCTG,0,3782989
tolCp3,0.3333333333333333,2,2,CCCATCGATAGCCTCAACTA,0,3787985
tolCp3,0.3333333333333333,2,2,CCCAGGTCGAGTGGTAGTTG,0,3809112
tolCp3,0.3333333333333333,2,2,CCCAGGGACGTTTGAGGTGC,0,3783485
tolCp3,0.3333333333333333,2,2,CCCAGATCCCGAGCTGTTAC,0,3779762
tolCp3,0.3333333333333333,2,2,CCCACCTTCGGAAATTGAAA,0,3777550
tolCp3,0.3333333333333333,2,2,CCCACAGGCACCCATCCTGC,0,3788134
tolCp3,0.3333333333333333,2,2,CCCAATGCGGTCAGTGCTAC,0,3777087
tolCp3,0.3333333333333333,2,2,CCCAATCCTCAATTAAGTGT,0,3796585
tolCp3,0.3333333333333333,2,2,CCCAAGCACACAGATTATTG,0,3804085
tolCp3,0.3333333333333333,2,2,CCCAAAAAGTGTCGGCCACG,0,3774567
tolCp3,0.3333333333333333,2,2,CCATCGCTGGGTATTTCGTT,0,3807004
tolCp3,0.3333333333333333,2,2,CCATAGTACATCAGTCTTCG,0,3791607
tolCp3,0.3333333333333333,2,2,CCATACGACACGTTTTTCCG,0,3797159
tolCp3,0.3333333333333333,2,2,CCAGTCTTACACGTATTACG,0,3798680
tolCp3,0.3333333333333333,2,2,CCAGTCCGCCCCTTAACTGC,0,3797772
tolCp3,0.3333333333333333,2,2,CCAGGTGAAATACGTGGTAA,0,3778978
tolCp3,0.3333333333333333,2,2,CCAGGGCCCTTCCAGTGGCA,0,3809416
tolCp3,0.3333333333333333,2,2,CCAGCGACAAGATGCTTGTT,0,3789861
tolCp3,0.3333333333333333,2,2,CCAGCAATCATCTGGCCTCA,0,3804102
tolCp3,0.3333333333333333,2,2,CCAGATGTGGGCGCGCGCCA,0,3789625
tolCp3,0.3333333333333333,2,2,CCACTGGAGCGTAGCATGGT,0,3804767
tolCp3,0.3333333333333333,2,2,CCACTGCCAAACTTTCTTGT,0,3795645
tolCp3,0.3333333333333333,2,2,CCACGTAAGTTCGACTTACA,0,3797594
tolCp3,0.3333333333333333,2,2,CCACCTCGAGATACGCGGCG,0,3800803
tolCp3,0.3333333333333333,2,2,CCACCAGAACCTCAATCTGT,0,3808184
tolCp3,0.3333333333333333,2,2,CCACAGATTTAAGCTCCAAA,0,3789644
tolCp3,0.3333333333333333,2,2,CCAATCCGCTTCACCATCGC,0,3806412
tolCp3,0.3333333333333333,2,2,CCAATAAGTCATCTACTTAA,0,3778695
tolCp3,0.3333333333333333,2,2,CCAAGTGTGTCGCCCGACAG,0,3779828
tolCp3,0.3333333333333333,2,2,CCAAGGTCATATATCATAGA,0,3783083
tolCp3,0.3333333333333333,2,2,CCAAGACTATGCGATTAATG,0,3775060
tolCp3,0.3333333333333333,2,2,CCAACGTCGCCTAAAGTAGT,0,3785175
tolCp3,0.3333333333333333,2,2,CCAACGCGACCCGTTCCGCG,0,3786311
tolCp3,0.3333333333333333,2,2,CCAAATGCCCCGCCGCTCCT,0,3797247
tolCp3,0.3333333333333333,2,2,CCAAAGGCCTTAGTCTCCCT,0,3806923
tolCp3,0.3333333333333333,2,2,CCAAACGAGTACCATAGGAC,0,3799395
tolCp3,0.3333333333333333,2,2,CATTTTACAGACAACGACTG,0,3799399
tolCp3,0.3333333333333333,2,2,CATTGCCGTATCGCGTCACA,0,3796849
tolCp3,0.3333333333333333,2,2,CATTGACTTACAAAACAGCT,0,3778585
tolCp3,0.3333333333333333,2,2,CATTCTCAGTGTGACTAGGC,0,3784149
tolCp3,0.3333333333333333,2,2,CATTCATCGCACAAGGCTCG,0,3777903
tolCp3,0.3333333333333333,2,2,CATTCATAGGGGATGGCGAA,0,3774840
tolCp3,0.3333333333333333,2,2,CATGTGCAACTGCAGTTTCG,0,3788025
tolCp3,0.3333333333333333,2,2,CATGTAGTTAAAGTAGATCC,0,3776933
tolCp3,0.3333333333333333,2,2,CATGGCACAGTCGGAGACAA,0,3782384
tolCp3,0.3333333333333333,2,2,CATGCCCTACATGTATGGCT,0,3782767
tolCp3,0.3333333333333333,2,2,CATCGGGATCATATGACAAA,0,3791873
tolCp3,0.3333333333333333,2,2,CATCGAGAATCGGAGAGGGT,0,3801025
tolCp3,0.3333333333333333,2,2,CATCCTTCTAGGAAGGTTCT,0,3794895
tolCp3,0.3333333333333333,2,2,CATCCAGCGCGAGATATCTT,0,3793412
tolCp3,0.3333333333333333,2,2,CATATGAAATAGTTTCGTTG,0,3791101
tolCp3,0.3333333333333333,2,2,CATAGGACCAAAAAGATCAC,0,3799533
tolCp3,0.3333333333333333,2,2,CATACTTGGATTCCCATATG,0,3778924
tolCp3,0.3333333333333333,2,2,CATACTCGCTAAGTTTACAC,0,3779938
tolCp3,0.3333333333333333,2,2,CATAAGGCATCGTCAAGTCC,0,3791624
tolCp3,0.3333333333333333,2,2,CATAACCAGCATCAGTTAGT,0,3785925
tolCp3,0.3333333333333333,2,2,CAGTTCGTAAATTTCGGGTA,0,3787494
tolCp3,0.3333333333333333,2,2,CAGTCATGTCTACGACAGCA,0,3781645
tolCp3,0.3333333333333333,2,2,CAGTATGGGAAAGGATATCT,0,3788878
tolCp3,0.3333333333333333,2,2,CAGTACTGTTCTAGGCGCGT,0,3798299
tolCp3,0.3333333333333333,2,2,CAGTAAGTGATTTAGGCCCC,0,3795723
tolCp3,0.3333333333333333,2,2,CAGGGGTAACGATTCATCAT,0,3799465
tolCp3,0.3333333333333333,2,2,CAGGCTTGAACGGACTAGGG,0,3778351
tolCp3,0.3333333333333333,2,2,CAGGCAGTGATAACTCGCAT,0,3777004
tolCp3,0.3333333333333333,2,2,CAGCGCCGCGAACATGGAAT,0,3797976
tolCp3,0.3333333333333333,2,2,CAGCCTCGCGTATGGGGCGG,0,3804221
tolCp3,0.3333333333333333,2,2,CAGCATGCACAATCAACACA,0,3792690
tolCp3,0.3333333333333333,2,2,CAGCAAGCACCTATACCCTC,0,3785320
tolCp3,0.3333333333333333,2,2,CAGAGCGGTCGGGTTATAAA,0,3793115
tolCp3,0.3333333333333333,2,2,CAGAGCGCTCCCAAATGCCT,0,3788986
tolCp3,0.3333333333333333,2,2,CAGAGCCTAATATTAGACGT,0,3780415
tolCp3,0.3333333333333333,2,2,CAGACCCTGGATTTCAAGGG,0,3793460
tolCp3,0.3333333333333333,2,2,CAGAAAGCTGAGTCGTGCAG,0,3809026
tolCp3,0.3333333333333333,2,2,CAGAAACTCGGTATGGCGAA,0,3807792
tolCp3,0.3333333333333333,2,2,CACTTGAGAGCGACTATGTT,0,3785476
tolCp3,0.3333333333333333,2,2,CACTTCGTACTAATCTTTAA,0,3790521
tolCp3,0.3333333333333333,2,2,CACTGTCTTGCTCTTGGGCT,0,3798290
tolCp3,0.3333333333333333,2,2,CACTGAAGTATACAGTTTGG,0,3794266
tolCp3,0.3333333333333333,2,2,CACTACGGGGCTACGAAGAC,0,3784768
tolCp3,0.3333333333333333,2,2,CACTACCTGTAGAACCTGAT,0,3804622
tolCp3,0.3333333333333333,2,2,CACGTAGCGGTGACTATTAG,0,3800172
tolCp3,0.3333333333333333,2,2,CACGGGTGGTTCGCGAGCAA,0,3807270
tolCp3,0.3333333333333333,2,2,CACGGACCAACGACACCACC,0,3778142
tolCp3,0.3333333333333333,2,2,CACGCAGCTCGCGCCCCCAT,0,3790644
tolCp3,0.3333333333333333,2,2,CACGCACGGGTGGTCGGCTG,0,3805335
tolCp3,0.3333333333333333,2,2,CACGACTCTGGACTTAAGGT,0,3804575
tolCp3,0.3333333333333333,2,2,CACCTCCAGGTTGTGACTAC,0,3798036
tolCp3,0.3333333333333333,2,2,CACCGAAGTTAACGATGGGG,0,3780351
tolCp3,0.3333333333333333,2,2,CACCGAACGCCGTTATAGGT,0,3782501
tolCp3,0.3333333333333333,2,2,CACCATACTGACTACATCTC,0,3786662
tolCp3,0.3333333333333333,2,2,CACCACCGCGCGTTATGCCC,0,3800636
tolCp3,0.3333333333333333,2,2,CACATCGCAAAGTTAGTTTT,0,3808915
tolCp3,0.3333333333333333,2,2,CACAGCTGACTTGACTACAG,0,3779144
tolCp3,0.3333333333333333,2,2,CACAGACAGTCGCTCAATCG,0,3798382
tolCp3,0.3333333333333333,2,2,CACACGCATCTCACCGCCAA,0,3775627
tolCp3,0.3333333333333333,2,2,CACACACAGGTGATCCTCTA,0,3791774
tolCp3,0.3333333333333333,2,2,CACAACTCAAGAGGTTCCAA,0,3774527
tolCp3,0.3333333333333333,2,2,CAATTTCCATTCCATTCTAT,0,3792978
tolCp3,0.3333333333333333,2,2,CAATGGCTTGTTTGTATGCG,0,3783236
tolCp3,0.3333333333333333,2,2,CAATCTCAAGGCGCATGCAA,0,3775176
tolCp3,0.3333333333333333,2,2,CAATACGTGGAAACCGATCA,0,3785282
tolCp3,0.3333333333333333,2,2,CAATACGACCGCGTCCACGA,0,3791313
tolCp3,0.3333333333333333,2,2,CAAGCAGTATCACCCGAGCA,0,3798320
tolCp3,0.3333333333333333,2,2,CAAGAAGACGGGCTGTGGGT,0,3778461
tolCp3,0.3333333333333333,2,2,CAACGCTGGTGCAGGACCAA,0,3805982
tolCp3,0.3333333333333333,2,2,CAACGACCCGATGCCCTAGG,0,3808494
tolCp3,0.3333333333333333,2,2,CAACCTGCCCGCTCCAGTAC,0,3796848
tolCp3,0.3333333333333333,2,2,CAACAGCAGCGAATGAACGT,0,3800359
tolCp3,0.3333333333333333,2,2,CAACAAGTTGTCAAGACTCT,0,3801939
tolCp3,0.3333333333333333,2,2,CAAAGAGTGTAACGTTGCAA,0,3805442
tolCp3,0.3333333333333333,2,2,CAAAAATTCGAGTCATTTTG,0,3808916
tolCp3,0.3333333333333333,2,2,ATTTTTGAGCTTACCTTTCG,0,3774821
tolCp3,0.3333333333333333,2,2,ATTTGTGTCCCTTATACGAG,0,3784696
tolCp3,0.3333333333333333,2,2,ATTTGCACAAGCGCCCCGCA,0,3802126
tolCp3,0.3333333333333333,2,2,ATTTGATTCAGCGCGCCAGA,0,3805718
tolCp3,0.3333333333333333,2,2,ATTTAGGCAACGTATCGCGG,0,3806332
tolCp3,0.3333333333333333,2,2,ATTGTACCTAGAGCCTGCAG,0,3776385
tolCp3,0.3333333333333333,2,2,ATTGGTGCTTATCTTTGCCA,0,3777404
tolCp3,0.3333333333333333,2,2,ATTGCAGGCCAACCTGACTT,0,3778694
tolCp3,0.3333333333333333,2,2,ATTGACGCATGACGGAATCT,0,3808867
tolCp3,0.3333333333333333,2,2,ATTCTAACTACTAGCTGTCT,0,3781962
tolCp3,0.3333333333333333,2,2,ATTCGAAGATTTGCTGAAAA,0,3793556
tolCp3,0.3333333333333333,2,2,ATTCAATTGAGTTCGGCAAT,0,3782434
tolCp3,0.3333333333333333,2,2,ATTATGATACATGGACAAAA,0,3785378
tolCp3,0.3333333333333333,2,2,ATTATCTAGGGAAGTTTGTT,0,3787230
tolCp3,0.3333333333333333,2,2,ATTATCACGGTGTATCAATC,0,3790563
tolCp3,0.3333333333333333,2,2,ATTATAACTTTTTTCATGGA,0,3805510
tolCp3,0.3333333333333333,2,2,ATTAGTTTGGGACAATTCTC,0,3795359
tolCp3,0.3333333333333333,2,2,ATTACGCCACAAAGATTACA,0,3794989
tolCp3,0.3333333333333333,2,2,ATTAATAATGGGGGCACAGG,0,3806832
tolCp3,0.3333333333333333,2,2,ATTAATAATAGTCAGAAGGC,0,3795759
tolCp3,0.3333333333333333,2,2,ATGTTGGACCTGCAAAGATA,0,3797598
tolCp3,0.3333333333333333,2,2,ATGTTATCCACCATTTTACA,0,3784824
tolCp3,0.3333333333333333,2,2,ATGTTAAAAGGGGCGGTCTA,0,3779533
tolCp3,0.3333333333333333,2,2,ATGTGCTCGCCAGAGAAGGA,0,3782774
tolCp3,0.3333333333333333,2,2,ATGTGCAGTGGCCGTAATGC,0,3782204
tolCp3,0.3333333333333333,2,2,ATGTCATCCAGTGACCTCCT,0,3798555
tolCp3,0.3333333333333333,2,2,ATGTATTCTTATGATTTAAG,0,3802513
tolCp3,0.3333333333333333,2,2,ATGTAGTGACAACCTAGTGC,0,3805345
tolCp3,0.3333333333333333,2,2,ATGGTTAACCTGTTACTTGT,0,3784755
tolCp3,0.3333333333333333,2,2,ATGGTGGAATTACAGACCCC,0,3775956
tolCp3,0.3333333333333333,2,2,ATGGGCTGTATCTCTCGTGT,0,3789071
tolCp3,0.3333333333333333,2,2,ATGGGCGTAGCAGTCTTGGG,0,3795230
tolCp3,0.3333333333333333,2,2,ATGCTTCTTTGTTAAAGGGG,0,3790298
tolCp3,0.3333333333333333,2,2,ATGCTAAACACCATACTCTG,0,3801741
tolCp3,0.3333333333333333,2,2,ATGCGGGACTACTGTAGCGT,0,3800046
tolCp3,0.3333333333333333,2,2,ATGCCGTTCAGTATGTATCT,0,3777923
tolCp3,0.3333333333333333,2,2,ATGCCAGATCGCTAGGAGTC,0,3785706
tolCp3,0.3333333333333333,2,2,ATGATGAGCGTACGCGCCTA,0,3798322
tolCp3,0.3333333333333333,2,2,ATGATAGAACAGCGGATCAC,0,3805983
tolCp3,0.3333333333333333,2,2,ATGAGTATATGCAAGGTCAA,0,3795880
tolCp3,0.3333333333333333,2,2,ATGACTCGCTCAGACTCACT,0,3783917
tolCp3,0.3333333333333333,2,2,ATGACTACGATTATGTGCTT,0,3790486
tolCp3,0.3333333333333333,2,2,ATGACCGTTAAGCGAACTAC,0,3779511
tolCp3,0.3333333333333333,2,2,ATCTGGACGTGCTCACTGCT,0,3803007
tolCp3,0.3333333333333333,2,2,ATCTGGAACATTCGCTTCTA,0,3789974
tolCp3,0.3333333333333333,2,2,ATCTGCCAGGTCATAAAGGT,0,3774787
tolCp3,0.3333333333333333,2,2,ATCTGCCACTCATCGTACCT,0,3798625
tolCp3,0.3333333333333333,2,2,ATCTGAGAAGGCCAGTCGCG,0,3796946
tolCp3,0.3333333333333333,2,2,ATCTATGCAGGCGACATTCA,0,3786868
tolCp3,0.3333333333333333,2,2,ATCTAAACAGCTTTACTGAA,0,3797842
tolCp3,0.3333333333333333,2,2,ATCGGGCAAACCCCGGTTTA,0,3800320
tolCp3,0.3333333333333333,2,2,ATCGGCGACACGGTAGTATG,0,3797493
tolCp3,0.3333333333333333,2,2,ATCGATTTATTGCCCCCGTG,0,3802995
tolCp3,0.3333333333333333,2,2,ATCGAGGGATCCGTTACTAA,0,3804329
tolCp3,0.3333333333333333,2,2,ATCGACATCAGGAAAGGTGT,0,3808146
tolCp3,0.3333333333333333,2,2,ATCGAAACGTAGGGCCCTGT,0,3790628
tolCp3,0.3333333333333333,2,2,ATCCTGATGAATGCGGATAT,0,3784699
tolCp3,0.3333333333333333,2,2,ATCCGGATGACAGGTGTAGG,0,3787482
tolCp3,0.3333333333333333,2,2,ATCAGGCAGCGATGGAGTCC,0,3782659
tolCp3,0.3333333333333333,2,2,ATCAACCGCTCAAGATAGCG,0,3787846
tolCp3,0.3333333333333333,2,2,ATATGGGGCATCATTAATCA,0,3792076
tolCp3,0.3333333333333333,2,2,ATATGGCTAGCGGGGGCAAA,0,3795843
tolCp3,0.3333333333333333,2,2,ATATGACAAAATGGGTCGGT,0,3807290
tolCp3,0.3333333333333333,2,2,ATATCTGAACCCCCGCGGAA,0,3801285
tolCp3,0.3333333333333333,2,2,ATATCGCGCTCTCTTACATT,0,3787947
tolCp3,0.3333333333333333,2,2,ATATAGCCAGCCAATCGTAC,0,3779781
tolCp3,0.3333333333333333,2,2,ATATAATTGATAGGTTCGGC,0,3805963
tolCp3,0.3333333333333333,2,2,ATAGTCCCACGAAATCCAGG,0,3778873
tolCp3,0.3333333333333333,2,2,ATAGGGCAGCTGAGATCTTC,0,3778729
tolCp3,0.3333333333333333,2,2,ATAGGGAGGGCCTCAGGCAA,0,3781482
tolCp3,0.3333333333333333,2,2,ATAGCTGTGTCCAAATGAAT,0,3779219
tolCp3,0.3333333333333333,2,2,ATAGCGACGTTTCAAGCGAG,0,3803184
tolCp3,0.3333333333333333,2,2,ATAGCCAAGGCACTGGGTCG,0,3784611
tolCp3,0.3333333333333333,2,2,ATAGAGCTCTGTTTAAGGTC,0,3788393
tolCp3,0.3333333333333333,2,2,ATAGACGGTCTCATTCCAAG,0,3781164
tolCp3,0.3333333333333333,2,2,ATACTTGGGAAATGCCCTCC,0,3782007
tolCp3,0.3333333333333333,2,2,ATACGGCTAGTTGTCCTCGT,0,3801477
tolCp3,0.3333333333333333,2,2,ATACCCTGCTTCCGGCTGAA,0,3776411
tolCp3,0.3333333333333333,2,2,ATACATCGTCCCTCGACTCC,0,3787709
tolCp3,0.3333333333333333,2,2,ATACAGATCGAGAGTTGTTG,0,3801467
tolCp3,0.3333333333333333,2,2,ATACACGGGGCCTAGGGTCT,0,3785352
tolCp3,0.3333333333333333,2,2,ATACACAGGTCTCTGTCAAG,0,3776377
tolCp3,0.3333333333333333,2,2,ATAAGGTTCCGGAAGTCCCA,0,3799865
tolCp3,0.3333333333333333,2,2,ATAACGGTTCGTAGAGATGC,0,3789023
tolCp3,0.3333333333333333,2,2,ATAACCACCGGTCAACGTAT,0,3783171
tolCp3,0.3333333333333333,2,2,ATAAAGGTGACATCGATGTA,0,3801992
tolCp3,0.3333333333333333,2,2,ATAAACACGCTTTGACAGTC,0,3783283
tolCp3,0.3333333333333333,2,2,ATAAAATTAGATCTAACATA,0,3785758
tolCp3,0.3333333333333333,2,2,AGTTCTCACCTGTATAAAAT,0,3783033
tolCp3,0.3333333333333333,2,2,AGTTCGCTACTAGGCATATA,0,3804770
tolCp3,0.3333333333333333,2,2,AGTTCCTGACCGGTAAAGAC,0,3809187
tolCp3,0.3333333333333333,2,2,AGTTACCGTGGTATCATAAG,0,3794274
tolCp3,0.3333333333333333,2,2,AGTGTGCGGTAATCCTCGTT,0,3794504
tolCp3,0.3333333333333333,2,2,AGTGTAGGCTAAGCCTTTGA,0,3804249
tolCp3,0.3333333333333333,2,2,AGTGGTTACCGCCATCACCA,0,3797986
tolCp3,0.3333333333333333,2,2,AGTGGGCATTATCGGTGTAC,0,3807631
tolCp3,0.3333333333333333,2,2,AGTGGAGATGGCTTGATCGG,0,3792506
tolCp3,0.3333333333333333,2,2,AGTCTTAAATGCACAGAAGC,0,3808207
tolCp3,0.3333333333333333,2,2,AGTCTCTATAGGTGTAAGTT,0,3805779
tolCp3,0.3333333333333333,2,2,AGTCTAAGACCGAGAAAATG,0,3792849
tolCp3,0.3333333333333333,2,2,AGTCCGCGGACCTTCGTAAT,0,3801799
tolCp3,0.3333333333333333,2,2,AGTCAGCTTCTACCCACGGT,0,3798782
tolCp3,0.3333333333333333,2,2,AGTCACCGTCGAGGCGCCAC,0,3776877
tolCp3,0.3333333333333333,2,2,AGTCAAGAGATGTGGGGAAC,0,3800352
tolCp3,0.3333333333333333,2,2,AGTATCCACAGGGCAAAGGA,0,3777362
tolCp3,0.3333333333333333,2,2,AGTAATAACTGCTGTGCTAG,0,3804502
tolCp3,0.3333333333333333,2,2,AGGTATGATACAGTATGGTC,0,3783645
tolCp3,0.3333333333333333,2,2,AGGTAGCAATCTGAATGATT,0,3788591
tolCp3,0.3333333333333333,2,2,AGGTACCGTGGACTCGTCGG,0,3788926
tolCp3,0.3333333333333333,2,2,AGGTAATCAAAGTGGGACAT,0,3791478
tolCp3,0.3333333333333333,2,2,AGGGTAACGTACTCGTAGTA,0,3801769
tolCp3,0.3333333333333333,2,2,AGGGGTATGGGTAGATGTGC,0,3799962
tolCp3,0.3333333333333333,2,2,AGGGGTAAACCCGAGTGGGT,0,3778350
tolCp3,0.3333333333333333,2,2,AGGGGGCTGATTTCAGAGAT,0,3781551
tolCp3,0.3333333333333333,2,2,AGGGATTCGCCTCGAGCAAA,0,3779126
tolCp3,0.3333333333333333,2,2,AGGGAGAGTGTGATACCTCT,0,3807056
tolCp3,0.3333333333333333,2,2,AGGCTTGCTGGGAATAGAGT,0,3798715
tolCp3,0.3333333333333333,2,2,AGGCTTGCTCGCGTTCGTAA,0,3808695
tolCp3,0.3333333333333333,2,2,AGGCTGGGAACGTCAGAGGT,0,3779926
tolCp3,0.3333333333333333,2,2,AGGCTCCTTGAGGGATGTCG,0,3803044
tolCp3,0.3333333333333333,2,2,AGGCGAAATTCGATACCGGC,0,3779480
tolCp3,0.3333333333333333,2,2,AGGCCTGTATGGCTGCGTAT,0,3808628
tolCp3,0.3333333333333333,2,2,AGGCCTAAGTTTCTCTGAGG,0,3797187
tolCp3,0.3333333333333333,2,2,AGGCCCAAACGGTAATCATT,0,3794013
tolCp3,0.3333333333333333,2,2,AGGATGAGTGCTCGAGGTTA,0,3804130
tolCp3,0.3333333333333333,2,2,AGGAGTCCGAAGATACGTGC,0,3778650
tolCp3,0.3333333333333333,2,2,AGGAGAGGTACGGTTTTTCG,0,3794299
tolCp3,0.3333333333333333,2,2,AGGACTTGAAGCAAACGGTG,0,3786701
tolCp3,0.3333333333333333,2,2,AGGACTCAACAGTTAGTGTT,0,3808377
tolCp3,0.3333333333333333,2,2,AGCTTAGCGTTAAGGTATGT,0,3805994
tolCp3,0.3333333333333333,2,2,AGCTGTATTCCCTCCCATGT,0,3803735
tolCp3,0.3333333333333333,2,2,AGCTAAACAGGTGCCATGTT,0,3786737
tolCp3,0.3333333333333333,2,2,AGCGTATGGTGCTGTGGAAC,0,3797642
tolCp3,0.3333333333333333,2,2,AGCGGTATCCTAGTTCCGGT,0,3778354
tolCp3,0.3333333333333333,2,2,AGCGCTCCTTGGGATAGTCC,0,3801878
tolCp3,0.3333333333333333,2,2,AGCGATTGGGTGACTATAGG,0,3808751
tolCp3,0.3333333333333333,2,2,AGCCTTAGGAGTAAGCTGTT,0,3792436
tolCp3,0.3333333333333333,2,2,AGCCGTGTAACTAGACTGCA,0,3797302
tolCp3,0.3333333333333333,2,2,AGCCCTTGTCAGGGTGGAGA,0,3804092
tolCp3,0.3333333333333333,2,2,AGCATTTGGAATGGAAACAG,0,3775135
tolCp3,0.3333333333333333,2,2,AGCAAGGGTCAATCGTAACT,0,3807865
tolCp3,0.3333333333333333,2,2,AGATGGGAGACATGGTCCTT,0,3791839
tolCp3,0.3333333333333333,2,2,AGATATAGAGGCCCCCTCGT,0,3793885
tolCp3,0.3333333333333333,2,2,AGATACTCTCAATAATTGCG,0,3785998
tolCp3,0.3333333333333333,2,2,AGAGTAAGGCTCGAAACTTG,0,3780049
tolCp3,0.3333333333333333,2,2,AGAGGTTATATTAGGCGTGA,0,3803209
tolCp3,0.3333333333333333,2,2,AGAGGCAAAGAACTTTCGTC,0,3789563
tolCp3,0.3333333333333333,2,2,AGAGGATTCGGCTCCAAGTA,0,3794118
tolCp3,0.3333333333333333,2,2,AGAGGACGTCTTGAGCTAAA,0,3783284
tolCp3,0.3333333333333333,2,2,AGAGCCTTTGCCCCAAAATT,0,3785810
tolCp3,0.3333333333333333,2,2,AGAGACACACTGGTATAGGT,0,3784013
tolCp3,0.3333333333333333,2,2,AGAGAAGGAAGATCCCTCGT,0,3776509
tolCp3,0.3333333333333333,2,2,AGACCCCGACCACCATTAAA,0,3796513
tolCp3,0.3333333333333333,2,2,AGACACTGTCAGGTGAGATT,0,3791446
tolCp3,0.3333333333333333,2,2,AGACAACGCCACTCTCCTGA,0,3789971
tolCp3,0.3333333333333333,2,2,AGACAAAGAAAACCGCGGGT,0,3791156
tolCp3,0.3333333333333333,2,2,AGAATAGCCGGAGGTGATGA,0,3790812
tolCp3,0.3333333333333333,2,2,AGAAGCTCGAAACGTCTCCG,0,3788776
tolCp3,0.3333333333333333,2,2,AGAAGATAGGCGGTTCCCCG,0,3792693
tolCp3,0.3333333333333333,2,2,AGAACGCCATAGCATACGTA,0,3783076
tolCp3,0.3333333333333333,2,2,AGAACACCTATAACTTCCTC,0,3801276
tolCp3,0.3333333333333333,2,2,AGAAAAATTTCAGAAATATA,0,3781409
tolCp3,0.3333333333333333,2,2,AGAAAAAAATGTTCACTATA,0,3805062
tolCp3,0.3333333333333333,2,2,ACTTGGCGTAAGGTTCGAGA,0,3777535
tolCp3,0.3333333333333333,2,2,ACTTACTCGTTGGCGGTAGC,0,3785856
tolCp3,0.3333333333333333,2,2,ACTGTTCGCAGTGCCGGTGT,0,3788541
tolCp3,0.3333333333333333,2,2,ACTGTCCTCAATCGACTAAA,0,3779521
tolCp3,0.3333333333333333,2,2,ACTGGTACCCACGATCGGTT,0,3783439
tolCp3,0.3333333333333333,2,2,ACTGATAGCTAGAAAACGCA,0,3791502
tolCp3,0.3333333333333333,2,2,ACTCTTCATACCACCTTTTT,0,3790949
tolCp3,0.3333333333333333,2,2,ACTCTTAGATGCATAAAGTC,0,3786357
tolCp3,0.3333333333333333,2,2,ACTCTCTGAAAACCGATGGG,0,3787244
tolCp3,0.3333333333333333,2,2,ACTCTCAGGAAGGCATACGG,0,3791594
tolCp3,0.3333333333333333,2,2,ACTCTATGTCCTTCCCACCG,0,3779804
tolCp3,0.3333333333333333,2,2,ACTCGTGCTGTATCGTCATC,0,3797077
tolCp3,0.3333333333333333,2,2,ACTCGTCCAACTTTATGTTG,0,3778527
tolCp3,0.3333333333333333,2,2,ACTCGTCAAGCAGGGGCAGT,0,3793363
tolCp3,0.3333333333333333,2,2,ACTCCCGTTGATGCGTCGGA,0,3774845
tolCp3,0.3333333333333333,2,2,ACTCATATAGAAGTCGTATA,0,3781983
tolCp3,0.3333333333333333,2,2,ACTCACGGGCACGACCGAAC,0,3791567
tolCp3,0.3333333333333333,2,2,ACTATTTTTGCGGTTGGGGC,0,3791130
tolCp3,0.3333333333333333,2,2,ACTATAGAGCCATATTGCAC,0,3800577
tolCp3,0.3333333333333333,2,2,ACTAACTTCTGTGTATTCGT,0,3782754
tolCp3,0.3333333333333333,2,2,ACGTTGCTCTTGATACCGGT,0,3795689
tolCp3,0.3333333333333333,2,2,ACGTAGAATCCTTGTTTACA,0,3790109
tolCp3,0.3333333333333333,2,2,ACGTACATGTTCAATTAAGA,0,3796289
tolCp3,0.3333333333333333,2,2,ACGGTTGCTAGCCAGTTAAT,0,3784105
tolCp3,0.3333333333333333,2,2,ACGGTAGCCGAGTTTGTATG,0,3780101
tolCp3,0.3333333333333333,2,2,ACGGGTTTCAAAGCACTTGA,0,3797944
tolCp3,0.3333333333333333,2,2,ACGGCTGGTCCACGGGTCAT,0,3777322
tolCp3,0.3333333333333333,2,2,ACGGCCGGTAAGTTCGTCGG,0,3778929
tolCp3,0.3333333333333333,2,2,ACGCTGATATGCAAAGCACG,0,3782000
tolCp3,0.3333333333333333,2,2,ACGCGGGATCCCTTTCTCAT,0,3788395
tolCp3,0.3333333333333333,2,2,ACGCCAGTAGTAAGCCGCTA,0,3795924
tolCp3,0.3333333333333333,2,2,ACGCATCCCACCATTTATTC,0,3777019
tolCp3,0.3333333333333333,2,2,ACGCACTGATTTTAGATACT,0,3804326
tolCp3,0.3333333333333333,2,2,ACGCACATTCGAAGCCGATG,0,3776690
tolCp3,0.3333333333333333,2,2,ACGCAACCGGCGTAATTAAC,0,3797202
tolCp3,0.3333333333333333,2,2,ACGATCGTCACCATATATGA,0,3802991
tolCp3,0.3333333333333333,2,2,ACGACGGTGCGGAATTGCAG,0,3785567
tolCp3,0.3333333333333333,2,2,ACGACGGAGTCCTTACATAG,0,3794361
tolCp3,0.3333333333333333,2,2,ACGAACCGTCGCTAATAGAA,0,3807361
tolCp3,0.3333333333333333,2,2,ACCTTCATCCCAATTTTTCC,0,3775764
tolCp3,0.3333333333333333,2,2,ACCTGTCTTATGTTTCCGCT,0,3801756
tolCp3,0.3333333333333333,2,2,ACCTGGCGGAATAAACGTAG,0,3786852
tolCp3,0.3333333333333333,2,2,ACCTCTGGCCAGATGGAGTG,0,3802079
tolCp3,0.3333333333333333,2,2,ACCTCATCGTCGGTCCACAG,0,3798505
tolCp3,0.3333333333333333,2,2,ACCTATATTTATCGCAGTAG,0,3789438
tolCp3,0.3333333333333333,2,2,ACCTACGCCTGCCGTAATCA,0,3775112
tolCp3,0.3333333333333333,2,2,ACCTACAAAACAGTTAGCAA,0,3785395
tolCp3,0.3333333333333333,2,2,ACCGTTGGCACTCGTTAAAA,0,3777225
tolCp3,0.3333333333333333,2,2,ACCGTACATAACGAGATTTC,0,3793956
tolCp3,0.3333333333333333,2,2,ACCGATATCACCAAGCAAGC,0,3789122
tolCp3,0.3333333333333333,2,2,ACCGATACCGCGACAACGCA,0,3785131
tolCp3,0.3333333333333333,2,2,ACCGACCTAAGAGACAGTAC,0,3794156
tolCp3,0.3333333333333333,2,2,ACCGAATAATCCACGAGAGC,0,3795543
tolCp3,0.3333333333333333,2,2,ACCCGCCGCTGTATGCCAAA,0,3787772
tolCp3,0.3333333333333333,2,2,ACCCCATGGCGCTTTAGGGT,0,3788943
tolCp3,0.3333333333333333,2,2,ACCCAGCCGGGACCATTCTT,0,3792856
tolCp3,0.3333333333333333,2,2,ACCATGGTTATAAATCACAA,0,3776760
tolCp3,0.3333333333333333,2,2,ACCACCCACCTAACACCCTC,0,3776653
tolCp3,0.3333333333333333,2,2,ACCAACACCCCATGGAATAG,0,3803073
tolCp3,0.3333333333333333,2,2,ACCAAACACTATCTTGTGTA,0,3783048
tolCp3,0.3333333333333333,2,2,ACATTGAACAAATAATGCTA,0,3774918
tolCp3,0.3333333333333333,2,2,ACATGTGGCCTCGGGTGAAG,0,3788533
tolCp3,0.3333333333333333,2,2,ACATGCTAGATTCGCCAAAG,0,3791842
tolCp3,0.3333333333333333,2,2,ACATCCTGCCAATCTGCCAG,0,3785908
tolCp3,0.3333333333333333,2,2,ACATCCGGCGGCAATGGTAG,0,3791047
tolCp3,0.3333333333333333,2,2,ACATCCAGCACTGTAAGCCT,0,3790068
tolCp3,0.3333333333333333,2,2,ACATCAAACAATAATCCATT,0,3799108
tolCp3,0.3333333333333333,2,2,ACATAGAAGCGATTCATACA,0,3779588
tolCp3,0.3333333333333333,2,2,ACATACAAACACCTTCCCTT,0,3783413
tolCp3,0.3333333333333333,2,2,ACAGTACGTGTTAACGGACG,0,3794933
tolCp3,0.3333333333333333,2,2,ACAGTAACTAGCGTGCACCA,0,3794295
tolCp3,0.3333333333333333,2,2,ACAGGTGGTTCGTAAAGTCA,0,3804588
tolCp3,0.3333333333333333,2,2,ACAGCGTTAAGTTGGCACCT,0,3798551
tolCp3,0.3333333333333333,2,2,ACAGCGCAATGGGGACCGAA,0,3798533
tolCp3,0.3333333333333333,2,2,ACAGATTCACGCTGCAAATG,0,3793377
tolCp3,0.3333333333333333,2,2,ACAGAAGTCGATCGTCATCT,0,3774952
tolCp3,0.3333333333333333,2,2,ACAGAAATTCGTCTACATTG,0,3805528
tolCp3,0.3333333333333333,2,2,ACACTTCTGTCTAGGTTCAC,0,3804757
tolCp3,0.3333333333333333,2,2,ACACTGTGCGGTGCAGGGTG,0,3779654
tolCp3,0.3333333333333333,2,2,ACACCATTCTTAGTCGTCGC,0,3784446
tolCp3,0.3333333333333333,2,2,ACAATATAGAACTTCACAGG,0,3784923
tolCp3,0.3333333333333333,2,2,AATTTCTCAAGTGAATCAAC,0,3787899
tolCp3,0.3333333333333333,2,2,AATTTATGGTAGGCGATATG,0,3808373
tolCp3,0.3333333333333333,2,2,AATTTAGCACAGCGTAGGTC,0,3795311
tolCp3,0.3333333333333333,2,2,AATTGGTACTCCACGGCCAT,0,3781422
tolCp3,0.3333333333333333,2,2,AATTAAATGACCAGGTTCAC,0,3787845
tolCp3,0.3333333333333333,2,2,AATGGCTGTAAATGAGAGGG,0,3804157
tolCp3,0.3333333333333333,2,2,AATGGCGCGGGTGATGTGTA,0,3808709
tolCp3,0.3333333333333333,2,2,AATGCTTGTTCGGTCCATAC,0,3789269
tolCp3,0.3333333333333333,2,2,AATGCTCTGCCACCTTCGGT,0,3779262
tolCp3,0.3333333333333333,2,2,AATGCTATACACCATACACC,0,3802844
tolCp3,0.3333333333333333,2,2,AATGCGCTAAGTCCGCGTGG,0,3780244
tolCp3,0.3333333333333333,2,2,AATCCTTCCCAGTTGTTCGA,0,3797919
tolCp3,0.3333333333333333,2,2,AATCACTATCTTGGTAATTC,0,3784458
tolCp3,0.3333333333333333,2,2,AATATGATGACGAAGGAGAC,0,3790973
tolCp3,0.3333333333333333,2,2,AATATGAATATTCCGGCCGT,0,3775497
tolCp3,0.3333333333333333,2,2,AATATCGGTTGGTCTAGGCA,0,3803805
tolCp3,0.3333333333333333,2,2,AATATCAAAGACGGATCTAC,0,3790108
tolCp3,0.3333333333333333,2,2,AATAGGCTACCTGCATGTAA,0,3785133
tolCp3,0.3333333333333333,2,2,AATACCGCTCACATAGCTTC,0,3807666
tolCp3,0.3333333333333333,2,2,AATACCCGGCCAGACGGTTT,0,3779719
tolCp3,0.3333333333333333,2,2,AATAAGGGGTTGCGGGTGTG,0,3791389
tolCp3,0.3333333333333333,2,2,AAGTGGAACCTATATGATGT,0,3783417
tolCp3,0.3333333333333333,2,2,AAGTCTTTTTGGCAATTCAG,0,3787625
tolCp3,0.3333333333333333,2,2,AAGTCCGAGGCGTGAAAATA,0,3803984
tolCp3,0.3333333333333333,2,2,AAGTCCGAAGCAAGGAAGTA,0,3805109
tolCp3,0.3333333333333333,2,2,AAGTATCGTAACGCGCAGTA,0,3777385
tolCp3,0.3333333333333333,2,2,AAGTACCATCGATGGCGCGG,0,3780348
tolCp3,0.3333333333333333,2,2,AAGGTACCCGTCGGACGGCG,0,3808834
tolCp3,0.3333333333333333,2,2,AAGGTAAAAATAACGCTTGT,0,3801162
tolCp3,0.3333333333333333,2,2,AAGGGTCATGACGTACCATT,0,3798701
tolCp3,0.3333333333333333,2,2,AAGGGCACGGCAGAGCTTGA,0,3793918
tolCp3,0.3333333333333333,2,2,AAGCGTTGGCATGCCCCCCT,0,3807444
tolCp3,0.3333333333333333,2,2,AAGCGTTCTACCCTTACAGC,0,3791755
tolCp3,0.3333333333333333,2,2,AAGCGTGTATAGGTTACAGT,0,3808976
tolCp3,0.3333333333333333,2,2,AAGCGGAATCGTGGGCAAGT,0,3779528
tolCp3,0.3333333333333333,2,2,AAGCGACTATGCGATTTGTT,0,3787095
tolCp3,0.3333333333333333,2,2,AAGCATATGTGTACATGACA,0,3801084
tolCp3,0.3333333333333333,2,2,AAGCAGACAAGCTTAACTGG,0,3797841
tolCp3,0.3333333333333333,2,2,AAGATTGGTGGCGCCGGCGA,0,3792948
tolCp3,0.3333333333333333,2,2,AAGAGGACAATTGCGTTCGA,0,3780363
tolCp3,0.3333333333333333,2,2,AAGAGCCCGAGGGAGGAATT,0,3783336
tolCp3,0.3333333333333333,2,2,AAGAGATCACATAATGTCTG,0,3787616
tolCp3,0.3333333333333333,2,2,AAGACCTCACACGCACCTTA,0,3795205
tolCp3,0.3333333333333333,2,2,AAGACCGGCTAGAGGGCGAA,0,3797269
tolCp3,0.3333333333333333,2,2,AAGACCGATTGTAATACCCT,0,3790926
tolCp3,0.3333333333333333,2,2,AAGAATTTGACAGACAAACG,0,3808287
tolCp3,0.3333333333333333,2,2,AAGAAATGCATAATCCTGAA,0,3797025
tolCp3,0.3333333333333333,2,2,AACTTTGCTTATGGCGCGGC,0,3794327
tolCp3,0.3333333333333333,2,2,AACTTGGTCTCACAATATTT,0,3788138
tolCp3,0.3333333333333333,2,2,AACTTGCTAGTCGGTAACTC,0,3797827
tolCp3,0.3333333333333333,2,2,AACTTGAAAAACGAGACTAT,0,3788873
tolCp3,0.3333333333333333,2,2,AACTTATCGTTGGTTGGGGG,0,3782911
tolCp3,0.3333333333333333,2,2,AACTGGATGTACCTGCTAGG,0,3776666
tolCp3,0.3333333333333333,2,2,AACTCCTCACAGGCTGTCTC,0,3795890
tolCp3,0.3333333333333333,2,2,AACTCCAGACCTAACGATTA,0,3799020
tolCp3,0.3333333333333333,2,2,AACTATGGCCGGAAGAGTGC,0,3785564
tolCp3,0.3333333333333333,2,2,AACTACTCGGTTAATCTATT,0,3807235
tolCp3,0.3333333333333333,2,2,AACGTGATATTGGAAAGGGG,0,3801903
tolCp3,0.3333333333333333,2,2,AACGTCGAGGTTACTCTAGC,0,3791126
tolCp3,0.3333333333333333,2,2,AACGTCACTTCTTAATAGCG,0,3798550
tolCp3,0.3333333333333333,2,2,AACGCCTCTCTACGAGTTGC,0,3802555
tolCp3,0.3333333333333333,2,2,AACGCACCTATGTCAGACTA,0,3787087
tolCp3,0.3333333333333333,2,2,AACGCACATAAAGATCGATA,0,3787429
tolCp3,0.3333333333333333,2,2,AACGATGCATCGGGGCCGCC,0,3774750
tolCp3,0.3333333333333333,2,2,AACCTGTCCTTTCACGCATA,0,3781353
tolCp3,0.3333333333333333,2,2,AACCTGAACGCTGAGTTACA,0,3806263
tolCp3,0.3333333333333333,2,2,AACCGTGCGTTTTGGATCTT,0,3804014
tolCp3,0.3333333333333333,2,2,AACCGGCCGGCTGCCCAGAC,0,3798905
tolCp3,0.3333333333333333,2,2,AACATGCGCCGGTCAGGGCA,0,3796441
tolCp3,0.3333333333333333,2,2,AACAGGTAGCGATAATAATC,0,3775074
tolCp3,0.3333333333333333,2,2,AACACCTAGACCATTCGTTA,0,3793301
tolCp3,0.3333333333333333,2,2,AAATTTTTAATTCCGCCGTG,0,3787094
tolCp3,0.3333333333333333,2,2,AAATTCTTAATCTAATATTC,0,3795267
tolCp3,0.3333333333333333,2,2,AAATGGAGATTAGAGAACAC,0,3785252
tolCp3,0.3333333333333333,2,2,AAATCAAGGCCGGACTGATC,0,3786415
tolCp3,0.3333333333333333,2,2,AAAGTAGTTGTGGGGCATGC,0,3793569
tolCp3,0.3333333333333333,2,2,AAAGTAAAAAACAGTCCTAC,0,3800189
tolCp3,0.3333333333333333,2,2,AAAGGTTTCGTATCTGAGAA,0,3803385
tolCp3,0.3333333333333333,2,2,AAAGGCGGTGTACTCATACA,0,3788076
tolCp3,0.3333333333333333,2,2,AAAGCTCTCGTCCGACGGAT,0,3799826
tolCp3,0.3333333333333333,2,2,AAAGCAAACCCGGGATGCGT,0,3788387
tolCp3,0.3333333333333333,2,2,AAAGAAGACTGCTGGCCCGA,0,3802123
tolCp3,0.3333333333333333,2,2,AAACTTTGGCCGAGCCGAGA,0,3780636
tolCp3,0.3333333333333333,2,2,AAACGGGGTTCTAACAATCC,0,3794552
tolCp3,0.3333333333333333,2,2,AAACGCCGAGTGTGATCTTG,0,3782646
tolCp3,0.3333333333333333,2,2,AAACGAACGTACCGGGTTAA,0,3807967
tolCp3,0.3333333333333333,2,2,AAAAGGCGCTCCTTGAAGGG,0,3795429
tolCp3,0.3333333333333333,2,2,AAAAGAGTAACGCAGTATGA,0,3804518
tolCp3,0.3333333333333333,2,2,AAAACGGCTAGCTACTCCTC,0,3783383
tolCp3,0.3333333333333333,2,2,AAAACCGGCAATATGGGATT,0,3782340
tolCp3,0.5,1,1,TTTTTGCTCCACATCGATCA,0,3780886
tolCp3,0.5,1,1,TTTTTCTATCCGCACCGCGT,0,3806341
tolCp3,0.5,1,1,TTTTGCACCTCCTTCTTGAG,0,3792552
tolCp3,0.5,1,1,TTTTGAGGTCTATAGTAAGA,0,3801209
tolCp3,0.5,1,1,TTTTCGTCTCCCAGATGTGC,0,3808759
tolCp3,0.5,1,1,TTTTCCGCCCGACACACAAC,0,3780647
tolCp3,0.5,1,1,TTTTAGGCGCCATTCGGCTA,0,3803487
tolCp3,0.5,1,1,TTTTAACTTCAGTCGTAACG,0,3803018
tolCp3,0.5,1,1,TTTGGGATTTAGAGCTCCTT,0,3784771
tolCp3,0.5,1,1,TTTGGAATAATTTGCTCTAT,0,3787974
tolCp3,0.5,1,1,TTTGATTAACCGGCTCCGTC,0,3803321
tolCp3,0.5,1,1,TTTCTTGGTCAGGTGCATGA,0,3785831
tolCp3,0.5,1,1,TTTCTTGCACTGACACATAA,0,3797865
tolCp3,0.5,1,1,TTTCTGATCAGGCGAGGTTT,0,3803865
tolCp3,0.5,1,1,TTTCTAAACAGGATCTCGCA,0,3778863
tolCp3,0.5,1,1,TTTCGTTTCAACAGGTATTT,0,3774644
tolCp3,0.5,1,1,TTTCGCCGAGTTTCATCTGG,0,3788842
tolCp3,0.5,1,1,TTTCGCATCCAGAACTGCAA,0,3791544
tolCp3,0.5,1,1,TTTCCTATACGGGACACCGA,0,3782487
tolCp3,0.5,1,1,TTTCCACTGCTTCCGGGTTT,0,3778432
tolCp3,0.5,1,1,TTTATGCAAGGTCTGACCAA,0,3795758
tolCp3,0.5,1,1,TTTAGGCCTCCACTGGCGCT,0,3776545
tolCp3,0.5,1,1,TTTAGCGGGGTAATGCTCAC,0,3775849
tolCp3,0.5,1,1,TTTAGCGACAGTTGGTGCTC,0,3775122
tolCp3,0.5,1,1,TTTAGAGGATCTTGGTGATA,0,3795310
tolCp3,0.5,1,1,TTTACGGTAAAAGCTCCGCA,0,3786521
tolCp3,0.5,1,1,TTGTGGAAAGGCCCAGTTCC,0,3780429
tolCp3,0.5,1,1,TTGTCCGGCGTTAGAACTCC,0,3804045
tolCp3,0.5,1,1,TTGTACGAACTAGCAGGGCA,0,3791086
tolCp3,0.5,1,1,TTGGTCATGCCGACTTAATC,0,3797264
tolCp3,0.5,1,1,TTGGGTGAGATCTAAGCACA,0,3788330
tolCp3,0.5,1,1,TTGGCATATAGGAAATACTT,0,3809247
tolCp3,0.5,1,1,TTGGATGCACCGGGATCTAT,0,3780555
tolCp3,0.5,1,1,TTGCTCTGTGAAATGTCTTT,0,3781531
tolCp3,0.5,1,1,TTGCGGTACCGAGTACGGTT,0,3776822
tolCp3,0.5,1,1,TTGCGCCCATAAGTGGCAAT,0,3809235
tolCp3,0.5,1,1,TTGCCTTTAGATACGTTATG,0,3802838
tolCp3,0.5,1,1,TTGCCTCTGGGACATCAAAC,0,3798068
tolCp3,0.5,1,1,TTGCCCTTCAGTATGTATAA,0,3785683
tolCp3,0.5,1,1,TTGCAATAAGGACTCAGCTA,0,3789172
tolCp3,0.5,1,1,TTGCAACTTCGGGTGCGAAT,0,3800561
tolCp3,0.5,1,1,TTGCAACTATGGACCGCGTA,0,3784568
tolCp3,0.5,1,1,TTGAGCTATGCCCCGTTTAT,0,3793695
tolCp3,0.5,1,1,TTGACGACATTTGCCCGGCC,0,3795658
tolCp3,0.5,1,1,TTGACCGGAGACCCCTTGGA,0,3790215
tolCp3,0.5,1,1,TTGACCACTTGGACGGGTTT,0,3800537
tolCp3,0.5,1,1,TTGACAGACTGAGTACCTCT,0,3790031
tolCp3,0.5,1,1,TTGAATCTAGTAACGGTATG,0,3787848
tolCp3,0.5,1,1,TTGAATCCTTGAATAGATCC,0,3808944
tolCp3,0.5,1,1,TTGAAGGTTACCACTCGACA,0,3777022
tolCp3,0.5,1,1,TTGAAAACGTGGCTGAGGGT,0,3807641
tolCp3,0.5,1,1,TTCTTCGGCCGAGCGCGCTC,0,3792250
tolCp3,0.5,1,1,TTCTTATCAGAATGATTCGT,0,3786797
tolCp3,0.5,1,1,TTCTGGTAAGCTGCTTAGAT,0,3798720
tolCp3,0.5,1,1,TTCTGGACACGTAGAGGGTC,0,3778810
tolCp3,0.5,1,1,TTCTGCTACGAGGTACTGTG,0,3802655
tolCp3,0.5,1,1,TTCTGCATTCGAAGTCAACT,0,3801433
tolCp3,0.5,1,1,TTCTCGTAGTCACCCATGCC,0,3777925
tolCp3,0.5,1,1,TTCTACTTTTCGAACTCGCT,0,3788875
tolCp3,0.5,1,1,TTCTACATCCGGACGGAAGC,0,3782690
tolCp3,0.5,1,1,TTCTACAGCTCGCAGCATAT,0,3790613
tolCp3,0.5,1,1,TTCGTTTTAAAGAAGAAGAG,0,3801941
tolCp3,0.5,1,1,TTCGCCGCCCCGGCTGGGGG,0,3786721
tolCp3,0.5,1,1,TTCGCCATGCACCCACAGGA,0,3786293
tolCp3,0.5,1,1,TTCGCATCACAATCAAGTCA,0,3791083
tolCp3,0.5,1,1,TTCGCAACCGTACTTCGCTA,0,3807674
tolCp3,0.5,1,1,TTCGATTCTCCGTAGTGAGT,0,3782454
tolCp3,0.5,1,1,TTCGAGCCACATTCGTACGA,0,3775269
tolCp3,0.5,1,1,TTCGAAAAATACTTTCGCGC,0,3801204
tolCp3,0.5,1,1,TTCCTTCTGCGCACGGGCAG,0,3807861
tolCp3,0.5,1,1,TTCCTGTTCGTGTAGGCAGA,0,3783374
tolCp3,0.5,1,1,TTCCTGTTAATCCCTGGTCG,0,3793272
tolCp3,0.5,1,1,TTCCGAGTAACTACCCTCTC,0,3785989
tolCp3,0.5,1,1,TTCATTCGGGTGACAATTCT,0,3797157
tolCp3,0.5,1,1,TTCATCTCGAGAACAGCGCT,0,3783672
tolCp3,0.5,1,1,TTCAAGCGCCAAAATGAATT,0,3783784
tolCp3,0.5,1,1,TTCAAATTTAACGGGACCAG,0,3794529
tolCp3,0.5,1,1,TTCAAAACGCGAGGGGTCGT,0,3800945
tolCp3,0.5,1,1,TTATTTCTCGTCCTACAATG,0,3780906
tolCp3,0.5,1,1,TTATTAAAGCCATACGTTTG,0,3792275
tolCp3,0.5,1,1,TTATGCAGGAACGTTAGGGA,0,3803300
tolCp3,0.5,1,1,TTATGACTTCAGGTGGCTTT,0,3793119
tolCp3,0.5,1,1,TTATCTCATTCCTATTCTAC,0,3796764
tolCp3,0.5,1,1,TTAGGTTCTTCCCAGTTTGC,0,3782267
tolCp3,0.5,1,1,TTAGGCTCACGACTAGGCCT,0,3782275
tolCp3,0.5,1,1,TTAGCCTTGCCTCTAACCAG,0,3777258
tolCp3,0.5,1,1,TTAGCATCATGCTATACTGT,0,3786800
tolCp3,0.5,1,1,TTAGATTGATGGCATCGTTT,0,3790154
tolCp3,0.5,1,1,TTAGACTGTATGATGGTTTA,0,3793610
tolCp3,0.5,1,1,TTAGACCATCATGTAACACA,0,3776188
tolCp3,0.5,1,1,TTACTTGGGATATGTCACGT,0,3803374
tolCp3,0.5,1,1,TTACTGCATGAGGATTAGGT,0,3802058
tolCp3,0.5,1,1,TTACGTTTAACGTCCCTACT,0,3778523
tolCp3,0.5,1,1,TTACGACACAGCAGGCTTCG,0,3778649
tolCp3,0.5,1,1,TTACCTTCCAATTGGCGTTG,0,3804988
tolCp3,0.5,1,1,TTACCGTTGTTTGCGTCCTG,0,3799081
tolCp3,0.5,1,1,TTACCACGGCACACAAGCAC,0,3791496
tolCp3,0.5,1,1,TTACAGTTAATCTCGGACAG,0,3796081
tolCp3,0.5,1,1,TTACACTGACGCCCGGCAAG,0,3802870
tolCp3,0.5,1,1,TTAATGTATGTCATGCTACA,0,3787568
tolCp3,0.5,1,1,TTAATGTAAAGGGTAAAGTC,0,3802497
tolCp3,0.5,1,1,TTAAGTGAGTGGGACAGGTT,0,3781753
tolCp3,0.5,1,1,TTAAGTCCTCTCGATGCGAC,0,3796443
tolCp3,0.5,1,1,TTAACTAAGTTAAGGGCGTC,0,3801874
tolCp3,0.5,1,1,TTAACGAATTAACCACGCCT,0,3806310
tolCp3,0.5,1,1,TGTTTTGGGCTTGCAGGTAA,0,3788264
tolCp3,0.5,1,1,TGTTGCGGTTTACGTTAGAT,0,3783018
tolCp3,0.5,1,1,TGTTGAAGATTTCATGAAAA,0,3804023
tolCp3,0.5,1,1,TGTTCTTTAACAGCGACGTG,0,3782175
tolCp3,0.5,1,1,TGTTCTAGTATACAATCCGC,0,3779733
tolCp3,0.5,1,1,TGTTCATCATGGTCCGCCGT,0,3804887
tolCp3,0.5,1,1,TGTTAGGCCACGGTCTGACT,0,3782159
tolCp3,0.5,1,1,TGTGGTGAATCGCGTAGATC,0,3781674
tolCp3,0.5,1,1,TGTGGCAATGTGTAATCCAA,0,3801516
tolCp3,0.5,1,1,TGTGCACAGACTGCTTGAAC,0,3794115
tolCp3,0.5,1,1,TGTGATAGCCAACGCAATAA,0,3782283
tolCp3,0.5,1,1,TGTGAGGGGTATTAGGAATG,0,3800426
tolCp3,0.5,1,1,TGTGAACCCACTTTAGCGTC,0,3804283
tolCp3,0.5,1,1,TGTCTTTTAGCGTCTCCACG,0,3806289
tolCp3,0.5,1,1,TGTCTGCAGACCCCTGAGGC,0,3777017
tolCp3,0.5,1,1,TGTCGTCTTAAAGGATCGAC,0,3793231
tolCp3,0.5,1,1,TGTCGCACCACACGTCTCGA,0,3786625
tolCp3,0.5,1,1,TGTCGATAGCATTGGGGAAA,0,3808312
tolCp3,0.5,1,1,TGTCCTCATTTCATGGCGTG,0,3782793
tolCp3,0.5,1,1,TGTCCATCCTTCCAGGGGAA,0,3776665
tolCp3,0.5,1,1,TGTCATGACCTGAGTATAGA,0,3809431
tolCp3,0.5,1,1,TGTCATGACAAAGTAGAAGT,0,3809189
tolCp3,0.5,1,1,TGTCAGCGGAACATCAGTGG,0,3804478
tolCp3,0.5,1,1,TGTCACTGAAACCCGATTAC,0,3787968
tolCp3,0.5,1,1,TGTCAAGCCGATTTGAAATC,0,3794794
tolCp3,0.5,1,1,TGTATTATACTGAGACTCCA,0,3805533
tolCp3,0.5,1,1,TGTATCATTGACAGTGTTTC,0,3791099
tolCp3,0.5,1,1,TGTAGGGTGAGCCCTGGCAG,0,3779662
tolCp3,0.5,1,1,TGTACGGCTGAGAGTTTTTG,0,3794055
tolCp3,0.5,1,1,TGTACCACGTCTACTAAACC,0,3791103
tolCp3,0.5,1,1,TGTAAGCGGGTGTCCCTACG,0,3775417
tolCp3,0.5,1,1,TGGTTTAGTCCATTCCGGCG,0,3808875
tolCp3,0.5,1,1,TGGTTCATCTCAACAACTTG,0,3795054
tolCp3,0.5,1,1,TGGTGGGTGCCTATTATAAA,0,3802359
tolCp3,0.5,1,1,TGGTGATAGCGAATTGGGTG,0,3795521
tolCp3,0.5,1,1,TGGTCTCATTATGAGGGCTA,0,3776244
tolCp3,0.5,1,1,TGGTCGCGTGAGGGCTTTGG,0,3786606
tolCp3,0.5,1,1,TGGTCGCGTCGCTTAGTGAA,0,3784208
tolCp3,0.5,1,1,TGGTCCGTCTTACTCCGATT,0,3795498
tolCp3,0.5,1,1,TGGTAGGCTGAACTGACAGC,0,3790253
tolCp3,0.5,1,1,TGGGTGTGTCTGGCATCCCT,0,3793086
tolCp3,0.5,1,1,TGGGGGTTAGGGTATACTTG,0,3804246
tolCp3,0.5,1,1,TGGGCGGTAGGGACATGAAA,0,3782596
tolCp3,0.5,1,1,TGGGCCTAATAAAAAGTATC,0,3796902
tolCp3,0.5,1,1,TGGGCCAACCAAAGCTACCT,0,3791941
tolCp3,0.5,1,1,TGGGCATGCCGTCGTCCCAC,0,3795644
tolCp3,0.5,1,1,TGGGATTTTATGAGACGAGA,0,3799213
tolCp3,0.5,1,1,TGGGATAGCATAAAGCTAAG,0,3795717
tolCp3,0.5,1,1,TGGGACTGGTTTTTGGGGTG,0,3801946
tolCp3,0.5,1,1,TGGGAACGACGTAAGAACCT,0,3779877
tolCp3,0.5,1,1,TGGCTCCGGTCTGCGGGGTA,0,3780099
tolCp3,0.5,1,1,TGGCCTCCTGACCCTTCTTG,0,3778101
tolCp3,0.5,1,1,TGGCAGTGGAGCACCTTGGT,0,3779241
tolCp3,0.5,1,1,TGGCAGGACCTAATGCTATT,0,3801180
tolCp3,0.5,1,1,TGGCAATTCACGGATATAAG,0,3779250
tolCp3,0.5,1,1,TGGCAAACATCACTTTAGAA,0,3796826
tolCp3,0.5,1,1,TGGATTTCGGCTACAGCCAA,0,3789388
tolCp3,0.5,1,1,TGGATGACAATACGGTGACT,0,3790570
tolCp3,0.5,1,1,TGGACTTCGAACCGTAGAAC,0,3785021
tolCp3,0.5,1,1,TGGACGCTCATGAGCTATCT,0,3792922
tolCp3,0.5,1,1,TGGACCGCTGTTATGCTTGT,0,3782522
tolCp3,0.5,1,1,TGGACATACGCATGCCTACT,0,3784826
tolCp3,0.5,1,1,TGGAAACTTATCAAGAGGGC,0,3784045
tolCp3,0.5,1,1,TGCTTTCAGTACCCTATGTT,0,3799628
tolCp3,0.5,1,1,TGCTTGAAGATAAAATGTCT,0,3776939
tolCp3,0.5,1,1,TGCTTACGCCCTTTCAGACA,0,3783272
tolCp3,0.5,1,1,TGCTGAGGAGTCTACTCCGT,0,3800196
tolCp3,0.5,1,1,TGCTGAATGTCAAGAGGCGC,0,3798108
tolCp3,0.5,1,1,TGCTCTTACCTTGATGCTTA,0,3783086
tolCp3,0.5,1,1,TGCTCGCATGGCACACCAGC,0,3776043
tolCp3,0.5,1,1,TGCTACCCTATGTCTAGACT,0,3797060
tolCp3,0.5,1,1,TGCTACCACCTTTCATTTTG,0,3783197
tolCp3,0.5,1,1,TGCTAATGGACTCTGCTTAT,0,3789253
tolCp3,0.5,1,1,TGCTAAAGCTCCACCGTGCA,0,3788058
tolCp3,0.5,1,1,TGCGTATACAGCTGAAAATG,0,3792276
tolCp3,0.5,1,1,TGCGGAGAAGATCACAGGTC,0,3792172
tolCp3,0.5,1,1,TGCGCAACTTGGTCACGTGA,0,3801465
tolCp3,0.5,1,1,TGCGATCCTATCGACAGGTC,0,3779199
tolCp3,0.5,1,1,TGCGATACAAAGACTGTGGA,0,3781306
tolCp3,0.5,1,1,TGCCTTGCGCGTGCCATTTT,0,3778507
tolCp3,0.5,1,1,TGCCGTGATTGACATATACA,0,3793595
tolCp3,0.5,1,1,TGCCGCGTTGCACAGCAAAA,0,3775375
tolCp3,0.5,1,1,TGCCGACCGAGGGCCAGAGT,0,3795099
tolCp3,0.5,1,1,TGCCCATCTGGACCCGAAGG,0,3795116
tolCp3,0.5,1,1,TGCCACTTTAGGTCTGACTA,0,3806660
tolCp3,0.5,1,1,TGCATCTCGGGGCGTTTCAT,0,3796155
tolCp3,0.5,1,1,TGCATCGGCGAGTCGGTGCT,0,3778237
tolCp3,0.5,1,1,TGCATCCGGTAGAACTTGTA,0,3801796
tolCp3,0.5,1,1,TGCAGAAGAATTATAGCCAG,0,3800431
tolCp3,0.5,1,1,TGATTCGACCGCTAGTAAGG,0,3790535
tolCp3,0.5,1,1,TGATGGGATTGCAGGAGCCC,0,3803166
tolCp3,0.5,1,1,TGATGGGAGGGGCCATAGTT,0,3788214
tolCp3,0.5,1,1,TGATGACCCAACTCTCGTGA,0,3781107
tolCp3,0.5,1,1,TGATCGGCGACAGCCTTCAC,0,3792071
tolCp3,0.5,1,1,TGATACGGGTGCGATTTAGT,0,3797691
tolCp3,0.5,1,1,TGATACACGCCGCCCCAGTG,0,3775672
tolCp3,0.5,1,1,TGATAAGGAAGGCCCCCCGA,0,3796116
tolCp3,0.5,1,1,TGAGTTTGTCAGTGGCAAGC,0,3777488
tolCp3,0.5,1,1,TGAGGCACCCCACGTCGTCG,0,3804009
tolCp3,0.5,1,1,TGAGGACACATATGTGTTCG,0,3783929
tolCp3,0.5,1,1,TGAGGAAGAGGATAAAGGCA,0,3799553
tolCp3,0.5,1,1,TGAGCTCGTGAGACCAAGGG,0,3797645
tolCp3,0.5,1,1,TGAGCTCGTCCGATAATAAA,0,3785498
tolCp3,0.5,1,1,TGAGCATTTCTCTCAGCAAT,0,3785053
tolCp3,0.5,1,1,TGAGATTGTCCGTTAGCTCA,0,3774765
tolCp3,0.5,1,1,TGACTAGGGCCTATGATGAT,0,3775621
tolCp3,0.5,1,1,TGACGCTGCTAAACAACTAC,0,3790615
tolCp3,0.5,1,1,TGACGCACCCACGTATATAG,0,3787584
tolCp3,0.5,1,1,TGACCTTGTACACCAGCTAA,0,3778200
tolCp3,0.5,1,1,TGAAGTGTAGTGATGCTTTG,0,3801586
tolCp3,0.5,1,1,TGAAGATTCGGAATGCTCAC,0,3777623
tolCp3,0.5,1,1,TGAACATTCGTTAAGCCTGG,0,3804888
tolCp3,0.5,1,1,TGAAATCGACCGCTTGTCTC,0,3806485
tolCp3,0.5,1,1,TCTTGAATGGGTCTACCGAT,0,3786323
tolCp3,0.5,1,1,TCTTCTAGTGTTTGCGAGGA,0,3776732
tolCp3,0.5,1,1,TCTTACAACGGAGTCAGATT,0,3783609
tolCp3,0.5,1,1,TCTGTTGCGAAAGTGGGCTC,0,3784834
tolCp3,0.5,1,1,TCTGTCATGAGCCTCTAACA,0,3776226
tolCp3,0.5,1,1,TCTGTAGTCCGCGTTTGCTG,0,3792264
tolCp3,0.5,1,1,TCTGGTATGATGGCATTGTA,0,3802952
tolCp3,0.5,1,1,TCTGGGTTATTGCTCCTGCC,0,3799839
tolCp3,0.5,1,1,TCTGCTTAGTCACGGAATTA,0,3793225
tolCp3,0.5,1,1,TCTGCGTTCAATATTGTGTC,0,3793689
tolCp3,0.5,1,1,TCTGCACGATGGTGACAAGG,0,3801737
tolCp3,0.5,1,1,TCTATGTTAGCCATACGCTC,0,3801244
tolCp3,0.5,1,1,TCTATCGTCTTCAAAAGCGA,0,3800509
tolCp3,0.5,1,1,TCTATAGAAGCAGGTATGGT,0,3805495
tolCp3,0.5,1,1,TCTAGTCTTGGTCGCCAGGG,0,3783488
tolCp3,0.5,1,1,TCTAGATGGTTTAAGTACCC,0,3791234
tolCp3,0.5,1,1,TCTAAAGTGCAGGCAGTCAA,0,3800607
tolCp3,0.5,1,1,TCTAAACTTATGGGTCCGCT,0,3789271
tolCp3,0.5,1,1,TCGTTTGATACACTATCGGT,0,3777971
tolCp3,0.5,1,1,TCGTTTAAGTTCATCGCTAA,0,3774900
tolCp3,0.5,1,1,TCGTTTAAAGCTAGGCTCGA,0,3780113
tolCp3,0.5,1,1,TCGTTAATTGAAGACCTGCC,0,3786824
tolCp3,0.5,1,1,TCGTGGCGCTGGGTCAGTCT,0,3807956
tolCp3,0.5,1,1,TCGTGCAAATGCCCGTTTGT,0,3782089
tolCp3,0.5,1,1,TCGTCTTTAGTTTCGGGACC,0,3792685
tolCp3,0.5,1,1,TCGTCGTCTTCTCGGGAAAG,0,3799524
tolCp3,0.5,1,1,TCGTAACCACTTGGTTAGCC,0,3787058
tolCp3,0.5,1,1,TCGGTTTTTTTGTCTGAGCT,0,3796667
tolCp3,0.5,1,1,TCGGTCTATACAGCATTCGC,0,3805858
tolCp3,0.5,1,1,TCGGTCCCGGTAAAATCCCA,0,3781091
tolCp3,0.5,1,1,TCGGTATGCATGCTAGGGTC,0,3782853
tolCp3,0.5,1,1,TCGGGCTACATATGGTTTGC,0,3777752
tolCp3,0.5,1,1,TCGGGCCAGTTGCATTATAA,0,3806379
tolCp3,0.5,1,1,TCGGCTGAGCGGCTATGATC,0,3775534
tolCp3,0.5,1,1,TCGCTTTGGAAGAGCCGTAC,0,3806109
tolCp3,0.5,1,1,TCGCTTGTCAGAAAATTGCA,0,3790502
tolCp3,0.5,1,1,TCGCGGGTCGAGAGTACGTA,0,3804854
tolCp3,0.5,1,1,TCGCGGGCGCGCAACCACTA,0,3780981
tolCp3,0.5,1,1,TCGCGCTCGATTGTTCGCCG,0,3783068
tolCp3,0.5,1,1,TCGCCCTACCTAGCGGCCTC,0,3777926
tolCp3,0.5,1,1,TCGCCCCGTTTAAACTGGGT,0,3806426
tolCp3,0.5,1,1,TCGCAGTAGCCGTCAGAATA,0,3792196
tolCp3,0.5,1,1,TCGCAGCTAAAACCATTACT,0,3793208
tolCp3,0.5,1,1,TCGCACCTTAGACTGAGTAT,0,3778586
tolCp3,0.5,1,1,TCGATTTACGCGAGTGAGCT,0,3782530
tolCp3,0.5,1,1,TCGATTCATGATCAGATTAT,0,3794690
tolCp3,0.5,1,1,TCGATCCTATTTCTTTGATC,0,3791196
tolCp3,0.5,1,1,TCGAGCAGATTACACTCCCT,0,3797054
tolCp3,0.5,1,1,TCGACACAGTGAGTCGAATC,0,3785671
tolCp3,0.5,1,1,TCGAATCTTGCGCTGGTATG,0,3803464
tolCp3,0.5,1,1,TCGAATCGAGGTACTAGGGA,0,3775037
tolCp3,0.5,1,1,TCCTTTCATTTAGCACAAAA,0,3789173
tolCp3,0.5,1,1,TCCTTAGTGAGGACGGAGGT,0,3781104
tolCp3,0.5,1,1,TCCTCTCCTAAAGGGGTTAT,0,3797449
tolCp3,0.5,1,1,TCCTCGTGGTGCTATTCAGT,0,3794304
tolCp3,0.5,1,1,TCCTCGAGGCATAGTGATAC,0,3793454
tolCp3,0.5,1,1,TCCTCCTGCTGTACTGTACG,0,3783615
tolCp3,0.5,1,1,TCCTAATCTATAGTCATCAG,0,3805508
tolCp3,0.5,1,1,TCCTAAGCTCGCTTACCAGA,0,3794338
tolCp3,0.5,1,1,TCCTAAATGGCAGTCTCCTC,0,3807414
tolCp3,0.5,1,1,TCCGTCCGGATTATCTAACT,0,3799160
tolCp3,0.5,1,1,TCCGTCATAGGCACTTACTT,0,3805417
tolCp3,0.5,1,1,TCCGCACACTGGTACGGACT,0,3806155
tolCp3,0.5,1,1,TCCGATAGAAGGTAACACAA,0,3797505
tolCp3,0.5,1,1,TCCCTTCTTTGCTCGAGCGT,0,3785921
tolCp3,0.5,1,1,TCCCTGTGGGGAGTAGCGTT,0,3789250
tolCp3,0.5,1,1,TCCCTGCATGGAGGGCGCGG,0,3808656
tolCp3,0.5,1,1,TCCCGGAGCAGCTAGGCGAT,0,3781457
tolCp3,0.5,1,1,TCCCGCAGGCTGTGATGAGG,0,3797105
tolCp3,0.5,1,1,TCCCCGATGTGTTTATCAAT,0,3788151
tolCp3,0.5,1,1,TCCCCATCATCCTGAACGCT,0,3794012
tolCp3,0.5,1,1,TCCCAGGGGAACGCACGGCT,0,3789948
tolCp3,0.5,1,1,TCCCACTGCGGATGGCACAC,0,3807179
tolCp3,0.5,1,1,TCCCACGCTATGTGTCTGTT,0,3788328
tolCp3,0.5,1,1,TCCCAACTGCACGAAGACTG,0,3783945
tolCp3,0.5,1,1,TCCAGGCAATGGTGGCCAAA,0,3802841
tolCp3,0.5,1,1,TCCAGCTTTTCGCTACTTAG,0,3785994
tolCp3,0.5,1,1,TCCAGCAGACTCATGTATCA,0,3795006
tolCp3,0.5,1,1,TCCAGACGAAGGACATATCA,0,3784152
tolCp3,0.5,1,1,TCCAGACACGCTTGTCCACC,0,3792194
tolCp3,0.5,1,1,TCCAGAATAAAACATGACCT,0,3784989
tolCp3,0.5,1,1,TCCACTTGGGTGAAATTTGT,0,3807510
tolCp3,0.5,1,1,TCATTTAGCTTGCTTAACAC,0,3801048
tolCp3,0.5,1,1,TCATTCCATGACGGCGACGC,0,3796636
tolCp3,0.5,1,1,TCATTAGTCCACCGATAGAT,0,3782877
tolCp3,0.5,1,1,TCATTAGTATTCGATGGTCT,0,3806598
tolCp3,0.5,1,1,TCATGTTCTAAGTGACACGC,0,3801627
tolCp3,0.5,1,1,TCATGGGTAACAATGTGTAA,0,3788310
tolCp3,0.5,1,1,TCATGGCTTAATCTCGTTGG,0,3806258
tolCp3,0.5,1,1,TCATCAAGAACCTAGAGTCC,0,3792238
tolCp3,0.5,1,1,TCATATGCGACAAAAACCTT,0,3793551
tolCp3,0.5,1,1,TCATATACGACGTCTGGAGG,0,3809195
tolCp3,0.5,1,1,TCATAGGGGATCCGCGGGAT,0,3786529
tolCp3,0.5,1,1,TCATAAGTGGTTCGTTCATT,0,3807449
tolCp3,0.5,1,1,TCAGTCTACAAGCAAACATG,0,3796690
tolCp3,0.5,1,1,TCAGGTCACAACAGCTTTAA,0,3784720
tolCp3,0.5,1,1,TCAGCTGCGAATGCGTTTCC,0,3808053
tolCp3,0.5,1,1,TCAGCGAGAACCCACGCAGA,0,3803350
tolCp3,0.5,1,1,TCAGACTACTTCGGTACCGT,0,3807821
tolCp3,0.5,1,1,TCAGAAGAAACTCCCAATCC,0,3780075
tolCp3,0.5,1,1,TCACTCCGCATCGCACGGTG,0,3786206
tolCp3,0.5,1,1,TCACTAGCCCGCTTGGGGCA,0,3784171
tolCp3,0.5,1,1,TCACTACGATAGCGGTCTAC,0,3786416
tolCp3,0.5,1,1,TCACCGGGTTTTCCCATCCC,0,3784498
tolCp3,0.5,1,1,TCAATCCCCCGGGCAGTTTA,0,3803258
tolCp3,0.5,1,1,TCAAGTCGCTGCTGGTCATT,0,3779794
tolCp3,0.5,1,1,TCAACTCGTAGTCAACGCCA,0,3782357
tolCp3,0.5,1,1,TATTCGTTAGTGCAGAATCT,0,3795503
tolCp3,0.5,1,1,TATTAGCGAGTTCCAGCGCC,0,3803527
tolCp3,0.5,1,1,TATTACATTACTAGCAGTCT,0,3781670
tolCp3,0.5,1,1,TATTAATTTTTTGCCGTGCT,0,3799067
tolCp3,0.5,1,1,TATGTATGTGGTGGCTGCGT,0,3796714
tolCp3,0.5,1,1,TATGTATCGACGCTCACTTC,0,3777159
tolCp3,0.5,1,1,TATGGCTCCGAGTGCTTAAG,0,3803099
tolCp3,0.5,1,1,TATGGACCGTTCGACGCGAT,0,3789682
tolCp3,0.5,1,1,TATGGAAACGTCCAACGAAC,0,3793530
tolCp3,0.5,1,1,TATGCCAAAGGGATAACTGT,0,3784616
tolCp3,0.5,1,1,TATGACCGCGCCGCCTCATC,0,3807238
tolCp3,0.5,1,1,TATCTTGGTATTGCTGGGAA,0,3807738
tolCp3,0.5,1,1,TATCTACACGGTTCTATATG,0,3794563
tolCp3,0.5,1,1,TATCTAAAGGAGATTCTCTA,0,3790803
tolCp3,0.5,1,1,TATCGTATCGATGACTCATC,0,3808878
tolCp3,0.5,1,1,TATCCAGGCGGGAGAAACGA,0,3784876
tolCp3,0.5,1,1,TATCATTCTAGAAATGCAGT,0,3785294
tolCp3,0.5,1,1,TATCAGATATTGAGGTGTGT,0,3779561
tolCp3,0.5,1,1,TATCAAAGCGATTCTCGCGG,0,3799575
tolCp3,0.5,1,1,TATAGGACTATCCCAGTGAC,0,3778430
tolCp3,0.5,1,1,TATAGCAGCGGGTCGATTCT,0,3775696
tolCp3,0.5,1,1,TATAGAAGTTCGTGACACGA,0,3793271
tolCp3,0.5,1,1,TATAAGGCTTGACCCCACGA,0,3777399
tolCp3,0.5,1,1,TAGTACTCGGTCTTATGGGA,0,3802912
tolCp3,0.5,1,1,TAGGTGGAAAACCGAACAAT,0,3799247
tolCp3,0.5,1,1,TAGGTATAGCGGTGCAAAAG,0,3787701
tolCp3,0.5,1,1,TAGGGCGAGGGCGCATATTC,0,3783959
tolCp3,0.5,1,1,TAGGGATTCGGATCCCCAAA,0,3778246
tolCp3,0.5,1,1,TAGGCGATAGTGCTTACACT,0,3779069
tolCp3,0.5,1,1,TAGGCCCGCTAATTGATTTC,0,3784112
tolCp3,0.5,1,1,TAGGAGTCACCCGGGTGTGT,0,3794149
tolCp3,0.5,1,1,TAGGACGTAAACGGCCAACA,0,3781305
tolCp3,0.5,1,1,TAGGACACAAATTCCTGCTA,0,3784248
tolCp3,0.5,1,1,TAGCTCGTCAAGCTTAGTGT,0,3802983
tolCp3,0.5,1,1,TAGCGTTTTTGTCGTGCGTT,0,3779468
tolCp3,0.5,1,1,TAGCGCGTACTGTGGTCGCC,0,3796791
tolCp3,0.5,1,1,TAGCGAAGTATTTGCCAGTA,0,3797776
tolCp3,0.5,1,1,TAGCCTTCTAAAACGTAAAC,0,3804297
tolCp3,0.5,1,1,TAGCCTGTACCCCCCAGCTT,0,3806171
tolCp3,0.5,1,1,TAGCCGCCGCCTAATTCGCC,0,3787731
tolCp3,0.5,1,1,TAGCCAAACAAGCTATCGTG,0,3804048
tolCp3,0.5,1,1,TAGCACGGATATGGGGTCCG,0,3807872
tolCp3,0.5,1,1,TAGAGTCACCTGGGCCGGGT,0,3792665
tolCp3,0.5,1,1,TACTTGTTCTTGTGTGATAC,0,3775740
tolCp3,0.5,1,1,TACTTCCCCCGGGAGAATTA,0,3775141
tolCp3,0.5,1,1,TACTTACTCGAGTATACTGA,0,3790689
tolCp3,0.5,1,1,TACTGTGATGGTCCCGCAAA,0,3782012
tolCp3,0.5,1,1,TACTGCCCCGCTTCCCTGTG,0,3787202
tolCp3,0.5,1,1,TACTATACACGACGATAGTG,0,3795019
tolCp3,0.5,1,1,TACTACTCGACCTTGTCTTA,0,3800276
tolCp3,0.5,1,1,TACTAAGTATTATAAGGCCA,0,3789533
tolCp3,0.5,1,1,TACTAAGGTCCGATGTGCAC,0,3774716
tolCp3,0.5,1,1,TACGTTAAACTCGTCGAGGT,0,3777473
tolCp3,0.5,1,1,TACGTGCCTACGGATTAGCT,0,3799241
tolCp3,0.5,1,1,TACGTCACTCTTCGAGCATG,0,3782276
tolCp3,0.5,1,1,TACGGGGCGCAACGTTGACT,0,3801282
tolCp3,0.5,1,1,TACGGAAAGCCGCGCTCTGG,0,3779014
tolCp3,0.5,1,1,TACGCCGCCGTACAGCACTG,0,3785063
tolCp3,0.5,1,1,TACGAGTTTGGTAGCCAAAA,0,3795094
tolCp3,0.5,1,1,TACCTCTACTTCTTCAAGCC,0,3807667
tolCp3,0.5,1,1,TACCTAAAACTTGGATTTGT,0,3801671
tolCp3,0.5,1,1,TACCTAAAAACGGTGGCGGT,0,3806949
tolCp3,0.5,1,1,TACCGTCACTGGAATGGATC,0,3796057
tolCp3,0.5,1,1,TACCGGCTCACGTGCTCAGG,0,3795460
tolCp3,0.5,1,1,TACCGCTCGTCATACACTTA,0,3788668
tolCp3,0.5,1,1,TACCGATGGTTGTGAAGTTG,0,3791806
tolCp3,0.5,1,1,TACCCGAAGAGAATGTTATG,0,3781134
tolCp3,0.5,1,1,TACCCCGTAGCTACGCGTAA,0,3807592
tolCp3,0.5,1,1,TACCAAATTTAAAATACTCG,0,3781564
tolCp3,0.5,1,1,TACAGCTAAAGCATGCGAGA,0,3803859
tolCp3,0.5,1,1,TACAGAGTTTACGTGTGGGA,0,3804777
tolCp3,0.5,1,1,TACACGATGTACAAATCAAC,0,3774732
tolCp3,0.5,1,1,TACACAGAGCCCAGCAATTA,0,3806886
tolCp3,0.5,1,1,TACAATGTATTGGCTATTAC,0,3790740
tolCp3,0.5,1,1,TAATGCCCGTTTAACATGTC,0,3794885
tolCp3,0.5,1,1,TAATGCAGCATATCCAGGCG,0,3782694
tolCp3,0.5,1,1,TAATATATGTCGAAGTAATG,0,3781684
tolCp3,0.5,1,1,TAATAGAAGGCAGGGACTCG,0,3778824
tolCp3,0.5,1,1,TAAGTTAAAAGAGCAGCTTG,0,3800363
tolCp3,0.5,1,1,TAAGCTAGGGCCAGTGGTCT,0,3804013
tolCp3,0.5,1,1,TAAGACCCTGGTTGTTCAGG,0,3792303
tolCp3,0.5,1,1,TAAGAAACCTGGTGTGTAAT,0,3784513
tolCp3,0.5,1,1,TAACTTGGTTTCGTTTCCAG,0,3789012
tolCp3,0.5,1,1,TAACCGTGTGGGTCGGACCA,0,3800702
tolCp3,0.5,1,1,TAACACCTTGAATCTCGGTG,0,3806612
tolCp3,0.5,1,1,TAAATGTTACACACCACTGA,0,3797329
tolCp3,0.5,1,1,TAAATCCGATAGCGGGGAGG,0,3804954
tolCp3,0.5,1,1,TAAACAGTACGTACCGGAGC,0,3793245
tolCp3,0.5,1,1,TAAAATGGTTATACGTGGTC,0,3809032
tolCp3,0.5,1,1,TAAAAGTGCCACACGACGAT,0,3785035
tolCp3,0.5,1,1,TAAAAGGGAAGGGAGCCTTC,0,3797197
tolCp3,0.5,1,1,TAAAACTCCAGTTGTTAAAG,0,3795118
tolCp3,0.5,1,1,GTTTTTAATTACGTTACAAG,0,3779995
tolCp3,0.5,1,1,GTTTTGTCGAGACATGCACT,0,3790306
tolCp3,0.5,1,1,GTTTTGAATATATCACCGGT,0,3781635
tolCp3,0.5,1,1,GTTTTCGATTTAGGTGCATT,0,3799493
tolCp3,0.5,1,1,GTTTTCAATTTTGTAGGTCG,0,3787409
tolCp3,0.5,1,1,GTTTGGCACCTTTAAATGAT,0,3776326
tolCp3,0.5,1,1,GTTTGACTGTTTCGGACATT,0,3783668
tolCp3,0.5,1,1,GTTTCAGAACGGGGTTCTTT,0,3775885
tolCp3,0.5,1,1,GTTTCAAATGTCGAGATCAC,0,3777922
tolCp3,0.5,1,1,GTTTAGGTGCATTAGCACAT,0,3805060
tolCp3,0.5,1,1,GTTTAATCGCGGAGACGAAA,0,3791308
tolCp3,0.5,1,1,GTTGTCCGCAAAGTGAGGGA,0,3779949
tolCp3,0.5,1,1,GTTGGTGGTCTTATCAGCTA,0,3787145
tolCp3,0.5,1,1,GTTGGTGCAGGCAATGACTG,0,3803074
tolCp3,0.5,1,1,GTTGGGTCATTTCTGTACGG,0,3786857
tolCp3,0.5,1,1,GTTGGCCTGCAAAGTCCCCA,0,3808600
tolCp3,0.5,1,1,GTTGGATAAGCCTCGGGTTG,0,3776958
tolCp3,0.5,1,1,GTTGCCTAGGCCGAGGCGAG,0,3779118
tolCp3,0.5,1,1,GTTGCCCAGCACGGGCATGG,0,3782698
tolCp3,0.5,1,1,GTTGATAGCGTCATCCGGCC,0,3809059
tolCp3,0.5,1,1,GTTGAACACCTCATTTGGTT,0,3794297
tolCp3,0.5,1,1,GTTCTGTTAATCGGTGGATT,0,3778784
tolCp3,0.5,1,1,GTTCGTGATCGTGCTGTGTA,0,3789016
tolCp3,0.5,1,1,GTTCGGCACGACCTGGATTT,0,3801574
tolCp3,0.5,1,1,GTTCGAGGGGCGGGATGTCT,0,3797884
tolCp3,0.5,1,1,GTTCCGTGGAACGGAGGCTA,0,3797621
tolCp3,0.5,1,1,GTTCCCGTTGGGCGTTTGGC,0,3787748
tolCp3,0.5,1,1,GTTCCCGCTGATACGCGTAT,0,3785701
tolCp3,0.5,1,1,GTTATTTAAAGACCCCGTCC,0,3788261
tolCp3,0.5,1,1,GTTATTGGAAAGCGGGGCAC,0,3792187
tolCp3,0.5,1,1,GTTAGCCTAAACTCGATATT,0,3808877
tolCp3,0.5,1,1,GTTAGATTGAGCCCCGTTTT,0,3777193
tolCp3,0.5,1,1,GTTACAGGGCGGGTACCACG,0,3790735
tolCp3,0.5,1,1,GTTAAGCCTAAATGTGTGAC,0,3790609
tolCp3,0.5,1,1,GTTAAAATGTCGCCCTGTCG,0,3806472
tolCp3,0.5,1,1,GTGTTTTCACATTTCCCAGC,0,3794505
tolCp3,0.5,1,1,GTGTTTCTCCCGTATCGGCT,0,3784389
tolCp3,0.5,1,1,GTGTTCAAATAGGGATCGCA,0,3781344
tolCp3,0.5,1,1,GTGTGTCTAGGAATACGAGC,0,3775023
tolCp3,0.5,1,1,GTGTGTCCGAAGGGCCGTGA,0,3781320
tolCp3,0.5,1,1,GTGTGCCAGTGGTAGAATAT,0,3808666
tolCp3,0.5,1,1,GTGTCGTTAGGCACGTTGAC,0,3776274
tolCp3,0.5,1,1,GTGTCCCTGGGGGCGAGTAG,0,3793126
tolCp3,0.5,1,1,GTGTCCCCGTCTCTGGCTCT,0,3807364
tolCp3,0.5,1,1,GTGTAGACGTAAGAGGCTAG,0,3785761
tolCp3,0.5,1,1,GTGGTGACAACGACAGGTGT,0,3800804
tolCp3,0.5,1,1,GTGGTCAGACACGGCTGTAT,0,3778735
tolCp3,0.5,1,1,GTGGGGCGCCACATCGGAAT,0,3804845
tolCp3,0.5,1,1,GTGGGCTAGCTTCACAGGAA,0,3804129
tolCp3,0.5,1,1,GTGGGACTATTACCTCCAGA,0,3785770
tolCp3,0.5,1,1,GTGGGACACATTGGCAATTT,0,3792335
tolCp3,0.5,1,1,GTGGCGAATTCGAACGCTGG,0,3803110
tolCp3,0.5,1,1,GTGGAGAGATTGTAGGGCCT,0,3795422
tolCp3,0.5,1,1,GTGGACACAACCGGTTATAT,0,3794936
tolCp3,0.5,1,1,GTGGAACGTACACTATCGGG,0,3780196
tolCp3,0.5,1,1,GTGCTGGCTAAGGGTAGTCT,0,3802642
tolCp3,0.5,1,1,GTGCGTGTACATTGCAAATT,0,3776214
tolCp3,0.5,1,1,GTGCGGACATGGGCTGGGTC,0,3782718
tolCp3,0.5,1,1,GTGCCTATCCCAGGAAGAGC,0,3799126
tolCp3,0.5,1,1,GTGCCATGTCCGAGGCCACT,0,3780425
tolCp3,0.5,1,1,GTGCCAAGTGACTTTGACAA,0,3803976
tolCp3,0.5,1,1,GTGCAATTTCATCATCGCAA,0,3808289
tolCp3,0.5,1,1,GTGATTCTTATAGGAATCTC,0,3782424
tolCp3,0.5,1,1,GTGATGTATCAGTTTGGGTA,0,3796402
tolCp3,0.5,1,1,GTGATGAACTATCTAGGTTG,0,3782748
tolCp3,0.5,1,1,GTGATCCGTCCGTGTCTTGA,0,3775030
tolCp3,0.5,1,1,GTGAGAGGTAGCGTTCGAGT,0,3777270
tolCp3,0.5,1,1,GTGAGAGAGGGAGTGCATTG,0,3796940
tolCp3,0.5,1,1,GTGACATTGCCCGAGTCAAA,0,3789806
tolCp3,0.5,1,1,GTGAATGTAACCAAATCTGC,0,3788309
tolCp3,0.5,1,1,GTGAAGCAACCAGTTTTGGA,0,3796172
tolCp3,0.5,1,1,GTCTTTATAAATTGATCACA,0,3805815
tolCp3,0.5,1,1,GTCTTGTTTTTTGATAGAGC,0,3783720
tolCp3,0.5,1,1,GTCTGTTGACTCACTAATCC,0,3806813
tolCp3,0.5,1,1,GTCTGGCCAAGTGGGCTCTC,0,3786783
tolCp3,0.5,1,1,GTCTGAGGTCCGGCAACAAG,0,3804035
tolCp3,0.5,1,1,GTCTCGTAAGCAAATCGAGC,0,3782988
tolCp3,0.5,1,1,GTCTCAGGATGTATTTTTAG,0,3804556
tolCp3,0.5,1,1,GTCTCAATGCAATGGCGAGA,0,3775965
tolCp3,0.5,1,1,GTCTAATATTATGCTGGGAC,0,3801896
tolCp3,0.5,1,1,GTCTAAACTGCAGACGATAC,0,3782284
tolCp3,0.5,1,1,GTCGTTTTTGGACGAAGATA,0,3805000
tolCp3,0.5,1,1,GTCGTGTACTCCTAACACTA,0,3807051
tolCp3,0.5,1,1,GTCGTCTAGGTACTTACGGA,0,3796445
tolCp3,0.5,1,1,GTCGGTCTGATGGTTACCCT,0,3782184
tolCp3,0.5,1,1,GTCGGGGGACTGTCAAAAAT,0,3803499
tolCp3,0.5,1,1,GTCGCGAGCCGGCTCGGTAC,0,3787544
tolCp3,0.5,1,1,GTCGAGGCATATGTGTGCGT,0,3806104
tolCp3,0.5,1,1,GTCCTTACATAAGCGCCCTA,0,3799645
tolCp3,0.5,1,1,GTCCTCACCTGAACCGAATA,0,3776040
tolCp3,0.5,1,1,GTCCTCAATAGTTACTGTGG,0,3774915
tolCp3,0.5,1,1,GTCCTAGACTATGTAGGCGT,0,3808664
tolCp3,0.5,1,1,GTCCTAAGGAACCGTCCTCT,0,3784052
tolCp3,0.5,1,1,GTCCGCCCGCCCCCGTCAGT,0,3776471
tolCp3,0.5,1,1,GTCCCTCCCCCCCGTTTGTC,0,3802000
tolCp3,0.5,1,1,GTCCCGTTGGTCGGGAGAAC,0,3797152
tolCp3,0.5,1,1,GTCCCGAGTCTAGTGTGAGC,0,3775027
tolCp3,0.5,1,1,GTCCACAACATTTACGTCGG,0,3778977
tolCp3,0.5,1,1,GTCAGAGCTTCAACACCTCT,0,3799166
tolCp3,0.5,1,1,GTCACGATCGTCCCGTATAT,0,3807698
tolCp3,0.5,1,1,GTCACACGTCCGGTAGATAA,0,3791531
tolCp3,0.5,1,1,GTCACACGACGTCTCAGCAC,0,3806539
tolCp3,0.5,1,1,GTCACAACCGTCGATCTTCT,0,3781805
tolCp3,0.5,1,1,GTCAAGTATCCCTTTGCATA,0,3799199
tolCp3,0.5,1,1,GTATTTTTCTAGGTATTAGG,0,3799061
tolCp3,0.5,1,1,GTATTGTGACTTCGAAACGC,0,3799355
tolCp3,0.5,1,1,GTATGAGCTTGCCAATTCAA,0,3776491
tolCp3,0.5,1,1,GTAGTCCGGGGAACTCCGAC,0,3798756
tolCp3,0.5,1,1,GTAGTAAGTGCCACGTATCT,0,3799649
tolCp3,0.5,1,1,GTAGGGTAAAGAAGCCGTGC,0,3780775
tolCp3,0.5,1,1,GTAGGGGAGGTTTTATACAG,0,3795445
tolCp3,0.5,1,1,GTAGGCGGCGGGATTTAATG,0,3792492
tolCp3,0.5,1,1,GTAGCGTAAATAAGAATGTG,0,3802357
tolCp3,0.5,1,1,GTAGATAGAAACACTGGAAC,0,3796370
tolCp3,0.5,1,1,GTAGAAATTTGAGTCAGTGA,0,3777169
tolCp3,0.5,1,1,GTACTTGTTATTTATAGCTG,0,3780024
tolCp3,0.5,1,1,GTACTAGCCGCCAGGATATC,0,3792533
tolCp3,0.5,1,1,GTACTAGAACCGGCCTGGGG,0,3802351
tolCp3,0.5,1,1,GTACTACCGGGCTGGGTTAT,0,3805862
tolCp3,0.5,1,1,GTACGCTAAAATGGTTCCGC,0,3792066
tolCp3,0.5,1,1,GTACCGCAGTACTTTCCAGT,0,3784666
tolCp3,0.5,1,1,GTACCCCGCTCGTACCGACC,0,3799461
tolCp3,0.5,1,1,GTACAGTCGCTACGAGGTTA,0,3802806
tolCp3,0.5,1,1,GTAATTAGACTTAAGAGAAT,0,3796256
tolCp3,0.5,1,1,GTAATAGGCAGGGAACAGGA,0,3809080
tolCp3,0.5,1,1,GTAAGTCAGCTGAACGAAGC,0,3809099
tolCp3,0.5,1,1,GTAAGCAAAAGCGAGCCATT,0,3781335
tolCp3,0.5,1,1,GTAAAGGACCGTGCATGACG,0,3783160
tolCp3,0.5,1,1,GGTTTTTGCGGATGACGGTG,0,3779440
tolCp3,0.5,1,1,GGTTTGATAACGGTAATGGG,0,3789604
tolCp3,0.5,1,1,GGTTGGGATGCAAATTAGAC,0,3784714
tolCp3,0.5,1,1,GGTTGCAGTTGTTCGTAGGA,0,3790497
tolCp3,0.5,1,1,GGTTGAAAGCGTCGTTAACT,0,3793421
tolCp3,0.5,1,1,GGTTCTTAGACAACTTCTAC,0,3797924
tolCp3,0.5,1,1,GGTTCGATACTGTGATTTGC,0,3800959
tolCp3,0.5,1,1,GGTTCCATCACACAGCAATG,0,3784092
tolCp3,0.5,1,1,GGTTCAGATGCAGGGGAACC,0,3779328
tolCp3,0.5,1,1,GGTTATAGTGACGCTCTCGT,0,3791022
tolCp3,0.5,1,1,GGTGTGTGCACGACCCAACG,0,3804131
tolCp3,0.5,1,1,GGTGGTAGGCGTAAAAGCGT,0,3805940
tolCp3,0.5,1,1,GGTGGTAGACCTAATCGCGA,0,3785346
tolCp3,0.5,1,1,GGTGCGCTCAGGATTCTCAC,0,3782604
tolCp3,0.5,1,1,GGTGCCAGTGGGGTGCTTCT,0,3795834
tolCp3,0.5,1,1,GGTGCACGACCAGTTTTATT,0,3782081
tolCp3,0.5,1,1,GGTGATATCAAGTGGGACTG,0,3790232
tolCp3,0.5,1,1,GGTGAAGCTCGGACCAGCGA,0,3788879
tolCp3,0.5,1,1,GGTCTTAGTGTGACCGGTTC,0,3775249
tolCp3,0.5,1,1,GGTCGTATTCGAAGAGGTTG,0,3800197
tolCp3,0.5,1,1,GGTCGGGGAAATACGATCAC,0,3778607
tolCp3,0.5,1,1,GGTCGCCGTAGTCACGCTAT,0,3783888
tolCp3,0.5,1,1,GGTCGAGGCATGGGCCGACG,0,3781338
tolCp3,0.5,1,1,GGTCCCCACTTTGTTAAGTC,0,3785027
tolCp3,0.5,1,1,GGTATGGAGCGACTTAAGGG,0,3808920
tolCp3,0.5,1,1,GGTAGATTTTGCAATTTCTT,0,3779460
tolCp3,0.5,1,1,GGTAGAGCAAATTCAGGTTT,0,3805973
tolCp3,0.5,1,1,GGTACGAATAGTTCATTATG,0,3799982
tolCp3,0.5,1,1,GGTAATCGCACGGACCGATA,0,3784576
tolCp3,0.5,1,1,GGTAAGGTTTATGACACTGA,0,3781513
tolCp3,0.5,1,1,GGTAAAAGTCCAAATCGGGG,0,3785541
tolCp3,0.5,1,1,GGGTTTCCAGAGTTCCGCGT,0,3796827
tolCp3,0.5,1,1,GGGTTGGCCTGAGTAGCAAG,0,3780652
tolCp3,0.5,1,1,GGGTTACAATAATTACCACT,0,3794313
tolCp3,0.5,1,1,GGGTGCCCGTTGACGCGTTA,0,3783418
tolCp3,0.5,1,1,GGGTGCACAAAGAGTCTGGT,0,3783579
tolCp3,0.5,1,1,GGGTGAGCGGCGGTATTTTT,0,3799655
tolCp3,0.5,1,1,GGGTGACAAGACAGCATGGT,0,3798158
tolCp3,0.5,1,1,GGGTCGTCCTTGCAGTTGGA,0,3789994
tolCp3,0.5,1,1,GGGTCGAAGCCATAGTGACC,0,3791037
tolCp3,0.5,1,1,GGGTCAGCAGTATCAAGTGG,0,3800860
tolCp3,0.5,1,1,GGGTATATGGGTCAACGCTT,0,3782518
tolCp3,0.5,1,1,GGGTAGCAAAATGGCTTCTT,0,3796653
tolCp3,0.5,1,1,GGGGTTACATTACTCTAGAA,0,3776570
tolCp3,0.5,1,1,GGGGTGGGGCGCCCAGCGTT,0,3791706
tolCp3,0.5,1,1,GGGGTAGGATTGACGTCCGA,0,3801355
tolCp3,0.5,1,1,GGGGGGATCAGTGCATAACC,0,3794785
tolCp3,0.5,1,1,GGGGGATCGTATATAACCTA,0,3804596
tolCp3,0.5,1,1,GGGGCACATGGTCAAATACC,0,3807703
tolCp3,0.5,1,1,GGGGATTACGGGGCTTGCAC,0,3785169
tolCp3,0.5,1,1,GGGGATACTCAGTGGTGTGG,0,3793955
tolCp3,0.5,1,1,GGGGAGGACTTGACCGCCAT,0,3808046
tolCp3,0.5,1,1,GGGGACTCTGGTGGCATTCA,0,3797308
tolCp3,0.5,1,1,GGGGAATGGATCTTTTCCCT,0,3807487
tolCp3,0.5,1,1,GGGCTGATATAGTGCTTTTT,0,3804428
tolCp3,0.5,1,1,GGGCGGCAAACGTCACGAGC,0,3780016
tolCp3,0.5,1,1,GGGCGCTACGAGCGCAGCGC,0,3789988
tolCp3,0.5,1,1,GGGCCGGATGTCTCTCCACG,0,3799342
tolCp3,0.5,1,1,GGGCCGACCAGTCGGGTTAA,0,3777397
tolCp3,0.5,1,1,GGGCAATTGTTTTATGTTAT,0,3782349
tolCp3,0.5,1,1,GGGATTTTTGTCCATCTTAC,0,3801013
tolCp3,0.5,1,1,GGGATGGGTTGAAAGGGTCA,0,3802849
tolCp3,0.5,1,1,GGGACGTCTTTCTGAGACCT,0,3782517
tolCp3,0.5,1,1,GGGAACGCGGTTGCTTATTG,0,3782539
tolCp3,0.5,1,1,GGGAAATATTGGTGTGTATT,0,3796674
tolCp3,0.5,1,1,GGGAAACGAATACGCACTTA,0,3806494
tolCp3,0.5,1,1,GGGAAAACATCAAGGGAAAG,0,3789587
tolCp3,0.5,1,1,GGCTTTAACGTGAACTATTG,0,3784442
tolCp3,0.5,1,1,GGCTGGTTCAAGGCTGTTTG,0,3780118
tolCp3,0.5,1,1,GGCTGGGAACACATGCGACC,0,3784836
tolCp3,0.5,1,1,GGCTCTGCTTAAAATGTCTC,0,3792555
tolCp3,0.5,1,1,GGCTCTCTGGAGCTGCTGGT,0,3799071
tolCp3,0.5,1,1,GGCGTTGGGGCCGCTGTCAT,0,3791415
tolCp3,0.5,1,1,GGCGCTTAGAAACATTACTG,0,3807393
tolCp3,0.5,1,1,GGCGCCAGTGTGAATTCGTT,0,3781029
tolCp3,0.5,1,1,GGCCTTCAGCGCTGGATAAA,0,3776938
tolCp3,0.5,1,1,GGCCTCGTAACCTGCTAATA,0,3808500
tolCp3,0.5,1,1,GGCCTAAGGGCGGTACTCGG,0,3798474
tolCp3,0.5,1,1,GGCCGTGGGGAAATCTGTAC,0,3786201
tolCp3,0.5,1,1,GGCCCGTACGGTGACCTGAT,0,3786906
tolCp3,0.5,1,1,GGCCCCGAGCTGATTTGACG,0,3799942
tolCp3,0.5,1,1,GGCATTGGGGTGCGGGAAAC,0,3779119
tolCp3,0.5,1,1,GGCATGCCGACCCGACCTAG,0,3794514
tolCp3,0.5,1,1,GGCATGCACGCGCGCCAAGC,0,3784406
tolCp3,0.5,1,1,GGCATCACGCAAGCGTTGGC,0,3781267
tolCp3,0.5,1,1,GGCATAACCATACTTGTGGG,0,3796885
tolCp3,0.5,1,1,GGCAGTGATGATGAAGCCGA,0,3802228
tolCp3,0.5,1,1,GGCAGCGTACCATCTTGTAT,0,3799137
tolCp3,0.5,1,1,GGCAGAAGGTCCCAAACTGT,0,3795615
tolCp3,0.5,1,1,GGCACTAGCACCTGGTTGCA,0,3784233
tolCp3,0.5,1,1,GGCAACTGTGGGTTCTCCGC,0,3786705
tolCp3,0.5,1,1,GGCAAAAGTTACAGCAGACT,0,3805413
tolCp3,0.5,1,1,GGATTCTAATCAGTGCCCGA,0,3796634
tolCp3,0.5,1,1,GGATTATACCCATTGCCTTT,0,3781578
tolCp3,0.5,1,1,GGATGGCTCTGTAATAAGCC,0,3786485
tolCp3,0.5,1,1,GGATCTCCTTCTCAAGACAG,0,3800023
tolCp3,0.5,1,1,GGATCTCCACATGGGTCATT,0,3784898
tolCp3,0.5,1,1,GGATCGTTCTCCAACGTGTA,0,3808747
tolCp3,0.5,1,1,GGATATAGCCGGGGGGCGGA,0,3790776
tolCp3,0.5,1,1,GGATAGGGGGCTTTACATAT,0,3780960
tolCp3,0.5,1,1,GGAGGTAATAAGGTCCTGTA,0,3781131
tolCp3,0.5,1,1,GGAGGCATATTTCGGTCACA,0,3804519
tolCp3,0.5,1,1,GGACTTTGTTACTGTGCCCA,0,3803133
tolCp3,0.5,1,1,GGACTTTAATTCATTTAACA,0,3782058
tolCp3,0.5,1,1,GGACGGGGGTTGCGGGTACG,0,3792875
tolCp3,0.5,1,1,GGACGGAACCGCTATAAGCC,0,3781863
tolCp3,0.5,1,1,GGACGCGTATAGCTGGGTTC,0,3803137
tolCp3,0.5,1,1,GGACCCTGTGCGCGACCGGA,0,3780670
tolCp3,0.5,1,1,GGACATCTACATATAGAAGG,0,3783844
tolCp3,0.5,1,1,GGACATAACTACCATTCCTA,0,3791961
tolCp3,0.5,1,1,GGACACGGAATCTCTTCTAA,0,3792526
tolCp3,0.5,1,1,GGAATTCGACTTACGACGTG,0,3801580
tolCp3,0.5,1,1,GGAATCCGCGCCCCTGGCCA,0,3802060
tolCp3,0.5,1,1,GGAATCCCGATGAACACCAG,0,3796400
tolCp3,0.5,1,1,GGAATAATCCCTAGCAGAAG,0,3802251
tolCp3,0.5,1,1,GGAACGGCTTGCGTACGACG,0,3785964
tolCp3,0.5,1,1,GGAAATTTCGATAATCAATA,0,3779717
tolCp3,0.5,1,1,GGAAATGGTTATTGTTCGGT,0,3791882
tolCp3,0.5,1,1,GGAAATCGGCCTATCCCAGA,0,3791641
tolCp3,0.5,1,1,GGAAAGCCCGGCATCGGCCA,0,3803191
tolCp3,0.5,1,1,GGAAACGCTGGACTGAAGCC,0,3799733
tolCp3,0.5,1,1,GCTTTATAGCCGTTCAATTA,0,3809443
tolCp3,0.5,1,1,GCTTTAGTCGGGCGTGCGCC,0,3788634
tolCp3,0.5,1,1,GCTTCCAGGACGGGCTTTAG,0,3796984
tolCp3,0.5,1,1,GCTTCACCGCAAATTCTGCT,0,3794951
tolCp3,0.5,1,1,GCTTATATACTCAGATGATA,0,3799539
tolCp3,0.5,1,1,GCTGTGAGTGGCAAGGACAT,0,3778997
tolCp3,0.5,1,1,GCTGGCTGTCGTCGGAAAAT,0,3788219
tolCp3,0.5,1,1,GCTGCGCGCGGAAAGCCATA,0,3791886
tolCp3,0.5,1,1,GCTGCCTTTATACGTCCAAC,0,3781472
tolCp3,0.5,1,1,GCTGATACTCTTAGACCTAA,0,3781350
tolCp3,0.5,1,1,GCTGACCGGTAAACCATGTC,0,3780394
tolCp3,0.5,1,1,GCTGACATGCACAGTGAACA,0,3780000
tolCp3,0.5,1,1,GCTCGCCCGGGGTGATTTAA,0,3796029
tolCp3,0.5,1,1,GCTCCGTATCTGCAGCACTC,0,3792998
tolCp3,0.5,1,1,GCTCAGGTATAAATGACGTT,0,3796040
tolCp3,0.5,1,1,GCTATTCGCACAGGCTTGAG,0,3794613
tolCp3,0.5,1,1,GCTATGTACGATCCTCTCGT,0,3785396
tolCp3,0.5,1,1,GCTAGACTATTAATTCAGAT,0,3786226
tolCp3,0.5,1,1,GCTACGGCAAACGACCTTAA,0,3805922
tolCp3,0.5,1,1,GCTACGATCCTCCGTAGAGT,0,3806491
tolCp3,0.5,1,1,GCTACATATGGTATGTCTTG,0,3806548
tolCp3,0.5,1,1,GCTACAGCATATTTCACGGC,0,3791181
tolCp3,0.5,1,1,GCGTTTGCAGGTAGCAATTT,0,3783421
tolCp3,0.5,1,1,GCGTGCGAATGGCATTCGGG,0,3798911
tolCp3,0.5,1,1,GCGTGCACAAACGGGCTTTA,0,3794807
tolCp3,0.5,1,1,GCGTCCATCCATTCGCAGCC,0,3792980
tolCp3,0.5,1,1,GCGTAGGTGTTAGACCGTGA,0,3782524
tolCp3,0.5,1,1,GCGGTCAGTTGGTCAGCACA,0,3776378
tolCp3,0.5,1,1,GCGGGAAAAACGGTCATAGA,0,3799908
tolCp3,0.5,1,1,GCGGCCGGTACTCCGGGGGG,0,3800106
tolCp3,0.5,1,1,GCGGCCGGGTCACGGGTAGT,0,3791279
tolCp3,0.5,1,1,GCGGCCGATCTGTATTCTCA,0,3789501
tolCp3,0.5,1,1,GCGGATGTCAATGTCCAAGC,0,3779972
tolCp3,0.5,1,1,GCGGAGTGTGTCGAGCTAGC,0,3785967
tolCp3,0.5,1,1,GCGGAACAGGGGTTCGCCCA,0,3783237
tolCp3,0.5,1,1,GCGCTTTTGAATCGCGGTAT,0,3786917
tolCp3,0.5,1,1,GCGCGTTCTAGCCTAGTTAT,0,3782362
tolCp3,0.5,1,1,GCGCCAGGCCCGCACCAACA,0,3789752
tolCp3,0.5,1,1,GCGCACGGAGCTTCACTGGC,0,3781771
tolCp3,0.5,1,1,GCGCACGCCTGATGCAACAA,0,3794608
tolCp3,0.5,1,1,GCGATCTCAAAACCAACCTT,0,3809382
tolCp3,0.5,1,1,GCGATCGCATAAGAACACTT,0,3801140
tolCp3,0.5,1,1,GCGATCCAAGATTGGGGGGG,0,3806017
tolCp3,0.5,1,1,GCGAGAACAGTTGTGCATTT,0,3794955
tolCp3,0.5,1,1,GCGACCTTGTCAGGACGGTG,0,3808019
tolCp3,0.5,1,1,GCGACCAATGCGGTAGAGTA,0,3805147
tolCp3,0.5,1,1,GCGAATTATTGAGACGCTGC,0,3787570
tolCp3,0.5,1,1,GCGAACACCACGCTTAACAC,0,3795642
tolCp3,0.5,1,1,GCCTTTGTCTGGTAAATATC,0,3774723
tolCp3,0.5,1,1,GCCTGTTAAATCCGCTCCTA,0,3785843
tolCp3,0.5,1,1,GCCTGTGCCTCATTGAATTC,0,3779114
tolCp3,0.5,1,1,GCCTGTGACAATATGGACTG,0,3804287
tolCp3,0.5,1,1,GCCTGCCAACCCCCCCGGAC,0,3781444
tolCp3,0.5,1,1,GCCTGAAGGGTCAGACTCAA,0,3779388
tolCp3,0.5,1,1,GCCTGAAAAGATTAATACTC,0,3791597
tolCp3,0.5,1,1,GCCTCGGTGTAGGCACGACG,0,3780565
tolCp3,0.5,1,1,GCCTATTCGGGTTTGCAACT,0,3799950
tolCp3,0.5,1,1,GCCTAGCATTGGGCAAAATA,0,3805291
tolCp3,0.5,1,1,GCCTAGAACTTATACGGTTA,0,3807392
tolCp3,0.5,1,1,GCCGTTATTCCGCTCTCCCC,0,3779943
tolCp3,0.5,1,1,GCCGTCAGGCGATCAACGAC,0,3789867
tolCp3,0.5,1,1,GCCGGGAGTGGGAGTAGCTC,0,3779595
tolCp3,0.5,1,1,GCCGGCCGACTACCAGCGAA,0,3783012
tolCp3,0.5,1,1,GCCGGCCCAATATCGAAAAC,0,3790971
tolCp3,0.5,1,1,GCCGCCGATAGAGGGCCGGA,0,3795674
tolCp3,0.5,1,1,GCCGATCGGGGACCAACAAA,0,3792089
tolCp3,0.5,1,1,GCCGAGCCCCCGCAATCCAG,0,3791675
tolCp3,0.5,1,1,GCCGAGACAATCTCGTACTA,0,3797746
tolCp3,0.5,1,1,GCCCTTGTCGTCGCCGAGTG,0,3779487
tolCp3,0.5,1,1,GCCCTCTGAAAAGGGATACA,0,3808593
tolCp3,0.5,1,1,GCCCGTCGCGCGTCGGTTCT,0,3793293
tolCp3,0.5,1,1,GCCCGTAGACTTCGTAGTAA,0,3790611
tolCp3,0.5,1,1,GCCCGCGCATGCTGGAATAA,0,3795598
tolCp3,0.5,1,1,GCCCGAGGCTGTATTAAAAG,0,3807229
tolCp3,0.5,1,1,GCCCCTTTCGGAAGAAGCTG,0,3792873
tolCp3,0.5,1,1,GCCCAGCGGACAATCATGGA,0,3797840
tolCp3,0.5,1,1,GCCCAAACTATTAAAGACTG,0,3779686
tolCp3,0.5,1,1,GCCATTCAGGGTACGCACTA,0,3797107
tolCp3,0.5,1,1,GCCATCTGTGCGTGGCCTTA,0,3791394
tolCp3,0.5,1,1,GCCATAAGGAAAAGCCCCTG,0,3799503
tolCp3,0.5,1,1,GCCAGCTCAACTTGGTCAGC,0,3807311
tolCp3,0.5,1,1,GCCAGCCAGCTCATACCGGA,0,3784264
tolCp3,0.5,1,1,GCCACCTCAGAATCTAATTC,0,3802434
tolCp3,0.5,1,1,GCCACATAAAGTCCCCTCCT,0,3778353
tolCp3,0.5,1,1,GCCAACTTCAATCCAAGCAT,0,3795666
tolCp3,0.5,1,1,GCATGATTATACTATACATT,0,3791393
tolCp3,0.5,1,1,GCATGATCGCTTGGCCCCAG,0,3787882
tolCp3,0.5,1,1,GCATCGTCATTGGGTGGGAT,0,3789910
tolCp3,0.5,1,1,GCATCCCGCACTCATTACAG,0,3788161
tolCp3,0.5,1,1,GCATCATTGACACGTGAGAT,0,3786375
tolCp3,0.5,1,1,GCATCAACGAGGGGAGTAAC,0,3804634
tolCp3,0.5,1,1,GCATAATTATGGCATTCTTT,0,3786277
tolCp3,0.5,1,1,GCATAACTGTTTACAAGCGA,0,3808704
tolCp3,0.5,1,1,GCAGGCAGTTGAGGGGTACC,0,3777015
tolCp3,0.5,1,1,GCAGGAGTGTGTTTATCTTA,0,3800798
tolCp3,0.5,1,1,GCAGGAGGGCGAGACGAGCA,0,3801183
tolCp3,0.5,1,1,GCAGCGGTTTTTGTCCAAAG,0,3801043
tolCp3,0.5,1,1,GCAGCCTGGAACGGTATTTT,0,3796335
tolCp3,0.5,1,1,GCAGCCCACCAATTCTCGTA,0,3804334
tolCp3,0.5,1,1,GCAGACACAAGTCAGGTCTG,0,3778030
tolCp3,0.5,1,1,GCAGAAGACCACAAGAGCTG,0,3797770
tolCp3,0.5,1,1,GCAGAACATACCGCGATGTA,0,3806173
tolCp3,0.5,1,1,GCACTGGTCGTAAGAAAGGT,0,3794972
tolCp3,0.5,1,1,GCACTGCGTTCCGTGAAGTC,0,3782412
tolCp3,0.5,1,1,GCACGAGACATCACAGTGGC,0,3792990
tolCp3,0.5,1,1,GCACATGATCTAGCCATTCG,0,3787355
tolCp3,0.5,1,1,GCACAATTGGGGACAGGAGA,0,3775453
tolCp3,0.5,1,1,GCAATTTTCGCAAGTCATGC,0,3789120
tolCp3,0.5,1,1,GCAATTCTCCGGGCGTTGGG,0,3777684
tolCp3,0.5,1,1,GCAAGTTCATGCAGTATAGC,0,3789468
tolCp3,0.5,1,1,GCAACGATCAGGGTTAAGCA,0,3786113
tolCp3,0.5,1,1,GCAACCTCTACATGTTTACG,0,3787654
tolCp3,0.5,1,1,GCAAATGGTGAGGGCGCTAC,0,3801649
tolCp3,0.5,1,1,GCAAAGCTTCTAGCACGCAT,0,3776186
tolCp3,0.5,1,1,GCAAACGCGGGGCACAGAGA,0,3796700
tolCp3,0.5,1,1,GCAAACCACTAAAACAGTTT,0,3796992
tolCp3,0.5,1,1,GCAAACAAGAAGGGCGATAG,0,3785954
tolCp3,0.5,1,1,GCAAAAAGTTCTCTACTGAG,0,3788200
tolCp3,0.5,1,1,GATTTAGCATAGCTCCATAG,0,3801104
tolCp3,0.5,1,1,GATTGGGACATCTAATTCAT,0,3806475
tolCp3,0.5,1,1,GATTGCATAGGGCGGATACG,0,3780161
tolCp3,0.5,1,1,GATTCGGCGGCACCTCGGAA,0,3802661
tolCp3,0.5,1,1,GATTCGGAACAAAGGCGAAT,0,3797410
tolCp3,0.5,1,1,GATTCGCTATAATCGAAGAC,0,3799222
tolCp3,0.5,1,1,GATTAGAAAACTTTCGTTTT,0,3794395
tolCp3,0.5,1,1,GATTACCCAGCCTCAGGCAT,0,3774680
tolCp3,0.5,1,1,GATGTTCTCGCTAGTAAGCT,0,3775866
tolCp3,0.5,1,1,GATGTTCAGAGTGCGTTAAA,0,3785424
tolCp3,0.5,1,1,GATGTGCTGTCCCTTCTAAC,0,3778968
tolCp3,0.5,1,1,GATGTAGCTAATTTGGGTCT,0,3789152
tolCp3,0.5,1,1,GATGGTAGTTATCAGCTGTA,0,3805446
tolCp3,0.5,1,1,GATGGGTAAGAATATGTCCC,0,3790412
tolCp3,0.5,1,1,GATGGGATTAGGGCTGGGCA,0,3796056
tolCp3,0.5,1,1,GATGGACCGAAGTGTATTCG,0,3774777
tolCp3,0.5,1,1,GATGCACCTGCGATATACTT,0,3797927
tolCp3,0.5,1,1,GATGATCGCATCAATAAGCA,0,3782515
tolCp3,0.5,1,1,GATGATATTTACGCATGACG,0,3802997
tolCp3,0.5,1,1,GATCTAACACATGTTTATGA,0,3787138
tolCp3,0.5,1,1,GATCGTTAAACTCATATTGT,0,3776005
tolCp3,0.5,1,1,GATCGTATTGCGGTCGCCTA,0,3803068
tolCp3,0.5,1,1,GATCGAACTGGTAAATTGTG,0,3778306
tolCp3,0.5,1,1,GATCCTGGCAAAGAACGTCT,0,3795804
tolCp3,0.5,1,1,GATCCAAAAAGCATTTGCGG,0,3808042
tolCp3,0.5,1,1,GATCAATGACTCAAACCGCA,0,3806834
tolCp3,0.5,1,1,GATATTGCATTAAGGCGATC,0,3793677
tolCp3,0.5,1,1,GATATCTAAATCTCGTAGCC,0,3790494
tolCp3,0.5,1,1,GATATCCCTTAATGTCCCAA,0,3792887
tolCp3,0.5,1,1,GATAGGGATGCAGGTGCTTT,0,3802052
tolCp3,0.5,1,1,GATAGGACCAACGACTATCA,0,3799116
tolCp3,0.5,1,1,GATACCGTACTCATGTTTTC,0,3799093
tolCp3,0.5,1,1,GATACAGGGTATCGGTTAAG,0,3776524
tolCp3,0.5,1,1,GATAAGCGGGGCGCTATATT,0,3783000
tolCp3,0.5,1,1,GATAAGAAAATCGGCCTCTT,0,3808366
tolCp3,0.5,1,1,GAGTGTTTCGCAGATCAGCA,0,3793973
tolCp3,0.5,1,1,GAGTGGAACATTCGTTACAC,0,3792008
tolCp3,0.5,1,1,GAGTGAAAGTATGCCCCAAC,0,3780362
tolCp3,0.5,1,1,GAGGTCGATAGGATCGCGTT,0,3803977
tolCp3,0.5,1,1,GAGGGTTGGGACTGGATTTT,0,3793489
tolCp3,0.5,1,1,GAGGGCCTGCCGTTAGGGTT,0,3793120
tolCp3,0.5,1,1,GAGGCGGAACTTACAAGCGG,0,3782743
tolCp3,0.5,1,1,GAGGCGAGTGATAACAACCC,0,3796004
tolCp3,0.5,1,1,GAGGCATCTCTTGTGTGCAG,0,3799190
tolCp3,0.5,1,1,GAGGCAACGTCATAAGCGGT,0,3796153
tolCp3,0.5,1,1,GAGGAGTATCAGCATCTTTG,0,3776728
tolCp3,0.5,1,1,GAGCTTGTGTAAATGGGTTG,0,3808508
tolCp3,0.5,1,1,GAGCTTGACTATGAGGGTCC,0,3802972
tolCp3,0.5,1,1,GAGCTATGCAGGCGTTTCAT,0,3800984
tolCp3,0.5,1,1,GAGCGTTTGGTCGGGATCCT,0,3806442
tolCp3,0.5,1,1,GAGCGGGTTTTGTCGCACAA,0,3778358
tolCp3,0.5,1,1,GAGCGGGTGCATCTAGCACA,0,3808477
tolCp3,0.5,1,1,GAGCGACGCATTGCGACTGA,0,3789826
tolCp3,0.5,1,1,GAGCCTTAAACAAGACGATT,0,3794158
tolCp3,0.5,1,1,GAGCCGGCAGGCCTCGCATA,0,3783359
tolCp3,0.5,1,1,GAGCCAGTAATCGATTAGGG,0,3774834
tolCp3,0.5,1,1,GAGAGTCTACCAAAGGGTCT,0,3789489
tolCp3,0.5,1,1,GAGAGGCAGCATAGGACGGG,0,3794941
tolCp3,0.5,1,1,GAGAGGAGCGTTTTTAAAGG,0,3775289
tolCp3,0.5,1,1,GAGACTTGATGTCCGGCCGA,0,3800240
tolCp3,0.5,1,1,GAGACACCGCTTTTTCGATC,0,3789645
tolCp3,0.5,1,1,GAGAATACTTGGAAGAGACT,0,3807317
tolCp3,0.5,1,1,GAGAAAGACGAGCACACCTG,0,3799417
tolCp3,0.5,1,1,GAGAAAATGTGCATGTTTCA,0,3797396
tolCp3,0.5,1,1,GACTGCTACAATCCGCTTAC,0,3781993
tolCp3,0.5,1,1,GACTCGGCTCCATTCGTTGC,0,3802977
tolCp3,0.5,1,1,GACTCACTGGGAGGTCCCAG,0,3776017
tolCp3,0.5,1,1,GACTAAAGTCGGCTTCTTGT,0,3786789
tolCp3,0.5,1,1,GACGTGGGCACTCATGCAAT,0,3801028
tolCp3,0.5,1,1,GACGGGGATCACACAATATT,0,3797062
tolCp3,0.5,1,1,GACGGGATAGCATGGTAAAT,0,3790235
tolCp3,0.5,1,1,GACGGGAAGATTAGAGGGTT,0,3802154
tolCp3,0.5,1,1,GACGGCACGTTAGAGGGATT,0,3784895
tolCp3,0.5,1,1,GACGGACGCTCGGTCTGGGA,0,3782651
tolCp3,0.5,1,1,GACGCGCCAGGAATAGTCTC,0,3802708
tolCp3,0.5,1,1,GACGACACTCAACCGATTTC,0,3788245
tolCp3,0.5,1,1,GACGAAATGGACGTTTACTT,0,3796066
tolCp3,0.5,1,1,GACGAAACGAATTGATGCGC,0,3800659
tolCp3,0.5,1,1,GACCTCGTGGCTACCGGAGC,0,3795117
tolCp3,0.5,1,1,GACCCGGCGACAGGCGGTCT,0,3799281
tolCp3,0.5,1,1,GACCAGCCACTAGGGGTCGC,0,3782338
tolCp3,0.5,1,1,GACCAGCATTCTGTATGGGG,0,3806577
tolCp3,0.5,1,1,GACCACACATTCACGGGTTC,0,3785240
tolCp3,0.5,1,1,GACATTTTAAAATGTTCTCT,0,3780880
tolCp3,0.5,1,1,GACATCCTAACTCAAAACAA,0,3807465
tolCp3,0.5,1,1,GACATACGATACGGTTGTAC,0,3788356
tolCp3,0.5,1,1,GACATAAGTTACGTTGATCT,0,3802720
tolCp3,0.5,1,1,GACAGGCAAGAGACTAGAAC,0,3802266
tolCp3,0.5,1,1,GACAGCACTCCTAGAGGGTC,0,3777984
tolCp3,0.5,1,1,GACACGGTTGATAACAAACT,0,3793600
tolCp3,0.5,1,1,GAATTTCGGCGACCCTGTCC,0,3809156
tolCp3,0.5,1,1,GAATGCAGCTTCGGACTAGA,0,3804251
tolCp3,0.5,1,1,GAATGCAAACGTGGTACGAA,0,3792968
tolCp3,0.5,1,1,GAATCGTATCAGGTCGCATT,0,3798532
tolCp3,0.5,1,1,GAATCGTAACTATCCCAGTA,0,3774879
tolCp3,0.5,1,1,GAAGTTTTGTGGCCGGTCCT,0,3790295
tolCp3,0.5,1,1,GAAGTGAACGTTATTGATCC,0,3804429
tolCp3,0.5,1,1,GAAGTCGGCGTTGCCGGACA,0,3779448
tolCp3,0.5,1,1,GAAGTCCCACAGAAGCGTTC,0,3795746
tolCp3,0.5,1,1,GAAGGTTTCACATGCGGGAC,0,3796619
tolCp3,0.5,1,1,GAAGGCAAAAAAGGCGGGAG,0,3800943
tolCp3,0.5,1,1,GAAGGAGGCACAGCGGGAGC,0,3784237
tolCp3,0.5,1,1,GAAGCTATTTTATACAGGAC,0,3796719
tolCp3,0.5,1,1,GAAGCCTATCGATCATCCCT,0,3782936
tolCp3,0.5,1,1,GAAGCCCCCTAAAGTGATTG,0,3779455
tolCp3,0.5,1,1,GAAGATTTGCAACGATCTGG,0,3787367
tolCp3,0.5,1,1,GAAGACTGTAGGCGGTGCCT,0,3785109
tolCp3,0.5,1,1,GAACTTTGAAAACGATCCTT,0,3805712
tolCp3,0.5,1,1,GAACGTTGATCGTTGATACT,0,3784413
tolCp3,0.5,1,1,GAACGTACATTGAGTGGTTG,0,3807859
tolCp3,0.5,1,1,GAACCCCTCTGTAAAATCGT,0,3783748
tolCp3,0.5,1,1,GAACATTTGCCCCCGGTTAT,0,3802059
tolCp3,0.5,1,1,GAACAGTTCTCCTGGCAGTC,0,3805598
tolCp3,0.5,1,1,GAACACCTACAACGGTACAG,0,3799040
tolCp3,0.5,1,1,GAAAGTGCGAACTATAACCT,0,3791745
tolCp3,0.5,1,1,GAAACTGCTTGACGACTTAC,0,3799673
tolCp3,0.5,1,1,GAAACCGTCCATGGTGCACA,0,3805358
tolCp3,0.5,1,1,CTTTTTCGCAAGGTCCACGA,0,3779254
tolCp3,0.5,1,1,CTTTTCCAGGTTATAATTGC,0,3804816
tolCp3,0.5,1,1,CTTTTAGTATGCCTGCGCTC,0,3794278
tolCp3,0.5,1,1,CTTTGTTCGTAACTACAATA,0,3794050
tolCp3,0.5,1,1,CTTTGGTCTTTAACATTCCA,0,3806351
tolCp3,0.5,1,1,CTTTGACTTCGAAAAGGGAG,0,3806655
tolCp3,0.5,1,1,CTTTCTTGACTTCTAATTTA,0,3803129
tolCp3,0.5,1,1,CTTTCAACATGGCTAGAGGG,0,3793917
tolCp3,0.5,1,1,CTTTATAGGATTAAGTACGA,0,3804811
tolCp3,0.5,1,1,CTTTAGTCTTCGGGGTTAAG,0,3779973
tolCp3,0.5,1,1,CTTTAGGCAAACACGTAAGC,0,3798370
tolCp3,0.5,1,1,CTTTAAAATGTGAGCGTGGA,0,3791105
tolCp3,0.5,1,1,CTTGTGGTTGCTACTCTACT,0,3784529
tolCp3,0.5,1,1,CTTGTCTCCGGTAATGTTGA,0,3777078
tolCp3,0.5,1,1,CTTGGTGAGTAGCTCGCGAC,0,3793029
tolCp3,0.5,1,1,CTTGCGGTAGAAGGGGCCGT,0,3794416
tolCp3,0.5,1,1,CTTGATAGGGTTGTAAATGA,0,3801833
tolCp3,0.5,1,1,CTTCTCTATCGGGTTTAATT,0,3808052
tolCp3,0.5,1,1,CTTCGTCTCAGGAAGCATGC,0,3793897
tolCp3,0.5,1,1,CTTCGGGAACTTTTACCCTC,0,3806690
tolCp3,0.5,1,1,CTTCGAATTACGTCACGTAG,0,3779492
tolCp3,0.5,1,1,CTTCCCCACTGTATTTCTTG,0,3801099
tolCp3,0.5,1,1,CTTCATTAACTATATTAGCA,0,3778871
tolCp3,0.5,1,1,CTTCACCAATAGCGTATAGG,0,3803310
tolCp3,0.5,1,1,CTTCAATGTGGTCCAGCACA,0,3785306
tolCp3,0.5,1,1,CTTATTATACGCCTTTATAT,0,3784457
tolCp3,0.5,1,1,CTTATAATGGCAGGGCCTGT,0,3786902
tolCp3,0.5,1,1,CTTAGGTTAGTCCTGACACA,0,3797418
tolCp3,0.5,1,1,CTTACTGGAGCACCACGGCC,0,3805450
tolCp3,0.5,1,1,CTTAATGTGAACTGACCTTA,0,3798267
tolCp3,0.5,1,1,CTTAATAACATGCGGGACCA,0,3809082
tolCp3,0.5,1,1,CTGTTGAGATCCTCTTGAGT,0,3795527
tolCp3,0.5,1,1,CTGTTCGCGCGAGACCCTGA,0,3793493
tolCp3,0.5,1,1,CTGTTCCCGAGGTCGTGGGA,0,3806781
tolCp3,0.5,1,1,CTGTTCATACCTCAACAAGG,0,3777901
tolCp3,0.5,1,1,CTGTTACCGCACCGATATTC,0,3798212
tolCp3,0.5,1,1,CTGTGGAAGTAAGCCACTTG,0,3800495
tolCp3,0.5,1,1,CTGTGATTGCGTCGTTTGTT,0,3786935
tolCp3,0.5,1,1,CTGTGATGGTCGTCATAACT,0,3782719
tolCp3,0.5,1,1,CTGTCGGCTACACTGTGTGG,0,3778743
tolCp3,0.5,1,1,CTGTACCTGGCGCCAATCAC,0,3805591
tolCp3,0.5,1,1,CTGGTTATATTTGGTGATAT,0,3792767
tolCp3,0.5,1,1,CTGGTGTGTTCTGCCTTCAG,0,3775079
tolCp3,0.5,1,1,CTGGTACATGGAATCTCTAC,0,3808041
tolCp3,0.5,1,1,CTGGGTCCAATTGCCCTCTC,0,3777955
tolCp3,0.5,1,1,CTGGGGGGAGTGCAGGTAAT,0,3778826
tolCp3,0.5,1,1,CTGGGCGTTTCGGCTTCGTA,0,3789979
tolCp3,0.5,1,1,CTGGGCATCGGATAATTGTG,0,3793615
tolCp3,0.5,1,1,CTGGCGATCGTACAGCGACT,0,3779031
tolCp3,0.5,1,1,CTGGCATTACTCAATCACCG,0,3777357
tolCp3,0.5,1,1,CTGGATCATATTTTGCTCAC,0,3797106
tolCp3,0.5,1,1,CTGGATAGATGGTGGGGGTC,0,3785043
tolCp3,0.5,1,1,CTGCTTGTTATCGACGGCCA,0,3786414
tolCp3,0.5,1,1,CTGCGGGTGAACACTTCCTC,0,3791074
tolCp3,0.5,1,1,CTGCGCTTTTGCCGTAAGAC,0,3802781
tolCp3,0.5,1,1,CTGCGACCGCGGCACGCCTG,0,3791877
tolCp3,0.5,1,1,CTGCCTTTCGTCGTAAGTCT,0,3795647
tolCp3,0.5,1,1,CTGCATATGGGAAAAGGCCT,0,3779456
tolCp3,0.5,1,1,CTGATCATTTGCCGCACAAA,0,3774653
tolCp3,0.5,1,1,CTGATAGGTTAACTTTCACG,0,3782205
tolCp3,0.5,1,1,CTGAGTCGATAGTACTGAAC,0,3779409
tolCp3,0.5,1,1,CTGAGGTATGGGCTTTTAGA,0,3777656
tolCp3,0.5,1,1,CTGAGATATGACGTAGCTGT,0,3804615
tolCp3,0.5,1,1,CTGAGAGGTAGAATTGCGGT,0,3807389
tolCp3,0.5,1,1,CTGACTGGACAACATCGTCA,0,3807976
tolCp3,0.5,1,1,CTGACTAAACTTCTTCAAAT,0,3808072
tolCp3,0.5,1,1,CTGACGTGGAGTTTTAATGG,0,3797618
tolCp3,0.5,1,1,CTCTGTGTTCGTTAACCACT,0,3795368
tolCp3,0.5,1,1,CTCTGAGGTTAGGCAAGAGT,0,3800676
tolCp3,0.5,1,1,CTCTGAGACACCAGGAGAAT,0,3791861
tolCp3,0.5,1,1,CTCTCTGTGACACATTCGGA,0,3785459
tolCp3,0.5,1,1,CTCTCCATTAACACATCCAG,0,3776508
tolCp3,0.5,1,1,CTCTAGATAGAAATACGCGT,0,3778901
tolCp3,0.5,1,1,CTCTACAGATTGGATAAACC,0,3778741
tolCp3,0.5,1,1,CTCTAATTGATCACGGTGTC,0,3805251
tolCp3,0.5,1,1,CTCGTTGAAAACGTCACTCA,0,3776541
tolCp3,0.5,1,1,CTCGTCGGATGTAATTCGCT,0,3792267
tolCp3,0.5,1,1,CTCGGTCGAGCCCAGGAACA,0,3805637
tolCp3,0.5,1,1,CTCGGCCGTTGGTGTCACGC,0,3793200
tolCp3,0.5,1,1,CTCGCCGCGAAAACGACTTA,0,3775988
tolCp3,0.5,1,1,CTCGCCCCCCTCAGGTCCGC,0,3804392
tolCp3,0.5,1,1,CTCGCATTCTGCAGGCGGTT,0,3803641
tolCp3,0.5,1,1,CTCGAGGTAAGATACAACCT,0,3776190
tolCp3,0.5,1,1,CTCGAGCTGGAAAAGGACGG,0,3784136
tolCp3,0.5,1,1,CTCGACATCCCACGGTTCTC,0,3790204
tolCp3,0.5,1,1,CTCCCAAATACGAAATTTAT,0,3776989
tolCp3,0.5,1,1,CTCATTTAAATTTATTTTCA,0,3779810
tolCp3,0.5,1,1,CTCATTACATGAAATTTTAT,0,3800650
tolCp3,0.5,1,1,CTCATCAATAGGAAAGTCCG,0,3783415
tolCp3,0.5,1,1,CTCAGATCATACAAGCGGTG,0,3799083
tolCp3,0.5,1,1,CTCAGACCGGGGCATGAGGT,0,3777618
tolCp3,0.5,1,1,CTCAGAAATGCAAAATAGTT,0,3792312
tolCp3,0.5,1,1,CTCAGAAACTATCCGCTCGA,0,3779464
tolCp3,0.5,1,1,CTCACTCGTGCTATTGGGGC,0,3806484
tolCp3,0.5,1,1,CTCACGTGTTTACTGGAAGC,0,3792995
tolCp3,0.5,1,1,CTCACGCTCCGGGTCCAAGC,0,3807283
tolCp3,0.5,1,1,CTCACATGGTGTTTCAACCA,0,3789393
tolCp3,0.5,1,1,CTCAAATTTGCAGCAGAACT,0,3782589
tolCp3,0.5,1,1,CTATTAACTGGCCCAGCTGT,0,3795922
tolCp3,0.5,1,1,CTATGCGCGCAATTGAGCCC,0,3797665
tolCp3,0.5,1,1,CTATGAATAACGGGTCAAGA,0,3807399
tolCp3,0.5,1,1,CTATCGAGTATATCCAGTGA,0,3808075
tolCp3,0.5,1,1,CTATAGAGCCGAATCCAGCA,0,3792188
tolCp3,0.5,1,1,CTATAACTTTCACGACCACA,0,3807255
tolCp3,0.5,1,1,CTAGTTGCTTATATCCTGGA,0,3784569
tolCp3,0.5,1,1,CTAGTCGTCGTCGATGTATA,0,3800667
tolCp3,0.5,1,1,CTAGTAGATCTTAATCACGA,0,3775626
tolCp3,0.5,1,1,CTAGGGCCATTGTGATAGAA,0,3782459
tolCp3,0.5,1,1,CTAGGCCAAACGTATTTGAC,0,3806501
tolCp3,0.5,1,1,CTAGCTCATTGAGCAGTTTC,0,3779331
tolCp3,0.5,1,1,CTAGACTTGGCAATCGCACA,0,3777184
tolCp3,0.5,1,1,CTACTTCCTCTCGTTGCGTA,0,3796983
tolCp3,0.5,1,1,CTACTGAAGTAATCTCATAG,0,3792809
tolCp3,0.5,1,1,CTACGGTCGCGCCAATTGGG,0,3800823
tolCp3,0.5,1,1,CTACCTCTTCCACTCAACGA,0,3800443
tolCp3,0.5,1,1,CTACAGTAAGTTGCCGGTAA,0,3807715
tolCp3,0.5,1,1,CTACAACTAATTTTCCACAT,0,3775384
tolCp3,0.5,1,1,CTAATCTTTTATCATTGCAG,0,3782263
tolCp3,0.5,1,1,CTAATCATCCGGGCCTCTGC,0,3785760
tolCp3,0.5,1,1,CTAATAGACGAGCTTGCTCA,0,3801325
tolCp3,0.5,1,1,CTAAGTTGTCGTACCGGCTC,0,3786392
tolCp3,0.5,1,1,CTAAGTGTCGTCGGCGCGAA,0,3785375
tolCp3,0.5,1,1,CTAAGGCCCAATTTTTATAA,0,3787880
tolCp3,0.5,1,1,CTAAGAACGGACCTTGATGG,0,3798026
tolCp3,0.5,1,1,CTAACCATACGCTTCACACC,0,3779035
tolCp3,0.5,1,1,CTAAATTGGTGGCGCTCGGG,0,3784821
tolCp3,0.5,1,1,CTAAATGGGTTTAAACAGGT,0,3797365
tolCp3,0.5,1,1,CTAAACAAAGGGTCATTATG,0,3805340
tolCp3,0.5,1,1,CGTTTATAATGACCCCCCTA,0,3785251
tolCp3,0.5,1,1,CGTTCGGGCTCCCCTCAAGA,0,3778739
tolCp3,0.5,1,1,CGTTCAATCCTATATGCACT,0,3785076
tolCp3,0.5,1,1,CGTGTTTCAAATTAAAGGCT,0,3796520
tolCp3,0.5,1,1,CGTGTGAGAAACTTACCCCT,0,3787342
tolCp3,0.5,1,1,CGTGTAACACTGAGTGTTTG,0,3808417
tolCp3,0.5,1,1,CGTGCATCTATACCTCTTGG,0,3787606
tolCp3,0.5,1,1,CGTGCAAAACTGATTTAGTA,0,3784722
tolCp3,0.5,1,1,CGTGAGCAAACTTGATATGG,0,3785586
tolCp3,0.5,1,1,CGTCTCATTAACGCCACACC,0,3798651
tolCp3,0.5,1,1,CGTCGTGTAACTATTCACAG,0,3791020
tolCp3,0.5,1,1,CGTCGGAGAGACCTCCAAAT,0,3808542
tolCp3,0.5,1,1,CGTCCGGCACGTGACAGGAT,0,3800471
tolCp3,0.5,1,1,CGTCAATCCCCTTATTCTAG,0,3809089
tolCp3,0.5,1,1,CGTATCGTTTAACAAGCTAG,0,3790025
tolCp3,0.5,1,1,CGTAGTTGGAAATACACATG,0,3789650
tolCp3,0.5,1,1,CGTAGATCTCACGTGATAAA,0,3793681
tolCp3,0.5,1,1,CGTAGAACAACGGCACACCC,0,3800982
tolCp3,0.5,1,1,CGTAACGCTGTCATACCAAG,0,3801475
tolCp3,0.5,1,1,CGGTTCGCTGTGTGAGGTGT,0,3800261
tolCp3,0.5,1,1,CGGTTACACGTGAATGTTAG,0,3795861
tolCp3,0.5,1,1,CGGTGGTCCTATGTAGGCAA,0,3783155
tolCp3,0.5,1,1,CGGTCGCGGCTTGTTAACCT,0,3782967
tolCp3,0.5,1,1,CGGTCACCTGCTTACCGCAC,0,3785960
tolCp3,0.5,1,1,CGGTATACAGTAAAGTAAAG,0,3807823
tolCp3,0.5,1,1,CGGTACGCGGAAGAAGCTAC,0,3805260
tolCp3,0.5,1,1,CGGTAATGTGCGAACATCGG,0,3805208
tolCp3,0.5,1,1,CGGTAACACGGCCCGTAATT,0,3788507
tolCp3,0.5,1,1,CGGTAAACACGCAAGATCAG,0,3795273
tolCp3,0.5,1,1,CGGGTTAACTACGGGCCGTA,0,3781061
tolCp3,0.5,1,1,CGGGTGGTATCGCGCATAGC,0,3781006
tolCp3,0.5,1,1,CGGGCGCTTCATTCAGGGCA,0,3806689
tolCp3,0.5,1,1,CGGGCAGGCCCGTGATCACT,0,3795362
tolCp3,0.5,1,1,CGGGATCACGCAGGTAAATG,0,3790158
tolCp3,0.5,1,1,CGGGAGCTCAGAGCGTGTGC,0,3775147
tolCp3,0.5,1,1,CGGGAGATTCGTAATCGGTC,0,3809301
tolCp3,0.5,1,1,CGGGACACCCTGGGCTTTCG,0,3806011
tolCp3,0.5,1,1,CGGCTTGTGATAAGTGACCG,0,3781864
tolCp3,0.5,1,1,CGGCTAGTGGTCGTCTGTAG,0,3778320
tolCp3,0.5,1,1,CGGCGCCACCATTTAAGTGC,0,3798196
tolCp3,0.5,1,1,CGGCCGTTCATCCTCTCTCT,0,3788406
tolCp3,0.5,1,1,CGGCCCGCTGTCGATAGTCT,0,3799123
tolCp3,0.5,1,1,CGGCCATCCTTAAGGGGTAA,0,3804994
tolCp3,0.5,1,1,CGGCAGCTAGTCCTCACGTA,0,3780741
tolCp3,0.5,1,1,CGGCACGTGATGTACCTCGA,0,3796738
tolCp3,0.5,1,1,CGGATCCATCCAACGATAGA,0,3786330
tolCp3,0.5,1,1,CGGAGTAATCTTTTGGGAAG,0,3784085
tolCp3,0.5,1,1,CGGAGATTAATACATCCACA,0,3785531
tolCp3,0.5,1,1,CGGACTTATGTATGTAACGA,0,3793915
tolCp3,0.5,1,1,CGGACTATTAGTTGGCAACG,0,3784839
tolCp3,0.5,1,1,CGGACAAGGAAGCTACCTAC,0,3786851
tolCp3,0.5,1,1,CGGAATGACATAGAAACAAA,0,3796509
tolCp3,0.5,1,1,CGGAATAGTTGCAACGAGTT,0,3795577
tolCp3,0.5,1,1,CGGAATAAGGAGATTTTTCA,0,3805163
tolCp3,0.5,1,1,CGGAACTCTCTTTCACTTGG,0,3799406
tolCp3,0.5,1,1,CGGAAAGAGCTAGGCCTAGT,0,3804036
tolCp3,0.5,1,1,CGGAAACTGACACTGGCGGC,0,3790945
tolCp3,0.5,1,1,CGCTTCTGGACAGATACAAC,0,3781801
tolCp3,0.5,1,1,CGCTTACAGACCTTTGTACC,0,3782108
tolCp3,0.5,1,1,CGCTGGGATTACCAAGCTGG,0,3799065
tolCp3,0.5,1,1,CGCTGAATAGCGCCGATGGT,0,3792482
tolCp3,0.5,1,1,CGCTCAGGCTGGCGGACGTA,0,3809315
tolCp3,0.5,1,1,CGCTATTACATTTGCATCGT,0,3800579
tolCp3,0.5,1,1,CGCTATACGCAGAGAGCAGA,0,3799651
tolCp3,0.5,1,1,CGCGGGCGACGATTTACTAC,0,3785746
tolCp3,0.5,1,1,CGCGGCTTACTGCATAATGA,0,3787884
tolCp3,0.5,1,1,CGCGGCTGCCCCATCAGTTA,0,3779501
tolCp3,0.5,1,1,CGCGCGACCTCATCTATAAG,0,3796391
tolCp3,0.5,1,1,CGCGCCGTTACAGGGACGTC,0,3794043
tolCp3,0.5,1,1,CGCGCAGACCGTGGTACACG,0,3786947
tolCp3,0.5,1,1,CGCGCACGGCTGCAACTCTT,0,3795372
tolCp3,0.5,1,1,CGCGCACGGAATAGTCACGG,0,3782734
tolCp3,0.5,1,1,CGCGATTCCGGCTATTAATC,0,3790351
tolCp3,0.5,1,1,CGCGATAGGGTGCCCCGGGG,0,3784472
tolCp3,0.5,1,1,CGCGAAGGGGGAGAGAGGTG,0,3807605
tolCp3,0.5,1,1,CGCCTTCCTTTCACGTTGAC,0,3801628
tolCp3,0.5,1,1,CGCCTTCCGTTCTCCGCCAC,0,3787246
tolCp3,0.5,1,1,CGCCGGGTTGGTAGTTGGCC,0,3797425
tolCp3,0.5,1,1,CGCCGCGCCAGTTACATCTC,0,3794932
tolCp3,0.5,1,1,CGCCGCACTCCACTTTTTAA,0,3799859
tolCp3,0.5,1,1,CGCCACATGCGGTGAGCTAA,0,3805576
tolCp3,0.5,1,1,CGCATTATGTGCACCCTAGC,0,3777559
tolCp3,0.5,1,1,CGCATCTCGGTGAGCATATG,0,3799039
tolCp3,0.5,1,1,CGCATCAGTCAATGACACAA,0,3788456
tolCp3,0.5,1,1,CGCAGGGTTGCATTCTAACC,0,3783638
tolCp3,0.5,1,1,CGCAGCTAGGTCCACTAATA,0,3786159
tolCp3,0.5,1,1,CGCAGACGAGGTGGACTCGA,0,3787286
tolCp3,0.5,1,1,CGCACCCTAGTACTCATGAC,0,3796922
tolCp3,0.5,1,1,CGCACCAAGCTCACGAACAA,0,3804003
tolCp3,0.5,1,1,CGCAATGGGTCACCCATCGT,0,3800879
tolCp3,0.5,1,1,CGCAATATTAAAAGCGCCCC,0,3798028
tolCp3,0.5,1,1,CGCAAGCAATGACCGCGAAC,0,3799142
tolCp3,0.5,1,1,CGCAAATGCCTATAGTACCT,0,3777226
tolCp3,0.5,1,1,CGATTTACAGTCAAGCGTTA,0,3801473
tolCp3,0.5,1,1,CGATGGGTGGTCCTGTATTT,0,3804183
tolCp3,0.5,1,1,CGATCGAGGTGATAGCGGGG,0,3797534
tolCp3,0.5,1,1,CGATCATTACAGAAACCCAC,0,3797287
tolCp3,0.5,1,1,CGAGTCCGCACTGTATCTGT,0,3802839
tolCp3,0.5,1,1,CGAGTAGCTAGAGGGGCGTT,0,3789467
tolCp3,0.5,1,1,CGAGGTGGGCTGGCGAGTCC,0,3789646
tolCp3,0.5,1,1,CGAGGTAACATGACCCAGTG,0,3799965
tolCp3,0.5,1,1,CGAGGGGCTCCGACACCGTA,0,3801907
tolCp3,0.5,1,1,CGAGGCGTACAGATGGTGGG,0,3775279
tolCp3,0.5,1,1,CGAGGACCCAGAAGACGATA,0,3785634
tolCp3,0.5,1,1,CGAGCCCTACTGACACCTCA,0,3782013
tolCp3,0.5,1,1,CGAGCCAAAAGTATGACCGT,0,3788893
tolCp3,0.5,1,1,CGAGAGCGTAGCGCCGCGGG,0,3775603
tolCp3,0.5,1,1,CGACTTCATTAAGAGCAATT,0,3796367
tolCp3,0.5,1,1,CGACGTAGTTTTAGATGAGT,0,3801053
tolCp3,0.5,1,1,CGACGAGCTTGAGAAAATTC,0,3799701
tolCp3,0.5,1,1,CGACCAGAGCTTCAGCGCTA,0,3780162
tolCp3,0.5,1,1,CGACCAGACAGTGTGAATTG,0,3787066
tolCp3,0.5,1,1,CGACACATCCCAGGGCTAGA,0,3776133
tolCp3,0.5,1,1,CGACAATGTTGTGCCTAAAT,0,3794663
tolCp3,0.5,1,1,CGAATTTCGTATGAACATGG,0,3793079
tolCp3,0.5,1,1,CGAATCGGCGTAAGCCATAT,0,3802745
tolCp3,0.5,1,1,CGAATCATTAACTTTGCGTG,0,3794062
tolCp3,0.5,1,1,CGAATATATGGGGTCCTAAC,0,3785613
tolCp3,0.5,1,1,CGAAGGGATGCCCAACTGGT,0,3784679
tolCp3,0.5,1,1,CGAAGCGTACAAGGTGGGCT,0,3799896
tolCp3,0.5,1,1,CGAAGATCTATGTCGTTAGC,0,3785678
tolCp3,0.5,1,1,CGAAGAGTTAATCGGGCGTG,0,3800097
tolCp3,0.5,1,1,CGAAATAGCGTATATGTGTA,0,3794848
tolCp3,0.5,1,1,CGAAACCTAAGTGTGATCAG,0,3800279
tolCp3,0.5,1,1,CGAAAAATGACCGAGTCGTA,0,3792311
tolCp3,0.5,1,1,CCTTGCGCCTTCATTGCAAT,0,3801990
tolCp3,0.5,1,1,CCTTGAAGGTGCTGCTTTCC,0,3803001
tolCp3,0.5,1,1,CCTTCGCTGGTTACCATGCT,0,3804388
tolCp3,0.5,1,1,CCTTCACAACAGAATGTCGC,0,3799422
tolCp3,0.5,1,1,CCTTACTGGATGGGAGCTCA,0,3790323
tolCp3,0.5,1,1,CCTGTCCCTCTCGTACACTC,0,3802701
tolCp3,0.5,1,1,CCTGGGTCTTTAAGCTGCGT,0,3783679
tolCp3,0.5,1,1,CCTGGGTCTGTTCGGGGTTA,0,3789491
tolCp3,0.5,1,1,CCTGGCAGCGACGCACCTTA,0,3800469
tolCp3,0.5,1,1,CCTGCCCAGTCATTCCCATG,0,3793776
tolCp3,0.5,1,1,CCTGCACGCTTATGCTAAAT,0,3787065
tolCp3,0.5,1,1,CCTGCACATTATACTAGGTG,0,3792974
tolCp3,0.5,1,1,CCTGATGCCACCGGGTCCTC,0,3793031
tolCp3,0.5,1,1,CCTCTTGGGCATCATTTTTG,0,3806981
tolCp3,0.5,1,1,CCTCTTATTCTCCTGTGAGA,0,3809239
tolCp3,0.5,1,1,CCTCTGTGTTGTATCGTAAC,0,3778139
tolCp3,0.5,1,1,CCTCGGAGTCAGTTTGCGGG,0,3800517
tolCp3,0.5,1,1,CCTCGATCAACAGCCCCAGT,0,3806421
tolCp3,0.5,1,1,CCTCCTACGACGTGGAAACG,0,3799398
tolCp3,0.5,1,1,CCTCCCACGCCAGATGGTAT,0,3792390
tolCp3,0.5,1,1,CCTCCAACACGATATCTGGA,0,3789821
tolCp3,0.5,1,1,CCTCATTCGTAAAAAGCTTA,0,3785182
tolCp3,0.5,1,1,CCTAGGGTCCAGCTGGTATC,0,3795991
tolCp3,0.5,1,1,CCTAGGGGGAGTGTGTGCTG,0,3809395
tolCp3,0.5,1,1,CCTACGTTTCAACGTCGCAG,0,3793607
tolCp3,0.5,1,1,CCTACGTAAACATGTTAAAT,0,3781867
tolCp3,0.5,1,1,CCTAAATCGACTATCCTAGG,0,3786671
tolCp3,0.5,1,1,CCGTTTGACGCTCCTATGAT,0,3796565
tolCp3,0.5,1,1,CCGTTGCCCTGCGTTACCAC,0,3801200
tolCp3,0.5,1,1,CCGTTCAACCGAATCTTCGT,0,3775721
tolCp3,0.5,1,1,CCGTGTGGAATTTCGTCTCT,0,3804931
tolCp3,0.5,1,1,CCGTGCTGCTTATATGATCA,0,3791277
tolCp3,0.5,1,1,CCGTCTTTAGCTATTTGATC,0,3777079
tolCp3,0.5,1,1,CCGTCTGTGAACGTGGTTGA,0,3796689
tolCp3,0.5,1,1,CCGTCCCTCTTAGCACAGTG,0,3788141
tolCp3,0.5,1,1,CCGTCAGATAACTTTGGGGT,0,3806245
tolCp3,0.5,1,1,CCGTATTGAAACAAATAATG,0,3777264
tolCp3,0.5,1,1,CCGTAATTGATCCGGCGTCA,0,3786984
tolCp3,0.5,1,1,CCGGTTGCTCTGGGTTATAG,0,3801114
tolCp3,0.5,1,1,CCGGTGAGACACGCCGCGCG,0,3796438
tolCp3,0.5,1,1,CCGGTCGGAACACTGTTACC,0,3800824
tolCp3,0.5,1,1,CCGGTCCGGGCCAGGTACCC,0,3799403
tolCp3,0.5,1,1,CCGGTAAGGCCCTTCATTTC,0,3781858
tolCp3,0.5,1,1,CCGGGTAAGGCACTTAAATT,0,3786900
tolCp3,0.5,1,1,CCGGCATTCAAAGAGTAGAT,0,3788991
tolCp3,0.5,1,1,CCGGCAACTCAGGTGACTGT,0,3806177
tolCp3,0.5,1,1,CCGGAGGTCAGATAGTGTAC,0,3805316
tolCp3,0.5,1,1,CCGGAATTAGGGGCATGACG,0,3790058
tolCp3,0.5,1,1,CCGCTGCTGCGCTAGGGTTC,0,3780457
tolCp3,0.5,1,1,CCGCTCGCCGCCATTTCAGG,0,3797947
tolCp3,0.5,1,1,CCGCTATGGTGCTGAACCGT,0,3774823
tolCp3,0.5,1,1,CCGCTAAGCGTTGCCTCTTG,0,3776598
tolCp3,0.5,1,1,CCGCGCGCGGGACTTCCAGT,0,3790531
tolCp3,0.5,1,1,CCGCGAGTGTCATTGCCCTG,0,3777909
tolCp3,0.5,1,1,CCGCCTCTATTGCTAAAGCT,0,3804975
tolCp3,0.5,1,1,CCGCCTAACGGGTTCAGCGG,0,3798589
tolCp3,0.5,1,1,CCGCACCCGGGCTGTTCATC,0,3780159
tolCp3,0.5,1,1,CCGCAAAGGGTCATTCGGAA,0,3804836
tolCp3,0.5,1,1,CCGATGGGGCAGGCGTGCGA,0,3789542
tolCp3,0.5,1,1,CCGATCCAAATGGAAGAGTG,0,3799331
tolCp3,0.5,1,1,CCGATAGGGCCGACCTCGTG,0,3780217
tolCp3,0.5,1,1,CCGACTGCCTACAATCGACC,0,3784475
tolCp3,0.5,1,1,CCGACGGTAGGTTGACCGTG,0,3802960
tolCp3,0.5,1,1,CCGACATGCCTGGAGGCGCT,0,3788012
tolCp3,0.5,1,1,CCGAATATGTCATGACCCAA,0,3781821
tolCp3,0.5,1,1,CCGAAGCCAGAAGTAACTTT,0,3801469
tolCp3,0.5,1,1,CCGAACAGCAGTGGAGATGT,0,3803242
tolCp3,0.5,1,1,CCGAAAGTCATATAGGGGTA,0,3792572
tolCp3,0.5,1,1,CCGAAACCGGGTGTACTTGC,0,3800708
tolCp3,0.5,1,1,CCCTTTTCAATGAGCATTTC,0,3787353
tolCp3,0.5,1,1,CCCTTGTATGTAGAATAGAT,0,3807517
tolCp3,0.5,1,1,CCCTTGCGTCGGTAAGCCGC,0,3798122
tolCp3,0.5,1,1,CCCTTCGTAAATGAGACGCA,0,3807831
tolCp3,0.5,1,1,CCCTGTTCTGGGCACGGCGA,0,3782584
tolCp3,0.5,1,1,CCCTCTTTCCTCCAGTCTTG,0,3788807
tolCp3,0.5,1,1,CCCTCCTTCAGGCGGTAATG,0,3777869
tolCp3,0.5,1,1,CCCTCCCACTGGCAACTTGT,0,3783520
tolCp3,0.5,1,1,CCCTCATGCAACCGCTCACA,0,3774633
tolCp3,0.5,1,1,CCCTAAGGTATACATACAGG,0,3807115
tolCp3,0.5,1,1,CCCTAAAACAGTATGTGGAA,0,3776595
tolCp3,0.5,1,1,CCCGTATTTGTCTAGAGTCT,0,3785430
tolCp3,0.5,1,1,CCCGGGTTTAATGCTATGGT,0,3782003
tolCp3,0.5,1,1,CCCGCTGAATTTAAGTAACT,0,3779213
tolCp3,0.5,1,1,CCCGCGCTCCTCTCGTAGAC,0,3801892
tolCp3,0.5,1,1,CCCGATTATCGGCCCGCAGA,0,3791104
tolCp3,0.5,1,1,CCCCGTATTCGCGTAAGCTA,0,3792829
tolCp3,0.5,1,1,CCCCGGTCGTCGCTTGCCCA,0,3802394
tolCp3,0.5,1,1,CCCCCGACATGAGGAGTTCA,0,3805357
tolCp3,0.5,1,1,CCCCCCCGCGGCAATTTGGG,0,3777706
tolCp3,0.5,1,1,CCCCCCCACAACTTACGTGA,0,3785731
tolCp3,0.5,1,1,CCCCAGGGCGGATGTTATCC,0,3794021
tolCp3,0.5,1,1,CCCATCTAACGGTGCAGCCG,0,3780712
tolCp3,0.5,1,1,CCCAGCATCGCTGACAGGCT,0,3777763
tolCp3,0.5,1,1,CCCACGGGGCACGAACCATA,0,3786495
tolCp3,0.5,1,1,CCCACGATAGATGCCCTGCA,0,3790876
tolCp3,0.5,1,1,CCCACAAGCGTTCTCCATTA,0,3783211
tolCp3,0.5,1,1,CCATGGCCTTGCACGTTACA,0,3807387
tolCp3,0.5,1,1,CCATGCTGACTCGGTCGAGG,0,3783908
tolCp3,0.5,1,1,CCATCAGAGTTCTGTTCTCT,0,3786349
tolCp3,0.5,1,1,CCATAAGCCCGTAGGCTGGG,0,3801607
tolCp3,0.5,1,1,CCAGTTTTTTTTTTTAATTT,0,3788778
tolCp3,0.5,1,1,CCAGTTCCGTTCCACCTGTA,0,3792096
tolCp3,0.5,1,1,CCAGTGCCTATCTGCTATCC,0,3788654
tolCp3,0.5,1,1,CCAGTGATCCTAGTATGGGA,0,3798719
tolCp3,0.5,1,1,CCAGTAATCGGGCGACTCGC,0,3781547
tolCp3,0.5,1,1,CCAGTAAAGCTAGAATTATT,0,3785745
tolCp3,0.5,1,1,CCAGGGCCTGGGCCTAATCG,0,3796895
tolCp3,0.5,1,1,CCAGATGAATGGTGTTAATA,0,3790512
tolCp3,0.5,1,1,CCAGAATGTAGTATACATTC,0,3805448
tolCp3,0.5,1,1,CCAGAACTGCAATAGGTATG,0,3807285
tolCp3,0.5,1,1,CCAGAACGGTTATGTTTTTT,0,3784240
tolCp3,0.5,1,1,CCACTTTGTAATCGCTTGTG,0,3788916
tolCp3,0.5,1,1,CCACTTGCGTATACGGCGGG,0,3794161
tolCp3,0.5,1,1,CCACGGGAGGTTGCCGGTGG,0,3805925
tolCp3,0.5,1,1,CCACGGGAACATAGCGCAGA,0,3795091
tolCp3,0.5,1,1,CCACGGATTGCTTTGGTATT,0,3782924
tolCp3,0.5,1,1,CCACCGATTGATACTAGAAC,0,3790166
tolCp3,0.5,1,1,CCACACGGCTAGCGAGCTGC,0,3785484
tolCp3,0.5,1,1,CCAATGAGAACACTTCGGAA,0,3791846
tolCp3,0.5,1,1,CCAATATAGTGTATTGCCGA,0,3777099
tolCp3,0.5,1,1,CCAAGCGTGCATGTTTTCTA,0,3785769
tolCp3,0.5,1,1,CCAAGCACCGGAAAAGCTTC,0,3802903
tolCp3,0.5,1,1,CCAACGGTGTATGAGACGGT,0,3793473
tolCp3,0.5,1,1,CCAACGCCCGGCGACGTTGG,0,3799911
tolCp3,0.5,1,1,CCAACAGTAAACATTAGATT,0,3777510
tolCp3,0.5,1,1,CCAAATGTCCCTGTTCGCAT,0,3782252
tolCp3,0.5,1,1,CCAAAGGTCACCTAGCCCGC,0,3804450
tolCp3,0.5,1,1,CCAAAAATAGAAGCGGCGTT,0,3779123
tolCp3,0.5,1,1,CATTTCTAACCCAGAACGGG,0,3787493
tolCp3,0.5,1,1,CATTTAGATGGTCATTATAG,0,3776041
tolCp3,0.5,1,1,CATTTAGAGGACATTCAGAA,0,3779763
tolCp3,0.5,1,1,CATTGCGAATATGCCCAACC,0,3783761
tolCp3,0.5,1,1,CATTGCCGGAATAGACGTGT,0,3800701
tolCp3,0.5,1,1,CATTCCTTGCTTCAGCAAAT,0,3775120
tolCp3,0.5,1,1,CATTATAGCGTCTTCTACGT,0,3793662
tolCp3,0.5,1,1,CATTAGTACACGACACAGGA,0,3802690
tolCp3,0.5,1,1,CATGTGACTCTTCCGACCTT,0,3795923
tolCp3,0.5,1,1,CATGTCAGTAGCTCGATAGG,0,3801971
tolCp3,0.5,1,1,CATGGCAAAACTTGAGAATT,0,3806567
tolCp3,0.5,1,1,CATGGACGTCTAAACTCGTA,0,3797656
tolCp3,0.5,1,1,CATGGAAACACTAATCATTA,0,3806874
tolCp3,0.5,1,1,CATGCGCCATAACGTACAGT,0,3777217
tolCp3,0.5,1,1,CATGCCATTATTCTTTAGAT,0,3805877
tolCp3,0.5,1,1,CATGATCTAGTCGGTCATCT,0,3797049
tolCp3,0.5,1,1,CATGAGATAATGTTTACGGC,0,3783862
tolCp3,0.5,1,1,CATGAACCCTGTAAAGTCGA,0,3801046
tolCp3,0.5,1,1,CATGAACCCGCTCAGCGTAA,0,3795551
tolCp3,0.5,1,1,CATCGTTTGGCATGTAACCA,0,3785608
tolCp3,0.5,1,1,CATCCGACCTCAGGGGAAGG,0,3801674
tolCp3,0.5,1,1,CATCCCCCAATGGGGACGTA,0,3797333
tolCp3,0.5,1,1,CATATATTTCTCCCAAGGAA,0,3783815
tolCp3,0.5,1,1,CATATAATGGTATAATCTTT,0,3776994
tolCp3,0.5,1,1,CATATAAATGCACTCTGTGA,0,3802619
tolCp3,0.5,1,1,CATAGGGCTCTTGCTTTCTA,0,3807897
tolCp3,0.5,1,1,CATAGCCAAGGGATAGTAGT,0,3807982
tolCp3,0.5,1,1,CATACCGCTGCCAGGGACCA,0,3798880
tolCp3,0.5,1,1,CATAACGAGTGTTCTCGTCT,0,3791330
tolCp3,0.5,1,1,CAGTTCACGGTGACGTGACA,0,3803196
tolCp3,0.5,1,1,CAGTTATTACTTAAGTTGAG,0,3779869
tolCp3,0.5,1,1,CAGTTACTCTAAGGATGATT,0,3795379
tolCp3,0.5,1,1,CAGTGTTGCTCTTTCTGGTT,0,3809140
tolCp3,0.5,1,1,CAGTGGAAGGAGCCGAAATG,0,3803255
tolCp3,0.5,1,1,CAGTGAGCTCAGCGACAAGG,0,3787798
tolCp3,0.5,1,1,CAGTCTTAGCGCTAGAGCAG,0,3807073
tolCp3,0.5,1,1,CAGTATAGTATCAAGTGTAA,0,3788056
tolCp3,0.5,1,1,CAGTAGACATGCATGGTGAC,0,3804902
tolCp3,0.5,1,1,CAGGTTGTCCCTACCCCGGT,0,3775402
tolCp3,0.5,1,1,CAGGTTGACTAGGGAGACGG,0,3775857
tolCp3,0.5,1,1,CAGGTGTTGACTCATTGCGG,0,3807242
tolCp3,0.5,1,1,CAGGTGTCAAATCATTCTTG,0,3779887
tolCp3,0.5,1,1,CAGGTGAATCCATTGGTGAA,0,3799033
tolCp3,0.5,1,1,CAGGGTCACACATAGCGGAC,0,3794956
tolCp3,0.5,1,1,CAGGGCGCAGCGCGGTGACC,0,3797221
tolCp3,0.5,1,1,CAGGCGGTTGTTTCTTGTAT,0,3801386
tolCp3,0.5,1,1,CAGGATGTATCACAGCCTAG,0,3786369
tolCp3,0.5,1,1,CAGGACGGCCACTGTAGCGC,0,3807565
tolCp3,0.5,1,1,CAGCTATAGACCACCTCCCG,0,3793563
tolCp3,0.5,1,1,CAGCTACATAGCCCGTTTAA,0,3799204
tolCp3,0.5,1,1,CAGCGGTACAGAGTGGGTTT,0,3792269
tolCp3,0.5,1,1,CAGCGGCGCGGCTGCCCGTT,0,3808400
tolCp3,0.5,1,1,CAGCGCGCTAAGCCAAGTAC,0,3809035
tolCp3,0.5,1,1,CAGCGATCTTACGCTCGGCT,0,3798112
tolCp3,0.5,1,1,CAGCCAGATCCAACGTCTCA,0,3795188
tolCp3,0.5,1,1,CAGCACGTAACGTCAGACAA,0,3794633
tolCp3,0.5,1,1,CAGATTGTTAATGATGGTGT,0,3790575
tolCp3,0.5,1,1,CAGATTGACAACAGCAACCC,0,3785988
tolCp3,0.5,1,1,CAGATTGACAACAGCAAACC,0,3785962
tolCp3,0.5,1,1,CAGATGCGGAACAAGTGGAA,0,3788250
tolCp3,0.5,1,1,CAGATCTTCTGTATCGTGTG,0,3808090
tolCp3,0.5,1,1,CAGATCCCCGTGACGAGAGG,0,3781035
tolCp3,0.5,1,1,CAGATAATCCGTAGCTTAAC,0,3791238
tolCp3,0.5,1,1,CAGAGTATAACAGGTCCACT,0,3780717
tolCp3,0.5,1,1,CAGAGCTTTGAAGCATTGAA,0,3795333
tolCp3,0.5,1,1,CAGAGATGACTCTCAATTTA,0,3778763
tolCp3,0.5,1,1,CAGACTTAGCGAGCTTAAAA,0,3790792
tolCp3,0.5,1,1,CAGACATGGAGTGGTATGGA,0,3806576
tolCp3,0.5,1,1,CAGACAACTCGAACCCAAGC,0,3797925
tolCp3,0.5,1,1,CACTGTGCGCCAATAGGCAG,0,3780090
tolCp3,0.5,1,1,CACTGGCGTTATCGAACTTA,0,3796394
tolCp3,0.5,1,1,CACTAAATATGCAATAGGCA,0,3806276
tolCp3,0.5,1,1,CACGGGTCAAACTGTGTATA,0,3790810
tolCp3,0.5,1,1,CACGCGATATCACTCCTCGT,0,3781757
tolCp3,0.5,1,1,CACGATGCGCCGTCGTTCGC,0,3781034
tolCp3,0.5,1,1,CACGACGTCGTAAGTCACAT,0,3781322
tolCp3,0.5,1,1,CACGACCTGGAGGGACCAAA,0,3804731
tolCp3,0.5,1,1,CACCCTTTACGGGTAATGTA,0,3781247
tolCp3,0.5,1,1,CACCCAAGCGTTTTGCCGCT,0,3794094
tolCp3,0.5,1,1,CACAGGGCCGACCCACGTTC,0,3800051
tolCp3,0.5,1,1,CACAGCCGCTGCTAATCTCC,0,3798190
tolCp3,0.5,1,1,CACAGCAACCGGTCATTTAA,0,3792850
tolCp3,0.5,1,1,CACACTTGATGTCCGCCCGC,0,3797239
tolCp3,0.5,1,1,CACACTAACGGCGATTTGTT,0,3776455
tolCp3,0.5,1,1,CAATTTGGAACACGGCTTGG,0,3795313
tolCp3,0.5,1,1,CAATTGTAATCTCCCTTTTC,0,3804431
tolCp3,0.5,1,1,CAATTATTGCCCTTAGGACG,0,3795690
tolCp3,0.5,1,1,CAATTACAGGCGCTTATTAT,0,3788199
tolCp3,0.5,1,1,CAATGCAAAGGCGCCGTGTC,0,3805085
tolCp3,0.5,1,1,CAATCTCTATCTCCCGAATG,0,3788577
tolCp3,0.5,1,1,CAATCGTTATATACGGTCGG,0,3784613
tolCp3,0.5,1,1,CAATCGCCGAGTGGTGTGAT,0,3789679
tolCp3,0.5,1,1,CAATCCCGATTGACGTAACG,0,3802284
tolCp3,0.5,1,1,CAATAAATATCGCTACGAGT,0,3776730
tolCp3,0.5,1,1,CAAGTTTAATGAGTCATGGT,0,3783175
tolCp3,0.5,1,1,CAAGCGTCGGCCCAGATGAC,0,3803728
tolCp3,0.5,1,1,CAAGCATAGACGGGGGTGGG,0,3800909
tolCp3,0.5,1,1,CAACTTTGTGGGGGTATTCA,0,3801123
tolCp3,0.5,1,1,CAACTTGGGTTTAACTATTG,0,3801009
tolCp3,0.5,1,1,CAACTGACATGCTGCCAGCA,0,3787548
tolCp3,0.5,1,1,CAACGACTCTAACCCACAGG,0,3789070
tolCp3,0.5,1,1,CAACGACGCCACTCCGTGCA,0,3798721
tolCp3,0.5,1,1,CAACGACAGGTAAGCAACGC,0,3795999
tolCp3,0.5,1,1,CAACCTTTACAACTTAGCCG,0,3795887
tolCp3,0.5,1,1,CAACCGTGCTGGGGACTCGA,0,3797869
tolCp3,0.5,1,1,CAACCGGCCTATAGCATACC,0,3807600
tolCp3,0.5,1,1,CAACCCGGCAAGAATGCTCC,0,3797298
tolCp3,0.5,1,1,CAACATTTTATGCTTAGATA,0,3802597
tolCp3,0.5,1,1,CAAATTATGAATGTGCGCGT,0,3798001
tolCp3,0.5,1,1,CAAATGAATCCCCGTGACCC,0,3799021
tolCp3,0.5,1,1,CAAAGGGTAGCCGCCTACGA,0,3782591
tolCp3,0.5,1,1,CAAAGCTAGATCGCACTCAA,0,3776975
tolCp3,0.5,1,1,CAAACTAATGTCACGTACTT,0,3797657
tolCp3,0.5,1,1,CAAAAGGGCCAACTGTCAGA,0,3783470
tolCp3,0.5,1,1,ATTTTTAGTGATTGCGAATA,0,3807583
tolCp3,0.5,1,1,ATTTTGGGGTTTTCGGGGAT,0,3781813
tolCp3,0.5,1,1,ATTTTCGGCGGAGTCTGGCC,0,3801340
tolCp3,0.5,1,1,ATTTTCCCGTCAGAGCTGTG,0,3795600
tolCp3,0.5,1,1,ATTTTCAGCGGGGCCGCACA,0,3792296
tolCp3,0.5,1,1,ATTTTCAAGAACAAGATAGG,0,3783960
tolCp3,0.5,1,1,ATTTGACATGTGGGTCATGT,0,3808253
tolCp3,0.5,1,1,ATTTATGACGTTATGCTCGT,0,3776574
tolCp3,0.5,1,1,ATTTACAGCCTGGCAGCATC,0,3804617
tolCp3,0.5,1,1,ATTGTTAAGGACTCGGGACT,0,3776862
tolCp3,0.5,1,1,ATTGTGCTGGGCACAATCCA,0,3808567
tolCp3,0.5,1,1,ATTGTACATTGATGTGCTAA,0,3796683
tolCp3,0.5,1,1,ATTGGTGATTCGTGCAAGGT,0,3788503
tolCp3,0.5,1,1,ATTGGCTGCACGGTGGTCAA,0,3784582
tolCp3,0.5,1,1,ATTGGCGGCCCTCGGCGCGT,0,3791939
tolCp3,0.5,1,1,ATTGGCCGCGAATGCCCACC,0,3795260
tolCp3,0.5,1,1,ATTGGAAAGATCCGAGGTAC,0,3808386
tolCp3,0.5,1,1,ATTGATGGAACGTATTTCTT,0,3806635
tolCp3,0.5,1,1,ATTGATAAGCTTGGGAGGCA,0,3790104
tolCp3,0.5,1,1,ATTGAGGCTAAGTAAAGCGA,0,3774782
tolCp3,0.5,1,1,ATTGACCTTACCAATGGGTT,0,3782278
tolCp3,0.5,1,1,ATTCTGATTAGATTTCCATG,0,3797990
tolCp3,0.5,1,1,ATTCGGCACGATTTTCAGGA,0,3795257
tolCp3,0.5,1,1,ATTCCGCGCGTACGGGCCAG,0,3780952
tolCp3,0.5,1,1,ATTCATTACGACTACTTCGT,0,3792437
tolCp3,0.5,1,1,ATTCATAGGCCCCGTATGCA,0,3780518
tolCp3,0.5,1,1,ATTCAGTAAAGCAGCCGTAG,0,3785644
tolCp3,0.5,1,1,ATTCAGATATGAAATGGGAA,0,3794902
tolCp3,0.5,1,1,ATTCACGTTTTACAAGCATG,0,3777963
tolCp3,0.5,1,1,ATTATGTCCTCTAATTCTCA,0,3779473
tolCp3,0.5,1,1,ATTATCGCACAGTAGGGTCC,0,3809241
tolCp3,0.5,1,1,ATTATCAACTTTCCGTAGTG,0,3797167
tolCp3,0.5,1,1,ATTATATCGAGAGTTAGGTC,0,3780236
tolCp3,0.5,1,1,ATTATACTACTGTGCCGCTC,0,3801274
tolCp3,0.5,1,1,ATTAGACCCTCGTCTCGGCT,0,3781804
tolCp3,0.5,1,1,ATTACCGCGCACCCACATCG,0,3781991
tolCp3,0.5,1,1,ATTAAGTTACCCCAGTTATC,0,3774601
tolCp3,0.5,1,1,ATTAAGACATTGGTCGGGTG,0,3803256
tolCp3,0.5,1,1,ATTAACAATCCTGGAACGCA,0,3791787
tolCp3,0.5,1,1,ATGTTGTTGTTCCATACCAA,0,3778273
tolCp3,0.5,1,1,ATGTGTCAAGAACCCACACC,0,3776460
tolCp3,0.5,1,1,ATGTGCCGAAACTTGGTTAT,0,3806084
tolCp3,0.5,1,1,ATGTGACTAGGAGAAGACAT,0,3783159
tolCp3,0.5,1,1,ATGTGAATGCCAAAATAGTC,0,3792408
tolCp3,0.5,1,1,ATGTGAACGGACCTGACCCC,0,3777216
tolCp3,0.5,1,1,ATGTCGTTGCTGCAGGTTCT,0,3781004
tolCp3,0.5,1,1,ATGTATAAGAGCGTTCGTAA,0,3786720
tolCp3,0.5,1,1,ATGTAGTTGCGAAAAGGAAG,0,3803780
tolCp3,0.5,1,1,ATGTAACCTGTACTGGCCCC,0,3789062
tolCp3,0.5,1,1,ATGTAACCATTAGTGACCTA,0,3793279
tolCp3,0.5,1,1,ATGGTTGACTGTAAAACCGA,0,3782572
tolCp3,0.5,1,1,ATGGTGTCAACGGCTATTTG,0,3792882
tolCp3,0.5,1,1,ATGGGTACGACCTGTTATGA,0,3775022
tolCp3,0.5,1,1,ATGGGAGACTCCAGGTATAC,0,3798688
tolCp3,0.5,1,1,ATGGCTTTGTGCTAGATGCA,0,3800459
tolCp3,0.5,1,1,ATGGCTGTCTTGGCTTCAAT,0,3792272
tolCp3,0.5,1,1,ATGGCTCCTATATGTCCTGG,0,3794068
tolCp3,0.5,1,1,ATGGCGGGCGAACGGGGAGG,0,3795086
tolCp3,0.5,1,1,ATGGCCGGGATGTCGCCCAC,0,3777364
tolCp3,0.5,1,1,ATGGAGTATAGGTCGCCCGG,0,3780224
tolCp3,0.5,1,1,ATGGAAGTTTTTCCGGTTCC,0,3805909
tolCp3,0.5,1,1,ATGCTGGTCCACAAAGTGGG,0,3786855
tolCp3,0.5,1,1,ATGCTCCTCACTACGCTATT,0,3779538
tolCp3,0.5,1,1,ATGCCCCCTCCACTAAGGGC,0,3792017
tolCp3,0.5,1,1,ATGCCACAATGACATACGAA,0,3795618
tolCp3,0.5,1,1,ATGCCAACTACCACAGTCTT,0,3808621
tolCp3,0.5,1,1,ATGCACTGAAGCTGTGCATC,0,3775834
tolCp3,0.5,1,1,ATGATTGTGTTGAGTCCAGT,0,3794298
tolCp3,0.5,1,1,ATGAGTAATGGTTGTTTTTT,0,3801564
tolCp3,0.5,1,1,ATGACGAATGTACGCTCTTG,0,3790207
tolCp3,0.5,1,1,ATGACAGAGGCCTATGGCCA,0,3804935
tolCp3,0.5,1,1,ATCTTTGAACTTGAAGATAT,0,3788405
tolCp3,0.5,1,1,ATCTTGCTCCTCACCATCAG,0,3790929
tolCp3,0.5,1,1,ATCTTCGCTTGATCAATAGG,0,3791133
tolCp3,0.5,1,1,ATCTGTTCACCTGAGGGGCG,0,3779125
tolCp3,0.5,1,1,ATCTGGCAGTCGTGCAGAGC,0,3780037
tolCp3,0.5,1,1,ATCTGCTATGCGCGCGAATT,0,3795925
tolCp3,0.5,1,1,ATCTCGGCCATGACCCGGCC,0,3801041
tolCp3,0.5,1,1,ATCTATGGACTTCAAGTGAA,0,3791836
tolCp3,0.5,1,1,ATCTAAGGAACAATAGCCAT,0,3805997
tolCp3,0.5,1,1,ATCTAAGATGCCCAGCGGAC,0,3782495
tolCp3,0.5,1,1,ATCGTTATGGTTCTGTGTCG,0,3799757
tolCp3,0.5,1,1,ATCGGCCGTCAAGCTTTTTG,0,3803266
tolCp3,0.5,1,1,ATCGGAATAAAATGTGGCGC,0,3780864
tolCp3,0.5,1,1,ATCGCAGTAAAGGGCACAAG,0,3785263
tolCp3,0.5,1,1,ATCGATACTGGCCCTATAGA,0,3808223
tolCp3,0.5,1,1,ATCGAGGTGGTCTCGACCTG,0,3788003
tolCp3,0.5,1,1,ATCCTTTGGTGGGACATTTT,0,3795495
tolCp3,0.5,1,1,ATCCTTGGGATATCATTCTT,0,3798912
tolCp3,0.5,1,1,ATCCTCATGCAACACAGTGC,0,3780160
tolCp3,0.5,1,1,ATCCTATTATAAACAGATGG,0,3780293
tolCp3,0.5,1,1,ATCCTAGTGCATTTCGGTGT,0,3794606
tolCp3,0.5,1,1,ATCCGTGGATCTTTGTGGTA,0,3800640
tolCp3,0.5,1,1,ATCCGTCGCTCCGGGCCTCC,0,3807360
tolCp3,0.5,1,1,ATCCGCTTTTAAACAATTCT,0,3775977
tolCp3,0.5,1,1,ATCCGCCAAAGGCTATCACC,0,3800724
tolCp3,0.5,1,1,ATCCGACCGCCGCAAGCATT,0,3792766
tolCp3,0.5,1,1,ATCATTTCTACACGATGCTC,0,3776199
tolCp3,0.5,1,1,ATCATTTAGCCTCAGCTCTA,0,3778928
tolCp3,0.5,1,1,ATCATTACAATCAAGGCGTG,0,3782238
tolCp3,0.5,1,1,ATCAGTGTGCCAAAAGGTTC,0,3775276
tolCp3,0.5,1,1,ATCACGTCTCTGGGAATGGA,0,3802219
tolCp3,0.5,1,1,ATATTGCATCCCATAGCTGC,0,3796632
tolCp3,0.5,1,1,ATATGGCTGGCTAGCGGCAC,0,3791751
tolCp3,0.5,1,1,ATATGCGCGTTCGAGAGCGC,0,3780599
tolCp3,0.5,1,1,ATATCTGGTGTTTATCCACT,0,3792351
tolCp3,0.5,1,1,ATATCGTAATCTGTGGAGGA,0,3782826
tolCp3,0.5,1,1,ATATAGTGTACCTTGATGTA,0,3782180
tolCp3,0.5,1,1,ATATACCCGAGGGCAGACTT,0,3791041
tolCp3,0.5,1,1,ATATAAAGTTTCTGATATTA,0,3781474
tolCp3,0.5,1,1,ATATAAAATAGAAATGTACA,0,3809069
tolCp3,0.5,1,1,ATAGGTATCTACGCACAGGT,0,3793143
tolCp3,0.5,1,1,ATAGGACGAATTATCCCCTC,0,3801062
tolCp3,0.5,1,1,ATAGGAAGTCACTCAGGGGA,0,3788479
tolCp3,0.5,1,1,ATAGACAATGGCCAACGATA,0,3777315
tolCp3,0.5,1,1,ATAGAAACGTCGCAAAAGCT,0,3781634
tolCp3,0.5,1,1,ATACGTCACAAAAGCAAAGC,0,3789166
tolCp3,0.5,1,1,ATACGCTAACTTTTCGCCGT,0,3778492
tolCp3,0.5,1,1,ATACCCGCGTGAGAGCAAAC,0,3792421
tolCp3,0.5,1,1,ATACCATGGAGAGCCATGCT,0,3781693
tolCp3,0.5,1,1,ATACACTTTCGCGGCCTCAC,0,3789321
tolCp3,0.5,1,1,ATACAAGAGGTACCGGTGAA,0,3802175
tolCp3,0.5,1,1,ATAATTCTAAAAACAGCAGG,0,3793384
tolCp3,0.5,1,1,ATAATGAGACGCTATGTTAA,0,3803731
tolCp3,0.5,1,1,ATAAGTCTATGCTCATGCCC,0,3797262
tolCp3,0.5,1,1,ATAAGGGCTGGCGTCAGACT,0,3802856
tolCp3,0.5,1,1,ATAAGCCTAAAGGAATAATA,0,3797332
tolCp3,0.5,1,1,ATAACTTTGCAGGCGCTATC,0,3776973
tolCp3,0.5,1,1,ATAACCGTCGTCGCATACGA,0,3779542
tolCp3,0.5,1,1,ATAACCGAGCTTTTAAGTTG,0,3776601
tolCp3,0.5,1,1,ATAAATTCCGCGTGGGTGCT,0,3804111
tolCp3,0.5,1,1,ATAAATGTCAAGGCGCTAGC,0,3780734
tolCp3,0.5,1,1,ATAAACATGAGGAAAATCGC,0,3799022
tolCp3,0.5,1,1,ATAAAATCACACACGAGTTA,0,3774907
tolCp3,0.5,1,1,AGTTGTTAGCTACTGCCTAA,0,3780917
tolCp3,0.5,1,1,AGTTCTTAAGCTCGACTTTT,0,3784481
tolCp3,0.5,1,1,AGTTCTGGTGCGGATCGGGC,0,3807204
tolCp3,0.5,1,1,AGTTATAACATTCGTAAGAT,0,3804703
tolCp3,0.5,1,1,AGTTAATTTACTTTAAGTTG,0,3782372
tolCp3,0.5,1,1,AGTGTTTATCGAATCCACTC,0,3796810
tolCp3,0.5,1,1,AGTGTGTAATTTAAGCAAGT,0,3790266
tolCp3,0.5,1,1,AGTGTACAAATTAACTGAGC,0,3804877
tolCp3,0.5,1,1,AGTGGGGGAATAACTCTAAT,0,3781270
tolCp3,0.5,1,1,AGTGGGCTATCGGAGGCCCC,0,3791312
tolCp3,0.5,1,1,AGTGGCATAATTTAACGCGA,0,3788064
tolCp3,0.5,1,1,AGTGCGTCGGTTAGGCGCTC,0,3780191
tolCp3,0.5,1,1,AGTGCGGATAACACGCGATA,0,3777666
tolCp3,0.5,1,1,AGTGCGCTGGTGGGGGAGGC,0,3799853
tolCp3,0.5,1,1,AGTGCGCAGCCAGCTCAGTC,0,3777939
tolCp3,0.5,1,1,AGTGAGGGAAATGGCACCAA,0,3796156
tolCp3,0.5,1,1,AGTGAGGCGGCGGCGACGGA,0,3795476
tolCp3,0.5,1,1,AGTGAGAACGTACTCGCAAC,0,3807689
tolCp3,0.5,1,1,AGTCTCGCCTGCAGCGACAA,0,3786063
tolCp3,0.5,1,1,AGTCTAGCCAACGTGGGGTT,0,3774922
tolCp3,0.5,1,1,AGTCGTCGGTCGGTCAGGGT,0,3774552
tolCp3,0.5,1,1,AGTCGCTTCGAGAGGGTGCT,0,3785151
tolCp3,0.5,1,1,AGTCCATATCTACTCTCCCA,0,3776495
tolCp3,0.5,1,1,AGTCATTCTTCAGACGGTGC,0,3780345
tolCp3,0.5,1,1,AGTCATATGGGTGCTCGCGC,0,3788223
tolCp3,0.5,1,1,AGTCAGGAAGATGGGTTCCC,0,3809262
tolCp3,0.5,1,1,AGTCAGATCACAGCCGAACT,0,3809229
tolCp3,0.5,1,1,AGTCACCATTTATGTGGAGA,0,3785853
tolCp3,0.5,1,1,AGTATTGGCGAACCACAAAA,0,3792423
tolCp3,0.5,1,1,AGTATGAGATAGGATGCCAT,0,3774925
tolCp3,0.5,1,1,AGTAGTGGTGTGGCCTTGAA,0,3797529
tolCp3,0.5,1,1,AGTAATCAGCTCCGACTGAT,0,3800211
tolCp3,0.5,1,1,AGTAATATCGTAGCCGTAGT,0,3785285
tolCp3,0.5,1,1,AGTAAAAACACTATTACCTC,0,3799932
tolCp3,0.5,1,1,AGGTTTAGCGACTAATATCC,0,3800468
tolCp3,0.5,1,1,AGGTTGTAAAATAGAATAGT,0,3775532
tolCp3,0.5,1,1,AGGTTATGCAGTTTGGGCTT,0,3797184
tolCp3,0.5,1,1,AGGTGCACCTGACTATCTCA,0,3788404
tolCp3,0.5,1,1,AGGTCCTGGAAGATCCGCGT,0,3800745
tolCp3,0.5,1,1,AGGTCCTGCGACGGCAATAT,0,3800846
tolCp3,0.5,1,1,AGGTCCGCCGCCATGGGCGA,0,3805811
tolCp3,0.5,1,1,AGGTATTTTTAATGAACAAG,0,3803651
tolCp3,0.5,1,1,AGGTACGAGGGGCTGGTAGA,0,3808055
tolCp3,0.5,1,1,AGGTACACAGAATAAGGATA,0,3786759
tolCp3,0.5,1,1,AGGGTGCACTCTCTGGGGTG,0,3805195
tolCp3,0.5,1,1,AGGGGTTACGTAATAGGCGG,0,3780514
tolCp3,0.5,1,1,AGGGGGTCACACCCATAGAT,0,3795338
tolCp3,0.5,1,1,AGGGGCGGCTAACCTGTAAT,0,3783641
tolCp3,0.5,1,1,AGGGCCAGTAAAAATCCAGA,0,3806768
tolCp3,0.5,1,1,AGGGATGTGGCAACTCGCTT,0,3791332
tolCp3,0.5,1,1,AGGCTCGTAAGACCACTTTT,0,3791703
tolCp3,0.5,1,1,AGGCGTAGAGTTCAAGAGAT,0,3784337
tolCp3,0.5,1,1,AGGCCCGCACTGGACTTCGT,0,3780414
tolCp3,0.5,1,1,AGGCAGAAAACGTCTCGGAC,0,3774941
tolCp3,0.5,1,1,AGGCAATCCAGTCGAATCGA,0,3796552
tolCp3,0.5,1,1,AGGCAACCTTACAGATGCTG,0,3802195
tolCp3,0.5,1,1,AGGATGTACTAGGCCCTCTG,0,3799364
tolCp3,0.5,1,1,AGGATAAAATCGGCGCATGT,0,3783745
tolCp3,0.5,1,1,AGGAGTAACGTATTGGCGCC,0,3777667
tolCp3,0.5,1,1,AGGAGGCTACTGGGACTAGG,0,3788327
tolCp3,0.5,1,1,AGGAGGATCGGGGAAACACA,0,3782990
tolCp3,0.5,1,1,AGGAGCTAGCTACTATGTAA,0,3796659
tolCp3,0.5,1,1,AGGACCTTGTTAACTGAGGC,0,3788964
tolCp3,0.5,1,1,AGGAACGGCGGGTTGAGTAT,0,3792538
tolCp3,0.5,1,1,AGGAAACGTAACGATACAAG,0,3803891
tolCp3,0.5,1,1,AGCTTCGTAGCTTGTGGAAC,0,3800177
tolCp3,0.5,1,1,AGCTTCGATCCAATACGGCT,0,3778670
tolCp3,0.5,1,1,AGCTTATCGCCAACTGTATG,0,3789427
tolCp3,0.5,1,1,AGCTTAACCATGTGTAAGAT,0,3796270
tolCp3,0.5,1,1,AGCTGGATGAGATGTACCAT,0,3801344
tolCp3,0.5,1,1,AGCTGGAATGTTAGTCTGGA,0,3799057
tolCp3,0.5,1,1,AGCTGCTGTGCCCGATGTGA,0,3801247
tolCp3,0.5,1,1,AGCTGCGGGGTAGGTCAGGC,0,3803611
tolCp3,0.5,1,1,AGCTGATACATTTCAAATCT,0,3777494
tolCp3,0.5,1,1,AGCTGACATCCTCTTGTTAG,0,3783833
tolCp3,0.5,1,1,AGCTCGGGCCGTGTTGGCTG,0,3776220
tolCp3,0.5,1,1,AGCTCCCTCCGTTCCCAATC,0,3803114
tolCp3,0.5,1,1,AGCTCATGCGTCATCTCACT,0,3798998
tolCp3,0.5,1,1,AGCGTTGCTTCATAAACGAA,0,3805491
tolCp3,0.5,1,1,AGCGTGTTAAACACTCACCT,0,3793206
tolCp3,0.5,1,1,AGCGGTTAAATCCAGATAAA,0,3804698
tolCp3,0.5,1,1,AGCGGCGGCGCTGTTTTTAT,0,3789226
tolCp3,0.5,1,1,AGCGGCCAGACTTAATGGGG,0,3777470
tolCp3,0.5,1,1,AGCGGCAAATACTCAATTGT,0,3796919
tolCp3,0.5,1,1,AGCGGATAAGTCTTGTTTGT,0,3798649
tolCp3,0.5,1,1,AGCGCGGCAAGGCCGATTCA,0,3796225
tolCp3,0.5,1,1,AGCGATACCGGTCCAACATA,0,3785525
tolCp3,0.5,1,1,AGCGACAGCGTTCACGTGCC,0,3797231
tolCp3,0.5,1,1,AGCGAAAGACGGACTCATTT,0,3797507
tolCp3,0.5,1,1,AGCCTGGTATGATAGACTTT,0,3789714
tolCp3,0.5,1,1,AGCCTCAAGAGCTAGACCAG,0,3799124
tolCp3,0.5,1,1,AGCCGTTGCGTCCCGAGTTA,0,3806610
tolCp3,0.5,1,1,AGCCGGTAAATCCAGGACGT,0,3800038
tolCp3,0.5,1,1,AGCCGCATCACCTTTTCGGT,0,3799472
tolCp3,0.5,1,1,AGCCCACAGGCAGCACGGGA,0,3804885
tolCp3,0.5,1,1,AGCCAGTAATCAGTGCGGAA,0,3786626
tolCp3,0.5,1,1,AGCATGGTGGGGTTACTCTT,0,3809384
tolCp3,0.5,1,1,AGCATACGTGTCCGTGCAGG,0,3787756
tolCp3,0.5,1,1,AGCAGGTTATAGTTAGGTGA,0,3805556
tolCp3,0.5,1,1,AGCAGATCTATTGGAGGCTC,0,3789181
tolCp3,0.5,1,1,AGCACTATTCATTAGCGCGG,0,3799318
tolCp3,0.5,1,1,AGCACCGCAGGTAGTAATTG,0,3782189
tolCp3,0.5,1,1,AGATTGGGCATCGGCGGAAC,0,3803149
tolCp3,0.5,1,1,AGATCTGTTAGGTTTTAAGA,0,3798590
tolCp3,0.5,1,1,AGATCACTCGAAATGGTAAT,0,3805352
tolCp3,0.5,1,1,AGAGGTTTCATTCTTTCGTT,0,3795347
tolCp3,0.5,1,1,AGAGGGACAATGGTGAATAA,0,3803302
tolCp3,0.5,1,1,AGAGGCCGTCTTAGGCTCTA,0,3782100
tolCp3,0.5,1,1,AGAGGCACTCAAGTTACGAT,0,3804261
tolCp3,0.5,1,1,AGAGGATGTCGCGGTGAGAG,0,3803847
tolCp3,0.5,1,1,AGAGCGTGCACAGACGTGGC,0,3800120
tolCp3,0.5,1,1,AGAGAAATAAGCATCAAACT,0,3782178
tolCp3,0.5,1,1,AGACTAATAAGGATAACCTA,0,3778733
tolCp3,0.5,1,1,AGACGGTTATGATCCACCAC,0,3807216
tolCp3,0.5,1,1,AGACGAATACGCAAACTCAA,0,3793276
tolCp3,0.5,1,1,AGACCTATCATCCAACGTCT,0,3797706
tolCp3,0.5,1,1,AGACACATGGGTGTAAGGAA,0,3806581
tolCp3,0.5,1,1,AGACAATGTTTCGATACGTC,0,3793228
tolCp3,0.5,1,1,AGAATTGACATTACACGACC,0,3788228
tolCp3,0.5,1,1,AGAAGCACGCATTTGTGCAT,0,3793985
tolCp3,0.5,1,1,AGAAAATAGGTTGGAGTACG,0,3783774
tolCp3,0.5,1,1,AGAAAACAGGTTGTACCAGG,0,3788526
tolCp3,0.5,1,1,ACTTTTGACCCGGGTGGATT,0,3794770
tolCp3,0.5,1,1,ACTTTGCGGGCCGAACTCAG,0,3799076
tolCp3,0.5,1,1,ACTTCAGGGGTCAATTGGGG,0,3794830
tolCp3,0.5,1,1,ACTTCAGCCGTAAAAGATAG,0,3787915
tolCp3,0.5,1,1,ACTTACGGCTCCCTACATAA,0,3776403
tolCp3,0.5,1,1,ACTTACGACGTAAGTAGTTA,0,3786053
tolCp3,0.5,1,1,ACTTAAGTGCTTCTAGCAAC,0,3808571
tolCp3,0.5,1,1,ACTGTTGTGTTACAAGAGCT,0,3777637
tolCp3,0.5,1,1,ACTGTAGGGACTGAGACCCC,0,3780111
tolCp3,0.5,1,1,ACTGGTAGATTTAGGACCAG,0,3798915
tolCp3,0.5,1,1,ACTGGGAGTAAAGTGTGGAG,0,3801195
tolCp3,0.5,1,1,ACTGGAGCATGATGCAGTCA,0,3791773
tolCp3,0.5,1,1,ACTGCCCGCAATACACGTGA,0,3801583
tolCp3,0.5,1,1,ACTGCACAAGCGCGCAGTAC,0,3807502
tolCp3,0.5,1,1,ACTGATGCTTAAACTATGGC,0,3786666
tolCp3,0.5,1,1,ACTGACACCGATTTAACGCG,0,3796173
tolCp3,0.5,1,1,ACTGAAGTTTTCAATTGAAC,0,3787931
tolCp3,0.5,1,1,ACTCGGTAGTCAACTGTAGG,0,3801157
tolCp3,0.5,1,1,ACTCGAGTAACCGAGATTAC,0,3793414
tolCp3,0.5,1,1,ACTCCAGGATTATTAAGCAA,0,3780907
tolCp3,0.5,1,1,ACTCAGGCCACTACCGATTC,0,3779066
tolCp3,0.5,1,1,ACTATTCTTGATCAATATGG,0,3781619
tolCp3,0.5,1,1,ACTATGGGATCCTTCCCTTG,0,3806806
tolCp3,0.5,1,1,ACTATCCAGCAGTTGCGAGG,0,3792935
tolCp3,0.5,1,1,ACTATATACGATACGTCTTG,0,3804910
tolCp3,0.5,1,1,ACTAGGACCAAGGTGTCGCG,0,3774668
tolCp3,0.5,1,1,ACTAATGATGATCGCGAAGT,0,3806241
tolCp3,0.5,1,1,ACTAACAAACGACTATGGTC,0,3783734
tolCp3,0.5,1,1,ACTAAACCGTGTCCAGGGCT,0,3777825
tolCp3,0.5,1,1,ACGTTTCGGCCTTCCTGTGC,0,3799171
tolCp3,0.5,1,1,ACGTTACCCAACTTCCGGGC,0,3804814
tolCp3,0.5,1,1,ACGTGGGAGTGCGCGGGAGC,0,3791024
tolCp3,0.5,1,1,ACGTGCATGTGTTCGGCGAA,0,3805817
tolCp3,0.5,1,1,ACGTCCGTCGAACAAGATCC,0,3784186
tolCp3,0.5,1,1,ACGTCCAGTAATATTTGGAA,0,3805184
tolCp3,0.5,1,1,ACGGTAGGCGGGTTCTGGTT,0,3792707
tolCp3,0.5,1,1,ACGGCCAACCAGGTCCGTTC,0,3801520
tolCp3,0.5,1,1,ACGGACACAAAACTACGAAA,0,3794760
tolCp3,0.5,1,1,ACGCTCTTAACTTCGTGGTT,0,3803458
tolCp3,0.5,1,1,ACGCGTCCACCGCAACTGCT,0,3787249
tolCp3,0.5,1,1,ACGCGCGCTGGCGTTTTGCT,0,3792389
tolCp3,0.5,1,1,ACGCGCCATGGTCACATCGC,0,3798373
tolCp3,0.5,1,1,ACGCGAGTCGGATTACTAAC,0,3798293
tolCp3,0.5,1,1,ACGCCTTGTATACTGACTAT,0,3808517
tolCp3,0.5,1,1,ACGCCTCTCGATCCGGGTTC,0,3786533
tolCp3,0.5,1,1,ACGCCTCATAAATGCATGAA,0,3797740
tolCp3,0.5,1,1,ACGCCTATCGGCGCTAGTCA,0,3790546
tolCp3,0.5,1,1,ACGCCATTCCTTTACGAGTA,0,3801497
tolCp3,0.5,1,1,ACGCAGAAGAAAGTGTAGGA,0,3782745
tolCp3,0.5,1,1,ACGCACATTCTTACCGGTGC,0,3784894
tolCp3,0.5,1,1,ACGCAAGGACGTCTTATGAA,0,3780073
tolCp3,0.5,1,1,ACGATTTCTTGACTGACGGG,0,3795259
tolCp3,0.5,1,1,ACGATGCGGGGACCGACGTC,0,3806453
tolCp3,0.5,1,1,ACGATGCAGCTACATGGTGT,0,3795070
tolCp3,0.5,1,1,ACGATCCCTAGGGACTCGTG,0,3802538
tolCp3,0.5,1,1,ACGATATCCCCTAGCTTCAT,0,3792989
tolCp3,0.5,1,1,ACGAGTGACATACCATACAA,0,3796152
tolCp3,0.5,1,1,ACGAGTCCGTCCCATAGTAG,0,3778123
tolCp3,0.5,1,1,ACGAAGTTCTCTGGCGTGAC,0,3806842
tolCp3,0.5,1,1,ACGAACAGATGACGGGATTG,0,3807934
tolCp3,0.5,1,1,ACCTGAAGAGAGGGCCGATG,0,3803090
tolCp3,0.5,1,1,ACCTCGCGAACCGTGATTAC,0,3787154
tolCp3,0.5,1,1,ACCTCAGTTACATTGAATCT,0,3784648
tolCp3,0.5,1,1,ACCGTTGTATGTTGATAGAC,0,3796487
tolCp3,0.5,1,1,ACCGTTATGTTCGCGTGTAA,0,3783290
tolCp3,0.5,1,1,ACCGTTAGTTGTGATGTGTG,0,3801732
tolCp3,0.5,1,1,ACCGGAGTTTTATTAATGGT,0,3791898
tolCp3,0.5,1,1,ACCGCGTACTCACCTAGGCG,0,3792366
tolCp3,0.5,1,1,ACCGATACAAACTTCGGGCT,0,3780346
tolCp3,0.5,1,1,ACCGAACGGTGCAAAAGATG,0,3795983
tolCp3,0.5,1,1,ACCGAAAATTGTACATTCGA,0,3781078
tolCp3,0.5,1,1,ACCGAAAATAGCCATTTTTT,0,3796458
tolCp3,0.5,1,1,ACCCTGTTGCCAGATACCAG,0,3789692
tolCp3,0.5,1,1,ACCCTGGCCGAGAACACAAC,0,3784918
tolCp3,0.5,1,1,ACCCTAGATCGCATCCTAGA,0,3775825
tolCp3,0.5,1,1,ACCCGAAGCCGGCCCTATGT,0,3806405
tolCp3,0.5,1,1,ACCCCTGTGCTGAGGGCTTT,0,3782939
tolCp3,0.5,1,1,ACCCCAATTCGACCGGCCAT,0,3777993
tolCp3,0.5,1,1,ACCATGAGTGGGGGCGTTTT,0,3807542
tolCp3,0.5,1,1,ACCATCTTCCGGCCGTTGTC,0,3805894
tolCp3,0.5,1,1,ACCATAGGGATTAGGCCTCT,0,3788294
tolCp3,0.5,1,1,ACCAGTGCCTCGTCCTAAAT,0,3788468
tolCp3,0.5,1,1,ACCAGTATGCCTCGGGCCAC,0,3808470
tolCp3,0.5,1,1,ACCAGGAGTAACTCGAGCTA,0,3799571
tolCp3,0.5,1,1,ACCACGTCATGCCCCGTATG,0,3801914
tolCp3,0.5,1,1,ACCAACGGTTATCGATGCCG,0,3781345
tolCp3,0.5,1,1,ACATTGGTATCCTTGCAGGA,0,3774637
tolCp3,0.5,1,1,ACATTGGCCCTTGTCGAAAT,0,3774966
tolCp3,0.5,1,1,ACATGGAGGGGTTTCACTTG,0,3786445
tolCp3,0.5,1,1,ACATGGACCGCTGAAATCAT,0,3805265
tolCp3,0.5,1,1,ACATCCCGCAAAGGTCTCGG,0,3800434
tolCp3,0.5,1,1,ACATAGCCTCGAAAGCCTCA,0,3776534
tolCp3,0.5,1,1,ACATACTCGAACCGGGGAAC,0,3795298
tolCp3,0.5,1,1,ACATAACGACTAGGTCTTCA,0,3793539
tolCp3,0.5,1,1,ACAGGGATTACGAGTTTGGG,0,3782686
tolCp3,0.5,1,1,ACAGGCTTTTTCTCGACTAC,0,3785957
tolCp3,0.5,1,1,ACAGGCACAGTGCGGCCATA,0,3805264
tolCp3,0.5,1,1,ACAGCGGCTCACAAGTCACG,0,3790167
tolCp3,0.5,1,1,ACAGAGCCGAGGATGGGGAT,0,3792546
tolCp3,0.5,1,1,ACAGAAATCCAGTGCACAGT,0,3777283
tolCp3,0.5,1,1,ACACGTCGTATGTACTGTGA,0,3793926
tolCp3,0.5,1,1,ACACCTTTATAGCCCTCGGT,0,3793919
tolCp3,0.5,1,1,ACACCTGCGGTGGTTCGCAT,0,3780606
tolCp3,0.5,1,1,ACACCGCGTTTTACGAGCCT,0,3797682
tolCp3,0.5,1,1,ACACCCCGGGATCGATAAGA,0,3800705
tolCp3,0.5,1,1,ACACCCAGTGTTAGATAACC,0,3798027
tolCp3,0.5,1,1,ACACCACTCAACACCGCATA,0,3776914
tolCp3,0.5,1,1,ACACACGAGTGGCACCCGAA,0,3775967
tolCp3,0.5,1,1,ACACAACGGCAGCGAGTATG,0,3785772
tolCp3,0.5,1,1,ACAATTGGTCAGTTAGCCCT,0,3800291
tolCp3,0.5,1,1,ACAAGTTGGCGACCTTTTGA,0,3799850
tolCp3,0.5,1,1,ACAAGTTACGAATCCTGATG,0,3792487
tolCp3,0.5,1,1,ACAAGAGATTATACCGTGCA,0,3779122
tolCp3,0.5,1,1,ACAAGACTTCACTCTCGATT,0,3778615
tolCp3,0.5,1,1,ACAACCGTTCCGGTTGATAC,0,3776519
tolCp3,0.5,1,1,AATTTGCAGAGACCCGGTTT,0,3776145
tolCp3,0.5,1,1,AATTTCCGTAGTGCACAAGG,0,3795567
tolCp3,0.5,1,1,AATTGCCTGTTTGTACCACT,0,3797223
tolCp3,0.5,1,1,AATTGATCGTATACCTAGTG,0,3796779
tolCp3,0.5,1,1,AATTCAACGTTGTGTGAATC,0,3797960
tolCp3,0.5,1,1,AATTAGACCTTCCAGAAGGT,0,3794269
tolCp3,0.5,1,1,AATTAATCGTTATGTGCAGA,0,3790688
tolCp3,0.5,1,1,AATGTGACTGAGTACCACAT,0,3794128
tolCp3,0.5,1,1,AATGTCTAGGTTTATTTAAG,0,3801545
tolCp3,0.5,1,1,AATGTCATTGTGATCAGTAG,0,3800882
tolCp3,0.5,1,1,AATGGGGAACCGCGATCTCC,0,3805524
tolCp3,0.5,1,1,AATGGGCAAACACAGTTCTC,0,3777500
tolCp3,0.5,1,1,AATGGATACTCCGCCTGGGT,0,3803446
tolCp3,0.5,1,1,AATGAGGAAAGTTCGGCTGG,0,3790977
tolCp3,0.5,1,1,AATGACCGCTCCGGACGAAC,0,3794919
tolCp3,0.5,1,1,AATCTCCGTGTTAGAGGACG,0,3798417
tolCp3,0.5,1,1,AATCGTTGCAAAGCCAACAG,0,3799847
tolCp3,0.5,1,1,AATCGTTGATTCGGTCATTT,0,3802911
tolCp3,0.5,1,1,AATCGTGCGGTCGCTCTTCA,0,3792833
tolCp3,0.5,1,1,AATCCGATTCTACTCTTGTT,0,3793552
tolCp3,0.5,1,1,AATCCCATGTTGTCATCAGT,0,3775720
tolCp3,0.5,1,1,AATCCACGTGTTCGCCTTCG,0,3804074
tolCp3,0.5,1,1,AATCCAATGGATCGGTTTTT,0,3798049
tolCp3,0.5,1,1,AATCATTCCTCTTCAGCGCA,0,3791652
tolCp3,0.5,1,1,AATCACTGCTCCCGTTGCGG,0,3793055
tolCp3,0.5,1,1,AATCACGTTCAGCTATACAC,0,3775295
tolCp3,0.5,1,1,AATCAACGGTGGTTGGTTGC,0,3790533
tolCp3,0.5,1,1,AATAGGGTAATTAACTGCCT,0,3796504
tolCp3,0.5,1,1,AATAGCGCTACTTGCAGATA,0,3802366
tolCp3,0.5,1,1,AATAGATCTCTAAACGTGTA,0,3802372
tolCp3,0.5,1,1,AATACATTACATGGAGCAGA,0,3801293
tolCp3,0.5,1,1,AATAAGCGCATCATGAAGTA,0,3809367
tolCp3,0.5,1,1,AAGTTCTGTCGGCGCCTTCG,0,3782923
tolCp3,0.5,1,1,AAGTTCGCGCGGTTAGTTGT,0,3801660
tolCp3,0.5,1,1,AAGTTAATTGTCGCATCTAG,0,3782940
tolCp3,0.5,1,1,AAGTGTGGGAGTCAAAAATA,0,3784907
tolCp3,0.5,1,1,AAGTGGGCGGTGCTCCCAGA,0,3777088
tolCp3,0.5,1,1,AAGTGACCCGCTCCATCAAG,0,3782200
tolCp3,0.5,1,1,AAGTGAATTTTGGCCACACC,0,3780318
tolCp3,0.5,1,1,AAGTCCTGGTAAGCCGGAGA,0,3776741
tolCp3,0.5,1,1,AAGTCCAATAGGTCCCTCTA,0,3779939
tolCp3,0.5,1,1,AAGTCAGGCCGCTTTGCTTA,0,3788016
tolCp3,0.5,1,1,AAGTAGCATAGCTGGTCTGA,0,3784924
tolCp3,0.5,1,1,AAGTAGACAAGCGTGGCACC,0,3798251
tolCp3,0.5,1,1,AAGGGTCCCTCGGTCCGGTC,0,3788105
tolCp3,0.5,1,1,AAGGGCTCGTGTTCGGCTCC,0,3793440
tolCp3,0.5,1,1,AAGGCTAGCAGGTCCCTAGC,0,3789573
tolCp3,0.5,1,1,AAGGCACTTGAGATAGGCAA,0,3796108
tolCp3,0.5,1,1,AAGGAGCGCAAACGATCCGA,0,3797509
tolCp3,0.5,1,1,AAGCTGCTATTCCCCCAAGA,0,3778399
tolCp3,0.5,1,1,AAGCTCCACCAGTCAGGTCA,0,3807412
tolCp3,0.5,1,1,AAGCGTCTGCGGGCATCTGG,0,3805600
tolCp3,0.5,1,1,AAGCCCCGCGCTCTGAATAA,0,3775914
tolCp3,0.5,1,1,AAGCACGCATATTTCCATAC,0,3788898
tolCp3,0.5,1,1,AAGATCTGCCAAAGTACATA,0,3781510
tolCp3,0.5,1,1,AAGAGGATTTAAGGGTCCTC,0,3787063
tolCp3,0.5,1,1,AAGACCGTATGGCATTGGCA,0,3799260
tolCp3,0.5,1,1,AAGACCGGAAGTCCGCTTAT,0,3792582
tolCp3,0.5,1,1,AAGACAGCGGCGTGCGCCAC,0,3789143
tolCp3,0.5,1,1,AAGAATTAACAGCCCTTACG,0,3783118
tolCp3,0.5,1,1,AAGAAGATGCGCATAAAGTC,0,3804057
tolCp3,0.5,1,1,AAGAACGCCGGGTTTTAAAG,0,3808688
tolCp3,0.5,1,1,AACTGCTTATGAGAGGACTG,0,3776869
tolCp3,0.5,1,1,AACTCCGTGTGTTTCGTACG,0,3798456
tolCp3,0.5,1,1,AACTCCCGCCGTTTGTACAT,0,3781535
tolCp3,0.5,1,1,AACTAGAGAGGCCCAGGGCG,0,3779831
tolCp3,0.5,1,1,AACGTTCCTGTAAAGATAAG,0,3786270
tolCp3,0.5,1,1,AACGTTAGGGACATAGCAAT,0,3804598
tolCp3,0.5,1,1,AACGTTACAAGCTGACCCAT,0,3782265
tolCp3,0.5,1,1,AACGTCGCGGGGTAGGGCTT,0,3790318
tolCp3,0.5,1,1,AACGGTCGATTTCAATCGTT,0,3789046
tolCp3,0.5,1,1,AACGGGATGAGTGTTCCGTA,0,3787565
tolCp3,0.5,1,1,AACGCGGGCTTAGCTCCATA,0,3792054
tolCp3,0.5,1,1,AACGAAGGACACTGGCTCCT,0,3791283
tolCp3,0.5,1,1,AACCTGAGCGAGATAGGCGA,0,3777498
tolCp3,0.5,1,1,AACCCGGGACCTTATCACAT,0,3779143
tolCp3,0.5,1,1,AACCAAGGTACCGCAGGGAC,0,3794796
tolCp3,0.5,1,1,AACAGCTGCCCCAAGACACT,0,3784245
tolCp3,0.5,1,1,AACAGAAACGGCCGGCGTTC,0,3782181
tolCp3,0.5,1,1,AACAATAAGATCACTTAGTG,0,3784612
tolCp3,0.5,1,1,AAATTTAGGATACCTTGCTC,0,3803817
tolCp3,0.5,1,1,AAATTCGCGAACCTACGCTT,0,3781854
tolCp3,0.5,1,1,AAATAATTGCTTAACAGAAA,0,3800476
tolCp3,0.5,1,1,AAATAAAATGTGGAGTTGCC,0,3779778
tolCp3,0.5,1,1,AAAGGGTTGTGTTGGATCTG,0,3779034
tolCp3,0.5,1,1,AAAGCTTAGCCACATAGCCA,0,3785379
tolCp3,0.5,1,1,AAAGCCATGTCAAATAGGAA,0,3783624
tolCp3,0.5,1,1,AAAGCAGTCGATGTAAAACT,0,3781185
tolCp3,0.5,1,1,AAAGCACGCTGGAGCCTAAT,0,3779134
tolCp3,0.5,1,1,AAAGATGCATGAGCGTAAAA,0,3798613
tolCp3,0.5,1,1,AAACTTCATTCACATGCTTA,0,3786643
tolCp3,0.5,1,1,AAACTGACACTAAATACTCT,0,3783028
tolCp3,0.5,1,1,AAACCGGATAACTGGGGATG,0,3786236
tolCp3,0.5,1,1,AAAATGAATGCAACCTAGGA,0,3784899
tolCp3,0.5,1,1,AAAATCCCATTGTATGTAGC,0,3804110
tolCp3,0.5,1,1,AAAAGATTGCGCGGTTATGC,0,3792692
tolCp3,0.5,1,1,AAAACTAGGAATGAGACTTG,0,3801974
tolCp3,0.5,1,1,AAAACATCAAGCAAGGCGTC,0,3796291
tolCp3,0.5,1,1,AAAAACAGGTTGTCCCAACA,0,3799460
tolCp3,0.5,1,1,AAAAAATCAGTCTTCGGACT,0,3780454
tolCp3,50.0,49,0,GGACACACCGTCTGCTGTTA,49,3779946
tolCp3,38.0,37,0,TCGGTTGTATCTCCCTCCAG,37,3800002
tolCp3,37.0,36,0,CCGCCGAGATGGGATAGCCT,36,3808654
tolCp3,35.0,34,0,AGTGGGCGGACCTGATATTT,34,3806151
tolCp3,34.0,33,0,AAACAATCGACGGGCGGTAC,33,3779658
tolCp3,33.0,32,0,GGGCACTAAATGCTATTGTT,32,3794842
tolCp3,31.0,30,0,GGCCTGAGCCGCTACCTTAT,30,3791713
tolCp3,30.0,29,0,CGAGCCTGGTGAGATTTGGA,29,3808742
tolCp3,30.0,29,0,CCACGCGTCCCTAATCTTAG,29,3784130
tolCp3,29.0,28,0,CCTCGGTTTTGTTAGGTTTT,28,3781032
tolCp3,28.0,27,0,CAATAAAAACGTTGTTTTTA,27,3798057
tolCp3,28.0,27,0,ACTGCTGAAAGTAGAGCACA,27,3779927
tolCp3,27.0,26,0,TGCAAGAGGGTTGAATGAAT,26,3793322
tolCp3,27.0,26,0,GACTTTAGGTTTTAGATTAC,26,3779218
tolCp3,27.0,26,0,CAGGGTCCGGCCATCAGGAA,26,3774873
tolCp3,27.0,26,0,AGGTACGGGTGGGAGAGTGC,26,3803557
tolCp3,26.0,25,0,GTCTAGAGACAGAGACCGCG,25,3778128
tolCp3,25.0,24,0,GTGGGTGCCAGTCAATTGAG,24,3807554
tolCp3,25.0,24,0,GAAGCTCCACGGGTAGCCGG,24,3796910
tolCp3,25.0,24,0,CCGGCATCCGAGCATAATGT,24,3798828
tolCp3,25.0,24,0,CAGGAATGGGGTGTCCCACT,24,3793011
tolCp3,25.0,24,0,ATGCCGGCAGAAGTGACATG,24,3797647
tolCp3,24.0,23,0,GACTTCGTGCACAACTGGCT,23,3808203
tolCp3,24.0,23,0,GAATGATCGGAGAGTCTTGT,23,3805692
tolCp3,24.0,23,0,CGTACTAGGGCGGACCAGGA,23,3775131
tolCp3,24.0,23,0,ATAGCTTCCCCTTTATACAA,23,3783314
tolCp3,24.0,23,0,AGGTTTAATCCCGGAATATC,23,3789656
tolCp3,23.0,22,0,GAGTCAGCCCGCGGGGGCCT,22,3807555
tolCp3,23.0,22,0,CCGTAGATGTGCCGTCTTAT,22,3802795
tolCp3,23.0,22,0,CATAGCCATTAACGTCGGCG,22,3795413
tolCp3,23.0,22,0,AAGCAATTTCTGAGGATGGA,22,3782762
tolCp3,22.0,21,0,TATGGGTTACTATATTACTC,21,3784278
tolCp3,22.0,21,0,CTGGCGTCCTCTACAAATGC,21,3806277
tolCp3,22.0,21,0,ATATGGCCTCGGGTATCCTC,21,3803551
tolCp3,22.0,21,0,ACGACGGGAAGGGACCGGTG,21,3797736
tolCp3,21.0,20,0,CCCCGACTTCGCGGAGCAGG,20,3781489
tolCp3,20.0,19,0,TCCAGGGCGCGGCCAATATT,19,3807359
tolCp3,20.0,19,0,GTTTACAGAATAGTTCCATC,19,3806057
tolCp3,20.0,19,0,GTGCCCCGATTTTCTTGCGT,19,3783253
tolCp3,20.0,19,0,CCTTAGGATCATACCATTCA,19,3802698
tolCp3,19.0,18,0,TAGGGTGGCTGATATATTAA,18,3787317
tolCp3,19.0,18,0,ACGGATATTCCCAAGGCCCT,18,3777455
tolCp3,18.0,17,0,CGACGACAGAACGTTTTCTG,17,3793436
tolCp3,18.0,17,0,CGAATCGATCTATGGGAGAT,17,3795651
tolCp3,18.0,17,0,CCGCCAAATTACTAAACCAT,17,3807551
tolCp3,17.0,16,0,CTGGTGTTACAGCAAGATTA,16,3804067
tolCp3,17.0,16,0,CCTACAAGACTTGGTCACGC,16,3785237
tolCp3,17.0,16,0,CCGTATAAAAGCACGGGGCG,16,3795408
tolCp3,17.0,16,0,ATTTTTCTTACGATTAGATA,16,3786787
tolCp3,17.0,16,0,ATTGACTCGGTGTTGAGTTC,16,3784516
tolCp3,17.0,16,0,AGTTGCAGTCGCCGGATTGG,16,3776788
tolCp3,16.0,15,0,GTGCTCGAGCTGTAAAAATA,15,3793061
tolCp3,16.0,15,0,GGTCCCCAGTCTAGACGCGT,15,3787537
tolCp3,16.0,15,0,GGGATCCAGCTGAAGCAGTT,15,3809005
tolCp3,16.0,15,0,GCGCCGATCCTTTCAAACGT,15,3803277
tolCp3,16.0,15,0,GAGCTTACGTTAAAGTCAGA,15,3793244
tolCp3,16.0,15,0,CAGCCTCATGCTCGCAATAC,15,3781044
tolCp3,16.0,15,0,AGGTTTCGGGTCTTTCGCCT,15,3779055
tolCp3,15.0,14,0,TATTTTGAAGACGTCCTGGG,14,3790041
tolCp3,15.0,14,0,ACAACGGCTTGCTTGATAAC,14,3781584
tolCp3,15.0,14,0,AACGCACGGAAATTTAAGTT,14,3788352
tolCp3,14.0,13,0,TCCATCGGGCCTTGGCAGTG,13,3781128
tolCp3,14.0,13,0,GGGGGCCAGAAACGGGAGGC,13,3786047
tolCp3,13.0,12,0,TGATTAGCATCGGGCTGGAC,12,3804637
tolCp3,13.0,12,0,TCTAGCAGGGTTGAATCGAG,12,3806910
tolCp3,13.0,12,0,GTAATGGAGCAAGGGAAAGG,12,3786274
tolCp3,13.0,12,0,CATTAACCACAATATCCAAA,12,3809015
tolCp3,13.0,12,0,AGACGGTTTCGCTTCCGTTG,12,3775706
tolCp3,12.0,11,0,TGGGGGATCTCATTGACGGC,11,3798900
tolCp3,12.0,11,0,GCACCCTGGCGAGTCTGTTT,11,3804088
tolCp3,11.0,10,0,TGCCGTTGACCCAGTACTGG,10,3799762
tolCp3,11.0,10,0,GTGAGAGCCCACTCTGGTCG,10,3793020
tolCp3,11.0,10,0,CTTATTTCTCACTCAACTTG,10,3778662
tolCp3,11.0,10,0,ACCCACAAATAAGTTTAACA,10,3776713
tolCp3,9.0,8,0,TAGAGGATCTGTGAGGAATG,8,3789165
tolCp3,9.0,8,0,TAATCCGGTACCTGCAAGTG,8,3803555
tolCp3,9.0,8,0,GAGATCATGCCTCCTCGACC,8,3792418
tolCp3,9.0,8,0,AAGTGAGACCACAGGCGGAT,8,3778047
tolCp3,8.0,7,0,GTAAGAGGCATAACTGAGCT,7,3809114
tolCp3,8.0,7,0,GATAGTCTGAGGTATCTATT,7,3799675
tolCp3,8.0,7,0,CACGGTTCGTGAGGCCGTCC,7,3779090
tolCp3,8.0,7,0,ATTGCCAAGCTCATAACACC,7,3799091
tolCp3,8.0,7,0,ATTCCTTACCCGTGTGGCTT,7,3776843
tolCp3,7.0,6,0,TTGCGGGGTGTCAGAGCTCT,6,3799862
tolCp3,7.0,6,0,GTCCTCACTGCGGACGTCAA,6,3805581
tolCp3,7.0,6,0,GCTTAATCCAACCCCGCCTT,6,3806069
tolCp3,7.0,6,0,CCTATAAGTTGTTGCAAGCG,6,3806047
tolCp3,7.0,6,0,ATTGGTACTAATGTACGCTT,6,3801528
tolCp3,6.0,5,0,TTGTCTCTGGATGGCATGCC,5,3783115
tolCp3,6.0,5,0,ATGGGCCACTTGCTGCTCGG,5,3803343
tolCp3,6.0,5,0,ATAAATTGAACGTGCTTTGT,5,3787124
tolCp3,6.0,5,0,ACGTTTACTACACCCCAATA,5,3799127
tolCp3,6.0,5,0,AATTCGAGTATCGCCCCCTT,5,3784477
tolCp3,5.0,4,0,TGATCTCGCCGGTATCGGAG,4,3783356
tolCp3,5.0,4,0,TAAGGGGCTTTCAGTCCGTC,4,3797110
tolCp3,5.0,4,0,CTGCTTATTCACGTTCGTTA,4,3779562
tolCp3,5.0,4,0,CCATTCCACTGAATTTCAGG,4,3776695
tolCp3,5.0,4,0,CACGTAGCAACTGTATCATG,4,3808214
tolCp3,4.0,3,0,GATACGGTCACCGTCTAGGC,3,3797918
tolCp3,4.0,3,0,CGTTACTCTGAAACAACAGA,3,3795946
tolCp3,4.0,3,0,ATCCGCCCAGCGGACTACAG,3,3786526
tolCp3,4.0,3,0,AAAAGAGGATCGTGTTGTAG,3,3786120
tolCp3,3.0,2,0,TTAGTTCACTACCATGAGTT,2,3789322
tolCp3,3.0,2,0,GGCCCATTTCGATGCGCTTA,2,3782211
tolCp3,3.0,2,0,GAAACGTAACCATCCGTAAC,2,3783482
tolCp3,3.0,2,0,GAAAACTACGCTATCAATAT,2,3808648
tolCp3,3.0,2,0,ATTATAGGTCCGTCCGAGCA,2,3789997
tolCp3,3.0,2,0,ATCGTAGAGTCACACACAAC,2,3775732
tolCp3,2.0,1,0,TTTGGGACACCTTTGGACGC,1,3787279
tolCp3,2.0,1,0,TTTATAATGTGGTGCGTGCA,1,3777900
tolCp3,2.0,1,0,TTCAGGCCCATGGTTGCAGT,1,3800737
tolCp3,2.0,1,0,TGGTGACCTTTCCATTAAGG,1,3775730
tolCp3,2.0,1,0,TGGGGATGTTCTATCGGTAT,1,3807549
tolCp3,2.0,1,0,TCTCGAAGATTTCGTCAATA,1,3782583
tolCp3,2.0,1,0,TACGGTCAAGGATCGCGAAT,1,3799924
tolCp3,2.0,1,0,TAAGCGCTCCAGGCAGCGGT,1,3787602
tolCp3,2.0,1,0,TAACAGTATTACTGCCCTGT,1,3798978
tolCp3,2.0,1,0,GTTGGAATCGCTCGGAACTA,1,3795154
tolCp3,2.0,1,0,GTACGTTAGTTGGTTTCCTC,1,3780822
tolCp3,2.0,1,0,GGTTACGTCTTCACTGTCGT,1,3783144
tolCp3,2.0,1,0,GGGTTTCATGTTCGAACTGG,1,3787173
tolCp3,2.0,1,0,GCGTTTCTAGGAAGCCACGA,1,3784485
tolCp3,2.0,1,0,GCGGGTCATTTTAATACTTT,1,3795825
tolCp3,2.0,1,0,GCGCAACACCAGGTACCTAG,1,3807428
tolCp3,2.0,1,0,GCATTAAACGGAACTTGGAA,1,3786785
tolCp3,2.0,1,0,GAGGCGTTTTCGCATCGCAA,1,3777860
tolCp3,2.0,1,0,GAGCGCAAAAATTTAATCAT,1,3796626
tolCp3,2.0,1,0,GAACGGTCCGTAGTAACTTA,1,3778323
tolCp3,2.0,1,0,CTTGCGACTTCCGACTCGGA,1,3806698
tolCp3,2.0,1,0,CTTCATTTGTCTTCTTTGAT,1,3798853
tolCp3,2.0,1,0,CTTCATGCTGAGGTAAAACA,1,3795686
tolCp3,2.0,1,0,CTTAACGGTGGTGGGGCTGG,1,3792641
tolCp3,2.0,1,0,CTAGTGTTACCCATCCCGCC,1,3778807
tolCp3,2.0,1,0,CGAGGCTAGTCTGAACGTTG,1,3782182
tolCp3,2.0,1,0,CCGGGAGCTCTATAAACTTG,1,3778163
tolCp3,2.0,1,0,ATCAGCGAATGCGTCGCGCG,1,3784400
tolCp3,2.0,1,0,ATAATCTTTACACAATGGAG,1,3775288
tolCp3,2.0,1,0,AGTTTGTTTTTACTGCATAT,1,3776777
tolCp3,2.0,1,0,AGCTCTGTAGTATCCTGGGA,1,3807417
tolCp3,2.0,1,0,ACGTGCCAATGTGCCTAGAA,1,3792319
tolCp3,2.0,1,0,AAGGAATGATTGGACAAATC,1,3796721
tolCp3,2.0,1,0,AACATCAGATGGCGGCCTCT,1,3806298
tolCp3,2.0,1,0,AAAGAAAAGGGGTGTACGCA,1,3786528
