name,relative_counts,ct,ct_0,barcode,ct_1,barcode_ind
cpxRp2,2.3955223880597014,453,133,CAGTACCAGTGGTGGGCGTT,320,630033
cpxRp2,0.7475728155339806,178,102,CATAACAGGGCCACCAGAAG,76,635083
cpxRp2,0.6701030927835051,160,96,CAGAGGGTGCCAGACTTAAA,64,636602
cpxRp2,0.18085106382978725,109,93,GGACCCTCTGTGCCAGTCCA,16,633093
cpxRp2,0.4782608695652174,134,91,TTTTGTCGGTTGGAGAATCT,43,630114
cpxRp2,0.6521739130434783,150,91,TGGTGACGGTGTTCTCCACT,59,654674
cpxRp2,0.6373626373626373,147,90,AAAACAGCTTTTTACGGATT,57,671081
cpxRp2,0.6555555555555556,147,89,GGTCAATCAGGACGAAGGCT,58,681363
cpxRp2,0.6966292134831461,149,88,GCATGAATGGTTCGTCTACT,61,632216
cpxRp2,0.7674418604651163,150,85,GTTAGCGTTTTACACGAGTG,65,671350
cpxRp2,0.34146341463414637,108,81,ACGTACGGATACCGTTAGTT,27,646945
cpxRp2,0.7875,141,79,TTTCGCCATGTTAGGTGAAT,62,630252
cpxRp2,0.875,148,79,GTCGAAGGTCCAAGTGAACT,69,703158
cpxRp2,0.6329113924050633,127,78,GCGCGTGAACGAATTTCGCA,49,682228
cpxRp2,0.8734177215189873,146,78,CCCGCTGTGGTAATACTGCG,68,677617
cpxRp2,0.6282051282051282,125,77,TCATAGAGCGATGGCATGAC,48,630358
cpxRp2,0.47435897435897434,113,77,CCTACAAGCAACGGTAAGCG,36,633937
cpxRp2,0.3076923076923077,100,77,CCCCCACGCATATCACGCGA,23,712449
cpxRp2,0.3974358974358974,107,77,CAATTACTCTCTGTCGGACG,30,676686
cpxRp2,0.6103896103896104,122,76,GAACGCGCTGTTTCAAGGCA,46,629742
cpxRp2,0.4155844155844156,107,76,CGGTGACCCGGAGAGGTCAC,31,670407
cpxRp2,0.5921052631578947,119,75,TGCCGAGTCCCTATCGTCAC,44,643621
cpxRp2,0.868421052631579,140,75,TACGCCAATGAAGGGTGGAT,65,633320
cpxRp2,0.8289473684210527,137,75,GAGAACTGGCGTCCAGCCGC,62,652698
cpxRp2,1.0657894736842106,155,75,CGTTATAATGGTTGAGTGAG,80,630761
cpxRp2,0.6842105263157895,126,75,CGAGGCTGCGCTCCCATTAA,51,644390
cpxRp2,0.6266666666666667,120,74,TCGCACGGCAATGTAGTAGC,46,670598
cpxRp2,0.4666666666666667,108,74,ATCAGCGGAGATGACGGCAA,34,638844
cpxRp2,0.3108108108108108,95,73,ACATTGGTGAGCCACGGTAG,22,670222
cpxRp2,0.4647887323943662,102,70,GAGCGGCATAGGTGGGTTCT,32,678967
cpxRp2,0.7323943661971831,121,70,CCGTACTAAGTGGCTAATAC,51,644189
cpxRp2,0.5,103,69,GCGATGTTCTGGATAATCTC,34,648330
cpxRp2,0.42857142857142855,98,69,CAAAGGATAGTCGTTGTTTT,29,673376
cpxRp2,0.3382352941176471,89,67,TTTTTCTAAGAGGCGTTCTA,22,690295
cpxRp2,0.45588235294117646,97,67,TCGCGATATTCTGGCCGATC,30,669797
cpxRp2,0.4852941176470588,99,67,CGGCATCCTACGACGTCTGT,32,638756
cpxRp2,0.5588235294117647,104,67,AGATTACTAACGTGGACTTA,37,677176
cpxRp2,0.6029411764705882,107,67,ACTGACCACGGCGCATGTAA,40,630047
cpxRp2,1.5671641791044777,170,66,AACACCTTTCATGTGAGCCA,104,632129
cpxRp2,0.7727272727272727,115,65,TAGCTGCCCACAAGTCAGAG,50,659009
cpxRp2,0.5606060606060606,101,65,AGGAGGCGCGATAGATTTTC,36,666971
cpxRp2,0.6,102,64,CTGCTGAGCGAAATGGCCAC,38,706527
cpxRp2,0.38461538461538464,88,64,CCTTTGCATACCTAGGAGTG,24,646182
cpxRp2,0.2923076923076923,82,64,AAGCACGACAGGTGGTGGAA,18,667977
cpxRp2,0.390625,87,63,TGACACAAGTCCCAGCTCAG,24,652855
cpxRp2,0.34375,84,63,GTCGGGTTAGCATTGTGGAA,21,664269
cpxRp2,0.390625,87,63,GCTCTGAGGATACTGTGGAC,24,653014
cpxRp2,1.140625,135,63,CTGTTAACGAGGCCCCGACC,72,632456
cpxRp2,0.4375,90,63,CGCATCTTGATTAGAGATCA,27,660204
cpxRp2,0.5,94,63,CACTCATCCAGGGTATATAA,31,694463
cpxRp2,0.3492063492063492,83,62,GTGGCTGTATAATTTAACGG,21,641576
cpxRp2,0.5161290322580645,92,61,GAGGTACCTAGAGACGGTTG,31,666031
cpxRp2,0.6774193548387096,102,61,CTACCCAGCGACATGTGCGG,41,656805
cpxRp2,0.2903225806451613,78,61,ATATGATTGGGATAATTAAT,17,636114
cpxRp2,0.5645161290322581,95,61,ACTGCACCCCCTCGAAGTAG,34,641812
cpxRp2,0.3770491803278688,82,60,GATTTACAGTATATGGTTCT,22,631637
cpxRp2,0.4426229508196721,86,60,GACAAACGGTATTAGTACAG,26,711051
cpxRp2,2.819672131147541,231,60,CGTGTACCGCCTAGCGTGAT,171,640298
cpxRp2,0.29508196721311475,77,60,CGAAACTGCGGAGCGCCTTA,17,688089
cpxRp2,0.7213114754098361,103,60,CCGTTTCGGGCTTTGTATCG,43,667260
cpxRp2,0.6885245901639344,101,60,CAATCTTGTATCCGATAGCG,41,630897
cpxRp2,0.9016393442622951,114,60,AGTTACTCTAGAAAAGGTGA,54,649230
cpxRp2,1.05,121,59,TGCCAAATTGTGCAGCGGAA,62,631002
cpxRp2,0.7833333333333333,105,59,TCGCCTGTTGCCGGCATTAA,46,636917
cpxRp2,0.6333333333333333,96,59,CGGTGTCTTACGATAATGCT,37,645534
cpxRp2,0.5166666666666667,89,59,CGATGACCTACATCGATTTA,30,679444
cpxRp2,0.31666666666666665,77,59,CATTAGACATGGCTTCACGT,18,700062
cpxRp2,0.3728813559322034,79,58,TTGCACGTTTGAATAAGGTC,21,637558
cpxRp2,4.661016949152542,332,58,TCTGCGCGGTTCATGTACAT,274,637158
cpxRp2,0.1864406779661017,68,58,TATAATACTATGTCGTGCAA,10,706227
cpxRp2,0.5932203389830508,92,58,GTTTATGCTTTCTCACAAAT,34,632157
cpxRp2,0.288135593220339,74,58,CGGTAATTGAAGCGCGACTT,16,668284
cpxRp2,0.576271186440678,91,58,CGGCGCCTCGGGCTCCACTT,33,654510
cpxRp2,0.5254237288135594,88,58,CCCTATTGTGATATATAGTG,30,639189
cpxRp2,1.0677966101694916,120,58,AGGTTTACACGTTCTTCTTT,62,682665
cpxRp2,0.2033898305084746,69,58,AGGAACGTGCATGAACTACA,11,671536
cpxRp2,0.3728813559322034,79,58,AAAATCAACATTTTTGCGCA,21,642107
cpxRp2,0.20689655172413793,68,57,TCAAGACAATGGCGGTTCCA,11,635818
cpxRp2,0.46551724137931033,83,57,TACCACAGCTGTGGAGGACT,26,651644
cpxRp2,0.7413793103448276,99,57,GGCACGTAGGGATCGTATAG,42,663414
cpxRp2,0.5517241379310345,88,57,GCTGCGGGGGACCATTGGGT,31,677713
cpxRp2,0.15517241379310345,65,57,CTTGAAACAGCAGAGTCTGA,8,633475
cpxRp2,0.7241379310344828,98,57,CTCAGGGTATGTGCTAATCG,41,664905
cpxRp2,0.5862068965517241,90,57,CTATGGTTTCGGGTAGGGAA,33,630115
cpxRp2,0.8448275862068966,105,57,CGTAGTGGGTAATTGCTCTC,48,631533
cpxRp2,0.6724137931034483,95,57,CCCTTCGCAAATGTGAATCA,38,636393
cpxRp2,0.6140350877192983,90,56,GTCAAGCTAGGTAAATCGCG,34,673713
cpxRp2,0.24561403508771928,69,56,GAAGTGGTCTTTTTTTGCAG,13,643403
cpxRp2,3.5892857142857144,255,55,TGTTGGGACTGCAGACCGAA,200,651823
cpxRp2,0.6428571428571429,90,55,TGCGGACTCCTGGCGGAAAC,35,669311
cpxRp2,0.5535714285714286,85,55,TATTCTAACTAGGTACTTTA,30,657222
cpxRp2,0.5892857142857143,87,55,GTAACCTTCAGCCCGAGAAC,32,662550
cpxRp2,0.4642857142857143,80,55,GCGGCGGCCACTTAGCTTTG,25,675814
cpxRp2,2.017857142857143,167,55,GAATGACGGCAAGTCAGTTA,112,637390
cpxRp2,0.5357142857142857,84,55,CGCACATAGGGCACGGGCAT,29,671981
cpxRp2,0.875,103,55,CGCAATCGAGAGTCTGACAT,48,634593
cpxRp2,0.6785714285714286,92,55,AGGAGCTAAGGTGTAGAATA,37,706804
cpxRp2,1.0357142857142858,112,55,ACGTTTCCCTTGGGTCACTT,57,643707
cpxRp2,0.7678571428571429,97,55,AAGGTCATGATTGAAGGGGA,42,698126
cpxRp2,0.12727272727272726,60,54,TTGTCGCGCGAGAATCAGAG,6,643006
cpxRp2,0.6363636363636364,88,54,TGGCTGAGGTTCTACCAAGC,34,630147
cpxRp2,0.6181818181818182,87,54,TCGGATAGATGTACCGGGAG,33,634414
cpxRp2,0.2,64,54,TCCAACCTCGGTGCTGGCTT,10,635906
cpxRp2,0.41818181818181815,76,54,GTGCGTCCCTCCGCTGAAAA,22,633474
cpxRp2,2.909090909090909,213,54,GTCAAATCTTGTGCATGGCA,159,646895
cpxRp2,0.5636363636363636,84,54,GTAGCCACTACACTTCCCGT,30,701145
cpxRp2,0.7818181818181819,96,54,GGAATGGGAATCGTTTATCC,42,696289
cpxRp2,0.6545454545454545,89,54,GCGGTCGGTACGGGCTTGGT,35,649084
cpxRp2,2.7636363636363637,205,54,CCCCGTCCTCTGGGATAGGA,151,667273
cpxRp2,0.6727272727272727,90,54,CCATCAGGTCGTGCCCTCGT,36,709386
cpxRp2,0.9454545454545454,105,54,ATAGCTTTCTCTATTGACAT,51,655336
cpxRp2,0.4727272727272727,79,54,AGAGTCAGTTCAATCGCACT,25,703939
cpxRp2,0.6,86,54,ACCACGTTGATCGCACAGAG,32,631266
cpxRp2,0.8909090909090909,102,54,ACACGCGTATACAGGTTGGA,48,629786
cpxRp2,0.4909090909090909,80,54,AACAAAGAAGAAAAGGGCAA,26,629665
cpxRp2,0.8888888888888888,100,53,TTGGTCCAAGCCAGCCCCTG,47,631564
cpxRp2,0.5925925925925926,84,53,TCACTGCGAACAATATGGTT,31,644481
cpxRp2,0.7037037037037037,90,53,TATATGACGCCGTTTTCTTG,37,685624
cpxRp2,0.6296296296296297,86,53,TAAAAAGACTTCGGGTACCT,33,649885
cpxRp2,0.3148148148148148,69,53,GTTTCAGTAGATGTGGTGAG,16,699356
cpxRp2,0.7222222222222222,91,53,GTCAAGGCGAGTTGCATGAA,38,634232
cpxRp2,0.8518518518518519,98,53,GGGCTACCTGCGGCTCCAAC,45,636205
cpxRp2,0.35185185185185186,71,53,GGACGGGTGAGTGAGAACTA,18,653677
cpxRp2,0.7037037037037037,90,53,GCTCCCTGAGGATGCTGTTC,37,633640
cpxRp2,1.2407407407407407,119,53,CCGCGACTAGACTACACCAG,66,645570
cpxRp2,1.1481481481481481,114,53,CAAGCCGAATAGCGCATCTT,61,677454
cpxRp2,8.75925925925926,525,53,AAACCGCATCGTTACGCTCT,472,673039
cpxRp2,0.11320754716981132,57,52,TTACCTATAAAACTCGCCTG,5,639965
cpxRp2,0.6792452830188679,87,52,TGCCAGGTTATAGCCTGCAT,35,698063
cpxRp2,0.4716981132075472,76,52,TGAAATCCTATTGATCAGCA,24,669228
cpxRp2,0.9811320754716981,103,52,TATAAGATGATAGTCATTGC,51,640090
cpxRp2,0.32075471698113206,68,52,TAGGGCGGACGAGCTAAACA,16,670299
cpxRp2,1.4528301886792452,128,52,GTCCAAGGGCAAACTGGGAA,76,629644
cpxRp2,0.37735849056603776,71,52,GGTCCAAGGGGACCAAGGCA,19,651667
cpxRp2,0.5660377358490566,81,52,GGTACTACCTTGATGCTAAT,29,666725
cpxRp2,1.0377358490566038,106,52,GCCCAAGGTATGGCTGGCAA,54,635025
cpxRp2,0.24528301886792453,64,52,GCAGGCCATGATCTAGGCTA,12,659966
cpxRp2,0.41509433962264153,73,52,CGTCTGATCTAGTGATTATA,21,634344
cpxRp2,0.33962264150943394,69,52,CGGCAGGGAATTTTCGTGCG,17,686804
cpxRp2,0.32075471698113206,68,52,CGCTTTGGCAAGAAGAGCCA,16,711489
cpxRp2,0.16981132075471697,60,52,CCGGCGGGGTTTATTGAAGG,8,663780
cpxRp2,0.7735849056603774,92,52,CAGGGGCGGCACTCGGTCCA,40,663673
cpxRp2,0.11320754716981132,57,52,AGCACCAACAGGTGTTAGCA,5,632046
cpxRp2,0.2830188679245283,66,52,AATGATTGCCAGTGACGCAT,14,647438
cpxRp2,0.2830188679245283,66,52,AAAACTGGTAACACCGTTTC,14,650397
cpxRp2,0.6923076923076923,86,51,GTTGGTCCGGCAGTATGGGT,35,631835
cpxRp2,0.4807692307692308,75,51,GTCACAGCGATCACTTGTAC,24,672203
cpxRp2,0.36538461538461536,69,51,GAGTCTATTGATTTACCACT,18,654669
cpxRp2,0.4230769230769231,72,51,GACTAAGGCCGATTGACCGT,21,653620
cpxRp2,0.7307692307692307,88,51,GAATCGCATCGTAGATCTGA,37,657193
cpxRp2,0.4423076923076923,73,51,CTCGCCGAAGTAGTGTCTGG,22,634518
cpxRp2,0.5961538461538461,81,51,CTCCCTAGTAGCGGGAACTC,30,694470
cpxRp2,0.5961538461538461,81,51,CGGGATAGCATCTGTAAAGC,30,693040
cpxRp2,0.7115384615384616,87,51,CATAACCAACCAGTACTGAT,36,682316
cpxRp2,0.5,76,51,CACCCGGACGGAAGACCCGA,25,676029
cpxRp2,0.28846153846153844,65,51,ATCGAGGATTCCTGATTAGG,14,654741
cpxRp2,0.8076923076923077,92,51,AGAACAGCCCATACGGCGAT,41,686507
cpxRp2,0.29411764705882354,64,50,TCTGTTACACTGAGGCTCTT,14,694154
cpxRp2,0.5294117647058824,76,50,TCCCCAGCACGGTGTTTGAG,26,703701
cpxRp2,0.6470588235294118,82,50,TCCATGACACGCGGACCACA,32,640150
cpxRp2,0.49019607843137253,74,50,GGCTAGCCAGGACTTCCAAT,24,635004
cpxRp2,0.45098039215686275,72,50,GATGCTTGTAAGAGTAACAA,22,679751
cpxRp2,1.0392156862745099,102,50,CTTAGATTGGGCTATCTGAA,52,632419
cpxRp2,0.3137254901960784,65,50,CGGGCGTCGCCATTACCGGG,15,651446
cpxRp2,0.23529411764705882,61,50,CAAATGAAAAAATCGCTCGT,11,634375
cpxRp2,0.11764705882352941,55,50,AGGCGAGATGCTCTTTTTGA,5,642049
cpxRp2,0.45098039215686275,72,50,AAGTTATTCACATGCGGAGG,22,660600
cpxRp2,0.58,77,49,TTTTTTCCCACGCGCTCGCG,28,642456
cpxRp2,0.64,80,49,TTAGGGAGCTGCCTCGTGTA,31,644290
cpxRp2,0.4,68,49,TTAGAATAATACGTTTAGCA,19,663946
cpxRp2,0.92,94,49,TGAGAATATGGCACATGATC,45,668951
cpxRp2,1.28,112,49,TCACACGGTAGATCCGTAGT,63,663990
cpxRp2,0.9,93,49,GTCTGAGCAGGTAGTGTGCC,44,630900
cpxRp2,0.74,85,49,GAGTCTGCCTATCCCCGTGT,36,631595
cpxRp2,0.56,76,49,GACGTAGTAGAGGCTGGTAG,27,693501
cpxRp2,0.54,75,49,GACAACGGCGCGTTAGGGCA,26,644079
cpxRp2,0.86,91,49,CTTTGCCTGTACTAGGAGAT,42,687991
cpxRp2,0.9,93,49,CTTGGCTCGTACATTAAGGA,44,633555
cpxRp2,1.34,115,49,CTATGACTTTATCGTACACT,66,670202
cpxRp2,1.02,99,49,CATGTTCCTGTGCCTCCAAT,50,674445
cpxRp2,0.78,87,49,ACCTGCACGGTGCTCATAAC,38,632249
cpxRp2,0.88,92,49,AATTTCTTTCATTAGTTCAT,43,677821
cpxRp2,0.24,60,49,AATTAAATCTAATTAGTTGT,11,695720
cpxRp2,0.42857142857142855,68,48,TTTTCGAGGGGCCAGGACTC,20,662457
cpxRp2,0.5918367346938775,76,48,TTTCACCGATTCTCACTTTT,28,662591
cpxRp2,0.5510204081632653,74,48,TCTGGAAGCCCACATGGGGT,26,635297
cpxRp2,0.30612244897959184,62,48,TCATTTTCCCAAAGAGTAGG,14,634148
cpxRp2,0.3673469387755102,65,48,TATCCAAGCGATAAGGGGTG,17,660926
cpxRp2,0.8163265306122449,87,48,GTGCGCTCTGCGGATATTGA,39,677659
cpxRp2,0.5714285714285714,75,48,GTGAGTGCACAGGCGGCGCA,27,656078
cpxRp2,0.2653061224489796,60,48,GGCACACTAATCTGATAACA,12,683745
cpxRp2,0.3469387755102041,64,48,GGAGCCATACACCAGTTTTG,16,631466
cpxRp2,0.42857142857142855,68,48,CGGAAGGTCATTTTGCCGTT,20,655923
cpxRp2,0.6530612244897959,79,48,ATGGTGCTAGGCTAATACGG,31,639237
cpxRp2,1.9591836734693877,143,48,ATCTCTATTTAGCAGATAGT,95,637507
cpxRp2,0.4897959183673469,71,48,AGGGCCAATGTCGATAGATT,23,638748
cpxRp2,0.3877551020408163,66,48,AGCGGCCGGGTATAATCGTA,18,641593
cpxRp2,0.14285714285714285,54,48,AGACCTATTGCGATACGTGT,6,708092
cpxRp2,0.6938775510204082,81,48,ACACCCACGAACCCCGGTAC,33,670223
cpxRp2,0.5833333333333334,74,47,TTGCTTCAATAATGTCTCGT,27,661845
cpxRp2,0.4166666666666667,66,47,TGTTAAGACGCCGATACCAC,19,636275
cpxRp2,0.4166666666666667,66,47,TGTACGTGCTGACGCACCTA,19,661096
cpxRp2,1.6666666666666667,126,47,TGCGCCAAGCTTACTGCAGG,79,636521
cpxRp2,0.5625,73,47,TGCCCGGCGCAGTCGCACTG,26,664767
cpxRp2,0.3541666666666667,63,47,GTTCTCGCTGACACGAACAC,16,672364
cpxRp2,0.7708333333333334,83,47,GTCTCACCAAGGGAGCTTAT,36,633393
cpxRp2,0.8333333333333334,86,47,GGCAGTTACCGACCCATCCA,39,658391
cpxRp2,0.625,76,47,GGACGGCGATATATGTTAAA,29,638924
cpxRp2,0.1875,55,47,GATCCTGCGTTGCTCGTCAA,8,704832
cpxRp2,0.8333333333333334,86,47,GAGTAGTCGTCAGAGTTGGT,39,633506
cpxRp2,1.7083333333333333,128,47,CGTCGAACACTCAGAGCCCA,81,636874
cpxRp2,0.3125,61,47,ATGTCTGGCAAGCAGCCCTT,14,666207
cpxRp2,1.3541666666666667,111,47,ATCATGTCAACCGACGCTGC,64,636391
cpxRp2,1.574468085106383,119,46,TTGAAAGACGCAACTAAATG,73,646336
cpxRp2,0.8297872340425532,84,46,TGCTGCTTCTCGATCCTTTT,38,657279
cpxRp2,0.2765957446808511,58,46,TGCAAAGATTAAGGGCAAGC,12,693124
cpxRp2,0.6808510638297872,77,46,TCGCCTGTATCGTCAACAAT,31,653033
cpxRp2,0.6170212765957447,74,46,TATCGAGGCAGGACAAGTTG,28,660376
cpxRp2,0.5531914893617021,71,46,GGAGTGGAACAGATAAATAA,25,708118
cpxRp2,1.7659574468085106,128,46,GCTGCGGACCCCATCGCGAC,82,694321
cpxRp2,0.40425531914893614,64,46,GCTCACCCAAGCTAGTGTTG,18,668673
cpxRp2,0.5106382978723404,69,46,GAGAACGGGCATTATCCCAA,23,687616
cpxRp2,0.3404255319148936,61,46,CTGGAACAGGGCTGGGAGTC,15,678182
cpxRp2,1.2553191489361701,104,46,CTAACCCTCCGGCGGTCGGA,58,651995
cpxRp2,0.48936170212765956,68,46,CCGGCTTTTTCCATACGCCA,22,702473
cpxRp2,0.9148936170212766,88,46,CCATGTACCGAGGGCTGTTT,42,630638
cpxRp2,0.9361702127659575,89,46,CCATCTAGAACAGCCTTCGG,43,706727
cpxRp2,0.9361702127659575,89,46,CCACGTCCATTAAAAATTCG,43,692506
cpxRp2,0.6808510638297872,77,46,CACGGAATCAGCAAAACTCT,31,637887
cpxRp2,0.3191489361702128,60,46,CAACCTGGATCTCATACGCA,14,630359
cpxRp2,0.46808510638297873,67,46,CAAAGTGCACTGGGTGCTGT,21,637782
cpxRp2,0.5319148936170213,70,46,ATCCTCGTTTTCCACAAGGG,24,643867
cpxRp2,1.872340425531915,133,46,AGACAGGCCTCGCAAAGGGT,87,630035
cpxRp2,0.3617021276595745,62,46,ACTCTGCGTTCGGTGCGTGG,16,657588
cpxRp2,0.3829787234042553,63,46,ACTAAATTATTCGTAGGACG,17,681241
cpxRp2,0.40425531914893614,64,46,AAGACATCGGTTATGTTATA,18,655013
cpxRp2,0.34782608695652173,60,45,TGGGGGGTGAGGGTTGTCGG,15,629720
cpxRp2,0.9782608695652174,89,45,TGACTGGTCCCGGATCCTTT,44,644028
cpxRp2,0.391304347826087,62,45,TCGTCTCAGATTCAAATCTG,17,637888
cpxRp2,0.7391304347826086,78,45,TAACTCCTAGACCCCGCTGA,33,652696
cpxRp2,0.6956521739130435,76,45,GTTTTGGAGCGCTGGTTTGT,31,678185
cpxRp2,0.32608695652173914,59,45,GTTGTAACATGTTCTCGGCG,14,629696
cpxRp2,0.34782608695652173,60,45,GTTAGAATGAGCATGTAATC,15,659880
cpxRp2,0.32608695652173914,59,45,GTGCGTAAACTTAGATCCTG,14,700340
cpxRp2,0.41304347826086957,63,45,GTCTATCGGTATCAGCATTC,18,660458
cpxRp2,1.4130434782608696,109,45,GGGCGGAGTGCTCATATCAG,64,641679
cpxRp2,0.4782608695652174,66,45,GGAGGTCACATCGAGCGGGA,21,635194
cpxRp2,0.5869565217391305,71,45,CTTAAAATTGGCGTCCCTAA,26,652757
cpxRp2,0.8478260869565217,83,45,CTGGGAAAATGAGTGACTAC,38,630788
cpxRp2,0.6739130434782609,75,45,CGAATGACAAATGGAGTACA,30,632372
cpxRp2,0.9782608695652174,89,45,CCATAGCGGCCTGTGTCGCT,44,669848
cpxRp2,0.13043478260869565,50,45,ATTTAAAGCTAGACTATTTG,5,682853
cpxRp2,0.6521739130434783,74,45,AGACATGTTCTTTATGGAGT,29,641866
cpxRp2,0.5652173913043478,70,45,ACGGTAGGTTCAGACTCCTG,25,657787
cpxRp2,1.6888888888888889,119,44,TTCGTGATTGGATCCAAAAT,75,635974
cpxRp2,3.533333333333333,202,44,TGCGGCGTAGACCAGAATCT,158,647052
cpxRp2,0.6222222222222222,71,44,TATGGGGGCGGTGCCATGGT,27,697892
cpxRp2,0.2,52,44,TAAATTTTGAGCAGATTCCA,8,696827
cpxRp2,0.6444444444444445,72,44,GTCGGCCCGGCCACTCGCGG,28,698488
cpxRp2,0.5333333333333333,67,44,GGGGCTACCGTATTCTACTG,23,631950
cpxRp2,0.3111111111111111,57,44,GGACCCGCTATCCGCGTTAT,13,636844
cpxRp2,0.8,79,44,GCGGTGCCCTCACTGGTCAT,35,661477
cpxRp2,1.2666666666666666,100,44,GCCTCCACAATTATTACAAA,56,680300
cpxRp2,0.5555555555555556,68,44,GAGAGGCCGACAGGGTATAA,24,669183
cpxRp2,0.4666666666666667,64,44,CTTGCTTTCCTTCATCGTGC,20,686885
cpxRp2,0.6444444444444445,72,44,CGTTCGTTGCGGGGAGTTGT,28,682728
cpxRp2,0.8,79,44,CGTAGTTGTGGGAAATCGTA,35,632340
cpxRp2,0.13333333333333333,49,44,CCTATGTTTAGATGTCTAGC,5,667040
cpxRp2,1.0888888888888888,92,44,CCGCCAGAATTAGGTTCCCA,48,658712
cpxRp2,0.6666666666666666,73,44,CCCTTTGACCAACAGTATCT,29,643998
cpxRp2,0.35555555555555557,59,44,CCCTCGCAGGTAGCCTCTTG,15,637311
cpxRp2,0.7555555555555555,77,44,ATACTTCCTCCATTGATCAC,33,666724
cpxRp2,0.7333333333333333,76,44,ACGTCCGCGGGCCGCGGTTT,32,632999
cpxRp2,0.4222222222222222,62,44,ACAACTATGCACAGTGTCAA,18,636953
cpxRp2,0.38636363636363635,59,43,TTCGGATAGTAGTCAATCAT,16,661361
cpxRp2,0.6590909090909091,71,43,TCTCTGGTGTTGGGTCTCTT,28,650038
cpxRp2,1.0454545454545454,88,43,TCGTGGATATGGTTATTGAA,45,636872
cpxRp2,1.2045454545454546,95,43,TCGTGCTTGCGTCACCCTAA,52,644558
cpxRp2,0.5454545454545454,66,43,TAAGGTGGTCTACTGCCATT,23,630323
cpxRp2,0.5,64,43,GTCGTTTATAGATGACTGAG,21,664915
cpxRp2,0.6818181818181818,72,43,GGTGCTACGTGACTCTGGGC,29,698487
cpxRp2,0.5681818181818182,67,43,GGGTGTACACCTTGTACAGT,24,643538
cpxRp2,1.0,86,43,GGGGGTGCCCAACCAGTGCA,43,665077
cpxRp2,0.4318181818181818,61,43,GGAGATGCCCACCAGACGCC,18,640645
cpxRp2,0.2727272727272727,54,43,GGAATACAGAGTAGAGCACC,11,670397
cpxRp2,1.0227272727272727,87,43,GCTTCCTGGTAACAAGAGCA,44,630484
cpxRp2,0.3181818181818182,56,43,GCTTCATCTGGCACGGTCCG,13,650184
cpxRp2,0.3409090909090909,57,43,GCGAAAGGATATGACATAAT,14,684689
cpxRp2,0.29545454545454547,55,43,GCAACCGCGTCAGGATAATC,12,641736
cpxRp2,0.1590909090909091,49,43,GAGTGGGGAGTTGGACTACT,6,675966
cpxRp2,0.5681818181818182,67,43,GAGCTATTGACCCACAGGCC,24,691708
cpxRp2,0.5454545454545454,66,43,GACTTAGCCAAGCGCCCGCC,23,663590
cpxRp2,0.36363636363636365,58,43,CGCTCTTGATTATAAGACTA,15,630320
cpxRp2,0.1590909090909091,49,43,CCGTTTCAAGTGACGCGATT,6,656003
cpxRp2,1.1136363636363635,91,43,CCCCTTGAGTATGGGACCAT,48,661925
cpxRp2,1.1136363636363635,91,43,CCCACGGACGAAGGCCATTT,48,702337
cpxRp2,1.2954545454545454,99,43,CCCACCTCGAGTCTGGGTAC,56,667112
cpxRp2,0.3409090909090909,57,43,CCAGCAGTACGGCGACTCGA,14,672471
cpxRp2,0.6136363636363636,69,43,CAGGATTGGGCTATCCTTTT,26,630810
cpxRp2,0.5681818181818182,67,43,ATCTGTCATTACATCCGCCA,24,663003
cpxRp2,2.1363636363636362,136,43,AGAGCCCAACCACGCAGTCC,93,640293
cpxRp2,0.8863636363636364,81,43,AGACGTATCCCGGCCATAGC,38,631331
cpxRp2,0.8409090909090909,79,43,AGACACAAATACGGGAAGAG,36,655238
cpxRp2,0.3409090909090909,57,43,AACACGAAAGGAGCACATCT,14,632426
cpxRp2,1.3488372093023255,99,42,TTTGGACGGCTTAAGGTCAT,57,635397
cpxRp2,0.11627906976744186,46,42,TTACGTTAGGAAGCAGGTAG,4,692519
cpxRp2,0.9534883720930233,82,42,TTACAATTCTTGGTACGTTT,40,662735
cpxRp2,0.8372093023255814,77,42,TGTGTAGTTCCGGGATATCG,35,630501
cpxRp2,0.7209302325581395,72,42,TATGTCCCGTGTTTCCTGAA,30,698585
cpxRp2,0.6976744186046512,71,42,TATACAGTACTCTAGGATAC,29,642521
cpxRp2,0.6976744186046512,71,42,GGTCCCACGCCATTCAGTGG,29,652556
cpxRp2,1.2093023255813953,93,42,GGGAGTCCTTGCCTCCATGT,51,639156
cpxRp2,0.7906976744186046,75,42,GCAGTCCGTCACTTAAGGCG,33,633657
cpxRp2,0.06976744186046512,44,42,GATGGTTGGAGGCCTATATT,2,684870
cpxRp2,1.1162790697674418,89,42,GAGACTCTTGTGAAGCAAAA,47,689639
cpxRp2,0.5116279069767442,63,42,CTTCATCCTTACCAAATGCT,21,638949
cpxRp2,0.5348837209302325,64,42,CTGATTGCCGGTAAGTAGAA,22,641281
cpxRp2,0.5813953488372093,66,42,CTCGAGGCAAATAGACGGGG,24,632053
cpxRp2,0.2558139534883721,52,42,CGGCATAGGGTGGGAAGTGC,10,662235
cpxRp2,0.27906976744186046,53,42,CGAGTGGACTTCGTTACACT,11,696557
cpxRp2,0.5348837209302325,64,42,CCTTGTCCTGGTAGTAGTCT,22,633238
cpxRp2,0.5116279069767442,63,42,CCGACTTCTTTCTTGACCTA,21,661641
cpxRp2,1.0232558139534884,85,42,CATGAAAGCGTCGAGCGCCA,43,650187
cpxRp2,0.8837209302325582,79,42,CAATTACAAAGCGTAAACGT,37,644216
cpxRp2,0.6046511627906976,67,42,ATCCCGTCAGTGAACCGAGT,25,675527
cpxRp2,0.18604651162790697,49,42,ACCCACGAATAGTTACGGAA,7,669069
cpxRp2,1.0,84,42,AATGTCGGGACGCCTAATCA,42,677172
cpxRp2,0.30952380952380953,53,41,TTGGTCTTTCATGACCAGGT,12,655363
cpxRp2,0.42857142857142855,58,41,TGTCAGGCCAATTTCTTTCA,17,664171
cpxRp2,0.38095238095238093,56,41,TCTGTTTGTCCGTGAACATA,15,672906
cpxRp2,1.1666666666666667,89,41,TCCCTGAGCCGAAGAGGTGT,48,636058
cpxRp2,0.40476190476190477,57,41,TAACGATCTTCGCCGTCGTC,16,679508
cpxRp2,0.23809523809523808,50,41,GTGTTGGTGTGTCCAAGACA,9,699927
cpxRp2,0.7619047619047619,72,41,GTAGGCGCAGGCCTAACGTT,31,683989
cpxRp2,0.6904761904761905,69,41,GGCCGCATACTGGAGTTTTG,28,632827
cpxRp2,0.23809523809523808,50,41,GAGAGCGAGCTATATGGAAA,9,690024
cpxRp2,0.5714285714285714,64,41,CTCTGCCGCTTCGCATCCAA,23,693539
cpxRp2,0.2619047619047619,51,41,CGAGCCAGCATCTAACGCAT,10,658276
cpxRp2,0.38095238095238093,56,41,CCCAGGCAGGTCACGTGATC,15,686241
cpxRp2,0.8809523809523809,77,41,CACAGCTGAGTAGGTAATCA,36,682018
cpxRp2,0.5476190476190477,63,41,CACAAAAAGCGGTTAAATAT,22,679397
cpxRp2,0.6666666666666666,68,41,ATGGCTACCGAACGTGTGAT,27,629756
cpxRp2,0.5,61,41,ATGACGGACCAACCTTGCGT,20,676356
cpxRp2,6.642857142857143,319,41,ATAGTTCCAGTTCTGTCGTG,278,631664
cpxRp2,0.5952380952380952,65,41,AGTTACCTCAGGGACCATCT,24,699693
cpxRp2,0.5952380952380952,65,41,AGGGAGAGGAGGCGTACTCT,24,629979
cpxRp2,0.6904761904761905,69,41,AGAGCAATATAGGCCGCTTT,28,655489
cpxRp2,0.5952380952380952,65,41,AATCTGGCGTGAATAGGGTA,24,641385
cpxRp2,0.47619047619047616,60,41,AAGTAATACCGCCGTATCAT,19,632008
cpxRp2,0.42857142857142855,58,41,AAGGCAATCGTTACTGAGTA,17,644497
cpxRp2,0.3170731707317073,52,40,TTGGCGATTCTACCACACGT,12,667216
cpxRp2,0.4146341463414634,56,40,TGTCATTCTCCGCAGAAGGT,16,671170
cpxRp2,0.34146341463414637,53,40,TGGCGAGGGGGGAGGGGGAT,13,634780
cpxRp2,0.43902439024390244,57,40,TGATTTGGAGCGTTTTCGAA,17,629775
cpxRp2,0.3902439024390244,55,40,TGAGTTTTGGGTCTACTCAC,15,700405
cpxRp2,1.853658536585366,115,40,TCCGAACGAAGCAACCAATG,75,663408
cpxRp2,0.7804878048780488,71,40,TCCCTGAGGCTCCAGTGGGT,31,632849
cpxRp2,0.8536585365853658,74,40,GGAGGACGCTTGGACTCAAT,34,631296
cpxRp2,0.5853658536585366,63,40,GCTCGTTAATAATTAATAAG,23,687770
cpxRp2,0.4878048780487805,59,40,GACGTCTGAGTGGGAGTTGT,19,678760
cpxRp2,0.6829268292682927,67,40,GAACACTGTGCTTATGCTTG,27,630732
cpxRp2,0.1951219512195122,47,40,CTCGGCGAGGAGTAAGGCTT,7,646051
cpxRp2,0.36585365853658536,54,40,CTAACACAGGATGTCTGGGT,14,647237
cpxRp2,0.6585365853658537,66,40,CCCACCGCCCTTATGATGCG,26,691740
cpxRp2,0.7560975609756098,70,40,CCAAGTGCATATTGCATGTG,30,631752
cpxRp2,0.9024390243902439,76,40,CATTTAACTTGAATCACCAA,36,648897
cpxRp2,0.4146341463414634,56,40,CATGTTCATGCGGAACCGCT,16,692569
cpxRp2,0.12195121951219512,44,40,CATATGCGGCGGTCTAACAT,4,639205
cpxRp2,0.8292682926829268,73,40,AGGCAGCCGGGCAAAGGAGA,33,652021
cpxRp2,0.4878048780487805,59,40,AGGAGCAACGTCTCGTAAGC,19,673302
cpxRp2,0.17073170731707318,46,40,ACGGATGCAGTGTTTGCAGA,6,644685
cpxRp2,0.6097560975609756,64,40,ACACTACCGCGCCACACTCT,24,682352
cpxRp2,0.4634146341463415,58,40,AACTAGACAATTTCTGTTGG,18,654353
cpxRp2,0.525,59,39,TTAACCCGCCCGAATTGCGA,20,636070
cpxRp2,0.625,63,39,TGGTGCGGCGCTGCAGCACA,24,660861
cpxRp2,1.45,96,39,TGCTAAAGCAGCCTCGCCAA,57,646837
cpxRp2,1.6,102,39,TGCCATGGGTCTGTCGGGGG,63,634233
cpxRp2,0.55,60,39,TGAGACTGCCACCGGGTGCA,21,690495
cpxRp2,0.3,50,39,TCTTACAGGATAACCGTCAC,11,651160
cpxRp2,0.525,59,39,TCAGCACGGAAGGGGGGCGA,20,631754
cpxRp2,0.475,57,39,TAGGATGTGGGAGGACTACG,18,639946
cpxRp2,0.45,56,39,TAGAACCTCCTGGCTTTTTG,17,696666
cpxRp2,0.325,51,39,GTACTCGATAGGCCGAAGCT,12,648392
cpxRp2,0.65,64,39,GGGGGCGGTAGCGGGTCATT,25,696938
cpxRp2,0.725,67,39,GGCGGGAACTGGATGAGAGA,28,655332
cpxRp2,1.0,78,39,GGCCTAGACCATAGTATTAC,39,637620
cpxRp2,0.475,57,39,GGAGCTGGTGACGATATCCT,18,685452
cpxRp2,0.95,76,39,GATGAGGGTGCCATGTGACG,37,669229
cpxRp2,0.9,74,39,CTGAGCTGCCACAATGAAGC,35,634735
cpxRp2,0.375,53,39,CGCAGTTCAACATCCACATC,14,641806
cpxRp2,0.325,51,39,CCGCCAGGCATCGGGTAGCT,12,636338
cpxRp2,0.95,76,39,CCCCGGCCTAGACTTGACTT,37,681127
cpxRp2,0.625,63,39,CCACCTGAATAGGGCTTTAT,24,640457
cpxRp2,0.05,40,39,CCAACCCACTCCTGGCTGGT,1,646923
cpxRp2,0.7,66,39,CAATCGACTTCATCCAGAAC,27,685688
cpxRp2,0.15,44,39,CAAAACAACCGGGGAACGAG,5,703583
cpxRp2,0.525,59,39,ATTCGGCACTCAGCGGCGTC,20,680046
cpxRp2,0.625,63,39,ATTCGCTACAAGTGTTAAGC,24,669232
cpxRp2,0.775,69,39,ATGCTCAGGGAAGGACCGTT,30,671753
cpxRp2,0.725,67,39,ATGACATGCAGAGGACAACA,28,673188
cpxRp2,0.75,68,39,AGTTTGGCGCCTTGAGGCAT,29,693229
cpxRp2,1.95,116,39,AGAGCACGAGCACTATCGTT,77,690740
cpxRp2,0.225,47,39,ACTTAGAAACGATCCACTCT,8,689959
cpxRp2,0.225,47,39,ACGGACTTACACAGAGCCTC,8,639219
cpxRp2,0.2,46,39,ACCAGTCTCCTGGAGTTCAT,7,677798
cpxRp2,0.55,60,39,ACAAGTTTGCACGTTGGTAT,21,687934
cpxRp2,0.625,63,39,AACTCTAACCCATGTGCAGC,24,631184
cpxRp2,0.725,67,39,AACTCGACATATTGGGACGA,28,654616
cpxRp2,0.125,43,39,AAACTCAGGGCGTAAATCAG,4,658622
cpxRp2,1.0512820512820513,78,38,TTTGGGGCATGTGTACCTCA,40,670534
cpxRp2,0.6923076923076923,64,38,TTAACCGCAACTAATGAGTA,26,660626
cpxRp2,0.6666666666666666,63,38,TGTTAGTTCCCGCTTAGCAG,25,652956
cpxRp2,0.5897435897435898,60,38,TGGGTCTTTGTGGCAACGTA,22,646454
cpxRp2,1.1282051282051282,81,38,TGGCCCGGATCTATAGTAGA,43,640753
cpxRp2,0.8461538461538461,70,38,TGAAGACTGCAGCGCTAATT,32,652492
cpxRp2,3.4615384615384617,172,38,TCGAGAGAATAGATGCTGGG,134,672763
cpxRp2,0.5641025641025641,59,38,TCATACTAGCTCCGGTGATT,21,642448
cpxRp2,0.6666666666666666,63,38,TATTAGGGCGCATCGTCGTG,25,711847
cpxRp2,1.1794871794871795,83,38,TATATCTCACCCGGGTCCTT,45,636176
cpxRp2,0.3333333333333333,50,38,GTGCTACGAAGTCACCGAAT,12,685729
cpxRp2,0.10256410256410256,41,38,GTGCCTGTGCCCCAAGTGGT,3,644029
cpxRp2,0.3333333333333333,50,38,GTGAGACGTTGACGCGGGAG,12,642221
cpxRp2,1.1538461538461537,82,38,GTCGTTTAGGCATTAGTGTC,44,639347
cpxRp2,0.5384615384615384,58,38,GTCAAACTGAGCGTTACGAA,20,648469
cpxRp2,0.5897435897435898,60,38,GCTTTCTTCACTGCGGAAGT,22,664407
cpxRp2,0.46153846153846156,55,38,GCGTTATTTAACGTCGCAGC,17,635723
cpxRp2,1.2564102564102564,86,38,GCCCACCAGTCCAGCGGGGT,48,632387
cpxRp2,1.1025641025641026,80,38,GAGGTAGGGGTGGAGCGACC,42,637178
cpxRp2,0.38461538461538464,52,38,GAACAACGATCTCGTTCAGG,14,636982
cpxRp2,0.9487179487179487,74,38,GAAAGTATTGCCACTGGTTA,36,711487
cpxRp2,0.9487179487179487,74,38,CTCGACATCTCCCCAGGTTC,36,704557
cpxRp2,1.7692307692307692,106,38,CTCCGGCAGCTGTTTCCTCG,68,696795
cpxRp2,0.358974358974359,51,38,CGTGGCCGGATCGGTGAGCT,13,632052
cpxRp2,0.38461538461538464,52,38,CGCGTTTAGGTCAGTTGCAG,14,661957
cpxRp2,0.46153846153846156,55,38,CCCTGGCGGTTATAGGTGAA,17,641250
cpxRp2,0.4358974358974359,54,38,CCCGCGCGCGAAGTAATCGT,16,675445
cpxRp2,0.8717948717948718,71,38,CCCCACATGAAATGCCTTTC,33,633281
cpxRp2,0.10256410256410256,41,38,CCACGGAAGTAAGCGTCGTC,3,680503
cpxRp2,0.38461538461538464,52,38,CAACTTGAACGATCGTGGAG,14,669329
cpxRp2,0.20512820512820512,45,38,CAACATGGGTGTTCCCCGAG,7,683775
cpxRp2,0.9230769230769231,73,38,ATGGAGAAGCCAGACCCCAA,35,631976
cpxRp2,0.7435897435897436,66,38,ATAGGGTCAGGTCCAATACA,28,656966
cpxRp2,1.1794871794871795,83,38,ACTCCCTCCAGAAGGGTCGG,45,650935
cpxRp2,0.3076923076923077,49,38,ACGTAGCGACCAGCGGGTCA,11,648085
cpxRp2,0.4358974358974359,54,38,ACGGTTACGTGCCTGGCTTT,16,650395
cpxRp2,0.23076923076923078,46,38,ACCTTGTACGACGGGTCGAT,8,646887
cpxRp2,0.38461538461538464,52,38,ACCCCGTACTGAAGTGTATA,14,644587
cpxRp2,0.20512820512820512,45,38,AATAGATCAAAAGGCGCAGG,7,671331
cpxRp2,0.47368421052631576,54,37,TTTTCCCACATTATCGATTG,17,679525
cpxRp2,0.3157894736842105,48,37,TTGTAATTCTTACATCTTGT,11,669147
cpxRp2,0.6842105263157895,62,37,TTCGTGCCGTTAGATAGGCA,25,638799
cpxRp2,0.34210526315789475,49,37,TTATAGTCGCGTTCCGATAG,12,648084
cpxRp2,0.7105263157894737,63,37,TGGATCCTTGAAACCCCCGT,26,646394
cpxRp2,0.9736842105263158,73,37,TGGAGTGAGAGAATTGCTGT,36,652262
cpxRp2,0.47368421052631576,54,37,TGCATCACCTCTTAGCGATT,17,668189
cpxRp2,0.5,55,37,TGATGTTGAGCATGAAGATT,18,633876
cpxRp2,0.7631578947368421,65,37,TAAGGGATGACGTCTTGTAA,28,638271
cpxRp2,0.6578947368421053,61,37,TAACTGGTGAATGTCTTACC,24,636368
cpxRp2,0.47368421052631576,54,37,TAAACATTTATCGGATCTTT,17,632862
cpxRp2,0.6578947368421053,61,37,GTGTGGTGTAGTAAGGTCAG,24,649559
cpxRp2,0.868421052631579,69,37,GGTTTCGTCATGGCGCCTGT,32,709393
cpxRp2,1.4210526315789473,90,37,GGACACGTACGTGTCTAACA,53,634104
cpxRp2,0.9473684210526315,72,37,GGAATCATAGTATGAGGTCA,35,687250
cpxRp2,0.18421052631578946,43,37,GCGTTCACATTTCCGGGTAA,6,693072
cpxRp2,0.39473684210526316,51,37,GATACGAAATGTATCACCCA,14,704449
cpxRp2,0.4473684210526316,53,37,GAGACTGCAATATCCATTCA,16,659258
cpxRp2,0.15789473684210525,42,37,GAAGAAGACAACCAGCTTCC,5,695169
cpxRp2,0.868421052631579,69,37,CTTTAGGTCCCCAGTTATGA,32,646214
cpxRp2,0.7368421052631579,64,37,CTGCTACTCACGAAATTGAA,27,636651
cpxRp2,0.3684210526315789,50,37,CTCTCAGAATTAAGGGTTGC,13,640755
cpxRp2,0.868421052631579,69,37,CTCGTTTGTCATCGCGCCAG,32,665399
cpxRp2,0.4473684210526316,53,37,CTCGGGGTACTTGTCCGGGT,16,656275
cpxRp2,0.42105263157894735,52,37,CTAAAGCTCATTCTTCCAGT,15,684743
cpxRp2,0.3684210526315789,50,37,CGTTCTAATATCCCTTTCAA,13,673155
cpxRp2,0.42105263157894735,52,37,CGGGCAACAAGAGTGTGTAT,15,660332
cpxRp2,1.2105263157894737,82,37,CGGCACCTTTACTATTACAA,45,632725
cpxRp2,0.2894736842105263,47,37,CGCGCATTCGCGGGCAGTGT,10,669666
cpxRp2,0.9736842105263158,73,37,CCTGTTATTTAGGGACGAAA,36,632522
cpxRp2,1.263157894736842,84,37,CATCCTGTTCCTAAATACGA,47,639644
cpxRp2,0.47368421052631576,54,37,CAGGGACTTACAATGCTGCC,17,659916
cpxRp2,0.2631578947368421,46,37,CAACTCCACTGAGGCTTATA,9,687705
cpxRp2,0.4473684210526316,53,37,ATGTTTCCCATAGGGCCGTG,16,708474
cpxRp2,3.289473684210526,161,37,AGTGTACGGAGGGGTATAAA,124,674681
cpxRp2,1.3421052631578947,87,37,AGGTCAGGGACGCGCGACCT,50,645573
cpxRp2,0.39473684210526316,51,37,ACTTCGACCAGATCCGACAG,14,654487
cpxRp2,1.4736842105263157,92,37,ACTACGCAAGTGGTACAGGA,55,678792
cpxRp2,1.263157894736842,84,37,ACGATACGAATTTGTGCACT,47,683189
cpxRp2,0.21052631578947367,44,37,AATCCCTCCACGGTTTCGGA,7,689159
cpxRp2,1.7105263157894737,101,37,AATCAGGTTCTGTCCGGGCA,64,650256
cpxRp2,1.131578947368421,79,37,AAGAGTGGATAGGTATTATG,42,698526
cpxRp2,0.8157894736842105,67,37,AAACTGAGACAAGATGCTAG,30,640798
cpxRp2,0.6756756756756757,60,36,TTGTAACCTCGGAGAGTCTG,24,635126
cpxRp2,0.5135135135135135,54,36,TTGGCTAGAGGCGGAACGTG,18,638598
cpxRp2,1.162162162162162,78,36,TTGGACAGTTATTGAGGACG,42,683611
cpxRp2,0.8108108108108109,65,36,TTGAGGCTGATAAAAGCAGC,29,639587
cpxRp2,0.4864864864864865,53,36,TTCGTCAGATGTAACTTACT,17,631845
cpxRp2,0.9459459459459459,70,36,TTCATTAAATGGGTCCCAAT,34,674955
cpxRp2,0.05405405405405406,37,36,TTACGTCACTAAACCCGGTT,1,648232
cpxRp2,0.40540540540540543,50,36,TGGCATCACGGTCTGACATG,14,668520
cpxRp2,0.3783783783783784,49,36,TGATTGACCAAGGCCTATTA,13,636412
cpxRp2,0.9459459459459459,70,36,TATTTGCACCTGATCAATAA,34,632511
cpxRp2,4.54054054054054,203,36,TATGAGGACGATACGGCACC,167,637832
cpxRp2,0.4864864864864865,53,36,GTGCCGTCGTTATTCCGCTA,17,670490
cpxRp2,0.8918918918918919,68,36,GTGAGTGAGCTTGGGCCTTT,32,697651
cpxRp2,0.24324324324324326,44,36,GGGGCCGGCCGAGGTGGTTC,8,689444
cpxRp2,1.027027027027027,73,36,GGGCTTCGAGAATGACTATT,37,644911
cpxRp2,0.35135135135135137,48,36,GGAAGTTTTAAGCCAGGAAT,12,635819
cpxRp2,0.6216216216216216,58,36,GCGTTGTTATCACACATGTC,22,657884
cpxRp2,0.8648648648648649,67,36,GCGACTATGGCCGCCCTAAC,31,689567
cpxRp2,0.16216216216216217,41,36,GCAGAATCCACAAGCAAGAT,5,683594
cpxRp2,0.1891891891891892,42,36,GAGAACACGTGGCGCCCTTA,6,680804
cpxRp2,0.1891891891891892,42,36,GACTATTTCCCAAAAAAGAA,6,646547
cpxRp2,0.5675675675675675,56,36,GACATATATGACAGTGCCCT,20,659151
cpxRp2,0.13513513513513514,40,36,CTTTCATGAAGAGCTACTGA,4,653262
cpxRp2,0.13513513513513514,40,36,CTTTAGTATATTGGCGATCA,4,705168
cpxRp2,0.5945945945945946,57,36,CTAAACACTCTCCGCAATCT,21,635513
cpxRp2,0.7027027027027027,61,36,CGCGAAAAAGTCAAATGTCT,25,703705
cpxRp2,0.7027027027027027,61,36,CGACTAATACCGTCTAGGCA,25,663745
cpxRp2,0.4864864864864865,53,36,CCGGACTCGTTCCCAGCCTA,17,637529
cpxRp2,0.4594594594594595,52,36,CCGCCACAGGAGATAATGAC,16,689973
cpxRp2,1.135135135135135,77,36,CACGCAGTGAGTTACTGTTC,41,696983
cpxRp2,1.1891891891891893,79,36,CACGACTTTCGACAGCACAC,43,663539
cpxRp2,0.40540540540540543,50,36,CAATATTGTCCCGTTGGAGT,14,701238
cpxRp2,0.3783783783783784,49,36,ATTAAGCCCACTGGTCCGTT,13,668970
cpxRp2,0.3783783783783784,49,36,ATGCCTAGCAAGAGGTACGA,13,651024
cpxRp2,0.24324324324324326,44,36,ATCTGACGAGAATATAGGTA,8,683948
cpxRp2,0.8108108108108109,65,36,ATACGCTCATTTCACTGCGT,29,655549
cpxRp2,1.162162162162162,78,36,AGGGTAACGCCGTACCCCTT,42,665664
cpxRp2,0.2972972972972973,46,36,AGGGCAAGCGCTAATCTGAT,10,661874
cpxRp2,0.40540540540540543,50,36,AGGAGCTATTACGAGTCCCA,14,673311
cpxRp2,0.4864864864864865,53,36,AGATTCGCCGGGTTACCTAT,17,664039
cpxRp2,0.32432432432432434,47,36,AGAGACACTCCTGGAGAGAA,11,635779
cpxRp2,0.13513513513513514,40,36,ACTGGTGTTCTAATCAGCAT,4,640946
cpxRp2,0.4594594594594595,52,36,ACCGTTCTGTATTGTACTAG,16,630117
cpxRp2,0.4594594594594595,52,36,AATTGGAATGGTTTTGAAGA,16,656827
cpxRp2,0.8378378378378378,66,36,AAAGCCGATGTTGAAATACA,30,645739
cpxRp2,0.13513513513513514,40,36,AAAAAGCTTCCTCTTAACCA,4,650893
cpxRp2,0.5833333333333334,55,35,TTGGACAATGCTGCCACGTA,20,646683
cpxRp2,0.5833333333333334,55,35,TGGATGTTGTAGTACTGTGC,20,648872
cpxRp2,0.3888888888888889,48,35,TGCGTGCTTCCATTTTTAAC,13,668965
cpxRp2,0.2777777777777778,44,35,TGCGTAAGGACTACAGTGGA,9,691987
cpxRp2,0.6944444444444444,59,35,TCTGACTTTTTCAGGTCAAG,24,647763
cpxRp2,0.3888888888888889,48,35,TAGCGAGAGTGTTAAATCGA,13,677932
cpxRp2,0.5,52,35,TACGTACCCCGGTGATCTGC,17,709342
cpxRp2,0.5833333333333334,55,35,TAAGTTGTAAAAGGCCTCGC,20,631798
cpxRp2,0.3888888888888889,48,35,GTTAGGCGATGCATAGCGTA,13,639493
cpxRp2,0.4722222222222222,51,35,GTGTTGGTCCACCAGGTATT,16,696553
cpxRp2,0.8333333333333334,64,35,GTGCTTAGGCATCCCGTTTT,29,646514
cpxRp2,1.4444444444444444,86,35,GTGAGGAGAAGAGATGAATA,51,637487
cpxRp2,0.7222222222222222,60,35,GGTTAGTCGTGGTAGTGCTT,25,693651
cpxRp2,0.6944444444444444,59,35,GGGATATCCCTGGGAATATA,24,653060
cpxRp2,0.8055555555555556,63,35,GGCCTTGAGTTCCTGCTGCT,28,651373
cpxRp2,0.5833333333333334,55,35,GCGGACCCTTCCAATAGTTG,20,645222
cpxRp2,0.9166666666666666,67,35,GCCCCAGAGTGATGAGCAAG,32,641646
cpxRp2,0.6111111111111112,56,35,GCCAACAGTTCTGATGTGTG,21,697550
cpxRp2,0.6111111111111112,56,35,GCATTGGGCACGGGGACCCA,21,645369
cpxRp2,0.8333333333333334,64,35,GCATAGCCAGTGCCGGGAAA,29,703849
cpxRp2,0.4444444444444444,50,35,GATCAGATCAAAAAAACATA,15,688274
cpxRp2,0.6111111111111112,56,35,GAACTAAGGTATTTATTGGA,21,643511
cpxRp2,0.05555555555555555,36,35,CTACAACACTAACGGCATAC,1,710438
cpxRp2,0.5833333333333334,55,35,CGGCTTGTATCCATAAGTTT,20,637967
cpxRp2,0.3333333333333333,46,35,CCTACACGCGCACTTAGGAA,11,702819
cpxRp2,0.5277777777777778,53,35,CCCTGGTTCACATCAAGACA,18,639559
cpxRp2,0.6944444444444444,59,35,CCAACACGGACTTCCCGGCA,24,642496
cpxRp2,0.4444444444444444,50,35,CATGTTGCTATGAACACTTG,15,629981
cpxRp2,0.19444444444444445,41,35,CATGGGTCTCGCATTGCCCT,6,694112
cpxRp2,0.5,52,35,CAGTTAATTTGTTTGTTATC,17,678184
cpxRp2,0.75,61,35,CACGGGCGCTGATTCTCGTA,26,707040
cpxRp2,0.1111111111111111,38,35,ATTCTGTCTTGAAGTCCTCT,3,653257
cpxRp2,0.25,43,35,AGTGCATGGTCAGCAAACCA,8,690669
cpxRp2,0.2777777777777778,44,35,AGTCTGGAGATAATCCTGGA,9,663993
cpxRp2,0.3611111111111111,47,35,AGATGCCAATTGAACTCTTA,12,637621
cpxRp2,0.7777777777777778,62,35,AGACCCGGTCGGGATCACGA,27,671801
cpxRp2,0.19444444444444445,41,35,ACTTTACGGTGGCTTGACAG,6,643963
cpxRp2,0.5,52,35,ACTACGTGTGGAGCTCCTCC,17,707458
cpxRp2,0.05555555555555555,36,35,ACGTGACGTAACCATTTCTT,1,689297
cpxRp2,0.5555555555555556,54,35,ACCGATAGGGTTGCCAGTTG,19,652317
cpxRp2,0.6111111111111112,56,35,AACTCAGGGGTAAGTTTATA,21,670612
cpxRp2,0.6571428571428571,56,34,TTGGCAAGATCTGCAGAGTA,22,641500
cpxRp2,1.3714285714285714,81,34,TTATTCCTCGTCATTTGTAG,47,647411
cpxRp2,0.34285714285714286,45,34,TTAAGCTCAGACTCATAAAT,11,667509
cpxRp2,0.7428571428571429,59,34,TGTTCCAGTAATCGCGCTGC,25,709952
cpxRp2,0.5428571428571428,52,34,TGGCATTGTTGACCCAGATA,18,648302
cpxRp2,0.11428571428571428,37,34,TGCGCTCAAATAGTCCCGCA,3,658098
cpxRp2,0.8,61,34,TCTCTTGGTAACAAGCCATC,27,630869
cpxRp2,1.2,75,34,TCCTTTGTAGTACCACGTTA,41,653970
cpxRp2,0.9428571428571428,66,34,TCCGGCGCAGTCGCCGCGAC,32,662644
cpxRp2,0.8,61,34,TCCCGAATGAAAAGGGGGCT,27,652212
cpxRp2,0.08571428571428572,36,34,TCATCCAGTATCATCCAGGT,2,655422
cpxRp2,0.5428571428571428,52,34,TATCGCCAGCCCATAAAAGC,18,658798
cpxRp2,0.6571428571428571,56,34,TACCCCTAATCCATAATAGT,22,633993
cpxRp2,0.37142857142857144,46,34,TACATAAGACCCGAGTTGCA,12,663119
cpxRp2,0.17142857142857143,39,34,GTGTTGGAGTCGCAGGGGTG,5,666034
cpxRp2,0.4,47,34,GTCGTGACCCTGCCCCTCGG,13,630811
cpxRp2,0.8857142857142857,64,34,GGTGTACAAGCGTAATTATG,30,645740
cpxRp2,0.37142857142857144,46,34,GGCGCAGACGATATCATGAG,12,686647
cpxRp2,0.34285714285714286,45,34,GCGGCGGCCAGTGTGACTCA,11,641832
cpxRp2,0.08571428571428572,36,34,GCCATCGGCTCGCGTTGCCG,2,694909
cpxRp2,0.2571428571428571,42,34,GAACTCTCGTAAATAAGGGG,8,656646
cpxRp2,3.7714285714285714,165,34,CTGTCCGGCTATAGCACAGT,131,647053
cpxRp2,0.8285714285714286,62,34,CTGGTCAGGACGCGTTGGAC,28,643673
cpxRp2,1.0571428571428572,70,34,CTGCTCCGTAAGTACACGCA,36,701305
cpxRp2,0.5428571428571428,52,34,CTCTATCCGGATGTAGTTAT,18,632457
cpxRp2,0.9142857142857143,65,34,CTAGGTCGGTGTATTGGGGA,31,707666
cpxRp2,0.3142857142857143,44,34,CGTATCGTACATGGATATCC,10,703053
cpxRp2,0.8571428571428571,63,34,CGGCGATATAGTGGGCATTG,29,636952
cpxRp2,0.8857142857142857,64,34,CGGACGTTCTCTTGGACGCA,30,675086
cpxRp2,0.22857142857142856,41,34,CGCAGACGGAGTTCTTGGAC,7,678076
cpxRp2,0.42857142857142855,48,34,CCATTGTGCCCAAGACTTCC,14,634289
cpxRp2,0.2857142857142857,43,34,CCATATGGAATAGTCGCTGC,9,656155
cpxRp2,0.9142857142857143,65,34,CCAAATCGTAGATTCTCCTG,31,673493
cpxRp2,0.3142857142857143,44,34,CATTCGCACGGGGTGTAGGG,10,632826
cpxRp2,0.45714285714285713,49,34,CAGCACATGTTGGAGCGTAC,15,688116
cpxRp2,0.5714285714285714,53,34,CAGAAAATGCGTGTACTTGG,19,690108
cpxRp2,0.5428571428571428,52,34,ATTTGCGCCTCCTAAGTTTT,18,689802
cpxRp2,0.8285714285714286,62,34,ATTAGATGGATGCGTGTCCA,28,666439
cpxRp2,0.9714285714285714,67,34,ATGATTTGGGGACAGGGCCA,33,630731
cpxRp2,0.42857142857142855,48,34,ATCGTCGCACTAAGCTACAA,14,688156
cpxRp2,0.2857142857142857,43,34,AGGGCGGCCTACCTGCGGTG,9,662459
cpxRp2,0.2857142857142857,43,34,AGCTGGCTGAGACGTGAGGT,9,662096
cpxRp2,1.1428571428571428,73,34,AGACTTCCCGCTCAAATGGT,39,671061
cpxRp2,0.22857142857142856,41,34,ACGAACCCCGTAATTGATGA,7,679953
cpxRp2,0.22857142857142856,41,34,ACATTGTATCACGTACTGCA,7,639699
cpxRp2,0.4,47,34,AAAGTTCAGTTGCTAACATT,13,652076
cpxRp2,0.6176470588235294,53,33,TTGCCAGCCCCCCGAAAAGT,20,649884
cpxRp2,0.23529411764705882,40,33,TTGAGAATTGTCAGGATTGA,7,679052
cpxRp2,0.5294117647058824,50,33,TTCGCACTATATTCGGTGCT,17,665163
cpxRp2,0.5,49,33,TTACCTGATCGATATATATG,16,671537
cpxRp2,0.9117647058823529,63,33,TGCAGAGGATCACGCATGCG,30,642495
cpxRp2,0.6764705882352942,55,33,TGAATGCTGAATGTCAGCGA,22,633941
cpxRp2,0.14705882352941177,37,33,TCGGGCGGCACCACGGTAAG,4,633200
cpxRp2,0.35294117647058826,44,33,TCGCACTGTTAATCTCCGGA,11,698598
cpxRp2,0.08823529411764706,35,33,TCCGTCTCCGTTACATTACA,2,669159
cpxRp2,0.6176470588235294,53,33,TCCCGGTCAAAGCTGTTAAT,20,649987
cpxRp2,0.5882352941176471,52,33,TCAAAGAGAAGGTATCGCCA,19,683409
cpxRp2,0.8235294117647058,60,33,TAATCCGTATGGCCGTCGAA,27,687475
cpxRp2,0.6470588235294118,54,33,GTTGTTGTGGCGCACGGTAA,21,684608
cpxRp2,0.4411764705882353,47,33,GTTGCGCCAGGTGGTTCCTC,14,689537
cpxRp2,0.3235294117647059,43,33,GGTCTGACTAGACTTACTTA,10,629697
cpxRp2,0.6176470588235294,53,33,GGGGTAGGCACCATTAACGT,20,635725
cpxRp2,0.4411764705882353,47,33,GGGACTTCAGGGGAACATCA,14,650040
cpxRp2,0.9117647058823529,63,33,GGAGTAGACGACCGTGGGGT,30,659903
cpxRp2,1.1176470588235294,70,33,GGACTCCAGCGAGCTATGAA,37,658608
cpxRp2,1.0,66,33,GCTGGACGACGACGGCGGAT,33,681983
cpxRp2,0.6470588235294118,54,33,GACATTATCACCAATTACAA,21,640384
cpxRp2,0.35294117647058826,44,33,CTTTAGTGCTCATAGAGATC,11,657192
cpxRp2,0.7647058823529411,58,33,CTGTGAGGGTATCTGTGTCA,25,632484
cpxRp2,0.6176470588235294,53,33,CTGCCAAATTTTTGATAGGC,20,651663
cpxRp2,0.7647058823529411,58,33,CTCCGTATAGCTGTTGCGCT,25,642882
cpxRp2,0.9117647058823529,63,33,CTCCGTAGATCTAAGAGCTT,30,641317
cpxRp2,0.7941176470588235,59,33,CTCCCTGCAACCTCTGACAT,26,661208
cpxRp2,1.0,66,33,CTATTGGCTCGGTCGGGCTG,33,646446
cpxRp2,0.5588235294117647,51,33,CTATGTGACGGGGGTCAAGG,18,631070
cpxRp2,2.911764705882353,131,33,CTAGTTTTTGGGCGATAGAA,98,643215
cpxRp2,0.9117647058823529,63,33,CGTATGGAGAGTCGGCGAAT,30,637912
cpxRp2,0.38235294117647056,45,33,CGGGCTCACAAATTAGGCCC,12,650220
cpxRp2,0.6176470588235294,53,33,CGGCGACATTGCTTGCCAAT,20,679793
cpxRp2,0.4411764705882353,47,33,CGGAACAACGGGGTTTAATT,14,645014
cpxRp2,0.14705882352941177,37,33,CGATACCGTTTAAAGCCACC,4,636714
cpxRp2,1.0294117647058822,67,33,CGAGAATTGGAGACTGCCAG,34,642600
cpxRp2,0.5294117647058824,50,33,CCGTAAGGATAACCATGGGT,17,634861
cpxRp2,0.38235294117647056,45,33,CCCTGTAAAGTCCGAAGATT,12,708947
cpxRp2,0.38235294117647056,45,33,CCCGGGGTTTAGTCGTATGC,12,629743
cpxRp2,0.3235294117647059,43,33,CCACTTGCCCGGATTGTGAA,10,641640
cpxRp2,0.11764705882352941,36,33,CCAAGTGGACGTGCGGCACC,3,702279
cpxRp2,0.5882352941176471,52,33,CAGGGCTCAGTTTGTGGCGT,19,657410
cpxRp2,0.5294117647058824,50,33,ATTATGGTCAATGAGCCAAG,17,673148
cpxRp2,0.3235294117647059,43,33,ATGTCGGGCGCATAGTCTGC,10,642563
cpxRp2,0.6764705882352942,55,33,ATGTCCCCAGATCGGCTGCT,22,638558
cpxRp2,0.47058823529411764,48,33,AGTTTTCAATTAATCTACGT,15,689408
cpxRp2,0.11764705882352941,36,33,AGGTGCGTGTTTTCTGTCCC,3,712203
cpxRp2,0.11764705882352941,36,33,AGGGTCGAACGCTGTTATGT,3,634225
cpxRp2,1.0588235294117647,68,33,AGCTGGGTGCGAGATATGCA,35,683435
cpxRp2,2.4411764705882355,115,33,AGCGGTAGACGCGTAGTGGA,82,646577
cpxRp2,0.23529411764705882,40,33,AGACGCGTCGTATTACCACA,7,636601
cpxRp2,0.23529411764705882,40,33,ACTGGACAAGAGGTAGCTAT,7,672494
cpxRp2,0.8823529411764706,62,33,ACGCCGGGTTGTACGGGACT,29,636327
cpxRp2,0.08823529411764706,35,33,ACCTTCTTCCCGCGGGTAAC,2,665166
cpxRp2,0.20588235294117646,39,33,AAGCTTTGCGTTTCTATAAT,6,689430
cpxRp2,1.411764705882353,80,33,AAGCCCCAAACTACCAGTGA,47,649156
cpxRp2,0.8235294117647058,60,33,AACTACACGCACTAGCGGAT,27,662088
cpxRp2,0.29411764705882354,42,33,AAATAGAATCCCAGTCCTTA,9,672314
cpxRp2,0.5,49,33,AAAGTCTAGGACTCTCCCAA,16,648026
cpxRp2,2.757575757575758,122,32,TTTTCAAGGCACCGGTCAGT,90,691115
cpxRp2,0.8484848484848485,59,32,TTCGTTTGCACGCAGTAGAG,27,657096
cpxRp2,0.7575757575757576,56,32,TTAGCCTATTAAAGAGATGA,24,660657
cpxRp2,1.4242424242424243,78,32,TTAGACGCTTAGGCTTTTTA,46,639153
cpxRp2,0.7272727272727273,55,32,TGTCTGACATGAGGGACGAG,23,664627
cpxRp2,0.48484848484848486,47,32,TGGTAACCGGACAACTGTAT,15,703533
cpxRp2,0.15151515151515152,36,32,TGGAGGCACGACCAAGCCGA,4,667829
cpxRp2,1.0606060606060606,66,32,TGCGGGTGCGAGATCAGGAA,34,649466
cpxRp2,0.9393939393939394,62,32,TGCCCTGCAGTTCCGAGTAG,30,662255
cpxRp2,0.9393939393939394,62,32,TGCAGGTAGCAAAGGCCCGT,30,650468
cpxRp2,0.696969696969697,54,32,TGAATGCTTAAGGCTGCAGA,22,658434
cpxRp2,0.3333333333333333,42,32,TCGTTTGGTGCTACGAGAAC,10,641234
cpxRp2,0.3939393939393939,44,32,TCGGAGGCCATAGGTCGTAT,12,676924
cpxRp2,1.0,64,32,TCCTTGTGCCATTTGCTCGT,32,696592
cpxRp2,1.303030303030303,74,32,TCCGCCGGGCTTCAAAATCA,42,639883
cpxRp2,0.5757575757575758,50,32,TCCGCCCCTTCTCGGCTCGA,18,637312
cpxRp2,0.42424242424242425,45,32,TCCCTCCCTGTCCGGAGATA,13,692764
cpxRp2,0.30303030303030304,41,32,TCATCCTATAAATTCTGGCC,9,637970
cpxRp2,0.7272727272727273,55,32,TCAGGATAGCGCCAATTTCA,23,670452
cpxRp2,0.3939393939393939,44,32,TCACATCTCGCTATGACCGT,12,703375
cpxRp2,0.7878787878787878,57,32,TCAATAGTCGTCGGCTTGAG,25,639588
cpxRp2,0.5151515151515151,48,32,TAGAGTTACTGGTTCTCAAA,16,633006
cpxRp2,0.30303030303030304,41,32,TAGACAACGTTGAATGTTCC,9,639306
cpxRp2,1.0606060606060606,66,32,TACCGGGTGTGGCGGCCGAC,34,640777
cpxRp2,0.5757575757575758,50,32,TAAACGTGAGTCTTGTCGAA,18,685125
cpxRp2,2.8484848484848486,125,32,GTTTCGAGGTGATCGACTAC,93,708979
cpxRp2,0.24242424242424243,39,32,GTTGCCAGGAGGCGATTCGT,7,667025
cpxRp2,0.696969696969697,54,32,GTTGAGGGTTACCCTTCTTT,22,680266
cpxRp2,0.2727272727272727,40,32,GTGCACAATTAAATACAACA,8,652601
cpxRp2,0.45454545454545453,46,32,GTCGGCGGCTCTTTTGTATC,14,644471
cpxRp2,0.7272727272727273,55,32,GTATTTTCGCGCATACTTAT,23,657023
cpxRp2,0.3333333333333333,42,32,GTATTTAATGTGTTTGCGAG,10,696351
cpxRp2,0.3939393939393939,44,32,GTATCGGCCGTGTTGGGAGC,12,653307
cpxRp2,0.8181818181818182,58,32,GTAACGAATTTCTGAAGGTG,26,650535
cpxRp2,0.7575757575757576,56,32,GGGGTAGATGCATCGTCGGA,24,656727
cpxRp2,0.3939393939393939,44,32,GGCACATAGCGAGCGAGTCA,12,646838
cpxRp2,0.21212121212121213,38,32,GGCAAGCAGCCAGACCTGCA,6,666912
cpxRp2,0.3333333333333333,42,32,GGAGCGTTACTCATTGGGTC,10,704670
cpxRp2,0.36363636363636365,43,32,GGAACAGCTGTTAGTAAATG,11,697884
cpxRp2,0.3333333333333333,42,32,GCAAATCCCTGACTCCTTAA,10,670531
cpxRp2,0.36363636363636365,43,32,GATTGTTATTCGGGAGCCCT,11,654580
cpxRp2,1.0,64,32,GATGAGTCGACGGTCCTAGG,32,697394
cpxRp2,0.6060606060606061,51,32,GATCACATAATGTCCACGTA,19,648255
cpxRp2,0.2727272727272727,40,32,GACGGGAAATCTTCCCGGGC,8,656732
cpxRp2,0.5151515151515151,48,32,GACACTGTTGGGAGGTACAT,16,632858
cpxRp2,0.12121212121212122,35,32,GAAATGATCGGAGCTGTGAG,3,691028
cpxRp2,0.7878787878787878,57,32,CTTTCTTCATTCGGAATCCT,25,665303
cpxRp2,4.242424242424242,171,32,CTGACACATAGCGCTCAACT,139,647058
cpxRp2,0.48484848484848486,47,32,CGTCCGCCAAGTAAAGTCAG,15,634693
cpxRp2,0.3333333333333333,42,32,CGTATGGATTTTCATTCACG,10,674975
cpxRp2,0.8484848484848485,59,32,CGGCGATCAATGTCGTCAAT,27,688989
cpxRp2,0.2727272727272727,40,32,CGCGGGGGCCTATCTTTCGA,8,663343
cpxRp2,0.9090909090909091,61,32,CCTGGTGGAGGTAAACCAAG,29,681387
cpxRp2,0.9090909090909091,61,32,CCTATTTAGTAGAGACCAGT,29,629794
cpxRp2,0.21212121212121213,38,32,CCCGCGCCCGTAAGCCTCCA,6,698330
cpxRp2,1.606060606060606,84,32,CCATGACAGAACAGCGTAAA,52,668395
cpxRp2,0.8181818181818182,58,32,CCAGATACAGGTTAAATCAG,26,638405
cpxRp2,0.06060606060606061,33,32,CATTGCATACTCTAAGGACT,1,711843
cpxRp2,0.7272727272727273,55,32,CATGCATGCGTTAGTATAAA,23,664780
cpxRp2,0.45454545454545453,46,32,CACGGCGTAACCCACCACAT,14,708532
cpxRp2,0.6060606060606061,51,32,CACGATCCCGCAAAACCAGG,19,640229
cpxRp2,0.8484848484848485,59,32,CACAGAAGCGTAGATAAAGT,27,652241
cpxRp2,0.5454545454545454,49,32,ATTGATGTCCGCGGGTTCAG,17,702637
cpxRp2,1.0,64,32,ATGGATAAATTGTCCGTTCA,32,689227
cpxRp2,0.6666666666666666,53,32,ATGCAACTGCCTTGTCTGCT,21,664878
cpxRp2,1.2727272727272727,73,32,ATAACCTAGAGTGGTGGATT,41,697909
cpxRp2,0.24242424242424243,39,32,AGGCACTGAGTTAATAACAA,7,631073
cpxRp2,0.3939393939393939,44,32,ACTTTCATAGCCGTTCGATC,12,636603
cpxRp2,0.48484848484848486,47,32,ACGGTACTCCCGGTAGACTT,15,641966
cpxRp2,0.7272727272727273,55,32,ACGATACCAGATTGGTCCCA,23,680351
cpxRp2,1.2424242424242424,72,32,ACCCAGAGATACAATAAACG,40,635051
cpxRp2,0.15151515151515152,36,32,ACATGGGTTAAGGATTGCTA,4,671937
cpxRp2,0.5757575757575758,50,32,ACAAATAGGGTAATTTTATA,18,636143
cpxRp2,3.0606060606060606,132,32,AATCTTCCCAACGGGAGGAC,100,700569
cpxRp2,0.6060606060606061,51,32,AAGTGAGAATTCTGACGACT,19,636815
cpxRp2,0.5454545454545454,49,32,AAGCTGAAGATACCCCTCCA,17,664436
cpxRp2,0.5757575757575758,50,32,AAGCCCCACTGAACCGACGT,18,711092
cpxRp2,0.696969696969697,54,32,AAGATAAGGTCCGTCGAATT,22,708184
cpxRp2,0.7272727272727273,55,32,AACCAACATATTGATGACTA,23,706254
cpxRp2,0.3333333333333333,42,32,AAATGTCAGATACAGAAACT,10,694995
cpxRp2,0.2727272727272727,40,32,AAAGAGCCCTACAAAGAATT,8,680862
cpxRp2,0.6060606060606061,51,32,AAAACCTTAGTGCAAATTAC,19,638150
cpxRp2,0.21875,37,31,TTGTCCGTAAGACCCAGCGT,6,649364
cpxRp2,0.46875,45,31,TTGACTGATGAGCGATGGGG,14,656217
cpxRp2,0.65625,51,31,TGTTGCCACAACACGCGTAG,20,634377
cpxRp2,0.125,34,31,TGGACTGAGAATCCGGAGAC,3,695917
cpxRp2,0.5625,48,31,TGAGAGTTGGCTAAGTCCCG,17,630423
cpxRp2,1.09375,65,31,TCCGCTCAGACAGTGCGTAG,34,668532
cpxRp2,0.375,42,31,TCCCAGCAACTTGTTACTCT,11,654990
cpxRp2,1.0,62,31,TCAATGCTGGAGGTGTCTAC,31,679576
cpxRp2,0.875,58,31,TAGCGGGGAAAGGCAGCGTT,27,690854
cpxRp2,0.53125,47,31,TAGCACACACAAGGCTGGAG,16,682706
cpxRp2,1.03125,63,31,TACCTAAGAGGCAGGACAGA,32,677527
cpxRp2,0.25,38,31,GTTTTATCTACCATCCGTCC,7,654866
cpxRp2,0.28125,39,31,GTCTTGGCGTACGGGCACCT,8,643953
cpxRp2,1.125,66,31,GTCAGCACAAATCTCTAGGA,35,657592
cpxRp2,0.96875,61,31,GTACCGCGAGCTACAATACA,30,646862
cpxRp2,0.6875,52,31,GGTGTTGAGGCTTCAGAAAC,21,702749
cpxRp2,0.375,42,31,GGTATAGGGAGGCAGTAAGT,11,671188
cpxRp2,0.40625,43,31,GGGCAGATCGGGCGTTGGGT,12,692212
cpxRp2,0.28125,39,31,GGCAAGAGACGAGGCACTTG,8,671672
cpxRp2,1.375,74,31,GCTAGTCAGGAATATGCCGT,43,691547
cpxRp2,0.15625,35,31,GCGTTTGCCGAGATAACATG,4,710324
cpxRp2,0.6875,52,31,GCGCCCATGACGAAAGTATA,21,645433
cpxRp2,0.21875,37,31,GCCCGCAATGGAGCCGTACT,6,705328
cpxRp2,0.90625,59,31,GCCACCCACATTCTGATTTA,28,651161
cpxRp2,0.5625,48,31,GCACAAAAGGGGAGTGCGGG,17,635298
cpxRp2,0.78125,55,31,GCAAACACTGTGAGCGCAGT,24,655083
cpxRp2,0.21875,37,31,GATGCCAGGTTCGAGAGTGG,6,630950
cpxRp2,0.34375,41,31,GATCATGCGGATATGGCATA,10,668499
cpxRp2,0.65625,51,31,GAGCTGAAATTCAAATTCAT,20,703553
cpxRp2,0.34375,41,31,GACTATCTCACGATGATCGT,10,663046
cpxRp2,0.625,50,31,CTTGGGTAAGATTATAGCTG,19,668224
cpxRp2,0.78125,55,31,CTCGCGTTGTCACACTCCGA,24,654393
cpxRp2,2.78125,119,31,CTATAGGGGCCTCAAGTGAA,88,661392
cpxRp2,0.15625,35,31,CGTTCTTAGCCGAACCGGGA,4,656133
cpxRp2,0.09375,33,31,CGGTCGATCGGACATTCGGT,2,711846
cpxRp2,0.09375,33,31,CGGCATACGCTTAGTCAAAA,2,649314
cpxRp2,0.75,54,31,CGCGCTTGGCCGCTTAGGTT,23,645411
cpxRp2,1.1875,68,31,CGCCCCGTGGAGGCGGAAAT,37,696373
cpxRp2,0.5,46,31,CGCAGGAATGCCCAATGACT,15,650764
cpxRp2,0.71875,53,31,CGCAAATAGCAAGGAGACAC,22,652873
cpxRp2,0.125,34,31,CGAACGAACTGAGAGGGGTC,3,665332
cpxRp2,0.84375,57,31,CCTTAAAACCGCCGGTATGG,26,630665
cpxRp2,0.53125,47,31,CCTAAACTGCTTATAAATAG,16,683265
cpxRp2,0.46875,45,31,CCAGAGGGCAACAGAAGCGC,14,683366
cpxRp2,2.75,118,31,CCAAACATGGCTTCCCAGTT,87,661793
cpxRp2,0.5625,48,31,CATCGGCCCTAGCCGGTTAC,17,688403
cpxRp2,0.5625,48,31,CAAAGGTCCCGGAACGTAAA,17,662045
cpxRp2,0.34375,41,31,ATTGAGACGAGCTACCGCAA,10,645133
cpxRp2,0.96875,61,31,ATGCTGCACTAACCGCCGGT,30,689354
cpxRp2,0.65625,51,31,ATGAAAGAGTTAAGTTAGTT,20,642502
cpxRp2,0.375,42,31,ATCCCTTAGACGTATTTGGC,11,636624
cpxRp2,0.8125,56,31,ATATTCAATGTTTTTACCGA,25,687021
cpxRp2,0.40625,43,31,ATAAGGCGTAAGTCTTTATT,12,646113
cpxRp2,0.40625,43,31,AGTTTTAGCCGCGTATAATG,12,685976
cpxRp2,0.09375,33,31,AGTTCCTTCGATCGTAGTTG,2,659924
cpxRp2,1.0,62,31,AGTAACAGTCACGTACTATC,31,643508
cpxRp2,0.90625,59,31,AGCTTTCCTTGAGCGACTCT,28,650840
cpxRp2,0.8125,56,31,AGCGACCTATCATCGACGGG,25,656425
cpxRp2,0.625,50,31,AGCAATACTGGATAGGCATT,19,648472
cpxRp2,0.3125,40,31,AGATTCCAGGGGGCACGAAG,9,638152
cpxRp2,0.78125,55,31,AGACTTAGGTCAATTGGTCA,24,706747
cpxRp2,0.5,46,31,ACGGGTGCAGAGTGGCGCCT,15,630371
cpxRp2,0.34375,41,31,ACATGGCGTTGGACGGAAAG,10,635739
cpxRp2,0.8125,56,31,ACAGTATAACTCGTGACCCG,25,649323
cpxRp2,0.0625,32,31,AATTCCGTACCCTTTACTTG,1,635820
cpxRp2,0.28125,39,31,AATCAAGCACCGCCTCCATC,8,695918
cpxRp2,1.375,74,31,AAGTAACTTAGACTATGGAA,43,680759
cpxRp2,0.21875,37,31,AAGGAAACGGCACATAGGTT,6,710042
cpxRp2,1.5625,80,31,AAGATAGTGAAACACCTAGA,49,706305
cpxRp2,1.53125,79,31,AAATGTTGTATGCGACGGGG,48,671154
cpxRp2,0.3125,40,31,AAAGAGAAACTTCCCACGAA,9,633226
cpxRp2,0.40625,43,31,AAAATAGTCCAACGATCCTG,12,632620
cpxRp2,0.4838709677419355,44,30,TTTTCGCGGGGTTTGTCAGG,14,635198
cpxRp2,0.3548387096774194,40,30,TTTCCCCGCGGTGTCGCTAA,10,654538
cpxRp2,0.967741935483871,59,30,TTTACTATCTGTGAGGGCAT,29,693336
cpxRp2,0.45161290322580644,43,30,TTAATTAGTGAGTCCGATGA,13,664026
cpxRp2,0.41935483870967744,42,30,TGTTTAGCGCCGTTGGCAAT,12,695772
cpxRp2,0.45161290322580644,43,30,TGTTAACCGTGTACTTGGGG,13,634513
cpxRp2,0.6451612903225806,49,30,TGTACTACAGAAATCTTCTA,19,647797
cpxRp2,0.7096774193548387,51,30,TGGGCGGTCAGCGACAACGA,21,693373
cpxRp2,1.903225806451613,88,30,TGCACGTAGTTCTAGTACAA,58,647525
cpxRp2,0.41935483870967744,42,30,TGACCCTGCCGTGCACTCTT,12,665779
cpxRp2,0.3548387096774194,40,30,TCGGTCCTTTACAGAGACAC,10,688430
cpxRp2,0.1935483870967742,35,30,TCGGCTTGATGGTGTTGCGA,5,694029
cpxRp2,1.2903225806451613,69,30,TCACGGGTATCTCCCGCGGG,39,689229
cpxRp2,0.5161290322580645,45,30,TATAGTTCGGGAACTCCCAT,15,656066
cpxRp2,1.096774193548387,63,30,TAGCACGGCTCAAGGCATAT,33,646395
cpxRp2,2.2580645161290325,99,30,TACCGGGAGCGTGACCAAAC,69,667409
cpxRp2,2.064516129032258,93,30,TACCGCTTCATATGAGCATC,63,681382
cpxRp2,0.3548387096774194,40,30,TACCAAGGAAGCACCAGGAT,10,630901
cpxRp2,0.6129032258064516,48,30,TAATCCTCTTGTATTACGGA,18,664302
cpxRp2,0.8709677419354839,56,30,TAATAATCATTTCCGTTAAG,26,701322
cpxRp2,0.6451612903225806,49,30,TAAGCGGGTACGTGACCAGT,19,702696
cpxRp2,0.7419354838709677,52,30,GTTGTCGCGAAAATCACTTA,22,677375
cpxRp2,0.7741935483870968,53,30,GTTATGATAGGGGTGGGTGT,23,634971
cpxRp2,2.6774193548387095,112,30,GTTAAGTCCCCAGACTATGT,82,661401
cpxRp2,0.4838709677419355,44,30,GTGTTGTAAATGTGTCTTCT,14,654865
cpxRp2,0.9032258064516129,57,30,GTGGCAGTATATGTCGCCAG,27,630591
cpxRp2,0.22580645161290322,36,30,GTGACGCGGCCTGAAACAGG,6,699816
cpxRp2,0.3225806451612903,39,30,GTGACAATGAGGTCTAGCCA,9,649359
cpxRp2,1.2258064516129032,67,30,GTAGTGTCCCGAATTTTGTT,37,669850
cpxRp2,0.06451612903225806,31,30,GTAGAGTTTTAATGATAGGA,1,640635
cpxRp2,0.6451612903225806,49,30,GGGTCGCTCTTTAATCATCC,19,664799
cpxRp2,1.096774193548387,63,30,GGATTGGTTGAGGCATATAC,33,653618
cpxRp2,0.5806451612903226,47,30,GCTTGACACTGATCCTAACG,17,696261
cpxRp2,1.096774193548387,63,30,GCTCCCGAGTTTTACCTCCA,33,633732
cpxRp2,1.1612903225806452,65,30,GCAGGGTTCCCTGGGAGGCA,35,652978
cpxRp2,0.6774193548387096,50,30,GCAACATGATCACGAGCTTT,20,669818
cpxRp2,0.3548387096774194,40,30,GATAAAGAACTATGTCAGCA,10,662257
cpxRp2,0.6451612903225806,49,30,GAGAAGGGCCTTGTACCCGC,19,684064
cpxRp2,17.70967741935484,578,30,GAATTGAATTCGCTAGCGGG,548,640887
cpxRp2,0.8709677419354839,56,30,GAATAAGTTGATGGTTATAA,26,652121
cpxRp2,0.9354838709677419,58,30,GAAACGGTAGGGCGTGAACA,28,671077
cpxRp2,0.7741935483870968,53,30,CTTTCATTCGCGGCTACCAA,23,633842
cpxRp2,1.1612903225806452,65,30,CTTACCTGCGCCCGGGCTGA,35,635704
cpxRp2,0.5161290322580645,45,30,CTGTCGCTTCGATTGGTTCC,15,664239
cpxRp2,0.3548387096774194,40,30,CTGGGACAGTGGTTCAAGAG,10,641615
cpxRp2,0.5161290322580645,45,30,CTGCTCGCTATTGTCCTCGA,15,642783
cpxRp2,0.5483870967741935,46,30,CTGACGGACAATACAAAGGC,16,693073
cpxRp2,2.032258064516129,92,30,CTCTCCGGCACTTAGAGAAC,62,706308
cpxRp2,0.25806451612903225,37,30,CGTACCGCACTTATTGTCGC,7,636474
cpxRp2,0.25806451612903225,37,30,CGGGCTACCACGGGCGGTAT,7,686468
cpxRp2,0.7096774193548387,51,30,CGCTCTTCACGGATGGATAG,21,634821
cpxRp2,0.9032258064516129,57,30,CGCGCCATACTAATGCACAC,27,647330
cpxRp2,0.2903225806451613,38,30,CGATAATGGGGGTCTGTCCT,8,676433
cpxRp2,0.3870967741935484,41,30,CCTCAACATTCCAAATAGAA,11,638989
cpxRp2,0.7741935483870968,53,30,CCGTCAAGAATATCGCGATA,23,686186
cpxRp2,0.0967741935483871,32,30,CCGGTACGTCGGCCCAGAGG,2,650534
cpxRp2,2.2580645161290325,99,30,CCGCGGTTCTCTTCTGCGTA,69,642894
cpxRp2,0.3870967741935484,41,30,CCGACGCGCAAGGAATAGGA,11,641260
cpxRp2,0.8387096774193549,55,30,CCCCCTGAGGGTGTCAACCC,25,689563
cpxRp2,0.8387096774193549,55,30,CCAGTGTTCTTGTAAACGCA,25,648591
cpxRp2,0.22580645161290322,36,30,CCACTTGCATCCGGACCACG,6,710464
cpxRp2,0.5161290322580645,45,30,CACGGGTCGGCTCTCCCACA,15,638867
cpxRp2,0.7419354838709677,52,30,CACGGCAGGGAATTCAGTAC,22,701198
cpxRp2,0.967741935483871,59,30,CACGCACAGAAGCCGGACAT,29,698919
cpxRp2,1.2580645161290323,68,30,CACAGACGATAGGTGGCGGA,38,681750
cpxRp2,0.0967741935483871,32,30,CAAGCCTATTTAGGGGCGAG,2,697679
cpxRp2,0.1935483870967742,35,30,CAAATTACGATCGTGGAACG,5,681502
cpxRp2,0.3225806451612903,39,30,ATTGAACGAACCATGCGTGT,9,663753
cpxRp2,0.7419354838709677,52,30,ATGTCCTCTGATAATTCCTG,22,702587
cpxRp2,1.1290322580645162,64,30,ATGGGTCAGGTTCAGCTGAC,34,686466
cpxRp2,0.3870967741935484,41,30,ATCCCACCCTAGAGTCGGTT,11,665861
cpxRp2,1.0,60,30,ATACTTTAGACGTAGGGAAC,30,653231
cpxRp2,0.22580645161290322,36,30,ATAAGTGTGTCATGTGAAGC,6,708475
cpxRp2,0.8064516129032258,54,30,ATAAGAGGCAGCTAGAGCCC,24,664629
cpxRp2,0.5483870967741935,46,30,AGTAAGATTGTACGGGTGGC,16,643674
cpxRp2,0.9032258064516129,57,30,AGGTCGCGTACGCAGCAAAA,27,702879
cpxRp2,0.9032258064516129,57,30,AGGTAGAAATTAGGTCCTGA,27,660353
cpxRp2,0.5806451612903226,47,30,AGGCGATTCACTATGGGTCT,17,643501
cpxRp2,0.3225806451612903,39,30,AGGACACATCTCTACGGCTT,9,660101
cpxRp2,0.4838709677419355,44,30,AGCGGTCGTAGCATGTTAAA,14,703071
cpxRp2,0.3548387096774194,40,30,AGATATCTGGTGGGATGTCG,10,686393
cpxRp2,0.8709677419354839,56,30,ACTTATACCGGAAATACTTT,26,702222
cpxRp2,0.5161290322580645,45,30,ACGTGCGTGTGCGTTAAAAA,15,637559
cpxRp2,0.45161290322580644,43,30,ACGGGATCTCGCCTTGCAAG,13,630122
cpxRp2,0.8709677419354839,56,30,ACGGAAGCTTAACCTTGGAA,26,686695
cpxRp2,0.7096774193548387,51,30,ACGCTTTGCTTTGGCGCCTT,21,633198
cpxRp2,0.8064516129032258,54,30,ACGATGTTAGCGCATATCAT,24,650681
cpxRp2,0.3548387096774194,40,30,ACCAATAAGTCGCGCCTTGA,10,677347
cpxRp2,1.2903225806451613,69,30,ACACTTCCGCTAAGGAATGA,39,648420
cpxRp2,1.4838709677419355,75,30,AATACCCGATAAGTCAGTGT,45,667319
cpxRp2,0.25806451612903225,37,30,AAGTTGACTTGTAGATTTAG,7,668941
cpxRp2,0.16129032258064516,34,30,AAGCGCATCCCGGACAGCTA,4,653410
cpxRp2,0.6129032258064516,48,30,AAGATCTCGTACGATGACCT,18,660001
cpxRp2,0.6451612903225806,49,30,AAATGGGGTTGACGGTTAAG,19,680289
cpxRp2,0.16129032258064516,34,30,AAATAAATGGGGCGGGATAA,4,660901
cpxRp2,0.967741935483871,59,30,AAAGCGAGCAGAGCTAGCAA,29,632044
cpxRp2,0.3870967741935484,41,30,AAAGCATTGTCGAATACGAA,11,661574
cpxRp2,0.8,52,29,TTTTGCGCTGGATTTCTCTT,23,696742
cpxRp2,0.6,46,29,TTTGGTATGAACCAGTGCTG,17,678478
cpxRp2,0.9,55,29,TTTGCCTCGCGTTCAATACT,26,685526
cpxRp2,0.16666666666666666,33,29,TTTAACCTCTACATGGGGCT,4,663114
cpxRp2,0.5,43,29,TTGGGGCGGGATGCTGCGAA,14,644663
cpxRp2,0.7333333333333333,50,29,TTCTTGGTCTTTCAAAAGAT,21,636857
cpxRp2,1.3666666666666667,69,29,TGTAAAGGGATTTTAAGGAC,40,633867
cpxRp2,1.5333333333333334,74,29,TGGTTTTAAGAAGTTAAGCA,45,687476
cpxRp2,30.0,928,29,TGGACGAAGTACCCCACGTG,899,663643
cpxRp2,0.2,34,29,TGCAAATCGTTCTGTAGCGC,5,654514
cpxRp2,0.8,52,29,TGAACATAAGGTAAGATCAA,23,696137
cpxRp2,0.5,43,29,TCTTAGACATGACATGGGAG,14,686891
cpxRp2,0.7,49,29,TCGTACGTGCTCCTCCCGCG,20,634923
cpxRp2,2.7666666666666666,111,29,TCCCTGTCCTCGGACTCGTT,82,641019
cpxRp2,1.7333333333333334,80,29,TCCATAAGTGAGGCAAGGCT,51,642052
cpxRp2,0.2,34,29,TCAGCCCGCGAACTAATTGA,5,687888
cpxRp2,0.43333333333333335,41,29,TCACGCAGCAAGAGACGTGA,12,640354
cpxRp2,1.1,61,29,TCACAGCATTCTAGGCTTCT,32,685224
cpxRp2,0.6333333333333333,47,29,TATAGCATGCGCACCCGCGC,18,697048
cpxRp2,1.1,61,29,TATAATGTTGAGTAGTTGGA,32,649873
cpxRp2,0.3,37,29,TACTACCTTCGGTGATGTAC,8,671082
cpxRp2,0.2,34,29,TAATTCATAGACAGAAGGTT,5,647583
cpxRp2,0.43333333333333335,41,29,TAACAGCCAAAACGAAGAGT,12,666894
cpxRp2,0.13333333333333333,32,29,GTTGGGTATAAGGTAGCTAC,3,707263
cpxRp2,0.7,49,29,GTTCGGGACTCGTTGGCCAT,20,707974
cpxRp2,0.8333333333333334,53,29,GTTAACAAGGCATCCGAGCA,24,683988
cpxRp2,0.26666666666666666,36,29,GTCCGGAACGCACGGCACTG,7,645052
cpxRp2,0.3333333333333333,38,29,GTCCATTGTAATGAATGAAC,9,687107
cpxRp2,0.5333333333333333,44,29,GTCCAGGAGTCAAAACGGAC,15,676744
cpxRp2,12.666666666666666,408,29,GTCACGTGCCATAGATTGAG,379,648160
cpxRp2,1.2,64,29,GTACGTGGTATCCAGCATAG,35,677989
cpxRp2,3.433333333333333,131,29,GTAAGTTCTGGCCTTCTAAC,102,668034
cpxRp2,0.5,43,29,GGTTGAGGAGTTTATCAATT,14,649345
cpxRp2,1.3,67,29,GGTAAGCTGGGGCAACAGCC,38,630010
cpxRp2,0.13333333333333333,32,29,GGCCTCTATTACTCGAAGGT,3,682004
cpxRp2,0.13333333333333333,32,29,GGCCAGATGGACACTTCGTG,3,633536
cpxRp2,0.5,43,29,GGACAGGGGATACAATAGTA,14,634934
cpxRp2,2.033333333333333,89,29,GGAAAACTGTTGACGCCCGA,60,672764
cpxRp2,1.0,58,29,GCGTGGTAATGAGCAATGTT,29,698921
cpxRp2,0.1,31,29,GATGGCCAGTTTGTTGCAGT,2,690662
cpxRp2,0.36666666666666664,39,29,GACTCGCAGCGCAAAAAGTC,10,703871
cpxRp2,0.8,52,29,GACAATTTTCAGACCTAAAT,23,667220
cpxRp2,1.7,79,29,GAATTTCATTTCGCCTTTTG,50,685817
cpxRp2,0.8333333333333334,53,29,GAAGGCCTGGGCGCGCCATT,24,672954
cpxRp2,0.26666666666666666,36,29,GAACAGCGGACCCGTAATCC,7,655749
cpxRp2,0.23333333333333334,35,29,GAAACTATTCGGACCCTGTT,6,653495
cpxRp2,0.7,49,29,CTATCCATCGGCCGGTGGTT,20,695026
cpxRp2,0.5,43,29,CTATATACCACGTCAAACTC,14,690791
cpxRp2,1.5,73,29,CTAGCGCCCAGCATTATTGA,44,636918
cpxRp2,0.36666666666666664,39,29,CTACTTTGGTGTGGTCTTAA,10,631567
cpxRp2,0.7333333333333333,50,29,CGGAACGCAGGTCAGTAGAC,21,636476
cpxRp2,0.4,40,29,CGCTCGTAGTTCTTCCTGTA,11,632048
cpxRp2,0.3333333333333333,38,29,CGCCGCACGCATCACTGGAT,9,639969
cpxRp2,0.2,34,29,CGATGTGCCTTTACTTTTAC,5,635427
cpxRp2,0.7,49,29,CGAGTGCCTGGTCAACTTCT,20,639817
cpxRp2,0.5666666666666667,45,29,CGAATTAATCATGTTATAGT,16,678806
cpxRp2,0.7333333333333333,50,29,CCTTTCCTTCGCTGCAATAC,21,705165
cpxRp2,0.23333333333333334,35,29,CCTCGAGAAACGGATGGTGG,6,694525
cpxRp2,0.9333333333333333,56,29,CCTAGTTTCCGCGCATATTG,27,680118
cpxRp2,0.5666666666666667,45,29,CCGTCATGGGATTCGACGCG,16,669622
cpxRp2,0.26666666666666666,36,29,CCGAACCCTTTGGGAGTCTC,7,710735
cpxRp2,0.5666666666666667,45,29,CCCCTCTTCAGGTGCCTGTT,16,684539
cpxRp2,1.1333333333333333,62,29,CATTTTATCAATTGAGCCCG,33,639172
cpxRp2,0.5333333333333333,44,29,CATGAAACCATAGTATAGAC,15,689790
cpxRp2,0.4,40,29,CAGGCGCGCAGGTTCATTTT,11,658721
cpxRp2,1.1,61,29,CACGCTGCAGTGAGAAGCTG,32,652661
cpxRp2,0.6,46,29,CACGCCGACGCGTAAATGTG,17,638334
cpxRp2,0.2,34,29,CACATGGAGGTGACTATATT,5,690891
cpxRp2,0.13333333333333333,32,29,CAAATGGTTACAGGTTCATA,3,686554
cpxRp2,0.8,52,29,ATTTCCACCTAGCTCGGCCG,23,653795
cpxRp2,0.13333333333333333,32,29,ATTCTGTTCGGGTTGAAATC,3,708651
cpxRp2,0.3333333333333333,38,29,ATTAGGATTTGTTGCGGGAG,9,651559
cpxRp2,2.1333333333333333,92,29,ATGGACGAATCTAGCAGCTT,63,650564
cpxRp2,1.7333333333333334,80,29,ATGATTTGAGTACCCCGGGA,51,696738
cpxRp2,0.36666666666666664,39,29,ATGAGAAATCTTACAGTGCT,10,651567
cpxRp2,0.4666666666666667,42,29,ATAGGGGAGATCATCCCGAT,13,664736
cpxRp2,0.43333333333333335,41,29,ATACGGACACCGTCATCAAA,12,693606
cpxRp2,1.3666666666666667,69,29,ATACGCTATTACTCGGGCCA,40,632897
cpxRp2,0.8333333333333334,53,29,ATAACCTCCTGGTGGAATCT,24,651772
cpxRp2,0.26666666666666666,36,29,AGTCAAGATGTAATTAGTGT,7,668808
cpxRp2,0.3,37,29,AGTAGTATACTGTTTCTAGT,8,703557
cpxRp2,0.9666666666666667,57,29,AGTACTGGCCCGAATCCAGA,28,638723
cpxRp2,0.5666666666666667,45,29,AGGCGTAGCGTGATTAGTTA,16,690040
cpxRp2,0.6333333333333333,47,29,AGCACAAAGACTGAGGGCTG,18,669623
cpxRp2,0.5,43,29,AGCAATCTTAGCCATCGATA,14,633133
cpxRp2,1.0666666666666667,60,29,AGAGGAAAAGTGGCGTTGAG,31,650932
cpxRp2,0.7,49,29,ACGATAGGACGTGATAAGCT,20,703741
cpxRp2,0.3333333333333333,38,29,ACAAGACGCGCAATTGAAAG,9,665737
cpxRp2,1.2,64,29,AATGTCATGAGCTCGCATCC,35,635493
cpxRp2,0.06666666666666667,30,29,AATCTCTATGGCTAGTTCTA,1,697983
cpxRp2,0.8,52,29,AATATTGACACTCACTCACT,23,652112
cpxRp2,0.43333333333333335,41,29,AATAGGTTGCTCTTGTTCGT,12,670762
cpxRp2,1.8666666666666667,84,29,AAGAGCTGGATTTTTTTAGC,55,637182
cpxRp2,0.6333333333333333,47,29,AACTCATCCTACGAACATAT,18,638477
cpxRp2,0.23333333333333334,35,29,AAATTCCGGTAGTACGACAT,6,659163
cpxRp2,1.5333333333333334,74,29,AAATATGTTGCTGTCCGATC,45,699203
cpxRp2,0.8,52,29,AAAATTTACCATTCGATCTG,23,633177
cpxRp2,0.10344827586206896,30,28,TTGGGCTCTCAGCACATTGT,2,633700
cpxRp2,0.6551724137931034,46,28,TTGCCAATTTGGGCACCAAA,18,640754
cpxRp2,0.27586206896551724,35,28,TTGCATTACAGGGTGGTGGG,7,664647
cpxRp2,0.3103448275862069,36,28,TTCTGTCCACACCATGCGTG,8,680603
cpxRp2,0.6551724137931034,46,28,TTCTCGGGCGCGTCCAAATC,18,630392
cpxRp2,0.896551724137931,53,28,TTCTAGTAACCCTGCGGCTT,25,685701
cpxRp2,0.13793103448275862,31,28,TTAGTCTCTCACTTGGCGTC,3,636392
cpxRp2,0.41379310344827586,39,28,TTAGCCAAGCACTCACATGA,11,680816
cpxRp2,1.5517241379310345,72,28,TTAGAAGCGTTTACATTATG,44,668758
cpxRp2,1.0344827586206897,57,28,TTAACTGTGGTATCCGCTGT,29,667684
cpxRp2,0.3103448275862069,36,28,TGTGTCCCTTTGGCTCGGAA,8,637556
cpxRp2,0.4827586206896552,41,28,TGTCAATGCAACAGGCCAGC,13,664983
cpxRp2,0.3793103448275862,38,28,TGGCCGCGGTTTACACCAGT,10,639603
cpxRp2,1.6896551724137931,76,28,TGCGTGTGAAAACCACTCTG,48,673189
cpxRp2,0.4827586206896552,41,28,TGCCAGGCGAAATCTGGGAT,13,668535
cpxRp2,0.4827586206896552,41,28,TGATTCCGTTTCCTTTTAGC,13,641620
cpxRp2,0.7241379310344828,48,28,TCTTCTTTTAGTACAAAGAT,20,633048
cpxRp2,0.3103448275862069,36,28,TCGTGGGGTGCCCTCAGCTT,8,635104
cpxRp2,0.27586206896551724,35,28,TCGGACGGACGCCCAAGGTG,7,692544
cpxRp2,0.5517241379310345,43,28,TCGGAACGTGCACAGCTAAA,15,634323
cpxRp2,4.137931034482759,147,28,TCAGTCGAGTATTATGCTTA,119,656441
cpxRp2,0.6206896551724138,45,28,TATTGGATCCATGGGTGACA,17,681297
cpxRp2,2.2758620689655173,93,28,TAGGGAACATTGCTAGCTAA,65,677496
cpxRp2,1.5517241379310345,72,28,TACCAGTTCACAGGGACGGA,44,666822
cpxRp2,0.5862068965517241,44,28,TACACGGGGGGGTTACTACT,16,634762
cpxRp2,0.1724137931034483,32,28,TACACCACCTTCGCGTCTCC,4,654816
cpxRp2,1.0,56,28,TAAGGCCGCAGTCATTTCTA,28,633686
cpxRp2,0.4827586206896552,41,28,GTTGCGGGTTACTTCTGTTT,13,647913
cpxRp2,1.0689655172413792,58,28,GTTAGAAAAGTAACGAGAGG,30,661642
cpxRp2,0.10344827586206896,30,28,GTCAACGTGCTCACGTGTTA,2,690709
cpxRp2,0.1724137931034483,32,28,GTAGTCGTCCTAACAACTGA,4,642497
cpxRp2,0.6206896551724138,45,28,GTAGCGAGGGCAATTAGCGC,17,668538
cpxRp2,1.103448275862069,59,28,GGTGTCGCATTGGGCGGGAG,31,693480
cpxRp2,0.7931034482758621,50,28,GGTAGAAGGGGCCAACTGAT,22,680412
cpxRp2,0.8620689655172413,52,28,GGGTTGCAGGATTAGCGGCT,24,653483
cpxRp2,0.41379310344827586,39,28,GGGGTCAAGAATTGGCACGA,11,662880
cpxRp2,0.13793103448275862,31,28,GGGGCCGGATACCAAATGGA,3,653418
cpxRp2,0.41379310344827586,39,28,GGGGACGGTCAAAGGGCTGT,11,695525
cpxRp2,1.896551724137931,82,28,GGGCTTACCTGCCCAGCTTT,54,661979
cpxRp2,1.0689655172413792,58,28,GGCTCCATCAGCCGGTCGAC,30,646738
cpxRp2,1.0,56,28,GGCGGCCTTTTAAATGAACA,28,644368
cpxRp2,0.27586206896551724,35,28,GCTCGTTACCGCACATGTAC,7,671222
cpxRp2,0.3103448275862069,36,28,GCTCGGTAATAAGAGTGGAA,8,641617
cpxRp2,0.41379310344827586,39,28,GCGGATTGGTTTGCCCGGGG,11,677612
cpxRp2,0.6896551724137931,47,28,GCGCAGGTATCAAAGACCTC,19,687853
cpxRp2,0.4482758620689655,40,28,GCAATACTCGCATTGCTAAG,12,662743
cpxRp2,0.20689655172413793,33,28,GATATACGGAGTCCCGTCTG,5,651531
cpxRp2,0.5862068965517241,44,28,GAGTCCACAGGATTCGAAAG,16,667305
cpxRp2,6.689655172413793,221,28,GAGCGCCTCCCGCCTCGAGG,193,710852
cpxRp2,0.9655172413793104,55,28,GACCGTGCAGACCTATAGGT,27,648293
cpxRp2,0.8620689655172413,52,28,CTTATTCACTATGTACTGAG,24,630279
cpxRp2,0.20689655172413793,33,28,CTGGGCCTACGGGGGTTAAG,5,662995
cpxRp2,0.7241379310344828,48,28,CTGCCGCCCAAATGCAACGC,20,688538
cpxRp2,4.172413793103448,148,28,CTGAACGGGGAGAGGGGTTG,120,654202
cpxRp2,0.4827586206896552,41,28,CTCTACTGATGGATTTTCAT,13,645444
cpxRp2,0.3103448275862069,36,28,CGGTATACCTAAGCTAGTGT,8,630813
cpxRp2,0.6896551724137931,47,28,CGGGTAGTATGTGGTTGCTT,19,680502
cpxRp2,0.3793103448275862,38,28,CGGCGAATAGTCCTGCGATA,10,656779
cpxRp2,0.13793103448275862,31,28,CGAGGGGGCTCGAACCGGAT,3,692998
cpxRp2,0.3448275862068966,37,28,CCTGGGCCCCGGATAGATGT,9,629978
cpxRp2,0.9310344827586207,54,28,CCTATAACTATATTTGCACA,26,647579
cpxRp2,0.06896551724137931,29,28,CCCGAGTTAATATCATTGCG,1,700607
cpxRp2,0.6551724137931034,46,28,CCCCAAGACATATCGGCTAC,18,633357
cpxRp2,0.8275862068965517,51,28,CCATTAGCTTCCTCGTAGCC,23,646461
cpxRp2,0.3793103448275862,38,28,CCATGAGTACTGATTTAATA,10,645484
cpxRp2,0.3448275862068966,37,28,CCATCTGGTTTACGAATGTA,9,673423
cpxRp2,0.8275862068965517,51,28,CCAAACGGACGCAATCGGGG,23,638030
cpxRp2,0.27586206896551724,35,28,CATTTGCATATAGTGGATAG,7,679479
cpxRp2,0.7931034482758621,50,28,CATCAGAGCAGCGAAGAATA,22,681200
cpxRp2,1.3103448275862069,65,28,CACTGAGGGCTGAAGTGCTA,37,693841
cpxRp2,0.5862068965517241,44,28,CAATTTACTCTGCCCGAGTT,16,633729
cpxRp2,0.27586206896551724,35,28,CAAGCTTGCTTTTATCCGTA,7,661207
cpxRp2,0.5517241379310345,43,28,CAACCGCGTGGTTGTGCAAT,15,691354
cpxRp2,0.4482758620689655,40,28,ATTTCCCAAGACGAGTGCTC,12,695008
cpxRp2,0.7586206896551724,49,28,ATTCCTCACTCCCATAGATT,21,637260
cpxRp2,0.1724137931034483,32,28,ATTCACGAGAGCACGAGGTT,4,650858
cpxRp2,0.8620689655172413,52,28,ATGGTGTTCCGTGGCTGGAC,24,672015
cpxRp2,0.8620689655172413,52,28,ATGAGTGGTTGGACACCACA,24,646009
cpxRp2,0.6896551724137931,47,28,ATGACTATGTTCTGAAATTA,19,674599
cpxRp2,0.13793103448275862,31,28,ATGAATGAAGCGGAATTAAT,3,709464
cpxRp2,0.5862068965517241,44,28,ATCTGTAGTGCTCATCGCAG,16,705069
cpxRp2,0.6206896551724138,45,28,ATATGGCCTCTGTGTATCCA,17,667064
cpxRp2,0.6206896551724138,45,28,ATAGACGTAGTTTGACTACA,17,631777
cpxRp2,1.0689655172413792,58,28,AGTTGGTTCGTGGCAACTTA,30,662974
cpxRp2,0.2413793103448276,34,28,AGTGCCGGAGCGCCCGCGCT,6,650589
cpxRp2,1.103448275862069,59,28,AGTGAGTGATGCTAAAGCAG,31,669805
cpxRp2,0.6896551724137931,47,28,AGTCTATTATTGCACGAATT,19,652361
cpxRp2,0.5172413793103449,42,28,AGGGGTCCCCAAAGGTTAGG,14,672206
cpxRp2,0.2413793103448276,34,28,AGGGCAGTACATCGGCACCA,6,634023
cpxRp2,0.5862068965517241,44,28,AGGGAGCGCGCAATACAGTG,16,665980
cpxRp2,0.2413793103448276,34,28,AGGACGGAACTGGGTTTGTT,6,689254
cpxRp2,4.724137931034483,164,28,AGCTTCAGCGGGCGTGAGAA,136,649844
cpxRp2,0.20689655172413793,33,28,ACTCGGAGAAACGGTGCTAC,5,684453
cpxRp2,0.4482758620689655,40,28,ACGTCACTGAAATATCAATA,12,670631
cpxRp2,0.5172413793103449,42,28,ACGATACCGAAATCTATCGT,14,695409
cpxRp2,6.724137931034483,222,28,ACATATGGATTATCGGGACA,194,673038
cpxRp2,0.10344827586206896,30,28,ACATATGCGTCTATTGGTCA,2,646227
cpxRp2,0.8620689655172413,52,28,ACAGCATTTCTGCGTGAGAC,24,646647
cpxRp2,0.3103448275862069,36,28,ACACTATCGCGTAGCGAATA,8,634972
cpxRp2,1.5517241379310345,72,28,ACAAGTACGGGACCAGCCTC,44,683205
cpxRp2,0.6896551724137931,47,28,ACAACGTGACGACACTCCTC,19,677656
cpxRp2,1.206896551724138,62,28,ACAAAACTCCTCCGTATCCT,34,641621
cpxRp2,0.5172413793103449,42,28,AATGTTTCGAGAGTGCTATT,14,657771
cpxRp2,0.3448275862068966,37,28,AATGCCACTCAGCCGCAGTA,9,682149
cpxRp2,0.896551724137931,53,28,AAGTACGCTACAATGGTAAA,25,673729
cpxRp2,0.41379310344827586,39,28,AACCCGGCACAGGGATAGTA,11,684052
cpxRp2,0.6896551724137931,47,28,AAATCTTAGTTGAAATTTCC,19,664594
cpxRp2,0.13793103448275862,31,28,AAACGTACCGGGTGCGTTTT,3,679332
cpxRp2,0.32142857142857145,35,27,TTTTCATAAAGGGTATACGA,8,704425
cpxRp2,0.25,33,27,TTTCGGTAAGTTTAGGCTGC,6,673063
cpxRp2,0.39285714285714285,37,27,TTTATTGGGATGTACGATTT,10,699871
cpxRp2,1.6428571428571428,72,27,TTAGCGACCTATCATCCATT,45,630034
cpxRp2,0.25,33,27,TTACTCGAGTACTCGCCTCG,6,652391
cpxRp2,1.7857142857142858,76,27,TTAACCCTGCGTGGCCTCAT,49,635357
cpxRp2,0.42857142857142855,38,27,TGTAAGGTGCAGCTTTCAGC,11,646509
cpxRp2,1.0,54,27,TGGGCTAAGCACCTCAATCA,27,671674
cpxRp2,0.10714285714285714,29,27,TGCTCAGTGCCGTGGAAGAT,2,632727
cpxRp2,0.10714285714285714,29,27,TGCATTAAGTAAAAGAGGTC,2,658270
cpxRp2,4.071428571428571,140,27,TGAGCAAGAATTCATTATGA,113,687184
cpxRp2,0.35714285714285715,36,27,TCTTTTTATTTACTACGTAT,9,635060
cpxRp2,1.0,54,27,TCTAGTACAAGCACACATAT,27,671035
cpxRp2,0.8214285714285714,49,27,TCCGAGGCAGTGCCTGATAT,22,651462
cpxRp2,0.2857142857142857,34,27,TCCCTCGGGGTGGAACGGTC,7,698850
cpxRp2,0.8571428571428571,50,27,TCAGTTAACTTCCATCAGAT,23,679273
cpxRp2,0.10714285714285714,29,27,TCAACTCCGACCACCATGAA,2,680731
cpxRp2,0.6428571428571429,44,27,TATTGCGGGAGGGAAATGGT,17,699799
cpxRp2,0.21428571428571427,32,27,TATGTGTAGAATCTCTACAA,5,664911
cpxRp2,0.5357142857142857,41,27,TACCGACAAACTCCGAACGC,14,640235
cpxRp2,0.8214285714285714,49,27,TAAAGGAAGTGTACGGATTT,22,679197
cpxRp2,0.17857142857142858,31,27,GTTTACAAGGCCATTGTATG,4,635544
cpxRp2,0.25,33,27,GTTCATTATTGGGGGCGTCA,6,642330
cpxRp2,1.1785714285714286,59,27,GTGGCACTGGCCGGGATTTT,32,696663
cpxRp2,0.6785714285714286,45,27,GTGCCCTTCAGGTCTCGTAT,18,677857
cpxRp2,0.7857142857142857,48,27,GTCTTGACCGTATGCTCGTT,21,687936
cpxRp2,0.42857142857142855,38,27,GTCTGCCCGCCTCGCCTGAT,11,649730
cpxRp2,1.0357142857142858,55,27,GTCGTTACTGCTCAACAGTC,28,646410
cpxRp2,0.39285714285714285,37,27,GTCGAGTTAAAATAAGTTAT,10,631120
cpxRp2,0.7142857142857143,46,27,GTATAGAGAGTTCGGATGTA,19,675704
cpxRp2,0.17857142857142858,31,27,GTAGAATATAGATGCATCGA,4,641463
cpxRp2,1.5357142857142858,69,27,GTACCTCTCGTTTCGGCGTT,42,639214
cpxRp2,0.5714285714285714,42,27,GGGCCTCGGCTCGAGGGCAT,15,657530
cpxRp2,0.2857142857142857,34,27,GGGCATAACAGGGGCCCCTT,7,671731
cpxRp2,1.3214285714285714,63,27,GGCTACGATGCTCAGCTAGG,36,636355
cpxRp2,0.9642857142857143,53,27,GGCCTTGGTTTCACGGCCGT,26,631796
cpxRp2,0.9285714285714286,52,27,GGCCTATGTGATTCGGCAAC,25,644392
cpxRp2,0.35714285714285715,36,27,GGATCCTGACGGGAGAAGAC,9,647585
cpxRp2,2.7142857142857144,102,27,GGACAACATGTCCTACCACA,75,698736
cpxRp2,1.4285714285714286,66,27,GCTGATTGAGGAACTGGTGT,39,649375
cpxRp2,0.2857142857142857,34,27,GCTATTGACCGTGACCATGC,7,671460
cpxRp2,0.7857142857142857,48,27,GCGGTTGTTTCCCTCGACAA,21,696701
cpxRp2,0.6785714285714286,45,27,GCGATATACCAAAAGCATAG,18,694424
cpxRp2,0.07142857142857142,28,27,GCGAATGGTCATGTCGGTAT,1,636219
cpxRp2,0.6428571428571429,44,27,GCCTTCGGTCTTGAGCAGTT,17,637976
cpxRp2,0.32142857142857145,35,27,GCCCCTTGGGCTGTCAAAGA,8,648766
cpxRp2,0.21428571428571427,32,27,GCCATTGGAACCTCCGGCTA,5,636989
cpxRp2,1.2142857142857142,60,27,GCATCTCACATAAACAACCT,33,666643
cpxRp2,1.2142857142857142,60,27,GCACGTCGAGTTTGGCGCGC,33,663001
cpxRp2,0.42857142857142855,38,27,GATTATTCGATATAATTCAA,11,629898
cpxRp2,0.39285714285714285,37,27,GATGTTTAATGAAGAATTGG,10,634912
cpxRp2,0.25,33,27,GATCGGTAGATAGGCTAGTC,6,671529
cpxRp2,0.8571428571428571,50,27,GATAAATAGGGTGATGAGAC,23,667306
cpxRp2,0.4642857142857143,39,27,GAGGTGTGCAATAATAGGTA,12,642854
cpxRp2,0.6785714285714286,45,27,GAATCTGTTGCAAGTACCTA,18,676913
cpxRp2,0.8571428571428571,50,27,GAAGGAGACAAGTCAGAGCA,23,674060
cpxRp2,0.14285714285714285,30,27,GAACAGGGGCGAAATGCCGA,3,685584
cpxRp2,1.5714285714285714,70,27,CTTGTTCCGGGTTAATGTTC,43,631665
cpxRp2,0.75,47,27,CTTATCAGAGTTGCCCACGC,20,674030
cpxRp2,0.9642857142857143,53,27,CTTACTTTAGGCCCCCCAAA,26,648023
cpxRp2,0.17857142857142858,31,27,CTGGAACCGTTCAGCAGCGG,4,629916
cpxRp2,2.2857142857142856,90,27,CTGCCAAAGAATCATACTGT,63,672771
cpxRp2,0.7857142857142857,48,27,CTGCACAATATGTGCATTAT,21,668840
cpxRp2,0.07142857142857142,28,27,CTCACCAGGTGCTGTCACAC,1,637450
cpxRp2,0.5,40,27,CTAGCTCATCGAAGCGTGTA,13,659834
cpxRp2,1.3928571428571428,65,27,CTAACTGTCGTGCGTACTTC,38,637968
cpxRp2,1.2857142857142858,62,27,CGTGTTATTACCCTAGATCT,35,676261
cpxRp2,0.9642857142857143,53,27,CGTGTGTTAGTAGATGATAA,26,674251
cpxRp2,0.6428571428571429,44,27,CGTCATTTCTCCCTAGCTAG,17,653827
cpxRp2,1.25,61,27,CGTCAGGATGAATTCTAGGG,34,645998
cpxRp2,5.107142857142857,169,27,CGGTTCCCGGAATCTTCTTA,142,647701
cpxRp2,0.6071428571428571,43,27,CGGCCCAGCGCCTGTAGCAT,16,640792
cpxRp2,0.42857142857142855,38,27,CGGAAACACTATTCCTTTTT,11,664059
cpxRp2,0.75,47,27,CGCTCCCTTATCTACGTTTT,20,692122
cpxRp2,0.25,33,27,CGCAATCGACGGAGTCAGAA,6,641564
cpxRp2,0.35714285714285715,36,27,CCTGCTATTTTGCCCACATA,9,667983
cpxRp2,0.5714285714285714,42,27,CCTCGTTCCACCCGGCGTCG,15,629750
cpxRp2,1.25,61,27,CCGAGCTAGAACTATGCGTC,34,647020
cpxRp2,1.1785714285714286,59,27,CCCTATAATCGGTTTCTAGT,32,646898
cpxRp2,0.4642857142857143,39,27,CCCACGTTCATCACCCAAGC,12,658602
cpxRp2,0.9285714285714286,52,27,CCATTGTCTAAATCAACTTG,25,675363
cpxRp2,0.5714285714285714,42,27,CCATCACAAACCAACGCCCT,15,655985
cpxRp2,1.5714285714285714,70,27,CAGCTACTAACCTGGACCTT,43,667363
cpxRp2,0.10714285714285714,29,27,CACCCACGGGGCTGTCAACC,2,671223
cpxRp2,1.6428571428571428,72,27,CACAGAGTATGGCCCCGGGC,45,693845
cpxRp2,0.7142857142857143,46,27,ATTTTTCTTTCAACGGGGTA,19,665929
cpxRp2,0.8214285714285714,49,27,ATTTTTAAAGACTCCGACAA,22,685687
cpxRp2,0.8214285714285714,49,27,ATTGTAAAACCGCACAACCA,22,649691
cpxRp2,1.1428571428571428,58,27,ATTGAGCATGGTCACTGGAG,31,696820
cpxRp2,0.5,40,27,ATGGGGCGTTTCAAGTGGTT,13,670780
cpxRp2,0.6428571428571429,44,27,ATGAGTGGGGCCGTGGCTGT,17,679365
cpxRp2,0.5714285714285714,42,27,ATCTGGAACCACACTTTATG,15,636600
cpxRp2,0.35714285714285715,36,27,ATATTCGAGGCCGTCGATAG,9,635641
cpxRp2,0.6071428571428571,43,27,AGTCATAAGGTTACAGTGGT,16,640351
cpxRp2,0.17857142857142858,31,27,AGTCAGAAGGTAAACCTACG,4,667926
cpxRp2,0.2857142857142857,34,27,AGTAAATGAATCACAGACTA,7,647332
cpxRp2,1.6071428571428572,71,27,AGTAAAACTACAATTGTCGT,44,672424
cpxRp2,0.6071428571428571,43,27,AGGGTGGAACGGGAGCCTAT,16,710200
cpxRp2,1.8214285714285714,77,27,AGGGCTCCCAGTAACTTCGA,50,633282
cpxRp2,1.6785714285714286,73,27,AGGCTCCTCGGGAATCAGAG,46,684821
cpxRp2,1.5,68,27,AGCCGCAGCTTCTTCCCTGG,41,692011
cpxRp2,1.8214285714285714,77,27,AGCCACCCTCTTCGCCTTGC,50,689465
cpxRp2,0.32142857142857145,35,27,ACTGAATCATTCGTCTATCA,8,706249
cpxRp2,0.35714285714285715,36,27,ACTCCTAAAGGGGTCCTTAT,9,702270
cpxRp2,0.75,47,27,ACTCACTCAGTCTGGAAGAG,20,694417
cpxRp2,0.9642857142857143,53,27,ACTACGCAGGCTTAGAGGAT,26,697966
cpxRp2,0.25,33,27,ACGGGCGGCCTAAGCGGGAC,6,632050
cpxRp2,0.6071428571428571,43,27,ACGGCAACATTCACAATCAA,16,694853
cpxRp2,0.8928571428571429,51,27,ACGCTTAGCGCTTCCGGCAA,24,689644
cpxRp2,0.35714285714285715,36,27,ACGCTGAACTTCAGACCAAA,9,697512
cpxRp2,0.4642857142857143,39,27,ACGCCTAAAGAAATTCGGAT,12,676140
cpxRp2,0.35714285714285715,36,27,ACCTAGAGCGTATAGTTGGT,9,654717
cpxRp2,0.2857142857142857,34,27,ACCGGACTATCCTAGGCGGA,7,706028
cpxRp2,0.2857142857142857,34,27,ACAGTTCCCGAGGTCTGTAA,7,681834
cpxRp2,0.8928571428571429,51,27,AATTCTCGGTATTACCGAAT,24,653396
cpxRp2,1.5714285714285714,70,27,AATTAGGCAAGTTCCGCGTA,43,650378
cpxRp2,0.42857142857142855,38,27,AAGGTCCCTACCGGGATCCA,11,699070
cpxRp2,0.6071428571428571,43,27,AACGGACGATGTTCGTACTA,16,679092
cpxRp2,0.5357142857142857,41,27,AACGCCCGTTTAAAGGCCGA,14,640108
cpxRp2,0.5,40,27,AACATTCACTTACCCCTTCT,13,680645
cpxRp2,0.5714285714285714,42,27,AACATGGGCATTGTAATCTC,15,644114
cpxRp2,0.8214285714285714,49,27,AAACACTATCACCAGTGCCT,22,642192
cpxRp2,0.35714285714285715,36,27,AAAATTGTTTCTGAGGTGTG,9,639305
cpxRp2,0.4074074074074074,36,26,TTTTCTTTCGACAAAGCTAT,10,697258
cpxRp2,2.185185185185185,84,26,TTTGTCGGAGTTGGGGTTAG,58,683200
cpxRp2,1.2592592592592593,59,26,TTTCCTGAGAGTTCACCCAG,33,673319
cpxRp2,0.3333333333333333,34,26,TTTAGTTAAGAATTCTTGTC,8,681244
cpxRp2,0.37037037037037035,35,26,TTGTACTTTGCAGGTGTTAT,9,669437
cpxRp2,0.3333333333333333,34,26,TTGGCTTAACAATTCTAGGG,8,635410
cpxRp2,1.1111111111111112,55,26,TTGCGTTAGTGGGTTATATA,29,669231
cpxRp2,0.37037037037037035,35,26,TTGCGGAACGACATCGCCTG,9,637910
cpxRp2,0.8888888888888888,49,26,TTCGGCAGCGTGTCACCAAA,23,649343
cpxRp2,0.2962962962962963,33,26,TTATAAGGGGCATAGCAAGA,7,654716
cpxRp2,0.14814814814814814,29,26,TTAGAATCACTATTTTTTCA,3,642856
cpxRp2,1.1111111111111112,55,26,TTAACAATGCGCAGCGCCAC,29,695081
cpxRp2,0.4074074074074074,36,26,TGTTTTCGCTATAAGTTCGC,10,663945
cpxRp2,0.5185185185185185,39,26,TGTTCTTCTCCACCCTGCAG,13,694082
cpxRp2,0.2222222222222222,31,26,TGTGCGAAGCATTAGTAGTG,5,658963
cpxRp2,0.25925925925925924,32,26,TGGATCCGTGGGACATTACT,6,633250
cpxRp2,0.6666666666666666,43,26,TGATCGTCGCTTGGCTGTAC,17,667797
cpxRp2,0.9629629629629629,51,26,TCTTCACATAAAACCGTTCG,25,694014
cpxRp2,1.9259259259259258,77,26,TCTATATGTAGAATGGGAGC,51,690249
cpxRp2,0.7037037037037037,44,26,TCGCCCCATAACCTCTGGAA,18,666205
cpxRp2,0.48148148148148145,38,26,TCCTCCTCAACCAGCCTTGA,12,661437
cpxRp2,0.14814814814814814,29,26,TCCTACGAACGTGGTCGAAG,3,694309
cpxRp2,0.1111111111111111,28,26,TCACATGCCATAGGCACGAT,2,703561
cpxRp2,0.8518518518518519,48,26,TATTCCTGGAGACAGGTCTA,22,639613
cpxRp2,0.8518518518518519,48,26,TAGCCGGCGGAGTAGGATGA,22,667444
cpxRp2,0.8518518518518519,48,26,TAGATAGAGACCCGTCGCCA,22,657464
cpxRp2,0.48148148148148145,38,26,TAGAACGTACTACTTATAGC,12,658277
cpxRp2,1.2222222222222223,58,26,TACCCCTGCGTAACTCACCA,32,644574
cpxRp2,0.2962962962962963,33,26,TACAAGATTAATGCAACCCG,7,705968
cpxRp2,0.2962962962962963,33,26,GTTCTGGGAACGCCAGTAGG,7,632390
cpxRp2,2.2962962962962963,87,26,GTCGAGCCATACTGTGTATA,61,674027
cpxRp2,0.6666666666666666,43,26,GTCACCTGTTGAAACAACTT,17,632868
cpxRp2,0.1111111111111111,28,26,GTATGTATGTGGGGTGTACT,2,702294
cpxRp2,1.2222222222222223,58,26,GTATGCACGTTAGGTTCACG,32,692231
cpxRp2,0.18518518518518517,30,26,GTATCGCGTACAACGTTGTA,4,655684
cpxRp2,0.37037037037037035,35,26,GTACGTGAAGCGTCCCAGTC,9,654992
cpxRp2,0.5185185185185185,39,26,GTACGTGAACTGTGTGAAAA,13,711156
cpxRp2,0.2222222222222222,31,26,GGTTGAGTATTTTAACGACA,5,660003
cpxRp2,0.7037037037037037,44,26,GGTTGAGGGTTCCTAGGCAT,18,633967
cpxRp2,1.0740740740740742,54,26,GGTCGGCTAACACATTCGAG,28,654391
cpxRp2,0.5185185185185185,39,26,GGTAAGTCTTCTGCTTGACT,13,651572
cpxRp2,0.9629629629629629,51,26,GGGGACACGCAAGTGTGGTA,25,636690
cpxRp2,0.7037037037037037,44,26,GGGAGCTTATCTTACGCTTG,18,675323
cpxRp2,0.18518518518518517,30,26,GGGACGGAGCGTTATATTCT,4,681909
cpxRp2,13.444444444444445,388,26,GGCGACGTTGGCGGCGATTG,362,661316
cpxRp2,0.4074074074074074,36,26,GGCCCGCTCACGGAATTCTA,10,687431
cpxRp2,1.037037037037037,53,26,GGCACCGTGCATTAATAAGT,27,660591
cpxRp2,0.25925925925925924,32,26,GGATAACTACCTCTCCCTCT,6,654651
cpxRp2,0.48148148148148145,38,26,GGAATGTTGCGTAAGCACAC,12,650396
cpxRp2,0.2962962962962963,33,26,GGAACGACCAGACATATTAG,7,659481
cpxRp2,0.4444444444444444,37,26,GCTGGAGGTTTTCATAGTTA,11,704121
cpxRp2,0.18518518518518517,30,26,GCTGAGAATTTTGAACGTTT,4,631563
cpxRp2,0.9629629629629629,51,26,GCTCAAGCACCTACTGGTGT,25,670724
cpxRp2,0.6666666666666666,43,26,GCCTGGGTCAACGCCAGAGA,17,646863
cpxRp2,1.0,52,26,GCCCTTTGTACGGTTGGAGA,26,693333
cpxRp2,1.037037037037037,53,26,GCCACCGCCAGTTGAGTAAA,27,651372
cpxRp2,0.8518518518518519,48,26,GCATATGCCTGCGTCCATCT,22,661276
cpxRp2,0.7777777777777778,46,26,GCAGACCCTGGACACCGTGT,20,636739
cpxRp2,0.4074074074074074,36,26,GCAGACAAGGTTGGGTGCAT,10,686662
cpxRp2,0.6296296296296297,42,26,GATTGGGCCTCACGTAACTA,16,677170
cpxRp2,0.5925925925925926,41,26,GATGGGACTACGTCATGCGA,15,647264
cpxRp2,0.5555555555555556,40,26,GATAGTGCTTTGAGATGCAT,14,665682
cpxRp2,1.0,52,26,GAGGCAGAAGACGCTCTGTA,26,684938
cpxRp2,0.5185185185185185,39,26,GAGATCGAAAAATGAGACAG,13,675673
cpxRp2,0.9259259259259259,50,26,GACCGATCCCCTTCTGAGTT,24,675116
cpxRp2,0.7407407407407407,45,26,GAAGTTCTGGAGCGCCTCGT,19,649636
cpxRp2,1.037037037037037,53,26,GAAGCCTTGGGACCTACCTA,27,647725
cpxRp2,0.7037037037037037,44,26,CTTTATAAAGACCACGCGTT,18,691435
cpxRp2,0.7407407407407407,45,26,CTTCGAACATCCTCAGTCCA,19,709575
cpxRp2,0.4444444444444444,37,26,CTGCGTTCTTGGCTGAATGA,11,643564
cpxRp2,0.5555555555555556,40,26,CTGCGGGGGTCGGACTGTAT,14,640794
cpxRp2,0.6296296296296297,42,26,CTGCGGCCATGTGGAGCATG,16,672367
cpxRp2,1.0,52,26,CTGCATGGGTTAGTTCGTGG,26,680973
cpxRp2,0.9259259259259259,50,26,CTCCCGACAGGGAAAAAGTA,24,677041
cpxRp2,0.4074074074074074,36,26,CTATTGTCTATATATGGAGG,10,680195
cpxRp2,0.18518518518518517,30,26,CTAGTCGCAATCCCTATTCC,4,689381
cpxRp2,1.4074074074074074,63,26,CGTGTCTCTTATAAGGTTAA,37,649168
cpxRp2,0.07407407407407407,27,26,CGTCTCGACTGCTGTATGCA,1,634877
cpxRp2,0.37037037037037035,35,26,CGTCATGCGCAATCATAGTT,9,661802
cpxRp2,1.037037037037037,53,26,CGGCCCGATTTGCTGCTGCT,27,660331
cpxRp2,0.18518518518518517,30,26,CGGACGGTGTGCCACACCCC,4,635276
cpxRp2,0.48148148148148145,38,26,CGCAGTTAAAAATCTATATG,12,644818
cpxRp2,0.2222222222222222,31,26,CGAGCCGTGGTAACTCATAA,5,638653
cpxRp2,0.2962962962962963,33,26,CGAGACGTGACGAGTAGTCT,7,699030
cpxRp2,1.5185185185185186,66,26,CCGGTGATTACGCAGGGATA,40,654483
cpxRp2,0.14814814814814814,29,26,CCCTTGCATTTAGTTGAACC,3,675671
cpxRp2,0.7407407407407407,45,26,CCCGGCTTATCAGAGCGCGA,19,649344
cpxRp2,0.5555555555555556,40,26,CCCCGGGACCCAAGTATAAA,14,655138
cpxRp2,1.0,52,26,CCCAGGCTTCCCTTCATGAT,26,632469
cpxRp2,0.8148148148148148,47,26,CCCACTGGGACATCATTAAT,21,654715
cpxRp2,0.1111111111111111,28,26,CCAACCATTCTCAAATCCGT,2,656941
cpxRp2,0.37037037037037035,35,26,CAGTATTGATCCTGGGGGGT,9,697784
cpxRp2,0.2222222222222222,31,26,CAGTACAGCAAACTGCCCTA,5,688059
cpxRp2,0.48148148148148145,38,26,CAGATTAACCGGTGGACGGG,12,705669
cpxRp2,0.7037037037037037,44,26,CAGATCGGGTTGTCTTTGCA,18,693923
cpxRp2,0.14814814814814814,29,26,CACCCGATTACGTAAGCTCT,3,655495
cpxRp2,1.1851851851851851,57,26,CAACTGGGTTTGATACGGTG,31,651166
cpxRp2,1.0740740740740742,54,26,CAACTCGGCCCTAACCGACA,28,687069
cpxRp2,0.6296296296296297,42,26,ATTTGATATTGTCATCTTAA,16,678911
cpxRp2,0.6666666666666666,43,26,ATTGTCGTCATTACACAGTA,17,679329
cpxRp2,1.037037037037037,53,26,ATCATGCGGCCCGTTACACA,27,658221
cpxRp2,0.37037037037037035,35,26,ATCAACCTGGGTGGATCACA,9,698222
cpxRp2,3.6296296296296298,123,26,ATAGGCATGGCGCACTAGAG,97,667278
cpxRp2,0.5925925925925926,41,26,ATACTGACAGGACGAGATAG,15,633846
cpxRp2,0.7777777777777778,46,26,ATACTATGTTTAAACGCATT,20,681667
cpxRp2,0.5555555555555556,40,26,ATAAAAGGTGTCTTCAGCGA,14,674797
cpxRp2,0.48148148148148145,38,26,AGTTCCGTGGATAGTTTTTT,12,668835
cpxRp2,0.07407407407407407,27,26,AGTAGAGGTACACGGTAAAG,1,642298
cpxRp2,1.0740740740740742,54,26,AGGGTATAAGGGGCCGTCTC,28,635272
cpxRp2,0.18518518518518517,30,26,AGAGTGGGGATAGGCTACGT,4,658218
cpxRp2,0.2962962962962963,33,26,ACTGATGTATAAAGAATGCC,7,676828
cpxRp2,0.48148148148148145,38,26,ACTCCGGGCAGATTAGTTGT,12,637751
cpxRp2,0.3333333333333333,34,26,ACCAGAAGAAACCCCGAGCT,8,687386
cpxRp2,0.07407407407407407,27,26,ACACATCACTCGGGTAGCAG,1,664533
cpxRp2,0.7037037037037037,44,26,ACAAACGGTATCCTTCGCAA,18,673667
cpxRp2,1.4814814814814814,65,26,AAGTCAACAAATGGTAAAGC,39,634240
cpxRp2,1.1481481481481481,56,26,AAGAACACTGCGGGGAGACA,30,711818
cpxRp2,0.5185185185185185,39,26,AACCGGTTTTACCCAAAAGC,13,653801
cpxRp2,0.48148148148148145,38,26,AAACTCGAAGTACGAAGCTG,12,656280
cpxRp2,0.7307692307692307,43,25,TTTATGTCGGTCGCGGTCGT,18,664960
cpxRp2,0.5384615384615384,38,25,TTTACGCGGCAATATGACTG,13,692041
cpxRp2,0.6538461538461539,41,25,TTTAATCGTTCCGAGTGCGA,16,707012
cpxRp2,0.19230769230769232,29,25,TTGGGGTAAGCTTCCCGCCA,4,651130
cpxRp2,0.7692307692307693,44,25,TTGACGACAGACGGTGAGTT,19,670662
cpxRp2,0.2692307692307692,31,25,TTGACAGCTATCTAGTCGCC,6,687018
cpxRp2,0.6538461538461539,41,25,TTCTCTTCAAATTTTCTTGT,16,679770
cpxRp2,0.6538461538461539,41,25,TTCTCTATCCGTCAGTTTTT,16,691804
cpxRp2,1.1153846153846154,53,25,TTCCATATCAGGCACGTTAT,28,630445
cpxRp2,0.6923076923076923,42,25,TGTTCTGCTATTGGAGAACA,17,666295
cpxRp2,1.0,50,25,TGTCTCGACCCCTATAGGTA,25,696050
cpxRp2,0.23076923076923078,30,25,TGGTTCAAATATATTCACCC,5,694111
cpxRp2,2.1538461538461537,80,25,TGGGTGCGAAGAGTGCATTG,55,693947
cpxRp2,0.4230769230769231,35,25,TGGGCTATGCGTCCTTGGGA,10,634862
cpxRp2,0.7307692307692307,43,25,TGGACTCACCGTTTTGACTT,18,688389
cpxRp2,0.8846153846153846,47,25,TGCTCCCATGTTTTTAGTTG,22,645046
cpxRp2,0.4230769230769231,35,25,TGAGTGACTGGGGTGACGTC,10,652743
cpxRp2,0.46153846153846156,36,25,TGACTCTATCGACGGCGCTA,11,704631
cpxRp2,0.4230769230769231,35,25,TGAATTCAGAGAAGTTTCAT,10,632895
cpxRp2,0.8076923076923077,45,25,TCTTTTCGAGATGGTACTAA,20,667890
cpxRp2,0.11538461538461539,27,25,TCGTGTCTGGTATAGGAGTT,2,666415
cpxRp2,0.8461538461538461,46,25,TCGGTAAGGCAATCGGGCAA,21,649439
cpxRp2,0.07692307692307693,26,25,TCGAGGACTCTAAACCTAGG,1,638683
cpxRp2,1.1923076923076923,55,25,TCCTCAGCTTGTAAAAGTTC,30,690759
cpxRp2,0.38461538461538464,34,25,TCCCATCCGCGCCGGTACGA,9,692068
cpxRp2,1.1153846153846154,53,25,TCCATGCGTCGGACGAGCTT,28,636496
cpxRp2,0.5384615384615384,38,25,TATGCGCTGGATTTGAGGCT,13,656643
cpxRp2,1.5769230769230769,65,25,TAGCTGCATGTCTCCTGCCA,40,666721
cpxRp2,0.3076923076923077,32,25,TAGAAGGGAGTAAGCGAAAC,7,659560
cpxRp2,0.6153846153846154,40,25,TACTTAGTACGTGACAGTTG,15,678446
cpxRp2,1.0769230769230769,52,25,TACGAGCTACGACACCCTGG,27,629939
cpxRp2,1.3461538461538463,59,25,TAACAAACCCGCTCCTACGA,34,665710
cpxRp2,0.34615384615384615,33,25,GTTTCGCTACGTGTGTATTC,8,645165
cpxRp2,0.38461538461538464,34,25,GTGTGATAACACGTAGCGAA,9,702163
cpxRp2,0.6923076923076923,42,25,GTGTCTACCGTACCATTTAA,17,629946
cpxRp2,0.15384615384615385,28,25,GTGTAATCAAACCGGGGAAT,3,640977
cpxRp2,0.4230769230769231,35,25,GTGCACATTTTGTACTGGCT,10,646191
cpxRp2,0.9230769230769231,48,25,GTCGCACCGCCTCCGCTTTA,23,639762
cpxRp2,0.8076923076923077,45,25,GTACCACACAATCGCTATGG,20,680230
cpxRp2,0.3076923076923077,32,25,GTACACCAAAGCTATTGAGC,7,691246
cpxRp2,0.8846153846153846,47,25,GGTGCGCATGCCAATTACTT,22,662195
cpxRp2,0.8076923076923077,45,25,GGGGTGTAGTAATATGTGCA,20,643536
cpxRp2,0.4230769230769231,35,25,GGGGGTGCCTAACGTTCACA,10,655175
cpxRp2,0.5384615384615384,38,25,GGGGCCACCCTCCGCGTTCT,13,656182
cpxRp2,1.5769230769230769,65,25,GGGCATACGTCAGCGCTAAG,40,642193
cpxRp2,0.2692307692307692,31,25,GGCTTCACCCAGGTGACGCT,6,698313
cpxRp2,0.2692307692307692,31,25,GGCCCAGCTCCACTGTAAAG,6,683914
cpxRp2,0.6153846153846154,40,25,GGCCCAAAGTTTGCTAGTAA,15,703303
cpxRp2,0.11538461538461539,27,25,GGATTGCTCCTGGTGGGCTT,2,649572
cpxRp2,1.1153846153846154,53,25,GGAACGACAACTTCCCGCGC,28,648746
cpxRp2,0.9230769230769231,48,25,GCTTTTTGACGGTGTTTTGC,23,659882
cpxRp2,0.6923076923076923,42,25,GCTTGACTTTATTGTGAGCA,17,635607
cpxRp2,0.8461538461538461,46,25,GCTCTCAGTTAGCATGCAGC,21,704398
cpxRp2,0.2692307692307692,31,25,GCTCAAACCTTAGATTAAAT,6,634975
cpxRp2,1.1923076923076923,55,25,GCGTCTCACAAAATTCGCAG,30,658351
cpxRp2,0.8461538461538461,46,25,GCCCGTTCTGGAGCGTTTTG,21,660635
cpxRp2,0.23076923076923078,30,25,GCATACCTCTGCTCCGGCAG,5,640654
cpxRp2,0.23076923076923078,30,25,GATTTATCCCGACCACAATA,5,706104
cpxRp2,0.2692307692307692,31,25,GATCCTGAAGTACCACTACA,6,653059
cpxRp2,0.6923076923076923,42,25,GATAGAGCAAGATTGCAAGA,17,652182
cpxRp2,0.19230769230769232,29,25,GAGGTCCAAGCGCGACCCAG,4,632363
cpxRp2,0.8076923076923077,45,25,GAGCGTATGTTTCGATTTAT,20,646656
cpxRp2,0.4230769230769231,35,25,GAGCGTACAAGCTACTCTAG,10,680145
cpxRp2,0.34615384615384615,33,25,GAGCATTAGTGCAATCGTAG,8,702399
cpxRp2,0.6538461538461539,41,25,GAGAGGCTGGCGGTCTCCGC,16,630321
cpxRp2,0.23076923076923078,30,25,GACTGAACACCTGCTCCACG,5,684734
cpxRp2,0.6923076923076923,42,25,GACATTTCGCAGCTAAACTA,17,658451
cpxRp2,0.38461538461538464,34,25,GAAAGGAACGGGCAGGCTGT,9,637863
cpxRp2,0.8846153846153846,47,25,CTTTTCGGAATGGGACCTTT,22,634924
cpxRp2,0.19230769230769232,29,25,CTTTAGAGAAAGGAACCATA,4,635856
cpxRp2,0.3076923076923077,32,25,CTTATGCGGCAGATTAATTT,7,689310
cpxRp2,0.23076923076923078,30,25,CTGGCCTCAGAATCAGTGAA,5,659556
cpxRp2,1.1538461538461537,54,25,CTGCCGGACAACATGGTAGC,29,630535
cpxRp2,0.38461538461538464,34,25,CTCGCTTCTGGATCCTTAGT,9,675969
cpxRp2,0.8461538461538461,46,25,CTCACCTGGATTAATGCTAT,21,674651
cpxRp2,1.1538461538461537,54,25,CTAGTGGTGTGATATCTAGA,29,639741
cpxRp2,0.6923076923076923,42,25,CTAAGGATCAGACGAGTTCT,17,645323
cpxRp2,1.2307692307692308,56,25,CGGTGGCTCCCATGACCGTA,31,656493
cpxRp2,0.5,37,25,CGGCAGGTGCGGCAGTCCAT,12,642940
cpxRp2,0.7692307692307693,44,25,CGGAGTCTTAAAGCTTTTTG,19,678214
cpxRp2,0.3076923076923077,32,25,CGGACATCACGAGGCTGTCA,7,679745
cpxRp2,0.38461538461538464,34,25,CGCGCCGTCGTAAGACACAT,9,662544
cpxRp2,0.5,37,25,CGACAGACAAGACGGGAGGT,12,710163
cpxRp2,0.07692307692307693,26,25,CCTCATCGCATCATCATGCA,1,632859
cpxRp2,1.3076923076923077,58,25,CCGGTTATCCTACATTGTGT,33,634515
cpxRp2,0.2692307692307692,31,25,CCGGGGGGGGGGAACCCGCG,6,701460
cpxRp2,0.15384615384615385,28,25,CCGCACTCATCGTATTTGTG,3,662381
cpxRp2,0.2692307692307692,31,25,CCCAGGGGCTTTCGGGATTC,6,653337
cpxRp2,0.4230769230769231,35,25,CCATGCGCCCCGGGTGGCAG,10,645464
cpxRp2,0.4230769230769231,35,25,CCATCGGTCATTTGATCATA,10,682464
cpxRp2,0.5,37,25,CCAGTATGCTTTGCTAGTCG,12,699597
cpxRp2,0.38461538461538464,34,25,CCACTAAGCCCGCGGCGCTT,9,634542
cpxRp2,1.2307692307692308,56,25,CATACCGATTAGACCTTTAA,31,645104
cpxRp2,6.076923076923077,182,25,CAGTGCGCATAGAGGCAACT,157,690402
cpxRp2,1.2307692307692308,56,25,CAGTATTATTAATGAGAGAC,31,652384
cpxRp2,0.3076923076923077,32,25,CAATCAAACAGTTAAAAGGC,7,655768
cpxRp2,0.4230769230769231,35,25,CAATATCTTGTCCCTTTGAC,10,647412
cpxRp2,1.3461538461538463,59,25,CAAGCCCTAACACATGTCGC,34,637862
cpxRp2,0.6923076923076923,42,25,CAAAGATTACAGGTATACGC,17,658132
cpxRp2,0.19230769230769232,29,25,ATTGTACATGGAGCATATCG,4,667726
cpxRp2,0.4230769230769231,35,25,ATTCTTGAGAAATCCGCAAA,10,667763
cpxRp2,0.11538461538461539,27,25,ATTCCAGAAAGTACTGCGGG,2,678965
cpxRp2,0.8461538461538461,46,25,ATTACAGGGAGATCCGCACC,21,662643
cpxRp2,0.5,37,25,ATACTGGCAGAGTACCGGGT,12,637667
cpxRp2,0.4230769230769231,35,25,ATACACATCCAAGTCTCATT,10,675877
cpxRp2,0.6538461538461539,41,25,ATAACTTGTTGCAGGCCTGT,16,654726
cpxRp2,1.1923076923076923,55,25,AGTTCACCGCTGTTGTGCAT,30,698420
cpxRp2,0.5,37,25,AGTGGACGGCGTACGCGTCT,12,690779
cpxRp2,0.5384615384615384,38,25,AGGTCAAGTCCTCACACGGA,13,637426
cpxRp2,0.4230769230769231,35,25,AGGCCTTGCCTAGCTATATA,10,703160
cpxRp2,1.3846153846153846,60,25,AGGATGAGGGTGTATCTTAA,35,667155
cpxRp2,0.15384615384615385,28,25,AGCTTATCTTCACAGCCGAA,3,687886
cpxRp2,3.5384615384615383,116,25,AGCCGCGCACCCTGGAGGGT,91,708831
cpxRp2,0.6923076923076923,42,25,AGCAAAGTCGTAGCGCCAAT,17,710235
cpxRp2,1.6538461538461537,67,25,AGATAAATATTGGCGAGGAT,42,633284
cpxRp2,0.5769230769230769,39,25,AGAACAGTGGACGCAAAACG,14,695884
cpxRp2,0.5384615384615384,38,25,ACTAATACGGGTATTGTGAA,13,656339
cpxRp2,0.3076923076923077,32,25,ACGTCATCCTGAAGGGACGA,7,709578
cpxRp2,0.19230769230769232,29,25,ACCGCCGGCACGCCCTTGAT,4,636276
cpxRp2,0.46153846153846156,36,25,ACCACAATCCCTTAATTTTC,11,681109
cpxRp2,0.6153846153846154,40,25,ACACGGTTGTACAACGGTTT,15,697231
cpxRp2,0.8846153846153846,47,25,ACAACGGGGTCTGGTGAGCC,22,640560
cpxRp2,0.5,37,25,AATGGTTAAAAGTACGCTTA,12,690556
cpxRp2,0.5384615384615384,38,25,AATAGAACGATGACCTAATA,13,670928
cpxRp2,0.9230769230769231,48,25,AAGGGTACGAATCCGGGATT,23,643000
cpxRp2,0.7307692307692307,43,25,AAGGAAAGTGTGCAACAATT,18,637628
cpxRp2,0.6923076923076923,42,25,AAGCGTCTGTGTGCTGCGCC,17,638251
cpxRp2,0.11538461538461539,27,25,AAGCCTTATCACTTGTTCAT,2,641464
cpxRp2,0.11538461538461539,27,25,AAGACTTATCTGTTGAATCC,2,696401
cpxRp2,1.8461538461538463,72,25,AACTGACTACGATGTTTGGT,47,699274
cpxRp2,0.8076923076923077,45,25,AACGTATACCGTATTCGTAG,20,703025
cpxRp2,0.6923076923076923,42,25,AAATTAGGTGCCTTGGTATT,17,631110
cpxRp2,0.46153846153846156,36,25,AAATGGTATAGAGCCGTTTT,11,672526
cpxRp2,2.0,76,25,AAATGCGATGATTTGGCAGA,51,698029
cpxRp2,0.6153846153846154,40,25,AAAACGGTCGGACCAACAAA,15,697398
cpxRp2,0.68,40,24,TTTTCAGGCATACGGGTTTT,16,692567
cpxRp2,1.24,54,24,TTTGTCAGGAAAACGGTAGG,30,690468
cpxRp2,0.8,43,24,TTTCGCTCCGCGATTAAAGA,19,675912
cpxRp2,0.44,34,24,TTGTTCCCGGACAACAATGA,10,655524
cpxRp2,2.4,83,24,TTATGTTCTCCCAAATTTAC,59,642130
cpxRp2,0.44,34,24,TTATCATGTCTTCCTTGTGT,10,640547
cpxRp2,0.36,32,24,TTAGGTATATTAGTATTCGA,8,679010
cpxRp2,0.64,39,24,TTACTGGCACTCACCCGTAG,15,658811
cpxRp2,1.04,49,24,TTACCGTGGAGTGCTCCAAT,25,645986
cpxRp2,0.12,26,24,TTAATTTCGATCCAGAAAGT,2,632094
cpxRp2,0.4,33,24,TGTTCATCCCGCTTGGCGCG,9,670494
cpxRp2,0.28,30,24,TGTGAATACTTAGTTCATGT,6,638520
cpxRp2,0.76,42,24,TGTATGGTCGGGTAAGGCCA,18,703325
cpxRp2,0.32,31,24,TGTACAGATCGATGTCCGGT,7,663052
cpxRp2,0.72,41,24,TGGTCTCGCGAATCCTCTGT,17,682702
cpxRp2,0.56,37,24,TGGAATGCATATAAACGTAT,13,709106
cpxRp2,0.36,32,24,TGAGATAGTTCGATTGGACC,8,708751
cpxRp2,0.08,25,24,TCGAATGTGACGTGGTCCTG,1,676760
cpxRp2,0.4,33,24,TCCTCACTTCAAATCAAGGA,9,704735
cpxRp2,0.44,34,24,TCCGTCCCTTGAATGTCTAC,10,676323
cpxRp2,0.2,28,24,TCAGCTGGACTTGAAACGAC,4,631867
cpxRp2,0.24,29,24,TCAGCCAGTAGCGGCCTAAT,5,655937
cpxRp2,1.36,57,24,TCACTTGTGTCAAAGAGGAT,33,707655
cpxRp2,0.92,46,24,TCACCTTGAGGGCTGATGGT,22,652061
cpxRp2,0.64,39,24,TATTTTAGAGTATAAACCGT,15,694271
cpxRp2,0.72,41,24,TATCTGGAATGCGTTGGCAG,17,642806
cpxRp2,0.12,26,24,TATCACGCGGTCATGGCATG,2,636283
cpxRp2,1.08,50,24,TATAGGAAGCCACTCCGTTT,26,638369
cpxRp2,0.76,42,24,TAGGTAGAGCTCCTCGATTA,18,666136
cpxRp2,0.68,40,24,TACTCAGGCGCGCAACAGTA,16,695729
cpxRp2,0.92,46,24,TACGTGTTCTGACGTACACT,22,668033
cpxRp2,0.24,29,24,TACGCTGCCTCATCCTGCTT,5,682549
cpxRp2,0.84,44,24,TACCTTGCTAGTTCCAAATG,20,683088
cpxRp2,0.2,28,24,TAATATCCGTCACAGGCTTA,4,633898
cpxRp2,0.6,38,24,TAATAAAACAGTGTTGGGGA,14,631753
cpxRp2,0.2,28,24,TAAAAGGCTCTTGACTGCCG,4,641516
cpxRp2,0.56,37,24,GTTGCGTGAACCCTCTATAT,13,649053
cpxRp2,0.96,47,24,GTGTACCTTCTGAGCTGTCC,23,656474
cpxRp2,0.16,27,24,GTGCGTCGCCTGAGAATACA,3,651943
cpxRp2,0.48,35,24,GTCGAGAAGGTGAGGGGTAA,11,681571
cpxRp2,1.0,48,24,GTCCGGGTCTGGATGAGTTG,24,650857
cpxRp2,0.6,38,24,GTATGACACCCTGTTGGGAT,14,708347
cpxRp2,0.8,43,24,GTAAATCTAACAACTCCAGA,19,684518
cpxRp2,0.24,29,24,GGTCGCGTTATACTCAGGCA,5,690924
cpxRp2,0.12,26,24,GGGTTCGAGCTGATAGGATG,2,662551
cpxRp2,0.24,29,24,GGGGCGTTGTTCCGGAGTCC,5,681064
cpxRp2,1.32,56,24,GGGAGGAAAGGGTTGATCGG,32,634037
cpxRp2,4.72,141,24,GGCTGTGCGGCATAGTTAAT,117,645726
cpxRp2,0.88,45,24,GGCGATCTCTGTTTAATGTT,21,663499
cpxRp2,0.32,31,24,GGCCAACGGAACTACCCGCA,7,639492
cpxRp2,1.16,52,24,GGCAGTATAGTAGGTGATAT,28,646117
cpxRp2,0.2,28,24,GGACACAGCGGATACCGTTC,4,654355
cpxRp2,1.92,71,24,GCTCAGGGTCGGCTAGCGTA,47,673207
cpxRp2,1.76,67,24,GCTACATCCGAGATTCTACG,43,697951
cpxRp2,0.56,37,24,GCGTGTTATAAGGGGATTTT,13,711000
cpxRp2,0.84,44,24,GCGTAGGACAGACGTTCTCT,20,702582
cpxRp2,0.64,39,24,GCGACACGCTTGGGTTGCGT,15,686273
cpxRp2,0.72,41,24,GCCTATCTAAGTCCGGCATC,17,673980
cpxRp2,0.4,33,24,GCCTAAGTTTAGAAGTAATC,9,692805
cpxRp2,0.56,37,24,GCCCCTATCGCCTGTCTCCC,13,673848
cpxRp2,1.36,57,24,GCCAAAGTGCGCGAAGCCTA,33,678405
cpxRp2,0.24,29,24,GCCAAAAAACAACTATACGG,5,672155
cpxRp2,0.72,41,24,GCATTCCTGGTTATCTAAGT,17,640718
cpxRp2,0.68,40,24,GCACAGGCCCGATCAAAAAG,16,693997
cpxRp2,0.24,29,24,GCAACTCAGCTTAAATGCCT,5,675033
cpxRp2,0.28,30,24,GATTGCGTGGTATTCGCCAA,6,662796
cpxRp2,2.56,87,24,GATTGCCATGCGTACAATTG,63,700334
cpxRp2,0.44,34,24,GATGTTGCTCTCTCCGTGAT,10,682376
cpxRp2,0.2,28,24,GATCGACAAAGGGATTCGGG,4,639935
cpxRp2,0.24,29,24,GATCAACCGAACTGGATAAT,5,691732
cpxRp2,2.76,92,24,GAGTCCCACCGAACACTAAG,68,670562
cpxRp2,0.4,33,24,GAGGGCGTACTTAGGACGAC,9,679891
cpxRp2,1.2,53,24,GAGGCTAGTTACCTGTAGTG,29,637315
cpxRp2,0.92,46,24,GAGAGGTTGGGCAAAGACTT,22,639242
cpxRp2,0.48,35,24,GACTCCACTGAGTTGCATTA,11,659127
cpxRp2,3.28,105,24,GACTCAGCTTCCACAATTTA,81,633285
cpxRp2,0.4,33,24,GACGTGGCCTAACCGCGAGT,9,661762
cpxRp2,0.52,36,24,GACCTCGGTTTAGCGCTATA,12,650885
cpxRp2,1.12,51,24,GAATGCTCGTTTATAGAGTA,27,662089
cpxRp2,0.44,34,24,GAATCCGTTTACTGCACTGT,10,657368
cpxRp2,0.52,36,24,GAAGTAGGTGACATCTTTAC,12,698841
cpxRp2,0.6,38,24,GAACAATCGCGCGTTCAGGT,14,677994
cpxRp2,0.56,37,24,CTTTGGTAATTGAGAAAAGT,13,642370
cpxRp2,0.2,28,24,CTGGAAGGTCTTCCGTAACG,4,671498
cpxRp2,1.04,49,24,CTGCGGGCATCGAACTGGTA,25,657880
cpxRp2,0.4,33,24,CTGAAGTTCCGTAGGGACTA,9,645535
cpxRp2,0.16,27,24,CTCTTCCTCAAGTGAATCCG,3,656397
cpxRp2,1.28,55,24,CTACCGACCTCTCACCACTG,31,696973
cpxRp2,0.6,38,24,CTAATATACAGGTCGGGAAA,14,686154
cpxRp2,0.4,33,24,CTAAGGCGTGATTTACGTCT,9,643877
cpxRp2,0.2,28,24,CTAAATGGCAACACGTGAAG,4,665919
cpxRp2,0.68,40,24,CGTTTGCAGCGACAGACGAT,16,683316
cpxRp2,0.6,38,24,CGTTAAGGGCAATGTCATGA,14,674014
cpxRp2,0.52,36,24,CGTCGTGGGTTAAACAAGAG,12,670550
cpxRp2,0.48,35,24,CGCCGGGTCCTGATGCAACT,11,705746
cpxRp2,0.36,32,24,CGCCAGGAGTGGGACACGGT,8,712286
cpxRp2,0.48,35,24,CGATGTCGATCAGGGAAACA,11,694070
cpxRp2,0.44,34,24,CGACAAAGACGATTGTCGCG,10,642785
cpxRp2,0.56,37,24,CGAACCTCATTTACGCTCTG,13,679976
cpxRp2,0.16,27,24,CGAAATCTCAGTCGGCACAT,3,691575
cpxRp2,0.44,34,24,CCTGACACGAATGTTTGGGG,10,631953
cpxRp2,1.24,54,24,CCTCGTTGACGCGTTCGTCA,30,653032
cpxRp2,0.52,36,24,CCTCGTCGGATACGATCGTA,12,688475
cpxRp2,1.2,53,24,CCTATTTAGGTAATGGCTTA,29,631209
cpxRp2,0.8,43,24,CCGTAGGGAAGTGCTCTAAA,19,632170
cpxRp2,0.48,35,24,CCGGTCTCTGTACCCGCCAT,11,655751
cpxRp2,0.56,37,24,CCGGCTATCCAACAGTCGTA,13,632894
cpxRp2,0.32,31,24,CCCGTCAACCGGGTCCCTGA,7,667696
cpxRp2,1.2,53,24,CCCGGGGATTTTGTGATTAT,29,662372
cpxRp2,0.4,33,24,CCCAGTGGGAGGGCCGATTA,9,699844
cpxRp2,0.28,30,24,CCACCTTCGGTCCTCCGAGC,6,680996
cpxRp2,1.08,50,24,CCACCAGAGGGCAGTTGCAT,26,646747
cpxRp2,0.24,29,24,CCAACTGGCCTGGCTTAATA,5,655997
cpxRp2,0.44,34,24,CATTTACATAATCCCACATT,10,692819
cpxRp2,0.56,37,24,CATACCGTCTAAAGCAACTG,13,641059
cpxRp2,0.36,32,24,CACGGGGCTAGATGCTTCAT,8,673222
cpxRp2,2.0,73,24,CACCGGTACAGAAGGGCCTT,49,691577
cpxRp2,0.16,27,24,CACCGCAATGGACTACAATC,3,631499
cpxRp2,1.28,55,24,CAATGCGAAGTAATCGCGGA,31,672110
cpxRp2,0.52,36,24,CAATCTGCTCCTCTGTCGGT,12,685151
cpxRp2,1.84,69,24,CAAGAATAAGGTTTAACATT,45,636881
cpxRp2,0.36,32,24,CAACTGAAGCGTGTTCTTAT,8,664834
cpxRp2,1.52,61,24,CAACCTCGAGTAGCGGTTAG,37,676260
cpxRp2,2.16,77,24,CAACATCTCGCGAATGGGAT,53,648007
cpxRp2,0.88,45,24,CAAATTGGTGGGCTGGCTTG,21,643481
cpxRp2,1.04,49,24,ATTTGGGAGCTTTGGTACCG,25,649926
cpxRp2,0.64,39,24,ATTGGTATCTGACACGTAAC,15,686637
cpxRp2,0.72,41,24,ATGCGGAGTCTCGTCGCCTT,17,636499
cpxRp2,0.08,25,24,ATGCCCTCTGTTGAGAGTGT,1,649676
cpxRp2,0.24,29,24,ATGCATAGTTATTTTCTACT,5,676474
cpxRp2,0.64,39,24,ATGATTAGGGAGAGGAGAGA,15,635677
cpxRp2,0.32,31,24,ATGACCGCACCCTTCAGGAA,7,637585
cpxRp2,0.84,44,24,ATCCGTTGCAGTTTTAAGGC,20,637054
cpxRp2,1.0,48,24,ATATTGTCATTTAAACGTGT,24,658764
cpxRp2,0.56,37,24,ATATCGATTAACCGAGGCTT,13,681696
cpxRp2,1.84,69,24,ATATCATACGGCAGTCCAGT,45,700293
cpxRp2,0.28,30,24,ATATAAAGAAAGGCCGGACT,6,702840
cpxRp2,0.08,25,24,ATAGTTGATAATTACGATCG,1,637704
cpxRp2,0.52,36,24,ATACGTGTGCACTCACAAGC,12,708490
cpxRp2,1.04,49,24,AGTGCTTTTAGCATCGGTAC,25,646241
cpxRp2,0.36,32,24,AGTGAGCAGCCGCTGTCAGA,8,631794
cpxRp2,5.72,166,24,AGTCGAGCATCATTGAGAGC,142,666584
cpxRp2,0.88,45,24,AGTATAGCGGCTCTCCTTGC,21,647001
cpxRp2,0.32,31,24,AGGTTATATGGCAGATCAAT,7,655490
cpxRp2,0.32,31,24,AGGGTCCAAGGGTTTGCCTT,7,670309
cpxRp2,0.52,36,24,AGGGGGACAACACTGCTGTC,12,664470
cpxRp2,0.16,27,24,AGGGCTGTGTAGCAACCGAC,3,693408
cpxRp2,0.12,26,24,AGCATAATCTTTATGGATCA,2,655850
cpxRp2,0.44,34,24,ACTTTTTGTTACGATCATCC,10,692762
cpxRp2,0.68,40,24,ACTGAAGACATTTCGTCGAT,16,666645
cpxRp2,0.52,36,24,ACTCTATGGTATTTCATTCC,12,645105
cpxRp2,0.68,40,24,ACTCCGGAAAGATAAAAATG,16,653663
cpxRp2,2.6,88,24,ACGTAGCGATGGGATTAGGT,64,665604
cpxRp2,0.2,28,24,ACGCTGGATGCACCACGCTT,4,673009
cpxRp2,0.44,34,24,ACGCTGCACGACTGACTAAG,10,642744
cpxRp2,0.32,31,24,ACCCAGTGTTTCCATCATCA,7,642404
cpxRp2,0.2,28,24,ACACAACAGGTTTCCTTTCC,4,688277
cpxRp2,0.24,29,24,AATTCGATATTAGGGCACTG,5,632523
cpxRp2,0.76,42,24,AATTACAGTATCAGTTATTG,18,650927
cpxRp2,0.4,33,24,AATGTACACGCGGTGCGGGC,9,676900
cpxRp2,0.32,31,24,AATACGAAGGGATAGGATTA,7,682637
cpxRp2,1.08,50,24,AAGTTTCCACAACCTTCGGT,26,639837
cpxRp2,1.2,53,24,AAGTAGCGTAAACAGACACT,29,694514
cpxRp2,0.64,39,24,AAGCTAAACACTGGTCAACA,15,670776
cpxRp2,0.4,33,24,AAGATTTTTGCTCACCAAAG,9,700648
cpxRp2,0.36,32,24,AACTTGTAAGCACGCCGAAT,8,702068
cpxRp2,0.64,39,24,AACTTCAGCCAAGGTACCCC,15,663840
cpxRp2,0.36,32,24,AACTCTCTATACTCGTGCAT,8,691902
cpxRp2,1.72,66,24,AACACGTAGTTCTTTCTTGT,42,629998
cpxRp2,0.64,39,24,AAAGTTCTACCTGGGAACGT,15,675885
cpxRp2,0.6,38,24,AAAGGTCAAACATCGTCGGT,14,710207
cpxRp2,0.56,37,24,AAACGGCGCACGATCGCAAC,13,640231
cpxRp2,0.875,43,23,TTTGTAAGCCAATGTAATGG,20,703128
cpxRp2,0.6666666666666666,38,23,TTTAAGCTGAAGGCCGCACT,15,633658
cpxRp2,0.8333333333333334,42,23,TTGGGGTTGAGCTAGAGCCT,19,642362
cpxRp2,1.125,49,23,TTGATGTACCCTCTGAGTTT,26,662291
cpxRp2,0.6666666666666666,38,23,TTCTCGCTCCACGACGAGGA,15,703840
cpxRp2,0.08333333333333333,24,23,TTCCAGTCACAACGTGACCT,1,641191
cpxRp2,0.25,28,23,TTATTTGCTGTTTTGTATAA,5,675146
cpxRp2,2.375,79,23,TTAATTCGGACATCTACGAC,56,695078
cpxRp2,0.4166666666666667,32,23,TGTCGCCAGCGTGCACGATT,9,707724
cpxRp2,0.375,31,23,TGTATCAGCAGTATGCGGCA,8,647238
cpxRp2,1.375,55,23,TGTAGGGCCATCCTAAGCTT,32,638724
cpxRp2,0.9166666666666666,44,23,TGCGTGTATGGATTAATGTA,21,638642
cpxRp2,0.16666666666666666,26,23,TGCCTCAATCGGTATTACCT,3,660821
cpxRp2,0.625,37,23,TGCCTACAGACAGCACCTTC,14,663831
cpxRp2,0.7083333333333334,39,23,TGCCACGTTCGTCTGAGCAA,16,649782
cpxRp2,0.16666666666666666,26,23,TGAGGGTAGTTAATCCTCAC,3,638843
cpxRp2,0.08333333333333333,24,23,TGACCGTCAATTGTACGAGA,1,638242
cpxRp2,1.6666666666666667,62,23,TGAAACCGAAACGGCTGACC,39,629823
cpxRp2,0.5833333333333334,36,23,TCTCGCCATTTTGGGACTTA,13,639367
cpxRp2,0.5833333333333334,36,23,TCGCTGGTATTGTCGTTCAG,13,634360
cpxRp2,3.6666666666666665,110,23,TCGAGTTTTGATTTTGCGCT,87,648504
cpxRp2,0.16666666666666666,26,23,TCCGAGAGAGCCGACGCCGT,3,673244
cpxRp2,0.625,37,23,TCCCCCGAACAGCCCCAAAA,14,693789
cpxRp2,0.7916666666666666,41,23,TCCCACGGTCACAGCAACAA,18,664766
cpxRp2,0.5,34,23,TCCAGGATGCGTAAACTCCA,11,710177
cpxRp2,0.9166666666666666,44,23,TCATGGGTCTAGCCCCGCAT,21,681421
cpxRp2,0.4166666666666667,32,23,TCATCTCGGGACGGTAGGGA,9,660945
cpxRp2,0.3333333333333333,30,23,TCAGATCCCGTAGTTGAGGA,7,653744
cpxRp2,0.4166666666666667,32,23,TATCCGGGAAACGTATATAC,9,656130
cpxRp2,0.25,28,23,TATCACGTTCGAGCATAGAC,5,663098
cpxRp2,0.2916666666666667,29,23,TAGGCTGTAAGATGCTCACT,6,683801
cpxRp2,0.625,37,23,TAGCGAACGGGGGTTCCTGA,14,684733
cpxRp2,0.7083333333333334,39,23,TAGATGCGACAATCGTTGGA,16,692132
cpxRp2,0.4583333333333333,33,23,TACTCTTTGCTTTAGGCCCA,10,672013
cpxRp2,0.9583333333333334,45,23,TACGCATTTCGGGAGAAAGT,22,674781
cpxRp2,0.25,28,23,TACGAGGTACCTCGTACAAT,5,688686
cpxRp2,0.7083333333333334,39,23,TACCATTCAGTCCCTCACTA,16,632804
cpxRp2,1.25,52,23,TACCAGTACCACTTACGCGG,29,698387
cpxRp2,0.4166666666666667,32,23,TACAAGCGGCTGGGAAAGAT,9,667888
cpxRp2,0.2916666666666667,29,23,GTTTCCCGTGTTGCGGCAAT,6,633819
cpxRp2,0.7916666666666666,41,23,GTTCTGACAGGGATCGCTAA,18,695905
cpxRp2,1.125,49,23,GTGTCTGTAATTAGTTGGTG,26,701231
cpxRp2,1.4166666666666667,56,23,GTGTATTTCTGCTTAGGTTA,33,662703
cpxRp2,0.5416666666666666,35,23,GTGCGTAGGATCTAGTTCGA,12,701127
cpxRp2,0.9583333333333334,45,23,GTGAACACGGTTCGGTAGCC,22,683264
cpxRp2,0.7083333333333334,39,23,GTCTATTGATCACATGGCCT,16,687016
cpxRp2,0.6666666666666666,38,23,GTCATAAGATATCGCCCCAA,15,653562
cpxRp2,2.25,76,23,GTACGTAAAGGTCTGTATCT,53,668637
cpxRp2,1.125,49,23,GTAAATAATCGGAGTTGCAG,26,659260
cpxRp2,1.0,46,23,GGTTTCCGATTAAGAAGTTG,23,666134
cpxRp2,0.875,43,23,GGGTCTGTAGCCCCAGAAAT,20,660515
cpxRp2,0.2916666666666667,29,23,GGGACCCCCTTGCAAGGCCA,6,666722
cpxRp2,0.5,34,23,GGGACATCGGGTAGCCAGTA,11,688566
cpxRp2,0.5416666666666666,35,23,GGCACCGTAACCAATCCTAG,12,651617
cpxRp2,1.0416666666666667,47,23,GGATTTTAAATTGTTATTAT,24,700581
cpxRp2,0.125,25,23,GGAGATATTTCGCCGAGGTC,2,683698
cpxRp2,0.4166666666666667,32,23,GGAGACCTTGAGCCATCGCA,9,676434
cpxRp2,0.20833333333333334,27,23,GGACCAGTTTTGCAATCCAT,4,668308
cpxRp2,0.75,40,23,GGACCACGCGCATTCATAAC,17,666240
cpxRp2,0.8333333333333334,42,23,GCTTCTACCAGTGCAGGACT,19,663248
cpxRp2,0.3333333333333333,30,23,GCTCCGGCGAGTTACCACAT,7,659492
cpxRp2,0.6666666666666666,38,23,GCGGGTGATTCCCGCTATGT,15,638277
cpxRp2,0.875,43,23,GCGATTTTCTCGTATGATCG,20,663434
cpxRp2,0.125,25,23,GCGACTCAATTTATGCACAC,2,639081
cpxRp2,0.625,37,23,GCATGCCTGTACCAGTTCCG,14,684138
cpxRp2,0.20833333333333334,27,23,GCATCCGTGATTTTAAGGAC,4,654847
cpxRp2,1.5,58,23,GCAGGGGCTGAGAACACCGG,35,690007
cpxRp2,0.5833333333333334,36,23,GCAATCTACGGAACTAACTG,13,638005
cpxRp2,0.5416666666666666,35,23,GATTCTAGAGTCGAGCTTAT,12,660073
cpxRp2,1.875,67,23,GATGATCGGTTACTACAGGT,44,702855
cpxRp2,0.5,34,23,GATCTGATTCATTAACCAGG,11,699067
cpxRp2,1.125,49,23,GATCAAGAGTCAGGACTCAG,26,660007
cpxRp2,0.7916666666666666,41,23,GATACCCGACGGTTAAGTAG,18,706302
cpxRp2,0.16666666666666666,26,23,GATAAGTGGCGACGAGAATA,3,695275
cpxRp2,0.7083333333333334,39,23,GAGTGTTCTTCCATGGGTTG,16,678101
cpxRp2,0.25,28,23,GAGCAGAGGTGGCCGTGTTA,5,661159
cpxRp2,0.2916666666666667,29,23,GACTCTGCATCATGTCATCA,6,636564
cpxRp2,0.2916666666666667,29,23,GACGTTTGCACAAGCATCCC,6,681832
cpxRp2,0.2916666666666667,29,23,GACGCACGCGAATTTGCATA,6,665282
cpxRp2,0.75,40,23,GACCACTACGAGTCTTGAAA,17,632786
cpxRp2,0.9583333333333334,45,23,GACATTAAGTGCAATCTCAG,22,699381
cpxRp2,0.7083333333333334,39,23,GAATTGTAGTAGTGACGATC,16,709494
cpxRp2,0.4166666666666667,32,23,GAAAAAAAGATTATTGATGA,9,658414
cpxRp2,0.625,37,23,CTTTTTTTATCTTGTTGTGA,14,697350
cpxRp2,0.625,37,23,CTTATGCCACTATCACGTAA,14,675164
cpxRp2,0.625,37,23,CTGGTCCCGGCGAACCAAAC,14,655725
cpxRp2,1.4583333333333333,57,23,CTGCGAGCAATCTGCCATAT,34,648013
cpxRp2,0.4166666666666667,32,23,CTCAAATCGGGGACGCGTCT,9,660304
cpxRp2,0.6666666666666666,38,23,CTATTGTGGCTCACGAGTAA,15,708940
cpxRp2,0.20833333333333334,27,23,CTAGTTCGCGGCTGCGTTCA,4,655114
cpxRp2,0.9583333333333334,45,23,CTAAGAGGTCACGTTACAAA,22,635600
cpxRp2,0.625,37,23,CGGTGGCCTTTGTTAGGGTA,14,701536
cpxRp2,0.375,31,23,CGGCGGCCATTCTCCGTCAG,8,675670
cpxRp2,0.20833333333333334,27,23,CGGCCAAAGTGCCTTGCCAA,4,699900
cpxRp2,0.16666666666666666,26,23,CGGCAATGGGGTCAGAGGCA,3,680649
cpxRp2,1.0416666666666667,47,23,CGGCAACCGCCCTCAAGATC,24,677419
cpxRp2,0.7083333333333334,39,23,CGGAATGCTAAGTTGATCTG,16,639068
cpxRp2,0.9583333333333334,45,23,CGGAACGTAAAGACGGATGA,22,653230
cpxRp2,0.375,31,23,CGCTTTACTGGTACATTTCG,8,656684
cpxRp2,0.4583333333333333,33,23,CGCGTTCTTTGGCACGTATA,10,664372
cpxRp2,0.375,31,23,CGATCTACATCTGTGGCCAA,8,669933
cpxRp2,1.7916666666666667,65,23,CGACTGATATGAGGATACGG,42,705219
cpxRp2,4.083333333333333,120,23,CGAACGCGGTCCTCTTTTTA,97,665603
cpxRp2,2.4166666666666665,80,23,CCTTAGCGCTATCCGCTCAA,57,636538
cpxRp2,0.5,34,23,CCGCAAAGACGGCTACAGCT,11,641843
cpxRp2,0.625,37,23,CCGAGAGTGTCATCTAAGCT,14,634572
cpxRp2,1.25,52,23,CCCGGCCCACGAGAGGTGAC,29,675373
cpxRp2,0.08333333333333333,24,23,CCCGCACCTCTCAACCATAT,1,686995
cpxRp2,0.125,25,23,CCCCTGTTCGGTGGTGGCAT,2,638476
cpxRp2,0.08333333333333333,24,23,CCAATCGCTTTATAATCTTG,1,652815
cpxRp2,0.125,25,23,CCAACCCTGAACCAGCTACG,2,663720
cpxRp2,0.2916666666666667,29,23,CATTCCGCCCTGGAAGTTCT,6,676174
cpxRp2,0.6666666666666666,38,23,CATGGCACTTGTGTAGGTAG,15,682354
cpxRp2,1.7083333333333333,63,23,CATGATTCAATAATCGTGTT,40,650332
cpxRp2,0.875,43,23,CATGAGTCCTAGGATTCTTT,20,663275
cpxRp2,0.20833333333333334,27,23,CATCTTCGCCACGTAGACAT,4,652589
cpxRp2,0.7083333333333334,39,23,CATATGATGTCAGGCAGACA,16,703259
cpxRp2,0.5,34,23,CAGTAGATCTGAGTGATATC,11,640768
cpxRp2,1.125,49,23,CAGCCGCATGAAGCCCTCAG,26,671932
cpxRp2,0.25,28,23,CAGATGTAACGCATGTGGAA,5,634463
cpxRp2,0.20833333333333334,27,23,CACCGCGGCATTAAGTACCC,4,671956
cpxRp2,0.375,31,23,CACAGAATCTGTGAGTGTGT,8,657529
cpxRp2,0.5416666666666666,35,23,CAACCGGGAACCACACTCAA,12,645922
cpxRp2,0.625,37,23,CAAATTATGAATACTGCTTC,14,637122
cpxRp2,0.4166666666666667,32,23,CAAACTCCCAGCGGCGAGGA,9,660927
cpxRp2,0.2916666666666667,29,23,ATTCTCATGGTACGCACGGC,6,649354
cpxRp2,1.0416666666666667,47,23,ATTCGTACAGGAGATGCCTT,24,639057
cpxRp2,0.2916666666666667,29,23,ATGTGAGCTATACTGCGGAT,6,642170
cpxRp2,0.9583333333333334,45,23,ATGATGTTATACCTAGTTCT,22,639631
cpxRp2,1.0,46,23,ATGAGCGGTCGCTCTTAGCT,23,652544
cpxRp2,0.5,34,23,ATGACCCCTAAAGCACGAGC,11,651535
cpxRp2,0.5833333333333334,36,23,ATCTGATCTGTAAGACCCAT,13,697813
cpxRp2,1.7083333333333333,63,23,ATATTGCGCCAGGGCCTGAC,40,671242
cpxRp2,0.75,40,23,ATAGCCCAAAACGATGGAGG,17,672467
cpxRp2,0.5,34,23,ATACCATGGCCCTGCGACAT,11,645925
cpxRp2,0.5833333333333334,36,23,AGTCGTGGATAGTAATCACT,13,654127
cpxRp2,3.6666666666666665,110,23,AGGTGTATACCCTTCGTATC,87,665585
cpxRp2,0.20833333333333334,27,23,AGGCGCTACGATCAACGGCC,4,657235
cpxRp2,0.08333333333333333,24,23,AGCTCGTCGGAATTATGGGT,1,641289
cpxRp2,0.4583333333333333,33,23,AGCGAGGAGCGGAAAGGGTA,10,685978
cpxRp2,0.7083333333333334,39,23,AGCATTAATAGATGCTAATA,16,632134
cpxRp2,0.3333333333333333,30,23,AGCATAATCCCCAGAGGTAC,7,657029
cpxRp2,0.20833333333333334,27,23,AGCAGAGAAGGGGTCCCTGC,4,642458
cpxRp2,0.3333333333333333,30,23,AGATTAGAGCCCTGCTAGTC,7,682328
cpxRp2,0.20833333333333334,27,23,AGACATTGATCTCCGAGCTA,4,700540
cpxRp2,0.9166666666666666,44,23,ACTTTGAATGGGCTAATGGT,21,653375
cpxRp2,0.2916666666666667,29,23,ACTCTCTAGAGATGGTGAAA,6,666301
cpxRp2,0.875,43,23,ACGTATAAGTAGGTTCTTAC,20,659875
cpxRp2,0.4166666666666667,32,23,ACGAGAGTTCCTGCCACGGT,9,700829
cpxRp2,0.16666666666666666,26,23,ACGACGCTCCAAGTGTTGTT,3,683765
cpxRp2,0.5833333333333334,36,23,ACCTGCGTCTACCCTCATGA,13,707423
cpxRp2,0.20833333333333334,27,23,ACCGGCCATTGATCGTGTCA,4,653158
cpxRp2,1.5416666666666667,59,23,ACCACGCAGCCAATCTGGAA,36,651855
cpxRp2,0.7083333333333334,39,23,ACACGGCTGACGCGTGGAAA,16,675251
cpxRp2,0.5416666666666666,35,23,AATCGGTCAGTAAAGGATCC,12,660206
cpxRp2,0.9166666666666666,44,23,AATATTCATCAAAACCGGGG,21,685427
cpxRp2,0.3333333333333333,30,23,AATATCGGGGTTTACCGTAC,7,648909
cpxRp2,0.08333333333333333,24,23,AATACTAAGGCGGTCTTTCA,1,680833
cpxRp2,0.9583333333333334,45,23,AATACATGAAGACGTCCCCA,22,639689
cpxRp2,1.375,55,23,AAGTTTGACACAACCGAAAG,32,686746
cpxRp2,0.20833333333333334,27,23,AAGGCCACATGCGGTAGTGT,4,687081
cpxRp2,1.25,52,23,AAGCACTGTATTAATCTGGA,29,699495
cpxRp2,1.875,67,23,AACCGGTTTTCGGGACATAT,44,629980
cpxRp2,0.6666666666666666,38,23,AAATGCGGGAATTATTTTGG,15,692800
cpxRp2,0.4583333333333333,33,23,AAATCGACCCTGAGATACGA,10,678724
cpxRp2,0.7083333333333334,39,23,AAAGTAAGGAATGCAGTCTG,16,698525
cpxRp2,0.375,31,23,AAAGGTGGGGTTAAGTGCGA,8,681910
cpxRp2,0.5416666666666666,35,23,AAAGGGGAAAACATTACCAT,12,682600
cpxRp2,0.2916666666666667,29,23,AAAAACCCCTTGTAAGAGCA,6,690555
cpxRp2,0.6521739130434783,36,22,TTTGCTGAGTCGTGGGCATA,14,663991
cpxRp2,0.782608695652174,39,22,TTTCGGACGGGACGTATCTG,17,708407
cpxRp2,0.6086956521739131,35,22,TTTCCTGCCTAGGAGAGGCA,13,688537
cpxRp2,0.5652173913043478,34,22,TTGTGTTTTTAGTATACGGT,12,679051
cpxRp2,1.0434782608695652,45,22,TTGTGGAGAACATTTAATGT,23,710479
cpxRp2,0.7391304347826086,38,22,TTGGGGCCATTCTTTCTAGT,16,694624
cpxRp2,0.13043478260869565,24,22,TTGAGAACCTTGCGGCCCCA,2,685162
cpxRp2,1.0,44,22,TTGAAAATACCTGTGGTTGC,22,642855
cpxRp2,0.5652173913043478,34,22,TTCTAGCAGTCCGCTCAATA,12,696803
cpxRp2,0.391304347826087,30,22,TTCTACATGATGGGTCGGAC,8,681129
cpxRp2,0.34782608695652173,29,22,TTCTAAGAAGAGTAGGTCCC,7,665480
cpxRp2,1.2608695652173914,50,22,TTCCCCCGCGTTAAGCAGGA,28,671719
cpxRp2,1.391304347826087,53,22,TTAATGCCAGTTCCGCTCTG,31,656992
cpxRp2,0.9130434782608695,42,22,TTAAGGCTCTGCTCCTCAGG,20,707510
cpxRp2,0.7391304347826086,38,22,TGTTGACCTCAACATGGATA,16,673672
cpxRp2,0.21739130434782608,26,22,TGTATTGTTAAGCGGAAATT,4,670590
cpxRp2,0.782608695652174,39,22,TGGTTATTGCGCGAGCCCTA,17,642881
cpxRp2,0.08695652173913043,23,22,TGGTCTACAAGCTCTCAGGA,1,633817
cpxRp2,0.9130434782608695,42,22,TGGTAGTGCGTTCCTAACCT,20,703985
cpxRp2,0.30434782608695654,28,22,TGGTAATTCAGCGATTCGAA,6,702889
cpxRp2,0.30434782608695654,28,22,TGGATGGGAAACCGCACTTA,6,706101
cpxRp2,0.8260869565217391,40,22,TGCTTTTTAGCAACTCTGGT,18,660552
cpxRp2,0.2608695652173913,27,22,TGCGCTGCGGTTATCACTGT,5,646624
cpxRp2,0.782608695652174,39,22,TGCCGCACACATCCCTAGCA,17,696528
cpxRp2,0.7391304347826086,38,22,TGATACGCGCACCGGAAATA,16,702748
cpxRp2,1.0869565217391304,46,22,TGACGTGCACCCATCTGAAC,24,640544
cpxRp2,0.34782608695652173,29,22,TGAACGGTCGATTTGCCTAT,7,673693
cpxRp2,0.21739130434782608,26,22,TGAAAGTTATAACGATCCAC,4,683411
cpxRp2,0.8695652173913043,41,22,TCTTCGAGATAGAAGCTTCC,19,693737
cpxRp2,0.43478260869565216,31,22,TCTGGACATATGAGCGCTTG,9,641902
cpxRp2,0.391304347826087,30,22,TCTGATTCCACGGGTTACGA,8,663154
cpxRp2,0.2608695652173913,27,22,TCTCACTACGTTAGAGCTAG,5,653215
cpxRp2,0.21739130434782608,26,22,TCGTGGTCGATGGACACTAG,4,633421
cpxRp2,0.5652173913043478,34,22,TCGATGGGAACACTGCTCGA,12,701735
cpxRp2,0.4782608695652174,32,22,TCATGACCCCCCTTGGCGGT,10,637403
cpxRp2,4.478260869565218,124,22,TCATCTCCGCGACAGCGGGA,102,668643
cpxRp2,0.8260869565217391,40,22,TCAGTAGCCCCTCCATCGTT,18,653399
cpxRp2,0.391304347826087,30,22,TCACTGTAGCGTTTCCTGAT,8,635461
cpxRp2,0.6521739130434783,36,22,TCACACGGCATTCGGTACTT,14,654989
cpxRp2,0.782608695652174,39,22,TCAATACTGTATCGAACTCT,17,632341
cpxRp2,1.4782608695652173,55,22,TCAAGATGCGGACGGAATAC,33,633136
cpxRp2,0.782608695652174,39,22,TATTCCTAAAAAGAGCTTAA,17,655555
cpxRp2,0.13043478260869565,24,22,TATGGTCGGCAGTTGATTGG,2,704930
cpxRp2,0.34782608695652173,29,22,TATGGACTGGAGCTCGTGTT,7,706399
cpxRp2,0.9130434782608695,42,22,TATGATTGGGTCTCAAATAC,20,634728
cpxRp2,0.5217391304347826,33,22,TACTGTGAGGAGATGTACGG,11,675374
cpxRp2,0.8260869565217391,40,22,TACTCGGTTGACTCAAGAAG,18,634730
cpxRp2,1.0,44,22,TACCTATGTCAAACGGACGT,22,630000
cpxRp2,1.2608695652173914,50,22,TAAGTCGGATACACGACCCA,28,678788
cpxRp2,0.5652173913043478,34,22,GTTGACAGTAATAGGCTTCC,12,692923
cpxRp2,0.2608695652173913,27,22,GTTCAGGCGGACAGGTAAGT,5,670244
cpxRp2,0.6956521739130435,37,22,GTTAGCTATCGCAGCAAGAT,15,702898
cpxRp2,0.17391304347826086,25,22,GTTAAGAGGGCGAAATCTAC,3,661154
cpxRp2,0.34782608695652173,29,22,GTGTATCCCGTAGATGTGGT,7,636613
cpxRp2,0.7391304347826086,38,22,GTGGCAGGGCTCTAGCTAGT,16,690592
cpxRp2,0.13043478260869565,24,22,GTGGACTGGGCATTGCAGGC,2,654530
cpxRp2,0.5652173913043478,34,22,GTGCTCCGTGTTATACCGTA,12,662751
cpxRp2,1.1304347826086956,47,22,GTGCATGGAAACTACTAGCG,25,696150
cpxRp2,0.9565217391304348,43,22,GTCCGAGTTAAGCTAGCTCA,21,634073
cpxRp2,0.30434782608695654,28,22,GTCACCTTTGCAAGCGGCGA,6,704267
cpxRp2,0.6086956521739131,35,22,GTATGTGCTCGGATAGGTTC,13,632364
cpxRp2,0.43478260869565216,31,22,GTAGACTATTGCAACTTTTA,9,636484
cpxRp2,1.7826086956521738,62,22,GTAATTCGTTGGCTTCCAGT,40,651268
cpxRp2,0.21739130434782608,26,22,GTAACAAAACTGATAAGATC,4,668963
cpxRp2,0.08695652173913043,23,22,GGTTTCTCGGAAACAGTGCC,1,704006
cpxRp2,1.6521739130434783,59,22,GGTTGAAGATGAAACACTAT,37,712009
cpxRp2,0.21739130434782608,26,22,GGTGGCCAGGGGCCACGAAG,4,675872
cpxRp2,0.4782608695652174,32,22,GGTGATCAGCCACCTCACTT,10,689521
cpxRp2,0.6086956521739131,35,22,GGTCTCCCGAGTAGGAATTG,13,668084
cpxRp2,0.2608695652173913,27,22,GGTCGGATTTGCTTATAACG,5,702838
cpxRp2,0.9130434782608695,42,22,GGGTGTTTAGACGTGCCCAC,20,701663
cpxRp2,0.21739130434782608,26,22,GGGGCGAGGGGGGAATCGCA,4,699163
cpxRp2,0.6086956521739131,35,22,GGGGAAAAGACTTGTGTTGC,13,673287
cpxRp2,1.1304347826086956,47,22,GGCAATGTCAACGGCAGTAC,25,655683
cpxRp2,0.6956521739130435,37,22,GGCAATATAAATCGGCTGAT,15,671580
cpxRp2,0.30434782608695654,28,22,GGACTGTAATGTGTTAGCGT,6,692013
cpxRp2,0.4782608695652174,32,22,GCTTGCTTACCCGTCGTCTT,10,643008
cpxRp2,0.391304347826087,30,22,GCTGTTCCATGCACCGAAGT,8,657453
cpxRp2,0.7391304347826086,38,22,GCGTCAGGAGCAAGAAGAAC,16,631136
cpxRp2,0.6521739130434783,36,22,GCGCAGCACTAGGTCGGAGT,14,692967
cpxRp2,0.6956521739130435,37,22,GCGAAGTGGTTTCACGGTAG,15,666892
cpxRp2,0.782608695652174,39,22,GCCTTCTTATGGATTAGATA,17,637261
cpxRp2,1.434782608695652,54,22,GCAGTTACAGCCAACGCCAA,32,663209
cpxRp2,0.9565217391304348,43,22,GCAGCGTCTGTCTCATAGTT,21,649028
cpxRp2,0.34782608695652173,29,22,GCAAGTGTCGTCCACCCTGA,7,681807
cpxRp2,1.3043478260869565,51,22,GCAAGAACCACCCCTAGCCA,29,630011
cpxRp2,1.173913043478261,48,22,GATTTTTCTGGTACCAATTA,26,650155
cpxRp2,0.6956521739130435,37,22,GATGGGGCGACGTGCTGTCT,15,693139
cpxRp2,0.34782608695652173,29,22,GATGAGCTCCGGGACGCTAA,7,667929
cpxRp2,0.782608695652174,39,22,GATCGGTGACACGGGAGTTT,17,688441
cpxRp2,0.08695652173913043,23,22,GATAAAAACGTGTATCAACT,1,664221
cpxRp2,0.13043478260869565,24,22,GAGTGTGAAATTGCACATCA,2,678079
cpxRp2,0.2608695652173913,27,22,GAGTGCCTCTCCCCAATTAT,5,646734
cpxRp2,0.6086956521739131,35,22,GAGGCTATACATCTGCTGCA,13,708927
cpxRp2,0.9130434782608695,42,22,GAGAACAGGGGGTTTTCGCT,20,677497
cpxRp2,0.5652173913043478,34,22,GACTGTCTGGGATAGAATTT,12,645355
cpxRp2,1.3043478260869565,51,22,GACTGGGTACACGTTGACAT,29,691776
cpxRp2,0.43478260869565216,31,22,GACGGGCAATTGTCGTAGCG,9,638794
cpxRp2,0.6086956521739131,35,22,GACGGCGCGTTCGGCTGCGA,13,683438
cpxRp2,1.2173913043478262,49,22,GACGACCATCCTGATAGGCG,27,638436
cpxRp2,0.17391304347826086,25,22,GACAGACCTATGGGGGCGGT,3,640981
cpxRp2,0.21739130434782608,26,22,GACACGCGGATCCCCAAAAC,4,678616
cpxRp2,0.391304347826087,30,22,GAATGGCAATTAGTGAGATC,8,699358
cpxRp2,0.13043478260869565,24,22,GAAGTGCCTAGCCCTACCTC,2,693228
cpxRp2,0.17391304347826086,25,22,GAAGTCAGAAAATATGACAT,3,680050
cpxRp2,1.0,44,22,GAACTGCTGGATCGGCGCGC,22,689825
cpxRp2,1.0,44,22,CTTTTCTTATTCGACCGTGA,22,686042
cpxRp2,0.6521739130434783,36,22,CTTTGCTCTTATCGATCATG,14,704842
cpxRp2,0.2608695652173913,27,22,CTTTGAGGGGCACAACGGTG,5,649182
cpxRp2,1.173913043478261,48,22,CTTTCTTAATCGCAAGGCTG,26,630369
cpxRp2,0.9130434782608695,42,22,CTTGCAGCGGATTTTAAATG,20,634241
cpxRp2,0.6956521739130435,37,22,CTTAGGAGTTCAAACACTCA,15,654522
cpxRp2,0.21739130434782608,26,22,CTTAATTGTCTGGCCGACTT,4,650483
cpxRp2,0.4782608695652174,32,22,CTGGCAACATTTGTAATTGT,10,668582
cpxRp2,0.391304347826087,30,22,CTGCGTTTCGTCTAACAAGA,8,699436
cpxRp2,0.43478260869565216,31,22,CTCGGGGCAAATTACGGCGT,9,661285
cpxRp2,0.8260869565217391,40,22,CTCCTCCACTCATCATCGAA,18,651274
cpxRp2,0.9565217391304348,43,22,CTCCGGGAAATCTATGTATA,21,677357
cpxRp2,0.782608695652174,39,22,CTCCACTGCTATTCCAGCAT,17,677279
cpxRp2,0.6086956521739131,35,22,CTCAGCTCGCAAACCGCAAC,13,688167
cpxRp2,0.21739130434782608,26,22,CTATCGCATGGAGTCGGGGT,4,663537
cpxRp2,0.08695652173913043,23,22,CTATCATTTACTCCAGGCTC,1,701479
cpxRp2,0.6086956521739131,35,22,CGTTAGTTGGCCAAGTTCTA,13,647760
cpxRp2,0.08695652173913043,23,22,CGTGGCGAAGGCAACATTCG,1,631989
cpxRp2,1.1304347826086956,47,22,CGTGGATATTTTATATTCCT,25,691835
cpxRp2,0.4782608695652174,32,22,CGTACGAGGAGGTCAATCCT,10,635099
cpxRp2,0.21739130434782608,26,22,CGGTTCGTTTATAAGCACTG,4,640917
cpxRp2,0.5652173913043478,34,22,CGGGGGTGTTTCCTGACAAT,12,670409
cpxRp2,0.17391304347826086,25,22,CGGCGGCGCTCATGCTTCTT,3,691174
cpxRp2,1.0869565217391304,46,22,CGGCGGATCGGAGGGGACAC,24,690847
cpxRp2,0.17391304347826086,25,22,CGGCATGCATCGCAGCGACA,3,669477
cpxRp2,0.43478260869565216,31,22,CGGAACGGCTATACGTAAGC,9,637780
cpxRp2,0.391304347826087,30,22,CGCCGTTTGGCTCATCGATT,8,639886
cpxRp2,0.6956521739130435,37,22,CGCCGGGCTGGTATGTATAT,15,685766
cpxRp2,0.9565217391304348,43,22,CGCCAGCTGAGGTACTGTTG,21,672319
cpxRp2,0.4782608695652174,32,22,CGATGGATCGGAACGTACAT,10,667587
cpxRp2,0.391304347826087,30,22,CGATACGCGCTGTTGTCAAG,8,684407
cpxRp2,0.4782608695652174,32,22,CGAGTGGACTCTCGTCGTTT,10,648145
cpxRp2,0.30434782608695654,28,22,CGAGGCTTTAACTTCGGTAC,6,688540
cpxRp2,1.173913043478261,48,22,CGAGGACGCATCCATGTGCA,26,673382
cpxRp2,0.6086956521739131,35,22,CGAAGACAATGTAACGGAAG,13,666388
cpxRp2,1.2608695652173914,50,22,CGAAACTTGGCCTGGTTCAC,28,662421
cpxRp2,0.34782608695652173,29,22,CCTTTGCTTGTGGATAGAGG,7,664036
cpxRp2,0.43478260869565216,31,22,CCTTAATATGGAGTCATCTA,9,660874
cpxRp2,2.391304347826087,76,22,CCTGAATTTACTCAACTAGG,54,692142
cpxRp2,1.0869565217391304,46,22,CCTCTTAGGTCTTAACTGGC,24,632803
cpxRp2,0.6521739130434783,36,22,CCTCACTACGAGGGTGCGAT,14,643467
cpxRp2,0.30434782608695654,28,22,CCTATGGGGGTGTCGATCTT,6,667919
cpxRp2,1.3043478260869565,51,22,CCTAGGTCAGTCCCCTACTG,29,635479
cpxRp2,1.3043478260869565,51,22,CCGTTTTGAAAGCGGGTCCT,29,673514
cpxRp2,0.782608695652174,39,22,CCGTTGGGATTGGGTGGCTA,17,638824
cpxRp2,0.13043478260869565,24,22,CCGTGATGGTATTCGAATAC,2,673829
cpxRp2,0.13043478260869565,24,22,CCGCTTCAGTCGGCAACACT,2,674484
cpxRp2,0.6086956521739131,35,22,CCGCATTAGCGCTTAAACAA,13,632218
cpxRp2,0.782608695652174,39,22,CCCTGCCTGCGTAGGGCTAC,17,655450
cpxRp2,0.2608695652173913,27,22,CCCGGCGTTACTCAATCAAC,5,694914
cpxRp2,0.2608695652173913,27,22,CCCGAGCAGCCTCTTATGGT,5,630738
cpxRp2,0.7391304347826086,38,22,CCCCTAAAGCGGCTCTTATT,16,697501
cpxRp2,0.782608695652174,39,22,CCAGTCTACCAGCAGGTGCC,17,635151
cpxRp2,0.34782608695652173,29,22,CCACGACAATGATGTGGTTG,7,639940
cpxRp2,0.17391304347826086,25,22,CCAACAAGCCGGTCGATGCT,3,685648
cpxRp2,1.0434782608695652,45,22,CATAGTCCCAATCGTTCGCT,23,702883
cpxRp2,1.2173913043478262,49,22,CAGTTTCTCTTGAAGTATAC,27,665724
cpxRp2,0.17391304347826086,25,22,CAGGATTGGATGATATGGTT,3,679637
cpxRp2,0.8695652173913043,41,22,CAGCTTGTCACGAACTGGAT,19,659775
cpxRp2,1.3478260869565217,52,22,CAGATCACGCGCTAATAGGG,30,656041
cpxRp2,0.2608695652173913,27,22,CAGATAAATTCGCGATCAGA,5,660674
cpxRp2,0.6521739130434783,36,22,CAGACATAGAGGGTCCAGAC,14,679465
cpxRp2,1.1304347826086956,47,22,CACGTGCTGCTCACAGATTC,25,701016
cpxRp2,0.08695652173913043,23,22,CACATACGACCCCTAAGAAT,1,635909
cpxRp2,0.13043478260869565,24,22,CACAAGATTGATCACGCCCG,2,682006
cpxRp2,0.8260869565217391,40,22,CAAGGTCTTGTCCACGAGTA,18,684947
cpxRp2,0.8695652173913043,41,22,CAAGGCTAATGATTGCAGAC,19,659471
cpxRp2,0.21739130434782608,26,22,CAAGGAATTCGATGTCTCTT,4,675731
cpxRp2,0.5652173913043478,34,22,CAAAACATGCTGATCTCTCA,12,650899
cpxRp2,0.17391304347826086,25,22,ATTTTGAAAGATTTGACCTC,3,710155
cpxRp2,0.34782608695652173,29,22,ATTTGTAGTACCGTCCGGAG,7,706537
cpxRp2,0.8695652173913043,41,22,ATGGTCAGCAATGGTAGTTC,19,679395
cpxRp2,0.2608695652173913,27,22,ATGGCTGTTTCTCAACGTAA,5,641644
cpxRp2,0.21739130434782608,26,22,ATGGAATAGGGGTGTGTCAC,4,653839
cpxRp2,0.8260869565217391,40,22,ATCTGAAGGCCTGAAGCCAG,18,655180
cpxRp2,1.3043478260869565,51,22,ATCCGTCTCTGAGCAGCACA,29,638622
cpxRp2,0.13043478260869565,24,22,ATCACCTTGTAGCATATTGG,2,663118
cpxRp2,0.17391304347826086,25,22,ATAGAGCGGTTTAGTAAAAG,3,679154
cpxRp2,0.8695652173913043,41,22,ATACTGTGGCGACCTTCTGA,19,697232
cpxRp2,0.4782608695652174,32,22,AGTTGCTTCCCTGGGCGTCC,10,640468
cpxRp2,0.391304347826087,30,22,AGTAGACTTCGATATTGTGT,8,632258
cpxRp2,0.17391304347826086,25,22,AGGTTGTGGGGATGAGGCTC,3,701284
cpxRp2,0.9565217391304348,43,22,AGGTCGGGGTGCTGGCATAA,21,701320
cpxRp2,0.782608695652174,39,22,AGGCTCTAATATCGGCGCAG,17,645227
cpxRp2,0.34782608695652173,29,22,AGCTGTGTTCCGCTTATACT,7,667184
cpxRp2,1.1304347826086956,47,22,AGCGGGTTTCTCTGTAAGAA,25,671354
cpxRp2,2.0,67,22,AGCCGTGTGGAGTAGGGTAA,45,707302
cpxRp2,1.2608695652173914,50,22,AGATTCCTGCGGGTGCACTA,28,701605
cpxRp2,0.5217391304347826,33,22,AGAGTCTGTCCTAGTCGTTG,11,655177
cpxRp2,0.8260869565217391,40,22,AGAGCTCCGTGAGCGAGGTA,18,657471
cpxRp2,0.30434782608695654,28,22,ACTTGATGAAGGGTTAGCGG,6,710635
cpxRp2,0.8260869565217391,40,22,ACTGGCAGTGATTAAAACCA,18,709886
cpxRp2,1.2173913043478262,49,22,ACGTTCTGGATAACTAGGAA,27,643098
cpxRp2,1.2608695652173914,50,22,ACGGGAACACTTGATCGTAC,28,667326
cpxRp2,0.34782608695652173,29,22,ACATGTACACGCCCGGAGGT,7,636212
cpxRp2,0.5217391304347826,33,22,ACATCTAGGGAGCGCCCTTG,11,641208
cpxRp2,0.43478260869565216,31,22,ACACGCCGTTCTGCGCTTGA,9,699812
cpxRp2,1.1304347826086956,47,22,ACACAGCGTACGTAGGCCCA,25,631471
cpxRp2,0.21739130434782608,26,22,ACAATTGAACACGTTTCCAA,4,639104
cpxRp2,0.8695652173913043,41,22,ACAAATAGTTAAGTTTTACT,19,661775
cpxRp2,0.17391304347826086,25,22,AATGCCGGAAGGTTAAAAAA,3,696140
cpxRp2,1.0869565217391304,46,22,AAGAGGGGCCGTACCCTTAT,24,695173
cpxRp2,0.6086956521739131,35,22,AAGAAACTAAATCTTGGGAC,13,698386
cpxRp2,0.17391304347826086,25,22,AACGAGCGGCAGTCAAGTGG,3,693946
cpxRp2,0.5217391304347826,33,22,AACATCACGCTCAAATGATG,11,707473
cpxRp2,1.6956521739130435,60,22,AACAGGCGGACTTAGTCCAA,38,697617
cpxRp2,1.0869565217391304,46,22,AACAGGCAAGGTCTCGCGAA,24,709474
cpxRp2,0.21739130434782608,26,22,AAATAATTAGATAGGGACAC,4,666085
cpxRp2,0.34782608695652173,29,22,AAAACTTACTGCTGATGGCG,7,709018
cpxRp2,0.2727272727272727,26,21,TTTGCGGAGTGTTCATCCAT,5,660070
cpxRp2,0.5909090909090909,33,21,TTTGCCGGGCATGTAAATGC,12,690473
cpxRp2,0.18181818181818182,24,21,TTTAAATAACAGTGAATTTC,3,655796
cpxRp2,0.6363636363636364,34,21,TTGGCGATTGAAGAAGAGTC,13,634322
cpxRp2,0.4090909090909091,29,21,TTCTTTGCACGGGCTGGGCT,8,655488
cpxRp2,0.36363636363636365,28,21,TTCGGTCTGGCAGATGGGGA,7,662892
cpxRp2,0.5909090909090909,33,21,TTCCAGAATGGACTTGTCTG,12,699615
cpxRp2,0.18181818181818182,24,21,TTCCACTCGTACTCAATACA,3,643603
cpxRp2,0.3181818181818182,27,21,TTCAGCTAGACGGGGTTAAA,6,678075
cpxRp2,0.6363636363636364,34,21,TTATTGCTTGCCCATAGTAT,13,674954
cpxRp2,0.3181818181818182,27,21,TTATCACTACGCCTACGGAT,6,634906
cpxRp2,0.5454545454545454,32,21,TTATAGTGGGAAATCCTCGT,11,665849
cpxRp2,0.5,31,21,TTAGCCGATACACGGAGACT,10,678043
cpxRp2,1.0,42,21,TTAGAACTAGGAAATATAAA,21,708906
cpxRp2,1.0,42,21,TTACGCCAGTTGGGTGGACT,21,672466
cpxRp2,0.6818181818181818,35,21,TTAAGCTGCCAGCCTGCTTT,14,691548
cpxRp2,0.45454545454545453,30,21,TTAAACCTCATGATAAAGTT,9,693782
cpxRp2,0.4090909090909091,29,21,TGTTGATATTATGTGTTCCA,8,703487
cpxRp2,0.2727272727272727,26,21,TGTGGTTCTAGGTGGGATAC,5,701442
cpxRp2,0.9090909090909091,40,21,TGTGGGGGGTATCGATGGGT,19,638866
cpxRp2,0.45454545454545453,30,21,TGGTACTGAGATCTTTGTTT,9,646890
cpxRp2,0.7272727272727273,36,21,TGGGCCGAGTTCTAATTTGT,15,641320
cpxRp2,0.5,31,21,TGGATAGTAAAGACCGCACA,10,667067
cpxRp2,0.36363636363636365,28,21,TGGACCCGTTATGGTTTGTG,7,646037
cpxRp2,1.2272727272727273,47,21,TGCGAAACCGACTTCATCAC,26,657105
cpxRp2,0.9090909090909091,40,21,TGCCCCGCAAATTCGCACGC,19,639750
cpxRp2,1.6818181818181819,57,21,TGAGATTGTTCTAAGAAGCG,36,665659
cpxRp2,0.45454545454545453,30,21,TGAGACGAGGTCAATCCAGA,9,670273
cpxRp2,0.2727272727272727,26,21,TCTGGCGCACCATGTGAGGC,5,695734
cpxRp2,0.7727272727272727,37,21,TCTCGATAAGTTTACGGGAG,16,649005
cpxRp2,0.5454545454545454,32,21,TCTCACGACGGCAGGGTAAT,11,651204
cpxRp2,0.9545454545454546,41,21,TCGTTCGGTGAACTGACCGA,20,689479
cpxRp2,0.9545454545454546,41,21,TCGTGATAAGGACACCCCGC,20,648391
cpxRp2,0.5909090909090909,33,21,TCGCGAACGGTAATTGTATG,12,638685
cpxRp2,0.5454545454545454,32,21,TCGCCAGTCCTTACACAGGG,11,700357
cpxRp2,0.3181818181818182,27,21,TCGATTGCATTAACTGGCAG,6,644115
cpxRp2,0.13636363636363635,23,21,TCGAAGTCTTGTCAGGCCAT,2,692112
cpxRp2,1.1363636363636365,45,21,TCCTTCGCCAACTACGCGGC,24,683877
cpxRp2,0.9545454545454546,41,21,TCCGATCCATAGCTCAACTC,20,682207
cpxRp2,0.6818181818181818,35,21,TCCAAGGCGTAAGCCCTACG,14,699668
cpxRp2,0.9545454545454546,41,21,TCATGTAAACGGCCAGGATA,20,661277
cpxRp2,0.5909090909090909,33,21,TATTGCCGTCATGTCGCGTA,12,670359
cpxRp2,1.4545454545454546,52,21,TATGCAGGACGGCCCATTTA,31,633754
cpxRp2,0.9545454545454546,41,21,TATCAGGCACTAAGGACGAG,20,681779
cpxRp2,3.0454545454545454,87,21,TAGGTTCGCGTTGGCTTAAT,66,659747
cpxRp2,0.7727272727272727,37,21,TAGGGTTGGGACTTAAAGGA,16,639490
cpxRp2,0.9090909090909091,40,21,TAGGACTACGATGGAAAGAT,19,685810
cpxRp2,1.0,42,21,TAGCGTGTGGAGAATCTGGA,21,684611
cpxRp2,0.5909090909090909,33,21,TAGAGGTCCTCCATACCCAG,12,706814
cpxRp2,2.4545454545454546,74,21,TACGCACACCCTTTCGATGT,53,665586
cpxRp2,0.5454545454545454,32,21,TACACGTCCCTAGCACTTAT,11,692654
cpxRp2,0.5454545454545454,32,21,TAATCACCACCTTATAATAC,11,687683
cpxRp2,0.2727272727272727,26,21,TAACCCGCGGCTCTTACTAT,5,638620
cpxRp2,0.7727272727272727,37,21,TAAACTCTCGGTATTTTTAC,16,708069
cpxRp2,0.5,31,21,GTTTCGTTATCCTTACGTTC,10,708337
cpxRp2,0.7727272727272727,37,21,GTTCCGTGTAGGTGAATTGC,16,633990
cpxRp2,0.5909090909090909,33,21,GTTATTAGTCTCTCTCGAGA,12,673231
cpxRp2,0.5,31,21,GTGGCAACAGGTAGCGAATA,10,681677
cpxRp2,0.7727272727272727,37,21,GTGCAAGCAAACGGCAGTTG,16,670532
cpxRp2,0.4090909090909091,29,21,GTCCTAGGCTGTGATCGCAT,8,634235
cpxRp2,0.22727272727272727,25,21,GTCCGAGCACCCGTTGGCGA,4,642301
cpxRp2,0.7727272727272727,37,21,GTCCATCGTTCTTACCTTGA,16,637750
cpxRp2,0.7727272727272727,37,21,GTCATTTCCTTTGCTAATCA,16,670263
cpxRp2,0.5454545454545454,32,21,GTCAGGATAACGTTGCTACA,11,707476
cpxRp2,0.9545454545454546,41,21,GTCACTCCTAAGGGAGATTT,20,688115
cpxRp2,1.0909090909090908,44,21,GTATCAGCGGAACTACAAGG,23,648416
cpxRp2,0.5,31,21,GTATACGATCACCAGTACGT,10,661458
cpxRp2,0.09090909090909091,22,21,GTAGCCTTGTTTATGGGCCA,1,659063
cpxRp2,0.13636363636363635,23,21,GTACATATGGAGTGGCGAGT,2,698244
cpxRp2,0.2727272727272727,26,21,GTAAGGCGAGAGGAGAACAA,5,646242
cpxRp2,0.22727272727272727,25,21,GGGTTAATGAGAGTGACACA,4,677417
cpxRp2,0.7272727272727273,36,21,GGGTCGGGTCTGTGTACCCT,15,649271
cpxRp2,0.7727272727272727,37,21,GGGGCAAATGATCTCAGTAG,16,644588
cpxRp2,0.4090909090909091,29,21,GGGCTACCAATAATCTTGAG,8,707792
cpxRp2,0.36363636363636365,28,21,GGGATTCTGTAAAAGCAACA,7,706529
cpxRp2,0.2727272727272727,26,21,GGCCCCCTGGCTTCGTGCTA,5,698890
cpxRp2,0.5454545454545454,32,21,GGCATTATATACCAAAATTG,11,630978
cpxRp2,0.5,31,21,GGCATATTTGTACATGGACG,10,653218
cpxRp2,0.36363636363636365,28,21,GGAGGTCCGAGCATCTTTTG,7,671505
cpxRp2,1.2272727272727273,47,21,GGAGCCTCCCCGGTAAGGGT,26,630213
cpxRp2,0.9545454545454546,41,21,GGAAAGTACAGTAATTCGAC,20,689012
cpxRp2,0.18181818181818182,24,21,GCTTATGCCGTAGCAGGCTG,3,654364
cpxRp2,0.18181818181818182,24,21,GCTTACGGCTCAAGAGAGCC,3,697114
cpxRp2,0.45454545454545453,30,21,GCTGCATCGAGACGGTATTA,9,680937
cpxRp2,0.5454545454545454,32,21,GCTCGTAGGCACCAATGTTT,11,709658
cpxRp2,0.6818181818181818,35,21,GCTCGCCCAAGAGGCTCCAT,14,653762
cpxRp2,0.7272727272727273,36,21,GCTCATCTACAACGCGGGTT,15,656804
cpxRp2,0.45454545454545453,30,21,GCTAAGTGTATTCCATCGCT,9,643520
cpxRp2,0.8636363636363636,39,21,GCGCACGGAGGAGGTGTGCC,18,664401
cpxRp2,0.5909090909090909,33,21,GCCAAGCCCCGCTACAATTT,12,635719
cpxRp2,0.2727272727272727,26,21,GCATTAAGCTTTTTCGGATA,5,646307
cpxRp2,0.45454545454545453,30,21,GCATGCGGTTTCAAGCGGAT,9,695774
cpxRp2,0.36363636363636365,28,21,GATGCCAGCGAGTAGCTTTC,7,710325
cpxRp2,0.5454545454545454,32,21,GATGATCGGATTGGATTTGA,11,708551
cpxRp2,0.3181818181818182,27,21,GATCTCACATATCTCGTTTA,6,691658
cpxRp2,0.3181818181818182,27,21,GATCCGAACCAATTCCACAG,6,706197
cpxRp2,0.6818181818181818,35,21,GATAATCTCTAGCGCGAAGA,14,646111
cpxRp2,0.09090909090909091,22,21,GACTGGAGTGGAAAGCAAAC,1,662375
cpxRp2,0.5909090909090909,33,21,GACTCTGTTAGAAGGTGCAT,12,644793
cpxRp2,1.6363636363636365,56,21,GACAGGCTGACGTTGATGTC,35,693181
cpxRp2,0.18181818181818182,24,21,GACACGCCTAACAAAAATTG,3,641813
cpxRp2,0.09090909090909091,22,21,GAATGCGAAGTTGACTACAA,1,691017
cpxRp2,0.13636363636363635,23,21,GAACCATGGTAACAGCTGAA,2,654720
cpxRp2,0.18181818181818182,24,21,GAAATAGCGATTGCTGGAGG,3,635133
cpxRp2,0.5454545454545454,32,21,CTTTGTGTACTAAATAGGGG,11,688244
cpxRp2,0.3181818181818182,27,21,CTTTCAGCTGAACAGCACCT,6,671809
cpxRp2,1.1363636363636365,45,21,CTTGATCGTCATCATTCGCT,24,661175
cpxRp2,1.4545454545454546,52,21,CTTGATCGATAACTCCGAGA,31,662139
cpxRp2,5.681818181818182,145,21,CTTGAGCACGGCGCGTCAAC,124,651613
cpxRp2,1.2272727272727273,47,21,CTTCCGATCCCGGAAAACCC,26,690483
cpxRp2,0.6363636363636364,34,21,CTTAGCCAAAATAACCGTTA,13,661849
cpxRp2,0.5,31,21,CTGTGGGCGGCGCAAAGAGA,10,668738
cpxRp2,0.18181818181818182,24,21,CTGGTGGGAAATTGTGGTAT,3,676440
cpxRp2,0.18181818181818182,24,21,CTGGGCATGCACCAGCGAGC,3,643902
cpxRp2,0.9545454545454546,41,21,CTGAGTAGTCGCGGTGCGTA,20,663929
cpxRp2,0.2727272727272727,26,21,CTCTAACGGCAGGATAACCA,5,640993
cpxRp2,0.5,31,21,CTCGTTGAACCCGGTTACCG,10,671581
cpxRp2,0.09090909090909091,22,21,CTCCTATGATTCGGCTAGTA,1,652980
cpxRp2,0.5,31,21,CTCCCTGAGAGGGCGTTCTA,10,660785
cpxRp2,0.5454545454545454,32,21,CTACCGGTCCTAGAGCCTGT,11,673105
cpxRp2,3.1818181818181817,90,21,CTAATCGGTCGAGTGACGCA,69,684197
cpxRp2,0.5,31,21,CTAACGCCGTAGTGGCCGCT,10,674460
cpxRp2,0.8181818181818182,38,21,CGTTGTGTAGTAGTTCCCGG,17,681749
cpxRp2,1.0454545454545454,43,21,CGTCTTGATTCTATAGAGAG,22,683343
cpxRp2,0.6363636363636364,34,21,CGTCTCGGGGACTAAGGGAG,13,642748
cpxRp2,0.9545454545454546,41,21,CGGTACCCAGCATACACTCT,20,630639
cpxRp2,0.36363636363636365,28,21,CGGCTTTAGTGACAATGCCT,7,647458
cpxRp2,0.09090909090909091,22,21,CGGATTGACCCTTGTGCAGT,1,668315
cpxRp2,0.5,31,21,CGGAGCTCGCGGGGGACTAC,10,662752
cpxRp2,0.5,31,21,CGCGCCCGGCCCTTGTCCGG,10,653327
cpxRp2,0.7727272727272727,37,21,CGCCACTCTACTGGGAATGA,16,633960
cpxRp2,0.22727272727272727,25,21,CGCATGTTGGGATATCATAA,4,668125
cpxRp2,0.45454545454545453,30,21,CGCACCTCAAGGGACCCGCA,9,665350
cpxRp2,0.13636363636363635,23,21,CGATTCGGTTCAAAATAAGT,2,663387
cpxRp2,0.8181818181818182,38,21,CGAGGACGTTGCATCTGCAT,17,663937
cpxRp2,1.9545454545454546,63,21,CGACGCCATGCAATCCCTAT,42,639759
cpxRp2,0.5,31,21,CGACCAAGTACCCAGCGCCA,10,700903
cpxRp2,0.5,31,21,CGAAGCGTACGACGGGTTCC,10,653852
cpxRp2,0.6818181818181818,35,21,CGAAGCATAGAGTCAAGAGA,14,692103
cpxRp2,2.727272727272727,80,21,CCTGTGGTAGGCGACGGCGT,59,652344
cpxRp2,0.6818181818181818,35,21,CCTGTAACCGTATTTATCAT,14,652122
cpxRp2,0.5909090909090909,33,21,CCTCTCAGATTAGAACGTCG,12,660609
cpxRp2,0.4090909090909091,29,21,CCTCATATCCACGTATCACG,8,629848
cpxRp2,0.36363636363636365,28,21,CCGTTTTAACACGTTGTCAA,7,632253
cpxRp2,0.7272727272727273,36,21,CCGTACATCATCCCGCTCGA,15,673494
cpxRp2,1.6818181818181819,57,21,CCGGAGATGCCGGTTTGAGT,36,632007
cpxRp2,0.6818181818181818,35,21,CCGCCTACTCACAGGGTGCA,14,669072
cpxRp2,0.5909090909090909,33,21,CCGCACCCTCGTGTGTTCGT,12,695688
cpxRp2,1.0,42,21,CCCTATCATTCTCCAGACTC,21,669899
cpxRp2,0.5454545454545454,32,21,CCCGATTTATGCGTTAGTCA,11,657684
cpxRp2,1.0454545454545454,43,21,CCCCATAGATTCCACATTCA,22,700095
cpxRp2,0.9090909090909091,40,21,CCCATTTAGTGTACGCCTAA,19,670201
cpxRp2,0.8181818181818182,38,21,CCAGTTATGCCGTCCATCAT,17,653856
cpxRp2,0.36363636363636365,28,21,CCAGGTGTGACTTACCTGTC,7,705118
cpxRp2,0.3181818181818182,27,21,CCACTCGTAATCCACTTGTT,6,711106
cpxRp2,0.5454545454545454,32,21,CATTCACCGAGAGAAGATTA,11,673240
cpxRp2,0.9090909090909091,40,21,CATGGCTGGGTCGCCCCCTG,19,664549
cpxRp2,2.0,64,21,CATCTAGGACGTGGAACAAG,43,669330
cpxRp2,0.5454545454545454,32,21,CATCGAATGTGAATGGAAAT,11,664943
cpxRp2,0.7727272727272727,37,21,CATATTCTGTCAGGTTGCAT,16,688919
cpxRp2,0.5,31,21,CAGTATCAATCCGACTGACA,10,633841
cpxRp2,0.6363636363636364,34,21,CAGGATTGACGGAGCCGCGT,13,677446
cpxRp2,0.13636363636363635,23,21,CAGATTTCCATAGCCCCGAT,2,671960
cpxRp2,0.3181818181818182,27,21,CAGAGGTTCTGGCATAACAT,6,646246
cpxRp2,0.3181818181818182,27,21,CAGACGTGTTCGCGGGCTGC,6,646376
cpxRp2,0.8636363636363636,39,21,CACGGTCCGATTATCGAGAA,18,670932
cpxRp2,0.5,31,21,CAACGTATGCTTGTCTGCTA,10,688011
cpxRp2,0.5,31,21,CAAAGGACTTATTCCAATTT,10,681130
cpxRp2,0.3181818181818182,27,21,ATTTCTGCTAGTGCTCCGTT,6,663807
cpxRp2,0.8181818181818182,38,21,ATTCGCTATACCTTGGAAAG,17,664247
cpxRp2,1.1818181818181819,46,21,ATGTCAATAACGCGATTTAT,25,692613
cpxRp2,4.2727272727272725,114,21,ATGGCAATAGCTGCACCTCA,93,706307
cpxRp2,0.22727272727272727,25,21,ATGAGTTCCTACCGTTTATC,4,696285
cpxRp2,0.13636363636363635,23,21,ATGACCGGGTGAGTCACGTA,2,676438
cpxRp2,0.22727272727272727,25,21,ATGAACTGGGCGGGGGGGCG,4,646266
cpxRp2,0.8181818181818182,38,21,ATCTATTCGCACCCGGTAGA,17,655794
cpxRp2,0.4090909090909091,29,21,ATCTAACCCTTTGAAGTTAA,8,675934
cpxRp2,1.4545454545454546,52,21,ATCCTCCCTTTTCTCCAGTG,31,656498
cpxRp2,1.2272727272727273,47,21,ATATTTACAATCCTATTGAA,26,677756
cpxRp2,0.45454545454545453,30,21,ATATGTGAGATGTCTACTGT,9,703525
cpxRp2,0.45454545454545453,30,21,ATATGCCCTGCTTTCATCGT,9,683266
cpxRp2,0.4090909090909091,29,21,ATATATTGCGTTGCAGCTCT,8,646915
cpxRp2,0.5,31,21,ATAGCGTGCGACCTGTTTAT,10,707437
cpxRp2,1.0454545454545454,43,21,ATACAACCATACTCCGGATC,22,652543
cpxRp2,0.6363636363636364,34,21,ATAATCACCCATTCCGCAGT,13,674288
cpxRp2,0.09090909090909091,22,21,ATAACAGCACCTGCCAGAAG,1,650213
cpxRp2,0.9090909090909091,40,21,ATAAATCATGTTACGGGTGT,19,692867
cpxRp2,1.5,53,21,AGTGTCTTAACAATCGCTCG,32,696684
cpxRp2,0.7727272727272727,37,21,AGTAGTAGAGCCTTGGAGAG,16,634072
cpxRp2,0.5909090909090909,33,21,AGGTTTTATCGCGCACCAAT,12,633589
cpxRp2,0.22727272727272727,25,21,AGGTTTATAGAATGCCGTTC,4,657772
cpxRp2,0.7727272727272727,37,21,AGGGCACTGGTTATCTGGTG,16,676679
cpxRp2,0.9090909090909091,40,21,AGATTCATATAGTGAGCCTA,19,648649
cpxRp2,0.9545454545454546,41,21,AGATCTAAGCTACATTCATA,20,639129
cpxRp2,1.1363636363636365,45,21,AGAGAAGTTCGATCCATGAA,24,656000
cpxRp2,0.9090909090909091,40,21,AGACTAAGCAATTCGATACT,19,690461
cpxRp2,0.5909090909090909,33,21,AGACCGGGCAGTGCGGCAAC,12,685276
cpxRp2,0.5,31,21,AGACCCCACCACCCGCGCTG,10,663122
cpxRp2,0.18181818181818182,24,21,AGACCAGTGTTAATTAACGG,3,710151
cpxRp2,1.4090909090909092,51,21,ACTTTGTTTGCGCGATCTCA,30,648660
cpxRp2,0.6363636363636364,34,21,ACTTTGGGAACCCGTAGCTA,13,680072
cpxRp2,0.5454545454545454,32,21,ACTTGTGGTCGCGACCGAGA,11,635005
cpxRp2,0.5454545454545454,32,21,ACTCCAAAGCGGAAAGGTAA,11,640690
cpxRp2,0.6818181818181818,35,21,ACTCAACAAAGGGCACTACG,14,685254
cpxRp2,1.0454545454545454,43,21,ACGTTGCATCACACCGCAGT,22,647196
cpxRp2,0.3181818181818182,27,21,ACGGTTGCACGCCATATATC,6,653961
cpxRp2,0.7272727272727273,36,21,ACGGGTATGTTATTTTATAA,15,658890
cpxRp2,0.36363636363636365,28,21,ACGGGTAGTCCCAGTCATGT,7,677209
cpxRp2,1.5,53,21,ACGCCGTTCGTAAACGAGGG,32,670725
cpxRp2,0.7272727272727273,36,21,ACCTATTTGTTACGCCATTC,15,669738
cpxRp2,0.7272727272727273,36,21,ACCTACCTCCAGCTATTGTT,15,661339
cpxRp2,0.7272727272727273,36,21,ACCGTAGGGAGCAGTCCGAT,15,698296
cpxRp2,1.8636363636363635,61,21,ACCGCTGGGAAAATTTACAT,40,700784
cpxRp2,0.4090909090909091,29,21,ACCGATCTGGTTGCGCCAAA,8,684664
cpxRp2,0.18181818181818182,24,21,ACCCCGATCCCCAAAAAGGC,3,697324
cpxRp2,1.0,42,21,ACAGTAGTCGAAGATATTAG,21,697914
cpxRp2,1.5454545454545454,54,21,AATGCTGGGCGTGATTTGCG,33,632057
cpxRp2,0.8636363636363636,39,21,AATGACTCTGGATTTTATCG,18,705434
cpxRp2,0.22727272727272727,25,21,AATCCTGCCAGTGAGTAGAG,4,674480
cpxRp2,0.4090909090909091,29,21,AAGTCTCGTTCCACCAGCTT,8,712195
cpxRp2,0.6818181818181818,35,21,AAGGTATTACCTGGTTAGGT,14,642937
cpxRp2,0.8181818181818182,38,21,AAGCCGGTATGCTGAGCCTG,17,664273
cpxRp2,0.5909090909090909,33,21,AAGAGCAGCAGGACGAGTTT,12,684783
cpxRp2,1.4545454545454546,52,21,AACTGGTTCCGAATCGATCT,31,669118
cpxRp2,0.3181818181818182,27,21,AACTCGGGCTCGGACGGTGA,6,674981
cpxRp2,2.3181818181818183,71,21,AACTCCCTAGGTCCGCACCT,50,669322
cpxRp2,0.3181818181818182,27,21,AACGCGCCTATGACTTCACA,6,637410
cpxRp2,0.22727272727272727,25,21,AACAACAAATAACATCGGCC,4,692653
cpxRp2,0.36363636363636365,28,21,AAAGTGGGGACCACCCCTAT,7,655701
cpxRp2,0.09090909090909091,22,21,AAAACACAGCACAAATACAA,1,684054
cpxRp2,0.5,31,21,AAAAACCGGGCGAGCCGCCA,10,641888
cpxRp2,0.9523809523809523,39,20,TTTGCGGGACATGTGAGTGC,19,633992
cpxRp2,0.42857142857142855,28,20,TTTCTGGTAGACGTTCCAAA,8,653798
cpxRp2,0.9047619047619048,38,20,TTTCAGCTCGGTAGGGGGAT,18,700134
cpxRp2,0.7619047619047619,35,20,TTTATTTTAGCGTGACGTCG,15,693892
cpxRp2,0.14285714285714285,22,20,TTGTGACTGTAACTGGGAAC,2,665262
cpxRp2,0.42857142857142855,28,20,TTGTCTACGAGGCGATGCCA,8,673634
cpxRp2,0.09523809523809523,21,20,TTGGCCGTGTTAGCGGGCGG,1,635684
cpxRp2,1.619047619047619,53,20,TTGATTTCCGATACAAATGC,33,697002
cpxRp2,0.9523809523809523,39,20,TTGAGGAAACTATGCAAGTC,19,647865
cpxRp2,0.09523809523809523,21,20,TTCGGTGAATCCAAATTTGC,1,699072
cpxRp2,1.9523809523809523,60,20,TTCCTTATAATCCCGAGCTC,40,683696
cpxRp2,0.23809523809523808,24,20,TTATCGTCAGGAAGTACCCA,4,695516
cpxRp2,0.42857142857142855,28,20,TTAGTTTGCGCGCAGTTTTC,8,667859
cpxRp2,0.19047619047619047,23,20,TTACGTGTCGCTGCCGCGGA,3,672828
cpxRp2,0.42857142857142855,28,20,TTAAGGTGAAAATCTCTTCA,8,658661
cpxRp2,1.4761904761904763,50,20,TGTGCGCGCGGGTCAGCTAA,30,641442
cpxRp2,0.7619047619047619,35,20,TGTCTTTGCGTTTCTAATTA,15,694812
cpxRp2,0.6190476190476191,32,20,TGTCAGTTATTAGCCCTTCA,12,661615
cpxRp2,0.23809523809523808,24,20,TGTACCCCCGCTGTTACGTA,4,648127
cpxRp2,0.5714285714285714,31,20,TGTAAAATCCCGACGGCGTC,11,634960
cpxRp2,1.9523809523809523,60,20,TGGTAAGTAGTGCACCGAGT,40,692396
cpxRp2,0.14285714285714285,22,20,TGGGAGTCGTTTCAACTTTA,2,670684
cpxRp2,1.4285714285714286,49,20,TGGGAGTCCGCCGGGCCGGG,29,644226
cpxRp2,0.2857142857142857,25,20,TGCGTCCTAAGTTACCTATG,5,690218
cpxRp2,1.619047619047619,53,20,TGCGCCATATCGATGCATTC,33,656756
cpxRp2,0.3333333333333333,26,20,TGCCGCAGGGTTAGACGGTG,6,671959
cpxRp2,0.2857142857142857,25,20,TGCCACCCCTCACTCAGTGT,5,639578
cpxRp2,0.9047619047619048,38,20,TGCATAGCTTGTATCGGCGT,18,699395
cpxRp2,0.8095238095238095,36,20,TGAGAGCCATGGCACGTCAC,16,694713
cpxRp2,0.7619047619047619,35,20,TGACGGGGGTGAACTCGGGT,15,704883
cpxRp2,1.1428571428571428,43,20,TGAAGTAATACGTCCGATAT,23,688617
cpxRp2,1.2380952380952381,45,20,TGAAGAGTTAGTAACCGGTT,25,703650
cpxRp2,0.09523809523809523,21,20,TGAACAATTCGGCTCCCCAG,1,660807
cpxRp2,0.7619047619047619,35,20,TCTTGGAAACAAGTTCTGCA,15,630841
cpxRp2,0.5238095238095238,30,20,TCTTAGCATGTAACCACTTC,10,669144
cpxRp2,0.5714285714285714,31,20,TCTGGCTGTCGGGGATCGGT,11,693707
cpxRp2,0.8095238095238095,36,20,TCTGCCGTCAGCGCTGTGAG,16,643675
cpxRp2,0.19047619047619047,23,20,TCTAGTGGCCGCATCAGGGG,3,635844
cpxRp2,0.6666666666666666,33,20,TCGTGCATCGCGACCATTAA,13,655800
cpxRp2,1.380952380952381,48,20,TCGCGCCGCCATCTACCTGT,28,666815
cpxRp2,1.2380952380952381,45,20,TCGATCATGTCCTGCACGAG,25,664345
cpxRp2,0.6190476190476191,32,20,TCCTCTAGTTCGTTGCAAGT,12,633924
cpxRp2,0.23809523809523808,24,20,TCCGTTATATTTAAAAGGAT,4,684893
cpxRp2,0.9047619047619048,38,20,TCCGAATATCGTTCTTGCGT,18,646141
cpxRp2,0.2857142857142857,25,20,TCCGAAGGGGGACTCGGTCA,5,685392
cpxRp2,0.6190476190476191,32,20,TCCAATGTTCGAACACGATA,12,703448
cpxRp2,0.09523809523809523,21,20,TCATGTTAAATGTTTCCGCG,1,673819
cpxRp2,0.42857142857142855,28,20,TCACATCTCGTAGGTCTTAT,8,690374
cpxRp2,0.2857142857142857,25,20,TCACAAGTACGCTAGCGGTT,5,661433
cpxRp2,0.2857142857142857,25,20,TCAACTACCAAGAACGGTCA,5,630817
cpxRp2,1.8571428571428572,58,20,TCAACACACTTCGTAGATAC,38,640503
cpxRp2,0.19047619047619047,23,20,TATGACTTTGGTAGTTTGCT,3,672525
cpxRp2,0.23809523809523808,24,20,TAGGACAGCTACGAATTTTA,4,639127
cpxRp2,0.23809523809523808,24,20,TAGCATATTTAAAAAAGAAT,4,639974
cpxRp2,0.38095238095238093,27,20,TAGAGGCATTCAACATGAGT,7,638424
cpxRp2,0.47619047619047616,29,20,TAGACCTACTTAGAGACACA,9,703574
cpxRp2,0.8095238095238095,36,20,TACGGTGCTTGTCCCTGAGA,16,666472
cpxRp2,1.380952380952381,48,20,TACGAGCTGTGTTTTCTTAT,28,709173
cpxRp2,0.5238095238095238,30,20,TACAGCGGGTCTTATTTTAG,10,632806
cpxRp2,1.9523809523809523,60,20,TAATCGGGGAGCTTGCGTCA,40,696392
cpxRp2,0.19047619047619047,23,20,TAATAATACTTTCAGGTAGT,3,684732
cpxRp2,0.5238095238095238,30,20,TAAGTCCGTTAAGTAGGCCT,10,644922
cpxRp2,0.8095238095238095,36,20,TAAGCGGATGCTTGCTCCTG,16,671421
cpxRp2,0.23809523809523808,24,20,GTTTGTGTGAGCGGTGACTT,4,671319
cpxRp2,0.3333333333333333,26,20,GTTTAGCCCGTATGAGATAT,6,702267
cpxRp2,1.3333333333333333,47,20,GTTGTAAGGTGCCTACTTAA,27,651852
cpxRp2,0.8571428571428571,37,20,GTTGAAGAACACCTTCCTGA,17,639032
cpxRp2,0.3333333333333333,26,20,GTTCACAGGTTATAGGTGGC,6,646401
cpxRp2,0.3333333333333333,26,20,GTTCACAGCACCTCCAAATA,6,669067
cpxRp2,0.8095238095238095,36,20,GTGTTAAAGAGGTGCATATT,16,671119
cpxRp2,0.42857142857142855,28,20,GTGTGTTTCGGCAGTTTTGC,8,673475
cpxRp2,0.2857142857142857,25,20,GTGGGCGGTGCGTGGCGTTT,5,685753
cpxRp2,0.8571428571428571,37,20,GTGCTCTTGATATACGCATA,17,661748
cpxRp2,0.2857142857142857,25,20,GTGCGATGTTGCTGTGGATT,5,639784
cpxRp2,0.9047619047619048,38,20,GTCTACAAATATCAAACGAA,18,688335
cpxRp2,1.7142857142857142,55,20,GTCGGACGGGGAGATCGCTT,35,692078
cpxRp2,1.0476190476190477,41,20,GTCCGGAAAAAGCCACGGTA,21,674491
cpxRp2,0.9523809523809523,39,20,GTCCCGAAAAATTCCTTTGG,19,673991
cpxRp2,0.19047619047619047,23,20,GTCCATTGTTTAGAACTCTG,3,636278
cpxRp2,0.23809523809523808,24,20,GTCAAGGTAGTCCACCTACC,4,686556
cpxRp2,0.6666666666666666,33,20,GTATCCGAGGATTACATTCT,13,679504
cpxRp2,0.5238095238095238,30,20,GTATAATCAACTATGATTAA,10,687851
cpxRp2,0.9523809523809523,39,20,GTAGTTCCTAATATGAACGC,19,681247
cpxRp2,0.6666666666666666,33,20,GTACGGCTTTGTTAGCAGAG,13,693369
cpxRp2,0.9523809523809523,39,20,GTACCCGTTCTAGATAATAA,19,671625
cpxRp2,0.38095238095238093,27,20,GTAACCAAACCGGACTATCT,7,659068
cpxRp2,0.19047619047619047,23,20,GTAAACATATTGACACATTC,3,674123
cpxRp2,0.8571428571428571,37,20,GGTTCTTCGAGTCTCTTGGC,17,667179
cpxRp2,0.5238095238095238,30,20,GGTCAGAAGCGAGGATTGAG,10,674261
cpxRp2,0.6190476190476191,32,20,GGTACGTGTATTCACCGCTT,12,681349
cpxRp2,0.6666666666666666,33,20,GGGGTATCTGCAACGGAGAT,13,694527
cpxRp2,0.47619047619047616,29,20,GGGGGACAGTGGCCAATAAT,9,694306
cpxRp2,0.38095238095238093,27,20,GGGCCGAGTGTTAGGTCCAA,7,660366
cpxRp2,0.7142857142857143,34,20,GGGAAGACACCTGACCGCTC,14,676718
cpxRp2,0.5238095238095238,30,20,GGCTTTACACGTTTATAATA,10,699681
cpxRp2,1.5714285714285714,52,20,GGCCTAACGCAAGCCTATCC,32,665646
cpxRp2,1.1904761904761905,44,20,GGCCACCAGCACGTCTCCTG,24,648125
cpxRp2,2.857142857142857,79,20,GGCAATGGCTCCCTGTTGTC,59,654106
cpxRp2,0.2857142857142857,25,20,GGAGGGATGCTCTAACCGTA,5,687275
cpxRp2,0.6666666666666666,33,20,GGAGCGGGCTGCTGGGGCAT,13,666079
cpxRp2,0.42857142857142855,28,20,GGAATGTTTACTTCGAGTCC,8,662338
cpxRp2,2.5238095238095237,72,20,GGAAGTGTGTCCGCCTGGAT,52,665590
cpxRp2,0.6190476190476191,32,20,GGAAACCCCCTTTGCGTATA,12,688163
cpxRp2,1.5714285714285714,52,20,GGAAAACCGGATACTATCTG,32,700765
cpxRp2,0.19047619047619047,23,20,GCTCTTGCTCGGCTACGCAA,3,687055
cpxRp2,0.19047619047619047,23,20,GCTCGGGTTTCGGCGCAATT,3,707543
cpxRp2,0.9047619047619048,38,20,GCTAATGCGGGTAGATTTCT,18,704794
cpxRp2,0.9047619047619048,38,20,GCGGGCTGAAAGTGAACTTC,18,675506
cpxRp2,0.7142857142857143,34,20,GCGAGCCAGCTTTTCGTGAA,14,705856
cpxRp2,0.2857142857142857,25,20,GCGACACGGCGTACTGGACT,5,670197
cpxRp2,0.5714285714285714,31,20,GCCTGGCCCGTGGCATAAAC,11,690273
cpxRp2,0.6190476190476191,32,20,GCCTAGGGCACCATAAAGAT,12,675067
cpxRp2,0.38095238095238093,27,20,GCCGGTAGACATGGCTCCAA,7,697944
cpxRp2,0.19047619047619047,23,20,GCAGGAGTCAGCCCTCTTGA,3,710962
cpxRp2,3.0476190476190474,83,20,GCAATAACGTGTCAGACAAC,63,691583
cpxRp2,0.8095238095238095,36,20,GCAAGGTATGACAGACACGA,16,702075
cpxRp2,1.0952380952380953,42,20,GATTGCGATGAAAAGTTGCC,22,653208
cpxRp2,1.2380952380952381,45,20,GATGCACCCGCCTCTGCTTC,25,632485
cpxRp2,0.8095238095238095,36,20,GAGGTACCTGACAGGCACTA,16,635927
cpxRp2,0.14285714285714285,22,20,GAGGCGTATAGGATGCAGCT,2,642275
cpxRp2,0.5238095238095238,30,20,GACTAGGCAGGGAGGCGCCA,10,641188
cpxRp2,0.8095238095238095,36,20,GACTAGAAGCCGGGAATTAC,16,687582
cpxRp2,0.2857142857142857,25,20,GACGTCTGAAGTGTCTTGGG,5,676325
cpxRp2,0.6190476190476191,32,20,GAATTCCGCAGATTAGAGCA,12,665712
cpxRp2,1.1428571428571428,43,20,GAAGCCTATGCAAAGAAAAG,23,664831
cpxRp2,1.2380952380952381,45,20,GAACGCGGATGAACGACGTC,25,639188
cpxRp2,0.9047619047619048,38,20,GAAATCAGCCTCGGACAGTT,18,670880
cpxRp2,0.5714285714285714,31,20,GAAAGCGTAGGCCGACTACA,11,692287
cpxRp2,0.6190476190476191,32,20,CTTTGGACGAGAGTCCTATA,12,648475
cpxRp2,1.1904761904761905,44,20,CTTCTGCCCCGTGGTATACC,24,659809
cpxRp2,0.09523809523809523,21,20,CTGTTAATTGCAATGGTGAA,1,655700
cpxRp2,0.7619047619047619,35,20,CTGCGACACGCTACGGTTTT,15,663781
cpxRp2,0.47619047619047616,29,20,CTCGACTCAGAAGCTTATAA,9,670916
cpxRp2,0.2857142857142857,25,20,CTCGACCTTAATCAGCATAG,5,635936
cpxRp2,1.2380952380952381,45,20,CTCCTAATGGCCCCACGTAT,25,632893
cpxRp2,0.5238095238095238,30,20,CTCCATTGGTATCAGCGCTC,10,698139
cpxRp2,0.47619047619047616,29,20,CTAGGTCCGGTTCTGCCACA,9,693183
cpxRp2,1.380952380952381,48,20,CGTTAAGTACTTGTTACGTG,28,694340
cpxRp2,1.0476190476190477,41,20,CGTTAAATCTATGGACATTC,21,636177
cpxRp2,1.8095238095238095,57,20,CGTCCATCGGAACCCGCGTT,37,639443
cpxRp2,0.2857142857142857,25,20,CGTCAGTTGCATCATTAGCA,5,683244
cpxRp2,0.7142857142857143,34,20,CGTCACTTTGTACGAGAAGT,14,637561
cpxRp2,0.7619047619047619,35,20,CGGTCTAATGCCGGTTACGA,15,658894
cpxRp2,0.6190476190476191,32,20,CGGGTACTCATCGTGCAGAC,12,653133
cpxRp2,0.7142857142857143,34,20,CGGGCCATGAGAAGCGCCAA,14,630022
cpxRp2,0.6666666666666666,33,20,CGGCGCCCAACCGGGCCTTG,13,673286
cpxRp2,0.5238095238095238,30,20,CGGACGACTGCCATTTGAAC,10,638519
cpxRp2,1.4285714285714286,49,20,CGGACATGTCCAATAGCTGT,29,666698
cpxRp2,0.2857142857142857,25,20,CGGAAAAATGAGCGAAGTGA,5,678394
cpxRp2,1.2380952380952381,45,20,CGCCCAAGCGCTTTGCTATA,25,672414
cpxRp2,1.4285714285714286,49,20,CGCCATGACACGGATGCGTT,29,696284
cpxRp2,0.6190476190476191,32,20,CGATGGCTCTGATAGTAGAG,12,703454
cpxRp2,0.5714285714285714,31,20,CGACTGCGGCTGTCAGAGGG,11,680114
cpxRp2,2.0476190476190474,62,20,CGACCTCTCGTGCACTCTCA,42,685055
cpxRp2,0.6666666666666666,33,20,CGACACATCAGCATAGGCCA,13,669352
cpxRp2,0.9047619047619048,38,20,CGACAACCCGGGTGTTTGTA,18,702040
cpxRp2,0.23809523809523808,24,20,CCTGGTGTTCGCTAACCCAG,4,633102
cpxRp2,0.47619047619047616,29,20,CCGTGCATTGGCGGAACCGG,9,668648
cpxRp2,0.6190476190476191,32,20,CCGGTGAACAGTGAGGTACG,12,669179
cpxRp2,0.19047619047619047,23,20,CCGGCCGAAACCATACCGCT,3,671736
cpxRp2,0.38095238095238093,27,20,CCGCTTAGTGGAACCAGAGG,7,635824
cpxRp2,0.23809523809523808,24,20,CCGATTCGCACTTACTGGCT,4,670608
cpxRp2,0.2857142857142857,25,20,CCACCGGTTCGCACATATCA,5,631844
cpxRp2,0.6190476190476191,32,20,CCAAGTGATCCTTCACAACT,12,711222
cpxRp2,0.6190476190476191,32,20,CCAAGTGACATATTGCATCT,12,709585
cpxRp2,1.0952380952380953,42,20,CCAAGGACAGTTATATCGCA,22,678392
cpxRp2,0.09523809523809523,21,20,CCAACGGCTCAGGTGCACTA,1,653488
cpxRp2,0.42857142857142855,28,20,CATTAATTGGTGAATATGCC,8,705329
cpxRp2,1.0952380952380953,42,20,CATGATCCAGTCAACCGTTT,22,640975
cpxRp2,1.2857142857142858,46,20,CATCATATCCCACACGTACT,26,709156
cpxRp2,0.5714285714285714,31,20,CATACGTCGCGGTGGTCCGC,11,659720
cpxRp2,0.38095238095238093,27,20,CAGTTGCGTATCGCAGATCT,7,702400
cpxRp2,1.0476190476190477,41,20,CAGAAGGGTATTCCTAGGCA,21,693454
cpxRp2,1.0476190476190477,41,20,CACGGCGCGTGGCAGTCACC,21,696486
cpxRp2,0.2857142857142857,25,20,CACCGCGCATATAGATATCT,5,634467
cpxRp2,0.7619047619047619,35,20,CACCCATCCACAGGTGGTGT,15,711249
cpxRp2,0.19047619047619047,23,20,CACCCACGCCCAGCGACTAA,3,708756
cpxRp2,0.38095238095238093,27,20,CACACGAGGACTTTTGGGGT,7,685237
cpxRp2,1.0952380952380953,42,20,CAATTAGCTGAGTGTCCGAT,22,656611
cpxRp2,0.3333333333333333,26,20,CAATAATGGCTTGTCAATAC,6,671965
cpxRp2,0.6666666666666666,33,20,CAAGCCAGGGGTAGACGCAA,13,703203
cpxRp2,0.6190476190476191,32,20,CAACGCAATGCTACCAGCTA,12,637813
cpxRp2,0.14285714285714285,22,20,CAAATGCACCCATTGAGGTA,2,638014
cpxRp2,0.9523809523809523,39,20,ATTGTGCCCTGTTCCACCAA,19,636029
cpxRp2,0.5238095238095238,30,20,ATTGGGACCGATTCTCAGCC,10,638492
cpxRp2,4.9523809523809526,123,20,ATTGCACCGAGGAACAGGGG,103,650258
cpxRp2,0.3333333333333333,26,20,ATTGAGATCTCGTAACATTA,6,690863
cpxRp2,0.5238095238095238,30,20,ATTAATTTCTACAGAGAACC,10,669625
cpxRp2,0.6190476190476191,32,20,ATGTCGTGTGTGAGATCGAC,12,631303
cpxRp2,0.2857142857142857,25,20,ATGGGCTAGGCACGCCATCA,5,630447
cpxRp2,0.09523809523809523,21,20,ATGGGCCTCACACCGCATTG,1,692585
cpxRp2,0.9523809523809523,39,20,ATGGCGTCCGAGCGCATATT,19,659297
cpxRp2,0.8571428571428571,37,20,ATGATTCTGGGGTGTTTCGC,17,653506
cpxRp2,1.0476190476190477,41,20,ATCTTATCAGTGGGGACTCA,21,687273
cpxRp2,0.7142857142857143,34,20,ATCTGCTTAGCGTATCTTTC,14,697604
cpxRp2,1.0,40,20,ATCCAGTCAGAGAATCTAAA,20,679179
cpxRp2,1.8095238095238095,57,20,ATCCACAATTACAGGGGAGT,37,645097
cpxRp2,1.0,40,20,ATATGGTCTCCATCTTCGTA,20,631113
cpxRp2,0.19047619047619047,23,20,ATATCGGAGCGTATAGCTGA,3,665930
cpxRp2,0.5714285714285714,31,20,ATAGTGCCGCTTAACCCGGT,11,643768
cpxRp2,3.5714285714285716,94,20,ATAGTAGGGGGAGTGTGCAA,74,696025
cpxRp2,0.2857142857142857,25,20,ATAGGCCGTCAAGCAGGGTA,5,679364
cpxRp2,0.38095238095238093,27,20,ATAGCAAGGAAAGTTGGGTA,7,671953
cpxRp2,1.7619047619047619,56,20,ATACCCATACAGCCCACTGA,36,650012
cpxRp2,1.5238095238095237,51,20,AGTCCAGAGACGTCAATGCT,31,674396
cpxRp2,0.14285714285714285,22,20,AGTATACTAAGTATAGCCGA,2,632635
cpxRp2,0.19047619047619047,23,20,AGTAGAGATCAATAAATGTT,3,655927
cpxRp2,1.0952380952380953,42,20,AGTACAGAATATACGCTATG,22,697376
cpxRp2,0.6190476190476191,32,20,AGGTGGTGTGTCTCAGACGA,12,644080
cpxRp2,0.47619047619047616,29,20,AGGGAATTGGTCGTATGGTA,9,684493
cpxRp2,0.3333333333333333,26,20,AGGGAACGTCACCCCCTTGT,6,650100
cpxRp2,0.09523809523809523,21,20,AGGCTTGGAGGCAGTATCAC,1,696233
cpxRp2,0.9047619047619048,38,20,AGCTGAGCTGCACCAACCCT,18,642804
cpxRp2,0.6190476190476191,32,20,AGCGAATCAGTACACCGGAG,12,705460
cpxRp2,0.5714285714285714,31,20,AGCCGGTGGTGTTATTTCAA,11,673452
cpxRp2,0.14285714285714285,22,20,AGCCCTCTTGCAGTGCTTAT,2,690675
cpxRp2,0.6190476190476191,32,20,AGATTATGGTGACTATAACA,12,649891
cpxRp2,0.09523809523809523,21,20,AGATATTCCAGGGGAACATC,1,685284
cpxRp2,1.0,40,20,AGAGTCTGCGGGATCAACTT,20,667653
cpxRp2,0.14285714285714285,22,20,AGAGCTCCCCAGTGTTACCC,2,629913
cpxRp2,0.7619047619047619,35,20,ACTCCGCCATTGATTTGGAC,15,672156
cpxRp2,0.6190476190476191,32,20,ACTCACCTGCGATCAGGGGT,12,697352
cpxRp2,1.1428571428571428,43,20,ACGGATCTAATGCTTGGGAG,23,693520
cpxRp2,0.14285714285714285,22,20,ACGCGTCCGTAGGATTATTC,2,670275
cpxRp2,0.2857142857142857,25,20,ACGCAGTTCAAGTGACGCTA,5,664204
cpxRp2,0.23809523809523808,24,20,ACGCAACTTGTCACCAATCT,4,638862
cpxRp2,0.42857142857142855,28,20,ACGATTCCCAAGGGCTACCA,8,629838
cpxRp2,0.23809523809523808,24,20,ACGAGGCCCATTAGATGTGA,4,664744
cpxRp2,0.47619047619047616,29,20,ACCTCACAACCATCTCAACA,9,646247
cpxRp2,0.38095238095238093,27,20,ACCGGGTCATCTGAAAAGCA,7,654875
cpxRp2,0.42857142857142855,28,20,ACCGCATCCGCTAAAAGTCC,8,680079
cpxRp2,0.2857142857142857,25,20,ACCGAGTATTCCGCAACAGG,5,653501
cpxRp2,0.9047619047619048,38,20,ACCGACATAGGGCCGGTCAG,18,655137
cpxRp2,0.8571428571428571,37,20,ACCCCAGCGATCTGCATTCC,17,690476
cpxRp2,0.5714285714285714,31,20,ACCAGTGGCACTAAATAAAG,11,669435
cpxRp2,0.14285714285714285,22,20,ACACGGTTAGTTGAAGAATA,2,683462
cpxRp2,0.3333333333333333,26,20,AATGTGAGTTCGTTACACTC,6,700411
cpxRp2,1.2857142857142858,46,20,AATGCCCTCATTTGTATTGA,26,696151
cpxRp2,1.8571428571428572,58,20,AATAGAAAGTGTCCCGGCGC,38,647140
cpxRp2,0.5238095238095238,30,20,AATACTAACGCGAATAGTCG,10,656035
cpxRp2,0.19047619047619047,23,20,AAGTAGCAAGTCGCCTCCTA,3,637368
cpxRp2,1.1904761904761905,44,20,AAGCCAACGGATGCGTGTCG,24,684123
cpxRp2,0.23809523809523808,24,20,AACGCTCTAACGGGTACTTT,4,667073
cpxRp2,0.23809523809523808,24,20,AACGCGATTAAGCTTCGCAT,4,664132
cpxRp2,0.2857142857142857,25,20,AACGAGTGGACTCTGTGGCG,5,652289
cpxRp2,0.5714285714285714,31,20,AACACCGATACAGAGGCATT,11,678904
cpxRp2,0.14285714285714285,22,20,AAAGTTAAGTTGCCAACGAC,2,660352
cpxRp2,0.19047619047619047,23,20,AAAGACTTGGCGTACACCAG,3,653283
cpxRp2,0.2857142857142857,25,20,AAACTTTAACGTTTTCAACA,5,658558
cpxRp2,0.8571428571428571,37,20,AAAATAAGATGAAGTATTTA,17,634688
cpxRp2,0.95,37,19,TTTTAACGCGTGAGTTGAGA,18,636522
cpxRp2,0.45,27,19,TTTATGAGGCTAGTTCATTC,8,639708
cpxRp2,0.45,27,19,TTTAGTCGGTTGTGAGCGGA,8,632696
cpxRp2,0.4,26,19,TTGTTCGCCGTAGGTGAAGA,7,690890
cpxRp2,1.35,45,19,TTGTTCCGTTAGCTTGAGTC,26,633871
cpxRp2,0.7,32,19,TTGTGCTACAACAAACGTTA,13,673901
cpxRp2,0.75,33,19,TTGTGACGTCGGCGCGCCCA,14,673427
cpxRp2,0.4,26,19,TTGTCGCAGGTAGGTAGCCA,7,637300
cpxRp2,1.25,43,19,TTGGCACCGACCACGATCAA,24,648117
cpxRp2,0.55,29,19,TTGCCTTCCAGCCTATCCGG,10,640724
cpxRp2,0.65,31,19,TTCTGGAGGGGCTTTCTCCT,12,678561
cpxRp2,0.35,25,19,TTCTCTGAAGGCGCGAGGTC,6,677604
cpxRp2,0.35,25,19,TTCGGGAGAACATTTGCAGC,6,672076
cpxRp2,0.45,27,19,TTCCGGACTCGGCGATGCAA,8,634374
cpxRp2,1.55,49,19,TTCATATGAACGTGATATGC,30,657747
cpxRp2,0.6,30,19,TTCAAAAAATTACCGCCATT,11,659473
cpxRp2,0.3,24,19,TTATATTCTAACTCTCTGTA,5,671465
cpxRp2,0.4,26,19,TTAGAATAAGTGCAAATCAG,7,666358
cpxRp2,0.8,34,19,TTACCGTAGGGAAAAACATT,15,645224
cpxRp2,0.95,37,19,TTAATAAGGGCGTATATGCA,18,675759
cpxRp2,0.65,31,19,TGTTACAGCGCTGCACCACC,12,705441
cpxRp2,0.85,35,19,TGTGTTCTATGCGCCATCAT,16,647000
cpxRp2,0.45,27,19,TGTCTTAGTTCCGCAGAAAC,8,634986
cpxRp2,0.85,35,19,TGTCGGAGAAGCTAGGGGAG,16,645850
cpxRp2,0.35,25,19,TGTATCGATTATTGCTCAGG,6,641135
cpxRp2,1.3,44,19,TGGGGTTGTTCCTCAGGGTT,25,646041
cpxRp2,1.2,42,19,TGGCTAGAGTTGTTGAATAT,23,662736
cpxRp2,0.6,30,19,TGGCCTTGCTTGCCAGAACC,11,654668
cpxRp2,1.1,40,19,TGGAGGATCCAGCCCTGGGT,21,707509
cpxRp2,0.85,35,19,TGCTAGCCAAGGGGAATTAT,16,636399
cpxRp2,1.9,56,19,TGCGGTGCATGTTGATTGAT,37,699272
cpxRp2,0.45,27,19,TGCCCCATGGAGGGGTTTTT,8,676976
cpxRp2,0.75,33,19,TGCCATACAGAAATGAAGGT,14,707349
cpxRp2,0.15,21,19,TGCACCTCGTGCACGGGGAG,2,683493
cpxRp2,0.7,32,19,TGATCGATCGGTGGGAAGGC,13,680477
cpxRp2,0.25,23,19,TGAGTTGCAACATGCCCCTG,4,666010
cpxRp2,3.2,82,19,TGAGTGGAGCTGTACTTATT,63,703150
cpxRp2,0.3,24,19,TGACGAATTCCCGACATTGG,5,638283
cpxRp2,1.1,40,19,TCTTGCTGGGCCTTAGTGGA,21,701764
cpxRp2,0.75,33,19,TCTGTGCCAGCCCGTGTTAT,14,687274
cpxRp2,1.1,40,19,TCTGCTGGTAGGGTAGCGAC,21,676860
cpxRp2,0.75,33,19,TCTCCGTGAGCCACTTACAA,14,680694
cpxRp2,0.8,34,19,TCGTGTTGGCCTGACGCATA,15,694971
cpxRp2,0.45,27,19,TCGTGTGACCATTGCTATTC,8,644906
cpxRp2,0.85,35,19,TCGTAGCGGACCAGTCTAAG,16,690269
cpxRp2,0.3,24,19,TCGGGTACAGGGATAATATG,5,692250
cpxRp2,0.8,34,19,TCGCTGGATCCGGGACTTGA,15,710989
cpxRp2,0.5,28,19,TCCTGAAGCGAAATGCCGTA,9,663283
cpxRp2,0.55,29,19,TCCGTTGGCGTGTCCTTCTA,10,686996
cpxRp2,0.6,30,19,TCCGGCAGGGCCTGAGCGAG,11,654366
cpxRp2,0.4,26,19,TCCGCCTCGTTTATGCACTG,7,639564
cpxRp2,0.35,25,19,TCCGCCGCCCGTAACACGTC,6,667437
cpxRp2,0.15,21,19,TCCACCGTTTCCTCTGGTTC,2,678516
cpxRp2,0.5,28,19,TCATCTTTGGGAACATTGCA,9,634107
cpxRp2,2.0,58,19,TCATAGTAGAATCCCTTGGC,39,683729
cpxRp2,0.3,24,19,TCAGTTAGGGCACACATTCT,5,647879
cpxRp2,0.9,36,19,TCAGGTCCCCATCTCGCAGT,17,671454
cpxRp2,0.6,30,19,TCACGTCGCACCGCTTCTTT,11,656700
cpxRp2,0.15,21,19,TATCCTTGGCCGTCAGAAGC,2,632013
cpxRp2,0.4,26,19,TAGCCTGAGCCCAAGCGCGT,7,630328
cpxRp2,0.8,34,19,TAGCCCGTACAAGAAACGGT,15,636604
cpxRp2,1.15,41,19,TAGAGGCCCGAGAGCCGAAC,22,638343
cpxRp2,0.1,20,19,TACACTTGTCCTGGCCCGGG,1,710465
cpxRp2,0.75,33,19,TAATGGCTTCGGGTGGCGCA,14,682796
cpxRp2,0.75,33,19,TAATGCGCTACGACAGGGCT,14,694250
cpxRp2,0.6,30,19,TAACCAAGAAAGGTTGAATA,11,643194
cpxRp2,0.85,35,19,TAACAGGCCGTGTGTCTCTA,16,700589
cpxRp2,2.0,58,19,TAACAATTTGATATGGGAAC,39,635359
cpxRp2,1.35,45,19,TAAAAGGTGGGTAGCGATGT,26,682672
cpxRp2,0.25,23,19,GTTGCGGTTGGGGTACTAGA,4,695989
cpxRp2,0.5,28,19,GTTGAATAATTTTAGAATCT,9,644672
cpxRp2,0.2,22,19,GTTCATTCGGACGCACTTGT,3,675577
cpxRp2,0.1,20,19,GTTCACTCTGGTGGACGGAG,1,667922
cpxRp2,0.25,23,19,GTTAGTTTTAGGAAACGCTA,4,667303
cpxRp2,0.1,20,19,GTGTTTGAACGCGTTAGGAG,1,662946
cpxRp2,0.45,27,19,GTGTGAGAAAACTCCCAGAA,8,640949
cpxRp2,0.45,27,19,GTGGGGTAATGATTAGAGAC,8,664052
cpxRp2,0.3,24,19,GTGCACTGACCACTCGCTAC,5,648550
cpxRp2,2.15,61,19,GTGAGGGCCAGGGTTTGTTT,42,694913
cpxRp2,0.2,22,19,GTGAATGCCCGTTAGACGTG,3,644435
cpxRp2,0.5,28,19,GTCTCTGAATACCGTGAGCG,9,634949
cpxRp2,0.75,33,19,GTCTATCTTGTCCTGGGCAT,14,699838
cpxRp2,1.1,40,19,GTATTCGTACCCGTGAAAAG,21,641249
cpxRp2,1.2,42,19,GTATCTAAAACGGAGTGGCG,23,675603
cpxRp2,0.7,32,19,GTAGGCTTCCACGTCTTTAC,13,703584
cpxRp2,0.25,23,19,GTAGCTGCGCAATTGGGTGT,4,682993
cpxRp2,1.1,40,19,GTAGCAGAGTGTCAGCTGTA,21,630872
cpxRp2,1.05,39,19,GTAGAGCTGAGAGGAACCGT,20,671369
cpxRp2,0.4,26,19,GTACGAGCTTGTCCGCGATT,7,646769
cpxRp2,1.1,40,19,GTAAGTTCAAGAGGTTGGAG,21,685300
cpxRp2,0.9,36,19,GTAAGCACCTGTTATCCGAT,17,653086
cpxRp2,0.65,31,19,GGTTTAGTGCTAATTGTGCT,12,672660
cpxRp2,0.6,30,19,GGTCCTGCTCGGCAGGCTTC,11,649254
cpxRp2,14.75,313,19,GGTAGCTACCAATCGTGTAT,294,709976
cpxRp2,1.05,39,19,GGTAAGCTGCATGGGTCCTG,20,661237
cpxRp2,0.75,33,19,GGGTTTAACTCAGGCATACA,14,706679
cpxRp2,0.6,30,19,GGGTGTGCCTATGTGGACGT,11,679650
cpxRp2,0.2,22,19,GGGGCCTGAATATTGCGGGC,3,671730
cpxRp2,0.65,31,19,GGGCTTGACTCGGGGCGGAA,12,664875
cpxRp2,0.35,25,19,GGGCTGTTACGGCCTTGCTA,6,701179
cpxRp2,0.65,31,19,GGCTTAAGTGGATCAACATG,12,672384
cpxRp2,1.3,44,19,GGCGGGTCCTCATCTCGCAG,25,679033
cpxRp2,0.75,33,19,GGCGATCGAGACTTTTCGGT,14,659470
cpxRp2,0.35,25,19,GGCAATACACAAGCCCTCGA,6,645401
cpxRp2,0.35,25,19,GGATGACTTATTGCCTCGAA,6,639888
cpxRp2,1.2,42,19,GGATACTACGGACGGCAAAA,23,646211
cpxRp2,0.35,25,19,GGATACACACCGTAATCCAC,6,709385
cpxRp2,0.8,34,19,GGAGACCTCAACTGAATCTT,15,651959
cpxRp2,1.6,50,19,GGAACGGTTAAGCTTATGGG,31,710173
cpxRp2,0.55,29,19,GCTGGAACCAGTAGGAACCT,10,692490
cpxRp2,0.3,24,19,GCTGAGGTCGGGATAACTAA,5,658392
cpxRp2,0.25,23,19,GCTCCTGAAAACATAAAAAC,4,639813
cpxRp2,0.95,37,19,GCTCAAGATATTAAATGTGC,18,692230
cpxRp2,1.15,41,19,GCGTTAGACTGTCATGCTAA,22,659335
cpxRp2,0.25,23,19,GCGTCTATCGGCACTGGTTA,4,643035
cpxRp2,7.75,173,19,GCGATTATGTATATTGTACG,154,647703
cpxRp2,0.3,24,19,GCGAACAAACAGGCACTCGG,5,643422
cpxRp2,0.6,30,19,GCCGGGTTGAGTAGCGCCAC,11,668373
cpxRp2,0.15,21,19,GCCGAACCGAGCAATACCGT,2,703297
cpxRp2,0.3,24,19,GCCAGTCTGGGGTATATTCG,5,631895
cpxRp2,0.55,29,19,GCACATTTGTATACAATAAA,10,664917
cpxRp2,0.45,27,19,GCAATTCATTCTTGGCACGG,8,637127
cpxRp2,0.55,29,19,GCAATCGTTTAGGCCTTAGT,10,648869
cpxRp2,0.4,26,19,GCAAGCATACGTATCGTCCG,7,670006
cpxRp2,0.3,24,19,GATGATTCACGTATAGCGCG,5,682548
cpxRp2,1.25,43,19,GATCTATGGGGTTTGGTAAA,24,653639
cpxRp2,0.4,26,19,GATATTGCCGAACCGATTCG,7,688758
cpxRp2,0.35,25,19,GATACCATGGCCCCTACAAT,6,629826
cpxRp2,1.15,41,19,GAGCGTGTGTTAGTTACGGG,22,672214
cpxRp2,0.8,34,19,GAGCCCTCGGCGGAAGCAAA,15,703646
cpxRp2,1.25,43,19,GAGATGAACTAGCTCAAGTC,24,685535
cpxRp2,0.3,24,19,GAGAGGCCCCATGGCTTATC,5,664240
cpxRp2,0.4,26,19,GAGAGATCTCCTAGTTATGT,7,699919
cpxRp2,1.0,38,19,GACGGTCCAGGCCCAACTGT,19,698336
cpxRp2,0.85,35,19,GACCGGGTAACAGTGCGCCG,16,687234
cpxRp2,0.35,25,19,GACCCCGAAAGTGAAGGGAC,6,668146
cpxRp2,1.1,40,19,GAATGTGGAATGAGTACGTA,21,634825
cpxRp2,0.45,27,19,GAACGGACGCGCCAGCGTGA,8,682021
cpxRp2,1.2,42,19,GAACGCAAATCTGCTGCGCA,23,648286
cpxRp2,0.4,26,19,CTTTGCACGGAGGGGATCAA,7,691610
cpxRp2,0.75,33,19,CTTTCATACATTTGGTAATA,14,648367
cpxRp2,1.15,41,19,CTTTATCGCAATTGCGAATG,22,673310
cpxRp2,0.6,30,19,CTTGATGTGGTAGAATTGTT,11,687053
cpxRp2,0.7,32,19,CTTGAATATGGTCCTCCGCG,13,675732
cpxRp2,0.95,37,19,CTTCGAGAACAAAATCGGTT,18,666723
cpxRp2,0.65,31,19,CTTCCTCGTAAAAGTGCCAG,12,660903
cpxRp2,0.65,31,19,CTTAGGCAGGCGGTTAGGAA,12,655509
cpxRp2,1.05,39,19,CTTACGCAGACATATGTTAC,20,686602
cpxRp2,1.55,49,19,CTGTGTTCTGGTTTTCAGAC,30,654614
cpxRp2,0.8,34,19,CTGGCCTAGAGTGGTTTTCT,15,687601
cpxRp2,0.25,23,19,CTGGACAGCGGGGTTACCTA,4,683459
cpxRp2,0.3,24,19,CTGCATGTCAGTGTGGTCAA,5,706139
cpxRp2,0.8,34,19,CTGAGAGCAAAAGATTTCCA,15,688041
cpxRp2,0.25,23,19,CTGAAGCATAGAACGATCTA,4,694412
cpxRp2,1.75,53,19,CTCTGATGAGATTATGCTAG,34,634928
cpxRp2,0.2,22,19,CTCGCGTGGCAGGTGTCAAA,3,653229
cpxRp2,0.95,37,19,CTCGAGGCGTTTGACCAGCT,18,644067
cpxRp2,0.3,24,19,CTATCGATGCAGGTATCGGC,5,700906
cpxRp2,0.9,36,19,CTAGTCGTCCGGTGCTAATG,17,647080
cpxRp2,0.1,20,19,CTAGCTCGGCGATCAGGGGA,1,703482
cpxRp2,0.55,29,19,CTAGAACACGGGTCTGTCAA,10,659255
cpxRp2,1.85,55,19,CTACCCGTTGGGTGGCCTTG,36,630216
cpxRp2,0.7,32,19,CTAATCCTGAGGGGCGCTTG,13,663277
cpxRp2,2.9,76,19,CGTTGACATTAGGGCCAAAC,57,644134
cpxRp2,0.75,33,19,CGTTCCTCCTTCGCGTTAGC,14,647302
cpxRp2,0.1,20,19,CGGCCGCAGTCCTCTGAGTA,1,680901
cpxRp2,0.2,22,19,CGGAATGGCCGGCTAGGAGG,3,649675
cpxRp2,0.3,24,19,CGCTGGACTTAAACTCCCCA,5,665014
cpxRp2,0.95,37,19,CGCGGAGACTTACTCGTTGC,18,639442
cpxRp2,0.15,21,19,CGCCTATTTCTCGGGTATAC,2,679442
cpxRp2,0.7,32,19,CGCCGGCTTCCCGGGAATGA,13,660754
cpxRp2,0.65,31,19,CGCAGAGGGGAGATGGGCAT,12,680855
cpxRp2,0.75,33,19,CGCAACAGTTTCCATCCTAG,14,632776
cpxRp2,0.25,23,19,CGAGAGCAACCTCCAGAAAG,4,704999
cpxRp2,1.35,45,19,CGACTCTAAGGATGCCCACT,26,632398
cpxRp2,0.15,21,19,CGACACCATCGGTCCACCCC,2,642608
cpxRp2,0.4,26,19,CGAATATCGCCTTTTTTTTT,7,656102
cpxRp2,0.8,34,19,CCTTGTCGGGTTGCCCAACA,15,672389
cpxRp2,0.25,23,19,CCTGCTGTGTCTGGATTACC,4,643030
cpxRp2,0.6,30,19,CCTAGATGAGCGCGTGCAGG,11,636241
cpxRp2,1.45,47,19,CCGGATTTCTCATTGGAACA,28,649253
cpxRp2,0.7,32,19,CCGGAGGCGATCTCGGTCAT,13,680352
cpxRp2,0.9,36,19,CCGCAAGTCAATCTTGTCTA,17,658517
cpxRp2,1.2,42,19,CCGAGTGAAGGGCATTAAGT,23,659600
cpxRp2,1.65,51,19,CCGACAATGTTACTGCACTC,32,698785
cpxRp2,0.75,33,19,CCCTGCACCCCCGATCGGAT,14,669750
cpxRp2,0.75,33,19,CCCTATAGGTAGGGCACATA,14,702268
cpxRp2,1.25,43,19,CCCGTGTCAGGGGCTGCGCA,24,697445
cpxRp2,0.1,20,19,CCCGTGGCCCGCGCTGTGTA,1,710703
cpxRp2,2.3,64,19,CCCCCGATATATCAATGTGA,45,653145
cpxRp2,0.45,27,19,CCCAGGTGGTGCAACCCGAA,8,673947
cpxRp2,0.7,32,19,CCCACGAATGCCGCCCCTTG,13,683825
cpxRp2,0.85,35,19,CCAGTGAGGTGTACAACGGT,16,667222
cpxRp2,1.6,50,19,CCAGGCACGAGACAGAGGAT,31,635706
cpxRp2,1.85,55,19,CCACCTGCTTTAGTGACATG,36,665535
cpxRp2,0.45,27,19,CCACCGTGCCAGTGAAGTAG,8,634959
cpxRp2,0.1,20,19,CCAAGCTTTACGTTAACTCC,1,641834
cpxRp2,0.55,29,19,CATTGAGGACTGGTGACCGG,10,658823
cpxRp2,0.65,31,19,CATGTGGGTACCTCCATGGA,12,651937
cpxRp2,1.1,40,19,CATGTCGGTGGTTAAGAGTA,21,660375
cpxRp2,0.25,23,19,CATGTATCGGGCACCGTTCA,4,656693
cpxRp2,0.95,37,19,CATGACTAGGCACCTCTCAA,18,698889
cpxRp2,0.1,20,19,CATCCGCAAGTCGCGTTTAA,1,649542
cpxRp2,1.65,51,19,CATCAGGTTGGCCGAACAAA,32,672762
cpxRp2,0.2,22,19,CATATAACTATGAAATGAAG,3,672711
cpxRp2,1.05,39,19,CATAAGTTAGGATAGGTTTT,20,679789
cpxRp2,0.65,31,19,CAGTGCACGGGGGCATTGAT,12,676066
cpxRp2,0.25,23,19,CAGTGAGCGTCTTGTTGAAG,4,706630
cpxRp2,0.35,25,19,CAGTCTACACCCACCTGAGT,6,634288
cpxRp2,0.25,23,19,CAGGTCTACGTACGATGCAT,4,647358
cpxRp2,0.8,34,19,CAGGGGCGGGGTAAGCGCCA,15,710303
cpxRp2,0.4,26,19,CAGAAACAGAGGTCTGGGTC,7,667229
cpxRp2,1.25,43,19,CACTTCTGAGCGAAGTACTC,24,682327
cpxRp2,0.7,32,19,CACGGGTAAGCACAAAAAGT,13,690526
cpxRp2,12.25,263,19,CACGCGACCGTCAGGTAGTG,244,651595
cpxRp2,0.15,21,19,CAATTGTTGGGGCATACAGG,2,663899
cpxRp2,0.3,24,19,ATTTTGTTATCGAGAACTGA,5,696661
cpxRp2,0.8,34,19,ATTGTCACAGGTTACCTGCA,15,636441
cpxRp2,1.2,42,19,ATTGCTGTGGGCGCCAATTT,23,638097
cpxRp2,1.2,42,19,ATTGACAAACGGGTTCCCAT,23,691552
cpxRp2,0.3,24,19,ATTAGTGTGACCGGTTTATT,5,656619
cpxRp2,0.25,23,19,ATGTAACGTTAGTGATTTAG,4,694615
cpxRp2,1.2,42,19,ATGGGGGATCAACGAAGAGT,23,652564
cpxRp2,0.35,25,19,ATGGAAGGTTGAATCACAGG,6,631477
cpxRp2,0.35,25,19,ATGAGCCTAGCGCTTTCAGT,6,703082
cpxRp2,0.45,27,19,ATCTACCCTTGTGCCAGGTG,8,683246
cpxRp2,1.0,38,19,ATCGTTCCGTGGCCCGATCG,19,656645
cpxRp2,0.7,32,19,ATCATTGCCACCGCTTCGAT,13,651957
cpxRp2,0.6,30,19,ATATTTCAATAGAGTGACAC,11,660288
cpxRp2,0.25,23,19,ATAAAACATATGTGGTAAGG,4,632791
cpxRp2,0.5,28,19,AGTTTCCATTTAGTCATGAT,9,672967
cpxRp2,0.15,21,19,AGTTCGCCGACGATTGGGGG,2,659339
cpxRp2,1.4,46,19,AGTTAACCTTATTTCCCTTT,27,685492
cpxRp2,0.25,23,19,AGTGTGACTTACGCCGGAAG,4,647031
cpxRp2,0.6,30,19,AGTGTCGTCGTGATCCGAAA,11,707912
cpxRp2,0.2,22,19,AGTGCATGAGGGACCGGACG,3,634715
cpxRp2,1.45,47,19,AGTCAAGGCAGGGTCTGCCC,28,653709
cpxRp2,0.15,21,19,AGTACTGGGCATGATCTAGG,2,688397
cpxRp2,0.45,27,19,AGGTCCCGTATATGGGAGGT,8,689546
cpxRp2,0.45,27,19,AGGTATTGCCTCGTCCCACG,8,634415
cpxRp2,0.5,28,19,AGGGGACAAATGGGTTTGTT,9,644895
cpxRp2,0.5,28,19,AGGGCATCGACTGTATTACC,9,648355
cpxRp2,0.9,36,19,AGGCCGACCGCGCGATCAGG,17,662179
cpxRp2,0.15,21,19,AGGAATCTGTCTGCTGGTAT,2,632186
cpxRp2,1.4,46,19,AGCGTCCGACACAGTGCGAA,27,678146
cpxRp2,0.45,27,19,AGCGGGAAAGGCCTACTCTT,8,695285
cpxRp2,0.3,24,19,AGCCCCGATCCGCTGGGATA,5,646243
cpxRp2,0.8,34,19,AGCCAGGGACGAGCATCACT,15,657067
cpxRp2,0.95,37,19,AGCACTTTGGTTGTTTCTTT,18,634306
cpxRp2,0.35,25,19,AGATTGCGCCTTCCGAGTTG,6,706725
cpxRp2,0.5,28,19,AGATGGACCATGACTCTGTT,9,668223
cpxRp2,0.2,22,19,AGAGTGCCTGTCTAATCGTG,3,695023
cpxRp2,0.85,35,19,AGAGCATCTGGATTTTGCTA,16,658665
cpxRp2,1.3,44,19,AGAGACCGGAGAGTACCTTG,25,698531
cpxRp2,0.95,37,19,AGACCGTGCGTCGGGCGCCT,18,636634
cpxRp2,0.4,26,19,AGACAGCTGTCTATTAGATT,7,711808
cpxRp2,0.55,29,19,AGAACGGATTCATTTTGGAT,10,708321
cpxRp2,1.65,51,19,ACTTGATTTGGACCTAAGCA,32,698959
cpxRp2,2.05,59,19,ACTGACAATTGTACTCTCGA,40,641227
cpxRp2,0.7,32,19,ACGTTAGAAGAGTGTTGATT,13,638928
cpxRp2,0.8,34,19,ACGTGAACATAAGGTACAAT,15,682208
cpxRp2,0.3,24,19,ACGCTTGGTCGCTGCTCTCA,5,669620
cpxRp2,1.6,50,19,ACGCGCGAGTGTCTCCGCTG,31,662335
cpxRp2,0.8,34,19,ACGCACGCAGATGTCCCCAT,15,650086
cpxRp2,0.45,27,19,ACGACTTTAAAGGCCTTCAC,8,665841
cpxRp2,1.1,40,19,ACCTGTGACGCGTACACGGA,21,708730
cpxRp2,0.45,27,19,ACCGCCATCCGGTTCGCGAA,8,632345
cpxRp2,0.55,29,19,ACCGCAACAGTGCCATGAAA,10,676118
cpxRp2,0.45,27,19,ACCGATACCGACCTCACGGA,8,671028
cpxRp2,0.4,26,19,ACCCTGGTTGCGCCACCTCT,7,678181
cpxRp2,0.25,23,19,ACCAAGTTTTTAGACCAGCA,4,687136
cpxRp2,1.2,42,19,ACAGCCTCATGGCACGGTAT,23,655540
cpxRp2,0.4,26,19,ACAGACGGGCTTTTGGTTGA,7,643190
cpxRp2,1.25,43,19,AATTTCTGTTCTTACGATTG,24,648415
cpxRp2,0.35,25,19,AATGTACGGACCGATGTGAG,6,678193
cpxRp2,0.4,26,19,AATACTTAGAGTACCGGAAT,7,631270
cpxRp2,0.2,22,19,AATAACCATAATGGCATCAC,3,638085
cpxRp2,0.15,21,19,AAGTTCTAGGCCTTATTCTA,2,696505
cpxRp2,0.4,26,19,AAGCCAATGAGTCTGCGCGC,7,645164
cpxRp2,0.5,28,19,AAGCACCTCCCGCACTTCTG,9,662651
cpxRp2,0.25,23,19,AAGAGTTTTGGGTACGTACA,4,703200
cpxRp2,0.55,29,19,AACGCTGCATCGCTACTAAT,10,663368
cpxRp2,1.4,46,19,AACGAATCATCTAAGCATGA,27,639473
cpxRp2,0.55,29,19,AACCCGATCACCAAAACGTA,10,669671
cpxRp2,3.45,87,19,AACAGGGGGGATGATAATCA,68,636352
cpxRp2,0.95,37,19,AAATACTGAGTTAGTAGTTG,18,688320
cpxRp2,1.25,43,19,AAAGATGGAAACGGATTCTA,24,644616
cpxRp2,0.1,20,19,AAACGTTCGTTACATATTGG,1,644314
cpxRp2,0.85,35,19,AAACGCCCGGGTATTATGAT,16,673665
cpxRp2,0.35,25,19,AAAATCTACGAAACTAAAGA,6,648709
cpxRp2,1.0,36,18,TTTGTTACCCTCAGCGTGTA,18,700770
cpxRp2,0.47368421052631576,26,18,TTTGCCTCCTAGTCGCTGAT,8,666048
cpxRp2,1.736842105263158,50,18,TTTAGATAGAGAGCCAAAGT,32,670832
cpxRp2,0.21052631578947367,21,18,TTGTTAGTAAGGGCGCAAAA,3,700700
cpxRp2,0.42105263157894735,25,18,TTGTGGTGCAGCGTGGTACA,7,660024
cpxRp2,0.3157894736842105,23,18,TTGTGAATGTCTGCTTCCGA,5,701604
cpxRp2,0.5789473684210527,28,18,TTGGAGGACGGCAACGGTAA,10,634648
cpxRp2,0.15789473684210525,20,18,TTGCGCAAAAAATCGCCGAT,2,694707
cpxRp2,0.8947368421052632,34,18,TTGCCATGGTGAGACGCCGT,16,695177
cpxRp2,2.210526315789474,59,18,TTGATTCGATGCTCCTACGA,41,666851
cpxRp2,0.42105263157894735,25,18,TTGATGTCGCCTTCCCATAT,7,661846
cpxRp2,0.7894736842105263,32,18,TTCTACTACACGAATAGTTA,14,634439
cpxRp2,0.3684210526315789,24,18,TTCCACCTGTAGTCTGCGTA,6,695590
cpxRp2,0.631578947368421,29,18,TTCAACTGTGAAAGGTGCCT,11,683290
cpxRp2,0.3684210526315789,24,18,TTATTTACCGCGGAACATTG,6,641061
cpxRp2,0.2631578947368421,22,18,TTATGTCACATGCATCGCCA,4,691491
cpxRp2,0.8947368421052632,34,18,TGTTGTGGGAAGCTTCGGTG,16,675487
cpxRp2,1.4210526315789473,44,18,TGTTCTTCATTGTGGGTAAG,26,688406
cpxRp2,0.9473684210526315,35,18,TGTGCTTGCATAGGTCCACA,17,669902
cpxRp2,0.3157894736842105,23,18,TGTCTTAAACTTGGAAGGTC,5,684662
cpxRp2,0.8421052631578947,33,18,TGTCAGAGGGGTACTCGGCT,15,691437
cpxRp2,1.263157894736842,41,18,TGTAACGCAGTTTGATCGGG,23,630387
cpxRp2,1.894736842105263,53,18,TGGTTTTGACCGCTGACTAC,35,675290
cpxRp2,0.631578947368421,29,18,TGGGTGGTGTATTATAGAAT,11,702307
cpxRp2,1.0,36,18,TGGGAGTGAAAGCGTCGATA,18,673323
cpxRp2,0.7368421052631579,31,18,TGGCAAGTATATCCGATCTC,13,707630
cpxRp2,0.2631578947368421,22,18,TGGATGCGGGAAAGTGCATA,4,660555
cpxRp2,0.7368421052631579,31,18,TGGATGATAGGCATACCTTC,13,643023
cpxRp2,0.7894736842105263,32,18,TGCGGCATTGAATGTAATCG,14,685023
cpxRp2,1.894736842105263,53,18,TGCGCGTTGTCCTAGTCGCA,35,648331
cpxRp2,0.8947368421052632,34,18,TGCACCCACCCAAAGAAGGG,16,648414
cpxRp2,0.42105263157894735,25,18,TGAGTCGGATCGCATCCATT,7,631371
cpxRp2,0.631578947368421,29,18,TGACGAAGAGAACACTACGT,11,643404
cpxRp2,0.9473684210526315,35,18,TGAATCAGGTGGGAAACTCT,17,663806
cpxRp2,3.1578947368421053,77,18,TCTTTAGGATCCACGTGCAT,59,685078
cpxRp2,0.7368421052631579,31,18,TCTTGTAACCCCTCTGCAGC,13,642673
cpxRp2,0.47368421052631576,26,18,TCTTCGACACACTTACGCAA,8,652117
cpxRp2,0.3157894736842105,23,18,TCTTATTGTATGGGACGGAT,5,658109
cpxRp2,0.15789473684210525,20,18,TCTGAGTAGAGTGAGGATGG,2,683543
cpxRp2,0.5263157894736842,27,18,TCTCCCCGATACATTAAATC,9,641286
cpxRp2,0.5263157894736842,27,18,TCTCAAACTGAAACAGAAAG,9,651100
cpxRp2,5.0,112,18,TCTACGTATCCGCCGGTCGT,94,705617
cpxRp2,1.0,36,18,TCTACGCAACAGGCGATCAA,18,659453
cpxRp2,0.15789473684210525,20,18,TCTAAGGCCAGCCAAACGAG,2,685494
cpxRp2,0.5789473684210527,28,18,TCGTTGGACGTTAACATTTT,10,671480
cpxRp2,0.9473684210526315,35,18,TCGTGTATTAGTGTGGTAAA,17,690998
cpxRp2,0.42105263157894735,25,18,TCGGTGCCCAATAGAAAGAA,7,681945
cpxRp2,5.578947368421052,123,18,TCGGTATCTGCAACCCTGGA,105,708238
cpxRp2,0.15789473684210525,20,18,TCGGCGGCAACTTGGACGAT,2,710762
cpxRp2,1.3157894736842106,42,18,TCGCTAGAAGACTTCAGTAC,24,675764
cpxRp2,0.3684210526315789,24,18,TCGATAGTTGATTTGCGTCA,6,656521
cpxRp2,1.0,36,18,TCGAGGTCTTACGACGGGCA,18,641189
cpxRp2,1.105263157894737,38,18,TCCGTGCTTTCAACTGTCAG,20,653198
cpxRp2,0.2631578947368421,22,18,TCCAGGTTGGATCCTGATGG,4,700603
cpxRp2,0.2631578947368421,22,18,TCATGGTGAGTAGTATTTAG,4,643767
cpxRp2,0.42105263157894735,25,18,TCAGACGGGGGACGTCAAAT,7,651201
cpxRp2,1.5263157894736843,46,18,TCACTGTTTTTGCCCCTACA,28,675109
cpxRp2,0.10526315789473684,19,18,TCACTGTTGATTAGCGCAGC,1,629988
cpxRp2,2.5789473684210527,66,18,TCAACGCCTTGGAACCGCAG,48,631169
cpxRp2,0.7894736842105263,32,18,TATTGTCGTCCGCCCAGGTC,14,705791
cpxRp2,0.47368421052631576,26,18,TATTATGACAGTCCGCGATG,8,674417
cpxRp2,0.8947368421052632,34,18,TATCGGTGTAACTGGTGATA,16,674052
cpxRp2,0.5789473684210527,28,18,TAGGTTCAGAACAGCAGCGG,10,667764
cpxRp2,0.8947368421052632,34,18,TAGGACCTGTTATTAAGCCA,16,698988
cpxRp2,1.0,36,18,TACTATTCTTATCTACTTCA,18,638755
cpxRp2,0.9473684210526315,35,18,TACCTAGAGGACATCCGCGT,17,656478
cpxRp2,0.42105263157894735,25,18,TACAGTGACCAGATTCAGGA,7,705728
cpxRp2,0.6842105263157895,30,18,TAAGGTAAGCATCCGCATGC,12,666000
cpxRp2,0.21052631578947367,21,18,TAAGCAAGAGAATCTCACTC,3,689074
cpxRp2,0.3684210526315789,24,18,TAACTGGGGGGGTGCCTAAA,6,683457
cpxRp2,0.5263157894736842,27,18,TAACGGCTGGTTTCAGGATA,9,654258
cpxRp2,0.8947368421052632,34,18,TAACGAGTATCAAACATATA,16,699655
cpxRp2,0.5263157894736842,27,18,TAAAGGCAGTCTCTTCGATC,9,647422
cpxRp2,0.9473684210526315,35,18,GTTCAGGTTAAGGGATTATG,17,649255
cpxRp2,0.2631578947368421,22,18,GTGTTGATGTAAAAGTTACA,4,699379
cpxRp2,0.15789473684210525,20,18,GTGGGTAACCTTATTCTCAT,2,684873
cpxRp2,0.9473684210526315,35,18,GTGGCAAGCGCGCACCTTGT,17,649502
cpxRp2,0.15789473684210525,20,18,GTGCGGCCTGTAGTCACATT,2,637094
cpxRp2,0.7368421052631579,31,18,GTGCGGATAGGGTCTCTACA,13,655452
cpxRp2,0.15789473684210525,20,18,GTGCGCTTCAGCTTGGCTAT,2,681903
cpxRp2,0.7894736842105263,32,18,GTGCACGGACCCCATGGAGT,14,636968
cpxRp2,0.5263157894736842,27,18,GTGAATTAGCAAAAAAGTAT,9,679500
cpxRp2,0.42105263157894735,25,18,GTGAATCGTCTCGTCCTAAA,7,647497
cpxRp2,0.2631578947368421,22,18,GTCTGTGCGAGCCCGGCACC,4,685288
cpxRp2,0.47368421052631576,26,18,GTCTATACTCGTTAAAGGTC,8,661438
cpxRp2,0.10526315789473684,19,18,GTCTACAAGACCTGTCTTCG,1,697201
cpxRp2,1.368421052631579,43,18,GTCGGTTCTTTCTCGGCGCA,25,668874
cpxRp2,0.47368421052631576,26,18,GTCGGTCGGGAAACATTGCC,8,709074
cpxRp2,0.21052631578947367,21,18,GTCGGAGCCGATCCGTCTCT,3,670953
cpxRp2,0.21052631578947367,21,18,GTCATCAACTGGATTACAGC,3,661798
cpxRp2,0.7368421052631579,31,18,GTATGGTCCAGCAGGAAGCT,13,699569
cpxRp2,0.5263157894736842,27,18,GTATAAAATCAATTTCTGAT,9,696314
cpxRp2,0.8947368421052632,34,18,GTAGGTATCCTATATACGGC,16,651344
cpxRp2,0.5789473684210527,28,18,GTACGCAATCCAAGTCATGT,10,685934
cpxRp2,0.5789473684210527,28,18,GTAACGGGCCGAGTTTACCT,10,645903
cpxRp2,0.3684210526315789,24,18,GTAAAGACGTGGGGGCTCGA,6,701389
cpxRp2,0.7894736842105263,32,18,GGTGAAGCGGTCTAAATGAT,14,644622
cpxRp2,0.3157894736842105,23,18,GGTCAACGCCTATCTCGGTC,5,673237
cpxRp2,1.1578947368421053,39,18,GGGGTAAGACATGCTCCTGA,21,653338
cpxRp2,1.4736842105263157,45,18,GGGGGAACGTAGGCAGGTCA,27,699307
cpxRp2,0.5263157894736842,27,18,GGGGCGCACGCCCTTTTAAA,9,709472
cpxRp2,0.5789473684210527,28,18,GGGGCACAGATGACGGAGTA,10,667010
cpxRp2,0.42105263157894735,25,18,GGGCCGGTCGTGTTGCAGAG,7,666386
cpxRp2,0.5263157894736842,27,18,GGGATTCGATGCGCTGCAAT,9,681425
cpxRp2,1.0526315789473684,37,18,GGGATGATCACAGGTAATTC,19,634571
cpxRp2,0.42105263157894735,25,18,GGCTTGGGCGTCAGTTCTGT,7,648663
cpxRp2,0.9473684210526315,35,18,GGCGTCACACTGTAACCTGA,17,692801
cpxRp2,1.9473684210526316,54,18,GGCCGGGCGTCAGCATTCAC,36,710181
cpxRp2,0.21052631578947367,21,18,GGCAGTCGCCTTCTTGCTCA,3,689990
cpxRp2,0.7368421052631579,31,18,GGCAAGCCTCAACCCAGTAA,13,634778
cpxRp2,0.3684210526315789,24,18,GGCAACACCGGTAATCAATA,6,678072
cpxRp2,1.4736842105263157,45,18,GGATTAGTTCCGCGCCTATC,27,666978
cpxRp2,0.47368421052631576,26,18,GGATAAGGGGACGCACGATT,8,689727
cpxRp2,0.631578947368421,29,18,GGAGCGAAGACTAGAGTATC,11,673153
cpxRp2,1.105263157894737,38,18,GGACGCTTTGTGTCAAAATT,20,686693
cpxRp2,0.3684210526315789,24,18,GCTTTGGGCGACTTGCGCTA,6,648762
cpxRp2,1.631578947368421,48,18,GCTGTTAAGTTAGCTGTATG,30,674821
cpxRp2,6.894736842105263,148,18,GCTCCAGCACAGATATTCGA,130,648170
cpxRp2,0.3684210526315789,24,18,GCTATGTCGGGTACGCTAGT,6,643457
cpxRp2,1.0,36,18,GCGGCAAGTGGTCACCCCAA,18,659271
cpxRp2,3.789473684210526,89,18,GCGCGTGATTTGCATCTACT,71,689082
cpxRp2,0.2631578947368421,22,18,GCGCGGAAGTCTACCCGGTC,4,665727
cpxRp2,0.9473684210526315,35,18,GCGAGCCTCACCCCAACATT,17,663503
cpxRp2,1.0,36,18,GCCTTGACAAAAAACGACCT,18,682923
cpxRp2,0.5263157894736842,27,18,GCCGGGTGGTGGGGCTTCAG,9,673921
cpxRp2,19.473684210526315,387,18,GCCGCATGTTGTAAGACTGT,369,676519
cpxRp2,0.631578947368421,29,18,GCCCAACAGGTCTGTAAGCA,11,679774
cpxRp2,0.15789473684210525,20,18,GCAGTCGAGGGCGTTGCATA,2,631192
cpxRp2,0.2631578947368421,22,18,GCACGTGTATTCGGAGCGAA,4,653950
cpxRp2,0.7894736842105263,32,18,GCAACCACGGGCCAGATTGC,14,683691
cpxRp2,0.3684210526315789,24,18,GATTGTCGCTACCATTTTTT,6,654581
cpxRp2,0.6842105263157895,30,18,GATGCCCCACCGTACGTCGT,12,670702
cpxRp2,0.21052631578947367,21,18,GATGAAATCCGTCAGGGGTA,3,677746
cpxRp2,0.21052631578947367,21,18,GATCTCGCTGCGGGACCGCA,3,667485
cpxRp2,1.4736842105263157,45,18,GATCAGCTGGAAATAGGAAA,27,661410
cpxRp2,0.5789473684210527,28,18,GAGTGCCGGCAACGGCCGAT,10,640687
cpxRp2,0.3684210526315789,24,18,GAGTGAATAATAAGGGGAAT,6,681950
cpxRp2,0.8421052631578947,33,18,GAGCATGTTCTTGTATATAT,15,649124
cpxRp2,0.47368421052631576,26,18,GAGAGATACTTTTTATTTCG,8,651422
cpxRp2,0.15789473684210525,20,18,GAGAATTGCTGGATGCGCTC,2,682387
cpxRp2,0.7894736842105263,32,18,GAGAACCAGCGGCGTCTTAC,14,648963
cpxRp2,0.47368421052631576,26,18,GACTTCTCGCCCATCGTCCC,8,664314
cpxRp2,0.631578947368421,29,18,GACTGGTGGGCGACGTGCTT,11,676332
cpxRp2,1.105263157894737,38,18,GACGTGCACTTTTGTGTGAG,20,667561
cpxRp2,0.3157894736842105,23,18,GACCGGTCGTCGGTTGAAGA,5,686968
cpxRp2,0.5789473684210527,28,18,GACCGGCGGCTAGACCGATA,10,696266
cpxRp2,0.3684210526315789,24,18,GACCGAACAGTTATCATTCA,6,695643
cpxRp2,0.8947368421052632,34,18,GACCCTATGCTAATAAGGCG,16,631974
cpxRp2,0.42105263157894735,25,18,GACATCCAGCTGGCATTGCC,7,642118
cpxRp2,0.42105263157894735,25,18,GAATTAGAGGCCGCGGGGCT,7,667069
cpxRp2,2.263157894736842,60,18,GAAGTATGAGGAGCGGTAGG,42,660420
cpxRp2,2.0,55,18,GAAGGGACTATGGGTGTTGC,37,652617
cpxRp2,0.47368421052631576,26,18,GAAGGAGTTAATGGGTATAG,8,638679
cpxRp2,1.4210526315789473,44,18,CTTAGTAAGAGCGTTATAAT,26,668081
cpxRp2,0.21052631578947367,21,18,CTTAGCAACGATACTGTAAG,3,695578
cpxRp2,0.42105263157894735,25,18,CTTACACCCTTAAGTCTAAA,7,703035
cpxRp2,0.3157894736842105,23,18,CTGTCGCTAAAGTGCTTTTA,5,649348
cpxRp2,0.8947368421052632,34,18,CTGTAACCGATCAATCTGAA,16,675943
cpxRp2,0.8947368421052632,34,18,CTGGTTTCACAGGGACTTTA,16,635978
cpxRp2,0.7368421052631579,31,18,CTGGGCGCCTAGGCTCCGCC,13,667052
cpxRp2,0.631578947368421,29,18,CTGCGCCATGCCACACTCGG,11,634731
cpxRp2,0.42105263157894735,25,18,CTGAGCCGATAACATTCTGC,7,636218
cpxRp2,0.10526315789473684,19,18,CTGACATGGTAACGCGCCGG,1,645943
cpxRp2,0.5789473684210527,28,18,CTCTTGTGCCATTCGTTTGT,10,678297
cpxRp2,1.9473684210526316,54,18,CTCTACTTTATCCTTCATGG,36,652708
cpxRp2,0.2631578947368421,22,18,CTCGGGTCAAAACCACTCCG,4,692707
cpxRp2,0.3684210526315789,24,18,CTCGCACTGTCGTACAAGAT,6,704158
cpxRp2,0.21052631578947367,21,18,CTCCTGATAAACAATGTGAA,3,638559
cpxRp2,1.3157894736842106,42,18,CTCATATAATACCGTTAGGC,24,702698
cpxRp2,2.210526315789474,59,18,CTCAGTGGTATATAGATGCT,41,649849
cpxRp2,1.5789473684210527,47,18,CTAGTCCACGACGGAAGGAG,29,673896
cpxRp2,0.2631578947368421,22,18,CTAGGCGCGACTCCCGTGAC,4,674642
cpxRp2,0.6842105263157895,30,18,CGTTTGAGCTTAGAGTGGCG,12,653125
cpxRp2,0.7894736842105263,32,18,CGTTAAGCCACGTGGCAGTT,14,671234
cpxRp2,1.105263157894737,38,18,CGTGGAATTTCAGCGGAAGA,20,642638
cpxRp2,0.21052631578947367,21,18,CGTACTTCGGTGGCCGGGTT,3,640988
cpxRp2,1.263157894736842,41,18,CGTAAACTCAGCGCTACTGA,23,656874
cpxRp2,0.47368421052631576,26,18,CGGTAGACATTTAAGAACGT,8,682063
cpxRp2,0.42105263157894735,25,18,CGGTAAAGCTAGCCCCCTGA,7,655859
cpxRp2,1.263157894736842,41,18,CGGCGTTAGGGGAAGTCCAA,23,678579
cpxRp2,1.263157894736842,41,18,CGGCCGACCGTCGTGTCGTA,23,686275
cpxRp2,3.8421052631578947,90,18,CGGACATGTTTAGAGAGGTA,72,682048
cpxRp2,1.5263157894736843,46,18,CGCTGGATTTACACATATTC,28,652347
cpxRp2,0.21052631578947367,21,18,CGCGGTTAGATAATCTACTG,3,666135
cpxRp2,0.47368421052631576,26,18,CGCCTCCTAGATTCTCCAGA,8,657973
cpxRp2,0.3157894736842105,23,18,CGCCGGGCTATGAATTGCGA,5,673733
cpxRp2,0.2631578947368421,22,18,CGAGTCTCACCCATATGACA,4,674660
cpxRp2,0.5789473684210527,28,18,CGAGTCAACTCGTACCCTGC,10,689138
cpxRp2,0.6842105263157895,30,18,CGACTCCATTCGTTCTGCGA,12,684490
cpxRp2,0.21052631578947367,21,18,CGACCAATTGCCCGCTAATA,3,632628
cpxRp2,0.15789473684210525,20,18,CGAATCAGGCCGGACATGAC,2,646606
cpxRp2,0.47368421052631576,26,18,CGAATATCGGTGGTGTTGAG,8,680047
cpxRp2,0.21052631578947367,21,18,CCTTAAGGCGCGCAGCCTTA,3,654066
cpxRp2,0.8421052631578947,33,18,CCTGTCAAGTCATTACTTTC,15,629940
cpxRp2,0.7368421052631579,31,18,CCTGCTGGAGTAGCTACCTC,13,695269
cpxRp2,0.7368421052631579,31,18,CCTCAATCGCTTTGTCTGTA,13,677939
cpxRp2,0.631578947368421,29,18,CCTAGTACGGGGCGAACCTA,11,645642
cpxRp2,0.7368421052631579,31,18,CCGTCTGGGTGTGAGACCGA,13,633535
cpxRp2,0.5263157894736842,27,18,CCGGAGAGTTGCTCAGGCGT,9,644865
cpxRp2,0.8421052631578947,33,18,CCGCCCGCGGGTTTCTCTCT,15,679012
cpxRp2,0.5263157894736842,27,18,CCCCAGGGTGGCAAGGGAAC,9,633246
cpxRp2,0.42105263157894735,25,18,CCCAACGGACGCATTCCGGA,7,671255
cpxRp2,0.15789473684210525,20,18,CCATGTGCGTGCTACTATGT,2,668121
cpxRp2,0.47368421052631576,26,18,CCAGGGGATAAGGACCTTCA,8,635823
cpxRp2,0.15789473684210525,20,18,CCAGAGTAGCAATGGCCCCC,2,642459
cpxRp2,0.631578947368421,29,18,CCAGACTTCGGATTTATGCC,11,634421
cpxRp2,0.3684210526315789,24,18,CCACCCATCCCCCGATGAGT,6,688392
cpxRp2,0.5789473684210527,28,18,CCACATGCAGACATACACGA,10,639867
cpxRp2,1.263157894736842,41,18,CCAATGAAGAACTATGGTCC,23,647634
cpxRp2,1.105263157894737,38,18,CCAAGAGCATTTGTAGGGAA,20,665135
cpxRp2,2.473684210526316,64,18,CCAACGTAAAAAGACCAGAC,46,639417
cpxRp2,0.5263157894736842,27,18,CATTTGCTGCCTCAAGGGAG,9,640076
cpxRp2,0.631578947368421,29,18,CATGGTGGTTCGATAGTCGT,11,659321
cpxRp2,2.6315789473684212,67,18,CATGAGCTAGTTATCAATTA,49,649839
cpxRp2,0.15789473684210525,20,18,CATCTGTTGCCAAGGGTTCC,2,668901
cpxRp2,0.2631578947368421,22,18,CATCTCGAGAGTGGCGAAGT,4,648521
cpxRp2,0.631578947368421,29,18,CATCTAGGTTGAGTCCTGCA,11,647236
cpxRp2,1.0,36,18,CATCGCTCGGCACTGAAGGA,18,709470
cpxRp2,0.3157894736842105,23,18,CATCATTGTTCGCCCGCTAA,5,640065
cpxRp2,0.21052631578947367,21,18,CAGTTGATACTAGGCGGTCG,3,680817
cpxRp2,0.8947368421052632,34,18,CAGGTGTGCGCATGAACGTT,16,710532
cpxRp2,0.10526315789473684,19,18,CAGGGTAGGATGACCAGTAA,1,711338
cpxRp2,0.10526315789473684,19,18,CAGGCATTATGGCGGCATCC,1,696092
cpxRp2,0.47368421052631576,26,18,CAGCCTCATGGGCGGCCGAT,8,631426
cpxRp2,1.894736842105263,53,18,CAGACACAGTGGCAAACGCA,35,648761
cpxRp2,1.0,36,18,CACTGCGCTCTCTACCCGGG,18,673164
cpxRp2,0.47368421052631576,26,18,CACGGCCCTCTTACGAAGAT,8,670819
cpxRp2,0.10526315789473684,19,18,CACCCGTACTACTGCCTTTT,1,664778
cpxRp2,0.3684210526315789,24,18,CACACAGGCGTGATTCGGGC,6,710443
cpxRp2,0.5263157894736842,27,18,CAATCTAAAACTGGAAGACT,9,686309
cpxRp2,0.8947368421052632,34,18,CAATAAGGATCTAGATGAAT,16,630983
cpxRp2,0.7368421052631579,31,18,CAAGTTCTTTTACGTACGCT,13,653554
cpxRp2,0.10526315789473684,19,18,CAACGAATCACATTGAATCA,1,699053
cpxRp2,1.5789473684210527,47,18,CAACCGGCCACAAAATCACA,29,664748
cpxRp2,2.4210526315789473,63,18,CAACACCCCCCGGACAAACA,45,636657
cpxRp2,0.10526315789473684,19,18,CAAAAGTGGCGACCATATGT,1,690022
cpxRp2,0.9473684210526315,35,18,ATTTTCCTATGTCCGTAAGT,17,643363
cpxRp2,0.42105263157894735,25,18,ATTTATACGCGGTGCTCGGA,7,641185
cpxRp2,0.3684210526315789,24,18,ATTGGATGGAACGGCTTTTC,6,662563
cpxRp2,0.7368421052631579,31,18,ATTCACGAGTGACCTGCAGA,13,646644
cpxRp2,0.6842105263157895,30,18,ATTATTTAATAATGGACCGG,12,644168
cpxRp2,0.5789473684210527,28,18,ATGTTGTCGTCTTCTGGGGA,10,685470
cpxRp2,0.5263157894736842,27,18,ATGTCTGGTGCGCAACGTAT,9,679226
cpxRp2,0.6842105263157895,30,18,ATGAACACCGATCAGCCCCC,12,636440
cpxRp2,0.5263157894736842,27,18,ATCTGACGTCGCCTTACGTA,9,671630
cpxRp2,0.2631578947368421,22,18,ATCGGGCTTAGTTGACGATA,4,674366
cpxRp2,2.473684210526316,64,18,ATCGATACTTTTGAAGGGGG,46,703136
cpxRp2,0.9473684210526315,35,18,ATCCTTTCCGATGCCTGTTC,17,659153
cpxRp2,0.42105263157894735,25,18,ATCCGACTTAGTACATGCTC,7,702920
cpxRp2,0.5789473684210527,28,18,ATCATTTTTGGCACCGGTAC,10,679302
cpxRp2,1.105263157894737,38,18,ATCAGCTGCAGGTTGGACAG,20,681198
cpxRp2,1.3157894736842106,42,18,ATATAGGACGATGTTAATGG,24,664112
cpxRp2,0.631578947368421,29,18,ATAGCGATCCAGGGGCGTCA,11,649484
cpxRp2,0.631578947368421,29,18,ATAATGAGATACCTCGCATT,11,657307
cpxRp2,0.3157894736842105,23,18,AGTTAAACCGCCTCTCGACT,5,697827
cpxRp2,0.21052631578947367,21,18,AGTACTTCCAGGGAGACCGT,3,670835
cpxRp2,0.3157894736842105,23,18,AGGGTTGTGCACACTAGAGG,5,685852
cpxRp2,0.21052631578947367,21,18,AGGGTCTACAAAGAGGAGGC,3,683924
cpxRp2,0.7368421052631579,31,18,AGGGGTTACGTAGCACGCAA,13,696974
cpxRp2,1.1578947368421053,39,18,AGGGAAGCTTAAATAGGCCA,21,694632
cpxRp2,0.2631578947368421,22,18,AGGCATCTATCCGCAGTATA,4,646540
cpxRp2,1.263157894736842,41,18,AGCTTCAGGGGACTTGTCTT,23,702463
cpxRp2,0.21052631578947367,21,18,AGCGTGAACAAATGGTAACG,3,634385
cpxRp2,0.631578947368421,29,18,AGCGAACGTAATGCCTGTCT,11,643140
cpxRp2,0.5263157894736842,27,18,AGCCTCTCACCTTGACGGCG,9,680278
cpxRp2,1.0526315789473684,37,18,AGCCGACCCCAGCGGGCGGT,19,648954
cpxRp2,0.5789473684210527,28,18,AGCCCAAGTTTGGTAGTCTA,10,669140
cpxRp2,0.7894736842105263,32,18,AGATTACGATAAACCTTTTA,14,637691
cpxRp2,1.368421052631579,43,18,AGATGGGGCAGAATTGGAAT,25,696770
cpxRp2,2.4210526315789473,63,18,AGATGCGGCAAAATGTCACA,45,701672
cpxRp2,0.631578947368421,29,18,AGAGCTTAACCGAATCCCAT,11,674166
cpxRp2,0.9473684210526315,35,18,AGACCTGAAACTTCCTTTTT,17,654874
cpxRp2,0.3684210526315789,24,18,AGAAAAGCGGGGCACGGAGC,6,685025
cpxRp2,0.47368421052631576,26,18,ACTTCCGACCTATGTCAGTT,8,691404
cpxRp2,0.8947368421052632,34,18,ACTGACCATGAGTACCAAAG,16,661064
cpxRp2,0.5263157894736842,27,18,ACTCTTCCGTTGCGTACTAC,9,702260
cpxRp2,1.2105263157894737,40,18,ACTCTATTTCACCCTTCCCA,22,684094
cpxRp2,1.368421052631579,43,18,ACTATGGCGGCGGTGACGAC,25,635167
cpxRp2,0.6842105263157895,30,18,ACGTTCTTAATCTGAACCTT,12,650541
cpxRp2,0.6842105263157895,30,18,ACGCCACACTATCCACCGGG,12,675465
cpxRp2,0.42105263157894735,25,18,ACGACTTATGGTAGGCGGCT,7,633507
cpxRp2,1.2105263157894737,40,18,ACCTTGATCTGGCGGCATAA,22,671058
cpxRp2,0.10526315789473684,19,18,ACCTTAACTTGTACTTAATG,1,665504
cpxRp2,1.105263157894737,38,18,ACCGGGCGGTAGCACACACA,20,660145
cpxRp2,0.2631578947368421,22,18,ACCGCAGCCTCCTGCTCACA,4,685321
cpxRp2,1.0,36,18,ACCCTGCCTGGGGAAAGGGG,18,657860
cpxRp2,0.15789473684210525,20,18,ACCCCGTTGCGTCCTTAGAA,2,651107
cpxRp2,0.10526315789473684,19,18,ACCACTAGGGGGAACGACTC,1,640757
cpxRp2,1.0,36,18,ACATGCCTCCAATAACACTG,18,664134
cpxRp2,0.7894736842105263,32,18,ACATGAGAATCCGGAGCATG,14,690378
cpxRp2,1.2105263157894737,40,18,ACATCCCAAGCATGGGGAAC,22,647272
cpxRp2,0.8421052631578947,33,18,ACACTGGGTGGCCCCCGCGG,15,655417
cpxRp2,0.631578947368421,29,18,ACAAAGCAATAGGCGCTACT,11,707331
cpxRp2,0.3157894736842105,23,18,ACAAAGACCGTGGCACGGTT,5,667646
cpxRp2,1.2105263157894737,40,18,ACAAAAGCCTATCGTTTGGA,22,678580
cpxRp2,0.10526315789473684,19,18,AATTATACTCGATGTCTTAC,1,634146
cpxRp2,0.2631578947368421,22,18,AATATCGAATGAATACACGA,4,667635
cpxRp2,0.5789473684210527,28,18,AATACCGGCAGCCACAACGA,10,666808
cpxRp2,0.3157894736842105,23,18,AATAAACGGGTCTCTCGGTA,5,673258
cpxRp2,0.5789473684210527,28,18,AAGGGTTCAGTCTTCGCAGA,10,639058
cpxRp2,0.6842105263157895,30,18,AAGGGTGCCATAATGATGGA,12,699818
cpxRp2,1.7894736842105263,51,18,AAGCCGGTTAGGCCGTCTCA,33,638272
cpxRp2,2.9473684210526314,73,18,AAGCACCCAATAGGAAGGTG,55,708975
cpxRp2,0.42105263157894735,25,18,AAGATGGGCGAGCATGCAAT,7,645680
cpxRp2,0.2631578947368421,22,18,AACTGCCCGTTACCTGGGCG,4,639228
cpxRp2,0.8947368421052632,34,18,AACGTTTCGTTCCAGAGACG,16,711508
cpxRp2,0.7894736842105263,32,18,AACGTTCATAGCTGGCACCT,14,679467
cpxRp2,0.6842105263157895,30,18,AACGATGAAGCAAAGTGACT,12,647631
cpxRp2,0.6842105263157895,30,18,AACCTCGGAGGAGGACATCT,12,660462
cpxRp2,0.6842105263157895,30,18,AACCGGGAGGCGCGTAGGTA,12,643103
cpxRp2,0.631578947368421,29,18,AACACGGACCCCCAAATACA,11,683926
cpxRp2,1.0,36,18,AACAAATGGGAGTACTGCGA,18,632293
cpxRp2,0.8421052631578947,33,18,AAAGCGTCTAGTTCCACCGG,15,638178
cpxRp2,1.263157894736842,41,18,AAAAGGTGTGCGATGAGACA,23,672533
cpxRp2,0.3888888888888889,23,17,TTTTGCATTTGTGTACGTCC,6,668959
cpxRp2,0.16666666666666666,19,17,TTTCCTGGGCCGCCACGAGC,2,648581
cpxRp2,0.5,25,17,TTGTTGGTGGAGTATTAGTA,8,638288
cpxRp2,0.1111111111111111,18,17,TTGTGGTAGCCCTGGACAGA,1,645955
cpxRp2,0.6111111111111112,27,17,TTGGAGCATATTCCGGTCCA,10,669819
cpxRp2,0.3888888888888889,23,17,TTGCTCACACATCAATCAGC,6,632158
cpxRp2,0.2222222222222222,20,17,TTGCTCAAAGCCATTCTCTA,3,658417
cpxRp2,0.5555555555555556,26,17,TTGCGACACGAAAGCATACA,9,662238
cpxRp2,4.0,88,17,TTGAGGCGTCAACTATTACG,71,645771
cpxRp2,0.2777777777777778,21,17,TTCTTAGTGTCTACGTCGGA,4,677580
cpxRp2,0.6111111111111112,27,17,TTCTAAACGGGTCCCCGGCT,10,710083
cpxRp2,0.8333333333333334,31,17,TTCCTCTGTTAACTGGTTCT,14,687945
cpxRp2,1.5555555555555556,44,17,TTCCAAGCAGAGTGTTTTAC,27,640091
cpxRp2,0.4444444444444444,24,17,TTCATTTTTTCTGATGCAGA,7,672905
cpxRp2,0.5555555555555556,26,17,TTCAAGCCTTGATTGCGAGG,9,670194
cpxRp2,0.6111111111111112,27,17,TTATACGCGGCCTAGCGCGT,10,641143
cpxRp2,6.388888888888889,131,17,TTAGGTCACGCACCATAGTG,114,654207
cpxRp2,0.16666666666666666,19,17,TTAGGACGCATCCCACCAGC,2,667869
cpxRp2,0.5555555555555556,26,17,TTAGAGAGTAGTGCATGTGG,9,663232
cpxRp2,0.8888888888888888,32,17,TTAGAACACTCAGGCATCAC,15,693614
cpxRp2,0.6666666666666666,28,17,TTACAAGGCCGGTTTGGCAA,11,655587
cpxRp2,0.8888888888888888,32,17,TTACAACCATAAAATCCTCG,15,653714
cpxRp2,0.7777777777777778,30,17,TTACAACACATTAGCGTCAC,13,681128
cpxRp2,1.1111111111111112,36,17,TGTTTCGTCTCAGGGGATAG,19,698013
cpxRp2,0.5555555555555556,26,17,TGTTGGTTCAATCGCGTCGC,9,679579
cpxRp2,1.3888888888888888,41,17,TGTTCAGGATGCGGGGGAGT,24,695630
cpxRp2,1.2777777777777777,39,17,TGTGGCTCTGTGCCAACTAC,22,636175
cpxRp2,0.6111111111111112,27,17,TGTGCTTCCGAAGGCGTGGC,10,635243
cpxRp2,0.16666666666666666,19,17,TGTGCGTCTGAGGGAACTTC,2,638927
cpxRp2,0.8333333333333334,31,17,TGTCCTATCGCACTACTTTG,14,711146
cpxRp2,0.16666666666666666,19,17,TGTATAAGTTGATAATGCGT,2,652012
cpxRp2,0.1111111111111111,18,17,TGGGCCGCCAGCATATTTTC,1,633207
cpxRp2,0.7222222222222222,29,17,TGGCTTTCAGACCTGACTCT,12,644957
cpxRp2,0.1111111111111111,18,17,TGCTTGGGCCGGATCGAAGG,1,658393
cpxRp2,0.3333333333333333,22,17,TGCTGGCATAGAGGTTAGCG,5,674629
cpxRp2,0.2222222222222222,20,17,TGATAGCTAGGTATGCCGGA,3,667103
cpxRp2,1.4444444444444444,42,17,TGAGTTTGAGCAATCCACTA,25,667633
cpxRp2,0.3888888888888889,23,17,TGAGAGTCCCTGGGGCCGAA,6,651670
cpxRp2,1.8888888888888888,50,17,TGACCTCAAAAGGAGGTAGT,33,686779
cpxRp2,0.4444444444444444,24,17,TGAAGTTTTCCATTACAGTG,7,685440
cpxRp2,1.8333333333333333,49,17,TGAAGTATGACTTTATAGAG,32,666902
cpxRp2,0.2777777777777778,21,17,TGAAAAACGGGACTGGGTGA,4,693274
cpxRp2,0.1111111111111111,18,17,TCTTTGGATCAAGTAGCATG,1,644597
cpxRp2,0.5555555555555556,26,17,TCTTTCAAGGATGGTAAGCT,9,691746
cpxRp2,1.5555555555555556,44,17,TCTCAACTGTAATTCGGCAG,27,695249
cpxRp2,0.8333333333333334,31,17,TCGTTGTCCTGCCGAGTGAC,14,662642
cpxRp2,1.2777777777777777,39,17,TCGTTCTGTTCTGTGCAAAA,22,630541
cpxRp2,0.9444444444444444,33,17,TCGTCAGGAGTGTACCTTGC,16,646548
cpxRp2,0.4444444444444444,24,17,TCGGCATCTCCTCGTCCACG,7,645482
cpxRp2,0.5,25,17,TCGATGAGCACGGCCTGTCC,8,656128
cpxRp2,0.6666666666666666,28,17,TCGAATACAAACACAGGTTC,11,631381
cpxRp2,0.4444444444444444,24,17,TCCGGAAGGTGCTCATTAGA,7,676171
cpxRp2,0.5555555555555556,26,17,TCCCTGACTCCACCTCGGTG,9,698960
cpxRp2,1.5555555555555556,44,17,TCCCTCTCTCAAGGCGATGT,27,656909
cpxRp2,0.1111111111111111,18,17,TCCCGCTGCTCATTGGAATA,1,642338
cpxRp2,2.1666666666666665,55,17,TCCATTTTTACCCTTAATGA,38,633356
cpxRp2,0.2222222222222222,20,17,TCCATGCTCGTTCAATGACC,3,634598
cpxRp2,0.2777777777777778,21,17,TCCAGGTGGAACTGGGACAG,4,653443
cpxRp2,0.3888888888888889,23,17,TCATACTGGGAGGAGGCATA,6,633097
cpxRp2,0.3333333333333333,22,17,TCAGTGCCGCTTAAAATTTA,5,672833
cpxRp2,0.8333333333333334,31,17,TCAGGCTTGTGCCCGCATAG,14,634596
cpxRp2,0.8888888888888888,32,17,TCACTGTAACTACTCGGGGA,15,692550
cpxRp2,0.7777777777777778,30,17,TCACAGATGGGCGTAAACGA,13,652563
cpxRp2,1.0,34,17,TATCCTGTACCTAATGGCGT,17,676369
cpxRp2,0.6111111111111112,27,17,TATCCACAGATATAGTTTCA,10,630933
cpxRp2,0.6111111111111112,27,17,TATATTATCGCGATTGGACT,10,698644
cpxRp2,0.3888888888888889,23,17,TATAGCCGGCCTCTTGATCG,6,631925
cpxRp2,0.2222222222222222,20,17,TAGGTGGGGCGTGATTCAGT,3,671712
cpxRp2,1.1111111111111112,36,17,TAGGCGGAAGCTTCAAGATC,19,680632
cpxRp2,0.5555555555555556,26,17,TAGAGATGGGCTTAAACTGT,9,648586
cpxRp2,0.6666666666666666,28,17,TACTGCGGAACGTGTCAGTT,11,650232
cpxRp2,1.1111111111111112,36,17,TACGCAGACTTCGTGAGTAG,19,667783
cpxRp2,0.8888888888888888,32,17,TACATGCTGCGGGTACCGCA,15,632979
cpxRp2,0.5555555555555556,26,17,TAATGGAAGACAACGCTATC,9,631662
cpxRp2,1.2777777777777777,39,17,TAAGTTCCGTTTGTCCTAGG,22,707531
cpxRp2,0.7222222222222222,29,17,TAAGGTGTTTCGCGTGGATA,12,660002
cpxRp2,0.7222222222222222,29,17,TAAGAAGGTACTTCACGCGT,12,681526
cpxRp2,0.2777777777777778,21,17,TAACGTGCTGGACCGCGTAT,4,692847
cpxRp2,1.1666666666666667,37,17,TAACCAACTATTAGGGGTCC,20,633843
cpxRp2,0.7222222222222222,29,17,TAAAGACGTTAACGCAAATT,12,668651
cpxRp2,0.3888888888888889,23,17,GTTATGCCGGGCATCTGGCT,6,640962
cpxRp2,0.7222222222222222,29,17,GTTATAGTTACAGATTTCGC,12,660859
cpxRp2,0.3888888888888889,23,17,GTTACCTTTTAGCATAGGGT,6,690048
cpxRp2,0.9444444444444444,33,17,GTGGGTATTGGGTAGCGTAG,16,674689
cpxRp2,0.5,25,17,GTGGGAGTCTGCGTAGATTA,8,672879
cpxRp2,0.1111111111111111,18,17,GTGGAAACAGGTGCTCGTTC,1,674089
cpxRp2,0.5,25,17,GTGCGGTATCCAAACAGCTA,8,646836
cpxRp2,0.2222222222222222,20,17,GTGCGCTATCAGTCTGAGGG,3,635469
cpxRp2,0.8333333333333334,31,17,GTGCAATTGGAATAAAAAGA,14,647630
cpxRp2,1.9444444444444444,51,17,GTGACTGACTCCCCCGCCTA,34,708704
cpxRp2,0.1111111111111111,18,17,GTCTATGTTCAAAACGGGAT,1,707676
cpxRp2,1.1666666666666667,37,17,GTCCTAGGCTAAGTCCGTGT,20,708006
cpxRp2,0.2222222222222222,20,17,GTCAGGCATTGAATCACGGT,3,630073
cpxRp2,2.1666666666666665,55,17,GTCAAGTCTTATATTTGAGT,38,660430
cpxRp2,0.6666666666666666,28,17,GTCAACGAGAGGCTGGTCCC,11,643819
cpxRp2,0.2222222222222222,20,17,GGTTCTGGGGGAAGAATGAA,3,642411
cpxRp2,0.9444444444444444,33,17,GGTGTTTGTGAACAGGACGT,16,679889
cpxRp2,0.7777777777777778,30,17,GGTGGCGCGCACTCAAACTG,13,700691
cpxRp2,0.5,25,17,GGTGAGATTTACCCTCTGTC,8,642353
cpxRp2,0.4444444444444444,24,17,GGTCTACCGCGCAGTCTAAA,7,638996
cpxRp2,1.0555555555555556,35,17,GGTCGTCCGCGCAAGTTCAA,18,666353
cpxRp2,0.4444444444444444,24,17,GGTCATGGCCTCTAAGACAT,7,659593
cpxRp2,1.6666666666666667,46,17,GGTAGTGTCTTATCTATTTT,29,686963
cpxRp2,0.8888888888888888,32,17,GGGTAAATTGCTGGCTGCAA,15,657601
cpxRp2,0.2222222222222222,20,17,GGGGTAGCACATGCAGAAAT,3,651893
cpxRp2,0.1111111111111111,18,17,GGGGGTGAAGATTAGTGACG,1,648789
cpxRp2,0.7777777777777778,30,17,GGGCACTTAACTCCCCACAT,13,699815
cpxRp2,0.2222222222222222,20,17,GGGACATTTATCCAAGCTGC,3,631868
cpxRp2,0.7222222222222222,29,17,GGCTCCCGGCGTCCAATAAA,12,699377
cpxRp2,0.6666666666666666,28,17,GGCCGTTCCCACGGAGGCCT,11,666328
cpxRp2,0.2777777777777778,21,17,GGATTTCGACTCGTCGTGCG,4,704913
cpxRp2,2.1666666666666665,55,17,GGAGGGTCATCAGACTCGAG,38,690830
cpxRp2,1.2777777777777777,39,17,GGAGCCGAGTATCTTTCTGA,22,685631
cpxRp2,0.7777777777777778,30,17,GGAGACGTCACGCGCTGCCT,13,649988
cpxRp2,1.0,34,17,GGAATGTCCAAGTTTGGCTA,17,699798
cpxRp2,0.1111111111111111,18,17,GGAACTTAGGGTGTGCACCA,1,687233
cpxRp2,0.6111111111111112,27,17,GCTGTAGTGCCAAGCATGCA,10,681883
cpxRp2,0.8888888888888888,32,17,GCTCGGTCTAACCCCTTGGT,15,657865
cpxRp2,0.8888888888888888,32,17,GCTCACCTAGGGGTTACGCT,15,684180
cpxRp2,0.1111111111111111,18,17,GCGGTCACAGTCGCCCAAGC,1,663924
cpxRp2,0.3333333333333333,22,17,GCGCTTCGCAACTATGATGT,5,631882
cpxRp2,0.9444444444444444,33,17,GCGCTCTGCACCTTACCACC,16,647386
cpxRp2,0.4444444444444444,24,17,GCGCACCAATGTGTCGCCAA,7,709885
cpxRp2,0.1111111111111111,18,17,GCGATCATGATACAAAAGTA,1,694674
cpxRp2,0.2222222222222222,20,17,GCCTTTACACTTTCACCAAT,3,662911
cpxRp2,0.3888888888888889,23,17,GCCTGCGGCCGGACTTGTCC,6,644438
cpxRp2,0.6111111111111112,27,17,GCCTCCTCCGACCCGGTTAC,10,656495
cpxRp2,0.6111111111111112,27,17,GCCGCTCGGTCTGGGAGGAT,10,688941
cpxRp2,0.7777777777777778,30,17,GCCGCAAAGACCCATCATAC,13,643345
cpxRp2,0.6111111111111112,27,17,GCCCGTAGGCTTTACAAGAA,10,672517
cpxRp2,1.0555555555555556,35,17,GCCCGCTGGTAGTTACACCA,18,670341
cpxRp2,0.3333333333333333,22,17,GCCACTTTACCAGTGCGGTC,5,644660
cpxRp2,0.16666666666666666,19,17,GCCACCTTGAGTTCAGGCTA,2,652170
cpxRp2,0.8333333333333334,31,17,GCATTGTACAGGATCGCAAC,14,704133
cpxRp2,1.5,43,17,GCAGGGTGCGTCAAAATCCT,26,662741
cpxRp2,1.7777777777777777,48,17,GCAGCCATTAAACCATATCT,31,673751
cpxRp2,0.5,25,17,GCACAAATAGTGAAAACCCT,8,694056
cpxRp2,0.7222222222222222,29,17,GCAATTCGCATGGGCGATCT,12,691218
cpxRp2,1.3333333333333333,40,17,GCAATGCTATTCGTAAAGAT,23,664800
cpxRp2,0.8888888888888888,32,17,GCAAGACGAGCAGTTCTCTC,15,664782
cpxRp2,0.3888888888888889,23,17,GCAACCTCCATGAAATAGTG,6,652069
cpxRp2,0.3333333333333333,22,17,GCAAACTAAGGGTAGAGGAA,5,636958
cpxRp2,0.5,25,17,GATTTACCATTGACAATTTA,8,672712
cpxRp2,0.8333333333333334,31,17,GATTAGATGAGATCATAGGA,14,659184
cpxRp2,0.5555555555555556,26,17,GATGGGGTATTTGGATCAGT,9,652588
cpxRp2,0.5555555555555556,26,17,GATCTCGAACGCACTTGCAG,9,652618
cpxRp2,1.5,43,17,GATAGACCGGGAGGTTCCGA,26,696786
cpxRp2,0.5555555555555556,26,17,GAGTCTTGGTTTACGAGGAG,9,649602
cpxRp2,0.8333333333333334,31,17,GAGGTGTAGCGCAGATAAGT,14,643718
cpxRp2,3.0,70,17,GAGGCTAATCTAGCTGAGTT,53,684768
cpxRp2,0.6666666666666666,28,17,GACTGTTGGGTTCTTCCTTG,11,705827
cpxRp2,0.1111111111111111,18,17,GACCCAATTTTCCAACGGAT,1,698454
cpxRp2,0.16666666666666666,19,17,GACAGCCGGGGACAGGCTCT,2,674580
cpxRp2,0.2222222222222222,20,17,GAATCTAGTTCTAGGTCTCA,3,640983
cpxRp2,0.5,25,17,GAAGTTCTCGGCAACTCGTT,8,691779
cpxRp2,0.5,25,17,GAAGGAACATCTTCATGGAC,8,681266
cpxRp2,0.5555555555555556,26,17,GAAGACTACAAATCAGTGGA,9,688546
cpxRp2,1.0,34,17,GAAAATGACCCTACTTTATC,17,641979
cpxRp2,0.3333333333333333,22,17,CTTTGCCTTTATAGCTCCAG,5,643054
cpxRp2,0.5,25,17,CTTTAGGTAATGCAACCTCT,8,655681
cpxRp2,0.6666666666666666,28,17,CTTATCAGATAGGAGGGGTT,11,688316
cpxRp2,0.8888888888888888,32,17,CTTATAGTTGCGTTGCGTAA,15,686289
cpxRp2,0.5555555555555556,26,17,CTTAACTCCACCCCAGTCGT,9,645328
cpxRp2,1.3333333333333333,40,17,CTGTCTCCCTCTTGCGACGT,23,642402
cpxRp2,0.6666666666666666,28,17,CTGCCCGGCGGGTCCCGAGT,11,690851
cpxRp2,0.3333333333333333,22,17,CTGAGCTCGAATTCCGGACC,5,649119
cpxRp2,1.8888888888888888,50,17,CTGACATAACTCAGACCGTC,33,682089
cpxRp2,0.6111111111111112,27,17,CTCTTCTTACCCTCCTCTAC,10,684995
cpxRp2,7.222222222222222,146,17,CTCTGGTATCCAGGACCTAT,129,663588
cpxRp2,1.0,34,17,CTCTCGCGGGCTAGTTTTTG,17,656639
cpxRp2,0.3333333333333333,22,17,CTCTAATAGGACCCGTTCAT,5,686312
cpxRp2,0.8888888888888888,32,17,CTCGTGAATATTGCTCGCGT,15,644861
cpxRp2,1.0,34,17,CTCGCGTCTATCAGAGATAC,17,661170
cpxRp2,0.5555555555555556,26,17,CTCAGATGGTATACCCGCTC,9,654811
cpxRp2,0.3333333333333333,22,17,CTATTTTTTTTACATTCGGA,5,647239
cpxRp2,0.8888888888888888,32,17,CTATAATATTGCTCGTTTAT,15,643884
cpxRp2,1.2222222222222223,38,17,CTAGTCCACAGCAATTCTCA,21,642906
cpxRp2,0.5,25,17,CTAGGCAGCCGGGTCTAGTC,8,672480
cpxRp2,0.2222222222222222,20,17,CTACGATATATTCCGCCGAC,3,687933
cpxRp2,0.7222222222222222,29,17,CTACCGGTACAACAGAGAAA,12,679588
cpxRp2,1.6111111111111112,45,17,CTAATATCTCTCTCCACGTG,28,637804
cpxRp2,0.5555555555555556,26,17,CTAATAAGCGGGGTCGTACA,9,630792
cpxRp2,1.0555555555555556,35,17,CGTAAGCCAGTCATTTTTTC,18,669332
cpxRp2,1.1111111111111112,36,17,CGTAACTATAAGTACTTTAC,19,675535
cpxRp2,0.2777777777777778,21,17,CGGTGGCCAAGAGTCTGGAA,4,656129
cpxRp2,1.4444444444444444,42,17,CGGTCATACTCGAGGGGATC,25,696218
cpxRp2,0.3888888888888889,23,17,CGGTACGTAACGTCCGCGGA,6,642120
cpxRp2,0.5555555555555556,26,17,CGGCTGTGGCTGGTAGTATA,9,636274
cpxRp2,0.3333333333333333,22,17,CGGCAACAGGCCCACCCGAA,5,631824
cpxRp2,1.5,43,17,CGCTGGAATCGAGCTCGTTA,26,636217
cpxRp2,0.2777777777777778,21,17,CGCGGATCTCTCGTGCTTAC,4,679419
cpxRp2,2.5555555555555554,62,17,CGCGCGGGGGGATCCGAAAT,45,640820
cpxRp2,8.88888888888889,176,17,CGCGAGTTATACTTATCTTC,159,652938
cpxRp2,0.1111111111111111,18,17,CGACGGTCTTAACATGAAAG,1,686607
cpxRp2,0.3333333333333333,22,17,CGACGGCGGCTTTTTCCGTC,5,667457
cpxRp2,0.3333333333333333,22,17,CGACAGTGCATAGAGAATCG,5,661085
cpxRp2,0.2777777777777778,21,17,CGAACTATCGTACATTTGTA,4,701508
cpxRp2,0.2222222222222222,20,17,CCTATTTGCGGTAGGCCGAA,3,672512
cpxRp2,1.1111111111111112,36,17,CCGAGGCGTGTATACATTAA,19,670208
cpxRp2,0.5555555555555556,26,17,CCGACATTTGATGGATGTTT,9,670919
cpxRp2,1.0555555555555556,35,17,CCGAATTAGATCTTATCCAA,18,683175
cpxRp2,1.0555555555555556,35,17,CCCTGTTGGTCCACGCTTGT,18,688466
cpxRp2,0.5555555555555556,26,17,CCCTCGGAACAGTGTCCGCA,9,701942
cpxRp2,0.5,25,17,CCCTAATGGTCTGCTGCAGG,8,704504
cpxRp2,1.2777777777777777,39,17,CCCGAATCTCAAGGACAGCG,22,675534
cpxRp2,0.3333333333333333,22,17,CCCAACGCAATGAAACCCGA,5,710575
cpxRp2,0.6111111111111112,27,17,CCCAACCGAGTAACATCGGC,10,667965
cpxRp2,1.0,34,17,CCATAGCGTGCGAAGTAAAA,17,683341
cpxRp2,0.16666666666666666,19,17,CCAGTCCGAGTCATATTATA,2,707057
cpxRp2,0.6666666666666666,28,17,CCACTGGTACACCATGCAAG,11,687393
cpxRp2,0.8888888888888888,32,17,CCACTAAACATAAGACGATT,15,659434
cpxRp2,0.6666666666666666,28,17,CCACGGACTACAAATGCCAC,11,655186
cpxRp2,0.2222222222222222,20,17,CATTTAAAATTGCGCGTGAA,3,653667
cpxRp2,0.8333333333333334,31,17,CATTGGACCGCGTGAAATCA,14,693485
cpxRp2,0.3888888888888889,23,17,CATTGAATTTCCACATAAAA,6,636372
cpxRp2,0.8888888888888888,32,17,CATTCTACGCGAACGCGATG,15,639723
cpxRp2,0.2222222222222222,20,17,CATTCGAAGACGCGAAAGAG,3,701564
cpxRp2,0.4444444444444444,24,17,CATGTAAACGATTAGGTCCT,7,655581
cpxRp2,0.2222222222222222,20,17,CATGAAAACTCCGGTCACTG,3,698529
cpxRp2,0.2222222222222222,20,17,CATCTCAGGCACGGGGAGAT,3,710036
cpxRp2,0.8888888888888888,32,17,CATATGTCAGAACGTCCGAC,15,653513
cpxRp2,0.1111111111111111,18,17,CATAATTGTGGTAGAAACCG,1,708489
cpxRp2,0.5555555555555556,26,17,CAGTAATGTTAGGGGAGGAA,9,651028
cpxRp2,0.8333333333333334,31,17,CAGCATGTGCGCTTAGCGAA,14,634324
cpxRp2,0.8333333333333334,31,17,CAGCAGGTCAGATCTGTGTT,14,662970
cpxRp2,0.6111111111111112,27,17,CAGCACTCGTCTTTCAGATT,10,638020
cpxRp2,0.4444444444444444,24,17,CAGAGCCAGAGCTGACTCAC,7,712396
cpxRp2,0.16666666666666666,19,17,CACTCCCTGCTCTGTGGCTA,2,707167
cpxRp2,0.16666666666666666,19,17,CACGTGTTCCCGTAAAGAAA,2,630254
cpxRp2,0.1111111111111111,18,17,CACGCATTAACTGCAACCCC,1,664746
cpxRp2,1.9444444444444444,51,17,CACCGGATAGTCCCGACGGG,34,699971
cpxRp2,0.3888888888888889,23,17,CACAGTGTGTAAAGCGTTTC,6,658892
cpxRp2,1.2222222222222223,38,17,CAATTGGCACCCGCCGGATA,21,635845
cpxRp2,0.2222222222222222,20,17,CAATATGCAAGTCCTTTAAA,3,655656
cpxRp2,1.0,34,17,CAATATCTCCACTCTGGTTG,17,661135
cpxRp2,0.8888888888888888,32,17,CAAGAATCAGAACCATACCA,15,646309
cpxRp2,0.2777777777777778,21,17,CAACGCGCCATTTCTCACAG,4,681651
cpxRp2,0.7222222222222222,29,17,CAACGCCTATTCTTTGACAT,12,642073
cpxRp2,0.5,25,17,CAAAGCAAGTGGAAGGCAGT,8,688726
cpxRp2,2.3333333333333335,58,17,ATTTTACCCGCGCGTTTACC,41,706320
cpxRp2,0.2222222222222222,20,17,ATTTGTCTAGAGTTCCACCA,3,694046
cpxRp2,0.1111111111111111,18,17,ATTGGCCGAAAAATCAACCA,1,710358
cpxRp2,0.4444444444444444,24,17,ATTGCGCATACTTCGTGCCT,7,686495
cpxRp2,0.6111111111111112,27,17,ATTCGCCTTAGGGTCGAAAG,10,684255
cpxRp2,0.6666666666666666,28,17,ATTCCCTGGGAGAAACGTAT,11,647439
cpxRp2,0.3888888888888889,23,17,ATTCAGGGTTCAAATTGTGA,6,692086
cpxRp2,0.2222222222222222,20,17,ATTAATGAGATAGGCTTAAT,3,654618
cpxRp2,0.2222222222222222,20,17,ATGTCTCGATTTTAGTATCT,3,673788
cpxRp2,0.6666666666666666,28,17,ATGTCCCCGTTCCCGCAGGG,11,631410
cpxRp2,0.3888888888888889,23,17,ATGTAAGCACCGTTATATTG,6,634647
cpxRp2,0.2222222222222222,20,17,ATGGACATATCTGCAGGCTA,3,661205
cpxRp2,3.0555555555555554,71,17,ATGAGGAATGGTCTTCAACT,54,682867
cpxRp2,0.2222222222222222,20,17,ATGAGGAAACTTGTGATATT,3,652753
cpxRp2,0.5,25,17,ATCTTTGGCTCTGTATACTG,8,653765
cpxRp2,2.3333333333333335,58,17,ATCGGTGCCGCTGCGGCGTC,41,641697
cpxRp2,0.3888888888888889,23,17,ATCGATGGATCGAGCTTAAT,6,643985
cpxRp2,2.0555555555555554,53,17,ATCAGCAGGCGACCCAAGAG,36,702000
cpxRp2,0.8888888888888888,32,17,ATATTTGCACGTCCCTCATA,15,645172
cpxRp2,0.2222222222222222,20,17,ATATTCCAGAACCACCTTGA,3,663217
cpxRp2,0.7777777777777778,30,17,ATAAACGTTGGCAGTACCCT,13,689373
cpxRp2,1.1666666666666667,37,17,AGTTTGTTGTTTGGTCTCTT,20,632731
cpxRp2,1.2222222222222223,38,17,AGTTGTGGCGACTCGTCCTC,21,660358
cpxRp2,0.5555555555555556,26,17,AGTGGTACAGGGGTAGAAAG,9,693659
cpxRp2,1.2777777777777777,39,17,AGTGATATTCATATGCATAT,22,702042
cpxRp2,0.4444444444444444,24,17,AGTCCTACAGTACCGGCGGA,7,683908
cpxRp2,1.1666666666666667,37,17,AGTATTGACCTCGCTTTCGG,20,644755
cpxRp2,0.2777777777777778,21,17,AGGTTAATGTTCACTGTTTT,4,704653
cpxRp2,0.3333333333333333,22,17,AGGTGTCACACCACGAATAA,5,654256
cpxRp2,0.7222222222222222,29,17,AGGCTCCCCTGGGAGAGGCA,12,656602
cpxRp2,0.3333333333333333,22,17,AGGCGAACCCAGGTCAATGC,5,655756
cpxRp2,1.1666666666666667,37,17,AGGCCTATGGGAGCAAATGT,20,698562
cpxRp2,0.1111111111111111,18,17,AGGCAGGCGTAGGCGGCCTA,1,668230
cpxRp2,0.3888888888888889,23,17,AGGCAACTTCTTAACGACAA,6,694925
cpxRp2,0.6111111111111112,27,17,AGGACACGTGTTTAGTGATT,10,678145
cpxRp2,0.2222222222222222,20,17,AGCTGGGGTGCAATCTGAAT,3,676324
cpxRp2,0.16666666666666666,19,17,AGCTCGTGAAAAGCTTTCTG,2,691815
cpxRp2,0.1111111111111111,18,17,AGCGTCATATCGGGGTTCAT,1,658107
cpxRp2,0.5555555555555556,26,17,AGCATTAGCCATGACCTGAG,9,667006
cpxRp2,0.3888888888888889,23,17,AGCACAACGGGGAACTCTTA,6,668923
cpxRp2,1.6666666666666667,46,17,AGATTTGTCCGGATCAAGTT,29,694355
cpxRp2,0.8888888888888888,32,17,AGATTGGAATAACGGGATAA,15,645977
cpxRp2,0.5555555555555556,26,17,AGATAGATTAAGCGTCTGGT,9,690591
cpxRp2,0.5,25,17,ACTTATCGTCAGTCGAGACT,8,672014
cpxRp2,0.6111111111111112,27,17,ACTCTTATGGATTAGGACTA,10,635546
cpxRp2,0.9444444444444444,33,17,ACTAAAGACTGTTTTGCCAA,16,688395
cpxRp2,0.7222222222222222,29,17,ACGTGCCCGGCTGGCACTGT,12,676583
cpxRp2,1.1111111111111112,36,17,ACGGAAGAGAGAGCAGTCTT,19,652742
cpxRp2,0.6111111111111112,27,17,ACGCCCCGTCTTGTCCGGCT,10,668269
cpxRp2,0.2777777777777778,21,17,ACGATAACCTCCGAAAGTGT,4,707157
cpxRp2,2.2222222222222223,56,17,ACCGTTTGTTAGCACTGGTA,39,692988
cpxRp2,0.7777777777777778,30,17,ACCGCGAATAGAGGTTCTAT,13,671150
cpxRp2,0.4444444444444444,24,17,ACCGACTCCCCGACTGTTGG,7,708478
cpxRp2,0.4444444444444444,24,17,ACCATATGATGGCTCGAGCC,7,655176
cpxRp2,0.4444444444444444,24,17,ACAGAGTTTACAGCGCTGGT,7,631058
cpxRp2,1.8333333333333333,49,17,ACACGAAGACTATATTCGCC,32,690405
cpxRp2,0.6666666666666666,28,17,ACACAGGTCTCATCGTACGT,11,674012
cpxRp2,0.6111111111111112,27,17,ACAATTGTGCTGGATTGCAA,10,650516
cpxRp2,2.5555555555555554,62,17,ACAATTGGACTTAGTAAGTT,45,682491
cpxRp2,0.3888888888888889,23,17,ACAAGTCATATCAGGAAATG,6,676811
cpxRp2,0.6666666666666666,28,17,AATTCGTCTGAGGATCCGTT,11,684253
cpxRp2,0.3333333333333333,22,17,AATTCCACGCATTTCGCGAT,5,701696
cpxRp2,0.3888888888888889,23,17,AATTATCCAGCATAGCTTTA,6,691317
cpxRp2,0.4444444444444444,24,17,AATGACCTTCTACTTGGTGG,7,709663
cpxRp2,1.1111111111111112,36,17,AATCATGAGAGCCGCGAAGA,19,668043
cpxRp2,0.2777777777777778,21,17,AAGTTCACTGAGAGTGTGAA,4,701839
cpxRp2,1.0555555555555556,35,17,AAGTGGTTTTAAATTGCAGT,18,680853
cpxRp2,0.8888888888888888,32,17,AAGGTTTGCTGTGCTACCAA,15,651717
cpxRp2,1.4444444444444444,42,17,AAGGTGCTATGGTATTGCTC,25,634021
cpxRp2,0.5555555555555556,26,17,AAGGCCTGGTTGAGCTAGAA,9,701069
cpxRp2,0.6111111111111112,27,17,AAGGCATATGGTAGGAGCGT,10,697981
cpxRp2,0.4444444444444444,24,17,AAGGATGCGTGGGCACTGGT,7,680432
cpxRp2,0.7777777777777778,30,17,AAGAGCACAGGTAGCTTGAT,13,662738
cpxRp2,1.3333333333333333,40,17,AACCTATTGCCAAGAAGCGG,23,701587
cpxRp2,0.1111111111111111,18,17,AAATCCCGAGCTAGGAGTTT,1,655264
cpxRp2,0.16666666666666666,19,17,AAAGTGTTGTTCAAGTTTTA,2,647910
cpxRp2,0.16666666666666666,19,17,AAAGTCGCGCCCTGAGCGTA,2,670940
cpxRp2,1.7777777777777777,48,17,AAACGTGAGACCTTGTGAGC,31,681928
cpxRp2,0.29411764705882354,20,16,TTTTTCGCTCGAAGTCCTTC,4,643597
cpxRp2,1.7647058823529411,45,16,TTTTGTAGCCGCATTTACCG,29,661063
cpxRp2,0.23529411764705882,19,16,TTTTGTAAACGCTAATTTAC,3,645439
cpxRp2,4.823529411764706,97,16,TTTGCTAAACCTATGCGACA,81,661395
cpxRp2,1.7058823529411764,44,16,TTTCTATCAATGCCTCTCAA,28,649535
cpxRp2,0.11764705882352941,17,16,TTTCCTCCGGCAAAGGTCTC,1,630181
cpxRp2,0.29411764705882354,20,16,TTTATTTAAGCTCTTATCCA,4,709577
cpxRp2,0.47058823529411764,23,16,TTTAGTATAAGCAATACCAT,7,697666
cpxRp2,0.8823529411764706,30,16,TTGTTATAGCCGTGGACGTT,14,656463
cpxRp2,1.588235294117647,42,16,TTGTGTGCGTTATTTACGGC,26,678497
cpxRp2,0.8823529411764706,30,16,TTGTGCAACCAAAATTGACT,14,644235
cpxRp2,0.29411764705882354,20,16,TTGTCTGTGGGCGGCTTGGG,4,639836
cpxRp2,1.1764705882352942,35,16,TTGTCTGATTTCAGATGATC,19,697898
cpxRp2,1.2352941176470589,36,16,TTGTACTGAGCGACAAATCA,20,637095
cpxRp2,0.47058823529411764,23,16,TTGTAATATAGGCAGCGAGG,7,672918
cpxRp2,0.5882352941176471,25,16,TTGTAAAACATGTACTTGTG,9,652707
cpxRp2,0.6470588235294118,26,16,TTGGCCTGTAGTGTCCTCTC,10,637179
cpxRp2,1.2941176470588236,37,16,TTCTTGCGGGAGGTATAGCA,21,695820
cpxRp2,0.23529411764705882,19,16,TTCGCCGACGGAGCGCTCTT,3,642450
cpxRp2,0.8823529411764706,30,16,TTCCCTGCGAACATGTTACA,14,685756
cpxRp2,0.29411764705882354,20,16,TTCCCACATCGTCGCTACTC,4,644032
cpxRp2,0.4117647058823529,22,16,TTATTTGGTTTTAGGCTGTT,6,705262
cpxRp2,0.35294117647058826,21,16,TTATGCTTGTCCCCGAAGGA,5,660890
cpxRp2,0.11764705882352941,17,16,TTACTAGGCAGTCACCTATT,1,650871
cpxRp2,0.9411764705882353,31,16,TTACCGGCCAGGTGCCCCGA,15,708617
cpxRp2,0.8235294117647058,29,16,TTACCGGAGGATTTAATTTG,13,672943
cpxRp2,0.7058823529411765,27,16,TTAAGCCAAGTCTTGCCAAA,11,665995
cpxRp2,1.0588235294117647,33,16,TGTTCAATGTAGCAGACATT,17,676184
cpxRp2,1.4705882352941178,40,16,TGTTAAAGCTTGAGTCCAGG,24,687436
cpxRp2,1.4705882352941178,40,16,TGTGGGTAGATTTTCATTAT,24,667338
cpxRp2,0.9411764705882353,31,16,TGTCTCTAGGAGCCATGGAC,15,639668
cpxRp2,0.5882352941176471,25,16,TGGTCGTTTACGTGGAATTT,9,638521
cpxRp2,0.17647058823529413,18,16,TGGGTGTTCAAGATTCGCTA,2,706131
cpxRp2,1.4705882352941178,40,16,TGGGCCGGGTCAAACATTGT,24,666730
cpxRp2,0.11764705882352941,17,16,TGGCTAGTATTGTGTGAAAA,1,679911
cpxRp2,0.29411764705882354,20,16,TGGATTGCAACACGTAATCT,4,650624
cpxRp2,1.1764705882352942,35,16,TGGACTATAAACGGCAGCGC,19,633592
cpxRp2,0.35294117647058826,21,16,TGCTTTCCGATTACGAGGAG,5,668777
cpxRp2,0.29411764705882354,20,16,TGCTTAGACACGAACGTCTA,4,644776
cpxRp2,0.8235294117647058,29,16,TGCTCGTCTCCGCCCAGACG,13,685660
cpxRp2,0.8823529411764706,30,16,TGCGGCCAAGTCAAGTGCGC,14,633783
cpxRp2,0.5294117647058824,24,16,TGCCTGGGCAGTCTCGAGCT,8,704303
cpxRp2,0.47058823529411764,23,16,TGCCTAACCATTAGGGCGAT,7,659202
cpxRp2,0.11764705882352941,17,16,TGCCACATTTAATATGTATA,1,688674
cpxRp2,0.7058823529411765,27,16,TGCAATATGTCAAAGTACCT,11,696206
cpxRp2,1.588235294117647,42,16,TGATTCTTCCTGCATTTGAT,26,666608
cpxRp2,0.23529411764705882,19,16,TGATATTCTTGGTCATCATA,3,692747
cpxRp2,0.11764705882352941,17,16,TGAGTCACGGCTGGGCGGCA,1,701941
cpxRp2,0.4117647058823529,22,16,TGAGGGGGTACCACGCTTCA,6,698198
cpxRp2,0.5882352941176471,25,16,TGACTGCTATAACAACTGAC,9,636626
cpxRp2,1.0588235294117647,33,16,TGACGGTCACGGGCTTGTAC,17,674266
cpxRp2,0.11764705882352941,17,16,TGACCGTTTAGCGCCACAAC,1,679078
cpxRp2,0.5294117647058824,24,16,TGAACCCAGTGGCGTGGGTT,8,679585
cpxRp2,0.23529411764705882,19,16,TCTTGCGATGGCGGGGCACT,3,639896
cpxRp2,0.9411764705882353,31,16,TCTTCAGCGCAGGCGTCGAT,15,637187
cpxRp2,1.411764705882353,39,16,TCTCGCATGCACAGGACGAT,23,646998
cpxRp2,1.4705882352941178,40,16,TCTATTACACAATTGTGTCC,24,679249
cpxRp2,0.7647058823529411,28,16,TCTATACAGGAGGTGACGTG,12,674187
cpxRp2,0.6470588235294118,26,16,TCTAAAATGAGTACCTGCGG,10,659256
cpxRp2,0.5294117647058824,24,16,TCGTTCAGCCCAATCGCATG,8,670099
cpxRp2,0.8823529411764706,30,16,TCGGGTCGAATCTAAAATTT,14,663838
cpxRp2,0.23529411764705882,19,16,TCGCCCCTCCGGCCAGCGGT,3,652756
cpxRp2,0.8823529411764706,30,16,TCGCAATACCTCGTATAAAT,14,687835
cpxRp2,0.8823529411764706,30,16,TCCATGCGCCTCTTTTTCCA,14,637310
cpxRp2,0.6470588235294118,26,16,TCCAAGGGTCAGGCAATCAA,10,673591
cpxRp2,0.4117647058823529,22,16,TCATTTGGGGATATCAATTG,6,630823
cpxRp2,1.2941176470588236,37,16,TCATTATTCAGCTAGCACCT,21,694165
cpxRp2,0.47058823529411764,23,16,TCAGCCACGTTGCGGGGAAT,7,697711
cpxRp2,0.7647058823529411,28,16,TCACTATAGGTCAGTACAAT,12,647546
cpxRp2,0.35294117647058826,21,16,TATTGTTCCTTAGAGCCATA,5,676355
cpxRp2,2.0,49,16,TATGGTCCCACCACCCGGAA,33,630153
cpxRp2,0.5882352941176471,25,16,TATGAGCGTCTAGAACACGA,9,665040
cpxRp2,3.4705882352941178,74,16,TATCTTCAAAGCTGTTTCGA,58,656445
cpxRp2,0.29411764705882354,20,16,TATCGGCAACACCAGTGTCG,4,656993
cpxRp2,0.7647058823529411,28,16,TATAACGATCGGCATGCGCT,12,705630
cpxRp2,0.35294117647058826,21,16,TAGCTCCAGACGGCGTGCAG,5,705964
cpxRp2,0.23529411764705882,19,16,TAGAGCGCAAGCCATTTAAA,3,675092
cpxRp2,1.1176470588235294,34,16,TAGAATTCAGGCGTACCTGT,18,694513
cpxRp2,0.29411764705882354,20,16,TACTGTCCTTGCCGAACATC,4,686720
cpxRp2,1.5294117647058822,41,16,TACCATAGATGGAACCCTTC,25,704914
cpxRp2,0.7647058823529411,28,16,TACATCCTTCCGAACATCTT,12,639862
cpxRp2,1.5294117647058822,41,16,TAATCAGGGTTGACGCTACA,25,710998
cpxRp2,0.5294117647058824,24,16,TAAGCCTCCTAGATGGACCT,8,638627
cpxRp2,0.6470588235294118,26,16,TAAGATTTAACGTGCACGGA,10,670355
cpxRp2,0.9411764705882353,31,16,TAAGAAGGAGTCAATCAATC,15,665949
cpxRp2,0.4117647058823529,22,16,TAACCCGTAATCAGGATTGT,6,673531
cpxRp2,0.35294117647058826,21,16,TAACCAGGGCAAAAAGGGCA,5,666691
cpxRp2,0.9411764705882353,31,16,TAAAGACTATCCAACAAGTA,15,632011
cpxRp2,0.17647058823529413,18,16,GTTCTTGGCGTCACATGTGA,2,683942
cpxRp2,1.8235294117647058,46,16,GTTCCACCGCTTCGCCGAAC,30,646366
cpxRp2,0.7058823529411765,27,16,GTTCATCGAGAGTTTACAGA,11,676302
cpxRp2,0.8235294117647058,29,16,GTTACTCGTCTTGAGTCGAG,13,638605
cpxRp2,0.11764705882352941,17,16,GTGTGCGACCTGATAGTAAT,1,639252
cpxRp2,0.23529411764705882,19,16,GTGTAATCACGTTGTTTACG,3,679182
cpxRp2,2.764705882352941,62,16,GTGGCGGCAGTGCCCGGTGG,46,676358
cpxRp2,0.29411764705882354,20,16,GTGCGACGTAGCGCCGTATC,4,664035
cpxRp2,0.5294117647058824,24,16,GTCTCCCTCGGAATTTGCTA,8,654562
cpxRp2,0.47058823529411764,23,16,GTCTCACGTAGCTTTCCGGT,7,686557
cpxRp2,0.5882352941176471,25,16,GTCTAATCGCCCACAGGTAG,9,699271
cpxRp2,0.6470588235294118,26,16,GTCATCAGGGCACCGCACTT,10,661572
cpxRp2,1.8235294117647058,46,16,GTCACTTCACGGAATTCCGT,30,684359
cpxRp2,0.17647058823529413,18,16,GTATTCGTGCGCGGTCAAGG,2,633414
cpxRp2,0.29411764705882354,20,16,GTAGCCTGGGCCTGTTGACC,4,631214
cpxRp2,0.6470588235294118,26,16,GTACCTGACATGGTCGAGCA,10,654161
cpxRp2,0.35294117647058826,21,16,GTACAAGGCAGTAAATCCGG,5,656158
cpxRp2,0.23529411764705882,19,16,GTAAATATAAGCGACGTGCC,3,675816
cpxRp2,0.4117647058823529,22,16,GGTTCGGACAAGCGTTTAAA,6,633875
cpxRp2,0.35294117647058826,21,16,GGTGTCGATTGCCAGGGTAT,5,699135
cpxRp2,0.17647058823529413,18,16,GGTGTATTCCCGGGGGGTTC,2,641936
cpxRp2,0.4117647058823529,22,16,GGTCGATTGATGTTAGTAAC,6,661053
cpxRp2,0.7647058823529411,28,16,GGTCACCCCGGCCTTACTAG,12,679988
cpxRp2,0.9411764705882353,31,16,GGTATGAGTCGGCACTCACA,15,646213
cpxRp2,0.7647058823529411,28,16,GGTAGGCTCTCTCAGGGGTG,12,705691
cpxRp2,0.35294117647058826,21,16,GGGTCGGACGAGGTATGTCT,5,675260
cpxRp2,0.5294117647058824,24,16,GGGGTCCAGTCGAATTATAT,8,639721
cpxRp2,0.47058823529411764,23,16,GGGCGCGTTTAGCACGATCT,7,644177
cpxRp2,1.0588235294117647,33,16,GGGCACAGACTCATGAACAA,17,679224
cpxRp2,0.11764705882352941,17,16,GGGAGCTGTTCGATCACGGG,1,638731
cpxRp2,1.0,32,16,GGCTTGGTTCCTCTAGCCAA,16,636007
cpxRp2,2.411764705882353,56,16,GGCCCCGTCAGGTAATAACT,40,697446
cpxRp2,0.23529411764705882,19,16,GGCCACCTGACACAGTATGA,3,637940
cpxRp2,0.8823529411764706,30,16,GGCAGGCCTGGTTGTGTTAC,14,683790
cpxRp2,0.4117647058823529,22,16,GGATCCAATTTCCACGAAAC,6,668521
cpxRp2,0.5882352941176471,25,16,GGATATACGAACGCATCAGT,9,635084
cpxRp2,0.23529411764705882,19,16,GGAGCCACGCTCGGCTATAG,3,698941
cpxRp2,0.4117647058823529,22,16,GGAGAGACCTCGGCCGTATC,6,681666
cpxRp2,1.0,32,16,GGACGTGACCAGTCGTCATG,16,706050
cpxRp2,0.8823529411764706,30,16,GGAAGTCTCTAACTTGGCGT,14,710276
cpxRp2,0.5882352941176471,25,16,GCTTTTAACTGATTATGTCA,9,703336
cpxRp2,0.7647058823529411,28,16,GCTTCAGGGAAATAGGGCGA,12,632161
cpxRp2,0.6470588235294118,26,16,GCTTATCAGAGCCTCGTGAT,10,647775
cpxRp2,0.8823529411764706,30,16,GCTGCTGCGTATTGTGCTCT,14,677934
cpxRp2,0.5294117647058824,24,16,GCTCGTTGGTCACCTCGGCG,8,664676
cpxRp2,0.17647058823529413,18,16,GCTCATTTTATCGTAGCAAA,2,679986
cpxRp2,0.17647058823529413,18,16,GCTAGACCGCATACGTGATG,2,633508
cpxRp2,0.5294117647058824,24,16,GCGTCCTAGATCAGGATAAA,8,637299
cpxRp2,1.0,32,16,GCGTAAGTCTGGCACCCTTG,16,697195
cpxRp2,1.1764705882352942,35,16,GCGAGATCGTCATCAACCTG,19,634863
cpxRp2,0.47058823529411764,23,16,GCGACCCCAGACGGGGTTAC,7,653736
cpxRp2,1.3529411764705883,38,16,GCGACAGGAGAGGATTTTTA,22,638126
cpxRp2,0.7647058823529411,28,16,GCCTGGTGGCTTGTATGGAT,12,658269
cpxRp2,0.35294117647058826,21,16,GCCGGGTAGCTGGTTAGCCA,5,646729
cpxRp2,0.29411764705882354,20,16,GCCGGGGGTGCCGTAATACA,4,638678
cpxRp2,0.8823529411764706,30,16,GCCGCAGGCATGGTTACTTA,14,644083
cpxRp2,0.11764705882352941,17,16,GCCCCGGTTGGTTGTGGTTT,1,632751
cpxRp2,0.29411764705882354,20,16,GCCAGGTTGTGAGTCGCTGG,4,650946
cpxRp2,0.35294117647058826,21,16,GCATGCTTTGCTGGCACTAC,5,647825
cpxRp2,0.7058823529411765,27,16,GCAGTGCTAACCCTCGACTT,11,688402
cpxRp2,1.3529411764705883,38,16,GCACAGTGGGATATAGGCAA,22,672416
cpxRp2,0.23529411764705882,19,16,GCAACAGCTGACCGTTCCTG,3,683301
cpxRp2,0.29411764705882354,20,16,GATTATCCTCTGGTTGTAGT,4,649638
cpxRp2,0.5882352941176471,25,16,GATCGTCAAGTAGGCTGGCA,9,691859
cpxRp2,4.235294117647059,87,16,GATCCGTAACCGGATCTCGG,71,659745
cpxRp2,0.7058823529411765,27,16,GATCATTAGTAATCGGCTCT,11,669530
cpxRp2,0.23529411764705882,19,16,GATAAAGTGCTGTCGGTGCT,3,699479
cpxRp2,0.6470588235294118,26,16,GAGGTTACGTAGATACAGTA,10,660055
cpxRp2,0.35294117647058826,21,16,GAGGATCTAGGCGTTGGACA,5,702776
cpxRp2,0.4117647058823529,22,16,GAGGAACTGGGAAAGGGTCA,6,680651
cpxRp2,0.8235294117647058,29,16,GAGACACGCGATTGACAGGA,13,697033
cpxRp2,0.23529411764705882,19,16,GACTGACCTCCAAAATTAAG,3,659541
cpxRp2,1.1764705882352942,35,16,GACCGCGCAAGATGAAGGCT,19,654259
cpxRp2,0.35294117647058826,21,16,GACCACCTCCCAGCGCGTGC,5,669392
cpxRp2,0.4117647058823529,22,16,GAATGAGTATGTTTGCATGA,6,633873
cpxRp2,0.17647058823529413,18,16,CTTTTCCTAAGTATGACCGT,2,696998
cpxRp2,1.4705882352941178,40,16,CTTTACTATAGCTTGCTACA,24,643069
cpxRp2,0.47058823529411764,23,16,CTTGTCGCACCCGACATCCG,7,690954
cpxRp2,1.0,32,16,CTTGGACATCTCTTTTCTAT,16,660195
cpxRp2,1.8823529411764706,47,16,CTTGAGTATGCAGTAGCGCG,31,658532
cpxRp2,0.5882352941176471,25,16,CTTCATTGACGTCGGGACTG,9,691232
cpxRp2,1.1176470588235294,34,16,CTTATCCGGTAGGTAAGACT,18,687454
cpxRp2,0.11764705882352941,17,16,CTGTGCAGTGTTGGTGAGGA,1,635872
cpxRp2,0.47058823529411764,23,16,CTGGGGTCGTGGACCCCCCA,7,688663
cpxRp2,0.29411764705882354,20,16,CTGCGCGGGAGAAGGGTCGG,4,672199
cpxRp2,0.17647058823529413,18,16,CTGCCTAATATTTGTGGGTA,2,705664
cpxRp2,0.7058823529411765,27,16,CTGAGAGCGGACCCGGGAGA,11,675375
cpxRp2,0.5882352941176471,25,16,CTGACCAGGATGAATAACCT,9,685908
cpxRp2,0.5294117647058824,24,16,CTCGCTCACTTGGATAAACC,8,658572
cpxRp2,0.11764705882352941,17,16,CTCGCCCCTGCTACATAAAT,1,641091
cpxRp2,0.11764705882352941,17,16,CTCAAGCGAGCTAGATTTAG,1,672211
cpxRp2,1.1764705882352942,35,16,CTCAACATAGGAACCAGCTG,19,650159
cpxRp2,0.4117647058823529,22,16,CTATAGGGAGTTCGGGATTT,6,685386
cpxRp2,0.35294117647058826,21,16,CTACTCCTTCAGTTGCAGTA,5,645358
cpxRp2,0.8235294117647058,29,16,CTACAGTCCCAAATTCATGA,13,704463
cpxRp2,0.7647058823529411,28,16,CTAATCAGCGTGGATCTTAT,12,681770
cpxRp2,0.6470588235294118,26,16,CTAAGGTCGGGTTGGTTAGT,10,687870
cpxRp2,0.11764705882352941,17,16,CGTTTGCTTTCCATCGCGTA,1,661235
cpxRp2,0.7058823529411765,27,16,CGTGTCCGGACGTCGTCACC,11,695908
cpxRp2,0.5882352941176471,25,16,CGTGGGCTAGCGGTGCGATC,9,694032
cpxRp2,1.2352941176470589,36,16,CGTCTCACAATGGAGTGACT,20,630882
cpxRp2,0.4117647058823529,22,16,CGGTTTATTGCAAGGCACAT,6,655653
cpxRp2,0.11764705882352941,17,16,CGGTTCTCCTCGACGGAATA,1,676439
cpxRp2,0.9411764705882353,31,16,CGGTTACACACCTGAATGCT,15,690039
cpxRp2,0.29411764705882354,20,16,CGGTAGTGTAACTGGGAGGA,4,707015
cpxRp2,0.11764705882352941,17,16,CGGTAGTGCTGGGCCATCTC,1,705782
cpxRp2,0.35294117647058826,21,16,CGGTACAGGCAAGGACACTG,5,658553
cpxRp2,0.8823529411764706,30,16,CGGGTAGCAATCATCTGTGG,14,696004
cpxRp2,0.17647058823529413,18,16,CGGGCTTAGATGCCATGAGC,2,674148
cpxRp2,1.3529411764705883,38,16,CGGGATTCTATCCTACGAAT,22,679019
cpxRp2,0.23529411764705882,19,16,CGGGAAGGGTCTTAAGTTAA,3,638080
cpxRp2,0.23529411764705882,19,16,CGGCCAATGGGATATCGTTA,3,691695
cpxRp2,0.17647058823529413,18,16,CGCGGGCAGCATGCAGATTT,2,669627
cpxRp2,1.1176470588235294,34,16,CGCCCTCTGTCTTGAACGTC,18,687406
cpxRp2,0.6470588235294118,26,16,CGCCCGGCATCGTGGTTGCA,10,687330
cpxRp2,0.17647058823529413,18,16,CGCCCACGTTTTGTAGAACA,2,671021
cpxRp2,3.588235294117647,76,16,CGCCAGCGTTGCAATGTTTC,60,696024
cpxRp2,0.17647058823529413,18,16,CGAGGTTATCCGCAAAAACG,2,644951
cpxRp2,0.17647058823529413,18,16,CGACTGTGAGGGATGTGACC,2,704831
cpxRp2,1.0,32,16,CGACTACTGACAGTAGAGTA,16,675930
cpxRp2,1.0,32,16,CGACGTGCAGGCACTCCAGT,16,662458
cpxRp2,0.11764705882352941,17,16,CGACGGGAGTTGATCCTCAC,1,649478
cpxRp2,0.5882352941176471,25,16,CGACCCTGGGCTTACAAAAT,9,693374
cpxRp2,2.0,49,16,CGACAGCGTTCGAGTCACTT,33,687467
cpxRp2,0.29411764705882354,20,16,CGAAAACGTAGGAAGGCATG,4,635577
cpxRp2,0.29411764705882354,20,16,CCTTACTATCCTAAATCCTT,4,684314
cpxRp2,0.29411764705882354,20,16,CCTGGAGCCTAAGCGCATGT,4,650055
cpxRp2,0.7647058823529411,28,16,CCTCGGAACCGGGAAGGGAG,12,701683
cpxRp2,0.7647058823529411,28,16,CCTCCGGTTACTATTTCATC,12,644562
cpxRp2,0.6470588235294118,26,16,CCTCCCCGTGACCCATGATC,10,694962
cpxRp2,0.7058823529411765,27,16,CCTAGGGACATAGTCGGTTT,11,636223
cpxRp2,1.0588235294117647,33,16,CCTAAGGTTATAGCCCAGAG,17,660880
cpxRp2,0.8235294117647058,29,16,CCGGGCGACTTAAAAATATC,13,631036
cpxRp2,0.5882352941176471,25,16,CCGCCGCATTGAGCATCGTT,9,640194
cpxRp2,0.8235294117647058,29,16,CCGCACGGAGGATCATGTCA,13,697217
cpxRp2,0.29411764705882354,20,16,CCCTAACCATAAACCACTCA,4,664585
cpxRp2,0.4117647058823529,22,16,CCCGCTGTGGGTTACACGAA,6,680428
cpxRp2,1.4705882352941178,40,16,CCCGATTTGTCAACATTAAT,24,630152
cpxRp2,0.9411764705882353,31,16,CCCGAGCCTCACGTCTATTC,15,658012
cpxRp2,0.47058823529411764,23,16,CCCGACGGTTGCAGCACAGG,7,678100
cpxRp2,1.0,32,16,CCCCGGCCTTGCCTAGATGA,16,666392
cpxRp2,1.1176470588235294,34,16,CCCCCGGTCGGATGCGGTTG,18,647384
cpxRp2,0.5294117647058824,24,16,CCCATATGCATCCCCCTCGT,8,639972
cpxRp2,0.35294117647058826,21,16,CCCACTGTTCAACCCAGTTC,5,673247
cpxRp2,1.5294117647058822,41,16,CCAGCTAATTATCACGCGAA,25,635578
cpxRp2,2.176470588235294,52,16,CCACCGACGTTGTAGGTTTG,36,678510
cpxRp2,1.0588235294117647,33,16,CCAATTTGGCGGCTACACTA,17,639814
cpxRp2,0.29411764705882354,20,16,CCAAAGCCTGCTTATCTGGG,4,694714
cpxRp2,1.8823529411764706,47,16,CATTGTCTACGCATGAATTT,31,638789
cpxRp2,0.8235294117647058,29,16,CATGTGTTCGGTTGCAGGAT,13,662971
cpxRp2,1.2941176470588236,37,16,CATGGGGATCGGTGAATCTC,21,685491
cpxRp2,1.0,32,16,CATAGCTTAAGCCAATTTTA,16,696952
cpxRp2,1.8235294117647058,46,16,CAGTGACCTTTGGGTGTGAT,30,653305
cpxRp2,1.0,32,16,CAGTAACCGGGATTGAAGGG,16,659825
cpxRp2,1.5294117647058822,41,16,CAGGTTTTGTGACTGAGGAT,25,701233
cpxRp2,0.23529411764705882,19,16,CAGGGAAGCCCAGACCGTAA,3,697523
cpxRp2,1.1176470588235294,34,16,CAGGCGTGCCACATAGAACA,18,674535
cpxRp2,0.47058823529411764,23,16,CAGGAGGTGGCATCCTCTTG,7,677623
cpxRp2,0.35294117647058826,21,16,CAGCTGACGCGTACGCAGAT,5,641639
cpxRp2,0.35294117647058826,21,16,CAGCATCTGACAGCTCAAGA,5,639966
cpxRp2,1.411764705882353,39,16,CAGCACATCTGTTATAGAGG,23,698522
cpxRp2,0.5882352941176471,25,16,CAGATGTCGTCATTTTAAAA,9,682181
cpxRp2,1.7647058823529411,45,16,CACTGTAGAGGCCCGGTGCG,29,642150
cpxRp2,2.2941176470588234,54,16,CACTGATCTGAGACACGTGG,38,702753
cpxRp2,0.7058823529411765,27,16,CACGGGAGTGAGACGGTGAT,11,651026
cpxRp2,1.2352941176470589,36,16,CACGCCCTCAGGCCCATACG,20,651063
cpxRp2,0.17647058823529413,18,16,CACGATGGCAGGGTGGGTCA,2,691473
cpxRp2,0.5294117647058824,24,16,CACCGTGCGTCTACCGAATG,8,676051
cpxRp2,0.11764705882352941,17,16,CACCGATTCTGTTCGTCACA,1,636472
cpxRp2,0.11764705882352941,17,16,CAATTGCACGGGTAGTATGA,1,695591
cpxRp2,1.1176470588235294,34,16,CAATCTCGTACACTCTGCTG,18,664595
cpxRp2,3.4705882352941178,74,16,CAAGGGATATTACCGGTGGA,58,708972
cpxRp2,1.1176470588235294,34,16,CAAGCATCTTTCAAATTCGC,18,692294
cpxRp2,0.23529411764705882,19,16,CAACGACTTATTCATGTGCC,3,694379
cpxRp2,0.9411764705882353,31,16,CAAATCCTCGATAGCGTTCT,15,687111
cpxRp2,0.7647058823529411,28,16,CAAAGCATGGACAAGCCGAA,12,678228
cpxRp2,0.4117647058823529,22,16,CAAACCAATCGTACACGCTA,6,698822
cpxRp2,1.1176470588235294,34,16,CAAAACTGCTTCGCGAATGT,18,639592
cpxRp2,0.47058823529411764,23,16,ATTTTGGCTATCGCAATTAA,7,631726
cpxRp2,0.8235294117647058,29,16,ATTTGATGTGTAGGGCCGTT,13,703844
cpxRp2,0.11764705882352941,17,16,ATTTATGTGCAATAATGACA,1,671371
cpxRp2,0.47058823529411764,23,16,ATTTAAGCGGCCACGAACGC,7,632980
cpxRp2,2.0588235294117645,50,16,ATTGGATTTAATGCTGAAAT,34,665620
cpxRp2,0.7647058823529411,28,16,ATTCTGTCATTTGGAATAAT,12,669064
cpxRp2,0.5294117647058824,24,16,ATTCAATCGGAATCGCGCTC,8,636957
cpxRp2,0.17647058823529413,18,16,ATTATACTTACAGGTAGACA,2,648351
cpxRp2,0.23529411764705882,19,16,ATTAACACCTACAAAGAAGT,3,664791
cpxRp2,1.2941176470588236,37,16,ATGTGGTTATGCGACCCATA,21,637708
cpxRp2,0.5294117647058824,24,16,ATGTGCTCCGGATTCAGGAA,8,682227
cpxRp2,0.35294117647058826,21,16,ATGGATACCCGGGTCACCAT,5,668853
cpxRp2,0.5882352941176471,25,16,ATGGAGTGAAGGCAATTCTT,9,632943
cpxRp2,0.11764705882352941,17,16,ATGCTCGTTATGCGCCGAGG,1,654051
cpxRp2,1.0588235294117647,33,16,ATGCGTGAAGTCTTTAATTG,17,654484
cpxRp2,0.5294117647058824,24,16,ATGCGTCCCTGTGTGTTGTT,8,660593
cpxRp2,0.4117647058823529,22,16,ATGCATCCCGCACCGCCTTG,6,667765
cpxRp2,0.17647058823529413,18,16,ATGCAACCCATTCGACCTTG,2,705743
cpxRp2,0.23529411764705882,19,16,ATGACGTGCAAGGTTATAGC,3,710441
cpxRp2,0.5294117647058824,24,16,ATCTTCTCGATGACCCCCTC,8,686383
cpxRp2,0.23529411764705882,19,16,ATCTGGGAAGAAGCCTATTT,3,650604
cpxRp2,0.4117647058823529,22,16,ATCGCGTCACGTTGCTATGC,6,632777
cpxRp2,0.23529411764705882,19,16,ATCGCCATGATAACTTGGGG,3,709772
cpxRp2,0.5294117647058824,24,16,ATCGAGGATCGCCCGCAACG,8,632101
cpxRp2,1.0588235294117647,33,16,ATCCCTCGGAGGGTCAATAG,17,669856
cpxRp2,0.6470588235294118,26,16,ATCCATTACGTCATTACCTT,10,644190
cpxRp2,0.35294117647058826,21,16,ATCCATAAAGATGCACGCGA,5,694571
cpxRp2,0.5882352941176471,25,16,ATATGACGCGTTCAATACGA,9,668389
cpxRp2,0.29411764705882354,20,16,ATATCCATCTACGCTTGTCC,4,700416
cpxRp2,0.35294117647058826,21,16,ATAGCTTGGCCACAGCCAAG,5,644310
cpxRp2,0.4117647058823529,22,16,ATAGCGTCAAGAAAGAATAA,6,633515
cpxRp2,1.8235294117647058,46,16,ATACAGTAACCAGACAAGAC,30,681778
cpxRp2,0.7647058823529411,28,16,ATAAGGTCGTAAAAACCTAA,12,664242
cpxRp2,0.17647058823529413,18,16,AGTTGAATTTAGAAGGCTTA,2,689547
cpxRp2,0.7647058823529411,28,16,AGTTCTAATTACCACTGGAG,12,630515
cpxRp2,0.47058823529411764,23,16,AGTTACAGGACAAACTTGGC,7,677123
cpxRp2,0.35294117647058826,21,16,AGTGTAACGTTAGAACACGA,5,641321
cpxRp2,1.1176470588235294,34,16,AGTGAAGGAAACGGTAGCTG,18,705440
cpxRp2,0.17647058823529413,18,16,AGTGAACTCTGGGCGCGGTG,2,637431
cpxRp2,1.0,32,16,AGTCCGGGTCCGAGGTGGAA,16,671713
cpxRp2,0.6470588235294118,26,16,AGTCATGGGGGGCACTAATG,10,660442
cpxRp2,0.5882352941176471,25,16,AGTAGGAGAGGTTAGGGTAT,9,674088
cpxRp2,1.411764705882353,39,16,AGTAGCCGTGAGGCTCGGGA,23,697530
cpxRp2,1.0588235294117647,33,16,AGTAATGGTTCAGACACCTT,17,711860
cpxRp2,1.1176470588235294,34,16,AGTAATGGCGAGGGTCAAGG,18,697753
cpxRp2,4.882352941176471,98,16,AGGTTCCGATCGTATCCGTT,82,662486
cpxRp2,0.29411764705882354,20,16,AGGTCTGTCCCAGATACGAA,4,648665
cpxRp2,0.23529411764705882,19,16,AGGCGCCGCCCAGAAACTTA,3,644058
cpxRp2,0.47058823529411764,23,16,AGGCCGCCTATCCGCGGCAA,7,648851
cpxRp2,0.4117647058823529,22,16,AGGCACTGGTTTCCATGATC,6,674875
cpxRp2,1.8235294117647058,46,16,AGGAACATATGAGGTTGTAG,30,657098
cpxRp2,0.17647058823529413,18,16,AGCTTGGGTCACGGAGCAGT,2,650020
cpxRp2,1.1764705882352942,35,16,AGCTAGTACACCGTAATTTA,19,660474
cpxRp2,0.5882352941176471,25,16,AGCTACGGGATCCCCTACCT,9,668898
cpxRp2,0.47058823529411764,23,16,AGCGAGCATCGTTGGCCAAA,7,643540
cpxRp2,0.23529411764705882,19,16,AGCGACTCACAATGCTGGTA,3,668742
cpxRp2,0.47058823529411764,23,16,AGCCTACCGGAAGGGTGCAA,7,694204
cpxRp2,0.29411764705882354,20,16,AGCCGATCAATGGTTTACTA,4,677152
cpxRp2,1.1176470588235294,34,16,AGCATGAGGCCGCAAAGTCA,18,677929
cpxRp2,0.6470588235294118,26,16,AGCAGATCCTTCGGGAAGGT,10,712165
cpxRp2,0.11764705882352941,17,16,AGATCACGGATCTGCGTCCC,1,630578
cpxRp2,0.8235294117647058,29,16,AGATACACCGCCAAAGTCGT,13,674534
cpxRp2,0.4117647058823529,22,16,AGAGTGGTCTTCTAAAGCCC,6,632393
cpxRp2,1.2941176470588236,37,16,AGAGCCACGGGCATAAAGCT,21,634690
cpxRp2,0.4117647058823529,22,16,AGACGGAGTTTTATGTAATG,6,671636
cpxRp2,0.7058823529411765,27,16,ACTGGTTGCGGACCACGAAG,11,663923
cpxRp2,10.058823529411764,186,16,ACTCTATGTGACTTTTCCAC,170,661302
cpxRp2,0.47058823529411764,23,16,ACTATAACATTTGGGCGGCG,7,660935
cpxRp2,1.4705882352941178,40,16,ACTACTGCCCCCCAGAGCTC,24,711811
cpxRp2,0.8823529411764706,30,16,ACTAAGCGAAAAGGTATGGC,14,678390
cpxRp2,0.47058823529411764,23,16,ACGTCCAGGCCGTGTTTTCT,7,646857
cpxRp2,0.35294117647058826,21,16,ACGGTTTTTATAAAACCGTG,5,647004
cpxRp2,0.7058823529411765,27,16,ACGGCGTCTCACAATCGAAG,11,702142
cpxRp2,0.6470588235294118,26,16,ACGGCGATAGGCCCTCTATG,10,648413
cpxRp2,0.8235294117647058,29,16,ACGCCGTCGTTAGCGTTATA,13,693639
cpxRp2,0.8235294117647058,29,16,ACGCATCATCTGTAGTTGAA,13,704359
cpxRp2,0.47058823529411764,23,16,ACGAATCATCCGACCATGTT,7,662531
cpxRp2,1.2352941176470589,36,16,ACCTTTGACATTCATTCCGG,20,694087
cpxRp2,0.47058823529411764,23,16,ACCTGGATGGACTGAACGTT,7,672476
cpxRp2,0.29411764705882354,20,16,ACCTGCGTTACGCAGGAACT,4,686426
cpxRp2,0.23529411764705882,19,16,ACCTCGATTGTTCAGAGGTG,3,675292
cpxRp2,0.4117647058823529,22,16,ACCGGGGTTCCGCTAGTAAC,6,645220
cpxRp2,0.35294117647058826,21,16,ACCCAGGAACCCGACGTGTT,5,635866
cpxRp2,0.11764705882352941,17,16,ACCATTGCCCATGCATAGCA,1,648695
cpxRp2,0.23529411764705882,19,16,ACATAAAGCATGCATAAGGA,3,679245
cpxRp2,1.3529411764705883,38,16,ACAGCTTTATTAGCATATCT,22,632104
cpxRp2,0.35294117647058826,21,16,ACACAGTCTCGACGTGGGAG,5,679441
cpxRp2,0.5294117647058824,24,16,ACAAGGAACGGAATATCGGT,8,700009
cpxRp2,0.5882352941176471,25,16,ACAAATTTTCTCCAGAGCTA,9,671023
cpxRp2,0.29411764705882354,20,16,AATTGTATAGGGCACCCCCA,4,648582
cpxRp2,0.4117647058823529,22,16,AATGTGACTTTCCGGCCCCA,6,636638
cpxRp2,0.11764705882352941,17,16,AATAGATGCCGAACAGGGTC,1,669063
cpxRp2,0.4117647058823529,22,16,AAGTCGCTACTGCCACAAGG,6,644026
cpxRp2,1.1176470588235294,34,16,AAGTCGATCCGCGGGTGTAG,18,662256
cpxRp2,0.6470588235294118,26,16,AAGTCATAATCCGACTCTAT,10,656699
cpxRp2,1.3529411764705883,38,16,AAGGAGTGCGGATAGTCAAT,22,709216
cpxRp2,0.5882352941176471,25,16,AAGGAGTCGGCACTCATCAC,9,708874
cpxRp2,4.0,83,16,AAGAGATAGACCGCGTCAAT,67,646578
cpxRp2,1.2352941176470589,36,16,AAGACACGGCAAGACGTCTA,20,684616
cpxRp2,0.35294117647058826,21,16,AAGAAACTTGATCCAGACGG,5,676210
cpxRp2,1.1176470588235294,34,16,AACGTTCTTGGTTGTGAATG,18,645083
cpxRp2,0.47058823529411764,23,16,AACGCGAAGAGGCACTCAGA,7,678361
cpxRp2,0.47058823529411764,23,16,AACGAGGGGGTACACACTGA,7,653916
cpxRp2,0.17647058823529413,18,16,AACCTGTCCGCTTCTTCCCA,2,658009
cpxRp2,0.6470588235294118,26,16,AAATGCCGGTCGATCGTCTG,10,689640
cpxRp2,0.5882352941176471,25,16,AAATGCCGACACGGACTCGT,9,678719
cpxRp2,1.1176470588235294,34,16,AAAGATGTGACAACTGCGAT,18,674090
cpxRp2,0.6470588235294118,26,16,AAACCACTGCATACGCATTA,10,685670
cpxRp2,0.7058823529411765,27,16,AAAAGAGCCATACCAATCAT,11,679235
cpxRp2,0.8823529411764706,30,16,AAAAACAAACGCTGGGAGGT,14,631467
cpxRp2,0.375,20,15,TTTTCAAGTTTAATCTACAT,5,679307
cpxRp2,0.125,16,15,TTTGTGGAACTATCTCCCCA,1,632295
cpxRp2,0.375,20,15,TTTCGTAGGACACTACCGAC,5,695104
cpxRp2,0.5,22,15,TTGTGAATGTTAGTTGTACT,7,659425
cpxRp2,1.125,32,15,TTGTCATTAGGCAAGTACTA,17,668392
cpxRp2,0.5625,23,15,TTGCTTCAGATGGGGTCTTT,8,711113
cpxRp2,0.25,18,15,TTGCTGGGCCTCCGATATCC,3,636003
cpxRp2,0.8125,27,15,TTGCGGAACAGGTGTTACGA,12,669937
cpxRp2,0.8125,27,15,TTGCCGGGATACTATGTGGG,12,667558
cpxRp2,0.125,16,15,TTGCAGGCTCGTATTTCATA,1,636041
cpxRp2,0.625,24,15,TTGCAATTCCGATGCTCGAC,9,644966
cpxRp2,0.3125,19,15,TTGATCACTGCGGTTGCGTC,4,636330
cpxRp2,0.6875,25,15,TTGATACGTGCGAGTAGAGA,10,644688
cpxRp2,0.3125,19,15,TTGAGGAATGGACCGCAGCT,4,665117
cpxRp2,12.0625,207,15,TTCTAACTTTTTAAGGTTAT,192,708235
cpxRp2,1.5,38,15,TTCGGCACATTAGGAGCGCG,23,672972
cpxRp2,0.375,20,15,TTCGATAGCCGTCAGAATCC,5,647629
cpxRp2,0.75,26,15,TTCCTTTGGGGTAGGGACTC,11,674125
cpxRp2,0.625,24,15,TTCCATTCAGGCCCCGCGTA,9,686076
cpxRp2,0.75,26,15,TTCATGGGGAGAACGCGTAA,11,656390
cpxRp2,1.25,34,15,TTCAGGGTTACGCCTCTCAT,19,673635
cpxRp2,0.8125,27,15,TTAGTCAGATGCCATTGGCA,12,709889
cpxRp2,0.9375,29,15,TTACCGCAGTTGGCGAGAAT,14,659705
cpxRp2,1.25,34,15,TTAATGTGCTGCGTCCACTT,19,690491
cpxRp2,1.625,40,15,TTAAAGATTGCTGGCTGTAC,25,646265
cpxRp2,0.3125,19,15,TGTGGCGGTGATCGGCCCCC,4,642001
cpxRp2,1.1875,33,15,TGTCTCCGTTGCTATTACGT,18,634462
cpxRp2,1.5,38,15,TGTCATAGGAGCGGATTTTA,23,663561
cpxRp2,0.625,24,15,TGTATCCCGAGGAGAATCTA,9,637145
cpxRp2,1.0,30,15,TGTAGTAATCGATGAGGTTC,15,662061
cpxRp2,0.5,22,15,TGTAGGGAAAGTCATAACAA,7,669517
cpxRp2,0.4375,21,15,TGTACGAACGTCTGCCACAC,6,645902
cpxRp2,1.1875,33,15,TGGTAAGCGAATGAACGTCT,18,667916
cpxRp2,0.8125,27,15,TGGCTAGCATAGGTGTGCGA,12,697832
cpxRp2,0.75,26,15,TGGCGTCGTACCCTATTTCC,11,633688
cpxRp2,2.0,46,15,TGGCGATTTCTTGGTCTATC,31,682873
cpxRp2,0.125,16,15,TGGCATTGGACACGTGGTCT,1,655190
cpxRp2,0.1875,17,15,TGGCACATAACAGGATATGA,2,689520
cpxRp2,0.25,18,15,TGGACTCCCCAATTTCCGGT,3,650914
cpxRp2,0.5625,23,15,TGCTTGGCGGTGGTTAACGG,8,684179
cpxRp2,0.3125,19,15,TGCTGTCGAGACACAGTCGG,4,682124
cpxRp2,0.625,24,15,TGCTGGAGCGGGCAGTTCCA,9,655364
cpxRp2,0.25,18,15,TGCTGAGGCCGAGGTCTTTG,3,690204
cpxRp2,1.25,34,15,TGCTCTCCGTTCTATGGGTA,19,656706
cpxRp2,0.5625,23,15,TGCTCGCTTATTCCCTATAT,8,684317
cpxRp2,0.6875,25,15,TGCGTACAGTTCAGGTAGTA,10,668481
cpxRp2,0.625,24,15,TGCGCACGCCAGCTCTGTTA,9,638913
cpxRp2,1.4375,37,15,TGCCCGGGTCCTGTAAGGAA,22,703702
cpxRp2,0.1875,17,15,TGATTAGGTGTCGTGTGCGA,2,686671
cpxRp2,0.25,18,15,TGATGTCAGCTACAGGTCAG,3,693961
cpxRp2,0.125,16,15,TGAGATCTGATAGCACGCTG,1,639392
cpxRp2,0.4375,21,15,TGAGAGTGTTAAAGATTGAG,6,698547
cpxRp2,0.25,18,15,TGACGGACACTAAGGGGTTC,3,668736
cpxRp2,0.3125,19,15,TGACACGTGACTCAAAGACC,4,654917
cpxRp2,0.625,24,15,TGAAGAGTACAAGGGCGCGC,9,678180
cpxRp2,0.25,18,15,TGAACTGACAAATCGCGCTT,3,674362
cpxRp2,0.3125,19,15,TGAACGCAATATATCCGTAC,4,684924
cpxRp2,0.3125,19,15,TGAAACGCTCGTACCATTGA,4,668209
cpxRp2,1.5625,39,15,TCTTTTACGTACGCGGCTTG,24,631712
cpxRp2,0.5625,23,15,TCTATCACGCACTTTTGTCC,8,663680
cpxRp2,0.125,16,15,TCTAGGGGTCCCATATGATT,1,684014
cpxRp2,0.9375,29,15,TCTACCTTCGCACGTACCCG,14,679371
cpxRp2,1.0,30,15,TCTACAATTATCCCCCCAAA,15,711221
cpxRp2,0.625,24,15,TCTAATCAACCGTGGCGTAT,9,639424
cpxRp2,0.75,26,15,TCGTTTTTTGGGCATACGTT,11,680774
cpxRp2,2.0,46,15,TCGTCTAGATGTGTTCCCGA,31,671472
cpxRp2,1.25,34,15,TCGTCATGGCGACCAGAGTT,19,696937
cpxRp2,1.125,32,15,TCGCTTTAGATAAGAGAGTT,17,644534
cpxRp2,0.4375,21,15,TCGCTGCATCGCGGTGGATG,6,659669
cpxRp2,0.75,26,15,TCGATCTAAGTATGAATAGA,11,636213
cpxRp2,0.125,16,15,TCCGTAGTGAAGCCATGCCT,1,636063
cpxRp2,0.9375,29,15,TCCGTACGTAACACGTGTTC,14,666531
cpxRp2,1.375,36,15,TCCCGACTCAATATCATCTT,21,685253
cpxRp2,0.1875,17,15,TCCCCACGCGGAGAATCTGA,2,683587
cpxRp2,0.3125,19,15,TCCCCAAACAATACTTTATT,4,635848
cpxRp2,0.3125,19,15,TCCCATGGTAGATATCACAT,4,638629
cpxRp2,1.0625,31,15,TCCATTTAGGTTCAAAGAAG,16,670414
cpxRp2,0.375,20,15,TCCATGCTCCCGCATTCGAT,5,692408
cpxRp2,1.5,38,15,TCCAGTCTAGGAGACGCCGC,23,644389
cpxRp2,0.625,24,15,TCCAGCGTTTTGCAGTCTTA,9,637461
cpxRp2,0.125,16,15,TCCACGCACAATAGGCTACA,1,708227
cpxRp2,2.0625,47,15,TCATTAATTTAGTAAGTTCA,32,638007
cpxRp2,0.3125,19,15,TCATGCTTCTGACATTATGT,4,633947
cpxRp2,0.125,16,15,TCAGGGATGCCAATTCTCCA,1,632641
cpxRp2,0.25,18,15,TCACCGGTGTAAGCACGACC,3,689596
cpxRp2,1.0625,31,15,TATTGCGCGTAGAAAGGTCA,16,641935
cpxRp2,0.1875,17,15,TATTGAAATGGCAACGTATA,2,634459
cpxRp2,0.625,24,15,TATTCTAACGTTGCGTCTGC,9,671987
cpxRp2,1.0,30,15,TATTATTGCAGGCTGTGTTC,15,694421
cpxRp2,2.8125,59,15,TATTATGCAATGGCTCATTC,44,650336
cpxRp2,0.6875,25,15,TATTACGGTGTTAATGGCCA,10,702697
cpxRp2,0.9375,29,15,TATGGCTGCGGTTGTCCGTA,14,669043
cpxRp2,0.3125,19,15,TATGACCGAGTTTCCACGAC,4,694910
cpxRp2,1.0625,31,15,TATAATCTTCCTTCTGATGA,16,636873
cpxRp2,0.3125,19,15,TAGCCGGGGCTATGTTAACT,4,703579
cpxRp2,0.5,22,15,TAGCAGTGAGAGGGTGAGTA,7,695330
cpxRp2,0.125,16,15,TAGCAGGAAGTCGAAACAAG,1,674272
cpxRp2,2.0625,47,15,TAGACAGTCGCTTAGAGCTG,32,696023
cpxRp2,0.1875,17,15,TAGACACGACCTACGCGTGC,2,660840
cpxRp2,0.4375,21,15,TACTGTACCCTCAAGAAACT,6,637246
cpxRp2,0.75,26,15,TACTCTGAAGTATGGAGCGA,11,664306
cpxRp2,1.125,32,15,TACGTGAACGTTTTACGGCA,17,646539
cpxRp2,0.3125,19,15,TACGCAACGCACCTGGTTAA,4,665695
cpxRp2,0.5,22,15,TACGAACAGAGCTCTGGTCA,7,685513
cpxRp2,7.875,140,15,TAATTTAGTCGCCGAAAAGC,125,640861
cpxRp2,0.1875,17,15,TAACCACAATTCATCGCGCT,2,659915
cpxRp2,3.3125,67,15,TAAATACTCCAGGACTTCAT,52,648835
cpxRp2,0.8125,27,15,GTTTCAGTCCACTCAGTCCC,12,640230
cpxRp2,0.375,20,15,GTTGGGACCTGCATCCATTT,5,684688
cpxRp2,0.625,24,15,GTTCAGAGGTTGGCACTCTT,9,635764
cpxRp2,1.1875,33,15,GTGTTTGTGAACAACAACGG,18,677749
cpxRp2,0.4375,21,15,GTGTGGTTGTAGAAGTAGGG,6,697759
cpxRp2,0.8125,27,15,GTGTCGGCATTCTTCGTAGG,12,683920
cpxRp2,1.875,44,15,GTGGTAGTCAAAAGTCTGAA,29,690342
cpxRp2,0.9375,29,15,GTGCTATCTTCGCTGTTGAC,14,681271
cpxRp2,0.875,28,15,GTGCCTTATGAGTTAAACTT,13,678701
cpxRp2,3.0625,63,15,GTGCCCGGGACGTCCACGGT,48,653885
cpxRp2,0.5,22,15,GTGAGATGACTGGGTGGATG,7,670936
cpxRp2,0.5,22,15,GTGAATAGGGATCTCGGATT,7,711183
cpxRp2,2.4375,53,15,GTCTCTCGGTAGGGGTAGGT,38,682249
cpxRp2,0.1875,17,15,GTCGTCTACCATAATTGCTC,2,650959
cpxRp2,0.375,20,15,GTCGAACCCTTTGTCCGCCC,5,700909
cpxRp2,0.3125,19,15,GTCCTGGGTCCATTCGGATG,4,669139
cpxRp2,0.3125,19,15,GTCCGAATCGGCCTACGCAT,4,635638
cpxRp2,0.875,28,15,GTCATCAGAGGTAAGATCTC,13,677528
cpxRp2,0.6875,25,15,GTATTGTTATTTCAGTTGCT,10,635817
cpxRp2,0.3125,19,15,GTATGCGGGCATTACGCTCT,4,660688
cpxRp2,2.125,48,15,GTATGAACGAGGTTTCTTTT,33,673679
cpxRp2,0.4375,21,15,GTACAACTGTAATTCACCGG,6,640553
cpxRp2,4.25,82,15,GTAAGCTTTTGAGGTGGCAA,67,698034
cpxRp2,0.125,16,15,GGTTTCGCAGTTGCCAGAAT,1,638604
cpxRp2,0.6875,25,15,GGTTGACTCGCCCATACCCT,10,641641
cpxRp2,0.375,20,15,GGTTCTACCTCATGGTGTTT,5,652214
cpxRp2,0.375,20,15,GGTGTTGGGTGTATTGGGTC,5,688388
cpxRp2,1.0,30,15,GGTGGCACTGCAACGTGAAT,15,646393
cpxRp2,5.0625,95,15,GGTGCTCCTGGAGTAAACAG,80,662847
cpxRp2,0.8125,27,15,GGTCTATGAGAGAGAAGAGT,12,663395
cpxRp2,0.5625,23,15,GGTCGGCAAACACCGTGTGA,8,700938
cpxRp2,2.125,48,15,GGTAGCTCTCCAACAGGTAT,33,675984
cpxRp2,2.6875,57,15,GGGTTGAGACATCCTCTCGT,42,639607
cpxRp2,0.875,28,15,GGGTCGCCTGCACTCAGACA,13,637672
cpxRp2,0.8125,27,15,GGGGTGAACTAAGGTACACA,12,642165
cpxRp2,0.8125,27,15,GGGGTCGGAGTCGTGGAGGT,12,690704
cpxRp2,0.4375,21,15,GGGGCTTTTGGGCAAACCGT,6,649534
cpxRp2,0.5,22,15,GGGGACAGTTGTTGCAAGGT,7,659814
cpxRp2,0.5,22,15,GGGCTCTCCGTTATTATAAA,7,635518
cpxRp2,0.8125,27,15,GGGACCATGTCGGAAGTCTA,12,696640
cpxRp2,0.3125,19,15,GGGAAAGGATGCGTCGCTCC,4,634549
cpxRp2,1.3125,35,15,GGCTTCACAGGCAGTCCGAA,20,649565
cpxRp2,0.625,24,15,GGCGATCGGGGGAGACTTAG,9,710332
cpxRp2,0.75,26,15,GGCGACACGGATAAGGACTT,11,674953
cpxRp2,0.375,20,15,GGCCCTAAATGTTCTTAAGG,5,653264
cpxRp2,0.125,16,15,GGCAACCTTGAGATCTGCTG,1,641645
cpxRp2,0.125,16,15,GGATGCTGCAATTCCAAGCC,1,637468
cpxRp2,0.4375,21,15,GGAGGATTGGATCCAAAACA,6,632424
cpxRp2,0.5625,23,15,GGAGGATGGATCGGTTCAAA,8,665273
cpxRp2,0.8125,27,15,GGACCTCCGGACAGTCTGTT,12,668307
cpxRp2,0.4375,21,15,GGAAGTAGCAAATAGAACCC,6,693592
cpxRp2,0.5625,23,15,GGAAGAATTCAGTTGCACAT,8,664526
cpxRp2,1.5,38,15,GGAACATTACAAGTTACCAT,23,710219
cpxRp2,0.5,22,15,GGAAACTTGGGGCTATGAGC,7,697079
cpxRp2,0.75,26,15,GCTTTCCAGGCTTCTTCTCA,11,675244
cpxRp2,0.4375,21,15,GCTTGGCCTTCTGTCACTGC,6,629727
cpxRp2,2.75,58,15,GCTTGAGCACTTTAAAAACC,43,683292
cpxRp2,0.25,18,15,GCTTCGACTGTTGAGGCTCA,3,699778
cpxRp2,0.6875,25,15,GCTTATGTCTGACAACGGTT,10,685980
cpxRp2,0.5,22,15,GCTTAGTTATACGGAGTAAT,7,655469
cpxRp2,0.375,20,15,GCTGGTCATTCCTGGGGCGG,5,705874
cpxRp2,1.75,42,15,GCTCCAACGAATGTATTTTA,27,696184
cpxRp2,0.1875,17,15,GCTAAGCAACTTATATGCTA,2,676428
cpxRp2,2.1875,49,15,GCTAAAGTACACGCTAGTTA,34,678342
cpxRp2,1.8125,43,15,GCGTCGTCAGCGTCGCCGCG,28,659782
cpxRp2,1.0625,31,15,GCGTACAGCGTATTGGGTCT,16,641446
cpxRp2,0.4375,21,15,GCGTAATTACAGATGTGAAC,6,663392
cpxRp2,0.6875,25,15,GCGGTATCGTGCAACCGCGA,10,710545
cpxRp2,1.125,32,15,GCGGCTTTGACATAATCTTC,17,634843
cpxRp2,0.9375,29,15,GCGCGTTTTCTCGCTTGGGG,14,638474
cpxRp2,0.4375,21,15,GCGCCAGTGCGTTCCTGTCA,6,699037
cpxRp2,0.6875,25,15,GCCTGGGGAGATTGGTTAGC,10,675184
cpxRp2,1.6875,41,15,GCCTGCCCTGATGCCTACAC,26,705419
cpxRp2,13.875,236,15,GCCTGCATCGGTCCACTGGC,221,705912
cpxRp2,0.5625,23,15,GCCGTCCCAAAGGGTCTAAC,8,640079
cpxRp2,0.5,22,15,GCCGAACCACGTAGTTCTTG,7,663904
cpxRp2,0.5625,23,15,GCCAGTTGGTCTTGGATCGG,8,709849
cpxRp2,0.875,28,15,GCCAGAAGTGACTGTCCGAC,13,690192
cpxRp2,0.8125,27,15,GCCACGCGTCCGTGAGCTGG,12,660234
cpxRp2,0.25,18,15,GCCAAATTGCGTCACCGTGG,3,688109
cpxRp2,0.375,20,15,GCATTTTCCACAGGAATCGA,5,643946
cpxRp2,0.625,24,15,GCATGCAACTGGACACGGTA,9,660097
cpxRp2,0.375,20,15,GCATATGGGCAAGTGGATCT,5,688142
cpxRp2,0.25,18,15,GCACTAAGGTAAAGGGCGAA,3,692568
cpxRp2,0.1875,17,15,GCAACTCATACTCACAGGGG,2,696951
cpxRp2,0.625,24,15,GATTGATCATCAAGCGTTCT,9,699760
cpxRp2,0.3125,19,15,GATGGTTCCTTATGGCACCT,4,633109
cpxRp2,1.0625,31,15,GATAGGCAACACGCGCTCGA,16,702316
cpxRp2,0.5,22,15,GATAGACATGTGCCCGAAGT,7,704607
cpxRp2,0.75,26,15,GATACGGCCGCGAGATGGAA,11,648049
cpxRp2,0.6875,25,15,GAGTCACCTCGGGGCACCAT,10,699061
cpxRp2,0.5625,23,15,GAGTACTTCGATCAGGGCTA,8,642421
cpxRp2,0.5625,23,15,GAGGGGTGTGGGTACGGCTC,8,629973
cpxRp2,0.5,22,15,GAGGCGGAGTAGATCCATGA,7,639968
cpxRp2,0.625,24,15,GAGGCACGGCTCAGACGACT,9,651175
cpxRp2,0.25,18,15,GAGGCAATTTCTGTGAAGGA,3,635859
cpxRp2,1.375,36,15,GAGCCACTGGCTAAATCCCG,21,676030
cpxRp2,0.9375,29,15,GAGATCAAGCGGCAGAGATC,14,669124
cpxRp2,0.5,22,15,GAGATAATGCCACGGTTTGT,7,693156
cpxRp2,0.625,24,15,GACGACGCCTCACCATCATC,9,708999
cpxRp2,0.5625,23,15,GACCGTGCAGTTGCCTACTC,8,659933
cpxRp2,0.125,16,15,GACATTAGTTGTATAAACGT,1,698333
cpxRp2,0.25,18,15,GACAACCCGCATCAGGCCAG,3,657194
cpxRp2,0.375,20,15,GAATTGGTTTCACCCTATCA,5,634691
cpxRp2,0.5625,23,15,GAATCGTTGGACAACACCCC,8,666700
cpxRp2,0.375,20,15,GAATACAGGTAGAGGAACGT,5,641062
cpxRp2,1.8125,43,15,GAAGTCCCTAAGTCCATTCG,28,678401
cpxRp2,0.1875,17,15,GAAGGAGTACGGCCTACCGG,2,678834
cpxRp2,0.4375,21,15,GAAGCAACTACACTCGATAG,6,634895
cpxRp2,0.5,22,15,GAACGGTGGAGAAGCACATC,7,705877
cpxRp2,0.4375,21,15,GAACGGGTACAGCGGGTCGC,6,685425
cpxRp2,1.125,32,15,GAAATGATTACCTCCGATTG,17,659524
cpxRp2,0.125,16,15,GAAAGTGGTGCTATCGTCCA,1,673288
cpxRp2,1.1875,33,15,CTTTGACAACCAGCCCTGGA,18,649856
cpxRp2,0.875,28,15,CTTGCACACACCGGATCGTG,13,635733
cpxRp2,0.4375,21,15,CTGTGAGTGTGTAACCGATT,6,698883
cpxRp2,1.625,40,15,CTGTCGTTAGGCCCAAACAG,25,693347
cpxRp2,0.8125,27,15,CTGCTGTTTCGTTATTTAGT,12,672834
cpxRp2,1.0625,31,15,CTGCTGCAGGGTACCCAGTT,16,631975
cpxRp2,0.75,26,15,CTGCCTTCGGGTACCGTCGA,11,644291
cpxRp2,0.75,26,15,CTGCCACGCTTACCAATAGA,11,653258
cpxRp2,1.8125,43,15,CTGATTCGTGACTAACAGCA,28,663965
cpxRp2,1.5625,39,15,CTGATCGTGAACTACTCTAG,24,699859
cpxRp2,0.125,16,15,CTGAATCACAGGTTTAAATT,1,670456
cpxRp2,0.5625,23,15,CTGAAGCGTCATGTAGATAG,8,669466
cpxRp2,0.1875,17,15,CTCTTGCTGGATCTCCTTGG,2,635572
cpxRp2,1.375,36,15,CTCGATCTTTGTTCAAGGGA,21,662532
cpxRp2,0.6875,25,15,CTCCTTTAAGCCTTCAAAAG,10,647951
cpxRp2,0.125,16,15,CTCCGGATAATGTATAAGAG,1,683322
cpxRp2,0.25,18,15,CTCCGACGTACTCGCACTCT,3,630511
cpxRp2,0.3125,19,15,CTCCCATACATCGGGCGACA,4,635621
cpxRp2,0.6875,25,15,CTCCAGACCGTAGTAGTATC,10,640762
cpxRp2,0.125,16,15,CTCATCGGGTGGGTCGGCTA,1,685163
cpxRp2,0.3125,19,15,CTATTATCGTCCCCAACCGA,4,694708
cpxRp2,0.625,24,15,CTATAATGAAGACTGCTAGG,9,664042
cpxRp2,0.1875,17,15,CTAGGAAACCGTAAGCCAGT,2,692268
cpxRp2,0.9375,29,15,CTAGCTTATGGTATCGAATC,14,640652
cpxRp2,0.75,26,15,CTACACAATAGGGTGCGCCT,11,659169
cpxRp2,0.6875,25,15,CTAACAGGGCTGAGAATCGG,10,637406
cpxRp2,0.25,18,15,CGTTGAGTCCGAGACTACTA,3,632486
cpxRp2,0.375,20,15,CGTTGACGTTAACGACGTTG,5,676969
cpxRp2,1.5625,39,15,CGTTCGTACTCTGTTCCTCA,24,667729
cpxRp2,1.0625,31,15,CGTTCATTACAAGGACGACA,16,705829
cpxRp2,0.5625,23,15,CGTGCCATGTTACAGGACAT,8,662673
cpxRp2,0.5625,23,15,CGTGCCAGAAACGATTATCA,8,687550
cpxRp2,0.3125,19,15,CGTCTGAGACCCTGACAGTT,4,678021
cpxRp2,0.375,20,15,CGTCGGATTTTTTGTTCGAA,5,698577
cpxRp2,1.25,34,15,CGGTGCTCCAGACTGAAACG,19,633044
cpxRp2,0.375,20,15,CGGGTATTCCGCCCGGTAGT,5,669037
cpxRp2,1.0,30,15,CGGCACGGCCAGGCTACGGT,15,654105
cpxRp2,0.625,24,15,CGGCACACATGTATAGGCCT,9,631398
cpxRp2,0.125,16,15,CGGAGTCTCCATCCATCACA,1,670440
cpxRp2,7.5,134,15,CGGACGATATGCCCTGATCA,119,707405
cpxRp2,0.75,26,15,CGCTCGTCAACTTGTATTAT,11,678253
cpxRp2,0.1875,17,15,CGCGCCCCACTTAAAAGTTG,2,680420
cpxRp2,2.0,46,15,CGCATTCGATTTGTTGATTA,31,665537
cpxRp2,0.6875,25,15,CGATCACTACCTAGGCCATT,10,632632
cpxRp2,0.125,16,15,CGAGTGGACAGGACTTCTCA,1,682579
cpxRp2,0.125,16,15,CGAGGCTTAGAGCCGTCTTA,1,642357
cpxRp2,0.3125,19,15,CGAATTTAAACGAGCATCTG,4,651345
cpxRp2,0.4375,21,15,CGAATAAGCCCGGTCTATAT,6,651648
cpxRp2,0.875,28,15,CGAAGGCCTGGAATGCACAA,13,633099
cpxRp2,0.6875,25,15,CCTTAGTATGTAGCGCGTAT,10,685157
cpxRp2,0.625,24,15,CCTGTGCAGCACAAAGCCAA,9,682257
cpxRp2,0.1875,17,15,CCTGGGTTCGCTGAACGAAA,2,678252
cpxRp2,2.0625,47,15,CCTGGATACCGGTAATGCAT,32,648442
cpxRp2,0.875,28,15,CCTGAAGTGGCTGGGCGTCT,13,648587
cpxRp2,0.25,18,15,CCTATGCCGAACCTAGGTAG,3,635428
cpxRp2,0.625,24,15,CCTAGTAGGTCGCGTTACCG,9,635302
cpxRp2,1.3125,35,15,CCGTTAGAGGTGTGAGCGCT,20,687104
cpxRp2,1.5625,39,15,CCGGTAACAAATACCTGTCG,24,666241
cpxRp2,0.8125,27,15,CCGGGGCACCCATGCAAACC,12,635977
cpxRp2,0.125,16,15,CCGGACAGCTGACTGGCGAT,1,708950
cpxRp2,0.625,24,15,CCGCTTAGACCGTTAGGCTG,9,702019
cpxRp2,0.625,24,15,CCGATAGGAATAGCGGTTAT,9,634897
cpxRp2,0.25,18,15,CCGAGGATTCTAACCTATCC,3,650023
cpxRp2,0.125,16,15,CCGAGCGTAGTCGCATCTTA,1,666612
cpxRp2,1.0,30,15,CCGACCAACTTTGCATTGAG,15,650341
cpxRp2,0.25,18,15,CCGAAATGCGCGCTAATCGA,3,696430
cpxRp2,0.5625,23,15,CCCTTTATGCGAGACCTATA,8,659630
cpxRp2,0.875,28,15,CCCGTGCACGGGAACGCTAT,13,662765
cpxRp2,1.125,32,15,CCCGATCTTAATTTAGTGGA,17,631183
cpxRp2,2.0,46,15,CCCCTATGGAAAGGGCTGAA,31,649266
cpxRp2,1.75,42,15,CCCCCTGCGACGAAATAGGG,27,711136
cpxRp2,1.0,30,15,CCCCCGCTGAGTGGATAAAC,15,690780
cpxRp2,1.125,32,15,CCCATGTACGTTTCTTCCAA,17,695830
cpxRp2,1.0,30,15,CCCAGTGGGCGGACACTCTC,15,643002
cpxRp2,0.9375,29,15,CCCACGGAATTCACAAGGAT,14,635515
cpxRp2,0.625,24,15,CCATTTTCACGAGTAAATAG,9,707039
cpxRp2,0.25,18,15,CCAGTGGGGGTGACGGCCAA,3,647029
cpxRp2,0.8125,27,15,CCAGGTATCATACGGAATAA,12,657509
cpxRp2,0.125,16,15,CCACTCGGCGACAATTGACA,1,705458
cpxRp2,0.8125,27,15,CCACCTTGGTCGAAGAATTG,12,637086
cpxRp2,0.5,22,15,CCAAGGTGGGTAATGAACGT,7,647100
cpxRp2,0.6875,25,15,CCAAGACTTCCGTATCAGAG,10,704516
cpxRp2,0.75,26,15,CATGGACTTGTAATTGATGT,11,634379
cpxRp2,0.4375,21,15,CATCGATACGCTAGGTAGGG,6,695047
cpxRp2,0.375,20,15,CATCATAGGGAGACTCAAAA,5,680779
cpxRp2,0.1875,17,15,CATCAGGAGCAATCGAGTTG,2,681862
cpxRp2,1.8125,43,15,CATAAATGTCGGCTAACACA,28,652780
cpxRp2,0.4375,21,15,CAGTGCAAATAGATATAGGA,6,674961
cpxRp2,1.0625,31,15,CAGGATGAGGGATCGGATTG,16,654906
cpxRp2,0.125,16,15,CAGCGTGATCGGGAGCAGCG,1,629702
cpxRp2,0.625,24,15,CAGCGCGCCGCGCCCACAAG,9,654169
cpxRp2,1.0625,31,15,CAGCCAGTGAAGTGCCTGCA,16,691650
cpxRp2,0.8125,27,15,CAGCAGCGGATCGATTATTT,12,682283
cpxRp2,0.1875,17,15,CAGATGGGGGGTTGATGGCT,2,631870
cpxRp2,1.4375,37,15,CAGAGCGCGGCTAGACGTTG,22,688620
cpxRp2,0.6875,25,15,CAGAGAGCAGAACTATGTCC,10,631035
cpxRp2,0.625,24,15,CACTAGGTTGCTGGATAATA,9,651210
cpxRp2,0.6875,25,15,CAATAGTGTCTAAGGTACCA,10,653400
cpxRp2,0.625,24,15,CAAGTTGGTAAGCAATTTAG,9,654871
cpxRp2,0.375,20,15,CAAGACTGGATATATGAGGC,5,693187
cpxRp2,0.5625,23,15,CAACTTTGGCATTCTTACGA,8,661720
cpxRp2,0.125,16,15,CAAACCCGGACAGGGAGCGG,1,699209
cpxRp2,0.625,24,15,CAAACAGCGGCGAACCACAA,9,650661
cpxRp2,1.0,30,15,CAAAACGAGGCATTATAGGT,15,699399
cpxRp2,1.0,30,15,ATTTGCCGTCTATTCCGCGT,15,631055
cpxRp2,2.4375,53,15,ATTGTTTTGAATGGAGCGGT,38,703231
cpxRp2,0.625,24,15,ATTCTCACTGCAGTTTGACT,9,655529
cpxRp2,1.25,34,15,ATTCAACATGACATGCAACT,19,667588
cpxRp2,0.25,18,15,ATTATTACTGCCTCGGATCA,3,656518
cpxRp2,0.875,28,15,ATTAGCAGCTTCTGCCGATG,13,665329
cpxRp2,1.125,32,15,ATTAGAGTTATGCAGAGGCG,17,701302
cpxRp2,1.1875,33,15,ATTACGGGACGGCCCTTTAG,18,647918
cpxRp2,0.4375,21,15,ATTACATATGGTCGAAATCC,6,644076
cpxRp2,0.4375,21,15,ATTAAGTAAATCCGGAATAT,6,707949
cpxRp2,0.625,24,15,ATGTGGCTCAGGGGGCAGAC,9,669748
cpxRp2,1.5625,39,15,ATGTGCAGACTCATCCCCAA,24,674455
cpxRp2,1.25,34,15,ATGTCTCGCTTCTTCATGCA,19,662154
cpxRp2,1.0,30,15,ATGTCTATCTGTATAGCGGT,15,686865
cpxRp2,0.8125,27,15,ATGGTAGCCAAAAAGGAGAG,12,691353
cpxRp2,0.4375,21,15,ATGGGTCTTAATTTCACGAG,6,671158
cpxRp2,1.1875,33,15,ATGGAGGAGAGACGGTCCTT,18,641013
cpxRp2,1.125,32,15,ATGCGCGGCTATGAGATGAT,17,658437
cpxRp2,0.625,24,15,ATGCAGAAACGCACAGATAG,9,656103
cpxRp2,0.1875,17,15,ATGCACGCCATAAGTGGGAT,2,649870
cpxRp2,0.125,16,15,ATGAATCGCGGCTGCGTACA,1,667101
cpxRp2,2.6875,57,15,ATCTGCATACCCTCCGTGAG,42,674680
cpxRp2,0.4375,21,15,ATCTCGCAAGCTAGGCAGCC,6,644060
cpxRp2,0.8125,27,15,ATCTAGAGTGTAAGGCCGTT,12,679871
cpxRp2,0.25,18,15,ATCGCCGCGAGATTGGGGTC,3,642080
cpxRp2,0.3125,19,15,ATCGAGGGTTCACTTTGGAG,4,685499
cpxRp2,0.4375,21,15,ATCCCAGGCGTACCAGCAAT,6,670668
cpxRp2,0.3125,19,15,ATCCACAATGTAGCCGTGAA,4,638049
cpxRp2,0.1875,17,15,ATAGGTATCCCAAAACGCAT,2,655348
cpxRp2,1.8125,43,15,ATAATGCTCGGCCTTAGATC,28,658716
cpxRp2,0.125,16,15,ATAACGCGAGGTGTCGGTCA,1,670620
cpxRp2,0.625,24,15,AGTTCTAACAGGAGACAAAG,9,655528
cpxRp2,0.25,18,15,AGTGTTTTTCGCCAGAGGGT,3,662290
cpxRp2,0.8125,27,15,AGTGGCTCGAACGTCGGCAG,12,667645
cpxRp2,0.125,16,15,AGTGGCTAGCAGCATAACTC,1,642422
cpxRp2,1.125,32,15,AGTCTCCCGCGCGGTATCTA,17,661222
cpxRp2,0.875,28,15,AGTCGGACAGTGACATAGAT,13,698315
cpxRp2,0.5625,23,15,AGTAGGTATGAAACAACCAG,8,704635
cpxRp2,0.8125,27,15,AGTACCCTAGGTGATGCTAG,12,632300
cpxRp2,0.5,22,15,AGGTCGAAGCATAAAAGCAT,7,658162
cpxRp2,0.5625,23,15,AGGCTCCTCCAGTGTTCTGG,8,676582
cpxRp2,0.5,22,15,AGGCGTGGCTAGCGTCCTAT,7,662471
cpxRp2,0.4375,21,15,AGGCATCATCAGCATAGAAC,6,652328
cpxRp2,0.25,18,15,AGGAGAGGCTTAACTTTGAC,3,631480
cpxRp2,1.25,34,15,AGCGGAACTGCGGGACTGAG,19,667261
cpxRp2,0.375,20,15,AGCCGCGTGGAGGCCCGTTG,5,645948
cpxRp2,0.375,20,15,AGCCCTGCCAGGGCTTCGAC,5,651347
cpxRp2,0.3125,19,15,AGCACGATGAGCCCTATTCT,4,678765
cpxRp2,0.1875,17,15,AGATAAGCACGTGCGTCTTT,2,702371
cpxRp2,1.375,36,15,AGAGCATTTTATGGGTTTAT,21,692223
cpxRp2,1.0,30,15,AGACCCCTAGACTGGCTGAC,15,698498
cpxRp2,0.9375,29,15,AGACAATAAGGGAGTTACGC,14,645682
cpxRp2,0.3125,19,15,AGAATCGACCGTGGAAATTG,4,667782
cpxRp2,0.5625,23,15,AGAACTCGGTCCTTTTTAAT,8,676719
cpxRp2,1.25,34,15,ACTTAACTCCCACACGTGCG,19,678645
cpxRp2,0.5625,23,15,ACTGTCGTTATTGAAAGGAG,8,658014
cpxRp2,2.375,52,15,ACTGGACATTTCGTTCGGCG,37,684370
cpxRp2,0.3125,19,15,ACTGAGCATTCGTAAAGGTC,4,648788
cpxRp2,1.6875,41,15,ACTCCTTCCTATACGGTCTG,26,689745
cpxRp2,0.125,16,15,ACTCCGACTTCCCCCGTCGA,1,693089
cpxRp2,0.3125,19,15,ACTCACTCGAAGTTATCTGC,4,634605
cpxRp2,1.125,32,15,ACTAGACTACAACTTGAAGT,17,657143
cpxRp2,0.1875,17,15,ACGTCTGACACGTATCAGAT,2,670231
cpxRp2,0.1875,17,15,ACGTACTGGTTTAAACACTG,2,643595
cpxRp2,2.0,46,15,ACGTAAGCTGACTAACTGAC,31,675129
cpxRp2,0.625,24,15,ACGGTTTTACCCAGTAGGCA,9,650822
cpxRp2,0.375,20,15,ACGGTAATAAAACCGGGGCA,5,709520
cpxRp2,0.3125,19,15,ACGGCGAAATGACTGTGCTC,4,631827
cpxRp2,0.125,16,15,ACGGAGGCGTACCGCATGAA,1,674387
cpxRp2,0.125,16,15,ACGCAATAAGGCGGGACTTA,1,696197
cpxRp2,0.75,26,15,ACCTAGTATAACTGCCAGCA,11,632984
cpxRp2,0.4375,21,15,ACCGCGAGACGCTAACAAGA,6,647916
cpxRp2,1.0,30,15,ACCCTCAGGCCAACACACAC,15,693985
cpxRp2,5.75,106,15,ACCCGTTTCCACAATCATGA,91,640306
cpxRp2,0.25,18,15,ACCCGCAAGAAAGCGTTGTG,3,711648
cpxRp2,0.75,26,15,ACATTTCCTTCCGGCTCGTA,11,677384
cpxRp2,0.125,16,15,ACATAGGCTGTCAGTCGGTT,1,666352
cpxRp2,1.8125,43,15,ACAGGGCCATACAATCGGAT,28,649614
cpxRp2,0.5,22,15,ACAACTCTTGCGCCCCCGGT,7,700248
cpxRp2,0.4375,21,15,ACAAACCGGTTAGATGACTA,6,688942
cpxRp2,0.9375,29,15,AATTCGCAGGAACGCATCTA,14,701276
cpxRp2,0.875,28,15,AATTAGTGGTGGACGGTAGG,13,631346
cpxRp2,1.25,34,15,AATGTACTGCCAGGCCATTC,19,648401
cpxRp2,0.6875,25,15,AATGGTAACTTATTCGGCGC,10,694243
cpxRp2,0.4375,21,15,AATGACGATTAGGGCGTCAC,6,661919
cpxRp2,0.4375,21,15,AATCTTCAGCGCCACATTGT,6,658073
cpxRp2,0.125,16,15,AATCGCATACAATTCAACGC,1,673659
cpxRp2,1.625,40,15,AATCCGTACCAGCACTTCGG,25,666790
cpxRp2,0.4375,21,15,AAGGTCGGACAGAGTCAACG,6,695171
cpxRp2,0.375,20,15,AAGGTCCTTATGCAAGGGAT,5,661090
cpxRp2,0.75,26,15,AAGCTTAGAGTGACAATTAT,11,646212
cpxRp2,3.125,64,15,AACGTCGCATAGGGAACCGT,49,692978
cpxRp2,0.4375,21,15,AACGATATAAGACACATAAT,6,680113
cpxRp2,0.3125,19,15,AACCGGTAGAATTAAACGAC,4,674254
cpxRp2,0.1875,17,15,AACCCACCGAGCAGGACTCA,2,710149
cpxRp2,0.625,24,15,AACATAGCTTCTTCGGAAAA,9,671096
cpxRp2,1.1875,33,15,AACAGGCGTGATGAGAGACT,18,696721
cpxRp2,0.5,22,15,AAATTTGGGTACACTTGGGG,7,697214
cpxRp2,0.3125,19,15,AAATCTGCGGCCCTGTATAT,4,685615
cpxRp2,0.625,24,15,AAATAACAATTCTTCTGCAT,9,658564
cpxRp2,0.3125,19,15,AAAGGGAAGGCGCACTGCTA,4,648027
cpxRp2,0.6875,25,15,AAAGCCCCATCAGTTCACGT,10,643110
cpxRp2,0.4375,21,15,AAACCGATAAACGTCGACCC,6,674226
cpxRp2,1.0625,31,15,AAACAATCAAGTTAAGCCCC,16,677167
cpxRp2,0.25,18,15,AAAACCCCCAGCCGCCGATT,3,709428
cpxRp2,0.4375,21,15,AAAACCACTGGCTTCTCCAC,6,710203
cpxRp2,1.3333333333333333,33,14,TTTTTCAGCATTTGGTGCTA,19,709743
cpxRp2,1.7333333333333334,39,14,TTTTGTCAAAGCTGTCAGTA,25,644375
cpxRp2,1.1333333333333333,30,14,TTTTCGCAGTACAAAGACTT,16,677706
cpxRp2,0.6,22,14,TTTTATAAGGAACTACCAAC,8,654282
cpxRp2,1.2666666666666666,32,14,TTTGGGCGCCTCCGCCAAAT,18,644221
cpxRp2,0.4666666666666667,20,14,TTTGGATCAGAAGTATCGGT,6,663908
cpxRp2,1.9333333333333333,42,14,TTTGGACCACTTCCCTCGCG,28,661873
cpxRp2,1.4666666666666666,35,14,TTTGAGGGGAGCACATCCTG,21,705966
cpxRp2,0.2,16,14,TTTGAACCCCGGGACCAGGA,2,694836
cpxRp2,1.8,40,14,TTTCGGACATCTCGTCATAA,26,704103
cpxRp2,0.13333333333333333,15,14,TTTCGCGCCTAAGGACTCTC,1,638855
cpxRp2,0.26666666666666666,17,14,TTTAGCATTCATATTCACTA,3,645649
cpxRp2,0.5333333333333333,21,14,TTTAGACGAGGCCCTTGTCT,7,667946
cpxRp2,0.2,16,14,TTTACCAGTGCCGATAGCTG,2,675879
cpxRp2,0.8,25,14,TTTAACTCAGGTAACGTGTT,11,696153
cpxRp2,1.4666666666666666,35,14,TTGTTTACTGTGGAGTTTTC,21,639535
cpxRp2,0.8666666666666667,26,14,TTGGGGGAGAGTTAACATCA,12,676681
cpxRp2,0.9333333333333333,27,14,TTGGATCGGTAATGGACACA,13,643257
cpxRp2,0.2,16,14,TTGGATCCTCTATCCTTAGT,2,647307
cpxRp2,0.26666666666666666,17,14,TTGGACAAAAGACAGGTAGT,3,703861
cpxRp2,0.8,25,14,TTGGAAGGGTTGTAAAACCA,11,687899
cpxRp2,0.6,22,14,TTGCTCTGCAGCGTGCAGTA,8,656074
cpxRp2,1.1333333333333333,30,14,TTGCCTTTAGAGTACATCGT,16,658961
cpxRp2,0.2,16,14,TTGAGAAGCGCTCCGGCATA,2,634732
cpxRp2,0.8666666666666667,26,14,TTGAAGTTTGTTGCCATCGC,12,701953
cpxRp2,2.7333333333333334,54,14,TTCTTTGAAAGGACGGATCA,40,671880
cpxRp2,1.0,28,14,TTCTAAGACAGCATGGAAAC,14,655030
cpxRp2,0.26666666666666666,17,14,TTCGTCACGAACCATTAGGG,3,638177
cpxRp2,0.9333333333333333,27,14,TTCGTAATATAGTGACGAAG,13,679188
cpxRp2,1.0,28,14,TTCGGTCGCCTGGCGACGAC,14,648806
cpxRp2,3.6,67,14,TTCGCTCATACAGGGCCTAT,53,648837
cpxRp2,0.6666666666666666,23,14,TTCCTGTTTGACGGGCACTA,9,701861
cpxRp2,0.4666666666666667,20,14,TTCATTGCCGACGGGTCGGA,6,702273
cpxRp2,0.7333333333333333,24,14,TTCACCTCCGGAGGTTTATA,10,659930
cpxRp2,0.3333333333333333,18,14,TTCAAGGGGTGAGTATCAGT,4,689158
cpxRp2,1.2,31,14,TTATGTAAACATCTGTAAGT,17,659123
cpxRp2,0.6,22,14,TTATGCAGAACCGAACACGT,8,697470
cpxRp2,2.2,46,14,TTATGCAAGAAGGACTCGTA,32,668152
cpxRp2,0.5333333333333333,21,14,TTATCTTCAATATTTTTGAT,7,642008
cpxRp2,0.26666666666666666,17,14,TTATAAAGCCCGCCCCCATG,3,664170
cpxRp2,2.1333333333333333,45,14,TTAGTTGGACTCAGGCAAGA,31,655338
cpxRp2,1.6,37,14,TTAGCGTAAAACCAAACTAG,23,669115
cpxRp2,2.1333333333333333,45,14,TTAGCATCGTATGGATCTTC,31,691127
cpxRp2,1.0,28,14,TTACAGTAGTTGGGGGTCTG,14,638826
cpxRp2,1.1333333333333333,30,14,TTAAGTCAAGAGTATACTAA,16,649088
cpxRp2,1.0,28,14,TTAAGTACGGATGTTAGTGT,14,674265
cpxRp2,1.0,28,14,TTAACGCTAACGCGCTTAGC,14,655572
cpxRp2,0.9333333333333333,27,14,TGTTTGCTGATTTTATCAGT,13,692037
cpxRp2,0.4666666666666667,20,14,TGTTTGACCACGCGAACATC,6,686539
cpxRp2,2.2,46,14,TGTCTAGATATAACGCGCCT,32,638485
cpxRp2,0.4666666666666667,20,14,TGTCAAATCTCTCCACTAAA,6,640945
cpxRp2,0.4,19,14,TGTACTACGTGACCCGCAGT,5,654830
cpxRp2,0.5333333333333333,21,14,TGGTTTTCCTTAGTTCTTAA,7,660214
cpxRp2,2.066666666666667,44,14,TGGTGGTATCCCGCTTATGA,30,668638
cpxRp2,1.3333333333333333,33,14,TGGTATACCGGTGTTGGGTT,19,699452
cpxRp2,1.0666666666666667,29,14,TGGGTCTACGGCGTCGAAGT,15,686875
cpxRp2,1.2,31,14,TGGGACGGTACAGCCACCTT,17,686838
cpxRp2,1.0,28,14,TGGCTTTAGAAAGTAGCATC,14,656893
cpxRp2,0.8666666666666667,26,14,TGGCGGGTTTTTATATGGAA,12,699766
cpxRp2,0.4666666666666667,20,14,TGGCCCATTCCATCTAGCCG,6,703312
cpxRp2,1.0,28,14,TGGCAGGAACTGTAAGACCT,14,698548
cpxRp2,1.1333333333333333,30,14,TGGATATGCTAAGGGAGCAA,16,656640
cpxRp2,1.2666666666666666,32,14,TGCTAACACAAGGGGTCGTA,18,684777
cpxRp2,0.2,16,14,TGCGTATTCTACCGTAATGG,2,671541
cpxRp2,0.4666666666666667,20,14,TGCGATCCCACCCGATAACT,6,630418
cpxRp2,1.6666666666666667,38,14,TGCCTTTTCGTGCGCTAATT,24,691357
cpxRp2,0.26666666666666666,17,14,TGCCGCGATTATTCAGCCCG,3,650955
cpxRp2,0.6,22,14,TGCAGAGACTGCGTCACCCA,8,675792
cpxRp2,0.4666666666666667,20,14,TGATAGAGGTTGTAGAAAAT,6,698245
cpxRp2,5.0,88,14,TGATAAGTTTACTAGAACGG,74,636871
cpxRp2,0.4,19,14,TGAGTCTCCTACTCATACCC,5,693695
cpxRp2,0.5333333333333333,21,14,TGAGTAATTACACAGCGGTA,7,641398
cpxRp2,0.4,19,14,TGAGGTCTCATTCCAGTCAA,5,657209
cpxRp2,0.26666666666666666,17,14,TGACTCCTTTTCCACCTTAT,3,670200
cpxRp2,1.0,28,14,TGACCGCCCGTCCATAGCGG,14,653558
cpxRp2,0.2,16,14,TGAATTAGTTAAGTGGCGTG,2,638093
cpxRp2,1.5333333333333334,36,14,TGAAGGCAGGTCCTCCCGTG,22,653850
cpxRp2,0.3333333333333333,18,14,TGAAGCCTCTTAATACACAT,4,651646
cpxRp2,0.26666666666666666,17,14,TCTTGAATTGTCGATACTGC,3,706475
cpxRp2,0.5333333333333333,21,14,TCTGTCAATAACTGGGGACT,7,656248
cpxRp2,0.13333333333333333,15,14,TCTGTATCCCTTATAGTCAC,1,637309
cpxRp2,1.8,40,14,TCTGCCTGATTGGTGTGAAC,26,708948
cpxRp2,0.5333333333333333,21,14,TCTAGAGATAAGCGTCTAGA,7,709461
cpxRp2,1.0,28,14,TCTACGTCGTTGCCGAACTA,14,707115
cpxRp2,0.6,22,14,TCTAAAGGACTACAATGGAT,8,691258
cpxRp2,0.2,16,14,TCGTTAGGACGGCTCTGTGA,2,674094
cpxRp2,0.6,22,14,TCGTTAAGGCCGGACTACAA,8,644799
cpxRp2,6.933333333333334,117,14,TCGTTAAGAGTTTCTCGTCA,103,637833
cpxRp2,0.6,22,14,TCGTGTTTACGAACGCAATC,8,643712
cpxRp2,0.26666666666666666,17,14,TCGTGCGGTTCATACGCCGA,3,662601
cpxRp2,0.26666666666666666,17,14,TCGGTCTGGACTTCGTGGTC,3,647471
cpxRp2,0.4666666666666667,20,14,TCGGACTTCTCCGTACGGTA,6,641749
cpxRp2,0.26666666666666666,17,14,TCGCTAGAAAGTTTGTGCCA,3,684172
cpxRp2,0.13333333333333333,15,14,TCGCAGTCAGTAGCCTCCCA,1,655938
cpxRp2,0.6,22,14,TCGATGAGACGCTTGCCGCT,8,641068
cpxRp2,0.26666666666666666,17,14,TCGACTAGACGCCAGTATAG,3,653482
cpxRp2,0.13333333333333333,15,14,TCCTTTAGGGTATCAGTCCA,1,709528
cpxRp2,2.066666666666667,44,14,TCCTTAGAGTAGTCGGAAAT,30,690850
cpxRp2,0.13333333333333333,15,14,TCCTGTGAACATGCCTTACT,1,669351
cpxRp2,0.6666666666666666,23,14,TCCCGTAAGGTCTCAACGAT,9,657805
cpxRp2,0.8,25,14,TCCCATTAAGAAGGGGTTTC,11,691477
cpxRp2,0.9333333333333333,27,14,TCCATTAGTCGTTGAGGTCA,13,677292
cpxRp2,0.6666666666666666,23,14,TCATAGTATACGCAATGCGC,9,686351
cpxRp2,0.5333333333333333,21,14,TCAGCTATCATGATGCTTAT,7,671200
cpxRp2,0.4666666666666667,20,14,TCAATACCGAGAGATACAAG,6,648718
cpxRp2,0.3333333333333333,18,14,TCAACCTCCGGGTCCACAAG,4,649449
cpxRp2,2.0,43,14,TCAACCGCAGTTGGACAAGA,29,633445
cpxRp2,0.4,19,14,TCAAATCAGTAGACATCGCA,5,656244
cpxRp2,0.5333333333333333,21,14,TCAAAAAAGTTGGGGCATGA,7,662704
cpxRp2,0.7333333333333333,24,14,TATGTTCATGCAACGAACGG,10,695174
cpxRp2,0.2,16,14,TATGTAGCCAATTTCTAAGA,2,669667
cpxRp2,0.26666666666666666,17,14,TATCTTAAGCTCGCATAAGT,3,672689
cpxRp2,1.0,28,14,TATCTGCGGTGGGATACTCA,14,646689
cpxRp2,2.4,49,14,TATCGTATACGCAACGACCT,35,694318
cpxRp2,1.5333333333333334,36,14,TATCGCCCTCGCTATGGCCA,22,695634
cpxRp2,1.3333333333333333,33,14,TATAATGTCACGGTACCCGT,19,644121
cpxRp2,0.2,16,14,TATAACTGTAGTTTTGGAGG,2,668316
cpxRp2,1.0,28,14,TAGTTTGCTACTATACGTCA,14,649961
cpxRp2,1.2666666666666666,32,14,TAGGCCTAAAGGGATTTGAG,18,637528
cpxRp2,0.6,22,14,TAGATCGACGATCTAGCTCT,8,680767
cpxRp2,1.4,34,14,TAGATAGTACTGCTTGTCCC,20,647764
cpxRp2,1.2,31,14,TAGAGTTTCGGGTTCCAAGT,17,684584
cpxRp2,0.13333333333333333,15,14,TAGAGGGTGGTTGCGGGCGC,1,665330
cpxRp2,0.6666666666666666,23,14,TAGACAGATTCTCCGGGGTC,9,680163
cpxRp2,0.26666666666666666,17,14,TACTAAACTACTGCAATAAC,3,649190
cpxRp2,0.9333333333333333,27,14,TACGGGAAGTTATGGTACCC,13,666684
cpxRp2,0.13333333333333333,15,14,TACCACGTTTGCGCCACAAT,1,676363
cpxRp2,0.8666666666666667,26,14,TACCAATCCACCGAAAAGTG,12,692854
cpxRp2,0.2,16,14,TACATGGGAGTCGCTTGGAA,2,639517
cpxRp2,0.6666666666666666,23,14,TAATTATTGCGATTAGTCTT,9,652814
cpxRp2,0.4,19,14,TAATGGGGAGTGGTCGCCGA,5,668426
cpxRp2,1.2666666666666666,32,14,TAATGGAGGTCGTTGCGTTC,18,692334
cpxRp2,0.7333333333333333,24,14,TAAGTAATCGGAACACGATA,10,651577
cpxRp2,0.6666666666666666,23,14,TAACTCCGTCCATGTAGGGC,9,682493
cpxRp2,1.4,34,14,TAACGTAACAATAGTCGCAT,20,650422
cpxRp2,0.6666666666666666,23,14,GTTCGTACCGTAGATGTGTA,9,655498
cpxRp2,0.8,25,14,GTTCCCCGACAGAGTTTAGG,11,676887
cpxRp2,0.13333333333333333,15,14,GTTCACAGGGACTTGGCCGC,1,644634
cpxRp2,1.0,28,14,GTTAGGCTCCCGATAACTCA,14,707322
cpxRp2,0.9333333333333333,27,14,GTTAGCAGTGGCGATGCCCA,13,679300
cpxRp2,0.6,22,14,GTTAATTGTTAGTTGGGTTG,8,673433
cpxRp2,0.8666666666666667,26,14,GTGTTCCTGAATATTGTTAT,12,647674
cpxRp2,0.3333333333333333,18,14,GTGTCAATCTATCGGTCTAT,4,693696
cpxRp2,0.6666666666666666,23,14,GTGGGGGGAGAGCGCACGTG,9,659994
cpxRp2,1.1333333333333333,30,14,GTGGAGGCGGCCAAATGCCA,16,674156
cpxRp2,0.2,16,14,GTGCTATTAAACCGGGCAAT,2,653514
cpxRp2,0.4,19,14,GTGCGTTCCTTAGTAGTAGA,5,649770
cpxRp2,0.7333333333333333,24,14,GTGCCTTTGAACGCCGGAAT,10,671942
cpxRp2,2.3333333333333335,48,14,GTGAACGTGACTGTATAATC,34,689570
cpxRp2,0.2,16,14,GTCTGAATGTTGTCCCTTTA,2,698172
cpxRp2,1.6,37,14,GTCGTCTTCACGCTTGTTGA,23,646338
cpxRp2,0.4666666666666667,20,14,GTCGGCGTCACGATAGTAAT,6,708727
cpxRp2,0.13333333333333333,15,14,GTCGCTGTCCCTGACAGACT,1,657759
cpxRp2,2.3333333333333335,48,14,GTCAGCTCAGGGATTCGAAC,34,642826
cpxRp2,0.13333333333333333,15,14,GTCACGCGTTTGGTATTTTA,1,638265
cpxRp2,1.4,34,14,GTCAACCCACAAATACAGTT,20,637352
cpxRp2,0.26666666666666666,17,14,GTATTACCGTTCTCTCAGGA,3,693972
cpxRp2,0.7333333333333333,24,14,GTATCTGTGTACACGGGAGA,10,633350
cpxRp2,1.0,28,14,GTAGTGTTTATCCTAAGCCC,14,683947
cpxRp2,0.2,16,14,GTAGAGGTCATATAAGCTTC,2,692743
cpxRp2,1.2666666666666666,32,14,GTACCGGAAGGTATTGACCT,18,675624
cpxRp2,1.1333333333333333,30,14,GGTGTATCAAGGTGCTCCAC,16,687337
cpxRp2,0.4,19,14,GGTGGATCGCGTAGGCAAAA,5,696315
cpxRp2,0.2,16,14,GGTGCCGGTCGCATGGCTGG,2,649639
cpxRp2,0.6666666666666666,23,14,GGTGCATTCGTGCCGTGAGA,9,688725
cpxRp2,0.6666666666666666,23,14,GGGTACCAATTTGGGGATTC,9,651220
cpxRp2,1.1333333333333333,30,14,GGGGTCGCATCGCCCAGGCT,16,634398
cpxRp2,0.26666666666666666,17,14,GGGGGCGATGCGCGGATTGT,3,643656
cpxRp2,0.3333333333333333,18,14,GGGGCACTGTGCGGACGGCA,4,705119
cpxRp2,0.9333333333333333,27,14,GGGCGCGCGGCATTTCGACG,13,651876
cpxRp2,0.13333333333333333,15,14,GGGCACTCTGCCTGTGTTTA,1,692866
cpxRp2,0.3333333333333333,18,14,GGGCACCAATTCTTTGGGGG,4,651718
cpxRp2,0.13333333333333333,15,14,GGGAAAGATAACACATATGC,1,656642
cpxRp2,0.9333333333333333,27,14,GGCTTGGCCTCTACGCATCA,13,650218
cpxRp2,1.1333333333333333,30,14,GGCTCCGGAGTGACTCACTT,16,707771
cpxRp2,0.26666666666666666,17,14,GGCGTAGCTATCGAGGAAAC,3,635567
cpxRp2,0.4,19,14,GGCGGTAGACTAGCGGGCGT,5,639135
cpxRp2,0.13333333333333333,15,14,GGCGAGGCTTTTAACTCGAT,1,636827
cpxRp2,1.0666666666666667,29,14,GGCCGGAGCTAGCGAGGATA,15,647960
cpxRp2,0.5333333333333333,21,14,GGCAGGCCCCTTACGCACTA,7,689811
cpxRp2,0.4666666666666667,20,14,GGCACTTGTGGATGACCTAT,6,708405
cpxRp2,0.13333333333333333,15,14,GGCACTGTGTGTCCCGCAAT,1,690462
cpxRp2,0.3333333333333333,18,14,GGCACATGGATTACGCTTAG,4,688420
cpxRp2,1.2666666666666666,32,14,GGCAAGAGAGCCGTAGAACT,18,705425
cpxRp2,0.3333333333333333,18,14,GGATGGTGATAACGTTCTCC,4,677433
cpxRp2,0.4,19,14,GGATGCCTACCCTAGCCACT,5,682466
cpxRp2,1.0,28,14,GGATCAGGCGACGCAGGTGA,14,682465
cpxRp2,0.2,16,14,GGATACGAACCACACGGTCG,2,642924
cpxRp2,0.2,16,14,GGATAAGGGTGAAAGTAAGG,2,697354
cpxRp2,0.26666666666666666,17,14,GGAGAGGATAAAAAACCAAC,3,638338
cpxRp2,1.3333333333333333,33,14,GGACTCTGTTACTATAGTCA,19,682401
cpxRp2,0.26666666666666666,17,14,GGACGCCGATATTTGAACGA,3,680659
cpxRp2,0.6666666666666666,23,14,GGAATGATCCTGTGGTCCGT,9,656159
cpxRp2,1.0,28,14,GGAAGTGTACCCTATCCATT,14,642206
cpxRp2,0.26666666666666666,17,14,GCTTTCTGGGTTTCGAATCT,3,684112
cpxRp2,0.2,16,14,GCTTGATTAGGCAATAGCAT,2,682399
cpxRp2,1.9333333333333333,42,14,GCTGCGATTTGCACATGCTC,28,688971
cpxRp2,0.8666666666666667,26,14,GCTGATAACAGATTCTAGTC,12,661974
cpxRp2,0.13333333333333333,15,14,GCTCTTAGAACTGCTTGCAT,1,704887
cpxRp2,0.3333333333333333,18,14,GCTCATTGTCGGATGTATAA,4,660069
cpxRp2,0.4,19,14,GCTACCTTTTGAGCCGCCAT,5,700209
cpxRp2,2.0,43,14,GCTAACTAATGTCGGGTTCT,29,642803
cpxRp2,0.2,16,14,GCGCACTTTTTTGCAAAGTG,2,710912
cpxRp2,0.26666666666666666,17,14,GCGCAAGTTTTAGATCGTCG,3,655613
cpxRp2,0.3333333333333333,18,14,GCCTGCGTCACCCTCTAAGT,4,655998
cpxRp2,1.4666666666666666,35,14,GCCTCGCAATATATTAACGG,21,635721
cpxRp2,0.13333333333333333,15,14,GCCTACGACACAGAAGGGAG,1,675218
cpxRp2,1.2,31,14,GCCCTTCAGGTGCGGCGAGT,17,667697
cpxRp2,0.4,19,14,GCCCGATGCTAAATGAGTCG,5,687370
cpxRp2,0.6,22,14,GCCATATCCCGATAGCGTAC,8,643146
cpxRp2,1.8666666666666667,41,14,GCCAGTGCATCCTATTTGCG,27,638408
cpxRp2,3.2666666666666666,62,14,GCCAGCTGCAGGGCGCCAGA,48,687204
cpxRp2,2.0,43,14,GCATGAACTAACTCTGCGAC,29,666354
cpxRp2,0.5333333333333333,21,14,GCAGGCACAAGGTTGCCGAT,7,646353
cpxRp2,0.2,16,14,GCACGGCAAATCATTCAACT,2,664471
cpxRp2,2.6,52,14,GCACCTACATCAATCTCTCC,38,642371
cpxRp2,0.4,19,14,GCACAAGCCTTTATTTGAGG,5,684950
cpxRp2,0.26666666666666666,17,14,GCAATTAGCCGACTGAACAG,3,659362
cpxRp2,0.4666666666666667,20,14,GCAACGTGGGGACTTGCCGT,6,675096
cpxRp2,1.0,28,14,GCAACCCTCTTGTGTAGCGT,14,632228
cpxRp2,0.3333333333333333,18,14,GCAACCATGTGTTCCCATGA,4,685612
cpxRp2,1.0,28,14,GCAAACTCGACTTGTGAAGA,14,636557
cpxRp2,1.2,31,14,GATCTTGCAACTTTAAACGT,17,632987
cpxRp2,0.6666666666666666,23,14,GATCGGCTAGGCTCCATCCA,9,646248
cpxRp2,0.6666666666666666,23,14,GATCCCGGGACCGGAGTATA,9,639083
cpxRp2,0.3333333333333333,18,14,GATAGGGGCGTCGTGGGATC,4,630870
cpxRp2,1.0666666666666667,29,14,GATAAACGTCGACCGTGTAG,15,679408
cpxRp2,0.13333333333333333,15,14,GATAAACCAAAGCTATGGGT,1,686150
cpxRp2,1.3333333333333333,33,14,GAGTTTCCGGGGCTTATCGC,19,707293
cpxRp2,0.8666666666666667,26,14,GAGGTGACGTATACCCCGAC,12,652600
cpxRp2,0.4,19,14,GAGCGTGTACAGAACTTGGT,5,695881
cpxRp2,2.6,52,14,GAGCCTAGGTAAGTCGGTAG,38,707409
cpxRp2,0.6,22,14,GAGAAATTGCATGGCCCAGT,8,689974
cpxRp2,0.5333333333333333,21,14,GACTATTACTAGGAGTGCTA,7,647509
cpxRp2,0.5333333333333333,21,14,GACGTACCTTGTGGCTACTA,7,679901
cpxRp2,1.0,28,14,GACGAAAACCAGATGGTGAC,14,702791
cpxRp2,0.9333333333333333,27,14,GACCAGCTGCATGAAGAGAT,13,670101
cpxRp2,0.4,19,14,GAATTTTTAAGATGGCTTCA,5,670732
cpxRp2,0.4,19,14,GAATGAGCCTGCTGGTCATA,5,659203
cpxRp2,0.5333333333333333,21,14,GAATCCCATTGCGGTACGTC,7,700975
cpxRp2,0.3333333333333333,18,14,GAAGTTGGGCTGGGTCTTAC,4,629967
cpxRp2,1.5333333333333334,36,14,GAAGCTCCAAATGAAGGTCA,22,647366
cpxRp2,0.5333333333333333,21,14,GAAGAAATGGTCCCAGTTTC,7,675606
cpxRp2,0.9333333333333333,27,14,GAAACGTCCTTACACTCCTT,13,638529
cpxRp2,0.8666666666666667,26,14,CTTTGCCGAAGTAACGGTCA,12,645690
cpxRp2,0.26666666666666666,17,14,CTTTATTTACGGAAGCGATT,3,703079
cpxRp2,0.26666666666666666,17,14,CTTCGACTTGGTTGGGAACG,3,687588
cpxRp2,0.13333333333333333,15,14,CTTATTTGGGTTTGCTATTC,1,662118
cpxRp2,0.26666666666666666,17,14,CTTATCAGTTTGGGTCCGAC,3,656247
cpxRp2,0.3333333333333333,18,14,CTGTCGTTGGCTTGTCTTAT,4,663888
cpxRp2,3.933333333333333,72,14,CTGTCCATGTGCCACGGATC,58,689084
cpxRp2,3.2,61,14,CTGTATGGCAGAGACTCGAC,47,705900
cpxRp2,0.4666666666666667,20,14,CTGGCGAGAGGATACAAACT,6,651387
cpxRp2,0.7333333333333333,24,14,CTGCCGAAATACAGGTAAGG,10,677017
cpxRp2,0.4,19,14,CTGCAGAGACACGCTCGTAA,5,661883
cpxRp2,0.8666666666666667,26,14,CTGATTACGGTTATCCTGCA,12,639259
cpxRp2,0.13333333333333333,15,14,CTGAGCTCTCGGCTGGGTTC,1,659532
cpxRp2,1.2,31,14,CTGAAAGGATTTCTCGCATA,17,635440
cpxRp2,1.1333333333333333,30,14,CTCTTAAGCGTGACCTCATT,16,634621
cpxRp2,0.6,22,14,CTCTAGAGGGTGGCCGACAA,8,705041
cpxRp2,1.7333333333333334,39,14,CTCGTAGGGCCAGCATGAGC,25,672773
cpxRp2,0.6,22,14,CTCATCAATTTTTACATGCA,8,649033
cpxRp2,1.2666666666666666,32,14,CTCACATGGCGTCTGCCTTA,18,687887
cpxRp2,0.4666666666666667,20,14,CTATTGAAATCTCTGGCCAA,6,665057
cpxRp2,0.4666666666666667,20,14,CTATAGGACTGGCTAATACC,6,633062
cpxRp2,1.2,31,14,CTAGACGGAAGGTTGCCAGT,17,696453
cpxRp2,1.5333333333333334,36,14,CTACTGTGTTAGTGTCAGTC,22,696338
cpxRp2,0.8,25,14,CTACCTCGAATTACAGCCTG,11,645134
cpxRp2,0.5333333333333333,21,14,CTACATCGACTTACTCCAGT,7,652712
cpxRp2,1.5333333333333334,36,14,CTAAGCGGTTCCATAGACGT,22,650930
cpxRp2,0.6,22,14,CGTGGATGTGCCGGCGGGTC,8,638441
cpxRp2,0.8,25,14,CGTCGAGTCAACGCTACTGC,11,683213
cpxRp2,0.6,22,14,CGTCCCCGGCTCTGTACACG,8,662676
cpxRp2,1.0666666666666667,29,14,CGTAAGGAACCCACGTATCA,15,639355
cpxRp2,0.4666666666666667,20,14,CGTAACCGCATCACTGTAAT,6,643871
cpxRp2,1.2,31,14,CGGTTGGTTAGGTCATGCTT,17,685020
cpxRp2,1.2,31,14,CGGTGGGACATGAATGGGCA,17,680269
cpxRp2,0.13333333333333333,15,14,CGGTAGGGGGGTACCCATTA,1,659610
cpxRp2,0.3333333333333333,18,14,CGGGTACTATTCGCTGATAC,4,699308
cpxRp2,0.7333333333333333,24,14,CGGGCTTATCCGCATAGTTC,10,659616
cpxRp2,1.1333333333333333,30,14,CGGCTCGCGTGATGGTCGAC,16,657532
cpxRp2,2.933333333333333,57,14,CGGCCAGACCGCACATTAAG,43,672593
cpxRp2,0.5333333333333333,21,14,CGCTGTTGCTGGGATTCCCC,7,639673
cpxRp2,0.6,22,14,CGCGTCTTGGCGCATAAGGC,8,705974
cpxRp2,0.6666666666666666,23,14,CGCCTTCGGAATGGATTCGG,9,650670
cpxRp2,0.4666666666666667,20,14,CGCCTATCAGGTTCAAAAAC,6,680274
cpxRp2,0.26666666666666666,17,14,CGCCGCAGAGTGACGGGACA,3,699189
cpxRp2,0.2,16,14,CGCCCCTCTCTCATCCATTG,2,630127
cpxRp2,0.4,19,14,CGCATTCCGGGCACTCTTCT,5,692308
cpxRp2,3.066666666666667,59,14,CGATTTTTGGCTAGAGTCGC,45,689202
cpxRp2,0.13333333333333333,15,14,CGATTGCCCTCTTACGCGTA,1,637480
cpxRp2,0.6,22,14,CGATTATTCTCTTGTTGGCG,8,643101
cpxRp2,1.4666666666666666,35,14,CGATCTTATACGGACGCGTA,21,658318
cpxRp2,1.0666666666666667,29,14,CGATATGTGACCCAGAGAGA,15,691594
cpxRp2,0.4666666666666667,20,14,CGACTGTTCATCACGATTCC,6,671433
cpxRp2,0.5333333333333333,21,14,CGACGAAGCTTGTCCTGATG,7,637939
cpxRp2,0.6666666666666666,23,14,CGACCGGGCACGAGTCGGAC,9,705452
cpxRp2,0.8666666666666667,26,14,CGAACATGTGGTTCAGATGG,12,654941
cpxRp2,0.6,22,14,CCTTATGTGTGTAACTTACG,8,659710
cpxRp2,0.5333333333333333,21,14,CCTTAGCATTGGCGTATTCT,7,633230
cpxRp2,1.3333333333333333,33,14,CCTGCCAGGGCGCCCGCCGT,19,690900
cpxRp2,0.2,16,14,CCTCGGTATGAAGTAGCAAA,2,647025
cpxRp2,0.26666666666666666,17,14,CCTCATAATCTGCTGTCCAC,3,669989
cpxRp2,0.7333333333333333,24,14,CCTCAGTTCACCCTCTCTGC,10,675173
cpxRp2,0.6,22,14,CCTATCTGCCACGACTAATG,8,700012
cpxRp2,1.3333333333333333,33,14,CCTAGGTGGTCGCACTCTTG,19,693586
cpxRp2,0.8,25,14,CCGTTCACAGTAGCATATGT,11,639970
cpxRp2,0.4,19,14,CCGTCATCCCTACGGTAGTG,5,703430
cpxRp2,0.3333333333333333,18,14,CCGGTTGACGTTTGGGTAGC,4,632130
cpxRp2,1.2,31,14,CCGGTGAAAAATATACCGTC,17,712447
cpxRp2,0.6,22,14,CCGGGGGCAGGAACGCTGAC,8,661368
cpxRp2,0.8666666666666667,26,14,CCGGGCAGAGTTCAATTCCT,12,672366
cpxRp2,0.2,16,14,CCGGCGTCGCGTAGACCTAG,2,630217
cpxRp2,0.4666666666666667,20,14,CCGCGAAGCATGGTCGCGGA,6,664638
cpxRp2,0.6,22,14,CCGCCTAATACGCTCTAGTT,8,667147
cpxRp2,1.2666666666666666,32,14,CCGCCAGTCGTCCCCAGGCG,18,696268
cpxRp2,2.533333333333333,51,14,CCGCATACTCTCTGCCCTCG,37,645787
cpxRp2,2.8,55,14,CCCTGGTATTTATGGGCATT,41,639310
cpxRp2,0.8,25,14,CCCTGCACGGAAAAGAAAGT,11,686933
cpxRp2,0.2,16,14,CCCTCGTGACGCTGGTTGGC,2,705868
cpxRp2,0.6,22,14,CCCTAGTGAGTCGGCCAATT,8,686381
cpxRp2,1.2666666666666666,32,14,CCCGTCAAATCAGCTACATA,18,667332
cpxRp2,0.4666666666666667,20,14,CCCGGGTACCACCGCGTAAA,6,697712
cpxRp2,0.5333333333333333,21,14,CCCCGTTAAAGCTGGGGAGC,7,655311
cpxRp2,1.3333333333333333,33,14,CCCCGAATCCTGATTAACTA,19,641910
cpxRp2,0.13333333333333333,15,14,CCATGGCGCTCAAGGCGCTC,1,684647
cpxRp2,0.6,22,14,CCATGCCGATAGGTATTCGC,8,673193
cpxRp2,0.5333333333333333,21,14,CCATCCCAGTAGTACTCGCA,7,692549
cpxRp2,2.3333333333333335,48,14,CCAGTGATGGGAGTGGCCCC,34,707702
cpxRp2,3.3333333333333335,63,14,CCAGGTGACGTAAACCCTTT,49,695079
cpxRp2,0.6,22,14,CCAGGCGGGTCCATCCACCT,8,709262
cpxRp2,0.13333333333333333,15,14,CCACGGCGGACACCAGTCGT,1,664740
cpxRp2,1.2,31,14,CCACGCTTGGTCCAAAATGA,17,698443
cpxRp2,1.2,31,14,CCACGCTGAACGTCTCATAT,17,649111
cpxRp2,0.4666666666666667,20,14,CCACCCCAGCGCCCCATGAT,6,667084
cpxRp2,0.13333333333333333,15,14,CCAAGGCGTGAGGTGCAGAG,1,670271
cpxRp2,0.8,25,14,CCAAACGAAAGGCATACGAA,11,649604
cpxRp2,0.2,16,14,CATTTTCTGCGGAGATTGAC,2,639441
cpxRp2,1.2,31,14,CATTTTCGAAACTGTTCGAT,17,663083
cpxRp2,0.4666666666666667,20,14,CATGTGTATCGTCAGACGCT,6,696154
cpxRp2,0.26666666666666666,17,14,CATCGGTTATGTTGTATCGT,3,680595
cpxRp2,1.7333333333333334,39,14,CATCGACTAGCGGGGACGTA,25,638921
cpxRp2,1.6666666666666667,38,14,CATCCGTCGCATGCCATAGT,24,641318
cpxRp2,1.7333333333333334,39,14,CATCCCCGTCTATAACGCTA,25,630986
cpxRp2,0.8,25,14,CATATTAATCGCGGACACTT,11,704451
cpxRp2,5.733333333333333,99,14,CATAATTGACAGTCAGGTCT,85,644275
cpxRp2,0.5333333333333333,21,14,CAGTATTGAAGAGATCGTTC,7,706185
cpxRp2,0.4,19,14,CAGGGTGCGCCGGATCTCAA,5,636762
cpxRp2,0.13333333333333333,15,14,CAGGCGGTGTACATCCCAGG,1,653597
cpxRp2,2.8666666666666667,56,14,CAGCGACATAGGTTGAGTAC,42,645769
cpxRp2,0.6666666666666666,23,14,CAGAGCAGGTTTCCCCAGCC,9,673808
cpxRp2,0.9333333333333333,27,14,CACTCTAATTGAGGCGTTCT,13,655154
cpxRp2,1.8,40,14,CACGTATTGTGTTACTCGGC,26,638329
cpxRp2,0.4,19,14,CACCATTGAGAGACTAACTG,5,682744
cpxRp2,0.6,22,14,CACAGCAGTTCCCGTTTCAA,8,707463
cpxRp2,0.4,19,14,CACAGACACCGTCGTCATTA,5,705941
cpxRp2,1.0666666666666667,29,14,CACACGTTCAAAGCGCGATA,15,665183
cpxRp2,0.2,16,14,CACACGCGGTCTAGCTGACA,2,652725
cpxRp2,0.2,16,14,CAAGTGGGGGGAATGAGCTT,2,640117
cpxRp2,0.8666666666666667,26,14,CAACTGTATACGCTACATGT,12,701133
cpxRp2,0.13333333333333333,15,14,CAACGTCCTAAGGAGTCCTT,1,640653
cpxRp2,0.2,16,14,CAAACTATAACTACCCGGCA,2,697764
cpxRp2,1.3333333333333333,33,14,CAAACCGTAGTGCTTTGGAA,19,677774
cpxRp2,0.8666666666666667,26,14,ATTTGTTGCTGTTATCCCGT,12,644436
cpxRp2,1.2,31,14,ATTTGTTGAGTACGGCGTGT,17,663090
cpxRp2,1.1333333333333333,30,14,ATTTGGGAATGCGCTAAACA,16,657776
cpxRp2,1.1333333333333333,30,14,ATTTCTCTGTTTGACCCATG,16,632420
cpxRp2,0.4,19,14,ATTTATCACGAAAACATATA,5,642542
cpxRp2,0.26666666666666666,17,14,ATTTACGGGCGATGATGCCA,3,670193
cpxRp2,1.1333333333333333,30,14,ATTGGATCGCATTTCAACCA,16,651148
cpxRp2,3.6666666666666665,68,14,ATTGGACCAGGAGTGCGGAA,54,668047
cpxRp2,0.4666666666666667,20,14,ATTGCCCGGAAACTGACTTG,6,697586
cpxRp2,0.26666666666666666,17,14,ATTGAATACACTGTAATGCT,3,630911
cpxRp2,0.26666666666666666,17,14,ATTCCGACCACGCTCTGCTA,3,630847
cpxRp2,1.3333333333333333,33,14,ATTAAGCCGTAATATTTCTA,19,631951
cpxRp2,1.8666666666666667,41,14,ATGTTTTCGTTCGGACATCA,27,706134
cpxRp2,0.9333333333333333,27,14,ATGTTTTAGGGCAGATATTA,13,662127
cpxRp2,0.13333333333333333,15,14,ATGTCATTGATGACACAACA,1,655032
cpxRp2,0.13333333333333333,15,14,ATGGGATTTCAACATGATTT,1,638854
cpxRp2,0.2,16,14,ATGCTACAAGTACCATTTAA,2,658895
cpxRp2,0.8,25,14,ATGCGTCTCAAATGTTCCCC,11,629787
cpxRp2,0.3333333333333333,18,14,ATGCAGATGCCGTGCAATTC,4,686520
cpxRp2,0.3333333333333333,18,14,ATCTGTGATTAGTCAAACTA,4,642955
cpxRp2,0.9333333333333333,27,14,ATCGGCGGTTGGCGCTTGCA,13,649368
cpxRp2,0.8,25,14,ATCGAGACACTTGCAGTCTT,11,656754
cpxRp2,0.4,19,14,ATCCTCAGACCAACTATTTG,5,707166
cpxRp2,1.2666666666666666,32,14,ATCCCCGCACCACACGCTGA,18,656934
cpxRp2,0.2,16,14,ATCATGGTGCCGACCCGAGC,2,707067
cpxRp2,0.6,22,14,ATCATGGGAAAATCTCGGCT,8,630657
cpxRp2,0.13333333333333333,15,14,ATCAGCAGCAGCGGTCCTGA,1,650182
cpxRp2,2.1333333333333333,45,14,ATATTTTGGGGCATGCCGTA,31,661818
cpxRp2,0.6,22,14,ATATGGTGTGGGGATATGTC,8,668964
cpxRp2,0.26666666666666666,17,14,ATAGGCCCCGTTAGCGTTTA,3,639194
cpxRp2,1.0666666666666667,29,14,ATAGCCCCCTGTCAACCCTT,15,683830
cpxRp2,0.5333333333333333,21,14,ATAGACCCTACTCCCATGCG,7,666903
cpxRp2,0.8666666666666667,26,14,ATAGACCAAGTGTCTACTTT,12,646078
cpxRp2,1.3333333333333333,33,14,ATACAGGGTTTCGGAATGCG,19,647945
cpxRp2,0.2,16,14,ATAAGTTTTGGTTTTACCTC,2,631478
cpxRp2,0.8,25,14,ATAAGTATCCCCTATGACCA,11,646680
cpxRp2,0.3333333333333333,18,14,ATAAGGTCCGCGAATGGCGT,4,657845
cpxRp2,0.8,25,14,ATAAGCGTCAACGCTGAAAT,11,642504
cpxRp2,1.4666666666666666,35,14,ATAAATTTCGAATCTTAGGA,21,657792
cpxRp2,0.4,19,14,AGTTGCATCTAATATCACCT,5,665999
cpxRp2,0.9333333333333333,27,14,AGTTCGCAGCCGCCTCGGAA,13,680012
cpxRp2,1.6666666666666667,38,14,AGTGTCGTGGTCCCCGAGCA,24,701654
cpxRp2,1.2666666666666666,32,14,AGTGTAGGCGATAGGAAAGA,18,649400
cpxRp2,1.4666666666666666,35,14,AGTCTGACCCACACCACGAT,21,692720
cpxRp2,0.13333333333333333,15,14,AGTCATTCGGGCACCGCAAT,1,692507
cpxRp2,1.2,31,14,AGTCAGCCGTATGTCCAGTC,17,650824
cpxRp2,1.5333333333333334,36,14,AGTAAGTCGTCATTGTCAAC,22,643906
cpxRp2,0.13333333333333333,15,14,AGTAAATTGAGCTTCCGGCC,1,666973
cpxRp2,0.13333333333333333,15,14,AGGTTTGGCCACCTCTTCCA,1,673227
cpxRp2,1.7333333333333334,39,14,AGGTACGTTTAATTCCGCCT,25,692323
cpxRp2,1.0,28,14,AGGTAAAGACCATAATGGTG,14,654125
cpxRp2,1.4,34,14,AGGGGCCTCACTCCTTACAA,20,666995
cpxRp2,1.2,31,14,AGGGATCGGGGGAGTGATGG,17,700582
cpxRp2,2.8,55,14,AGGAGAACTCGCCACGACAA,41,678868
cpxRp2,0.13333333333333333,15,14,AGGAAAGAAGTGAGCCATCC,1,655179
cpxRp2,0.13333333333333333,15,14,AGCTCATGTAGAAAAGTGGA,1,643320
cpxRp2,0.13333333333333333,15,14,AGCGTTTCTCGACCCCTGTT,1,675679
cpxRp2,0.4666666666666667,20,14,AGCGCAGGGAGTAGCATCAT,6,646618
cpxRp2,2.2,46,14,AGCCGCATCCCGTTCAACGA,32,637327
cpxRp2,1.2,31,14,AGCCGAATCACTGTTTGGAG,17,667820
cpxRp2,1.8,40,14,AGCCCATTGAATTTCTCCAG,26,635987
cpxRp2,0.5333333333333333,21,14,AGCCATACCAAACGGCAGGT,7,630502
cpxRp2,0.7333333333333333,24,14,AGCATCAACACTCGAACAAT,10,657753
cpxRp2,0.13333333333333333,15,14,AGCACCGTGGCCGGATGACT,1,663883
cpxRp2,1.6666666666666667,38,14,AGCAACTATCCTCCTAATTT,24,658405
cpxRp2,1.6666666666666667,38,14,AGATGTTGGCAATCCGGCGC,24,673506
cpxRp2,0.4666666666666667,20,14,AGATCAGAGTTGGTGGCGAA,6,648588
cpxRp2,0.5333333333333333,21,14,AGAGTTAGATTTATGTACTA,7,653735
cpxRp2,1.3333333333333333,33,14,AGAGGCCACCTACTCCCGTG,19,699618
cpxRp2,0.3333333333333333,18,14,AGAGAGCCTGATCCTGTCAG,4,661579
cpxRp2,0.26666666666666666,17,14,AGAGACCCTCCGCCATGAAT,3,642457
cpxRp2,0.3333333333333333,18,14,ACTTGTTCGGGGTCCCTTTA,4,673061
cpxRp2,0.8,25,14,ACTTCCGAAAGCGACAGTAT,11,699437
cpxRp2,0.8666666666666667,26,14,ACTTAAATTCGGACGCGGAT,12,682111
cpxRp2,0.4666666666666667,20,14,ACTGTGCTTTGGTGTTGATT,6,655122
cpxRp2,2.2666666666666666,47,14,ACTGATCTGACGGGGCAATA,33,700295
cpxRp2,0.2,16,14,ACTCTCCGTTTTTGCTAACA,2,696845
cpxRp2,0.13333333333333333,15,14,ACTATTGCGGACCGCCATTT,1,711459
cpxRp2,0.26666666666666666,17,14,ACTAAAGTCTGGGAGTGATC,3,703566
cpxRp2,0.6666666666666666,23,14,ACGTGCCGCATAAAAGGACG,9,700739
cpxRp2,0.6,22,14,ACGTGAACAGGGGAATGACT,8,680048
cpxRp2,3.7333333333333334,69,14,ACGTCTTCCTTAGTTCTTCG,55,682869
cpxRp2,1.0666666666666667,29,14,ACGTCATTATCATGCACGCG,15,629914
cpxRp2,0.5333333333333333,21,14,ACGTAACGTGCTGCTAAGCA,7,696450
cpxRp2,0.4,19,14,ACGGTTATGAGGGTTACCGT,5,686750
cpxRp2,0.6,22,14,ACGGGTGATATCTTGTCCTC,8,710099
cpxRp2,1.3333333333333333,33,14,ACGGGGACATATACGTTTTG,19,634781
cpxRp2,0.4666666666666667,20,14,ACGCGACCAGCTCCGCGTGA,6,680283
cpxRp2,0.26666666666666666,17,14,ACGCACCCCAAAGCCTCTCA,3,661877
cpxRp2,0.8,25,14,ACGATTTCAATTCCCGTTTT,11,691714
cpxRp2,0.5333333333333333,21,14,ACGAAGTGCTACTTCCTAGA,7,691074
cpxRp2,0.8666666666666667,26,14,ACCGGATGTATGATCTGACA,12,680596
cpxRp2,0.8666666666666667,26,14,ACCGCGGGGGGTTAAAGCGG,12,651833
cpxRp2,0.6666666666666666,23,14,ACCGCCACCGGGTGCCTTAC,9,694378
cpxRp2,0.6,22,14,ACCGAGAGGTGTAAATGCTC,8,684016
cpxRp2,0.5333333333333333,21,14,ACCATGGGCTTGCCGGGTCA,7,703968
cpxRp2,0.3333333333333333,18,14,ACCATAACTAAGAATCTTTG,4,671266
cpxRp2,0.8,25,14,ACCAGGTGCAAACGGTGGTA,11,691597
cpxRp2,0.9333333333333333,27,14,ACCACCCATGACTGTCGCTA,13,695990
cpxRp2,0.5333333333333333,21,14,ACATTCATAACAAGAGAAGT,7,631060
cpxRp2,0.8666666666666667,26,14,ACATGCCACGATGTCCTCCA,12,656277
cpxRp2,0.5333333333333333,21,14,ACAGTACTGCTTGCGCGATT,7,664105
cpxRp2,0.6,22,14,ACAAGGCTGCATAGACACCG,8,681864
cpxRp2,1.2666666666666666,32,14,AATGGTGGAGCGCCCTATGG,18,639465
cpxRp2,1.6,37,14,AATCAAGGTGGGATATCGAG,23,637055
cpxRp2,1.0666666666666667,29,14,AATAAGCGTTCCATACAAGT,15,629831
cpxRp2,0.8666666666666667,26,14,AAGTGTGCGCCCCGGTAGGG,12,671962
cpxRp2,0.26666666666666666,17,14,AAGGTGAGGTCCGTAAAGCG,3,645110
cpxRp2,0.7333333333333333,24,14,AAGGCGGTGGTGTACTGGAA,10,637893
cpxRp2,0.6666666666666666,23,14,AAGGAGCCTTCAGCGAGGGG,9,679060
cpxRp2,0.26666666666666666,17,14,AAGCGCATCCGCGGGAGGGT,3,658775
cpxRp2,0.6666666666666666,23,14,AAGCCGCTCCTACGTACCAT,9,657110
cpxRp2,0.5333333333333333,21,14,AAGAGTCCGCCCACAATTGT,7,706654
cpxRp2,0.13333333333333333,15,14,AAGAAGCGCAGAGGCTCTCA,1,678649
cpxRp2,0.4666666666666667,20,14,AAGAACAAGGGCCTGTATAC,6,636771
cpxRp2,1.8666666666666667,41,14,AACTTGGTAACCTTCCGAGA,27,673507
cpxRp2,2.933333333333333,57,14,AACTGCATCTGGCAGGTTCA,43,683876
cpxRp2,2.7333333333333334,54,14,AACGTAGCACGCATTGGCCT,40,646346
cpxRp2,0.6,22,14,AACGTAACTCTACGGACGTT,8,683663
cpxRp2,0.2,16,14,AACGATGGCAGTCGAGATAT,2,679640
cpxRp2,0.2,16,14,AACCGATCGCAGGGTTTATG,2,702151
cpxRp2,0.3333333333333333,18,14,AACACTAACAGTCTATCGTG,4,643594
cpxRp2,0.6666666666666666,23,14,AACACAGTCACAGAGTTAAA,9,660045
cpxRp2,1.0666666666666667,29,14,AAATCGACCAGGGCATTCAA,15,661895
cpxRp2,0.13333333333333333,15,14,AAAGGGTATTTGTTCGAGAC,1,683483
cpxRp2,1.0666666666666667,29,14,AAAGGACAGGACTTATGTCT,15,702677
cpxRp2,0.13333333333333333,15,14,AAAGACGCTAGAATAGCATG,1,665172
cpxRp2,2.533333333333333,51,14,AAACCTCAGATCTTTTGCAA,37,648580
cpxRp2,1.2666666666666666,32,14,AAACCGAGAAACGTCGTGAA,18,674227
cpxRp2,0.3333333333333333,18,14,AAAATGTGCACGGACCGATG,4,654516
cpxRp2,1.0714285714285714,27,13,TTTTGGAATCTAAGAACTCT,14,680011
cpxRp2,0.5,19,13,TTTGGGTCCACCCTGGGCGC,6,673657
cpxRp2,0.6428571428571429,21,13,TTTCTTCCGTCAATCGAAGG,8,699525
cpxRp2,0.35714285714285715,17,13,TTTCGGTCGCATCAATACGT,4,688602
cpxRp2,0.14285714285714285,14,13,TTTCCGCGGGGAATGGTGTT,1,663121
cpxRp2,0.5,19,13,TTTATTTAGAGACGGTCGGC,6,673278
cpxRp2,1.6428571428571428,35,13,TTTATCACCAGACCAGGCAT,22,704012
cpxRp2,1.9285714285714286,39,13,TTTACCGGTGCACGGGTTGT,26,710389
cpxRp2,0.21428571428571427,15,13,TTTAATCTTCGTGAGCCAAA,2,649501
cpxRp2,0.2857142857142857,16,13,TTTAAGAGTTATATTCCTAA,3,687706
cpxRp2,1.0,26,13,TTGTTGACGGTTACAAATTA,13,667727
cpxRp2,0.42857142857142855,18,13,TTGTCCGAATAGGAGGAGAC,5,659786
cpxRp2,0.35714285714285715,17,13,TTGGGATCTGGTGCTCTTAG,4,683360
cpxRp2,0.14285714285714285,14,13,TTGGCCGTTGACAGCAATGG,1,671085
cpxRp2,1.2857142857142858,30,13,TTGGCCCCCCGGCATTTACG,17,696091
cpxRp2,0.7142857142857143,22,13,TTGGCCCCAAGCGGCCGAAA,9,642718
cpxRp2,0.42857142857142855,18,13,TTGGAGTGGATCCATTTGCC,5,694411
cpxRp2,0.21428571428571427,15,13,TTGGACGCTATTGTCTGTAT,2,656193
cpxRp2,0.5,19,13,TTGCGTGGAGGGGATCGCTC,6,650050
cpxRp2,1.0714285714285714,27,13,TTGCGGTGGTGACGATCTGG,14,697775
cpxRp2,0.21428571428571427,15,13,TTGCGGTGGGTATGCAATTA,2,706129
cpxRp2,0.21428571428571427,15,13,TTGCCTGCGCGTATTCTCTT,2,686390
cpxRp2,1.9285714285714286,39,13,TTGATATGATGCCAGCGCCA,26,691662
cpxRp2,0.5,19,13,TTGAGGAGGTGACAGTCTTG,6,631565
cpxRp2,2.857142857142857,52,13,TTGAGCGAATTTTTCGAGCA,39,709895
cpxRp2,0.14285714285714285,14,13,TTGAAATTCATACATCAAGA,1,661966
cpxRp2,0.6428571428571429,21,13,TTCTGCCCGTAAGATGTTGT,8,682933
cpxRp2,1.0,26,13,TTCTGACCAGCGGCTTCCCG,13,630394
cpxRp2,0.42857142857142855,18,13,TTCTATCTTTGTATCAAGAT,5,680094
cpxRp2,0.5714285714285714,20,13,TTCTAGGCAACATATCATGA,7,653239
cpxRp2,2.5,47,13,TTCGTGTGCAGTTATAGGGT,34,687519
cpxRp2,0.8571428571428571,24,13,TTCGTGGAGTTGCTCATATA,11,707155
cpxRp2,0.35714285714285715,17,13,TTCGCCGACGACGGCCTGAC,4,679277
cpxRp2,0.9285714285714286,25,13,TTCCACCTAAGGCACTGCAA,12,673144
cpxRp2,0.6428571428571429,21,13,TTCATTAGGCCGTTAATAGA,8,635668
cpxRp2,2.357142857142857,45,13,TTCACAAACCTTATCGACTC,32,634196
cpxRp2,1.2857142857142858,30,13,TTATTCCGTGAAACCGCTAA,17,686382
cpxRp2,1.6428571428571428,35,13,TTATGCTTATGTTAGACCCT,22,642258
cpxRp2,2.2857142857142856,44,13,TTATGAGACAGTGTTAACCT,31,631770
cpxRp2,0.5,19,13,TTATCTTTGTTAGGACACAA,6,673753
cpxRp2,0.2857142857142857,16,13,TTATCAAACAAGGATTGCAT,3,659227
cpxRp2,0.42857142857142855,18,13,TTAGTCTACTTGGAAAATAC,5,637622
cpxRp2,0.35714285714285715,17,13,TTACTTAATGAGTTAAAGCT,4,661045
cpxRp2,0.14285714285714285,14,13,TTACTCATCGCCCTCAAGGT,1,655866
cpxRp2,0.8571428571428571,24,13,TTACTAACTTACGCGGGCCA,11,698871
cpxRp2,1.2857142857142858,30,13,TTACGTATACGGGACGTCGG,17,693911
cpxRp2,2.5714285714285716,48,13,TTACAGAACAGTTTCGTCAT,35,691652
cpxRp2,0.8571428571428571,24,13,TTAATCTTCTCTGAAGTGGA,11,653213
cpxRp2,1.0,26,13,TTAATAACTATAATCGTGGC,13,672876
cpxRp2,0.5,19,13,TTAAGTGTTGTGCCAGGGTT,6,682317
cpxRp2,1.5714285714285714,34,13,TTAAGGGAACGTGCGGTGAA,21,667565
cpxRp2,0.5714285714285714,20,13,TTAACACACAATATAGGTGC,7,675063
cpxRp2,0.2857142857142857,16,13,TGTTTCAACGGTGACCAGAC,3,632135
cpxRp2,0.8571428571428571,24,13,TGTTGTACATCTTGGGCCTT,11,650338
cpxRp2,1.5,33,13,TGTGCTTCCATGCATCTTTA,20,656205
cpxRp2,0.21428571428571427,15,13,TGTGATTAACTTAGTTCATC,2,639269
cpxRp2,1.2857142857142858,30,13,TGTCTGCTGCCTGACCGACT,17,668388
cpxRp2,1.0714285714285714,27,13,TGTCTAACCTGGGAGATTAG,14,707008
cpxRp2,0.2857142857142857,16,13,TGTCGGGTTAACTACCGTAT,3,675876
cpxRp2,0.14285714285714285,14,13,TGTCGAACGGGTATCTTCGC,1,692727
cpxRp2,1.5714285714285714,34,13,TGTCATCGACGTATTCAAGT,21,696848
cpxRp2,0.2857142857142857,16,13,TGTATGCAGGGCATACCGCC,3,681863
cpxRp2,1.5,33,13,TGTATAGGCACTTGGGGACA,20,686445
cpxRp2,1.2857142857142858,30,13,TGGTTTGTAAGCTTGAATGC,17,639159
cpxRp2,0.35714285714285715,17,13,TGGTGTCGTCGGTAAGAGAC,4,664444
cpxRp2,0.5,19,13,TGGTCTTAATCTTCCCAACA,6,689318
cpxRp2,2.642857142857143,49,13,TGGTAAATCCAATCGGACGG,36,702856
cpxRp2,0.6428571428571429,21,13,TGGGTATTCGCTGTCTGTAG,8,650295
cpxRp2,2.0,40,13,TGGGGCGACGATTGGATGAG,27,636932
cpxRp2,1.7142857142857142,36,13,TGGGGACCTAAAGATTACGC,23,646239
cpxRp2,1.7142857142857142,36,13,TGGGAACTAGCGAGGGAGGA,23,649867
cpxRp2,0.9285714285714286,25,13,TGGCTGCTTTTCACATCATA,12,645472
cpxRp2,0.21428571428571427,15,13,TGGCTGCGCGCGCCTTTCAT,2,648006
cpxRp2,0.35714285714285715,17,13,TGGCGTAGAACGAAGTTTTA,4,634086
cpxRp2,1.2857142857142858,30,13,TGGCCATCTGGACCATGATC,17,660266
cpxRp2,0.21428571428571427,15,13,TGGATTTTCCTACCTTCTTT,2,689312
cpxRp2,0.6428571428571429,21,13,TGGAGTCCGCTATCCACCTA,8,702070
cpxRp2,0.5714285714285714,20,13,TGGAGGAAGGCCACACGTAT,7,633479
cpxRp2,0.42857142857142855,18,13,TGGAATGACAAAATCCATGG,5,676466
cpxRp2,0.6428571428571429,21,13,TGCTATCGAAGGAGAAAAAG,8,693289
cpxRp2,0.2857142857142857,16,13,TGCTAGCACCGAACTGGCCC,3,678941
cpxRp2,1.6428571428571428,35,13,TGCGGCAACCTGATATAACA,22,686771
cpxRp2,0.5,19,13,TGCCGGTTTGGGAGATCGGG,6,664241
cpxRp2,1.6428571428571428,35,13,TGCCGCTTCGGATGCCAGCT,22,683218
cpxRp2,0.35714285714285715,17,13,TGATTGAGAGGCCAGAGGTA,4,694628
cpxRp2,1.0714285714285714,27,13,TGATGGTGTATTGTCGAAGA,14,655091
cpxRp2,0.6428571428571429,21,13,TGATATTTGCAGCTCTCCTA,8,662090
cpxRp2,2.2142857142857144,43,13,TGACTGACGATGGCGTTATA,30,700291
cpxRp2,0.7857142857142857,23,13,TGACGCCATGGTGTGTTTCA,10,656152
cpxRp2,0.5714285714285714,20,13,TGAACTCCTCGAATCCCGGA,7,685754
cpxRp2,0.21428571428571427,15,13,TGAACTCCCCAATAGAGGTC,2,656582
cpxRp2,1.1428571428571428,28,13,TGAACGGATGAACCGGCGGT,15,651018
cpxRp2,2.7857142857142856,51,13,TCTTTTAAGCTACAGGCAAA,38,710005
cpxRp2,0.5714285714285714,20,13,TCTTCCCTCAACACAACCCC,7,634883
cpxRp2,0.14285714285714285,14,13,TCTTAGTATTGTATAACCTT,1,690612
cpxRp2,0.8571428571428571,24,13,TCTGGTCGATGAATTCAGCC,11,689205
cpxRp2,1.6428571428571428,35,13,TCTGCGTGTTAGCCGGTGGA,22,656324
cpxRp2,0.2857142857142857,16,13,TCTGCCGAGGGGAACGGTAG,3,696052
cpxRp2,0.2857142857142857,16,13,TCTGATGGGCACCAATTCCG,3,690676
cpxRp2,1.2857142857142858,30,13,TCTCGAGTCTCTACTCGAGG,17,680318
cpxRp2,1.1428571428571428,28,13,TCTCCGGCCGCAGAATTCTG,15,701864
cpxRp2,1.5,33,13,TCTAAGCGTAAGATGGCGAC,20,636353
cpxRp2,0.21428571428571427,15,13,TCTAACCGCAGCCCTTCCTA,2,669370
cpxRp2,0.5714285714285714,20,13,TCGGTGTTGTGGACGAGTAG,7,687483
cpxRp2,0.21428571428571427,15,13,TCGGTGAGCAACCTGCAAGC,2,698861
cpxRp2,0.9285714285714286,25,13,TCGGGCTTCTATAAACACGC,12,632225
cpxRp2,0.2857142857142857,16,13,TCGGCTCCTAAGGCGCCTAC,3,649391
cpxRp2,1.6428571428571428,35,13,TCGCGGGGAAGCCGCAGCGA,22,648473
cpxRp2,0.8571428571428571,24,13,TCGCCATCAATAGGAGGATT,11,701099
cpxRp2,0.7142857142857143,22,13,TCCTAGCCCAATTCGATACT,9,671385
cpxRp2,0.5714285714285714,20,13,TCCTACTCCAATGAGGCCCA,7,645976
cpxRp2,0.42857142857142855,18,13,TCCTAACACCGGTCGCACGT,5,663546
cpxRp2,0.42857142857142855,18,13,TCCGGTTGCGCCATGCCTTA,5,703751
cpxRp2,0.35714285714285715,17,13,TCCGATGCTGTCTCCACAGA,4,671196
cpxRp2,0.6428571428571429,21,13,TCCCTGTGGTCGTTTTTCTG,8,657095
cpxRp2,3.0714285714285716,55,13,TCCCGGTATACTCACGTATG,42,636882
cpxRp2,1.0714285714285714,27,13,TCCCGCCCGGATATAGGATG,14,683233
cpxRp2,1.0,26,13,TCCCCGACGTGCCAGCCACA,13,650141
cpxRp2,0.35714285714285715,17,13,TCCATAGACGACTAGTTGAT,4,682628
cpxRp2,1.2142857142857142,29,13,TCCACGCCATATCCCAGGGG,16,693337
cpxRp2,0.7142857142857143,22,13,TCATGTCGATCTGTTAGTTG,9,661479
cpxRp2,4.357142857142857,73,13,TCATCACATAGCCTAGAGCC,60,707188
cpxRp2,0.42857142857142855,18,13,TCATACTACAAGGGAACCAT,5,631023
cpxRp2,0.14285714285714285,14,13,TCACAGGTTAGGAGAAATTA,1,636073
cpxRp2,0.21428571428571427,15,13,TCAAGTCAATTAGCTGTCAC,2,642859
cpxRp2,0.35714285714285715,17,13,TCAAGGGGGCGTCTTACGAC,4,702421
cpxRp2,0.2857142857142857,16,13,TCAAGGCATCCAGACCCCTC,3,643386
cpxRp2,0.6428571428571429,21,13,TCAACGCTTTGTGCCTGGCA,8,681726
cpxRp2,0.6428571428571429,21,13,TCAACGCGACAGTATGGCTA,8,700346
cpxRp2,0.14285714285714285,14,13,TATTCTGCTTTGATAAGTCC,1,694970
cpxRp2,0.9285714285714286,25,13,TATTAAGTGTCGGGGACTCA,12,683699
cpxRp2,0.21428571428571427,15,13,TATCTAAGCCCTGCGATCAG,2,691831
cpxRp2,1.0,26,13,TATCTAAATTAAACGGTGTC,13,697426
cpxRp2,0.9285714285714286,25,13,TATCCCTCTAAATGAAAACA,12,646525
cpxRp2,0.5714285714285714,20,13,TATCACGAATCGCCCGTCCT,7,631836
cpxRp2,0.35714285714285715,17,13,TATAAGGCGGCGGGAGCCAG,4,647859
cpxRp2,0.35714285714285715,17,13,TAGGTGTTCGCCAGACTTAG,4,692508
cpxRp2,0.2857142857142857,16,13,TAGGATGATATTTAACTGCG,3,686024
cpxRp2,0.6428571428571429,21,13,TAGCGGAAAGATGGCGTCAT,8,636280
cpxRp2,0.5,19,13,TAGCCGGGGTCCGCTATTAT,6,642356
cpxRp2,1.5714285714285714,34,13,TAGCCGCGCTCTGAGTACTC,21,681906
cpxRp2,0.8571428571428571,24,13,TAGATGTTGTGATGGCCAAT,11,698550
cpxRp2,0.5,19,13,TAGATCGTAGGTCCCGATTT,6,655258
cpxRp2,0.2857142857142857,16,13,TAGATCGCACAAGTCTGTGT,3,696982
cpxRp2,0.5714285714285714,20,13,TAGAGGAAGTCATCTACCCT,7,648655
cpxRp2,0.9285714285714286,25,13,TAGACAGAATGGTGTGTAAG,12,669509
cpxRp2,1.3571428571428572,31,13,TACTTTTTCTGCAGTTAGCC,18,639645
cpxRp2,0.5,19,13,TACGATGAAGGCCGAGAACG,6,694928
cpxRp2,0.21428571428571427,15,13,TACCTTGGGGTGCCCAGACC,2,686159
cpxRp2,0.6428571428571429,21,13,TACCGGGTTCGCAACATTGC,8,667735
cpxRp2,1.0,26,13,TACCCCCAGAGTTCGATAAG,13,675874
cpxRp2,0.5,19,13,TAATCTTTTAACCAGCACGT,6,671902
cpxRp2,0.5,19,13,TAATCACTGAAGCGGCATCG,6,689314
cpxRp2,1.5714285714285714,34,13,TAATCAAAGGTTCCTTCGCT,21,642117
cpxRp2,1.2142857142857142,29,13,TAACTCACGTATTTAAGCAA,16,654126
cpxRp2,1.2857142857142858,30,13,TAACAGGTGATCGCATACTA,17,691326
cpxRp2,0.42857142857142855,18,13,TAAATAAACCTAAACAGGCC,5,659452
cpxRp2,0.5,19,13,TAAAGTAGAACGTTGCCAAT,6,673566
cpxRp2,0.42857142857142855,18,13,TAAAGCCTTTCGTGAAGTTA,5,631881
cpxRp2,0.7857142857142857,23,13,TAAACGCTAATATCCTTACG,10,635338
cpxRp2,1.2857142857142858,30,13,GTTTTTGATTAAGCCGCTCT,17,636820
cpxRp2,0.14285714285714285,14,13,GTTTTAAAAACAGTGTGAAC,1,688141
cpxRp2,1.6428571428571428,35,13,GTTGAATACAATTCAATAAG,22,699421
cpxRp2,0.6428571428571429,21,13,GTTATTCCTCAAGGGTCCAC,8,678943
cpxRp2,1.4285714285714286,32,13,GTTATATAGTCCGGTCTTCG,19,654650
cpxRp2,0.42857142857142855,18,13,GTTAGATCGGGTCCGCTTGC,5,659426
cpxRp2,1.0,26,13,GTGTCTGCAACTCTCAGGAC,13,672465
cpxRp2,0.42857142857142855,18,13,GTGGTTTGCTGTGGGATGGT,5,629645
cpxRp2,0.2857142857142857,16,13,GTGGTTCGGCTATGAGTAAT,3,662762
cpxRp2,0.6428571428571429,21,13,GTGGTCGAGGGTGGCACAGA,8,668431
cpxRp2,0.6428571428571429,21,13,GTGGCGGGGTGAACGCGCAA,8,639823
cpxRp2,0.14285714285714285,14,13,GTGCCCCTCGGATGTACTGG,1,644479
cpxRp2,0.7142857142857143,22,13,GTGCAGTAGCGAATGCATTC,9,647592
cpxRp2,0.35714285714285715,17,13,GTGATCGGCGGGTGCTTTAC,4,685469
cpxRp2,1.7857142857142858,37,13,GTGAGGGACGGTCCGGAAAA,24,661639
cpxRp2,0.42857142857142855,18,13,GTGACGTGGTTATCATGAGC,5,688645
cpxRp2,0.2857142857142857,16,13,GTCGTGTGGGGAAACTAATC,3,672193
cpxRp2,0.5,19,13,GTCGGAACACGACAAAGCTA,6,648394
cpxRp2,0.42857142857142855,18,13,GTCGAACATAAGATCGGCGT,5,654123
cpxRp2,2.0714285714285716,41,13,GTCCTATCAGGGTCGAGAAG,28,686536
cpxRp2,1.2142857142857142,29,13,GTCAGGTCAGAGGAAAATCT,16,657882
cpxRp2,0.5,19,13,GTCAACTAGACCTTCACTGA,6,643333
cpxRp2,1.2857142857142858,30,13,GTCAACGAGCGACCGAAGGT,17,701640
cpxRp2,1.9285714285714286,39,13,GTATTGTAAACGAGTGTTAC,26,683486
cpxRp2,1.0,26,13,GTATAGCTCGTCACGTTATC,13,704308
cpxRp2,0.2857142857142857,16,13,GTAGTAAGTCACAGCTCTCA,3,663675
cpxRp2,0.5,19,13,GTAGGAAAAGCGGGGAAATG,6,701725
cpxRp2,0.42857142857142855,18,13,GTACGTTCTCCTTAAGAGGT,5,655494
cpxRp2,0.2857142857142857,16,13,GTAATCATCATTTTTGTATA,3,642920
cpxRp2,0.21428571428571427,15,13,GTAAACGTAGGTCAACGGTA,2,641921
cpxRp2,0.21428571428571427,15,13,GGTTCCGGTTTTGAAGCGTT,2,704614
cpxRp2,0.5714285714285714,20,13,GGTTCCAGCCTCGCGGGATG,7,638600
cpxRp2,1.0714285714285714,27,13,GGTGACTGTATGTGGAGGGT,14,689070
cpxRp2,1.6428571428571428,35,13,GGTCTCTGCTGGATTGAACG,22,657851
cpxRp2,2.0,40,13,GGTCTCTCATAGAGAGGATA,27,671763
cpxRp2,1.0,26,13,GGTATACATCCGACCTAAGA,13,645022
cpxRp2,0.21428571428571427,15,13,GGTAATTATACGGGACAACT,2,667862
cpxRp2,1.6428571428571428,35,13,GGGTGCACGAGTTCGTAAGT,22,709881
cpxRp2,0.9285714285714286,25,13,GGGTCTGATATGAGGTTGAG,12,694062
cpxRp2,0.14285714285714285,14,13,GGGTCTATATTGGATATAGC,1,635098
cpxRp2,0.7142857142857143,22,13,GGGTACCTTCAAGGCTATTT,9,690886
cpxRp2,0.35714285714285715,17,13,GGGGTAAGCTCTTTTACAGT,4,643381
cpxRp2,1.2857142857142858,30,13,GGGGAGGGTCGTAATAAAAT,17,647861
cpxRp2,0.9285714285714286,25,13,GGGCCAGACGCGTTGCTACG,12,665102
cpxRp2,0.6428571428571429,21,13,GGGCATGTTCCGTGTCATGT,8,685942
cpxRp2,0.7857142857142857,23,13,GGGCAGCTTTCAGTTCAAGT,10,683450
cpxRp2,0.2857142857142857,16,13,GGGATAAGCAAGTGTAAAAT,3,698168
cpxRp2,1.9285714285714286,39,13,GGCTGCGTGACGACTGGGTT,26,705559
cpxRp2,0.6428571428571429,21,13,GGCTAACACGGAAGCCTTCG,8,688088
cpxRp2,2.0,40,13,GGCGCCTCTTATTTCATTAT,27,702845
cpxRp2,0.14285714285714285,14,13,GGCCTTTCGACAATAGCACT,1,688964
cpxRp2,9.571428571428571,146,13,GGCCCTTATGTGCACTGAGG,133,631667
cpxRp2,0.7857142857142857,23,13,GGCCAGGCTTAGGACGGTAT,10,673083
cpxRp2,4.142857142857143,70,13,GGCAGCCTGAGGAACCGGTA,57,702857
cpxRp2,0.5,19,13,GGCACGAACTGCCCGCGTAC,6,631797
cpxRp2,1.0,26,13,GGCACCCAATCTGGTGGTCG,13,693814
cpxRp2,0.7142857142857143,22,13,GGCACCATATCCTCCCATAT,9,635484
cpxRp2,1.5714285714285714,34,13,GGCACATATCACCGGGGCCC,21,662950
cpxRp2,0.6428571428571429,21,13,GGCAAGGGGTACGTACTAAT,8,687071
cpxRp2,0.35714285714285715,17,13,GGATTGTTACGTATAAACGG,4,663473
cpxRp2,0.35714285714285715,17,13,GGATTGTCATAGTGTGCGCT,4,710529
cpxRp2,0.9285714285714286,25,13,GGATCCGTGGGCTTAGATGA,12,700674
cpxRp2,0.5714285714285714,20,13,GGATCCAGCGCTGGTCTTGA,7,710294
cpxRp2,0.7857142857142857,23,13,GGAGGTTTGTGAATCGCCGC,10,695863
cpxRp2,1.5714285714285714,34,13,GGAGCAAAATGCCTTCCGGT,21,672946
cpxRp2,0.5714285714285714,20,13,GGACTTGTCAGCGAATAGTA,7,662182
cpxRp2,0.2857142857142857,16,13,GGACGCACATACTTTGCACA,3,631799
cpxRp2,0.5714285714285714,20,13,GGACCTCGAAGAGGGTATTA,7,644623
cpxRp2,1.4285714285714286,32,13,GGACACGGTGACTCCCATGC,19,652216
cpxRp2,1.1428571428571428,28,13,GGAAATCAGTACGGTGTCCA,15,663621
cpxRp2,1.4285714285714286,32,13,GCTTTGTCAAGCGTCTGCGA,19,674135
cpxRp2,0.2857142857142857,16,13,GCTTCGACGTAGCAAAATTA,3,692877
cpxRp2,1.5,33,13,GCTTAGCAACGGATGGTCGT,20,696530
cpxRp2,0.35714285714285715,17,13,GCTGGGTTTGTTTACCTCTT,4,681916
cpxRp2,0.9285714285714286,25,13,GCTCACCCCAGGGGAGACCC,12,654352
cpxRp2,2.2857142857142856,44,13,GCTCAATCAGCGAGGGATGA,31,641680
cpxRp2,0.5,19,13,GCTAGCCTCCTACAAAGGTT,6,632015
cpxRp2,0.42857142857142855,18,13,GCTACTCGATCCGCTTTGTA,5,632630
cpxRp2,0.7142857142857143,22,13,GCGTTGACATACATGTGTAA,9,638825
cpxRp2,0.6428571428571429,21,13,GCGTATAGTTGGAGTAGCGA,8,641443
cpxRp2,0.2857142857142857,16,13,GCGTAGGTCACTTGCTTTTT,3,646140
cpxRp2,0.8571428571428571,24,13,GCGTACACCCGTTCAATTAA,11,632166
cpxRp2,0.6428571428571429,21,13,GCGGTCGTGCCAATATTTAC,8,670665
cpxRp2,0.8571428571428571,24,13,GCGGTAGCCCTGCCCATGGT,11,704577
cpxRp2,0.6428571428571429,21,13,GCGGAGCGACTACCCTTTCG,8,650672
cpxRp2,0.5,19,13,GCGCGTGCGCTGTTTCGCTT,6,655416
cpxRp2,0.14285714285714285,14,13,GCGCCACCTGCGTGGGAAAG,1,682151
cpxRp2,0.7857142857142857,23,13,GCGAGCACGCTGAGTTCTAC,10,652271
cpxRp2,0.35714285714285715,17,13,GCCGGTGCTCCGTGTACGGA,4,634109
cpxRp2,1.5,33,13,GCCGCGGAATAGGATGACTC,20,674451
cpxRp2,0.42857142857142855,18,13,GCCGCACATAAAACCACCCA,5,629906
cpxRp2,0.2857142857142857,16,13,GCATTCTAGATGCCCATGGC,3,653818
cpxRp2,0.5714285714285714,20,13,GCATGTTCTAACTGCGTCAT,7,703921
cpxRp2,1.9285714285714286,39,13,GCATCCTCGTCCGAAGGCAA,26,647827
cpxRp2,0.42857142857142855,18,13,GCACGACCAGCTGACGGCAA,5,708588
cpxRp2,0.9285714285714286,25,13,GCACAACAGCTTAAGAGTCA,12,679927
cpxRp2,0.7142857142857143,22,13,GCAAGTAACTGGCGAGACCC,9,708631
cpxRp2,0.21428571428571427,15,13,GCAAGCAATCCTTCGATCGT,2,639757
cpxRp2,0.9285714285714286,25,13,GCAAGCAACTGCAGTGACGG,12,682601
cpxRp2,0.9285714285714286,25,13,GATTTGTATCTTGGCCTGCG,12,662121
cpxRp2,0.14285714285714285,14,13,GATTCCATCGAAAATTACGG,1,668501
cpxRp2,0.9285714285714286,25,13,GATTCATAACAGCGGACTTC,12,675180
cpxRp2,0.21428571428571427,15,13,GATCTTTAATGAGACCTATA,2,666503
cpxRp2,0.35714285714285715,17,13,GATCATAAGCGGGACGGAAG,4,699226
cpxRp2,0.8571428571428571,24,13,GATCAGCGATTAAGTTTGAT,11,700606
cpxRp2,1.0,26,13,GATATCCATATGGGTTTCGG,13,635203
cpxRp2,0.7857142857142857,23,13,GATACGCAGCGCATTATCGA,10,672970
cpxRp2,0.7857142857142857,23,13,GAGTAGGAGAGTCGGTTCTG,10,636568
cpxRp2,1.2142857142857142,29,13,GAGGTCGAATAACTAGCTGC,16,677351
cpxRp2,0.9285714285714286,25,13,GAGGGTACGGCGCCGAGACT,12,675236
cpxRp2,0.7857142857142857,23,13,GAGGGATCTGGTCCCATGTA,10,632793
cpxRp2,1.0,26,13,GAGGCTGCAAAAGTAAGACG,13,698828
cpxRp2,0.7857142857142857,23,13,GAGGACTGAAGTTTCAGGCT,10,684653
cpxRp2,0.5714285714285714,20,13,GAGCCACAATCAATTATTTA,7,691340
cpxRp2,0.8571428571428571,24,13,GAGCCAATGTGGTGGTGAAC,11,692224
cpxRp2,0.42857142857142855,18,13,GACTGACTTTCCTCAGATGC,5,694605
cpxRp2,0.5714285714285714,20,13,GACGCTGGGAACTGCGAGCG,7,634872
cpxRp2,0.5,19,13,GACGAGGGTATGCCAAATAT,6,708616
cpxRp2,0.5,19,13,GACCCCACAATAGCGTGAGG,6,692351
cpxRp2,0.35714285714285715,17,13,GACCATGGCCTTAGCCAACA,4,705457
cpxRp2,1.3571428571428572,31,13,GACCATCCTTTCCTCGAACG,18,702918
cpxRp2,0.7142857142857143,22,13,GACAGCAGTACCCGCGGGAC,9,639861
cpxRp2,0.5,19,13,GACACTTAGAGTCGCCACTA,6,650845
cpxRp2,0.42857142857142855,18,13,GAATCCTCACGCATGCCGAA,5,664941
cpxRp2,0.5714285714285714,20,13,GAATCCAGTCGTTCACCTCG,7,683289
cpxRp2,0.6428571428571429,21,13,GAATATTGTAAGAGAAACTT,8,635654
cpxRp2,0.21428571428571427,15,13,GAATAGCGCATGCGCGTTAA,2,694743
cpxRp2,1.5,33,13,GAAGGTACGAGGGGTGACAT,20,663718
cpxRp2,0.5714285714285714,20,13,GAAGGCACTAATATAACTTT,7,700401
cpxRp2,0.8571428571428571,24,13,GAAGCGGGTGGCTAACGCTT,11,683946
cpxRp2,0.21428571428571427,15,13,GAAGACCTCAAAAAATTAGC,2,632597
cpxRp2,0.14285714285714285,14,13,GAAGACCGCACGCGATGTTG,1,643296
cpxRp2,0.21428571428571427,15,13,GAACTGCGTCCCAGTCTGCC,2,634105
cpxRp2,0.5714285714285714,20,13,GAACTGATGTTGGGCTGGCA,7,675978
cpxRp2,0.35714285714285715,17,13,GAACCTCTGGATTGAAATGT,4,667486
cpxRp2,0.14285714285714285,14,13,GAACCTACGCTACTGCATTA,1,686133
cpxRp2,1.6428571428571428,35,13,GAACCCCTCGGTGGGCACGA,22,675632
cpxRp2,0.42857142857142855,18,13,GAACCCCGTAGCTCTTCACA,5,701167
cpxRp2,0.5714285714285714,20,13,GAAATTTTCATAGCACAGGA,7,710972
cpxRp2,1.0,26,13,GAAAGGAAATAGCTCCTCGT,13,651799
cpxRp2,0.2857142857142857,16,13,GAAAATCCACGAGACATAGG,3,696296
cpxRp2,1.1428571428571428,28,13,GAAAAATGGATATGCCGAGA,15,679706
cpxRp2,2.857142857142857,52,13,CTTTTTCGCATGGTGGACAG,39,637085
cpxRp2,0.6428571428571429,21,13,CTTTGTGACGATAGCAATTA,8,660355
cpxRp2,1.1428571428571428,28,13,CTTTGTAGCTACTGGCTGTA,15,708974
cpxRp2,0.35714285714285715,17,13,CTTGTGCTAGACTACCTGTA,4,673159
cpxRp2,0.5,19,13,CTTGAGTCCGGCTACAGTCA,6,636415
cpxRp2,0.6428571428571429,21,13,CTTCGCATATCGTTGGTTGT,8,670462
cpxRp2,0.35714285714285715,17,13,CTTCATTCCTTGGCCAGGTA,4,650512
cpxRp2,0.8571428571428571,24,13,CTTAGATCTTTAGTGCGTCA,11,633696
cpxRp2,3.642857142857143,63,13,CTGTGACGGGAAACAAGGGT,50,656451
cpxRp2,0.5714285714285714,20,13,CTGGTCTTGTCCCTGGGCGT,7,658843
cpxRp2,0.5714285714285714,20,13,CTGGGCTTCTAGCTCCAAAA,7,639905
cpxRp2,2.0714285714285716,41,13,CTGCTCCGATCAACGTATGT,28,640546
cpxRp2,1.8571428571428572,38,13,CTGCGTCACAAGGTCACCTA,25,710391
cpxRp2,0.21428571428571427,15,13,CTGCGTACAACAACTCGGAC,2,683317
cpxRp2,2.9285714285714284,53,13,CTGAGTAAACTTACGTTGGC,40,663599
cpxRp2,0.8571428571428571,24,13,CTCTCTCATCGGTCGGGGGG,11,707089
cpxRp2,0.2857142857142857,16,13,CTCGGCCTATGCAGATTCTC,3,666083
cpxRp2,1.7142857142857142,36,13,CTCGGAGCGATATAAAATGA,23,708783
cpxRp2,0.35714285714285715,17,13,CTCCGATTCTGCACGAAATG,4,694816
cpxRp2,0.8571428571428571,24,13,CTCCAATCATATTGTTTACA,11,656998
cpxRp2,0.5,19,13,CTCAAGTTTGTTTCTGACAT,6,674925
cpxRp2,0.7142857142857143,22,13,CTAGTCAGTAAAAATGAAGC,9,689714
cpxRp2,0.7142857142857143,22,13,CTACTTGTGGGCACGCCTTC,9,637571
cpxRp2,0.2857142857142857,16,13,CTAAGGTAGTGTTCAGTCGT,3,663689
cpxRp2,1.0714285714285714,27,13,CGTTTGAGACTGGGTTGCAA,14,670228
cpxRp2,0.21428571428571427,15,13,CGTTTAGGTGGGGGCCTCAG,2,651162
cpxRp2,1.0714285714285714,27,13,CGTTGAAGGCACTGGTGGCT,14,708021
cpxRp2,1.0714285714285714,27,13,CGTTCAGACGGGCAAGCCCA,14,691774
cpxRp2,0.5,19,13,CGTTAGTATACATCGCTCAG,6,639363
cpxRp2,0.14285714285714285,14,13,CGTTAGGCAGCGATTGAGTA,1,667309
cpxRp2,0.14285714285714285,14,13,CGTGTCTGTGTACGTTCTGG,1,711214
cpxRp2,0.7142857142857143,22,13,CGTGGGCACGTTGAGTTTAT,9,632109
cpxRp2,1.4285714285714286,32,13,CGTGAGCAACAATCCTTACG,19,642701
cpxRp2,1.0,26,13,CGTCCTTTTGATAGTGCTTA,13,640258
cpxRp2,1.0,26,13,CGTATTCCCCAACGGAATTG,13,629671
cpxRp2,0.6428571428571429,21,13,CGTACTGAGGAATTCAACTA,8,708062
cpxRp2,0.42857142857142855,18,13,CGTACTCCTAGTTAACATTT,5,691851
cpxRp2,0.9285714285714286,25,13,CGTAACCGATGCTCTGTGGG,12,643847
cpxRp2,0.14285714285714285,14,13,CGGTTTTCGCATGTAAAACT,1,671428
cpxRp2,1.5714285714285714,34,13,CGGTCGGAAGCAAGGGGACG,21,630904
cpxRp2,0.35714285714285715,17,13,CGGCTTCGATAACTCCTTAG,4,640597
cpxRp2,0.7857142857142857,23,13,CGGCTGCGTATATTGCGTAC,10,646038
cpxRp2,2.5714285714285716,48,13,CGGCCAGTTTCAGCACCAGT,35,705100
cpxRp2,0.21428571428571427,15,13,CGGCAAGTCACCTCTAGAAG,2,678608
cpxRp2,0.14285714285714285,14,13,CGGATCTAGTACATCGTATC,1,665268
cpxRp2,1.2857142857142858,30,13,CGGACGGATCCCGGAACTTG,17,656396
cpxRp2,0.35714285714285715,17,13,CGGAAGTTAGAGGCGATACC,4,671149
cpxRp2,0.6428571428571429,21,13,CGGAAACTTACAAGGGATTA,8,648052
cpxRp2,0.7142857142857143,22,13,CGCTTCGTACGCGTAACGAC,9,678835
cpxRp2,0.7142857142857143,22,13,CGCTCTTGGCCCGGAGTTTA,9,637185
cpxRp2,0.5714285714285714,20,13,CGCTCTTGATATATTGGATC,7,634741
cpxRp2,0.42857142857142855,18,13,CGCTCTATTTGTGACAATCT,5,675681
cpxRp2,2.7142857142857144,50,13,CGCGGGCAACGGCCGGAAAG,37,700373
cpxRp2,3.857142857142857,66,13,CGCGAGCTTCCCGAGTAGGG,53,631161
cpxRp2,0.21428571428571427,15,13,CGCAAAAAGATTGAACACCC,2,687074
cpxRp2,0.14285714285714285,14,13,CGATGTACTGAAACCCTAGA,1,630149
cpxRp2,0.42857142857142855,18,13,CGATGAATTGCAAAGTGTGA,5,646742
cpxRp2,0.6428571428571429,21,13,CGACCACCGTACCATGGGCT,8,711523
cpxRp2,1.2142857142857142,29,13,CGACATGTCAAGTACGACAG,16,683666
cpxRp2,0.14285714285714285,14,13,CGACAACGGCTCGTTGAGCA,1,648557
cpxRp2,0.21428571428571427,15,13,CGACAAAAGTCAGCCCTGGA,2,673110
cpxRp2,0.5,19,13,CGAAGAGCCGTTCATGCGCA,6,647768
cpxRp2,2.2142857142857144,43,13,CGAAAGTTTGGTCTGAGAGT,30,682700
cpxRp2,0.5714285714285714,20,13,CCTGAAGACCCCGGAGAGTT,7,688695
cpxRp2,0.8571428571428571,24,13,CCTCTTGTAAGGTGACGACT,11,640813
cpxRp2,0.8571428571428571,24,13,CCTCTAGTTGGTATCGTTAG,11,633853
cpxRp2,2.2142857142857144,43,13,CCTACGGACCGATATCTCAG,30,649814
cpxRp2,0.6428571428571429,21,13,CCTAACTAGGAGAGTATCAT,8,692444
cpxRp2,1.5,33,13,CCGTTTGCAACGGAGCGCCA,20,633755
cpxRp2,0.6428571428571429,21,13,CCGTTTATGTATGTCCGACA,8,680378
cpxRp2,1.4285714285714286,32,13,CCGTTATGTTAGGCGGCCTT,19,660756
cpxRp2,0.9285714285714286,25,13,CCGTGGGTCCGTGTTAGGGT,12,660520
cpxRp2,0.7857142857142857,23,13,CCGTCCTGGGCGCCGGTTTC,10,653012
cpxRp2,0.21428571428571427,15,13,CCGTAAGTGCTCTCGCGAGA,2,707348
cpxRp2,0.21428571428571427,15,13,CCGGTTAGCCTAGTCTGTGA,2,708863
cpxRp2,0.2857142857142857,16,13,CCGGTCTCGGTATTAAGAAC,3,654013
cpxRp2,0.6428571428571429,21,13,CCGGGATTTAGGGTCCGTAA,8,712001
cpxRp2,1.0714285714285714,27,13,CCGGCCTACGGGCGGACTCC,14,657949
cpxRp2,1.9285714285714286,39,13,CCGGAGAACGCGTTCTTGTT,26,638628
cpxRp2,0.35714285714285715,17,13,CCGGAAAGTGCCCAAAAAGG,4,672530
cpxRp2,1.7142857142857142,36,13,CCGCGCTAAGTTCAAACCGA,23,670894
cpxRp2,0.5714285714285714,20,13,CCGATTATATCGTAATGCGA,7,657645
cpxRp2,0.42857142857142855,18,13,CCCTGTTTTCTTTGTGAAGT,5,636006
cpxRp2,1.3571428571428572,31,13,CCCTCTTGCTTATCGTACCA,18,654309
cpxRp2,0.6428571428571429,21,13,CCCTCCAGCGTTATGGAACA,8,634033
cpxRp2,0.42857142857142855,18,13,CCCTAACTATAGAATCAGAC,5,668139
cpxRp2,0.5714285714285714,20,13,CCCGTATTTCCCGGGCTGGC,7,637357
cpxRp2,1.0714285714285714,27,13,CCCGAGGGGTGCAACTGGCT,14,673461
cpxRp2,1.2142857142857142,29,13,CCCGAGCCTGGATTATTTCG,16,657946
cpxRp2,0.35714285714285715,17,13,CCCCCGCACATAGCAAGGGG,4,657773
cpxRp2,0.7857142857142857,23,13,CCCCACGGAGATCGGGACGT,10,676849
cpxRp2,1.5,33,13,CCCAGGTTCTAGCCGGACAA,20,707712
cpxRp2,0.8571428571428571,24,13,CCATTTATGACTATGTGGTG,11,693028
cpxRp2,0.21428571428571427,15,13,CCATGGCAATATAGCACTTA,2,661434
cpxRp2,0.21428571428571427,15,13,CCAGCTCGGGTGTACGCCTG,2,672430
cpxRp2,0.6428571428571429,21,13,CCACGCCCCGGCAGCTATAG,8,677996
cpxRp2,1.6428571428571428,35,13,CCACGAGTAGTCTATCAAGA,22,665686
cpxRp2,0.2857142857142857,16,13,CCAAACCGCACGAAAGGGTG,3,638459
cpxRp2,0.5,19,13,CATTTCAGTCTAGTACCCAT,6,683613
cpxRp2,0.5714285714285714,20,13,CATTGCATCGACGAGTAAGG,7,656466
cpxRp2,1.1428571428571428,28,13,CATTCTAAATGCATTCTTGA,15,687741
cpxRp2,0.35714285714285715,17,13,CATGGTATATGGAGGGCAAT,4,660596
cpxRp2,0.21428571428571427,15,13,CATGGTAGTGCGCACTCGGG,2,636742
cpxRp2,0.14285714285714285,14,13,CATGCTAGCTCGCCGGGCGG,1,693479
cpxRp2,0.7857142857142857,23,13,CATGCAAAATGTGCAATATA,10,652238
cpxRp2,0.5714285714285714,20,13,CATGAGGGGTATGGTTCATT,7,669879
cpxRp2,0.21428571428571427,15,13,CATGAAGTCACTCAATCGCT,2,674876
cpxRp2,0.6428571428571429,21,13,CATCGGCCCGAAGTGTCTGT,8,690848
cpxRp2,0.7857142857142857,23,13,CATAGCGGTCATCCTTGTGA,10,707960
cpxRp2,0.7142857142857143,22,13,CATACCGTCAGCGAAATTTT,9,702624
cpxRp2,0.7142857142857143,22,13,CATAAGCGTACTGTACAAAA,9,637711
cpxRp2,0.2857142857142857,16,13,CAGTTAAGAAGTGAGCGTCT,3,703354
cpxRp2,0.9285714285714286,25,13,CAGTCTCGATGATCGTTGAC,12,698096
cpxRp2,1.2857142857142858,30,13,CAGTCCTCACCTTGGCGAGG,17,669515
cpxRp2,0.9285714285714286,25,13,CAGGTTACCGGGAACGCGGA,12,652062
cpxRp2,0.14285714285714285,14,13,CAGGTGAACAGCTCGGCTGA,1,699517
cpxRp2,0.5714285714285714,20,13,CAGGGCCATATAAACGCCGA,7,704771
cpxRp2,0.21428571428571427,15,13,CAGGGAATGTACGCGACGTC,2,675303
cpxRp2,1.1428571428571428,28,13,CAGGCGGAAGTCCATGACTT,15,683114
cpxRp2,0.35714285714285715,17,13,CAGGATCGTTAATCGCTATT,4,652575
cpxRp2,1.1428571428571428,28,13,CAGCGTGTACATCGTTTCGC,15,650399
cpxRp2,2.5,47,13,CAGCCTGATGTGGGTATCCA,34,686686
cpxRp2,2.2142857142857144,43,13,CAGATCCTCCATTTCCCAAG,30,658630
cpxRp2,2.4285714285714284,46,13,CAGACCATTTGCTGTGTTTA,33,692441
cpxRp2,2.5,47,13,CAGAAGTGGGTAATTTCAGA,34,695080
cpxRp2,2.4285714285714284,46,13,CACTCCCACTACATGTGCAG,33,637358
cpxRp2,18.5,271,13,CACTCAGGTCTGTTAGGTTC,258,661307
cpxRp2,0.2857142857142857,16,13,CACCTCGACGAGTGGTTTAC,3,654413
cpxRp2,0.5714285714285714,20,13,CACCTATGAGCCCACCGCTT,7,703699
cpxRp2,1.6428571428571428,35,13,CACATTGCACTCGGGCCTCC,22,696409
cpxRp2,1.0,26,13,CACATATTCACCATGCACAC,13,704193
cpxRp2,0.9285714285714286,25,13,CACAGGTAGGTCCGGTCTGG,12,672856
cpxRp2,0.5,19,13,CAATAAGAATGAATGGGGGG,6,631006
cpxRp2,0.6428571428571429,21,13,CAAGTATAGCCGGTGATCAT,8,696769
cpxRp2,0.5714285714285714,20,13,CAACGGAGGTCAATCAGGCA,7,703117
cpxRp2,1.0714285714285714,27,13,CAACCACGCTGGACGCCAGG,14,704447
cpxRp2,0.35714285714285715,17,13,CAAAGGTCTGTCAAGGTACT,4,687480
cpxRp2,0.9285714285714286,25,13,CAAAGCCGGCTAGGCAGCTC,12,656995
cpxRp2,0.5,19,13,ATTTCAAAGAATCCGGAGCC,6,652189
cpxRp2,1.3571428571428572,31,13,ATTTAGGTGTCGTGTGTTGT,18,669962
cpxRp2,0.14285714285714285,14,13,ATTTACAGCCACCTACAACA,1,633029
cpxRp2,0.35714285714285715,17,13,ATTGTGAAGACGTGAGTATA,4,686775
cpxRp2,0.9285714285714286,25,13,ATTCGTTCCGGGACATGAGT,12,672752
cpxRp2,1.1428571428571428,28,13,ATTCGCTATAAATTCGCAAC,15,630666
cpxRp2,1.4285714285714286,32,13,ATTCATTAGTCCCCCCACCG,19,692457
cpxRp2,0.5714285714285714,20,13,ATTAGTGGGCTGGAGGCCCC,7,651315
cpxRp2,6.571428571428571,104,13,ATGTTTGCTCTAGTTCGGAT,91,676530
cpxRp2,0.5,19,13,ATGGGATTGGAGCACCATGA,6,636211
cpxRp2,0.42857142857142855,18,13,ATGGCCCAAGAAAGGTGTGA,5,648233
cpxRp2,0.2857142857142857,16,13,ATGGAGGCGGGGAAGAGGAG,3,672417
cpxRp2,1.0714285714285714,27,13,ATGAGGAATGCTCGTCTCGA,14,668313
cpxRp2,0.35714285714285715,17,13,ATGAATCGTCACACTCCTGG,4,632900
cpxRp2,0.2857142857142857,16,13,ATGAATAGCGCGGCCGGGTA,3,644591
cpxRp2,0.2857142857142857,16,13,ATGAAAAAGGCTACTCAATA,3,641036
cpxRp2,1.7857142857142858,37,13,ATCTGAGTCTTGGCTTGACG,24,643596
cpxRp2,0.21428571428571427,15,13,ATCTCATTGACTCCGAAAAG,2,658131
cpxRp2,0.7857142857142857,23,13,ATCGGGTGTTGCTTTACAAA,10,683707
cpxRp2,1.2142857142857142,29,13,ATCGCTGCACTAAAACGGAT,16,710773
cpxRp2,0.6428571428571429,21,13,ATCCTGCTACAAGGAAACCC,8,668842
cpxRp2,0.7142857142857143,22,13,ATCCACCTGCGCAGGATCTT,9,689783
cpxRp2,1.3571428571428572,31,13,ATCATTCCGTAAGACTCGAC,18,664786
cpxRp2,1.0,26,13,ATCACGGTTCAGAAGCATGT,13,702700
cpxRp2,0.5714285714285714,20,13,ATCAAAATCTAAGCTTGTGA,7,649403
cpxRp2,0.35714285714285715,17,13,ATATGAACATGTTTATGAAT,4,638393
cpxRp2,1.2857142857142858,30,13,ATATAAGGTGGGCCATTAGA,17,691997
cpxRp2,1.1428571428571428,28,13,ATAGGAATCCCGATAATCGT,15,654153
cpxRp2,2.5714285714285716,48,13,ATAGAAAGGTTCGGAGAGTG,35,664681
cpxRp2,0.14285714285714285,14,13,ATAATAGGCCAACCAGTCGC,1,670893
cpxRp2,1.5,33,13,ATAAGGCCAAGATGCGTAAT,20,651309
cpxRp2,0.6428571428571429,21,13,ATAACTGAGAGGCGAGAATA,8,664948
cpxRp2,0.5,19,13,ATAACACTCATTTTTCCAGC,6,639537
cpxRp2,0.7142857142857143,22,13,AGTTCCATTGCTGGCTTAAT,9,677040
cpxRp2,1.5,33,13,AGTCAATTGGTTTCCTGTAT,20,634788
cpxRp2,0.9285714285714286,25,13,AGTAGGCGGTGATCAGCAGC,12,672274
cpxRp2,1.1428571428571428,28,13,AGTAAGAGCATTTTGGTATC,15,656204
cpxRp2,0.6428571428571429,21,13,AGTAAATTTGTCTTGGTGTT,8,668503
cpxRp2,0.9285714285714286,25,13,AGGTCATACGAGTTTCGCCT,12,639151
cpxRp2,0.42857142857142855,18,13,AGGGCAACTTGCGCGTTTCC,5,676578
cpxRp2,0.7857142857142857,23,13,AGGGATTTTGCATAGTCTGA,10,637084
cpxRp2,0.7142857142857143,22,13,AGGGAACATTACCATGTCTC,9,630154
cpxRp2,0.9285714285714286,25,13,AGGCACCAATATGGACAATC,12,650486
cpxRp2,0.2857142857142857,16,13,AGGATTGCCATTGCAATAAA,3,631342
cpxRp2,0.35714285714285715,17,13,AGGAATAGATGGACCTATGC,4,658546
cpxRp2,1.1428571428571428,28,13,AGCTCGATTTTAAAAAGTAA,15,700369
cpxRp2,1.4285714285714286,32,13,AGCTAGGCCCGGTTTGAGTC,19,648553
cpxRp2,0.21428571428571427,15,13,AGCGCCTAGGCCATGTGGGT,2,637786
cpxRp2,0.8571428571428571,24,13,AGCCGTCGAACCTTTCTGGC,11,644564
cpxRp2,4.5,75,13,AGCCCGTGGTTAGGGGGATT,62,703622
cpxRp2,0.6428571428571429,21,13,AGATGAGCTCATCTGATTAT,8,703081
cpxRp2,1.7857142857142858,37,13,AGATACATACGTCGTCCTAG,24,642259
cpxRp2,2.0714285714285716,41,13,AGATAAAGCGGGCTTGTATG,28,675209
cpxRp2,0.6428571428571429,21,13,AGAGTGTCATGTCCGCTTAT,8,661971
cpxRp2,0.14285714285714285,14,13,AGAGGGCTATCGTTGCTCAG,1,684395
cpxRp2,0.9285714285714286,25,13,AGAGGAGTTCTCCAAGGTTA,12,684782
cpxRp2,0.5,19,13,AGAGACAGAAACGAGCGGCT,6,635193
cpxRp2,0.14285714285714285,14,13,AGACCAGTCACTCCCCGCAA,1,712018
cpxRp2,0.35714285714285715,17,13,AGAATGTAAGGTCGGCTGAC,4,707768
cpxRp2,0.7857142857142857,23,13,AGAACTTTGGCATGACTTGA,10,650708
cpxRp2,0.2857142857142857,16,13,AGAACATAGGTGTTTGGCGC,3,635913
cpxRp2,0.9285714285714286,25,13,ACTGTGATTCCGTTAGAGGG,12,668318
cpxRp2,0.2857142857142857,16,13,ACTGCGTATCAAGTGAACTG,3,696682
cpxRp2,0.6428571428571429,21,13,ACTCTGAAACATGTGAAAGT,8,645865
cpxRp2,0.14285714285714285,14,13,ACTCGTGGACGCATAACAGC,1,675907
cpxRp2,0.8571428571428571,24,13,ACTCGATACAAGCGTTCCCC,11,701046
cpxRp2,1.2142857142857142,29,13,ACTCCAGAACCCACCGGAAA,16,680299
cpxRp2,0.6428571428571429,21,13,ACTATGCGCTAGTCATAGAA,8,701892
cpxRp2,1.0714285714285714,27,13,ACGTACATAGTTGCAGCCCA,14,634193
cpxRp2,1.5,33,13,ACGGTACTAACGAGGGGACA,20,710913
cpxRp2,1.0714285714285714,27,13,ACGGCTCACGGCTGCTCGGA,14,658228
cpxRp2,0.42857142857142855,18,13,ACGGCAGGCTAACACGGTGT,5,651964
cpxRp2,0.5714285714285714,20,13,ACGCTGGGCGGCTAGTTCTG,7,669909
cpxRp2,0.14285714285714285,14,13,ACGCGTTTGATAGAGCATTT,1,708309
cpxRp2,0.6428571428571429,21,13,ACGCCGTCTACCAGGGGAAG,8,637024
cpxRp2,1.3571428571428572,31,13,ACGCCCAACTAACTGTAGGC,18,694209
cpxRp2,0.5,19,13,ACGAGTTATATTCATTCATA,6,678484
cpxRp2,0.14285714285714285,14,13,ACGACTATCACGTCGTTAGC,1,659419
cpxRp2,0.7142857142857143,22,13,ACCTCCACCCTGTAACCGCA,9,707066
cpxRp2,0.21428571428571427,15,13,ACCTACATCAGCGTTTTGCA,2,680972
cpxRp2,1.2142857142857142,29,13,ACCGTCCAATGCTTGTAAAT,16,672347
cpxRp2,1.3571428571428572,31,13,ACCGCAAGATTAGCATCTCC,18,706253
cpxRp2,0.5714285714285714,20,13,ACCGAGTGATCCGTCAGCCT,7,690711
cpxRp2,0.2857142857142857,16,13,ACCCACGCACTGGACCATCG,3,651706
cpxRp2,0.5,19,13,ACCCAAGTCTAGGCAGATGA,6,632589
cpxRp2,2.642857142857143,49,13,ACCACGAATGCCACTAGCTC,36,637157
cpxRp2,0.5714285714285714,20,13,ACCACCTCTAAAACTGAATG,7,676437
cpxRp2,0.14285714285714285,14,13,ACCAATGGGAATTAAAATTT,1,674306
cpxRp2,0.2857142857142857,16,13,ACCAACTGTCAGCGTTTCAT,3,652472
cpxRp2,0.6428571428571429,21,13,ACATTAGGACCAGCGGGCAG,8,635125
cpxRp2,2.2142857142857144,43,13,ACATGATAGACGAATTGCAG,30,706411
cpxRp2,1.2857142857142858,30,13,ACAGGTTTTATGGTCATGAA,17,686101
cpxRp2,1.2857142857142858,30,13,ACAGGTCGTAATCAGTCTCA,17,641416
cpxRp2,0.21428571428571427,15,13,ACAGCGTATAAAGGTACGTA,2,670296
cpxRp2,1.1428571428571428,28,13,ACAATGTGTCGTGTACGTTA,15,676176
cpxRp2,0.7142857142857143,22,13,ACAACGGCCCTCAGAAAGGA,9,644977
cpxRp2,0.35714285714285715,17,13,AATTGCGTGGAATTCGCTAC,4,642074
cpxRp2,0.42857142857142855,18,13,AATTCGATCGGATCCCCGAC,5,655087
cpxRp2,0.5714285714285714,20,13,AATGCAGGGTCCACAACTAG,7,651868
cpxRp2,1.0,26,13,AATGATGCTAATGAAATTGT,13,631428
cpxRp2,0.5,19,13,AATCTATGTGCAGAAGACAT,6,666259
cpxRp2,0.7857142857142857,23,13,AATCGTTATAATATCTCGAG,10,694498
cpxRp2,0.5,19,13,AATCACGCCCCGTTCAGGGT,6,661525
cpxRp2,1.0,26,13,AATCACCTGATGCGAATCAG,13,644974
cpxRp2,2.4285714285714284,46,13,AATATGCCTGGACCACCGAC,33,670588
cpxRp2,1.1428571428571428,28,13,AATATCTTGTCTTTGCATGT,15,682515
cpxRp2,2.2142857142857144,43,13,AATAACGTACATCGGTTACC,30,630681
cpxRp2,2.5,47,13,AAGTTTCGGCATCTCTTCTA,34,678793
cpxRp2,0.35714285714285715,17,13,AAGTTGTCACGCCGCCCTTT,4,682607
cpxRp2,0.14285714285714285,14,13,AAGTCGATGGGACTGCATAA,1,702100
cpxRp2,1.6428571428571428,35,13,AAGGGATGCATTGTCATCGG,22,639154
cpxRp2,1.4285714285714286,32,13,AAGCTCCGGGAAGGGATACA,19,688909
cpxRp2,0.35714285714285715,17,13,AAGCTCAAGGATAAAGACCT,4,644234
cpxRp2,1.1428571428571428,28,13,AAGCGAAGTGGTAAGACAAG,15,669621
cpxRp2,0.5,19,13,AAGCCTCGTTCTGGAATGTC,6,668884
cpxRp2,0.2857142857142857,16,13,AAGATTGTATTAGGGGGTTA,3,632941
cpxRp2,1.7857142857142858,37,13,AACTCTAGGGGACACTGGAC,24,673454
cpxRp2,0.42857142857142855,18,13,AACTCTAATGATATACTCCA,5,643793
cpxRp2,0.42857142857142855,18,13,AACTACGCACTACTGGGCTG,5,640270
cpxRp2,0.6428571428571429,21,13,AACGTCAGCTTTGCATATTG,8,662382
cpxRp2,0.2857142857142857,16,13,AACCGTATAAGGAAGTGTAA,3,711750
cpxRp2,0.21428571428571427,15,13,AACCGGTAGACACCGCGACA,2,662959
cpxRp2,0.42857142857142855,18,13,AACCGCTGTATACTCATACT,5,681885
cpxRp2,0.2857142857142857,16,13,AACCCTTAGCCAGACATTCG,3,660931
cpxRp2,0.7857142857142857,23,13,AACATTGAGAGTTGGGGGGA,10,666736
cpxRp2,0.21428571428571427,15,13,AACATAAGGTCGGAGGGCTT,2,709963
cpxRp2,2.0,40,13,AAATGGGGTGTGGGGCCGTC,27,710161
cpxRp2,0.2857142857142857,16,13,AAAGCCAGAGGTCTAGGTTT,3,645997
cpxRp2,0.8571428571428571,24,13,AAAGAGCTCACACGGGAGTC,11,637303
cpxRp2,0.35714285714285715,17,13,AAACAGCCATATAAGGGCAT,4,637984
cpxRp2,0.5714285714285714,20,13,AAACAGAAATTTTCCCAGTT,7,634022
cpxRp2,0.5,19,13,AAAATAACGGGAATCCCGGT,6,641093
cpxRp2,0.38461538461538464,16,12,TTTTGACGCCAGCAGTTTAG,4,703700
cpxRp2,6.076923076923077,90,12,TTTTAAGCGCTGCGATAAAG,78,667277
cpxRp2,5.384615384615385,81,12,TTTGCGTCCGTCTAGGGATT,69,643217
cpxRp2,0.15384615384615385,13,12,TTTGCATGACCACTACGTAC,1,674976
cpxRp2,0.23076923076923078,14,12,TTTGAATCGCTAACTGTGGT,2,670157
cpxRp2,3.769230769230769,60,12,TTTCACGTGAACTCTAGCAG,48,697005
cpxRp2,0.5384615384615384,18,12,TTTATCTTAGCTCTTGATCC,6,700246
cpxRp2,0.6923076923076923,20,12,TTGGTCTTTTCATTGCGATG,8,653559
cpxRp2,0.5384615384615384,18,12,TTGGTCCACGTTCCCCAAGG,6,678812
cpxRp2,7.384615384615385,107,12,TTGGTACAGTCTGCCTCATC,95,670984
cpxRp2,0.6153846153846154,19,12,TTGGGTATCTCTGGCGGAAA,7,662082
cpxRp2,0.6153846153846154,19,12,TTGGCCTGGGTGAGCCTGCG,7,660578
cpxRp2,0.6153846153846154,19,12,TTGGATCCGGGCTACCATTT,7,658781
cpxRp2,0.15384615384615385,13,12,TTGACTTCCGGGGTGGACAA,1,639330
cpxRp2,1.0,24,12,TTCTTCTGCTATAGATTCAT,12,671760
cpxRp2,0.46153846153846156,17,12,TTCTTACATGTTGTTATAAG,5,652114
cpxRp2,0.3076923076923077,15,12,TTCCTCATTTTCTGACAGTT,3,688245
cpxRp2,0.15384615384615385,13,12,TTCCGCTAGGGATTCACTAT,1,631947
cpxRp2,1.3076923076923077,28,12,TTCCGATTTAACGATATGTG,16,675121
cpxRp2,0.3076923076923077,15,12,TTCCGATCATCCATATAGAC,3,650707
cpxRp2,0.38461538461538464,16,12,TTCCATTGAACGAGAGTCCA,4,708670
cpxRp2,0.15384615384615385,13,12,TTCACCAGGCCAAACGTACA,1,693610
cpxRp2,0.38461538461538464,16,12,TTATTTCGTGGGCACAACCG,4,700863
cpxRp2,0.5384615384615384,18,12,TTATTGTCGCCGCACCAGAT,6,678731
cpxRp2,0.7692307692307693,21,12,TTATGGGGATTACTACCCTA,9,682751
cpxRp2,0.3076923076923077,15,12,TTATCAGATCGTAGGCATAC,3,632043
cpxRp2,0.3076923076923077,15,12,TTATAAGCTCTAACCCTCAA,3,637262
cpxRp2,1.4615384615384615,30,12,TTACTCACTGTTTCAGTTGA,18,680364
cpxRp2,2.0,37,12,TTACGTCAAGATAGAAAGGG,25,661132
cpxRp2,1.0769230769230769,25,12,TTACATTATCAGCGAAAATT,13,657117
cpxRp2,0.6153846153846154,19,12,TTACATGCGCGTAACATGCT,7,656842
cpxRp2,0.8461538461538461,22,12,TGTTGCTTTGTAATAAGGCT,10,710372
cpxRp2,0.38461538461538464,16,12,TGTTGATAGAGGGCATCAGC,4,657837
cpxRp2,5.230769230769231,79,12,TGTTCCCGCGTACTTATCTA,67,687798
cpxRp2,0.8461538461538461,22,12,TGTTCATCGCCCGGTCCTTG,10,638339
cpxRp2,0.23076923076923078,14,12,TGTTAACTATACATTTTCGA,2,649809
cpxRp2,1.9230769230769231,36,12,TGTCGCGCGCGGGTGAGGAG,24,708217
cpxRp2,0.6923076923076923,20,12,TGTACGCATCCCGTATGCCC,8,658161
cpxRp2,0.15384615384615385,13,12,TGGTTTTGCCCACTGGCACG,1,641870
cpxRp2,1.1538461538461537,26,12,TGGTGGGTGGCACGACACCT,14,650698
cpxRp2,0.6153846153846154,19,12,TGGTCCGCGGACTCCCTGTT,7,634325
cpxRp2,0.46153846153846156,17,12,TGGTACACCGAGACCCGTGT,5,693356
cpxRp2,0.3076923076923077,15,12,TGGGTAAGGGTGACGATTCC,3,671466
cpxRp2,0.8461538461538461,22,12,TGGCTCTTATAGCGTCACGC,10,678067
cpxRp2,0.15384615384615385,13,12,TGGCCCGCGGCCCGCAGGGG,1,644756
cpxRp2,1.1538461538461537,26,12,TGGATGCGAATTCGGACCAC,14,634239
cpxRp2,0.15384615384615385,13,12,TGGAGCCCGCCTGGCGTAGT,1,689553
cpxRp2,1.0,24,12,TGCTGACTACCGCAGGTTAC,12,666668
cpxRp2,0.23076923076923078,14,12,TGCTAGAATCTGCATTCATG,2,651752
cpxRp2,0.38461538461538464,16,12,TGCTACTGGGCCGCCTACTG,4,706175
cpxRp2,0.8461538461538461,22,12,TGCGGTCGGCTGCTGTGCGG,10,671502
cpxRp2,0.23076923076923078,14,12,TGCGGCGGATCTGTTGACCT,2,703494
cpxRp2,0.46153846153846156,17,12,TGCCTGCCAGACGGCTACTT,5,683959
cpxRp2,1.1538461538461537,26,12,TGCCTAAAAGATAACCTCGG,14,664536
cpxRp2,0.3076923076923077,15,12,TGCAGGATTTGTCACGAATC,3,672787
cpxRp2,0.15384615384615385,13,12,TGATTTTTGGGCTTTAGACC,1,667855
cpxRp2,0.38461538461538464,16,12,TGATACGCGCGGTGGGAGGA,4,639039
cpxRp2,0.46153846153846156,17,12,TGAGCCTGGATAGGAGGAGT,5,702675
cpxRp2,1.2307692307692308,27,12,TGAGCCGCTCGGTCGAAGCA,15,700141
cpxRp2,2.076923076923077,38,12,TGAGCATGTTGCTAGCAACC,26,660886
cpxRp2,0.15384615384615385,13,12,TGACTGTTTGTTGAGAGCTC,1,631475
cpxRp2,0.6923076923076923,20,12,TGAATTACCACCCCCCAGAT,8,656220
cpxRp2,1.1538461538461537,26,12,TGAAGACCTAAGCGCCGCAT,14,693105
cpxRp2,0.9230769230769231,23,12,TGAAATCTATACCCGATTGA,11,663148
cpxRp2,1.8461538461538463,35,12,TCTTGCGCGGTTCTTTCCAA,23,643766
cpxRp2,0.23076923076923078,14,12,TCTTAATTAATGGATTTGTC,2,658623
cpxRp2,0.6153846153846154,19,12,TCTGTGCGTCCAGACATAGC,7,678578
cpxRp2,0.9230769230769231,23,12,TCTGCCGGCCTCCCGTAGAG,11,663678
cpxRp2,0.38461538461538464,16,12,TCTCTTACCGCCTAAGGCTT,4,633257
cpxRp2,0.23076923076923078,14,12,TCTCGGTCACACCCTGTCGG,2,699924
cpxRp2,0.38461538461538464,16,12,TCTCGGCTGATTTACTGCAT,4,650168
cpxRp2,0.15384615384615385,13,12,TCTCCTAGTAGTAAAATGCC,1,703315
cpxRp2,0.3076923076923077,15,12,TCTCCCGATACATGTTTATT,3,678882
cpxRp2,0.15384615384615385,13,12,TCTCCCCCAGGTCAGTAACT,1,631300
cpxRp2,1.0,24,12,TCTCAACCCAGTGGAGTGCT,12,635239
cpxRp2,1.1538461538461537,26,12,TCGTTGCCGTTCCGACTCTG,14,673234
cpxRp2,1.3076923076923077,28,12,TCGTTATTAGGACTAAGGGG,16,633397
cpxRp2,0.3076923076923077,15,12,TCGTGATCTTCATAGCGCCA,3,643980
cpxRp2,1.0,24,12,TCGGTCCGACCCCAGACGAG,12,693559
cpxRp2,0.6153846153846154,19,12,TCGGATTCTCGTCCCTACTT,7,654769
cpxRp2,0.5384615384615384,18,12,TCGCTGGATGATGATCAAGA,6,710146
cpxRp2,0.7692307692307693,21,12,TCCGTTCGCCGCCGCTTCAA,9,682688
cpxRp2,6.461538461538462,95,12,TCCGGTGAGCCGAGAACAAT,83,688018
cpxRp2,1.0769230769230769,25,12,TCCGACACCGTACGATGTAT,13,632524
cpxRp2,0.15384615384615385,13,12,TCCCTCGAATAGATACGACA,1,687419
cpxRp2,1.1538461538461537,26,12,TCCAGACATTAGGTTGCAAC,14,649438
cpxRp2,1.3846153846153846,29,12,TCCACTTTCGGTTTGCTGGG,17,646848
cpxRp2,0.5384615384615384,18,12,TCATTTCGGCAGTCTGGCAA,6,662434
cpxRp2,0.6153846153846154,19,12,TCATGGCCGATATGTTACGA,7,680553
cpxRp2,0.3076923076923077,15,12,TCAGCCAGCACGCTCGAGAA,3,632162
cpxRp2,0.5384615384615384,18,12,TCACATTCATAGCGATAGTA,6,636625
cpxRp2,1.0,24,12,TCAAGCGCTTCATGCAACGC,12,662378
cpxRp2,0.23076923076923078,14,12,TCAAAGAAGTTTTTTTGTGG,2,640550
cpxRp2,0.7692307692307693,21,12,TATTTCCCCCCTCTACAGGT,9,690660
cpxRp2,0.8461538461538461,22,12,TATGCCGGGTATGAGACTCA,10,683365
cpxRp2,1.0769230769230769,25,12,TATGCCAGTTCCACGGCGGA,13,655589
cpxRp2,1.2307692307692308,27,12,TATGATGGAGTGACACAGGC,15,640458
cpxRp2,3.3846153846153846,55,12,TATGATGCTACGTGCCCTGG,43,692401
cpxRp2,0.5384615384615384,18,12,TATCGGAAAGATGCCTCGTC,6,668612
cpxRp2,2.6153846153846154,45,12,TATAACGTAAAACGCGGTTA,33,668589
cpxRp2,0.15384615384615385,13,12,TAGGTTTAAGCGCTGCCTCA,1,677718
cpxRp2,0.38461538461538464,16,12,TAGCTTATATGAGGAAACGT,4,689440
cpxRp2,1.6923076923076923,33,12,TAGCTCCGAGGACACGATAG,21,705290
cpxRp2,2.0,37,12,TAGCGATTGTAAGTGTATTG,25,698931
cpxRp2,0.8461538461538461,22,12,TAGCATTCACCATAGAGCTG,10,666613
cpxRp2,0.9230769230769231,23,12,TAGAGGCGGTTCCAGAGAGG,11,666907
cpxRp2,1.0769230769230769,25,12,TAGAGGACTATCCCGGCATA,13,658066
cpxRp2,0.46153846153846156,17,12,TAGAGATCGGGTGCGGTTGT,5,699205
cpxRp2,1.4615384615384615,30,12,TAGAGAGTTGGCCTATTGTC,18,681265
cpxRp2,1.5384615384615385,31,12,TACTTACTTGGGCATGTTAC,19,634570
cpxRp2,1.6153846153846154,32,12,TACTCGTGGTGGAGATAACG,20,710868
cpxRp2,0.7692307692307693,21,12,TACTAGGTGAATCTCCTGGG,9,683788
cpxRp2,0.3076923076923077,15,12,TACGGGCTCGGACAGGAGAC,3,685959
cpxRp2,0.23076923076923078,14,12,TACGCTCGGTGCGTTCGGAT,2,704383
cpxRp2,1.2307692307692308,27,12,TACGCTCCTGCACGAGATTC,15,672327
cpxRp2,0.5384615384615384,18,12,TACGCCTAGAAAAAGGACCT,6,641481
cpxRp2,1.3076923076923077,28,12,TACCCTCCATGTGCACTCAT,16,674557
cpxRp2,0.6153846153846154,19,12,TACATCATCAACCTCGCCTT,7,648444
cpxRp2,0.3076923076923077,15,12,TACAATGCATTAAGCAGGCC,3,679602
cpxRp2,0.7692307692307693,21,12,TACAAGCGGGTCTACCTCGA,9,705083
cpxRp2,0.5384615384615384,18,12,TAAGCCAGGAAACTTTTTTA,6,642219
cpxRp2,0.6923076923076923,20,12,TAAGCCACGTGTTGATACTG,8,644694
cpxRp2,1.0,24,12,TAAGAACTAAAGCTCCTATA,12,646827
cpxRp2,0.23076923076923078,14,12,TAACCTGGTGATAGTAACTT,2,692195
cpxRp2,0.6923076923076923,20,12,TAACAGGTTATGGGATCTCT,8,655636
cpxRp2,0.46153846153846156,17,12,TAAAGGTCACGGTAAACACT,5,689822
cpxRp2,0.6153846153846154,19,12,TAAAGCACGATGACAAGAAT,7,687646
cpxRp2,0.23076923076923078,14,12,TAAAACTGCAATTTAATTCA,2,679160
cpxRp2,0.23076923076923078,14,12,GTTTTTGAGCGGGCTTCACT,2,710729
cpxRp2,1.1538461538461537,26,12,GTTTCTAAGGTGTAACCAAG,14,701777
cpxRp2,0.5384615384615384,18,12,GTTGTGCCTAGAGTGACGTT,6,666440
cpxRp2,1.1538461538461537,26,12,GTTGTGATCAGCGAGCGACT,14,672320
cpxRp2,0.15384615384615385,13,12,GTTGGTTCCAGTGGTACAAT,1,633828
cpxRp2,1.0,24,12,GTTGATTCGGAAGAACAACT,12,681447
cpxRp2,0.23076923076923078,14,12,GTTCTGCCGCACGTTCCAGA,2,637734
cpxRp2,0.6923076923076923,20,12,GTTCGTCTCCAAGTGAAAAA,8,645933
cpxRp2,0.15384615384615385,13,12,GTTCCCCAAGTTGTTTTCGA,1,651862
cpxRp2,0.46153846153846156,17,12,GTTAGATGTTAACGAAGTCT,5,653403
cpxRp2,0.7692307692307693,21,12,GTTACTCGGCGGGCGACTTC,9,710555
cpxRp2,2.6923076923076925,46,12,GTTAAAAGTATAGTTTGGCA,34,685528
cpxRp2,1.9230769230769231,36,12,GTGTGTCTGAGGGGTCCACA,24,705826
cpxRp2,0.15384615384615385,13,12,GTGTGGTTGCGAATTGAGAC,1,700831
cpxRp2,1.2307692307692308,27,12,GTGGGATTGCACTGGTAGCA,15,667275
cpxRp2,0.46153846153846156,17,12,GTGCGTATGCGACGCTTCAT,5,694039
cpxRp2,0.5384615384615384,18,12,GTGCCGCAGCCTAAGAACTC,6,700390
cpxRp2,0.6153846153846154,19,12,GTGATTTTGCTGTTTATGGT,7,660996
cpxRp2,0.5384615384615384,18,12,GTGATATGATAGACGTAAGG,6,631297
cpxRp2,0.15384615384615385,13,12,GTGAGTCTATCAAGTAGTCT,1,657221
cpxRp2,1.0769230769230769,25,12,GTGAAGGTCTTCTCTAAGGT,13,647875
cpxRp2,0.9230769230769231,23,12,GTCTTATAGAGCAGGCCGGG,11,668094
cpxRp2,0.5384615384615384,18,12,GTCTAAAGGTTCGGAGCACT,6,677750
cpxRp2,2.230769230769231,40,12,GTCGGCTTCTCCGGGTACGT,28,632672
cpxRp2,1.9230769230769231,36,12,GTCGAGCAATGCTGTGCCGT,24,660479
cpxRp2,1.8461538461538463,35,12,GTCGACCATCTGAGCAGTAA,23,656449
cpxRp2,1.2307692307692308,27,12,GTCCGTAATTCCGTAATCTA,15,652953
cpxRp2,0.15384615384615385,13,12,GTCCGCTGCTGCCAAGGCCA,1,653115
cpxRp2,0.46153846153846156,17,12,GTCCAGGGTGAAATGTTCAT,5,680273
cpxRp2,0.9230769230769231,23,12,GTCCACCGGATACACACAAT,11,658660
cpxRp2,1.1538461538461537,26,12,GTCATTCCTGTATGAAGTAG,14,667874
cpxRp2,0.38461538461538464,16,12,GTCACTCCCCCGCGCATCCG,4,647761
cpxRp2,0.46153846153846156,17,12,GTCAAATGGGTAAGTCCCAA,5,672201
cpxRp2,0.38461538461538464,16,12,GTATCATGGGCAATGTGAAA,4,704072
cpxRp2,0.6923076923076923,20,12,GTAGTACGATGAAATAACCT,8,677184
cpxRp2,0.38461538461538464,16,12,GTAGGAAGTTTGGCAGCCTA,4,676079
cpxRp2,1.0,24,12,GTAGCTCCTTGAGGTCTACT,12,661597
cpxRp2,1.1538461538461537,26,12,GTACTATTAAGGTCCGGCAG,14,681911
cpxRp2,2.0,37,12,GTACCCTTCGGACAGCTCTT,25,687015
cpxRp2,0.5384615384615384,18,12,GTAATGACAACCGGCGTTTA,6,686196
cpxRp2,2.230769230769231,40,12,GTAACACCTATTTGGAGCAA,28,666351
cpxRp2,0.6923076923076923,20,12,GGTTGCGTGGCGGGTACCAC,8,677044
cpxRp2,2.0,37,12,GGTTGCACCAGTGACAGGGC,25,698936
cpxRp2,0.6153846153846154,19,12,GGTTGACGGTGCAGCTCAGG,7,632009
cpxRp2,0.9230769230769231,23,12,GGTTGAAACGGATGCAAGAC,11,664989
cpxRp2,1.6923076923076923,33,12,GGTTATCCTGTCACAGTGTT,21,644589
cpxRp2,0.3076923076923077,15,12,GGTTACAACTTAGGGATCAT,3,704536
cpxRp2,0.38461538461538464,16,12,GGTGTTATATTTAATACGTC,4,691787
cpxRp2,0.15384615384615385,13,12,GGTGGGAGTACTAGCTGTAG,1,678426
cpxRp2,0.7692307692307693,21,12,GGTGGCTGGCCAGTACGCTA,9,640188
cpxRp2,0.46153846153846156,17,12,GGTCGCCCTTGCGACGAACA,5,708897
cpxRp2,0.5384615384615384,18,12,GGTAGACTGGAGCGCACGTA,6,651314
cpxRp2,0.15384615384615385,13,12,GGGTTTTAGTATCCGAGCGT,1,658353
cpxRp2,0.38461538461538464,16,12,GGGTGGCTCGTGAAGCACAG,4,633635
cpxRp2,0.9230769230769231,23,12,GGGTCTCCTCGAGTGACATG,11,690325
cpxRp2,0.3076923076923077,15,12,GGGTCAGTTGTGCACCGGCT,3,677729
cpxRp2,0.6153846153846154,19,12,GGGTAGCGAGCCTCTGTGGC,7,655082
cpxRp2,0.9230769230769231,23,12,GGGTACGGGCAGCAGAGGGA,11,629708
cpxRp2,0.9230769230769231,23,12,GGGGTGATACCATAACCAGA,11,712445
cpxRp2,0.6923076923076923,20,12,GGGGTCCCTCTTAGAGCAAA,8,698288
cpxRp2,1.6153846153846154,32,12,GGGGGCCAAATGGATGTATT,20,697867
cpxRp2,0.5384615384615384,18,12,GGGGACTTCGACCCGCAGGC,6,650080
cpxRp2,0.6153846153846154,19,12,GGGCGGGGAACAGGGACTTA,7,676967
cpxRp2,0.7692307692307693,21,12,GGGCCGAAAACGCACGTGGA,9,678159
cpxRp2,0.15384615384615385,13,12,GGGCCAGGTGCTTCGGTCTA,1,651165
cpxRp2,0.3076923076923077,15,12,GGGCATTGGAGCACAAAGGG,3,664472
cpxRp2,0.46153846153846156,17,12,GGGCAGGTATAAAACTGCCA,5,643302
cpxRp2,0.8461538461538461,22,12,GGGATCCACATTCGGCGATT,10,683826
cpxRp2,0.6153846153846154,19,12,GGGACTCACATTATGCATAA,7,678143
cpxRp2,0.6923076923076923,20,12,GGGACGCAAAGCTCTTCGAT,8,644335
cpxRp2,0.5384615384615384,18,12,GGGAAACTGAAATAGTGGAA,6,679451
cpxRp2,0.23076923076923078,14,12,GGCTGGAAGGCCACCGTTTG,2,708350
cpxRp2,0.5384615384615384,18,12,GGCGTTTTGCTAGTGACTTG,6,684542
cpxRp2,0.23076923076923078,14,12,GGCGTGGTTGATACCAGGTA,2,711290
cpxRp2,0.38461538461538464,16,12,GGCGCGAACTCGGCATTACT,4,663778
cpxRp2,0.9230769230769231,23,12,GGCGATTGCCATAAAATCGG,11,648288
cpxRp2,0.6923076923076923,20,12,GGCCTTCTAAGACGCTAATA,8,682516
cpxRp2,0.23076923076923078,14,12,GGCCGGTAAACACGACGACT,2,650401
cpxRp2,0.38461538461538464,16,12,GGCCCCATTCGGGGTCTACC,4,661005
cpxRp2,0.6153846153846154,19,12,GGCATTTACGATAGCGGCGA,7,631638
cpxRp2,0.38461538461538464,16,12,GGATCAAGTGCAAAGCCTTG,4,663178
cpxRp2,0.38461538461538464,16,12,GGAGTTCTTCGACCGACCGG,4,701917
cpxRp2,0.46153846153846156,17,12,GGAGCTAAGTGATTTGGGGA,5,650283
cpxRp2,0.15384615384615385,13,12,GGAGCCAATCAGTAAAGCTT,1,645751
cpxRp2,0.5384615384615384,18,12,GGAGAGTTGCCCGCCCACAT,6,695356
cpxRp2,0.15384615384615385,13,12,GGACTGCTCAATCTATTATC,1,694013
cpxRp2,0.5384615384615384,18,12,GGACTAATTAGTTTTCATGT,6,677647
cpxRp2,1.5384615384615385,31,12,GGACGTGGCAATACTGTTTA,19,646843
cpxRp2,0.3076923076923077,15,12,GGACGACAATAACAAAGAGT,3,630762
cpxRp2,1.3846153846153846,29,12,GGACCTTCGCGGCCTTCCTG,17,652239
cpxRp2,0.6923076923076923,20,12,GGACCTTATCGGCGGGGTTC,8,696311
cpxRp2,1.0,24,12,GGAAGGGCTACAGATTTCCC,12,644905
cpxRp2,0.15384615384615385,13,12,GGAACAGACGCAGTCGGGAG,1,645540
cpxRp2,0.6153846153846154,19,12,GCTTTTCTTCCAGACATTTT,7,704995
cpxRp2,2.5384615384615383,44,12,GCTTTTAAGGCGTCACTATT,32,699273
cpxRp2,0.3076923076923077,15,12,GCTGGTAATTGGAAACCAAT,3,710984
cpxRp2,0.5384615384615384,18,12,GCTGGGATCCCGGGTCGTAT,6,709293
cpxRp2,0.6153846153846154,19,12,GCTGATCATACTAATTTTGT,7,706110
cpxRp2,0.7692307692307693,21,12,GCTCTCCAAACAAAACGTAT,9,668531
cpxRp2,0.23076923076923078,14,12,GCTATTTTTATGGGTGTTAC,2,698285
cpxRp2,0.7692307692307693,21,12,GCTATACGGTCATGTGTTGT,9,636817
cpxRp2,1.3076923076923077,28,12,GCTACTCTACCCCTCATACA,16,653845
cpxRp2,0.8461538461538461,22,12,GCGTAAGGGATAGCAGCGTA,10,688723
cpxRp2,1.6153846153846154,32,12,GCGGGCTCCACGAATGTATT,20,629745
cpxRp2,0.23076923076923078,14,12,GCGGGATGGTCATAGACTCT,2,652063
cpxRp2,0.8461538461538461,22,12,GCGGCGCCAGGAAAGGCCAC,10,665723
cpxRp2,0.23076923076923078,14,12,GCGCGGTACTGCAGTACTAT,2,653280
cpxRp2,0.23076923076923078,14,12,GCGAGGCGTGTTTTGCGTTC,2,710771
cpxRp2,0.8461538461538461,22,12,GCGAGGATCGGTCATGAGCT,10,700488
cpxRp2,2.3846153846153846,42,12,GCGACCCCGACTGGTACGCA,30,685665
cpxRp2,0.6923076923076923,20,12,GCGACATCAGGTCCATCCAT,8,667928
cpxRp2,1.0769230769230769,25,12,GCGAACAGAGGTATATAGGT,13,707131
cpxRp2,0.46153846153846156,17,12,GCGAAAGTGCCATTGTCGGA,5,645504
cpxRp2,0.9230769230769231,23,12,GCCTAATCAGGTCTGGCCAC,11,704128
cpxRp2,0.38461538461538464,16,12,GCCTAACACTCGTGCTCCCC,4,678884
cpxRp2,0.7692307692307693,21,12,GCCGTCTAATGATGGATAAG,9,711734
cpxRp2,9.923076923076923,140,12,GCCGGGGCAATGGGGTGTAA,128,651597
cpxRp2,0.46153846153846156,17,12,GCCGGGAAGAACACGGGCTC,5,681595
cpxRp2,0.46153846153846156,17,12,GCCGCCGGCCCAAGAGCAGT,5,678763
cpxRp2,0.38461538461538464,16,12,GCCCTTTCGCGGCTTTCGCT,4,647329
cpxRp2,1.0,24,12,GCCCGTTTTACCAACTATGT,12,664329
cpxRp2,1.2307692307692308,27,12,GCCCGTCATCGCTGACGTCT,15,700131
cpxRp2,0.6923076923076923,20,12,GCCAGGGGATCGAATATCGA,8,681587
cpxRp2,1.6153846153846154,32,12,GCCAGGCGTAATACATCCAT,20,698197
cpxRp2,0.46153846153846156,17,12,GCATTGAAAAACAGATACAT,5,677140
cpxRp2,0.46153846153846156,17,12,GCATGCACCTCGTTAGTCCG,5,710130
cpxRp2,1.4615384615384615,30,12,GCATAGTTCGATAGGCCCAA,18,708903
cpxRp2,0.23076923076923078,14,12,GCATAGGCCAAGCGTGACTG,2,631438
cpxRp2,0.5384615384615384,18,12,GCATAGCCTCGCTACTGGCG,6,638057
cpxRp2,0.6923076923076923,20,12,GCAGTACCGTGAGACAAAGA,8,652987
cpxRp2,0.15384615384615385,13,12,GCAGGGGTTCGGCCCCGCGA,1,677622
cpxRp2,0.38461538461538464,16,12,GCAGGCCAGCGAAGCTTTAA,4,663679
cpxRp2,0.15384615384615385,13,12,GCAGGACATAGGATCTACTG,1,637479
cpxRp2,0.15384615384615385,13,12,GCAGCGGGTTGATATCAGTT,1,697785
cpxRp2,0.7692307692307693,21,12,GCACGTGCCCATAAGAGAAC,9,685862
cpxRp2,0.46153846153846156,17,12,GCAAGGCCTTTCCTGTACCC,5,676883
cpxRp2,0.7692307692307693,21,12,GCAACGAGGATGTACATCAT,9,643598
cpxRp2,0.6153846153846154,19,12,GATTCGCGGTCTTAGTGCTC,7,659429
cpxRp2,0.9230769230769231,23,12,GATTATAAGACAACTGGAAT,11,653061
cpxRp2,0.23076923076923078,14,12,GATTAACCTCAAGTCAAGGA,2,710021
cpxRp2,1.8461538461538463,35,12,GATGAATGTTTGCGATCTCC,23,651925
cpxRp2,0.15384615384615385,13,12,GATCGTGTGTGGGATCGGCT,1,640163
cpxRp2,0.6923076923076923,20,12,GATCGAGTTCAGACAACTTT,8,676262
cpxRp2,1.1538461538461537,26,12,GATCGACGCACAAATCCGCG,14,649579
cpxRp2,0.9230769230769231,23,12,GATCCAACCCAATTAGTTAG,11,670183
cpxRp2,0.3076923076923077,15,12,GATATATATGGGGCATTACT,3,656531
cpxRp2,0.6923076923076923,20,12,GATATACGTTTCACTATTAA,8,642569
cpxRp2,1.4615384615384615,30,12,GATAGATTCCGGCGACTTCT,18,673524
cpxRp2,0.5384615384615384,18,12,GAGTAACGCTTGCCAAAATG,6,653149
cpxRp2,0.38461538461538464,16,12,GAGGGATCATGCCTCACAAA,4,666294
cpxRp2,0.3076923076923077,15,12,GAGGCCAGAGTAAGATCGGA,3,661522
cpxRp2,0.46153846153846156,17,12,GAGGCCACGACGAACATACT,5,645135
cpxRp2,0.7692307692307693,21,12,GAGCTTTCTATAGATGGGCT,9,646602
cpxRp2,1.4615384615384615,30,12,GAGAGCGACAAGTCTTATCG,18,643778
cpxRp2,0.15384615384615385,13,12,GAGAATGCATCTCGGACTGC,1,688242
cpxRp2,0.6153846153846154,19,12,GACTTGTATTTTAGATCGAG,7,639155
cpxRp2,1.9230769230769231,36,12,GACTACAATGACCGAAATGA,24,665108
cpxRp2,0.46153846153846156,17,12,GACGCAGTTTTGTCACCGCA,5,703000
cpxRp2,0.23076923076923078,14,12,GACCTACGCATGTGCACCAA,2,673529
cpxRp2,0.38461538461538464,16,12,GACATACCGGTTTTCTACGA,4,682736
cpxRp2,0.9230769230769231,23,12,GACAATTGCGATTCTCCGTA,11,654170
cpxRp2,0.5384615384615384,18,12,GAATTTTCCAGGACTCTCCA,6,701736
cpxRp2,0.15384615384615385,13,12,GAATACTGCGTTTATGGGTC,1,639224
cpxRp2,0.8461538461538461,22,12,GAATAATCCATAACATCAAG,10,657531
cpxRp2,0.6153846153846154,19,12,GAAGGTACGATTCTGCAACA,7,683508
cpxRp2,0.23076923076923078,14,12,GAAGATAACAAAGTAAGTCT,2,710961
cpxRp2,1.0,24,12,GAACTTTTGGTAGGTTGCAA,12,701481
cpxRp2,0.9230769230769231,23,12,GAACTTGGTGCGGAGAGTAA,11,632012
cpxRp2,1.9230769230769231,36,12,GAACGGGGATAATTGACTAG,24,629646
cpxRp2,0.38461538461538464,16,12,GAACGCTTGGTACAGTGTAG,4,678041
cpxRp2,0.46153846153846156,17,12,GAACGCGCTACAGACAGGAG,5,659162
cpxRp2,1.1538461538461537,26,12,GAACACGAGGATACGTGCAT,14,668479
cpxRp2,0.6923076923076923,20,12,GAAACTATATTCTAGTCACG,8,637889
cpxRp2,3.5384615384615383,57,12,GAAACCACGCTACCAGTCAA,45,697411
cpxRp2,0.5384615384615384,18,12,CTTTTAGCTTTCAAGATGGT,6,673274
cpxRp2,1.1538461538461537,26,12,CTTTGGGTGGCTACAGTACA,14,696884
cpxRp2,1.0,24,12,CTTTCTCGTTTGATGCTCAG,12,671298
cpxRp2,0.23076923076923078,14,12,CTTGGACAACTCTGACAGCC,2,643779
cpxRp2,1.0,24,12,CTTCTTATGAGAGGGATTCT,12,671003
cpxRp2,0.38461538461538464,16,12,CTTCTGCTAACACATCGCGA,4,678254
cpxRp2,0.3076923076923077,15,12,CTTCTAGGCGATCCTGGTTT,3,659815
cpxRp2,2.230769230769231,40,12,CTTCACAAGTCCGACATTCT,28,691178
cpxRp2,1.2307692307692308,27,12,CTTATGGTTATAGAGCAATT,15,695603
cpxRp2,0.6923076923076923,20,12,CTTAGTACAATGTCGGGACT,8,697204
cpxRp2,0.6923076923076923,20,12,CTTAGCGGGTTATGTCATCT,8,687410
cpxRp2,1.4615384615384615,30,12,CTTACCAGATAGCTTTAATT,18,708873
cpxRp2,0.9230769230769231,23,12,CTGTTAGGCGGACGATCGTC,11,685383
cpxRp2,0.9230769230769231,23,12,CTGTGAAACTGGCTTTTTGT,11,686676
cpxRp2,0.5384615384615384,18,12,CTGTCGCGCGACCTGGCCGT,6,636009
cpxRp2,1.6153846153846154,32,12,CTGTCATTCTTCATCAGAAC,20,642354
cpxRp2,0.38461538461538464,16,12,CTGTACAGAGATCATCGAAG,4,684693
cpxRp2,0.6153846153846154,19,12,CTGTAAGCGGCCACTCATGT,7,649055
cpxRp2,0.3076923076923077,15,12,CTGGCCTAAGCACTGTCATT,3,654176
cpxRp2,0.3076923076923077,15,12,CTGGAGTTACTTCCGCCGGT,3,696679
cpxRp2,1.3076923076923077,28,12,CTGACTTTGACGAACCGTAA,16,708036
cpxRp2,1.3076923076923077,28,12,CTCTTATTCGGTTTAAACGA,16,707903
cpxRp2,0.5384615384615384,18,12,CTCTCTCACCTTGACGTGGT,6,632110
cpxRp2,2.5384615384615383,44,12,CTCTCCAAACCGGCGCCAGT,32,662268
cpxRp2,0.3076923076923077,15,12,CTCTAAAACGTCAGCCGGTT,3,651136
cpxRp2,0.6153846153846154,19,12,CTCGTTCAAACAAGAGAAGA,7,704353
cpxRp2,0.6153846153846154,19,12,CTCGCCATCCAATCCGGGAT,7,662371
cpxRp2,1.2307692307692308,27,12,CTCGATCCAGTCCATGGTTT,15,663440
cpxRp2,0.7692307692307693,21,12,CTCGACGGGGTGCCAAACAC,9,711575
cpxRp2,0.23076923076923078,14,12,CTCGAAGCAGTATTCACCGT,2,633534
cpxRp2,0.5384615384615384,18,12,CTCCCGGTGGCGGTATGGCA,6,708477
cpxRp2,0.5384615384615384,18,12,CTCCCGGGATCTATCATATA,6,663438
cpxRp2,0.5384615384615384,18,12,CTCCACGTCCAATCCATAAC,6,649374
cpxRp2,1.6153846153846154,32,12,CTCATGAAAAGCCATGGGAG,20,663488
cpxRp2,1.3846153846153846,29,12,CTCATAGTCGGGAGACACGA,17,668982
cpxRp2,0.3076923076923077,15,12,CTAGAGGCACTGGCCCGATA,3,703923
cpxRp2,1.1538461538461537,26,12,CTAGACGCACGGCATCTCGA,14,661671
cpxRp2,0.15384615384615385,13,12,CTACTTCTATGCGACCGGAT,1,662599
cpxRp2,0.7692307692307693,21,12,CTACTGTGTACTTCACAGAC,9,704403
cpxRp2,0.15384615384615385,13,12,CTACTACGGTTTATGGAAAC,1,680681
cpxRp2,2.076923076923077,38,12,CTACGTAACCCCATGCGGTA,26,641387
cpxRp2,1.2307692307692308,27,12,CTACGATGGCCCTAATCTTA,15,657815
cpxRp2,0.6153846153846154,19,12,CTACCGCCGGGGTATCCAAT,7,682685
cpxRp2,0.46153846153846156,17,12,CTACATCGGTGACCGGGATC,5,651423
cpxRp2,0.3076923076923077,15,12,CTACAGTCTTTTCGAATAAT,3,667632
cpxRp2,0.38461538461538464,16,12,CTACACCATAGTGTGAGGGG,4,647762
cpxRp2,2.230769230769231,40,12,CTAATTCTACTAATGCGTAC,28,695515
cpxRp2,1.1538461538461537,26,12,CTAAAAACCTCGGGAATGCT,14,661647
cpxRp2,0.7692307692307693,21,12,CGTTGAGAGACAGATGAGGT,9,652506
cpxRp2,0.3076923076923077,15,12,CGTTCGTTTCAATCCATCAG,3,683241
cpxRp2,2.3076923076923075,41,12,CGTTACCAGCAGGAACTAAT,29,652018
cpxRp2,0.8461538461538461,22,12,CGTGTTGATACTCTGCCTGC,10,696208
cpxRp2,1.5384615384615385,31,12,CGTGGGCCTGCCGTCGTCCA,19,678665
cpxRp2,0.46153846153846156,17,12,CGTGGCCCACGGCCGCTGCG,5,676138
cpxRp2,0.6923076923076923,20,12,CGTCCTGTAAAACGTTCTTC,8,648717
cpxRp2,0.5384615384615384,18,12,CGTATCTACGGGTTGATAAG,6,666979
cpxRp2,1.3846153846153846,29,12,CGTAGAAGTGGCTCGAACAT,17,688370
cpxRp2,0.15384615384615385,13,12,CGGTCAATGCGGTATGCCCC,1,692686
cpxRp2,1.0769230769230769,25,12,CGGGTGGTGTGATGGGGTTC,13,710243
cpxRp2,1.0,24,12,CGGGGAACCAGGTCCACTTT,12,707846
cpxRp2,0.9230769230769231,23,12,CGGGCCATGACACTGGGCGA,11,672349
cpxRp2,0.6923076923076923,20,12,CGGGCCAGTCGGCGCCCGGT,8,686663
cpxRp2,0.6153846153846154,19,12,CGGGATGTTAGATGCGGCCC,7,662965
cpxRp2,3.5384615384615383,57,12,CGGGACGCAGGACGGCGCCA,45,652906
cpxRp2,0.5384615384615384,18,12,CGGCTTCGCGACGCTACTCG,6,673190
cpxRp2,0.3076923076923077,15,12,CGGCGGATATGCATAGGTTG,3,645910
cpxRp2,0.38461538461538464,16,12,CGGCCAGGCTATTAAGAATG,4,654903
cpxRp2,0.46153846153846156,17,12,CGGCAGGTCGCAACATATTT,5,631009
cpxRp2,0.46153846153846156,17,12,CGGAGACACGATTCGATCTA,5,697994
cpxRp2,1.3846153846153846,29,12,CGGACATCGGGTTGCCCTAA,17,636348
cpxRp2,0.7692307692307693,21,12,CGGACAGTTAATCCGGCATC,9,674093
cpxRp2,0.5384615384615384,18,12,CGGACAGCGACTACTCTCCA,6,648119
cpxRp2,1.0,24,12,CGGAACCGGTCTGGGGACAC,12,661746
cpxRp2,0.6923076923076923,20,12,CGGAAAGTAGGCGGTACCTT,8,657198
cpxRp2,0.23076923076923078,14,12,CGCTCGCATTAAAAAGGGAT,2,695181
cpxRp2,0.6153846153846154,19,12,CGCTAATTGACATCGAAGGT,7,639890
cpxRp2,1.1538461538461537,26,12,CGCGTGCCTACATGTTCGTT,14,677665
cpxRp2,0.7692307692307693,21,12,CGCCTGTTTCTTAATCTCGG,9,660338
cpxRp2,0.5384615384615384,18,12,CGCCTGATTACAGCAAGTGA,6,678183
cpxRp2,1.6923076923076923,33,12,CGCCGACCCCATTCAACGGT,21,674028
cpxRp2,0.6923076923076923,20,12,CGCCCCTTGAGACTCAGTCA,8,698843
cpxRp2,0.23076923076923078,14,12,CGCCACCACGGCCTAATATC,2,679470
cpxRp2,0.5384615384615384,18,12,CGCAAATTTGCCTGTATGTT,6,650424
cpxRp2,0.5384615384615384,18,12,CGATTGTAAGAATTTAAGCT,6,649372
cpxRp2,0.6153846153846154,19,12,CGATCATACCCATTCTGTAA,7,674931
cpxRp2,0.3076923076923077,15,12,CGATCAATGCTTCGGTAGTT,3,633808
cpxRp2,0.6923076923076923,20,12,CGATATGAGCCCGGGTACAC,8,671157
cpxRp2,0.3076923076923077,15,12,CGAGTTGGGTTGAGCTCCAT,3,675127
cpxRp2,0.8461538461538461,22,12,CGAGTGTCATTTTGGTTAAT,10,658559
cpxRp2,1.3076923076923077,28,12,CGAGGTATCGTTAACATATG,16,660521
cpxRp2,0.9230769230769231,23,12,CGAGGAACTATTAGTCATGA,11,664167
cpxRp2,0.7692307692307693,21,12,CGAGCATGGCCTGGATGCCA,9,656356
cpxRp2,0.8461538461538461,22,12,CGACAAAACTTAGGTCTATG,10,653243
cpxRp2,2.076923076923077,38,12,CGACAAAACCTAGCCTATTC,26,709263
cpxRp2,0.8461538461538461,22,12,CGAAGGAGGGGGGTTGGTCG,10,642054
cpxRp2,1.3076923076923077,28,12,CGAAATGCTCTTCATTACGT,16,689980
cpxRp2,1.9230769230769231,36,12,CGAAAGGTGCCAAGCCTTCA,24,639416
cpxRp2,0.8461538461538461,22,12,CGAAAACCACCAGGAAGGTA,10,693792
cpxRp2,0.23076923076923078,14,12,CCTTTTGCTAGGGTCCGCCT,2,669533
cpxRp2,0.7692307692307693,21,12,CCTTCAGTGGTGTGTTTTGT,9,661142
cpxRp2,1.0,24,12,CCTTCAGGGGTCCGAACCGT,12,646554
cpxRp2,1.0769230769230769,25,12,CCTGCTTGTTAAGAGCAGGT,13,684170
cpxRp2,0.46153846153846156,17,12,CCTGAAGTATTTTATACTGT,5,653292
cpxRp2,0.6153846153846154,19,12,CCTCAGCTGGCTGTACTTAT,7,651726
cpxRp2,0.6923076923076923,20,12,CCTCAAAGAAGATGGCACCA,8,674019
cpxRp2,0.9230769230769231,23,12,CCTACTACCATCTCAGCATA,11,644215
cpxRp2,1.7692307692307692,34,12,CCTAAGAGAGGCGGGCGTTC,22,660533
cpxRp2,0.15384615384615385,13,12,CCGTGTGGGGTCGTTTCAAT,1,700534
cpxRp2,0.46153846153846156,17,12,CCGTCCCTGCGGATGAGAAT,5,700768
cpxRp2,0.3076923076923077,15,12,CCGTATAATGGATTCGCTGG,3,661906
cpxRp2,1.3846153846153846,29,12,CCGGGTGGTGTCCGTAGCAA,17,696621
cpxRp2,1.0769230769230769,25,12,CCGGGTCGTTGGCTTGGTGC,13,693375
cpxRp2,0.23076923076923078,14,12,CCGGGATCGTGCCGTATCAG,2,656341
cpxRp2,0.5384615384615384,18,12,CCGGGACTGTCCAACCGGCA,6,648515
cpxRp2,0.6923076923076923,20,12,CCGGCCCGGTCGTATAGCTA,8,706147
cpxRp2,0.8461538461538461,22,12,CCGGATTATATGGGACCCAA,10,633949
cpxRp2,0.7692307692307693,21,12,CCGCTTTACGCGCAGTGGAC,9,644907
cpxRp2,0.8461538461538461,22,12,CCGCGGCCGTTGCCGTGTAG,10,639213
cpxRp2,0.38461538461538464,16,12,CCGCCCTTATCAAACTGAAT,4,656791
cpxRp2,0.46153846153846156,17,12,CCGACCGCTGCGTACAATCA,5,697719
cpxRp2,0.8461538461538461,22,12,CCCTTATTTTACGTGACCCT,10,641662
cpxRp2,0.23076923076923078,14,12,CCCTCCCTGTGATGCTCATA,2,651217
cpxRp2,2.5384615384615383,44,12,CCCTATATAACGTCCAGCAT,32,670563
cpxRp2,0.23076923076923078,14,12,CCCTAACATCCTTTCGTCTA,2,691649
cpxRp2,2.230769230769231,40,12,CCCGTACCGGAGAGGGTATT,28,639435
cpxRp2,1.8461538461538463,35,12,CCCCTGAAGCAGAGCATCCT,23,649485
cpxRp2,0.7692307692307693,21,12,CCCCTAGCTTGCATATACAC,9,678461
cpxRp2,0.3076923076923077,15,12,CCCCCAGTGGATTGCTGTTA,3,708091
cpxRp2,0.46153846153846156,17,12,CCCCACTACATTTTTTATTA,5,666535
cpxRp2,0.23076923076923078,14,12,CCCAGGGGTACCAAGTAGTC,2,664648
cpxRp2,1.6153846153846154,32,12,CCCAGGCTTTCAACTGTGTA,20,693882
cpxRp2,0.23076923076923078,14,12,CCATGGTTTTATAGGCGGCT,2,661172
cpxRp2,1.7692307692307692,34,12,CCATGGCACGCGGTCCTAAA,22,677894
cpxRp2,1.1538461538461537,26,12,CCATCTGAGACCAGCGCGAG,14,682935
cpxRp2,0.38461538461538464,16,12,CCATCCTAACGTCGTTATTT,4,638079
cpxRp2,1.3076923076923077,28,12,CCAGTAGAGTAATGTGCTCA,16,708553
cpxRp2,1.0769230769230769,25,12,CCAGGCATTAGCCGTGGCTA,13,691439
cpxRp2,0.9230769230769231,23,12,CCACGTACAGTACTATGAAT,11,675773
cpxRp2,0.46153846153846156,17,12,CCACCCGCCCGTCGGACCAA,5,631282
cpxRp2,1.3076923076923077,28,12,CCAATTGCCACTGCAGCGAT,16,639389
cpxRp2,0.46153846153846156,17,12,CCAATAACGTTGGTACCGGA,5,635496
cpxRp2,0.46153846153846156,17,12,CCAAGGTACTTCGGCAGAGT,5,657130
cpxRp2,0.3076923076923077,15,12,CCAACCTGGTGGCGAAGAGT,3,702798
cpxRp2,0.5384615384615384,18,12,CCAAATCGGAAGATACACAG,6,663674
cpxRp2,0.23076923076923078,14,12,CCAAAGATTAGGCTTTGCAT,2,697696
cpxRp2,0.23076923076923078,14,12,CATTCTTGGATGACGACCGC,2,701923
cpxRp2,0.46153846153846156,17,12,CATTCCTCACATGGGAAAAA,5,666050
cpxRp2,0.6923076923076923,20,12,CATGGTCTTTCCAATCGCAG,8,657308
cpxRp2,1.8461538461538463,35,12,CATGGCAATACAGACTGTTA,23,652416
cpxRp2,0.5384615384615384,18,12,CATCGGTGCTCCATGCGCTC,6,687890
cpxRp2,0.5384615384615384,18,12,CATCACTCGTAGAATAGGCT,6,671788
cpxRp2,0.5384615384615384,18,12,CATCAAGTTCCAGAAAGCAT,6,680600
cpxRp2,2.3846153846153846,42,12,CATAGGCGAACCAGCATAGG,30,636905
cpxRp2,1.4615384615384615,30,12,CAGTGCGTACGAGCGGCATG,18,688993
cpxRp2,0.7692307692307693,21,12,CAGTCTAGGGTTGTCTCACT,9,704847
cpxRp2,0.3076923076923077,15,12,CAGTCCAGGCCTTCTAAAAT,3,660156
cpxRp2,0.15384615384615385,13,12,CAGGGGCACATATGCCGATT,1,637545
cpxRp2,1.4615384615384615,30,12,CAGGGCCTAACCCGGTTCCA,18,680555
cpxRp2,0.8461538461538461,22,12,CAGCTTCATGTCAATACCGA,10,637096
cpxRp2,0.46153846153846156,17,12,CAGCTGATTGTTCGGACCTT,5,687369
cpxRp2,0.3076923076923077,15,12,CAGACGGCAAGATAAAGGTC,3,702370
cpxRp2,0.3076923076923077,15,12,CACTTAGAGGAGTGCACTCC,3,692523
cpxRp2,0.15384615384615385,13,12,CACTGGTATCATACACAGCA,1,674793
cpxRp2,1.5384615384615385,31,12,CACTATTTTAGCAGTACCCT,19,690818
cpxRp2,0.6153846153846154,19,12,CACTAGGGATGGCAAGTTAT,7,697771
cpxRp2,1.4615384615384615,30,12,CACGTGGTCCAGAAATTGTG,18,631185
cpxRp2,0.6923076923076923,20,12,CACGTCGTTAGATCCTAGAA,8,699581
cpxRp2,0.7692307692307693,21,12,CACGTACCTGTCCGTCGATG,9,631437
cpxRp2,1.6923076923076923,33,12,CACGGTTGGGTCGCTTAAGT,21,708603
cpxRp2,0.8461538461538461,22,12,CACGCCACGTTGCGGTCTCA,10,684562
cpxRp2,0.5384615384615384,18,12,CACGATATTTTGCACGCGCC,6,658448
cpxRp2,0.23076923076923078,14,12,CACCTATTATCGGTGGCTTA,2,702413
cpxRp2,0.6153846153846154,19,12,CACCTAATTACTTCCCTGTA,7,642672
cpxRp2,1.5384615384615385,31,12,CACATTGATTAATTTTCGCA,19,676785
cpxRp2,0.23076923076923078,14,12,CACATCATGCCCTAGGCTGC,2,645356
cpxRp2,0.6153846153846154,19,12,CACAGCTACTATGCCGCACT,7,659433
cpxRp2,0.23076923076923078,14,12,CAATGAGGTTGACACCCACT,2,687612
cpxRp2,0.8461538461538461,22,12,CAATGAGGGAGATCATGTAC,10,691485
cpxRp2,0.6153846153846154,19,12,CAAGTTGAACACGTATTCCC,7,700876
cpxRp2,0.6153846153846154,19,12,CAAGGTTCTTTTTCGTTCTG,7,685554
cpxRp2,0.6153846153846154,19,12,CAAGGTGCGGCCGCCATAAT,7,648692
cpxRp2,0.38461538461538464,16,12,CAAGGTCTAATTTTCAAGGA,4,709377
cpxRp2,0.5384615384615384,18,12,CAAGCAGTAAGATTTCCTAC,6,704332
cpxRp2,0.46153846153846156,17,12,CAAGAGAAGATAATGGGGTG,5,635700
cpxRp2,0.46153846153846156,17,12,CAACATCATAGTTGGGAACT,5,681798
cpxRp2,0.8461538461538461,22,12,CAACAGGCCCCATTCATAAC,10,652000
cpxRp2,1.0769230769230769,25,12,CAAACTACACTCGTGGGGAC,13,668782
cpxRp2,1.0,24,12,ATTTGTGCTACTGATCGCTT,12,691096
cpxRp2,0.6923076923076923,20,12,ATTTACATATAAATCTGAGA,8,650573
cpxRp2,0.6923076923076923,20,12,ATTGCCGAGCTATCCGCGGC,8,677570
cpxRp2,0.38461538461538464,16,12,ATTCTGTTTATAGGCAGTTA,4,672008
cpxRp2,0.46153846153846156,17,12,ATTCGTCGCTTGCGGTGGCC,5,650543
cpxRp2,0.38461538461538464,16,12,ATTCGCCGCGAATTTGGGAA,4,647738
cpxRp2,3.076923076923077,51,12,ATTCCTTCTCCTTGTCCTCT,39,632459
cpxRp2,0.9230769230769231,23,12,ATTCCTGGTAGTGGTGTCAC,11,680008
cpxRp2,0.46153846153846156,17,12,ATTCCTCCCAAGGGGCAGTT,5,633249
cpxRp2,0.5384615384615384,18,12,ATTCAAGTTGAGGGGAGGGT,6,680588
cpxRp2,0.8461538461538461,22,12,ATTATCGGATGTATACTCTG,10,697554
cpxRp2,0.38461538461538464,16,12,ATTAGCGAGAGACCTGCCTC,4,657419
cpxRp2,14.0,193,12,ATGTTAGGTCCCGAAAGTAA,181,658947
cpxRp2,2.4615384615384617,43,12,ATGTTACCATGATTTGACCT,31,633759
cpxRp2,0.15384615384615385,13,12,ATGTCGGTCAGCGGTTTATG,1,712137
cpxRp2,0.8461538461538461,22,12,ATGTCATAGAGGCTGATTAA,10,698940
cpxRp2,0.5384615384615384,18,12,ATGGTGCAGCACAACTGAGT,6,640110
cpxRp2,1.6153846153846154,32,12,ATGGTCCTCCATTATATTGA,20,685760
cpxRp2,1.1538461538461537,26,12,ATGGCCGATGTGAATTTGAC,14,631447
cpxRp2,0.6153846153846154,19,12,ATGCATTAGGCAGGGCTATC,7,629710
cpxRp2,1.0769230769230769,25,12,ATGCAGACACATGGTGGGGG,13,635306
cpxRp2,0.9230769230769231,23,12,ATGATTCTGGGTGCCGATTT,11,693135
cpxRp2,0.6153846153846154,19,12,ATGAGATATTGATTTACTTG,7,694314
cpxRp2,0.38461538461538464,16,12,ATGAATTATGTACGCCAAGC,4,701169
cpxRp2,0.46153846153846156,17,12,ATCTTGAAAAATGTTCAGTT,5,677187
cpxRp2,1.2307692307692308,27,12,ATCGCGAGGATCGCGGACCA,15,692454
cpxRp2,0.15384615384615385,13,12,ATCCGTGAGCGCTCCCGAGA,1,687713
cpxRp2,2.0,37,12,ATCAGACGGAAGCAGGGCCT,25,675486
cpxRp2,0.38461538461538464,16,12,ATATGTCACGGTGAGCAGCG,4,649820
cpxRp2,0.3076923076923077,15,12,ATATAACGGCCCAATGCTCT,3,635569
cpxRp2,0.6153846153846154,19,12,ATAGTTACAGGTGCGCTTCG,7,663724
cpxRp2,0.6153846153846154,19,12,ATAGACAGCAATTTTTAACG,7,701165
cpxRp2,1.0,24,12,ATACTGCTACTGTTGCCTGG,12,699711
cpxRp2,2.076923076923077,38,12,ATACGATAGCGCCAAATAGT,26,634864
cpxRp2,1.3076923076923077,28,12,ATACACGGAAGAACGGCCTT,16,678074
cpxRp2,0.5384615384615384,18,12,ATAATATCTAGGCTGTGCCT,6,692125
cpxRp2,1.1538461538461537,26,12,ATAACATTCACTCATCACTC,14,674458
cpxRp2,0.15384615384615385,13,12,ATAAATGTAAGCAGGAAGTG,1,711744
cpxRp2,1.9230769230769231,36,12,ATAAAGCTATCATTGATATA,24,670199
cpxRp2,0.3076923076923077,15,12,AGTTTGGAACGTCCGAGCGT,3,675817
cpxRp2,1.0769230769230769,25,12,AGTTTACGTGAGGTGGGCTG,13,647915
cpxRp2,1.0,24,12,AGTTGGACGATTCCTCAAAT,12,649632
cpxRp2,0.46153846153846156,17,12,AGTTGCCCGGATGACAGTGT,5,696489
cpxRp2,0.46153846153846156,17,12,AGTTGCACCTTTCCGGACTT,5,705114
cpxRp2,1.1538461538461537,26,12,AGTTGAATTTCGGACCGAAA,14,679082
cpxRp2,0.5384615384615384,18,12,AGTGTAGCTAGCAGGGCACT,6,694965
cpxRp2,0.38461538461538464,16,12,AGTGTAGATCGCTCTCGGTA,4,651873
cpxRp2,0.38461538461538464,16,12,AGTGCGCGCTTTTTTAGGGT,4,651803
cpxRp2,0.38461538461538464,16,12,AGTGAGTAGCTGTGAATGTA,4,678344
cpxRp2,7.923076923076923,114,12,AGTATCTGACACGCCGGGGT,102,694890
cpxRp2,0.3076923076923077,15,12,AGTATAGCTTCCACATGGAC,3,644172
cpxRp2,0.5384615384615384,18,12,AGTAGAATGCCTTCCGTCCA,6,652445
cpxRp2,0.6923076923076923,20,12,AGGTGGGTCGGTTGTTTCGC,8,651851
cpxRp2,1.5384615384615385,31,12,AGGGTGGTATCGAGGGGATG,19,677775
cpxRp2,1.9230769230769231,36,12,AGGGTCAACTTGCACAGATA,24,708688
cpxRp2,0.9230769230769231,23,12,AGGGTATCTGTCATTCCCGA,11,644831
cpxRp2,0.23076923076923078,14,12,AGGGGTACAGGACATTCTCC,2,658846
cpxRp2,0.6923076923076923,20,12,AGGGCTCTGTGTGAACAAAT,8,674903
cpxRp2,0.23076923076923078,14,12,AGGGCAAGTTAAATGAGTTC,2,658317
cpxRp2,0.38461538461538464,16,12,AGGGAGCAGCTCTACGGGGT,4,637590
cpxRp2,0.15384615384615385,13,12,AGGCTGTTCAAAGCGAGGGG,1,642755
cpxRp2,0.15384615384615385,13,12,AGGCCGCAGCAGATAATTTG,1,657204
cpxRp2,0.15384615384615385,13,12,AGGCCAGAGCATCGGCTCCT,1,646850
cpxRp2,0.23076923076923078,14,12,AGGCAGTGATTAATCTTCCT,2,647773
cpxRp2,0.6923076923076923,20,12,AGGATTGGGTGACCACGTAG,8,702098
cpxRp2,0.6153846153846154,19,12,AGGAGTTGGATGAGGCAACT,7,690887
cpxRp2,1.0769230769230769,25,12,AGGACGGCCTCCGATGGCTT,13,682503
cpxRp2,0.3076923076923077,15,12,AGGACGGACCCTTCGTAGCC,3,709061
cpxRp2,1.0769230769230769,25,12,AGGAAAACCGAGAATCTGAG,13,697200
cpxRp2,1.1538461538461537,26,12,AGCTTATACGAACACGAGCA,14,666299
cpxRp2,1.6923076923076923,33,12,AGCTGGTACAGGGTAAAGAA,21,631249
cpxRp2,0.23076923076923078,14,12,AGCTGGGCCTGGAACCAAGA,2,683220
cpxRp2,0.23076923076923078,14,12,AGCTCCATGACGGCATCTAG,2,683268
cpxRp2,0.9230769230769231,23,12,AGCTACCCAGTACAATGATA,11,664836
cpxRp2,0.3076923076923077,15,12,AGCGTAGAGTGTAGGGGGTA,3,702340
cpxRp2,0.8461538461538461,22,12,AGCGGTGGTCATGCAGCGCA,10,678905
cpxRp2,1.0769230769230769,25,12,AGCGAATGTGACGGTTCATT,13,664063
cpxRp2,0.6923076923076923,20,12,AGCCGAGAAGGACTGGGACA,8,657255
cpxRp2,0.9230769230769231,23,12,AGCCCGGTATAGTGGAATGA,11,640112
cpxRp2,0.23076923076923078,14,12,AGCCATTAGCGGTGAAACTG,2,674646
cpxRp2,0.8461538461538461,22,12,AGCCACTATTCTTCGGGGTA,10,664795
cpxRp2,0.8461538461538461,22,12,AGCATTTGTCTGAATGCTTC,10,633692
cpxRp2,0.9230769230769231,23,12,AGCAGAATGGCAAAGACATA,11,644584
cpxRp2,1.0,24,12,AGATTGAGCTTGGGTACACG,12,674285
cpxRp2,0.6153846153846154,19,12,AGATCAATACCGCTTGGCGT,7,654923
cpxRp2,1.2307692307692308,27,12,AGAGGCCCTATGATCGTGAT,15,694500
cpxRp2,0.23076923076923078,14,12,AGACTCCACAAGATGAGTCC,2,702503
cpxRp2,0.15384615384615385,13,12,AGACGGCTCCGACGATCAAC,1,668536
cpxRp2,0.15384615384615385,13,12,AGACCTGCCATTTATTGCTC,1,663681
cpxRp2,0.46153846153846156,17,12,AGAACGGAGTTATTGCTCTG,5,657952
cpxRp2,1.6153846153846154,32,12,AGAACGCAAATGGGGTGTGA,20,702128
cpxRp2,3.3846153846153846,55,12,ACTGTCGTCTACGGGGGAGG,43,694896
cpxRp2,0.3076923076923077,15,12,ACTGGGCGACCCTTTTGACT,3,678122
cpxRp2,0.23076923076923078,14,12,ACTGAATCCTTCGGCAATAC,2,651708
cpxRp2,1.1538461538461537,26,12,ACTGAAAGAGGGTATTCTAT,14,679053
cpxRp2,1.1538461538461537,26,12,ACTCGATTGTCTATGGATCA,14,650960
cpxRp2,0.7692307692307693,21,12,ACTAGAGCAGGCTACACACA,9,646240
cpxRp2,1.0769230769230769,25,12,ACTAGACGCTCGATGTGTCC,13,688198
cpxRp2,0.3076923076923077,15,12,ACTACTTCCGCGGTTTAGAT,3,704511
cpxRp2,2.5384615384615383,44,12,ACGTTTTTGTGCTCTCTAGA,32,701812
cpxRp2,0.38461538461538464,16,12,ACGTTATATTCGTAGCGTGA,4,660636
cpxRp2,0.23076923076923078,14,12,ACGGTGGGGTTAAGATCTCA,2,655185
cpxRp2,0.3076923076923077,15,12,ACGGTGCCTGCGGTCCATGT,3,652576
cpxRp2,0.15384615384615385,13,12,ACGGCCGCTTAGTTATATCG,1,672446
cpxRp2,1.5384615384615385,31,12,ACGGATGTGCACGGACGGTT,19,680238
cpxRp2,0.38461538461538464,16,12,ACGCTCCAGGTAGCGCTGGA,4,665958
cpxRp2,1.4615384615384615,30,12,ACGACTGATAAGATATCCAT,18,643055
cpxRp2,1.4615384615384615,30,12,ACCTATGGCTACGATTTGTC,18,640260
cpxRp2,0.23076923076923078,14,12,ACCGTTCGCTTTCACATCAG,2,644545
cpxRp2,0.3076923076923077,15,12,ACCGTGGACGTGACATTCGT,3,637188
cpxRp2,0.8461538461538461,22,12,ACCCGGCCTGTAGGGCCAGT,10,635438
cpxRp2,0.23076923076923078,14,12,ACCATTGCCCTGGTAGCACA,2,632648
cpxRp2,0.6923076923076923,20,12,ACCATGTAGGCTCATGCACA,8,702022
cpxRp2,0.7692307692307693,21,12,ACCATCACGTATGGTGGTAA,9,686757
cpxRp2,0.3076923076923077,15,12,ACCAGTGATATCTTCAGCCG,3,665396
cpxRp2,2.8461538461538463,48,12,ACCAAGGATTCCCCTGCTAA,36,701667
cpxRp2,0.5384615384615384,18,12,ACCAACATGGAGTGGATCGT,6,649411
cpxRp2,0.46153846153846156,17,12,ACATGGCCGGCTTATCTTTA,5,691589
cpxRp2,0.46153846153846156,17,12,ACATGATTGGGTTAAGGTTT,5,692465
cpxRp2,1.3076923076923077,28,12,ACATCGCTTCAGTCCTACGA,16,643125
cpxRp2,0.3076923076923077,15,12,ACATCGAATGGACATCTTAA,3,684742
cpxRp2,1.3076923076923077,28,12,ACAGGACGTCATTACTTAAA,16,679350
cpxRp2,3.0,50,12,ACACTGTTTGTCACAACTGT,38,702225
cpxRp2,0.9230769230769231,23,12,ACACCGACATCCTCTGTTCG,11,632103
cpxRp2,0.15384615384615385,13,12,ACAATAATCTCTTTAAGCCT,1,703748
cpxRp2,1.0,24,12,ACAACCTGTCAAGGCGACCT,12,677896
cpxRp2,0.15384615384615385,13,12,ACAAACCAATAAGGTTCTGT,1,708042
cpxRp2,0.46153846153846156,17,12,AATTTGAAGGTTTCCACTCA,5,710944
cpxRp2,0.23076923076923078,14,12,AATTGGCTTTAGAGTCATAG,2,672473
cpxRp2,0.23076923076923078,14,12,AATGAGACGCAAGATAGTCA,2,670492
cpxRp2,0.6153846153846154,19,12,AATGACGAGGGCGGGTTCTC,7,683679
cpxRp2,1.2307692307692308,27,12,AATATATTGCCCGGCATGCA,15,651004
cpxRp2,0.8461538461538461,22,12,AAGTTGTACTACTGCGGGTT,10,671633
cpxRp2,1.3846153846153846,29,12,AAGTAACTACGACTACCACG,17,660213
cpxRp2,0.15384615384615385,13,12,AAGGTGCATGGCCAGTAGGC,1,643977
cpxRp2,0.15384615384615385,13,12,AAGGCTGGGCAACGGGGGGA,1,690601
cpxRp2,0.38461538461538464,16,12,AAGCTTCGGGCGAGAGGAAC,4,662542
cpxRp2,0.46153846153846156,17,12,AAGCCAGTATAAGTGTAATT,5,695152
cpxRp2,0.7692307692307693,21,12,AAGATTGGGATAGAAATGTA,9,672706
cpxRp2,0.46153846153846156,17,12,AAGAGTAAGGTTTAAGGCGA,5,699157
cpxRp2,0.23076923076923078,14,12,AAGAGATACTATTCCTGTGC,2,668502
cpxRp2,0.23076923076923078,14,12,AACGGTGCCACTCGGCGTCC,2,650333
cpxRp2,1.1538461538461537,26,12,AACCGGGCTATTGCACATAA,14,665002
cpxRp2,0.8461538461538461,22,12,AACATTACGCGTCCCGCAGT,10,697556
cpxRp2,0.8461538461538461,22,12,AACAGTTTCGCCCCACAAAA,10,665913
cpxRp2,1.2307692307692308,27,12,AACAACTGTTAAAGCTCTTC,15,705918
cpxRp2,1.2307692307692308,27,12,AAATATTCCCATAGCGCTGG,15,695211
cpxRp2,0.38461538461538464,16,12,AAAGTCGAGAGCACAAGGAT,4,683549
cpxRp2,1.0,24,12,AAAGATGAGACGAGTTTCCA,12,650474
cpxRp2,0.3076923076923077,15,12,AAACGTGCTCCCTTTATTAC,3,673491
cpxRp2,0.6923076923076923,20,12,AAACGATTTAGCGAAAAACT,8,667426
cpxRp2,1.2307692307692308,27,12,AAAAGCGGCTTGACACTTGT,15,651779
cpxRp2,0.9230769230769231,23,12,AAAACCAATCTCTTACAACA,11,681676
cpxRp2,0.9166666666666666,21,11,TTTTCGCGCCATTTACGCCA,10,632365
cpxRp2,0.4166666666666667,15,11,TTTGTTCGTGACAGCGCTTC,4,702346
cpxRp2,0.6666666666666666,18,11,TTTGTCGGTCAAAAAACTAG,7,702150
cpxRp2,0.5833333333333334,17,11,TTTGGTAGTAGAGGGTATGC,6,645219
cpxRp2,1.0833333333333333,23,11,TTTGGCGGGACGGTGCAAAA,12,655344
cpxRp2,0.4166666666666667,15,11,TTTGCAGGAAGGGCCAGTTA,4,673653
cpxRp2,0.25,13,11,TTTGACTGGCTATCTCACGG,2,689683
cpxRp2,0.5,16,11,TTTCTTGCGCCACGGATAAG,5,699031
cpxRp2,0.75,19,11,TTTCTCAGAGCTGGAGGCAT,8,671876
cpxRp2,0.25,13,11,TTTACGTTTCCAATTGTAGA,2,657438
cpxRp2,1.3333333333333333,26,11,TTTACCGCATAGCCAATCAA,15,676801
cpxRp2,0.4166666666666667,15,11,TTTACATGGTACCTTGCATA,4,701266
cpxRp2,0.9166666666666666,21,11,TTGTTCGACTATTGAGAAGT,10,670834
cpxRp2,2.0833333333333335,35,11,TTGTGTCCATGGAAGCGTCA,24,630042
cpxRp2,0.3333333333333333,14,11,TTGTGAATCAAACGCTAGCC,3,652565
cpxRp2,0.16666666666666666,12,11,TTGGTTACATCCCAAGTGAT,1,673707
cpxRp2,0.16666666666666666,12,11,TTGGTACAAGCGCAGGGTAC,1,683630
cpxRp2,0.75,19,11,TTGCGTGGCCCACTTGGCGC,8,671476
cpxRp2,0.4166666666666667,15,11,TTGCGTATGGTGTGTGGAGT,4,692505
cpxRp2,0.16666666666666666,12,11,TTGCGAACTCCAAGACGTGC,1,646617
cpxRp2,0.25,13,11,TTGCCTTTAACGGCATATCA,2,695442
cpxRp2,0.3333333333333333,14,11,TTGCCTGATTCGTATGGTCG,3,675192
cpxRp2,0.8333333333333334,20,11,TTGAGACCGCAGATCCCGCT,9,700672
cpxRp2,4.0,58,11,TTGACTCGATTCCAGGGGAG,47,661311
cpxRp2,1.25,25,11,TTGACAGGCAGACCGGACGA,14,647806
cpxRp2,4.5,64,11,TTCTGCCGAGTTACCGTAAT,53,673045
cpxRp2,0.25,13,11,TTCCCGTCCAGGTCGTGCTT,2,660362
cpxRp2,0.5833333333333334,17,11,TTCCATCAGGAGAATGACCT,6,641884
cpxRp2,0.8333333333333334,20,11,TTCAGGCCACGGGACCCTCG,9,693126
cpxRp2,0.8333333333333334,20,11,TTCACTAACATCGGCTGGTT,9,699522
cpxRp2,0.9166666666666666,21,11,TTCAACTCTACAGTGACTGT,10,660205
cpxRp2,1.0833333333333333,23,11,TTATTATAACTCACAGCCCA,12,664298
cpxRp2,0.16666666666666666,12,11,TTATCGAATTGACAATAGCA,1,662304
cpxRp2,0.5,16,11,TTATCCGAGGAGGTCTGTGC,5,636808
cpxRp2,0.25,13,11,TTAGTCCGGCTAGCTGGGGA,2,697611
cpxRp2,4.0,58,11,TTAGCTAATGGGTCTCGGAA,47,703029
cpxRp2,0.6666666666666666,18,11,TTACCCGAAATAAGGAGTGA,7,697292
cpxRp2,0.5,16,11,TTACCAAAATGCTACGCGCG,5,692279
cpxRp2,0.5833333333333334,17,11,TTAATTTACGTCGCATGTGA,6,647216
cpxRp2,0.3333333333333333,14,11,TGTCTCCGGGGGTAAACGCC,3,688664
cpxRp2,0.5,16,11,TGTCCTTCAGGCTTATAGAT,5,664741
cpxRp2,1.75,31,11,TGTCATGCAGGCACAGCATA,20,680646
cpxRp2,0.16666666666666666,12,11,TGTAGCGCATAATTCCAGAT,1,695956
cpxRp2,0.6666666666666666,18,11,TGGTTTTTGCATGCAGTAGC,7,632055
cpxRp2,0.25,13,11,TGGTATTTCGGGGTGGGGAA,2,695779
cpxRp2,1.25,25,11,TGGTATTAAACTCTAAAGAT,14,676482
cpxRp2,0.6666666666666666,18,11,TGGGCTGCCAACCATGGCCA,7,674898
cpxRp2,0.6666666666666666,18,11,TGGGCCGCTCGACGGGGAGG,7,637298
cpxRp2,0.3333333333333333,14,11,TGGCCGTTCGGAGTTGTAAA,3,637266
cpxRp2,0.8333333333333334,20,11,TGGCCCGATGCTTGGATTCA,9,659013
cpxRp2,2.6666666666666665,42,11,TGGCCACGAGGCCCCGAATG,31,663613
cpxRp2,0.6666666666666666,18,11,TGGCACAATGACAGAGATGC,7,640558
cpxRp2,0.5,16,11,TGGAGCCCAGCGAGATGTGT,5,656306
cpxRp2,1.0,22,11,TGGAGCACCGAATGCTGGGG,11,642279
cpxRp2,1.0833333333333333,23,11,TGGACTACGGCATTTGCGTG,12,677548
cpxRp2,0.75,19,11,TGCTTTGGTACACGGTCATA,8,699488
cpxRp2,0.75,19,11,TGCTACGCGGGGCTGAAGCG,8,669011
cpxRp2,1.25,25,11,TGCGTTTAGCCGTCGAAGAT,14,655261
cpxRp2,0.9166666666666666,21,11,TGCGACAGAGGATTCGGACA,10,688465
cpxRp2,0.8333333333333334,20,11,TGCCCTTCGATTGACTAAAA,9,692105
cpxRp2,2.6666666666666665,42,11,TGATTACGATACGTTCGTAG,31,686831
cpxRp2,0.3333333333333333,14,11,TGATGCAAAGCGCGTGGTGC,3,708595
cpxRp2,1.75,31,11,TGATACTATACCCTTTGAAT,20,705824
cpxRp2,0.16666666666666666,12,11,TGAGCGATAAAGTAGGTGAC,1,696883
cpxRp2,0.75,19,11,TGAGCAGCAGAAACTATTGA,8,695400
cpxRp2,1.75,31,11,TGAGATGTTCTATACACAGT,20,702500
cpxRp2,1.4166666666666667,27,11,TGAATGACGTCGTAGAGGCC,16,683480
cpxRp2,0.3333333333333333,14,11,TGAAATTATTCTCATGCGGT,3,662173
cpxRp2,1.6666666666666667,30,11,TCTTGGTGGTAAGAATGCTC,19,697953
cpxRp2,0.8333333333333334,20,11,TCTTCTTGCGGAAACATGGA,9,649401
cpxRp2,1.0,22,11,TCTTACATACCGCTCGTATG,11,639879
cpxRp2,1.6666666666666667,30,11,TCTCTGAGAGAAAATGAAGG,19,657593
cpxRp2,1.5833333333333333,29,11,TCTCAGGAAGTCTGTTCCTG,18,689460
cpxRp2,1.25,25,11,TCGGTTACATTCAATTGCTG,14,633327
cpxRp2,0.4166666666666667,15,11,TCGGGCCTCGGGCAAGTTTT,4,691479
cpxRp2,0.16666666666666666,12,11,TCGGCCCTAGTCATCAATGT,1,643655
cpxRp2,1.5833333333333333,29,11,TCGCGCTAGCAGCTTAGTTG,18,675986
cpxRp2,0.9166666666666666,21,11,TCGCCATTATGGAGGTGTAG,10,702766
cpxRp2,0.16666666666666666,12,11,TCGCAATTTACCCTGGTGCC,1,642194
cpxRp2,0.16666666666666666,12,11,TCGATCGTGTCTTCGAAAAA,1,685633
cpxRp2,0.6666666666666666,18,11,TCCTTGCTTTTTGCCAAGAC,7,662763
cpxRp2,3.6666666666666665,54,11,TCCTGGCCCCTGCTAATCTA,43,666381
cpxRp2,0.16666666666666666,12,11,TCCTGGAAAGTTATTAGGAA,1,635786
cpxRp2,0.5,16,11,TCCGCTTGGGCACTCCGCTG,5,708122
cpxRp2,0.3333333333333333,14,11,TCCGCGACCTGCTCCGGTCA,3,676993
cpxRp2,0.3333333333333333,14,11,TCCGCATCAGGTTCAATAGA,3,671324
cpxRp2,0.6666666666666666,18,11,TCCCTCCCATATAGTGCTTT,7,700965
cpxRp2,2.1666666666666665,36,11,TCCCGTAGTTCAATGGCGGA,25,695771
cpxRp2,0.9166666666666666,21,11,TCCCGCCGACACGCCGTCAT,10,665225
cpxRp2,0.16666666666666666,12,11,TCCCCCCCAGGACGGAGCCA,1,706996
cpxRp2,2.1666666666666665,36,11,TCCAGACGGCCAACGGTCCT,25,689964
cpxRp2,0.5833333333333334,17,11,TCCAACCGGAACGTCCAAGA,6,653849
cpxRp2,1.1666666666666667,24,11,TCATTTCCAACCTCGGCGTC,13,645821
cpxRp2,0.8333333333333334,20,11,TCATGAGGACGGAGCGAACA,9,685158
cpxRp2,0.75,19,11,TCAGGTGACCTCATCGGAAA,8,666937
cpxRp2,0.4166666666666667,15,11,TCAGCGCTGAAGGTCTCTTC,4,664706
cpxRp2,0.75,19,11,TCACTTAATCGATACGATAA,8,647328
cpxRp2,1.3333333333333333,26,11,TCACGTAAGTATCATCGGAC,15,682108
cpxRp2,0.5,16,11,TCACGAATGTGATACATTCG,5,682427
cpxRp2,0.8333333333333334,20,11,TCACCTTCAGAACAATTCCT,9,692548
cpxRp2,0.5833333333333334,17,11,TCACCGACCGACCATCTCGC,6,672557
cpxRp2,1.25,25,11,TCAAGCTCCCGGGGCGGGAC,14,667577
cpxRp2,0.75,19,11,TCAACGGACCCAGAAGTTTA,8,687279
cpxRp2,0.5,16,11,TCAACCTGCCTAGGGGGTCT,5,661476
cpxRp2,4.916666666666667,69,11,TATTGAGGACTCTCCTAACG,58,702727
cpxRp2,1.5,28,11,TATGTGCGAGTTTACCGATA,17,697100
cpxRp2,1.0,22,11,TATGTGCCGACTCTGCATTG,11,664432
cpxRp2,0.3333333333333333,14,11,TATGATCGAAAATCGCATGT,3,662424
cpxRp2,1.6666666666666667,30,11,TATGAGTTCGTGGATAGTGA,19,688665
cpxRp2,0.16666666666666666,12,11,TATCTTGAAGCTGATGCAAC,1,669724
cpxRp2,0.4166666666666667,15,11,TATCGGGAGTGGTCAAGATC,4,702676
cpxRp2,1.4166666666666667,27,11,TATCACTGGACTGTTTACCT,16,674175
cpxRp2,1.3333333333333333,26,11,TATAGCCCCAACTGGATAGT,15,677173
cpxRp2,1.5833333333333333,29,11,TATAACCTGACGCTAGGCAT,18,702157
cpxRp2,0.16666666666666666,12,11,TAGGGCTTAGAATCAGCTAC,1,679304
cpxRp2,0.75,19,11,TAGGCGGTTCGGCAGTATGT,8,661822
cpxRp2,1.5,28,11,TAGGACTCTATGCAGTGGTG,17,677460
cpxRp2,0.3333333333333333,14,11,TAGCATTGACCCGCTTTTAG,3,646008
cpxRp2,0.4166666666666667,15,11,TAGCATATTTATCGGGTAGA,4,681113
cpxRp2,1.0,22,11,TAGATTGGCATAAGGGCACT,11,641473
cpxRp2,1.0,22,11,TAGAGGCACGGAGTCAACAA,11,651404
cpxRp2,0.8333333333333334,20,11,TAGAAATTCGAGCTAGATAT,9,674029
cpxRp2,0.9166666666666666,21,11,TACTCGTGGTATAAACGCCT,10,648257
cpxRp2,1.0833333333333333,23,11,TACGTCCGGGCTTGAGGGCA,12,669669
cpxRp2,1.5,28,11,TACGGAACCACTGCTACTTT,17,650379
cpxRp2,1.3333333333333333,26,11,TACCGTTCCCGAGCGAGAAT,15,664582
cpxRp2,0.4166666666666667,15,11,TACCATGAGTTACAGAGGTT,4,677129
cpxRp2,0.4166666666666667,15,11,TACAGGGGTTTACAGTACAC,4,631308
cpxRp2,0.6666666666666666,18,11,TACAGACTTATGGTAGGGTC,7,630146
cpxRp2,0.5833333333333334,17,11,TAATTGGATGCCACACAGTG,6,639276
cpxRp2,1.3333333333333333,26,11,TAATCGTTTCTCTTGAGCTG,15,647609
cpxRp2,1.9166666666666667,33,11,TAATCGACGAACTGGGGGAA,22,635029
cpxRp2,2.5833333333333335,41,11,TAATCACATTGGGCCAGGCC,30,678141
cpxRp2,0.25,13,11,TAAGGTATGTGAACCCACCA,2,657416
cpxRp2,1.3333333333333333,26,11,TAAGGAGACTGCGCCCCCGT,15,682064
cpxRp2,0.5833333333333334,17,11,TAACGGATTGCCCGAATTCA,6,666390
cpxRp2,0.25,13,11,TAAAGTCTCTCTTAAGGAGA,2,691526
cpxRp2,0.9166666666666666,21,11,TAAAGGATAGCGGCGTTTTG,10,647017
cpxRp2,0.8333333333333334,20,11,TAAACCCAATAATGTGTCTT,9,706887
cpxRp2,0.5833333333333334,17,11,GTTTGTTCATTATGCATTAA,6,677109
cpxRp2,0.6666666666666666,18,11,GTTGGGGGTTGTATTAGACC,7,662295
cpxRp2,1.5833333333333333,29,11,GTTCTTGCCTTGAGTCTAAA,18,658632
cpxRp2,0.75,19,11,GTTCCAGTTTGCAGAAGTTA,8,710674
cpxRp2,0.6666666666666666,18,11,GTTATCGTCGAGGGCATGTA,7,685935
cpxRp2,1.25,25,11,GTTACGGGCGCTTACCACCA,14,674336
cpxRp2,0.3333333333333333,14,11,GTTACCATGCACGGGGTTTA,3,665928
cpxRp2,0.9166666666666666,21,11,GTTAAATCACCAAGAGAAAT,10,673116
cpxRp2,2.1666666666666665,36,11,GTGTGTGTTCAAGACGGGAA,25,702354
cpxRp2,0.5833333333333334,17,11,GTGTGGGATCCGCTCGCGGA,6,641510
cpxRp2,0.3333333333333333,14,11,GTGTGGGACAATCTGCCAAA,3,648050
cpxRp2,0.75,19,11,GTGTATATCGGAGAGTGAAC,8,690492
cpxRp2,0.4166666666666667,15,11,GTGGTCGGGACAACTTAATA,4,688042
cpxRp2,1.0,22,11,GTGGCGCGTGGAAGCGATTG,11,705426
cpxRp2,0.5,16,11,GTGCGGGTGTGGTGCCAGCT,5,684836
cpxRp2,1.3333333333333333,26,11,GTGCAGAGGAGGGCGATTTG,15,655103
cpxRp2,0.4166666666666667,15,11,GTGCACCATTTCTCGTCGGC,4,671532
cpxRp2,0.16666666666666666,12,11,GTGATTTCGCTGGAGGATGC,1,699034
cpxRp2,0.4166666666666667,15,11,GTGATACCGCGCGATTCTAA,4,681224
cpxRp2,0.25,13,11,GTGAGCGGATACATCTGGCT,2,695358
cpxRp2,0.3333333333333333,14,11,GTGACATCCACAAGAACCTA,3,640920
cpxRp2,0.3333333333333333,14,11,GTGAACAGGACCGGTTTAGA,3,664575
cpxRp2,0.4166666666666667,15,11,GTCTTCAGATCAATTGCCAT,4,658486
cpxRp2,0.9166666666666666,21,11,GTCTAGGTGTCAGGTTTATT,10,665837
cpxRp2,0.75,19,11,GTCCTTAAGTCGGGTTCATA,8,639605
cpxRp2,0.25,13,11,GTCCGAACCAGTCGACGTAT,2,677386
cpxRp2,0.75,19,11,GTCCCAGGGGTTCCTGGCAT,8,695852
cpxRp2,0.4166666666666667,15,11,GTCATAAAAAAAATTGGGTT,4,664295
cpxRp2,1.3333333333333333,26,11,GTATGCACTTCATTCCGACG,15,700116
cpxRp2,0.8333333333333334,20,11,GTATCCCTTTAAAGGCTAGT,9,642304
cpxRp2,0.25,13,11,GTACTTCACTGAGTTCGGAA,2,710065
cpxRp2,0.5,16,11,GTACGGAAGCGAGACATAAT,5,631713
cpxRp2,0.5,16,11,GTAACCACGTTTCCTTCATC,5,694009
cpxRp2,3.8333333333333335,56,11,GTAAAGGAGGCGGGGCTTAC,45,701814
cpxRp2,1.4166666666666667,27,11,GTAAACACCAATTCGCGGAG,16,710179
cpxRp2,0.5,16,11,GGTTTTGCGCTGTGGAAGGG,5,667966
cpxRp2,0.6666666666666666,18,11,GGTTTTCGGTATGTCCGGCT,7,665497
cpxRp2,0.3333333333333333,14,11,GGTTTGGTCCGTAGTAAGCT,3,649257
cpxRp2,0.3333333333333333,14,11,GGTTTCTTCCGCATTGAAAT,3,688471
cpxRp2,1.0,22,11,GGTTCTCGTATCAGGACGTA,11,657412
cpxRp2,0.5,16,11,GGTTCCGAAGACAGCTTACG,5,692672
cpxRp2,0.16666666666666666,12,11,GGTGGTTTTTGCGAGGGACC,1,653341
cpxRp2,0.8333333333333334,20,11,GGTGGTCATTATTCGCTCTT,9,634076
cpxRp2,0.9166666666666666,21,11,GGTGGACTAGGCAAAACTAT,10,703383
cpxRp2,0.25,13,11,GGTGCGACCAGCTTGTCATT,2,693607
cpxRp2,0.3333333333333333,14,11,GGTCTTCCTTATGACGGGTA,3,632650
cpxRp2,14.083333333333334,179,11,GGTCGTCGTAACTCCGTTGA,168,666582
cpxRp2,1.0833333333333333,23,11,GGTCCTATAATCCGAGCACA,12,668845
cpxRp2,1.1666666666666667,24,11,GGTCCGCCCGGCATCAGGAT,13,662968
cpxRp2,0.9166666666666666,21,11,GGTCAGCAGCGGTCGAGGCC,10,704793
cpxRp2,0.75,19,11,GGTATTGTGACCCCTCCTTG,8,668584
cpxRp2,0.5833333333333334,17,11,GGTAGTTTAAGAGTCGAAGC,6,656030
cpxRp2,0.5,16,11,GGTAGTCTAAATGCGTTCGG,5,697234
cpxRp2,0.5,16,11,GGGGGTCTCTCTCCGTGGGT,5,649112
cpxRp2,0.6666666666666666,18,11,GGGGGTCCAGCAATTCCTTA,7,703118
cpxRp2,0.6666666666666666,18,11,GGGGCTTCCTAGAGTTGGTT,7,680189
cpxRp2,0.16666666666666666,12,11,GGGGCAGTTCGAGGTACAAG,1,680734
cpxRp2,1.0833333333333333,23,11,GGGGAGGCGTCAAATACCTA,12,670726
cpxRp2,0.8333333333333334,20,11,GGGGAATGTGCTGGAAGTGC,9,676286
cpxRp2,1.0833333333333333,23,11,GGGATCTACATAAGATGGCA,12,685480
cpxRp2,8.833333333333334,116,11,GGGAGTCAATGGCAAGTGCA,105,709990
cpxRp2,1.3333333333333333,26,11,GGCTTTTAGAAAAGTACTAA,15,645554
cpxRp2,4.0,58,11,GGCTTTCGCTTGAGTGGCTC,47,694547
cpxRp2,0.8333333333333334,20,11,GGCTTGGAATCCTCCTAGAC,9,636410
cpxRp2,0.6666666666666666,18,11,GGCTCCGTCTAGGACAAAAT,7,711228
cpxRp2,1.25,25,11,GGCTCCCCATTCATGGTGTC,14,654688
cpxRp2,1.0833333333333333,23,11,GGCGGTTCCACTTCGTAACC,12,703228
cpxRp2,0.16666666666666666,12,11,GGCGGAGACTTTCCTGTCGC,1,708073
cpxRp2,0.6666666666666666,18,11,GGCCCTTTTATATTCTATAA,7,674200
cpxRp2,0.5,16,11,GGCCCCGGATCGCTGTCTCA,5,630688
cpxRp2,1.25,25,11,GGCCAGTGTAACGGATTCTG,14,633513
cpxRp2,0.8333333333333334,20,11,GGCAGCCTCCGACGTGTTAA,9,703124
cpxRp2,1.0,22,11,GGCAGCATGGACTACGTGCA,11,684961
cpxRp2,1.0,22,11,GGATCTCTAAGGAGACACAT,11,663063
cpxRp2,1.5,28,11,GGATCCCAGAGAGCTGAATA,17,679580
cpxRp2,0.4166666666666667,15,11,GGAGCTTTATGCTTACGTGG,4,707273
cpxRp2,0.5833333333333334,17,11,GGACTAGCTAATTTTATGAT,6,698331
cpxRp2,1.5,28,11,GGACATTTCCTATGAATTAA,17,638373
cpxRp2,0.9166666666666666,21,11,GGAATCGAACGCAGTGGTTG,10,650655
cpxRp2,1.4166666666666667,27,11,GGAAGGGCTAGTGCGCGCAA,16,653377
cpxRp2,0.75,19,11,GGAAGGCTTAAGGGCTGTTT,8,670596
cpxRp2,0.5,16,11,GGAAACGACCACCGCCCACG,5,669436
cpxRp2,1.25,25,11,GCTTCCCTCGCGTGAAACTT,14,671321
cpxRp2,1.25,25,11,GCTGGTCACGGCTCAAGGAT,14,652395
cpxRp2,0.3333333333333333,14,11,GCTCGAATAGAGTAGCACTT,3,637623
cpxRp2,0.5,16,11,GCTACCTGTGCTCTTTCATC,5,650157
cpxRp2,0.3333333333333333,14,11,GCGTTTCTTCGCATGATCTG,3,643448
cpxRp2,3.5,52,11,GCGTTCAGGCCCCCCGCGCA,41,640309
cpxRp2,1.9166666666666667,33,11,GCGTTACCAGGTTAACCACA,22,689777
cpxRp2,0.25,13,11,GCGTTACATCAGACATTGGC,2,654793
cpxRp2,0.5,16,11,GCGTTACACCCGTACGCGCG,5,670265
cpxRp2,0.3333333333333333,14,11,GCGTCTCCGCGTTTTGCGAG,3,663567
cpxRp2,0.9166666666666666,21,11,GCGTAGACCGTCCCTCGCCC,10,708801
cpxRp2,0.8333333333333334,20,11,GCGTAACCCCGTCTTATCGT,9,666976
cpxRp2,0.16666666666666666,12,11,GCGGGTACCGCGCTGTATTC,1,633543
cpxRp2,1.0,22,11,GCGGCGTGCACAACTGTTGG,11,636209
cpxRp2,1.0,22,11,GCGGAACGGTCATCGCTGGA,11,695910
cpxRp2,0.5833333333333334,17,11,GCGCCTTTATAACGGCCGGA,6,666243
cpxRp2,0.8333333333333334,20,11,GCGCCCGTGACACTTGATAT,9,663259
cpxRp2,1.3333333333333333,26,11,GCGCATCATCAATTTTCCAT,15,691247
cpxRp2,0.4166666666666667,15,11,GCGATTCACATCTTGCAAAT,4,670379
cpxRp2,0.16666666666666666,12,11,GCCTTTAGCCTCAGTTGTGA,1,678988
cpxRp2,1.5833333333333333,29,11,GCCTCGTTCTGCAAGTAACA,18,699090
cpxRp2,0.5,16,11,GCCTCCCCTGTCCGGCAGTA,5,659079
cpxRp2,0.6666666666666666,18,11,GCCGTCACGTTAGCGTTCAT,7,634545
cpxRp2,1.25,25,11,GCCGCAGTCTAAGAAATCTT,14,677495
cpxRp2,0.6666666666666666,18,11,GCCCGCCCGCAGGAAGTGAC,7,699290
cpxRp2,0.9166666666666666,21,11,GCCCAAGGGTCCGGCCATCG,10,693186
cpxRp2,0.8333333333333334,20,11,GCCACTGGATAATCTTTGGG,9,640722
cpxRp2,0.6666666666666666,18,11,GCCAACGTAGGCCATTCTTG,7,640151
cpxRp2,0.5833333333333334,17,11,GCATTGGGTGTCAGGACTTA,6,629912
cpxRp2,1.1666666666666667,24,11,GCATCTGCGCGGAGGATACT,13,673722
cpxRp2,0.16666666666666666,12,11,GCAGTTCCCGGAGAACTACT,1,633266
cpxRp2,1.5,28,11,GCAGTGAACGGCCCGGCGTG,17,698410
cpxRp2,1.0,22,11,GCAGCGATATTGCAACCCAT,11,672346
cpxRp2,0.3333333333333333,14,11,GCAGAGGATCGCAAGTCTCA,3,645047
cpxRp2,0.6666666666666666,18,11,GCAGAGCGCATTCGCCCCAT,7,648146
cpxRp2,0.16666666666666666,12,11,GCACTTTAGATGACAATTTA,1,675468
cpxRp2,1.25,25,11,GCACTATCGACATATGAGAT,14,711511
cpxRp2,1.75,31,11,GCACGTCCCAGAGCTCCCTG,20,671693
cpxRp2,1.4166666666666667,27,11,GCACGGTCTGATCGGACCTT,16,670347
cpxRp2,1.0833333333333333,23,11,GCACGGGTTAGACTCAAATG,12,644218
cpxRp2,0.25,13,11,GCAATCCAACGACGTTTAAA,2,675014
cpxRp2,2.5,40,11,GCAAGCGTCTCATGGTAATT,29,707767
cpxRp2,1.0,22,11,GCAACTCAGTGGAGACCCTA,11,663124
cpxRp2,0.4166666666666667,15,11,GATTTCTCGCGTGGGACTCG,4,700020
cpxRp2,0.4166666666666667,15,11,GATTCACAGCCCATCTGCGT,4,703398
cpxRp2,0.3333333333333333,14,11,GATGGCTTGTCCTTACCCGA,3,701049
cpxRp2,0.5,16,11,GATGGCAGCGCACAGACATA,5,668961
cpxRp2,1.3333333333333333,26,11,GATGCGTGTACAATCCCCTA,15,640926
cpxRp2,0.5,16,11,GATCTCTTCGTCAATGAGAA,5,641590
cpxRp2,1.75,31,11,GATCGGGCAACTCCGTAGGG,20,653432
cpxRp2,1.1666666666666667,24,11,GATATCCCGGGGGCATGCGC,13,639191
cpxRp2,0.6666666666666666,18,11,GATAACGAGGCCACCGATCT,7,674459
cpxRp2,1.25,25,11,GAGTCCTTGAGCACAGTGAA,14,683743
cpxRp2,0.5,16,11,GAGGTCTTTAAGTAAATTTG,5,702449
cpxRp2,0.16666666666666666,12,11,GAGGAACAAGGCAACCACCA,1,661635
cpxRp2,0.5,16,11,GAGCTTCGGCGCTGAGAAGA,5,696181
cpxRp2,0.5833333333333334,17,11,GAGCTGGATACCAACGTAAT,6,666104
cpxRp2,0.5,16,11,GAGCGAACCGCGAGCTAATG,5,698164
cpxRp2,0.6666666666666666,18,11,GAGACCAGCAGGTTAACGCC,7,650520
cpxRp2,1.6666666666666667,30,11,GACTTATCATCAAGGGGCTT,19,676456
cpxRp2,0.3333333333333333,14,11,GACTATGGCGGCAAGTATAA,3,635426
cpxRp2,1.6666666666666667,30,11,GACCGCGGCCTGGATCGGAT,19,691954
cpxRp2,0.4166666666666667,15,11,GAAGTGACCCCCTGGCGTCA,4,692902
cpxRp2,1.75,31,11,GAAGTATATCAAGATCACTT,20,674836
cpxRp2,1.0,22,11,GAAGTACCTCGTGCCACACG,11,669334
cpxRp2,1.4166666666666667,27,11,GAAGGGCGGTGTCCGCTCGC,16,701766
cpxRp2,4.833333333333333,68,11,GAAGCGTTCGTGCCTGCACA,57,690742
cpxRp2,0.6666666666666666,18,11,GAAGCGGTCATTTGGGTCGT,7,657982
cpxRp2,0.75,19,11,GAACTGTATATGCCATCTAT,8,683660
cpxRp2,0.8333333333333334,20,11,GAACGCAGAGTGCTATCCTT,9,674155
cpxRp2,1.8333333333333333,32,11,GAAATACATACATCAAGTCG,21,658399
cpxRp2,0.5833333333333334,17,11,GAAAAGGGGGCAGCAAAGTA,6,639816
cpxRp2,0.75,19,11,CTTTTACCGTGGCAAGGGTT,8,640259
cpxRp2,0.5,16,11,CTTTTAAAGGCCTCTAAATA,5,650841
cpxRp2,1.1666666666666667,24,11,CTTGCTTTGCTGATATGTCC,13,649007
cpxRp2,1.3333333333333333,26,11,CTTGCTGACGAGGACGCCAT,15,698949
cpxRp2,0.6666666666666666,18,11,CTTGATGACATTAAAATCCT,7,629957
cpxRp2,0.3333333333333333,14,11,CTTGACGCCATCCTGCATGA,3,707788
cpxRp2,0.3333333333333333,14,11,CTTCTTGTGTAAGTGCTGAG,3,667074
cpxRp2,0.16666666666666666,12,11,CTTCGTCAGTTGGAGGCTCC,1,701100
cpxRp2,0.75,19,11,CTTCGGCGGAAAAATAAGCA,8,647335
cpxRp2,0.25,13,11,CTTCCCGGACTCTCAATACC,2,705673
cpxRp2,0.16666666666666666,12,11,CTTCAGAACGCATAGACGCT,1,658485
cpxRp2,0.25,13,11,CTGTCGATTATAATATGGGA,2,653576
cpxRp2,5.5,76,11,CTGTCCGAATAGCTAATACG,65,679718
cpxRp2,1.9166666666666667,33,11,CTGTACCCTTAGCACCCAGG,22,640046
cpxRp2,0.25,13,11,CTGTAACCATCCGTCATTGG,2,653393
cpxRp2,0.25,13,11,CTGGCGGGCCATAGAGTTCC,2,676427
cpxRp2,0.16666666666666666,12,11,CTGGATCTCCTGCACCATCA,1,643067
cpxRp2,0.16666666666666666,12,11,CTGGAAGCATTGTATGCATC,1,656948
cpxRp2,1.0833333333333333,23,11,CTGCTTTTGACAGGCATACC,12,682965
cpxRp2,0.9166666666666666,21,11,CTGCTTGTGCGGCACATGTT,10,640356
cpxRp2,2.0,34,11,CTGCTCGTCCTACGTGATGG,23,678700
cpxRp2,0.3333333333333333,14,11,CTGCGCCGTGATTCAACCCG,3,706203
cpxRp2,0.3333333333333333,14,11,CTGACATCTCAGAATTGACT,3,664270
cpxRp2,0.6666666666666666,18,11,CTCTGAACGGCGTCCGTATA,7,665063
cpxRp2,1.75,31,11,CTCGTCCCGGTCACAGGGTA,20,693948
cpxRp2,0.8333333333333334,20,11,CTCGGCATCGAAGGAGCAAA,9,679418
cpxRp2,0.5833333333333334,17,11,CTCGACAGATCAGAGCGTCA,6,682290
cpxRp2,0.8333333333333334,20,11,CTCCTGCATTCTGGATAGCT,9,667748
cpxRp2,0.8333333333333334,20,11,CTCCGTAACATCACGCGCCA,9,696618
cpxRp2,0.75,19,11,CTCCAGAGTCTTGAAATTTC,8,700609
cpxRp2,0.3333333333333333,14,11,CTCAGGTTTAAGTGGGCAGT,3,706374
cpxRp2,0.5,16,11,CTCAATGACTTCCTGTACTC,5,672540
cpxRp2,0.5833333333333334,17,11,CTCAATCTCGTGTGTTGTAC,6,639840
cpxRp2,0.3333333333333333,14,11,CTATGTGTGCTTAGGATTTG,3,637668
cpxRp2,0.4166666666666667,15,11,CTATCTAGTGGCAGGAAGGG,4,694288
cpxRp2,1.8333333333333333,32,11,CTATCGCGGGTCGCGGTCAT,21,651068
cpxRp2,0.9166666666666666,21,11,CTATAAGAGACTCGAATAAA,10,651523
cpxRp2,0.3333333333333333,14,11,CTATAAACTTTCACACAAGT,3,680815
cpxRp2,0.9166666666666666,21,11,CTAGGGTAACGTGTTACAGG,10,707667
cpxRp2,6.75,91,11,CTACGAGTCTAGCGTAACGT,80,689080
cpxRp2,0.9166666666666666,21,11,CTACATATGCGGGTCCGTAC,10,667932
cpxRp2,1.0833333333333333,23,11,CTAATTGCCGAGAGGGTATA,12,687990
cpxRp2,0.3333333333333333,14,11,CTAATTCGCAGAGGTGCCCA,3,691453
cpxRp2,0.3333333333333333,14,11,CGTGTCGGGATATTGATGAG,3,693652
cpxRp2,1.4166666666666667,27,11,CGTGTATCTTACCGAAACGT,16,675312
cpxRp2,0.9166666666666666,21,11,CGTCTCAGATTAGGCGGGCA,10,670504
cpxRp2,0.8333333333333334,20,11,CGTCCAGGGGCCTGGTAGCA,9,662292
cpxRp2,0.5833333333333334,17,11,CGTCATACCTGATGTGCCGT,6,681554
cpxRp2,11.833333333333334,152,11,CGTAGTGTCACTCAGCTGGA,141,661305
cpxRp2,0.8333333333333334,20,11,CGGTGGTTGGCGCCTGAAGG,9,633845
cpxRp2,0.16666666666666666,12,11,CGGTCACCGTAGGTTCCACC,1,655124
cpxRp2,0.8333333333333334,20,11,CGGTAAACGACACCGTTATC,9,697072
cpxRp2,0.9166666666666666,21,11,CGGGTATCCTGTTTATAGTG,10,708404
cpxRp2,0.5,16,11,CGGGGGGCTCGCATGAGGAG,5,671820
cpxRp2,1.0,22,11,CGGGCCTCTATAGACTGCAT,11,709828
cpxRp2,2.3333333333333335,38,11,CGGGCCTCTAGTTGATGGGA,27,671600
cpxRp2,1.0833333333333333,23,11,CGGCTTTGGTTTTTGTAATT,12,672507
cpxRp2,0.3333333333333333,14,11,CGGCTTAATCATAAACACGG,3,695687
cpxRp2,0.16666666666666666,12,11,CGGCGTTGCAAAACCATATC,1,648139
cpxRp2,1.0,22,11,CGGCGCACATGGGGAGGAAC,11,704060
cpxRp2,1.0,22,11,CGGCCGCGATTGCCTATATT,11,677684
cpxRp2,1.0833333333333333,23,11,CGGCCAGCCGTAGTGCCACG,12,631275
cpxRp2,0.75,19,11,CGGCAGCGTGCTTTCCCATA,8,688940
cpxRp2,0.8333333333333334,20,11,CGGACTTTAGATTTAATTGT,9,685426
cpxRp2,0.5833333333333334,17,11,CGGACGTGCCAGCCAGAGAG,6,674153
cpxRp2,0.75,19,11,CGGACCTCAACATGGCGGGG,8,697918
cpxRp2,0.5833333333333334,17,11,CGGAAAACTTCATTGTCCTT,6,650083
cpxRp2,1.5,28,11,CGCTATCTTCCTCACCAGAT,17,647990
cpxRp2,1.25,25,11,CGCTACAACAAGTTTTTGTT,14,647463
cpxRp2,1.9166666666666667,33,11,CGCGTTGAGTGTCGAGCAGG,22,633449
cpxRp2,0.4166666666666667,15,11,CGCGTGGAGTACGGGCTCCA,4,680030
cpxRp2,0.5833333333333334,17,11,CGCCCCAATTATCGCGATTA,6,686924
cpxRp2,0.25,13,11,CGCATAAGACACACTGCGTT,2,657376
cpxRp2,0.75,19,11,CGAGTGCACGGCGCATCATA,8,647010
cpxRp2,0.3333333333333333,14,11,CGAGGCATTGATCACAATAT,3,668554
cpxRp2,0.5833333333333334,17,11,CGACCTTTCGTCGGAACTTG,6,709217
cpxRp2,0.25,13,11,CGAAGGAAAGACCGAATTGT,2,698877
cpxRp2,1.0,22,11,CGAAGCACATACGAGTATTA,11,678638
cpxRp2,1.4166666666666667,27,11,CCTTACGCTGAAACGCCACC,16,708834
cpxRp2,0.6666666666666666,18,11,CCTGTTTTAATACCGGCGTG,7,698092
cpxRp2,2.3333333333333335,38,11,CCTGTCGTCAAATCCGATGA,27,666084
cpxRp2,0.5,16,11,CCTGCAAGGGAGACTATGGT,5,649872
cpxRp2,0.3333333333333333,14,11,CCTGAAGTCTATCCATTCCG,3,643372
cpxRp2,0.6666666666666666,18,11,CCTCTATCGTTCGTGCAAGA,7,665017
cpxRp2,2.0833333333333335,35,11,CCTCATCATCCGAACTTAGA,24,639352
cpxRp2,0.75,19,11,CCTAGGCATGTGTCTTTTAT,8,675118
cpxRp2,9.166666666666666,120,11,CCTACGGAAGCTTGCAAATA,109,652905
cpxRp2,3.4166666666666665,51,11,CCTACGAAGGGCTATTTACC,40,651824
cpxRp2,0.75,19,11,CCTACATCGTAACATATTCA,8,641288
cpxRp2,0.3333333333333333,14,11,CCGTGCATGGTTAAGACGTA,3,658484
cpxRp2,0.9166666666666666,21,11,CCGTCTTGATCCGCACGACT,10,631600
cpxRp2,0.3333333333333333,14,11,CCGTCGGAGCCGCAGCATAT,3,686480
cpxRp2,1.1666666666666667,24,11,CCGTCAGTGAGGTTTAACCG,13,681729
cpxRp2,0.75,19,11,CCGGTCAGTAAACGTTGGAC,8,672704
cpxRp2,0.8333333333333334,20,11,CCGGCGTACTTTGAGATGAA,9,651099
cpxRp2,1.4166666666666667,27,11,CCGGATTATAGTGTCTTGAA,16,645555
cpxRp2,0.5,16,11,CCGGAGGACGTGGACTGGGT,5,640644
cpxRp2,0.5833333333333334,17,11,CCGCACAAGGCGACCTATAG,6,658891
cpxRp2,2.1666666666666665,36,11,CCGCAATGGTGGAACTAAGT,25,705608
cpxRp2,0.3333333333333333,14,11,CCGACATCGTCACCGTTTTA,3,674985
cpxRp2,0.9166666666666666,21,11,CCGAACATGAACCATTGTTT,10,698365
cpxRp2,0.25,13,11,CCGAAAGAATGGTAAGCTCC,2,631922
cpxRp2,0.75,19,11,CCCTGGCTACACGGAGACAT,8,675168
cpxRp2,0.75,19,11,CCCTGGCCCTGGCGTGGGTG,8,633420
cpxRp2,0.3333333333333333,14,11,CCCTGCTTCGGTGGGTGAAT,3,699309
cpxRp2,0.5,16,11,CCCTGCTGATATAGTCTAAG,5,639506
cpxRp2,0.25,13,11,CCCTCTAGGCCGTAGTCAGT,2,675887
cpxRp2,1.6666666666666667,30,11,CCCTCCGATGGATTCCAATA,19,657140
cpxRp2,1.0833333333333333,23,11,CCCTCAGTTACCACGATAAT,12,695452
cpxRp2,1.0,22,11,CCCGTAGGTAGTGGATTTTA,11,677102
cpxRp2,0.5833333333333334,17,11,CCCGCGACCCTCACAAGTTT,6,661893
cpxRp2,1.8333333333333333,32,11,CCCGACCGTGTGAGCGAGGT,21,658545
cpxRp2,0.5,16,11,CCCCGTTGAGAGCGATATGG,5,691856
cpxRp2,0.4166666666666667,15,11,CCCACCGTTACAGTATGGGA,4,660303
cpxRp2,0.5,16,11,CCCAAGTGTGGATAACGAGT,5,660938
cpxRp2,1.0833333333333333,23,11,CCATTGCCTCGGGGCCTGGC,12,663212
cpxRp2,0.75,19,11,CCATGTATTCGAGACGACAA,8,708316
cpxRp2,0.5833333333333334,17,11,CCATCAGCCAGGAGAGTGAC,6,631482
cpxRp2,0.3333333333333333,14,11,CCAGTGACGAGGTTTATCGC,3,688662
cpxRp2,0.25,13,11,CATGGGTGCGGCTCCCTAGG,2,665299
cpxRp2,0.6666666666666666,18,11,CATGGGGTAGTGGCTACTCA,7,689884
cpxRp2,1.75,31,11,CATGCTTACCCATAGTTGGG,20,630902
cpxRp2,1.0833333333333333,23,11,CATGAAATAGCTCCAGGTGG,12,636180
cpxRp2,0.25,13,11,CATCTACATTCCGCCACATT,2,686883
cpxRp2,0.4166666666666667,15,11,CATCGGGATAGAGTTCCGCG,4,657827
cpxRp2,1.3333333333333333,26,11,CATCCTACGGACGTCTTGTT,15,674386
cpxRp2,0.9166666666666666,21,11,CATCACACCGACTACGATTA,10,670371
cpxRp2,1.5833333333333333,29,11,CAGGTCCGCTCGGACCCGTC,18,648531
cpxRp2,1.25,25,11,CAGGGTCTATGGAGTGCGTG,14,651778
cpxRp2,0.75,19,11,CAGGAGGAAAAGGCGGTCTA,8,666477
cpxRp2,0.5833333333333334,17,11,CAGAGGCGTTTCCGATCGTC,6,669678
cpxRp2,1.1666666666666667,24,11,CAGACTGGGTCGAAGTTGCG,13,676852
cpxRp2,0.5,16,11,CACTGGAGTACTTTTACCAA,5,658411
cpxRp2,0.16666666666666666,12,11,CACTGGACTATATTTTTTGG,1,644372
cpxRp2,2.0833333333333335,35,11,CACTCGGTTGATGCATACTT,24,640086
cpxRp2,0.4166666666666667,15,11,CACTACTCCAATTTATGTTC,4,640041
cpxRp2,0.16666666666666666,12,11,CACGTGCGGCACCTCACCAA,1,684312
cpxRp2,0.75,19,11,CACGCCTCGCGCTTAAAGGT,8,674056
cpxRp2,0.25,13,11,CACGATATCGCTGTAGTCAG,2,640982
cpxRp2,1.9166666666666667,33,11,CACGAGGACTGACCGGTGGT,22,639525
cpxRp2,0.8333333333333334,20,11,CACGACCTAGTTTTAAAGAT,9,692005
cpxRp2,1.0,22,11,CACCGGCTAAACTTTGGTTG,11,638449
cpxRp2,0.25,13,11,CACCAAGTCTGCGTCGGTGA,2,636816
cpxRp2,2.6666666666666665,42,11,CACAGGTGGTCAGCAGCGTG,31,640840
cpxRp2,0.75,19,11,CACACAAGTGGCGGAAAGAC,8,640952
cpxRp2,0.5,16,11,CACAAATGCTGATTCCATGT,5,697885
cpxRp2,0.4166666666666667,15,11,CAATGTGGGTCGCCGTATAG,4,634048
cpxRp2,0.5833333333333334,17,11,CAATGGCTGTGCCAGAATAT,6,708381
cpxRp2,0.3333333333333333,14,11,CAAGTTTCAAAGTAATTTAT,3,698595
cpxRp2,0.5,16,11,CAAGGTATGCACCACTTGAC,5,664296
cpxRp2,1.1666666666666667,24,11,CAAGGGTGTTGCTTCCACCT,13,674880
cpxRp2,0.5,16,11,CAAGGGGGCTCAGTATTTAA,5,658110
cpxRp2,0.75,19,11,CAAGAGGCCTTACAGAGGAG,8,631539
cpxRp2,1.0833333333333333,23,11,CAAGACGAGGAAAATGACTC,12,697596
cpxRp2,0.8333333333333334,20,11,CAAGAAAAATGAGATGAGCA,9,664137
cpxRp2,0.6666666666666666,18,11,CAACTGGTGCGTTTCCAGTG,7,682966
cpxRp2,0.9166666666666666,21,11,CAACTGCCACCGCATGATGC,10,696619
cpxRp2,1.0833333333333333,23,11,CAACGTGCATAGAGGATTTT,12,656729
cpxRp2,0.9166666666666666,21,11,CAACGAGCCTGTTAGTAATT,10,670203
cpxRp2,1.0833333333333333,23,11,CAACCCAGCGACACTTTGCC,12,642917
cpxRp2,3.0,46,11,CAAATACAGTGTCAAAGCTG,35,690688
cpxRp2,1.0833333333333333,23,11,ATTTTGTTTTGTGTGATTCT,12,695207
cpxRp2,0.75,19,11,ATTTTGATTGTTCCCGTAAG,8,665232
cpxRp2,1.3333333333333333,26,11,ATTTTCGTGATAACGGCGGT,15,653586
cpxRp2,0.3333333333333333,14,11,ATTTGGCAGGGGGCTGGTCT,3,687066
cpxRp2,0.6666666666666666,18,11,ATTTGCGCTGAGAGCCGTCT,7,709868
cpxRp2,0.4166666666666667,15,11,ATTTGAGGGGCTTTCGTGAA,4,701583
cpxRp2,0.25,13,11,ATTTCCCTGAAGGGCGAGCT,2,693002
cpxRp2,0.6666666666666666,18,11,ATTGGCTGCCTAGGTAGGTT,7,684254
cpxRp2,0.4166666666666667,15,11,ATTGCAGCATACAATGGAAC,4,647019
cpxRp2,4.083333333333333,59,11,ATTCCTTGCATATTGCAGCG,48,663591
cpxRp2,0.16666666666666666,12,11,ATTCATAGGGGGCGTAGCCT,1,639085
cpxRp2,1.4166666666666667,27,11,ATTCACCACGTTCTCCAGAT,16,629804
cpxRp2,1.6666666666666667,30,11,ATTAGTCGGACGTACTAAAA,19,675313
cpxRp2,1.8333333333333333,32,11,ATGTAAGCGAACGACTCGAC,21,675352
cpxRp2,0.3333333333333333,14,11,ATGGTCATTATGGACTGGCG,3,699185
cpxRp2,0.5,16,11,ATGGGGGGCGCATCCAAAGT,5,668110
cpxRp2,0.6666666666666666,18,11,ATGGGACCCTTCTTTATATA,7,657975
cpxRp2,2.9166666666666665,45,11,ATGGAGATATGACATTCGCG,34,642140
cpxRp2,0.25,13,11,ATGCTGACACATTAGCAATT,2,672584
cpxRp2,0.75,19,11,ATGCCAGGATCGGCCCATCT,8,654148
cpxRp2,0.3333333333333333,14,11,ATGCCAGCCATTAGGAAGTC,3,678908
cpxRp2,1.25,25,11,ATGCAGATTGGAAACCTTGT,14,708370
cpxRp2,1.6666666666666667,30,11,ATGCACCGGCCGGCACGGGA,19,666810
cpxRp2,0.75,19,11,ATGAGACGCGTTTCTTGAGT,8,657289
cpxRp2,1.6666666666666667,30,11,ATCTCTGGAAGCAAACTTTT,19,649370
cpxRp2,1.3333333333333333,26,11,ATCTCGGCACTCGCACGGCT,15,703346
cpxRp2,0.5,16,11,ATCTATTGAGGCACTCTTAA,5,653764
cpxRp2,0.5,16,11,ATCGATTGATGCCCGTTCCC,5,657102
cpxRp2,1.0,22,11,ATCGAGCGCCCTGGGCACAA,11,631641
cpxRp2,0.75,19,11,ATCCTCTGCATTTTATGAAG,8,642692
cpxRp2,0.25,13,11,ATCCACCTAGATTTCGTGCG,2,700978
cpxRp2,0.3333333333333333,14,11,ATCATGACTGTAGAGCGTAG,3,630698
cpxRp2,0.4166666666666667,15,11,ATCATCTCGCAGGCTACGCT,4,676916
cpxRp2,0.5833333333333334,17,11,ATCACTCCTCCCCATTATGA,6,673737
cpxRp2,0.5833333333333334,17,11,ATCACGTATGAGGCAAAGGC,6,640719
cpxRp2,0.5,16,11,ATATACTTCTCTCCCAACAT,5,668054
cpxRp2,1.0833333333333333,23,11,ATAGTTAGCTTCTAGAGGGT,12,692655
cpxRp2,0.5833333333333334,17,11,ATAGGTTTTCCCAATCCCTG,6,633080
cpxRp2,0.8333333333333334,20,11,ATAGGAGGTACGCTGCAGCA,9,651946
cpxRp2,0.6666666666666666,18,11,ATACTCCATCGTAACGAGGT,7,694508
cpxRp2,0.3333333333333333,14,11,ATACCTAACACTTACGAGTA,3,691527
cpxRp2,1.0,22,11,ATACAAGGCAACATGTTCTC,11,640986
cpxRp2,0.75,19,11,ATAATGTGATTCGGCCTTTT,8,649677
cpxRp2,0.16666666666666666,12,11,ATAAGGAAAATTCGGTTAAG,1,651057
cpxRp2,0.5833333333333334,17,11,ATAACCAAGCATTAACACAG,6,700717
cpxRp2,0.8333333333333334,20,11,ATAACAGCCGGTACCATACA,9,640585
cpxRp2,0.5833333333333334,17,11,AGTTGCTCAGCGCCGCCATA,6,634498
cpxRp2,0.16666666666666666,12,11,AGTGTCCTGCCTCCACTTTA,1,679328
cpxRp2,0.3333333333333333,14,11,AGTGGGCTGAGTAGTCGGGG,3,638650
cpxRp2,0.16666666666666666,12,11,AGTGGCATGTCTAACAGTCT,1,643187
cpxRp2,0.5,16,11,AGTGCAGCAGGTACCAAAAA,5,670266
cpxRp2,0.8333333333333334,20,11,AGTGAGATATCTGGTTCTGA,9,689264
cpxRp2,0.16666666666666666,12,11,AGTCTTATTTGTCTACGGAG,1,652655
cpxRp2,1.5,28,11,AGTCGCGGCTACGATCTCCC,17,704320
cpxRp2,2.25,37,11,AGTCCCTGACGTCGTCCTCA,26,674411
cpxRp2,0.9166666666666666,21,11,AGTATTAAATGAGCCATCCT,10,699786
cpxRp2,0.25,13,11,AGTAGATTATCCAAACTCAG,2,667602
cpxRp2,3.25,49,11,AGGTTTCTCCATCTCGTAAA,38,684198
cpxRp2,0.3333333333333333,14,11,AGGTGAGAGAACTGTCTCGC,3,654037
cpxRp2,1.4166666666666667,27,11,AGGGATCCTATCTCCACTCT,16,700434
cpxRp2,1.0833333333333333,23,11,AGGCGCGCAACGGACCTGTC,12,633971
cpxRp2,2.5,40,11,AGGCGATGCGGACTTGCACT,29,694050
cpxRp2,1.6666666666666667,30,11,AGGATGTTTGGCGACGATAA,19,660995
cpxRp2,1.0,22,11,AGGAGTGTGGGTATTGTTCA,11,707184
cpxRp2,1.0833333333333333,23,11,AGGAGGAATGGGAGCTAATG,12,649233
cpxRp2,0.3333333333333333,14,11,AGGACTTTAACGTATGTAGC,3,667481
cpxRp2,0.8333333333333334,20,11,AGGACTAAGTTCGAGCCCAT,9,698087
cpxRp2,0.16666666666666666,12,11,AGGACAGTTAGAGCACACTA,1,700545
cpxRp2,1.9166666666666667,33,11,AGGACACTTAAGATAATCGA,22,633349
cpxRp2,1.3333333333333333,26,11,AGCTTCGCTAGAGTGAGAAA,15,672282
cpxRp2,0.5,16,11,AGCTGATATGTCGGGTTTTC,5,669356
cpxRp2,0.3333333333333333,14,11,AGCTGACTCAGACCGCATCA,3,674549
cpxRp2,0.16666666666666666,12,11,AGCGTGTAGGACTAGGAACT,1,653196
cpxRp2,0.16666666666666666,12,11,AGCGCTTGTGCGCCGTCACC,1,670736
cpxRp2,0.5,16,11,AGCGCTGAGAGGGGATGGGT,5,681949
cpxRp2,1.0833333333333333,23,11,AGCGCGTTACGCAGTAGCGT,12,680923
cpxRp2,0.6666666666666666,18,11,AGCGATTCAGAGCCCTTGAG,7,685195
cpxRp2,1.4166666666666667,27,11,AGCCGTGAGGGTAACTGACT,16,668461
cpxRp2,0.4166666666666667,15,11,AGCCGGATGAATCTATACAC,4,634043
cpxRp2,0.6666666666666666,18,11,AGCCGATCTCGCATACTGGC,7,640363
cpxRp2,0.8333333333333334,20,11,AGCCCCGTGAGCTATGTATG,9,679230
cpxRp2,0.25,13,11,AGCCCAGGGGCTAATCAGTG,2,677534
cpxRp2,0.25,13,11,AGCAAGGAGTACATCCTGTT,2,671353
cpxRp2,4.666666666666667,66,11,AGATGTCCAGAAGCGAGCAG,55,707280
cpxRp2,0.75,19,11,AGATGGCCTGGAACCTTACG,8,670782
cpxRp2,1.0833333333333333,23,11,AGATCTAGCTTGCGCAAATC,12,653592
cpxRp2,1.5833333333333333,29,11,AGAGTCATGGCCAATAGGAC,18,702750
cpxRp2,0.4166666666666667,15,11,AGAGCCGTGAACCTACCTTC,4,646034
cpxRp2,1.0833333333333333,23,11,AGAGCCCGGCGTATACCCAA,12,653190
cpxRp2,0.3333333333333333,14,11,AGAGCAGATTTTTGACATCT,3,636418
cpxRp2,0.16666666666666666,12,11,AGAGAACCATACGTTTCCCG,1,709272
cpxRp2,0.3333333333333333,14,11,AGACTTAACCTCCATTAGTG,3,630489
cpxRp2,0.16666666666666666,12,11,AGACGGTTTGATACGCACTG,1,655643
cpxRp2,0.75,19,11,AGACATAAACGTCTCGTGTT,8,657006
cpxRp2,0.8333333333333334,20,11,AGACAGACTCACTCTCCCAT,9,683180
cpxRp2,0.5,16,11,AGACACGTGTTCCTCGAGCA,5,694813
cpxRp2,1.0833333333333333,23,11,AGAAGAGCATCAGTCTCGCG,12,632099
cpxRp2,0.16666666666666666,12,11,AGAACGGCGCAGTAATTGCT,1,658055
cpxRp2,0.16666666666666666,12,11,ACTTCCTCAGCCCGCTCGAA,1,705604
cpxRp2,0.9166666666666666,21,11,ACTTCACCCAAAGGTAGGGT,10,659791
cpxRp2,0.25,13,11,ACTGTGGATCCTTTTCAGAC,2,700028
cpxRp2,1.3333333333333333,26,11,ACTGTCTATTCCGTCTTTCT,15,707497
cpxRp2,0.3333333333333333,14,11,ACTGTAGTTCATGGCAAGTT,3,695250
cpxRp2,1.4166666666666667,27,11,ACTAGGTGGATACTCGCAGT,16,670055
cpxRp2,0.4166666666666667,15,11,ACTACCTTAGTCCCTTACCC,4,681733
cpxRp2,1.1666666666666667,24,11,ACTAACCTGGATACGAGGGC,13,661212
cpxRp2,0.3333333333333333,14,11,ACGTCTACAGTTGGCGCGAT,3,678422
cpxRp2,0.25,13,11,ACGGTCTAGCAACAATTGGA,2,630510
cpxRp2,0.16666666666666666,12,11,ACGGCAATGTACTCCCTTAC,1,639059
cpxRp2,0.16666666666666666,12,11,ACGCCATTGAGAAACTCGAC,1,668888
cpxRp2,0.16666666666666666,12,11,ACGACAGCAATACGGGCGCG,1,689877
cpxRp2,0.6666666666666666,18,11,ACCTTTATGGGGTTTTCTTA,7,686291
cpxRp2,1.0833333333333333,23,11,ACCTGTAAACGTCGGCTCGC,12,665652
cpxRp2,0.9166666666666666,21,11,ACCTGGTTGATACATCTTTA,10,634364
cpxRp2,0.4166666666666667,15,11,ACCTGCCCAGTCAGTGTGCC,4,655191
cpxRp2,0.16666666666666666,12,11,ACCTGCCACCTGCATCATAC,1,650112
cpxRp2,1.3333333333333333,26,11,ACCTCACTAATTGCCGGACC,15,672777
cpxRp2,1.0833333333333333,23,11,ACCTAGGGCTTCGCCGGGTA,12,643291
cpxRp2,2.0,34,11,ACCGGTCCAGCGACTATGAT,23,640295
cpxRp2,0.4166666666666667,15,11,ACCGCACCACGGTTAATTGT,4,654008
cpxRp2,0.6666666666666666,18,11,ACCGAAATCAAGAGGCAGGA,7,669397
cpxRp2,0.25,13,11,ACCCGTCGGATCCCTTCAAG,2,662428
cpxRp2,0.16666666666666666,12,11,ACCCGGGTAATTGCTATATA,1,633628
cpxRp2,0.8333333333333334,20,11,ACCCCTCCACGCGCAGCGTT,9,672365
cpxRp2,2.0,34,11,ACCCCGTAGTAGCTGCTTAT,23,708971
cpxRp2,1.9166666666666667,33,11,ACCATAATGAATGTGCCAAA,22,700679
cpxRp2,0.16666666666666666,12,11,ACCAGGGTAGAACAGTTTGC,1,702043
cpxRp2,1.5,28,11,ACCAGGGCAACGTGGATGTC,17,698696
cpxRp2,2.4166666666666665,39,11,ACATTGTAGAGCCCGCTAAG,28,678948
cpxRp2,1.4166666666666667,27,11,ACATTGCTAGTACGGTGCTC,16,660571
cpxRp2,0.16666666666666666,12,11,ACATCTGATGGATTGGAGAG,1,707316
cpxRp2,0.25,13,11,ACATACGGTTCTAGCCGTCC,2,697233
cpxRp2,0.5833333333333334,17,11,ACACGCTGTCATGCGCCGGA,6,671025
cpxRp2,1.3333333333333333,26,11,ACACCTTTCGTGATGGGCCT,15,696506
cpxRp2,0.16666666666666666,12,11,ACACCAGGCCCCATGAATAT,1,667380
cpxRp2,0.8333333333333334,20,11,ACACCAGCCAACCAAGAAGC,9,699966
cpxRp2,0.3333333333333333,14,11,ACAATCCCTCGAGCGTGTGT,3,674300
cpxRp2,0.5833333333333334,17,11,ACAATACGAATCTGAGGGCG,6,640691
cpxRp2,0.4166666666666667,15,11,ACAAGGCGTCAGGAACACCA,4,704223
cpxRp2,0.5,16,11,ACAACACGTCAAAACTTATG,5,630573
cpxRp2,0.6666666666666666,18,11,AATTGTCCCCCGATGGTTTT,7,695394
cpxRp2,0.16666666666666666,12,11,AATTGAGCTTCAAGCGGGAC,1,699559
cpxRp2,1.5833333333333333,29,11,AATTCCTTATATCACGTTGG,18,656967
cpxRp2,0.3333333333333333,14,11,AATTAAGGTCAAGCCGGTGT,3,683662
cpxRp2,2.0833333333333335,35,11,AATGTACTCGTGATCTCCGA,24,639401
cpxRp2,0.75,19,11,AATGGGAGTAAATGGCCGGG,8,657752
cpxRp2,0.6666666666666666,18,11,AATGCCATGTTACTGCTGGT,7,653974
cpxRp2,0.9166666666666666,21,11,AATGCCAGGTGGGTCGGATT,10,666809
cpxRp2,0.5,16,11,AATCGGCCATGACGCTCAGG,5,679151
cpxRp2,0.25,13,11,AATCGGAGAGTTTGTATGTT,2,702426
cpxRp2,1.0,22,11,AATAGGCACATGTATTCACA,11,633444
cpxRp2,0.3333333333333333,14,11,AATACGCCATCACCAGGGAT,3,699934
cpxRp2,0.3333333333333333,14,11,AATACGCAATGGCTACTCAC,3,645996
cpxRp2,0.8333333333333334,20,11,AATAACAATTCTGTTAGCGG,9,654914
cpxRp2,0.25,13,11,AAGTGGCCTGTTCGCGTCCC,2,690274
cpxRp2,1.5,28,11,AAGTAATACTTATAAGAAAG,17,635922
cpxRp2,0.8333333333333334,20,11,AAGGGTGCCGGACTTACTGT,9,702147
cpxRp2,0.8333333333333334,20,11,AAGGGATATCGGTGCGCGCA,9,664511
cpxRp2,0.9166666666666666,21,11,AAGGCGAGCCGTTTGCTAAA,10,697423
cpxRp2,1.6666666666666667,30,11,AAGGATAGGTAAGTTAACGC,19,692052
cpxRp2,1.25,25,11,AAGCCTAGCGCCACAATGAC,14,640515
cpxRp2,2.6666666666666665,42,11,AAGCCGGAGAGTGGAGTAAA,31,676145
cpxRp2,1.1666666666666667,24,11,AAGCATCCCTTCGTGCCACG,13,648721
cpxRp2,1.5833333333333333,29,11,AAGAATTGAATCGATAATGC,18,677092
cpxRp2,1.5833333333333333,29,11,AACTGATCATAAATCTGGTC,18,671190
cpxRp2,0.3333333333333333,14,11,AACTAGGAAGGCACTAATCG,3,651618
cpxRp2,0.6666666666666666,18,11,AACATGGCAGCTAGGGTCCG,7,669359
cpxRp2,0.8333333333333334,20,11,AACAGGGCGTTATGGTGGTG,9,660208
cpxRp2,0.5833333333333334,17,11,AACAGACTTGACACAAAATC,6,698409
cpxRp2,0.16666666666666666,12,11,AACACGGTACGAGGCCCATC,1,649027
cpxRp2,0.4166666666666667,15,11,AACAACCGCAACGCCGAACT,4,634624
cpxRp2,1.25,25,11,AAAGGCTTGGTGTAAGATTC,14,678870
cpxRp2,0.4166666666666667,15,11,AAAGCTTAGCGATACTTAAG,4,635930
cpxRp2,0.16666666666666666,12,11,AAAGACATCGTGCGTGAATT,1,672020
cpxRp2,0.3333333333333333,14,11,AAACGATGATCAAATATACC,3,633698
cpxRp2,0.16666666666666666,12,11,AAAAGGTTACGGTGAGCGGA,1,676695
cpxRp2,1.4166666666666667,27,11,AAAACATGCTTCTTATTGGT,16,710538
cpxRp2,1.25,25,11,AAAAATGGTTTGCGCCGTCC,14,660184
cpxRp2,3.0,42,10,TTTTGTACCCTGGCCAGCTT,32,682253
cpxRp2,0.36363636363636365,13,10,TTTGTTAACATTTGTAACAG,3,665764
cpxRp2,0.18181818181818182,11,10,TTTGTCGATAGTGTATGTGA,1,645741
cpxRp2,1.1818181818181819,22,10,TTTGAGGAATCGCCGGAACA,12,673990
cpxRp2,0.18181818181818182,11,10,TTTCTTGGTGGAACGAAGTC,1,682839
cpxRp2,0.5454545454545454,15,10,TTTCTACTAGGTAGTATGGG,5,641890
cpxRp2,0.6363636363636364,16,10,TTTCCGGGAACCTCAGGGTT,6,697700
cpxRp2,0.2727272727272727,12,10,TTTAGGGTCCACCGGCAGCT,2,637026
cpxRp2,0.6363636363636364,16,10,TTTAGCTTAAACTGAGAGGG,6,650345
cpxRp2,0.6363636363636364,16,10,TTTACTAGGCCACGATCGAT,6,698294
cpxRp2,1.2727272727272727,23,10,TTGTCATCTGTTCCGGCTGT,13,657881
cpxRp2,0.9090909090909091,19,10,TTGTAACTCTGAATCAGAAA,9,679512
cpxRp2,0.18181818181818182,11,10,TTGGTCGATGCTAGGGTGAG,1,676269
cpxRp2,1.6363636363636365,27,10,TTGGGCGGTGGTAATCAGGT,17,652496
cpxRp2,0.2727272727272727,12,10,TTGCCTTGAACCGACTAAAC,2,635299
cpxRp2,0.18181818181818182,11,10,TTGCCCGGGCGTTCCCTATT,1,695176
cpxRp2,1.1818181818181819,22,10,TTGAGGAATGTGCTGTATCA,12,679679
cpxRp2,0.36363636363636365,13,10,TTGACTAAGTCACTGGGAGT,3,652955
cpxRp2,0.2727272727272727,12,10,TTCTTCGAAACCCACCGTCC,2,645233
cpxRp2,0.2727272727272727,12,10,TTCGTCTATGATGAAACGAA,2,632574
cpxRp2,0.7272727272727273,17,10,TTCGGCTTGATGTCAACGTG,7,685298
cpxRp2,0.7272727272727273,17,10,TTCGGAGGGGGCACGCCCGC,7,630185
cpxRp2,0.5454545454545454,15,10,TTCGAGAATGACGACGTATT,5,653936
cpxRp2,0.5454545454545454,15,10,TTCCGTCATGACCCTACAAA,5,642260
cpxRp2,0.45454545454545453,14,10,TTCCGGGGCCATAGAGAACT,4,671577
cpxRp2,0.9090909090909091,19,10,TTCCGGCACAGACTACACAT,9,631403
cpxRp2,1.2727272727272727,23,10,TTCCAGGGGCACGGGCACTG,13,630296
cpxRp2,0.9090909090909091,19,10,TTCATGAATGACATGAGACC,9,709812
cpxRp2,0.5454545454545454,15,10,TTATTGGGAGAGTCTTAGCC,5,664506
cpxRp2,1.0,20,10,TTATTCGCTCCTATAAGGAT,10,705216
cpxRp2,1.4545454545454546,25,10,TTATGAGTGCTTACAATGAC,15,658783
cpxRp2,0.45454545454545453,14,10,TTAGTGAAGCCTATTGGCGA,4,641893
cpxRp2,0.18181818181818182,11,10,TTAGGCTGCATAGCCGTTAG,1,706963
cpxRp2,1.2727272727272727,23,10,TTAGGAGAAACAGAATAACT,13,639038
cpxRp2,0.36363636363636365,13,10,TTAGGAATCGCGTCAAGCTA,3,704885
cpxRp2,0.2727272727272727,12,10,TTAGATATCCATTGTCGGAT,2,665353
cpxRp2,0.2727272727272727,12,10,TTACTTTCGAGGGTTTAGGG,2,673170
cpxRp2,0.36363636363636365,13,10,TTACGCCAAGCACACGAGGT,3,682955
cpxRp2,1.0,20,10,TTACATAGGTTCTGTGCACA,10,702997
cpxRp2,0.36363636363636365,13,10,TTAATTCGAGAGCAGGGTGA,3,709016
cpxRp2,1.8181818181818181,29,10,TTAAGTCGTAAGACCGACAC,19,703370
cpxRp2,0.9090909090909091,19,10,TTAACCATAATCTGAGGAGA,9,641037
cpxRp2,0.6363636363636364,16,10,TTAAATTACTGCTAGACCAA,6,694273
cpxRp2,0.9090909090909091,19,10,TTAAATACCGTAGCTACATC,9,702515
cpxRp2,0.9090909090909091,19,10,TGTTTTTCAGGATACCTTCA,9,696719
cpxRp2,1.1818181818181819,22,10,TGTTGAAGAAACGCGCCCCT,12,651627
cpxRp2,0.9090909090909091,19,10,TGTTCTCTCGAGAAAAACTT,9,698623
cpxRp2,1.0909090909090908,21,10,TGTTCAGCGGACAAGTTAGT,11,667817
cpxRp2,0.8181818181818182,18,10,TGTGGGTGTCAATCTCGGCG,8,696428
cpxRp2,0.36363636363636365,13,10,TGTGGCCTTCCAACATCCTA,3,699057
cpxRp2,1.0,20,10,TGTGCGTCGTTCATTGGCGA,10,680370
cpxRp2,0.36363636363636365,13,10,TGTGACGCCAAAATCCGGAC,3,640638
cpxRp2,0.6363636363636364,16,10,TGTCTATGGTGTCCCTATGG,6,675815
cpxRp2,1.5454545454545454,26,10,TGTCGGCCCGTCCCGGCAGA,16,650438
cpxRp2,0.18181818181818182,11,10,TGTCCCACTGGAGGCGATGT,1,700890
cpxRp2,0.7272727272727273,17,10,TGTATTCAGATGGATCCCTC,7,638810
cpxRp2,0.7272727272727273,17,10,TGTATGTTTTCGATTGCTTC,7,694474
cpxRp2,0.5454545454545454,15,10,TGTACGCCGACTGTATCTCC,5,682962
cpxRp2,0.7272727272727273,17,10,TGTAACGTTAGACCACCTTA,7,659680
cpxRp2,4.0,53,10,TGGTTCGATCCAGCGGACTC,43,651493
cpxRp2,0.8181818181818182,18,10,TGGTTAAGGGCGATTCCCGT,8,689188
cpxRp2,0.45454545454545453,14,10,TGGTGGTTGGAAAGTGAGGT,4,685076
cpxRp2,0.7272727272727273,17,10,TGGTACGATACAAAGAATGA,7,691898
cpxRp2,1.8181818181818181,29,10,TGGGTTCGAGCCGCATTCTA,19,693104
cpxRp2,0.9090909090909091,19,10,TGGGTCCTATTAGGGAAACA,9,666413
cpxRp2,1.0,20,10,TGGGGTATGGGAAGGGGTGA,10,652318
cpxRp2,0.36363636363636365,13,10,TGGGGGGCAGCTTGATTAAT,3,673553
cpxRp2,0.8181818181818182,18,10,TGGGGCGACACTATTCCGAA,8,635399
cpxRp2,0.5454545454545454,15,10,TGGGACCTGTCAGTTAGCAA,5,644860
cpxRp2,1.0909090909090908,21,10,TGGCTTGTGACGCCTTGTTG,11,641689
cpxRp2,0.6363636363636364,16,10,TGGATTGCCTGTTGCCATCT,6,638888
cpxRp2,0.5454545454545454,15,10,TGGATAAAATGTGAGGTATG,5,656400
cpxRp2,0.5454545454545454,15,10,TGGAGTGTACCGAACTTTGT,5,680073
cpxRp2,0.5454545454545454,15,10,TGGAGGGTTCACGGTGCACT,5,635686
cpxRp2,1.6363636363636365,27,10,TGGACGCATGTAACCCTAAG,17,630767
cpxRp2,0.7272727272727273,17,10,TGGACCGGGGTCACTTGCCT,7,631945
cpxRp2,0.8181818181818182,18,10,TGGAAGGGCGGGCAAACGTT,8,645975
cpxRp2,0.2727272727272727,12,10,TGGAACGGAGCACGCTGGGG,2,641186
cpxRp2,0.18181818181818182,11,10,TGCTAAGTGCAAGCTAAGTG,1,667694
cpxRp2,0.36363636363636365,13,10,TGCGAAGGTTAGGGAGCTCA,3,669901
cpxRp2,1.0,20,10,TGCCTCACTTTCCCGCGCAG,10,634522
cpxRp2,0.5454545454545454,15,10,TGCATAGATTCGGTATGTTG,5,676117
cpxRp2,0.2727272727272727,12,10,TGCAAGCTCTACCCCCGTCC,2,691543
cpxRp2,3.4545454545454546,47,10,TGATGGTTTGCGAACGAGGG,37,682878
cpxRp2,0.8181818181818182,18,10,TGATCTGACCTCGGAGCGGG,8,667233
cpxRp2,2.4545454545454546,36,10,TGAGTATCCCGGTGCTCTCT,26,682501
cpxRp2,0.36363636363636365,13,10,TGAGGTCATGTGTACTGAAT,3,688796
cpxRp2,0.9090909090909091,19,10,TGAGCCAGTTACACACGTTA,9,634623
cpxRp2,1.7272727272727273,28,10,TGAGAGCTATCGGTGTTAAG,18,710068
cpxRp2,0.45454545454545453,14,10,TGACGGAGCCATGCCTGAAA,4,659084
cpxRp2,2.909090909090909,41,10,TGACGCTCTAGTGTCTGTTC,31,660425
cpxRp2,1.0909090909090908,21,10,TGAATCAGGAGCTGTCTGGT,11,653811
cpxRp2,0.2727272727272727,12,10,TCTTTTTTCCTATATTTTTC,2,686118
cpxRp2,1.5454545454545454,26,10,TCTGTGGTTCCCGCGTTCGA,16,644894
cpxRp2,1.1818181818181819,22,10,TCTGGTAGTTGGACTGTTGG,12,637781
cpxRp2,3.4545454545454546,47,10,TCTGGCTACACACGTAAAAC,37,653892
cpxRp2,2.090909090909091,32,10,TCTGCGCGTGCACGCCATAT,22,634512
cpxRp2,1.2727272727272727,23,10,TCTCCGTGAAATGTTTGGGA,13,698594
cpxRp2,1.2727272727272727,23,10,TCTAGGCGTGCTCCAGCCAT,13,670046
cpxRp2,0.6363636363636364,16,10,TCGTTAATCTATCAGCAGTG,6,680806
cpxRp2,1.1818181818181819,22,10,TCGTGAGCAACACGTATTAA,12,674516
cpxRp2,1.0909090909090908,21,10,TCGTCAACTTCAAAGCTTTA,11,670105
cpxRp2,0.6363636363636364,16,10,TCGTATCGTACCCGAATATA,6,648142
cpxRp2,1.2727272727272727,23,10,TCGGTCCGCAGGACTGGCCG,13,648946
cpxRp2,0.36363636363636365,13,10,TCGGGAATATTGGAGCCTGA,3,709082
cpxRp2,0.2727272727272727,12,10,TCGGCCGGCAACCCAGTCCG,2,710988
cpxRp2,0.18181818181818182,11,10,TCGGATAGCTAAAGATGCTT,1,675255
cpxRp2,1.0,20,10,TCGCGAGCGTGCAGAGCTTT,10,630090
cpxRp2,0.5454545454545454,15,10,TCGCCCTCATATGGGAATAC,5,712199
cpxRp2,1.0,20,10,TCGAGGCTTTTCCGGTTTAT,10,679426
cpxRp2,0.7272727272727273,17,10,TCGAGCCTTAGCAGTATGCT,7,688294
cpxRp2,0.6363636363636364,16,10,TCCTGTCTTCGCACACAGCT,6,654905
cpxRp2,0.7272727272727273,17,10,TCCGTTCACTAAGGCTCAAA,7,676769
cpxRp2,0.9090909090909091,19,10,TCCGGTTACGCAATCAACGC,9,659907
cpxRp2,1.0909090909090908,21,10,TCCCCTGCGTAGACGATTTT,11,708211
cpxRp2,1.0,20,10,TCCCCGGTTCCTGGGTGAAA,10,641704
cpxRp2,0.2727272727272727,12,10,TCCCCCCCTTGGCAAAATTA,2,703875
cpxRp2,0.6363636363636364,16,10,TCCCATACGGTCTTCAGGGA,6,642112
cpxRp2,1.7272727272727273,28,10,TCCCAGATGAGACAGAAACT,18,630322
cpxRp2,1.8181818181818181,29,10,TCCCACGAGTGGTCGAAGGT,19,674863
cpxRp2,0.9090909090909091,19,10,TCCATGTGAACTGTAGTCAG,9,691914
cpxRp2,0.8181818181818182,18,10,TCCAACGAAGACAACGTGGT,8,664416
cpxRp2,0.45454545454545453,14,10,TCATTCCTATTTCTGTGTTC,4,650041
cpxRp2,0.7272727272727273,17,10,TCATCTTGATATGAAGATCA,7,645272
cpxRp2,0.5454545454545454,15,10,TCATCGGCCCAGGTCGTAGG,5,711535
cpxRp2,0.45454545454545453,14,10,TCAGGACATCACGCTTAATC,4,689263
cpxRp2,0.7272727272727273,17,10,TCACTACACGTCAAGGTGGT,7,659065
cpxRp2,1.0909090909090908,21,10,TCACGCGTGGCTGCACCATG,11,631012
cpxRp2,0.9090909090909091,19,10,TCACATAGATCTAGATTTTA,9,675640
cpxRp2,0.18181818181818182,11,10,TCAATTCGTTTTGTTCTTGC,1,674711
cpxRp2,2.090909090909091,32,10,TCAATCCACAAGATTCAGGA,22,666821
cpxRp2,1.0,20,10,TCAACGTGCTCGGCTTGTTT,10,701728
cpxRp2,0.36363636363636365,13,10,TATTTTCCTTCCTTGCTAGA,3,678613
cpxRp2,0.8181818181818182,18,10,TATTCGAGTGGGAAGGTCCA,8,646317
cpxRp2,0.9090909090909091,19,10,TATTAGACAACGATGAGCAT,9,648658
cpxRp2,0.18181818181818182,11,10,TATTAAGAAAGATTCCCGCT,1,702839
cpxRp2,0.2727272727272727,12,10,TATGGCGCAGAACATACGGG,2,688211
cpxRp2,0.2727272727272727,12,10,TATGCTGTCGATTGATCCTC,2,698434
cpxRp2,1.0909090909090908,21,10,TATGCGCTACATCCGGGATG,11,632454
cpxRp2,0.5454545454545454,15,10,TATCTAAGTGCCGCGCTTAA,5,633659
cpxRp2,1.6363636363636365,27,10,TATCCAGAGCGGCACGGGGG,17,667857
cpxRp2,0.5454545454545454,15,10,TATCCAACTGGCCTTCCAGG,5,651154
cpxRp2,0.18181818181818182,11,10,TATACTAAGTAACAAATCAT,1,684538
cpxRp2,0.9090909090909091,19,10,TATAATCCTTATTCACGGAA,9,667838
cpxRp2,0.36363636363636365,13,10,TAGTGAGATTTAGTACCCTT,3,669744
cpxRp2,6.363636363636363,79,10,TAGGGGGAATGTCCAGGACT,69,704687
cpxRp2,0.2727272727272727,12,10,TAGGGCAGAGATTTAGCCGT,2,692084
cpxRp2,1.4545454545454546,25,10,TAGGAGATGCTGGATAATCT,15,697769
cpxRp2,1.0909090909090908,21,10,TAGCTAACAATGGAGCTAAT,11,649749
cpxRp2,1.4545454545454546,25,10,TAGATAGGTAAAAAAATGGC,15,673817
cpxRp2,0.18181818181818182,11,10,TAGAGTGGCGACTACTTGCC,1,677664
cpxRp2,0.6363636363636364,16,10,TAGAGGAGGACTCGTTACCT,6,681838
cpxRp2,0.18181818181818182,11,10,TAGAATCATCCTTTGGTCCA,1,693090
cpxRp2,0.36363636363636365,13,10,TAGAAGCGAAAAATTTATTC,3,646081
cpxRp2,0.5454545454545454,15,10,TAGAAAACCGGTGCGGAGCC,5,701509
cpxRp2,0.18181818181818182,11,10,TACTGCCGCGAACATGCGGC,1,666709
cpxRp2,0.7272727272727273,17,10,TACTCATTGCCGCGATCCTA,7,640461
cpxRp2,0.18181818181818182,11,10,TACTATCACATAGCATATAC,1,664175
cpxRp2,0.9090909090909091,19,10,TACTAGATTGGCCATGAGAT,9,710982
cpxRp2,1.5454545454545454,26,10,TACGTGGCTTGTGCGAAACC,16,682644
cpxRp2,0.8181818181818182,18,10,TACGTAGATTGCCACTGTCG,8,670934
cpxRp2,0.36363636363636365,13,10,TACGGAGTTAACTTGTCAAG,3,652186
cpxRp2,0.7272727272727273,17,10,TACCTGTCTTATAACGCGGG,7,630446
cpxRp2,0.5454545454545454,15,10,TACCGGTGGACGACCCGTTT,5,643032
cpxRp2,0.2727272727272727,12,10,TACCCTGATCAGGTCAATTA,2,667980
cpxRp2,0.7272727272727273,17,10,TACCCCAGGCTGGGGTATAG,7,637097
cpxRp2,0.36363636363636365,13,10,TACCCACGATCATACGGTCG,3,638300
cpxRp2,1.1818181818181819,22,10,TACATTGATAGAGGGTATTT,12,660661
cpxRp2,0.2727272727272727,12,10,TACATATAGACGTTCCAAAT,2,692419
cpxRp2,0.45454545454545453,14,10,TACAGTCTCATTATTGGCGA,4,694745
cpxRp2,0.9090909090909091,19,10,TACAGACATACAACGCATCG,9,639314
cpxRp2,1.2727272727272727,23,10,TACACTTGAAGATAGTCGAT,13,670098
cpxRp2,0.8181818181818182,18,10,TAATTAAAGCCCAGAGTGAG,8,692761
cpxRp2,0.5454545454545454,15,10,TAATGGTACGAAAAACGCTT,5,707957
cpxRp2,0.18181818181818182,11,10,TAATGGCCACTGCCCATACG,1,679575
cpxRp2,3.0,42,10,TAATGGCCAATCCGATTACA,32,662733
cpxRp2,1.2727272727272727,23,10,TAAGCTAAGTCCCAGGTCAC,13,679472
cpxRp2,0.45454545454545453,14,10,TAACTCGTTACTACGAATAG,4,665840
cpxRp2,1.0909090909090908,21,10,TAACGCAATGCAAGGGCTGC,11,638439
cpxRp2,0.9090909090909091,19,10,TAAACGTCGAAGGGCGGATA,9,688166
cpxRp2,0.6363636363636364,16,10,TAAACATTAAGAACGGTACA,6,683177
cpxRp2,0.7272727272727273,17,10,GTTTGTGGTCTGAAGTTAAA,7,651748
cpxRp2,1.0909090909090908,21,10,GTTTGCTAGCAAACCTATCG,11,706511
cpxRp2,0.2727272727272727,12,10,GTTTATCCTGGCTTTGTTAC,2,712119
cpxRp2,0.7272727272727273,17,10,GTTGTCTGCACTATTAATAA,7,642023
cpxRp2,0.45454545454545453,14,10,GTTGTCAACATCCGAAGGAA,4,661569
cpxRp2,0.6363636363636364,16,10,GTTGCGTTACTGGCTAGCGG,6,635574
cpxRp2,0.8181818181818182,18,10,GTTGACGATAAGGCCTACGG,8,707081
cpxRp2,2.3636363636363638,35,10,GTTCTTCTGTCATAATATTG,25,697009
cpxRp2,0.18181818181818182,11,10,GTTCGGACTTAGTTACAACA,1,641515
cpxRp2,0.9090909090909091,19,10,GTTCCGGGGGGTAGCACCTC,9,640480
cpxRp2,0.45454545454545453,14,10,GTTCCATTTCGGACGGATCA,4,680626
cpxRp2,1.2727272727272727,23,10,GTTCATGCAGTTCCCGGACT,13,661880
cpxRp2,2.3636363636363638,35,10,GTTAGCATGTCTTATAACCT,25,650705
cpxRp2,0.18181818181818182,11,10,GTTAGAGGTCGAAACTTTGT,1,685674
cpxRp2,1.4545454545454546,25,10,GTTACTATTTGCCGGCCTAG,15,638166
cpxRp2,0.2727272727272727,12,10,GTTACACACGGAGGAGTACT,2,696587
cpxRp2,0.8181818181818182,18,10,GTGTCGGGTGGACAAACCTC,8,665432
cpxRp2,0.2727272727272727,12,10,GTGTCGGGTAATCATGGGTT,2,645187
cpxRp2,1.0909090909090908,21,10,GTGTATGACAGAAAACCAGC,11,664581
cpxRp2,1.1818181818181819,22,10,GTGGGTGGGTCAGAACGTAT,12,635220
cpxRp2,0.5454545454545454,15,10,GTGGCCAATTTCACGTTGGC,5,670756
cpxRp2,0.45454545454545453,14,10,GTGGAATCCGGCGATTGTGT,4,660074
cpxRp2,11.636363636363637,137,10,GTGCTCAGATACGCTGAGGG,127,637167
cpxRp2,1.1818181818181819,22,10,GTGCGCTTCGGCCAAGCAAA,12,636373
cpxRp2,1.3636363636363635,24,10,GTGAGCACTATGTCACGGTG,14,686078
cpxRp2,1.1818181818181819,22,10,GTGAACTAATTGGCGGGCAA,12,704164
cpxRp2,0.6363636363636364,16,10,GTCTGTTATCTACAACACAG,6,678480
cpxRp2,1.1818181818181819,22,10,GTCTGAGCTCAGTGGGTTGA,12,659718
cpxRp2,0.5454545454545454,15,10,GTCTACATGGCCCGTTGCAC,5,643487
cpxRp2,0.18181818181818182,11,10,GTCGGTATTATGCACCGTAA,1,694576
cpxRp2,0.5454545454545454,15,10,GTCGGACCGGTATCGACGTC,5,682140
cpxRp2,0.7272727272727273,17,10,GTCGCAGCATCGGGCGGCTT,7,663233
cpxRp2,0.36363636363636365,13,10,GTCGAGTTAAAGGATTGCAC,3,689566
cpxRp2,1.2727272727272727,23,10,GTCGAGTCAACGAGTATTTC,13,640796
cpxRp2,0.2727272727272727,12,10,GTCCTGCCAGTCACAGCGAC,2,687572
cpxRp2,3.5454545454545454,48,10,GTCATGCTCCCGGTCCCGAC,38,684847
cpxRp2,1.0,20,10,GTCACGACTTCTCGCTCGAC,10,670793
cpxRp2,1.0,20,10,GTCACCTTAGTAGGTATGGA,10,652260
cpxRp2,0.9090909090909091,19,10,GTATCCCATTATCTATATCA,9,694048
cpxRp2,1.0,20,10,GTAGTTTCATCGGTAGGGAT,10,683894
cpxRp2,0.2727272727272727,12,10,GTAGGCGGGTGTTCCAACCA,2,655461
cpxRp2,0.18181818181818182,11,10,GTAGCAGCGCACAAAATGCG,1,645056
cpxRp2,1.0909090909090908,21,10,GTACTTGCGTTAAGGGCTTG,11,670925
cpxRp2,0.2727272727272727,12,10,GTACGGACTTTGAGCTCATT,2,663103
cpxRp2,1.2727272727272727,23,10,GTACGATAAGGTCACAATGC,13,676143
cpxRp2,0.9090909090909091,19,10,GTAATGATCAGCTGGGAACT,9,695888
cpxRp2,0.5454545454545454,15,10,GTAAGTGCTTGCATGACGCA,5,643104
cpxRp2,0.8181818181818182,18,10,GTAACGGGCCTCGCAAGAAA,8,697519
cpxRp2,0.5454545454545454,15,10,GTAACACGACCAGATGCATC,5,662647
cpxRp2,0.45454545454545453,14,10,GGTTTTGCTAGTTCATTCTG,4,678761
cpxRp2,0.2727272727272727,12,10,GGTTGGGTTTTGACTTCGTC,2,663809
cpxRp2,0.18181818181818182,11,10,GGTTCCGCATACAGCTAAGA,1,705751
cpxRp2,0.6363636363636364,16,10,GGTTACGCCTTAAGCAACGG,6,665296
cpxRp2,0.18181818181818182,11,10,GGTGTGAGGGCTGCTTGTGA,1,693748
cpxRp2,0.2727272727272727,12,10,GGTGTCCGATCACCCCACAG,2,650524
cpxRp2,0.45454545454545453,14,10,GGTGGCGGCCCGGCGTCATC,4,644971
cpxRp2,0.18181818181818182,11,10,GGTGCATAGGCATGTCGAAA,1,695907
cpxRp2,0.5454545454545454,15,10,GGTCTGGTTCACGCTTTTTC,5,634974
cpxRp2,1.3636363636363635,24,10,GGTCCGAGCTACTCCGGCCT,14,707626
cpxRp2,3.3636363636363638,46,10,GGTATAGAACCCAATTCTTG,36,642916
cpxRp2,1.3636363636363635,24,10,GGTAACTGCGTCAGGCTAGA,14,683586
cpxRp2,1.0909090909090908,21,10,GGGTTCGATTTAAAGAGGGT,11,682686
cpxRp2,0.36363636363636365,13,10,GGGTGTCGTTTACGTAAGTG,3,654776
cpxRp2,1.3636363636363635,24,10,GGGTGCCGCCACGTCTACAT,14,694244
cpxRp2,0.18181818181818182,11,10,GGGTCGGCAACGTATGTATC,1,634603
cpxRp2,9.363636363636363,112,10,GGGTCCTACGTTTAAATATC,102,673040
cpxRp2,0.36363636363636365,13,10,GGGTATCTGTTATGCCGAAT,3,680695
cpxRp2,0.18181818181818182,11,10,GGGTAGATGACCCAGTTTAG,1,658477
cpxRp2,0.2727272727272727,12,10,GGGTACGAAAGTTCGTTTCT,2,660889
cpxRp2,1.0,20,10,GGGGGATCTACGACAAAGCT,10,668550
cpxRp2,1.0,20,10,GGGGGACTCAGACTTCAGAG,10,639499
cpxRp2,0.5454545454545454,15,10,GGGGAGAAGCTGGTATTCTA,5,630755
cpxRp2,2.5454545454545454,37,10,GGGGAACAAGACGCTTCGTG,27,681663
cpxRp2,0.8181818181818182,18,10,GGGCGAGTGACCGTACGCAA,8,665056
cpxRp2,3.3636363636363638,46,10,GGGCCTCGGTCAAATTGGAG,36,680233
cpxRp2,0.6363636363636364,16,10,GGGCCATCAGTAGCGAGTCT,6,695526
cpxRp2,0.6363636363636364,16,10,GGGACGACTCCCTGCGAATT,6,695723
cpxRp2,0.5454545454545454,15,10,GGGACAAACTGAGCGCGGAG,5,657167
cpxRp2,0.7272727272727273,17,10,GGGAAATACAGCCCACGCTC,7,690389
cpxRp2,0.6363636363636364,16,10,GGCTTTCGCGCACACTGGAT,6,666499
cpxRp2,1.3636363636363635,24,10,GGCTTACGAAGCAATTGATC,14,651058
cpxRp2,0.5454545454545454,15,10,GGCTGACATTTAGCGGACGT,5,671714
cpxRp2,1.2727272727272727,23,10,GGCGTGATATGCTCCACGGT,13,630256
cpxRp2,0.2727272727272727,12,10,GGCGGGCCACTGTCTCTTGT,2,704629
cpxRp2,0.45454545454545453,14,10,GGCGGACGCATCTAAATGTT,4,672092
cpxRp2,1.5454545454545454,26,10,GGCGCGGTAGGGATGAGTCA,16,659237
cpxRp2,1.5454545454545454,26,10,GGCGCAGCATAGCATTTCAA,16,709728
cpxRp2,2.272727272727273,34,10,GGCCAAATCGAACCGGCCTG,24,653397
cpxRp2,0.45454545454545453,14,10,GGCACGTGGGTACTAATATA,4,675676
cpxRp2,0.8181818181818182,18,10,GGATGGTCATATACGCGAGT,8,635673
cpxRp2,0.5454545454545454,15,10,GGATGAGCGCGAAACCGTAG,5,636769
cpxRp2,0.45454545454545453,14,10,GGATACGGTAAGGCCTCAGT,4,693387
cpxRp2,0.36363636363636365,13,10,GGAGTTAGTTCAGCGGATCT,3,635915
cpxRp2,1.3636363636363635,24,10,GGAGTCTTTATCCATCGCTG,14,694416
cpxRp2,0.36363636363636365,13,10,GGAGTCGAACTAAAGGATCG,3,671803
cpxRp2,0.2727272727272727,12,10,GGAGCGCTCTGGCCAGTTCT,2,655139
cpxRp2,0.36363636363636365,13,10,GGAGATATATGTGCTCCTTG,3,652412
cpxRp2,0.6363636363636364,16,10,GGAGAGCAGGCAACCACTAG,6,631615
cpxRp2,0.2727272727272727,12,10,GGAGACTCCGGACGCTTCTG,2,697752
cpxRp2,0.6363636363636364,16,10,GGAGAAGTACCCTAGCAGAT,6,658222
cpxRp2,0.8181818181818182,18,10,GGACGGGTCACGACTTCAAC,8,669112
cpxRp2,1.5454545454545454,26,10,GGACCGTCGCCATAATCAAT,16,644729
cpxRp2,0.5454545454545454,15,10,GGAACTCTAACCCCGCCACA,5,710794
cpxRp2,1.5454545454545454,26,10,GGAACCCAAGGCGCGGACAA,16,652406
cpxRp2,0.18181818181818182,11,10,GGAAATGGTTGTTATATATG,1,657227
cpxRp2,1.0909090909090908,21,10,GCTTCACTTTGCGGGGCCTA,11,666695
cpxRp2,0.36363636363636365,13,10,GCTTAGAGAGTCAGGTCGCT,3,665369
cpxRp2,0.5454545454545454,15,10,GCTGTTCTATCAGGTCGTGT,5,699276
cpxRp2,3.4545454545454546,47,10,GCTGTTAAGGCACAAGCACA,37,705557
cpxRp2,0.45454545454545453,14,10,GCTGTGCAGATATGTGTTCA,4,658349
cpxRp2,0.18181818181818182,11,10,GCTCGTGAAGGGATACCATC,1,647955
cpxRp2,0.6363636363636364,16,10,GCGTTCCCTTCAAACCCAGC,6,672258
cpxRp2,0.2727272727272727,12,10,GCGTAGACGTATTTCCGAAT,2,704650
cpxRp2,0.18181818181818182,11,10,GCGCTATTCTGGGCGTGGAC,1,671589
cpxRp2,1.2727272727272727,23,10,GCGCGGCAGCTAACCGCTTC,13,647726
cpxRp2,0.2727272727272727,12,10,GCGCGCAGCCATAGAGCAAT,2,704293
cpxRp2,0.2727272727272727,12,10,GCGCCGTCCTAAAGGTGGCG,2,655924
cpxRp2,0.45454545454545453,14,10,GCGATAAAACGAACGACGAC,4,673849
cpxRp2,0.45454545454545453,14,10,GCCTTTTTAGAGGATTTTCC,4,704046
cpxRp2,0.5454545454545454,15,10,GCCTCCGGTCTAATACCTTA,5,679825
cpxRp2,0.45454545454545453,14,10,GCCTATTGTAAAAGCATAAA,4,674205
cpxRp2,0.2727272727272727,12,10,GCCTAGCATCGAAGCATAAT,2,692948
cpxRp2,0.18181818181818182,11,10,GCCGTCTAGCCACGAGGCTC,1,654022
cpxRp2,4.363636363636363,57,10,GCCGCCGAAGATCTCATAAC,47,698848
cpxRp2,1.0,20,10,GCCGATGATATTTGGCCCTT,10,681633
cpxRp2,1.1818181818181819,22,10,GCCCTACCCACTCCTAATCG,12,688855
cpxRp2,0.45454545454545453,14,10,GCCCGGGAAGAGTTAGCCGT,4,699123
cpxRp2,0.2727272727272727,12,10,GCCCGCATCACCGGGTTAAT,2,643039
cpxRp2,2.1818181818181817,33,10,GCCACTTAGAAGTCTAGATC,23,705583
cpxRp2,1.6363636363636365,27,10,GCATTGGGTTCAACCAAATT,17,646090
cpxRp2,0.9090909090909091,19,10,GCATAATGGGCACCCTTTGG,9,685270
cpxRp2,1.5454545454545454,26,10,GCAGGGTTTTATCCCACTAA,16,631370
cpxRp2,2.1818181818181817,33,10,GCAGCTCCTCATGTCAAAAT,23,653339
cpxRp2,0.6363636363636364,16,10,GCAGCCCCCACAACATCGAA,6,673705
cpxRp2,0.2727272727272727,12,10,GCAGATCGAGGGGCCGAACA,2,691297
cpxRp2,0.6363636363636364,16,10,GCACGCGGCAGTCCGGGCTT,6,645944
cpxRp2,0.45454545454545453,14,10,GCAATTGTTTATTGAACACA,4,651522
cpxRp2,1.0909090909090908,21,10,GATTGAGGATAGATGCATCA,11,690372
cpxRp2,0.45454545454545453,14,10,GATTCACTGGTAAGGCAACA,4,705337
cpxRp2,0.9090909090909091,19,10,GATTAATGAGCAAGGACCTG,9,711279
cpxRp2,0.45454545454545453,14,10,GATGTTGTTGAGGATGGTAA,4,687658
cpxRp2,0.5454545454545454,15,10,GATGCCGCCTCGACCTTTAT,5,689965
cpxRp2,0.6363636363636364,16,10,GATGAGAATGAACGGTTGAG,6,709959
cpxRp2,0.6363636363636364,16,10,GATCTTTGTAACTGTATCAA,6,695840
cpxRp2,1.0909090909090908,21,10,GATCTTACAGGCGACCAGGA,11,669727
cpxRp2,1.0,20,10,GATCTGTTCACACACGATTT,10,653357
cpxRp2,0.9090909090909091,19,10,GATCCATCAGCTATTTGATG,9,646667
cpxRp2,0.5454545454545454,15,10,GATCCATACTTTTCCTCCGA,5,695138
cpxRp2,0.8181818181818182,18,10,GATCCACTGCAGACTTTAAT,8,644717
cpxRp2,1.0909090909090908,21,10,GATATTGTGAAGGTATCGCC,11,655227
cpxRp2,2.090909090909091,32,10,GATATGGATTATACAGAGCC,22,672675
cpxRp2,0.18181818181818182,11,10,GATATCGGGCGTACCACTCC,1,663500
cpxRp2,1.3636363636363635,24,10,GATACCTCCGACTGGCTTCA,14,685024
cpxRp2,0.8181818181818182,18,10,GAGTTAGACCAACTTCGAGT,8,679147
cpxRp2,1.1818181818181819,22,10,GAGTGACTCCACAAGACTAA,12,706177
cpxRp2,1.0,20,10,GAGGTTCGTTCGCTGCAAAT,10,670192
cpxRp2,0.18181818181818182,11,10,GAGGGTTAGTTGCTGGCCCC,1,695126
cpxRp2,0.7272727272727273,17,10,GAGCTAAGAAAGATTAGCAA,7,687589
cpxRp2,0.7272727272727273,17,10,GAGCGGAACATGTCCTGAGG,7,709356
cpxRp2,1.0909090909090908,21,10,GAGCATGTGCTGGGCAAGCA,11,698014
cpxRp2,0.9090909090909091,19,10,GAGACTCCAAGTGTGTAATA,9,637516
cpxRp2,1.0909090909090908,21,10,GAGACTATCTTGCAGTAACT,11,679941
cpxRp2,0.2727272727272727,12,10,GAGAAGTAGGACTATAAGTA,2,636836
cpxRp2,1.1818181818181819,22,10,GAGAAGACATATGTATCGAG,12,634003
cpxRp2,0.7272727272727273,17,10,GAGAACGTCCTGAACCGTCC,7,701115
cpxRp2,0.18181818181818182,11,10,GAGAAAGGGCTAGCCGGTTA,1,688722
cpxRp2,0.8181818181818182,18,10,GACTTACAACGGATGGCTCA,8,691288
cpxRp2,0.18181818181818182,11,10,GACTCAAGCCCGCTGACACA,1,682876
cpxRp2,0.18181818181818182,11,10,GACTAGCGCCAGTGCGTTTA,1,643981
cpxRp2,1.2727272727272727,23,10,GACGTTACCCCTACTACCTC,13,710557
cpxRp2,0.45454545454545453,14,10,GACGTCAGGGACTCGGGAGA,4,698121
cpxRp2,0.9090909090909091,19,10,GACGCGAGTGCTAGAGGCCA,9,682153
cpxRp2,0.6363636363636364,16,10,GACGAATCGGCTCCAAGGTC,6,645491
cpxRp2,0.5454545454545454,15,10,GACCTGCCGTCTATCTAGCT,5,674271
cpxRp2,0.45454545454545453,14,10,GACCCTTTTAGAATATTGTG,4,706001
cpxRp2,0.18181818181818182,11,10,GACCATTTAAAATCCTCATC,1,660255
cpxRp2,0.6363636363636364,16,10,GACATTCAGCGATCTCCGCG,6,654773
cpxRp2,0.2727272727272727,12,10,GACATGTTTGTACAACCTGT,2,636076
cpxRp2,0.45454545454545453,14,10,GACATGTAGGTTTGGGTACG,4,700010
cpxRp2,1.8181818181818181,29,10,GACATGGCGATTTGACTGTT,19,695998
cpxRp2,1.0,20,10,GACAGTTGGCAATATCGATA,10,670237
cpxRp2,0.7272727272727273,17,10,GACACACCGGCACTGCCAAA,7,708208
cpxRp2,0.7272727272727273,17,10,GAATTTGATGCTATATGTGC,7,686248
cpxRp2,1.3636363636363635,24,10,GAATTGCCTATAATACGGAT,14,648712
cpxRp2,0.2727272727272727,12,10,GAATTCCATCTTAGGTTCTG,2,631795
cpxRp2,0.9090909090909091,19,10,GAATGATTGTATGGATCAGA,9,648583
cpxRp2,0.9090909090909091,19,10,GAAGTGAACGTTAAATCCGC,9,669981
cpxRp2,0.36363636363636365,13,10,GAAGCTATAGACAGCGGAAC,3,669619
cpxRp2,1.1818181818181819,22,10,GAAGCGTACCCAACCCGTCC,12,653001
cpxRp2,0.18181818181818182,11,10,GAAGCGGCTCAAGCCACGAT,1,638563
cpxRp2,0.36363636363636365,13,10,GAAGCCACGGGACTCTGTCC,3,660333
cpxRp2,1.5454545454545454,26,10,GAAGATCCATTAACACAAAC,16,657026
cpxRp2,1.6363636363636365,27,10,GAACTATCCACCCTGACGCC,17,677519
cpxRp2,0.18181818181818182,11,10,GAAATGCCCTCGATAGATGA,1,696390
cpxRp2,1.9090909090909092,30,10,GAAAGGGTAAATAATCTCGA,20,672344
cpxRp2,0.6363636363636364,16,10,GAAAGGGACGGGGTATAAGA,6,685534
cpxRp2,1.5454545454545454,26,10,CTTGGCGGAGGGGAGATTAC,16,708369
cpxRp2,0.45454545454545453,14,10,CTTGACACTAGGATCACATG,4,642327
cpxRp2,0.7272727272727273,17,10,CTTCTTCTCCACACAATCAC,7,643298
cpxRp2,0.2727272727272727,12,10,CTTCAGGACCTCGCTTCAGC,2,703651
cpxRp2,0.5454545454545454,15,10,CTTCACGCGGAGGGGGCTGG,5,635186
cpxRp2,0.45454545454545453,14,10,CTTATCGCATTACTCGACAG,4,696620
cpxRp2,1.0,20,10,CTTAATCCAGAGGCTAATTC,10,700224
cpxRp2,1.8181818181818181,29,10,CTTAATACCAAAGCAGGGGG,19,657333
cpxRp2,0.5454545454545454,15,10,CTGTGTCACTTCAAGGGTCG,5,670007
cpxRp2,0.5454545454545454,15,10,CTGTGGCGAGGTGGTCAGAG,5,648463
cpxRp2,0.18181818181818182,11,10,CTGGCCGGTTATGTAATTAT,1,674584
cpxRp2,1.0,20,10,CTGGACTCAACTTTGAAAGT,10,646116
cpxRp2,0.2727272727272727,12,10,CTGGAAATGTGGCGACCTCC,2,659010
cpxRp2,0.2727272727272727,12,10,CTGCGTTGACCGGGTCGCAT,2,685904
cpxRp2,2.727272727272727,39,10,CTGCGTTCTTCTCTAGGCTT,29,697520
cpxRp2,1.1818181818181819,22,10,CTGCGTATGAAGCCGCTCCA,12,643161
cpxRp2,1.0,20,10,CTGCCATGCGTCGGGGCAAC,10,657630
cpxRp2,0.18181818181818182,11,10,CTGCACCCGGTTATGCACTA,1,693674
cpxRp2,0.5454545454545454,15,10,CTGAGGGTTAGATAGGTGGT,5,697117
cpxRp2,0.8181818181818182,18,10,CTGACGGAGATAGGTAGGAT,8,662560
cpxRp2,0.6363636363636364,16,10,CTGAATAGGTGAGAGTATGC,6,677124
cpxRp2,1.2727272727272727,23,10,CTGAAGAGATACTATGGTTT,13,669568
cpxRp2,0.6363636363636364,16,10,CTGAAAGCGCATCCTGCATC,6,633038
cpxRp2,0.6363636363636364,16,10,CTCTTGCATCGATGGATAGT,6,672528
cpxRp2,0.7272727272727273,17,10,CTCTGTTGGTTTGGCCTAAG,7,669252
cpxRp2,0.2727272727272727,12,10,CTCTGTTCTTTGCTCGGTCA,2,668188
cpxRp2,0.7272727272727273,17,10,CTCTGTATGTACAAGTCCGA,7,656644
cpxRp2,0.36363636363636365,13,10,CTCTGATGTAGGCTATAAAA,3,636683
cpxRp2,1.0,20,10,CTCTCTATGATCCTGGCTTG,10,654130
cpxRp2,0.6363636363636364,16,10,CTCTCAGAACCACCAGGAAC,6,675298
cpxRp2,0.6363636363636364,16,10,CTCTATTGTTTAGGGGGCAA,6,669966
cpxRp2,0.6363636363636364,16,10,CTCGTGGGGCATCAGCGGTT,6,673877
cpxRp2,0.2727272727272727,12,10,CTCGCCTTGAATCGTGTGTC,2,635275
cpxRp2,1.6363636363636365,27,10,CTCCGCGGGTCTAGAGCAGC,17,661084
cpxRp2,0.6363636363636364,16,10,CTCCCCCTAGAAGCTCGGCG,6,641642
cpxRp2,0.7272727272727273,17,10,CTCCATGTCTTAGATGGGCT,7,678624
cpxRp2,0.36363636363636365,13,10,CTCATAAAGCTAAAAAAAGA,3,671984
cpxRp2,0.6363636363636364,16,10,CTCAGGATTTTGAATCTTCG,6,668225
cpxRp2,1.7272727272727273,28,10,CTCAAGTGTGAATTACGAGC,18,676471
cpxRp2,1.4545454545454546,25,10,CTATTTAGATTGCCTACTTG,15,709661
cpxRp2,0.6363636363636364,16,10,CTATGTTACTAGGTCTCAAA,6,670533
cpxRp2,1.0909090909090908,21,10,CTATCTAACAGAGAAACGGT,11,700338
cpxRp2,1.0909090909090908,21,10,CTACCAAGAGGTCCCCAGGC,11,683481
cpxRp2,0.18181818181818182,11,10,CTAATCGGGGCCTGGCGGAT,1,643339
cpxRp2,2.1818181818181817,33,10,CTAAGGCCCACGGAAAATAA,23,679191
cpxRp2,0.8181818181818182,18,10,CTAAGATTAACGGGCTTGAT,8,660892
cpxRp2,0.5454545454545454,15,10,CTAAGACGGTCATACTATTT,5,666447
cpxRp2,0.9090909090909091,19,10,CTAACGGTCTATAGAGGTGG,9,647860
cpxRp2,0.8181818181818182,18,10,CGTTTGACTGATAGGGAGCA,8,673112
cpxRp2,0.6363636363636364,16,10,CGTTGCTCAGCGCTCAAGTA,6,649239
cpxRp2,1.4545454545454546,25,10,CGTTCGGTACCTTCTCCATT,15,703883
cpxRp2,0.7272727272727273,17,10,CGTTATGTGGCGGCGATGTC,7,675552
cpxRp2,1.0909090909090908,21,10,CGTGTATAATAAAGCACGAA,11,680395
cpxRp2,1.0,20,10,CGTGGTTCATAGTGCCTGCA,10,663177
cpxRp2,0.2727272727272727,12,10,CGTGGCTTAGCGGGTATTGT,2,671422
cpxRp2,0.36363636363636365,13,10,CGTCTCTACGTGTGTCCTAT,3,637106
cpxRp2,0.18181818181818182,11,10,CGTCGTAGCACCTATCGGAT,1,677396
cpxRp2,2.1818181818181817,33,10,CGTCCGCTGTATCTATCAAG,23,659361
cpxRp2,0.36363636363636365,13,10,CGTCCACCATCTCTTCACTA,3,655729
cpxRp2,0.6363636363636364,16,10,CGTCAACTACTGGGCTAATC,6,650545
cpxRp2,0.7272727272727273,17,10,CGTAGGCTGGTACAGGCCTA,7,679314
cpxRp2,0.2727272727272727,12,10,CGGTTGTCCATTTTGACCGG,2,664133
cpxRp2,0.7272727272727273,17,10,CGGTTGAACTACGAATAAGA,7,649734
cpxRp2,1.5454545454545454,26,10,CGGTGTTCGACCAGGCCAGT,16,709001
cpxRp2,0.5454545454545454,15,10,CGGTGGAGGTTTATCATGTT,5,674412
cpxRp2,0.45454545454545453,14,10,CGGTCGGTCCATATACATTA,4,676197
cpxRp2,0.7272727272727273,17,10,CGGGTTACGCGAAATCAAAC,7,657775
cpxRp2,0.8181818181818182,18,10,CGGGTCTGGGATGCCAGGGG,8,670339
cpxRp2,1.7272727272727273,28,10,CGGGGTCACATTCGCTTGTG,18,664244
cpxRp2,0.5454545454545454,15,10,CGGGGGTAAGTCACGTGGTC,5,645019
cpxRp2,2.5454545454545454,37,10,CGGGGCATAGCCTCCGGCAA,27,711075
cpxRp2,0.7272727272727273,17,10,CGGGCTACGCGTCAGGAAAG,7,669945
cpxRp2,1.5454545454545454,26,10,CGGGCGCAATTATCTCACAT,16,687777
cpxRp2,0.2727272727272727,12,10,CGGGATTTAAGGGATTAATG,2,657556
cpxRp2,0.9090909090909091,19,10,CGGCGTGCCGATTTGAAGGG,9,709275
cpxRp2,0.6363636363636364,16,10,CGGCAATCTACCCGCAATGT,6,642438
cpxRp2,1.5454545454545454,26,10,CGGATGCGGTGTGCTTTATA,16,675667
cpxRp2,0.45454545454545453,14,10,CGGAAGCTGAATCAAAGGTA,4,637002
cpxRp2,0.5454545454545454,15,10,CGCTTTATTGATACCAAGAT,5,649595
cpxRp2,0.36363636363636365,13,10,CGCTTCTAGCCGGGAATAAG,3,677099
cpxRp2,0.45454545454545453,14,10,CGCTGTCCAGGGGAGCGCGT,4,649911
cpxRp2,0.7272727272727273,17,10,CGCTGGTCTGCATGGTTAAT,7,649269
cpxRp2,0.36363636363636365,13,10,CGCTGACGTATTTGTACCGT,3,689867
cpxRp2,0.2727272727272727,12,10,CGCTCACTTGACGGAATTAC,2,663057
cpxRp2,1.0,20,10,CGCGGCCATTATATAGTTGA,10,692627
cpxRp2,0.45454545454545453,14,10,CGCGATTTAAATGGCTGAGA,4,662097
cpxRp2,0.5454545454545454,15,10,CGCCACTTTCCGGCGTCTAT,5,646605
cpxRp2,1.2727272727272727,23,10,CGCAGTAACACGTTTGGAGT,13,644942
cpxRp2,0.6363636363636364,16,10,CGCAGGACGTTGCTGGATCG,6,687496
cpxRp2,1.4545454545454546,25,10,CGCAGAACAGAGAGGCCGAT,15,665342
cpxRp2,1.2727272727272727,23,10,CGCACTATCATTTGGGCTTG,13,645048
cpxRp2,4.0,53,10,CGCAACTGTTCTGGTTCGTC,43,640497
cpxRp2,0.36363636363636365,13,10,CGATTACATCTGTGATGCGG,3,670158
cpxRp2,0.5454545454545454,15,10,CGATATCTGCAGAGACCCAG,5,681420
cpxRp2,1.1818181818181819,22,10,CGAGGAAGTTATAACAAAAG,12,675463
cpxRp2,0.8181818181818182,18,10,CGAGCACACGGTCCGAGATT,8,674542
cpxRp2,0.5454545454545454,15,10,CGACGGTACATTTCCGGGCA,5,653242
cpxRp2,0.18181818181818182,11,10,CGACGGCTTAAGGTGGTCGC,1,639745
cpxRp2,0.8181818181818182,18,10,CGACGGCTCGCCGGACCAAT,8,695952
cpxRp2,2.4545454545454546,36,10,CGACGGAGTAGTATCTATGT,26,677491
cpxRp2,0.36363636363636365,13,10,CGAATGCGACCTATTGAGGA,3,656113
cpxRp2,1.9090909090909092,30,10,CGAAATTCACGCTCAGAACA,20,646408
cpxRp2,1.7272727272727273,28,10,CGAAAGTCACATGGCGCGGG,18,672788
cpxRp2,1.0,20,10,CGAAACGAGTTGGTTAACGC,10,638730
cpxRp2,0.45454545454545453,14,10,CCTTTTCTTGTTTCGCAAGA,4,708673
cpxRp2,0.36363636363636365,13,10,CCTTGAAGGGGTTACGTGGA,3,645501
cpxRp2,0.18181818181818182,11,10,CCTTAGTAGAGCCGGGGAAC,1,632416
cpxRp2,0.2727272727272727,12,10,CCTGTGGTACCCAAGTTGAG,2,696449
cpxRp2,0.18181818181818182,11,10,CCTGGGAGTTGCTGACAGGT,1,660762
cpxRp2,0.5454545454545454,15,10,CCTGCGAGCTATTTCTGTCT,5,636030
cpxRp2,0.5454545454545454,15,10,CCTCGTTCTGAGGCAGGATT,5,634347
cpxRp2,1.0909090909090908,21,10,CCTCGTCATATAGCAAGAGT,11,687227
cpxRp2,0.36363636363636365,13,10,CCTCGAGAATTCTCTCATAT,3,666080
cpxRp2,0.9090909090909091,19,10,CCTATTTAAGGGGTCTAAAC,9,694164
cpxRp2,0.18181818181818182,11,10,CCTATAACCCACTTAGGAGT,1,646183
cpxRp2,0.7272727272727273,17,10,CCTAGGCCTGATCGGCTGGA,7,655853
cpxRp2,1.0,20,10,CCTAGCACGGACCAACCCCT,10,665950
cpxRp2,8.727272727272727,105,10,CCGTTCACTCGAGGGGTGTG,95,688016
cpxRp2,0.18181818181818182,11,10,CCGTGTGGGGGACCAATACG,1,673341
cpxRp2,0.36363636363636365,13,10,CCGTGCTGTCATTAATAAGC,3,648727
cpxRp2,2.272727272727273,34,10,CCGGTGAGAGGGTTTTGTGA,24,667115
cpxRp2,0.36363636363636365,13,10,CCGGGCGTCCTGTATGACGT,3,630182
cpxRp2,1.3636363636363635,24,10,CCGGAGATCAAGAATACAGG,14,636566
cpxRp2,2.6363636363636362,38,10,CCGGACGCACTGGTAAAGGA,28,685202
cpxRp2,0.5454545454545454,15,10,CCGCACCTTCGTCGTGACAC,5,682975
cpxRp2,0.36363636363636365,13,10,CCGAAGGAATTCTTAAGAGG,3,691290
cpxRp2,1.2727272727272727,23,10,CCCTTGCCGGCCTTCGCAAC,13,658136
cpxRp2,0.5454545454545454,15,10,CCCGTGGAACGCTTCAGCGG,5,710937
cpxRp2,1.4545454545454546,25,10,CCCGGAGACCGGGAAATAGG,15,671467
cpxRp2,0.6363636363636364,16,10,CCCGACATGACGTAGTGACT,6,639942
cpxRp2,0.2727272727272727,12,10,CCCCCTGTACATAAATCATT,2,672980
cpxRp2,0.5454545454545454,15,10,CCCCAGACATGCCATGGGAG,5,690707
cpxRp2,0.45454545454545453,14,10,CCCAGGTTGCGCCTTCTCAT,4,656379
cpxRp2,0.18181818181818182,11,10,CCCAGACATCTGCAGTTCAG,1,658878
cpxRp2,0.45454545454545453,14,10,CCCACGAAGGATGGTGTGTC,4,689617
cpxRp2,0.45454545454545453,14,10,CCCACATCTAGTTCTCGCTT,4,644500
cpxRp2,1.0,20,10,CCATTTCTGATCCAAATTTT,10,679339
cpxRp2,1.6363636363636365,27,10,CCATTGCACGCTACGTAATA,17,640545
cpxRp2,0.18181818181818182,11,10,CCATTACGGGAACGAACCGG,1,707311
cpxRp2,0.8181818181818182,18,10,CCATCGCCTACCTCCGAGCT,8,681685
cpxRp2,0.8181818181818182,18,10,CCATAGACTCCTGAGTGGTC,8,690080
cpxRp2,0.2727272727272727,12,10,CCAGGTCGGAGTCGATTCAC,2,641134
cpxRp2,0.7272727272727273,17,10,CCAGGGCGACGGTTTGCAAA,7,704028
cpxRp2,1.1818181818181819,22,10,CCAGCCCTCTGTGTGTTCGC,12,697569
cpxRp2,1.9090909090909092,30,10,CCACTCGCGATGTTGGTCAC,20,640535
cpxRp2,1.5454545454545454,26,10,CCAAGGTCCGCTATCCGTGG,16,630597
cpxRp2,0.45454545454545453,14,10,CCAAGGCCTTTTGCATCTCA,4,650702
cpxRp2,0.7272727272727273,17,10,CCAACTGTATCTGTTTCGCA,7,669532
cpxRp2,0.45454545454545453,14,10,CATTGTCTCTAGGTGTTGGG,4,709571
cpxRp2,0.18181818181818182,11,10,CATTCTATGACAGCTAAGTC,1,668390
cpxRp2,1.0909090909090908,21,10,CATGGTGAAGTGGACGATGT,11,702588
cpxRp2,1.7272727272727273,28,10,CATGGTAGTGCTTGGGATGG,18,699305
cpxRp2,1.7272727272727273,28,10,CATGCGTAGGTTGTTCAAGG,18,634822
cpxRp2,0.9090909090909091,19,10,CATCTTTTAATGCTCTTCGA,9,699777
cpxRp2,0.36363636363636365,13,10,CATCTATCGCAATAGAGCAG,3,667770
cpxRp2,0.45454545454545453,14,10,CATCGGCTAGTAGAGAATAT,4,643944
cpxRp2,1.5454545454545454,26,10,CATCGCGCCTGGATAGAGTA,16,630468
cpxRp2,0.8181818181818182,18,10,CATCATTCATTCCATTCATC,8,706020
cpxRp2,2.3636363636363638,35,10,CATCACCTAGGAGGGGCCGA,25,698155
cpxRp2,0.36363636363636365,13,10,CATCACAGCTCCCGTTGAGC,3,674715
cpxRp2,1.5454545454545454,26,10,CATATCGGCCTAAACGAATG,16,632749
cpxRp2,0.18181818181818182,11,10,CATATCCCGGAAAAATTGCA,1,640365
cpxRp2,0.2727272727272727,12,10,CATATATTTTGGCACTAATT,2,668714
cpxRp2,0.2727272727272727,12,10,CATAGGATTCGGCATGGACG,2,711347
cpxRp2,0.45454545454545453,14,10,CATACAGCTCATTCGCATGG,4,706080
cpxRp2,1.2727272727272727,23,10,CATAACTAAGCTTTGGTAGG,13,645321
cpxRp2,0.9090909090909091,19,10,CAGTTCGGGGGCTTAAAATT,9,646421
cpxRp2,1.0,20,10,CAGTATACCTACTAGGCCCA,10,707021
cpxRp2,1.0,20,10,CAGGGGTAGTTGTAATAGTT,10,703385
cpxRp2,0.2727272727272727,12,10,CAGCTGAGTCTCCTTACTAT,2,695665
cpxRp2,0.45454545454545453,14,10,CAGCGGCGCTACTAAGATTG,4,640400
cpxRp2,1.3636363636363635,24,10,CAGCGAGCGTTTGGACTGAC,14,661594
cpxRp2,1.7272727272727273,28,10,CAGCATACAACTCGCGTCGT,18,688001
cpxRp2,1.0,20,10,CAGCACCGTCCCCTAGTCAC,10,686355
cpxRp2,0.45454545454545453,14,10,CAGAGGTGAACATGGCTAAC,4,644116
cpxRp2,0.7272727272727273,17,10,CACTGACGTTCCTCGCGGAA,7,662605
cpxRp2,0.45454545454545453,14,10,CACGGCTGGTATGGCGCCTA,4,670336
cpxRp2,0.45454545454545453,14,10,CACGATAGGTTAGGTCTGGG,4,651375
cpxRp2,0.7272727272727273,17,10,CACGAACAGTGAAACCTATG,7,686203
cpxRp2,0.5454545454545454,15,10,CACCTGGAATGCCAACGAAC,5,634195
cpxRp2,1.2727272727272727,23,10,CACCCAGTATCACGGTGTCG,13,667336
cpxRp2,0.8181818181818182,18,10,CACCATACCGGAAGCCCAAT,8,668871
cpxRp2,1.0,20,10,CACATGAATTTTGGCTTAGC,10,660460
cpxRp2,0.18181818181818182,11,10,CAATTTACCTTGACACAAGT,1,636382
cpxRp2,0.45454545454545453,14,10,CAATCTAGCGGGGGGCCATC,4,643005
cpxRp2,0.45454545454545453,14,10,CAATACAAAGCTGTAATTTT,4,697362
cpxRp2,0.36363636363636365,13,10,CAAGGGAGTTACTTCGGTGT,3,652662
cpxRp2,0.6363636363636364,16,10,CAAGCTTGGTGCGATGTGGA,6,683176
cpxRp2,0.6363636363636364,16,10,CAAGCAGTGTAGTTGTAACA,6,653194
cpxRp2,0.36363636363636365,13,10,CAACGCGATTACTAGGTGTA,3,672957
cpxRp2,0.18181818181818182,11,10,CAACATTCGAGGGTCTTAGG,1,631375
cpxRp2,0.36363636363636365,13,10,CAAACTGGCAGGCGACTTAG,3,644081
cpxRp2,0.7272727272727273,17,10,CAAACACTTTGGCCCATGAA,7,649768
cpxRp2,0.18181818181818182,11,10,ATTTTTGTTAAGCTACAGTG,1,710719
cpxRp2,1.2727272727272727,23,10,ATTTGGATCTTTCATAGAGA,13,657499
cpxRp2,1.6363636363636365,27,10,ATTGTGCCCTGGTTGTGGTG,17,650515
cpxRp2,1.7272727272727273,28,10,ATTGCTGAATCTGGAAGTTC,18,629977
cpxRp2,0.45454545454545453,14,10,ATTGCGCGGAAAAATGCAAG,4,675367
cpxRp2,0.18181818181818182,11,10,ATTCTTCAATAAGATACTGA,1,674371
cpxRp2,0.6363636363636364,16,10,ATTATGGTATGGACTCCCAA,6,660025
cpxRp2,0.7272727272727273,17,10,ATTATCAAACCGTTCTCTTG,7,669956
cpxRp2,0.36363636363636365,13,10,ATTAGAACGGATGTCAAGGA,3,683125
cpxRp2,1.8181818181818181,29,10,ATGTTGATGGCTTTGCTGAT,19,678379
cpxRp2,1.0,20,10,ATGTCTCATCCATACGGTTT,10,697416
cpxRp2,2.909090909090909,41,10,ATGTCAAAGGCTGCATCATT,31,668675
cpxRp2,0.45454545454545453,14,10,ATGGTAGACCCTTAACGTAA,4,645271
cpxRp2,0.7272727272727273,17,10,ATGGAGTTATCGTCGCAATT,7,677890
cpxRp2,1.0,20,10,ATGGACCTCAGACTAAGAGA,10,644299
cpxRp2,0.2727272727272727,12,10,ATGCTATTTTTCGCGTCGGG,2,669870
cpxRp2,1.3636363636363635,24,10,ATGCCCTTTCGTCGGCCTTT,14,631446
cpxRp2,0.7272727272727273,17,10,ATGCAGGGACAACCCAACTG,7,636079
cpxRp2,1.6363636363636365,27,10,ATGATGCTCCTCGTACGGGT,17,666102
cpxRp2,0.5454545454545454,15,10,ATGAGTAGCGCCACATCGAT,5,668642
cpxRp2,2.6363636363636362,38,10,ATCTGGACCGAATTAATTTG,28,645953
cpxRp2,0.7272727272727273,17,10,ATCTCGTTGTGACAGGTCAC,7,709729
cpxRp2,0.45454545454545453,14,10,ATCTAGTTTCGCGCGAGGTG,4,651114
cpxRp2,0.5454545454545454,15,10,ATCGTCTAGGCTGAAATAGA,5,679246
cpxRp2,0.5454545454545454,15,10,ATCGGAAGTGTAACGGCTAA,5,679117
cpxRp2,1.6363636363636365,27,10,ATCGCCAAACGTGCTTGCCA,17,667438
cpxRp2,1.8181818181818181,29,10,ATCGCAGCGGGGAGTAATGT,19,664096
cpxRp2,0.5454545454545454,15,10,ATCCTTTGAGAGAACCCGTG,5,670181
cpxRp2,1.2727272727272727,23,10,ATCCACGCGACTAACGCGTA,13,652885
cpxRp2,0.6363636363636364,16,10,ATCAGTCGGGTGGAGACGAT,6,653268
cpxRp2,1.5454545454545454,26,10,ATCACTGCTCCTGTAAGATT,16,679845
cpxRp2,0.7272727272727273,17,10,ATCACACGTAATTCGCATCT,7,704257
cpxRp2,0.5454545454545454,15,10,ATCAACGATAGTGTTTGTAC,5,711307
cpxRp2,0.2727272727272727,12,10,ATATGTTCTCTTGGCATCTA,2,693826
cpxRp2,0.36363636363636365,13,10,ATATCAACCAGCTAGTGGTT,3,634275
cpxRp2,0.45454545454545453,14,10,ATATAGATGGCGGAACCTGG,4,636451
cpxRp2,1.4545454545454546,25,10,ATAGTGGACAACATAACTGT,15,700774
cpxRp2,0.8181818181818182,18,10,ATAGGGATGTTGGTGTAAGG,8,693504
cpxRp2,0.18181818181818182,11,10,ATAGGCACGTTGGTATTATG,1,656947
cpxRp2,11.727272727272727,138,10,ATAGCTTAGGAGGGGCGGGG,128,637861
cpxRp2,0.6363636363636364,16,10,ATAGAACCCACCAAGACCGT,6,673945
cpxRp2,0.9090909090909091,19,10,ATACTTAATTATGTCGAACC,9,631306
cpxRp2,0.6363636363636364,16,10,ATACTAAGCACCGTGTCTGA,6,678002
cpxRp2,0.2727272727272727,12,10,ATACGGGGGTGCCTATGGGT,2,656666
cpxRp2,0.18181818181818182,11,10,ATACCGACGTATGACCACCC,1,662783
cpxRp2,0.5454545454545454,15,10,ATAATAGCTTGCATGCTTAT,5,646106
cpxRp2,0.5454545454545454,15,10,ATAAGCTATATCTTGTAATA,5,685138
cpxRp2,0.9090909090909091,19,10,ATAACCAGCACTACAATAGT,9,675359
cpxRp2,1.0909090909090908,21,10,AGTTCGCGGCGGAACCCATA,11,660968
cpxRp2,0.36363636363636365,13,10,AGTTCGCGCTAATTGTGCGC,3,643887
cpxRp2,0.36363636363636365,13,10,AGTGTGGCGTCGGAACCGCT,3,673787
cpxRp2,0.5454545454545454,15,10,AGTGGTGGAGTGTTCTCGGA,5,632097
cpxRp2,0.18181818181818182,11,10,AGTGAACGACGGTCCCGTTA,1,709716
cpxRp2,0.2727272727272727,12,10,AGTCTTTAAAGATATTCCCG,2,672670
cpxRp2,0.9090909090909091,19,10,AGTCTCACTTCTAGACGCTT,9,669545
cpxRp2,0.18181818181818182,11,10,AGTCTAGCGCACTTTATAGA,1,693715
cpxRp2,1.0909090909090908,21,10,AGTCCCTTTTGGTGGGCCAA,11,634650
cpxRp2,0.18181818181818182,11,10,AGTATCTCTGTATCCTAGGG,1,660831
cpxRp2,0.9090909090909091,19,10,AGGTGTGCCCGATAAAGACT,9,636458
cpxRp2,0.36363636363636365,13,10,AGGTGCTCTGATGCCGGTGG,3,644730
cpxRp2,1.5454545454545454,26,10,AGGTCCAGCATACGGATCGG,16,662713
cpxRp2,0.18181818181818182,11,10,AGGTATTATTGGTAGGTTGC,1,630190
cpxRp2,0.18181818181818182,11,10,AGGTAAGTGTCAGGTTTAAT,1,687433
cpxRp2,1.2727272727272727,23,10,AGGGTTCCCGGTATACGGGT,13,650929
cpxRp2,0.9090909090909091,19,10,AGGGTGTTTATGGTACGTTT,9,635337
cpxRp2,1.0909090909090908,21,10,AGGGCTAACGACGTATTTAC,11,677389
cpxRp2,0.9090909090909091,19,10,AGGGAACGGTGGGTCAGGCG,9,701948
cpxRp2,0.36363636363636365,13,10,AGGCTAGGTAAGCTGTATAT,3,668696
cpxRp2,1.0,20,10,AGGCTAACGCACTCCCAACG,10,675529
cpxRp2,2.1818181818181817,33,10,AGGCGGGCCAGGATACGAGA,23,643571
cpxRp2,0.9090909090909091,19,10,AGGCGGATCTGGGTGGTGGT,9,644559
cpxRp2,1.0909090909090908,21,10,AGGCGATAAGGCTCACCACT,11,651798
cpxRp2,0.2727272727272727,12,10,AGGCGAATAATCGGGATAGG,2,644238
cpxRp2,0.5454545454545454,15,10,AGGCCATCCTACATTATCAC,5,701392
cpxRp2,0.2727272727272727,12,10,AGGCCAATTGGGATTGACGT,2,655854
cpxRp2,0.7272727272727273,17,10,AGGCACGCCACCCCGGCTTC,7,665895
cpxRp2,1.9090909090909092,30,10,AGGATGCTCCGACAAGTGGA,20,635667
cpxRp2,0.6363636363636364,16,10,AGGATCTATGTTTCCTAAGA,6,646904
cpxRp2,0.9090909090909091,19,10,AGGACTCTAGCGGCGGCGGC,9,642548
cpxRp2,0.18181818181818182,11,10,AGGACTCGTTTACCAGTGAA,1,710402
cpxRp2,0.2727272727272727,12,10,AGGAAACCTCTCCGGAACGC,2,637392
cpxRp2,0.36363636363636365,13,10,AGCTGCAGCCGCCAGACTTG,3,696001
cpxRp2,1.3636363636363635,24,10,AGCTATAGTTTGCCCGGGAC,14,686600
cpxRp2,4.181818181818182,55,10,AGCGTCTGGGGAGTGTCCTG,45,708440
cpxRp2,0.6363636363636364,16,10,AGCCTAAGCGTTCACGCCTA,6,697277
cpxRp2,0.7272727272727273,17,10,AGCCGTCGTATGTAAAACTA,7,706344
cpxRp2,0.6363636363636364,16,10,AGCAGAGTGTCTGGTAAATA,6,674766
cpxRp2,0.7272727272727273,17,10,AGCAACTGCTTACGTCACGC,7,685412
cpxRp2,0.9090909090909091,19,10,AGATTTAGAACCGGAAAGGT,9,661852
cpxRp2,0.9090909090909091,19,10,AGATAGGTAATCCGGAGTTT,9,640990
cpxRp2,0.2727272727272727,12,10,AGAGTGGTGCATGCTGGCTC,2,684921
cpxRp2,0.36363636363636365,13,10,AGAGCTATCTTAAGAGTGTC,3,674904
cpxRp2,0.18181818181818182,11,10,AGAGACAATAGTAAAGATGA,1,631780
cpxRp2,1.0,20,10,AGACGTGTTCGTTCCATGTT,10,668482
cpxRp2,1.7272727272727273,28,10,AGACGGCTATGCACGGGTCA,18,697071
cpxRp2,0.45454545454545453,14,10,AGACCGCCATACACCGTGAT,4,696041
cpxRp2,1.4545454545454546,25,10,AGACCGAAAAACGCGATGAG,15,636335
cpxRp2,0.8181818181818182,18,10,AGACACGATCAGTGCTTCGT,8,666649
cpxRp2,1.4545454545454546,25,10,AGAATTAGAACGACGATGAT,15,674957
cpxRp2,0.45454545454545453,14,10,AGAATGTCTAGAGGGTGATT,4,697124
cpxRp2,1.6363636363636365,27,10,AGAACTTGCTTTGCAAAGGC,17,656556
cpxRp2,0.36363636363636365,13,10,AGAACCAATGAACTGGCTAT,3,671815
cpxRp2,0.8181818181818182,18,10,AGAACAGGGGTACAACGGCA,8,711088
cpxRp2,1.0909090909090908,21,10,AGAAAGTAACGGAGTTTATT,11,680648
cpxRp2,0.18181818181818182,11,10,ACTTTTTGTCGTATGATTAC,1,698720
cpxRp2,0.8181818181818182,18,10,ACTTTGCAAGGTAACTCGAT,8,690794
cpxRp2,0.5454545454545454,15,10,ACTTGGTTCTGTCCCTCTGA,5,673516
cpxRp2,0.2727272727272727,12,10,ACTTGGGTAGCTCAATATAT,2,709871
cpxRp2,0.45454545454545453,14,10,ACTTCTCCCATTGCTCGGCC,4,689601
cpxRp2,0.2727272727272727,12,10,ACTTCATATAGTTTACTGAC,2,654449
cpxRp2,1.3636363636363635,24,10,ACTTAGGCGGGTCTACAATA,14,652116
cpxRp2,2.4545454545454546,36,10,ACTGGGTTATCCACGCAGGG,26,684520
cpxRp2,0.18181818181818182,11,10,ACTGATGGCACGGTTCTCTG,1,673329
cpxRp2,0.36363636363636365,13,10,ACTCTATTAGCAACTCTTCA,3,694706
cpxRp2,0.5454545454545454,15,10,ACTCGTTGGGCGGTAGCATG,5,652023
cpxRp2,0.8181818181818182,18,10,ACTCGCTATGCTGGGTACCT,8,646399
cpxRp2,0.5454545454545454,15,10,ACTCCCTTGAGGAAGCATCA,5,640916
cpxRp2,0.45454545454545453,14,10,ACTATTGCCGGCGATGTCCG,4,666500
cpxRp2,1.1818181818181819,22,10,ACGTATATGCTCAGGATTCC,12,661878
cpxRp2,0.7272727272727273,17,10,ACGTAGGCATGCTATTGCCC,7,661089
cpxRp2,0.36363636363636365,13,10,ACGTAAACCCGAAAGTAGTA,3,640651
cpxRp2,1.7272727272727273,28,10,ACGGTACAGAACCGTGTTTC,18,663961
cpxRp2,1.5454545454545454,26,10,ACGGCTTCTAATAGTAATTA,16,699837
cpxRp2,0.7272727272727273,17,10,ACGGCAAATCTCACCTTGAT,7,692459
cpxRp2,0.7272727272727273,17,10,ACGCTAGCTCAGGTTTTGCG,7,693371
cpxRp2,0.36363636363636365,13,10,ACGCGAAATCATTCGCATAA,3,664518
cpxRp2,0.6363636363636364,16,10,ACGATGGAACCAGTTGCGGA,6,645551
cpxRp2,1.2727272727272727,23,10,ACGATCTCGATGCCCGTTCG,13,694310
cpxRp2,0.6363636363636364,16,10,ACGATCCCTGGACCATTGTA,6,710327
cpxRp2,0.6363636363636364,16,10,ACGACCCTCAGCATCCATGT,6,666703
cpxRp2,1.0,20,10,ACCTTATCATCTTTGTGACC,10,636113
cpxRp2,0.7272727272727273,17,10,ACCTGGTACTGATGTGACGA,7,697762
cpxRp2,1.9090909090909092,30,10,ACCTAAACAAAGTAGTTGTG,20,657705
cpxRp2,0.36363636363636365,13,10,ACCCGCCGGACGAGATGATC,3,706581
cpxRp2,0.36363636363636365,13,10,ACCCGACATGAGATTCTTCC,3,643771
cpxRp2,0.18181818181818182,11,10,ACCCCCTTACGGCGGCTCTG,1,697192
cpxRp2,0.7272727272727273,17,10,ACCCCACCGTTTCCGGTTCG,7,646860
cpxRp2,0.7272727272727273,17,10,ACCATGCCTCGGCACAATTC,7,640190
cpxRp2,0.45454545454545453,14,10,ACCATCCTTGTGTTCAGGTC,4,686034
cpxRp2,1.2727272727272727,23,10,ACATTCTAAGTATGGTGAAA,13,685193
cpxRp2,0.8181818181818182,18,10,ACATGGTTCCATCTTTTGTA,8,671634
cpxRp2,1.2727272727272727,23,10,ACATGATTCGCACGAAAACG,13,685226
cpxRp2,0.45454545454545453,14,10,ACATACGTACTGCACTCATT,4,673373
cpxRp2,0.36363636363636365,13,10,ACAGTAGTTCGAATCCTTCA,3,653729
cpxRp2,1.0,20,10,ACAGTAGTCCTACCGATAGC,10,662477
cpxRp2,2.4545454545454546,36,10,ACAGTACAACAGCTAGTTTT,26,664540
cpxRp2,0.2727272727272727,12,10,ACAGCGAGAAGGCGAAAGGT,2,635530
cpxRp2,2.1818181818181817,33,10,ACAGCCTGAGTTATATCACC,23,631265
cpxRp2,0.9090909090909091,19,10,ACACTTAAAAAAAGTCAGCT,9,639301
cpxRp2,1.8181818181818181,29,10,ACACTACGCACCCGGGCACT,19,634796
cpxRp2,1.7272727272727273,28,10,ACACTACATCGTCGTTAATT,18,678092
cpxRp2,0.45454545454545453,14,10,ACACGGGCTCACTGGACCCT,4,686518
cpxRp2,0.36363636363636365,13,10,ACACCTCTGAGTGAGCGGGT,3,638811
cpxRp2,0.9090909090909091,19,10,ACACCTACTTTGGGACGAGA,9,675117
cpxRp2,0.7272727272727273,17,10,ACACACCCGTAATGCCGTCA,7,635171
cpxRp2,0.2727272727272727,12,10,ACAAAAGTGTATCCCGGCAG,2,652402
cpxRp2,0.6363636363636364,16,10,AATTGACATACGTTATTATC,6,669416
cpxRp2,0.6363636363636364,16,10,AATTATGCCAGCATGCGGCC,6,631532
cpxRp2,0.2727272727272727,12,10,AATGTTTGCAGTGTTCAGCC,2,667856
cpxRp2,0.5454545454545454,15,10,AATCCCGGTATGAGGCTAGG,5,647346
cpxRp2,0.2727272727272727,12,10,AATCCAAGTATGCCTAGTGC,2,643765
cpxRp2,1.6363636363636365,27,10,AATAGGGTAAACTGGGGATC,17,665213
cpxRp2,1.7272727272727273,28,10,AATAGAGTCTAGGGCGCTAC,18,667695
cpxRp2,0.9090909090909091,19,10,AAGTGTTAGCCGGAGCAGAT,9,706541
cpxRp2,0.45454545454545453,14,10,AAGTCGTTTCACAGTGAAGT,4,699478
cpxRp2,1.0,20,10,AAGTATTGAGTATTCGGGAC,10,629793
cpxRp2,0.45454545454545453,14,10,AAGGGTCCTAGTTTGCCAAT,4,646646
cpxRp2,0.45454545454545453,14,10,AAGGGGTGGTTAACTGGACG,4,707832
cpxRp2,0.36363636363636365,13,10,AAGGCTTTGGAGAAGAGCCG,3,667705
cpxRp2,0.18181818181818182,11,10,AAGGCCTAAATTTCCGGAGG,1,656759
cpxRp2,0.18181818181818182,11,10,AAGGAGTCAGGACATTAGTG,1,691045
cpxRp2,0.2727272727272727,12,10,AAGCAATCTGAAGTGCATCT,2,672427
cpxRp2,0.18181818181818182,11,10,AAGATCCATCTTGGGCCGAA,1,711908
cpxRp2,0.36363636363636365,13,10,AAGAGATATAGCCCGGCTCC,3,630834
cpxRp2,0.36363636363636365,13,10,AAGACTTTTCGTCGCAGGGA,3,649210
cpxRp2,1.0909090909090908,21,10,AAGACATATTCTGAAAGTTA,11,671852
cpxRp2,0.6363636363636364,16,10,AAGACACAGGCCCTTCCGTA,6,703056
cpxRp2,0.2727272727272727,12,10,AACTTTATTACTACGTGCCT,2,687089
cpxRp2,0.18181818181818182,11,10,AACTAGCCGGGTGTAAGTTT,1,691382
cpxRp2,0.2727272727272727,12,10,AACGCGTAAGACTGACCCTC,2,655728
cpxRp2,1.1818181818181819,22,10,AACGCAGCGGCTCTCCACTG,12,699651
cpxRp2,1.0909090909090908,21,10,AACGAGGTTAATCGTCGAGT,11,663006
cpxRp2,0.5454545454545454,15,10,AACGAGAGCATTCACCTTAG,5,705749
cpxRp2,1.0909090909090908,21,10,AACCGATTTTGATTATCCCT,11,660660
cpxRp2,0.8181818181818182,18,10,AACCATGTACATCTTGAGAG,8,655086
cpxRp2,0.36363636363636365,13,10,AACATGGTATTCACGAAGCG,3,688559
cpxRp2,0.36363636363636365,13,10,AACATCCCCAGTTTTCTAGT,3,697496
cpxRp2,0.7272727272727273,17,10,AAATTCACTGGAACTTCGGG,7,710895
cpxRp2,0.18181818181818182,11,10,AAATCGTTAGCTCGTGTGAG,1,673782
cpxRp2,0.18181818181818182,11,10,AAATCCGTGAGTCGTCATGT,1,711417
cpxRp2,0.8181818181818182,18,10,AAAGGTTTATGATGTACTGG,8,646184
cpxRp2,1.1818181818181819,22,10,AAAGCCGTAGACCCCGCCTT,12,686274
cpxRp2,0.45454545454545453,14,10,AAACTGCCTAGCACTAATTT,4,635976
cpxRp2,0.5454545454545454,15,10,AAACTATACTAGGTCATTTT,5,680225
cpxRp2,0.36363636363636365,13,10,AAACGTATCCGTCTCTGGTG,3,641618
cpxRp2,2.272727272727273,34,10,AAACGCACTGCGGGCATATC,24,654156
cpxRp2,0.9090909090909091,19,10,AAACAGGCGATCGCTGGAGT,9,675653
cpxRp2,0.5454545454545454,15,10,AAAATCAAAGGACACCACCA,5,676620
cpxRp2,2.5454545454545454,37,10,AAAACGCCTATTCGTCTACA,27,706300
cpxRp2,2.0,31,10,AAAAAGGTGGAGAGGCTGAG,21,653711
cpxRp2,0.2,10,9,TTTTGAGGAGGGTCGCGACC,1,632222
cpxRp2,0.3,11,9,TTTTACACGGCCATCTCGAT,2,685274
cpxRp2,0.5,13,9,TTTGGTGGTGCGTAGGCGGA,4,654152
cpxRp2,0.3,11,9,TTTGCGGCGCCCATCAAGTT,2,692678
cpxRp2,0.3,11,9,TTTGAACGGGGACACTCCGA,2,702127
cpxRp2,1.3,21,9,TTTCTTTTCCGCAGGAACTT,12,648735
cpxRp2,2.0,28,9,TTTCAATGCGAACGTATAAC,19,664815
cpxRp2,6.7,75,9,TTTAGATTAAGCAGCTCTGT,66,644260
cpxRp2,0.4,12,9,TTGTTCATCATGCCCGACCC,3,648852
cpxRp2,0.9,17,9,TTGTGTAAAGGGAGCGAAGA,8,646965
cpxRp2,0.8,16,9,TTGTGCGTATATTCAGTCAC,7,685587
cpxRp2,0.4,12,9,TTGTGCCCCATGTATTGGTT,3,700692
cpxRp2,1.5,23,9,TTGTATCCACTCTCGCATCA,14,701103
cpxRp2,0.2,10,9,TTGGGATCCCTGTGGGTCGC,1,691933
cpxRp2,0.3,11,9,TTGGCTTCTTATGCAGATCT,2,689069
cpxRp2,0.5,13,9,TTGGCGTTTTTGTCATTCCC,4,637598
cpxRp2,0.2,10,9,TTGGCGCTCATAGAGTGATA,1,704206
cpxRp2,0.7,15,9,TTGGACTCTGTCACTTTGAT,6,655189
cpxRp2,0.4,12,9,TTGCTAGCTGGGGTGATCAA,3,647620
cpxRp2,0.5,13,9,TTGCGTCAAGGGCAAGAACC,4,691406
cpxRp2,0.3,11,9,TTGCGCAATTGTGTCCATCA,2,659682
cpxRp2,0.9,17,9,TTGCATGGAAGGCGTCATGG,8,637088
cpxRp2,1.6,24,9,TTGCATCACGAACCTGGCGT,15,679466
cpxRp2,0.6,14,9,TTGATAGGGCTCTGATAAGC,5,704659
cpxRp2,0.9,17,9,TTGAAGAGATATCTCAGGGT,8,654194
cpxRp2,0.2,10,9,TTCTTTTGAACCAGAGTATT,1,659074
cpxRp2,0.2,10,9,TTCTGCACATTTTTTTCATT,1,631647
cpxRp2,0.5,13,9,TTCTGAAACGCCCAAACTGC,4,700341
cpxRp2,0.7,15,9,TTCTCGTATCTAAATTGACT,6,683950
cpxRp2,0.6,14,9,TTCTCACTCTGTTTACAGGA,5,642329
cpxRp2,1.4,22,9,TTCTACGCGAAACGCGCTCC,13,671573
cpxRp2,1.4,22,9,TTCTACCGAAGTTAGAGTTG,13,711372
cpxRp2,0.5,13,9,TTCGTATCGTGACCCCACAT,4,642408
cpxRp2,0.5,13,9,TTCGTAGGTGGTAAAACTTC,4,657712
cpxRp2,0.5,13,9,TTCGGGTCCGATGGGATTGT,4,678154
cpxRp2,4.3,51,9,TTCGCCCGCTTGTTATTACG,42,696036
cpxRp2,0.7,15,9,TTCCGAGGCAAGGTCCCCCT,6,648086
cpxRp2,0.8,16,9,TTCCACTTTCGGCTCTAGCA,7,647908
cpxRp2,0.8,16,9,TTCATTTCCAATTGGTTCGT,7,700164
cpxRp2,0.4,12,9,TTCAGGCTCCAGTCTATCTG,3,660035
cpxRp2,0.3,11,9,TTCACACACAGCTCGCTTTA,2,659122
cpxRp2,1.3,21,9,TTATTTCTTGGAACTCGATA,12,681637
cpxRp2,0.6,14,9,TTATGTCGCGTCGTCGTTAC,5,695396
cpxRp2,0.3,11,9,TTATCCCGGAACAGGTTCTA,2,641509
cpxRp2,0.4,12,9,TTATCCACGGATAATTTCAG,3,648600
cpxRp2,0.9,17,9,TTATACGAATCCGTTGGCCA,8,674640
cpxRp2,0.3,11,9,TTAGTCCTAACGGTTAGAGT,2,634546
cpxRp2,1.5,23,9,TTAGCCCTGGTCCCAAGACC,14,667894
cpxRp2,0.4,12,9,TTAGACAGACTCCCTGACAT,3,697469
cpxRp2,0.9,17,9,TTACTTGTACGCAGGGCAGA,8,646109
cpxRp2,0.3,11,9,TTACGACTGGCCATCGAGAA,2,687607
cpxRp2,0.4,12,9,TTAAGTGAAGTGACATTAAA,3,699013
cpxRp2,0.2,10,9,TTAAGTACCAGGGAAATATA,1,681300
cpxRp2,0.8,16,9,TTAAGGATGTGGCTACCCTC,7,677394
cpxRp2,0.9,17,9,TTAACTATTCGCGACTTGGT,8,650566
cpxRp2,1.6,24,9,TTAAATAGGTGGAGGTTAAC,15,649319
cpxRp2,0.9,17,9,TGTTGCTAATCAGATGGGCA,8,650540
cpxRp2,0.6,14,9,TGTTATCAACGCCGTGGAAT,5,654261
cpxRp2,1.8,26,9,TGTCTTATCAGCACTAGGCT,17,670625
cpxRp2,0.9,17,9,TGTATCTTCTGTGCAATTAT,8,700371
cpxRp2,0.9,17,9,TGTAACTTAGGTGGGCCAAT,8,640128
cpxRp2,0.8,16,9,TGGTTTGTCGCGCTTCTATG,7,678429
cpxRp2,1.0,18,9,TGGTTTCGCACCATATAATA,9,697156
cpxRp2,1.1,19,9,TGGGTAAAAATAACGTTAAG,10,640533
cpxRp2,0.4,12,9,TGGGCTTCACGTCGTGAGAA,3,638792
cpxRp2,1.1,19,9,TGGGCTCGCCTGTTCTATAA,10,645487
cpxRp2,0.4,12,9,TGGCTCGTCGCTTCATGATT,3,711809
cpxRp2,0.5,13,9,TGGCTAACGGTCCGTCACCG,4,660710
cpxRp2,2.0,28,9,TGGCCCTAGTCGAATTGATA,19,670495
cpxRp2,0.2,10,9,TGGCATGGAGCTCAACTAAA,1,657119
cpxRp2,0.7,15,9,TGGAGGCATCTGCGCGGCGC,6,637192
cpxRp2,0.5,13,9,TGGAGGATGTAATTGAACCT,4,688638
cpxRp2,0.9,17,9,TGGACGACAGGTAGGCGAAA,8,702067
cpxRp2,1.4,22,9,TGGACCTGGGAGAGTAAGGT,13,643462
cpxRp2,0.6,14,9,TGGAATATTGGGTGTACCTA,5,672137
cpxRp2,1.1,19,9,TGCTCTAACCAGGCGTAAGA,10,634869
cpxRp2,1.0,18,9,TGCGTCCCAGATGTTGACAT,9,671759
cpxRp2,0.2,10,9,TGCGGTCTGGTGAGAGGCTT,1,693385
cpxRp2,0.7,15,9,TGCGGCTAGCAGCGCCCGAG,6,675703
cpxRp2,0.2,10,9,TGCGGATGATTTCTTTCGAC,1,680121
cpxRp2,1.7,25,9,TGCGGAGGTCGGGTCCCCGT,16,683299
cpxRp2,1.2,20,9,TGCGGAGCAGAACTCACGGG,11,651704
cpxRp2,2.0,28,9,TGCGGAAATGTTGCCGTGGT,19,633303
cpxRp2,0.3,11,9,TGCGCCGGCACGGTGGAGAT,2,649692
cpxRp2,1.3,21,9,TGCGATTTGGCCTTTACACT,12,639152
cpxRp2,1.7,25,9,TGCCTACTGCTCCATTGACA,16,632775
cpxRp2,7.7,85,9,TGCCGCACGTACCTGCCGCC,76,690408
cpxRp2,1.2,20,9,TGCATATGTGAGGGAAGAAT,11,658662
cpxRp2,1.5,23,9,TGCAATATTCTGCGCTTTCT,14,634038
cpxRp2,1.4,22,9,TGCAACCAACCCAAGGATTT,13,647673
cpxRp2,0.9,17,9,TGATGCTGATGGATCACCGG,8,657178
cpxRp2,0.5,13,9,TGAGTACAGTCGTCCGACGT,4,670591
cpxRp2,2.4,32,9,TGAGCCGCGCAGAACCCGAA,23,652441
cpxRp2,0.6,14,9,TGACTCGGTAGCAACGCCAT,5,677009
cpxRp2,1.0,18,9,TGACTCAAGTGAGTTAGTGA,9,675525
cpxRp2,0.3,11,9,TGACGGAATTCCGCACGACC,2,645431
cpxRp2,0.3,11,9,TGACATCAAATGATGATCTT,2,644994
cpxRp2,0.5,13,9,TGACATATTATGAATCAGCA,4,639979
cpxRp2,6.4,72,9,TGAACTCGCGAGTAAGTCCG,63,710849
cpxRp2,0.6,14,9,TCTTTAATACAGTAGTCTCG,5,647403
cpxRp2,3.9,47,9,TCTTGGAGTGGTCGTCGCTA,38,666775
cpxRp2,4.0,48,9,TCTTCGACGCATAAAGGAAG,39,662843
cpxRp2,0.4,12,9,TCTGTGTTGGCACGATAAAT,3,706181
cpxRp2,0.8,16,9,TCTGCGATCGCATCGATCCT,7,681839
cpxRp2,0.6,14,9,TCTGCATCTATGTTGACTTT,5,636716
cpxRp2,1.8,26,9,TCTCTGTCACTCGTGGTCCC,17,671161
cpxRp2,0.2,10,9,TCTCGGTGATACTTAATTCA,1,702468
cpxRp2,0.5,13,9,TCTCGGTAGGAAATGTAGCG,4,661171
cpxRp2,1.3,21,9,TCTCCGACCTTTACTGGGAT,12,644408
cpxRp2,0.7,15,9,TCTATCCCGAGCCACTCTAT,6,690004
cpxRp2,0.2,10,9,TCTACAGGGTCCCGCGCACT,1,660263
cpxRp2,0.2,10,9,TCGGGTACACGTACTCATAC,1,692717
cpxRp2,0.3,11,9,TCGCTTCAGTGATACTACAA,2,680208
cpxRp2,1.9,27,9,TCGCCTGTATCGTCGCCTCA,18,659908
cpxRp2,1.5,23,9,TCGCCCTAGCCTGTTGTTCA,14,664537
cpxRp2,0.2,10,9,TCGCATCAGTTGTTGATCTG,1,665174
cpxRp2,0.3,11,9,TCGAGGTAACCGGGTGGCTA,2,652557
cpxRp2,0.4,12,9,TCGAGCAATTTACTCGTGCT,3,680443
cpxRp2,1.1,19,9,TCGACCGCTTACAGGGACCA,10,644778
cpxRp2,0.3,11,9,TCGACAATGATGCGTACTAG,2,638694
cpxRp2,1.1,19,9,TCCTGCTACCTTGCGCACCC,10,678810
cpxRp2,0.2,10,9,TCCTGCCCAGCCGAATGATC,1,708462
cpxRp2,0.9,17,9,TCCTCTCGTCTTTGTAAGCT,8,661510
cpxRp2,0.2,10,9,TCCTCAATGTTTATTACCGA,1,668428
cpxRp2,3.6,44,9,TCCGATATCTATCTGCGGTG,35,640328
cpxRp2,0.7,15,9,TCCGACTCGTTTGGGTGTTA,6,648524
cpxRp2,0.5,13,9,TCCGACAGGCAATAACACCT,4,705192
cpxRp2,2.4,32,9,TCCAGTCCCACCCCAGTCTG,23,696966
cpxRp2,0.7,15,9,TCCAGGCTCAAAGTGACTAT,6,692953
cpxRp2,2.0,28,9,TCATGTCACTGACTTACTTT,19,672929
cpxRp2,2.6,34,9,TCATGACAGTGTCAAGTATG,25,692985
cpxRp2,0.6,14,9,TCATCCTGAGAGAGTAATAC,5,686220
cpxRp2,1.0,18,9,TCATAATCCATGGCCATTTA,9,686354
cpxRp2,0.3,11,9,TCAGTGCCTATTGACGCCTT,2,700163
cpxRp2,2.0,28,9,TCAGGTTGCCCCCGACCAAT,19,711369
cpxRp2,1.0,18,9,TCAGGTGTGTCTTAACTTAG,9,660888
cpxRp2,0.6,14,9,TCAGCTCTACCTGAGACCCG,5,650699
cpxRp2,1.1,19,9,TCACGCCAACGGCACGTGTT,10,694483
cpxRp2,0.8,16,9,TCACGAGGGGATCTATTGAA,7,638084
cpxRp2,0.4,12,9,TCACGACTATAGAACGTATC,3,642511
cpxRp2,0.3,11,9,TCACCGCTTTACGCCATAAA,2,677411
cpxRp2,0.5,13,9,TCACCCAAAATTATGTTGTC,4,653518
cpxRp2,0.8,16,9,TCACAGACTGGCCTGTCTTA,7,702729
cpxRp2,0.6,14,9,TCAAGTGCATGGTACGATCT,5,681819
cpxRp2,1.0,18,9,TCAACTTATAGTGAGGATCA,9,652630
cpxRp2,0.4,12,9,TATTTAATCTACCCACACAT,3,645672
cpxRp2,0.3,11,9,TATTTAATCGTGAGTTTTAT,2,664033
cpxRp2,0.5,13,9,TATGTCTCTTCAGTATCTTG,4,634550
cpxRp2,0.6,14,9,TATGCATTAGGACACGACGG,5,682756
cpxRp2,1.8,26,9,TATCTTCAAGCAGTCAGGTA,17,673546
cpxRp2,0.2,10,9,TATCTCGGATCACGACCGGG,1,668849
cpxRp2,0.6,14,9,TATCTCGAGTCAAGTGGAGG,5,668115
cpxRp2,1.4,22,9,TATCCATTGATGAAAGAGCC,13,672996
cpxRp2,1.1,19,9,TATCATGAACCGAATGGCTA,10,652163
cpxRp2,1.2,20,9,TATCACTAAATATATAGTGG,11,705859
cpxRp2,1.2,20,9,TATATCCCTCGGACGTAGCT,11,658659
cpxRp2,0.2,10,9,TATAGTATTGGAATCATTTG,1,689239
cpxRp2,0.8,16,9,TATAGAATCTCATATCTTAG,7,687776
cpxRp2,0.8,16,9,TATAACGAAATGGGTCAGGA,7,635855
cpxRp2,0.4,12,9,TAGGCGACCGCCGACTGCGA,3,710396
cpxRp2,2.1,29,9,TAGCGGACCTCCCACAGTCA,20,642635
cpxRp2,0.5,13,9,TAGCGACGCTGTCCCGGGTG,4,658395
cpxRp2,1.1,19,9,TAGCGACGACTTAGTACGCC,10,696831
cpxRp2,1.1,19,9,TAGCCCGGGGAGCTTTGGGG,10,661128
cpxRp2,1.1,19,9,TAGATCTAGTATTAGTGTAA,10,696897
cpxRp2,1.8,26,9,TAGAGGTTGCTGCAATGATC,17,637453
cpxRp2,0.5,13,9,TACTTCAGAATCTTCCATAC,4,684090
cpxRp2,0.6,14,9,TACTGCGATAGAGCATAACG,5,643657
cpxRp2,1.5,23,9,TACTCTGTGGGTAAGATCCA,14,647941
cpxRp2,0.3,11,9,TACTCTCGACATGTGGATTC,2,657790
cpxRp2,0.2,10,9,TACTATCGGGCCATCCAGCG,1,659026
cpxRp2,0.7,15,9,TACTACTTATCTGGTTCCGA,6,653214
cpxRp2,0.4,12,9,TACGGCATGTCTTACGGCGT,3,658879
cpxRp2,0.4,12,9,TACGCTCATGTAGGCATTGT,3,658233
cpxRp2,0.6,14,9,TACGATCTCATGCAGCAGGT,5,649813
cpxRp2,0.2,10,9,TACGAGCATTCGGAAAGGTG,1,664418
cpxRp2,1.6,24,9,TACCCGTATCTGCTTAATTC,15,636843
cpxRp2,0.4,12,9,TACCCCATGTCGGGCTACGG,3,638058
cpxRp2,0.9,17,9,TACCCAGCTGAATATTCGAG,8,657155
cpxRp2,0.7,15,9,TACCATAGGAATCCAGAAGA,6,685831
cpxRp2,0.2,10,9,TACATTATATACAACACGCC,1,687139
cpxRp2,0.4,12,9,TACAGAGCACGGGTAATCGA,3,655966
cpxRp2,0.2,10,9,TACAGACACTCTGATAATTG,1,653683
cpxRp2,0.4,12,9,TACACCGTTTACCGTATAAG,3,635325
cpxRp2,0.9,17,9,TAATGGTCCTTCGGACAGGC,8,688080
cpxRp2,0.2,10,9,TAATGGCATGGATGCAGCGA,1,651214
cpxRp2,0.3,11,9,TAAGTTCCTTAGTAGTCGAA,2,693874
cpxRp2,0.9,17,9,TAAGGCACTCGCTTCCGACC,8,671471
cpxRp2,8.0,88,9,TAAGCGCGTACGATTTGACA,79,712084
cpxRp2,1.1,19,9,TAACGGGACGTACCACTGGG,10,701502
cpxRp2,1.0,18,9,TAACCCGGTTCATTAAGGCA,9,678268
cpxRp2,2.0,28,9,TAACAGTTCTAAAGTGCGAT,19,637241
cpxRp2,2.2,30,9,TAACAGCAAATTAGCGTCCC,21,696394
cpxRp2,0.8,16,9,TAAACTTCCGATGAGGATGG,7,631173
cpxRp2,2.4,32,9,TAAACCCAGTCCCGTCCCGT,23,637162
cpxRp2,4.3,51,9,TAAACACAATATCTTGGGGA,42,688014
cpxRp2,0.3,11,9,GTTTGGAGGCTTTAGAGGGG,2,658278
cpxRp2,1.0,18,9,GTTTGCGCGGCAACGGGTGA,9,708754
cpxRp2,1.0,18,9,GTTGCCGCAGGCCAGCATAG,9,629721
cpxRp2,0.6,14,9,GTTCGTGGAAAGGGCGCAGG,5,672158
cpxRp2,1.5,23,9,GTTCGGTGGAACAATCGCGA,14,632128
cpxRp2,0.2,10,9,GTTCGCGCAGCGTGCCCTGC,1,634692
cpxRp2,1.5,23,9,GTTCGAGTATAAAACTAGGC,14,634106
cpxRp2,1.2,20,9,GTTCAAACTTCAACGGGGCG,11,676683
cpxRp2,2.3,31,9,GTTATTAGCTGGACGGCAGC,22,640337
cpxRp2,0.2,10,9,GTTATACGTCATCTTGATCC,1,668948
cpxRp2,0.5,13,9,GTTAGGCTGTGATAACAAGT,4,701080
cpxRp2,1.0,18,9,GTTAGCATGCGCTAAGGTCA,9,674531
cpxRp2,0.3,11,9,GTTACCCCAAGGCCTTCACT,2,705171
cpxRp2,1.5,23,9,GTTAACAGTCGTTCTCGCTT,14,643100
cpxRp2,0.4,12,9,GTGTTAGCTTGGCCCATCTA,3,697360
cpxRp2,0.4,12,9,GTGTGGATAGAAACGTGCGC,3,653463
cpxRp2,0.4,12,9,GTGTACTTATAGGTCCGAAC,3,653625
cpxRp2,0.3,11,9,GTGTAAGACGCAGGAGCTCG,2,669527
cpxRp2,3.3,41,9,GTGGTGAAGGATCCAGATGG,32,691131
cpxRp2,0.9,17,9,GTGGGTAATCACTGGTTCGA,8,645050
cpxRp2,0.7,15,9,GTGGGAGAAACCTTTGGCAC,6,705418
cpxRp2,0.7,15,9,GTGGCAAACTTACGCAGGAG,6,654159
cpxRp2,2.5,33,9,GTGCTAAGTACTGCAAAGCT,24,677843
cpxRp2,0.7,15,9,GTGCCATGAAATTGGAGACA,6,684887
cpxRp2,0.2,10,9,GTGACATCACGTCATTACTA,1,707262
cpxRp2,1.1,19,9,GTCTTGACCCCCTTGTAAAC,10,660421
cpxRp2,0.5,13,9,GTCTGTGCCGTCTTAAATTG,4,648813
cpxRp2,0.2,10,9,GTCTCGTTCCCATGGTCCAG,1,651132
cpxRp2,0.2,10,9,GTCTCCGGGTTCCCATTGCA,1,638571
cpxRp2,2.3,31,9,GTCTAACGCGGCTAGTCGTT,22,647734
cpxRp2,0.2,10,9,GTCGGAATATGACTTCGCCC,1,704998
cpxRp2,0.3,11,9,GTCGCGATTAGGCAGAGCTT,2,688278
cpxRp2,0.5,13,9,GTCGAAGGGTGGTGCATCGT,4,641598
cpxRp2,0.5,13,9,GTCGAACCGAGGAAGCTATA,4,675928
cpxRp2,0.3,11,9,GTCCTTTGAGGGGGCAGATT,2,645151
cpxRp2,0.3,11,9,GTCCTCGCTTAAACACGGCC,2,694882
cpxRp2,13.7,145,9,GTCCTAATGCAGGCGTCATT,136,709985
cpxRp2,0.6,14,9,GTCCGGATATAGAAGTTTGA,5,652625
cpxRp2,0.9,17,9,GTCCCTGGCGAGTCAGATCC,8,631774
cpxRp2,0.6,14,9,GTCCACGACACAATCGGTAA,5,684744
cpxRp2,0.8,16,9,GTCAGTGTCTAACCGACGGG,7,667579
cpxRp2,1.7,25,9,GTATCCATAAAAGGGCCACT,16,676588
cpxRp2,1.8,26,9,GTATCCAGTCTCACAGTTGA,17,653516
cpxRp2,0.3,11,9,GTATATTTGGTTAGAATTAA,2,665284
cpxRp2,0.2,10,9,GTAGTCGCCAATTGGATGGA,1,682450
cpxRp2,0.5,13,9,GTAGTCCTGCGTTATGTGAT,4,631137
cpxRp2,2.0,28,9,GTAGCTTATCCATATCCTCG,19,691971
cpxRp2,0.3,11,9,GTAGCCTGACTAGAATGCGC,2,642630
cpxRp2,2.2,30,9,GTAGAGTGTTACCAACTGCA,21,667369
cpxRp2,0.6,14,9,GTAAGTTGTATAATTTATCT,5,644787
cpxRp2,0.5,13,9,GTAAAAATGAGTCCAGTCAG,4,704354
cpxRp2,0.7,15,9,GTAAAAAGGACTTTACGGAG,6,640017
cpxRp2,0.4,12,9,GGTTTTAAGTGTGTCACGGC,3,692220
cpxRp2,0.4,12,9,GGTTTCTGGTAAGTCTGGTG,3,650678
cpxRp2,0.3,11,9,GGTTGCCCACTCACAGTTGT,2,640045
cpxRp2,2.1,29,9,GGTTATCTCACATCAGTCCT,20,649258
cpxRp2,2.7,35,9,GGTGCCAACTAAGGGGGACC,26,668227
cpxRp2,0.9,17,9,GGTGAGTCGTATCACTACAT,8,678142
cpxRp2,0.4,12,9,GGTGAGGCTCTTAGAAGCGC,3,649650
cpxRp2,0.5,13,9,GGTCCAGTTTAATGCTGATC,4,694526
cpxRp2,0.8,16,9,GGTCCAGGGGTACCTTTCCA,7,677300
cpxRp2,1.4,22,9,GGTCAGACCTTGGACCCGCG,13,637090
cpxRp2,1.9,27,9,GGTCAATCTCTGACAGATCA,18,708223
cpxRp2,0.2,10,9,GGGTGTGCAAAAGAGTCAGT,1,695031
cpxRp2,0.2,10,9,GGGTCTTTATCAGCCTCGCA,1,647271
cpxRp2,1.7,25,9,GGGGTTTAATCATCCTATAG,16,695082
cpxRp2,1.6,24,9,GGGGGGTGCCCAGCGACGGG,15,707812
cpxRp2,0.3,11,9,GGGGCGGTCCCTTTTCGTAT,2,649113
cpxRp2,3.0,38,9,GGGGCCGACCGAGTCCCCTG,29,670577
cpxRp2,0.4,12,9,GGGGCACAGTTCGTACATTG,3,670933
cpxRp2,1.6,24,9,GGGGAGATTTATAACACGCG,15,652120
cpxRp2,0.4,12,9,GGGGAAGACCGGAGATCGCA,3,656613
cpxRp2,0.7,15,9,GGGCTATGCTTACGTGCCCA,6,657788
cpxRp2,0.5,13,9,GGGCGCGCTATGTTTTCCAG,4,665042
cpxRp2,1.0,18,9,GGGATTTAGGTATGTTCCTT,9,632860
cpxRp2,1.4,22,9,GGGATGGGGAGCGTGGGCTC,13,665029
cpxRp2,0.3,11,9,GGGATCGATGGTCACGACCT,2,706614
cpxRp2,0.3,11,9,GGGAGGTTCGCTAAGTCCGG,2,645909
cpxRp2,1.0,18,9,GGGACTTAGGGCGATTTAGG,9,633456
cpxRp2,0.2,10,9,GGCTGCGGCTAGCAAGTACT,1,633902
cpxRp2,2.4,32,9,GGCGTGGGCATTTCTCGGCC,23,636876
cpxRp2,0.3,11,9,GGCGTGCTGGTAGGAGTAGT,2,689576
cpxRp2,0.2,10,9,GGCGGGACTGCGCGTTCTCG,1,635196
cpxRp2,1.3,21,9,GGCGCCTCGATGGGTATATA,12,701592
cpxRp2,0.4,12,9,GGCGAGCTGCACGCTTCCAA,3,703395
cpxRp2,0.8,16,9,GGCGAAGAACGGAGAACGCA,7,677772
cpxRp2,0.6,14,9,GGCCTCGAGCAGAACGATCC,5,651573
cpxRp2,0.3,11,9,GGCCGGGGCTGTTGCTCGTA,2,632211
cpxRp2,1.0,18,9,GGCCGCGCACCTGCTCGGGG,9,637265
cpxRp2,0.8,16,9,GGCCCGGACAAGGGTCTCAA,7,667362
cpxRp2,8.1,89,9,GGCCACCTGGCTATTTCGGG,80,644263
cpxRp2,0.2,10,9,GGCATAAGCGTTGTCGCTAT,1,670778
cpxRp2,0.8,16,9,GGCAGACAACGCTGCTTCGG,7,706356
cpxRp2,1.2,20,9,GGCAAACTTAAAGTAAAGTT,11,679123
cpxRp2,0.5,13,9,GGATTGCAGACCGGGCTAAC,4,658984
cpxRp2,0.4,12,9,GGATGTACGCAAGTGCTAAA,3,634958
cpxRp2,1.5,23,9,GGATCATGCTCCGATCCGTC,14,670838
cpxRp2,1.0,18,9,GGAGCACAGTTGAAACAGGT,9,651137
cpxRp2,0.7,15,9,GGAGCAACTGAGAACATGCC,6,708945
cpxRp2,0.6,14,9,GGAGAAGAGATTCCAGTATT,5,670338
cpxRp2,0.7,15,9,GGACTAGGGGCCGCTCGTGT,6,690089
cpxRp2,0.3,11,9,GGACGCGTTCGTCAGGAGAA,2,672173
cpxRp2,0.6,14,9,GGAAGTCATCCAGTCCTGCC,5,662302
cpxRp2,0.2,10,9,GGAAGGAAGAGAAAGGTGAA,1,659633
cpxRp2,0.6,14,9,GGAAATGTTCGTGGCAGCGT,5,660592
cpxRp2,1.0,18,9,GGAAAGGAACGCAGCCTAAC,9,631057
cpxRp2,1.3,21,9,GCTTTGCGTAGTTAGAAGCT,12,648845
cpxRp2,0.9,17,9,GCTTGGTATGGACATGTGAG,8,700167
cpxRp2,0.8,16,9,GCTTCGGGGGAGAGTCATCT,7,640783
cpxRp2,0.5,13,9,GCTTCGCATTATTAACGTAG,4,630362
cpxRp2,4.2,50,9,GCTGGCTCTTAAGTAAGTCA,41,679704
cpxRp2,0.7,15,9,GCTGATTTTCCTAGATCAAC,6,636612
cpxRp2,0.4,12,9,GCTGACCTAAGGGTACAGAA,3,654786
cpxRp2,2.0,28,9,GCTCCCACTAATTAGTGTCA,19,646105
cpxRp2,0.5,13,9,GCTACGGTCCGGTCCGTACA,4,678000
cpxRp2,0.7,15,9,GCGTTTTGGTTGCCTCGTGT,6,695354
cpxRp2,0.7,15,9,GCGTCTGCGGACTTTCTAGG,6,680558
cpxRp2,2.0,28,9,GCGTCCGCCAAAAGACCTTG,19,704437
cpxRp2,0.4,12,9,GCGTCAATCCCAGCGAGGGT,3,690129
cpxRp2,0.8,16,9,GCGTAACGGCGTGTGTTTAT,7,672916
cpxRp2,6.7,75,9,GCGGCAAACAATTTGCATAG,66,659755
cpxRp2,0.8,16,9,GCGCTTAGATCCTCACAGGG,7,642152
cpxRp2,1.0,18,9,GCGCTGGTCAGCCTTCGGGT,9,680170
cpxRp2,0.8,16,9,GCGCCTTGTTATGTGACGAA,7,688411
cpxRp2,0.2,10,9,GCGCCGACGCACCTGTATTA,1,695323
cpxRp2,0.7,15,9,GCGCATAACGCATTGCCACT,6,635671
cpxRp2,1.2,20,9,GCCTGGCTTGGGCACTCTGT,11,676044
cpxRp2,0.4,12,9,GCCTAGTGAGGCGTTCATAG,3,644762
cpxRp2,1.3,21,9,GCCGCCGAGCAACGGGTAAT,12,634343
cpxRp2,0.5,13,9,GCCCTGCCCTTCATTCTCTA,4,705289
cpxRp2,1.4,22,9,GCCCTCACACTTCGTCTGAC,13,672779
cpxRp2,1.3,21,9,GCCCGGCGACGTTGATATGT,12,633374
cpxRp2,0.9,17,9,GCCCGAAGTCTGCGGGCTTA,8,635240
cpxRp2,0.2,10,9,GCCCCGATGTATAGCGTAGT,1,664737
cpxRp2,1.4,22,9,GCCCAAATGTTGTGGCGCAA,13,672054
cpxRp2,3.4,42,9,GCCATGCGGGCAGCTACCAT,33,648503
cpxRp2,0.9,17,9,GCCAGGTAAGGCAGACGTAA,8,683047
cpxRp2,0.9,17,9,GCCAATGCCTATGTAGAATT,8,707997
cpxRp2,1.1,19,9,GCATTCTGAGGTAGATCGGT,10,660014
cpxRp2,1.1,19,9,GCATGACACGCAACTAAGCG,10,709945
cpxRp2,0.4,12,9,GCAGTGAGTATGCCACCGCT,3,671499
cpxRp2,0.2,10,9,GCAGGATCGCTAGGGACGAG,1,654864
cpxRp2,1.2,20,9,GCACTTCTCTTCCAGATACA,11,709270
cpxRp2,0.3,11,9,GCACAGTTACGTATGTTCGA,2,695662
cpxRp2,0.9,17,9,GCAATTGGTGGGACGAGTCA,8,682146
cpxRp2,0.3,11,9,GCAATTCACACGAGCAAACC,2,675055
cpxRp2,1.0,18,9,GCAATCCCCCGGCGAATACA,9,693671
cpxRp2,1.4,22,9,GCAAGAAATCTTTACTATGT,13,685135
cpxRp2,0.3,11,9,GCAAAATAGCAATCAAGCTC,2,641741
cpxRp2,0.3,11,9,GATTTAGCTGTGGGGTACGG,2,650654
cpxRp2,0.2,10,9,GATTAAATGCGTAGGCATAG,1,679198
cpxRp2,0.7,15,9,GATGCGCGCGAGGGCAGAAC,6,642224
cpxRp2,0.2,10,9,GATGAACCTGCCCTCTGAGA,1,644474
cpxRp2,1.0,18,9,GATCTTTAATGAAATGAGCA,9,630764
cpxRp2,0.4,12,9,GATCTGGGGAAAAGACTTGG,3,633053
cpxRp2,3.7,45,9,GATCTCGACATGTTCCAGGT,36,685812
cpxRp2,0.6,14,9,GATCGGGCTGTTAGGTTGTT,5,673742
cpxRp2,0.5,13,9,GATCCGAGCCCTACCCGCAG,4,678476
cpxRp2,0.2,10,9,GATACTGAGAAGCATTGCTG,1,696810
cpxRp2,0.7,15,9,GAGTTGCCAGGTTCGGTCTC,6,664739
cpxRp2,1.0,18,9,GAGTTCGTGCCGTCTGCTCT,9,710906
cpxRp2,1.2,20,9,GAGTCGGGAGGATAGACGAC,11,706398
cpxRp2,0.5,13,9,GAGTCCCGCCTTGCAGTTCG,4,677301
cpxRp2,0.5,13,9,GAGTAGCACAGTTACACACT,4,651340
cpxRp2,0.7,15,9,GAGGCGCAGCATGGTGAATT,6,634211
cpxRp2,0.4,12,9,GAGGATAATGGCGCCGGTAT,3,642464
cpxRp2,0.9,17,9,GAGGAGTGGTCCAGTCTATG,8,695357
cpxRp2,1.1,19,9,GAGCGAGACAATCTGCTCGG,10,685022
cpxRp2,0.7,15,9,GAGCCGGCGATTTGATTCGA,6,680413
cpxRp2,1.8,26,9,GAGATTGACCGGTGGATGTG,17,645691
cpxRp2,0.6,14,9,GAGACGAGGTGTCGTCTTCT,5,636795
cpxRp2,0.5,13,9,GACTTAAACGACCGGAGACA,4,677621
cpxRp2,0.7,15,9,GACTGCTGGACACTGTCTCT,6,640647
cpxRp2,1.3,21,9,GACTCCGCCCGTTAGCATGC,12,704951
cpxRp2,0.3,11,9,GACTAGCACCCTCTCGCTCT,2,656367
cpxRp2,1.2,20,9,GACGTATTTCTAACCGTTCT,11,655373
cpxRp2,2.1,29,9,GACGCTTCGGTGCCAACTCT,20,635378
cpxRp2,0.3,11,9,GACCTACTTGAGAAGAGTCT,2,643405
cpxRp2,1.0,18,9,GACATATGACCGCCGAATTA,9,692225
cpxRp2,0.5,13,9,GACACTGACCCTGGCGCCAG,4,632728
cpxRp2,0.2,10,9,GACACGTATCGACAGATTTG,1,709243
cpxRp2,0.3,11,9,GACAAATCCGACCTGTCGAT,2,657210
cpxRp2,1.7,25,9,GAATGTATGTAATACTTTGA,16,687474
cpxRp2,0.9,17,9,GAATGCCGCTCATTAGAAAC,8,648070
cpxRp2,1.1,19,9,GAATCGCGACCTTGGCGCCC,10,699484
cpxRp2,1.7,25,9,GAATCCAAGGGTGGAAAATC,16,651129
cpxRp2,1.0,18,9,GAATAGCTTATGTGCCGCGA,9,701289
cpxRp2,2.0,28,9,GAAGTTGTAGATACTAAGCT,19,694579
cpxRp2,0.2,10,9,GAAGAGACATGCTGTTCCGA,1,661613
cpxRp2,0.5,13,9,GAAATTACTAAGTGTGGACC,4,710044
cpxRp2,0.8,16,9,GAAATGTCTCTCGAGTTAGT,7,701326
cpxRp2,0.6,14,9,GAAAGAGGTCGCCTATTGCG,5,655901
cpxRp2,4.7,55,9,GAAAGACTAGAGTACCGATT,46,685103
cpxRp2,0.2,10,9,CTTTTCTAAAGAGGTCTAAG,1,679577
cpxRp2,0.2,10,9,CTTTACCTCTTAACGCTGTG,1,653967
cpxRp2,0.3,11,9,CTTGATGGTAAGTGCTAGAA,2,638729
cpxRp2,1.8,26,9,CTTGATGAGCCATAATCGCA,17,672135
cpxRp2,0.5,13,9,CTTCGTCAACATTTCGAGTC,4,693363
cpxRp2,0.6,14,9,CTTCGCCAGTCACTCAAAGG,5,699069
cpxRp2,0.7,15,9,CTTCCGCACTTTAGGTTCTG,6,640257
cpxRp2,1.5,23,9,CTTATACCTCCCACCTCACC,14,637205
cpxRp2,1.7,25,9,CTTAAATCTGTCTGTGGGTG,16,711955
cpxRp2,1.0,18,9,CTGTTGCGTTGAGGTACCAA,9,670054
cpxRp2,0.6,14,9,CTGTGCAACATGTATCCGCT,5,654686
cpxRp2,0.6,14,9,CTGTAAGGTCAACTTGAACC,5,693075
cpxRp2,1.2,20,9,CTGGTCCGGGAGCTGGCACT,11,660142
cpxRp2,0.7,15,9,CTGGCGTTCACACGACGAGA,6,703515
cpxRp2,0.7,15,9,CTGGCGCTGGAGCTGGGACG,6,651431
cpxRp2,1.1,19,9,CTGGATCGCGAGGACGGATA,10,693231
cpxRp2,0.8,16,9,CTGCTAAGGAAGTTAGCGGA,7,636247
cpxRp2,0.5,13,9,CTGCCCTATATATGGCGCTT,4,669651
cpxRp2,0.9,17,9,CTGCAGCCGACGGGCGAAGT,8,652697
cpxRp2,0.7,15,9,CTGCACCCTCCCGGCCGCAT,6,634925
cpxRp2,1.1,19,9,CTGAGCGTCCCCCGTGTTAA,10,660008
cpxRp2,0.4,12,9,CTCTTTTAGTAGAGTTTCTC,3,675293
cpxRp2,1.0,18,9,CTCTGTGGCAGTCCGTAACG,9,652342
cpxRp2,1.1,19,9,CTCTAATTTGCCATTATAAA,10,651849
cpxRp2,0.5,13,9,CTCGTCTTGACTTACTCTGC,4,653767
cpxRp2,0.6,14,9,CTCGTAGTGCTCTGGGGTTA,5,681861
cpxRp2,1.7,25,9,CTCGCTAGTTTGAGCGTCCA,16,680978
cpxRp2,1.1,19,9,CTCCTCGCGACGAACTTGCG,10,674152
cpxRp2,0.2,10,9,CTCCTAGCAGCAATTCGGGT,1,682521
cpxRp2,0.6,14,9,CTCAGGAGTGAACGCGATCA,5,632086
cpxRp2,0.7,15,9,CTCAGATTTTACACGATCTA,6,647267
cpxRp2,0.3,11,9,CTCACTCCTGTGTAAATATC,2,700728
cpxRp2,0.2,10,9,CTCACGAGCGAGTCTCAATT,1,656723
cpxRp2,0.4,12,9,CTCAAAACGCACTCGTATTG,3,664742
cpxRp2,0.2,10,9,CTATTACCGAGGCTCGGTGA,1,680348
cpxRp2,1.6,24,9,CTATCATCCTGAGGCCATTG,15,707092
cpxRp2,1.9,27,9,CTATCACGGCGCCCTCGTTC,18,632532
cpxRp2,1.5,23,9,CTATACACAGCAGGCATAGT,14,693032
cpxRp2,1.0,18,9,CTAGTGTAGGGGACAATCAC,9,708894
cpxRp2,0.8,16,9,CTAGCTAGCAGGGATAATAA,7,663117
cpxRp2,0.5,13,9,CTAGCAATAACTAGGTAGAT,4,690908
cpxRp2,0.2,10,9,CTACCGTACTGAACTAACGT,1,711406
cpxRp2,0.7,15,9,CTAATCTGGTGACTGCAGAT,6,650786
cpxRp2,0.2,10,9,CTAAGGGCTTAGCCATCGCG,1,635639
cpxRp2,1.6,24,9,CGTTTTTGTTGTTCTCACGG,15,646910
cpxRp2,1.4,22,9,CGTTTTATACAAGTATAAAC,13,688907
cpxRp2,1.2,20,9,CGTTCATACGACAATGACAG,11,631302
cpxRp2,1.3,21,9,CGTGTGGTGAATCGATCTGA,12,676270
cpxRp2,0.6,14,9,CGTGGGGTCCTGTTCTACTG,5,648614
cpxRp2,0.5,13,9,CGTGGGCGACGCACAGACGA,4,696427
cpxRp2,0.7,15,9,CGTGGCCAAGCGCATAGATT,6,630680
cpxRp2,0.5,13,9,CGTGGCATTTAAGCCCCTGA,4,667310
cpxRp2,1.1,19,9,CGTGGATGACACGTACAGTC,10,696165
cpxRp2,0.4,12,9,CGTGACATGAGACCGGCGGC,3,668484
cpxRp2,1.1,19,9,CGTGAACGGATAGTTGTTAG,10,677689
cpxRp2,0.5,13,9,CGTCTGTGTCTATGCATGAT,4,658877
cpxRp2,0.4,12,9,CGTCTGCCTACTAAAGTCCC,3,706691
cpxRp2,0.8,16,9,CGTCTACGCGTTTCTGCTGG,7,672912
cpxRp2,0.6,14,9,CGTCGTGCTTTTGGACCTTT,5,706195
cpxRp2,1.7,25,9,CGTATCGGAGACACGCGAAT,16,650917
cpxRp2,1.0,18,9,CGGTTTTGAGAACCCGGGCA,9,633851
cpxRp2,0.3,11,9,CGGTGGTGGGGGCCGATATA,2,673322
cpxRp2,0.8,16,9,CGGTCCCCTCAGGGAACGAA,7,631122
cpxRp2,0.9,17,9,CGGTAGGGGCCAACTCGCCA,8,706550
cpxRp2,3.9,47,9,CGGGTTAAGGGGCGGGACGT,38,650266
cpxRp2,0.2,10,9,CGGGTCACCCCGCGTCCACA,1,694875
cpxRp2,0.3,11,9,CGGGCGCTTACCTGATCCGG,2,698413
cpxRp2,0.2,10,9,CGGCTGACCACACACGGCGA,1,703644
cpxRp2,1.9,27,9,CGGCTCGCTCGACGGCATTG,18,651994
cpxRp2,1.2,20,9,CGGCTCCCCCACCGACGTAG,11,635523
cpxRp2,1.0,18,9,CGGCGTATGGTAGCACAAAG,9,671128
cpxRp2,2.0,28,9,CGGATTAAACAGCACCTAGA,19,636942
cpxRp2,0.6,14,9,CGGAAGTGTGTCAGAGAGAA,5,671544
cpxRp2,0.6,14,9,CGCTTTCCCAGGCAACTGGC,5,661944
cpxRp2,0.3,11,9,CGCTTCTTGCAAGACAATGG,2,655724
cpxRp2,0.4,12,9,CGCGTCCGATTCAAGGTCGG,3,708060
cpxRp2,0.5,13,9,CGCGGCTCAAAAATCGTGCG,4,669768
cpxRp2,1.5,23,9,CGCGGCGACATCCGCCGGTG,14,662992
cpxRp2,0.2,10,9,CGCCCAGACCATTGACATCT,1,703162
cpxRp2,0.6,14,9,CGCAGCATACGCTTGATATC,5,646377
cpxRp2,0.2,10,9,CGCAATGGGCCGGACGACAA,1,660790
cpxRp2,0.8,16,9,CGATTCGTTTTCGTGCCCGG,7,643878
cpxRp2,0.7,15,9,CGATCGGGTTCCACAAGCCA,6,664775
cpxRp2,1.4,22,9,CGATCCTTTAGGCCGTAGGT,13,670396
cpxRp2,2.1,29,9,CGAGTGGGAACAAGGACTGG,20,673750
cpxRp2,0.9,17,9,CGAGTGAACCGCACACCTGA,8,632168
cpxRp2,0.2,10,9,CGAGGTACGAGCTCTTGCCT,1,644926
cpxRp2,1.8,26,9,CGAGGACCCTCGCGCCCAGG,17,632781
cpxRp2,0.6,14,9,CGAGGACCATACGTAACTGG,5,701045
cpxRp2,0.9,17,9,CGAGACGGGTGGTCAGGAAG,8,652119
cpxRp2,0.4,12,9,CGACTATGTCGCCACTAAAG,3,707575
cpxRp2,1.8,26,9,CGAATTGCTGCAGAAAATTC,17,639128
cpxRp2,0.4,12,9,CGAAGACCTATTCCAGGCTG,3,677916
cpxRp2,0.6,14,9,CGAAATAGGCATCATACAGG,5,650302
cpxRp2,1.4,22,9,CCTTGTACATAATGTTTCCT,13,634271
cpxRp2,0.6,14,9,CCTTCAGTAAACCTTTCCAT,5,695701
cpxRp2,1.0,18,9,CCTTAGGCCAAGCCATAGTT,9,704272
cpxRp2,0.3,11,9,CCTTAAATTCCTTCGGCGAT,2,662649
cpxRp2,1.3,21,9,CCTGTTAGGGCCGTCTGGTG,12,657149
cpxRp2,0.7,15,9,CCTGTACGAACATTCCCTCA,6,687175
cpxRp2,4.9,57,9,CCTCTTTTTTATCCGTGGAA,48,661418
cpxRp2,0.2,10,9,CCTCTGGCGCCATTGGCTGG,1,688788
cpxRp2,0.3,11,9,CCTCTCGTGACCCGCCTTTG,2,634420
cpxRp2,0.4,12,9,CCTCCGCATTTCCCATCTGA,3,631391
cpxRp2,1.2,20,9,CCTCACGGGTGACGCTGCTC,11,669918
cpxRp2,0.6,14,9,CCTATGTTACCGTATTCAGA,5,642833
cpxRp2,0.6,14,9,CCTACAGAAAGGCGTGTGAT,5,661978
cpxRp2,1.2,20,9,CCGTTTCGGTTCTAGAGCGA,11,686665
cpxRp2,0.2,10,9,CCGTGCTTACAAAGGTGTTG,1,651642
cpxRp2,5.3,61,9,CCGTGCTACAAATGATGTTT,52,673042
cpxRp2,0.8,16,9,CCGTGCGCTAATTTGTTTAG,7,687345
cpxRp2,1.3,21,9,CCGTAAGCCGAGCAGCCGGA,12,680761
cpxRp2,0.2,10,9,CCGGTAAAGGGAACCGTGTG,1,687774
cpxRp2,0.8,16,9,CCGGCAACTTGCATTCGGCG,7,712175
cpxRp2,0.7,15,9,CCGGACACATCGTCAGTCTA,6,698293
cpxRp2,1.1,19,9,CCGCTCAACAAATAGTCATT,10,643309
cpxRp2,0.5,13,9,CCGCGGTCACACACGAGGTA,4,635732
cpxRp2,0.4,12,9,CCCTTGCTGAAATCGAGGTT,3,710869
cpxRp2,0.4,12,9,CCCTTCTATTGGCCCGCACT,3,689141
cpxRp2,0.2,10,9,CCCTGGCGGCTCGATTGGCA,1,651858
cpxRp2,0.6,14,9,CCCTGAAGAGCCGATGTCAC,5,654496
cpxRp2,0.3,11,9,CCCTCGTGACATCCCAAACT,2,639222
cpxRp2,1.1,19,9,CCCTAGGTTCTAAATCCGGT,10,667837
cpxRp2,0.2,10,9,CCCTAGCCTATATAATACGT,1,645400
cpxRp2,0.2,10,9,CCCTAGAAAATCCTCACCCG,1,707215
cpxRp2,1.1,19,9,CCCGTGTGCATCGCTTATAA,10,705454
cpxRp2,0.5,13,9,CCCGGCCGGGCGGTGACGCA,4,678940
cpxRp2,0.7,15,9,CCCGGAGATGTCATTGACCA,6,678557
cpxRp2,2.0,28,9,CCCGCAAAGTTGGCACGCGT,19,694220
cpxRp2,0.4,12,9,CCCGACAGTTCTGCATTAAC,3,672161
cpxRp2,0.2,10,9,CCCCTTCGTAGTTGGCCTGA,1,662463
cpxRp2,0.2,10,9,CCCCTGCGGATACATAGGAG,1,637794
cpxRp2,0.4,12,9,CCCCTATTGCTGCTGGAGAG,3,707719
cpxRp2,0.2,10,9,CCCCGTCAAGAACATAGCGA,1,660445
cpxRp2,0.6,14,9,CCCCGGCTGTGTGTCCGAAT,5,661508
cpxRp2,0.8,16,9,CCCCCGATAACTGGCGGCCA,7,671046
cpxRp2,1.1,19,9,CCCATGGAGTGGCTAAATTA,10,678942
cpxRp2,1.9,27,9,CCCAGGTTTAGTTCAGAACG,18,633560
cpxRp2,1.4,22,9,CCCACTAGAGAGGAGGTTCT,13,681734
cpxRp2,1.7,25,9,CCCAATTGCGTCATGGACCA,16,644311
cpxRp2,0.4,12,9,CCCAATACACAACGGGTAAC,3,642297
cpxRp2,0.6,14,9,CCATGTGTAGCTTTTTGATA,5,636715
cpxRp2,0.2,10,9,CCATGCGTACTTTAGGACCG,1,707321
cpxRp2,0.4,12,9,CCATGAGCCTTGCGTAGTGA,3,700846
cpxRp2,0.2,10,9,CCATCCTTGATTTCATTTCC,1,685122
cpxRp2,8.1,89,9,CCAGTATTTGTTGCTTTCGC,80,631163
cpxRp2,1.2,20,9,CCAGTAATACTCGCTGTACA,11,689204
cpxRp2,0.9,17,9,CCAGGGCACGCTACGTGAGT,8,683838
cpxRp2,0.4,12,9,CCAGAATGGCTGAGATACTC,3,681319
cpxRp2,0.9,17,9,CCACGATCTACAAACTAGGT,8,656274
cpxRp2,1.2,20,9,CCACAGGAGAGTGCGCTGTG,11,659489
cpxRp2,0.2,10,9,CCAATTACAGCGGTCAGTGC,1,705270
cpxRp2,0.8,16,9,CCAATAAATACCTACCAATG,7,682592
cpxRp2,3.6,44,9,CCAACGGGCTGCGTCAAGGC,35,702113
cpxRp2,1.8,26,9,CCAACGCCCGGGACATCCTA,17,631872
cpxRp2,7.9,87,9,CCAAATAGCCCCGCGTAATG,78,648508
cpxRp2,0.2,10,9,CATTTAGGCCGTTGACCTAC,1,670077
cpxRp2,1.1,19,9,CATTGCAAAAGACATCGTGA,10,660887
cpxRp2,0.5,13,9,CATTCCACCTCAACAGGTAA,4,699295
cpxRp2,0.6,14,9,CATGTAAAGGTAAAGTCGGT,5,701242
cpxRp2,0.3,11,9,CATGCTTCCGCTCTGGGCGA,2,677669
cpxRp2,1.0,18,9,CATGCCATTGCGTACAAGCC,9,661445
cpxRp2,0.2,10,9,CATCGTAATACCCGGGTGGT,1,652105
cpxRp2,0.2,10,9,CATCGAATGGGATAGCGGCT,1,633691
cpxRp2,0.6,14,9,CATCCGGTTGGTGCCAGGCT,5,644336
cpxRp2,1.3,21,9,CATCCCGTGGGTTTCCCACT,12,642358
cpxRp2,6.8,76,9,CATAGGGAAATCTGGTGTAA,67,635127
cpxRp2,0.7,15,9,CATAGGCGAGGCGCTGCGAA,6,678285
cpxRp2,1.4,22,9,CAGTCCCTAGTAAGCTGGGA,13,651923
cpxRp2,0.5,13,9,CAGGTGCTTACCGAAAGTCC,4,667688
cpxRp2,0.9,17,9,CAGGTATTCCATTGCAGGCG,8,648962
cpxRp2,2.3,31,9,CAGGGTCTAGATCCAGAATC,22,646645
cpxRp2,0.2,10,9,CAGGGGGGGGAGCACAATGC,1,661949
cpxRp2,0.7,15,9,CAGGGGAGTGATTACCTGCC,6,660478
cpxRp2,0.6,14,9,CAGGGCTCAGCGTGCTTTCT,5,658522
cpxRp2,0.5,13,9,CAGGACTGCCTGTCTCCGAC,4,695445
cpxRp2,1.6,24,9,CAGCGGTGTATCTGTCTAAA,15,670536
cpxRp2,1.5,23,9,CAGACGTCACATATGGCGCG,14,652946
cpxRp2,0.5,13,9,CAGAATGCACGGTCAATTAT,4,686254
cpxRp2,0.2,10,9,CACTTTTTAGGGTTGGTTTG,1,643254
cpxRp2,0.4,12,9,CACTTTACGCACCGATAATG,3,708426
cpxRp2,1.8,26,9,CACTTACGCAAGACTCCGCG,17,692442
cpxRp2,1.7,25,9,CACTGCGGCGGCAGTATAGT,16,697209
cpxRp2,1.5,23,9,CACTGAATAAGGCCATCAAA,14,660774
cpxRp2,3.9,47,9,CACTATCCGGAATGTGTCCT,38,708136
cpxRp2,0.5,13,9,CACTACGTAGGCGCCCATAG,4,680852
cpxRp2,1.1,19,9,CACGTTCAGTTGTTCTTTCG,10,655956
cpxRp2,1.4,22,9,CACGGGGTTCCGACGAGGGG,13,680068
cpxRp2,1.6,24,9,CACGGCAACCACGGCAGGAT,15,663676
cpxRp2,0.7,15,9,CACGAGGTAAACATCTGACG,6,701458
cpxRp2,1.9,27,9,CACCGGGCTACGGATCGGCT,18,710898
cpxRp2,0.7,15,9,CACCGGCACAGTTACGAATG,6,708280
cpxRp2,0.7,15,9,CACATTAATCGTGGCCCGAT,6,698153
cpxRp2,0.4,12,9,CACATAATATGCCGGATTAC,3,670358
cpxRp2,0.8,16,9,CACACCGTCCGCTAACCTTT,7,655289
cpxRp2,0.3,11,9,CACAAGCGCGAGCCGCGATC,2,693163
cpxRp2,0.3,11,9,CAATGTCCATGTTGGCTAGG,2,686461
cpxRp2,0.2,10,9,CAATGGGGTTCCATAGCTTG,1,661941
cpxRp2,0.2,10,9,CAATCCGTCATTATTTCTAG,1,683031
cpxRp2,0.3,11,9,CAATATGGAGGGCACTCCTA,2,640154
cpxRp2,0.2,10,9,CAAGGGTACACCCGTGGCCA,1,695105
cpxRp2,0.7,15,9,CAAGCTAAATTAAGGTGACT,6,664556
cpxRp2,1.1,19,9,CAACCGTTGTTAGTACACGT,10,668703
cpxRp2,0.7,15,9,CAACCCGAAAATAACGGTAG,6,692126
cpxRp2,0.8,16,9,CAACATCCCAGAGCAGGGGT,7,642876
cpxRp2,2.0,28,9,CAACACTATTTGTTCACCAG,19,640498
cpxRp2,0.6,14,9,CAAATGCAAGTCAATTACCA,5,690452
cpxRp2,0.5,13,9,CAAAGGATGGTATGCGACAA,4,675932
cpxRp2,0.3,11,9,CAAACCTACTCCCGCCGATG,2,688854
cpxRp2,1.0,18,9,CAAACACCCGGTTGTAGTAT,9,690785
cpxRp2,0.2,10,9,CAAAAAAAAATACACGCGCG,1,686722
cpxRp2,0.9,17,9,ATTTTGGGGGCGTTAGAATC,8,641616
cpxRp2,0.4,12,9,ATTTTCCTTCTTCATGGCCG,3,690460
cpxRp2,0.7,15,9,ATTTGAGTGGGTTGTCATCT,6,685215
cpxRp2,0.4,12,9,ATTGCTTGTTGTTCTTACAT,3,687773
cpxRp2,0.9,17,9,ATTGCCGATCGCAGCAGGCT,8,674732
cpxRp2,1.8,26,9,ATTGCAGGCGGCTGGTTTAT,17,659077
cpxRp2,2.2,30,9,ATTGCAACGGCCAGCTCAGA,21,706306
cpxRp2,0.2,10,9,ATTCCTCCACGCACACGGGG,1,700036
cpxRp2,3.1,39,9,ATTCCTAGCAAAATTCGCTA,30,638202
cpxRp2,2.0,28,9,ATTCATATCGTACTCATTAA,19,675325
cpxRp2,1.7,25,9,ATTCAGTGATGTTGAGCCAT,16,656850
cpxRp2,1.4,22,9,ATTACCTCGTTAAAAAGGTA,13,649845
cpxRp2,2.2,30,9,ATTAAGAGAATTTACGTGGA,21,659042
cpxRp2,0.8,16,9,ATGTGTATCTCATTGGATTG,7,700034
cpxRp2,1.8,26,9,ATGTCGACTGAACCCGACTA,17,643376
cpxRp2,1.4,22,9,ATGTCCTACGAGCCACATTG,13,651374
cpxRp2,0.9,17,9,ATGTCATTCACGTCTCGCTC,8,660000
cpxRp2,1.2,20,9,ATGTAGAGGTGTACCTATCT,11,669751
cpxRp2,1.4,22,9,ATGGTGTCGGTGAAGTAAGT,13,646003
cpxRp2,0.9,17,9,ATGGGATTAAAATAGAGTTC,8,653104
cpxRp2,0.9,17,9,ATGGCTAGAATGGCACCCTA,8,696294
cpxRp2,1.6,24,9,ATGCTCGTCCTCGGACAGGT,15,687666
cpxRp2,2.1,29,9,ATGCCCGGACGCATATATTG,20,654560
cpxRp2,1.4,22,9,ATGCCAGCAGTTTCGCCTTG,13,692354
cpxRp2,2.6,34,9,ATGATTTGCTACAATTTCAG,25,640519
cpxRp2,0.8,16,9,ATGACAACACTGTCTGGCAT,7,691648
cpxRp2,0.2,10,9,ATCTTTCACAGAACAGCCTC,1,645936
cpxRp2,0.9,17,9,ATCTTCAAAAAACCTGCGTC,8,688065
cpxRp2,0.8,16,9,ATCTGATTGCGCGTAGGTAT,7,664097
cpxRp2,1.6,24,9,ATCTAATTGGGGCAAAGCCG,15,634327
cpxRp2,0.7,15,9,ATCGTTTGCCGTAATAATGA,6,654486
cpxRp2,0.2,10,9,ATCGGGGGATCTCTCTATAT,1,706611
cpxRp2,0.5,13,9,ATCCTTTTTTGCGATCGTCG,4,706873
cpxRp2,0.9,17,9,ATCCGTACAAGTGTGAATTC,8,683827
cpxRp2,0.4,12,9,ATCCCATTAGGTATATTCAG,3,656080
cpxRp2,1.3,21,9,ATCCACATGCGGTACGCACC,12,683271
cpxRp2,0.9,17,9,ATCATTTAAATGCCCGCCAA,8,650360
cpxRp2,1.0,18,9,ATCATTAGCGTGCCGCCTCA,9,636150
cpxRp2,0.8,16,9,ATCATGGACTCATGCTACCG,7,656294
cpxRp2,0.7,15,9,ATCACGTGTCAGCAGTCAAT,6,680989
cpxRp2,0.6,14,9,ATATTAAGATACGTTACGCC,5,711213
cpxRp2,1.1,19,9,ATATAAGCGCTCCGGGCAGG,10,649026
cpxRp2,0.2,10,9,ATAGTTGCCGTCCCAGGCGT,1,707470
cpxRp2,0.4,12,9,ATAGTTACCAGTGATATTTA,3,646107
cpxRp2,0.7,15,9,ATAGGGGTTACTCTCCAAGG,6,632217
cpxRp2,1.2,20,9,ATAGGGCTATCCTCGTCACC,11,648252
cpxRp2,0.3,11,9,ATAGAGTGTACTCCCGGACT,2,633585
cpxRp2,0.8,16,9,ATACTCTTTAAACGCTCCAA,7,676372
cpxRp2,0.3,11,9,ATACGTTGGTAATTTGAACG,2,693155
cpxRp2,1.1,19,9,ATACGCGCGGCTGTGTTGAT,10,632132
cpxRp2,1.6,24,9,ATACGCATGGTTTAGAACGG,15,643999
cpxRp2,1.2,20,9,ATACCTCTAAAGGCGTGGCG,11,642474
cpxRp2,0.2,10,9,ATACCGTAATATAAGCTGTC,1,662134
cpxRp2,0.5,13,9,ATACATAAAACGGCCTAACG,4,703491
cpxRp2,0.5,13,9,ATAAGTCCCGGATCATCTGG,4,711561
cpxRp2,1.2,20,9,ATAAGTATAGTCTGGACTTG,11,687615
cpxRp2,0.3,11,9,AGTTTAGGTGGTTTTCGCTT,2,701149
cpxRp2,0.3,11,9,AGTTTAAGATTGGGTTGTAT,2,672662
cpxRp2,0.2,10,9,AGTTCTGCCAAGGCGTGCCT,1,706427
cpxRp2,1.4,22,9,AGTTCTACTTTTTCTATCGA,13,698963
cpxRp2,0.4,12,9,AGTTCCGGTCTCAGAAGACA,3,656139
cpxRp2,0.3,11,9,AGTTCAGGGCTAGTCCTAAT,2,686823
cpxRp2,0.4,12,9,AGTTATGGAGAGTTAAAGTT,3,652754
cpxRp2,0.4,12,9,AGTTATGATGAGGACCCCAT,3,711728
cpxRp2,1.0,18,9,AGTTAGGACACGTCCACAGT,9,667572
cpxRp2,2.9,37,9,AGTTAACAACTAGAGTATCG,28,704920
cpxRp2,0.3,11,9,AGTGAACTCCGAGTTCCCTA,2,678560
cpxRp2,0.4,12,9,AGTCTAGAGGGAGCAGTCAA,3,647388
cpxRp2,0.6,14,9,AGTCGAGTGCATTTTATCGA,5,688410
cpxRp2,1.8,26,9,AGTCCGTATGCGCGGCGCTC,17,661430
cpxRp2,0.5,13,9,AGGTTGGCGCTTGGTGGCGA,4,653130
cpxRp2,3.6,44,9,AGGTGTGACTAGCGATATGT,35,685368
cpxRp2,0.2,10,9,AGGTGCGTCAGGACCACCAG,1,632936
cpxRp2,0.7,15,9,AGGTGCCTGCCGCAGTTCTC,6,641078
cpxRp2,1.5,23,9,AGGGTGTTCCGCGATTTAAA,14,672166
cpxRp2,0.8,16,9,AGGGTAACCCACAGCGGTCA,7,686919
cpxRp2,0.7,15,9,AGGGGGTAATTCATGCTACG,6,657242
cpxRp2,0.7,15,9,AGGGGGCCTGATTTGTATGA,6,702246
cpxRp2,0.6,14,9,AGGGGGAGTTAAGGTTACAT,5,709930
cpxRp2,0.6,14,9,AGGGGCAGTACCAAGTTTAG,5,668042
cpxRp2,1.2,20,9,AGGGCAATAAGTACTTCGGA,11,693596
cpxRp2,0.2,10,9,AGGCTGTTATATTCGCGTGT,1,696814
cpxRp2,0.7,15,9,AGGCTGAGCGTCCTCGTTCG,6,639796
cpxRp2,0.2,10,9,AGGCTCTCTCAAATGATCAT,1,681275
cpxRp2,0.7,15,9,AGGCCTTCGTGATCGGTCGG,6,656692
cpxRp2,0.2,10,9,AGGCCACTTGATAGGTCAAA,1,703836
cpxRp2,1.3,21,9,AGGCACACGAATTGGATCAT,12,633788
cpxRp2,0.3,11,9,AGGATTGACGCCTCAATCGC,2,698253
cpxRp2,0.7,15,9,AGGATCCGTTATGCCAGGCG,6,641109
cpxRp2,0.4,12,9,AGGAGTCAAGAATGGCCCCG,3,653857
cpxRp2,0.4,12,9,AGGAGGCGCGAACGCGAAAT,3,668387
cpxRp2,0.7,15,9,AGGAGGCAATGCATGGTTTC,6,690748
cpxRp2,0.5,13,9,AGCTCTCATCATTCGAATGG,4,669746
cpxRp2,3.4,42,9,AGCGTCAACAAGGAATACGT,33,712411
cpxRp2,1.3,21,9,AGCCTTCCGATGCTAACAAT,12,681501
cpxRp2,0.3,11,9,AGCCGAAGAGTTAGCATTGC,2,646652
cpxRp2,0.2,10,9,AGCCCCCGGCTTGTTGGACG,1,697171
cpxRp2,2.5,33,9,AGCATTCTTTCAAGGTTATT,24,700305
cpxRp2,0.2,10,9,AGCAGGTTGCTACGCGTACT,1,652951
cpxRp2,1.6,24,9,AGCACGAACCCCTAGGGCCT,15,635870
cpxRp2,0.6,14,9,AGCAAATGATGCCTCGACCG,5,696527
cpxRp2,0.3,11,9,AGAGTAGGGCGCACGACATT,2,689809
cpxRp2,1.2,20,9,AGAGGGTTTAGTTTGAGTTA,11,685429
cpxRp2,0.5,13,9,AGAGGGCAATTAAGCACTTT,4,665051
cpxRp2,1.1,19,9,AGAGGGACGCCCATGCACCA,10,706733
cpxRp2,0.9,17,9,AGAGCATTTTCGAGAGCAAG,8,688446
cpxRp2,0.5,13,9,AGAGCAGGTCGAGATCGGAT,4,653622
cpxRp2,0.5,13,9,AGAGATGACTTGGAACCCTA,4,681003
cpxRp2,0.7,15,9,AGACGTACATGTGCGGCTTA,6,677418
cpxRp2,1.4,22,9,AGACATATAGTATGAAGCCT,13,649567
cpxRp2,0.8,16,9,AGAATGGTCCGAAAAATTAG,7,653660
cpxRp2,0.3,11,9,ACTTTTGCTTTAGGTGGTAA,2,635535
cpxRp2,0.2,10,9,ACTTTTCCGTGTACCCCCAC,1,707069
cpxRp2,0.3,11,9,ACTTGGGCTAGTCGTCGGTA,2,688365
cpxRp2,1.3,21,9,ACTGCGATCTTCTTCCGTGG,12,680928
cpxRp2,1.0,18,9,ACTGCCCGACCTATTACAAC,9,668164
cpxRp2,1.1,19,9,ACTGCAGAGATTGAAACGAT,10,649231
cpxRp2,0.4,12,9,ACTCGTGCATCTTATGATAT,3,712444
cpxRp2,2.0,28,9,ACTCGCCACATCCAGTTCAA,19,637946
cpxRp2,0.8,16,9,ACTATCTGCGGCTTTCAGTA,7,646472
cpxRp2,0.2,10,9,ACTACGTTCATCAACAGCTA,1,633017
cpxRp2,2.1,29,9,ACTACCGTTCATGATATCCT,20,657502
cpxRp2,0.4,12,9,ACTAAAAGGTTAAAGCGGCA,3,652494
cpxRp2,0.4,12,9,ACGTGGAGATGATCTCGGCC,3,641744
cpxRp2,0.2,10,9,ACGTACACGCGGCCGTCTGC,1,636085
cpxRp2,0.3,11,9,ACGTAACCGGATTTCGCTTC,2,690929
cpxRp2,0.6,14,9,ACGGTATACAACTAGGATTT,5,695140
cpxRp2,1.3,21,9,ACGGGTCTCATTCATACGCT,12,639744
cpxRp2,0.4,12,9,ACGGGGCGTCCGAGGTGTCA,3,637983
cpxRp2,0.9,17,9,ACGGGAGCAAGCGAGGGAGG,8,681670
cpxRp2,0.3,11,9,ACGGCAGGTGATTTCGCAAA,2,631980
cpxRp2,0.6,14,9,ACGGACACGTAACGCGGCCG,5,684082
cpxRp2,2.5,33,9,ACGCTACTGAGACCTCCTGT,24,708503
cpxRp2,2.4,32,9,ACGCGAAAAATGTATAATAG,23,642498
cpxRp2,1.7,25,9,ACGCCCAGCGGTCCTCGCCA,16,676510
cpxRp2,0.4,12,9,ACGCAGCGGCCAAGCCCCCG,3,658624
cpxRp2,0.7,15,9,ACGATTCACGAAAGGAGGTA,6,680719
cpxRp2,2.3,31,9,ACGATAGAGACCCGTTCCAT,22,657377
cpxRp2,0.2,10,9,ACGAGTATCTAAGACTATGC,1,701244
cpxRp2,1.2,20,9,ACGACGGGTACCCCAGTGCA,11,657118
cpxRp2,0.4,12,9,ACCTCCGATTGAAGGCTTTC,3,630241
cpxRp2,0.9,17,9,ACCTCCATTTACCGGCCTCC,8,639382
cpxRp2,1.3,21,9,ACCTCAAATAAGAAGGGTCT,12,685583
cpxRp2,0.2,10,9,ACCTACGTGGTAATTACAAC,1,661040
cpxRp2,0.3,11,9,ACCTAAGCATTTCTTAAGCT,2,711474
cpxRp2,2.6,34,9,ACCGTATGATCCCAAATGCG,25,672781
cpxRp2,0.6,14,9,ACCGGTCATCTCGCACAAGG,5,671495
cpxRp2,0.4,12,9,ACCGGCCGTCGTTCCGGCGG,3,637927
cpxRp2,0.6,14,9,ACCGGAATTATGGTGTCCGG,5,663420
cpxRp2,0.3,11,9,ACCGAGACGAGCATCCAGCG,2,669184
cpxRp2,1.0,18,9,ACCCGAGTCCTTGTACCAAA,9,690948
cpxRp2,0.3,11,9,ACCAAGGGTGCACTACGTTC,2,672700
cpxRp2,0.3,11,9,ACATTCTACTTGCCGGGTTC,2,679501
cpxRp2,0.6,14,9,ACATGTCATGAAAATCTCTC,5,686388
cpxRp2,0.2,10,9,ACATCCACTTTGCGCTACGG,1,692603
cpxRp2,2.1,29,9,ACATCAGGTGGTGCCCTCCG,20,636930
cpxRp2,0.9,17,9,ACATATGTTCTAGTCCCCAC,8,676307
cpxRp2,0.7,15,9,ACAGTAGGCCTAGGGCAATA,6,669701
cpxRp2,0.3,11,9,ACAGGTCCCTGAATCGGTAC,2,706190
cpxRp2,0.2,10,9,ACAGGGTGAGGAGATTGTTA,1,684875
cpxRp2,0.4,12,9,ACACGGACGGTAAGTACGCG,3,677452
cpxRp2,0.7,15,9,ACACCAGTAGGTTTGCCACT,6,700335
cpxRp2,0.5,13,9,ACACACGCAGTGGTATGGAT,4,664813
cpxRp2,4.0,48,9,ACAATCACAAGGACGAAATT,39,641731
cpxRp2,1.6,24,9,ACAAGTACTATCACCGGTTC,15,652755
cpxRp2,0.6,14,9,AATTGACATGTTTAATGTGA,5,709452
cpxRp2,1.8,26,9,AATTAGGGTTTTGTGTGGCC,17,690741
cpxRp2,1.3,21,9,AATGGTTGGGACCGGCTGGT,12,662926
cpxRp2,0.4,12,9,AATGGTGGGTCAGTTCCTTA,3,707022
cpxRp2,0.4,12,9,AATGGTAAGAAACCCCGAAC,3,681530
cpxRp2,0.4,12,9,AATGGGCGCACGAACGCGTG,3,640012
cpxRp2,0.4,12,9,AATGAGGAATCGTTATGTGG,3,679301
cpxRp2,0.2,10,9,AATCTCTCTATGTAAAAGAA,1,673152
cpxRp2,0.4,12,9,AATCGGCACAGGAAATAGGC,3,669604
cpxRp2,0.4,12,9,AATCCTCCTCACCTGCTGAA,3,666996
cpxRp2,0.3,11,9,AATCCGTGGTCCACTGGTTG,2,646884
cpxRp2,1.1,19,9,AATCATGCTTGGGCGGCATT,10,664562
cpxRp2,0.5,13,9,AATAGTTTAAGACGGCGACA,4,649115
cpxRp2,0.4,12,9,AATAATTTCAATCAATAAAT,3,645414
cpxRp2,0.6,14,9,AAGTTGTATTTACTAAAGAT,5,662543
cpxRp2,0.4,12,9,AAGTTCAGATACTATCCCAT,3,706636
cpxRp2,0.3,11,9,AAGTTAGCGTGTTTTCACTC,2,641738
cpxRp2,0.3,11,9,AAGTACAAGTAGGTATTCAA,2,672841
cpxRp2,0.2,10,9,AAGGTTGTTCATTATACCCT,1,656368
cpxRp2,0.4,12,9,AAGGAATGCACAAACAGCCG,3,658669
cpxRp2,0.2,10,9,AAGCTAGTTTGTAGCATCAT,1,678667
cpxRp2,2.2,30,9,AAGCGCCTGTTATCCAGCGC,21,650947
cpxRp2,1.2,20,9,AAGCACTTGAGTTCAGGATA,11,639782
cpxRp2,0.3,11,9,AACTTGGACCAAAACCACTG,2,640700
cpxRp2,0.2,10,9,AACTTCCTGGTCTCTTGCGG,1,695352
cpxRp2,0.5,13,9,AACGTATGGCCTGACGGTTT,4,642463
cpxRp2,0.7,15,9,AACGGAGGTAATGCCCATGG,6,662547
cpxRp2,2.1,29,9,AACGGACAGTGGGTATGGCA,20,683204
cpxRp2,1.9,27,9,AACGCGGACACAGCATTATA,18,668346
cpxRp2,1.0,18,9,AACGCCATGCTCCCATATAA,9,693308
cpxRp2,1.5,23,9,AACCTGATACCCCGCTCGAG,14,672508
cpxRp2,1.0,18,9,AACCCAGTGTTTCGGGGGTA,9,631218
cpxRp2,2.6,34,9,AACCCAACCGGGCTTATGTG,25,706321
cpxRp2,0.6,14,9,AACCAATCGTCCCAGTGCGT,5,654295
cpxRp2,0.5,13,9,AACAATTGGCTGAGTATAGA,4,650981
cpxRp2,0.2,10,9,AACAACGCCGACCCAGAGCA,1,688168
cpxRp2,1.5,23,9,AACAACAACTCTGAAGTTTT,14,641877
cpxRp2,0.2,10,9,AACAACAACCCATTACCTAA,1,648123
cpxRp2,0.4,12,9,AAATTTTGAATAAGGTGTCC,3,670831
cpxRp2,0.7,15,9,AAATCCGTGCCCTGGGGACG,6,632461
cpxRp2,0.2,10,9,AAAGTGTCCCTCGTATCTTG,1,656803
cpxRp2,1.1,19,9,AAAGTATTCCACTAAAATGA,10,643833
cpxRp2,0.2,10,9,AAAGGTATCAATTGCTTTCC,1,634082
cpxRp2,0.4,12,9,AAAGGGGCACGACAGCGCAT,3,643145
cpxRp2,0.6,14,9,AAAGGCCGTCTGATCGTCTA,5,647954
cpxRp2,4.3,51,9,AAAGGATCGCATACTTATGC,42,689452
cpxRp2,0.2,10,9,AAAGGACCAGTAGTACGCAA,1,658084
cpxRp2,0.9,17,9,AAAGAAGCCTTGCCTTAAGA,8,688260
cpxRp2,2.0,28,9,AAAGAACCTGGTGAGTACCT,19,712332
cpxRp2,2.5,33,9,AAACTGCAGCCGCCAGGGTT,24,668680
cpxRp2,0.5,13,9,AAACGTAAATCACAAATCGA,4,701018
cpxRp2,0.3,11,9,AAAATCGCTCGATTTTAATC,2,674805
cpxRp2,0.4,12,9,AAAATCATGACGAAGGTCAC,3,658569
cpxRp2,1.6,24,9,AAAAGTTTCTGCCGAAGGTC,15,647138
cpxRp2,0.6,14,9,AAAACGGAGTACATTTCTAG,5,707671
cpxRp2,1.2,20,9,AAAAATCCTGGAGGAACAAT,11,695044
cpxRp2,0.4444444444444444,11,8,TTTTTGGTTCGGAGGGACAA,3,667440
cpxRp2,1.0,16,8,TTTTCAACTGGTGTCAGAGA,8,681121
cpxRp2,3.4444444444444446,38,8,TTTGTTCAACGATCTTGTTA,30,638383
cpxRp2,0.2222222222222222,9,8,TTTGGAGCATGCAAACCGAT,1,684869
cpxRp2,0.7777777777777778,14,8,TTTGCGGCCAGTGAGATAGC,6,688534
cpxRp2,0.6666666666666666,13,8,TTTCGAGCGTGGCCCAGACT,5,674714
cpxRp2,1.8888888888888888,24,8,TTTCCTTACGTATAACCTTG,16,669085
cpxRp2,0.7777777777777778,14,8,TTTCCCAGCGGTTGGGTGAG,6,647513
cpxRp2,0.3333333333333333,10,8,TTTCACCTATTGGCCCCGCG,2,707042
cpxRp2,1.0,16,8,TTTCAAAGCGACGCTGTAGG,8,681759
cpxRp2,0.2222222222222222,9,8,TTTAGGTGCCCACAGGGTTT,1,660582
cpxRp2,0.7777777777777778,14,8,TTTAGGTGACAAATGGCTTG,6,693895
cpxRp2,0.2222222222222222,9,8,TTTAGCTCCTAATGTGCACT,1,666686
cpxRp2,0.2222222222222222,9,8,TTTAACCCTGTAATCGGTTC,1,657682
cpxRp2,3.111111111111111,35,8,TTGTTTCTAGGGGTGGACCT,27,683058
cpxRp2,1.8888888888888888,24,8,TTGTTGAACCTCCGAACGCA,16,650381
cpxRp2,0.6666666666666666,13,8,TTGTGCCCGGTAGTTCACAT,5,667772
cpxRp2,2.2222222222222223,27,8,TTGTCGCACGGCCACGGTTT,19,650574
cpxRp2,0.3333333333333333,10,8,TTGTACGATTCTAGTAGCAA,2,647443
cpxRp2,0.4444444444444444,11,8,TTGGTTTCCGCAAAGAGCAA,3,657030
cpxRp2,0.4444444444444444,11,8,TTGGTGTGTTCGAGTGTGAT,3,674121
cpxRp2,1.5555555555555556,21,8,TTGGTCTTCCTGAAGGGTTT,13,677307
cpxRp2,0.2222222222222222,9,8,TTGGTCACAATACGATTAAC,1,694629
cpxRp2,0.8888888888888888,15,8,TTGGTATCGTAACGTCCTAC,7,697659
cpxRp2,0.7777777777777778,14,8,TTGGGATACCGTTTGCGAGA,6,652874
cpxRp2,4.0,43,8,TTGGGAAGGTTCACCAGCCA,35,690636
cpxRp2,3.6666666666666665,40,8,TTGGCTGTTTGGCCCCATCA,32,635718
cpxRp2,1.8888888888888888,24,8,TTGGCCTCACGTGGAAGGTG,16,639000
cpxRp2,1.0,16,8,TTGGAGCCTCTGGGGGTTTG,8,657135
cpxRp2,1.2222222222222223,18,8,TTGGAACACACTTTCAAAGG,10,691072
cpxRp2,1.5555555555555556,21,8,TTGCTGGAAGACCACATACT,13,633342
cpxRp2,1.1111111111111112,17,8,TTGCGAAGAGGTCACCTCTA,9,682065
cpxRp2,2.7777777777777777,32,8,TTGCGAACTTACCAAAGCCG,24,686636
cpxRp2,0.3333333333333333,10,8,TTGCCTAAAGCTACAGGTTC,2,692751
cpxRp2,1.1111111111111112,17,8,TTGCCCTGCGGAGAATGACT,9,650095
cpxRp2,2.888888888888889,33,8,TTGCCCCACTACTACCGTGT,25,697021
cpxRp2,3.6666666666666665,40,8,TTGCCACCAAAAAGAAGTCA,32,645776
cpxRp2,1.0,16,8,TTGCCAAACGGGCATTTACA,8,640296
cpxRp2,0.8888888888888888,15,8,TTGCAGGATCTACTGACTAA,7,664166
cpxRp2,1.0,16,8,TTGATGCCTGTATAGAACGA,8,687842
cpxRp2,1.0,16,8,TTGAGGCTTTATAACAGCTT,8,663354
cpxRp2,0.6666666666666666,13,8,TTGAGAGCGACGGGCTGGCC,5,698907
cpxRp2,2.4444444444444446,29,8,TTGACTGCACGAACCCGAAA,21,670633
cpxRp2,0.2222222222222222,9,8,TTGAAGCGTCGCATGACCAT,1,699946
cpxRp2,0.2222222222222222,9,8,TTGAAGAGTAGTATCCCTAA,1,669580
cpxRp2,0.2222222222222222,9,8,TTCTAGCAGCGCGCGGATCT,1,702882
cpxRp2,2.4444444444444446,29,8,TTCGTACTTAAGGTGCCGGG,21,694975
cpxRp2,0.6666666666666666,13,8,TTCGGCAATCCCGCTACTCG,5,638287
cpxRp2,1.2222222222222223,18,8,TTCGCGTGGACACTAGCCGA,10,639984
cpxRp2,1.6666666666666667,22,8,TTCGCGCTGCACTTCGGCAG,14,682875
cpxRp2,5.444444444444445,56,8,TTCCTGAGGGGAGATGCGCC,48,705101
cpxRp2,0.2222222222222222,9,8,TTCCTCCAGGATGTCCAGAG,1,705783
cpxRp2,2.2222222222222223,27,8,TTCCTCAAGGCCTATTTAGC,19,637534
cpxRp2,0.3333333333333333,10,8,TTCCCTCGGCAGCCCGTTTT,2,702079
cpxRp2,0.6666666666666666,13,8,TTCCAGATGATTTGGGGAGA,5,654257
cpxRp2,3.0,34,8,TTCCAGAGCAGTGTCAGCAA,26,642225
cpxRp2,0.5555555555555556,12,8,TTCATCGCTGATGTTGGTTT,4,686104
cpxRp2,0.2222222222222222,9,8,TTCAGTTCCCCTTAGCACTC,1,678968
cpxRp2,1.3333333333333333,19,8,TTCAAACGGCAGCAAGCGCC,11,660724
cpxRp2,1.3333333333333333,19,8,TTATTCCATTCTGTTTCGAC,11,651895
cpxRp2,0.4444444444444444,11,8,TTATGTCCTTTTCGTCTGTG,3,689120
cpxRp2,0.3333333333333333,10,8,TTATGATGGCCGCAGCATTC,2,684899
cpxRp2,1.0,16,8,TTATCTTTAGTATATCTCTA,8,693846
cpxRp2,0.6666666666666666,13,8,TTATCATGTCTGTACGTCTG,5,640419
cpxRp2,0.6666666666666666,13,8,TTATAAACGGCACACGACCA,5,699098
cpxRp2,1.1111111111111112,17,8,TTAGCGTCACATTAAAATGT,9,663603
cpxRp2,0.4444444444444444,11,8,TTAGATAACGGGACCCAACC,3,668962
cpxRp2,1.0,16,8,TTACTCGTGTTGTACATACC,8,629991
cpxRp2,0.6666666666666666,13,8,TTACTATGGTCTAGTCGTAT,5,647186
cpxRp2,1.4444444444444444,20,8,TTACGAAGCCGCAATTGACT,12,651203
cpxRp2,0.4444444444444444,11,8,TTACCTAATGGACCTTACTA,3,693016
cpxRp2,3.3333333333333335,37,8,TTAATCCGTAAACAAATCCT,29,674704
cpxRp2,0.7777777777777778,14,8,TGTTAGGATCGGTTCACCAA,6,689001
cpxRp2,2.111111111111111,26,8,TGTGGTTCGAGTGACCGTGA,18,673986
cpxRp2,1.4444444444444444,20,8,TGTGGTGACTCTGTCGCCGC,12,707871
cpxRp2,0.5555555555555556,12,8,TGTGGCTGTACTGTTAGATG,4,711469
cpxRp2,0.3333333333333333,10,8,TGTGGAGCGCGGTGTTTCCA,2,652730
cpxRp2,4.111111111111111,44,8,TGTCTTGAAGACGGCCGTCA,36,637508
cpxRp2,2.0,25,8,TGTCGCCTCCGTGGCTGCTG,17,667178
cpxRp2,1.4444444444444444,20,8,TGTCCGGGTCATGCCTTAAT,12,668228
cpxRp2,0.3333333333333333,10,8,TGTATGCAGGGCTGGACTTT,2,696464
cpxRp2,1.3333333333333333,19,8,TGTAGAGGCAGACACATCAT,11,633999
cpxRp2,3.0,34,8,TGTACACGTTTCTTGAGTCT,26,631978
cpxRp2,0.4444444444444444,11,8,TGTAAGAGATTATTCGGCCG,3,702200
cpxRp2,0.3333333333333333,10,8,TGTAAATAAGTCATTGACTT,2,647090
cpxRp2,1.8888888888888888,24,8,TGGTTATGCGACAATTGCCC,16,682542
cpxRp2,1.4444444444444444,20,8,TGGTGGTCTCGCTGCTACCA,12,651167
cpxRp2,2.6666666666666665,31,8,TGGTGCTGTGTAAAACGATT,23,642144
cpxRp2,0.2222222222222222,9,8,TGGTGAGTTATCTAAGGCGT,1,705584
cpxRp2,0.5555555555555556,12,8,TGGGTTGCCCTTTCCACTGA,4,677219
cpxRp2,2.2222222222222223,27,8,TGGGTCCGCCCAACGCTCAT,19,675970
cpxRp2,2.0,25,8,TGGGTCAGACGCGGAGCAGA,17,639834
cpxRp2,0.7777777777777778,14,8,TGGGGAGTTGAAAGCCTTAA,6,682669
cpxRp2,3.4444444444444446,38,8,TGGGCAGGGTGATCAGACGT,30,662495
cpxRp2,1.2222222222222223,18,8,TGGGAATGGCATCGTATCTG,10,633687
cpxRp2,1.4444444444444444,20,8,TGGCTTCGAAGCGTTATAGT,12,678502
cpxRp2,0.5555555555555556,12,8,TGGCGCCTGCCTTTCATTGC,4,644609
cpxRp2,0.7777777777777778,14,8,TGGATGTCATCACGAAAAGC,6,669904
cpxRp2,0.5555555555555556,12,8,TGGATCTCTGCCCAGAGGTG,4,633428
cpxRp2,0.5555555555555556,12,8,TGGAGGGGTGGCCCTTAAGA,4,641805
cpxRp2,1.4444444444444444,20,8,TGGAGGCTCTTTTTGCACTG,12,669868
cpxRp2,0.7777777777777778,14,8,TGGACGATCGGAATTCCCTT,6,684404
cpxRp2,1.4444444444444444,20,8,TGGAACGGCAACGATTTAAT,12,666154
cpxRp2,1.3333333333333333,19,8,TGCTTTCCCTGAACTTGTGT,11,706953
cpxRp2,1.6666666666666667,22,8,TGCTTACACTCGAGCCACCA,14,656570
cpxRp2,1.1111111111111112,17,8,TGCGTGATAAAGTTTCGATC,9,641095
cpxRp2,0.2222222222222222,9,8,TGCGTAACTACTCATTTGAA,1,688887
cpxRp2,1.1111111111111112,17,8,TGCGGCGGTGCGCCGTGCCT,9,668425
cpxRp2,0.4444444444444444,11,8,TGCGGCGATTTTGGTTCTTC,3,691522
cpxRp2,0.2222222222222222,9,8,TGCGGAGATGTGCATAAACT,1,679219
cpxRp2,1.0,16,8,TGCGAAAAGTATCGTTAGCT,8,684425
cpxRp2,0.4444444444444444,11,8,TGCCTGGCCGCTAATAAACC,3,670000
cpxRp2,0.5555555555555556,12,8,TGCCGCTAAAACAACACATT,4,700943
cpxRp2,0.5555555555555556,12,8,TGCCAGGGATGGGCTGGTTA,4,649052
cpxRp2,0.3333333333333333,10,8,TGCCAATGGTTGCCGTATGG,2,706570
cpxRp2,0.4444444444444444,11,8,TGCAGGGTTACTTAACCACC,3,645053
cpxRp2,0.6666666666666666,13,8,TGATTTAAGTACAATTGTGA,5,688407
cpxRp2,1.2222222222222223,18,8,TGATACGATCGCTGTACGAA,10,629800
cpxRp2,0.8888888888888888,15,8,TGAGGTTACATGGCTATACT,7,632617
cpxRp2,5.0,52,8,TGAGGCCGCTGAGTAACAAG,44,654168
cpxRp2,0.3333333333333333,10,8,TGAGGATATCCGGATTCCAT,2,629870
cpxRp2,3.888888888888889,42,8,TGAGAGTACGATTGGGTACT,34,665548
cpxRp2,1.2222222222222223,18,8,TGACTCATTCTCGACTTCAA,10,687581
cpxRp2,7.777777777777778,77,8,TGAAGTTTGCGGTCCAGTAG,69,694548
cpxRp2,0.7777777777777778,14,8,TGAAGGCCCCACGCAGCGCC,6,708094
cpxRp2,5.888888888888889,60,8,TGAAGGAAATTTCGCATGCT,52,697413
cpxRp2,0.4444444444444444,11,8,TGAAGCCCGACGATGATCTT,3,658550
cpxRp2,1.7777777777777777,23,8,TGAACGTTACAGATTGTCAA,15,666778
cpxRp2,1.6666666666666667,22,8,TCTTTTAGACATAAGGTCAT,14,692648
cpxRp2,3.111111111111111,35,8,TCTTTACTAGGATTCCGCTT,27,631175
cpxRp2,0.7777777777777778,14,8,TCTTGTACGTGCTCATATTT,6,662797
cpxRp2,0.2222222222222222,9,8,TCTGTCCGGGAACTGGAAGA,1,696376
cpxRp2,0.8888888888888888,15,8,TCTGCATGATCCCCAAACGA,7,694459
cpxRp2,0.4444444444444444,11,8,TCTCTACTGGTTCCTTAGGG,3,669546
cpxRp2,1.4444444444444444,20,8,TCTCCGTGTGTCCCGGCGTA,12,648866
cpxRp2,0.6666666666666666,13,8,TCTCCCCGACCCCTGGCTTC,5,667447
cpxRp2,0.2222222222222222,9,8,TCTCAGGTATCGCCTGAGCG,1,646458
cpxRp2,0.3333333333333333,10,8,TCTCAGCGGAACGTACGGTC,2,662999
cpxRp2,1.3333333333333333,19,8,TCTCAGCAAGTTTTAGCCTA,11,662197
cpxRp2,0.6666666666666666,13,8,TCTAAGGGCGTCTCGCGACA,5,634203
cpxRp2,1.0,16,8,TCGTGCAGCATCACCGTCAT,8,635409
cpxRp2,1.3333333333333333,19,8,TCGTGACGATTTCGATGCTA,11,667498
cpxRp2,0.2222222222222222,9,8,TCGTGAAGGAAGGTACCGGA,1,665806
cpxRp2,0.3333333333333333,10,8,TCGTACGGGAACGATCGCTA,2,706964
cpxRp2,1.3333333333333333,19,8,TCGGTGCGTAAGCGAGGGCA,11,663507
cpxRp2,3.6666666666666665,40,8,TCGGGTGGTAACCTATGCGG,32,698047
cpxRp2,0.6666666666666666,13,8,TCGGGCAAGATCTCCGTGCT,5,673350
cpxRp2,0.2222222222222222,9,8,TCGCGGCATCTATTAATACG,1,693545
cpxRp2,1.2222222222222223,18,8,TCGCCGGGTGGATGTGCATT,10,633669
cpxRp2,1.5555555555555556,21,8,TCGCCGAAGAAATCTCCTTA,13,685349
cpxRp2,0.3333333333333333,10,8,TCGCACCGTTGCACGAGAAG,2,679013
cpxRp2,0.2222222222222222,9,8,TCGAGTTATCCGGTTACAAC,1,700924
cpxRp2,0.4444444444444444,11,8,TCGAATCTATGGAGCTTAAG,3,711291
cpxRp2,1.3333333333333333,19,8,TCCTACTTACCTCATTTTCA,11,638301
cpxRp2,0.3333333333333333,10,8,TCCTACCAGCAGCTAAAAAT,2,680975
cpxRp2,1.8888888888888888,24,8,TCCGTTATCTCACTGTAAGA,16,641444
cpxRp2,0.6666666666666666,13,8,TCCGTTAGGAAGTAAGGATG,5,638204
cpxRp2,0.5555555555555556,12,8,TCCGTGCCCATTCACTGCTT,4,681423
cpxRp2,0.7777777777777778,14,8,TCCGGCGGCGTCGCCACGGA,6,689517
cpxRp2,1.1111111111111112,17,8,TCCGGATATGAACGGGGTCA,9,659553
cpxRp2,0.4444444444444444,11,8,TCCGGAGGGATGCTTCATTT,3,635608
cpxRp2,2.5555555555555554,30,8,TCCGCCTGATGATGGGAGGA,22,701734
cpxRp2,2.0,25,8,TCCCTCTAACTTTGCGTGCC,17,629648
cpxRp2,0.2222222222222222,9,8,TCCCTCCCAACGATCAGTCA,1,640078
cpxRp2,1.0,16,8,TCCCTAACCAGTCCCAGCGA,8,691657
cpxRp2,0.7777777777777778,14,8,TCCCCAGGTAACAACCGGAG,6,684541
cpxRp2,0.4444444444444444,11,8,TCCCCAGCGGAGGCTATATG,3,681296
cpxRp2,0.3333333333333333,10,8,TCCCAATATGCCTAATGACG,2,644445
cpxRp2,0.2222222222222222,9,8,TCCACCTAGATCTAATGACA,1,669181
cpxRp2,0.6666666666666666,13,8,TCCACAGTGGAAATGGTAAA,5,707149
cpxRp2,0.6666666666666666,13,8,TCCAATGGGTTGAATCTGTA,5,662830
cpxRp2,1.3333333333333333,19,8,TCATTAAAACTGAGCCCAGG,11,693582
cpxRp2,1.1111111111111112,17,8,TCATCTAATCGTCCGCCAAA,9,711247
cpxRp2,1.0,16,8,TCATCGATAAGGGAGACCAT,8,653105
cpxRp2,1.2222222222222223,18,8,TCATATCTGTCCGTGACCCC,10,643727
cpxRp2,0.4444444444444444,11,8,TCATAATCCCGGTGAATGCA,3,684929
cpxRp2,1.8888888888888888,24,8,TCATAAGCCTAGCAAATCGA,16,710258
cpxRp2,0.3333333333333333,10,8,TCAGTGTTAGCATTCGAAGG,2,700608
cpxRp2,0.3333333333333333,10,8,TCAGTGGTGTAGAATATTTA,2,631268
cpxRp2,0.6666666666666666,13,8,TCAGGGTTCTCATAGCCTCT,5,672966
cpxRp2,1.2222222222222223,18,8,TCAGATCCATCCTTAGTATT,10,648653
cpxRp2,4.555555555555555,48,8,TCAGAAGCGCGAACATTTGA,40,648500
cpxRp2,0.6666666666666666,13,8,TCACTGTTCTGTAGGGGTCT,5,681171
cpxRp2,0.5555555555555556,12,8,TCACTAGGACCGGTGGGAAG,4,636370
cpxRp2,0.2222222222222222,9,8,TCACATGACGGATGACAGGA,1,655492
cpxRp2,0.2222222222222222,9,8,TCAATGGGGTGCCCTGTGCG,1,677954
cpxRp2,1.8888888888888888,24,8,TCAAGACGGCATTCGCGCAT,16,632545
cpxRp2,1.0,16,8,TCAACCTAAGAACAAGAACG,8,709218
cpxRp2,1.7777777777777777,23,8,TCAAATCAGAACGAGGGCCA,15,703508
cpxRp2,0.5555555555555556,12,8,TATTGAGCACACCATATCCT,4,708684
cpxRp2,3.2222222222222223,36,8,TATTATTTACTCCGGCGGGC,28,680552
cpxRp2,0.3333333333333333,10,8,TATTATTCTATCCACCGGTA,2,683118
cpxRp2,0.7777777777777778,14,8,TATGCCCGTACTCATAGATT,6,706363
cpxRp2,1.4444444444444444,20,8,TATGCATGCTCTCATGGTGC,12,672836
cpxRp2,0.8888888888888888,15,8,TATCGGCAAGAGTCCGGGGG,7,631010
cpxRp2,0.7777777777777778,14,8,TATCGCAACGGTATATAGTC,6,677265
cpxRp2,0.2222222222222222,9,8,TATCATGTGGAGTTTTGCGT,1,705886
cpxRp2,0.6666666666666666,13,8,TATCACACATTGTGGCGAGG,5,693277
cpxRp2,0.2222222222222222,9,8,TATAGCGGCTTTCACTCGCG,1,630393
cpxRp2,0.2222222222222222,9,8,TATACCTCATTTCAATACTA,1,710087
cpxRp2,0.3333333333333333,10,8,TAGTCCAGAGAAATTGGACA,2,643846
cpxRp2,1.0,16,8,TAGGGGCGACAACATATCAC,8,665010
cpxRp2,1.7777777777777777,23,8,TAGGCCCCCCTTTGGTTACT,15,633140
cpxRp2,0.2222222222222222,9,8,TAGGATTCTGCGGCCCCGAA,1,631612
cpxRp2,0.2222222222222222,9,8,TAGGACTGTGTACCGCAGCA,1,695685
cpxRp2,0.3333333333333333,10,8,TAGCTATCTCGCGCAGTTTA,2,655095
cpxRp2,0.6666666666666666,13,8,TAGCGCCCTGGCCGAGGCTG,5,678643
cpxRp2,1.2222222222222223,18,8,TAGCCGGGTGTCGCGGCTAT,10,659886
cpxRp2,0.2222222222222222,9,8,TAGCCCTTGTTGCGAGGGAA,1,660124
cpxRp2,1.0,16,8,TAGCCAGGGTGACGGCGCCA,8,703534
cpxRp2,6.0,61,8,TAGATGCAAGACTGCGCCAT,53,702243
cpxRp2,0.7777777777777778,14,8,TAGAGAAGCACGCATACATG,6,648945
cpxRp2,0.6666666666666666,13,8,TAGACTTACATGTAGGAGCT,5,652471
cpxRp2,1.1111111111111112,17,8,TAGACAGCGACGGGTACGAC,9,682932
cpxRp2,0.5555555555555556,12,8,TAGAAATAAATACGCAGGCC,4,632223
cpxRp2,1.4444444444444444,20,8,TACTTTCGGCATCCGGGGTG,12,660383
cpxRp2,1.4444444444444444,20,8,TACTGGCACGTTAAGCCGTC,12,653216
cpxRp2,1.4444444444444444,20,8,TACTGCGTAGACAGTGATCC,12,671168
cpxRp2,0.3333333333333333,10,8,TACTATACGCCCCTACGATC,2,675207
cpxRp2,0.3333333333333333,10,8,TACTACCCCTAACCCGCTAT,2,668433
cpxRp2,0.5555555555555556,12,8,TACGGGTGTGTAACGGAGCA,4,662896
cpxRp2,0.5555555555555556,12,8,TACGACGCGCATTGTTCAAA,4,655340
cpxRp2,0.4444444444444444,11,8,TACGACGAGATATTTCCTCC,3,683771
cpxRp2,0.6666666666666666,13,8,TACGACACTTTGGCTCATAC,5,640254
cpxRp2,0.8888888888888888,15,8,TACCTAGATTGGCTAATGTG,7,691387
cpxRp2,1.1111111111111112,17,8,TACCGGCAGTATCGTCGAGC,9,676853
cpxRp2,0.3333333333333333,10,8,TACATGAAGGGCTTATATGT,2,635248
cpxRp2,0.5555555555555556,12,8,TACATATTAGCACGGAATTA,4,665336
cpxRp2,0.5555555555555556,12,8,TACAGGGTCTATTATCGAAC,4,657841
cpxRp2,1.7777777777777777,23,8,TACACGAGGTTGTGCTTATG,15,680319
cpxRp2,1.7777777777777777,23,8,TACAAGGGGATGTCGGGGTA,15,681466
cpxRp2,0.4444444444444444,11,8,TAATGGAATAATCCATGTAG,3,645880
cpxRp2,1.5555555555555556,21,8,TAATGAATCGGACTGGGCAT,13,711517
cpxRp2,0.4444444444444444,11,8,TAATATATGAGCGTATACGC,3,703947
cpxRp2,0.5555555555555556,12,8,TAAGCGCGTACTCAACACAA,4,635726
cpxRp2,0.6666666666666666,13,8,TAAGCCAAGCTGACACCATT,5,641329
cpxRp2,1.2222222222222223,18,8,TAAGATCAACTTTTTCAAGG,10,669451
cpxRp2,1.4444444444444444,20,8,TAAGACAATAGACCTAACAG,12,678081
cpxRp2,1.6666666666666667,22,8,TAACCGCATGACCCGCGTAC,14,690751
cpxRp2,8.777777777777779,86,8,TAACCGCAATCAGAAAATTG,78,710838
cpxRp2,0.7777777777777778,14,8,TAACAGATCACGACTTGATA,6,705828
cpxRp2,0.8888888888888888,15,8,TAAAACGTTCCAGAGGAGCA,7,656062
cpxRp2,0.8888888888888888,15,8,GTTTCATCGTGTTTTTTAGG,7,695012
cpxRp2,0.4444444444444444,11,8,GTTGGTTCATGCGGAATGTT,3,677322
cpxRp2,0.5555555555555556,12,8,GTTGGGACACAGTCGTACTA,4,677694
cpxRp2,1.6666666666666667,22,8,GTTGCACCTACTCCTGAGGC,14,666854
cpxRp2,0.4444444444444444,11,8,GTTCTACCAACAGGAGAACA,3,636990
cpxRp2,1.6666666666666667,22,8,GTTCGGACATGTCACCAGAT,14,645179
cpxRp2,0.3333333333333333,10,8,GTTCAGTATAGTCTAACAAG,2,660627
cpxRp2,1.6666666666666667,22,8,GTTCAGGCGCCTGTTTTGGC,14,694028
cpxRp2,1.0,16,8,GTTCACAGCAATCATGTCTT,8,648082
cpxRp2,1.6666666666666667,22,8,GTTATAAAATGGGGCACTCC,14,659222
cpxRp2,0.7777777777777778,14,8,GTTAGGTCATTCTGGTTTCA,6,677931
cpxRp2,0.4444444444444444,11,8,GTTAATTATTAATCTGAGCA,3,667988
cpxRp2,0.6666666666666666,13,8,GTTAACCCTAGCCATGCATG,5,671019
cpxRp2,1.0,16,8,GTTAAAACTAGGTTACACCG,8,693569
cpxRp2,0.6666666666666666,13,8,GTGTCATTGTGATTAATTTT,5,642214
cpxRp2,3.0,34,8,GTGTAGTTGTTAGATATAGT,26,641044
cpxRp2,0.3333333333333333,10,8,GTGGGCGGGATGTCCTCGGT,2,680262
cpxRp2,0.5555555555555556,12,8,GTGGCCAACTGATGCATCGC,4,700832
cpxRp2,0.2222222222222222,9,8,GTGGCACTGAATACAGTCTT,1,681424
cpxRp2,0.6666666666666666,13,8,GTGGATATAGTGGGGATCAT,5,659829
cpxRp2,1.4444444444444444,20,8,GTGGAGGTTCCCCGAACCTA,12,708101
cpxRp2,1.4444444444444444,20,8,GTGCCTGTACGCCTCGGGGG,12,651999
cpxRp2,0.6666666666666666,13,8,GTGCATGGACTCCTGTTGCT,5,648710
cpxRp2,0.4444444444444444,11,8,GTGAGTCTGAGAGTGTCGGC,3,635545
cpxRp2,0.2222222222222222,9,8,GTGAGCCAACAGACAAGAAC,1,676116
cpxRp2,2.6666666666666665,31,8,GTCTAGTTTTCAGCAGGCTA,23,649890
cpxRp2,1.7777777777777777,23,8,GTCCTTGGTTCTAAATGCAT,15,680962
cpxRp2,1.8888888888888888,24,8,GTCCTGCATAGGGCCGATTA,16,685788
cpxRp2,0.2222222222222222,9,8,GTCCTGATCTTGATCTACGC,1,656750
cpxRp2,0.2222222222222222,9,8,GTCCTATCGGGGCGTTACCG,1,652963
cpxRp2,8.222222222222221,81,8,GTCCTAGTACGTGCGGACAA,73,652909
cpxRp2,1.7777777777777777,23,8,GTCCCGGATTCATTCTGTCT,15,642634
cpxRp2,0.4444444444444444,11,8,GTCACGACTGCGGAGTGCAT,3,682949
cpxRp2,0.7777777777777778,14,8,GTCACATTTAGACACAATCG,6,637570
cpxRp2,0.3333333333333333,10,8,GTATTACGGGCTCGCAGGTT,2,686945
cpxRp2,0.8888888888888888,15,8,GTATTAACGAAAAGTCACGT,7,634472
cpxRp2,1.6666666666666667,22,8,GTATGTTGCGTCTCGCTAAA,14,668684
cpxRp2,1.2222222222222223,18,8,GTAGTTTCTAGGTCAAGTTG,10,638647
cpxRp2,0.4444444444444444,11,8,GTAGCGTTCAGCCTGCCAAC,3,639220
cpxRp2,3.5555555555555554,39,8,GTAGCCTCAAAGGTCGGAGA,31,669503
cpxRp2,1.2222222222222223,18,8,GTAGACCAGGTGTCTAGCCT,10,710755
cpxRp2,0.3333333333333333,10,8,GTAGACAGGATAAGGACCTG,2,650484
cpxRp2,0.7777777777777778,14,8,GTACTTTGGTAAGGTTGGGG,6,693266
cpxRp2,0.4444444444444444,11,8,GTACTTCAGAAGCATTCTAT,3,709236
cpxRp2,2.3333333333333335,28,8,GTACGTACTCTTTTACTGTC,20,674160
cpxRp2,0.7777777777777778,14,8,GTACGATTGATGCGAATGGA,6,668048
cpxRp2,1.2222222222222223,18,8,GTACGACCCTACGCTGATGG,10,711341
cpxRp2,0.4444444444444444,11,8,GTAATTTAGAGTGCCTGGCA,3,681597
cpxRp2,0.3333333333333333,10,8,GTAAGAAAATCGTAAGAGCA,2,659584
cpxRp2,2.111111111111111,26,8,GTAACGTTTGGATACATAGG,18,691411
cpxRp2,0.4444444444444444,11,8,GTAACCCGGAGCCATTTTGA,3,691101
cpxRp2,1.4444444444444444,20,8,GTAACATGATTACTGCCGTT,12,673047
cpxRp2,2.6666666666666665,31,8,GTAAATCTGAAGGGCTCCAA,23,646620
cpxRp2,0.7777777777777778,14,8,GTAAAGGATCCATTTAATAA,6,632056
cpxRp2,0.4444444444444444,11,8,GTAAAGATAATGATCCAATT,3,642836
cpxRp2,1.1111111111111112,17,8,GTAAAGAGCTGGTCTCCTAG,9,646767
cpxRp2,0.5555555555555556,12,8,GGTTTCGACAAGTGTCGGTC,4,673457
cpxRp2,0.2222222222222222,9,8,GGTTTCATATCGGAATCTCG,1,668371
cpxRp2,1.1111111111111112,17,8,GGTTGTGCTTCTCGCGTGTG,9,707975
cpxRp2,1.0,16,8,GGTTCGAAGCGTATGAATTT,8,631056
cpxRp2,0.5555555555555556,12,8,GGTGGTTGTAAAGGATTTGA,4,710562
cpxRp2,0.4444444444444444,11,8,GGTGGGTTAGTCGCGACTGT,3,638929
cpxRp2,0.3333333333333333,10,8,GGTGCTTTGGTGCAGCTGGT,2,674021
cpxRp2,2.2222222222222223,27,8,GGTGACGACGAAATTCCACT,19,646299
cpxRp2,0.2222222222222222,9,8,GGTCTTTACGCTTACGTCCT,1,673970
cpxRp2,2.7777777777777777,32,8,GGTCTCCAGTTAGCAACGTA,24,651872
cpxRp2,1.1111111111111112,17,8,GGTCGGACGGGCGGGTAGAA,9,682087
cpxRp2,0.2222222222222222,9,8,GGTCGCCTTTAACCCGTCAC,1,686198
cpxRp2,0.3333333333333333,10,8,GGTCGAGATCGGAAGTTATA,2,649741
cpxRp2,1.0,16,8,GGTATGATATAGCCACATCA,8,653152
cpxRp2,0.3333333333333333,10,8,GGTATAATCTTGCCTAATAG,2,710272
cpxRp2,0.3333333333333333,10,8,GGTACAGATGACTGAGCAAA,2,644779
cpxRp2,0.7777777777777778,14,8,GGTAAGGCGATCAGACTGTT,6,630015
cpxRp2,30.333333333333332,280,8,GGGTGTACAGTCAGACATTA,272,663647
cpxRp2,0.6666666666666666,13,8,GGGTGGTGGTAATTCGAGCC,5,699561
cpxRp2,0.7777777777777778,14,8,GGGTGCGCTGGTTACGGTTC,6,697540
cpxRp2,1.6666666666666667,22,8,GGGTGCAGCTTGCCCACTGG,14,638483
cpxRp2,2.0,25,8,GGGTCGGGAACTACACTGCC,17,633131
cpxRp2,0.2222222222222222,9,8,GGGGTTTTTTTCTTGCGAAG,1,694537
cpxRp2,0.7777777777777778,14,8,GGGGTTGACCTATTTCAGCT,6,696437
cpxRp2,0.4444444444444444,11,8,GGGGTGTATGTTCTGTCTTG,3,658838
cpxRp2,0.5555555555555556,12,8,GGGGTCCTATGGGCATAAAA,4,681609
cpxRp2,0.8888888888888888,15,8,GGGGTAGTAATGTCGGTTAA,7,707221
cpxRp2,0.5555555555555556,12,8,GGGGTAACTGTAATGATAAA,4,683768
cpxRp2,3.3333333333333335,37,8,GGGGCCGAGTAGAATTGGGT,29,703613
cpxRp2,0.7777777777777778,14,8,GGGCCTTTAGAACCCCCCTC,6,656505
cpxRp2,0.4444444444444444,11,8,GGGCCTGACTCCATCCACCT,3,652952
cpxRp2,0.2222222222222222,9,8,GGGATCAGTTACAACTCTTT,1,632411
cpxRp2,0.4444444444444444,11,8,GGGATATCGGGGCAGTTTCT,3,704021
cpxRp2,3.5555555555555554,39,8,GGGAGCAAAGTTTTGGGGCA,31,693481
cpxRp2,0.6666666666666666,13,8,GGGACGAGAGCGCGTCGTGG,5,645993
cpxRp2,0.4444444444444444,11,8,GGCTTTCATGCATCTAACTT,3,659513
cpxRp2,1.3333333333333333,19,8,GGCTTGCGCTGAAGAGGGTT,11,655245
cpxRp2,0.5555555555555556,12,8,GGCTGGTCTGATATGCCTCC,4,683298
cpxRp2,1.1111111111111112,17,8,GGCTGCGATTTATGTCGAGC,9,684691
cpxRp2,1.2222222222222223,18,8,GGCTCTCCTCGCATGACTTA,10,655419
cpxRp2,2.7777777777777777,32,8,GGCTCGCTGATTCGGTCTTT,24,693129
cpxRp2,0.3333333333333333,10,8,GGCTCCGCTGTGTGCTGAGC,2,688833
cpxRp2,1.4444444444444444,20,8,GGCTCCGCCTTTCTTCAAAC,12,706418
cpxRp2,1.2222222222222223,18,8,GGCTCATAGCTTACGCTAGA,10,680437
cpxRp2,1.1111111111111112,17,8,GGCTATACGAGGTGGCGTTA,9,650945
cpxRp2,0.5555555555555556,12,8,GGCTAATAGGGTACTGTGTG,4,683453
cpxRp2,0.7777777777777778,14,8,GGCGTGTAAAATATGTGGGA,6,647006
cpxRp2,0.8888888888888888,15,8,GGCGGATAATAGAGCAGGCA,7,707783
cpxRp2,0.6666666666666666,13,8,GGCGCTTGTCCGTCCGCCTA,5,667324
cpxRp2,0.5555555555555556,12,8,GGCGCGACAGAGCTCTCGGT,4,652283
cpxRp2,0.3333333333333333,10,8,GGCGCCAGGGCTCTACTACA,2,666556
cpxRp2,0.6666666666666666,13,8,GGCGATTCCCCGCCGGTCTT,5,630301
cpxRp2,0.3333333333333333,10,8,GGCGAGACATAGCTTCTGCT,2,643267
cpxRp2,0.5555555555555556,12,8,GGCGACGGTGGCACAGCTTG,4,699633
cpxRp2,1.0,16,8,GGCGAAATTGAACTGCGCCT,8,689053
cpxRp2,0.7777777777777778,14,8,GGCCGGCCATGTGGTGACAA,6,646523
cpxRp2,1.7777777777777777,23,8,GGCCAGGTCTACGTGTTGGT,15,670846
cpxRp2,4.0,43,8,GGCCAGGATGGTCGTGGCTT,35,656446
cpxRp2,1.3333333333333333,19,8,GGCCAGCAAACTTTGATCCT,11,671328
cpxRp2,2.2222222222222223,27,8,GGCACGCATTGGAAGGCTTA,19,631191
cpxRp2,0.4444444444444444,11,8,GGCACACCGCGTCACAGCGG,3,692075
cpxRp2,0.5555555555555556,12,8,GGATCGGTATAAGTGCGTTA,4,655263
cpxRp2,1.4444444444444444,20,8,GGAGTCTGCCTACGCAGTTC,12,656313
cpxRp2,6.777777777777778,68,8,GGAGGTAAATTACAAGCATG,60,677353
cpxRp2,0.2222222222222222,9,8,GGAGGGTCATTTTTCTATAG,1,639937
cpxRp2,0.3333333333333333,10,8,GGAGGCACATAAGGGTCGAA,2,695587
cpxRp2,1.7777777777777777,23,8,GGAGCTCTTTTAAATTTTTG,15,686020
cpxRp2,1.3333333333333333,19,8,GGACGGTCTCGTTCACGCTG,11,666681
cpxRp2,0.4444444444444444,11,8,GGACGGCTTCGGTCGTATAA,3,663389
cpxRp2,1.2222222222222223,18,8,GGACCTTGGCACCAGGGGTT,10,645171
cpxRp2,2.111111111111111,26,8,GGACCTGGTAATCGGTCTTG,18,675602
cpxRp2,0.4444444444444444,11,8,GGACCGGCAAACTCGTCCGG,3,688094
cpxRp2,0.7777777777777778,14,8,GGACCAGTGCAGGTTCATTG,6,671501
cpxRp2,3.2222222222222223,36,8,GGACCAGAAGGTACCGATCG,28,697945
cpxRp2,1.0,16,8,GGAATACTAATCGGTACAAA,8,671365
cpxRp2,0.8888888888888888,15,8,GGAAGACCCTCTACCCATAT,7,646512
cpxRp2,1.0,16,8,GGAACGGTTGCTCTAGCTCT,8,693963
cpxRp2,0.2222222222222222,9,8,GGAAATTTGTCAACTGTGAC,1,657557
cpxRp2,0.2222222222222222,9,8,GGAAAGAATCGCATGAGAAA,1,682543
cpxRp2,0.4444444444444444,11,8,GGAAACCTCAACCGTCGCGT,3,679909
cpxRp2,1.0,16,8,GCTTGCCGCGATCTCTGCGC,8,704768
cpxRp2,0.2222222222222222,9,8,GCTTGAGGGCCGTGTTCCAA,1,690756
cpxRp2,1.4444444444444444,20,8,GCTTAGGCGCAAGTTACTCA,12,711558
cpxRp2,1.7777777777777777,23,8,GCTTAGAATGGACTGCGCTC,15,638499
cpxRp2,0.4444444444444444,11,8,GCTTAACGTGTCCGGTAAGA,3,711191
cpxRp2,4.555555555555555,48,8,GCTGTGGATGGGCGGCCAGT,40,697624
cpxRp2,0.3333333333333333,10,8,GCTCGTAATTGTGTAATGCA,2,701885
cpxRp2,1.2222222222222223,18,8,GCTCGGGCACATTGGGGGGT,10,644797
cpxRp2,1.1111111111111112,17,8,GCTCAGCAACTTGGCTAGGT,9,650884
cpxRp2,0.2222222222222222,9,8,GCTATCACTACCTGTGGGAT,1,687717
cpxRp2,1.4444444444444444,20,8,GCTAGACGTAAACTCGCAGG,12,681103
cpxRp2,1.1111111111111112,17,8,GCTACGCTGGGTGATATAGA,9,660120
cpxRp2,0.2222222222222222,9,8,GCTACACCTTCGGCCACATC,1,675387
cpxRp2,0.2222222222222222,9,8,GCGTCCTCCCTCTCGCGCCC,1,652864
cpxRp2,0.7777777777777778,14,8,GCGTCATATACGAATTGCCA,6,686965
cpxRp2,0.7777777777777778,14,8,GCGTATATCCGCGTTTACAA,6,633903
cpxRp2,0.6666666666666666,13,8,GCGTAGCCGGTGAGGGTCGT,5,690825
cpxRp2,0.5555555555555556,12,8,GCGTACTTGACACTCAAGAC,4,645832
cpxRp2,0.3333333333333333,10,8,GCGTAAATGAGAGGTCCCGT,2,643870
cpxRp2,0.2222222222222222,9,8,GCGGCTGCAATGCATATGCA,1,707442
cpxRp2,0.7777777777777778,14,8,GCGGCGACAGTCTAAAGCGA,6,658819
cpxRp2,0.5555555555555556,12,8,GCGGCCTCCTAATTGCATGC,4,694222
cpxRp2,0.4444444444444444,11,8,GCGGCCTAGGCGGTGGGCAG,3,639274
cpxRp2,0.5555555555555556,12,8,GCGCTCAGCCTGGTGCCTAC,4,646871
cpxRp2,1.8888888888888888,24,8,GCGCTATTCGCAGCCTCCAA,16,657651
cpxRp2,2.6666666666666665,31,8,GCGCAAACTCCCGAAAAGGT,23,680575
cpxRp2,0.2222222222222222,9,8,GCGATGCACCGCGGAAAATA,1,677132
cpxRp2,0.3333333333333333,10,8,GCGATAATTAAAAGCGTTAC,2,644437
cpxRp2,1.3333333333333333,19,8,GCGAGATGGGCCAAGGTCAG,11,645715
cpxRp2,0.4444444444444444,11,8,GCGACCTAATTAGAGCGGTT,3,671838
cpxRp2,1.2222222222222223,18,8,GCGAAGTAGTACCCGGTTTG,10,694451
cpxRp2,0.2222222222222222,9,8,GCGAACGCGGCTTATATGCG,1,668153
cpxRp2,1.0,16,8,GCCTTTTGCTCCACGAATTT,8,676580
cpxRp2,0.3333333333333333,10,8,GCCTATTTGTACATTGCTGT,2,685241
cpxRp2,2.7777777777777777,32,8,GCCTAGTGACTTCAATCTCT,24,685238
cpxRp2,0.2222222222222222,9,8,GCCTAGGGCTATTTGAGGTG,1,641839
cpxRp2,0.4444444444444444,11,8,GCCTAATGAGTCGATTACTA,3,704558
cpxRp2,0.5555555555555556,12,8,GCCGAACTGTCTGTAGAAGG,4,646730
cpxRp2,0.5555555555555556,12,8,GCCGAACGAGTTGAACTGGG,4,645956
cpxRp2,1.4444444444444444,20,8,GCCCTAGAGCCGAACGAGAG,12,684933
cpxRp2,0.2222222222222222,9,8,GCCCGGTCCTGCAACGGGCT,1,682090
cpxRp2,0.3333333333333333,10,8,GCCCGCACAATCTTTATCCA,2,658750
cpxRp2,1.4444444444444444,20,8,GCCCCTCTCCTGAGCACCAT,12,656026
cpxRp2,1.3333333333333333,19,8,GCCCCGGTCACGCGTGTATG,11,632609
cpxRp2,0.6666666666666666,13,8,GCCCATGCCAAGGTAATGGC,5,635636
cpxRp2,0.4444444444444444,11,8,GCCCATATTCGACTGGCGTA,3,667109
cpxRp2,0.7777777777777778,14,8,GCCAGCGTACCGAATAAGCC,6,640659
cpxRp2,1.0,16,8,GCCAGCCAGCATCCGAACTA,8,666545
cpxRp2,1.0,16,8,GCCAATGGGGTCTTCGCAAC,8,700226
cpxRp2,0.8888888888888888,15,8,GCCAAGATACCCAGAAGAGC,7,631267
cpxRp2,0.7777777777777778,14,8,GCATTTGGACGAATACAACT,6,667162
cpxRp2,0.5555555555555556,12,8,GCATGAAGAGCCTGCAAGAT,4,704562
cpxRp2,0.8888888888888888,15,8,GCATCTGTGCCCGCATAGGA,7,712194
cpxRp2,2.0,25,8,GCAGTATGAACATGCTACAA,17,629670
cpxRp2,0.3333333333333333,10,8,GCAGTAACCGGTCATACCAC,2,665331
cpxRp2,3.2222222222222223,36,8,GCAGGCCCTATACTTACTTT,28,666153
cpxRp2,0.7777777777777778,14,8,GCAGATTTGGCGTCGATGCA,6,636035
cpxRp2,0.3333333333333333,10,8,GCACTAAGATAACCACACCT,2,640918
cpxRp2,0.8888888888888888,15,8,GCACGTAGGAAAAATTTTTA,7,662836
cpxRp2,0.4444444444444444,11,8,GCACGAACCTGTGCAAGAGG,3,635722
cpxRp2,4.0,43,8,GCAATACGGGGTTTCTGTCC,35,696773
cpxRp2,0.2222222222222222,9,8,GCAACTAACTTGCCCTCTGC,1,645413
cpxRp2,0.2222222222222222,9,8,GCAACATCCGAGTTCATAAT,1,636834
cpxRp2,0.5555555555555556,12,8,GCAAAGGAATGTGGAATCTT,4,707213
cpxRp2,1.3333333333333333,19,8,GCAAAACGATACACTGCTCA,11,662693
cpxRp2,2.111111111111111,26,8,GATGATAGTAGGACTAGGCG,18,674057
cpxRp2,0.3333333333333333,10,8,GATCCCGTTCGTCCAGGATA,2,673677
cpxRp2,0.4444444444444444,11,8,GATCCCAGCCGGGATCAAGA,3,706526
cpxRp2,0.3333333333333333,10,8,GATCCACTGATGTCTTATCC,2,673095
cpxRp2,0.2222222222222222,9,8,GATCAAAGGCGTAACACTTC,1,696389
cpxRp2,0.6666666666666666,13,8,GATAGTATCTACTCTACCAG,5,668682
cpxRp2,3.111111111111111,35,8,GATAGTACTGGCGAGCAGGC,27,638298
cpxRp2,0.2222222222222222,9,8,GATACAGCGGTTTCTGGGGA,1,711856
cpxRp2,0.7777777777777778,14,8,GAGTGGGATTGACTCGATTT,6,643425
cpxRp2,0.5555555555555556,12,8,GAGTCCTGTGCAGGGTTTTA,4,657103
cpxRp2,0.8888888888888888,15,8,GAGTCAGCGAGTCGGAAGAG,7,703313
cpxRp2,1.1111111111111112,17,8,GAGGTGGGGACGCCCACTTG,9,634417
cpxRp2,0.5555555555555556,12,8,GAGGTCGCCAAATTTCAGTG,4,655431
cpxRp2,2.4444444444444446,29,8,GAGGGTCAATAAGCCCTAAT,21,712294
cpxRp2,0.7777777777777778,14,8,GAGCTGTGCTCCTATAGATT,6,661677
cpxRp2,0.3333333333333333,10,8,GAGCGCGTTCTGACCATGGT,2,707873
cpxRp2,0.4444444444444444,11,8,GAGCCTTGGAGATTACGGCA,3,659857
cpxRp2,0.5555555555555556,12,8,GAGCCCTTGGTGCTGCCAGT,4,690013
cpxRp2,0.5555555555555556,12,8,GAGCATTGAGGCGATCGTTG,4,663187
cpxRp2,0.2222222222222222,9,8,GACTGTCTCTTACGTTCTTT,1,639606
cpxRp2,1.6666666666666667,22,8,GACTGCCCCAGGCGAACTAA,14,680320
cpxRp2,0.6666666666666666,13,8,GACTGAGCATTGTTAAGGGG,5,696975
cpxRp2,1.3333333333333333,19,8,GACTCCGATGCCTCTAGAAC,11,699375
cpxRp2,0.3333333333333333,10,8,GACTAACGGACTGCATGAAA,2,672372
cpxRp2,0.5555555555555556,12,8,GACTAACCACGCTCCGCAAA,4,643802
cpxRp2,7.111111111111111,71,8,GACGTCCCTTCAGCGCAAAA,63,701807
cpxRp2,1.2222222222222223,18,8,GACGGTGACTGCCGTCTCAG,10,705767
cpxRp2,3.2222222222222223,36,8,GACGCCCCGGGTATTGGGGA,28,638151
cpxRp2,1.5555555555555556,21,8,GACGACATCTAGTCCATATC,13,642989
cpxRp2,0.2222222222222222,9,8,GACCTCCCCGGAACCACCGA,1,631076
cpxRp2,0.3333333333333333,10,8,GACCCTCGCCGAGAGCCGAG,2,684403
cpxRp2,0.4444444444444444,11,8,GACCCATTCTGGCGAGCGCT,3,649260
cpxRp2,2.111111111111111,26,8,GACCCAGCAGCTCGCCACGA,18,661529
cpxRp2,0.4444444444444444,11,8,GACATCGATAGTGAAGGGTA,3,651807
cpxRp2,2.4444444444444446,29,8,GACATACGCCGCAGTCCGAG,21,667000
cpxRp2,0.4444444444444444,11,8,GACACGTGAGCTCTTTTTGA,3,669309
cpxRp2,1.1111111111111112,17,8,GAATTACACAGTGATACTGT,9,681389
cpxRp2,2.111111111111111,26,8,GAATACGGTTGGCGGTGTAA,18,644078
cpxRp2,0.4444444444444444,11,8,GAAGGTCCAATGGTAACAGA,3,679582
cpxRp2,0.5555555555555556,12,8,GAAGAGCGAGGCACTCAAAG,4,654323
cpxRp2,0.5555555555555556,12,8,GAACTTAGAGTGGGAAGCCA,4,690184
cpxRp2,1.7777777777777777,23,8,GAACGCTGACCGTATTGGTA,15,698987
cpxRp2,2.0,25,8,GAACGCCCACTTTTGTTAAA,17,708138
cpxRp2,0.7777777777777778,14,8,GAACGACACCCAGGAGAAAT,6,698835
cpxRp2,1.3333333333333333,19,8,GAACCTCCTGAACATCAGCC,11,640589
cpxRp2,1.6666666666666667,22,8,GAACAACCCTTGGGTCTTGA,14,679342
cpxRp2,0.2222222222222222,9,8,GAACAACAGGTTGTACGGTA,1,662418
cpxRp2,0.6666666666666666,13,8,GAAATTGGGGGTTCTTAAGT,5,668190
cpxRp2,0.3333333333333333,10,8,CTTTTACATCTTTATCAAAG,2,646697
cpxRp2,1.0,16,8,CTTTCTAGTATTATGATTTC,8,664801
cpxRp2,1.3333333333333333,19,8,CTTTCGGGCATCCCAGCTTG,11,704378
cpxRp2,0.3333333333333333,10,8,CTTTCCGCTCGGTTATAAGG,2,632034
cpxRp2,0.4444444444444444,11,8,CTTCTTAAGTAGTCGGGGAT,3,674641
cpxRp2,0.3333333333333333,10,8,CTTCTATGCTTGCAAGATAT,2,671239
cpxRp2,1.1111111111111112,17,8,CTTCTAAACCGGTCCCGCAT,9,637673
cpxRp2,1.1111111111111112,17,8,CTTCGTAGTCACTCTGACAC,9,634210
cpxRp2,0.6666666666666666,13,8,CTTCCTGGATACTTATGATT,5,690351
cpxRp2,1.7777777777777777,23,8,CTTCCGTCCTTCAATAGCAT,15,656973
cpxRp2,0.6666666666666666,13,8,CTTCACCACATTAACGTTTA,5,709857
cpxRp2,1.6666666666666667,22,8,CTTCAAGCTAAGGCTGCTCC,14,701741
cpxRp2,1.2222222222222223,18,8,CTTATCCGAGGGGACTACCT,10,686072
cpxRp2,4.777777777777778,50,8,CTTATAAGAATCATCGGCAT,42,665589
cpxRp2,1.1111111111111112,17,8,CTTACTTTAGTACTGCGCTG,9,657154
cpxRp2,0.2222222222222222,9,8,CTTACGGCGCAAAGTCGCTC,1,701196
cpxRp2,0.2222222222222222,9,8,CTTACGCAGTATCGCACCAC,1,665850
cpxRp2,0.8888888888888888,15,8,CTTACGACGATATTCTCGTT,7,652819
cpxRp2,1.2222222222222223,18,8,CTTACCGGAGACAGATCGGT,10,647952
cpxRp2,0.4444444444444444,11,8,CTGTTACTTCTGCCGAGTAA,3,657364
cpxRp2,0.2222222222222222,9,8,CTGTAGTAGGAAGTAGATCA,1,708070
cpxRp2,0.8888888888888888,15,8,CTGTAGGTGCCACCCGGTTC,7,638305
cpxRp2,0.3333333333333333,10,8,CTGGTTTTTTCACTGCACCT,2,632599
cpxRp2,0.3333333333333333,10,8,CTGGGTACTGCAAAGTTCAT,2,699727
cpxRp2,0.3333333333333333,10,8,CTGGGGCCAAAGGTCGAGCA,2,656671
cpxRp2,1.3333333333333333,19,8,CTGGCTCTTGTTACGCGTCC,11,689226
cpxRp2,0.6666666666666666,13,8,CTGCTAAACCGAGATGGTCG,5,661523
cpxRp2,1.0,16,8,CTGCGTTAGGGAGTGCCAGG,8,698350
cpxRp2,2.7777777777777777,32,8,CTGCGTGCTTCGAGAACTGT,24,646521
cpxRp2,1.3333333333333333,19,8,CTGCGATACACGAAGCTCTT,11,706236
cpxRp2,1.2222222222222223,18,8,CTGCCCCGAACGGGGCATGA,10,649526
cpxRp2,0.7777777777777778,14,8,CTGCCACCGCGAAATGCGGT,6,711697
cpxRp2,0.5555555555555556,12,8,CTGCACTAGAACGGGAACGC,4,685686
cpxRp2,2.5555555555555554,30,8,CTGACTAGGCATTCGGTACT,22,630770
cpxRp2,0.2222222222222222,9,8,CTCTTTAGGAGTTGCTCACG,1,673618
cpxRp2,0.3333333333333333,10,8,CTCTTATCGGTTGTTTGGTC,2,681664
cpxRp2,0.3333333333333333,10,8,CTCTGCTTCATCGCCCTTAA,2,641743
cpxRp2,0.8888888888888888,15,8,CTCTCTGGAGTTCCGCAAGG,7,690230
cpxRp2,1.1111111111111112,17,8,CTCTCCGGCAGGTGGGTATG,9,654067
cpxRp2,1.1111111111111112,17,8,CTCTAATGGTAGCGCCCCGT,9,639498
cpxRp2,0.5555555555555556,12,8,CTCGTGTGGACGCGATAGAG,4,671679
cpxRp2,0.2222222222222222,9,8,CTCGGGGCTGATAAGGATCG,1,643542
cpxRp2,0.3333333333333333,10,8,CTCGCGTGAGGGGACGCCTT,2,649123
cpxRp2,0.2222222222222222,9,8,CTCCGGTAATTTCAATTTAT,1,682119
cpxRp2,1.2222222222222223,18,8,CTCCGCTCATCTCTACTCAA,10,668757
cpxRp2,1.1111111111111112,17,8,CTCCCGTGGGCAATGGATAA,9,646056
cpxRp2,0.3333333333333333,10,8,CTCCCATGTATGATGAACAT,2,640192
cpxRp2,1.0,16,8,CTCCATGAGAAATTTGCAAA,8,701153
cpxRp2,8.88888888888889,87,8,CTCCAGAACTACTTTGGATG,79,640902
cpxRp2,0.7777777777777778,14,8,CTCCAACAAAGTACGTTTCT,6,704748
cpxRp2,0.7777777777777778,14,8,CTCATTTCGAACAGATGTAA,6,664747
cpxRp2,0.8888888888888888,15,8,CTCAGGAGGACTGATTACGG,7,670466
cpxRp2,0.8888888888888888,15,8,CTCACGAACGAGTGTCCCAC,7,711282
cpxRp2,1.2222222222222223,18,8,CTCACCAGCCACCTAGTTAA,10,653187
cpxRp2,0.4444444444444444,11,8,CTCAATCCGTCGAAGTTGCA,3,688123
cpxRp2,1.3333333333333333,19,8,CTCAACCAGCAGGCCGTTTA,11,697542
cpxRp2,1.3333333333333333,19,8,CTATTTTATCGCGGGTTTAT,11,637238
cpxRp2,1.7777777777777777,23,8,CTATTCCTAGCTCGGCTTTT,15,660191
cpxRp2,0.3333333333333333,10,8,CTATTAGTCTGCCTCCCGTA,2,698133
cpxRp2,1.2222222222222223,18,8,CTATCCCCGTTGGACCTACT,10,684432
cpxRp2,0.5555555555555556,12,8,CTATATTCGACGGTGCACCA,4,632060
cpxRp2,0.2222222222222222,9,8,CTAGTTTCAAATAAAGCCTC,1,644232
cpxRp2,1.3333333333333333,19,8,CTAGCGGCCCGCCCAGGCAA,11,681178
cpxRp2,2.2222222222222223,27,8,CTAGCATACATTGCCATTGA,19,646339
cpxRp2,0.3333333333333333,10,8,CTACGGGTAGATCTAGCTAT,2,649408
cpxRp2,0.2222222222222222,9,8,CTACAAGTTGAACGGAAGCT,1,693664
cpxRp2,0.2222222222222222,9,8,CTAAGGGGAAGGAAATAAGC,1,691686
cpxRp2,0.8888888888888888,15,8,CTAAGGGCAACAACACCATG,7,684959
cpxRp2,0.5555555555555556,12,8,CTAACGAGCAATCTACCTGT,4,690216
cpxRp2,0.4444444444444444,11,8,CTAAAGTGGCTTAGCCAGTG,3,635771
cpxRp2,4.333333333333333,46,8,CTAAAGTCGGTAATCGCAAA,38,653197
cpxRp2,1.0,16,8,CGTTACAGGGCGGGAGTGAA,8,683036
cpxRp2,0.3333333333333333,10,8,CGTGGTACCGAAGTTAGCTA,2,698010
cpxRp2,6.333333333333333,64,8,CGTGACTCCATCAAGTAGGA,56,690582
cpxRp2,1.6666666666666667,22,8,CGTGACTACATACTTTTTGG,14,664217
cpxRp2,0.4444444444444444,11,8,CGTCGTTTTGTAGAGCTCGT,3,696804
cpxRp2,0.4444444444444444,11,8,CGTCGTTTCTCAAACCAGCA,3,693526
cpxRp2,0.3333333333333333,10,8,CGTCGGATTACGGATAGTAA,2,693318
cpxRp2,0.8888888888888888,15,8,CGTCCTGGGTGCTAGTCGCA,7,699289
cpxRp2,1.4444444444444444,20,8,CGTCATTTAAGTTGTAGCCC,12,676502
cpxRp2,1.3333333333333333,19,8,CGTCAATGGCATCGAGAAAA,11,649588
cpxRp2,0.5555555555555556,12,8,CGTCAAGATGCTTCCGTGAA,4,710214
cpxRp2,1.0,16,8,CGTAAAAAGTGTAATTTTAG,8,632537
cpxRp2,1.0,16,8,CGGTTTTTTAAGAACTTTTA,8,636207
cpxRp2,0.3333333333333333,10,8,CGGTTCAGTCCGCGGTTGTT,2,697982
cpxRp2,0.4444444444444444,11,8,CGGGTCACAAAAAACGAACT,3,639667
cpxRp2,0.2222222222222222,9,8,CGGGCTTTACGCAAGAAGTT,1,642693
cpxRp2,2.2222222222222223,27,8,CGGGCGGTCATGGCATTCTA,19,637296
cpxRp2,0.2222222222222222,9,8,CGGCTTGGACGGTGAACCAG,1,644381
cpxRp2,0.5555555555555556,12,8,CGGCGATCTATTTGTGAAGT,4,638870
cpxRp2,1.5555555555555556,21,8,CGGCCACGCCATTCGCATCT,13,643382
cpxRp2,0.8888888888888888,15,8,CGGCAAGGTTTATTCTATTA,7,700955
cpxRp2,0.4444444444444444,11,8,CGGATCAAACTATCTTGTTG,3,662483
cpxRp2,1.1111111111111112,17,8,CGGAGGCTACAAAAGCGTTG,9,694612
cpxRp2,1.1111111111111112,17,8,CGCTTGGGGACTATGCGTGT,9,673891
cpxRp2,1.0,16,8,CGCTTGCCGCTAAGGAAGAG,8,667491
cpxRp2,0.3333333333333333,10,8,CGCTGTCTTCTGTAAAGCGG,2,690042
cpxRp2,0.8888888888888888,15,8,CGCTGTAGACAGATCGATTG,7,674162
cpxRp2,1.3333333333333333,19,8,CGCTCTCTGTATACAATCTA,11,673012
cpxRp2,0.3333333333333333,10,8,CGCTCCAAAATAAAGGCTGG,2,639803
cpxRp2,1.0,16,8,CGCGTTCTAGATCCTTGATG,8,670645
cpxRp2,1.5555555555555556,21,8,CGCGTCTTTTTGGTACCCGT,13,652221
cpxRp2,1.3333333333333333,19,8,CGCGAGCTATCATCTTTGTA,11,697159
cpxRp2,2.111111111111111,26,8,CGCGAGCGCCCCCCGTTCGG,18,636523
cpxRp2,1.2222222222222223,18,8,CGCCGGGTTTCGCGATTCTC,10,651202
cpxRp2,1.8888888888888888,24,8,CGCCGGCTGCCTAGTGTCAC,16,637560
cpxRp2,1.1111111111111112,17,8,CGCCCTGTATCTTTGCCTGG,9,669698
cpxRp2,0.3333333333333333,10,8,CGCAGTTTTCAGGGCAGGAT,2,650303
cpxRp2,1.0,16,8,CGCACCGCGACATGGGTTCT,8,708267
cpxRp2,0.2222222222222222,9,8,CGCACCGACGGTTGCGTACT,1,672453
cpxRp2,0.5555555555555556,12,8,CGCAATCTCGTGACGGGGTG,4,695284
cpxRp2,0.3333333333333333,10,8,CGCAAGACTCTACCAAGGGA,2,666421
cpxRp2,1.2222222222222223,18,8,CGATTGTCCAGAACAATCGT,10,678186
cpxRp2,1.4444444444444444,20,8,CGATGAGAGCGTTTTACTCA,12,644403
cpxRp2,4.777777777777778,50,8,CGATCTTGTACGCCTTTCCC,42,638479
cpxRp2,0.2222222222222222,9,8,CGATAGGCGGTCACCACAGG,1,668551
cpxRp2,0.3333333333333333,10,8,CGATAGACGAGATGGGGATA,2,660690
cpxRp2,1.5555555555555556,21,8,CGATAAGCACAGCGTAAAAC,13,668061
cpxRp2,0.8888888888888888,15,8,CGAGTGTGGATGTCACAAAT,7,686780
cpxRp2,1.2222222222222223,18,8,CGAGGTAGCGTATATCGACA,10,667462
cpxRp2,0.3333333333333333,10,8,CGAGATTCGCATGAAGACGG,2,662904
cpxRp2,0.3333333333333333,10,8,CGAGAGGAAAAGCGGACCAT,2,640387
cpxRp2,0.8888888888888888,15,8,CGAGAACCGCTCTTCCAATA,7,701478
cpxRp2,1.1111111111111112,17,8,CGACTACAGCACCGCAGATT,9,689832
cpxRp2,1.5555555555555556,21,8,CGACGCCTATTAATGCTGTT,13,701594
cpxRp2,0.4444444444444444,11,8,CGACCGTGCTAAAAGGGTCC,3,673547
cpxRp2,1.4444444444444444,20,8,CGACCCATACGTCCCTGAAT,12,660465
cpxRp2,1.4444444444444444,20,8,CGACACGGATCAATAAACAA,12,662062
cpxRp2,0.6666666666666666,13,8,CGACACCCTATCGCGGCATG,5,702250
cpxRp2,1.0,16,8,CGACAAGTAGGGAGACGTGT,8,648960
cpxRp2,2.3333333333333335,28,8,CGAATGTGCCGAAACTCCAA,20,682825
cpxRp2,0.5555555555555556,12,8,CGAATGTAGCGAAGTGTAGG,4,705163
cpxRp2,1.7777777777777777,23,8,CGAAGCGTCTATCCATTATG,15,708151
cpxRp2,1.4444444444444444,20,8,CGAACGATGATTATCATACA,12,683744
cpxRp2,1.5555555555555556,21,8,CGAAACAATTATGGAGCAGA,13,634470
cpxRp2,0.2222222222222222,9,8,CCTTTTGCCTAGTGAATTGT,1,671486
cpxRp2,0.7777777777777778,14,8,CCTTTACCAGTTTGTAATGT,6,633627
cpxRp2,0.4444444444444444,11,8,CCTTGTCCCAGATTGGCCCG,3,690860
cpxRp2,1.1111111111111112,17,8,CCTTCCTTTGGCGTAAACTG,9,659670
cpxRp2,0.7777777777777778,14,8,CCTGCAATAATACGTTGCTT,6,682547
cpxRp2,0.7777777777777778,14,8,CCTGAGTCCTGGCATGCTGT,6,690899
cpxRp2,1.8888888888888888,24,8,CCTCTGTGTCGGTTACGGCC,16,665455
cpxRp2,0.3333333333333333,10,8,CCTCTCTGTTGTAGACATAC,2,659912
cpxRp2,1.3333333333333333,19,8,CCTCGCCTCAGGCTACGATT,11,687484
cpxRp2,0.7777777777777778,14,8,CCTATTTTTATAACATACAT,6,659841
cpxRp2,0.4444444444444444,11,8,CCTAGGGTGCTCTCGTGATT,3,646035
cpxRp2,0.2222222222222222,9,8,CCTAATCTTCTAGGTGTTCC,1,690951
cpxRp2,0.2222222222222222,9,8,CCTAACTGCACCGACACATA,1,629903
cpxRp2,0.2222222222222222,9,8,CCGTGGTGGCATAAATGCGT,1,645758
cpxRp2,0.3333333333333333,10,8,CCGTCTGACCCAGGAGACAG,2,663413
cpxRp2,0.3333333333333333,10,8,CCGTCGTGGTATCCCAAAAC,2,641867
cpxRp2,0.3333333333333333,10,8,CCGTAAAATTCCGCTGACTC,2,677434
cpxRp2,1.2222222222222223,18,8,CCGGTGGGGGAAGCACGCAA,10,703252
cpxRp2,1.5555555555555556,21,8,CCGGGGCTGATCGTTCACCA,13,655292
cpxRp2,5.555555555555555,57,8,CCGGGCGTCAGTCCAACTTC,49,700440
cpxRp2,0.2222222222222222,9,8,CCGGCAGGCTCCAGGGCTAA,1,696504
cpxRp2,0.2222222222222222,9,8,CCGGACCAGTCATGTTTAAT,1,692880
cpxRp2,3.888888888888889,42,8,CCGCGGTTGAAAGGCGTAAC,34,640499
cpxRp2,1.5555555555555556,21,8,CCGCGACGTCTGAACTCCTG,13,633899
cpxRp2,0.2222222222222222,9,8,CCGCCGATTTTCGGACAAAT,1,655797
cpxRp2,0.5555555555555556,12,8,CCGATGATTACTGATCTCGT,4,657290
cpxRp2,0.2222222222222222,9,8,CCGACGGGGGGCACGCTGTT,1,642051
cpxRp2,1.1111111111111112,17,8,CCGAATATCGACAGGGGCAA,9,643667
cpxRp2,0.7777777777777778,14,8,CCCTTACTACACTTAGTAAC,6,642018
cpxRp2,1.0,16,8,CCCTTACCCCGAGCGGAAAT,8,674274
cpxRp2,0.4444444444444444,11,8,CCCTGTCACGTCCTCCTTCA,3,656691
cpxRp2,0.6666666666666666,13,8,CCCTACTAAAAACTGGGAAG,5,689704
cpxRp2,1.5555555555555556,21,8,CCCGTGGATGGTTAACGATC,13,649195
cpxRp2,0.6666666666666666,13,8,CCCCGGCAGGACCGCGTAGA,5,636738
cpxRp2,0.2222222222222222,9,8,CCCCGCGTAGCAATTCCCTG,1,658329
cpxRp2,0.7777777777777778,14,8,CCCCCTGTTATCGCCCCTAT,6,650571
cpxRp2,0.3333333333333333,10,8,CCCAAAGCACTCTGATAACG,2,675526
cpxRp2,1.5555555555555556,21,8,CCATATTTAAGACGCACTTA,13,658338
cpxRp2,1.0,16,8,CCAGTTCCGCCACACCAAGC,8,678098
cpxRp2,0.3333333333333333,10,8,CCAGGGTAGAGTACGATGCT,2,677313
cpxRp2,1.7777777777777777,23,8,CCAGGCTCCATGCTGCGCGC,15,692718
cpxRp2,0.5555555555555556,12,8,CCAGGATCAGAGTACGCCCA,4,663050
cpxRp2,1.4444444444444444,20,8,CCAGAGGCGTTTTATAGGTA,12,636377
cpxRp2,1.8888888888888888,24,8,CCAGAGATTTTCCGTACGTT,16,695501
cpxRp2,0.5555555555555556,12,8,CCAGACCGTGGTGTACCCAA,4,640113
cpxRp2,1.8888888888888888,24,8,CCAGAACCCACGAGATGGAA,16,663347
cpxRp2,1.8888888888888888,24,8,CCACTGACATGCGGCGAGAT,16,673021
cpxRp2,0.3333333333333333,10,8,CCACATTCTTTATGCATCGC,2,687528
cpxRp2,0.3333333333333333,10,8,CCACAACGCGGAGTCCAGGC,2,689837
cpxRp2,1.8888888888888888,24,8,CCAATTTACTTAATTATCGT,16,704754
cpxRp2,0.5555555555555556,12,8,CCAATGGCACGGGCCTCAAT,4,638006
cpxRp2,0.3333333333333333,10,8,CCAAGTTCAGCCACAATTTA,2,678718
cpxRp2,1.1111111111111112,17,8,CCAAGCAAAGGCGGGCGACC,9,681668
cpxRp2,0.6666666666666666,13,8,CCAAATATCTAAGACCAACC,5,660836
cpxRp2,1.0,16,8,CATTGTGAGGGGGATCTGAA,8,674399
cpxRp2,1.5555555555555556,21,8,CATTGCCGACTGTTGCTAAG,13,675023
cpxRp2,0.3333333333333333,10,8,CATTCTCTAGAGAAACCGGA,2,675714
cpxRp2,0.3333333333333333,10,8,CATTAGGGACACTAGATTAC,2,651924
cpxRp2,2.888888888888889,33,8,CATTAGCGAAGAATCCGATC,25,633094
cpxRp2,0.2222222222222222,9,8,CATGTGGGGAGCTCGTCATG,1,635550
cpxRp2,0.7777777777777778,14,8,CATGAGGCTGACGTCGAGAA,6,677493
cpxRp2,0.3333333333333333,10,8,CATCTTCAGCCCTTTATGCA,2,675630
cpxRp2,1.8888888888888888,24,8,CATCTCCCTGGACGGAGCCT,16,669268
cpxRp2,0.2222222222222222,9,8,CATCGTCCACAATTCGGGAG,1,709905
cpxRp2,0.2222222222222222,9,8,CATCGGTGTATCAAGAAAAT,1,671233
cpxRp2,1.1111111111111112,17,8,CATCCGGGAGTGACCACTTG,9,664413
cpxRp2,0.5555555555555556,12,8,CATCAGACCTCTGGCACCGC,4,645693
cpxRp2,0.2222222222222222,9,8,CATCACTTAATCTCATACAA,1,645622
cpxRp2,0.5555555555555556,12,8,CATCACTATACTGGTCTCCA,4,656501
cpxRp2,0.3333333333333333,10,8,CATCACGCATTACTTAACTT,2,684271
cpxRp2,0.4444444444444444,11,8,CATCAAGTGGCCATCACTTC,3,641136
cpxRp2,1.1111111111111112,17,8,CATATTGGATGTTCCTAATT,9,686752
cpxRp2,0.4444444444444444,11,8,CATATAGACGCCGATGCTCA,3,682638
cpxRp2,0.7777777777777778,14,8,CATAGCCGGCCTTACTTCCT,6,695537
cpxRp2,1.5555555555555556,21,8,CAGTTTTACCCGGCAGTGTG,13,644830
cpxRp2,1.6666666666666667,22,8,CAGTTGGCGCAGCCGGGCTC,14,686189
cpxRp2,1.4444444444444444,20,8,CAGTGTGGTAAAGTTTGATA,12,631424
cpxRp2,0.4444444444444444,11,8,CAGTGCCTAGTCTGAGAACT,3,636806
cpxRp2,12.555555555555555,120,8,CAGTGCAGATGAAGCACCCG,112,647723
cpxRp2,0.3333333333333333,10,8,CAGTCCACACAATAACGAAG,2,678046
cpxRp2,0.8888888888888888,15,8,CAGGTCGTAGGATTAATATT,7,707730
cpxRp2,0.5555555555555556,12,8,CAGGCCAAGAAGAGTGCCTT,4,642133
cpxRp2,1.0,16,8,CAGGATTGCCTGGAGTGATC,8,680380
cpxRp2,0.2222222222222222,9,8,CAGGAATGCCGCACGGTGCA,1,655622
cpxRp2,1.4444444444444444,20,8,CAGCTCATGCCCATCCCCGA,12,630915
cpxRp2,3.5555555555555554,39,8,CAGCTACGGGTGAACTGTCT,31,705224
cpxRp2,1.6666666666666667,22,8,CAGCGTCTTCACACCAAGCT,14,665041
cpxRp2,1.0,16,8,CAGCGGGCAATAATGGAAAA,8,689870
cpxRp2,1.1111111111111112,17,8,CAGCCGCATGAGCCGAAGTC,9,654006
cpxRp2,0.8888888888888888,15,8,CAGCAGTCCTTTCGGGAACA,7,641449
cpxRp2,0.5555555555555556,12,8,CAGAGAGTCCGGCCGTTAGG,4,642187
cpxRp2,1.8888888888888888,24,8,CAGACTACCTTCAGAGGTGA,16,693456
cpxRp2,0.6666666666666666,13,8,CAGACAGAAGGAGTATGATG,5,705341
cpxRp2,0.4444444444444444,11,8,CAGAAACGAGATGTCCGTAA,3,645641
cpxRp2,0.4444444444444444,11,8,CACTCGCGCGCCTCCGACTA,3,681309
cpxRp2,0.2222222222222222,9,8,CACTCATTGTACTACGCGCG,1,695282
cpxRp2,0.7777777777777778,14,8,CACGTGAATGGATGGGCTTG,6,635533
cpxRp2,1.1111111111111112,17,8,CACGCTCAGCATGTTCATCA,9,655773
cpxRp2,0.3333333333333333,10,8,CACGACAAGTAACACCTGAT,2,676368
cpxRp2,1.0,16,8,CACCAAATAAAGATAGGTGG,8,652195
cpxRp2,0.5555555555555556,12,8,CACATTCACGATTGCGTGGA,4,683414
cpxRp2,1.5555555555555556,21,8,CACATGATCGTCTAAGCTCC,13,702138
cpxRp2,0.8888888888888888,15,8,CACATCCCCATACGGCGAAG,7,695175
cpxRp2,0.5555555555555556,12,8,CACAGTTTGGGCACAGTATT,4,652364
cpxRp2,0.5555555555555556,12,8,CACAGTAGTTACCGACTAAT,4,686429
cpxRp2,0.8888888888888888,15,8,CACACTGCTTCTGACAACTA,7,634579
cpxRp2,0.4444444444444444,11,8,CACACGAGAGGTGGGAGGAA,3,679529
cpxRp2,0.2222222222222222,9,8,CACAAATCTCCGCAACCGAA,1,651906
cpxRp2,1.1111111111111112,17,8,CAATTTTAAACCGTTGGAAC,9,642807
cpxRp2,0.2222222222222222,9,8,CAATGTCTGTTTTTCTGGCA,1,642515
cpxRp2,0.3333333333333333,10,8,CAATCTCATCACCCTATACA,2,655359
cpxRp2,0.7777777777777778,14,8,CAAGTATGTATGAGATATTT,6,706193
cpxRp2,0.3333333333333333,10,8,CAAGTATACTACCTGCGAAG,2,658004
cpxRp2,0.8888888888888888,15,8,CAAGTAAGCTGCGTACCGGA,7,635967
cpxRp2,0.4444444444444444,11,8,CAAGGCGCGAGCTTGAGGAA,3,646193
cpxRp2,2.6666666666666665,31,8,CAAGGACAAGACCTGACTGT,23,642162
cpxRp2,0.4444444444444444,11,8,CAAGAGCAAACCAACCCCGC,3,650703
cpxRp2,0.2222222222222222,9,8,CAAGAAATGGGGTTACTAAC,1,659317
cpxRp2,0.7777777777777778,14,8,CAAGAAATAATTCATCCGGG,6,642796
cpxRp2,0.2222222222222222,9,8,CAACGGGTAAACTTTACGGC,1,633593
cpxRp2,0.3333333333333333,10,8,CAACATAACGAGCATAAAAG,2,690284
cpxRp2,1.6666666666666667,22,8,CAAATGCTATTATGCTGCGG,14,665082
cpxRp2,1.8888888888888888,24,8,CAAATCATGTGAATACACGG,16,657208
cpxRp2,0.5555555555555556,12,8,CAAAACGCGTGTATTTAGTG,4,664338
cpxRp2,2.0,25,8,ATTTATACATACCGACCTCT,17,643223
cpxRp2,0.3333333333333333,10,8,ATTGTGCGGGGAAGCGACAA,2,636075
cpxRp2,0.5555555555555556,12,8,ATTGGACACTACCGCGACTG,4,693641
cpxRp2,1.8888888888888888,24,8,ATTGATCGGGGAGACCGCAG,16,704669
cpxRp2,1.0,16,8,ATTCGGCTGCTCCCGTATCA,8,642617
cpxRp2,0.8888888888888888,15,8,ATTATGACTGCCTGATTAAT,7,679175
cpxRp2,0.6666666666666666,13,8,ATTAATTTTGGCGCAGTGGT,5,661059
cpxRp2,0.2222222222222222,9,8,ATTAATGACCGAAGTGGAAC,1,665728
cpxRp2,1.5555555555555556,21,8,ATGTTGAGACAGTTCGCACG,13,699640
cpxRp2,2.2222222222222223,27,8,ATGTTAAGCGTAATGTCAAA,19,653760
cpxRp2,0.4444444444444444,11,8,ATGTGTATGAGCCTCAAGGG,3,703436
cpxRp2,0.7777777777777778,14,8,ATGGGTCTCCCGGATCAGCT,6,681465
cpxRp2,1.6666666666666667,22,8,ATGGGCATCGTAGTGAAACT,14,708840
cpxRp2,0.6666666666666666,13,8,ATGGCGTTTCGCACTGTATA,5,677048
cpxRp2,0.2222222222222222,9,8,ATGGCGTCAGTTAGCCGTCG,1,653966
cpxRp2,0.7777777777777778,14,8,ATGGATCTCCGGGGGCATCA,6,637391
cpxRp2,1.0,16,8,ATGCGTCGCTCAGGTCCGTA,8,656932
cpxRp2,1.0,16,8,ATGCAGCTGAATCGGTGTGC,8,649573
cpxRp2,2.4444444444444446,29,8,ATGCAACCCAGTAAATCATT,21,690068
cpxRp2,0.3333333333333333,10,8,ATGATATTGCATCCCGGCTG,2,675401
cpxRp2,0.3333333333333333,10,8,ATGAGATATCCCAGTGTTCG,2,672738
cpxRp2,0.8888888888888888,15,8,ATGACCCACCGGATTATTAC,7,644674
cpxRp2,0.5555555555555556,12,8,ATGAACAACGAAAGGGATAA,4,693346
cpxRp2,0.5555555555555556,12,8,ATCTCACAATTTAATTCTAG,4,694497
cpxRp2,0.8888888888888888,15,8,ATCGGTCTGGGACGCGGCAT,7,648488
cpxRp2,0.4444444444444444,11,8,ATCGCGGAGTGGTACGATGG,3,634617
cpxRp2,0.6666666666666666,13,8,ATCGCCCGACCGGGTGGAAT,5,659486
cpxRp2,0.5555555555555556,12,8,ATCGCAAAATGATCGAGGGC,4,646865
cpxRp2,0.8888888888888888,15,8,ATCCGTTGCAATCGCCGGAC,7,638830
cpxRp2,0.4444444444444444,11,8,ATCCGGCTATCTGTTGGCAT,3,702401
cpxRp2,2.2222222222222223,27,8,ATCCCTTTATCTACGTTTCG,19,662761
cpxRp2,0.5555555555555556,12,8,ATCATGGCTAGCTTCAATTG,4,664021
cpxRp2,0.6666666666666666,13,8,ATCACGACGCTAGTCCGATC,5,697644
cpxRp2,1.2222222222222223,18,8,ATCAAATTTATACCTGCGGG,10,670947
cpxRp2,1.4444444444444444,20,8,ATATTGTCCAGGAACGCGTT,12,696391
cpxRp2,1.8888888888888888,24,8,ATATTCCATGCCCCAGTTAC,16,681339
cpxRp2,0.3333333333333333,10,8,ATATCCGCGGGTACCGAAGC,2,690029
cpxRp2,0.5555555555555556,12,8,ATATCAGCGGATCGAACAAT,4,683616
cpxRp2,0.3333333333333333,10,8,ATATAGTAGAATAAAGCTCT,2,687724
cpxRp2,1.2222222222222223,18,8,ATAGTCGCTAGGGTGGTGCC,10,669243
cpxRp2,1.2222222222222223,18,8,ATAGGTGTGGACCAAACTCC,10,689909
cpxRp2,0.3333333333333333,10,8,ATAGGTACCTGGCGAGGCGT,2,686833
cpxRp2,4.333333333333333,46,8,ATAGAAGTAATTTCAGGGTT,38,650257
cpxRp2,0.2222222222222222,9,8,ATACGGGTGGACCGGAGACT,1,693403
cpxRp2,0.4444444444444444,11,8,ATACGCATTTCAGGGGCAAT,3,630854
cpxRp2,2.111111111111111,26,8,ATACATAGTTCTGACTTCTA,18,700094
cpxRp2,0.5555555555555556,12,8,ATAATGGCAGCGGTTTACAC,4,666493
cpxRp2,0.2222222222222222,9,8,ATAAGCTGACTCTAACCCAT,1,638806
cpxRp2,1.2222222222222223,18,8,ATAACTCCAAGGAAGCGGTA,10,636282
cpxRp2,0.4444444444444444,11,8,AGTTCCGGCTATAACGTGCC,3,663407
cpxRp2,0.4444444444444444,11,8,AGTTATGCGACCAGGTGCGA,3,647459
cpxRp2,0.2222222222222222,9,8,AGTGGAGGAGCCCGCGTCCT,1,653517
cpxRp2,6.333333333333333,64,8,AGTGGACAATCTCTGGAGGA,56,700563
cpxRp2,0.5555555555555556,12,8,AGTGCTCGCAGTGGGTCGGC,4,693927
cpxRp2,1.5555555555555556,21,8,AGTGATTGGGTACGCTGTCC,13,689913
cpxRp2,0.4444444444444444,11,8,AGTCGATGGGAGGCCTGCAT,3,639733
cpxRp2,0.2222222222222222,9,8,AGTCCGTGGCATGACATAAC,1,697379
cpxRp2,1.0,16,8,AGTCCATCGAACCTGCAATT,8,686984
cpxRp2,1.1111111111111112,17,8,AGTCATAGTCCTCTTTTTTG,9,680438
cpxRp2,2.7777777777777777,32,8,AGTATAATCGTTATCTGGCA,24,694622
cpxRp2,0.3333333333333333,10,8,AGGTTCGTTAATCTCTTCAG,2,693511
cpxRp2,0.8888888888888888,15,8,AGGTGTATAAAGGCTACGAT,7,638174
cpxRp2,1.1111111111111112,17,8,AGGTGCTACTGCTTTATTAC,9,657591
cpxRp2,0.6666666666666666,13,8,AGGTCAATCTGATTTGCAAC,5,707874
cpxRp2,0.4444444444444444,11,8,AGGTAGAATCCCTTGAGATC,3,707270
cpxRp2,1.2222222222222223,18,8,AGGTACGGACCAGGGGTACA,10,636652
cpxRp2,0.3333333333333333,10,8,AGGGTTGAACTCGGGATGTG,2,630088
cpxRp2,1.6666666666666667,22,8,AGGGTGGTCTATCAGCGTAA,14,662498
cpxRp2,0.3333333333333333,10,8,AGGGTGATGACACTCGGCAG,2,666309
cpxRp2,5.0,52,8,AGGGTCCGCAATATATCGTG,44,647710
cpxRp2,1.2222222222222223,18,8,AGGGTAATTCTCAACGGATT,10,697125
cpxRp2,0.7777777777777778,14,8,AGGGGTGGGGGAGTAGCTCA,6,667168
cpxRp2,1.0,16,8,AGGGGAGTACCTCCCATTAC,8,701739
cpxRp2,1.1111111111111112,17,8,AGGCTTTTCTAAATACAACT,9,674560
cpxRp2,1.1111111111111112,17,8,AGGCGCGTCACGGTGACACC,9,665339
cpxRp2,0.3333333333333333,10,8,AGGCCATGACTGCGCATTCT,2,689110
cpxRp2,2.111111111111111,26,8,AGGCACCACGGGCGCGCCAA,18,635185
cpxRp2,0.8888888888888888,15,8,AGGATCTGGCGAAGGATGGA,7,692543
cpxRp2,1.3333333333333333,19,8,AGGAGTCTCTGAAATTTACG,11,693376
cpxRp2,0.4444444444444444,11,8,AGGACGTAGGCAGTCAGGGA,3,661701
cpxRp2,0.8888888888888888,15,8,AGGACCTTGTTTTGTGCTGA,7,688344
cpxRp2,1.1111111111111112,17,8,AGCTTGGCTACACCGATGTA,9,703337
cpxRp2,0.5555555555555556,12,8,AGCTGTGTACTCTGCATGGG,4,679186
cpxRp2,1.4444444444444444,20,8,AGCTGATAAGACATTCTAAC,12,665507
cpxRp2,0.7777777777777778,14,8,AGCTCTATTTCCAGTAAAAT,6,664838
cpxRp2,0.2222222222222222,9,8,AGCTCATTCCTTTGCCTGAA,1,642276
cpxRp2,0.4444444444444444,11,8,AGCGTGTGCTCTCGTGGGGT,3,649687
cpxRp2,0.3333333333333333,10,8,AGCGCAGGAGGCAACTTTCT,2,704505
cpxRp2,0.5555555555555556,12,8,AGCCCTGGTTCGAAGCGACA,4,680009
cpxRp2,0.5555555555555556,12,8,AGCCCTAATAGGAGGGAATC,4,630643
cpxRp2,2.4444444444444446,29,8,AGCCCCCCTAGAGGGTACTG,21,708346
cpxRp2,1.2222222222222223,18,8,AGCATCCACACTTAGACCCT,10,638437
cpxRp2,0.5555555555555556,12,8,AGCAGACCAGCGTGTGGATA,4,686759
cpxRp2,0.5555555555555556,12,8,AGATTTTAGCTGAATAAGTC,4,703393
cpxRp2,0.5555555555555556,12,8,AGATGTGAAGTGGTACATAT,4,645905
cpxRp2,0.2222222222222222,9,8,AGATCGAATGCCAGTTTACT,1,644399
cpxRp2,0.5555555555555556,12,8,AGATAGGCGTGAAGAGGACG,4,700252
cpxRp2,0.2222222222222222,9,8,AGATAAACTGTTTCGTACGG,1,702207
cpxRp2,0.5555555555555556,12,8,AGAGGGAGCAGACTGGCCCG,4,636497
cpxRp2,1.7777777777777777,23,8,AGAGCCTCCGTACCGTGCAT,15,646083
cpxRp2,0.5555555555555556,12,8,AGAGCCCCGTGTATTCAGTG,4,650886
cpxRp2,1.3333333333333333,19,8,AGAGATTCCGGGGCTCTTTT,11,639630
cpxRp2,0.6666666666666666,13,8,AGACTGCCAGAGGAAGGGAG,5,649742
cpxRp2,0.3333333333333333,10,8,AGACTCGACTTGGGAGATCT,2,675419
cpxRp2,0.6666666666666666,13,8,AGACTCATCGCTTAGCTATT,5,700815
cpxRp2,0.8888888888888888,15,8,AGAATTGCTTCAAGGGTGAT,7,670252
cpxRp2,0.2222222222222222,9,8,AGAAAAGCGAATACAGTTGA,1,693077
cpxRp2,0.3333333333333333,10,8,ACTTTGGGGCTCAAGGAGAG,2,660209
cpxRp2,0.2222222222222222,9,8,ACTTTATCGCGGCCGACCAG,1,681268
cpxRp2,0.5555555555555556,12,8,ACTTGCCGATCGGGATTCGC,4,659055
cpxRp2,1.4444444444444444,20,8,ACTTAGACTCGTTAATTCGC,12,650039
cpxRp2,1.3333333333333333,19,8,ACTGGGGCCAGAGTCTGGGA,11,705830
cpxRp2,0.2222222222222222,9,8,ACTGGGAAGTCAAAACCCTT,1,662594
cpxRp2,0.4444444444444444,11,8,ACTCTGCCTGGCTTACGCAA,3,664213
cpxRp2,2.4444444444444446,29,8,ACTCTGCAGGGTACCGACGG,21,634292
cpxRp2,10.11111111111111,98,8,ACTCTCTCCCCGCCTTGAAA,90,658951
cpxRp2,1.3333333333333333,19,8,ACTCGAAGGCAAAGAGGTAT,11,677696
cpxRp2,1.0,16,8,ACTCCCCGCATCATGCCAGA,8,703041
cpxRp2,2.2222222222222223,27,8,ACTCAGATGTATCTGACAGG,19,692392
cpxRp2,1.6666666666666667,22,8,ACTATGGATTTCCGTGTTTC,14,698722
cpxRp2,1.1111111111111112,17,8,ACTATACTCATTCGCTACAC,9,685613
cpxRp2,1.1111111111111112,17,8,ACTAGATGCAGCGAGTCACA,9,638372
cpxRp2,0.3333333333333333,10,8,ACTACCGGTATATATAGTGG,2,685567
cpxRp2,0.5555555555555556,12,8,ACGTTCGGGTCCCGGGGTTA,4,664406
cpxRp2,0.8888888888888888,15,8,ACGTGGCACATCTTTTTGGC,7,681180
cpxRp2,0.7777777777777778,14,8,ACGGGGATAGATCCTTTGGA,6,643436
cpxRp2,0.2222222222222222,9,8,ACGGCATGGTGATGTCTTGG,1,635443
cpxRp2,1.6666666666666667,22,8,ACGGAGCCAGGTCCTGTTCC,14,704427
cpxRp2,0.2222222222222222,9,8,ACGCTGCCACAACAACGTTA,1,698311
cpxRp2,0.5555555555555556,12,8,ACGCGGAACAGCGGCCTCTG,4,691986
cpxRp2,0.4444444444444444,11,8,ACGCCGTTCAGCAATTGAGA,3,671027
cpxRp2,0.3333333333333333,10,8,ACGCAAGGGGCTTAAGCGGG,2,699345
cpxRp2,0.2222222222222222,9,8,ACGATAAAAGACGAATATCG,1,644033
cpxRp2,0.4444444444444444,11,8,ACGAGGCATGGTAACCGAGT,3,655274
cpxRp2,0.6666666666666666,13,8,ACGACGGAGCTGGGGTTTAC,5,674231
cpxRp2,0.4444444444444444,11,8,ACGAACACGGGCCAACCGGT,3,669607
cpxRp2,0.2222222222222222,9,8,ACCTTTTACATGACTCGCTT,1,675295
cpxRp2,0.3333333333333333,10,8,ACCTGTCCTTATTCTGTACC,2,703342
cpxRp2,0.6666666666666666,13,8,ACCTGTCCCCGAAGTAGGTT,5,692309
cpxRp2,0.8888888888888888,15,8,ACCTGGTTAGGCCGCAGAGC,7,641737
cpxRp2,0.8888888888888888,15,8,ACCTGCAGTGACAGCTCAAG,7,650300
cpxRp2,1.7777777777777777,23,8,ACCTGAGGAGGGCTATCGCT,15,667821
cpxRp2,0.4444444444444444,11,8,ACCTACCACGCTTCTGTAGG,3,649889
cpxRp2,0.5555555555555556,12,8,ACCGGTAATAAGATCATATA,4,696807
cpxRp2,0.3333333333333333,10,8,ACCGGCTCAGAGCGTAACCA,2,686164
cpxRp2,0.2222222222222222,9,8,ACCGATCCTCGCTGGACAAG,1,633321
cpxRp2,0.3333333333333333,10,8,ACCGATAACCACAACGGACT,2,638585
cpxRp2,0.3333333333333333,10,8,ACCGAGGGCACCGTCGATCA,2,681000
cpxRp2,0.3333333333333333,10,8,ACCGACCGGGGGACAGATCC,2,678517
cpxRp2,1.1111111111111112,17,8,ACCGACATGTGGTCATAACT,9,689285
cpxRp2,0.2222222222222222,9,8,ACCCGTTTGCGCCATCGATA,1,657791
cpxRp2,0.7777777777777778,14,8,ACCCGTCAATTAATGCGTGT,6,703428
cpxRp2,0.3333333333333333,10,8,ACCCATCATTTGTTATAAAC,2,633045
cpxRp2,1.8888888888888888,24,8,ACCATGCGGATCGCGGATTA,16,675780
cpxRp2,0.3333333333333333,10,8,ACCAGTTAATTCTTAATCAA,2,649904
cpxRp2,2.5555555555555554,30,8,ACATGTATTACAGATGAGGT,22,656312
cpxRp2,0.2222222222222222,9,8,ACATCATGATACACAGCCAC,1,698351
cpxRp2,0.2222222222222222,9,8,ACATATGCAAATGAGTTGGC,1,658210
cpxRp2,0.5555555555555556,12,8,ACAGGTGTAAGCACCAGGTT,4,709414
cpxRp2,0.8888888888888888,15,8,ACAGGCATAGGCCGTTTCGC,7,634540
cpxRp2,1.2222222222222223,18,8,ACAGGACTCGTGACGTCAGG,10,651560
cpxRp2,0.8888888888888888,15,8,ACACTCCGATAGACCGCTGT,7,686255
cpxRp2,0.5555555555555556,12,8,ACACCGAGGCACATTCATTC,4,656945
cpxRp2,2.111111111111111,26,8,ACACAGGCGCAATGGCGGAA,18,693206
cpxRp2,1.2222222222222223,18,8,ACAAGTTTGTCAGGCTCATG,10,707766
cpxRp2,2.5555555555555554,30,8,ACAAGTCGAGGGCGCGCGGA,22,700152
cpxRp2,0.4444444444444444,11,8,ACAAGAAAGCCTTAGGGCGC,3,695252
cpxRp2,1.6666666666666667,22,8,ACAACATCCGTCCGGGTTAC,14,643516
cpxRp2,0.6666666666666666,13,8,ACAAAGCGGGACGCCTTATG,5,701811
cpxRp2,4.0,43,8,AATTGTTCCCGTGGGGTTGA,35,694891
cpxRp2,0.3333333333333333,10,8,AATTGTGAGCTCGCTGGGTT,2,686669
cpxRp2,0.4444444444444444,11,8,AATTGGGCCGTATGACTTAC,3,636972
cpxRp2,5.444444444444445,56,8,AATTCTGGGAGTGCGACATC,48,648169
cpxRp2,0.2222222222222222,9,8,AATTCTCCACCGTAGTCGGC,1,709192
cpxRp2,1.4444444444444444,20,8,AATGTTCGCTTCTAGGTTGC,12,662908
cpxRp2,0.7777777777777778,14,8,AATGTTAAGGTAGGGTTCGA,6,670313
cpxRp2,0.5555555555555556,12,8,AATGTAAGACGGGCTATATG,4,701747
cpxRp2,0.5555555555555556,12,8,AATGGTGATAATCGTTCAGT,4,637316
cpxRp2,0.5555555555555556,12,8,AATGCTAATCTTGATTCTCG,4,708676
cpxRp2,1.8888888888888888,24,8,AATGCCGTCAATCCCAGGCA,16,667593
cpxRp2,0.5555555555555556,12,8,AATGATAGGCGCCCCCAAAC,4,645994
cpxRp2,0.3333333333333333,10,8,AATGACTCAGTCGTCGGTGT,2,678103
cpxRp2,0.3333333333333333,10,8,AATCTTTGCATGAAACCGAT,2,639911
cpxRp2,2.4444444444444446,29,8,AATCAGTAAGCGGGTTAGGG,21,661343
cpxRp2,0.7777777777777778,14,8,AATCACGTCCCGGTATGCTT,6,695809
cpxRp2,1.1111111111111112,17,8,AATATCGTCGCGCCTGCCTC,9,704274
cpxRp2,0.6666666666666666,13,8,AATAGCCTCATCCCTGTTAC,5,690889
cpxRp2,1.0,16,8,AAGTGGCATCGGCCATAGGG,8,648898
cpxRp2,0.5555555555555556,12,8,AAGTCTTTCTCTGCAGCACT,4,683824
cpxRp2,0.3333333333333333,10,8,AAGTCCTCTAAGGTCCCCAT,2,659867
cpxRp2,0.2222222222222222,9,8,AAGTATTGAGCGAGATTGAC,1,703558
cpxRp2,1.5555555555555556,21,8,AAGGTCAGAGTGGGTTTACT,13,653960
cpxRp2,1.8888888888888888,24,8,AAGGTAAGTACGAACACGGT,16,654579
cpxRp2,2.6666666666666665,31,8,AAGGCAAAGGCATCGATTAC,23,631596
cpxRp2,0.6666666666666666,13,8,AAGGATACTTCTTTCAAACT,5,656626
cpxRp2,0.7777777777777778,14,8,AAGCGCCATGATAACAGGTG,6,692328
cpxRp2,0.4444444444444444,11,8,AAGCGAGTTTCATACACTTT,3,640649
cpxRp2,2.2222222222222223,27,8,AAGCCGCAAATCATTTACCC,19,664940
cpxRp2,0.5555555555555556,12,8,AAGAGGTCGAACGAACGTAT,4,681259
cpxRp2,0.2222222222222222,9,8,AAGAGGTATTATATAGAGGT,1,658832
cpxRp2,0.4444444444444444,11,8,AAGAGGGGTACGGCATTCTA,3,653596
cpxRp2,1.6666666666666667,22,8,AAGAGCTCAAGATGGTTGAT,14,683119
cpxRp2,0.3333333333333333,10,8,AAGACACATGCGAAGTGACC,2,638659
cpxRp2,1.4444444444444444,20,8,AACTGGGAGGGGGTATGTGA,12,636928
cpxRp2,1.4444444444444444,20,8,AACTGCTAGCGTAAACACGC,12,681085
cpxRp2,2.0,25,8,AACTACCGCCACGTCCCTCG,17,667551
cpxRp2,0.7777777777777778,14,8,AACGCGCTTGTTTCGCAGAT,6,668911
cpxRp2,0.6666666666666666,13,8,AACCCCGTCTCAATGATACA,5,672114
cpxRp2,0.5555555555555556,12,8,AACCCATATTATCGAGTTAT,4,693656
cpxRp2,1.2222222222222223,18,8,AACAGATATAGGGTACACCA,10,651848
cpxRp2,1.1111111111111112,17,8,AACAACTTGCATACATCGGT,9,653044
cpxRp2,2.4444444444444446,29,8,AAAGGTGGATGCCGCATCGC,21,679681
cpxRp2,1.7777777777777777,23,8,AAAGGGTGGGAAGCAATGAT,15,637845
cpxRp2,0.8888888888888888,15,8,AAAGGGCGTGATGGGGCATC,7,635907
cpxRp2,1.1111111111111112,17,8,AAAGCTAATGTAACAGCTAC,9,676264
cpxRp2,1.7777777777777777,23,8,AAAGCCAATCTATACATTTC,15,666929
cpxRp2,1.7777777777777777,23,8,AAACGGGTAACGCGGACATC,15,670836
cpxRp2,1.0,16,8,AAACGGCGGAGCGGTACGCC,8,648528
cpxRp2,1.1111111111111112,17,8,AAACCCGTGCGAAAGACAGG,9,670700
cpxRp2,1.1111111111111112,17,8,AAACAGATCCCCTCTGGATC,9,675971
cpxRp2,0.3333333333333333,10,8,AAAATTGACGCAGGCTCGCG,2,674441
cpxRp2,0.2222222222222222,9,8,AAAAGGTTGACGCTCGACGT,1,700836
cpxRp2,2.5555555555555554,30,8,AAAAGGGCGTGATATGGCTG,22,705558
cpxRp2,1.1111111111111112,17,8,AAAACGCCGAGGCGAGCAGT,9,707465
cpxRp2,1.0,16,8,AAAACACAGACCTATCATAT,8,638654
cpxRp2,0.4444444444444444,11,8,AAAAAAGGCCAATTACTTAA,3,630987
cpxRp2,1.875,21,7,TTTTGCTGTAAACGGTGAGT,14,692875
cpxRp2,1.625,19,7,TTTTGCGGACGACGCTTTTA,12,645563
cpxRp2,0.5,10,7,TTTTCCCGCAAATTGTATCT,3,695430
cpxRp2,0.625,11,7,TTTTCCCAATGCGTATCAGT,4,674437
cpxRp2,3.25,32,7,TTTGTCGTGTTAAAGAAATC,25,703755
cpxRp2,1.375,17,7,TTTGTAAGGTTGTAGTATAG,10,668745
cpxRp2,0.5,10,7,TTTGGCACCCTGCGCTGTCG,3,658488
cpxRp2,0.25,8,7,TTTCGGTTTGGCGATACGTA,1,711598
cpxRp2,0.25,8,7,TTTCGCGTGTCTAAAGCAGA,1,698718
cpxRp2,1.25,16,7,TTTCATAAGAGGGTGGGAGA,9,636542
cpxRp2,0.5,10,7,TTTCAGCATGCGGGATATAA,3,639350
cpxRp2,2.0,22,7,TTTCACTGTGAGCCCAAGTC,15,709362
cpxRp2,1.875,21,7,TTTATGAGTCCCTGACCTCG,14,664914
cpxRp2,1.875,21,7,TTTAGACGACGGCTTACCTA,14,658101
cpxRp2,0.375,9,7,TTTACGCAAGGGGTAACGAC,2,658166
cpxRp2,0.5,10,7,TTGTTCGTGGGCATCTTTTG,3,707612
cpxRp2,0.875,13,7,TTGTGTCAAAACGCACCGGT,6,662189
cpxRp2,0.5,10,7,TTGGTCTCAGCAGAAGCCTC,3,640686
cpxRp2,0.25,8,7,TTGGGTGGTCGGATATAAGG,1,649744
cpxRp2,1.25,16,7,TTGGGACAGCATTAGCTTGA,9,637798
cpxRp2,0.75,12,7,TTGGCACGCTAGGTCAGTTT,5,655990
cpxRp2,7.5,66,7,TTGCCGAAGATATGTCTCAA,59,666150
cpxRp2,1.25,16,7,TTGATTAGCTGATCTGAGTC,9,707011
cpxRp2,1.25,16,7,TTGACGCTATCATCGAATCG,9,672831
cpxRp2,0.25,8,7,TTGAAGATATGCCTTACAGT,1,642729
cpxRp2,0.25,8,7,TTCTGGGAGTGCACGACAGA,1,631197
cpxRp2,0.75,12,7,TTCTCGACAAATACCCGAAC,5,666366
cpxRp2,0.5,10,7,TTCTACGGAACGACAAATGC,3,685277
cpxRp2,0.375,9,7,TTCGCCGTCACTGTGCAACC,2,705871
cpxRp2,1.5,18,7,TTCGCCCCGTAACCGTACAC,11,702293
cpxRp2,1.5,18,7,TTCGATGTACTTATCCTCTT,11,709158
cpxRp2,2.125,23,7,TTCCACTCCATGTGCTATGC,16,658315
cpxRp2,1.25,16,7,TTCAAGGAAATGTTTTTCTC,9,684422
cpxRp2,0.375,9,7,TTATGGTGAGCCGGCCAAGA,2,692691
cpxRp2,0.25,8,7,TTATGCAGGGGGACTGCTGA,1,658960
cpxRp2,0.375,9,7,TTATGAACGTGGAACTCGCC,2,688371
cpxRp2,0.5,10,7,TTATATCCCGTAGTGACTTG,3,648452
cpxRp2,0.5,10,7,TTAGGTTTCACCTGATTAAA,3,650136
cpxRp2,0.25,8,7,TTACTTAACGTGTACCCGAC,1,688724
cpxRp2,0.625,11,7,TTACGTTAAGCCAAACTTCG,4,639604
cpxRp2,0.25,8,7,TTACGTGTGTCCTCCACGAG,1,658178
cpxRp2,1.5,18,7,TTACGGAGACAAAAGGGTTT,11,657142
cpxRp2,0.25,8,7,TTACCTTCTCAAGGGGCGTT,1,687388
cpxRp2,0.25,8,7,TTAAGCCTGCCGTCTTTCAA,1,710192
cpxRp2,0.375,9,7,TGTTTGCTTCATAAAACCCT,2,632233
cpxRp2,0.75,12,7,TGTTTCCAGATCAATCTAGA,5,644908
cpxRp2,2.875,29,7,TGTTCGCTCGTGTCCGAGCC,22,707359
cpxRp2,1.125,15,7,TGTTCCCGTGGGCCGTGCTG,8,646342
cpxRp2,0.5,10,7,TGTGTCAACAAACCCCATAA,3,693522
cpxRp2,0.875,13,7,TGTGGATTCCCACACGGGGG,6,678501
cpxRp2,0.375,9,7,TGTGGACGATCCAACTTCTT,2,668106
cpxRp2,0.75,12,7,TGTGCTGGGTGCCAAATTCT,5,703738
cpxRp2,0.875,13,7,TGTGAATACAAGCCTCCGAT,6,651060
cpxRp2,0.875,13,7,TGTCTTTGCCGCGGATCTAG,6,673068
cpxRp2,0.5,10,7,TGTCTCATACTCAGAGGGAG,3,697253
cpxRp2,1.75,20,7,TGTCAGATATAAAGTGGGAT,13,666959
cpxRp2,1.125,15,7,TGTAAACCGATGCCCGAATT,8,656728
cpxRp2,1.75,20,7,TGGTTCTGGGTGGCTATATA,13,640623
cpxRp2,0.625,11,7,TGGTGTGTAATTGTTACTTT,4,662345
cpxRp2,1.25,16,7,TGGTGATGAGAAGTTTACCT,9,637975
cpxRp2,0.75,12,7,TGGTCTTGGACGGTGACTAT,5,641534
cpxRp2,3.125,31,7,TGGTCAAATTGGGAAAGCCA,24,663782
cpxRp2,2.0,22,7,TGGTAACAAAACGGAAATTG,15,655181
cpxRp2,0.25,8,7,TGGGTAATACGGACCCGCAA,1,664449
cpxRp2,0.375,9,7,TGGGGGGGATTACACCATTT,2,630693
cpxRp2,0.25,8,7,TGGGAGGTGTGGATAACACT,1,663619
cpxRp2,1.375,17,7,TGGGACTCACGGATTTTCTG,10,697275
cpxRp2,0.75,12,7,TGGGACGTTGCATCCACTCG,5,641406
cpxRp2,0.625,11,7,TGGGAAGCCCAGTCATGATC,4,638981
cpxRp2,0.625,11,7,TGGCAGGGGGCCTTGTCGTA,4,657695
cpxRp2,0.25,8,7,TGGACTGAGGCGCTGCGATC,1,700972
cpxRp2,6.875,61,7,TGGAACGACTCTCAGACTAT,54,659753
cpxRp2,1.375,17,7,TGCTTCCTGAGCGGGCTGGG,10,704929
cpxRp2,0.25,8,7,TGCTTACACGAAAAGCGTGG,1,648395
cpxRp2,1.125,15,7,TGCTGCCCGACGTCCCAGAT,8,657280
cpxRp2,6.25,56,7,TGCGCTACCGTTCAGTCGTG,49,662484
cpxRp2,0.25,8,7,TGCGCGCGTAGTAATCCTGG,1,681754
cpxRp2,1.125,15,7,TGCGCCCACCAGCAATGGTT,8,637227
cpxRp2,1.375,17,7,TGCGAGTACACCGCACGACA,10,687178
cpxRp2,1.75,20,7,TGCCTCGGACACCATCTCAT,13,664497
cpxRp2,0.375,9,7,TGCCGGATAGGCATAAACAA,2,639731
cpxRp2,1.0,14,7,TGCCAGCGAAGCCTCCCTTG,7,684737
cpxRp2,8.375,73,7,TGCAAACCACAGAACCGAGC,66,648168
cpxRp2,0.625,11,7,TGATGATGCACAACCGGTGT,4,640766
cpxRp2,1.25,16,7,TGATGAGACGACATTCTCTC,9,681025
cpxRp2,1.0,14,7,TGATCGGCATCGAGCCTAGA,7,695889
cpxRp2,0.625,11,7,TGATCAAGACAGCGGGTCTT,4,691242
cpxRp2,2.625,27,7,TGATAGCGCTTAGGCATGAA,20,641067
cpxRp2,0.875,13,7,TGATACTGCGAATCGGCCCT,6,660516
cpxRp2,0.5,10,7,TGATAAGTGATCTGGGCTGG,3,700887
cpxRp2,1.0,14,7,TGAGGTTTAACCTTCTTGAG,7,709490
cpxRp2,2.0,22,7,TGAGGGCAACGTGGATGCGC,15,653444
cpxRp2,1.625,19,7,TGAGCTCGATATATTAGACG,12,640694
cpxRp2,0.5,10,7,TGACTCTTGGCTTCGTAAAT,3,634907
cpxRp2,3.375,33,7,TGACGGGGGTCTCGACCGTT,26,679414
cpxRp2,1.625,19,7,TGACGCGTGGTACGTGGGGT,12,646403
cpxRp2,0.875,13,7,TGACACTAACTGGTATTGCT,6,692903
cpxRp2,1.375,17,7,TGAATTGATATGTACCCGAA,10,639201
cpxRp2,1.5,18,7,TGAAGAAATTTTAGGGCATT,11,705834
cpxRp2,0.25,8,7,TGAACTTTTTTCCAGGCCAC,1,632576
cpxRp2,0.625,11,7,TGAACCTTGCATGTGCTGAT,4,663484
cpxRp2,1.375,17,7,TGAAATTCGCCCTTCAAGCT,10,698961
cpxRp2,1.125,15,7,TGAAAGCAATCAGAAGTTAA,8,664384
cpxRp2,1.375,17,7,TGAAACTGCAGTCCTCGAGA,10,678594
cpxRp2,0.375,9,7,TGAAAAGGTTGACGCGTTCT,2,666408
cpxRp2,0.625,11,7,TCTTTCATATATGACTGGGC,4,665428
cpxRp2,0.375,9,7,TCTTTCAATACGGCCTAAAT,2,712377
cpxRp2,0.25,8,7,TCTTGGTGGGTCCTACATGT,1,674193
cpxRp2,3.75,36,7,TCTTCTTAACTGCATGGTGA,29,683727
cpxRp2,0.75,12,7,TCTTCACTATCTCGTCTTAC,5,662308
cpxRp2,0.625,11,7,TCTGGTCAGTCTAGTGGGTT,4,692363
cpxRp2,1.25,16,7,TCTGCATGTCCTTTGTCTAT,9,709137
cpxRp2,0.875,13,7,TCTGATAGCTTAACTAACGT,6,657437
cpxRp2,0.375,9,7,TCTCTGGGACTCGGGTTCCA,2,666856
cpxRp2,2.0,22,7,TCTCGATCACCTGCGGCTTT,15,647950
cpxRp2,2.125,23,7,TCTCACGACAAGAGGTCTTA,16,706265
cpxRp2,1.625,19,7,TCTATTTACTTAACGGAGTG,12,664503
cpxRp2,1.875,21,7,TCTATGTCCCAGTCTGTCGA,14,640616
cpxRp2,0.875,13,7,TCTAGGTGATAGCTTATGAG,6,659080
cpxRp2,1.625,19,7,TCTAGGATTAGCAGCTAATA,12,703115
cpxRp2,1.25,16,7,TCTAGCAATAGAACGTTTCA,9,637144
cpxRp2,1.5,18,7,TCTAATTGTTGCGGAGAGCG,11,700902
cpxRp2,0.25,8,7,TCGTGCTTGTGGTAGGCACT,1,673180
cpxRp2,0.5,10,7,TCGTCGCGAGGTCGGGCTCG,3,674421
cpxRp2,0.75,12,7,TCGGTGGAGCGCGATGACCG,5,659409
cpxRp2,2.625,27,7,TCGGGTTTCATTCCTGTAAT,20,676595
cpxRp2,0.75,12,7,TCGGGAGTAAACTATACTAG,5,629885
cpxRp2,2.625,27,7,TCGCTTATACGCGAAATCCG,20,687943
cpxRp2,0.5,10,7,TCGCGCACGTCCGCCCGCCG,3,640014
cpxRp2,1.25,16,7,TCGCACGGAACCCGCGTTGA,9,637784
cpxRp2,0.5,10,7,TCGAGACAGACCCGATTTAT,3,698183
cpxRp2,0.25,8,7,TCGACTGCCAAGTTTACAAC,1,671121
cpxRp2,0.625,11,7,TCCTGCGTAAGTTCTAAACG,4,650199
cpxRp2,1.375,17,7,TCCTATTTAATTGTCCACGT,10,709022
cpxRp2,0.625,11,7,TCCTAAATTGGCCTGTCTTT,4,679153
cpxRp2,0.375,9,7,TCCGTTGTGCAATGTTAGAC,2,658962
cpxRp2,0.5,10,7,TCCGAGGAGGGCCTTTAAAA,3,645934
cpxRp2,0.625,11,7,TCCGAACTTCGCGATTTAGC,4,699176
cpxRp2,0.875,13,7,TCCGAAATTAGAAGCCATGA,6,672278
cpxRp2,0.625,11,7,TCCCTGCTCAATCGTAGCCA,4,670023
cpxRp2,2.125,23,7,TCCACATCGTCCCGGTGGGA,16,712217
cpxRp2,0.25,8,7,TCATGCGTAACCATATTTTT,1,682424
cpxRp2,0.5,10,7,TCATCTATGAGCCAACGGCT,3,657423
cpxRp2,1.25,16,7,TCATAAAGGCCTATTAGGTA,9,652306
cpxRp2,0.5,10,7,TCAGCGCATGCCGAATGCCA,3,702878
cpxRp2,0.75,12,7,TCACCAGATACCTCAGCAGA,5,635028
cpxRp2,0.25,8,7,TCAATCCTACGTTGTTTAGG,1,631716
cpxRp2,1.5,18,7,TCAACCCATTACCGGGCATT,11,662886
cpxRp2,0.75,12,7,TCAAAGGACATCGAGTCCCC,5,646653
cpxRp2,1.0,14,7,TCAAAAGAAGCCCGAGCAGG,7,689323
cpxRp2,0.25,8,7,TATTTTTTAGCTCCATATCG,1,657570
cpxRp2,0.625,11,7,TATGTCCGGGTACTGGCGGA,4,711944
cpxRp2,0.875,13,7,TATGGGGTCTACAAGAGAGG,6,703154
cpxRp2,0.5,10,7,TATGCTCTCAGACCAAGCAA,3,643505
cpxRp2,1.875,21,7,TATGCCATGGGCCATGGTCA,14,687149
cpxRp2,1.875,21,7,TATCTATACACGGTGCCTGG,14,694123
cpxRp2,1.0,14,7,TATCTAACCGCATGGATGTT,7,651812
cpxRp2,0.875,13,7,TATCGTACATGTCCGGCACT,6,639740
cpxRp2,0.625,11,7,TATCCTAGCATTACATCCAA,4,643836
cpxRp2,0.75,12,7,TATATTTGTTCGGCGCGGCG,5,663305
cpxRp2,1.375,17,7,TATACAGCGCGAAGAACTAG,10,684313
cpxRp2,0.625,11,7,TATAAAGCTTCCACAACAAG,4,677657
cpxRp2,0.75,12,7,TAGGGTTGCACTGGAACAAT,5,679095
cpxRp2,0.875,13,7,TAGGGAAGCGCCATATATTA,6,683829
cpxRp2,0.25,8,7,TAGGCCTTTGCGCAGAGGAT,1,649294
cpxRp2,0.75,12,7,TAGCTGCCATCGGGAATAAA,5,665947
cpxRp2,0.25,8,7,TAGATGGCACATATCTTCGA,1,632761
cpxRp2,1.5,18,7,TAGATAGAATGCCACAATTA,11,670942
cpxRp2,1.0,14,7,TAGACCTAAGAGCGTAGGGA,7,652064
cpxRp2,0.25,8,7,TACTTGACTCAAGCCCGTTA,1,685936
cpxRp2,1.875,21,7,TACTGGGAGGGCGCCTGCAT,14,694279
cpxRp2,0.75,12,7,TACTGGAACAAGGGTCCGTA,5,692375
cpxRp2,0.625,11,7,TACGGGCTGAATGCGGAGTA,4,685835
cpxRp2,0.25,8,7,TACGCGGTCTATCAGTATAT,1,630611
cpxRp2,0.25,8,7,TACGCCCAAAATCCCTAGCT,1,698561
cpxRp2,1.75,20,7,TACCACGATCTCATTACTGG,13,665334
cpxRp2,1.0,14,7,TACATCTTTCGAAATTTACT,7,693400
cpxRp2,0.5,10,7,TACATCCCCTCAACATCATA,3,681273
cpxRp2,1.75,20,7,TACATAGCGTCCCCCGTGCT,13,701678
cpxRp2,1.625,19,7,TACAGAGGACACACTGTGGT,12,684739
cpxRp2,1.125,15,7,TACACTCTTTTGGGATGATA,8,685594
cpxRp2,1.0,14,7,TACAACGCGCCTTTTACACC,7,691948
cpxRp2,0.375,9,7,TAATTTGGAGGAAGAATTTG,2,700218
cpxRp2,0.875,13,7,TAATTCAGGCGTCAAGGGTA,6,701887
cpxRp2,1.125,15,7,TAATGTGAGGTTGTCCTTGA,8,635061
cpxRp2,0.375,9,7,TAATGCGTTCAGGGGCGAAT,2,676255
cpxRp2,1.125,15,7,TAAGGGCAGGGGCGAGTGGG,8,702849
cpxRp2,2.125,23,7,TAAGCCCGTCAATATCTCCC,16,666728
cpxRp2,1.0,14,7,TAACTTCCTTTGCGAGGTTC,7,686169
cpxRp2,0.25,8,7,TAACTATGAGGGGTTTAAGT,1,699938
cpxRp2,0.5,10,7,TAACATTGGAAAGGTACAGC,3,691102
cpxRp2,2.75,28,7,TAAAGCGTACGGGCATTTCT,21,648867
cpxRp2,0.375,9,7,GTTTTGAATGTCATTGCCTG,2,635014
cpxRp2,0.75,12,7,GTTTTAACTTGATGAAGTCA,5,640953
cpxRp2,0.5,10,7,GTTTCGGATGCTACTGCTCC,3,630914
cpxRp2,0.5,10,7,GTTGGTTGGGTTTTAATCCC,3,667253
cpxRp2,0.5,10,7,GTTGGGAATCTCGCTAGTAG,3,659677
cpxRp2,0.5,10,7,GTTGCACATCTAATTTACAA,3,705625
cpxRp2,2.0,22,7,GTTGATTAGGCGGGGCGACA,15,704936
cpxRp2,0.75,12,7,GTTCGTGATTGACAATAATG,5,686502
cpxRp2,0.25,8,7,GTTCGCTGATTTACCGGAAT,1,639818
cpxRp2,1.875,21,7,GTTCCTTGCACCAATTTGGT,14,636919
cpxRp2,2.375,25,7,GTTCATCTCCCTCAGATATA,18,632730
cpxRp2,0.75,12,7,GTTATAACCGGGGGGCATTC,5,674716
cpxRp2,1.25,16,7,GTTACGTCGTCCCTCCATGG,9,682551
cpxRp2,1.375,17,7,GTTACGATTCGACTGGCCAG,10,698920
cpxRp2,19.125,159,7,GTTACAGTCTTCAATCCTAA,152,640858
cpxRp2,0.25,8,7,GTTAACACAAGCACACAAGA,1,658449
cpxRp2,1.375,17,7,GTGTTCCCGATACTGGTCGT,10,641467
cpxRp2,1.75,20,7,GTGTGTCGTAACGGACGTAC,13,707431
cpxRp2,1.375,17,7,GTGTCTGGTACGGGTTTGAC,10,705220
cpxRp2,0.875,13,7,GTGGTGGTGAAGTCGGATGT,6,694821
cpxRp2,0.25,8,7,GTGGCTCAATCGCGTTCAAT,1,693275
cpxRp2,0.375,9,7,GTGCTTGTCCGATTGAATGA,2,638092
cpxRp2,0.25,8,7,GTGCTCGGCGCCCCAGCCCT,1,689750
cpxRp2,0.5,10,7,GTGCTAAGTGCGGTGTACGT,3,692452
cpxRp2,0.25,8,7,GTGCGGTCCGTACCGGCCCT,1,659562
cpxRp2,0.25,8,7,GTGCCGGCTTGGTTTGACCA,1,691867
cpxRp2,0.875,13,7,GTGCCGATCGCAGAGTCGTA,6,639034
cpxRp2,0.75,12,7,GTGCCAGGATTATAAACCTA,5,695253
cpxRp2,0.5,10,7,GTGCACACTTACATTCACCC,3,688052
cpxRp2,0.75,12,7,GTGAATCCCAACGAGACGCA,5,691381
cpxRp2,0.5,10,7,GTGAAAGGGTAGTCACTGAG,3,631842
cpxRp2,1.0,14,7,GTCTCTTGAGGCATCAGGGG,7,684830
cpxRp2,0.625,11,7,GTCGAGCACAAACCCGGTAC,4,663905
cpxRp2,0.25,8,7,GTCGAGATGTGCGTCCAAAT,1,699475
cpxRp2,0.25,8,7,GTCCGGTGATGCTTCTTCCC,1,679232
cpxRp2,0.25,8,7,GTCAGCCGGAGTTCCAGAAA,1,636832
cpxRp2,4.375,41,7,GTCAGACCCCACCATGCAGC,34,709974
cpxRp2,0.25,8,7,GTCAACGACTCTCGTTGTCG,1,629668
cpxRp2,0.5,10,7,GTATTCCTTAACGCTTTCCA,3,647588
cpxRp2,2.0,22,7,GTATTAGCAGGGGTGCACAA,15,647387
cpxRp2,0.5,10,7,GTATGTTCGTAGGAGCGCCG,3,698824
cpxRp2,0.625,11,7,GTATGGATATTCACAGAGGC,4,698166
cpxRp2,4.875,45,7,GTATGCACTAGGTCATTCTC,38,707187
cpxRp2,0.875,13,7,GTACTGTCTTATTGAAATTA,6,685187
cpxRp2,0.75,12,7,GTACTACTACGCCGTTTTCC,5,671910
cpxRp2,0.75,12,7,GTACGGCAGCGGGGCACTCG,5,691273
cpxRp2,1.5,18,7,GTACCGTGTCTCTGAAGAGT,11,703256
cpxRp2,1.375,17,7,GTACAATGTTCGTTATAGAA,10,693360
cpxRp2,0.25,8,7,GTAATAGCCCATCACCGAGT,1,677068
cpxRp2,1.0,14,7,GTAAGGCGGCTCGTCTATTG,7,646950
cpxRp2,1.75,20,7,GTAACAACTGCGATCAATGA,13,642173
cpxRp2,1.75,20,7,GGTTTTTGAAGAACGAAGTA,13,685993
cpxRp2,1.25,16,7,GGTTAGCCCACAAAAACGAC,9,704426
cpxRp2,2.625,27,7,GGTTAGCACATCAAGAGCGT,20,668229
cpxRp2,1.0,14,7,GGTTAAAAGCTGTGAACTCA,7,681500
cpxRp2,1.75,20,7,GGTGTAGCAGCATGCATTTT,13,663315
cpxRp2,0.375,9,7,GGTGCGTGCACACACGGGAT,2,639385
cpxRp2,0.625,11,7,GGTGACTTAACAGCCTGCAT,4,689711
cpxRp2,0.875,13,7,GGTCTTCTGTACACACGACT,6,660119
cpxRp2,1.25,16,7,GGTCTAAGTCTCCGTTGCTA,9,686352
cpxRp2,0.5,10,7,GGTCGTGAGAGACTTTAGGT,3,701181
cpxRp2,5.0,46,7,GGTCCCAAACGGAATAGGAT,39,684365
cpxRp2,0.5,10,7,GGTCCAAAAGCAGGTGGTGG,3,648966
cpxRp2,0.625,11,7,GGTCAGGTCCGCAGTCTAGT,4,665449
cpxRp2,0.875,13,7,GGTATCGGCAGATATCCGGT,6,659226
cpxRp2,0.875,13,7,GGTAGCCACTGGACAAGTCC,6,658880
cpxRp2,0.25,8,7,GGTACATATAGCTGGTTTCA,1,695127
cpxRp2,1.875,21,7,GGTACAATGGTTTCTCAGAT,14,658560
cpxRp2,0.25,8,7,GGTAAATCTCTCACGGGTTC,1,708181
cpxRp2,0.375,9,7,GGGTTGATGGCATCCATCTT,2,707503
cpxRp2,0.5,10,7,GGGTGAGATAAGAGTAACTA,3,645365
cpxRp2,1.0,14,7,GGGTCATCGGACATCTTAAT,7,693357
cpxRp2,0.625,11,7,GGGGTTTCGTTTGCTGGACG,4,709620
cpxRp2,0.375,9,7,GGGGGTCGTCCGGTAGAGTG,2,701761
cpxRp2,0.875,13,7,GGGGACGGGGCAAAAAGAAA,6,643628
cpxRp2,0.75,12,7,GGGGACAAAGTTTGGTCGGT,5,687061
cpxRp2,1.0,14,7,GGGGAAACTTGCGACACAGT,7,690369
cpxRp2,1.0,14,7,GGGCTCGTTGAAAAGAGTTT,7,694574
cpxRp2,0.25,8,7,GGGCTATAACCGGTTGTGTG,1,675062
cpxRp2,0.75,12,7,GGGCATACGGCACGGTCTCA,5,663213
cpxRp2,1.0,14,7,GGGAGTAAAGCTGGGTGGAG,7,703556
cpxRp2,0.25,8,7,GGGAGAAAGGGCGATACGCT,1,647833
cpxRp2,1.25,16,7,GGGACTCACCCGCAACGCCC,9,646861
cpxRp2,0.75,12,7,GGCTTCACGACCGATATAGG,5,684080
cpxRp2,0.375,9,7,GGCTCGTAAAAGGCCGAGCA,2,646700
cpxRp2,0.625,11,7,GGCTCGATGCGAGCTTGAGG,4,679727
cpxRp2,1.125,15,7,GGCTATACGTTGCATGATGA,8,694354
cpxRp2,0.375,9,7,GGCTACTTCACGGGGCGGAT,2,638002
cpxRp2,0.625,11,7,GGCGTTCGACAGGGGCACTG,4,684139
cpxRp2,1.125,15,7,GGCGTACAGGTTGCGAGGTT,8,682234
cpxRp2,0.75,12,7,GGCGGTGGTGTGGCTCAGTT,5,695953
cpxRp2,1.625,19,7,GGCGGGGAACGACGGCATCA,12,665379
cpxRp2,2.0,22,7,GGCGGACCATAGTACCTCGC,15,709953
cpxRp2,6.625,59,7,GGCCGGTCGAGCTCGAGTGA,52,656453
cpxRp2,1.125,15,7,GGCCCGGCCGCCATCCGCTG,8,690562
cpxRp2,0.25,8,7,GGCATTATGGTGAGACCATC,1,683485
cpxRp2,1.0,14,7,GGCATCTGGGTTCGACGCTG,7,647636
cpxRp2,0.375,9,7,GGCAGTTTCAGATCCCGCCA,2,694265
cpxRp2,2.75,28,7,GGCAGAGCTCCGGTACGATG,21,642177
cpxRp2,0.625,11,7,GGCACTGTCTTTCTGAAACC,4,666211
cpxRp2,0.25,8,7,GGCACTATCAACTTAACTAC,1,663234
cpxRp2,0.5,10,7,GGCAATGCCATTCAGGGCAT,3,664807
cpxRp2,6.25,56,7,GGCAACCGGGCCAAGACAAC,49,678494
cpxRp2,0.375,9,7,GGATTGGAAGCTGTGGACGT,2,631319
cpxRp2,0.25,8,7,GGATTACGGATTAACACGCA,1,638878
cpxRp2,0.5,10,7,GGATGGGCAGTATGAATCAT,3,691780
cpxRp2,0.5,10,7,GGATAACACGAAGCCGAACA,3,644085
cpxRp2,1.0,14,7,GGAGGGAGCTCCCCCTAAGA,7,684643
cpxRp2,0.875,13,7,GGAGATGCAGGGCGCGGTAG,6,675540
cpxRp2,0.75,12,7,GGAGAGTCTCGTATGCCAGA,5,651009
cpxRp2,0.625,11,7,GGAGACGCATTTCTTCCTTT,4,655019
cpxRp2,4.375,41,7,GGACTTGCTCGACAAACCAC,34,688731
cpxRp2,0.625,11,7,GGACTAAGTTATAATAAGTG,4,697555
cpxRp2,1.375,17,7,GGACCGCCATTCAGCAAGAC,10,677130
cpxRp2,0.5,10,7,GGAACGGTTGATTTAGGGTC,3,649288
cpxRp2,0.375,9,7,GGAACATTGCATCTAGTAAA,2,666682
cpxRp2,0.75,12,7,GCTTTTAACCACACTCCGCG,5,639161
cpxRp2,0.75,12,7,GCTTCTGCCAACTCTGTGTT,5,665314
cpxRp2,2.0,22,7,GCTTATATATCCATTTCTCC,15,679036
cpxRp2,0.875,13,7,GCTTACGTGCAACGGCACTG,6,634983
cpxRp2,1.5,18,7,GCTTACAAACTACAACAGGT,11,641990
cpxRp2,0.25,8,7,GCTGTCTTTAGTACTTGCAT,1,701770
cpxRp2,1.25,16,7,GCTCGATCCGTCCTGTCGAG,9,660662
cpxRp2,1.125,15,7,GCTAAAGTTTGCAGTAGAAG,8,665046
cpxRp2,0.625,11,7,GCGTTCGTAATTTTGGCCAA,4,684089
cpxRp2,1.625,19,7,GCGTTACTGAATCTTCAGCA,12,668320
cpxRp2,0.875,13,7,GCGTGTCCGGGGTGAACACG,6,646435
cpxRp2,1.375,17,7,GCGTCGATGTGTATACTCGG,10,669353
cpxRp2,2.75,28,7,GCGGTGGAGGAGTGTTAATA,21,652222
cpxRp2,0.5,10,7,GCGGGCGAGCAGGGTATTAT,3,689725
cpxRp2,1.125,15,7,GCGGCGAGCAACCGTCATAC,8,676285
cpxRp2,1.0,14,7,GCGGCACAACCGAGGGAGGT,7,671689
cpxRp2,1.125,15,7,GCGGACTGGGGGTAAATAAT,8,656083
cpxRp2,0.875,13,7,GCGCTATACTCCTGAAGCTC,6,689291
cpxRp2,0.375,9,7,GCGCGGCGTTACCCCGGAAG,2,643525
cpxRp2,0.75,12,7,GCGCGAGATCGGGAAACGGA,5,638522
cpxRp2,1.875,21,7,GCGCCAAACGCTTCCCTGGG,14,632106
cpxRp2,0.25,8,7,GCGCATAGCTTGTGTAAATT,1,676086
cpxRp2,0.25,8,7,GCGACGTATGCAGACAACTT,1,712110
cpxRp2,0.25,8,7,GCGACGCAAAGGGCTACACC,1,660046
cpxRp2,1.125,15,7,GCGACCAACAATTCTGGGTC,8,662887
cpxRp2,1.25,16,7,GCCTTGTGAGCTGATGGTTA,9,695011
cpxRp2,1.0,14,7,GCCGTTGTCTCCACCGCACC,7,640832
cpxRp2,0.5,10,7,GCCGTTGAAGAAATCGCTAT,3,673686
cpxRp2,0.5,10,7,GCCGGTGCCCCTAGTTATGC,3,647632
cpxRp2,0.375,9,7,GCCGGCCGGATATCGTTCGA,2,658321
cpxRp2,0.25,8,7,GCCGGAATGTGGTACTAGGC,1,662060
cpxRp2,1.375,17,7,GCCGAACCCATATATAGGTA,10,703782
cpxRp2,0.5,10,7,GCCCTTCGATCTCGCAATCA,3,704638
cpxRp2,0.25,8,7,GCCATTAACTTTCTATACCG,1,678083
cpxRp2,1.5,18,7,GCCAGTGCTGCACAATGATT,11,666711
cpxRp2,0.375,9,7,GCCAGTGCAATGACATCCGC,2,697158
cpxRp2,0.25,8,7,GCCAATGTGGGCCACGGTTC,1,639670
cpxRp2,0.375,9,7,GCCAATAGGGGGGTTAAATA,2,678795
cpxRp2,2.5,26,7,GCATGGACGCGTAGCTCACA,19,711620
cpxRp2,1.875,21,7,GCATAGTAACAAGGTTGGTT,14,684206
cpxRp2,0.25,8,7,GCATAACACCGTTGAAGGTT,1,646648
cpxRp2,0.25,8,7,GCAGTGCGTTAGACTCTAGT,1,693132
cpxRp2,0.375,9,7,GCAGTGATGAAGTGGCATGC,2,702496
cpxRp2,1.875,21,7,GCAGGTGTACATCCACCTTC,14,657919
cpxRp2,1.0,14,7,GCAGGTAGGTGGGAGCCACA,7,695960
cpxRp2,1.375,17,7,GCACCCCTCCTTGCTCTGGG,10,700904
cpxRp2,1.625,19,7,GCACCACTCAACACAAGTGC,12,651677
cpxRp2,1.0,14,7,GCACAGTAGTGGAATCTTAT,7,656249
cpxRp2,0.25,8,7,GCACAGATATTCGCCCCGCC,1,646483
cpxRp2,1.0,14,7,GCAATAGCCACGGGCACCAG,7,651170
cpxRp2,0.375,9,7,GCAACCCCCTAACATCACTG,2,687222
cpxRp2,0.25,8,7,GCAACACCTCCCGCTTTAAT,1,684144
cpxRp2,3.625,35,7,GCAAATAGATGGAAATGTCT,28,643219
cpxRp2,5.125,47,7,GATTCTCTGCATCACCCTGC,40,648497
cpxRp2,0.75,12,7,GATTCGCGCTGCCGAACTTT,5,696054
cpxRp2,0.25,8,7,GATGCTCCAAGTAGGCCGGC,1,658917
cpxRp2,0.375,9,7,GATGCGCGGAAACACCTGCC,2,642274
cpxRp2,0.625,11,7,GATGATGCTGTCACCCAAAA,4,702248
cpxRp2,0.375,9,7,GATGAAGACCTAAGGCTCAC,2,678187
cpxRp2,0.625,11,7,GATCGCTACATGTCTTTTTA,4,663481
cpxRp2,1.75,20,7,GATAGACAGTCTATCTGTTG,13,632867
cpxRp2,1.125,15,7,GATACACGTGGACCAGGAAC,8,645795
cpxRp2,1.125,15,7,GATACAACAACTTCTTTTAG,8,675668
cpxRp2,2.0,22,7,GATAAGGCCTTTATAAAGTT,15,662820
cpxRp2,0.375,9,7,GAGTTTGGAATCAAATATCT,2,674523
cpxRp2,0.75,12,7,GAGTTGGACTTTAAGCGCTA,5,648593
cpxRp2,1.125,15,7,GAGTGCCCCGTAACATCATT,8,702209
cpxRp2,0.625,11,7,GAGTCCTACTCACCGTGTGT,4,711546
cpxRp2,0.5,10,7,GAGGTGGATCCCGACAGTGC,3,653670
cpxRp2,0.5,10,7,GAGGGTTGGACCAATACTAG,3,676483
cpxRp2,1.5,18,7,GAGGGGTATAATTCGCAAAG,11,694325
cpxRp2,2.875,29,7,GAGCAGTGAGGCGATTGTCA,22,686336
cpxRp2,0.75,12,7,GAGCAATGGGATTTTGGGCT,5,652322
cpxRp2,0.625,11,7,GAGATTTGCGGCTAGGTTAC,4,666905
cpxRp2,0.625,11,7,GAGATTGGCTTGAGCAAGCG,4,670051
cpxRp2,0.75,12,7,GAGAGCCTTAACCGGTACCA,5,682836
cpxRp2,1.5,18,7,GAGAAAGTAACATTGTTGAT,11,635137
cpxRp2,1.125,15,7,GACTGTGGATCACATGGTTG,8,689488
cpxRp2,4.0,38,7,GACTGTAGCTACAATAACTT,31,685201
cpxRp2,0.75,12,7,GACGGCATGTGGGCCGGGGA,5,703199
cpxRp2,0.375,9,7,GACGCTATTTGATATCGAAG,2,671812
cpxRp2,1.625,19,7,GACGAGCAGCGATGCTGGTC,12,703335
cpxRp2,0.375,9,7,GACCTCGCACCCATCAGCGT,2,658724
cpxRp2,0.25,8,7,GACCGTGTCCATGTGGACTG,1,633190
cpxRp2,1.625,19,7,GACCAGAATGTACTCAGTAG,12,631007
cpxRp2,2.375,25,7,GACATCCTTAGATAAGGAGC,18,630887
cpxRp2,0.625,11,7,GACAGTTTATGTAACAATAT,4,690839
cpxRp2,0.25,8,7,GACAGGGGTCGCAAGAACAA,1,649950
cpxRp2,0.5,10,7,GACACTTATGCCTTGTGAGT,3,633594
cpxRp2,1.625,19,7,GAATGCACGGATTGTCTTGT,12,643692
cpxRp2,1.375,17,7,GAATGAAGATGGCGGCTCAA,10,640075
cpxRp2,2.625,27,7,GAATCGACGTTAGTAGGGCG,20,644872
cpxRp2,0.25,8,7,GAAGTGCGGTCCCATCGATT,1,670941
cpxRp2,0.25,8,7,GAAGTCTGCGGGACACGTCG,1,644363
cpxRp2,1.125,15,7,GAAGTATTAACTTCCAGAGT,8,647442
cpxRp2,0.375,9,7,GAAGATACAGTTGCTACAGC,2,679229
cpxRp2,2.375,25,7,GAAGAGTACATAGGGGGTTT,18,643677
cpxRp2,0.875,13,7,GAACGTGGAGGTATAATTTA,6,677816
cpxRp2,0.25,8,7,GAACAGCTGCATCGTCGAGG,1,697091
cpxRp2,2.0,22,7,GAACAGCCTCAACATTGGGG,15,711527
cpxRp2,0.25,8,7,GAAACCGCCTGTCAGGAATC,1,651882
cpxRp2,1.625,19,7,GAAAACGAATAGGAATGATA,12,634931
cpxRp2,0.625,11,7,CTTTTTGCGACCTTTGACGG,4,639864
cpxRp2,2.5,26,7,CTTTCATGAAAGTGTATATC,19,647526
cpxRp2,1.375,17,7,CTTTATGTCTCTGAACAAGT,10,668155
cpxRp2,0.5,10,7,CTTGCTCAGATTGGTATTTG,3,702790
cpxRp2,0.375,9,7,CTTGCACCGGTGGAGGAATT,2,665152
cpxRp2,1.125,15,7,CTTCTTTAGTCCGAGTGTCG,8,650844
cpxRp2,0.5,10,7,CTTCGGTGTTTATTACATTC,3,686770
cpxRp2,0.375,9,7,CTTCGCGCACAGGGGGTGCT,2,696823
cpxRp2,0.5,10,7,CTTCCTGTGTCCGCTCACAG,3,668709
cpxRp2,1.25,16,7,CTTACCTGACAGATTTCATG,9,703706
cpxRp2,1.0,14,7,CTTACCGATCGCTAACACGA,7,666610
cpxRp2,2.0,22,7,CTTAAGGCAGCTATAGCGCG,15,686538
cpxRp2,0.5,10,7,CTGTTGGCACGGGCAAGGAG,3,685149
cpxRp2,1.0,14,7,CTGTTAGCGACGATGTTAAG,7,691488
cpxRp2,0.75,12,7,CTGTGTGACAAACGCGAGTC,5,678601
cpxRp2,0.5,10,7,CTGGTCGGGACCAACCCTTG,3,655221
cpxRp2,2.75,28,7,CTGGGAGGCAGTCAACGGGA,21,651542
cpxRp2,0.75,12,7,CTGGGAGCCGCAACAGTCAC,5,635897
cpxRp2,11.375,97,7,CTGGCGGGCGTCTCGACGTC,90,653317
cpxRp2,0.75,12,7,CTGGATGCGGCCACCCAGGG,5,706585
cpxRp2,0.375,9,7,CTGCGTCGTAATTAACAACA,2,681463
cpxRp2,0.75,12,7,CTGCGTCATCTCACCACTGA,5,663706
cpxRp2,0.625,11,7,CTGCGTAGAGTGTATATCCT,4,648613
cpxRp2,0.75,12,7,CTGCGTAAGGCTATCTTTAG,5,639881
cpxRp2,0.375,9,7,CTGCGCTAATGTACTGGATT,2,684015
cpxRp2,0.75,12,7,CTGCCCTCTCTGTAGAAGGT,5,664534
cpxRp2,2.125,23,7,CTGCAACGGTTGTACTCCTT,16,680271
cpxRp2,0.375,9,7,CTGAGGGTGGTGTTCACTAT,2,673118
cpxRp2,1.125,15,7,CTGAGCCCTGATGGAAGTTC,8,650419
cpxRp2,0.75,12,7,CTCTCCTCATGCTGTTCGTC,5,646925
cpxRp2,0.875,13,7,CTCGTGTCGAGCTGTGCAAG,6,679682
cpxRp2,0.375,9,7,CTCGTCCTTTCTTCGGCTGT,2,673612
cpxRp2,0.375,9,7,CTCGTAGTGAACACAAACGC,2,649320
cpxRp2,0.25,8,7,CTCGCCGGTACAACCAATCC,1,650475
cpxRp2,0.5,10,7,CTCGCCCGGTCAAGTCCACT,3,665136
cpxRp2,0.875,13,7,CTCGACTTCTTTCGACTAGA,6,676742
cpxRp2,2.875,29,7,CTCCTCTGTTAAATTTATCT,22,706354
cpxRp2,0.375,9,7,CTCCGGCTTCACATGGTGCG,2,698527
cpxRp2,3.5,34,7,CTCCCTGGTTGTGTAATGTT,27,690512
cpxRp2,1.25,16,7,CTCCCGTGCCCGGTAAGGAT,9,701871
cpxRp2,0.25,8,7,CTCCCCGGGTATACCCTTAT,1,653474
cpxRp2,1.0,14,7,CTCCCCGAACTGTTACCGTC,7,683640
cpxRp2,0.25,8,7,CTCCCAGGATATAATCGACG,1,681586
cpxRp2,3.625,35,7,CTCCAGATACCGGCGGTGCT,28,704965
cpxRp2,0.625,11,7,CTCAGCTCTAGCAGAGGGGT,4,652499
cpxRp2,0.875,13,7,CTCACCGCGATCAAATTATA,6,642361
cpxRp2,2.375,25,7,CTCAAGGCAGACAAAGGTCT,18,670144
cpxRp2,1.0,14,7,CTCAAGCGCACGTAGCGGGT,7,667126
cpxRp2,0.5,10,7,CTCAAATGGACCAACCCGTT,3,630313
cpxRp2,2.0,22,7,CTATTCTCCCGGGAGGTAGT,15,685081
cpxRp2,2.125,23,7,CTATGTAATTATGGTTTGAA,16,689252
cpxRp2,5.25,48,7,CTATGAAACCACTCGCGCTA,41,703134
cpxRp2,1.875,21,7,CTATCGAGGAACATCAGATC,14,695054
cpxRp2,0.625,11,7,CTATAGAGTCGTCATGGTAG,4,677297
cpxRp2,1.125,15,7,CTAGCTTGGCGAAACATCTA,8,639649
cpxRp2,0.375,9,7,CTAGCGTTGTGTCGCTTCTA,2,658651
cpxRp2,0.75,12,7,CTAGACGACAGTCATTCAAG,5,655243
cpxRp2,1.0,14,7,CTACGCGAGCTCACCACCAT,7,679520
cpxRp2,1.75,20,7,CTAATTTGCTTCTCCATTCC,13,646784
cpxRp2,0.5,10,7,CTAAAACCACTGCCAAAAGT,3,696240
cpxRp2,1.0,14,7,CGTTGGTGCAGGCATGTCGG,7,666321
cpxRp2,0.375,9,7,CGTTGCCATCGGACAAACTA,2,676065
cpxRp2,1.125,15,7,CGTTCCTCAGCCATGGATCC,8,672197
cpxRp2,1.75,20,7,CGTGTTCATATATGATCCCG,13,654289
cpxRp2,0.875,13,7,CGTGGTCTGAATGGGCAAGT,6,676473
cpxRp2,1.5,18,7,CGTGGAACATGAGTCTAAGG,11,710489
cpxRp2,0.375,9,7,CGTGCTTACCTACTGCAAGG,2,701998
cpxRp2,1.875,21,7,CGTGCTGTAGACCGCAGGCC,14,689804
cpxRp2,0.625,11,7,CGTGCGGAATTTAATTCTAT,4,635558
cpxRp2,0.5,10,7,CGTGCATCCAGGTCACAGCT,3,649612
cpxRp2,2.875,29,7,CGTGACACACAACGGCCCGG,22,700584
cpxRp2,0.75,12,7,CGTGAACCCTCCTATGTTTT,5,635707
cpxRp2,2.125,23,7,CGTCGTTGTTCGAAGACAAT,16,705820
cpxRp2,2.625,27,7,CGTCGTTCACTTCTTCAAAA,20,646584
cpxRp2,0.25,8,7,CGTAGACCGCTACTCCATCA,1,688727
cpxRp2,2.125,23,7,CGTACACAATGCTCCGAGTA,16,646179
cpxRp2,1.0,14,7,CGTAAGGCAACCTTAAAAGA,7,707541
cpxRp2,1.25,16,7,CGGTCTTTGTGGATCGCTGA,9,664678
cpxRp2,0.5,10,7,CGGTCGCTAACGTACGACAG,3,650293
cpxRp2,0.25,8,7,CGGTCATTAACCCAACAGAC,1,653296
cpxRp2,0.375,9,7,CGGTAATATATTCCCGTCCC,2,645013
cpxRp2,0.25,8,7,CGGGGCGCACCACAGTGCCT,1,709101
cpxRp2,1.125,15,7,CGGGCGCCTAGGTGTCGGAC,8,647198
cpxRp2,0.25,8,7,CGGGATTTCCCTGTCAGTAA,1,679886
cpxRp2,1.0,14,7,CGGGAGGCAACCCAATTCCG,7,642041
cpxRp2,0.75,12,7,CGGCTACCTTGAAGACTCGG,5,694361
cpxRp2,0.25,8,7,CGGCGGCTTCAACAACTCTA,1,708729
cpxRp2,2.0,22,7,CGGCGGCACGCACGTCCTGG,15,701660
cpxRp2,1.875,21,7,CGGCCCGCGGGAAGTCGCTT,14,637789
cpxRp2,0.625,11,7,CGGCCCACCGCTTTTACCCA,4,653621
cpxRp2,0.25,8,7,CGGATGGGGTCTCACAACTC,1,682134
cpxRp2,1.5,18,7,CGGACGAAGGTCCAGCCATG,11,651229
cpxRp2,1.125,15,7,CGGAATGCTAGTCCACCGTA,8,650729
cpxRp2,0.875,13,7,CGGAAGGTCTCGCAGTTCCT,6,663629
cpxRp2,0.375,9,7,CGCTTGCGTCCCTGGCAGGT,2,684468
cpxRp2,0.375,9,7,CGCTTGAAATGTTCAAAGAT,2,650537
cpxRp2,0.25,8,7,CGCTGTAATTCCTGGTCTGG,1,669438
cpxRp2,2.125,23,7,CGCTGCTTAAGAGGCACGCC,16,698990
cpxRp2,0.25,8,7,CGCTGACACAGGCGGGCGCT,1,658638
cpxRp2,1.0,14,7,CGCTCTGTACGTTTGCGATC,7,680896
cpxRp2,1.25,16,7,CGCGGAGAAATGGGAATTTG,9,705648
cpxRp2,3.75,36,7,CGCGCTTCACCTAGGTGATT,29,673055
cpxRp2,0.25,8,7,CGCGCTCCGTGAACGCGACG,1,709066
cpxRp2,3.375,33,7,CGCGCCAAGAACGATTATTG,26,693949
cpxRp2,1.25,16,7,CGCCTCTTTCGCCTCTGTAA,9,644909
cpxRp2,0.375,9,7,CGCCTCACCCTGGTTGGGCC,2,669961
cpxRp2,1.0,14,7,CGCCGCTTACCTTACCGGAG,7,695597
cpxRp2,0.5,10,7,CGCCGAGTTGACTAGGGGGG,3,668037
cpxRp2,2.125,23,7,CGCCAGGTGCCGTGTGGCTT,16,705799
cpxRp2,0.625,11,7,CGCATCCCGCAAGCATGGCA,4,648256
cpxRp2,0.25,8,7,CGCAGGGGGTCCCGGAAACG,1,707635
cpxRp2,2.25,24,7,CGCAGCAGGACTTATTCAGG,17,700441
cpxRp2,0.25,8,7,CGCAGACACTCACAAGGGAG,1,630582
cpxRp2,0.625,11,7,CGATGAGACGAGAATGTTTC,4,703904
cpxRp2,0.375,9,7,CGATACCAGGGCTTGACATA,2,707725
cpxRp2,1.625,19,7,CGATACCAAGAGGTATGGCT,12,690187
cpxRp2,1.625,19,7,CGATAACTGTAAGGGAAGAT,12,702773
cpxRp2,13.25,112,7,CGAGTGTCCGGTACAAGGTA,105,704091
cpxRp2,0.75,12,7,CGAGTATAGTATTGTTGCGG,5,681932
cpxRp2,2.875,29,7,CGAGTAAAATCGTAAAGTAC,22,683567
cpxRp2,4.125,39,7,CGAGCTTTATTCCGCTTCTT,32,640865
cpxRp2,1.125,15,7,CGAGCGTGGCCGGCGTGATA,8,676576
cpxRp2,1.625,19,7,CGAGACTAGGCTTATCAACC,12,697449
cpxRp2,0.25,8,7,CGAGACCACAGCTTAGGCGA,1,675476
cpxRp2,0.375,9,7,CGACGTTAATCCGGCATTGC,2,672741
cpxRp2,1.375,17,7,CGAAGTCATTGATTCGTGGC,10,680682
cpxRp2,0.375,9,7,CGAAGGTTGGAGCACTTATG,2,698996
cpxRp2,1.375,17,7,CGAACTGTGAAGGTCTGGAG,10,642988
cpxRp2,0.375,9,7,CCTTGGCATTAATACATGGT,2,629723
cpxRp2,1.875,21,7,CCTTCTGTTCTAGTCCAATG,14,693670
cpxRp2,1.0,14,7,CCTTCCCGCTTAGTAGCCGC,7,644122
cpxRp2,0.875,13,7,CCTTACCTCCTTGCAGCTTC,6,697199
cpxRp2,0.375,9,7,CCTGGGGTCTGTGTACTTCT,2,641063
cpxRp2,0.25,8,7,CCTGGGGCCGGAAAGGTGCT,1,656548
cpxRp2,0.875,13,7,CCTGCCGGATAAAGGTGGCT,6,703681
cpxRp2,0.5,10,7,CCTGCAACTGTGGTTAATGT,3,663713
cpxRp2,0.5,10,7,CCTCATAGGAACCCGTACGG,3,692716
cpxRp2,0.375,9,7,CCTATCTTTGTAAAAAAAAT,2,637236
cpxRp2,1.5,18,7,CCTAGGCCCGGACGGCGCCA,11,690498
cpxRp2,0.25,8,7,CCTAATCGCCCCCCGAGCGG,1,711556
cpxRp2,2.0,22,7,CCTAAGGGTCTTTGGGAACT,15,654199
cpxRp2,0.25,8,7,CCGTTACACATGTGTATCAA,1,649678
cpxRp2,1.125,15,7,CCGTGTTGCCACTGGCAAGA,8,688067
cpxRp2,4.5,42,7,CCGTGCGGCCCCAGTGGTCA,35,701809
cpxRp2,0.25,8,7,CCGGGCGAGCGAACGATGAG,1,690225
cpxRp2,0.625,11,7,CCGGGCAAAGAGGTCTTTAT,4,636331
cpxRp2,0.75,12,7,CCGGCCATGTCCTTAAAAGG,5,702580
cpxRp2,0.875,13,7,CCGGATCCGAGCATCTATCA,6,702510
cpxRp2,0.75,12,7,CCGGACGGTCTCGGATAAAA,5,711300
cpxRp2,1.875,21,7,CCGGAATCTCTGTCTCTAGA,14,657036
cpxRp2,0.625,11,7,CCGCTGTTAGATGCGTACTG,4,677348
cpxRp2,0.625,11,7,CCGCGTAGTACATGCCGGGG,4,700170
cpxRp2,2.625,27,7,CCGCGCGTGGAGCACCTGCT,20,644775
cpxRp2,0.5,10,7,CCGCCTGTGTGTAGGGATTC,3,705038
cpxRp2,0.75,12,7,CCGATTGGAAAAGCTAACTT,5,631019
cpxRp2,0.25,8,7,CCGATTAAGCGCGTAACTTG,1,664864
cpxRp2,0.375,9,7,CCGAGTGTTGCACCATAGAC,2,656873
cpxRp2,1.625,19,7,CCGAGCACGCCCGACTCTTG,12,672518
cpxRp2,5.625,51,7,CCGACTTACGACCACGTTTA,44,642641
cpxRp2,0.5,10,7,CCGACTGGAATAACCAGCTC,3,711200
cpxRp2,0.25,8,7,CCGACCACTCAGGCAGCGCG,1,686881
cpxRp2,3.875,37,7,CCGACAGCTTTAATGCGCTG,30,709847
cpxRp2,0.375,9,7,CCGACACCGGCGCCTTACTG,2,668409
cpxRp2,1.5,18,7,CCGACACCCGCCTTACGCAG,11,708818
cpxRp2,2.625,27,7,CCGAAAATAGAGATTGAGCT,20,634739
cpxRp2,12.875,109,7,CCCTGCCAATCGGGGCCAAT,102,665893
cpxRp2,0.75,12,7,CCCGTTAGGCCGACGCGAGA,5,662952
cpxRp2,0.5,10,7,CCCGTCGGATACGGAGCATT,3,689483
cpxRp2,0.25,8,7,CCCCGCTTTTCCCGGGAGAG,1,675337
cpxRp2,0.875,13,7,CCCAGGCTGAGAGGGCAATA,6,654881
cpxRp2,0.375,9,7,CCCAGCGCGGATCAGGATGG,2,670806
cpxRp2,1.0,14,7,CCCAAATCGCCGCGTATAGG,7,632261
cpxRp2,0.5,10,7,CCCAAAAGCGATATACGCTC,3,701880
cpxRp2,0.5,10,7,CCATGGAGTCTGTAGAGTGC,3,669995
cpxRp2,0.25,8,7,CCATCTAGACCGTCGGTATT,1,675505
cpxRp2,1.375,17,7,CCATCATGTCCTTTAGGGTT,10,637671
cpxRp2,0.5,10,7,CCATCAGGTAGAGCCTGGTT,3,653846
cpxRp2,0.5,10,7,CCAGTACTATAAACTGAGCG,3,667450
cpxRp2,1.375,17,7,CCAGTAACGATGGTCACTTA,10,656034
cpxRp2,0.375,9,7,CCAGCCCCAGGTTCACCCGT,2,676750
cpxRp2,0.5,10,7,CCAGAGCTAACTTCGTTCGG,3,630648
cpxRp2,0.5,10,7,CCACGACAATCTAACGCTCG,3,663048
cpxRp2,0.75,12,7,CCAATTGTCACGCTTAGTTT,5,650768
cpxRp2,1.625,19,7,CCAAGTAACGCAGCTTGGAC,12,688325
cpxRp2,0.5,10,7,CCAAGCACAGAGTTTGACTT,3,664609
cpxRp2,0.375,9,7,CCAACTGCAAATGGTGGTCT,2,648267
cpxRp2,1.25,16,7,CCAACTATCAACCTTTCAGA,9,643927
cpxRp2,1.125,15,7,CCAAACAGGGTCCGGAGGAG,8,706350
cpxRp2,0.5,10,7,CATTTTATCCAGGTGGCCTC,3,704273
cpxRp2,2.0,22,7,CATTGCAACTGTACTGACCA,15,699898
cpxRp2,0.875,13,7,CATTACAGGCACAGATAAGA,6,678498
cpxRp2,0.25,8,7,CATGTGTGATGTCAAGATTA,1,650477
cpxRp2,0.625,11,7,CATGGAGGTTAATCAGGAAA,4,705977
cpxRp2,0.25,8,7,CATGACTACGATAGTATTTT,1,707530
cpxRp2,0.75,12,7,CATCTGCCGCCGACTCACTG,5,707315
cpxRp2,0.625,11,7,CATCCTAGTTCTTGCATTAA,4,691731
cpxRp2,1.125,15,7,CATATTTAGCTTAGGCTGTA,8,636821
cpxRp2,1.0,14,7,CATATCCAGGCTCGGGGTCT,7,681634
cpxRp2,0.375,9,7,CATAGTTGATTAGAAATGTC,2,650849
cpxRp2,6.125,55,7,CATACCTATATCGTATAGTG,48,640304
cpxRp2,0.625,11,7,CAGTTTATTCCTAATCTGCC,4,673758
cpxRp2,0.5,10,7,CAGTTGGAGTGATACTGGCA,3,697815
cpxRp2,1.75,20,7,CAGTTCGAACGCAGTTGGGA,13,637363
cpxRp2,2.375,25,7,CAGTGTCTATCCTGGTTTCA,18,685191
cpxRp2,0.875,13,7,CAGTGTATAGTAAGTGCCCT,6,639002
cpxRp2,1.875,21,7,CAGGTCGTTGGGCTCGTCAT,14,689385
cpxRp2,1.625,19,7,CAGGGTGGTGCCCAAACCCA,12,687972
cpxRp2,0.875,13,7,CAGGGAGGTTAGCAGTAATC,6,643896
cpxRp2,0.875,13,7,CAGGCTGGACGACGACGGAC,6,682854
cpxRp2,0.875,13,7,CAGGAGGACTGGGCTATACC,6,668615
cpxRp2,1.375,17,7,CAGCGTCGGAGCACGGTATA,10,648443
cpxRp2,0.25,8,7,CAGCACTTGTTTGCCACCCT,1,636741
cpxRp2,0.5,10,7,CAGCAAGGCTGCAATTTACT,3,685550
cpxRp2,1.75,20,7,CAGATGTGGTCGCTGTGTTA,13,667441
cpxRp2,1.0,14,7,CAGATAGCAATTAAAAAGGA,7,685994
cpxRp2,1.125,15,7,CAGAATGGGTTCTAGTGACT,8,673754
cpxRp2,1.875,21,7,CAGAAACCTTCGACACGATC,14,676163
cpxRp2,0.625,11,7,CACTTGACCTGTGTAACATA,4,688176
cpxRp2,1.625,19,7,CACTTAACGGTGGTTTTTGA,12,649560
cpxRp2,0.375,9,7,CACTCTTCGCGCCGAAATGG,2,674275
cpxRp2,0.625,11,7,CACTCATCATATGCATCATA,4,634244
cpxRp2,0.25,8,7,CACTAGGGTTTAGGGAGGTA,1,688138
cpxRp2,2.5,26,7,CACGTACATGCGAAACCGCA,19,654966
cpxRp2,0.875,13,7,CACGGACATAGTCTAGTCAT,6,702291
cpxRp2,0.5,10,7,CACGACACTTAGACGGGGTA,3,706675
cpxRp2,0.25,8,7,CACCCGTTGAGCGAAGTTAG,1,694840
cpxRp2,0.375,9,7,CACAGCTAAGATAGAATAAA,2,632062
cpxRp2,0.75,12,7,CACACGGGATGCTCAGGCGA,5,660277
cpxRp2,0.375,9,7,CACACATGACGGACCGTAGG,2,657887
cpxRp2,1.5,18,7,CACACAGTATCTGGGGGCTA,11,637455
cpxRp2,0.25,8,7,CACAAATAGCCCCGTGCTTG,1,649729
cpxRp2,8.375,73,7,CACAAAAATCTACCGTACAT,66,631676
cpxRp2,1.5,18,7,CAATTATTTGCTTATTGGTG,11,640053
cpxRp2,0.5,10,7,CAATGACATGGGGATTTATA,3,699787
cpxRp2,4.375,41,7,CAATGAATCCCATACCCTCG,34,649641
cpxRp2,2.375,25,7,CAATCTCAATGTCCCCTCCA,18,681809
cpxRp2,1.75,20,7,CAATCCCTGGCCTCGGCATC,13,632047
cpxRp2,0.375,9,7,CAATCATTAGGGCGGGGGAG,2,687312
cpxRp2,0.875,13,7,CAAGGGGCGGGGTGGACGCA,6,634192
cpxRp2,1.125,15,7,CAAGGCTTTGTAGGGTCATT,8,701319
cpxRp2,0.625,11,7,CAAGGCGTGGGTCAAAAGAC,4,665169
cpxRp2,0.5,10,7,CAACTTTTCGATTTGTGTAA,3,700166
cpxRp2,0.5,10,7,CAACTAGGCGCCACGCGAGA,3,638241
cpxRp2,1.75,20,7,CAACCCGAACGATTTCCTGT,13,657025
cpxRp2,2.125,23,7,CAACCACCGGAGCCCCCAGA,16,698559
cpxRp2,0.25,8,7,CAACACGAGTGCATTGAGTT,1,706040
cpxRp2,1.625,19,7,CAACACCAATGGCAGTCGAT,12,657254
cpxRp2,0.375,9,7,CAAAGGCCAATGGGCCTCAT,2,636792
cpxRp2,0.5,10,7,CAAAGCTCTGTGTCCTGACT,3,705662
cpxRp2,1.25,16,7,CAAAGCCGGTTTTCATCAAG,9,707116
cpxRp2,0.625,11,7,CAAACCCTCTAGGCCGGAAC,4,647475
cpxRp2,0.5,10,7,ATTTGCCCCCGTGAATCGGA,3,652943
cpxRp2,1.375,17,7,ATTTATTATGCTGCTGATCA,10,703811
cpxRp2,1.0,14,7,ATTGGTTTTTATGCAACGAT,7,662787
cpxRp2,0.5,10,7,ATTGGTGTCGTGGCTAAGCC,3,684405
cpxRp2,1.75,20,7,ATTGGTGACGTAGCTACTCT,13,660966
cpxRp2,1.0,14,7,ATTGGCCGTAGACGAGATGG,7,679924
cpxRp2,0.625,11,7,ATTGGCATGACACGTACTAC,4,643652
cpxRp2,2.75,28,7,ATTGCTTACCCGGAACCGAT,21,701808
cpxRp2,0.25,8,7,ATTGCTATGATCGCGATTCG,1,687169
cpxRp2,2.375,25,7,ATTGCGTAGAACCAGTATGT,18,662949
cpxRp2,0.75,12,7,ATTGCGAGACTATCGTTTTG,5,697633
cpxRp2,1.25,16,7,ATTGCCGAGAGCGGTTCATC,9,671494
cpxRp2,2.125,23,7,ATTGCCACTGCCGACTTTGT,16,675334
cpxRp2,0.375,9,7,ATTGAAACCTACACCCCCTT,2,677641
cpxRp2,1.25,16,7,ATTCGGGTAGAACACACTAG,9,691609
cpxRp2,2.75,28,7,ATTCCGTAGGGCTGTGAGTT,21,700165
cpxRp2,1.25,16,7,ATTCCATTGGCTGACGTAAT,9,655516
cpxRp2,0.875,13,7,ATTCACGGGCACTTCTGTGA,6,703201
cpxRp2,0.75,12,7,ATTCAAGCAAGGCTTGCCGT,5,701834
cpxRp2,0.25,8,7,ATTCAAACTTATTTTTATTT,1,676682
cpxRp2,1.375,17,7,ATTCAAAAGAATGTATAATA,10,638047
cpxRp2,1.0,14,7,ATTAACCGCCCTGTCGTGCG,7,683507
cpxRp2,0.625,11,7,ATTAAAGCTCATACGAGGTA,4,666942
cpxRp2,1.5,18,7,ATGTTATAGGGACGTCGCGT,11,703058
cpxRp2,0.25,8,7,ATGTTAAGCCTCTGTATCCG,1,704335
cpxRp2,1.875,21,7,ATGTGAGTTGGGATTCTTGT,14,642657
cpxRp2,1.125,15,7,ATGTCGGTCGTTAACCTTGG,8,643837
cpxRp2,1.75,20,7,ATGTAGTATCCGTATTCTCT,13,654723
cpxRp2,0.25,8,7,ATGTAACCCGCTAAAATCAT,1,673560
cpxRp2,0.75,12,7,ATGGGCTAAAGGGGCATCCG,5,636983
cpxRp2,1.25,16,7,ATGCTTGTACTGGTCGAAAG,9,659673
cpxRp2,1.125,15,7,ATGCGTCAAGTTCAAGATCA,8,647528
cpxRp2,1.0,14,7,ATGCGCGAATCGCGTACAGA,7,662068
cpxRp2,2.375,25,7,ATGCCATATCTGGCGCCGGA,18,689741
cpxRp2,0.375,9,7,ATGAGGTTACTCAAAGACGA,2,654420
cpxRp2,0.5,10,7,ATGAGGGGTCGATTAGCCAT,3,701524
cpxRp2,1.0,14,7,ATGAGCGCCATTATCCTGCG,7,663721
cpxRp2,0.625,11,7,ATGACCAACGCGTCACATGT,4,708172
cpxRp2,0.25,8,7,ATCTCGTTTCTCTAACAACG,1,690974
cpxRp2,1.875,21,7,ATCTAACACACTGGTCGAGA,14,667606
cpxRp2,0.375,9,7,ATCGGGGAACTTGCAGGGTC,2,647362
cpxRp2,0.5,10,7,ATCGCTCCAACTCACAGTAT,3,677780
cpxRp2,1.5,18,7,ATCCTCCAACCAGAACGGGG,11,650473
cpxRp2,0.625,11,7,ATCCGAGGCAGGTTAGCGTG,4,692043
cpxRp2,0.25,8,7,ATCCGAAGCATCAGTGACAA,1,693565
cpxRp2,0.875,13,7,ATCCCAGAAGAACCGTTCCA,6,685931
cpxRp2,0.625,11,7,ATCATCGGTTTATAAGTCGG,4,688670
cpxRp2,0.625,11,7,ATCAGTCCCTCGCGTCAGTA,4,681004
cpxRp2,0.5,10,7,ATATTTTAGACCTGCCTGCA,3,630576
cpxRp2,0.75,12,7,ATATTGGAAAGCATCCTCCC,5,652621
cpxRp2,1.25,16,7,ATATTCTTTATTAGCTGCCG,9,640462
cpxRp2,0.625,11,7,ATATGCATGGGCAAGAGTGT,4,705732
cpxRp2,0.625,11,7,ATAGTTAAAGCAAGCAGTCA,4,643482
cpxRp2,0.875,13,7,ATAGCGACCTCGATGGGGGA,6,652747
cpxRp2,0.375,9,7,ATACTGAAATCCGTTTACGT,2,634251
cpxRp2,0.875,13,7,ATACGTGGGGTAGAGCTCGA,6,644990
cpxRp2,2.125,23,7,ATACCCATCAGGATGCCCGA,16,700228
cpxRp2,0.25,8,7,ATAACTTATGGGCAAAGAAT,1,667451
cpxRp2,0.25,8,7,AGTTTATCTTGCTGACGCAA,1,673346
cpxRp2,1.125,15,7,AGTTGTAGCGGTACTGAGGT,8,691221
cpxRp2,0.875,13,7,AGTTGCTCTGTTGATTCCCG,6,681700
cpxRp2,0.875,13,7,AGTTGACTTATTGACTGTGG,6,666414
cpxRp2,0.875,13,7,AGTGTGTCCCAGAGTGCGGC,6,658357
cpxRp2,0.375,9,7,AGTGGTCATGGCCGAACGGA,2,643137
cpxRp2,0.625,11,7,AGTCTGTCGCCAGCGCGATA,4,636686
cpxRp2,0.875,13,7,AGTCTCTCATCACTATGACA,6,645844
cpxRp2,0.875,13,7,AGTCCGTTCGTCGCTCCGGA,6,674423
cpxRp2,1.0,14,7,AGTCCGCCCTCGCATCAAAG,7,675827
cpxRp2,0.375,9,7,AGTCAGAGGATTCGCTGGGT,2,706157
cpxRp2,0.5,10,7,AGTCACTCGCACCAGGAAGA,3,682494
cpxRp2,0.25,8,7,AGTCACGGGTGACACGCTAG,1,673436
cpxRp2,1.5,18,7,AGTATTATACGAATAGCTCG,11,684202
cpxRp2,0.625,11,7,AGTAGTTTTGGATAGCTAAC,4,637001
cpxRp2,0.5,10,7,AGTAGCGTCAGCGGTACCGT,3,639761
cpxRp2,0.625,11,7,AGTACACCCGGAAGCTAGGG,4,704744
cpxRp2,1.5,18,7,AGGTTTAGAAAACTAGACTT,11,646080
cpxRp2,0.25,8,7,AGGTGCTACCGATTTTCGGT,1,643141
cpxRp2,1.5,18,7,AGGTATGCGACGCATAAAGG,11,643651
cpxRp2,1.125,15,7,AGGGTGTCTGAACGGTAGCA,8,697704
cpxRp2,2.0,22,7,AGGGTCGCATAAGGAAAATT,15,681561
cpxRp2,1.125,15,7,AGGGGGGCCAATTAGAAAGC,8,667508
cpxRp2,0.375,9,7,AGGGCTAGCACTATCAGGAC,2,697118
cpxRp2,2.125,23,7,AGGCCCGGTGTCGCCTTTGC,16,696237
cpxRp2,1.0,14,7,AGGCATGCGGCTAACATTCA,7,665263
cpxRp2,2.375,25,7,AGGCATCAGCTTCGGAACTT,18,677492
cpxRp2,1.25,16,7,AGGCACACTTGGGACGTGAA,9,673527
cpxRp2,2.25,24,7,AGGCAATTAGGACGCATCAA,17,699005
cpxRp2,0.25,8,7,AGGCAATCGGCGGCTGTTTT,1,669516
cpxRp2,0.375,9,7,AGGATGTGCAGAGAGCGACG,2,680936
cpxRp2,1.0,14,7,AGGATCACACCGTTTCAATG,7,651186
cpxRp2,0.25,8,7,AGGAGTGATAAGTGCGGTAT,1,634578
cpxRp2,0.375,9,7,AGGAGGTAATTTGAAGGGTA,2,635547
cpxRp2,0.5,10,7,AGGAGGAGACTACTTCACAC,3,678759
cpxRp2,0.5,10,7,AGGACTGTCCCGAGCGCATT,3,708778
cpxRp2,0.75,12,7,AGGACGGCCCCCAGTTTGCG,5,653135
cpxRp2,4.0,38,7,AGCTTGTGTTGTCTTCCAGC,31,710847
cpxRp2,0.625,11,7,AGCTGCCCGCAAAAATCGGA,4,679048
cpxRp2,0.5,10,7,AGCTCTGTGCTCCCTGAAAT,3,660211
cpxRp2,1.375,17,7,AGCTCGCCTGTGCATAGAAT,10,698507
cpxRp2,0.25,8,7,AGCTATCGACTGGAGCGGCG,1,665848
cpxRp2,4.0,38,7,AGCTACTCCGGGTTGGCGAC,31,701641
cpxRp2,1.625,19,7,AGCCTATCATCCAGGGGCCA,12,676931
cpxRp2,1.875,21,7,AGCCGACTAAGGACCCTCCG,14,689615
cpxRp2,0.375,9,7,AGCCGAAAAGCACTCGCAGA,2,652215
cpxRp2,0.375,9,7,AGCCCGGGAAACCGCATGTT,2,693378
cpxRp2,1.0,14,7,AGCCCGCAGTGGGTCTAGGG,7,677202
cpxRp2,0.5,10,7,AGCAAGTAGCGGTCTGGTCT,3,674015
cpxRp2,1.375,17,7,AGCAACATCAACACAGCTCG,10,641614
cpxRp2,0.75,12,7,AGCAAAGGGTTGGAGGTGGT,5,645843
cpxRp2,0.5,10,7,AGATTTCCGGTTCCAGAATT,3,670841
cpxRp2,5.25,48,7,AGATTGAGGTACAATAAAAG,41,702859
cpxRp2,0.625,11,7,AGATGTGTGTAACAGGCTCC,4,653678
cpxRp2,0.25,8,7,AGATGATGCACTAGACTTTA,1,700519
cpxRp2,1.125,15,7,AGATAAGCTCGTTAGGGGTA,8,711650
cpxRp2,3.75,36,7,AGAGCAGTAGCGCAGCTATC,29,666246
cpxRp2,0.5,10,7,AGAGCACGCTGCCCGCCATA,3,659836
cpxRp2,1.5,18,7,AGAGAGGTCTATGATTGAGG,11,657599
cpxRp2,0.625,11,7,AGACTGTCGCATGTCACCCG,4,637460
cpxRp2,6.0,54,7,AGAAGATGACGTGACCAGAG,47,653884
cpxRp2,1.75,20,7,AGAAATAGGACCATGGGCCT,13,669582
cpxRp2,0.875,13,7,ACTTCCGGCCTTGGACTCCC,6,672536
cpxRp2,0.25,8,7,ACTTCATGTGTCAATGTATT,1,695398
cpxRp2,0.375,9,7,ACTGGAATTTTTTGCGTCCT,2,636256
cpxRp2,0.875,13,7,ACTGCTCTCGGAGTTCAAGT,6,656829
cpxRp2,0.625,11,7,ACTGCGTAAGCTCGGTCGGA,4,699558
cpxRp2,0.375,9,7,ACTGAGAATTCGTGCTCGTC,2,645218
cpxRp2,0.75,12,7,ACTCTCGTGAGTGATAAGTT,5,652751
cpxRp2,0.75,12,7,ACTCTCCAAAAGCTAAATGA,5,676707
cpxRp2,2.875,29,7,ACTCTATTTTGTTGCTACGC,22,637733
cpxRp2,0.25,8,7,ACTATACTTCGAGGACCTAG,1,670303
cpxRp2,0.875,13,7,ACTAGGAGGTAGCCCTGTCA,6,700994
cpxRp2,0.875,13,7,ACTACATCTCAAGTTCGGGT,6,642566
cpxRp2,0.75,12,7,ACGTTTTCTCTGTCTCTTTA,5,698523
cpxRp2,0.875,13,7,ACGTTTGTTACTTCATTTGT,6,661487
cpxRp2,1.0,14,7,ACGTTGATAGGCAAACAGAT,7,700107
cpxRp2,0.625,11,7,ACGTTAGCATTCCATATTAC,4,636846
cpxRp2,0.375,9,7,ACGTGGGGGTTTTAAGTGTC,2,633820
cpxRp2,0.75,12,7,ACGTCTCGTCAACACTCGGG,5,660598
cpxRp2,0.875,13,7,ACGTCTCAGGACTCTCGAGT,6,667190
cpxRp2,4.0,38,7,ACGTCCGTAACGTCCCACGC,31,695283
cpxRp2,0.375,9,7,ACGGTTGACGTAGTAAAATT,2,678974
cpxRp2,6.0,54,7,ACGGTGCGGAAACCCTTTTA,47,645498
cpxRp2,0.75,12,7,ACGGGTAACATTATATAGAC,5,683091
cpxRp2,1.25,16,7,ACGGGGAACGGTCGCCCTTC,9,634927
cpxRp2,2.125,23,7,ACGGGCATGCGCGGTACCTT,16,691694
cpxRp2,1.25,16,7,ACGGCCCCTGCTCCTCATGT,9,672048
cpxRp2,0.625,11,7,ACGGAGAAGTTAATGGAGCA,4,691628
cpxRp2,2.25,24,7,ACGCCGAAGGCTCGGCCGGT,17,684423
cpxRp2,2.25,24,7,ACGCAGAGCGACATGTCTGC,17,657501
cpxRp2,1.625,19,7,ACGATGGCGACCCATCACTT,12,688081
cpxRp2,2.5,26,7,ACGAATGGTCACGAACGTCA,19,673757
cpxRp2,0.25,8,7,ACGAACTCATATCCCATGGG,1,664794
cpxRp2,0.25,8,7,ACCTTCAGCATCAAATTAAT,1,697289
cpxRp2,0.5,10,7,ACCTGCATTTGATGAGGAAT,3,691321
cpxRp2,0.75,12,7,ACCTCAGCCTGATGCACAAT,5,631313
cpxRp2,0.875,13,7,ACCTATTTAAGTGCATTTCC,6,668983
cpxRp2,0.25,8,7,ACCGTATGGGATCCCGAGGT,1,632640
cpxRp2,1.5,18,7,ACCGGGTATGATATCGCGGA,11,641591
cpxRp2,0.5,10,7,ACCGCAGATGATCGTTCTTT,3,697680
cpxRp2,2.0,22,7,ACCCTGTTTGGCTTTGATGT,15,666692
cpxRp2,0.75,12,7,ACCCGGTCACGTCTTCGCCT,5,692071
cpxRp2,1.5,18,7,ACCCAGGGGAGCAGGCTAGT,11,672975
cpxRp2,0.5,10,7,ACCATATGTAAGGGCAAACT,3,637814
cpxRp2,1.625,19,7,ACCACTGGATCCGAGGAATC,12,672820
cpxRp2,2.0,22,7,ACATTTCGGGGAGAACCGTG,15,662487
cpxRp2,0.875,13,7,ACATTCCTGAGCGGATTTTT,6,710546
cpxRp2,1.125,15,7,ACATCTTGTAATGACTCGTG,8,667967
cpxRp2,1.5,18,7,ACATCTAATCTAGTACTTGT,11,655009
cpxRp2,0.375,9,7,ACATAGAAAAGTCTCTATCC,2,698620
cpxRp2,2.5,26,7,ACAGTTGGATGACTACGCCA,19,635362
cpxRp2,1.875,21,7,ACAGTTCTGTTGGCACTACG,14,681461
cpxRp2,2.5,26,7,ACAGGGATGCGTGGTCATCG,19,664832
cpxRp2,0.25,8,7,ACAGGAGAACTTATCTTTTT,1,629726
cpxRp2,0.375,9,7,ACACTGCGATCCATTAGGGA,2,705486
cpxRp2,0.625,11,7,ACACTCGCATCAGATGGACA,4,651425
cpxRp2,1.125,15,7,ACACGGGGGGGGACGTGGAT,8,654138
cpxRp2,0.5,10,7,ACAATTAGGTATAGACGCAT,3,666436
cpxRp2,0.75,12,7,ACAATGCGATGCTACAAGGT,5,647534
cpxRp2,0.875,13,7,ACAACTCCCTCGTTTGACAT,6,694635
cpxRp2,1.125,15,7,ACAACCCTGTCGTCGATGCC,8,650823
cpxRp2,0.625,11,7,AATTTTGTCCTACTGAAAAA,4,645470
cpxRp2,0.5,10,7,AATTTTGGTGTCTCCACTTT,3,664220
cpxRp2,1.25,16,7,AATTTAGGTGCCAGTATGGT,9,647652
cpxRp2,0.5,10,7,AATTTACGGCGCTGGTTTGT,3,671646
cpxRp2,0.875,13,7,AATTGGTGGATAATCTTGAG,6,647637
cpxRp2,0.375,9,7,AATTAGCTAACTAAGAAGAT,2,677794
cpxRp2,0.625,11,7,AATGTTCGGGACCATGGTTC,4,711031
cpxRp2,2.625,27,7,AATGTGGCGTATGCAACTAA,20,635738
cpxRp2,1.625,19,7,AATGGAAAATTCCCCCGGTT,12,700476
cpxRp2,0.5,10,7,AATGATGAATTTAGTTGATT,3,632807
cpxRp2,1.125,15,7,AATGACTTCGATCCCAACAG,8,629982
cpxRp2,3.125,31,7,AATGAATCTGTTTTAGAAGA,24,650278
cpxRp2,0.375,9,7,AATGAAGTGGTTCGGATGCG,2,687831
cpxRp2,1.375,17,7,AATCGGGTGCTTGGCTTGGA,10,705070
cpxRp2,7.25,64,7,AATCACTGTCAGCTGTATGC,57,652916
cpxRp2,0.25,8,7,AATCACGCGTAATTCGTAGG,1,686721
cpxRp2,1.5,18,7,AATATTCCACCTTTCCGCTT,11,643216
cpxRp2,0.375,9,7,AATATCGGACACGCAGGCTC,2,654988
cpxRp2,0.25,8,7,AAGTTGTTTTCTTTGAAGTA,1,650342
cpxRp2,0.5,10,7,AAGTATGGAAGCGCACTGGA,3,673084
cpxRp2,0.75,12,7,AAGGTAGTAGGGCTGCTCAA,5,644217
cpxRp2,5.625,51,7,AAGGGTTATCCAACAATACA,44,670976
cpxRp2,0.5,10,7,AAGGGCAACTTGGCTTGGTG,3,701382
cpxRp2,3.375,33,7,AAGGAAATAAGTACGGCTAA,26,665261
cpxRp2,0.75,12,7,AAGCTAGTATGAACTGGGCT,5,651005
cpxRp2,0.25,8,7,AAGCGGTACTTATACTTTTT,1,633103
cpxRp2,0.625,11,7,AAGATGATTGCTTCCGCAGA,4,650354
cpxRp2,0.5,10,7,AAGAGATGTTGGGCGCAACA,3,689841
cpxRp2,0.625,11,7,AAGAGAGCGTGCATCTTTGT,4,637538
cpxRp2,0.375,9,7,AAGACGAAGGGTAAAAGTTC,2,670638
cpxRp2,5.375,49,7,AAGAAATAACCTGCTGCTAA,42,712085
cpxRp2,0.75,12,7,AACTTTCTGGCGCGCTTATT,5,629747
cpxRp2,0.625,11,7,AACTGGTCACTGTTGATGAC,4,695439
cpxRp2,1.0,14,7,AACTGCTCTTCGACCCGCAA,7,652881
cpxRp2,1.0,14,7,AACGTATGTCTCTGTAGCTT,7,684868
cpxRp2,0.25,8,7,AACGTACACTTTCCAAAGGC,1,705234
cpxRp2,0.25,8,7,AACGGTTACGACTTGCGTGT,1,686481
cpxRp2,3.125,31,7,AACGGCCGCGTGAAATGTAT,24,698384
cpxRp2,2.5,26,7,AACGGAGTACAGCTAAACAT,19,674795
cpxRp2,0.25,8,7,AACGGAAGCTTGAATTGCCC,1,677383
cpxRp2,0.75,12,7,AACGAGCAGAGCAGCCTAGA,5,666977
cpxRp2,0.875,13,7,AACCTGGGTCTTTACAGGAA,6,700278
cpxRp2,0.5,10,7,AACCGTCGGCGATAGATGCA,3,635959
cpxRp2,2.875,29,7,AACCCGTATTGGCGCTTCCC,22,660144
cpxRp2,0.625,11,7,AACCCGGTGTGGGATTGAAT,4,644169
cpxRp2,0.75,12,7,AACATTTGCTCGATTCCTCG,5,636688
cpxRp2,1.0,14,7,AACATATGGATATTTGCGTT,7,636191
cpxRp2,1.375,17,7,AACAGGGAAGAGGACCCTAC,10,696573
cpxRp2,3.375,33,7,AACACCTAATGGGAGCGGCA,26,631679
cpxRp2,1.5,18,7,AACAAGTCGGGACATGGTCC,11,706620
cpxRp2,0.875,13,7,AAATTGCCTCGACTAGCTTA,6,640795
cpxRp2,1.375,17,7,AAATGTCCAAACAAAGTGGA,10,661879
cpxRp2,1.625,19,7,AAATCTGTGACCGTCGTAAC,12,674796
cpxRp2,2.125,23,7,AAATCCGGAGATGCCGATTA,16,679514
cpxRp2,1.125,15,7,AAATATGTACTGTACGCTTA,8,706483
cpxRp2,1.0,14,7,AAAGCGTACACGTTGCCCAC,7,665305
cpxRp2,0.5,10,7,AAACTTTGCGCAATTGACCT,3,665059
cpxRp2,0.625,11,7,AAACCGCGAACCGTTTGTTA,4,637010
cpxRp2,0.5,10,7,AAACCCTCATCGCATAGAAC,3,694283
cpxRp2,0.25,8,7,AAACATTACTATGCCTCGGC,1,673711
cpxRp2,0.375,9,7,AAACATGGTCAGAATAGTAT,2,657834
cpxRp2,0.75,12,7,AAACACCCGAACGTACGATG,5,631803
cpxRp2,0.875,13,7,AAAAGCTTTCGCTTTATACA,6,646250
cpxRp2,0.75,12,7,AAAAGCCATTGAAATGACGG,5,664304
cpxRp2,0.5,10,7,AAAACTTGACGAGCTATTTG,3,677773
cpxRp2,0.8571428571428571,11,6,TTTTGTGGCGCATTTATTTG,5,687441
cpxRp2,0.5714285714285714,9,6,TTTGTCGATGGTTAATTGAT,3,696259
cpxRp2,0.7142857142857143,10,6,TTTGATAGATCAGCGGTTTG,4,637058
cpxRp2,1.5714285714285714,16,6,TTTGAAATGGTTGGGTACCT,10,682204
cpxRp2,0.42857142857142855,8,6,TTTCGGTCATAATCTCATCA,2,661457
cpxRp2,0.42857142857142855,8,6,TTTCCGTAATAAGGCCTACA,2,685150
cpxRp2,0.2857142857142857,7,6,TTTCCCAAAATTGGTAGTCG,1,660655
cpxRp2,0.7142857142857143,10,6,TTTCCACTTGTTCTTACCTG,4,638333
cpxRp2,1.0,12,6,TTTATGGGTTTCTCGTCAGA,6,706003
cpxRp2,3.2857142857142856,28,6,TTTATGATTCATTCTGGTCC,22,675873
cpxRp2,0.42857142857142855,8,6,TTTAGGCACGGCTACCTAAA,2,683513
cpxRp2,0.2857142857142857,7,6,TTTAAGCTCGAAGTGCTATT,1,709102
cpxRp2,1.0,12,6,TTGTTTTCGGGCTTAAGACA,6,701655
cpxRp2,1.0,12,6,TTGTAGTGATACCTTCTGGT,6,633239
cpxRp2,1.1428571428571428,13,6,TTGGTTTCGCCCCCAGGACT,7,698709
cpxRp2,0.2857142857142857,7,6,TTGGTCCGGTGACGCCGTGG,1,685762
cpxRp2,0.5714285714285714,9,6,TTGGGTCCTACTCCAGGGCA,3,676077
cpxRp2,2.5714285714285716,23,6,TTGGGCCACTCACTTAGCTC,17,640587
cpxRp2,0.8571428571428571,11,6,TTGGCTGCTGGACAAATGAA,5,684409
cpxRp2,1.4285714285714286,15,6,TTGGCTAAGTAACATAAATG,9,689869
cpxRp2,1.2857142857142858,14,6,TTGCGAGAGTTCAACGCTTG,8,635785
cpxRp2,1.1428571428571428,13,6,TTGCAGCGATCCATATCATG,7,638922
cpxRp2,3.2857142857142856,28,6,TTGCACTTTGGAAATGAATG,22,633689
cpxRp2,0.2857142857142857,7,6,TTGCACGATTTTATGTAATA,1,640200
cpxRp2,1.4285714285714286,15,6,TTGCACGAGGCGAGACATCC,9,680960
cpxRp2,0.8571428571428571,11,6,TTGAGATTGGGCTGCGGTCA,5,707236
cpxRp2,0.2857142857142857,7,6,TTGACACGGGTGTCACGGAT,1,705975
cpxRp2,0.8571428571428571,11,6,TTGAATCTCATGTCTCTCAC,5,658400
cpxRp2,1.8571428571428572,18,6,TTCTTGGCTACAAACATCCT,12,696356
cpxRp2,0.2857142857142857,7,6,TTCTGTATCAGCTGAGGATT,1,660108
cpxRp2,0.42857142857142855,8,6,TTCTGGTTTTGTAACAGCTC,2,682733
cpxRp2,0.7142857142857143,10,6,TTCTCGCGGACGCCCTTCTA,4,660269
cpxRp2,1.1428571428571428,13,6,TTCTCGACCAAAGCTGAATT,7,680515
cpxRp2,0.5714285714285714,9,6,TTCGTCTATATCCGTTTGCT,3,710604
cpxRp2,1.5714285714285714,16,6,TTCGCGTACGCTCCGCATTT,10,639637
cpxRp2,0.42857142857142855,8,6,TTCCGCGGCCTGACAACACT,2,674978
cpxRp2,10.428571428571429,78,6,TTCAGCTCTGTGTGCGTCAG,72,701642
cpxRp2,1.4285714285714286,15,6,TTCACTTTATCCCTTACCAC,9,669294
cpxRp2,1.8571428571428572,18,6,TTCAATTCGAAGTGAACCCT,12,684096
cpxRp2,1.1428571428571428,13,6,TTATGTTTAGGGGTGGATCC,7,640417
cpxRp2,0.5714285714285714,9,6,TTATGCCTTAGTTAAAATGC,3,674983
cpxRp2,1.2857142857142858,14,6,TTATCTTTAGTGTCTGAACG,8,676818
cpxRp2,2.4285714285714284,22,6,TTATAAGTCTAAGCTTCTCG,16,676025
cpxRp2,0.5714285714285714,9,6,TTAGGGGAATCTGTCGTAGC,3,659542
cpxRp2,0.5714285714285714,9,6,TTAGCTATGGATGTGAGACA,3,690143
cpxRp2,1.2857142857142858,14,6,TTACTTACCGCTTATGACGC,8,693701
cpxRp2,1.7142857142857142,17,6,TTACGTATGCCCAGGCACAC,11,704572
cpxRp2,2.0,19,6,TTACGGATGTTTAGCTATCA,13,678213
cpxRp2,0.42857142857142855,8,6,TTACAGGCGCACCAGGGGCT,2,673850
cpxRp2,0.5714285714285714,9,6,TTAATCCGATTATCTTGAGC,3,700940
cpxRp2,0.5714285714285714,9,6,TTAACTCTACACAAAATACC,3,656529
cpxRp2,2.857142857142857,25,6,TTAACCACGAAATCTTACAT,19,646283
cpxRp2,0.8571428571428571,11,6,TTAAAATACACGGACAAGGG,5,663685
cpxRp2,0.2857142857142857,7,6,TGTTTCAAATTGATTGCTTT,1,689029
cpxRp2,3.4285714285714284,29,6,TGTTCCCCAGGACTTGCCAA,23,663841
cpxRp2,0.2857142857142857,7,6,TGTTACAAATCAATCCCATC,1,653481
cpxRp2,1.2857142857142858,14,6,TGTTAAAATAGTCTCGACCC,8,677362
cpxRp2,1.0,12,6,TGTGTTTCCACGCGATAGTT,6,682927
cpxRp2,4.142857142857143,34,6,TGTGTCTATTTCGGGCGTAG,28,693956
cpxRp2,0.8571428571428571,11,6,TGTGTAAAGAGGTTCTGATT,5,632373
cpxRp2,1.1428571428571428,13,6,TGTGCGGCACTCTTCCGCGA,7,699014
cpxRp2,1.2857142857142858,14,6,TGTGCATCCCTAGACTTGTA,8,674930
cpxRp2,1.1428571428571428,13,6,TGTCTGATTGTCCCAACATA,7,671189
cpxRp2,1.1428571428571428,13,6,TGTCGTCAATGCTCCGAAAC,7,699248
cpxRp2,1.2857142857142858,14,6,TGTCGGTTACCGGCCTATGG,8,709591
cpxRp2,2.4285714285714284,22,6,TGTCGCTGTCACCTGCGCGC,16,655343
cpxRp2,2.0,19,6,TGTCAGGAACGTGTGTGTAG,13,702775
cpxRp2,1.2857142857142858,14,6,TGTCACTTAATCGTACCATG,8,710709
cpxRp2,1.1428571428571428,13,6,TGTCAAAGGAAAAGTAATAG,7,646806
cpxRp2,1.0,12,6,TGTAGTGAACGAGAGCATTG,6,631903
cpxRp2,1.4285714285714286,15,6,TGTAGATTTCAGGATAAAGA,9,658812
cpxRp2,0.5714285714285714,9,6,TGTAAGCAGTCGCGCTCGTA,3,642469
cpxRp2,1.1428571428571428,13,6,TGTAACCTGAAAGGATCTTT,7,654953
cpxRp2,0.7142857142857143,10,6,TGGTTTTATACTCATGACGC,4,676938
cpxRp2,1.1428571428571428,13,6,TGGTTAGTGGTGTAGTGATT,7,694974
cpxRp2,0.5714285714285714,9,6,TGGTCCTCATCAGGGTTAGA,3,691947
cpxRp2,2.142857142857143,20,6,TGGTCATCATATTTTGTTTC,14,701135
cpxRp2,1.5714285714285714,16,6,TGGTACATCAAAGCTACCTC,10,675087
cpxRp2,1.2857142857142858,14,6,TGGGTCAGGCAGCGAAGCTT,8,687252
cpxRp2,1.0,12,6,TGGGATTATGAGGGATCGTC,6,702915
cpxRp2,1.7142857142857142,17,6,TGGCGATCGTTTGCGCTACT,11,654824
cpxRp2,1.1428571428571428,13,6,TGGCCGGACCCTCTCCCTTG,7,693883
cpxRp2,0.8571428571428571,11,6,TGGCCATTTACGACTATGCA,5,676082
cpxRp2,1.0,12,6,TGGCCAGAATATAGAACGTT,6,645634
cpxRp2,1.4285714285714286,15,6,TGGCAGGACAACGTTCCCAA,9,673658
cpxRp2,0.5714285714285714,9,6,TGGCAAGGTAGTTGGTAGTA,3,657812
cpxRp2,3.0,26,6,TGGATGGTCCGGAAGTATCG,20,654392
cpxRp2,1.7142857142857142,17,6,TGGAGGTGTCAATGGAGTCG,11,669556
cpxRp2,5.142857142857143,41,6,TGGACTTTCTCAATTGGACC,35,652915
cpxRp2,0.7142857142857143,10,6,TGGACCCGCGCTGCGGGCAT,4,659157
cpxRp2,0.42857142857142855,8,6,TGGAATCCAGTGTGCCCCAC,2,654778
cpxRp2,0.2857142857142857,7,6,TGCTTCTGACAATCAGGGTA,1,639084
cpxRp2,4.428571428571429,36,6,TGCTGGTTCCATCACGTTAC,30,708703
cpxRp2,0.7142857142857143,10,6,TGCTCCTGCTCAACCACGTC,4,661244
cpxRp2,2.142857142857143,20,6,TGCGGTAGATTTCGACAGAG,14,671418
cpxRp2,1.8571428571428572,18,6,TGCGGAGGCACCACCAACTT,12,642339
cpxRp2,3.142857142857143,27,6,TGCGCTTGTAAATGACTGGG,21,690633
cpxRp2,1.0,12,6,TGCGCCTGTCGGAGTGTGGC,6,665394
cpxRp2,2.0,19,6,TGCGAATCGGCACACGGTGT,13,659606
cpxRp2,0.5714285714285714,9,6,TGCCTCAAGTTTAATGGGAA,3,675010
cpxRp2,1.1428571428571428,13,6,TGCCGTGATTGATGCTTTTC,7,644724
cpxRp2,0.42857142857142855,8,6,TGCCCCGGCTTCACGGTTGT,2,630150
cpxRp2,0.2857142857142857,7,6,TGCCCACCACAGATCGGAGT,1,638108
cpxRp2,0.42857142857142855,8,6,TGCCATCCTACGCCGTTTAC,2,703737
cpxRp2,1.0,12,6,TGCCAGCACTAAGTATCATC,6,641332
cpxRp2,0.2857142857142857,7,6,TGCATTGTTAAGATGGACCT,1,677059
cpxRp2,1.2857142857142858,14,6,TGCATTATACAAATGCAGCG,8,652152
cpxRp2,1.7142857142857142,17,6,TGCATGGGACGAGGGCGAGG,11,690339
cpxRp2,1.2857142857142858,14,6,TGCAGTTTAACGTCTCCCTT,8,694501
cpxRp2,0.42857142857142855,8,6,TGCAGAGTAGTTCTGCCTAA,2,690986
cpxRp2,2.2857142857142856,21,6,TGCAATTAATGCCTGCCGCT,15,710596
cpxRp2,2.5714285714285716,23,6,TGCAACTGGGCAATTCTAAT,17,632513
cpxRp2,0.42857142857142855,8,6,TGCAACAGTGACAACAGAAA,2,637302
cpxRp2,0.2857142857142857,7,6,TGAGTACTGACTGAAGCAAA,1,653493
cpxRp2,0.42857142857142855,8,6,TGAGACACGGAGCTGTTCGT,2,637587
cpxRp2,1.8571428571428572,18,6,TGAGAAAGTGTGATCCCCCA,12,693574
cpxRp2,1.2857142857142858,14,6,TGACTTCGGTACTGAATCTT,8,632342
cpxRp2,0.7142857142857143,10,6,TGACGGCGCCGCAAATTAGG,4,639353
cpxRp2,2.142857142857143,20,6,TGACGCCTTTAAAAGCCAAT,14,689088
cpxRp2,1.7142857142857142,17,6,TGACCGAATGGTGGCCTGTA,11,666491
cpxRp2,1.2857142857142858,14,6,TGAATTCTATCAATCTGCGG,8,678837
cpxRp2,0.2857142857142857,7,6,TGAACCCGTGCATCACCCTT,1,700265
cpxRp2,2.0,19,6,TGAAAATCAATGACTCCACT,13,633323
cpxRp2,0.7142857142857143,10,6,TGAAAAACTGCCTCGCATTG,4,685772
cpxRp2,0.8571428571428571,11,6,TCTTAGGGAAAGGACATGTA,5,651218
cpxRp2,1.0,12,6,TCTGTGTTTTCATAATCGAC,6,649903
cpxRp2,1.5714285714285714,16,6,TCTGTGCGGCTCTCCGTGCG,10,668981
cpxRp2,1.4285714285714286,15,6,TCTGATTGAGGCAGCTGCGA,9,662923
cpxRp2,0.2857142857142857,7,6,TCTGAGGACATCGAATTCGG,1,635924
cpxRp2,1.4285714285714286,15,6,TCTCGCAGACGGATCCTAGG,9,705267
cpxRp2,0.7142857142857143,10,6,TCTCCTGAGCGAGTTTTTCT,4,658876
cpxRp2,2.0,19,6,TCTCCAAGTATGACGGTGTG,13,700487
cpxRp2,0.5714285714285714,9,6,TCTATTTTCTAGAATAGCGA,3,692407
cpxRp2,2.857142857142857,25,6,TCTATTTACATAAGTTTGTG,19,687742
cpxRp2,1.8571428571428572,18,6,TCTATCCATACGTTACCCTA,12,700132
cpxRp2,2.4285714285714284,22,6,TCTAGTTGGTTATCGAACGG,16,701657
cpxRp2,0.2857142857142857,7,6,TCTAAGCTCTCAGTCGCCAT,1,707875
cpxRp2,1.8571428571428572,18,6,TCGTTGGAAATTGCTCTGGT,12,695661
cpxRp2,1.4285714285714286,15,6,TCGTGTTGGAGACCTCCGGG,9,671169
cpxRp2,1.7142857142857142,17,6,TCGTGAGTCTACATTGATGA,11,693880
cpxRp2,1.0,12,6,TCGTCTCCTGCCCTCCCTCG,6,658636
cpxRp2,0.5714285714285714,9,6,TCGTCCTGAGTTGTCTAACC,3,642043
cpxRp2,1.0,12,6,TCGTCAATCCTGGGATAGCA,6,633920
cpxRp2,0.2857142857142857,7,6,TCGGGGCCTAATGAGGAATC,1,688567
cpxRp2,2.4285714285714284,22,6,TCGGGCTACACCTTGGACCC,16,692546
cpxRp2,1.1428571428571428,13,6,TCGGCTTCCAGCGCAAAGTG,7,706817
cpxRp2,4.142857142857143,34,6,TCGGCGGCTACCGGGAAACC,28,678503
cpxRp2,1.1428571428571428,13,6,TCGGCATGGATGGCATGGTC,7,641719
cpxRp2,0.42857142857142855,8,6,TCGGACACCTCTTGATAGTT,2,675821
cpxRp2,5.428571428571429,43,6,TCGCAGGTGTCAGCAGGGCA,37,630506
cpxRp2,1.5714285714285714,16,6,TCGATTGGTAACACTAATTT,10,666800
cpxRp2,1.0,12,6,TCGATGTCTAGACGTTAAAG,6,670491
cpxRp2,0.7142857142857143,10,6,TCGAGTAAATGCTATTTTGA,4,679221
cpxRp2,0.5714285714285714,9,6,TCGAGATTCCCGAAGAGCTC,3,703881
cpxRp2,0.2857142857142857,7,6,TCGAGATCAAACAAGAAGCC,1,660232
cpxRp2,2.0,19,6,TCGACTGCTCTAGTATTCGA,13,688308
cpxRp2,0.7142857142857143,10,6,TCGACCCAGTATAAAAATTC,4,687903
cpxRp2,1.5714285714285714,16,6,TCGACAGGAAAATATTCCGA,10,676445
cpxRp2,0.2857142857142857,7,6,TCGAACTACAGCGAAGATAA,1,648967
cpxRp2,0.2857142857142857,7,6,TCCTTTGAGGTTGCGAGGGC,1,691114
cpxRp2,1.2857142857142858,14,6,TCCTGTCGGCGAGGTTGGAT,8,639377
cpxRp2,0.2857142857142857,7,6,TCCTGGTTATGCAGCGTTAA,1,708431
cpxRp2,1.0,12,6,TCCTGAAGGCTCTCGAACAA,6,669521
cpxRp2,0.7142857142857143,10,6,TCCTCTGCTCGTTTTTACCC,4,644904
cpxRp2,0.2857142857142857,7,6,TCCTCGGTCAGCCAGTCATA,1,665649
cpxRp2,1.1428571428571428,13,6,TCCTCCCTTTTGCCTAGTGC,7,656319
cpxRp2,1.7142857142857142,17,6,TCCTCACACAATCAACGCAT,11,636198
cpxRp2,0.8571428571428571,11,6,TCCGTGCGGATAGAGTTCCA,5,679264
cpxRp2,0.8571428571428571,11,6,TCCGGACCGGTACTTGGGTA,5,700974
cpxRp2,1.4285714285714286,15,6,TCCGGAATGAAATAGGATTA,9,678702
cpxRp2,1.2857142857142858,14,6,TCCGGAAGTCTACTCCCACC,8,684775
cpxRp2,0.8571428571428571,11,6,TCCGCCCTTGCGAATATTGA,5,637297
cpxRp2,2.5714285714285716,23,6,TCCGAATTGTGTCCGTATCA,17,657033
cpxRp2,4.857142857142857,39,6,TCCCTGGCTTTGTAGTTGTG,33,655388
cpxRp2,1.0,12,6,TCCCTCCGGGGCTGGGAATA,6,686121
cpxRp2,1.0,12,6,TCCCTAGTCTGGCTTCAGGC,6,699245
cpxRp2,1.5714285714285714,16,6,TCCCGTCTCGAGTGCAAGCA,10,674656
cpxRp2,0.5714285714285714,9,6,TCCCGATCCGCAAAAATTTA,3,687357
cpxRp2,1.2857142857142858,14,6,TCCCCAGGGCGAGTGGGTGT,8,674984
cpxRp2,13.571428571428571,100,6,TCCCATGGAGGTTCATCCTA,94,710824
cpxRp2,1.7142857142857142,17,6,TCCATTTCATTTCTGCGAAT,11,645835
cpxRp2,2.2857142857142856,21,6,TCCATTATTCAGTGAAAGGT,15,675502
cpxRp2,0.7142857142857143,10,6,TCCAGGAAATCTAGACAAGA,4,705023
cpxRp2,0.5714285714285714,9,6,TCCAGAAGACAGGGAGCTAT,3,630136
cpxRp2,1.5714285714285714,16,6,TCCACTATCGTTTGCGAGTT,10,686423
cpxRp2,0.8571428571428571,11,6,TCCAAGATCCCTTCTGCCCA,5,630642
cpxRp2,2.0,19,6,TCCAAAGTATAGGCTTCGTC,13,691176
cpxRp2,1.2857142857142858,14,6,TCATTGTCTCCCGCTAAAGT,8,676943
cpxRp2,0.8571428571428571,11,6,TCATACCCGTATATATCCGC,5,692968
cpxRp2,0.8571428571428571,11,6,TCACTACCAGGGTCCGCGGT,5,683001
cpxRp2,1.0,12,6,TCACGCTAGCCGCAGAGCTT,6,668741
cpxRp2,1.5714285714285714,16,6,TCACGCCAAGGTTCCCGCTA,10,692281
cpxRp2,1.7142857142857142,17,6,TCAATTTTTAAGTGCGGGAC,11,687889
cpxRp2,1.7142857142857142,17,6,TCAATTCGGAAGAGAGAAGG,11,692878
cpxRp2,0.2857142857142857,7,6,TCAACCTTCATCGTTGGCCT,1,700950
cpxRp2,0.5714285714285714,9,6,TATTTTGTCCCAGGAGCCCA,3,682305
cpxRp2,2.0,19,6,TATTTTATACGCCACGCTTG,13,637569
cpxRp2,0.2857142857142857,7,6,TATTTGTGCCATCGTTTTGT,1,658817
cpxRp2,0.8571428571428571,11,6,TATTTGCAAGGAGCTACGTC,5,702682
cpxRp2,1.7142857142857142,17,6,TATTTATTGACAATATAAGG,11,700316
cpxRp2,0.42857142857142855,8,6,TATTGGCTTAGCGCGACAAT,2,635465
cpxRp2,1.0,12,6,TATTGCCTTTATATTGTTGC,6,690597
cpxRp2,0.2857142857142857,7,6,TATTGAACCACCTCCAGAGA,1,653624
cpxRp2,0.5714285714285714,9,6,TATGTTACCCTTCATAATTG,3,661261
cpxRp2,2.0,19,6,TATGTATGAATCACTCTTCG,13,647395
cpxRp2,1.1428571428571428,13,6,TATGCCTGCTAACTAAAGCA,7,672598
cpxRp2,0.7142857142857143,10,6,TATCTCTGAACCAGTAACGA,4,632592
cpxRp2,1.0,12,6,TATCCGCGCCATCCGAGCCT,6,664833
cpxRp2,0.5714285714285714,9,6,TATATGGCGGAGATGTTCCC,3,683231
cpxRp2,0.5714285714285714,9,6,TATAGTTGGGCGATGGCGAG,3,633856
cpxRp2,3.5714285714285716,30,6,TATAGGCGAGAACGGGGATC,24,657888
cpxRp2,0.42857142857142855,8,6,TATAAGTATTATTCTTCTAT,2,691395
cpxRp2,1.2857142857142858,14,6,TATAAGACCGATTCCCATCC,8,684004
cpxRp2,0.42857142857142855,8,6,TAGTGGAATGCTGCGCCGCG,2,680349
cpxRp2,1.0,12,6,TAGGTGAAGCGCTTCAAACT,6,692385
cpxRp2,1.0,12,6,TAGGCTCGGGCTGCGTTTGT,6,703554
cpxRp2,2.857142857142857,25,6,TAGGCTACGTGGTTACAGCT,19,641399
cpxRp2,0.42857142857142855,8,6,TAGGCCACCTGGGAGCACGA,2,678583
cpxRp2,0.7142857142857143,10,6,TAGGAGGGTAACGCGGAAAG,4,702221
cpxRp2,0.2857142857142857,7,6,TAGCTAGAACCGATCACGCA,1,682483
cpxRp2,0.7142857142857143,10,6,TAGCGAAATTTAGGCATGCT,4,662018
cpxRp2,0.5714285714285714,9,6,TAGCCGTCGTAATGGTTGAT,3,698628
cpxRp2,1.1428571428571428,13,6,TAGCATCTGAAATCATTGTC,7,677804
cpxRp2,0.7142857142857143,10,6,TAGATCGAGGCTCCAGTCCA,4,685808
cpxRp2,0.7142857142857143,10,6,TACTGCAAGGTAAAAACTGA,4,693334
cpxRp2,0.7142857142857143,10,6,TACGTGGTCTAAACGGCAGC,4,637259
cpxRp2,0.5714285714285714,9,6,TACGTGCTCAGTAAAGGTAG,3,666609
cpxRp2,4.0,33,6,TACGTCAAGAAATGGTTGCA,27,636924
cpxRp2,0.2857142857142857,7,6,TACGGTTGTTGGGCTCTTTA,1,653926
cpxRp2,1.0,12,6,TACGAAAGGTTGTGCGAGGA,6,685124
cpxRp2,11.857142857142858,88,6,TACCGTCTTCGCCGCAATAA,82,640890
cpxRp2,1.0,12,6,TACCGGTGCGTAATCTGTGG,6,637634
cpxRp2,0.5714285714285714,9,6,TACCATCTCGTCCCGTACTT,3,703775
cpxRp2,1.1428571428571428,13,6,TACATGATGTTTCTCAGTAA,7,640453
cpxRp2,1.2857142857142858,14,6,TACAGCAAAATATAGCTCGC,8,632899
cpxRp2,0.42857142857142855,8,6,TACAATCCCCCGGGAATAAC,2,633756
cpxRp2,2.4285714285714284,22,6,TAATTGGAGAAGCTACCCAA,16,656889
cpxRp2,1.2857142857142858,14,6,TAATTATGGCAGGACAAGGT,8,701603
cpxRp2,2.142857142857143,20,6,TAATGCTGCTTTCAACGCAG,14,682613
cpxRp2,3.2857142857142856,28,6,TAATCATCATTGTTCTCTCT,22,645091
cpxRp2,1.0,12,6,TAATATGGACAGCTACTGCA,6,655502
cpxRp2,0.8571428571428571,11,6,TAATAGCGAAAGGATCACGA,5,674327
cpxRp2,1.0,12,6,TAATAGAAAAAGTAGGTATG,6,668754
cpxRp2,0.5714285714285714,9,6,TAAGGCTATTTATGGCCCAG,3,641202
cpxRp2,0.7142857142857143,10,6,TAAGACTGATCACATCTTCA,4,653101
cpxRp2,0.42857142857142855,8,6,TAAGACCCCATATTGTTTTC,2,661752
cpxRp2,0.5714285714285714,9,6,TAAGAATACGTAAACAATAG,3,634464
cpxRp2,0.2857142857142857,7,6,TAACTTCTGTCTCATATTAT,1,684922
cpxRp2,0.5714285714285714,9,6,TAACGTGTTTAGGAATTACT,3,679543
cpxRp2,1.2857142857142858,14,6,TAACGTGAGACCTTTCCAGC,8,691703
cpxRp2,0.7142857142857143,10,6,TAACGATCTCATCAACTTCC,4,674729
cpxRp2,1.2857142857142858,14,6,TAAAGCGTGTGTCCTGGATG,8,695248
cpxRp2,2.2857142857142856,21,6,TAAACCCTTAAAACCGCAGT,15,676306
cpxRp2,0.8571428571428571,11,6,TAAAAGTTTAATACTTGTTA,5,675898
cpxRp2,1.5714285714285714,16,6,TAAAAGCTCAGAAACTACTC,10,698713
cpxRp2,3.142857142857143,27,6,GTTTTAGGGTTCGTTGATAA,21,659672
cpxRp2,0.42857142857142855,8,6,GTTTCAGCCCCCGCAAAGTT,2,676688
cpxRp2,1.7142857142857142,17,6,GTTTACGTGTCCCAGCGTTC,11,645112
cpxRp2,0.42857142857142855,8,6,GTTGTCGGCACCAGAGCACA,2,632993
cpxRp2,0.42857142857142855,8,6,GTTGCTTCGACAACCAGACG,2,658085
cpxRp2,0.42857142857142855,8,6,GTTGCTCCTTTTACCCGAGA,2,648959
cpxRp2,1.1428571428571428,13,6,GTTGAGTTAGTAATCCGTTC,7,658682
cpxRp2,0.8571428571428571,11,6,GTTCTTATTGTGAACGATCG,5,705772
cpxRp2,1.4285714285714286,15,6,GTTATAAGCGACTCACTCCC,9,678751
cpxRp2,1.4285714285714286,15,6,GTTACCACGGATCTGCGGCC,9,648545
cpxRp2,1.4285714285714286,15,6,GTTACACGACAGTACTGGCA,9,684203
cpxRp2,0.8571428571428571,11,6,GTTAATCTAATAAGCGTCTG,5,653682
cpxRp2,4.571428571428571,37,6,GTTAACGGTAATCAGCCGGT,31,646522
cpxRp2,2.5714285714285716,23,6,GTGTTTCGCCATACTGTGAA,17,650245
cpxRp2,1.5714285714285714,16,6,GTGTGTGTAGGTAGGTGCCA,10,638699
cpxRp2,2.5714285714285716,23,6,GTGTCCGGTTTCCACCTAAG,17,705521
cpxRp2,0.5714285714285714,9,6,GTGTATTTCCGCTCATCCTA,3,707467
cpxRp2,0.2857142857142857,7,6,GTGGTTTTGGGGATTTTTAA,1,695815
cpxRp2,2.7142857142857144,24,6,GTGGGCGTCTCGAGTTACTC,18,662070
cpxRp2,2.2857142857142856,21,6,GTGGGACTGGGGCTTATTGG,15,707408
cpxRp2,0.7142857142857143,10,6,GTGCCTTTGTGAAACATCGG,4,704066
cpxRp2,1.8571428571428572,18,6,GTGCCAAGTACTGCAAGTGG,12,658126
cpxRp2,0.5714285714285714,9,6,GTGCATTTTCCGCCGGGGTG,3,677335
cpxRp2,2.0,19,6,GTGCATTGCTGCCGTGTCTG,13,639488
cpxRp2,0.2857142857142857,7,6,GTGAGGAACGATTGCTACGG,1,709880
cpxRp2,0.5714285714285714,9,6,GTGAGATCCATTTGGTGGTG,3,644158
cpxRp2,1.2857142857142858,14,6,GTCTTTCGGATGGAAATGCA,8,675781
cpxRp2,0.2857142857142857,7,6,GTCTTCTCCACGGTGCCATG,1,683763
cpxRp2,1.0,12,6,GTCTGTCTGTCTAATAAACG,6,697329
cpxRp2,0.42857142857142855,8,6,GTCTGTCGTCCAAGCCCATA,2,662996
cpxRp2,0.8571428571428571,11,6,GTCTGGGGTGCGGGCAAGCA,5,681201
cpxRp2,0.2857142857142857,7,6,GTCTGCCTTCTCGACAAAAG,1,672671
cpxRp2,0.42857142857142855,8,6,GTCTAAGAGGTTTAGGTTCG,2,674063
cpxRp2,0.42857142857142855,8,6,GTCGTGGGATAATGTGCTGA,2,678107
cpxRp2,0.42857142857142855,8,6,GTCGGGGGTTGGAGCTCTTA,2,707690
cpxRp2,2.0,19,6,GTCGGGCATCGCAGGGTCTT,13,712261
cpxRp2,0.7142857142857143,10,6,GTCGGCCCGGCAGCACATCA,4,705108
cpxRp2,1.8571428571428572,18,6,GTCGCCGACTAGACCGAGGG,12,681379
cpxRp2,0.2857142857142857,7,6,GTCGATAGGACAAAATCCTC,1,679299
cpxRp2,1.0,12,6,GTCCGGGGCTCCCGCACAAA,6,648118
cpxRp2,1.2857142857142858,14,6,GTCCGCCCTAAGTCCCAGTT,8,706629
cpxRp2,1.0,12,6,GTCCGAGTCGAATACGTTGG,6,640043
cpxRp2,1.4285714285714286,15,6,GTCCGAGCGCAGTGCAGAGT,9,705099
cpxRp2,0.2857142857142857,7,6,GTCCATAGTCATCGGTGTTT,1,684663
cpxRp2,0.2857142857142857,7,6,GTCATAAACCCGCTAGTAGC,1,645497
cpxRp2,1.2857142857142858,14,6,GTCAGTTAACCAGCTCTGCG,8,666688
cpxRp2,0.2857142857142857,7,6,GTCAGAAACCGTAAGGGTGG,1,634118
cpxRp2,0.2857142857142857,7,6,GTCACGCCCCCTAACGTGTG,1,652408
cpxRp2,0.7142857142857143,10,6,GTCAACCAGCTGTGGTGCTC,4,697290
cpxRp2,1.8571428571428572,18,6,GTCAACACATATATGTCATG,12,670733
cpxRp2,3.7142857142857144,31,6,GTCAAATTCACTCAGGAAGT,25,669023
cpxRp2,0.8571428571428571,11,6,GTATTTCGCTCTTAGTCTGA,5,650848
cpxRp2,0.5714285714285714,9,6,GTATTACTCGTTTGTTATTA,3,689978
cpxRp2,0.2857142857142857,7,6,GTAGGGCTTAGGCTTTAAAA,1,649634
cpxRp2,0.42857142857142855,8,6,GTAGGGATTATTACGCGCTT,2,699348
cpxRp2,1.2857142857142858,14,6,GTAGGCATGTCTACTGGTAA,8,656316
cpxRp2,0.8571428571428571,11,6,GTAGAGTTCGTGGCGTGTAA,5,660221
cpxRp2,0.2857142857142857,7,6,GTAGACTACGTGTAGAACCT,1,633214
cpxRp2,1.2857142857142858,14,6,GTACTTTGGTACCCGCAGTA,8,689847
cpxRp2,1.5714285714285714,16,6,GTACTATGACCCAACAATAT,10,708739
cpxRp2,2.142857142857143,20,6,GTACGTACAAAGTCTGGTCG,14,658715
cpxRp2,2.4285714285714284,22,6,GTACCAGATGGAAGGATATC,16,641262
cpxRp2,2.2857142857142856,21,6,GTACAAAACGATAGGTAATA,15,632220
cpxRp2,0.2857142857142857,7,6,GTAAGTTGCTTATCGCGACA,1,694407
cpxRp2,1.0,12,6,GTAAGGTGCCAATCCAAGAC,6,696234
cpxRp2,0.7142857142857143,10,6,GTAAAGTAGGCTCAAGTTCA,4,673532
cpxRp2,0.42857142857142855,8,6,GTAAAATAATGTCATCATAC,2,680998
cpxRp2,0.5714285714285714,9,6,GTAAAAGGAATATTATTGCT,3,674103
cpxRp2,0.42857142857142855,8,6,GGTTTCAAATCGAAACTAAA,2,644461
cpxRp2,0.5714285714285714,9,6,GGTTTACTTCGGATACTACA,3,653796
cpxRp2,1.0,12,6,GGTTAAGCAGTACTTATTGA,6,659003
cpxRp2,0.8571428571428571,11,6,GGTGGCCCTCTTATCAGACG,5,684814
cpxRp2,1.7142857142857142,17,6,GGTGATTGCCAATTCCAAAG,11,681833
cpxRp2,0.5714285714285714,9,6,GGTCTGCGTACTCATTAGCT,3,639989
cpxRp2,0.8571428571428571,11,6,GGTCGTGGGCAAGATTAGAG,5,662801
cpxRp2,0.7142857142857143,10,6,GGTCGCTCCCAGTACGATGT,4,696302
cpxRp2,1.0,12,6,GGTCCTTTTTCGGACTTAGG,6,698125
cpxRp2,1.0,12,6,GGTCCTAATGTTTAAATTTT,6,663029
cpxRp2,1.2857142857142858,14,6,GGTCCCATGTATTTGATGGG,8,644027
cpxRp2,2.0,19,6,GGTCCATCTGAAATAAATAA,13,633763
cpxRp2,0.42857142857142855,8,6,GGTCCACAATGGTGGACAAT,2,689702
cpxRp2,0.5714285714285714,9,6,GGTATACGTCGAGCCTTTCC,3,648662
cpxRp2,0.2857142857142857,7,6,GGTAGCTAATTTGTCAAGCT,1,665853
cpxRp2,0.7142857142857143,10,6,GGTACTGCCATGCGATTTGT,4,669731
cpxRp2,1.0,12,6,GGTACTCACGGTTATGTAGG,6,671872
cpxRp2,0.7142857142857143,10,6,GGTAAACCGTCCTGGAGTTT,4,663926
cpxRp2,0.42857142857142855,8,6,GGGTTGCCTTTTACTAGTGC,2,670100
cpxRp2,1.1428571428571428,13,6,GGGTTAAGGGGCTTCTAGCG,7,641687
cpxRp2,1.1428571428571428,13,6,GGGTCTTCGTGCACGCTGTA,7,690534
cpxRp2,1.4285714285714286,15,6,GGGTCCCACGTAAAAATACT,9,646854
cpxRp2,0.2857142857142857,7,6,GGGTCATGCCGGGAAACAAA,1,641448
cpxRp2,1.1428571428571428,13,6,GGGTACGGAAGTAGCCCGGG,7,647968
cpxRp2,0.42857142857142855,8,6,GGGGTATGCAACAGCACAGC,2,709317
cpxRp2,0.42857142857142855,8,6,GGGGCTTCTAATTACCGGCT,2,644274
cpxRp2,0.2857142857142857,7,6,GGGGCTCTATAAATCTTTTG,1,664969
cpxRp2,0.7142857142857143,10,6,GGGGCGGGGCCTGGGGGATT,4,676775
cpxRp2,0.7142857142857143,10,6,GGGGCAGTGCGGCGGTCCTT,4,690786
cpxRp2,0.2857142857142857,7,6,GGGGACGCGACCCTGCATCA,1,652191
cpxRp2,2.0,19,6,GGGCTACAGTAGTAGTCTGG,13,694370
cpxRp2,0.5714285714285714,9,6,GGGCCGCCTCTGGCACATGT,3,671606
cpxRp2,2.142857142857143,20,6,GGGCCGAAAGTGCGTGGAAC,14,674892
cpxRp2,0.5714285714285714,9,6,GGGCAAGAGCCATTGCTCCG,3,685153
cpxRp2,0.5714285714285714,9,6,GGGAGTGGAAAGTAACCGGT,3,660122
cpxRp2,1.0,12,6,GGCTGCTATATTACATGCGA,6,653784
cpxRp2,0.8571428571428571,11,6,GGCTATGACCCGTGATGTGT,5,670268
cpxRp2,1.4285714285714286,15,6,GGCGGGTCATAGGTCCGTTC,9,663393
cpxRp2,1.0,12,6,GGCGGACGACCTACGCCTGG,6,683831
cpxRp2,0.8571428571428571,11,6,GGCGCTTCTGTAAAGATAGG,5,640428
cpxRp2,0.2857142857142857,7,6,GGCGCCCCACACGAGTCATA,1,666261
cpxRp2,8.714285714285714,66,6,GGCGAGCCGAACGTGCCATG,60,677970
cpxRp2,0.5714285714285714,9,6,GGCGAGCAGGTACCTATTTC,3,687595
cpxRp2,1.8571428571428572,18,6,GGCCTCTGCGATATGCTTGT,12,701698
cpxRp2,0.42857142857142855,8,6,GGCCGGTTACTTTAACGGGC,2,660663
cpxRp2,1.7142857142857142,17,6,GGCCGCGTACGCTAGCGGAA,11,649187
cpxRp2,0.5714285714285714,9,6,GGCCGCCCCGCCCCGGGGAC,3,696626
cpxRp2,0.42857142857142855,8,6,GGCCATGCCCGGGTGAGTGA,2,705142
cpxRp2,0.2857142857142857,7,6,GGCATATACTATTGTTTGAT,1,695959
cpxRp2,0.5714285714285714,9,6,GGCACCTGTCCAGCAACAGT,3,643921
cpxRp2,0.8571428571428571,11,6,GGATTAAACTTGTTCCCTAG,5,697424
cpxRp2,0.5714285714285714,9,6,GGATGGGGGTAGACCGCACA,3,708800
cpxRp2,0.2857142857142857,7,6,GGATCAAGCGCGGAGTAGTT,1,674163
cpxRp2,2.7142857142857144,24,6,GGATAAGTATCGGAGTTCAA,18,652854
cpxRp2,2.857142857142857,25,6,GGAGCGCGACTTCTGAGGAA,19,635361
cpxRp2,0.5714285714285714,9,6,GGACGCGTACTGAAATTAAT,3,686983
cpxRp2,1.1428571428571428,13,6,GGACCTTCTTTACCCTGGAT,7,694059
cpxRp2,0.2857142857142857,7,6,GGACCAGATATTATTTGAAC,1,672062
cpxRp2,1.8571428571428572,18,6,GGACACTTCCTACATCCTGT,12,688321
cpxRp2,11.714285714285714,87,6,GGAATAGTTGGCTAGTCCGT,81,676524
cpxRp2,2.5714285714285716,23,6,GGAAGCGCCACGATGCACCT,17,664457
cpxRp2,1.0,12,6,GGAAGCCTCAGTTGTGGACG,6,702705
cpxRp2,0.7142857142857143,10,6,GGAAGCCGAACTCTTGGAGC,4,692329
cpxRp2,2.142857142857143,20,6,GGAACTATGGAATTCCATCT,14,711265
cpxRp2,2.5714285714285716,23,6,GGAACCGCCACGAGAGTTTA,17,640576
cpxRp2,0.2857142857142857,7,6,GGAAATTTGCTCTTTAGAAA,1,675069
cpxRp2,1.0,12,6,GGAAATCTAGAAATACTGAT,6,672989
cpxRp2,1.0,12,6,GGAAAGTTATTAAGTGTATT,6,666265
cpxRp2,0.42857142857142855,8,6,GGAAAGAAGGAAACACACAA,2,643417
cpxRp2,1.7142857142857142,17,6,GGAAACTTAACATGCTGTTC,11,687435
cpxRp2,1.8571428571428572,18,6,GCTTTTTCGTCGGTCTTTAG,12,682355
cpxRp2,0.42857142857142855,8,6,GCTTTATCGTTGTTCACGAG,2,702349
cpxRp2,0.2857142857142857,7,6,GCTTGAAGCGGTGCCTACCT,1,680408
cpxRp2,2.7142857142857144,24,6,GCTTCCAAGTCTCCCGTCGT,18,646341
cpxRp2,2.7142857142857144,24,6,GCTTATTAGGTATGTTCGCT,18,674071
cpxRp2,0.42857142857142855,8,6,GCTGTAGTTTGTACGCCACG,2,662106
cpxRp2,1.1428571428571428,13,6,GCTGTACGCATTTTCATGCA,7,709065
cpxRp2,1.1428571428571428,13,6,GCTGTACAGGTGCATAATCT,7,653769
cpxRp2,0.5714285714285714,9,6,GCTGGTCCAACAGTTTGTAG,3,643218
cpxRp2,1.2857142857142858,14,6,GCTGGCATACGATTGGGTGG,8,676917
cpxRp2,1.5714285714285714,16,6,GCTGGAGTCTGCAGAATCGT,10,697165
cpxRp2,0.8571428571428571,11,6,GCTGCGTCGTAACGAATAAA,5,709344
cpxRp2,1.5714285714285714,16,6,GCTCTAGATGAAAGCGGAAC,10,645681
cpxRp2,1.4285714285714286,15,6,GCTACGCCTGCATATCTGTG,9,662530
cpxRp2,1.1428571428571428,13,6,GCTAAACCTCTATTATTAAG,7,700367
cpxRp2,1.2857142857142858,14,6,GCTAAAACATCAGCAAGAAA,8,659523
cpxRp2,1.2857142857142858,14,6,GCGTTATGGGTATGTATCTC,8,683564
cpxRp2,0.8571428571428571,11,6,GCGTTAATTGGGATATACAA,5,696090
cpxRp2,0.5714285714285714,9,6,GCGTAGTGCTCTCCTGGCTT,3,639239
cpxRp2,0.42857142857142855,8,6,GCGTACTAGAGATACTTATA,2,662570
cpxRp2,0.7142857142857143,10,6,GCGTAACTATGAAGGAAAAG,4,681905
cpxRp2,3.0,26,6,GCGGTAAGTCGTATGGTACC,20,646337
cpxRp2,0.2857142857142857,7,6,GCGGTAACATAATATACGTA,1,675549
cpxRp2,0.8571428571428571,11,6,GCGGGGAGTAGGTCGATTTA,5,663059
cpxRp2,0.2857142857142857,7,6,GCGGAATTAGAACCCAAGTC,1,700154
cpxRp2,0.8571428571428571,11,6,GCGCTCGATCGCGTTTCCGA,5,651456
cpxRp2,0.42857142857142855,8,6,GCGCGACGCTCTAATGAGGT,2,695563
cpxRp2,0.2857142857142857,7,6,GCGCCTGTAAAGACGATGGC,1,674208
cpxRp2,1.1428571428571428,13,6,GCGCCCAGCTCGAGCGCCAC,7,661526
cpxRp2,0.42857142857142855,8,6,GCGATCGTCTTCGCGTCACA,2,648738
cpxRp2,0.8571428571428571,11,6,GCGAACCGTGCTTCGGCCAC,5,631804
cpxRp2,0.42857142857142855,8,6,GCCTTGCGCCGAGTGCCGTC,2,646412
cpxRp2,0.42857142857142855,8,6,GCCTGGAAGCCAGCGTGGGC,2,635900
cpxRp2,0.5714285714285714,9,6,GCCTCTTCCTACAGACGTGA,3,667120
cpxRp2,1.2857142857142858,14,6,GCCTCGCCAATACTTCCATC,8,632712
cpxRp2,2.5714285714285716,23,6,GCCTAACGGGAGTTAACGAG,17,687462
cpxRp2,1.5714285714285714,16,6,GCCGTACGTACAGGGTTTTT,10,674176
cpxRp2,0.5714285714285714,9,6,GCCGGTAGGCGTGGTGCTAG,3,700675
cpxRp2,0.8571428571428571,11,6,GCCGGATGGACTATGTGTCT,5,633502
cpxRp2,2.0,19,6,GCCGGATGCTTTGCGCCCCC,13,705564
cpxRp2,1.8571428571428572,18,6,GCCGAGCAACTCAACAGTCA,12,711402
cpxRp2,0.2857142857142857,7,6,GCCCGCAAACAAACCTATTT,1,696053
cpxRp2,0.42857142857142855,8,6,GCCCGAGTTGCCTAGGCGGT,2,656616
cpxRp2,0.8571428571428571,11,6,GCCCGAACTACTTCCACCTT,5,671088
cpxRp2,1.1428571428571428,13,6,GCCCAATACTACGCTCGGAG,7,632201
cpxRp2,0.2857142857142857,7,6,GCCCAAGGTGACAATCTATA,1,684824
cpxRp2,1.2857142857142858,14,6,GCCATGGCTATACGTAACAG,8,664351
cpxRp2,0.5714285714285714,9,6,GCCAGCCTAAACTCTGAGGC,3,669207
cpxRp2,1.4285714285714286,15,6,GCCAGATCCTCGAGACCCCT,9,651106
cpxRp2,0.42857142857142855,8,6,GCCAACTTACTTTGTGACCA,2,659219
cpxRp2,0.5714285714285714,9,6,GCCAAAGTGTCGGTAGCTCT,3,697799
cpxRp2,0.2857142857142857,7,6,GCATTGCCGGGTGGCGGGCG,1,652975
cpxRp2,1.4285714285714286,15,6,GCATGTGCGACCCTTCGCCG,9,675009
cpxRp2,0.42857142857142855,8,6,GCATGAGCGGTATGTGAGCC,2,709083
cpxRp2,2.7142857142857144,24,6,GCATCATCGCATTGGAGTAC,18,652984
cpxRp2,0.2857142857142857,7,6,GCATAAGTTTACACTAAGGA,1,674461
cpxRp2,1.4285714285714286,15,6,GCAGCGTATTTACGATACTC,9,645274
cpxRp2,0.2857142857142857,7,6,GCAGCGTAGGCTGGGCAGAT,1,685354
cpxRp2,1.1428571428571428,13,6,GCACGTCAGAAATATAACCC,7,643970
cpxRp2,0.5714285714285714,9,6,GCACCACCTGTTGTCGGGTC,3,663719
cpxRp2,1.0,12,6,GCAATGGTACAAAGTGCAGA,6,658561
cpxRp2,1.5714285714285714,16,6,GCAATGCGTCTGTCGCACCA,10,669441
cpxRp2,1.7142857142857142,17,6,GCAATAGTTCGTTAAGACGT,11,696638
cpxRp2,1.2857142857142858,14,6,GATTTTCGGAGCTCAATCTC,8,691988
cpxRp2,0.5714285714285714,9,6,GATTTACGAACCAGCTATAT,3,694010
cpxRp2,1.2857142857142858,14,6,GATTGATCCTGAACTATTTG,8,660030
cpxRp2,0.42857142857142855,8,6,GATTGAGATTGAAGGGATCG,2,660057
cpxRp2,1.4285714285714286,15,6,GATTCACGGCACAGCTTAAG,9,646387
cpxRp2,0.7142857142857143,10,6,GATGGCGAAGTTCTGGACAA,4,641550
cpxRp2,0.42857142857142855,8,6,GATGCCATTGGCCACTACTT,2,650626
cpxRp2,1.2857142857142858,14,6,GATGATGCTCACACGGGCTT,8,694357
cpxRp2,1.0,12,6,GATGAGTGATGGTCCATGGA,6,686266
cpxRp2,1.5714285714285714,16,6,GATCTCAAATTCACTTATTA,10,696642
cpxRp2,1.7142857142857142,17,6,GATCTAGGATCCATGCGGAG,11,633778
cpxRp2,0.8571428571428571,11,6,GATCCCTGTTATCGAAAATA,5,699100
cpxRp2,0.8571428571428571,11,6,GATCCATTTGTGTTGGTATT,5,689834
cpxRp2,2.142857142857143,20,6,GATCAATTTCATTTGTTTCA,14,666474
cpxRp2,1.0,12,6,GATAGAAGCTGAGTCCTCTC,6,657250
cpxRp2,2.857142857142857,25,6,GATACTTATGGGTGGTGAGC,19,644763
cpxRp2,6.142857142857143,48,6,GAGTTCTTAGATGGATCGAG,42,641720
cpxRp2,1.2857142857142858,14,6,GAGTTCTCGTCTTTGGGAGG,8,673256
cpxRp2,2.0,19,6,GAGTCTCATGAAAGCAACAT,13,640756
cpxRp2,0.5714285714285714,9,6,GAGTATTTCAGCAAAGCAAA,3,637581
cpxRp2,0.7142857142857143,10,6,GAGTATGAACACGTGTGTAA,4,653847
cpxRp2,0.42857142857142855,8,6,GAGGTGATTCGGGAGGAGTT,2,650285
cpxRp2,2.857142857142857,25,6,GAGGGCATGGCTATTAGATA,19,694011
cpxRp2,0.5714285714285714,9,6,GAGGCAGTTAAGACATCTGG,3,652569
cpxRp2,0.2857142857142857,7,6,GAGCTGGTGAAGTTATACCT,1,639780
cpxRp2,0.42857142857142855,8,6,GAGCTGAACTTCTAATGGTG,2,658986
cpxRp2,2.857142857142857,25,6,GAGCTCAACGTGTGCGCTCT,19,666782
cpxRp2,0.8571428571428571,11,6,GAGCTAAGCACACACCAGAT,5,682553
cpxRp2,0.8571428571428571,11,6,GAGCGTGCGTGTACAGGGTG,5,673932
cpxRp2,0.8571428571428571,11,6,GAGATTTCGCGGCACTTCTT,5,666357
cpxRp2,0.2857142857142857,7,6,GAGATTATTTCGGGCAAATA,1,666766
cpxRp2,0.2857142857142857,7,6,GAGATGCTTGCTGATCGCTG,1,658232
cpxRp2,0.5714285714285714,9,6,GAGATCAAAGGGCGTAAAGC,3,650898
cpxRp2,1.4285714285714286,15,6,GAGACACCTCATATGTGTGC,9,694721
cpxRp2,1.4285714285714286,15,6,GAGAATACCGCCACATCTAA,9,687255
cpxRp2,0.5714285714285714,9,6,GACTTGTAAATAAAGCTGAG,3,702498
cpxRp2,0.2857142857142857,7,6,GACTTCAGTGCGTTCTTCCC,1,665083
cpxRp2,0.5714285714285714,9,6,GACGTGCCAGCGTGAATGAT,3,677150
cpxRp2,0.2857142857142857,7,6,GACGTCGAACTCCTGGCACG,1,668530
cpxRp2,1.5714285714285714,16,6,GACGTACGTCGAGACAGTTG,10,637009
cpxRp2,0.7142857142857143,10,6,GACGAACTTCCTGCTACGTG,4,681470
cpxRp2,1.4285714285714286,15,6,GACCGTAGTTTTGAACCCGA,9,708139
cpxRp2,0.7142857142857143,10,6,GACCGGCGTCCAGGGCCCGA,4,675440
cpxRp2,0.42857142857142855,8,6,GACCGATTCGTGATCCCCAC,2,701664
cpxRp2,0.2857142857142857,7,6,GACCGACAGTAGGGGCCCGT,1,647265
cpxRp2,0.2857142857142857,7,6,GACCCGGGCTGGGGCGTACT,1,656350
cpxRp2,0.2857142857142857,7,6,GACCCCCACCTTGCCCTAAC,1,648620
cpxRp2,0.42857142857142855,8,6,GACATCGACTGATATTCGCT,2,706554
cpxRp2,0.8571428571428571,11,6,GACAGTCCTAGACTATCGGC,5,691989
cpxRp2,0.2857142857142857,7,6,GACAACGCCCTGTCTTTCGA,1,649056
cpxRp2,0.7142857142857143,10,6,GACAAACCCGTGAAAACCTA,4,702916
cpxRp2,1.0,12,6,GAATTGCTCAAGTGACTGTT,6,692843
cpxRp2,4.0,33,6,GAATGGGGGACGAACCTCAT,27,678040
cpxRp2,0.2857142857142857,7,6,GAAGTCCGTGACCAGAGAAC,1,704892
cpxRp2,2.0,19,6,GAAGTCAGTGAGCATTGGTT,13,660357
cpxRp2,0.42857142857142855,8,6,GAAGTAATTCTACTCGTTAG,2,662699
cpxRp2,0.42857142857142855,8,6,GAAGGGTTTGTCGCTCTAAT,2,645025
cpxRp2,0.2857142857142857,7,6,GAAGGCTTTTTACGTCTGAG,1,657660
cpxRp2,0.42857142857142855,8,6,GAAGGAGTTTGTACTATCGG,2,652566
cpxRp2,1.7142857142857142,17,6,GAAGCAACTTCTCGAACTAT,11,652667
cpxRp2,3.2857142857142856,28,6,GAAGATTACTTAGCTTAGTT,22,700465
cpxRp2,0.7142857142857143,10,6,GAACTTGAGCAGGTAGAGAA,4,634382
cpxRp2,0.42857142857142855,8,6,GAACTTCGTGTTTCTCCTGC,2,663379
cpxRp2,1.4285714285714286,15,6,GAACGTTTTAGAGGCGTCCG,9,703612
cpxRp2,0.7142857142857143,10,6,GAACGACATTAAAGCAACGT,4,682210
cpxRp2,1.8571428571428572,18,6,GAACCCATATGTCCACCACG,12,647483
cpxRp2,1.0,12,6,GAACAGTTATTCAAGCCGTT,6,665587
cpxRp2,1.2857142857142858,14,6,GAAATACATCGGATTTAGGA,8,631008
cpxRp2,0.8571428571428571,11,6,GAAAGTGCCAAGTTGAGGGA,5,686490
cpxRp2,0.2857142857142857,7,6,GAAAGTAGATGCCGTTAAAC,1,639775
cpxRp2,1.2857142857142858,14,6,GAAAGTACAGTGTGGTGGAT,8,649089
cpxRp2,0.2857142857142857,7,6,GAAAGGAGTCCTTCATGGTA,1,701108
cpxRp2,0.5714285714285714,9,6,GAAACCCGTGAAAAGTCCGG,3,691798
cpxRp2,1.0,12,6,CTTTTGGGGTTCATTCGTTT,6,666485
cpxRp2,0.8571428571428571,11,6,CTTTGTAGCTAAACTGTCGT,5,680749
cpxRp2,0.7142857142857143,10,6,CTTTGGTCCCACCACGCCTA,4,675489
cpxRp2,0.2857142857142857,7,6,CTTTCGCATTCGACGGCTGT,1,701729
cpxRp2,1.4285714285714286,15,6,CTTTAGCCATGTTCCAAAGA,9,640636
cpxRp2,2.142857142857143,20,6,CTTTAAAAGAAACCGTAGGG,14,692626
cpxRp2,1.7142857142857142,17,6,CTTGTCCTGTTATGAAACAG,11,690895
cpxRp2,1.8571428571428572,18,6,CTTGGCAACCGTAGGTGTTG,12,642111
cpxRp2,0.8571428571428571,11,6,CTTGCCAGAATTATCTGTTA,5,695782
cpxRp2,0.8571428571428571,11,6,CTTGAGTACAGAGTGAGGAT,5,682764
cpxRp2,1.0,12,6,CTTCTTCCTGCCAGAGTTCA,6,630188
cpxRp2,1.7142857142857142,17,6,CTTCGTGACAGTTTCGGAAA,11,633201
cpxRp2,2.2857142857142856,21,6,CTTCGGGGGGAGTCGCCATA,15,635380
cpxRp2,0.5714285714285714,9,6,CTTCATTACGCGAAGTAATG,3,708527
cpxRp2,0.7142857142857143,10,6,CTTATGCTCGGTCTTCGATC,4,662786
cpxRp2,0.42857142857142855,8,6,CTTAGTTCTGGAAAGGATGA,2,641504
cpxRp2,1.1428571428571428,13,6,CTTAGCATAAACTTGACTTA,7,695077
cpxRp2,0.8571428571428571,11,6,CTTACCTGGGCCGGCATTCA,5,701288
cpxRp2,2.7142857142857144,24,6,CTGGGCGGGCTGGCGGTCGG,18,638227
cpxRp2,0.42857142857142855,8,6,CTGGGCCCTTATGCCGTTTA,2,646485
cpxRp2,1.7142857142857142,17,6,CTGCGTTGGATGAAGCGCTC,11,689352
cpxRp2,0.2857142857142857,7,6,CTGCGCATCCTATTCATGCT,1,663168
cpxRp2,1.8571428571428572,18,6,CTGCGAGTGCTATGAAAGCT,12,691259
cpxRp2,1.0,12,6,CTGCCCTACGTGACGCTCAA,6,648299
cpxRp2,0.5714285714285714,9,6,CTGACTTTTGTAAAGCCCCA,3,677824
cpxRp2,0.42857142857142855,8,6,CTGACTGGTTCGTCATTCGA,2,676770
cpxRp2,4.285714285714286,35,6,CTGAAAGTCCAAAGATGTGA,29,700568
cpxRp2,2.7142857142857144,24,6,CTCTTACGCTTATGCTAGAA,18,682792
cpxRp2,1.0,12,6,CTCTATCGCCGGGGTGGGCA,6,644127
cpxRp2,0.5714285714285714,9,6,CTCGGCCGGTTTGGTGGGAC,3,639472
cpxRp2,1.8571428571428572,18,6,CTCGGCAACCATTCCTTATA,12,679824
cpxRp2,3.0,26,6,CTCGCCGTTATGCCGGGACG,20,651920
cpxRp2,1.4285714285714286,15,6,CTCGCAGCACCGGGGTGATC,9,683115
cpxRp2,2.4285714285714284,22,6,CTCGATTATCATCGTTGCGC,16,699840
cpxRp2,0.42857142857142855,8,6,CTCCTGACGTCCAATAAATT,2,650488
cpxRp2,6.428571428571429,50,6,CTCCAGAAGCCACAAGAGAC,44,640501
cpxRp2,0.8571428571428571,11,6,CTCAGGTGGTCGCACTGTAG,5,637837
cpxRp2,0.7142857142857143,10,6,CTCAGCCGTGATCGTTTTCA,4,677839
cpxRp2,1.2857142857142858,14,6,CTCAGACTAACCTCCCCGGC,8,706503
cpxRp2,0.7142857142857143,10,6,CTCACGCGGATGTCGTGTAA,4,695328
cpxRp2,0.42857142857142855,8,6,CTCACCACACGAGCCGGAAT,2,705349
cpxRp2,0.42857142857142855,8,6,CTCAATCTCGAATGTATATG,2,640386
cpxRp2,0.42857142857142855,8,6,CTCAACTAAAAAAGCCCTAG,2,646324
cpxRp2,1.0,12,6,CTATTCCTTGAGTTGCACAC,6,646533
cpxRp2,1.0,12,6,CTATGTATCACCGAGTTTTC,6,689545
cpxRp2,0.8571428571428571,11,6,CTATGGGGACCTGAAGCCAC,5,680554
cpxRp2,0.7142857142857143,10,6,CTATGGAGGTAGAGCAGATG,4,699814
cpxRp2,0.5714285714285714,9,6,CTATGAAGCTCAGGAGGCCA,3,648998
cpxRp2,0.7142857142857143,10,6,CTATCACATCCTCTTGATTA,4,644662
cpxRp2,0.42857142857142855,8,6,CTAGTAGTGAAGGGAGTCTA,2,634699
cpxRp2,0.2857142857142857,7,6,CTAGCACAGCTGGCTCAGCA,1,657281
cpxRp2,1.4285714285714286,15,6,CTACCTGGTCACGCTGAACA,9,651668
cpxRp2,1.0,12,6,CTACCCGCTGACAGGGACCT,6,669489
cpxRp2,0.5714285714285714,9,6,CTACCCCCTTTCGAGTACAC,3,696805
cpxRp2,1.5714285714285714,16,6,CTACACTGACGGCCAAGATA,10,685458
cpxRp2,0.2857142857142857,7,6,CTAATCGGCGAGACAGAACA,1,685273
cpxRp2,0.42857142857142855,8,6,CTAAGTCAAACCAGGCACTC,2,693462
cpxRp2,0.5714285714285714,9,6,CTAAGCTGAAGAGACCTTGG,3,701763
cpxRp2,0.42857142857142855,8,6,CTAAGCGAAAGGATCGGCAA,2,680303
cpxRp2,0.2857142857142857,7,6,CTAACTTGCATTGGTCGTTG,1,687456
cpxRp2,1.7142857142857142,17,6,CTAAACCCATTAAATCCCCC,11,705624
cpxRp2,0.2857142857142857,7,6,CTAAACATTGGGCTATTGCT,1,681044
cpxRp2,2.2857142857142856,21,6,CGTTCCATGGTGTACGCACT,15,641992
cpxRp2,0.7142857142857143,10,6,CGTTATAAATTATTAAACCA,4,655092
cpxRp2,1.4285714285714286,15,6,CGTTAAAGCACACCGCGTGG,9,654728
cpxRp2,1.2857142857142858,14,6,CGTGTGTAGCTGCTTCCAGA,8,661969
cpxRp2,0.2857142857142857,7,6,CGTGTAACCCGTTCGCCAAA,1,650600
cpxRp2,6.714285714285714,52,6,CGTGGTTTCGATATGGAGAA,46,708833
cpxRp2,0.2857142857142857,7,6,CGTGGCGTAGGCACGCGCGT,1,681901
cpxRp2,1.0,12,6,CGTGCCAAAGAGCGAGAATG,6,631642
cpxRp2,1.4285714285714286,15,6,CGTGAGGCGGGAACAGTGAA,9,705832
cpxRp2,1.1428571428571428,13,6,CGTCTTTATCTATGATGGGG,7,636765
cpxRp2,1.8571428571428572,18,6,CGTCTGGCCATAATCCCAAA,12,668504
cpxRp2,1.2857142857142858,14,6,CGTCTCGCTACGACTATTAT,8,693197
cpxRp2,0.7142857142857143,10,6,CGTCGGTGGTAACGGCTGGG,4,677438
cpxRp2,0.5714285714285714,9,6,CGTAGTTCGAGGACCCATTC,3,684451
cpxRp2,0.5714285714285714,9,6,CGTAGTCTTTGCCGCTTATT,3,675462
cpxRp2,1.2857142857142858,14,6,CGTACGCAAGCCGACCAGTA,8,703560
cpxRp2,0.2857142857142857,7,6,CGTAATGTCAGATGTTAGTT,1,641200
cpxRp2,0.5714285714285714,9,6,CGGTTCTACGCATAGCCACA,3,706709
cpxRp2,0.5714285714285714,9,6,CGGTATGCCACAGTATTCGT,3,670542
cpxRp2,2.142857142857143,20,6,CGGTATACGTAGCGCGCGAT,14,685964
cpxRp2,4.142857142857143,34,6,CGGTACCGCGCAGGCGAAAT,28,655398
cpxRp2,0.7142857142857143,10,6,CGGGGGAGACACCGTACATG,4,681448
cpxRp2,2.4285714285714284,22,6,CGGGGAGCCACTTGGATCAT,16,668248
cpxRp2,1.8571428571428572,18,6,CGGGGACGCCAGGGGGTACA,12,648612
cpxRp2,1.2857142857142858,14,6,CGGGCAAACCCAATGAGCAA,8,663047
cpxRp2,0.7142857142857143,10,6,CGGGACACATCTTAGCCAAG,4,687284
cpxRp2,0.42857142857142855,8,6,CGGCTTACGCTGTAATATAT,2,682176
cpxRp2,0.2857142857142857,7,6,CGGCTGCGAGACAAAAACCA,1,702385
cpxRp2,3.142857142857143,27,6,CGGCGCGTGCCCTACAGACT,21,699402
cpxRp2,0.5714285714285714,9,6,CGGCGCGCCTATACCCGCAA,3,649428
cpxRp2,4.571428571428571,37,6,CGGCGCGACAGAGTGCCTTG,31,695076
cpxRp2,2.2857142857142856,21,6,CGGCCCTCCACGTTTCCACG,15,644124
cpxRp2,0.5714285714285714,9,6,CGGCAGGCACCGTGTTTGTC,3,642923
cpxRp2,0.8571428571428571,11,6,CGGCAGCCCCCCCGCGTTGG,5,710435
cpxRp2,4.142857142857143,34,6,CGGCAATATCTACGCAGGAA,28,684569
cpxRp2,0.2857142857142857,7,6,CGGATTTTGTCGGCCGCTTA,1,699093
cpxRp2,1.1428571428571428,13,6,CGGACCGGGAATCAGATTGG,7,632014
cpxRp2,0.5714285714285714,9,6,CGGAATTAAAACATAGAGAA,3,695995
cpxRp2,2.142857142857143,20,6,CGGAAGAATTAGAACCACGA,14,640256
cpxRp2,0.2857142857142857,7,6,CGCTGGGATCAAAAAGGTTT,1,655059
cpxRp2,0.8571428571428571,11,6,CGCTCTCCGAGAGGAGTGCG,5,658445
cpxRp2,0.2857142857142857,7,6,CGCTAACTCACTTACTGGCC,1,665351
cpxRp2,2.0,19,6,CGCGTACAACTGCAGAGTAG,13,636013
cpxRp2,3.7142857142857144,31,6,CGCGGTCTGGCGGTCTCACG,25,663646
cpxRp2,1.5714285714285714,16,6,CGCGCCCTCAGTAGGATCCT,10,632396
cpxRp2,2.2857142857142856,21,6,CGCCGCCGAATAAGACAGGA,15,692848
cpxRp2,0.5714285714285714,9,6,CGCCACATCGCCAGTCGTGT,3,687409
cpxRp2,2.2857142857142856,21,6,CGCCAATAAAGTGACAACAT,15,677717
cpxRp2,1.8571428571428572,18,6,CGCCAAACAGCCCAGGCGCT,12,712304
cpxRp2,0.8571428571428571,11,6,CGCAGCCCGAGGGGCGGTCT,5,667287
cpxRp2,0.7142857142857143,10,6,CGCAGCCATGGGGCATTAAA,4,652668
cpxRp2,0.7142857142857143,10,6,CGCACTTCAGGATGCGCTCG,4,663620
cpxRp2,0.8571428571428571,11,6,CGCACGGGCCTAAACTCGGT,5,699845
cpxRp2,1.2857142857142858,14,6,CGCACAAACCTTTCTGGTAT,8,644528
cpxRp2,0.42857142857142855,8,6,CGCAAGCACTACTGAAACGA,2,686541
cpxRp2,1.8571428571428572,18,6,CGATTGGAGCGAAACATTAT,12,630979
cpxRp2,1.5714285714285714,16,6,CGATTCCGGCTCGCGAGTAA,10,638055
cpxRp2,0.7142857142857143,10,6,CGATTAGTTGACACGTCGGC,4,631395
cpxRp2,0.42857142857142855,8,6,CGATGTTCGGAAGCCATCAG,2,685137
cpxRp2,0.5714285714285714,9,6,CGATGGATCACCGTGTCCAT,3,691489
cpxRp2,0.42857142857142855,8,6,CGATGCCCCCCCTTCGTGAA,2,666862
cpxRp2,0.2857142857142857,7,6,CGATGACTAGGAACCCTCAG,1,700948
cpxRp2,1.7142857142857142,17,6,CGATGAATAGGCTAAGGAAG,11,704611
cpxRp2,0.2857142857142857,7,6,CGATGAACAAAACGACCTTG,1,676293
cpxRp2,1.8571428571428572,18,6,CGATCGGGCTTACTTTTAGG,12,675532
cpxRp2,0.8571428571428571,11,6,CGATCCCCTCCACATGTGTA,5,642355
cpxRp2,3.5714285714285716,30,6,CGATAACTAATGGGGAGCTT,24,663563
cpxRp2,1.2857142857142858,14,6,CGAGTAGTCATCTTGGATCA,8,630023
cpxRp2,5.0,40,6,CGAGGGATCCGGTGACCGGG,34,661414
cpxRp2,0.42857142857142855,8,6,CGAGCTCTATCATGACCATC,2,677467
cpxRp2,1.1428571428571428,13,6,CGAGATGAGTGAGCGTTACC,7,664402
cpxRp2,1.8571428571428572,18,6,CGAGATCGGCAAGATTCTAC,12,706874
cpxRp2,0.2857142857142857,7,6,CGACTGAAGCGATTGTGCTA,1,711121
cpxRp2,0.2857142857142857,7,6,CGACGTCACAGAAAAGTGTC,1,694455
cpxRp2,2.2857142857142856,21,6,CGACAGGCGTTATTAAGGGT,15,665490
cpxRp2,1.8571428571428572,18,6,CGACAGATCGGGAGGAGGGT,12,697649
cpxRp2,0.7142857142857143,10,6,CGACAATACGCTGGATATAT,4,707646
cpxRp2,0.2857142857142857,7,6,CGAATAAGATTAAAATCAAT,1,697432
cpxRp2,0.7142857142857143,10,6,CGAAGCACAGTTTCCTTGTC,4,655614
cpxRp2,0.8571428571428571,11,6,CGAACGTCCCGCATGAATAG,5,699697
cpxRp2,2.142857142857143,20,6,CGAACCTAGGTGATCGATCT,14,651133
cpxRp2,3.857142857142857,32,6,CGAAACTAGACTGACATATC,26,634234
cpxRp2,4.0,33,6,CCTTTAGTTGCATGAATAAG,27,660422
cpxRp2,1.4285714285714286,15,6,CCTTATCATTATCCTAAGGT,9,644113
cpxRp2,0.2857142857142857,7,6,CCTTAGGTTACGATGTAGTT,1,689184
cpxRp2,0.42857142857142855,8,6,CCTGTTGCCATATCTTCAAT,2,691557
cpxRp2,1.0,12,6,CCTGAGACTAAGTGGTGCAA,6,691647
cpxRp2,0.8571428571428571,11,6,CCTCTAGGGTAACTGTATTA,5,686922
cpxRp2,1.1428571428571428,13,6,CCTCGCCGCCCGTCCTCTGG,7,681568
cpxRp2,1.0,12,6,CCTCCTCGACGTCACAGCCG,6,708093
cpxRp2,3.5714285714285716,30,6,CCTCCGCGCAGGGTCAAAAG,24,637838
cpxRp2,0.5714285714285714,9,6,CCTCATTGTTGTTTTACCGT,3,641980
cpxRp2,1.1428571428571428,13,6,CCTCATCGTGTCGAGGGGGT,7,682329
cpxRp2,1.7142857142857142,17,6,CCTAGGAGTACTTGATCTCT,11,660933
cpxRp2,1.0,12,6,CCTAGATCGTAAATTTCTGC,6,655337
cpxRp2,1.8571428571428572,18,6,CCTAAGGCTCCGCTCGCGAC,12,693013
cpxRp2,0.2857142857142857,7,6,CCGTTTCTTGCGGCAGAGCT,1,689359
cpxRp2,1.0,12,6,CCGTTATCAGGTCAGCGAAA,6,671373
cpxRp2,0.42857142857142855,8,6,CCGTGTTGTCGGCTCCGATC,2,675427
cpxRp2,0.5714285714285714,9,6,CCGTGCCTTGGCTTGTTCAG,3,629866
cpxRp2,0.8571428571428571,11,6,CCGTGACCTCCCCAGGCAGC,5,698184
cpxRp2,0.2857142857142857,7,6,CCGTCCGATGCTTTGGTCAG,1,681795
cpxRp2,2.0,19,6,CCGTATGTGTGAGCAATTTG,13,707936
cpxRp2,0.2857142857142857,7,6,CCGTACTCTAGGGCGGGCCC,1,654757
cpxRp2,4.857142857142857,39,6,CCGGTGTAACGGCTGTCTTC,33,688771
cpxRp2,0.5714285714285714,9,6,CCGGTCCGTGGCAAGAGGCG,3,651346
cpxRp2,0.2857142857142857,7,6,CCGGGTGCAAGAAGCACGCA,1,684666
cpxRp2,0.8571428571428571,11,6,CCGGGATTATACGTAGTTTA,5,642055
cpxRp2,0.7142857142857143,10,6,CCGGCGTGCTGGGGACCGTT,4,656048
cpxRp2,1.0,12,6,CCGCTGGCGTAATAGAGAAT,6,679243
cpxRp2,0.2857142857142857,7,6,CCGCGGGATAATGTTAAATA,1,680418
cpxRp2,0.42857142857142855,8,6,CCGCATAAAGAGACCCTTTG,2,662306
cpxRp2,1.5714285714285714,16,6,CCGAGGCCTCAGTGCTACTA,10,658964
cpxRp2,1.5714285714285714,16,6,CCGACTACACCCCGTATTAA,10,674546
cpxRp2,0.8571428571428571,11,6,CCGAAGATACCCTAGAGTTC,5,701859
cpxRp2,0.5714285714285714,9,6,CCCTTCTGTCCTGGGTACCA,3,690157
cpxRp2,1.4285714285714286,15,6,CCCTGCGGACAGTGTATCGG,9,653661
cpxRp2,6.285714285714286,49,6,CCCTGAGGAAAGCGCGATCT,43,676735
cpxRp2,0.2857142857142857,7,6,CCCTCGTTTCACCCTCCTCC,1,671057
cpxRp2,0.2857142857142857,7,6,CCCTCGTACACGAGTCGTCT,1,633101
cpxRp2,1.8571428571428572,18,6,CCCGGTGCAATTTCCGGTTA,12,702885
cpxRp2,0.8571428571428571,11,6,CCCGGCGATATCTATTTTTT,5,647106
cpxRp2,2.142857142857143,20,6,CCCGCCGCCCAATGGTTAAG,14,702655
cpxRp2,1.4285714285714286,15,6,CCCCTGTGTGTTCGTACCCC,9,635834
cpxRp2,1.1428571428571428,13,6,CCCCTAGGCAACGAACGATG,7,685868
cpxRp2,2.5714285714285716,23,6,CCCAGCTAATGGAGGTACAA,17,662907
cpxRp2,0.8571428571428571,11,6,CCCACAACTACTAGATCTGA,5,631602
cpxRp2,1.1428571428571428,13,6,CCCACAAAACCCTAAGCGGA,7,704900
cpxRp2,0.7142857142857143,10,6,CCCAAGTAGCAGGATGAACA,4,679971
cpxRp2,1.2857142857142858,14,6,CCATGCGGTTGCGTAATATT,8,680175
cpxRp2,0.42857142857142855,8,6,CCATCGTCCTCGGGGCGATG,2,638481
cpxRp2,2.5714285714285716,23,6,CCATATGGTCTCTTCAAGTT,17,694903
cpxRp2,3.857142857142857,32,6,CCAGTAAAGCTCGAAATCAC,26,677965
cpxRp2,1.0,12,6,CCAGAAGTGTATTTACTGGA,6,675253
cpxRp2,1.7142857142857142,17,6,CCACTCCAACAACGGCTAAT,11,682402
cpxRp2,0.8571428571428571,11,6,CCACGTGCTGGCGTACGAAG,5,635147
cpxRp2,1.1428571428571428,13,6,CCACGGGCTATCCGTACATA,7,636429
cpxRp2,0.5714285714285714,9,6,CCACGATATCAGGAGAACTG,3,693660
cpxRp2,0.8571428571428571,11,6,CCACGAGATTAAAGGAGTTG,5,651571
cpxRp2,0.2857142857142857,7,6,CCACACTTAGTGTAAACGTT,1,663179
cpxRp2,1.4285714285714286,15,6,CCACAATGGGTCTCCGGCAA,9,634977
cpxRp2,2.5714285714285716,23,6,CCAATGAGGGCAAATGAATG,17,685999
cpxRp2,0.5714285714285714,9,6,CCAATCTCAGAGGAGTCTTC,3,676851
cpxRp2,0.2857142857142857,7,6,CCAAGCAAATTCGATCCGTC,1,689222
cpxRp2,0.7142857142857143,10,6,CCAACGGACTAGATGCCATG,4,668311
cpxRp2,0.5714285714285714,9,6,CCAACGCACCGATAGCTAGA,3,633679
cpxRp2,1.8571428571428572,18,6,CCAACCTGTGTCAGGGATAC,12,654794
cpxRp2,0.42857142857142855,8,6,CCAACAAATGCGCCCCGCCT,2,671020
cpxRp2,0.7142857142857143,10,6,CCAAAGACAAGTGTTTAGTA,4,701704
cpxRp2,1.2857142857142858,14,6,CATTTGGCTAGGGGCTGTGG,8,652213
cpxRp2,1.8571428571428572,18,6,CATTTCGATCTACGTTCGGT,12,698230
cpxRp2,1.7142857142857142,17,6,CATTCTGTCTATCGTCTCTC,11,700308
cpxRp2,0.7142857142857143,10,6,CATTCAGCGCTCTACAGTGA,4,632568
cpxRp2,0.5714285714285714,9,6,CATTATAGCCCACGAAAGCA,3,685791
cpxRp2,1.5714285714285714,16,6,CATTAGCGGGAATTGCACAT,10,664211
cpxRp2,1.5714285714285714,16,6,CATTACGCCCTGGCGCACCA,10,644538
cpxRp2,2.4285714285714284,22,6,CATGTGGTAAATTAGAGGGT,16,650565
cpxRp2,1.5714285714285714,16,6,CATGTATAGACTATAAGATC,10,691803
cpxRp2,0.7142857142857143,10,6,CATGTACGCCATGCAAATAA,4,660964
cpxRp2,0.7142857142857143,10,6,CATGGCCAGTCGAGACTTGT,4,660904
cpxRp2,0.42857142857142855,8,6,CATGGAACCGTTGACGAGTG,2,665143
cpxRp2,0.5714285714285714,9,6,CATGATTAAGACGCAGAGTT,3,658634
cpxRp2,0.5714285714285714,9,6,CATGAGCGCCACGTATCGGC,3,635008
cpxRp2,1.0,12,6,CATCTTAAATTAAACGACGT,6,678913
cpxRp2,1.1428571428571428,13,6,CATCTGTGCGGCGAATCGGA,7,707071
cpxRp2,0.5714285714285714,9,6,CATCATGCTTCTCCTACAGA,3,631768
cpxRp2,0.8571428571428571,11,6,CATATTGGTCTACAACCTCG,5,677872
cpxRp2,1.2857142857142858,14,6,CATAACCACGTTCTCTGTTT,8,673008
cpxRp2,1.5714285714285714,16,6,CAGTTTTGTACGCGTTAAAA,10,665278
cpxRp2,1.1428571428571428,13,6,CAGTTTTAGCAGCGCGGCAA,7,659499
cpxRp2,5.857142857142857,46,6,CAGTTTATGCGAGCCTGAGA,40,682882
cpxRp2,0.2857142857142857,7,6,CAGTTATCAAGGAGTCACCA,1,661451
cpxRp2,0.42857142857142855,8,6,CAGTGCTGGGGCGGCTTAGA,2,669562
cpxRp2,0.2857142857142857,7,6,CAGTGAAACACCACATTGGG,1,673576
cpxRp2,2.142857142857143,20,6,CAGTAGATATAATTGGTTGA,14,645296
cpxRp2,0.2857142857142857,7,6,CAGGGTCTGCTCACGACCAC,1,631298
cpxRp2,0.42857142857142855,8,6,CAGGGTACAGTTTGCGCATA,2,640019
cpxRp2,5.142857142857143,41,6,CAGGGAGGCACACCTACATA,35,709981
cpxRp2,1.4285714285714286,15,6,CAGGCTTCGAGAGTGTCAAG,9,670576
cpxRp2,2.2857142857142856,21,6,CAGGAATGGGCAGTTTTTGA,15,683482
cpxRp2,3.2857142857142856,28,6,CAGCTTAAGGTTCCTAGTCC,22,658013
cpxRp2,1.5714285714285714,16,6,CAGCTCAGAGCGACGGTAGG,10,703647
cpxRp2,0.2857142857142857,7,6,CAGCGGGTACCGGTAAGCTG,1,637043
cpxRp2,2.2857142857142856,21,6,CAGCCTTGTGGCCCTGTATG,15,707800
cpxRp2,0.2857142857142857,7,6,CAGCCTGATGAGCCAGAGTT,1,707545
cpxRp2,0.7142857142857143,10,6,CAGCCATCTATGTGTGTGTC,4,637636
cpxRp2,0.42857142857142855,8,6,CAGCCATCAAGAAACGGAAA,2,646932
cpxRp2,0.8571428571428571,11,6,CAGATCCCCGTACTCTGGCG,5,652635
cpxRp2,1.2857142857142858,14,6,CACTTAGCTTAGCTGCGCGC,8,663637
cpxRp2,2.7142857142857144,24,6,CACTGTCGTAATCTAAGGGC,18,643967
cpxRp2,0.7142857142857143,10,6,CACGTGACCAAGGGGTGGGA,4,672988
cpxRp2,1.5714285714285714,16,6,CACGGGACCTTTACACCCGA,10,634833
cpxRp2,0.42857142857142855,8,6,CACGCGCTCTATCCGCGGAG,2,685185
cpxRp2,1.5714285714285714,16,6,CACGCATCCTTTTAATGCTT,10,638682
cpxRp2,1.4285714285714286,15,6,CACGCAGCCCAGCCGCTTAT,9,631272
cpxRp2,0.5714285714285714,9,6,CACGACGGATCTGCCCGAAA,3,671665
cpxRp2,0.2857142857142857,7,6,CACCCTAGAAAAGTCACCAC,1,641647
cpxRp2,0.5714285714285714,9,6,CACCCAACGGCATGTTATTG,3,695230
cpxRp2,0.5714285714285714,9,6,CACATTTTATAGCCATTTCT,3,651433
cpxRp2,0.2857142857142857,7,6,CACAGTCGGAAAATCAGGGT,1,643979
cpxRp2,0.7142857142857143,10,6,CACAGTATAAACGCGGGGAG,4,668902
cpxRp2,0.42857142857142855,8,6,CACACGTCAAGGCGAGTGCC,2,632356
cpxRp2,0.5714285714285714,9,6,CACAATTGCATGCACATGTT,3,633049
cpxRp2,11.857142857142858,88,6,CACAAGCGATGAAGACGGAG,82,659404
cpxRp2,1.5714285714285714,16,6,CAATGTCCCGGAGAGATTAA,10,645539
cpxRp2,0.2857142857142857,7,6,CAATCGGGACGATGAGCTCC,1,647287
cpxRp2,1.2857142857142858,14,6,CAATATTGTCGCCAGAAGGT,8,675141
cpxRp2,0.2857142857142857,7,6,CAATATCAGCCATGGCCGCT,1,692009
cpxRp2,2.142857142857143,20,6,CAATAGAGAACACGCTACTA,14,689653
cpxRp2,1.2857142857142858,14,6,CAAGGGATGGGATTTTCAAC,8,658124
cpxRp2,0.5714285714285714,9,6,CAAGGACAACCCCAAAAATA,3,691071
cpxRp2,0.42857142857142855,8,6,CAAGATACGGTTCCGTTGCT,2,652763
cpxRp2,1.1428571428571428,13,6,CAAGACACCGTATTATACTG,7,654317
cpxRp2,1.7142857142857142,17,6,CAACTCGGTCCCAGCGGGTG,11,671690
cpxRp2,0.2857142857142857,7,6,CAACGTAGTGGATTCAGCCT,1,682426
cpxRp2,1.4285714285714286,15,6,CAACGCGAAGCATCCTAGAA,9,680514
cpxRp2,0.8571428571428571,11,6,CAACGAGTACGCGTCATCAT,5,644444
cpxRp2,0.2857142857142857,7,6,CAACCGCCGACTCCGGGTAT,1,696511
cpxRp2,0.7142857142857143,10,6,CAACAGGGGCCCTGCTGCGT,4,709497
cpxRp2,1.0,12,6,CAACAGATCGTCGAATACAA,6,643708
cpxRp2,0.2857142857142857,7,6,CAACAGACTCAGGGCAGCCA,1,657195
cpxRp2,0.2857142857142857,7,6,CAACACCGCGTCAGTCCTTA,1,676675
cpxRp2,0.5714285714285714,9,6,CAAACGCACTGCCATTCGAG,3,658102
cpxRp2,1.4285714285714286,15,6,ATTTTTCCACCGGATGAAGG,9,691926
cpxRp2,3.0,26,6,ATTTGTTTCAAAGCTCAACT,20,654448
cpxRp2,0.5714285714285714,9,6,ATTTGGGTATCCGAGTGGTT,3,680794
cpxRp2,1.7142857142857142,17,6,ATTTGGCAGGCCATGCGGCG,11,673564
cpxRp2,1.0,12,6,ATTTGGACGGTGACAGGGTG,6,663017
cpxRp2,2.142857142857143,20,6,ATTTATCACTTCAGTTATTG,14,639610
cpxRp2,2.0,19,6,ATTGTGCCACTTCATATCGT,13,699843
cpxRp2,0.7142857142857143,10,6,ATTGGTGAGCTAGTGCAACA,4,703523
cpxRp2,0.42857142857142855,8,6,ATTGGTCGTTTGAGAAGCCC,2,668836
cpxRp2,0.42857142857142855,8,6,ATTGGAGCGCCTTAGATTGA,2,657535
cpxRp2,0.42857142857142855,8,6,ATTGCGTGTTACCTCTTCTA,2,696125
cpxRp2,2.5714285714285716,23,6,ATTGAATTCTTCCGTTGACG,17,686100
cpxRp2,2.2857142857142856,21,6,ATTGAAGTCAGTTAATAATC,15,646869
cpxRp2,1.2857142857142858,14,6,ATTCAGTTACCCACGATCTT,8,710669
cpxRp2,1.4285714285714286,15,6,ATTCACAATGTTGGACCGTA,9,650472
cpxRp2,0.8571428571428571,11,6,ATTCAAAAGTAGTCCGTAAG,5,645483
cpxRp2,0.7142857142857143,10,6,ATTATCAGCACCTACCAACA,4,649410
cpxRp2,1.1428571428571428,13,6,ATTAGTTCAAACGGTCCTAT,7,638645
cpxRp2,2.142857142857143,20,6,ATTACCCCGTCTGTGGAACA,14,689508
cpxRp2,0.42857142857142855,8,6,ATTAATATATGGCGGGAAAG,2,647217
cpxRp2,1.7142857142857142,17,6,ATTAACCGGTCCAGGGCCTA,11,648343
cpxRp2,1.1428571428571428,13,6,ATGTTTCCTCAATGTCTGTT,7,650470
cpxRp2,0.5714285714285714,9,6,ATGTTGGTTGCCCCGAGGTA,3,685342
cpxRp2,0.8571428571428571,11,6,ATGTAGACGACACTTTCGCT,5,684051
cpxRp2,0.5714285714285714,9,6,ATGGTGGGATCTTACTCGAC,3,668955
cpxRp2,0.7142857142857143,10,6,ATGGGGGTTGAAAGAAAAGC,4,665392
cpxRp2,6.285714285714286,49,6,ATGGGCGTGGGGTGGAGCTT,43,708239
cpxRp2,0.2857142857142857,7,6,ATGGGCCTAAAACCCATGTA,1,701215
cpxRp2,1.4285714285714286,15,6,ATGGGATCCCTGCAAAGATT,9,652090
cpxRp2,2.0,19,6,ATGGCGGTCAGGCGCTCCTG,13,645906
cpxRp2,1.7142857142857142,17,6,ATGCTGGTGTCGGAACCGCT,11,652465
cpxRp2,0.8571428571428571,11,6,ATGCTGGCCCTCTAACTCAC,5,630509
cpxRp2,4.571428571428571,37,6,ATGCGGGCATTTCTAATCGA,31,698030
cpxRp2,1.1428571428571428,13,6,ATGCGCCGAACCACAACAAA,7,707654
cpxRp2,0.5714285714285714,9,6,ATGCAAGGTAGGTCTCGTCG,3,707999
cpxRp2,1.7142857142857142,17,6,ATGAGAAGCCGTGCTTTAGG,11,652316
cpxRp2,0.5714285714285714,9,6,ATGACTGGGTGAAACTGATA,3,650343
cpxRp2,1.1428571428571428,13,6,ATGACATTTCGCTAGTGAAC,7,649591
cpxRp2,0.5714285714285714,9,6,ATGAACCCGACTGCGGCGAG,3,675575
cpxRp2,2.7142857142857144,24,6,ATGAAATAAATTTATGGGCA,18,660991
cpxRp2,0.2857142857142857,7,6,ATCTTTGCCGGCTCAACGAT,1,693436
cpxRp2,2.2857142857142856,21,6,ATCTGAGTTGATCGGGAAGA,15,645486
cpxRp2,0.8571428571428571,11,6,ATCTCTAGGGGTGGAGAACA,5,694866
cpxRp2,0.42857142857142855,8,6,ATCTAGTTCGGGAATCGGAG,2,709801
cpxRp2,0.5714285714285714,9,6,ATCTAATCTTGGACGCTGCA,3,671417
cpxRp2,0.5714285714285714,9,6,ATCTAAATTGTCTTGCCCCA,3,670710
cpxRp2,0.7142857142857143,10,6,ATCGTCCAAGATCTTAGAGT,4,632913
cpxRp2,2.4285714285714284,22,6,ATCGCGGGAAAAGTGTGTTT,16,630431
cpxRp2,0.8571428571428571,11,6,ATCCTTTTTAAACAAATCAT,5,665168
cpxRp2,2.2857142857142856,21,6,ATCCTGGAATGGCAAACGTG,15,669798
cpxRp2,0.2857142857142857,7,6,ATCCTGCAGTGATACCGTCG,1,655731
cpxRp2,1.5714285714285714,16,6,ATCCCCGAACCGGGGACTAT,10,705773
cpxRp2,0.42857142857142855,8,6,ATCCACGGGAGAGTGCGCAG,2,678455
cpxRp2,0.2857142857142857,7,6,ATCATCTCGGTGACGGCCCG,1,643965
cpxRp2,0.42857142857142855,8,6,ATCATAACGGGCGGTAACAG,2,680341
cpxRp2,1.1428571428571428,13,6,ATCAATTTAGATAGCTCATT,7,671726
cpxRp2,0.42857142857142855,8,6,ATATTGGTGAAATTGGGTCA,2,671006
cpxRp2,0.8571428571428571,11,6,ATATTGCGGATCCATCGGCC,5,705961
cpxRp2,10.857142857142858,81,6,ATATTGACAGGGAGGCCCCC,75,661309
cpxRp2,0.2857142857142857,7,6,ATATCTTCCTCGGACCTCCA,1,669872
cpxRp2,0.8571428571428571,11,6,ATATCTGTCAGCAAGACTCC,5,660633
cpxRp2,0.7142857142857143,10,6,ATATCTCTTGGCCAGTTGGA,4,683963
cpxRp2,2.4285714285714284,22,6,ATAGGAGCTTACCTCTAATT,16,653707
cpxRp2,0.2857142857142857,7,6,ATAGCGGACTGCAACATGGT,1,675032
cpxRp2,0.5714285714285714,9,6,ATAGCGAACTCGGGACGTGT,3,693046
cpxRp2,1.8571428571428572,18,6,ATAGCCTATCGTGGTCGTAT,12,702062
cpxRp2,0.5714285714285714,9,6,ATAGCACCACAGTACAGGCT,3,667700
cpxRp2,0.7142857142857143,10,6,ATAGATCCGTTGGAAGTATA,4,635846
cpxRp2,0.5714285714285714,9,6,ATACCGGTAGCCCTGGGATA,3,702951
cpxRp2,5.142857142857143,41,6,ATAATACGGTGACAGGCATT,35,709329
cpxRp2,0.5714285714285714,9,6,ATAAGTTAGGAGATCAGTTG,3,652244
cpxRp2,2.142857142857143,20,6,ATAAGTCCTTAATCTCATAC,14,659831
cpxRp2,1.7142857142857142,17,6,ATAAGTCCTGAATAGAAGGA,11,674322
cpxRp2,1.1428571428571428,13,6,ATAAGGCTAGCGTAATTTTC,7,657941
cpxRp2,0.5714285714285714,9,6,ATAACTATACAGTAATCTGA,3,673441
cpxRp2,0.5714285714285714,9,6,ATAACGCAAGAATTATTCGG,3,650594
cpxRp2,1.1428571428571428,13,6,ATAACGAGACCTCGCCAGCT,7,705526
cpxRp2,2.0,19,6,AGTTCCTGAGACAGAGCGAA,13,681451
cpxRp2,0.8571428571428571,11,6,AGTTACAAACTGCGGCAAGA,5,710037
cpxRp2,1.0,12,6,AGTTAAAATACCGGCTACAC,6,700510
cpxRp2,0.5714285714285714,9,6,AGTGGTGGAGTATAACCTTT,3,640582
cpxRp2,1.1428571428571428,13,6,AGTGCTGTAGAGTTTTTCTG,7,669554
cpxRp2,0.42857142857142855,8,6,AGTGACACCTCAACACGAAG,2,691438
cpxRp2,1.5714285714285714,16,6,AGTCTGGGACCGCATCATGG,10,688292
cpxRp2,2.857142857142857,25,6,AGTCCTAGAGTTTACCGACT,19,662846
cpxRp2,0.2857142857142857,7,6,AGTATCGGGTTGTTGTTGCA,1,705214
cpxRp2,0.8571428571428571,11,6,AGTATAAATGCGATATGCCT,5,654157
cpxRp2,0.2857142857142857,7,6,AGTAGACGGTCCTGCTCCAG,1,652131
cpxRp2,1.4285714285714286,15,6,AGTAGAATTGTCAAGCTATT,9,631029
cpxRp2,0.5714285714285714,9,6,AGTAATAGGAAATCGACATT,3,668052
cpxRp2,1.0,12,6,AGGTGGGCACGTGAGTCGAT,6,683022
cpxRp2,0.2857142857142857,7,6,AGGTGAACAAGCAGATCTGT,1,647082
cpxRp2,1.7142857142857142,17,6,AGGTCTGACTATTAGGCATA,11,678841
cpxRp2,0.7142857142857143,10,6,AGGTCTCCCACAACATCATA,4,666813
cpxRp2,2.2857142857142856,21,6,AGGTCGGTCCTACTTGAGTA,15,646783
cpxRp2,1.1428571428571428,13,6,AGGTCCAGTAAGGCCCCGCA,7,664437
cpxRp2,0.42857142857142855,8,6,AGGGGGTGAATGACCGTGCA,2,694997
cpxRp2,1.0,12,6,AGGGGCTTAGAGGCGCCTGA,6,646999
cpxRp2,0.7142857142857143,10,6,AGGGGCTCGCCGATTAGATA,4,674934
cpxRp2,1.4285714285714286,15,6,AGGGGAGACTGTGCCCAAAT,9,687855
cpxRp2,3.7142857142857144,31,6,AGGGATCTAATGGTCTTGCC,25,658985
cpxRp2,2.4285714285714284,22,6,AGGCTAGGAGATGCTGTGAG,16,696691
cpxRp2,0.42857142857142855,8,6,AGGCGGCCGTGGCCGAGTCT,2,684060
cpxRp2,1.2857142857142858,14,6,AGGCCTGTAAATATCGTATA,8,680748
cpxRp2,0.5714285714285714,9,6,AGGCCCAAGCCTGACCCAAA,3,669776
cpxRp2,0.42857142857142855,8,6,AGGCAGAATGGCGATTCAAT,2,658805
cpxRp2,1.1428571428571428,13,6,AGGATTACAAGCACACGGCC,7,676017
cpxRp2,0.8571428571428571,11,6,AGGATGAGTCATTCCTGTGT,5,661719
cpxRp2,0.7142857142857143,10,6,AGGATCTTATTGTTATTATA,4,633477
cpxRp2,0.5714285714285714,9,6,AGGATCCTCCGGTTATAATC,3,657097
cpxRp2,2.142857142857143,20,6,AGGAGTTACACTGGACTGCA,14,674188
cpxRp2,0.2857142857142857,7,6,AGGAGTGTTCTGATTGGAAA,1,629725
cpxRp2,0.42857142857142855,8,6,AGGACCTGTATCGACACGCT,2,636119
cpxRp2,0.42857142857142855,8,6,AGGACCTATGGAACATGTTT,2,707807
cpxRp2,0.8571428571428571,11,6,AGGAAGTTTCACAGATCCAT,5,678007
cpxRp2,2.142857142857143,20,6,AGGAAGGATCTTAGTCTGAT,14,665740
cpxRp2,1.4285714285714286,15,6,AGCTTACAATTTACCGGCTT,9,699190
cpxRp2,0.7142857142857143,10,6,AGCTGTTACTAACGCTGAGA,4,629806
cpxRp2,0.2857142857142857,7,6,AGCTGGCACACGACACCGAG,1,638418
cpxRp2,0.2857142857142857,7,6,AGCGTGGGAGGTTGGTATCA,1,691283
cpxRp2,1.4285714285714286,15,6,AGCGTGCCCGGGCCTGTCAA,9,702754
cpxRp2,0.2857142857142857,7,6,AGCGTCCCCGTGGAAGGACA,1,651944
cpxRp2,0.2857142857142857,7,6,AGCGGCTCCCATATCCCTCC,1,700865
cpxRp2,1.7142857142857142,17,6,AGCGGCCATAGGAAAGAGAC,11,673887
cpxRp2,0.5714285714285714,9,6,AGCGCTTAAATATTCTCCTG,3,637891
cpxRp2,4.714285714285714,38,6,AGCGCAGCCTGAATCCACTA,32,641021
cpxRp2,0.7142857142857143,10,6,AGCGAACGGAGCTCCCGGAA,4,632173
cpxRp2,2.5714285714285716,23,6,AGCCTGACAGAGGAGCACGG,17,656990
cpxRp2,0.5714285714285714,9,6,AGCCTAACACGGACAGCATT,3,659607
cpxRp2,0.42857142857142855,8,6,AGCCGCAATGGGTGACGCGC,2,690206
cpxRp2,1.1428571428571428,13,6,AGCCCGTTAGTGCGTGGTGT,7,711357
cpxRp2,1.1428571428571428,13,6,AGCATTGCTTTATAAAGATA,7,706625
cpxRp2,0.7142857142857143,10,6,AGCATTCGCGATCTTCCTTA,4,693036
cpxRp2,0.5714285714285714,9,6,AGCATGGGGCTCGCTTATTC,3,692518
cpxRp2,1.0,12,6,AGCATAAAATTGATAGTTGG,6,670546
cpxRp2,2.2857142857142856,21,6,AGCAACACTAGCTAGCTGTG,15,690976
cpxRp2,0.5714285714285714,9,6,AGCAAATTCACACTCGACTG,3,633000
cpxRp2,0.2857142857142857,7,6,AGATTAAGTCGATATGGTAA,1,675482
cpxRp2,0.5714285714285714,9,6,AGATTAAACTTCGCTTCAGG,3,638837
cpxRp2,1.2857142857142858,14,6,AGATACAGGCTAAGACATGT,8,679088
cpxRp2,1.4285714285714286,15,6,AGAGTGCGGTTGAACCGTTA,9,663044
cpxRp2,1.5714285714285714,16,6,AGAGCGCCCAGTCGTGGGAA,10,706662
cpxRp2,0.5714285714285714,9,6,AGAGCCCAATACACTGTTGA,3,707090
cpxRp2,1.0,12,6,AGACTTGGAGCCAGCGGAAA,6,639144
cpxRp2,2.0,19,6,AGACTGGGCTATTGCTTAGC,13,690241
cpxRp2,6.0,47,6,AGACCATCGAAGTTCCTGGA,41,650380
cpxRp2,2.0,19,6,AGACATTTAGTATAGGGCCA,13,676767
cpxRp2,1.1428571428571428,13,6,AGACATTGTGGGAAATTTAG,7,705943
cpxRp2,0.5714285714285714,9,6,AGACATAATGTGCCCGGTTT,3,659515
cpxRp2,0.2857142857142857,7,6,AGACAATTGGGGGACCGCTT,1,708923
cpxRp2,1.8571428571428572,18,6,AGAATCTAGCTCAAAGTAAG,12,700776
cpxRp2,1.2857142857142858,14,6,AGAATATTTGACCATTCATC,8,641957
cpxRp2,0.5714285714285714,9,6,AGAACGAAGGAACAAACGGT,3,651818
cpxRp2,1.4285714285714286,15,6,AGAACATTCACTCTGCACCG,9,646651
cpxRp2,0.5714285714285714,9,6,ACTTTCCCTGCCTTTACACT,3,701206
cpxRp2,0.5714285714285714,9,6,ACTTTATGGTTGAGATACTT,3,668226
cpxRp2,0.7142857142857143,10,6,ACTTGTCTTTTGGTCCGTGA,4,691775
cpxRp2,0.5714285714285714,9,6,ACTTGTATCCGCTCGTGAAA,3,699228
cpxRp2,0.8571428571428571,11,6,ACTTGGCGACTTGCACTGAG,5,681727
cpxRp2,0.7142857142857143,10,6,ACTTCGCTCATTATGTCTAC,4,678914
cpxRp2,1.0,12,6,ACTTACTGTTTGGTCGTGTT,6,681394
cpxRp2,0.7142857142857143,10,6,ACTTAAAATTAGACCAAGTG,4,662909
cpxRp2,0.7142857142857143,10,6,ACTGGTACGGAACCGGGTCT,4,631340
cpxRp2,0.42857142857142855,8,6,ACTGGGATGTACCATGAAAC,2,681302
cpxRp2,1.2857142857142858,14,6,ACTGCGGTGAAACGTAATTG,8,646681
cpxRp2,1.0,12,6,ACTGATCAGTAGGTGGTAGT,6,646396
cpxRp2,2.7142857142857144,24,6,ACTGAGTGTGGTGGCCACGT,18,701009
cpxRp2,0.5714285714285714,9,6,ACTCTCGAGTTCAAGATATG,3,703687
cpxRp2,3.0,26,6,ACTCCCATTAAGGGTCCAGA,20,693340
cpxRp2,0.7142857142857143,10,6,ACTATTGCCTCGCAATGTAG,4,681322
cpxRp2,0.2857142857142857,7,6,ACTATTCATCACACTGAATG,1,702975
cpxRp2,2.142857142857143,20,6,ACTATGACATCCATTCCACT,14,696976
cpxRp2,1.4285714285714286,15,6,ACTATACGGTATAATGGAGG,9,641152
cpxRp2,0.42857142857142855,8,6,ACTAAATCGCAAAGAATGGT,2,645280
cpxRp2,1.0,12,6,ACGTTGGAATAACGCACGAG,6,643734
cpxRp2,0.42857142857142855,8,6,ACGTGCCTAAGAGTCCGTTA,2,674101
cpxRp2,0.2857142857142857,7,6,ACGTGCCCTTCCTGCCGGGT,1,690987
cpxRp2,1.5714285714285714,16,6,ACGTCTGCGACCTGATCGAT,10,652026
cpxRp2,2.5714285714285716,23,6,ACGGTTTGTGCCTTGACGCT,17,637475
cpxRp2,0.2857142857142857,7,6,ACGGGCTTAAGCTTCTGCCT,1,682379
cpxRp2,0.8571428571428571,11,6,ACGGGCAGGATGGGTCATCC,5,659408
cpxRp2,1.1428571428571428,13,6,ACGGGAATGTCGGTCAGAAC,7,644913
cpxRp2,0.7142857142857143,10,6,ACGGCGTGGTCAGGTGCTGT,4,646515
cpxRp2,0.2857142857142857,7,6,ACGGCGTGGCTTTTCAGATT,1,705472
cpxRp2,3.857142857142857,32,6,ACGGCAGCTGGCTGTATGCA,26,672273
cpxRp2,0.8571428571428571,11,6,ACGCTGTATCCTTATCCGAA,5,668674
cpxRp2,0.2857142857142857,7,6,ACGCGAACAGCCCACCACGC,1,665948
cpxRp2,0.7142857142857143,10,6,ACGCACGCGCTTGGTCCAAA,4,643191
cpxRp2,0.5714285714285714,9,6,ACGCAATATCCCTTGCGGAG,3,659076
cpxRp2,1.2857142857142858,14,6,ACGATTAGCTAGACTGGCAT,8,673143
cpxRp2,0.7142857142857143,10,6,ACGAGGCTGGGGAGATTCAT,4,710946
cpxRp2,2.0,19,6,ACGAGCAGGACCCGAAAACT,13,696662
cpxRp2,0.2857142857142857,7,6,ACGAACTGCCGTCTACGAAC,1,701498
cpxRp2,0.8571428571428571,11,6,ACGAAAAGTAGCCTGGGCGG,5,699092
cpxRp2,0.5714285714285714,9,6,ACCTTGGACAAATCAGGAAC,3,653560
cpxRp2,1.2857142857142858,14,6,ACCTCTATGGATTCATCGGT,8,693113
cpxRp2,0.2857142857142857,7,6,ACCTCGCAGCTTGTTAGCGT,1,690054
cpxRp2,2.857142857142857,25,6,ACCGTTCAAAGCCTCACTGG,19,675989
cpxRp2,1.1428571428571428,13,6,ACCGTCGCACGAGAGGCCAG,7,696089
cpxRp2,0.2857142857142857,7,6,ACCGTACTGGGGAATACGAG,1,655907
cpxRp2,0.2857142857142857,7,6,ACCGGAGAGCCCCAGACCAA,1,632991
cpxRp2,0.8571428571428571,11,6,ACCCTTCTCAGGGGTACTAC,5,663436
cpxRp2,1.4285714285714286,15,6,ACCCCTACTATCAGTGCACG,9,684790
cpxRp2,0.7142857142857143,10,6,ACCATCTAGCCCGATCCTTA,4,664448
cpxRp2,1.2857142857142858,14,6,ACCAGGTCCTTAAATCACCA,8,644604
cpxRp2,0.42857142857142855,8,6,ACCACGCTGGTGTTCATGTC,2,696083
cpxRp2,3.7142857142857144,31,6,ACATGATGGGGAAATGAAAT,25,640294
cpxRp2,0.2857142857142857,7,6,ACATCGAAAAATTTACGTTA,1,640385
cpxRp2,0.42857142857142855,8,6,ACATAGATGACGTCTTCAGT,2,712287
cpxRp2,1.0,12,6,ACATACCGCCCTCACGGCGA,6,679954
cpxRp2,0.2857142857142857,7,6,ACATAAGGGATAGCTCGCAG,1,676940
cpxRp2,0.5714285714285714,9,6,ACAGCCCTTGAGTGCCTGGT,3,695875
cpxRp2,1.1428571428571428,13,6,ACAGATGTTATCCTATCGGT,7,685995
cpxRp2,1.2857142857142858,14,6,ACACTCTAGCCACTGACGTT,8,696212
cpxRp2,1.2857142857142858,14,6,ACACGGGATGGATTAATACA,8,630691
cpxRp2,0.42857142857142855,8,6,ACACGGAGAAGCCGACTTGA,2,706820
cpxRp2,0.5714285714285714,9,6,ACACGAGGTATAATGTTGCG,3,677043
cpxRp2,0.5714285714285714,9,6,ACACCTAGCCAGCCGCAGAC,3,648896
cpxRp2,0.7142857142857143,10,6,ACACAGGACGCAACTGTATA,4,651310
cpxRp2,1.0,12,6,ACACAGCTTACCCGTCTCTA,6,702659
cpxRp2,1.1428571428571428,13,6,ACAATGGCTTTGTGTTTCCC,7,703064
cpxRp2,1.4285714285714286,15,6,ACAATAATCTTAATTACCGA,9,655160
cpxRp2,2.0,19,6,ACAAAACAGTCGGGAACGCA,13,633848
cpxRp2,0.2857142857142857,7,6,AATTTAACTGGCGGTGAGCC,1,665354
cpxRp2,0.7142857142857143,10,6,AATTGTCTATGGAGTGATCG,4,630053
cpxRp2,2.4285714285714284,22,6,AATTGAAGATGCTCGATCAA,16,668837
cpxRp2,1.1428571428571428,13,6,AATTCGAGTCGGATCGACAA,7,695229
cpxRp2,0.5714285714285714,9,6,AATTATATGAGTCAGAAGAT,3,677305
cpxRp2,0.2857142857142857,7,6,AATTAAGCCTCTCGTCCTGT,1,702097
cpxRp2,3.7142857142857144,31,6,AATGTTTGATGATAGCCGAA,25,700789
cpxRp2,0.7142857142857143,10,6,AATGGGTGGTGGACCCTAAC,4,669610
cpxRp2,0.8571428571428571,11,6,AATGAGTTGAGACGCCTCCT,5,640803
cpxRp2,0.8571428571428571,11,6,AATGAGTGGAAACTTAATCA,5,649102
cpxRp2,2.142857142857143,20,6,AATCGGGTACTTACAAACAC,14,660770
cpxRp2,7.571428571428571,58,6,AATCGGGATTGCAACCGGGA,52,651600
cpxRp2,0.8571428571428571,11,6,AATCGACTGGGTGGCGTAAC,5,672276
cpxRp2,0.42857142857142855,8,6,AATCCGCGGAGAACTAACGA,2,688194
cpxRp2,1.1428571428571428,13,6,AATCCGCGAGGTAAACGAAA,7,688864
cpxRp2,1.1428571428571428,13,6,AATCATTTCAGAACAGCGAG,7,699869
cpxRp2,0.2857142857142857,7,6,AATCATCTCGATCATATATA,1,663276
cpxRp2,7.857142857142857,60,6,AATCAACCTTGGTCTGTTAG,54,700392
cpxRp2,0.2857142857142857,7,6,AATATGTCGTTTAAGAGATA,1,697774
cpxRp2,0.8571428571428571,11,6,AATATCACCTATGGTGCGAA,5,681678
cpxRp2,1.4285714285714286,15,6,AATATAATCTCGCCTGCAAA,9,660229
cpxRp2,0.42857142857142855,8,6,AAGTTCACGACGCAACTGAC,2,679925
cpxRp2,0.2857142857142857,7,6,AAGTTAAAACCGCTCACAAC,1,692483
cpxRp2,1.0,12,6,AAGTGTACTAGCCTTGAATG,6,643676
cpxRp2,0.7142857142857143,10,6,AAGTGCGCCGCACGGTGGCG,4,673631
cpxRp2,8.571428571428571,65,6,AAGTCTTATTGGGTACCCCG,59,648172
cpxRp2,0.7142857142857143,10,6,AAGTCGGATAGTGCTATCCT,4,707547
cpxRp2,0.8571428571428571,11,6,AAGTATGGACGCGGATCACT,5,670388
cpxRp2,1.0,12,6,AAGTACTCTCATGCTGGGTC,6,696080
cpxRp2,0.2857142857142857,7,6,AAGGTGAAGCGTTATCAACG,1,651131
cpxRp2,1.5714285714285714,16,6,AAGGGCGCGGGACTATATAG,10,707279
cpxRp2,0.42857142857142855,8,6,AAGGCACCCCTCCACGGATA,2,695039
cpxRp2,0.7142857142857143,10,6,AAGGACTCATCCTAAGCCCC,4,678549
cpxRp2,0.5714285714285714,9,6,AAGCTGCATGGAAGGGCGGG,3,656755
cpxRp2,5.142857142857143,41,6,AAGCTCACTTTCGGGTCACA,35,686832
cpxRp2,0.5714285714285714,9,6,AAGCAGAGGTACTTATCCGA,3,676694
cpxRp2,0.42857142857142855,8,6,AAGCAATATAACACTGTGAT,2,702342
cpxRp2,0.42857142857142855,8,6,AAGAGTTCGCGTGAAATGTT,2,688561
cpxRp2,0.5714285714285714,9,6,AAGAGAGGCGACATGCCTTA,3,633145
cpxRp2,2.4285714285714284,22,6,AAGACTTACTGTAAGTTGCA,16,681381
cpxRp2,1.1428571428571428,13,6,AAGACCTCTCCGGGAATCGT,7,657061
cpxRp2,0.42857142857142855,8,6,AAGACATCGTGGATAGGCGG,2,644569
cpxRp2,0.5714285714285714,9,6,AAGAACTGGCTAGCCAATAG,3,702535
cpxRp2,1.5714285714285714,16,6,AAGAACGTCTAGTCTGGAGT,10,634791
cpxRp2,4.142857142857143,34,6,AAGAACAAAAAGGGTGCCCC,28,706409
cpxRp2,0.8571428571428571,11,6,AACTCCGGCGAGCCCAACGT,5,632263
cpxRp2,1.0,12,6,AACTATACACCAAATGACTC,6,684765
cpxRp2,0.8571428571428571,11,6,AACTAGGACGCAATTACGAT,5,703451
cpxRp2,0.2857142857142857,7,6,AACGGGGGGGTAGTATCGCC,1,636550
cpxRp2,0.42857142857142855,8,6,AACGCGCCTCAGAACACCGT,2,657704
cpxRp2,0.42857142857142855,8,6,AACGCCATATACCATCGCTC,2,703747
cpxRp2,3.2857142857142856,28,6,AACGCCAGGTGTAACCGGGT,22,674457
cpxRp2,1.7142857142857142,17,6,AACGATAAACGGAAGCTCGG,11,671195
cpxRp2,0.42857142857142855,8,6,AACCTGTTGCAGTCAGCGAC,2,654761
cpxRp2,1.1428571428571428,13,6,AACCTACGCGCCACTGCTTA,7,708111
cpxRp2,1.2857142857142858,14,6,AACCGCCATGGGCGACTGTT,8,657931
cpxRp2,7.428571428571429,57,6,AACATGGGAAGTTCGCTCAA,51,692438
cpxRp2,1.1428571428571428,13,6,AACATCCTGGGATGGGACCT,7,687235
cpxRp2,1.7142857142857142,17,6,AACAGGGTGCACCTTTACGG,11,702926
cpxRp2,0.42857142857142855,8,6,AACAAGGTGCACCTTCTCAC,2,638059
cpxRp2,2.0,19,6,AACAAACGAGGCCCTGTTAC,13,661534
cpxRp2,0.2857142857142857,7,6,AAATTCCGGCACGTCGAACA,1,664653
cpxRp2,0.2857142857142857,7,6,AAATGTTTAAAATCCCCATA,1,678644
cpxRp2,0.5714285714285714,9,6,AAATGCGATCGAACGTTTTG,3,644510
cpxRp2,0.42857142857142855,8,6,AAATGAAAGAGACGATCAGA,2,648208
cpxRp2,0.2857142857142857,7,6,AAATAGGGATCGATTCACTA,1,644197
cpxRp2,0.5714285714285714,9,6,AAATACGCGCCGGAGATATC,3,674246
cpxRp2,0.8571428571428571,11,6,AAAGTTTCTTGCACTAAGGT,5,655615
cpxRp2,0.2857142857142857,7,6,AAAGGTGCTCGGAGCGGCTT,1,633602
cpxRp2,0.5714285714285714,9,6,AAAGGTCCAGAGAAGTCGCA,3,658801
cpxRp2,0.5714285714285714,9,6,AAAGGCATATGGGTATTCTG,3,704617
cpxRp2,0.2857142857142857,7,6,AAAGCCCGATCTTAAGGCTA,1,657864
cpxRp2,0.42857142857142855,8,6,AAAGAGTTAACGACGCCGAG,2,653665
cpxRp2,0.42857142857142855,8,6,AAAGAGTAAAGAGACCCTCT,2,666675
cpxRp2,1.7142857142857142,17,6,AAAGAGAGGTTTCCCGGAGG,11,647594
cpxRp2,0.2857142857142857,7,6,AAAGACAGTGTGAAGTCCCG,1,635464
cpxRp2,1.7142857142857142,17,6,AAAGACAGTCCATTACCCAT,11,667749
cpxRp2,1.4285714285714286,15,6,AAACTGGAGGTAGTACGTAA,9,677294
cpxRp2,0.5714285714285714,9,6,AAACTGCGATCGTCACAATG,3,660725
cpxRp2,0.5714285714285714,9,6,AAACCCTAGTTGACAGGGGA,3,697810
cpxRp2,1.1428571428571428,13,6,AAAAGTATCGAGCAGCTCGT,7,669675
cpxRp2,1.0,10,5,TTTTTCCTCCCGGTGATTCT,5,684724
cpxRp2,0.3333333333333333,6,5,TTTTTACATTTGCGTTGCAT,1,661659
cpxRp2,0.8333333333333334,9,5,TTTTGCGTTAGCCTGTTAGA,4,657722
cpxRp2,0.5,7,5,TTTGGTGCCTACCGAGTGCA,2,705445
cpxRp2,2.0,16,5,TTTGGTAGAGGCTAGGTATG,11,673673
cpxRp2,3.8333333333333335,27,5,TTTGGCAGAGCTGTCGGTAG,22,677984
cpxRp2,0.6666666666666666,8,5,TTTGAGGCGGTTCCCGAAAA,3,702096
cpxRp2,3.0,22,5,TTTGAGACCAAGTTCCAGCA,17,665596
cpxRp2,0.5,7,5,TTTCTAAATATCCTCGAAGA,2,632241
cpxRp2,0.8333333333333334,9,5,TTTCGGTTCACGGCGCAAAA,4,664839
cpxRp2,1.0,10,5,TTTCGCAGCGAGAGGTACGT,5,685283
cpxRp2,1.5,13,5,TTTCCTACGTTGACTGGATA,8,698452
cpxRp2,2.5,19,5,TTTATTGGAAGGTTTTAAGT,14,711848
cpxRp2,3.0,22,5,TTTATGGTGGTTTCTCGGAG,17,679957
cpxRp2,0.6666666666666666,8,5,TTTAGTAGGTTGAGAGCGCA,3,648615
cpxRp2,5.333333333333333,36,5,TTTACGGCTCTGGCTGGTTT,31,697620
cpxRp2,1.1666666666666667,11,5,TTGTTGCGGCCAACTAATGC,6,640804
cpxRp2,1.0,10,5,TTGTGTTCAGCAATGCATTT,5,711048
cpxRp2,0.5,7,5,TTGTGAGTTAGCAGAAAGTA,2,630918
cpxRp2,1.3333333333333333,12,5,TTGTGAGACCGATGGTTGCA,7,660092
cpxRp2,3.5,25,5,TTGTCGGAACACGCCCACGT,20,678881
cpxRp2,0.3333333333333333,6,5,TTGTAAAGTTGGGATGTAGA,1,639021
cpxRp2,1.5,13,5,TTGGTTAATAAACTTATGTT,8,676033
cpxRp2,0.3333333333333333,6,5,TTGGTTAAGCCTCGTAGTCC,1,643371
cpxRp2,1.6666666666666667,14,5,TTGGCGTGTTTGGAGCTACA,9,668167
cpxRp2,3.1666666666666665,23,5,TTGGATCCATGGATTTGTGG,18,646897
cpxRp2,0.5,7,5,TTGGAGGGCTTGGGCACGCC,2,672429
cpxRp2,1.0,10,5,TTGCGTGCAATGGTAATTTA,5,656828
cpxRp2,0.5,7,5,TTGATTAATCGCCGTTAGCG,2,688181
cpxRp2,0.8333333333333334,9,5,TTGATGAGATGTCGCACCGG,4,681559
cpxRp2,2.5,19,5,TTGACTTGTATCTGGAAACT,14,648056
cpxRp2,1.8333333333333333,15,5,TTCTTATTGATTCGCCATCA,10,633567
cpxRp2,0.5,7,5,TTCTACTGGGTTGAGGCATG,2,672877
cpxRp2,1.5,13,5,TTCTACGGACCGACCCTGGT,8,700153
cpxRp2,0.8333333333333334,9,5,TTCGGGCTCGGTAAGACCGG,4,685969
cpxRp2,0.3333333333333333,6,5,TTCGGGCCGTGAGGCTATTA,1,700260
cpxRp2,0.6666666666666666,8,5,TTCGGCCGGGGCGAAGCCCG,3,657590
cpxRp2,1.1666666666666667,11,5,TTCGATTGTGTAACAGGGTG,6,665769
cpxRp2,2.1666666666666665,17,5,TTCGAATAATGCTGTGCTGA,12,687895
cpxRp2,0.3333333333333333,6,5,TTCCTTTTGGATATGTATCG,1,678042
cpxRp2,0.3333333333333333,6,5,TTCCGGTGACGATGCACGTT,1,704668
cpxRp2,2.3333333333333335,18,5,TTCCGATATAAGTGAAGGGA,13,691806
cpxRp2,2.8333333333333335,21,5,TTCCCGGCTGACATTGATAT,16,699725
cpxRp2,1.1666666666666667,11,5,TTCCATCAGTCAAGCGATCA,6,648857
cpxRp2,3.6666666666666665,26,5,TTCCAACCCGTCGGCGCTCT,21,709309
cpxRp2,3.5,25,5,TTCATTGGGGGTGTGTTGTG,20,673761
cpxRp2,0.3333333333333333,6,5,TTCAGTGAGTTTTAAGTTGC,1,642938
cpxRp2,0.8333333333333334,9,5,TTCACTTACGAAGCGGTAAT,4,674361
cpxRp2,0.6666666666666666,8,5,TTCACCTAAGCCTCCTGGAA,3,639046
cpxRp2,1.6666666666666667,14,5,TTCACAACAGTTGGCGATTT,9,631814
cpxRp2,1.0,10,5,TTCAATTCGTCATTGACGCC,5,692632
cpxRp2,2.5,19,5,TTATAATTCCATGCCGGGGT,14,694531
cpxRp2,2.0,16,5,TTAGTTATGCCCCCAGATTA,11,691578
cpxRp2,0.6666666666666666,8,5,TTAGGAGTACCTTTTTGCCA,3,669364
cpxRp2,1.0,10,5,TTAGGACGCGGAGGGATTGA,5,659210
cpxRp2,1.1666666666666667,11,5,TTAGCAGATGTCTGCGAAAG,6,694287
cpxRp2,0.6666666666666666,8,5,TTAGAGCCAAGTGGGAAAAA,3,692855
cpxRp2,0.8333333333333334,9,5,TTACCACCGCCCTAGAGACT,4,683033
cpxRp2,0.8333333333333334,9,5,TTACAGGAATGTAGATTATC,4,673736
cpxRp2,0.3333333333333333,6,5,TTACAAGAAGTCTGCGGCTT,1,638831
cpxRp2,0.3333333333333333,6,5,TTAATCGTGTATCGTAGGCT,1,688318
cpxRp2,0.3333333333333333,6,5,TTAATCGGGCATTAGATTTC,1,668203
cpxRp2,0.3333333333333333,6,5,TTAAGCGTTCGGAGATTCAT,1,650099
cpxRp2,0.5,7,5,TTAACAAAGTGAGGAATCGT,2,699382
cpxRp2,0.3333333333333333,6,5,TGTTTGGGTACATAAGGGCT,1,668730
cpxRp2,0.3333333333333333,6,5,TGTTTCGGTGTAGGGGTATT,1,674171
cpxRp2,0.3333333333333333,6,5,TGTTTCCTCGCCAAGGCACG,1,661976
cpxRp2,0.8333333333333334,9,5,TGTTGTGAGCAGCACAGCGA,4,637195
cpxRp2,0.8333333333333334,9,5,TGTTGGGTTGCAAGGGCCAG,4,658831
cpxRp2,0.5,7,5,TGTTGGGTAATTCGCAGTCT,2,706812
cpxRp2,3.3333333333333335,24,5,TGTTCTAATCCAGAGAGAAA,19,676195
cpxRp2,1.1666666666666667,11,5,TGTTCCGGAGGCATGGAACC,6,686272
cpxRp2,1.3333333333333333,12,5,TGTTCAATAGTGGCACGAGA,7,676998
cpxRp2,0.5,7,5,TGTGTGGTAGTATCTCGATG,2,699741
cpxRp2,1.3333333333333333,12,5,TGTGGTGATCGATCCCGTTA,7,689701
cpxRp2,1.1666666666666667,11,5,TGTGGAGAGCGTCGTAATTC,6,705730
cpxRp2,1.6666666666666667,14,5,TGTGCGATGGCCATAATGCT,9,660029
cpxRp2,2.0,16,5,TGTGATTTCGCGGTCCCCGG,11,659053
cpxRp2,0.3333333333333333,6,5,TGTGACGAGCCGTTGACCAC,1,677737
cpxRp2,0.3333333333333333,6,5,TGTGAACCAAACGAGGCACT,1,652072
cpxRp2,0.3333333333333333,6,5,TGTCTTGTATAGGCAACATC,1,651465
cpxRp2,2.5,19,5,TGTCTGCTAAGGCACAAACA,14,643582
cpxRp2,0.5,7,5,TGTCCGGATCTCGCCAACGC,2,634471
cpxRp2,0.6666666666666666,8,5,TGTATTAGTTTAACCCAGTT,3,676313
cpxRp2,1.0,10,5,TGTATGTATATAACTAAAAT,5,634823
cpxRp2,0.6666666666666666,8,5,TGTAGTCGGGAGATGTAGCT,3,698846
cpxRp2,0.5,7,5,TGTAGATGGCCAATCGTAAA,2,680764
cpxRp2,1.0,10,5,TGTACACATGGCAAGACAAG,5,643202
cpxRp2,0.3333333333333333,6,5,TGTAACGGATATGTCGGTCT,1,652587
cpxRp2,0.5,7,5,TGGTTTCGTGGACGTAGTTT,2,708593
cpxRp2,1.3333333333333333,12,5,TGGTTGTTTAATTGTCAGGA,7,677103
cpxRp2,0.6666666666666666,8,5,TGGTTCGTCGCTTAAAGACC,3,679996
cpxRp2,0.8333333333333334,9,5,TGGTTCGATGTACGGGGACA,4,669107
cpxRp2,0.8333333333333334,9,5,TGGTGTATTGTACGAACACC,4,694221
cpxRp2,0.5,7,5,TGGTGGCTGCGTTGGGGTCA,2,704835
cpxRp2,1.3333333333333333,12,5,TGGTGCTGCACCGTAATCGT,7,659156
cpxRp2,0.5,7,5,TGGTCTGGATTTAGGCTGGA,2,641605
cpxRp2,1.0,10,5,TGGTCCCTCGGGGGACTTGG,5,666006
cpxRp2,0.5,7,5,TGGTCCAAACTTTTGTTCGA,2,636473
cpxRp2,1.3333333333333333,12,5,TGGTATCCCCCGTTAGCGCT,7,653965
cpxRp2,10.0,64,5,TGGGGTTGCTGGCAGTCCTC,59,676527
cpxRp2,1.6666666666666667,14,5,TGGGGGTTCGTTTGATCAGC,9,652388
cpxRp2,2.8333333333333335,21,5,TGGGCAGTTCAGCTGATACC,16,649637
cpxRp2,1.1666666666666667,11,5,TGGCTGGTGCAAGGATTTTG,6,665827
cpxRp2,1.3333333333333333,12,5,TGGCTGAGTCTTTACAGAGG,7,674980
cpxRp2,0.6666666666666666,8,5,TGGCTCTTAGGTTCGTTTCC,3,689431
cpxRp2,1.5,13,5,TGGCCCAAAACCCTCGCGCT,8,674392
cpxRp2,1.0,10,5,TGGCACGATACCCCCGCGTA,5,701355
cpxRp2,1.5,13,5,TGGATTACCCAGGATTCAGG,8,650339
cpxRp2,0.6666666666666666,8,5,TGGAGGCTATATGGACCCTG,3,672167
cpxRp2,0.5,7,5,TGGAGGAAATCTCTGGCCTC,2,691339
cpxRp2,1.5,13,5,TGGACAACGTCCAATCTTAC,8,697050
cpxRp2,1.1666666666666667,11,5,TGGAAGATGTTTAGAGAGAA,6,686431
cpxRp2,1.3333333333333333,12,5,TGCTTTACTTCTGTGTGAGA,7,665975
cpxRp2,0.3333333333333333,6,5,TGCTTACGGGGTAAGTAACA,1,664921
cpxRp2,1.6666666666666667,14,5,TGCTATACCATGCGAATAGA,9,687205
cpxRp2,4.833333333333333,33,5,TGCTAGGCTGCTATGGATCA,28,645093
cpxRp2,0.6666666666666666,8,5,TGCGTATTACCCGCAGGTAC,3,657070
cpxRp2,2.1666666666666665,17,5,TGCGTAACCCTAGGTCTGCT,12,674049
cpxRp2,0.5,7,5,TGCGGACTTGCACTCGTCCC,2,695024
cpxRp2,0.3333333333333333,6,5,TGCGCTGTAGGGAAACGCAT,1,649651
cpxRp2,1.1666666666666667,11,5,TGCGACGGGCACTTTAACGA,6,684505
cpxRp2,1.5,13,5,TGCCTTTCATATCGCCACAG,8,669013
cpxRp2,1.5,13,5,TGCCTGACTTGCCCTAGAGC,8,648201
cpxRp2,0.5,7,5,TGCCGAGGCAGACGTCTCCA,2,682994
cpxRp2,8.666666666666666,56,5,TGCCCGGAAGACCTTCCTGT,51,640894
cpxRp2,1.0,10,5,TGCATTGCCGAATTCTAGAA,5,661725
cpxRp2,1.3333333333333333,12,5,TGCATGCAGACATCCAACCA,7,701957
cpxRp2,1.5,13,5,TGCAGTCAAATACGGAGCTT,8,704380
cpxRp2,1.1666666666666667,11,5,TGCAATCAGTCATCACTGTG,6,669549
cpxRp2,1.6666666666666667,14,5,TGCAAGGCAGGGCTTTTCAT,9,678221
cpxRp2,0.3333333333333333,6,5,TGCAACGTATTTAAAGCCAT,1,673318
cpxRp2,0.3333333333333333,6,5,TGATGTTTGGTTAGTGATTA,1,659706
cpxRp2,0.3333333333333333,6,5,TGATGTGTTCGCGTAATCAT,1,652202
cpxRp2,2.5,19,5,TGATGTGTGCGGACTTCAAT,14,656748
cpxRp2,0.3333333333333333,6,5,TGATGGCGTGTGAGCGCAGC,1,647119
cpxRp2,1.0,10,5,TGATGCGTGATTTCACTTTC,5,641466
cpxRp2,0.5,7,5,TGATCATCTCGCACTTCATA,2,700237
cpxRp2,1.1666666666666667,11,5,TGATACACACAGTGTGTGTT,6,663238
cpxRp2,0.5,7,5,TGATAACGTATCGAAGATCG,2,637913
cpxRp2,1.5,13,5,TGAGTAGCACAGTCCTACAT,8,686071
cpxRp2,0.8333333333333334,9,5,TGAGGCCATAGCTAGATTAA,4,653405
cpxRp2,1.6666666666666667,14,5,TGAGCGAATTATGTGCTAGA,9,692333
cpxRp2,1.3333333333333333,12,5,TGAGCCCATCCCCGCGCGAA,7,652138
cpxRp2,3.8333333333333335,27,5,TGACGAGCTATGCTTGCTCT,22,672723
cpxRp2,0.8333333333333334,9,5,TGACCGACGTACGGTTTTTC,4,676141
cpxRp2,1.8333333333333333,15,5,TGAATCCTGCGGGTCGGGTA,10,683152
cpxRp2,1.3333333333333333,12,5,TGAATACAGTTATATAGTGT,7,690101
cpxRp2,0.6666666666666666,8,5,TGAATAAGTTCAAGGTCGAG,3,631759
cpxRp2,1.8333333333333333,15,5,TGAAGGTAGATGGCTGGATC,10,668288
cpxRp2,2.5,19,5,TGAAGGCTGTCGTAGTAACT,14,678866
cpxRp2,0.3333333333333333,6,5,TGAAGCAGCTTTGCCGCTAC,1,687659
cpxRp2,0.8333333333333334,9,5,TGAAGCACCCAGAAAGACGA,4,710715
cpxRp2,2.8333333333333335,21,5,TGAACGGGGTCCGTAATTGG,16,683211
cpxRp2,0.6666666666666666,8,5,TGAACAATTTCTAAGAGGAA,3,676104
cpxRp2,0.6666666666666666,8,5,TGAACAACACCTCATTAGGG,3,669934
cpxRp2,1.1666666666666667,11,5,TGAAACGTGGTACTGGAGCG,6,679443
cpxRp2,1.8333333333333333,15,5,TGAAAATAAGTTCCTCCTAT,10,642116
cpxRp2,0.6666666666666666,8,5,TCTTGAGACAGTGTGGTGCG,3,655925
cpxRp2,1.6666666666666667,14,5,TCTTAGCGGAACATGTATTC,9,694489
cpxRp2,1.5,13,5,TCTGTTATAGGAGGAAACAA,8,665672
cpxRp2,0.5,7,5,TCTGTGTTATCATTAACAAT,2,653087
cpxRp2,3.3333333333333335,24,5,TCTGTCGGGCATCGGAAATA,19,691346
cpxRp2,4.833333333333333,33,5,TCTGGTATCCGAGTGGGCAA,28,646582
cpxRp2,1.6666666666666667,14,5,TCTGCCGTACGGCAACGATT,9,678715
cpxRp2,1.5,13,5,TCTGCATAGTCCGTCGCTTA,8,706755
cpxRp2,2.6666666666666665,20,5,TCTGAGGTGGGTCGCATGCT,15,710749
cpxRp2,0.3333333333333333,6,5,TCTGAGATACTGGTCTTCCC,1,647468
cpxRp2,0.6666666666666666,8,5,TCTCTCTCTTCCCGAACTAT,3,670461
cpxRp2,2.8333333333333335,21,5,TCTCGTGAATAGGTAACTCC,16,670781
cpxRp2,1.6666666666666667,14,5,TCTCCGTACCAAAATGTCCG,9,654698
cpxRp2,0.8333333333333334,9,5,TCTCCAGATGTTTTTTAAGG,4,658625
cpxRp2,1.5,13,5,TCTATTTATTTCTATTCGTT,8,683917
cpxRp2,2.1666666666666665,17,5,TCTATACTGATGATAGAACC,12,703703
cpxRp2,0.6666666666666666,8,5,TCTATACCTGGCATCCAGGA,3,706098
cpxRp2,0.6666666666666666,8,5,TCTAGAGTGTTGAGATCGAT,3,697189
cpxRp2,1.1666666666666667,11,5,TCTACTCGGGGATTAAATGT,6,665876
cpxRp2,0.6666666666666666,8,5,TCTACGTATCGAGACCTACC,3,672875
cpxRp2,2.6666666666666665,20,5,TCTAATCAGCACCATATAGC,15,668035
cpxRp2,0.3333333333333333,6,5,TCTAAGCGTCTTGCCCGTAC,1,651966
cpxRp2,1.8333333333333333,15,5,TCTAACGCCCTCTAAGGCGG,10,697513
cpxRp2,0.6666666666666666,8,5,TCGTTCCTATATCGGAGGCG,3,680964
cpxRp2,0.5,7,5,TCGTGCGGTTATGCCTGGTA,2,631613
cpxRp2,5.5,37,5,TCGTGAGTGGCCCCGGGGTG,32,646066
cpxRp2,1.8333333333333333,15,5,TCGTCGTGGTCGGTCTCGGG,10,695523
cpxRp2,0.6666666666666666,8,5,TCGTAAGGGTCGTCCAATAG,3,649826
cpxRp2,0.8333333333333334,9,5,TCGGTGAATGGGACAACAAT,4,639509
cpxRp2,0.3333333333333333,6,5,TCGGGTGCCACGCCGTCGTT,1,697984
cpxRp2,0.8333333333333334,9,5,TCGGGTAAGCTCTGCAGTTA,4,651532
cpxRp2,0.5,7,5,TCGGGCTTCTCTTGGCTATA,2,683574
cpxRp2,2.0,16,5,TCGGCGACAAGAACCCCTAT,11,645167
cpxRp2,1.5,13,5,TCGGCCGTACGCCCGCTGTG,8,706367
cpxRp2,5.0,34,5,TCGCGCCCCGTGCCCAAACA,29,644267
cpxRp2,0.6666666666666666,8,5,TCGCCAGAAAAACGACCCAC,3,689747
cpxRp2,2.0,16,5,TCGCAGAACGCGTACATCGA,11,650627
cpxRp2,1.0,10,5,TCGAGTGGGTGCATGTATGT,5,701090
cpxRp2,1.3333333333333333,12,5,TCGACGTAGCTGCAGGGCTT,7,689211
cpxRp2,1.1666666666666667,11,5,TCCTCCGTTGTTACTCATCC,6,682129
cpxRp2,0.3333333333333333,6,5,TCCGTAACAACGTTTCCTAC,1,639618
cpxRp2,0.3333333333333333,6,5,TCCGGTCAATGGAGGATGGT,1,642045
cpxRp2,1.1666666666666667,11,5,TCCGCGTTACTCCGTAGTTC,6,709735
cpxRp2,0.5,7,5,TCCGATTGCTTCCAGCAGCA,2,639591
cpxRp2,0.5,7,5,TCCCGTCATGCAAGCAATCG,2,688953
cpxRp2,0.5,7,5,TCCCGATTCTGGTCCTCTCA,2,630092
cpxRp2,0.5,7,5,TCCCCCCACGGACTTAAGTC,2,674583
cpxRp2,1.6666666666666667,14,5,TCCCAGGGTACGCATTCGGT,9,678280
cpxRp2,1.1666666666666667,11,5,TCCCACACCGATCGTGCAAT,6,659230
cpxRp2,1.3333333333333333,12,5,TCCCAAGTGCGGAAAACGTA,7,662853
cpxRp2,1.3333333333333333,12,5,TCCATGACCATTCGGCCAGC,7,708512
cpxRp2,3.1666666666666665,23,5,TCCATCATTGGTGCCCAAGG,18,648559
cpxRp2,0.8333333333333334,9,5,TCCAGTTTCGGCTGAGGTAG,4,654456
cpxRp2,1.5,13,5,TCCACAAAGTTCATCTCTAA,8,703202
cpxRp2,1.5,13,5,TCCAATTCTTGGCCTCAAGT,8,694200
cpxRp2,0.5,7,5,TCCAATCATTATGCTGGTGG,2,684785
cpxRp2,1.6666666666666667,14,5,TCCAAACCAGAGAGATAGCA,9,693217
cpxRp2,0.8333333333333334,9,5,TCATTGCGTTTAGCTGTCAT,4,691180
cpxRp2,5.0,34,5,TCATGGAGCGGCTCTGATGA,29,675469
cpxRp2,0.6666666666666666,8,5,TCATCCCAGCCGCAACGAAA,3,693894
cpxRp2,0.3333333333333333,6,5,TCATAGGTTCGTTGTACCCC,1,690084
cpxRp2,1.0,10,5,TCATACATAACTTGTGCCTA,5,648917
cpxRp2,0.3333333333333333,6,5,TCAGTAGCCGTAGGGGGTTT,1,696928
cpxRp2,2.3333333333333335,18,5,TCAGGAGAGTCGTATACTAA,13,709043
cpxRp2,1.3333333333333333,12,5,TCAGATAAATAAAGTTTCTT,7,651896
cpxRp2,0.5,7,5,TCACCTCTTCTAGAGGGCGT,2,637566
cpxRp2,1.8333333333333333,15,5,TCACCGTCGCCAGACTAGGT,10,639117
cpxRp2,4.333333333333333,30,5,TCACATAGAATCCAAGCCCC,25,699776
cpxRp2,0.5,7,5,TCACAGTACCGCGGATGCGC,2,672021
cpxRp2,1.5,13,5,TCACAGAACATGCTAAGATA,8,662967
cpxRp2,1.5,13,5,TCAATTTCCACTAGGGATCA,8,644455
cpxRp2,1.5,13,5,TCAAGTATAGGGTAAGTGAT,8,644499
cpxRp2,3.8333333333333335,27,5,TCAACGGACAAGGAGCACGC,22,684517
cpxRp2,2.3333333333333335,18,5,TCAAAACACCTTCAATCGTG,13,684770
cpxRp2,0.8333333333333334,9,5,TATTTAGGCTCCTGGCGTCA,4,639320
cpxRp2,0.5,7,5,TATTTACAGGGTCCTTCTAA,2,660330
cpxRp2,0.6666666666666666,8,5,TATTGACACCATGATGCATC,3,685655
cpxRp2,2.1666666666666665,17,5,TATGTCGTGTCGTAATCCGC,12,682314
cpxRp2,0.6666666666666666,8,5,TATGTAATGATCAGCTAGGC,3,661265
cpxRp2,2.3333333333333335,18,5,TATGCAGACTGTAGCCTCAG,13,659969
cpxRp2,0.5,7,5,TATGATCAGGGACATTATCA,2,699193
cpxRp2,1.3333333333333333,12,5,TATCGGGCATGAACGGTGTT,7,701413
cpxRp2,0.8333333333333334,9,5,TATCCCAGTAAGTGTATTCG,4,683944
cpxRp2,1.0,10,5,TATCCATGCAGCGTAATCGT,5,681041
cpxRp2,0.6666666666666666,8,5,TATCATTCTCAGGCTGCCTA,3,641405
cpxRp2,1.3333333333333333,12,5,TATCATACATACGACTTGAA,7,664542
cpxRp2,1.0,10,5,TATATGTCGAGACCAGTAAT,5,658834
cpxRp2,0.5,7,5,TATAGTGCCTCCGCGAGATC,2,686900
cpxRp2,3.3333333333333335,24,5,TATAGAGTAAGTTCTCGATT,19,678279
cpxRp2,0.3333333333333333,6,5,TAGTAAGTCAATTACGAGGC,1,647241
cpxRp2,0.3333333333333333,6,5,TAGGTGCCTTAGATATTATC,1,688598
cpxRp2,0.6666666666666666,8,5,TAGGTGAGTGGCATTCTCCA,3,665916
cpxRp2,0.3333333333333333,6,5,TAGGGTAATCTCGGTAAATC,1,647211
cpxRp2,1.1666666666666667,11,5,TAGCTCGTTAGAGACTGGCA,6,647392
cpxRp2,0.6666666666666666,8,5,TAGCGGCAGGTGAAAGGGTA,3,677886
cpxRp2,1.1666666666666667,11,5,TAGCGACGCGGCGACCATCA,6,663886
cpxRp2,1.6666666666666667,14,5,TAGCAATCATCCTAGGGACA,9,705802
cpxRp2,3.6666666666666665,26,5,TAGCAACCAATCAGCCCAGT,21,667637
cpxRp2,0.6666666666666666,8,5,TAGAGTCGCTGCCGCCTTCA,3,660932
cpxRp2,0.3333333333333333,6,5,TAGAGGGGGTTCAGTGCAGG,1,642372
cpxRp2,1.0,10,5,TAGACAACACTAATCGAGAG,5,671227
cpxRp2,0.6666666666666666,8,5,TAGACAAATGGAGAGTGGTT,3,697516
cpxRp2,1.6666666666666667,14,5,TAGAAGTAGCGTCGCACACA,9,633293
cpxRp2,0.5,7,5,TACTTTACGGTGCAACTGCG,2,651466
cpxRp2,1.1666666666666667,11,5,TACTTCAGTAGCGATGCTGT,6,686987
cpxRp2,1.6666666666666667,14,5,TACTCCCAACTGGGAGACCT,9,680763
cpxRp2,0.5,7,5,TACTAAATGTTGACGCCACT,2,644093
cpxRp2,0.8333333333333334,9,5,TACGTGATTTAAGATCCGGA,4,697351
cpxRp2,0.3333333333333333,6,5,TACGTCGCTGCCACTGCAGA,1,676914
cpxRp2,1.5,13,5,TACGTCATTGTCCAGCCCAG,8,635604
cpxRp2,0.5,7,5,TACGGTTCTACTTTTATTGA,2,706643
cpxRp2,1.0,10,5,TACGGGCTTTGACAGTCGTG,5,683952
cpxRp2,1.0,10,5,TACGCGCGGGGACAAACGTA,5,656830
cpxRp2,0.5,7,5,TACGACTGGGTAGTGTACTA,2,685328
cpxRp2,0.3333333333333333,6,5,TACCATCGGCTAGGAGATAG,1,653799
cpxRp2,1.1666666666666667,11,5,TACCAACCGGGGATGAGAGT,6,668979
cpxRp2,1.1666666666666667,11,5,TACAGTTGACTATCCTAAGC,6,652291
cpxRp2,0.3333333333333333,6,5,TACAGGGGAAACGTCATCCC,1,638896
cpxRp2,0.6666666666666666,8,5,TACACACCGGCGATTTTAAA,3,642264
cpxRp2,1.8333333333333333,15,5,TAATTGTGAGTGGTTAAACA,10,673508
cpxRp2,0.5,7,5,TAATTGCAACCTAACGTAAT,2,661044
cpxRp2,2.3333333333333335,18,5,TAATGGTAATCACGAGTTCC,13,680624
cpxRp2,10.833333333333334,69,5,TAATATAAACGCGTATTCCT,64,687189
cpxRp2,0.5,7,5,TAAGTTTGAGCTCGGCAACC,2,710894
cpxRp2,0.6666666666666666,8,5,TAAGTTCGTGCGTTTAGGGC,3,630812
cpxRp2,1.5,13,5,TAACTGCAGCCAGAGCGAAT,8,646044
cpxRp2,0.6666666666666666,8,5,TAACGCAGCAAATTGGTCAA,3,646026
cpxRp2,0.3333333333333333,6,5,TAACCGGTCGCGTCATCTAA,1,668416
cpxRp2,1.1666666666666667,11,5,TAACACCTCCTTCTATCGTA,6,652093
cpxRp2,0.6666666666666666,8,5,TAAATTTCATAATCCAGGCT,3,681499
cpxRp2,1.6666666666666667,14,5,TAAATTCTCATGTAGTGGTT,9,696031
cpxRp2,1.0,10,5,TAAATAGGACAGGGGATCTT,5,685454
cpxRp2,0.6666666666666666,8,5,TAAAGTGCGCGATGCATCGG,3,655890
cpxRp2,0.5,7,5,TAAAGGTGCTCTCATTTGAG,2,636225
cpxRp2,1.0,10,5,TAAAGACTTTGTCCCTTTCT,5,659904
cpxRp2,2.8333333333333335,21,5,GTTTGTGTTTCCATGAATAG,16,637083
cpxRp2,2.6666666666666665,20,5,GTTTGCTACAAATTGGCCTC,15,679380
cpxRp2,1.5,13,5,GTTTAGGGTGCGCCCAGTAC,8,647523
cpxRp2,1.0,10,5,GTTTAGGACTAGCCCTGGTA,5,684788
cpxRp2,0.8333333333333334,9,5,GTTTACGGGAGATCACCTGA,4,632645
cpxRp2,0.6666666666666666,8,5,GTTTACGACACGCAAATCGG,3,692118
cpxRp2,1.0,10,5,GTTTACCTCAGCCGAGACAG,5,697437
cpxRp2,1.1666666666666667,11,5,GTTTAAGTCTGGGATTAATC,6,694625
cpxRp2,0.5,7,5,GTTGCAGCCGGCTTATGCAT,2,660098
cpxRp2,1.0,10,5,GTTGATATGGGTCTGACGCT,5,651800
cpxRp2,0.6666666666666666,8,5,GTTCCTAATATAGTGTTTGC,3,669278
cpxRp2,3.8333333333333335,27,5,GTTCCGGAGGCGGATGTGGG,22,705690
cpxRp2,1.1666666666666667,11,5,GTTCCCTGCCCGTCGGGACA,6,682442
cpxRp2,1.3333333333333333,12,5,GTTCAGTTAAGGGAAAGGCC,7,674038
cpxRp2,0.3333333333333333,6,5,GTTCACGCCCGACTAACAAA,1,668846
cpxRp2,0.5,7,5,GTTATAGCGAAGTGCTCAAA,2,692215
cpxRp2,2.1666666666666665,17,5,GTTAGTGCGTACTGGCCTCC,12,664502
cpxRp2,1.1666666666666667,11,5,GTTAGACTCCGCTTCTCAAG,6,674883
cpxRp2,0.6666666666666666,8,5,GTTAAAACAACATAACGAAG,3,688954
cpxRp2,1.6666666666666667,14,5,GTGTTTTAGCCCTCTTCACG,9,641367
cpxRp2,1.6666666666666667,14,5,GTGTGTATTGACAGTATAAC,9,708005
cpxRp2,0.3333333333333333,6,5,GTGTGTAGCTCCTCGGTTGT,1,685851
cpxRp2,1.6666666666666667,14,5,GTGTAATAAGAGTCCTGATA,9,693816
cpxRp2,0.3333333333333333,6,5,GTGGTTCTGGGCAACTTACT,1,685497
cpxRp2,0.8333333333333334,9,5,GTGGTGGACCTCGGCAGCGT,4,680377
cpxRp2,0.6666666666666666,8,5,GTGGTAACGGACGCATTAAT,3,661106
cpxRp2,0.6666666666666666,8,5,GTGGGCTTTGGAAGAACCGC,3,651672
cpxRp2,0.6666666666666666,8,5,GTGGGATGTGTTCCAAGAAA,3,642623
cpxRp2,2.3333333333333335,18,5,GTGGGACGTCTGCATACCCG,13,650500
cpxRp2,0.3333333333333333,6,5,GTGGCAGGACTGCCTTGAGA,1,695487
cpxRp2,2.5,19,5,GTGGACGTGGAGTACTACCT,14,639430
cpxRp2,16.5,103,5,GTGGACCTGCACGATCCTCC,98,659393
cpxRp2,1.8333333333333333,15,5,GTGGAAACGCTAGTAACATC,10,635406
cpxRp2,0.5,7,5,GTGCCTGTCATTGGAGAGGT,2,708400
cpxRp2,0.8333333333333334,9,5,GTGCATGGCGTGGGCCACGG,4,655115
cpxRp2,0.8333333333333334,9,5,GTGCACAATTACGGCGAGAG,4,687730
cpxRp2,0.5,7,5,GTGATACTGAATATACCCAA,2,637035
cpxRp2,0.3333333333333333,6,5,GTGAGAAGGTTTATTCACGG,1,673255
cpxRp2,2.6666666666666665,20,5,GTCTTACAGCGCCCATTCAC,15,634405
cpxRp2,0.5,7,5,GTCTGGTGCCGTTATTTACG,2,635250
cpxRp2,0.5,7,5,GTCTGGAGTATCGGCAGTCA,2,661755
cpxRp2,2.8333333333333335,21,5,GTCTATATGTCCATTAGTGT,16,638757
cpxRp2,1.5,13,5,GTCGCGTAGGATCGTAGGAT,8,707151
cpxRp2,1.8333333333333333,15,5,GTCGCACTGACTCGAGTCGT,10,655410
cpxRp2,1.0,10,5,GTCGCACGCAGATCCGCCAG,5,681908
cpxRp2,1.1666666666666667,11,5,GTCGATAATCGGGCAGGACA,6,693338
cpxRp2,0.6666666666666666,8,5,GTCCGGAAGAGAACCTGATA,3,642121
cpxRp2,1.5,13,5,GTCCGCGAGCTTCGTCCCGG,8,700892
cpxRp2,0.3333333333333333,6,5,GTCCCCGGTAAGTGGGGGGT,1,690672
cpxRp2,0.3333333333333333,6,5,GTCCATACCTTACTGTGCCA,1,638475
cpxRp2,2.8333333333333335,21,5,GTCCAGGGAGTGGCTCCCAC,16,646780
cpxRp2,1.3333333333333333,12,5,GTCATTATATATGCTACATA,7,689616
cpxRp2,1.1666666666666667,11,5,GTCAGAAACGAGAAGAGGGA,6,636828
cpxRp2,1.0,10,5,GTCACACCTGTCTCACTTGG,5,669131
cpxRp2,1.6666666666666667,14,5,GTCAACACTCGTTTATTCAC,9,639309
cpxRp2,1.3333333333333333,12,5,GTATTGGGTGGGGTAACAGT,7,647552
cpxRp2,2.1666666666666665,17,5,GTATTAGTATCGCCCAAAAA,12,632896
cpxRp2,0.6666666666666666,8,5,GTATTACCGATCTGGGGCCA,3,707471
cpxRp2,0.8333333333333334,9,5,GTATGCCTAAAAGATGTGCC,4,663677
cpxRp2,2.3333333333333335,18,5,GTATCCATCGCCAACGGGAC,13,669017
cpxRp2,1.3333333333333333,12,5,GTATAGCATCCTGTGACAAT,7,653973
cpxRp2,0.5,7,5,GTATACAAGCCCCTGGGCGC,2,656695
cpxRp2,3.3333333333333335,24,5,GTATAAAGCCTTATTCGGCA,19,696859
cpxRp2,7.0,46,5,GTAGCGGCGGGGACGGCCGA,41,708836
cpxRp2,0.6666666666666666,8,5,GTAGCAACTGAAAAAGCTAT,3,680117
cpxRp2,0.8333333333333334,9,5,GTAGACCTACGTACATATCT,4,658512
cpxRp2,0.3333333333333333,6,5,GTACGTTACGAACACGTTGC,1,693166
cpxRp2,0.3333333333333333,6,5,GTACCCGCGGACGTGTCAAA,1,660811
cpxRp2,1.0,10,5,GTACATCAGGAGACCTGCAG,5,696416
cpxRp2,1.0,10,5,GTACAAGTACTTTACAAGGA,5,671282
cpxRp2,0.3333333333333333,6,5,GTAATCTATTGTCACGGGGT,1,667072
cpxRp2,0.8333333333333334,9,5,GTAATCGTCATCGATAAATG,4,677732
cpxRp2,13.5,85,5,GTAACAGGTCCTTATCAAGA,80,647062
cpxRp2,0.3333333333333333,6,5,GTAAATATTGACGGAGAATT,1,660514
cpxRp2,1.1666666666666667,11,5,GTAAAGGCACCAAGCGTGAG,6,667041
cpxRp2,1.3333333333333333,12,5,GTAAACCAAGACTCCTTTTC,7,653580
cpxRp2,2.3333333333333335,18,5,GGTTGGCGGATTACTCGTCA,13,636179
cpxRp2,2.0,16,5,GGTTGGAAACGGGACCGATA,11,704685
cpxRp2,0.3333333333333333,6,5,GGTTCGGTACAGAGCCAAGG,1,684306
cpxRp2,0.6666666666666666,8,5,GGTTCGGCATGGGCGGCCTG,3,697460
cpxRp2,0.8333333333333334,9,5,GGTTCCCGCATAGTATGTCT,4,681793
cpxRp2,2.1666666666666665,17,5,GGTTAGCTCTCCCTTTCGGC,12,649474
cpxRp2,0.3333333333333333,6,5,GGTTACGAAAATCCAGAGGA,1,686970
cpxRp2,1.6666666666666667,14,5,GGTGTTATGCTCAGTAACCT,9,709077
cpxRp2,0.3333333333333333,6,5,GGTGTCCAGATACAACCATA,1,658268
cpxRp2,0.6666666666666666,8,5,GGTGGTGACCTGGAATAAGG,3,644785
cpxRp2,1.0,10,5,GGTGCGCTCAAGTTCGTGCA,5,662533
cpxRp2,0.6666666666666666,8,5,GGTGATCCGGCGTCCGATCA,3,699032
cpxRp2,0.6666666666666666,8,5,GGTGAACGACATTGGACAAC,3,695842
cpxRp2,0.6666666666666666,8,5,GGTCTTAGCTCTAAGTATAC,3,631271
cpxRp2,2.0,16,5,GGTCCTAGTCTGAGGACGCG,11,682193
cpxRp2,0.6666666666666666,8,5,GGTCCCGTACGGGCTAATGG,3,670337
cpxRp2,0.5,7,5,GGTATTGGTCGAAAGAGACG,2,634551
cpxRp2,0.8333333333333334,9,5,GGTATCCTGTGAGGAGGAGA,4,674364
cpxRp2,1.1666666666666667,11,5,GGTACCTATAGAAGCGCGGA,6,664707
cpxRp2,1.0,10,5,GGTACCATCGGTATCTATCT,5,704634
cpxRp2,0.3333333333333333,6,5,GGTAAGGAGGGTGCATGACC,1,644924
cpxRp2,1.1666666666666667,11,5,GGTAACGAGCGACTGGTAAA,6,647246
cpxRp2,0.8333333333333334,9,5,GGGTTGGGGTACTTGTGGGT,4,710360
cpxRp2,2.1666666666666665,17,5,GGGTGTGAAATGTAGTGCCC,12,681348
cpxRp2,1.1666666666666667,11,5,GGGTCAGGTCCATTGCTATA,6,657774
cpxRp2,1.3333333333333333,12,5,GGGTCAATGGAGAGTGAATG,7,699470
cpxRp2,1.6666666666666667,14,5,GGGTAGAAAGAGTTCATTAA,9,703394
cpxRp2,0.3333333333333333,6,5,GGGTACGGGTAGACTCGACG,1,694316
cpxRp2,1.8333333333333333,15,5,GGGGTTTGGTTCCTTGATTC,10,682883
cpxRp2,1.0,10,5,GGGGTGCTCACATTTCGGAG,5,671231
cpxRp2,0.8333333333333334,9,5,GGGGTCGAGAACTAATTGGG,4,690844
cpxRp2,5.166666666666667,35,5,GGGGGTCAGATAGACGTCTG,30,682270
cpxRp2,2.3333333333333335,18,5,GGGGGGTGATGCAGCAAAAT,13,701461
cpxRp2,0.8333333333333334,9,5,GGGGGGCCTTCGCTTGGGGG,4,643334
cpxRp2,0.6666666666666666,8,5,GGGGGGCCGCTGGGGTAGAA,3,682312
cpxRp2,2.0,16,5,GGGCGGAACCGTCCAATGAA,11,687078
cpxRp2,0.3333333333333333,6,5,GGGCGCAGTGACTGGGGCTC,1,670602
cpxRp2,1.0,10,5,GGGCCGCCCACTTTCCGCCT,5,642342
cpxRp2,1.3333333333333333,12,5,GGGCCACAGCACATATGCGA,7,657268
cpxRp2,2.5,19,5,GGGCACTGGAGAGACCTCAT,14,687707
cpxRp2,2.5,19,5,GGGCAAGTTATATCTATTGC,14,644769
cpxRp2,0.3333333333333333,6,5,GGGACATGGGGCAACAGGTT,1,700504
cpxRp2,0.3333333333333333,6,5,GGCTTCACAAACTCATTGGC,1,663390
cpxRp2,0.6666666666666666,8,5,GGCTGTGTATAGAGTGCTAC,3,698497
cpxRp2,0.8333333333333334,9,5,GGCTATGCATGTTAGGTGCA,4,652772
cpxRp2,0.6666666666666666,8,5,GGCGTGTAGCGCGGTCCTAC,3,696085
cpxRp2,2.3333333333333335,18,5,GGCGTCAATAGGACGAGCCC,13,646852
cpxRp2,1.6666666666666667,14,5,GGCCTGCCGGCTCTCTCGCA,9,675799
cpxRp2,0.6666666666666666,8,5,GGCCTAGGAATACATATAAC,3,678971
cpxRp2,0.8333333333333334,9,5,GGCCTAAGTGAGGTCTCATA,4,635241
cpxRp2,2.3333333333333335,18,5,GGCCGGCCGGAGTGTATATG,13,710588
cpxRp2,1.5,13,5,GGCCGGCCCCTATGCATTCT,8,683832
cpxRp2,1.0,10,5,GGCCGATCATCACAATGGAT,5,641994
cpxRp2,0.5,7,5,GGCCCCAGCAGAGGGCTCGT,2,708204
cpxRp2,0.5,7,5,GGCCCAACCCCGCATCCGCA,2,637107
cpxRp2,0.3333333333333333,6,5,GGCCATTTTAGGAGTGCGTA,1,654367
cpxRp2,1.0,10,5,GGCAGTTCTTGTGGTGGTCT,5,695858
cpxRp2,0.6666666666666666,8,5,GGCACTGTGACTGGTGCTAA,3,680832
cpxRp2,2.3333333333333335,18,5,GGCACGATTGGACCGAAGCC,13,646108
cpxRp2,0.6666666666666666,8,5,GGATATCCAGGCCTAGATTC,3,634423
cpxRp2,1.6666666666666667,14,5,GGAGGTGAGCTACATACGTC,9,699790
cpxRp2,1.6666666666666667,14,5,GGAGGAGTTCAGGGCCATCT,9,672163
cpxRp2,10.5,67,5,GGAGCCACCAGGTTGCGGTG,62,690413
cpxRp2,0.3333333333333333,6,5,GGAGCAGATGCGTACACATT,1,708071
cpxRp2,0.3333333333333333,6,5,GGAGAGCACATAGTACCGGG,1,633208
cpxRp2,0.6666666666666666,8,5,GGACTCTCACTCGCCGTTAT,3,705373
cpxRp2,1.0,10,5,GGACGGTACCGACGCATCCT,5,677661
cpxRp2,0.8333333333333334,9,5,GGACGGACCGTACTGTGGAT,4,681946
cpxRp2,1.8333333333333333,15,5,GGACCGGGTCCTAATAGTTA,10,656022
cpxRp2,1.3333333333333333,12,5,GGACCCGGGCCTCCACTCGG,7,645914
cpxRp2,0.8333333333333334,9,5,GGACCAGGGATGTAAGCCTT,4,650544
cpxRp2,1.1666666666666667,11,5,GGACCACTTATTCGCAAGCG,6,692713
cpxRp2,0.5,7,5,GGACAGTGACAAGTAGCCTT,2,672284
cpxRp2,0.5,7,5,GGACAGATATACGGTCTTGT,2,678190
cpxRp2,1.3333333333333333,12,5,GGACAAGTTCAGTAATTAGT,7,690070
cpxRp2,0.5,7,5,GGAACCCCGTTGAGTAATGA,2,655130
cpxRp2,0.6666666666666666,8,5,GGAACACTGCGCTCAGTGCG,3,667961
cpxRp2,0.3333333333333333,6,5,GGAAAGAGGATGCCACGGAA,1,669234
cpxRp2,0.8333333333333334,9,5,GGAAACGCCTGCGTTATAAG,4,694338
cpxRp2,3.5,25,5,GCTTTTAATACATATACATG,20,676000
cpxRp2,3.1666666666666665,23,5,GCTGGTCAACAGAGTGGGCT,18,634667
cpxRp2,0.8333333333333334,9,5,GCTGGCGGCTATGTTTGTGA,4,680977
cpxRp2,1.3333333333333333,12,5,GCTGATCCGCCATGCTCGGA,7,665630
cpxRp2,0.8333333333333334,9,5,GCTCTGGATTGCTAGGGTGG,4,696747
cpxRp2,0.6666666666666666,8,5,GCTCGGACCGATTTTCGGAA,3,687237
cpxRp2,0.8333333333333334,9,5,GCTCCTGTAGGCTATTGACA,4,680770
cpxRp2,0.8333333333333334,9,5,GCTCCTGGTATAGCGTGGTT,4,646005
cpxRp2,0.3333333333333333,6,5,GCTCCCTAAACGGGCACCTC,1,661239
cpxRp2,1.3333333333333333,12,5,GCTATCTATAACCTTCGGTA,7,652942
cpxRp2,1.3333333333333333,12,5,GCTATCAACGGATGAGCGGG,7,707502
cpxRp2,1.1666666666666667,11,5,GCTAAGATTGGTGAGATTAG,6,698486
cpxRp2,2.3333333333333335,18,5,GCTAACTGAGGTAGATCAAA,13,637710
cpxRp2,0.8333333333333334,9,5,GCGTGCTCGGTGCAATCCTA,4,633170
cpxRp2,0.6666666666666666,8,5,GCGTCAAGTGAGGTGCACGG,3,678201
cpxRp2,0.5,7,5,GCGTAAGCCCTAATTTAACA,2,664018
cpxRp2,0.8333333333333334,9,5,GCGGTTGAAATTAGATCTGA,4,690057
cpxRp2,2.3333333333333335,18,5,GCGGTGGTTCCGGGTGGCAG,13,636220
cpxRp2,1.3333333333333333,12,5,GCGGGCTGGCATCGGAATCT,7,678823
cpxRp2,0.5,7,5,GCGGGACTTCCCTCGGGATA,2,665491
cpxRp2,0.3333333333333333,6,5,GCGGATTTACGAGGCACCGG,1,661138
cpxRp2,2.8333333333333335,21,5,GCGGAAGGTTGTTAAAGGTG,16,681321
cpxRp2,0.3333333333333333,6,5,GCGCTATCGTGTAGTATACT,1,702094
cpxRp2,1.3333333333333333,12,5,GCGCGACTCGAACATATAGC,7,703501
cpxRp2,0.5,7,5,GCGCCTCCGTCTTGGGTAGG,2,663925
cpxRp2,0.6666666666666666,8,5,GCGCCTACAGCTTCGTTCGG,3,666371
cpxRp2,1.1666666666666667,11,5,GCGCCGTCGAATTTATACCA,6,650045
cpxRp2,0.3333333333333333,6,5,GCGCAAGACTTGAACCTCGT,1,687030
cpxRp2,2.0,16,5,GCGATCGGTCGCGTTCTATT,11,649747
cpxRp2,1.0,10,5,GCGATCCACGACGGGTCCAG,5,703958
cpxRp2,0.8333333333333334,9,5,GCGATCACCTCACACGACTT,4,631024
cpxRp2,0.3333333333333333,6,5,GCGAGTGACCCGACTTTGGG,1,644535
cpxRp2,0.8333333333333334,9,5,GCGAGACACCGTAACGGTCC,4,667039
cpxRp2,1.5,13,5,GCGAATCAGGTTACTGGATC,8,685242
cpxRp2,0.6666666666666666,8,5,GCCTGGGTATACAGCTACTC,3,688938
cpxRp2,1.1666666666666667,11,5,GCCTGATAAATCGGGTCAAA,6,685621
cpxRp2,1.0,10,5,GCCTAGCGGAGACAGTGAAA,5,678903
cpxRp2,1.8333333333333333,15,5,GCCGTGTACAAAGCAATCTT,10,709219
cpxRp2,1.6666666666666667,14,5,GCCCCTTCTCGGGTAACTAC,9,693844
cpxRp2,0.3333333333333333,6,5,GCCCCCAAATACAAACCAAT,1,638964
cpxRp2,2.0,16,5,GCCCATGCTTTGTGAGCCCT,11,694631
cpxRp2,3.5,25,5,GCCAGCCCGCTTTGGACGAG,20,689706
cpxRp2,0.3333333333333333,6,5,GCATGTGCTGAGTGGCTAGA,1,682851
cpxRp2,1.1666666666666667,11,5,GCATCTCTGGATCATTATCG,6,672776
cpxRp2,2.0,16,5,GCATCAGAAGGGTCTAATAC,11,678890
cpxRp2,0.8333333333333334,9,5,GCATAGAGAATCAATTTAGA,4,674958
cpxRp2,0.8333333333333334,9,5,GCAGTTTTGGGTCAATTTTA,4,706708
cpxRp2,1.1666666666666667,11,5,GCAGATCTTCCATGCGATTG,6,695838
cpxRp2,0.5,7,5,GCAGACGAACTTAAAGATCG,2,669677
cpxRp2,1.1666666666666667,11,5,GCACGTTCTTACGGTATTGT,6,684067
cpxRp2,1.3333333333333333,12,5,GCACGCGCTCAGTGACCGGT,7,706176
cpxRp2,0.8333333333333334,9,5,GCACATGGCACGCGTATACT,4,648445
cpxRp2,0.5,7,5,GCACACTCCGATAGCGAAAG,2,690109
cpxRp2,1.3333333333333333,12,5,GCAAGCTAGACAGCTCGAAG,7,683747
cpxRp2,2.1666666666666665,17,5,GCAAGATACGCCCATGACCC,12,634269
cpxRp2,0.3333333333333333,6,5,GATTGCGGGTATGGTCTACT,1,682362
cpxRp2,0.3333333333333333,6,5,GATTCTTGCGAGACTGACTA,1,647796
cpxRp2,2.1666666666666665,17,5,GATTCTACGCTCCTATTTGA,12,683142
cpxRp2,0.6666666666666666,8,5,GATTCGAATTGTTGGGGTCT,3,650977
cpxRp2,3.6666666666666665,26,5,GATTCAGGTCTATTAGAAAA,21,700773
cpxRp2,0.5,7,5,GATTCACATCTCTTAACTTC,2,645849
cpxRp2,0.6666666666666666,8,5,GATTATTTCCTGCAAGAGAT,3,711278
cpxRp2,0.6666666666666666,8,5,GATTAGCCCAATAACGCTCC,3,632642
cpxRp2,1.3333333333333333,12,5,GATGTTGCCATCCCTATCCA,7,652990
cpxRp2,2.0,16,5,GATGGGGATGATCCAAGATC,11,698449
cpxRp2,0.3333333333333333,6,5,GATGGGCCGCGTTTCCAAAT,1,700755
cpxRp2,10.166666666666666,65,5,GATGCGTTTTCGTTTGCTTT,60,688780
cpxRp2,18.333333333333332,114,5,GATCCTATGGGCGCTTCTTG,109,648498
cpxRp2,1.0,10,5,GATCCCTGATCTTGAGAGGG,5,636250
cpxRp2,2.0,16,5,GATCCCGGGTGCGGTACGGG,11,710016
cpxRp2,1.8333333333333333,15,5,GATCACTTCGTGGTTTCAAC,10,674886
cpxRp2,1.1666666666666667,11,5,GATAGACTCCGTGTTAACTA,6,646264
cpxRp2,3.0,22,5,GATACTGTCACCGGTAAGTT,17,668778
cpxRp2,0.3333333333333333,6,5,GATACCAGGATTTATTCATT,1,702381
cpxRp2,1.1666666666666667,11,5,GAGTTTTAGCTCACGAAAGT,6,669350
cpxRp2,1.3333333333333333,12,5,GAGTCCCGTTTCGAGAGCAG,7,706673
cpxRp2,0.5,7,5,GAGTCATATGAGACTTTAAC,2,665052
cpxRp2,0.6666666666666666,8,5,GAGTATCTAAGGCTTGCCGG,3,658594
cpxRp2,1.5,13,5,GAGTAGACCCCAAATGTCTT,8,642564
cpxRp2,0.6666666666666666,8,5,GAGTACCGTATGTACATATA,3,667699
cpxRp2,1.1666666666666667,11,5,GAGGTTGGTTGCTACGCTAT,6,683834
cpxRp2,6.666666666666667,44,5,GAGGTTCTCCAAGTGGCTTC,39,666168
cpxRp2,0.6666666666666666,8,5,GAGGTCAGCGGAACAGTTCG,3,629666
cpxRp2,0.3333333333333333,6,5,GAGGTAAGCTCTTTAAGATA,1,661241
cpxRp2,0.6666666666666666,8,5,GAGGGCCTTAATACGACCTT,3,655902
cpxRp2,0.3333333333333333,6,5,GAGGCTCGTTCTTCATTATC,1,699270
cpxRp2,0.6666666666666666,8,5,GAGGCTCCTCGATACCGAAT,3,649326
cpxRp2,3.1666666666666665,23,5,GAGGCGTAGTGATCAAGTTG,18,647139
cpxRp2,0.8333333333333334,9,5,GAGGACAACCAGACAGATTA,4,635813
cpxRp2,1.8333333333333333,15,5,GAGCGCAAGCGGGTCTGAAC,10,664944
cpxRp2,0.5,7,5,GAGCCGTAGACGGCTGCGGC,2,642817
cpxRp2,0.8333333333333334,9,5,GAGCATTTCTACAGAGACAG,4,684756
cpxRp2,1.0,10,5,GAGCATCAACAGCGGTCAAT,5,689815
cpxRp2,2.6666666666666665,20,5,GAGCAGTCTGCAAAAATTAG,15,654820
cpxRp2,0.5,7,5,GAGCACGGAACGGGGGATTC,2,685327
cpxRp2,1.3333333333333333,12,5,GAGATGAAGGCTGGCTCTGG,7,710540
cpxRp2,1.8333333333333333,15,5,GAGAGTCGAAGCCCCATGGT,10,669664
cpxRp2,2.3333333333333335,18,5,GAGAAACCTGTCCGAGGTAC,13,674092
cpxRp2,0.8333333333333334,9,5,GACTTACGTCTTGACTTTCA,4,660147
cpxRp2,0.6666666666666666,8,5,GACTCTATAGGCGTTATATA,3,671886
cpxRp2,0.6666666666666666,8,5,GACTCGTACAACACTCAAGG,3,688618
cpxRp2,1.5,13,5,GACTCAGTCCCTCCGGCATT,8,639271
cpxRp2,1.1666666666666667,11,5,GACTCAAGCGGATCGCTGTG,6,638912
cpxRp2,0.3333333333333333,6,5,GACGTCTGTTGGTCTCTTGA,1,698604
cpxRp2,2.1666666666666665,17,5,GACGTCGGTCGCAGGAGGTT,12,652552
cpxRp2,3.8333333333333335,27,5,GACGGGCTGGTCTACAAGGG,22,684589
cpxRp2,0.8333333333333334,9,5,GACGGGCTGAATTTGGGTAC,4,631115
cpxRp2,1.0,10,5,GACGGCAATCTAAGGTTCTC,5,669247
cpxRp2,1.1666666666666667,11,5,GACGCGTTTATAGCGACCCA,6,692883
cpxRp2,0.5,7,5,GACGCCGCAACCTGATATAC,2,656880
cpxRp2,1.0,10,5,GACGACGCTTAAGCACACAA,5,667985
cpxRp2,0.5,7,5,GACGAAGCGCTCCTAGGTTT,2,649719
cpxRp2,0.5,7,5,GACCTTGTAACGCAGATGGA,2,640689
cpxRp2,1.1666666666666667,11,5,GACCTAAACATTACGCGACG,6,653918
cpxRp2,0.8333333333333334,9,5,GACCGTATACCAGGGACATT,4,701079
cpxRp2,1.1666666666666667,11,5,GACCGATGCGCTTTGGCCAA,6,643815
cpxRp2,0.8333333333333334,9,5,GACCCGTATATGGTAGTCGT,4,670667
cpxRp2,0.5,7,5,GACCAGGTAGCCTCCGCGAT,2,703075
cpxRp2,0.3333333333333333,6,5,GACCACCGTCGTTCCCGATC,1,707988
cpxRp2,0.3333333333333333,6,5,GACATGCATAGCACAGAGCT,1,708748
cpxRp2,0.8333333333333334,9,5,GACAGCTAGCAGCCGGGGAT,4,708814
cpxRp2,0.3333333333333333,6,5,GACAGCCCATGGTGCCCAAC,1,645512
cpxRp2,0.5,7,5,GACAGATATTTCATCAGCGA,2,634782
cpxRp2,1.0,10,5,GACACTACGACCTCGTATGC,5,656661
cpxRp2,0.5,7,5,GACAACGCCGGGACCCAAGG,2,664205
cpxRp2,0.5,7,5,GAATTCTGTCGATTGGTAAC,2,661511
cpxRp2,0.3333333333333333,6,5,GAATTATATGAGGTTGACGC,1,648643
cpxRp2,1.6666666666666667,14,5,GAATGTTTCGAGTCACGACT,9,648844
cpxRp2,2.3333333333333335,18,5,GAATGACAGTCCTTCTAGTG,13,691802
cpxRp2,0.5,7,5,GAATCTTGACTACCAACAGT,2,706029
cpxRp2,1.3333333333333333,12,5,GAAGTAACCTATTCCGTTGT,7,665770
cpxRp2,0.5,7,5,GAAGGTTGATGGCCATCACG,2,661281
cpxRp2,0.3333333333333333,6,5,GAAGGTGCTCGGTCGGATCC,1,673385
cpxRp2,4.166666666666667,29,5,GAAGCCTTGCATTATGTGGT,24,634661
cpxRp2,0.3333333333333333,6,5,GAACTACACCGGTATTCCTA,1,636284
cpxRp2,0.3333333333333333,6,5,GAACGTTGGTTTGATTAAGG,1,686954
cpxRp2,2.0,16,5,GAACGATGTAACGGAGTGGA,11,650154
cpxRp2,1.0,10,5,GAACCTCACTAAAATGTGTG,5,665687
cpxRp2,1.1666666666666667,11,5,GAACCTAATGGACACTCGAC,6,663456
cpxRp2,0.6666666666666666,8,5,GAACCAAGGCTCAGTAGAGC,3,642677
cpxRp2,0.6666666666666666,8,5,GAACAGTTTGGACACCTTCG,3,687026
cpxRp2,0.3333333333333333,6,5,GAAAGGCTCACTGGAGATGA,1,669372
cpxRp2,1.6666666666666667,14,5,GAAACAATGTTGGCACAGCA,9,681774
cpxRp2,1.0,10,5,CTTTTTGCAAGCTAAGCTAC,5,701613
cpxRp2,1.1666666666666667,11,5,CTTTCTTGTACACCGTGATA,6,658223
cpxRp2,2.5,19,5,CTTTATCCTCCTTCTGTCAG,14,697706
cpxRp2,0.8333333333333334,9,5,CTTTAGCGGTACTTACGGCT,4,705376
cpxRp2,0.8333333333333334,9,5,CTTTAAGTAACGTGGTTGAG,4,667531
cpxRp2,0.6666666666666666,8,5,CTTGTTCTGTATGGCGCTCG,3,678528
cpxRp2,0.3333333333333333,6,5,CTTGTGTTCAAGTCAAGGCA,1,692469
cpxRp2,0.3333333333333333,6,5,CTTGTCTGGGTTTCTCTCGG,1,686193
cpxRp2,0.8333333333333334,9,5,CTTGTCTGCACTTCCCCCAG,4,678562
cpxRp2,0.3333333333333333,6,5,CTTGATTGGACCACCTGTGC,1,695478
cpxRp2,0.5,7,5,CTTGAACGAATGGTAGTGTA,2,642172
cpxRp2,0.5,7,5,CTTCTTTGTGCGCTGTAATA,2,684320
cpxRp2,1.6666666666666667,14,5,CTTCGGATCCCTCTATGCGG,9,699096
cpxRp2,0.5,7,5,CTTCCCAGGCTGAGAGCATG,2,633459
cpxRp2,1.8333333333333333,15,5,CTTCCAGGTACGCTGTCCTC,10,697069
cpxRp2,1.1666666666666667,11,5,CTTCAGAAGTCCGCTTGCAG,6,692584
cpxRp2,2.5,19,5,CTTCAAAACGTCGCTGTCTG,14,668391
cpxRp2,0.3333333333333333,6,5,CTTATACGCCACCCACGTCA,1,704475
cpxRp2,1.5,13,5,CTTAGAGCTGGTCTCCAAAG,8,639426
cpxRp2,1.5,13,5,CTTAAGTCGGCGCCAATCAG,8,668013
cpxRp2,0.3333333333333333,6,5,CTTAAATCATCGGTAATCGC,1,654652
cpxRp2,0.6666666666666666,8,5,CTGTTTTTAACTGAAGTAAT,3,666734
cpxRp2,0.5,7,5,CTGTTTATATCGTACATGCT,2,657062
cpxRp2,1.5,13,5,CTGTGCTCACCTTATATAGC,8,678444
cpxRp2,0.5,7,5,CTGTATTACAACACGACCAC,2,693268
cpxRp2,0.8333333333333334,9,5,CTGTAGATATAAGCCTTATA,4,706773
cpxRp2,0.3333333333333333,6,5,CTGGTTAAGCTAGAAAGATC,1,696885
cpxRp2,0.3333333333333333,6,5,CTGGGATGGATGAAACATTG,1,705015
cpxRp2,0.6666666666666666,8,5,CTGGGACAGGTCGATACTCT,3,695804
cpxRp2,2.8333333333333335,21,5,CTGGCTATGCACGTATCGTA,16,686084
cpxRp2,2.6666666666666665,20,5,CTGGCGGTGATCAAAGGAGT,15,692394
cpxRp2,1.3333333333333333,12,5,CTGGCGCTTATGCTTAATTA,7,683269
cpxRp2,1.6666666666666667,14,5,CTGGCCGTGCGATCACGATC,9,667703
cpxRp2,0.6666666666666666,8,5,CTGGATGCCGTATGCAATAG,3,658626
cpxRp2,6.166666666666667,41,5,CTGGATCCACGTCGATGCAA,36,659401
cpxRp2,0.3333333333333333,6,5,CTGGAATCCCCAGGCAAAGA,1,685496
cpxRp2,1.6666666666666667,14,5,CTGGAAAAGTTTCATCCAAT,9,693663
cpxRp2,1.1666666666666667,11,5,CTGCCTCGTAATAAGGCTCA,6,695393
cpxRp2,1.8333333333333333,15,5,CTGCAGAGAACGTTCACGGT,10,709730
cpxRp2,1.0,10,5,CTGAGTGATGGCCGCCGGTC,5,650209
cpxRp2,1.0,10,5,CTGAGCGATCCAAGGCAGAA,5,709117
cpxRp2,0.3333333333333333,6,5,CTGACGGCGGCTTAAATAGA,1,653979
cpxRp2,0.3333333333333333,6,5,CTGACCGCGGTTCCCACAGG,1,655595
cpxRp2,0.3333333333333333,6,5,CTGAAAGGGAGGGTACGATA,1,652118
cpxRp2,1.1666666666666667,11,5,CTGAAAATAAGAAGGTTCTA,6,681731
cpxRp2,1.3333333333333333,12,5,CTCTCGGGACGCCGGGCCGG,7,696057
cpxRp2,2.6666666666666665,20,5,CTCTATTCTTACGCGACAAG,15,671164
cpxRp2,0.3333333333333333,6,5,CTCGGTTTATGGGTATCTAG,1,664804
cpxRp2,0.6666666666666666,8,5,CTCGCTGAGACTTTTGGCTC,3,636796
cpxRp2,2.6666666666666665,20,5,CTCGCAACAGGTTTGGAGGG,15,686509
cpxRp2,0.5,7,5,CTCGATCAGTGCCATGTAGA,2,710924
cpxRp2,1.1666666666666667,11,5,CTCGAAGAACGGATAGGAGG,6,635062
cpxRp2,0.3333333333333333,6,5,CTCCTCTGGGCCGAATTGGG,1,693252
cpxRp2,1.3333333333333333,12,5,CTCCTATACCTCAGGTACGT,7,639575
cpxRp2,0.5,7,5,CTCCGGAGCTTAGACACAAG,2,645136
cpxRp2,0.5,7,5,CTCCGATATACTATCGACAC,2,673171
cpxRp2,3.5,25,5,CTCCCGGCTCAGTCAGATTT,20,646839
cpxRp2,0.6666666666666666,8,5,CTCCCCGTAAATTAGCCTTA,3,657335
cpxRp2,1.8333333333333333,15,5,CTCCAGCAACATTGGAGGTT,10,666872
cpxRp2,2.3333333333333335,18,5,CTCCACCTACTACGCACGTA,13,694586
cpxRp2,0.3333333333333333,6,5,CTCAGCTCACGACTTCCATG,1,634031
cpxRp2,1.5,13,5,CTCACCACGCCCGACATTGC,8,693112
cpxRp2,0.3333333333333333,6,5,CTCAAAGGTCTCACAACCCT,1,689224
cpxRp2,0.8333333333333334,9,5,CTATTGAGGCGTCGTTGTGA,4,705423
cpxRp2,1.1666666666666667,11,5,CTATGTTATCCTCGGTAACA,6,692841
cpxRp2,3.0,22,5,CTATGTTAATTTTGCGTGTA,17,696949
cpxRp2,1.3333333333333333,12,5,CTATGACTGGTCCGTAACTC,7,644970
cpxRp2,2.8333333333333335,21,5,CTATCTCTCTTGTTGGTGGT,16,635368
cpxRp2,0.3333333333333333,6,5,CTATCGGCTTCGAAGCAGAA,1,707625
cpxRp2,0.5,7,5,CTATAGGGGCTTATGGTAGC,2,640713
cpxRp2,5.5,37,5,CTAGTTACGTGAGGAGTATT,32,691130
cpxRp2,0.3333333333333333,6,5,CTAGTGTCATCCGTTCCTAA,1,669583
cpxRp2,1.5,13,5,CTAGGTCACCTGCGATCCAG,8,656784
cpxRp2,3.0,22,5,CTAGGACTATGCTCAACCTG,17,639639
cpxRp2,1.8333333333333333,15,5,CTAGCCATAGACTGATTGCT,10,677672
cpxRp2,0.6666666666666666,8,5,CTAGAGATACGTGGGGGCTT,3,671757
cpxRp2,1.6666666666666667,14,5,CTACTGCGTATATCTTCGAT,9,639624
cpxRp2,0.3333333333333333,6,5,CTACGATGCAGTGACCTTCA,1,685040
cpxRp2,0.6666666666666666,8,5,CTACCGTTGTCAGGTGATAG,3,705212
cpxRp2,2.8333333333333335,21,5,CTACCCGCAATGTTAGGCTC,16,633942
cpxRp2,0.3333333333333333,6,5,CTACACATTTGCGACTCGAT,1,705265
cpxRp2,1.0,10,5,CTAAGAACCGGAACCTTGGG,5,677715
cpxRp2,1.8333333333333333,15,5,CTAACAGTGTTTTGCCCTTG,10,634486
cpxRp2,0.3333333333333333,6,5,CGTTCTTCCCCCGCGGAAAT,1,707560
cpxRp2,2.6666666666666665,20,5,CGTTCCACCGCTAGAGAGCC,15,710333
cpxRp2,0.6666666666666666,8,5,CGTTCACCAGACCGGAGTCT,3,704673
cpxRp2,0.3333333333333333,6,5,CGTGTTCCCACAGATAGGTC,1,647493
cpxRp2,1.1666666666666667,11,5,CGTGTGTCTACAACTTCCAG,6,634944
cpxRp2,1.6666666666666667,14,5,CGTGTATCCCGTCGATCTTG,9,640015
cpxRp2,0.5,7,5,CGTGGGAGTGCATTCCCAAA,2,652548
cpxRp2,1.1666666666666667,11,5,CGTGGAGGGGATGTATGCTG,6,704731
cpxRp2,0.3333333333333333,6,5,CGTGCCGAGTGCCGGTGCAA,1,697518
cpxRp2,0.3333333333333333,6,5,CGTGCATGGCGGACTTACCA,1,699757
cpxRp2,1.3333333333333333,12,5,CGTGAGTCTCCCTGGACATG,7,634331
cpxRp2,0.3333333333333333,6,5,CGTGAACAGAAAAGTTATTT,1,689292
cpxRp2,0.3333333333333333,6,5,CGTCGGTGGCAACTGCCCCA,1,681671
cpxRp2,1.0,10,5,CGTCGGAGTCGGGTAGTTGG,5,679028
cpxRp2,0.8333333333333334,9,5,CGTCCTTTGCTCATCCCGGG,4,707464
cpxRp2,0.3333333333333333,6,5,CGTCCGAACAGTATTTACTC,1,708904
cpxRp2,1.5,13,5,CGTCAAATGAACATGTTGGG,8,634984
cpxRp2,0.5,7,5,CGTATACACTAAGCCCACCT,2,709893
cpxRp2,0.6666666666666666,8,5,CGTAGAGCAAGAAAAGCCTA,3,657629
cpxRp2,0.5,7,5,CGTACTTTACTGTATAAATG,2,678523
cpxRp2,0.5,7,5,CGTACTCGCTGCCGGACGCA,2,661757
cpxRp2,0.5,7,5,CGTACGTTCCTCTTATCGCA,2,693202
cpxRp2,0.5,7,5,CGTACGCACGTTCGTTAACC,2,634743
cpxRp2,2.1666666666666665,17,5,CGGTCATGGTTACCTTGCAG,12,672571
cpxRp2,0.3333333333333333,6,5,CGGTCATCTTTTGAAGGTGC,1,643388
cpxRp2,3.6666666666666665,26,5,CGGTATTTTGTATGGCAGTA,21,688362
cpxRp2,1.8333333333333333,15,5,CGGTATCGAGGTGGTACGGT,10,694669
cpxRp2,0.8333333333333334,9,5,CGGTAACTCCTAAACGAAAA,4,660268
cpxRp2,0.5,7,5,CGGGCGCGACCGTAGGCATA,2,640681
cpxRp2,0.3333333333333333,6,5,CGGGCGCATACGGTGGTACC,1,660276
cpxRp2,2.6666666666666665,20,5,CGGGAAGATCCTAAGGCTAA,15,695119
cpxRp2,1.0,10,5,CGGCTCACTACGTTTGATGT,5,662016
cpxRp2,0.3333333333333333,6,5,CGGCGTTCAGCGTGACATAA,1,649613
cpxRp2,0.3333333333333333,6,5,CGGCGGGGGATCCAGGGATC,1,680508
cpxRp2,0.8333333333333334,9,5,CGGCGACTCTCAGGGGAAGT,4,699408
cpxRp2,3.6666666666666665,26,5,CGGCCCATTAATACTACGAT,21,675206
cpxRp2,3.0,22,5,CGGCAGGAGGACCATGTACG,17,659555
cpxRp2,1.8333333333333333,15,5,CGGCAAACGCATGAACCACG,10,651292
cpxRp2,0.3333333333333333,6,5,CGGAGTTTAGTCTGATGTCT,1,685951
cpxRp2,1.6666666666666667,14,5,CGGACAAGCGACACGACCTG,9,677392
cpxRp2,1.0,10,5,CGCTTTCGAAAGACTCCAAA,5,633695
cpxRp2,1.0,10,5,CGCTTACTTGTAGTCAATAA,5,669855
cpxRp2,2.5,19,5,CGCTCTGTTAGGTCGGTCTC,14,648221
cpxRp2,0.8333333333333334,9,5,CGCTATCCCTAGTTCGGAGT,4,679406
cpxRp2,0.6666666666666666,8,5,CGCGTGAGAATGTCTGTGAC,3,687366
cpxRp2,0.8333333333333334,9,5,CGCGTAAAAGCTTTGGACTG,4,701932
cpxRp2,0.3333333333333333,6,5,CGCGGTAGTCCGTGCCGCTA,1,705491
cpxRp2,0.8333333333333334,9,5,CGCGGGGGCTTTGGCGTCGA,4,695874
cpxRp2,3.0,22,5,CGCGGCCTCTCACGTTAATG,17,665011
cpxRp2,1.0,10,5,CGCCTTGGCGCTATTGCGAC,5,665506
cpxRp2,1.1666666666666667,11,5,CGCCTTCATCTACTTAACGT,6,655056
cpxRp2,2.0,16,5,CGCCTCGAATTTTGCAAACG,11,640334
cpxRp2,0.6666666666666666,8,5,CGCCAGTTGCATATATCTAG,3,673028
cpxRp2,1.3333333333333333,12,5,CGCAGTCGGCTTGGTGTAGG,7,667801
cpxRp2,0.3333333333333333,6,5,CGCACATTCAGATTTAAGGC,1,701951
cpxRp2,1.3333333333333333,12,5,CGCAAACGCGCCGTTATCAT,7,698766
cpxRp2,1.1666666666666667,11,5,CGATTAATGTTTCATATCTG,6,697795
cpxRp2,0.3333333333333333,6,5,CGATGTGACGAGATAGGTGA,1,635647
cpxRp2,0.5,7,5,CGAGTTAGCTGATCTTATCG,2,653723
cpxRp2,0.8333333333333334,9,5,CGAGTCCACTATATATGTGC,4,669180
cpxRp2,2.6666666666666665,20,5,CGAGTATCTACCAAGCCCGA,15,641140
cpxRp2,0.3333333333333333,6,5,CGAGTAGTACTGATGTTCGA,1,678839
cpxRp2,1.3333333333333333,12,5,CGAGATGAGGCGGAGCACTT,7,682112
cpxRp2,0.8333333333333334,9,5,CGAGAAATATGGAAGTATAT,4,696354
cpxRp2,0.5,7,5,CGACTGGACGCCCTTGCCGA,2,674633
cpxRp2,1.6666666666666667,14,5,CGACGTCCCTTTAGTAGTCA,9,668378
cpxRp2,2.0,16,5,CGACGTCAACCAGCAAGGAT,11,655769
cpxRp2,1.5,13,5,CGACGCATACAGGTGGTCCA,8,669653
cpxRp2,0.6666666666666666,8,5,CGAATGCCCGGCCCCAGTTG,3,633021
cpxRp2,0.6666666666666666,8,5,CGAATACCAAGGCATTGAAA,3,709268
cpxRp2,1.3333333333333333,12,5,CGAACGCTGAGGACCTGGCC,7,698243
cpxRp2,0.3333333333333333,6,5,CGAAATGCATCTATCTGAGT,1,643269
cpxRp2,0.8333333333333334,9,5,CGAAACTCTTATCGCATTAA,4,703116
cpxRp2,0.3333333333333333,6,5,CGAAACTCTGGAGAATCTTC,1,644728
cpxRp2,0.8333333333333334,9,5,CGAAACAGGGGAGGTCGTTG,4,662592
cpxRp2,0.3333333333333333,6,5,CCTTTCCGAACGAGGGTGTT,1,643105
cpxRp2,1.1666666666666667,11,5,CCTTTCATCTTCTTCGCTCG,6,686639
cpxRp2,0.5,7,5,CCTTGTTTCCCGAGCGCGCC,2,679023
cpxRp2,1.1666666666666667,11,5,CCTTGCCCATAACAGATCTT,6,688196
cpxRp2,1.0,10,5,CCTTCAGCTCGCTTGAACAA,5,709172
cpxRp2,0.3333333333333333,6,5,CCTTAAGTAAACTCCGGGTC,1,647506
cpxRp2,0.3333333333333333,6,5,CCTGTAGGCTCGTTGACGGG,1,706846
cpxRp2,0.3333333333333333,6,5,CCTGGTAGTAGTTAAATTCC,1,677514
cpxRp2,2.1666666666666665,17,5,CCTGGGGTCAGCTTTATGAC,12,670502
cpxRp2,1.0,10,5,CCTGGGAAGCCACCTTCACA,5,630360
cpxRp2,0.8333333333333334,9,5,CCTGCTACCACTGGTTGGTA,4,690001
cpxRp2,0.5,7,5,CCTGCGTTCCGTCTCTTTCC,2,649025
cpxRp2,2.3333333333333335,18,5,CCTGCGGACCTGCGTCGATA,13,657934
cpxRp2,0.5,7,5,CCTGATGGGGTTAAACATTT,2,676522
cpxRp2,0.5,7,5,CCTGACTAGATCATTCTACT,2,632701
cpxRp2,4.0,28,5,CCTCTCAATCATGTTCAGTC,23,662773
cpxRp2,1.1666666666666667,11,5,CCTCGCTATGAAGTGTGTAA,6,629753
cpxRp2,1.5,13,5,CCTCGAGTACGCTCTTGAAT,8,659424
cpxRp2,1.0,10,5,CCTCCCCAACCTGAGATGTA,5,644932
cpxRp2,2.3333333333333335,18,5,CCTCCAGGACAGCTAGAGAT,13,693029
cpxRp2,0.5,7,5,CCTACGTTAAGCCGATTGAA,2,695499
cpxRp2,1.0,10,5,CCTACAATATTTCTATAGGT,5,695633
cpxRp2,2.6666666666666665,20,5,CCTAAGGCACATCCGTACCA,15,685991
cpxRp2,0.8333333333333334,9,5,CCGTTGTTGAAAAGCATGCA,4,711261
cpxRp2,0.5,7,5,CCGTGTGTTGCCACGCCTTT,2,630580
cpxRp2,2.0,16,5,CCGTGGTAAACTTTGTATCC,11,677370
cpxRp2,1.6666666666666667,14,5,CCGTGCGAGCACAATCCGCA,9,636294
cpxRp2,1.0,10,5,CCGTCGAACCACCCCCCCTG,5,682723
cpxRp2,2.8333333333333335,21,5,CCGGTAAACATCAATCGAAA,16,648530
cpxRp2,1.5,13,5,CCGGGACACTCCGCAGAATA,8,682683
cpxRp2,0.6666666666666666,8,5,CCGGCATGAGCAGAGGAAGG,3,676596
cpxRp2,0.8333333333333334,9,5,CCGCGGGGTGCGGTCTAATT,4,672635
cpxRp2,1.0,10,5,CCGATCTGACCAGGTTTCAT,5,658297
cpxRp2,0.6666666666666666,8,5,CCGATCATTTTCATATTATA,3,659781
cpxRp2,1.6666666666666667,14,5,CCGACGGTAGTAACCGAGTA,9,630093
cpxRp2,0.6666666666666666,8,5,CCGACGCAGTGCACGCAAAG,3,683572
cpxRp2,0.5,7,5,CCGAATATACGTACGGGGGG,2,648092
cpxRp2,0.5,7,5,CCGAAAAACGGTCACCGGAA,2,668463
cpxRp2,3.6666666666666665,26,5,CCCTTGAACGGAAAAATGTC,21,698038
cpxRp2,0.6666666666666666,8,5,CCCTGTACCTTCTCAATCTC,3,674665
cpxRp2,2.0,16,5,CCCTCACTCTATTTGCGTTG,11,695327
cpxRp2,2.5,19,5,CCCTATGAAGAATGGACGTG,14,691707
cpxRp2,1.6666666666666667,14,5,CCCTACGCTTCGCAAGAGGT,9,663297
cpxRp2,0.3333333333333333,6,5,CCCGTTCACGGACGCAACTC,1,643407
cpxRp2,3.3333333333333335,24,5,CCCGCCTCCAATAGCTCGAC,19,659166
cpxRp2,1.6666666666666667,14,5,CCCGCCCTAAAGTTAGAGTC,9,694573
cpxRp2,3.5,25,5,CCCGAGGTTATTATGAAGAG,20,654339
cpxRp2,0.3333333333333333,6,5,CCCCCTGATCTCGTGGAGAA,1,670342
cpxRp2,0.5,7,5,CCCCCGGCTTTGTAACATGG,2,700506
cpxRp2,3.0,22,5,CCCCCGGAAATTTTGTGTAT,17,700393
cpxRp2,0.3333333333333333,6,5,CCCCAAGGAAAACAACTGTC,1,663024
cpxRp2,0.3333333333333333,6,5,CCCATGAGTGCGTTGCCAGG,1,631353
cpxRp2,1.8333333333333333,15,5,CCCAGCGGGTGCGCGTTACT,10,676232
cpxRp2,0.8333333333333334,9,5,CCCACTTCGTCCTCAAGGCA,4,651034
cpxRp2,0.5,7,5,CCCACGAGTGTGAACCGATT,2,679120
cpxRp2,1.0,10,5,CCCAATCCCTCTCTGATGAA,5,633970
cpxRp2,0.6666666666666666,8,5,CCATTTCGTCAGGTGAGTGA,3,655084
cpxRp2,2.0,16,5,CCATTGAAACCCGGGTCTCC,11,635676
cpxRp2,0.8333333333333334,9,5,CCATCGCCTCCAAGTTAGGA,4,632901
cpxRp2,0.6666666666666666,8,5,CCAGTATCAATTTAAAACTG,3,664710
cpxRp2,0.3333333333333333,6,5,CCAGGGTGTAGAATGGAGGC,1,647311
cpxRp2,0.3333333333333333,6,5,CCAGGATGATTTTAGGTAAC,1,697730
cpxRp2,1.5,13,5,CCAGATAGGTCAAGGCGGGC,8,630148
cpxRp2,2.5,19,5,CCAGACGCTTTTGTACTATA,14,658755
cpxRp2,0.8333333333333334,9,5,CCACTTTGACGCTCACGCTA,4,677162
cpxRp2,1.5,13,5,CCACGTGGTGCTTTTTGTGC,8,653920
cpxRp2,0.6666666666666666,8,5,CCACGGATGAGTTGATGTCG,3,640109
cpxRp2,0.6666666666666666,8,5,CCACGCCGACGGAAAGTACT,3,678374
cpxRp2,2.3333333333333335,18,5,CCACCGTTTCCACCACGTAG,13,671478
cpxRp2,0.8333333333333334,9,5,CCACCGTGCGGGATGGCGTG,4,645276
cpxRp2,2.1666666666666665,17,5,CCACACCCGGGCCTCTTTCG,12,654044
cpxRp2,1.0,10,5,CCACAACGATAGGAACGCCT,5,697766
cpxRp2,0.8333333333333334,9,5,CCAAGAATTGCGCCGCGCAG,4,711768
cpxRp2,2.6666666666666665,20,5,CCAACATGCCTCCAGGATTC,15,633147
cpxRp2,0.5,7,5,CCAAATGAGCGACTCGAATT,2,691233
cpxRp2,2.3333333333333335,18,5,CATTTTTTCTGTGCCCCTAA,13,699385
cpxRp2,1.3333333333333333,12,5,CATTTCAGTCTACGGATGTG,7,640923
cpxRp2,0.8333333333333334,9,5,CATTGGTACTTAGATTACAG,4,654739
cpxRp2,0.5,7,5,CATTGATTTTCGAGCTGTTT,2,675053
cpxRp2,3.1666666666666665,23,5,CATTCGCTAATCAAAACGTA,18,678729
cpxRp2,0.6666666666666666,8,5,CATTCAATTAGAGATGAACT,3,687017
cpxRp2,1.6666666666666667,14,5,CATTATCTTTCCATTCTTAA,9,635727
cpxRp2,0.6666666666666666,8,5,CATTACGAGAATTTATGCTG,3,696027
cpxRp2,0.5,7,5,CATTAATAGAGGCTTAATCC,2,710328
cpxRp2,2.3333333333333335,18,5,CATGTCTGTACTTCGCGCAT,13,689958
cpxRp2,0.8333333333333334,9,5,CATGGTGTCACCTGCTTATG,4,687225
cpxRp2,0.5,7,5,CATGGTGCTTTACGGATAAC,2,693293
cpxRp2,2.1666666666666665,17,5,CATGGTGAGGTTACCGAGTA,12,698124
cpxRp2,5.5,37,5,CATGGGGTAATGCATGAAAA,32,665555
cpxRp2,0.5,7,5,CATGGCTTGGTTGGGCCTCT,2,695186
cpxRp2,0.5,7,5,CATCTTTCGCTAATCATTCA,2,705298
cpxRp2,0.3333333333333333,6,5,CATCTTGCAAAAGAGTTAAA,1,649990
cpxRp2,0.5,7,5,CATCTATAATCCGAACATGC,2,650663
cpxRp2,1.0,10,5,CATCGCTCCGTGGGGTAGGT,5,705223
cpxRp2,0.3333333333333333,6,5,CATCCTAGAACATCGGTCCG,1,709910
cpxRp2,0.6666666666666666,8,5,CATCCGTTCCAGGCTTGTTA,3,652286
cpxRp2,2.0,16,5,CATATAAAAAAGGTCACAGA,11,674662
cpxRp2,1.1666666666666667,11,5,CATAGGGGTTTTTCGCTTGC,6,651775
cpxRp2,0.5,7,5,CATAGACCGCCTCCCGGGTC,2,680795
cpxRp2,0.3333333333333333,6,5,CATACTACGAATCTGTCCAC,1,630830
cpxRp2,1.3333333333333333,12,5,CATACATATACGGTCACTTG,7,679749
cpxRp2,3.0,22,5,CATACAGTGGTAAGGATACT,17,671772
cpxRp2,1.3333333333333333,12,5,CATACACTTAGGGTAGGCAA,7,636188
cpxRp2,1.0,10,5,CAGTCGCATCGCGTTACACG,5,672423
cpxRp2,4.333333333333333,30,5,CAGTCAAACAAGTTACAGGC,25,690142
cpxRp2,2.5,19,5,CAGGTCTAAGTCCATCTCAT,14,631554
cpxRp2,1.6666666666666667,14,5,CAGGTACCGCTTAGGGATAA,9,665393
cpxRp2,1.0,10,5,CAGGGAGTCAGTTCTCCTCT,5,642403
cpxRp2,0.3333333333333333,6,5,CAGGCCCCTTGGGCGGAATA,1,660541
cpxRp2,0.5,7,5,CAGGCCAAGACGAGTGCGCC,2,705709
cpxRp2,4.833333333333333,33,5,CAGGACATATAAATCGTTCT,28,700442
cpxRp2,1.3333333333333333,12,5,CAGCTCCCTTACATTATGTG,7,649404
cpxRp2,0.3333333333333333,6,5,CAGCTCCCGTTGACGGACAA,1,643259
cpxRp2,15.333333333333334,96,5,CAGCTACCTTACGCCGATCC,91,705901
cpxRp2,0.6666666666666666,8,5,CAGCGTGCCCTAGGTATCGT,3,688162
cpxRp2,2.8333333333333335,21,5,CAGCGGCCCCATTCTATCAC,16,662549
cpxRp2,1.6666666666666667,14,5,CAGCGCTGCAAAATTAACTA,9,637945
cpxRp2,0.6666666666666666,8,5,CAGCCTATCCAGGAGCCGTC,3,632866
cpxRp2,1.1666666666666667,11,5,CAGCCCCCACGGCTGTTTGA,6,695004
cpxRp2,3.6666666666666665,26,5,CAGCACTCTTATCCCGTTCA,21,701570
cpxRp2,0.3333333333333333,6,5,CAGATGGCCGGGAGGAGGCA,1,703010
cpxRp2,0.8333333333333334,9,5,CAGATCGCTGCACAGAGCTG,4,703890
cpxRp2,0.3333333333333333,6,5,CAGATACCATAGTGTTTGTC,1,631444
cpxRp2,2.1666666666666665,17,5,CAGACCGCAAAGTGATTCGA,12,707681
cpxRp2,0.6666666666666666,8,5,CAGAAGGTGGTAGCCCCTCT,3,706136
cpxRp2,0.3333333333333333,6,5,CAGAACTACCGGATAAAGGT,1,641424
cpxRp2,0.5,7,5,CAGAACACCTCCGCTTATTT,2,680511
cpxRp2,2.6666666666666665,20,5,CACTTACACACCGTACTGCT,15,668086
cpxRp2,1.8333333333333333,15,5,CACTGTTACATCCAAGGCAT,10,700415
cpxRp2,4.5,31,5,CACTCCGTTTACATCGAATA,26,657862
cpxRp2,0.5,7,5,CACTAGCTCATCTCGAGGAG,2,680894
cpxRp2,1.0,10,5,CACTAATGTGACCTAGTGCT,5,662222
cpxRp2,0.3333333333333333,6,5,CACGTTTCGTAGGGCATCCT,1,657414
cpxRp2,1.0,10,5,CACGTCTAAGTACGCGGCGC,5,698875
cpxRp2,1.1666666666666667,11,5,CACGTAGTGTGGTATGCTTA,6,700592
cpxRp2,2.3333333333333335,18,5,CACGGTTCAAGTTTTACCTC,13,637972
cpxRp2,9.5,61,5,CACGCCACCGCAGTGCTCCT,56,663589
cpxRp2,3.1666666666666665,23,5,CACGCATCGTGAAGACCATT,18,692141
cpxRp2,1.0,10,5,CACGCAGTCTCTCGCGAGGC,5,690967
cpxRp2,0.5,7,5,CACGAGTGTAGAACTGCTGA,2,692896
cpxRp2,1.1666666666666667,11,5,CACGAGCATTGATAGTTAGT,6,632262
cpxRp2,0.8333333333333334,9,5,CACCGACGCCTACTTCTCCT,4,660891
cpxRp2,0.5,7,5,CACCCATTTTGCTAGAGGTT,2,707169
cpxRp2,2.6666666666666665,20,5,CACCAAAGATGGCCAGAACA,15,643290
cpxRp2,2.3333333333333335,18,5,CACATGCATATCTTTGATGA,13,657035
cpxRp2,1.5,13,5,CACATCTCCCACTCCGAATC,8,649277
cpxRp2,1.0,10,5,CACAGATAAGACATCCAAAG,5,668618
cpxRp2,1.1666666666666667,11,5,CACACGCACACTACCCGGAT,6,697164
cpxRp2,0.6666666666666666,8,5,CAATTCCCTCAGTCTGCGGT,3,711886
cpxRp2,0.5,7,5,CAATGCATGTAGAGAACTCG,2,674502
cpxRp2,0.3333333333333333,6,5,CAATGAGACCACCCAGTTTT,1,681707
cpxRp2,2.6666666666666665,20,5,CAATGAATCCAGGTAGCAGG,15,703063
cpxRp2,0.5,7,5,CAATCGCGCTCATGGTTACA,2,640829
cpxRp2,0.6666666666666666,8,5,CAATCACCTGCAGATGTCTG,3,639471
cpxRp2,2.1666666666666665,17,5,CAAGGTAGTCCTATAAGTCA,12,686542
cpxRp2,1.8333333333333333,15,5,CAAGGGTCTCGGATGAGCGT,10,685229
cpxRp2,1.0,10,5,CAAGGGTATGTCATATGAAT,5,706838
cpxRp2,1.0,10,5,CAAGGGGACTGGTAATTAGT,5,692079
cpxRp2,2.0,16,5,CAAGGCAAGGAGGGTAGGCG,11,684059
cpxRp2,0.3333333333333333,6,5,CAAGCTCACAGTGGGACTCT,1,688616
cpxRp2,1.8333333333333333,15,5,CAACTCTTGGCGAGCAACGT,10,631468
cpxRp2,0.6666666666666666,8,5,CAACGCTCCCACGGACAGTG,3,703912
cpxRp2,1.0,10,5,CAACCTCCCGATATCCTGTC,5,703293
cpxRp2,12.666666666666666,80,5,CAACATGTCCGGATGAACGG,75,693952
cpxRp2,0.6666666666666666,8,5,CAACAACCCTTTCAAGGTCG,3,684339
cpxRp2,0.6666666666666666,8,5,CAAATACTTGCTGCCATGGA,3,683622
cpxRp2,1.3333333333333333,12,5,CAAAGGGCTTTGTAGCGATG,7,705435
cpxRp2,1.1666666666666667,11,5,CAAACTTGTGGTCCTCATTA,6,666784
cpxRp2,1.1666666666666667,11,5,CAAACCTCAGAATTACAGCA,6,684273
cpxRp2,3.5,25,5,CAAACAGAACCCAATGAGGG,20,658344
cpxRp2,0.8333333333333334,9,5,CAAAAGGATCTCCCTGGTAT,4,678771
cpxRp2,0.8333333333333334,9,5,ATTTCTAAGGGTTGAGCATA,4,678073
cpxRp2,1.0,10,5,ATTTCCGGTCCCATGAGTCA,5,638010
cpxRp2,1.0,10,5,ATTGTATTTCTCAGCGTTCA,5,655155
cpxRp2,3.6666666666666665,26,5,ATTGTACTAAACCGCCCGCT,21,644516
cpxRp2,1.5,13,5,ATTGGTAAAATTCCAGGGGT,8,659620
cpxRp2,0.3333333333333333,6,5,ATTGGACAAAAAGAACGTCT,1,710692
cpxRp2,1.0,10,5,ATTGCGTCCGAAGTCATCCT,5,656560
cpxRp2,1.6666666666666667,14,5,ATTCTGGGTCCAAACACTCC,9,676813
cpxRp2,0.5,7,5,ATTCTAGTTGGTCACGTCTC,2,670580
cpxRp2,0.3333333333333333,6,5,ATTCGTCAAATACTGTCCGG,1,643502
cpxRp2,2.5,19,5,ATTCGGTGCTATCTCCGACG,14,641030
cpxRp2,1.1666666666666667,11,5,ATTCGGCCCTAGCGGCTAGT,6,667573
cpxRp2,0.5,7,5,ATTCGAGATTGGCTGGGTGA,2,709602
cpxRp2,0.5,7,5,ATTCGAACTACCTCTCCTAC,2,709314
cpxRp2,1.5,13,5,ATTCATCTTGGCGCTTTGGA,8,668464
cpxRp2,0.8333333333333334,9,5,ATTCAGCGGAGCGTTGTTAA,4,651751
cpxRp2,0.5,7,5,ATTCAGACGTTGAACTGTAG,2,633917
cpxRp2,2.3333333333333335,18,5,ATTCAACGGGGGACTTGAGT,13,656181
cpxRp2,1.3333333333333333,12,5,ATTAGTAAGAATGGAGTGAA,7,692180
cpxRp2,0.6666666666666666,8,5,ATTAGGGCAGGCTTTGAGTA,3,657101
cpxRp2,1.8333333333333333,15,5,ATTACGTCGATTAGACCGGT,10,645492
cpxRp2,0.6666666666666666,8,5,ATTACGTCCGTACTCTTGCT,3,684848
cpxRp2,0.3333333333333333,6,5,ATTACGTCCGACGCCGAAGC,1,702436
cpxRp2,1.5,13,5,ATTAAAGATCTCACTCTTCG,8,690695
cpxRp2,0.5,7,5,ATGTTTCTCAATTCGTGTAC,2,655222
cpxRp2,0.8333333333333334,9,5,ATGTTGTTACTTGATTCGTC,4,652880
cpxRp2,4.0,28,5,ATGTAATTACAGCTAAGTCG,23,651503
cpxRp2,0.5,7,5,ATGGTCGGACTCTATGAAAG,2,657807
cpxRp2,0.3333333333333333,6,5,ATGGGTGGAAGCTCATGTAC,1,698343
cpxRp2,3.0,22,5,ATGGGGAGGCAGGTTGCTCA,17,633082
cpxRp2,1.1666666666666667,11,5,ATGGACAGTGATAGAATAAA,6,666738
cpxRp2,0.8333333333333334,9,5,ATGCTTTTACTAGTAGCACA,4,688944
cpxRp2,1.1666666666666667,11,5,ATGCGGCATGAGCCGATAGG,6,685508
cpxRp2,2.0,16,5,ATGCGCTGGTTCGTTGGACA,11,698682
cpxRp2,0.5,7,5,ATGCGAAGTAGCAACGTCCC,2,641324
cpxRp2,3.3333333333333335,24,5,ATGCCTTTCCCAGTTATCCT,19,671767
cpxRp2,0.3333333333333333,6,5,ATGCCGGCACGGTTCAGAGA,1,691226
cpxRp2,1.6666666666666667,14,5,ATGCCCGGATATAGTACCGT,9,651707
cpxRp2,1.8333333333333333,15,5,ATGCCAGGGTGCAGCATTCT,10,690145
cpxRp2,1.0,10,5,ATGCCAGCCCAGCGACCCCT,5,708202
cpxRp2,0.8333333333333334,9,5,ATGCAATTATGTAGCCAGGA,4,662363
cpxRp2,1.8333333333333333,15,5,ATGATTAGCGGACCTTGTTT,10,692765
cpxRp2,0.3333333333333333,6,5,ATGAGCCGTAACCTAAGCAG,1,689433
cpxRp2,1.3333333333333333,12,5,ATGAGCAAATGAGGTGCGAT,7,630260
cpxRp2,0.5,7,5,ATGACTGGCGGTTTCGGCCT,2,653520
cpxRp2,0.5,7,5,ATCTGGCTTCGCGGTAGGTT,2,646429
cpxRp2,0.6666666666666666,8,5,ATCTGCTCTAAGCTGAAGGG,3,660280
cpxRp2,0.6666666666666666,8,5,ATCGGTTAACGCCAGGCCCT,3,634443
cpxRp2,0.5,7,5,ATCGCGTCAGTCTGCGCAGA,2,654135
cpxRp2,1.1666666666666667,11,5,ATCCGCGTTTATTATCTACA,6,695145
cpxRp2,0.5,7,5,ATCCGCGTCAAGGCGATCGC,2,705283
cpxRp2,0.3333333333333333,6,5,ATCCAGAAGTTCGGGGTTAC,1,634729
cpxRp2,0.3333333333333333,6,5,ATCCACAAGTTAACAGAGAT,1,650290
cpxRp2,0.3333333333333333,6,5,ATCATTGAAAGGCATTAAAG,1,660936
cpxRp2,1.8333333333333333,15,5,ATCATAAGAGTTAAGATCTG,10,687946
cpxRp2,1.8333333333333333,15,5,ATCAGTCTCGTAGTGTGCGT,10,705507
cpxRp2,2.5,19,5,ATCAGATCAGCCTAGAGAAG,14,671095
cpxRp2,2.0,16,5,ATCAATTCCGTGTAGCTTTG,11,639196
cpxRp2,0.5,7,5,ATCAAGGTAGTATTTTGGTT,2,687906
cpxRp2,3.3333333333333335,24,5,ATCAAAGGAACGACCCATGG,19,646304
cpxRp2,0.5,7,5,ATATGCCTCCCGTGTGGACT,2,677834
cpxRp2,1.3333333333333333,12,5,ATATGACTGAGTTCACCCGC,7,694912
cpxRp2,0.5,7,5,ATATATGTTGAAAGAACCAA,2,675551
cpxRp2,0.8333333333333334,9,5,ATAGCTCCTTTGCCGCTCCT,4,658457
cpxRp2,0.8333333333333334,9,5,ATAGCACGGAGATTTCGATG,4,701790
cpxRp2,1.8333333333333333,15,5,ATAATTATCTCCCTTTAGCA,10,672125
cpxRp2,0.3333333333333333,6,5,ATAACCATTTCGTTCGGGCG,1,666063
cpxRp2,1.1666666666666667,11,5,ATAAAGGACCTGACGAAGTA,6,652443
cpxRp2,2.0,16,5,AGTTTTCGTCGTGTACGTTC,11,670706
cpxRp2,1.0,10,5,AGTTTAGCAATTACTACGAT,5,649350
cpxRp2,0.5,7,5,AGTTGTTTCCCCATACAATA,2,653188
cpxRp2,2.0,16,5,AGTTGCCGTCCATCAATCAA,11,643292
cpxRp2,1.0,10,5,AGTTCAGAGATTAGGCCAGA,5,694429
cpxRp2,0.3333333333333333,6,5,AGTTATCCCTCCGTCCGTCA,1,692175
cpxRp2,0.6666666666666666,8,5,AGTTAGAAGTAAGCTTCGGC,3,710064
cpxRp2,2.6666666666666665,20,5,AGTGTTGCCCCCATTTATCA,15,678790
cpxRp2,1.0,10,5,AGTGTCGCGCGTAGCTGATC,5,682502
cpxRp2,1.0,10,5,AGTGTCCCTCGGCGGATGCA,5,681665
cpxRp2,1.3333333333333333,12,5,AGTGTCCCGGATGTTTATAA,7,642640
cpxRp2,0.6666666666666666,8,5,AGTGTATAAGCGCCTCCTGT,3,650732
cpxRp2,1.0,10,5,AGTGTACATCTCTTGCCGAT,5,708290
cpxRp2,0.5,7,5,AGTGGTAGCGTGCAACGGTT,2,688261
cpxRp2,0.8333333333333334,9,5,AGTGATGAAGCATGTTGTAG,4,680277
cpxRp2,1.8333333333333333,15,5,AGTGACGCGAGATCGCTATT,10,646146
cpxRp2,1.0,10,5,AGTCGCGTTAGAGCAACCTG,5,662158
cpxRp2,1.1666666666666667,11,5,AGTCCGGTCAGACTGGTATG,6,703161
cpxRp2,0.3333333333333333,6,5,AGTCATCTGGTTACTGCCTA,1,687856
cpxRp2,0.5,7,5,AGTACCGTCCGAACTGCCAT,2,689278
cpxRp2,0.6666666666666666,8,5,AGTAAGAAAACCCCAGACGT,3,634618
cpxRp2,0.5,7,5,AGTAACTATATCATTTCTGA,2,681353
cpxRp2,2.6666666666666665,20,5,AGGTGTCGCTCCGACCCTAG,15,659943
cpxRp2,0.5,7,5,AGGTGGTTATCAAACGCGAT,2,629647
cpxRp2,1.5,13,5,AGGTGCCGTTTGAGTGCGCA,8,654586
cpxRp2,1.0,10,5,AGGTCCGGGGTTCGCCCTCG,5,675508
cpxRp2,1.8333333333333333,15,5,AGGTCCCTTGTCAGCAGTTG,10,653458
cpxRp2,0.3333333333333333,6,5,AGGGTGTCCTTGACTTGGGA,1,638442
cpxRp2,0.5,7,5,AGGGTGCTTATTGGACCAAT,2,666934
cpxRp2,0.6666666666666666,8,5,AGGGTCACCGCGGTTCTAGC,3,659506
cpxRp2,2.8333333333333335,21,5,AGGGGTTCCTTCAAGGCACG,16,703284
cpxRp2,0.3333333333333333,6,5,AGGCTTTACGCGTAATTCTT,1,630618
cpxRp2,1.5,13,5,AGGCTAGCCGGGGAACTTTG,8,667652
cpxRp2,0.5,7,5,AGGCTAACACGTGGACAAAA,2,642027
cpxRp2,1.5,13,5,AGGCGTGTTTACAAAATGAG,8,651125
cpxRp2,0.5,7,5,AGGCGACTTGCGGTGGCCAC,2,683623
cpxRp2,0.6666666666666666,8,5,AGGCCTACTAGAATTTCAAA,3,635063
cpxRp2,0.5,7,5,AGGCCACTGACGACATATTG,2,701760
cpxRp2,1.5,13,5,AGGCAGACAAAAGGCCACTC,8,657942
cpxRp2,0.5,7,5,AGGCACGATGGTTGCAGTGC,2,658421
cpxRp2,0.3333333333333333,6,5,AGGATTTCCTTGTTGCTCGC,1,689510
cpxRp2,0.3333333333333333,6,5,AGGATGGTGCTCGGGCTTGT,1,711383
cpxRp2,1.8333333333333333,15,5,AGGATGAAATGATAGCTATG,10,706898
cpxRp2,0.5,7,5,AGGATAGCAGGTGTGCAGAT,2,636534
cpxRp2,1.0,10,5,AGGACGGATAGAGTCGATAT,5,633359
cpxRp2,1.1666666666666667,11,5,AGGAAGCGGAGCTGGCGCTC,6,690308
cpxRp2,1.3333333333333333,12,5,AGCTGTCGTCACGTAACGTG,7,635022
cpxRp2,0.8333333333333334,9,5,AGCTCGTAGTACCACCTATT,4,634602
cpxRp2,1.6666666666666667,14,5,AGCTCCTTGCACTTCGCAAT,9,697975
cpxRp2,0.3333333333333333,6,5,AGCTCAAGCCCCTCACGTTA,1,684740
cpxRp2,1.1666666666666667,11,5,AGCTAGGGCATCAGCATTGT,6,709874
cpxRp2,1.1666666666666667,11,5,AGCTAGCAATTTTTACAAAC,6,703944
cpxRp2,2.0,16,5,AGCTACCACGGTATCCCTCA,11,710254
cpxRp2,3.3333333333333335,24,5,AGCGTGTGCATTGCCTCCGC,19,683496
cpxRp2,0.8333333333333334,9,5,AGCGTAGCACAAATATCCTG,4,662262
cpxRp2,2.3333333333333335,18,5,AGCGGAGTAAAGCATCGGAT,13,704061
cpxRp2,0.6666666666666666,8,5,AGCGCTTAAATTACGCATTT,3,706347
cpxRp2,1.8333333333333333,15,5,AGCCTCCCAATGTGACTTGG,10,674020
cpxRp2,2.6666666666666665,20,5,AGCCTCACGCAAGCGTACTA,15,703270
cpxRp2,2.5,19,5,AGCCGCGACACTGAGCTTTC,14,636065
cpxRp2,0.8333333333333334,9,5,AGCCCTCCAGGCTAACTCAT,4,676423
cpxRp2,2.0,16,5,AGCCCAAGGTGTTAGCCCAA,11,708445
cpxRp2,2.1666666666666665,17,5,AGCCATCCATCGTGGGGGTA,12,643687
cpxRp2,2.6666666666666665,20,5,AGCATTAGCGTCACCGCAGT,15,647266
cpxRp2,0.5,7,5,AGCATGGCTCACGTTCTGAA,2,649198
cpxRp2,0.6666666666666666,8,5,AGCAGGTGTAAGCCCCCCCA,3,665402
cpxRp2,0.8333333333333334,9,5,AGCAGGGGCACTTCTGGCAG,4,666132
cpxRp2,0.3333333333333333,6,5,AGCAACCACGGTTGAAGAGA,1,707357
cpxRp2,0.6666666666666666,8,5,AGCAAACGATGCGCAGCGTC,3,650888
cpxRp2,2.5,19,5,AGCAAACCTTTACTCAGTAT,14,641012
cpxRp2,0.5,7,5,AGATTGCCGAAATTTAGATT,2,670221
cpxRp2,0.8333333333333334,9,5,AGATTGAGGTCCCACGAGTA,4,686068
cpxRp2,3.0,22,5,AGATTAGTCAACTATCTCCC,17,707170
cpxRp2,1.0,10,5,AGATGGCAATACATAATAGT,5,675348
cpxRp2,1.6666666666666667,14,5,AGATCTTTTCGAATATAAGT,9,642745
cpxRp2,0.6666666666666666,8,5,AGATCGTGGCCCAAATTGTG,3,683104
cpxRp2,1.1666666666666667,11,5,AGATCGTGGAGACGATCGGG,6,638644
cpxRp2,0.5,7,5,AGATCATGACAAATGCGGCA,2,682524
cpxRp2,1.1666666666666667,11,5,AGATAATGTGTACCATGAGC,6,634236
cpxRp2,0.5,7,5,AGAGTGGAGCTGATTCGTTC,2,655932
cpxRp2,1.3333333333333333,12,5,AGAGTGCACTGTTATAGATT,7,663106
cpxRp2,1.0,10,5,AGAGCAACATTGTCAACGCG,5,696399
cpxRp2,1.0,10,5,AGAGACATGCTGCAGACGGC,5,699998
cpxRp2,9.166666666666666,59,5,AGAGAAGGCTACTTCTGTTA,54,692980
cpxRp2,2.6666666666666665,20,5,AGACTGATTCAGAATAGACA,15,665809
cpxRp2,0.5,7,5,AGACGCAAAAGTTTACAATT,2,643698
cpxRp2,1.6666666666666667,14,5,AGACCAGGAAGGCGCAATCT,9,665045
cpxRp2,5.333333333333333,36,5,AGACCACTATGTCAAAGGAT,31,663928
cpxRp2,1.6666666666666667,14,5,AGAATCTCCACCCAGTGCGT,9,639313
cpxRp2,0.5,7,5,AGAAGCGATACGTCAAGTTA,2,677991
cpxRp2,1.1666666666666667,11,5,AGAACTGGAAATGCGACTGT,6,660823
cpxRp2,0.5,7,5,AGAACGCCATAGCGGTCTGC,2,693904
cpxRp2,2.0,16,5,AGAACCGGATTCACCAAAAA,11,645085
cpxRp2,0.5,7,5,AGAAAGCGAAAGGGCTGACG,2,655844
cpxRp2,0.6666666666666666,8,5,AGAAAAATCACGTGCCAGCA,3,653062
cpxRp2,0.5,7,5,ACTTGGAAGTTGCGGATCAT,2,644340
cpxRp2,8.166666666666666,53,5,ACTTAAAGGTTGCAGTTAAC,48,666182
cpxRp2,0.6666666666666666,8,5,ACTGTCGCCCAAGTCCTCCC,3,655303
cpxRp2,1.3333333333333333,12,5,ACTCCCTTCCGGGATATACC,7,630276
cpxRp2,1.1666666666666667,11,5,ACTCACTGTTATCGTCGCCA,6,634065
cpxRp2,0.6666666666666666,8,5,ACTCACTCAGCTGCCGACCA,3,651209
cpxRp2,1.0,10,5,ACTATGGAGTTGAAGTTAAG,5,675729
cpxRp2,2.1666666666666665,17,5,ACTAATCGCTACCCAGGATC,12,642694
cpxRp2,1.1666666666666667,11,5,ACTAAGCAGGACCTGATTGA,6,642808
cpxRp2,1.1666666666666667,11,5,ACTAACAAAAGGTTGCACTA,6,650950
cpxRp2,1.1666666666666667,11,5,ACGTTGCTCAAGTACATCCT,6,696260
cpxRp2,2.0,16,5,ACGTTCCAGTTCTGAATGAG,11,631210
cpxRp2,0.6666666666666666,8,5,ACGTTAAGTGTCGAGGTGAC,3,653565
cpxRp2,0.8333333333333334,9,5,ACGTCGCACAGATTGGCAAC,4,643493
cpxRp2,1.0,10,5,ACGTCAGGCGGACACACCAC,5,712289
cpxRp2,0.5,7,5,ACGTCACAGACTGTCTGCCA,2,641194
cpxRp2,1.8333333333333333,15,5,ACGGGGTCGCTTTACACCAA,10,641138
cpxRp2,0.6666666666666666,8,5,ACGGGCTCTAGCGGTTAGCG,3,696987
cpxRp2,0.3333333333333333,6,5,ACGGCTTTTCCCTCGTTTCA,1,673462
cpxRp2,0.5,7,5,ACGGCGGTCATGCATAGCCC,2,668749
cpxRp2,2.1666666666666665,17,5,ACGGATGAACTCCGGGCAAC,12,669113
cpxRp2,0.5,7,5,ACGGATCGTTCTCTAAAGCA,2,688504
cpxRp2,1.1666666666666667,11,5,ACGGAGCCAAGCATTGCTAG,6,673683
cpxRp2,1.5,13,5,ACGGACGGGATCAAAATAGA,8,636515
cpxRp2,3.1666666666666665,23,5,ACGCTTATTTCAGCTGTGTC,18,638256
cpxRp2,0.3333333333333333,6,5,ACGCTAATGAACGGCTCTAA,1,669245
cpxRp2,0.6666666666666666,8,5,ACGCGTCTCTTGCTACTGTC,3,663550
cpxRp2,3.1666666666666665,23,5,ACGCGATCGAGGGGCGAATC,18,698787
cpxRp2,1.1666666666666667,11,5,ACGCCACTGGTCATGTTGAC,6,704508
cpxRp2,2.1666666666666665,17,5,ACGATCGCTGGGTCTATGCT,12,705962
cpxRp2,0.5,7,5,ACGACCGTAGGTTCGAAATA,2,634426
cpxRp2,0.5,7,5,ACGACCGAGCCGTGGTTCCA,2,660305
cpxRp2,1.0,10,5,ACGACACGATACAACAACAT,5,683983
cpxRp2,1.1666666666666667,11,5,ACGAATCAGGCACCTGTTCA,6,661507
cpxRp2,1.5,13,5,ACCTTTAGTTCAGTCCATGC,8,708728
cpxRp2,1.3333333333333333,12,5,ACCTTGCCTCCTTTGACGCT,7,658441
cpxRp2,2.0,16,5,ACCTGGGCTGCCCTTAACTG,11,674436
cpxRp2,0.5,7,5,ACCTGGAGGCTGTGACAGCA,2,670350
cpxRp2,0.5,7,5,ACCTCTGAGTGAGTCCCCTT,2,629851
cpxRp2,3.5,25,5,ACCTCGAGTAGCTAACTCGG,20,706502
cpxRp2,0.3333333333333333,6,5,ACCTCAGAAGTATCTGAAGA,1,680327
cpxRp2,0.3333333333333333,6,5,ACCGTTTCGCCGGTAAAAAG,1,683242
cpxRp2,1.8333333333333333,15,5,ACCGTCCGGGCGGCACGACC,10,690471
cpxRp2,0.6666666666666666,8,5,ACCGTAATACGTCCAGGGTG,3,641343
cpxRp2,2.3333333333333335,18,5,ACCGCGTAGGAGCAGCTCAT,13,682258
cpxRp2,1.8333333333333333,15,5,ACCGCATCGGAGAAATTCTG,10,657861
cpxRp2,0.6666666666666666,8,5,ACCGCAAAACGAGAAACTTC,3,644841
cpxRp2,0.8333333333333334,9,5,ACCATGTCGAGCCTGCTAAA,4,693256
cpxRp2,2.8333333333333335,21,5,ACCATAGGTACTTTAGCTCT,16,636130
cpxRp2,0.5,7,5,ACCATACATGCAAGAAAGAC,2,689719
cpxRp2,2.3333333333333335,18,5,ACCAGTGTCTGGGAAAAGGC,13,665804
cpxRp2,1.0,10,5,ACCACGAATCTCTTCGGTAT,5,683591
cpxRp2,2.1666666666666665,17,5,ACCACCCAAACTGTACTGAA,12,635601
cpxRp2,0.5,7,5,ACCACAGGACGAGGCGATTA,2,654512
cpxRp2,0.5,7,5,ACCAAGGAACCGGCCCGTAT,2,683346
cpxRp2,0.5,7,5,ACCAAAGCCTGTTCTGGAAG,2,647321
cpxRp2,1.1666666666666667,11,5,ACATGACTCCCTGGAGAAGG,6,698099
cpxRp2,1.6666666666666667,14,5,ACATCTCCGGACTCATTGGT,9,657543
cpxRp2,0.8333333333333334,9,5,ACATCCATGCAAGTTGCGCA,4,704275
cpxRp2,1.1666666666666667,11,5,ACATCCATACGAGCGCGAAC,6,659472
cpxRp2,1.5,13,5,ACATAGTCCACAATTAATGA,8,658200
cpxRp2,0.3333333333333333,6,5,ACATAATAATAACGGCATAA,1,696631
cpxRp2,0.5,7,5,ACAGTTCACTCGACCGCTTG,2,660210
cpxRp2,0.3333333333333333,6,5,ACAGTCACCCGACTCGAAAT,1,649351
cpxRp2,1.1666666666666667,11,5,ACAGGTCTCTCAGAAAGCGC,6,709855
cpxRp2,2.8333333333333335,21,5,ACAGGTATTAAAAGCGGTTC,16,702861
cpxRp2,1.3333333333333333,12,5,ACAGGAAATGATGTACACCA,7,687772
cpxRp2,0.6666666666666666,8,5,ACAGCCTAGTTCTTACTCAG,3,706148
cpxRp2,3.1666666666666665,23,5,ACAGCATCAACAGGCGGCGT,18,672558
cpxRp2,0.8333333333333334,9,5,ACAGAACCAGGCGGCAGAAT,4,655117
cpxRp2,0.5,7,5,ACACTGGACTCTCTCATTCA,2,678703
cpxRp2,4.666666666666667,32,5,ACACAGGGTTTCGAATAATA,27,677298
cpxRp2,0.6666666666666666,8,5,ACAATAGCTCATGCCGTGCT,3,703460
cpxRp2,1.1666666666666667,11,5,ACAAGGTCCAGCATAGTGGT,6,644886
cpxRp2,0.8333333333333334,9,5,ACAACGTCACGAACTGCCGC,4,653927
cpxRp2,3.5,25,5,AATTTTTGGTCACACGGGTC,20,647704
cpxRp2,2.1666666666666665,17,5,AATTGCTAGTAGCGTCCTAG,12,635398
cpxRp2,2.6666666666666665,20,5,AATTCACTCTTAAGGGCTCA,15,672025
cpxRp2,0.3333333333333333,6,5,AATTCAATCGGCAGGCGGCT,1,710486
cpxRp2,1.1666666666666667,11,5,AATTCAAGCGAAAATGAGGG,6,678084
cpxRp2,0.3333333333333333,6,5,AATTAAGCGCGTTTATACCT,1,659712
cpxRp2,0.6666666666666666,8,5,AATGTGTTGGTATATTCTAT,3,711599
cpxRp2,3.1666666666666665,23,5,AATGGGGGGAACTTAACGAG,18,687197
cpxRp2,0.5,7,5,AATGGCTATCACATGCACCT,2,651515
cpxRp2,0.5,7,5,AATGCTGGAATTGAAATATT,2,690361
cpxRp2,3.3333333333333335,24,5,AATGCCTGCCGACTAAGGCA,19,707474
cpxRp2,0.3333333333333333,6,5,AATGCATGAGTAACGCGGAC,1,644804
cpxRp2,2.1666666666666665,17,5,AATGCACTGTCCTCCGAATC,12,677168
cpxRp2,1.1666666666666667,11,5,AATCTACCCCGCGTTTTAGA,6,674532
cpxRp2,1.3333333333333333,12,5,AATCGTGGGCGTCGAAGCAT,7,648067
cpxRp2,1.5,13,5,AATCGTCTACCATTGTGTTA,8,630581
cpxRp2,0.8333333333333334,9,5,AATCCGACTTCGGAAAGTAG,4,689223
cpxRp2,0.5,7,5,AATCCCAAGTATCATTTACC,2,681172
cpxRp2,2.1666666666666665,17,5,AATCATGTTCTCAATTTGGG,12,658611
cpxRp2,1.1666666666666667,11,5,AATCAGTCGGGAGGCTAAAT,6,678862
cpxRp2,1.8333333333333333,15,5,AATCAAATTGTCACTAAAGC,10,672513
cpxRp2,0.5,7,5,AATATCCTTGCACGGAACGA,2,692930
cpxRp2,1.1666666666666667,11,5,AATAGGTTCTTTGGCTTAAG,6,696312
cpxRp2,1.1666666666666667,11,5,AATAGCGGAGCCCCATGCAT,6,704381
cpxRp2,0.6666666666666666,8,5,AAGTCATGTTCGCGTCTGTT,3,682943
cpxRp2,0.6666666666666666,8,5,AAGTAGTTCTCGGGCCTCTT,3,670450
cpxRp2,0.5,7,5,AAGGGTTCCAGAATGTGGGG,2,633358
cpxRp2,0.3333333333333333,6,5,AAGGGTACATTTTGGACTGT,1,659507
cpxRp2,0.5,7,5,AAGGGGGCACAACAAGGAGT,2,697652
cpxRp2,0.3333333333333333,6,5,AAGGCGGGTGCTGAATAAAG,1,670112
cpxRp2,0.5,7,5,AAGGATTGCGTCGCGACTAA,2,696269
cpxRp2,0.3333333333333333,6,5,AAGGATTCGCGAAGGAGTGC,1,708910
cpxRp2,1.1666666666666667,11,5,AAGCTTTAGGCTGGAGTGTA,6,658516
cpxRp2,1.1666666666666667,11,5,AAGCGTATCATGATCGGCGG,6,662545
cpxRp2,0.3333333333333333,6,5,AAGCCTCTGGGCAACGGTCT,1,708883
cpxRp2,2.8333333333333335,21,5,AAGCCGTGTAGGAGTGCTGC,16,712040
cpxRp2,0.6666666666666666,8,5,AAGCCATGCGCTCGCTTCGG,3,639770
cpxRp2,0.8333333333333334,9,5,AAGCACTGTAGCTGTGAATC,4,638923
cpxRp2,1.5,13,5,AAGCAACCGTTGTAGATATT,8,647205
cpxRp2,1.8333333333333333,15,5,AAGATATGTCCAGTATGCGT,10,669203
cpxRp2,1.0,10,5,AAGATAGAACCGACCCAATT,5,700270
cpxRp2,0.6666666666666666,8,5,AAGAGTGAGGATCCGGAATA,3,632490
cpxRp2,1.0,10,5,AAGACTAGATAGTAAGTAGG,5,695826
cpxRp2,0.3333333333333333,6,5,AAGACGTATAAGCAGCCCTA,1,679635
cpxRp2,0.3333333333333333,6,5,AAGACACCCTAATCTCAAAC,1,712370
cpxRp2,0.3333333333333333,6,5,AAGAAGGGTCGTTGACTGGC,1,643295
cpxRp2,0.8333333333333334,9,5,AAGAAGCGCGCAAACTGATA,4,633821
cpxRp2,0.5,7,5,AAGAACAGTACCTAATCGGA,2,702198
cpxRp2,2.0,16,5,AACTTTTGACCAAGGGAGGA,11,695816
cpxRp2,0.6666666666666666,8,5,AACTGGGGGTGGGTTTATTT,3,642905
cpxRp2,1.3333333333333333,12,5,AACGCAGACTCCCGATGAAA,7,701023
cpxRp2,0.8333333333333334,9,5,AACGATGGCTGGCTAAGCTT,4,697986
cpxRp2,1.0,10,5,AACCACACTTCATTACTCTT,5,679248
cpxRp2,1.1666666666666667,11,5,AACATTCCGTGGCTAAAAAC,6,648688
cpxRp2,0.3333333333333333,6,5,AACAGCACCTTTAAATGGGT,1,651574
cpxRp2,3.6666666666666665,26,5,AACAATTTCCACGGTAAAAT,21,647147
cpxRp2,1.5,13,5,AAATGTTATGGACCACTACA,8,700162
cpxRp2,0.3333333333333333,6,5,AAAGTGGCCGACCATCAACA,1,687171
cpxRp2,0.5,7,5,AAAGCCGCTCCGGCGTTACT,2,668512
cpxRp2,1.8333333333333333,15,5,AAAGACCATGCATTCCCGCA,10,639856
cpxRp2,1.5,13,5,AAACTGTCATCGACATCATC,8,647693
cpxRp2,1.8333333333333333,15,5,AAACTGGTTGGGCGTCCTGA,10,673348
cpxRp2,1.0,10,5,AAACTCGGAGTACTCGGGGG,5,712128
cpxRp2,1.0,10,5,AAACCTGAACCTCTGGCCAT,5,706490
cpxRp2,0.3333333333333333,6,5,AAACACGGAGCATGCTCGGC,1,677217
cpxRp2,2.3333333333333335,18,5,AAACAAGCGTAGTGTTCTCC,13,690105
cpxRp2,0.6666666666666666,8,5,AAAATTGGCAACGTCTCATA,3,656369
cpxRp2,0.5,7,5,AAAATTCAATGATTGGACTC,2,654841
cpxRp2,0.5,7,5,AAAACCAGTTAGACACTATA,2,691319
cpxRp2,4.833333333333333,33,5,AAAAATGACGATCGCACTTT,28,697956
cpxRp2,1.0,8,4,TTTTTCAGTTGTGTAATAAG,4,681567
cpxRp2,1.6,11,4,TTTTTCAAGTATGCCTTAGG,7,655548
cpxRp2,1.6,11,4,TTTTGGGTTCCGGCAGTGTG,7,690622
cpxRp2,2.8,17,4,TTTTGGAGACAAGCAACGAA,13,639494
cpxRp2,0.6,6,4,TTTTAGTAAGTCGCCATAGC,2,642235
cpxRp2,0.4,5,4,TTTGTTCCTGGGATCTGGCC,1,707128
cpxRp2,1.2,9,4,TTTGTTACTTATGCCTCACG,5,710329
cpxRp2,0.4,5,4,TTTGGTTGATAGTACTTTCG,1,692926
cpxRp2,1.4,10,4,TTTGGAGCTCTCCGGCCCGA,6,702389
cpxRp2,1.6,11,4,TTTGGAAGAGGACTGGACTA,7,648419
cpxRp2,1.2,9,4,TTTGCGCCCTTAAGTCAGAC,5,664393
cpxRp2,0.6,6,4,TTTGCCAGTGACTGATCAGA,2,680388
cpxRp2,2.8,17,4,TTTGAGTCAGCGCACATCTT,13,668498
cpxRp2,0.4,5,4,TTTCTGTTATTAGAGCCCAC,1,635869
cpxRp2,1.4,10,4,TTTCTGGCGATGGGATCCGA,6,670383
cpxRp2,0.4,5,4,TTTCTGCAGGCTTTTGGGAT,1,664420
cpxRp2,5.4,30,4,TTTCTCCAGCAGCTGGCGGT,26,708622
cpxRp2,0.6,6,4,TTTCGTATTTCCGACAGTTT,2,674243
cpxRp2,2.6,16,4,TTTCGCCAGACTCATCTTTG,12,630505
cpxRp2,2.6,16,4,TTTCGACGGAGCTCATTCGA,12,700192
cpxRp2,0.8,7,4,TTTCGAACTGGATTGCTCGA,3,676280
cpxRp2,2.6,16,4,TTTCGAACATGACGAGCAAA,12,633299
cpxRp2,2.8,17,4,TTTCCCCTGCTCCAGCCAAA,13,648281
cpxRp2,1.6,11,4,TTTCAGCCTCGATGTGGCGT,7,641505
cpxRp2,1.8,12,4,TTTATAACCCTTTTGATACC,8,665333
cpxRp2,0.4,5,4,TTTAGATATGGGAACCTGAT,1,663184
cpxRp2,4.8,27,4,TTTACTGATCCTTACCCGGA,23,684853
cpxRp2,0.4,5,4,TTTACGCCTCACATCCTCGC,1,681173
cpxRp2,6.6,36,4,TTGTGGTGAGACACTCTCGG,32,682036
cpxRp2,1.6,11,4,TTGTGCATGCGTCCGTGAAG,7,693521
cpxRp2,2.2,14,4,TTGTACGTTAGATAACCAGT,10,707487
cpxRp2,0.6,6,4,TTGGTTAGAAGCCCTCGAAA,2,638782
cpxRp2,4.0,23,4,TTGGTTACCGTTTGAATGTT,19,642066
cpxRp2,1.2,9,4,TTGGTGTTATCAAGGGGTAC,5,689210
cpxRp2,1.8,12,4,TTGGTCACCTGCTAAAGTCC,8,667439
cpxRp2,0.8,7,4,TTGGGATGGTGAACATGGCT,3,653552
cpxRp2,0.8,7,4,TTGGGAGACTTTATTAGGTG,3,641125
cpxRp2,0.6,6,4,TTGGGACGCAGACACCTGCT,2,709809
cpxRp2,2.2,14,4,TTGGCGCGTGTCGCAAAGGA,10,641047
cpxRp2,21.2,109,4,TTGGCCGACCGTGTCATACT,105,708438
cpxRp2,0.4,5,4,TTGGCCGAAGAACACTGGGA,1,700908
cpxRp2,0.8,7,4,TTGGCAGCCTCATGGGGCCA,3,646814
cpxRp2,1.0,8,4,TTGGAGTCCGTACCGGGCAA,4,632666
cpxRp2,0.6,6,4,TTGGAATCACCAAAGGGATT,2,678020
cpxRp2,0.4,5,4,TTGCTCTTGGGCAATCACGT,1,708886
cpxRp2,1.2,9,4,TTGCTACGTTTCCGTGTGTT,5,643749
cpxRp2,3.0,18,4,TTGCGTGGGGACCGACACCT,14,691960
cpxRp2,1.4,10,4,TTGCCTGCGTCACACCACCT,6,695851
cpxRp2,0.4,5,4,TTGCCCCAGGGCACTATGTT,1,657863
cpxRp2,0.4,5,4,TTGCATCTTACAAAGCTCTA,1,690388
cpxRp2,0.6,6,4,TTGATCGGGTTCGCATCACG,2,655801
cpxRp2,0.6,6,4,TTGAGGTTTAAGTACCTTGG,2,637269
cpxRp2,1.6,11,4,TTGACGTCTCGCGCGGTTCC,7,677840
cpxRp2,2.6,16,4,TTGAAAACGACTGGGCTAAG,12,712031
cpxRp2,1.0,8,4,TTCTTCCAGAGTGACCATTA,4,662581
cpxRp2,3.8,22,4,TTCTCGTGGCTAGGAACTAT,18,650825
cpxRp2,2.8,17,4,TTCTCGAAATATCCCATGAT,13,645904
cpxRp2,0.4,5,4,TTCTCCCATGGCGGGGACCA,1,632811
cpxRp2,1.0,8,4,TTCTCATTCCCCTTTTGGCG,4,658038
cpxRp2,0.4,5,4,TTCGTTTCGGTATTCCTTCA,1,682668
cpxRp2,1.2,9,4,TTCGGAGAGATAAGTGAGCC,5,672286
cpxRp2,3.0,18,4,TTCGCCTTAGTCTGACAAAG,14,657633
cpxRp2,1.0,8,4,TTCGAGGGAATCTAAGGATG,4,631378
cpxRp2,0.4,5,4,TTCGACCGAGGAATCCCTTA,1,644508
cpxRp2,0.6,6,4,TTCGAACGTTGATATGTCCA,2,634694
cpxRp2,0.4,5,4,TTCCGCTACGGTTCCGTTCA,1,710770
cpxRp2,0.8,7,4,TTCCGCATGATCGACAAGGT,3,699916
cpxRp2,1.4,10,4,TTCATGAGATGCGAACGCAA,6,675939
cpxRp2,0.8,7,4,TTCATCTTTCAGGGGATATC,3,691827
cpxRp2,1.4,10,4,TTCAGGGTACCTCACTATAA,6,657418
cpxRp2,0.8,7,4,TTCAAAACCGATTCAGGTCC,3,675702
cpxRp2,0.8,7,4,TTATTGGTACACTGCGTCGG,3,686295
cpxRp2,1.2,9,4,TTATTGATAACCCATCGTCA,5,657906
cpxRp2,0.6,6,4,TTATGACCCGCTATCCCCAA,2,687908
cpxRp2,1.4,10,4,TTATAACCAAACGCGATGCA,6,688644
cpxRp2,1.4,10,4,TTAGGCCGCGCTTGGGGCCA,6,634849
cpxRp2,1.4,10,4,TTAGCAGTGAATGGAGTGGA,6,653820
cpxRp2,0.6,6,4,TTAGACCTATACACCAAGAC,2,636192
cpxRp2,0.6,6,4,TTAGACAAACCGCGGAGGTA,2,657144
cpxRp2,1.0,8,4,TTAGAAGCGGACTCCGATAA,4,638232
cpxRp2,1.0,8,4,TTACTTGATACGTTCCGAAT,4,665466
cpxRp2,0.8,7,4,TTACTTCAGGCCATGACTAG,3,646764
cpxRp2,0.4,5,4,TTACTGCGATCCTTATGAAC,1,659671
cpxRp2,0.4,5,4,TTACTCGCCAATTTTTGACG,1,690958
cpxRp2,1.4,10,4,TTACGCAGAAGTTCCCGAGG,6,706041
cpxRp2,1.8,12,4,TTACCTTCCATTCGCGTTGA,8,660344
cpxRp2,5.0,28,4,TTACAGGGAAAATACGGAAC,24,636892
cpxRp2,0.4,5,4,TTACACGTCGGCTAAAAAAT,1,701480
cpxRp2,2.2,14,4,TTAAGTTTTGTGGACCAATG,10,677627
cpxRp2,2.2,14,4,TTAAGTTTCACAGGTCATCG,10,702139
cpxRp2,1.6,11,4,TTAAGTGGCCGGCGTAGAAA,7,631075
cpxRp2,1.8,12,4,TTAAAGCTATGAGACGGGTG,8,710079
cpxRp2,0.4,5,4,TGTTTCAGTCGATGGGCGCC,1,690600
cpxRp2,0.6,6,4,TGTTGGCTGGGGTGTGACAC,2,667618
cpxRp2,0.6,6,4,TGTTGAACCAGCAGCAGGCA,2,651715
cpxRp2,3.2,19,4,TGTTCAACTAACACTGCTTT,15,637375
cpxRp2,1.4,10,4,TGTTAAGGCGCCGGACAGTG,6,677586
cpxRp2,1.6,11,4,TGTGTCCCGTGCCAGTGTAG,7,696491
cpxRp2,1.0,8,4,TGTGGAAGGGAAACTTTTGG,4,682421
cpxRp2,1.2,9,4,TGTCTTTACGGATTCAGTAC,5,653835
cpxRp2,1.4,10,4,TGTCTCTAAGCTTGTCCGTC,6,654263
cpxRp2,1.0,8,4,TGTCGCGTTGATCTGAACTC,4,637000
cpxRp2,1.2,9,4,TGTCCTGTTTTCTGCACAGT,5,698295
cpxRp2,0.4,5,4,TGTCCATCCGAGTGCAACTA,1,696357
cpxRp2,0.4,5,4,TGTCCACAGGAGAGGAGCGT,1,670211
cpxRp2,1.2,9,4,TGTATTGCTTAAATGTTCCC,5,670110
cpxRp2,0.4,5,4,TGTATGTTGGTTAAAAATAT,1,663862
cpxRp2,0.8,7,4,TGTACCGCTCACGGAGCGAC,3,690306
cpxRp2,0.6,6,4,TGTACCAGACATGAATCGTA,2,656950
cpxRp2,1.0,8,4,TGTAACCTAGGGTTCGTGGA,4,696778
cpxRp2,0.6,6,4,TGGTTGTTTTGCGCTGCTTG,2,709623
cpxRp2,1.8,12,4,TGGTTGGAAAAGGCGGAGAG,8,655282
cpxRp2,0.8,7,4,TGGTTGATGATCCAGGGCGC,3,703671
cpxRp2,1.6,11,4,TGGTAAGGGGCTTTGTACGG,7,660264
cpxRp2,1.8,12,4,TGGGTGCTGGACTAGATGGA,8,644817
cpxRp2,1.4,10,4,TGGGGTCCAATTGATATCTT,6,702123
cpxRp2,3.4,20,4,TGGGCTTCCCGATTCAATGG,16,692089
cpxRp2,1.2,9,4,TGGGCTCTAACAGAATGTTG,5,668967
cpxRp2,0.8,7,4,TGGCTGGAATTGCCTCGTCT,3,670701
cpxRp2,1.4,10,4,TGGCTCTTTCATCTACTATC,6,658316
cpxRp2,1.0,8,4,TGGCTATTCATATCTAAGGT,4,670926
cpxRp2,0.8,7,4,TGGCCTTTACACCGTGGTGG,3,704543
cpxRp2,0.4,5,4,TGGCACGAGGAGAATAAGCT,1,656781
cpxRp2,0.4,5,4,TGGCACCCGTAGCTTTTAAT,1,687064
cpxRp2,0.6,6,4,TGGATCGACCGTCACTACGT,2,699492
cpxRp2,1.4,10,4,TGGATACGTTCTTGTAACAT,6,653878
cpxRp2,1.2,9,4,TGGAGAAGACGGCATGGGGT,5,646415
cpxRp2,1.2,9,4,TGGACTCCCGGGCTTTCTGT,5,658137
cpxRp2,0.8,7,4,TGGACCTCTGGCACCAGGGT,3,671036
cpxRp2,3.8,22,4,TGGAAGCGCTTTTTGGGGCT,18,679478
cpxRp2,1.0,8,4,TGCGTTTACGCGGCAGGACC,4,655839
cpxRp2,0.8,7,4,TGCGTGTTACGGTCCTCTTC,3,667023
cpxRp2,0.4,5,4,TGCGGGGATCGGTTAAATTA,1,709933
cpxRp2,2.2,14,4,TGCGATAAACATACATTCTT,10,665554
cpxRp2,0.6,6,4,TGCCTCGTGCCATGATGTCT,2,655939
cpxRp2,3.6,21,4,TGCCTATATACTCCTGAATA,17,673510
cpxRp2,0.6,6,4,TGCCGAGTGCCAGAAGAAAA,2,641371
cpxRp2,2.6,16,4,TGCCATAGAACACGTATCTA,12,667686
cpxRp2,1.2,9,4,TGCCAGGGATACCCACTTAC,5,642844
cpxRp2,1.2,9,4,TGCATAGTCGTTACCAGGTA,5,687356
cpxRp2,0.8,7,4,TGCAGGTCCGGGTTGGATAA,3,649371
cpxRp2,1.2,9,4,TGCAGCGACCTCCTAGTATA,5,654910
cpxRp2,2.6,16,4,TGCAGAGTCATTTACTGGAC,12,642614
cpxRp2,0.4,5,4,TGCAGACAAAGAGCTTTGTC,1,673062
cpxRp2,2.6,16,4,TGCACTCAGACACACCGGGC,12,682417
cpxRp2,4.6,26,4,TGCACCCTATGGGAGGAGTA,22,641692
cpxRp2,1.6,11,4,TGCACAGTAGTTCCTCCTGT,7,692338
cpxRp2,1.0,8,4,TGCAATGGCAAGCTTGGGTC,4,668811
cpxRp2,0.4,5,4,TGCAAGGACGTAACAGCTCT,1,649261
cpxRp2,1.0,8,4,TGCAAGGAATCCACGTATCG,4,645722
cpxRp2,4.2,24,4,TGATGCGTGGCGATGGTTTT,20,687768
cpxRp2,1.2,9,4,TGATCCTGCCTAAGTGCCGC,5,686152
cpxRp2,1.6,11,4,TGATCCTAGTATTTGTAATC,7,693669
cpxRp2,0.8,7,4,TGATCCACCCCGGAATCCCA,3,679590
cpxRp2,0.6,6,4,TGATCCAAATATGGGAAACA,2,682440
cpxRp2,0.4,5,4,TGATCACGGTCCCAGACCTC,1,695245
cpxRp2,2.2,14,4,TGATAGGTTCGACCCACATA,10,633940
cpxRp2,0.6,6,4,TGAGTTAGACCCCGAGTTTA,2,666562
cpxRp2,0.8,7,4,TGAGCTAGACGGATAGAATG,3,688966
cpxRp2,0.4,5,4,TGAGCGATGGCCAATTCTCT,1,701396
cpxRp2,0.4,5,4,TGAGCAACGTGTCCTGTAGA,1,680452
cpxRp2,2.4,15,4,TGAGACTTCCGACTACCAGC,11,698622
cpxRp2,1.2,9,4,TGAGAAATTTGGTGTAGGGT,5,712015
cpxRp2,0.6,6,4,TGACTTATTTAGTACCGCGA,2,648014
cpxRp2,1.6,11,4,TGACTGTCCGCCCCCTAAAT,7,699434
cpxRp2,1.8,12,4,TGACGCTTTTGGTCTCGCTC,8,654718
cpxRp2,2.2,14,4,TGACATCTCGAAGCTTGTCA,10,652497
cpxRp2,1.0,8,4,TGAATGTGCCATATGTGAAA,4,671152
cpxRp2,4.2,24,4,TGAATGAAGGACACTAGATT,20,649740
cpxRp2,1.6,11,4,TGAAGGATATCAAGTACAAT,7,647021
cpxRp2,1.0,8,4,TGAAGAATCACACCCAGTCA,4,709777
cpxRp2,4.2,24,4,TGAAAATTTAAAGTGCATCC,20,647707
cpxRp2,0.8,7,4,TCTTTTCCACACTTGTAGAC,3,706061
cpxRp2,0.6,6,4,TCTTTGGGCTGCTTACGGGA,2,650615
cpxRp2,0.6,6,4,TCTTTAAATTAAGCACAGAT,2,644378
cpxRp2,0.6,6,4,TCTTGGATCAGTGCTTTTCA,2,697498
cpxRp2,2.0,13,4,TCTTGACACCCTTGTTTGAG,9,637123
cpxRp2,2.8,17,4,TCTTCGGTGGGTTGTCACGG,13,708140
cpxRp2,3.0,18,4,TCTTCCGAGGCAATTTCCAA,14,655753
cpxRp2,0.4,5,4,TCTTCAACGCGTTATATTCG,1,655425
cpxRp2,0.8,7,4,TCTGGGTAGACGAGGTGGCA,3,644092
cpxRp2,1.4,10,4,TCTGGCCAATTCAAAGGCTC,6,707214
cpxRp2,0.4,5,4,TCTGATCGTCAGCATACTCT,1,710482
cpxRp2,2.0,13,4,TCTGAGCGGAATTCAGCGGT,9,660427
cpxRp2,1.6,11,4,TCTCTCAGTACCGGGTCAGT,7,705456
cpxRp2,2.4,15,4,TCTCTATGCGATTAGTTGTA,11,637509
cpxRp2,0.8,7,4,TCTCGCGAGTTGCAAAACAC,3,671291
cpxRp2,0.8,7,4,TCTCGATGAGGATTGCGCCA,3,649440
cpxRp2,3.8,22,4,TCTATCCTTGACGAAAATAT,18,665546
cpxRp2,0.8,7,4,TCTACTTGTCTCCGTACGAT,3,637973
cpxRp2,1.8,12,4,TCTAAGGCCTTAAATTCTGG,8,687142
cpxRp2,0.6,6,4,TCGTCATAGAGCAGCTTGAG,2,695405
cpxRp2,2.4,15,4,TCGGTTTTGGCGAGAGGATA,11,684116
cpxRp2,1.2,9,4,TCGGTTAAGGGCTATATACC,5,679884
cpxRp2,3.8,22,4,TCGGCTTCGCCTTCTACATA,18,655420
cpxRp2,1.0,8,4,TCGGCGGTAAAGTCTCGCCT,4,696585
cpxRp2,1.6,11,4,TCGGCGGGGATGACTCTGTG,7,694452
cpxRp2,1.0,8,4,TCGGCGAAGTCCAAGGTCAA,4,642002
cpxRp2,0.4,5,4,TCGGAGTAGAGGTTTTTTGG,1,663455
cpxRp2,1.8,12,4,TCGGAAATATGAGCCAGTAA,8,653612
cpxRp2,0.6,6,4,TCGATGAAACAGTCAATTCA,2,672699
cpxRp2,1.8,12,4,TCGATACGGGAATACGAAGC,8,670022
cpxRp2,0.4,5,4,TCGAATATAACTGGGAGCTG,1,676344
cpxRp2,0.6,6,4,TCCTTACTACGGTCACTTTG,2,681080
cpxRp2,1.0,8,4,TCCTGTCCCACGCAGACGTT,4,665311
cpxRp2,1.4,10,4,TCCTGTAGTCGCCTGGCTAT,6,657813
cpxRp2,1.0,8,4,TCCTGACAACCCCGCCAGAG,4,657049
cpxRp2,1.8,12,4,TCCGTCACAGCATGAGCGAT,8,708815
cpxRp2,4.2,24,4,TCCGGGTAGGATGAGCATCA,20,700394
cpxRp2,1.2,9,4,TCCGCGGGCATGAGTTTTAT,5,645490
cpxRp2,0.6,6,4,TCCGATTACACAACCTCTAA,2,703778
cpxRp2,2.6,16,4,TCCGAAAGCATATGAGAAAC,12,642477
cpxRp2,1.8,12,4,TCCCTGTAATGCGGCATAGA,8,691154
cpxRp2,2.0,13,4,TCCCCCCGCTCGGAAAGCGG,9,693234
cpxRp2,2.0,13,4,TCCCACCTCATCGTAGTTAT,9,630849
cpxRp2,2.2,14,4,TCCATCGCAGTCACGGCCAC,10,637783
cpxRp2,0.8,7,4,TCCAGCTTGCATCTCTTACA,3,642507
cpxRp2,1.4,10,4,TCCACCCAGGCGTAACTTAG,6,680193
cpxRp2,2.4,15,4,TCCACAGGAGGTATTGTGGC,11,634384
cpxRp2,4.0,23,4,TCATTTTCATTAACGGGGTG,19,672415
cpxRp2,3.0,18,4,TCATTTAACGCGGTCCATGG,14,661486
cpxRp2,3.6,21,4,TCATGTCAGTTCGGCATATG,17,680677
cpxRp2,0.6,6,4,TCATGACATAACCACTTAGT,2,678450
cpxRp2,2.2,14,4,TCATCTTGGTTGTAATGCCT,10,653761
cpxRp2,1.8,12,4,TCATCAATTGCTCCGCCCAG,8,657202
cpxRp2,2.4,15,4,TCATAAAGCGAGTTCGCTTA,11,687868
cpxRp2,2.8,17,4,TCAGGCGCTATGACAGCGCG,13,698738
cpxRp2,0.4,5,4,TCAGGCAATAGCTTGCGAGA,1,697911
cpxRp2,4.2,24,4,TCAGCTGACTTTCAGCGCGA,20,690572
cpxRp2,0.8,7,4,TCAGAAATACGGTCAGGCAG,3,663851
cpxRp2,2.4,15,4,TCACTTTTCAATCGTGGTAC,11,667415
cpxRp2,1.2,9,4,TCACTCTAAACCTCAGGTCC,5,701867
cpxRp2,1.4,10,4,TCACGTTAAACGGCGATCTC,6,663994
cpxRp2,0.6,6,4,TCACGGCCAACTAGGCCTGT,2,705640
cpxRp2,0.4,5,4,TCACAGTCACTGGCTGGAGT,1,704642
cpxRp2,1.4,10,4,TCACACAATCACCCGTTGTG,6,641594
cpxRp2,1.8,12,4,TCACAATCTATTAGGGCCAT,8,712000
cpxRp2,2.2,14,4,TCACAAGAGGTGGGCACTCT,10,711409
cpxRp2,0.6,6,4,TCAAGGCTGCAACAAACTAC,2,699921
cpxRp2,0.4,5,4,TCAAGGCTCGAACCTCGTTA,1,679798
cpxRp2,1.6,11,4,TCAAGATCAGTAGAGGCACA,7,675945
cpxRp2,3.8,22,4,TATTTATACCGATGCGCTTG,18,662857
cpxRp2,1.0,8,4,TATTGTCCCTCGGGCATTGA,4,631187
cpxRp2,1.6,11,4,TATTGGTTTCAAGGACAAAG,7,652254
cpxRp2,0.8,7,4,TATTGCGCCATGTCTCACTA,3,655380
cpxRp2,2.0,13,4,TATTAGATTATGTTCTACGG,9,666697
cpxRp2,0.6,6,4,TATTACTCGCGGGTTAGTCA,2,634830
cpxRp2,3.0,18,4,TATGTGGCCCCTTGTAATAT,14,637517
cpxRp2,2.0,13,4,TATGTAAAATCTGGCTGTAA,9,658514
cpxRp2,1.2,9,4,TATGGTATTATGGCATGAAC,5,648356
cpxRp2,0.8,7,4,TATGGCACGCAGGGACACCC,3,682475
cpxRp2,1.0,8,4,TATGCTACGTCCTGTCTCCT,4,653395
cpxRp2,2.0,13,4,TATGCCGTTCGGCAAATTGT,9,675910
cpxRp2,0.6,6,4,TATCTAGAGGAGCACCAAAT,2,691139
cpxRp2,0.8,7,4,TATCGCGGGCAAAGGCGTTC,3,688218
cpxRp2,1.2,9,4,TATCGATTGATTGATCAGCA,5,679454
cpxRp2,0.4,5,4,TATATTCACGCGTCTAATGT,1,690803
cpxRp2,2.0,13,4,TATATTAGAATGCGGGTCAG,9,674718
cpxRp2,1.8,12,4,TATAGTTGGAGTCAATATAT,8,709949
cpxRp2,5.2,29,4,TATACTGCATTTGGGATAGG,25,708371
cpxRp2,0.8,7,4,TAGTTGGCCGACAGCTACTC,3,706495
cpxRp2,0.8,7,4,TAGGTTGCTACTAGACAAAG,3,702842
cpxRp2,2.6,16,4,TAGGTGCATACGTTGCATGT,12,652088
cpxRp2,0.4,5,4,TAGGCGCATTATGCACGGTC,1,641983
cpxRp2,1.2,9,4,TAGCGTGCGCCAGCCTAGGT,5,651142
cpxRp2,1.0,8,4,TAGCCAGTATGCCACGTATC,4,644789
cpxRp2,1.2,9,4,TAGCCAGGGTTAGTGACTCA,5,704075
cpxRp2,0.4,5,4,TAGCAGGTCACTTGTTAGAC,1,680038
cpxRp2,1.4,10,4,TAGCAAAGCTGACACAGGGG,6,688058
cpxRp2,1.2,9,4,TAGATCAAGCAGAAGTTGTG,5,636224
cpxRp2,0.4,5,4,TAGAGGCTCTGGGGCATGGT,1,685161
cpxRp2,1.4,10,4,TAGAGGATTACTAAGTTGAT,6,705391
cpxRp2,1.4,10,4,TAGACCGCACATATGGGGAT,6,710774
cpxRp2,1.0,8,4,TACTTGGTGTTACTTGATAG,4,661537
cpxRp2,0.6,6,4,TACTTGGGATAGCACAGGCC,2,678322
cpxRp2,0.8,7,4,TACTCCTTCCCCGAAACTCA,3,646060
cpxRp2,0.4,5,4,TACTATTGCCTCCGACTTTC,1,653263
cpxRp2,2.0,13,4,TACTAGACTTTAGTGCATTC,9,671318
cpxRp2,1.8,12,4,TACTACGTCGTTGTTGGAGA,8,641386
cpxRp2,0.6,6,4,TACTAAGTCATACGTTTGAG,2,650554
cpxRp2,1.4,10,4,TACGGCGTGCCACGTTGGGT,6,631588
cpxRp2,0.4,5,4,TACGCGAGGTAAAAATCGGC,1,675547
cpxRp2,1.0,8,4,TACCTGAACGTTTGCGCTTG,4,643460
cpxRp2,1.2,9,4,TACCGGGGTAAATTGCGCCT,5,634950
cpxRp2,1.0,8,4,TACCCAGGGCAAGGCCACTA,4,663869
cpxRp2,4.0,23,4,TACATAAAGGTTATAATCTC,19,648771
cpxRp2,1.2,9,4,TACACGGAAGCTACGTTGTG,5,640023
cpxRp2,0.6,6,4,TACACATTCGGGCTCCTGCA,2,680893
cpxRp2,1.2,9,4,TACACACCAGCATGATTCAA,5,653797
cpxRp2,0.8,7,4,TACAAATCAGAAACCCAGCC,3,706872
cpxRp2,0.6,6,4,TAATTTTTTGAGAGCCCCCA,2,699965
cpxRp2,0.8,7,4,TAATGTTCACCCGCGGGAAT,3,690845
cpxRp2,0.4,5,4,TAATGTATCAGGAGTTGCTC,1,643423
cpxRp2,2.6,16,4,TAATGGTGCGGCGATTATGT,12,699652
cpxRp2,0.4,5,4,TAATCGTTGTATTCTGTTCG,1,679149
cpxRp2,0.8,7,4,TAATAAAAGACTCATCGACG,3,652760
cpxRp2,1.8,12,4,TAAGGGCAAGCGGTTGGGCT,8,684895
cpxRp2,1.4,10,4,TAAGGCGTCAAGGCGGCTCA,6,668799
cpxRp2,0.4,5,4,TAAGGCGAACTAAGAACTAT,1,640801
cpxRp2,1.4,10,4,TAACTTAAAAAGCAACATGA,6,653132
cpxRp2,1.2,9,4,TAACTCGCGCTCCGCCCCCA,5,650421
cpxRp2,2.0,13,4,TAACACCTATCTACCCGGCA,9,712159
cpxRp2,0.8,7,4,TAAAGCATTAACTGCCCTCG,3,684460
cpxRp2,0.6,6,4,TAAAGACTCTCCCCTTCACA,2,708197
cpxRp2,1.0,8,4,TAAAAGAGAGTAACCTGTGG,4,670279
cpxRp2,1.0,8,4,GTTTGTAAGGGTAAAGTCGC,4,656647
cpxRp2,1.8,12,4,GTTTCCTTGAGCGCGTGCCT,8,664680
cpxRp2,1.2,9,4,GTTTCAGATCTCATCGTTAC,5,680259
cpxRp2,1.8,12,4,GTTTAGCGACCTACTTAATC,8,633794
cpxRp2,1.2,9,4,GTTTAAACATTCCGGGAAAA,5,702204
cpxRp2,1.2,9,4,GTTGTGGCTCTAATCAGGCT,5,632238
cpxRp2,1.0,8,4,GTTGGAGATTGTTAAAAAAC,4,649929
cpxRp2,2.8,17,4,GTTGCAAGTTCGAATCGATA,13,690641
cpxRp2,1.6,11,4,GTTGATTCATTTATTAATTA,7,642750
cpxRp2,0.4,5,4,GTTGAGGAGTCGTCCCCGTA,1,658896
cpxRp2,1.2,9,4,GTTGAGATTCGGCTTGCAGG,5,704429
cpxRp2,0.8,7,4,GTTGACCATAGTATAAGTCT,3,698626
cpxRp2,0.6,6,4,GTTGACATTTCTGTGAATGT,2,659591
cpxRp2,1.4,10,4,GTTGAACTTGAACCTGGAGG,6,653398
cpxRp2,2.4,15,4,GTTCTCAGTTATTCAGTGTT,11,687746
cpxRp2,1.2,9,4,GTTCGCGATCGTCATTGAAG,5,679200
cpxRp2,1.6,11,4,GTTCGCCAGCTACAACGTGA,7,664382
cpxRp2,1.2,9,4,GTTCGCATCTTTCCGGTCTT,5,681223
cpxRp2,0.6,6,4,GTTCGAGTCAGACTGGCTGT,2,698091
cpxRp2,0.4,5,4,GTTCGAACCGAGACGGGCCC,1,710564
cpxRp2,1.2,9,4,GTTCATCAGTCCGACCTAAT,5,693335
cpxRp2,0.4,5,4,GTTCAATGTCCAAATCCGTT,1,637235
cpxRp2,0.4,5,4,GTTCAACACTTTGATTTGTG,1,639093
cpxRp2,1.4,10,4,GTTCAAAAAGGTCTCCAGAT,6,646611
cpxRp2,0.6,6,4,GTTATGTTTTCGCCGGGCTT,2,636743
cpxRp2,1.0,8,4,GTTATGTCCAATTTAAACTC,4,698348
cpxRp2,1.2,9,4,GTTAGTTTACACCGTGGCCT,5,639561
cpxRp2,1.2,9,4,GTTAGTGGTTTGTGGTGCAA,5,694868
cpxRp2,2.4,15,4,GTTAGGGTACCCAGCGTCGG,11,636883
cpxRp2,1.0,8,4,GTTAGGGACTGATCTAAACA,4,639319
cpxRp2,2.6,16,4,GTTAGCTTGTGAAGAGGTTG,12,640316
cpxRp2,0.6,6,4,GTTAGCTGTGTATAGTTTAA,2,654150
cpxRp2,1.4,10,4,GTTAGAAGAGAATCAATTTT,6,649129
cpxRp2,0.4,5,4,GTTACGTATCAACTCTCCAC,1,682470
cpxRp2,3.6,21,4,GTTAATGGTTGGGGAAGCTC,17,635831
cpxRp2,0.6,6,4,GTTAAATCCGTGACGGGAGA,2,705060
cpxRp2,0.8,7,4,GTTAAAGGGTCAATCAACAT,3,656951
cpxRp2,0.6,6,4,GTGTTACGGGTATATTGACA,2,693006
cpxRp2,0.8,7,4,GTGTGTCAAGTGCGTGAGCC,3,664509
cpxRp2,2.0,13,4,GTGTGCTATTTACGTCGGAA,9,678356
cpxRp2,0.4,5,4,GTGTCGCTGTTCCTGGATTA,1,659214
cpxRp2,1.4,10,4,GTGTAGTTGAACCCTTCGAA,6,706952
cpxRp2,1.0,8,4,GTGTAATATTCGGGACCGGT,4,631116
cpxRp2,1.0,8,4,GTGGTTTTGTATCATGTCCA,4,686863
cpxRp2,0.6,6,4,GTGGTTTTCTTAACACATTT,2,670915
cpxRp2,1.0,8,4,GTGGGTTGTCTACAAATAGG,4,688182
cpxRp2,1.8,12,4,GTGGGTTAGTTGGTGGGCTA,8,697314
cpxRp2,2.0,13,4,GTGGGGCCTTCCAACTGGCA,9,647741
cpxRp2,0.6,6,4,GTGGCGAGGAGGCGGAAGGG,2,644333
cpxRp2,1.2,9,4,GTGGATTGCCCGAGTTCATT,5,647274
cpxRp2,1.4,10,4,GTGGACACCGACACTGTGCT,6,657541
cpxRp2,13.6,71,4,GTGGAAGGTTCAGATATCCC,67,676531
cpxRp2,3.6,21,4,GTGGAAGAACCTCGTTAAAG,17,703033
cpxRp2,1.2,9,4,GTGCTTTTAACGTGATTATA,5,637098
cpxRp2,1.8,12,4,GTGCTGGAACGGGATCACTG,8,697948
cpxRp2,1.4,10,4,GTGCGCGCAAATCCGAAAGA,6,708141
cpxRp2,0.6,6,4,GTGCGAATCGTGCGCGCAAA,2,664303
cpxRp2,1.2,9,4,GTGCCCAAAGCCCAGCGCTG,5,630544
cpxRp2,0.6,6,4,GTGCCAACCGCTTAGCGGGC,2,700612
cpxRp2,1.4,10,4,GTGCATAAGATACGTTTGGC,6,663422
cpxRp2,0.8,7,4,GTGCAGTTCATCAAGAACGC,3,655896
cpxRp2,2.0,13,4,GTGCACCCTCAAAGCTGAGG,9,704851
cpxRp2,1.4,10,4,GTGATCGGAGGTAGCACCAG,6,638280
cpxRp2,1.2,9,4,GTGACTAGGTACCTGGTACG,5,657388
cpxRp2,1.2,9,4,GTCTTGCTTGAGATAATCAG,5,665915
cpxRp2,0.4,5,4,GTCTTCTCAGCAGAATCAAG,1,659047
cpxRp2,2.8,17,4,GTCTGTGAGCCTGGATAACA,13,661690
cpxRp2,1.0,8,4,GTCTGTATAGGAAGTTATGT,4,684996
cpxRp2,0.8,7,4,GTCTGGCCGAAATCGTGAAG,3,656123
cpxRp2,0.8,7,4,GTCTCGCGACGGCCGTTATG,3,678529
cpxRp2,0.4,5,4,GTCTCCTGAGAGTTACATCT,1,668968
cpxRp2,0.6,6,4,GTCTCCGGGAGCCCTGTTTT,2,644316
cpxRp2,0.4,5,4,GTCTCCCTCCTGGATACCAC,1,677645
cpxRp2,0.6,6,4,GTCGTCCTTAGACATGTTCA,2,689985
cpxRp2,2.8,17,4,GTCGTATCCAAATTAAGGGC,13,632940
cpxRp2,1.4,10,4,GTCGCTGGCGAAAAGCTAAA,6,705139
cpxRp2,4.0,23,4,GTCCGGCTTAGGAACGGCCC,19,652923
cpxRp2,1.2,9,4,GTCCGCTCTTAGGAGCGGGA,5,658327
cpxRp2,1.6,11,4,GTCCGCGAACCCTAGAGGCG,7,703788
cpxRp2,0.6,6,4,GTCCCCTACTTCCCTGGACA,2,631767
cpxRp2,0.4,5,4,GTCCCAAAGTGGAGATCGGC,1,648716
cpxRp2,3.8,22,4,GTCATTTATCGGAAATGTCC,18,710176
cpxRp2,2.8,17,4,GTCATGTCTGGGCGGAGTGA,13,649899
cpxRp2,1.2,9,4,GTCATAAGGATATAATTTGT,5,669042
cpxRp2,2.2,14,4,GTCAGTTAGCCTTCACTCAC,10,652856
cpxRp2,3.6,21,4,GTCAGGGATATTAACCGAAA,17,648499
cpxRp2,0.6,6,4,GTCAACAGCCCCGCGATCAG,2,672746
cpxRp2,0.8,7,4,GTCAAAGCCACTATAGCGAT,3,689835
cpxRp2,0.8,7,4,GTCAAACGCACTGCTCGAAT,3,634655
cpxRp2,2.4,15,4,GTATTGGCGGTCATTCTTCC,11,640185
cpxRp2,1.6,11,4,GTATGCGTTTCCAAAGGACT,7,710201
cpxRp2,2.2,14,4,GTATCCTGTTTTAAGCAACG,10,682139
cpxRp2,1.0,8,4,GTATATTACCGAGCCATTGT,4,662951
cpxRp2,0.4,5,4,GTAGTCCGCACACCGCATGG,1,663476
cpxRp2,0.4,5,4,GTAGTAATGGATACATTCCT,1,658158
cpxRp2,0.6,6,4,GTAGGTTGGGCCAGTGTCGT,2,693114
cpxRp2,2.6,16,4,GTAGGTACACAACTACAGTT,12,669340
cpxRp2,0.8,7,4,GTAGGTAAAGATTAATCGAT,3,695520
cpxRp2,1.0,8,4,GTAGGGCGAGTGTTAAAAGG,4,636740
cpxRp2,1.0,8,4,GTAGGCACGGCTGGTAAACT,4,700668
cpxRp2,0.4,5,4,GTAGCACTTCCACGCGTAGG,1,678164
cpxRp2,0.6,6,4,GTAGCAAGGAGGTAGCTTCT,2,688250
cpxRp2,1.0,8,4,GTAGAGCGTGCGTCCATACG,4,637177
cpxRp2,0.8,7,4,GTACTTTCGGTCTTCGGTGA,3,657990
cpxRp2,3.8,22,4,GTACTACTCCCATACATCAT,18,650291
cpxRp2,3.4,20,4,GTACGTAGACATTCGGCTAA,16,672767
cpxRp2,0.6,6,4,GTACGGACAGCGAAGGAGCA,2,680445
cpxRp2,1.0,8,4,GTACGGAATGTAGCCACACA,4,683174
cpxRp2,0.8,7,4,GTACGACCATTCAAGCCGCT,3,660974
cpxRp2,0.8,7,4,GTAATTTGGCAACAGTATAC,3,656557
cpxRp2,0.6,6,4,GTAATTGGCCCTAAATAAAC,2,643227
cpxRp2,1.6,11,4,GTAATTAGGGGCGCAAGAGG,7,630298
cpxRp2,1.0,8,4,GTAATGAGTCCTCATTACTT,4,641224
cpxRp2,0.8,7,4,GTAAGTGGCCAGTCCGAGTT,3,642700
cpxRp2,0.6,6,4,GTAAGGGCCTTGCGTGGCTA,2,636066
cpxRp2,1.0,8,4,GTAACGAGTTACGTCTTGCT,4,640541
cpxRp2,1.2,9,4,GTAAATGGTGATAGGTGGAT,5,645479
cpxRp2,0.8,7,4,GGTTTGAGCAGGGTGGGACT,3,662260
cpxRp2,0.8,7,4,GGTTTCGGTCATTCTCACTC,3,661191
cpxRp2,0.8,7,4,GGTTTATGTTTTCTAAATAA,3,703120
cpxRp2,0.4,5,4,GGTTTAGTTATAGCGGACGT,1,663344
cpxRp2,0.6,6,4,GGTTGTATCAATAAAGCCCC,2,682235
cpxRp2,1.0,8,4,GGTTCGAAACTAAGGGGGTT,4,683186
cpxRp2,1.0,8,4,GGTTCAGCGGAATTCTCGTG,4,636545
cpxRp2,0.8,7,4,GGTTACGGGAGTCAGCGGCT,3,642299
cpxRp2,0.8,7,4,GGTGTTCTTGGGGGACTTGG,3,664098
cpxRp2,1.8,12,4,GGTGTTCACCATTTAAATAC,8,652897
cpxRp2,1.6,11,4,GGTGGTATATTAGGAGGGTC,7,686250
cpxRp2,0.8,7,4,GGTGGCCAGAGTTTATGGCC,3,648477
cpxRp2,1.4,10,4,GGTGGAAAGGGAACTGTCAC,6,710045
cpxRp2,1.4,10,4,GGTGCGAGGCCCATGGTATA,6,700303
cpxRp2,2.6,16,4,GGTGATTGTTTTCGCCAAGC,12,630285
cpxRp2,3.4,20,4,GGTGAGGTCGGTGTAAATGA,16,684227
cpxRp2,2.6,16,4,GGTCTCTATTTGCATGTATA,12,703396
cpxRp2,1.0,8,4,GGTCTCCTGTGCCCGCTCGT,4,631537
cpxRp2,1.0,8,4,GGTCCACGTGCCGTGACAAC,4,667969
cpxRp2,15.6,81,4,GGTATGTCGGGACAAACATG,77,710274
cpxRp2,1.0,8,4,GGTATGCAACGTTCTGCAAC,4,632815
cpxRp2,1.0,8,4,GGTACTTCGGTCTCCAGGGT,4,650767
cpxRp2,1.6,11,4,GGTACAAGGCCTATATGTTT,7,635129
cpxRp2,1.2,9,4,GGGTTTCCTGGGCGAGGCTG,5,709586
cpxRp2,0.4,5,4,GGGTGTGAACGATTCAGAAA,1,680231
cpxRp2,0.6,6,4,GGGTGGTGATGATATGAGGA,2,684818
cpxRp2,1.2,9,4,GGGTCGCAATCCAGCTTCTA,5,686606
cpxRp2,0.6,6,4,GGGTCAGAATCGTCTAAGGA,2,693224
cpxRp2,2.4,15,4,GGGTAGTTTTACAAAACCTG,11,674042
cpxRp2,0.8,7,4,GGGGTCATGTGGCCCTCGTT,3,689833
cpxRp2,1.6,11,4,GGGGGGCCTTCGGTCTTCCA,7,655423
cpxRp2,0.4,5,4,GGGGCATTGCGCAAACAGAA,1,652333
cpxRp2,3.8,22,4,GGGGATCTCGTATTCAACTC,18,630571
cpxRp2,1.0,8,4,GGGGAAGGCCTCAGGGCCGA,4,690894
cpxRp2,0.8,7,4,GGGCTGATCAGGAAAACACG,3,707352
cpxRp2,0.4,5,4,GGGCTCGTCCAGCCAGAAGG,1,711526
cpxRp2,1.8,12,4,GGGCTAGGGCGTAGTAGGCA,8,633258
cpxRp2,1.2,9,4,GGGCGGCTCCTTTTAGTATT,5,645538
cpxRp2,0.6,6,4,GGGCGGCGAGTAACAAGTAG,2,652626
cpxRp2,2.4,15,4,GGGCGCTAACGGAGTCCTTT,11,705806
cpxRp2,0.4,5,4,GGGCGACAATCAGTCTAAGG,1,701047
cpxRp2,0.8,7,4,GGGCCGTATAGACGAATTGC,3,637532
cpxRp2,1.6,11,4,GGGCAGCTTCTTAAGTATCA,7,690128
cpxRp2,1.8,12,4,GGGCAGACTAGACATTGGCT,8,674979
cpxRp2,1.0,8,4,GGGCACATGGTCTGCCTTGG,4,701882
cpxRp2,0.6,6,4,GGGATGTAAATGACAGTCCG,2,644449
cpxRp2,1.4,10,4,GGGAGCGTTGTTAAACAGAA,6,658771
cpxRp2,10.2,54,4,GGGACCCCTGGCAAAATTGA,50,712059
cpxRp2,0.8,7,4,GGGAACCGTCCTATTTCCAG,3,672514
cpxRp2,4.8,27,4,GGGAAAGACACCGCTGTTAG,23,648576
cpxRp2,0.4,5,4,GGCTTGTATTACCAGCCACA,1,689551
cpxRp2,0.4,5,4,GGCTTGAAAAGACTTCTACT,1,657199
cpxRp2,1.0,8,4,GGCTGCGGGTTACCGATGCT,4,673165
cpxRp2,1.2,9,4,GGCTGAAGTGCCGTCATCGG,5,664373
cpxRp2,0.8,7,4,GGCTCGCGCCTACTTCATGC,3,688574
cpxRp2,1.0,8,4,GGCTCCACCATAGGCTATGA,4,660272
cpxRp2,0.6,6,4,GGCTCAATCCTGATCTGATT,2,643268
cpxRp2,0.4,5,4,GGCGTGCATGTTGACCCGCC,1,659478
cpxRp2,0.8,7,4,GGCGCGGTCGGGAGGACGGC,3,711332
cpxRp2,0.6,6,4,GGCGCCACCTACAGACGCCA,2,665883
cpxRp2,6.0,33,4,GGCGACCGCGTCAGGTGGGA,29,686754
cpxRp2,1.0,8,4,GGCCTATATCCGGTAGTGTA,4,663911
cpxRp2,0.8,7,4,GGCCGGTATGAGGGCACTAG,3,637237
cpxRp2,2.6,16,4,GGCCCTCCACCCCGAGGGTC,12,689219
cpxRp2,1.2,9,4,GGCATTGTCGCACATTCACT,5,674196
cpxRp2,0.8,7,4,GGCATATTGAGTAAGTCACA,3,652349
cpxRp2,0.6,6,4,GGCATACAGGCTGAGTTCGA,2,632733
cpxRp2,1.2,9,4,GGCAGTTCGTGTACTAAGAT,5,663764
cpxRp2,0.6,6,4,GGCAGTCCTCTACAATCGGT,2,711328
cpxRp2,0.8,7,4,GGCACCTCCACTCAAGTGAG,3,666880
cpxRp2,0.8,7,4,GGCAACGTAACGGCTGGAAT,3,632256
cpxRp2,0.8,7,4,GGATTTGTGTCTGCGGCGAC,3,642913
cpxRp2,2.2,14,4,GGATTTGACAGAGGTTAATT,10,706594
cpxRp2,2.0,13,4,GGATGCATAACGATCGCCAG,9,698136
cpxRp2,0.4,5,4,GGATGATTCCGTTCGTGCGG,1,659519
cpxRp2,0.4,5,4,GGAGTTCTCAGAGATCTACT,1,709501
cpxRp2,0.4,5,4,GGAGGGGATAGAACAATCGT,1,700431
cpxRp2,1.2,9,4,GGAGCCGACAAGATAGTTTC,5,676748
cpxRp2,1.4,10,4,GGAGCCCAGCTAACTATTTT,6,678340
cpxRp2,2.6,16,4,GGAGATCTTTAGTATTCTCA,12,703655
cpxRp2,0.8,7,4,GGACTTTTGATACCGGTAGT,3,684304
cpxRp2,0.4,5,4,GGACCGTGAAGTACCACTCT,1,685879
cpxRp2,2.6,16,4,GGACCCGCCTTTTGTTCGTT,12,687363
cpxRp2,4.4,25,4,GGAATTTCTACCGAAGGTAA,21,630547
cpxRp2,0.4,5,4,GGAATGACATCCATATGAAC,1,668310
cpxRp2,2.0,13,4,GGAAGGTAATAGTCCGGCCT,9,699080
cpxRp2,1.0,8,4,GGAAGGCTCTCCTATTGCAA,4,706009
cpxRp2,0.8,7,4,GGAAATCTAACTCGCCGGTC,3,658460
cpxRp2,2.6,16,4,GCTTCAGAATTGTTTAAAGC,12,633224
cpxRp2,0.4,5,4,GCTTATCAATTGTTAGCTTG,1,699906
cpxRp2,1.2,9,4,GCTTAGTGTTGCTAGAGATC,5,693550
cpxRp2,1.0,8,4,GCTGTCCTAAGAGGACAAAC,4,679035
cpxRp2,1.4,10,4,GCTGGCCAGGACGCACCTGT,6,664478
cpxRp2,1.8,12,4,GCTGCTACACAGGACTAGGT,8,711260
cpxRp2,0.4,5,4,GCTGCGTAATTTATTGCATC,1,642076
cpxRp2,1.2,9,4,GCTCGATTCACGGATTTGGG,5,709092
cpxRp2,8.8,47,4,GCTCGAGTATCTTACGCTCT,43,699322
cpxRp2,1.2,9,4,GCTCCTTGGACAGCCACAAT,5,690580
cpxRp2,2.0,13,4,GCTCCACTTGAAGAATGACG,9,630491
cpxRp2,0.6,6,4,GCTCAAGACCACAGTATCGT,2,672255
cpxRp2,5.4,30,4,GCTCAACGACTCACGTCACT,26,665614
cpxRp2,3.8,22,4,GCGTTGTCCAGGATCGCCTG,18,679428
cpxRp2,0.8,7,4,GCGTTGATGAGGGCGTACAA,3,683182
cpxRp2,1.4,10,4,GCGTTATTATGAGGTGCAAA,6,685899
cpxRp2,1.6,11,4,GCGTGATAGAGTTTCGATCT,7,702618
cpxRp2,1.2,9,4,GCGTCTCCTTAGGGACGGTT,5,667881
cpxRp2,0.8,7,4,GCGTATTAGTCGGGACCACA,3,638553
cpxRp2,1.8,12,4,GCGGCAGCACTTGACTGTCC,8,636525
cpxRp2,0.4,5,4,GCGGACCATACCTAGTCCAA,1,642286
cpxRp2,1.6,11,4,GCGCGGTTTTAATCTTGTAT,7,707628
cpxRp2,1.8,12,4,GCGCCTAACAATACAGAGGC,8,643681
cpxRp2,0.8,7,4,GCGCATTCAGGTTCACGAAG,3,654255
cpxRp2,0.4,5,4,GCGCAGCTCTAACGACGTAT,1,665212
cpxRp2,2.2,14,4,GCGCAAGTCCGTCTGCCAAC,10,650217
cpxRp2,0.6,6,4,GCGATTTACATTTTTGAAAC,2,662674
cpxRp2,1.4,10,4,GCGATGTAAGGGTGACGCCT,6,631979
cpxRp2,1.2,9,4,GCGATCGAAACGAAATGGCA,5,690314
cpxRp2,0.8,7,4,GCGACGCGTCTAGGCCATCG,3,668434
cpxRp2,0.8,7,4,GCGACCCACCGGCGCAAGAT,3,699902
cpxRp2,3.0,18,4,GCCTTCTAGGGACATAGTAA,14,697889
cpxRp2,2.2,14,4,GCCTGCGTTTTTTAATTCGC,10,664099
cpxRp2,1.6,11,4,GCCTAGGAGGCGTATTTAAG,7,646922
cpxRp2,0.6,6,4,GCCTAAGGCCTATTATGGGT,2,669146
cpxRp2,3.0,18,4,GCCGGTGAGGCAAATATCCT,14,652773
cpxRp2,0.6,6,4,GCCGGTCAGTCACACGCCTC,2,678113
cpxRp2,0.4,5,4,GCCGGCTTTTGTGAAGACTC,1,683243
cpxRp2,1.4,10,4,GCCGGAGGGCCTAGCATTAA,6,710156
cpxRp2,0.4,5,4,GCCGGAATCTCAGGTACTCT,1,675863
cpxRp2,2.0,13,4,GCCGCCCTTCTCACTGTACA,9,641746
cpxRp2,0.6,6,4,GCCGCACATTCCTGCTCCAA,2,662072
cpxRp2,0.8,7,4,GCCCTTTAGCCCTTGCCGAA,3,636394
cpxRp2,3.0,18,4,GCCCGTCATGTAAGCGAAGA,14,674054
cpxRp2,1.6,11,4,GCCCGGATCGCTGCTCAAGC,7,649469
cpxRp2,0.8,7,4,GCCCCCTTTAAGCGATACTT,3,658666
cpxRp2,1.0,8,4,GCCCATACCTGTGCGGGGTG,4,647856
cpxRp2,1.6,11,4,GCCATTTCGGTACTTACTCT,7,693570
cpxRp2,1.4,10,4,GCCATGAGAGGGATCCCCTA,6,661567
cpxRp2,0.8,7,4,GCCATCCAGTACAGTCGGCC,3,654260
cpxRp2,1.2,9,4,GCCATACGGCCAAATAATTT,5,650779
cpxRp2,4.4,25,4,GCCAGTTCAATGAACGGTGT,21,680796
cpxRp2,0.4,5,4,GCCAGTCAAAAGGTGGATGA,1,695552
cpxRp2,3.8,22,4,GCCAGAAAAGTTGGAACTGG,18,643380
cpxRp2,1.6,11,4,GCCACTTTAGGATGCATTAT,7,704312
cpxRp2,0.6,6,4,GCCACTTATCCACATAGCAT,2,650772
cpxRp2,1.8,12,4,GCCACCAACTAGCGTAGGCA,8,659711
cpxRp2,0.6,6,4,GCCAAGTTTGGCTCAGGTAG,2,650195
cpxRp2,0.4,5,4,GCATTAGTTCCTTCGACAAG,1,686590
cpxRp2,1.0,8,4,GCATGTCTCTGTTACGAAGC,4,705769
cpxRp2,0.8,7,4,GCATCTTATCCTTACACCTC,3,663152
cpxRp2,0.4,5,4,GCATCTCTCGTGCTAGCGAG,1,635096
cpxRp2,2.0,13,4,GCATCGGAAGGGACATTCGG,9,672674
cpxRp2,0.8,7,4,GCATATTTTTGGATGCGGAT,3,700729
cpxRp2,0.8,7,4,GCAGTCAGCCCAGTTTGTTT,3,701869
cpxRp2,2.0,13,4,GCAGTACCGGTTACCTCCTA,9,703016
cpxRp2,1.6,11,4,GCAGGGAACTGTGCAAGGAA,7,654861
cpxRp2,0.8,7,4,GCAGCTGGCGAGTGCGACTC,3,708811
cpxRp2,1.0,8,4,GCAGCGACTGGCCATCAAAT,4,652230
cpxRp2,0.6,6,4,GCAGCAAGAACTAGCAGATC,2,691250
cpxRp2,1.2,9,4,GCACTCGGCATCTATCCATA,5,652505
cpxRp2,0.6,6,4,GCACTCAAATTGGCACCGTA,2,669394
cpxRp2,0.8,7,4,GCACGGGTAAGACCACGCAG,3,650518
cpxRp2,1.2,9,4,GCACCGGATCTCACATAAGA,5,692623
cpxRp2,3.0,18,4,GCACCCCTTTACAATGCCGT,14,694241
cpxRp2,2.4,15,4,GCACCCAACCGCATCCTCGA,11,704208
cpxRp2,0.4,5,4,GCACCATGGCCCTCCGGCCC,1,701268
cpxRp2,0.4,5,4,GCAATGGAACCGGAGGGCAT,1,698457
cpxRp2,2.4,15,4,GCAAGCCGTGTACTAACGAG,11,684088
cpxRp2,0.8,7,4,GCAACTTGCTCATAGGATAA,3,675697
cpxRp2,0.4,5,4,GCAACACAACTAACGCCACT,1,657770
cpxRp2,1.6,11,4,GCAAAATCACGTCATACACA,7,673191
cpxRp2,2.0,13,4,GATTTCACATAGCCGACCTC,9,669414
cpxRp2,0.6,6,4,GATTCACCGGGGTTTCATAC,2,687520
cpxRp2,1.0,8,4,GATTCAATGTGCTTAGAGCT,4,641216
cpxRp2,0.4,5,4,GATGTGGTCATGGCGTTCGC,1,631470
cpxRp2,1.8,12,4,GATGTACGAGCCAGGTTTTC,8,700757
cpxRp2,0.4,5,4,GATGCTGCAGCTTGACGATT,1,681305
cpxRp2,0.8,7,4,GATGAGACTCCGCCAGGAAA,3,660004
cpxRp2,0.8,7,4,GATCGCTTGTCGTCCGGGGA,3,685719
cpxRp2,0.6,6,4,GATCGAGATAACGTTGAGTT,2,688946
cpxRp2,1.4,10,4,GATCCAGTCAACCCTGGCGA,6,685555
cpxRp2,1.4,10,4,GATCAATTACTGGATGTTCT,6,706334
cpxRp2,1.4,10,4,GATATGCTTCAAGCCCGCCG,6,641539
cpxRp2,4.2,24,4,GATATACGGTAAGGCTACTC,20,665597
cpxRp2,0.6,6,4,GATAGAGACTGGCAAGCATA,2,688463
cpxRp2,1.4,10,4,GAGTGGTGCGTCATGGCTGG,6,646490
cpxRp2,1.0,8,4,GAGTGGCCAACATAAGGACA,4,651806
cpxRp2,2.4,15,4,GAGTGGAAACAACTCGAACT,11,692278
cpxRp2,2.4,15,4,GAGTCCTCTGGCTATGGAAG,11,693842
cpxRp2,0.4,5,4,GAGTCCTCTGCTTTGACCTA,1,648947
cpxRp2,0.4,5,4,GAGTCATCATCTCAGCTCCT,1,674877
cpxRp2,1.8,12,4,GAGTAGTTCCCAGACTAGCT,8,701124
cpxRp2,0.6,6,4,GAGGTGGCGAACAATATAAC,2,644236
cpxRp2,1.6,11,4,GAGGTACGATCGCGGTTCCT,7,652464
cpxRp2,2.2,14,4,GAGGCATGAACGTGTAGGCC,10,666879
cpxRp2,2.4,15,4,GAGCTCACGCGCTTATTCCG,11,676911
cpxRp2,1.8,12,4,GAGCATAATCATTACGACCC,8,697428
cpxRp2,3.4,20,4,GAGCAACCCGGGTGCATTCT,16,697162
cpxRp2,0.4,5,4,GAGCAAATTACACCGGTAAT,1,672531
cpxRp2,2.8,17,4,GAGCAAACTTACCAAGTGTA,13,709599
cpxRp2,1.8,12,4,GAGATGTATGACGGTGGGTG,8,675012
cpxRp2,0.6,6,4,GAGATCATCGACTGCACCTA,2,658415
cpxRp2,5.2,29,4,GAGAGTTGGCCACACCAGTG,25,712086
cpxRp2,0.4,5,4,GAGAGTCGCTGGGTTAAGCC,1,629797
cpxRp2,2.0,13,4,GAGAGTATTCAGGCTTCGGA,9,631605
cpxRp2,1.6,11,4,GAGAGGGCGTTTGTTGACGG,7,652002
cpxRp2,1.2,9,4,GAGAACCATGTAAATGGTTA,5,687144
cpxRp2,1.0,8,4,GACTTATTTTGCCGTATCTA,4,688405
cpxRp2,1.2,9,4,GACTCGTCAGTTTAGAGCTC,5,710336
cpxRp2,1.0,8,4,GACTCCAGTATCGCAGGACT,4,703318
cpxRp2,1.0,8,4,GACTAAAGAGTTATCGAATG,4,699616
cpxRp2,0.6,6,4,GACGTACATGTCGTCTTACC,2,637703
cpxRp2,9.4,50,4,GACGGTAGCCGGTCACCCAA,46,704090
cpxRp2,0.6,6,4,GACGCTGTCCCGGACATCAT,2,682471
cpxRp2,2.0,13,4,GACGCTATTAGAGTTCGCGT,9,702949
cpxRp2,3.6,21,4,GACGCCGATTGGCAAGCTGT,17,700959
cpxRp2,0.4,5,4,GACGATCGGTATTGGGTATC,1,667728
cpxRp2,4.0,23,4,GACGACGGGTTCTATAAAAG,19,662017
cpxRp2,1.6,11,4,GACGACGCGGTCATACACGC,7,643126
cpxRp2,0.4,5,4,GACCTCAACAAGTGGCGCGA,1,679517
cpxRp2,1.4,10,4,GACCCTGAAGCAGGAAAGGA,6,694446
cpxRp2,1.4,10,4,GACCATGCTGCCGTACTCTG,6,689755
cpxRp2,1.2,9,4,GACCAACCCCTAAGTTTACG,5,679732
cpxRp2,0.8,7,4,GACATTCACCACATGCGGGG,3,703911
cpxRp2,1.6,11,4,GACACTGTTCTCGTCAGATG,7,650453
cpxRp2,1.8,12,4,GACAATTCCCCCAATGTAAC,8,633301
cpxRp2,4.2,24,4,GACAATCGTCAATTTGCGAG,20,637159
cpxRp2,0.6,6,4,GACAAATTGTGTACACACAT,2,674780
cpxRp2,1.4,10,4,GAATTTGTAGGGGTTCGCGT,6,662297
cpxRp2,1.0,8,4,GAATTGGTGTGAGATTTGAT,4,684588
cpxRp2,3.2,19,4,GAATTGCCACGTTTTCCTAT,15,659413
cpxRp2,0.4,5,4,GAATTCGCGCTATGATCCCC,1,658492
cpxRp2,0.8,7,4,GAATCGCAGATACTGTGTTA,3,654948
cpxRp2,2.0,13,4,GAATCATCGACTGTACTGCT,9,679883
cpxRp2,0.4,5,4,GAATAGAATATCTTTTTGAA,1,645744
cpxRp2,1.4,10,4,GAAGTTGCATGAGTAAAACC,6,698307
cpxRp2,6.6,36,4,GAAGTGCCCTCTTTGACATA,32,703135
cpxRp2,4.2,24,4,GAAGTACAACCACTGGTTTA,20,669040
cpxRp2,1.6,11,4,GAAGCGCATAGACACATTTG,7,660477
cpxRp2,0.4,5,4,GAACTTCACGCAGTCAGATC,1,701611
cpxRp2,1.8,12,4,GAACTTATCGCCAGGCGATT,8,707784
cpxRp2,0.8,7,4,GAACGAGCTGCGTGTAAAAT,3,647490
cpxRp2,0.6,6,4,GAACCATACTATATCAGTAC,2,682233
cpxRp2,3.6,21,4,GAACAGGCTAGGCATCTCTT,17,707447
cpxRp2,1.0,8,4,GAAATGTCCAAACGTTCAAG,4,653157
cpxRp2,1.6,11,4,GAAAGTCCATGGTTTACATT,7,655290
cpxRp2,0.4,5,4,GAAACCCAACGCCGGATCTA,1,702031
cpxRp2,0.4,5,4,GAAAAGGCTACCCATAAACC,1,638077
cpxRp2,1.2,9,4,CTTTTTAGATATTAGAATCT,5,708338
cpxRp2,2.8,17,4,CTTTTTAAGGCATAAGGGGA,13,676816
cpxRp2,2.6,16,4,CTTTTGCCAGAAGGTTGTCC,12,665356
cpxRp2,0.6,6,4,CTTTCTTGTGTTTTACGGCA,2,709340
cpxRp2,1.0,8,4,CTTTCTGGTTGTATTTCTGT,4,652947
cpxRp2,0.4,5,4,CTTTCTGAACTATTTCATTC,1,670469
cpxRp2,2.4,15,4,CTTTATGGTCGTTGAAGGTT,11,639425
cpxRp2,1.4,10,4,CTTGTGGGGAGTCCATTAGT,6,673313
cpxRp2,1.4,10,4,CTTGTAAGTTTTCGCGGTTG,6,677125
cpxRp2,0.6,6,4,CTTGTAAAAATATCTGCTTA,2,638191
cpxRp2,1.0,8,4,CTTGGCGACCCGCTATGGCA,4,633487
cpxRp2,1.0,8,4,CTTGCTAGAATCGTCTAACG,4,667366
cpxRp2,0.4,5,4,CTTCGGGGCGACGCCGCTGC,1,636385
cpxRp2,1.4,10,4,CTTCGGGAACCTCAATCGTA,6,681376
cpxRp2,0.8,7,4,CTTCATCCTGCTGTTTGTGC,3,629900
cpxRp2,2.8,17,4,CTTCAGTCGATACGCGGGCA,13,673920
cpxRp2,6.6,36,4,CTTATTACACGGGTTGTCTT,32,659394
cpxRp2,1.0,8,4,CTTAGCGCATAAGGGTGCTT,4,642011
cpxRp2,2.8,17,4,CTTACGACCACTGCCTCTAT,13,700893
cpxRp2,1.2,9,4,CTTAATCGGCCACATAACTG,5,686989
cpxRp2,0.8,7,4,CTTAAGCTGTAGTAACTCTA,3,691179
cpxRp2,2.6,16,4,CTTAACGGTCCGTAAAGGAA,12,681563
cpxRp2,1.2,9,4,CTGTTGGGCCAGTTGCTAAC,5,664058
cpxRp2,1.0,8,4,CTGTTGCAGCTCCTCCGCGC,4,691188
cpxRp2,1.4,10,4,CTGTGTATATGGAGGCATAA,6,666670
cpxRp2,2.0,13,4,CTGTGTAAACGCTCACGTAG,9,666389
cpxRp2,0.6,6,4,CTGTGGGGGTACTATGGTCT,2,657108
cpxRp2,1.8,12,4,CTGTCGAATCAAGCAGGGTT,8,662289
cpxRp2,2.6,16,4,CTGTCAGCTTATTACGTGGT,12,705611
cpxRp2,1.0,8,4,CTGTAGTCGCATTTGATAGG,4,646590
cpxRp2,1.2,9,4,CTGTAGAAAGGTAGTCATGA,5,657867
cpxRp2,0.4,5,4,CTGTACCTTGGGCAGCTTCA,1,704565
cpxRp2,0.6,6,4,CTGGGTAACTTCGAAAAATC,2,688287
cpxRp2,2.2,14,4,CTGGGATGCCAACTGCTTAT,10,692901
cpxRp2,2.2,14,4,CTGGGAAATGATCGGTCTGA,10,673897
cpxRp2,0.4,5,4,CTGGCTAGGTGGTTAACGAC,1,650043
cpxRp2,2.2,14,4,CTGGATGGAGCATACGGCGT,10,702229
cpxRp2,1.0,8,4,CTGCTGGAGGTGAAGTGTAC,4,674552
cpxRp2,2.0,13,4,CTGCGGAAGAGGTGAGTCAG,9,680431
cpxRp2,0.4,5,4,CTGCGCGACCATTCGCTAGG,1,659582
cpxRp2,0.4,5,4,CTGCGAACGGTCTGGGTGGT,1,653568
cpxRp2,0.6,6,4,CTGCCTAGCTCGAGGCCCGT,2,656573
cpxRp2,1.0,8,4,CTGCATGTCCCAAGTTATCG,4,670543
cpxRp2,2.4,15,4,CTGCAGATATTTCTCAGCTC,11,697003
cpxRp2,0.4,5,4,CTGACGAGTCTGGAGACAAC,1,705950
cpxRp2,0.8,7,4,CTGACATAATTCGCTAATAC,3,670545
cpxRp2,4.0,23,4,CTGAACAAGTGCATTATCCT,19,652785
cpxRp2,1.0,8,4,CTGAAAAATCTTTGAGATTC,4,706759
cpxRp2,0.8,7,4,CTCTTCACGGAAGCCCTTTG,3,696448
cpxRp2,0.4,5,4,CTCTGCCTGCCGGGGTCGGC,1,686132
cpxRp2,1.2,9,4,CTCTCTAGTCCGTATGGGTA,5,658476
cpxRp2,0.8,7,4,CTCTCGGCCGTGGGAGTGGT,3,687518
cpxRp2,1.0,8,4,CTCTCACCGGGTCTGTCACC,4,698820
cpxRp2,1.2,9,4,CTCTACTAACGTGGTGGACA,5,677761
cpxRp2,0.6,6,4,CTCTACATGACTGGTCTATA,2,678424
cpxRp2,1.0,8,4,CTCGTCTTTTTCATACCATT,4,709789
cpxRp2,2.4,15,4,CTCGTACTCATTCAGGATGG,11,700964
cpxRp2,0.4,5,4,CTCGGGACTCGTACTCAAAT,1,687893
cpxRp2,3.2,19,4,CTCGGCGTAGCGACGCACAA,15,684776
cpxRp2,0.4,5,4,CTCGGAATTCAGCGCGAAAC,1,689988
cpxRp2,3.8,22,4,CTCGCAGGGTGCTTCCTGTT,18,672459
cpxRp2,0.4,5,4,CTCGATCTACATATACTTTG,1,636608
cpxRp2,1.6,11,4,CTCGACAGACTCGGACGTGT,7,636492
cpxRp2,2.4,15,4,CTCGAAAGGGTCATCAGGCC,11,677468
cpxRp2,1.6,11,4,CTCCTTGTTGTTACGGTTAC,7,634903
cpxRp2,2.6,16,4,CTCCGTTGCGATTGCAAGCA,12,639171
cpxRp2,0.6,6,4,CTCCGCATTACATCAACTCC,2,686428
cpxRp2,1.6,11,4,CTCCCAAATCGTTGAGTCGG,7,711571
cpxRp2,0.8,7,4,CTCATAGCATGTTTTTAGGT,3,656079
cpxRp2,3.8,22,4,CTCAGTTTCAGTTCGATACC,18,658803
cpxRp2,0.8,7,4,CTCAGACGAAAGTCGGCCAG,3,647336
cpxRp2,2.2,14,4,CTCACGTCTGTCATCTGGAT,10,687896
cpxRp2,1.2,9,4,CTATTGTTGACCATTAAGGT,5,675628
cpxRp2,0.8,7,4,CTATTCAGGGAACCGGACGA,3,708514
cpxRp2,2.0,13,4,CTATGGGCGGCGTGAGAATC,9,702441
cpxRp2,2.6,16,4,CTATGAGCCCTAACAGATAT,12,673955
cpxRp2,0.8,7,4,CTATGACTAGGGTTGGCTGA,3,631219
cpxRp2,3.0,18,4,CTATGAACCGGTAGGGGCCT,14,635702
cpxRp2,2.4,15,4,CTATGAAAGGGGGCCAGGAA,11,646614
cpxRp2,3.0,18,4,CTATCTTCTCTTGTCTCGTT,14,670002
cpxRp2,1.8,12,4,CTATAGAGGACGCCTGTCCT,8,696171
cpxRp2,1.4,10,4,CTAGTTCTTCTAGATCCAAT,6,652125
cpxRp2,1.6,11,4,CTAGTGGAAAGAGAGACATA,7,630214
cpxRp2,3.8,22,4,CTAGTACGTTACTAGGGTTT,18,675011
cpxRp2,0.8,7,4,CTAGGTGATGTGGCCCGCCA,3,673574
cpxRp2,0.8,7,4,CTAGCTGTGGAGGACCGAAA,3,709954
cpxRp2,1.2,9,4,CTAGCCCCAGTCTGCGTGCA,5,680562
cpxRp2,2.6,16,4,CTAGCCATCGGTAAGGGCGT,12,690407
cpxRp2,2.0,13,4,CTACGGGGAGAGTCACAACA,9,647772
cpxRp2,0.4,5,4,CTACAATATGTCCGCAAGTT,1,705635
cpxRp2,1.0,8,4,CTAAGGGTTACTATTAACGG,4,678716
cpxRp2,1.4,10,4,CTAAGATTTGGAGCGGTGGC,6,679720
cpxRp2,2.4,15,4,CTAACAGATTGATCGTATCT,11,676491
cpxRp2,1.0,8,4,CTAAAAATGGGCCTCGGTCA,4,671873
cpxRp2,0.6,6,4,CGTTTCTAGCGCAGTCGGAT,2,637648
cpxRp2,0.8,7,4,CGTTGGGGTGAGAATTCTGC,3,665911
cpxRp2,2.0,13,4,CGTTGCGAGAGTATCGGCAA,9,676472
cpxRp2,0.6,6,4,CGTTGAGAAAGCGATACATT,2,650701
cpxRp2,3.8,22,4,CGTTGACACAATACCTCGGG,18,673007
cpxRp2,1.6,11,4,CGTTATAAACGTGGACGCCT,7,695178
cpxRp2,3.6,21,4,CGTTAGTCGTTAACACACCA,17,630924
cpxRp2,0.6,6,4,CGTTAGGGTATCCAGCCACG,2,662390
cpxRp2,0.6,6,4,CGTTAGAGTATGCTATGATT,2,678809
cpxRp2,1.2,9,4,CGTGGTTCATGACTGCGCTG,5,666960
cpxRp2,1.0,8,4,CGTGGCTCTCATGATCAGGT,4,703353
cpxRp2,0.4,5,4,CGTGCGTATTTCTCTAGGCA,1,701884
cpxRp2,1.0,8,4,CGTGCGGAACCGCCCAAGCC,4,701789
cpxRp2,1.6,11,4,CGTGCCAACTTGTATTGTTT,7,707287
cpxRp2,1.2,9,4,CGTGAACCGGATGGGTAGGA,5,670116
cpxRp2,1.2,9,4,CGTCTTTTAATAGTCCTCTC,5,641137
cpxRp2,1.2,9,4,CGTCTATTAGAGATAGATAA,5,666364
cpxRp2,2.0,13,4,CGTCGAACTTCCTTATTGCT,9,687681
cpxRp2,1.8,12,4,CGTCAACAGTGGGATCAGGG,8,699094
cpxRp2,3.8,22,4,CGTATTGTTCGATTTTCCTT,18,690002
cpxRp2,1.2,9,4,CGTATTAGAAAAATAGCCAG,5,707014
cpxRp2,2.4,15,4,CGTAGAGTCACCATGAGGTG,11,678172
cpxRp2,0.4,5,4,CGTACCTGTGTAGCTCTAGC,1,656465
cpxRp2,3.2,19,4,CGTACATGGTTTGTGAGGGA,15,695931
cpxRp2,2.6,16,4,CGTACAAGGGTAACCGAGCG,12,676720
cpxRp2,2.0,13,4,CGGTTCTAGATCCCTTGCGG,9,635435
cpxRp2,2.0,13,4,CGGTACCGTACACCGGCCTC,9,711649
cpxRp2,0.4,5,4,CGGTACCGTAACAGTCAAAA,1,635892
cpxRp2,1.2,9,4,CGGTACCGGTTACACACTAG,5,645609
cpxRp2,0.4,5,4,CGGTAATCAGAGGCCCCGTG,1,650415
cpxRp2,0.4,5,4,CGGTAAGGACTTATCCCGTG,1,688085
cpxRp2,3.4,20,4,CGGTAAGAACCAAATTCTGA,16,639111
cpxRp2,1.2,9,4,CGGGGAGAGAGCAAGGCGTC,5,699211
cpxRp2,0.8,7,4,CGGGCACCTTGGTTGATATG,3,703450
cpxRp2,2.6,16,4,CGGCGTTCTGTTGGATACAT,12,678672
cpxRp2,1.0,8,4,CGGCGATCTAATAGGGATGC,4,666331
cpxRp2,3.6,21,4,CGGCCACACCTAAAGTTTCA,17,712266
cpxRp2,0.6,6,4,CGGCATGTCACACGGGAGCA,2,697591
cpxRp2,1.8,12,4,CGGATGCCAGCCGCCTGTTC,8,682771
cpxRp2,2.2,14,4,CGGATACATGTGGTCTGGTA,10,665298
cpxRp2,0.8,7,4,CGGAGTAGATAACTGAGTGC,3,668679
cpxRp2,5.6,31,4,CGGACTTTCAAGAGGAGCGC,27,648393
cpxRp2,1.2,9,4,CGGACAGGTCCCGCTAATAC,5,647657
cpxRp2,1.0,8,4,CGCTGGATTTCAGGATGAAG,4,661938
cpxRp2,0.6,6,4,CGCTGGACCCACATGTTCAG,2,647744
cpxRp2,0.4,5,4,CGCTAATTCGTACCAAAAAA,1,663992
cpxRp2,1.0,8,4,CGCGTTTGAGCGTGTAAGAT,4,667421
cpxRp2,1.8,12,4,CGCGGCTGAGGATGGGTCGT,8,643001
cpxRp2,0.8,7,4,CGCGGACGAGAACAGGCAAT,3,673851
cpxRp2,0.8,7,4,CGCGCAGTTCGTCGTTAGGT,3,630766
cpxRp2,1.0,8,4,CGCCTTGGGAAATCTTGTTG,4,691741
cpxRp2,0.4,5,4,CGCCGAAAGCGAGTACAGCT,1,659974
cpxRp2,2.2,14,4,CGCCCTTGTGCGAAGTCATT,10,671848
cpxRp2,1.4,10,4,CGCCCTGGGTAAGCGGATAT,6,695492
cpxRp2,1.8,12,4,CGCATCCCAGCGATCTACTT,8,663913
cpxRp2,1.8,12,4,CGCAGTTGTTACATAATCCA,8,710356
cpxRp2,1.0,8,4,CGCAGTCCGGGATTAGGTAC,4,693459
cpxRp2,1.0,8,4,CGCAGGGTTCTCGCTCACTC,4,710024
cpxRp2,0.8,7,4,CGCAGAATAAGTCGTGCGTT,3,702965
cpxRp2,1.0,8,4,CGCACTAAGAGCCATAAATA,4,634270
cpxRp2,0.8,7,4,CGCACAGGGAAGTCTTGGTT,3,643507
cpxRp2,3.0,18,4,CGCAAGCGTTAAAGGGCTAG,14,679477
cpxRp2,2.6,16,4,CGCAAAAGTCATGGCTAATC,12,705696
cpxRp2,2.0,13,4,CGATTGGGTATCTAACAATT,9,709296
cpxRp2,1.6,11,4,CGATTGAGATCAGACCGCGG,7,685840
cpxRp2,0.6,6,4,CGATCGAGTTGATCCTTAGA,2,632543
cpxRp2,0.6,6,4,CGATACGTGTTGAGCCCTAT,2,662552
cpxRp2,3.4,20,4,CGATACCCTGTTATGTATAT,16,673378
cpxRp2,0.4,5,4,CGATACACACGTACCCGAAC,1,699662
cpxRp2,1.8,12,4,CGAGTACGAGGGGGCTGGCC,8,634354
cpxRp2,0.8,7,4,CGAGGTTCTTTGTCAGGAAT,3,638282
cpxRp2,1.0,8,4,CGAGGCAGTTATTGCGGCTA,4,650891
cpxRp2,1.8,12,4,CGAGCAGCCTGTCTCAAACT,8,672819
cpxRp2,0.8,7,4,CGAGCAGAGATTTCTTAATT,3,686598
cpxRp2,0.4,5,4,CGAGATTGCGAAATGTAGCT,1,637543
cpxRp2,3.6,21,4,CGAGAGCGAGACCAGATGTA,17,647441
cpxRp2,2.4,15,4,CGACGGGCTTTATGGGCTGA,11,630626
cpxRp2,2.4,15,4,CGACGGACCGGTTCGTACGG,11,697105
cpxRp2,1.0,8,4,CGACCGTTAAGATTCGTGAA,4,645541
cpxRp2,1.8,12,4,CGAAAGGCTGGGAGCGAAAT,8,678519
cpxRp2,2.0,13,4,CGAAAAGGGCTACGCTAAAC,9,646220
cpxRp2,2.2,14,4,CCTTGTTAAAACAAAGGCAA,10,709081
cpxRp2,1.6,11,4,CCTTGGTGATGACGCGGAAT,7,656753
cpxRp2,1.6,11,4,CCTTCTAACTGTCGAGACAT,7,633954
cpxRp2,0.6,6,4,CCTTCATGGTGTCGCAAGTA,2,669720
cpxRp2,2.4,15,4,CCTTCACGTAATGAATAGTA,11,685380
cpxRp2,0.4,5,4,CCTTATGTAATGGCGGCATA,1,669851
cpxRp2,0.4,5,4,CCTTATAGCGGATAGACGAA,1,708690
cpxRp2,0.6,6,4,CCTTAGGCTGCACATACACA,2,630589
cpxRp2,0.4,5,4,CCTTAAAGAGTTCCCCCAGG,1,709290
cpxRp2,0.6,6,4,CCTGTTTAGGGATACGTGTT,2,691245
cpxRp2,0.6,6,4,CCTGTCGCGAGGCCGCGAGT,2,682819
cpxRp2,0.8,7,4,CCTGGGTATCGACCGTATTG,3,658164
cpxRp2,1.2,9,4,CCTGGCGGCGCTCTTGGGAC,5,647767
cpxRp2,0.6,6,4,CCTGCTTTCTGATAAAACCG,2,683283
cpxRp2,0.4,5,4,CCTGCTATTATGTTCAGTGA,1,640729
cpxRp2,1.2,9,4,CCTGAGGGCTCTTATCCGCA,5,693965
cpxRp2,2.0,13,4,CCGTTCCAGGTACAAGTACG,9,692721
cpxRp2,0.6,6,4,CCGTGCTTCTGCTTGCCATA,2,631495
cpxRp2,4.8,27,4,CCGTGAAGCTTTAGTGGAGA,23,668459
cpxRp2,2.0,13,4,CCGTCTGGCCCATTCCTTAT,9,635504
cpxRp2,0.6,6,4,CCGTAAAGTCCTGACGTAAA,2,643047
cpxRp2,11.0,58,4,CCGGCGCTCTCCTGAGCGAT,54,694546
cpxRp2,0.6,6,4,CCGGCCTTAAGATGGAGTTC,2,691356
cpxRp2,0.6,6,4,CCGGAGCTTACAGAAGCGCA,2,703485
cpxRp2,0.8,7,4,CCGGAGCAATGGAGGCCGTC,3,651353
cpxRp2,0.4,5,4,CCGGACCTGGTTACGCGCGA,1,691736
cpxRp2,1.0,8,4,CCGGAAAAACAACAACGTGG,4,669871
cpxRp2,2.2,14,4,CCGCTGAGGCTGCACTATAC,10,675631
cpxRp2,3.4,20,4,CCGCCCAGCATAAGAAGTTT,16,692639
cpxRp2,4.4,25,4,CCGCCAGTTATATAGGTTTA,21,670809
cpxRp2,1.0,8,4,CCGCCACAGCTTGTGGCTCT,4,683201
cpxRp2,0.6,6,4,CCGCATTTCTCATACGGCGT,2,666166
cpxRp2,0.8,7,4,CCGCATCGACTAGCCTACCA,3,687865
cpxRp2,2.6,16,4,CCGCACTTATCGGATAAAAG,12,687748
cpxRp2,0.4,5,4,CCGATTATTTTGTGGCATCG,1,668543
cpxRp2,2.0,13,4,CCGATGTATTTCCGGACTAT,9,651981
cpxRp2,7.6,41,4,CCGATGATCCCCATCCCTGA,37,659746
cpxRp2,0.4,5,4,CCGAGTCGTTGGTAAAACAT,1,662940
cpxRp2,0.4,5,4,CCGAGGGCAGGCCAATGGCC,1,708048
cpxRp2,0.6,6,4,CCGAGACCAGAAATAGGAGG,2,640810
cpxRp2,0.6,6,4,CCGACGCGCGCCTTACCGGG,2,689696
cpxRp2,1.0,8,4,CCGAAGCGGCCAGTGCTCCA,4,707360
cpxRp2,4.2,24,4,CCGAACTTACCGTTACTACA,20,699350
cpxRp2,0.4,5,4,CCGAACTATCAACGCGAGGA,1,701841
cpxRp2,2.0,13,4,CCCTTAGGCGTACTTGATGA,9,637183
cpxRp2,3.4,20,4,CCCTGTCGAGCGAGTAGCTC,16,683560
cpxRp2,0.8,7,4,CCCTGATGTATCGGCATAAA,3,648836
cpxRp2,0.6,6,4,CCCTCGTAATTACATGTTTA,2,657475
cpxRp2,0.8,7,4,CCCTCGGTAAGCCATAGGCA,3,702597
cpxRp2,1.4,10,4,CCCTCGGGTCTTGGTAACGC,6,633634
cpxRp2,2.6,16,4,CCCGTTCGTTGCAGCACGTG,12,650130
cpxRp2,6.2,34,4,CCCGGAGTCACAGCGCGTAG,30,637161
cpxRp2,0.8,7,4,CCCGCGAATCCCATAACCAT,3,707579
cpxRp2,0.4,5,4,CCCGAGCCTCCGCCGATCCG,1,632746
cpxRp2,1.4,10,4,CCCGAGACAGATCGATTTAC,6,698305
cpxRp2,1.2,9,4,CCCGAAGCCCCTAACGCCCA,5,673626
cpxRp2,1.8,12,4,CCCCGATTCGCAGATTAGAA,8,701230
cpxRp2,0.4,5,4,CCCCCTTTCGTAGCCTAAGG,1,630763
cpxRp2,0.8,7,4,CCCCCTTGCGTTGACTTCCC,3,639773
cpxRp2,1.4,10,4,CCCCCAGTCGGGCTCAACTA,6,691248
cpxRp2,3.8,22,4,CCCCCAGCGGTAACGTTTAG,18,649843
cpxRp2,3.0,18,4,CCCCACTACACTATTCGCGT,14,674034
cpxRp2,1.0,8,4,CCCATCCCCGAGCGAATGGA,4,647946
cpxRp2,0.4,5,4,CCCAGGTCACCTCTCCGCGT,1,633781
cpxRp2,3.4,20,4,CCCAGGATTATGGGTTCTAA,16,639312
cpxRp2,0.4,5,4,CCCAGCGGCTTGTGCGGTCA,1,702429
cpxRp2,0.8,7,4,CCCAGCCGGCCCGATTGGTC,3,679617
cpxRp2,2.0,13,4,CCCACGATTTCCTAGGATTG,9,652640
cpxRp2,0.8,7,4,CCCACACCGGTGTTTTGGGA,3,671280
cpxRp2,5.4,30,4,CCATTTTCTTAACCCGATCT,26,630049
cpxRp2,1.4,10,4,CCATTCTACGCCTCAATGCA,6,652660
cpxRp2,2.6,16,4,CCATCTGCATCTTCGCCATA,12,676732
cpxRp2,0.6,6,4,CCATCGGTCCCGTTCTCGGC,2,633204
cpxRp2,1.0,8,4,CCAGTTGTCGAGAGCCAAGA,4,710056
cpxRp2,1.0,8,4,CCAGTGCTCCACGGCTCGCA,4,639895
cpxRp2,3.6,21,4,CCAGGTAGAGGTGCGCGCGA,17,639383
cpxRp2,1.8,12,4,CCAGGGACCTCGACCCGTCT,8,673603
cpxRp2,1.8,12,4,CCAGCAACCTCCGGTTCGCC,8,645181
cpxRp2,1.2,9,4,CCAGATGGGGAACCGATTTC,5,654680
cpxRp2,0.4,5,4,CCAGACTGTAAATCGCCGAT,1,647182
cpxRp2,0.6,6,4,CCACTTGAGTAGGATCTTTC,2,647957
cpxRp2,1.2,9,4,CCACTATTGCCTTTGACGAG,5,669371
cpxRp2,1.0,8,4,CCACTAAACGCCCATTCAAG,4,643684
cpxRp2,2.2,14,4,CCACCATGCCCCGCCTAACC,10,709178
cpxRp2,2.2,14,4,CCACATTCCGACCTGGCTTG,10,692966
cpxRp2,2.8,17,4,CCAATTTCCGACTCACAATC,13,668978
cpxRp2,0.4,5,4,CCAATAGTTGGACATCAACT,1,687103
cpxRp2,2.4,15,4,CCAAGGCCGATCTGTGCAAG,11,690571
cpxRp2,0.4,5,4,CCAAGGACGCCGTTGGGGTG,1,711419
cpxRp2,0.8,7,4,CCAAGCGCGGTTATATATGA,3,687840
cpxRp2,1.2,9,4,CCAAATCAGCAGTCTTGGAG,5,701503
cpxRp2,8.8,47,4,CCAAAGGTGCCATCTATGGA,43,640889
cpxRp2,4.8,27,4,CCAAACTTCGCCTTCTAATG,23,634866
cpxRp2,2.6,16,4,CATTTGTTAAGGCTAACGGC,12,684211
cpxRp2,0.8,7,4,CATTGCACTGTATAGACCGC,3,651471
cpxRp2,2.0,13,4,CATTCCTGGCATTAGGCTTG,9,641875
cpxRp2,2.0,13,4,CATTCAGCTGTTTGGGTCTA,9,677222
cpxRp2,2.0,13,4,CATTAGGGAAAAAGATCGCA,9,655846
cpxRp2,4.8,27,4,CATTAACTGAAAGTGTGCAA,23,658444
cpxRp2,2.4,15,4,CATGTTTTATTCCACTGGGA,11,697435
cpxRp2,2.2,14,4,CATGCGGTGTGGCCGGTACC,10,642141
cpxRp2,1.0,8,4,CATGCGGCCTCCGCCCGCCA,4,632570
cpxRp2,1.2,9,4,CATGCGCGGTGTTCGTCACT,5,687434
cpxRp2,1.8,12,4,CATGCCCTTCTTGTATGTGT,8,684861
cpxRp2,4.6,26,4,CATGATTGGATTACCTCGGG,22,666162
cpxRp2,0.4,5,4,CATGATCGTGTCTACTTTGG,1,671317
cpxRp2,1.2,9,4,CATCTGTGCGCATTACCTGA,5,655396
cpxRp2,0.4,5,4,CATCTCTGAAAGAGATACGG,1,642278
cpxRp2,3.2,19,4,CATCGTAAAGTGTTTAGAAA,15,675149
cpxRp2,1.0,8,4,CATCGCCATAGTTTAAGGTA,4,660009
cpxRp2,0.8,7,4,CATCCTTCATTCTCTTGCCA,3,672067
cpxRp2,0.4,5,4,CATCATACATGGAAGCGAGA,1,700812
cpxRp2,1.0,8,4,CATAGATCCCACTCAGTCAT,4,691292
cpxRp2,0.8,7,4,CATACATCACTCCGAGTATG,3,668458
cpxRp2,0.6,6,4,CAGTTTATGGTTGTATCATT,2,663907
cpxRp2,1.2,9,4,CAGTTGGGCTGCCGTGCCGT,5,703164
cpxRp2,1.6,11,4,CAGTTGATCGGACTCACCTA,7,688317
cpxRp2,1.2,9,4,CAGTGGTGTTAACAATAAAT,5,706011
cpxRp2,1.8,12,4,CAGTGGCCTCGGTGAAGACT,8,668793
cpxRp2,0.4,5,4,CAGTGCCGGTAAGGTCTGCG,1,697625
cpxRp2,1.2,9,4,CAGTCGCAAGCGTCAGGTAT,5,653808
cpxRp2,0.8,7,4,CAGTCACAGACCCCGACGTC,3,701344
cpxRp2,0.4,5,4,CAGTATCATCTCATAGAAGG,1,656121
cpxRp2,0.4,5,4,CAGTATCAGATAGGGGTCTG,1,646039
cpxRp2,0.8,7,4,CAGGTTCGACAGGGACAACC,3,668620
cpxRp2,0.8,7,4,CAGGTTCAAGCCTGTTAAAT,3,663069
cpxRp2,3.4,20,4,CAGGTCTTGCGGAGCACACA,16,670457
cpxRp2,1.0,8,4,CAGGTAAAACGCGCTTTTGG,4,662782
cpxRp2,0.4,5,4,CAGGGACCAGTGCTACTGCG,1,659784
cpxRp2,2.6,16,4,CAGGCTCGGGACGTATTGTA,12,673738
cpxRp2,0.4,5,4,CAGGCCCAAAGGTCGGTACA,1,670699
cpxRp2,0.6,6,4,CAGGAATTCATTTCAGAGGA,2,643658
cpxRp2,2.0,13,4,CAGCTTCCACTTGGTAACAA,9,642204
cpxRp2,0.6,6,4,CAGCGGCGGGGGCCAGGGTA,2,666945
cpxRp2,1.0,8,4,CAGCACAGCCGGGCACCGGA,4,662850
cpxRp2,0.4,5,4,CAGATTTGGACAAGCCTTGC,1,693640
cpxRp2,3.6,21,4,CAGATACGGTCTCTGTGCTC,17,665043
cpxRp2,1.6,11,4,CAGATACATGAGCTAATACA,7,647736
cpxRp2,3.8,22,4,CAGAGAGCTGATGTCCATGA,18,672408
cpxRp2,0.4,5,4,CAGACGACTGTCCTCGCGTA,1,643662
cpxRp2,1.4,10,4,CAGAAGTCATACGCTCGTCT,6,712184
cpxRp2,1.0,8,4,CAGAAAAGAGCGCCCATCCA,4,647478
cpxRp2,2.0,13,4,CACTTCGTGGGCGACGGTCC,9,689000
cpxRp2,0.4,5,4,CACTTAAAACCTTTTCTATC,1,694634
cpxRp2,0.6,6,4,CACTCTGCTCGTAGCGCGAA,2,706281
cpxRp2,1.0,8,4,CACTCGTCCGAAGATACCTT,4,673962
cpxRp2,0.4,5,4,CACGTTTGTTGCGGGGTAAG,1,702499
cpxRp2,1.2,9,4,CACGAAGGGTTCTGGAGATA,5,635901
cpxRp2,0.6,6,4,CACCTCCTATGGTAGTGTAA,2,683461
cpxRp2,0.4,5,4,CACCTCAGGTAGTCATGCTC,1,665382
cpxRp2,2.6,16,4,CACCGTCGGGTCATTATCCC,12,695055
cpxRp2,1.0,8,4,CACCGTACGTCTCCGCGTGA,4,647731
cpxRp2,1.4,10,4,CACCATGCCACCCTTAACTA,6,686498
cpxRp2,0.4,5,4,CACATAATGCTACGATATTG,1,661566
cpxRp2,1.0,8,4,CACAGGGTAGTGTTATTTGG,4,632505
cpxRp2,2.6,16,4,CACAGCTGAAGACCCAGACC,12,650241
cpxRp2,0.6,6,4,CACACGGATGCCCTACTATT,2,656286
cpxRp2,1.2,9,4,CACACCTTAGTTACTCCCCC,5,648670
cpxRp2,0.6,6,4,CACAAGTAATGGTTGTACAC,2,643157
cpxRp2,0.4,5,4,CAATTCATGGTGGGAACACA,1,666743
cpxRp2,9.8,52,4,CAATGCTGATGCCCTTACCA,48,712054
cpxRp2,0.8,7,4,CAAGTGTTGTATATTCTTTG,3,653217
cpxRp2,3.2,19,4,CAAGGTAAAGTAATAACAGC,15,659298
cpxRp2,0.4,5,4,CAAGCCCATGTCACTGAAAA,1,670637
cpxRp2,2.2,14,4,CAAGACTGGTGAGCTCGGCC,10,665594
cpxRp2,2.2,14,4,CAACGTCAGTGCTCGGATCC,10,677013
cpxRp2,0.8,7,4,CAACCTCGAACTATCGACAC,3,677884
cpxRp2,1.4,10,4,CAACCGGCATCGCGAACAGG,6,675034
cpxRp2,0.8,7,4,CAACCCGCGCGTCTGTCTAG,3,690317
cpxRp2,1.4,10,4,CAAATTGGTATCCGCAAATA,6,690529
cpxRp2,2.6,16,4,CAAATGTCTTTGACCATGCC,12,657822
cpxRp2,0.8,7,4,CAAATGGACTCAAAGGCTAG,3,701674
cpxRp2,0.6,6,4,CAAATAAAGAAGGCTACATG,2,680688
cpxRp2,0.4,5,4,CAAAGCCATGTAACTCACTT,1,639611
cpxRp2,1.4,10,4,CAAACGAGTCCGCACCAAGT,6,638179
cpxRp2,0.8,7,4,ATTTTTCATACCCCGCGAAA,3,646757
cpxRp2,1.0,8,4,ATTTTTATGAACTACAAGCG,4,676039
cpxRp2,0.4,5,4,ATTTTGTCGAACTCTGCGCA,1,660773
cpxRp2,2.8,17,4,ATTTTGTCCTCCTCATCCAC,13,698902
cpxRp2,0.4,5,4,ATTTCGTAGAGTAGTCAGAT,1,675629
cpxRp2,0.4,5,4,ATTTCAGTTCTGTCTCGCTA,1,682544
cpxRp2,0.8,7,4,ATTTATCCCGGACTACCAGC,3,660126
cpxRp2,1.2,9,4,ATTGGTGTTTCGACTTAGGA,5,646004
cpxRp2,0.4,5,4,ATTGGAATACTGTATCAGAA,1,700704
cpxRp2,1.0,8,4,ATTGCTACGGCATGGATTGC,4,679932
cpxRp2,1.8,12,4,ATTGCGATTCCCAACAGCGA,8,675623
cpxRp2,2.4,15,4,ATTGCCTTCATTGACACATC,11,669227
cpxRp2,1.4,10,4,ATTCTCCGAAATGAGCCATT,6,701298
cpxRp2,0.4,5,4,ATTCTATCATGCCACAGGAA,1,639986
cpxRp2,9.8,52,4,ATTCTACTTATAGCTGGGTG,48,686829
cpxRp2,2.4,15,4,ATTCCAGTCTCGTACGACAG,11,682565
cpxRp2,1.4,10,4,ATTCATTCAGTCCCGGAAGT,6,700688
cpxRp2,6.8,37,4,ATTAGTAGCCCGAGATTCAA,33,707194
cpxRp2,1.6,11,4,ATTAGAGGCTCCGTATAATA,7,698859
cpxRp2,2.6,16,4,ATTACAAGATAGACAGGAGA,12,659133
cpxRp2,0.6,6,4,ATTAACCAGCATGTCTAGAT,2,650015
cpxRp2,3.0,18,4,ATGTGCCGCTGGTATACGGT,14,653637
cpxRp2,0.8,7,4,ATGTGATTATTACATGTCCA,3,644451
cpxRp2,0.8,7,4,ATGTCTTACTCGCCCTAAGG,3,712267
cpxRp2,3.4,20,4,ATGTCCGGACAAAAGCCGTG,16,634651
cpxRp2,3.8,22,4,ATGTCAGGCCATCATAACGG,18,633629
cpxRp2,3.2,19,4,ATGTACAAAAGAACATCGGC,15,653983
cpxRp2,1.0,8,4,ATGGGACCCGTAAAGCTGCC,4,648585
cpxRp2,2.4,15,4,ATGGGAATGTTATCGAGACG,11,708933
cpxRp2,1.2,9,4,ATGGATTGGTCACGTACCCA,5,646880
cpxRp2,1.6,11,4,ATGGACTCGAGAAGGTAATT,7,707561
cpxRp2,1.2,9,4,ATGCTCCTGGTCACCTTGTC,5,636286
cpxRp2,2.4,15,4,ATGCCGCGCCTGCCACACGC,11,643429
cpxRp2,0.4,5,4,ATGCATCTTGGTCATTCCGA,1,639050
cpxRp2,4.4,25,4,ATGCAGTGACCCAAGCAGTA,21,644264
cpxRp2,2.2,14,4,ATGCAGCTGTCAGGGCTCAT,10,658206
cpxRp2,14.4,75,4,ATGCACGAGAACTCGAACAT,71,666169
cpxRp2,1.0,8,4,ATGCACCCCCGGAATGTCCT,4,698655
cpxRp2,0.6,6,4,ATGCAATTCAACCCAATATT,2,641762
cpxRp2,1.6,11,4,ATGCAAAAGGGAGTAGGCAT,7,654559
cpxRp2,1.2,9,4,ATGATTGGCCATCCTGGACG,5,647862
cpxRp2,0.4,5,4,ATGAGTTACTAATGCCGGAT,1,634606
cpxRp2,0.4,5,4,ATGAAGACTCCGGCATAGTG,1,672920
cpxRp2,0.6,6,4,ATGAACGTTATTTCGGGTTC,2,679054
cpxRp2,1.0,8,4,ATCTTCGAAGGCTAAACGAC,4,677458
cpxRp2,2.2,14,4,ATCTGTTCTCGCCTAGATCA,10,641016
cpxRp2,1.8,12,4,ATCTGTGATAGCGTCTCAGT,8,643862
cpxRp2,0.8,7,4,ATCTCTGGTCGTCCTCGCAT,3,688595
cpxRp2,3.6,21,4,ATCTAGGAGATTCCATATTT,17,711722
cpxRp2,1.2,9,4,ATCGTTACGTTATTCGCACT,5,705179
cpxRp2,0.4,5,4,ATCGGTTGAGGCGGCCTTAT,1,685021
cpxRp2,1.0,8,4,ATCGGTCGTTCACAAACGCA,4,651569
cpxRp2,0.6,6,4,ATCGGGATTATCATTCGGTG,2,644199
cpxRp2,0.6,6,4,ATCGCCAATATTGGCGAGGG,2,656167
cpxRp2,0.6,6,4,ATCGAGGTTGGAGCCGCACA,2,665116
cpxRp2,0.4,5,4,ATCCATTGGGGCTGCGACAT,1,699180
cpxRp2,3.4,20,4,ATCCAGCAAAATCTGAGCTG,16,660428
cpxRp2,0.4,5,4,ATCCACCGGTCAGGGCCTGG,1,657984
cpxRp2,0.6,6,4,ATCATCCGTAATATAGTATA,2,657203
cpxRp2,1.8,12,4,ATCATCCAAATGGAAACACT,8,682449
cpxRp2,1.6,11,4,ATCAGTCGGGCTGCTGCAAG,7,672873
cpxRp2,1.6,11,4,ATCAGGACGGCGACTATCAA,7,673820
cpxRp2,1.0,8,4,ATCACTCGAGCTGACGTCTG,4,634378
cpxRp2,1.0,8,4,ATCACTACAGTCGGTCCTAG,4,692337
cpxRp2,2.0,13,4,ATCAACTTAGGTACGAGACG,9,632107
cpxRp2,1.2,9,4,ATCAACAGTAAGGGGATCGT,5,678464
cpxRp2,0.4,5,4,ATATTTAAGAGCCGCTCTAA,1,694487
cpxRp2,2.0,13,4,ATATTCGTTGCGGATTGTGT,9,689625
cpxRp2,1.2,9,4,ATATTATGGAACCAGAATTT,5,653344
cpxRp2,3.4,20,4,ATATTATACAGAGCAAGTTT,16,630421
cpxRp2,0.8,7,4,ATATCATTCCGCATAGACCC,3,675957
cpxRp2,0.6,6,4,ATATACATATCTCAGGGATG,2,637036
cpxRp2,0.6,6,4,ATAGGTCTGCCTACGCTACG,2,700420
cpxRp2,1.0,8,4,ATAGGCCTCCACGACCCGTG,4,657252
cpxRp2,0.6,6,4,ATAGGAGAAGCGTGCCACCA,2,686510
cpxRp2,1.4,10,4,ATAGCGTCCTCTATAAGTAA,6,661782
cpxRp2,2.6,16,4,ATAGCATACTGTCGGACCAT,12,656896
cpxRp2,0.8,7,4,ATACGTACAAGGTGTAACCA,3,636222
cpxRp2,0.6,6,4,ATACCTGCGCATAATCTGCT,2,670310
cpxRp2,0.8,7,4,ATACCGAACCAGATACAATA,3,641060
cpxRp2,2.2,14,4,ATACCCCTCACATTAATCGT,10,634997
cpxRp2,0.4,5,4,ATACACCATGGCACCAACCT,1,643058
cpxRp2,1.2,9,4,ATAATCCATCATCGGTATCG,5,671439
cpxRp2,2.0,13,4,ATAAGTTTGCCCGTGACGTA,9,677007
cpxRp2,1.4,10,4,AGTTTCGAATCAACGCGGGG,6,657540
cpxRp2,1.6,11,4,AGTTGGAAAATCGGGACCCA,7,667768
cpxRp2,0.4,5,4,AGTTCCTAAGCTGCGGTGAC,1,701780
cpxRp2,1.2,9,4,AGTTAGAGTCGAAGTATAAT,5,665302
cpxRp2,6.2,34,4,AGTTAGACAGGCGAAGTTTG,30,676520
cpxRp2,1.4,10,4,AGTGTTAATATGGATCACGA,6,677350
cpxRp2,0.8,7,4,AGTGTAGAGATGTAGGTTGA,3,686359
cpxRp2,1.6,11,4,AGTGGGTGGTCGGTTGTATG,7,708406
cpxRp2,2.4,15,4,AGTGGAACCGCAGCGTTTTT,11,673755
cpxRp2,1.6,11,4,AGTGCGCAGCTCTGGAATCA,7,651938
cpxRp2,2.4,15,4,AGTGAAGGCTCTACCCCTTT,11,685838
cpxRp2,1.8,12,4,AGTCGCACTTGAATCGAAAA,8,690767
cpxRp2,1.6,11,4,AGTCGATGAGCACACCGGTA,7,693050
cpxRp2,0.8,7,4,AGTATTAGTTGCTGGACAAC,3,641809
cpxRp2,1.4,10,4,AGTATCGCTCATTACCTCCC,6,667519
cpxRp2,0.6,6,4,AGTAGCCCTCTTAATAACTT,2,670308
cpxRp2,0.6,6,4,AGTACAGTGCCCAGCTTTAC,2,659569
cpxRp2,0.4,5,4,AGGTTGTAGCTCCCGGCCGA,1,677999
cpxRp2,0.4,5,4,AGGTTGAGGAGGAAAACCCG,1,630184
cpxRp2,2.0,13,4,AGGTTCGGTTCTCGGCTGTC,9,668990
cpxRp2,1.0,8,4,AGGTCATATACCTCAGATGC,4,660666
cpxRp2,1.2,9,4,AGGTCAACGCAAGGCGCAGG,5,639640
cpxRp2,0.8,7,4,AGGGTTCCCAAAATCGCGTG,3,692245
cpxRp2,2.0,13,4,AGGGTTAATATGTTCGCCTT,9,702199
cpxRp2,2.6,16,4,AGGGTCGTCCAGCGATACTT,12,693611
cpxRp2,0.4,5,4,AGGGGTTACCGTAAGGGTGC,1,704277
cpxRp2,0.6,6,4,AGGGGCTGCTCGGTATGTTT,2,681364
cpxRp2,2.0,13,4,AGGGGAGAAAGCTGCCTTCA,9,672527
cpxRp2,4.2,24,4,AGGGCTCGTCCTTTCTCGTA,20,693860
cpxRp2,0.4,5,4,AGGGCGCTTCAGTGGCACTT,1,633014
cpxRp2,2.8,17,4,AGGGCGAGCGCTCTTCGTCA,13,682816
cpxRp2,8.4,45,4,AGGGATCTGAAGTTCATCCC,41,672778
cpxRp2,1.2,9,4,AGGCGTATCGCGTCCACACG,5,645017
cpxRp2,2.0,13,4,AGGCGAACAGTATCAGTTCA,9,694797
cpxRp2,0.6,6,4,AGGCCTACCGGTCCACGCTT,2,638570
cpxRp2,0.8,7,4,AGGATGTCGGTAATACGACA,3,647110
cpxRp2,1.6,11,4,AGGAGTACCTCTGTGTACCA,7,660757
cpxRp2,0.4,5,4,AGGAGGTTGAGAAACGAATT,1,666492
cpxRp2,1.0,8,4,AGGAGGAGGTCTGCACTCTG,4,652641
cpxRp2,4.4,25,4,AGGAAACAGATAGTTACTGG,21,690634
cpxRp2,0.6,6,4,AGCTTTCCGTACAAGCTACT,2,639849
cpxRp2,2.0,13,4,AGCTTATGTGTCTTCAGCGG,9,660475
cpxRp2,2.0,13,4,AGCTTACCGCTGGGACCAAG,9,692229
cpxRp2,1.2,9,4,AGCTGACCTCCACGCGCGTC,5,650129
cpxRp2,0.6,6,4,AGCTACTGGTGTTACCGGCT,2,708732
cpxRp2,0.4,5,4,AGCTAAAATCATTTCTGTCT,1,701527
cpxRp2,1.0,8,4,AGCGTTATATCAATGACTAG,4,686192
cpxRp2,2.6,16,4,AGCGTGTGCTTGAAGATGTC,12,656218
cpxRp2,0.4,5,4,AGCGTCGTGCGCTAGGGCTC,1,673011
cpxRp2,2.0,13,4,AGCGTCCGCCGCGACGGCGT,9,687905
cpxRp2,1.4,10,4,AGCGCTTATGCGCTATAGGG,6,668009
cpxRp2,0.6,6,4,AGCGCTATTAAGCGATGCTA,2,703455
cpxRp2,2.4,15,4,AGCGCGTTACGTATCTTCGC,11,675929
cpxRp2,0.8,7,4,AGCGCCATGAGGGCTACCAG,3,656698
cpxRp2,0.4,5,4,AGCCGTGAACATACGCCTAC,1,647301
cpxRp2,1.2,9,4,AGCCGTCTTCCAGCTGTAGA,5,630988
cpxRp2,1.4,10,4,AGCCGAATCTAGTCAGTGAT,6,634077
cpxRp2,1.4,10,4,AGCCGAAACGGATCATAGAA,6,636985
cpxRp2,2.2,14,4,AGCCCATGCGGAAATTGAAC,10,660822
cpxRp2,0.8,7,4,AGCCAACAGAAACATAGGCT,3,637642
cpxRp2,0.8,7,4,AGCATTCCCAACAAACCTGA,3,631610
cpxRp2,0.6,6,4,AGCATGGACAGTACATTTAA,2,703763
cpxRp2,0.8,7,4,AGCATGCGGAGGTTTAGCGC,3,645223
cpxRp2,0.6,6,4,AGCATACCCGAGTAATCGGT,2,650117
cpxRp2,1.2,9,4,AGCACCCCCGGCAGCCCCCC,5,672760
cpxRp2,0.8,7,4,AGCACATCAAACGCACGGTA,3,662753
cpxRp2,2.8,17,4,AGCAAAGGATCTCGGCATGT,13,696924
cpxRp2,4.4,25,4,AGATTTTCCCTGGATCATAA,21,663231
cpxRp2,3.6,21,4,AGATTTCCTAGCAAGTCTCC,17,708984
cpxRp2,2.4,15,4,AGATTCACCCGATATGTAAA,11,633070
cpxRp2,0.4,5,4,AGATGGAAGATTGTAATAGA,1,698989
cpxRp2,0.8,7,4,AGAGTGGGTCATTCTTTTTC,3,672254
cpxRp2,1.0,8,4,AGAGGCAACGATAAAGTTGA,4,645584
cpxRp2,2.8,17,4,AGAGCGAGCCCTTGACCGAA,13,708203
cpxRp2,0.6,6,4,AGAGCCGTGATTTTCCGACT,2,636227
cpxRp2,1.0,8,4,AGAGACCCGTATATGTGTCT,4,648358
cpxRp2,1.4,10,4,AGACGCACTTGCGCACTCAG,6,633680
cpxRp2,3.0,18,4,AGAATGTAGTTCACCAGGTT,14,706573
cpxRp2,2.2,14,4,AGAATGAGCTTGCGAATGAA,10,636153
cpxRp2,2.4,15,4,AGAATCGCAAGAGGCTGGAA,11,710543
cpxRp2,1.6,11,4,AGAAATTTCAACCATTTTTT,7,667479
cpxRp2,0.4,5,4,ACTTCTACTCATCACGGTCA,1,643604
cpxRp2,0.6,6,4,ACTTCCGAAGAGGTTTCGCC,2,648192
cpxRp2,1.6,11,4,ACTTCAAGGCGCGAGATGCA,7,675296
cpxRp2,0.6,6,4,ACTTATTCACCAAGTAGTTT,2,707651
cpxRp2,1.0,8,4,ACTTATGTACACGCTAACAC,4,681801
cpxRp2,3.6,21,4,ACTGTCTACTAACCTATACA,17,651173
cpxRp2,1.0,8,4,ACTGTAAGCTGAGCCGCTAC,4,644393
cpxRp2,0.8,7,4,ACTGGGGCTCTAGGTCGGAT,3,686772
cpxRp2,0.6,6,4,ACTGGGACCTGCCCCATTCT,2,681751
cpxRp2,0.4,5,4,ACTGCGGCGGGCCTCCGGCA,1,632612
cpxRp2,1.4,10,4,ACTCGCGTAACGCATCCATC,6,686073
cpxRp2,4.4,25,4,ACTCGAAGCACCGCTTGACA,21,682496
cpxRp2,1.4,10,4,ACTCCTAAGCAACTTGTCGG,6,682358
cpxRp2,1.2,9,4,ACTCCCTCGAACTGTTCGGT,5,631334
cpxRp2,0.6,6,4,ACTCCACCCATAGCTGGGCA,2,706088
cpxRp2,0.4,5,4,ACTCATAGAGCATAACAGCA,1,706840
cpxRp2,1.2,9,4,ACTCAGCCCATCCCGTGTCC,5,663221
cpxRp2,0.6,6,4,ACTATGGAGCCCATCTCCTA,2,632814
cpxRp2,1.6,11,4,ACTATCTCCGCTTCGCGCTT,7,684344
cpxRp2,5.0,28,4,ACTAGCTAGCGCCCGCGAGT,24,635720
cpxRp2,0.6,6,4,ACTAGAGTCCTTGTGATAAC,2,650713
cpxRp2,2.6,16,4,ACTACTTTCGTTAGGATCAA,12,659770
cpxRp2,0.6,6,4,ACTACGGATCTGGATCGCGA,2,645139
cpxRp2,0.6,6,4,ACTAACCCGTACTACAAATA,2,659195
cpxRp2,0.6,6,4,ACGTTCATTTTGATAGCGTC,2,643950
cpxRp2,2.2,14,4,ACGTGCGTCACTCGTTAAGC,10,647612
cpxRp2,1.0,8,4,ACGTGACTGCAATCTTATTC,4,712236
cpxRp2,0.8,7,4,ACGTCCACCAGGTGCGAGTT,3,637348
cpxRp2,0.4,5,4,ACGTCAGAGCTCTGCTGCGG,1,631135
cpxRp2,2.2,14,4,ACGTCACTTTTCTTTGAACT,10,645337
cpxRp2,6.2,34,4,ACGTAGTGCGAACACGTGAC,30,701596
cpxRp2,3.2,19,4,ACGGTTTGTACACTGAAGAG,15,635401
cpxRp2,0.8,7,4,ACGGTTACAGGGCACCGGAT,3,641230
cpxRp2,2.0,13,4,ACGGTCACGCAGAGCATTTA,9,639158
cpxRp2,1.2,9,4,ACGGTAAACCAGGGGTACGG,5,710694
cpxRp2,0.4,5,4,ACGGGTGGCATGGTGTTGTT,1,657177
cpxRp2,1.2,9,4,ACGGCTTGGTCCGTGCTTAG,5,695061
cpxRp2,2.4,15,4,ACGGCGGGATTGCCTGTGGC,11,682570
cpxRp2,0.6,6,4,ACGGCAAACAAGGATCTGCA,2,630886
cpxRp2,1.0,8,4,ACGCTCCGCTGTCCCGCCAA,4,710212
cpxRp2,0.8,7,4,ACGCCCACGAACATTTGAAA,3,697293
cpxRp2,1.4,10,4,ACGCAAGGTCAGAAGCCGAT,6,672978
cpxRp2,1.4,10,4,ACGATCTATCCGGCTCTGCC,6,691282
cpxRp2,0.4,5,4,ACGATACCTCTGCAAGTGCC,1,646866
cpxRp2,1.6,11,4,ACGACTTTGCTCGCTTGGTC,7,646546
cpxRp2,2.8,17,4,ACGACGCGCTGGGTACGGAA,13,695856
cpxRp2,0.4,5,4,ACGACAATTACGTGGAGTCA,1,637430
cpxRp2,3.2,19,4,ACGACAAGCGGCTTAGAACA,15,667110
cpxRp2,0.8,7,4,ACGAATCGGCTGCTCTGCCC,3,650054
cpxRp2,0.4,5,4,ACGAAAGCGCTTTATATGAG,1,646492
cpxRp2,2.0,13,4,ACCTTGCAAATCGTCGGTTT,9,694867
cpxRp2,0.8,7,4,ACCTTATTCCACATAAGGAG,3,660231
cpxRp2,1.6,11,4,ACCTCGGCGGCAGGCAACCG,7,652510
cpxRp2,0.6,6,4,ACCTCATAAGGGGGCTCCGT,2,690691
cpxRp2,0.4,5,4,ACCTATTGTAAACCTAACAA,1,651448
cpxRp2,0.4,5,4,ACCTAAAGTGCGGAGCTGTA,1,707391
cpxRp2,0.6,6,4,ACCGTGTTGAGACCTCCTCG,2,648546
cpxRp2,2.0,13,4,ACCGACTTAGAGGAGATGTA,9,635463
cpxRp2,1.8,12,4,ACCCGGTTCCTTTCCTACCC,8,667866
cpxRp2,0.8,7,4,ACCCCTGCGAATGAGCGAGC,3,663844
cpxRp2,0.6,6,4,ACCCCGGATGAACGACGTGC,2,646223
cpxRp2,2.6,16,4,ACCCAGTAAGAACTGCAGGG,12,689372
cpxRp2,0.4,5,4,ACCAGCCACAGCGAATTGAA,1,687224
cpxRp2,0.6,6,4,ACCAGAGCCAATATTGAAGA,2,642919
cpxRp2,1.4,10,4,ACCACAGGTCACGGCACTGC,6,694017
cpxRp2,1.0,8,4,ACCACACCCACCACCGTTAG,4,664196
cpxRp2,0.4,5,4,ACCAATCGAGCGGGTATCTC,1,704997
cpxRp2,1.6,11,4,ACCAAGCCGCCAATTGTGCG,7,648783
cpxRp2,0.6,6,4,ACATTACGGGATTTAATCCC,2,698599
cpxRp2,1.4,10,4,ACATGAGTCGTGATAAGCGG,6,696881
cpxRp2,1.4,10,4,ACAGTTTAGCCCCAGTGGCA,6,702054
cpxRp2,2.4,15,4,ACAGTAATCGACTTGCGACT,11,638119
cpxRp2,1.8,12,4,ACAGGTCCGAAGTACGCTGA,8,644244
cpxRp2,1.0,8,4,ACAGGCTTCCTCATTGAATC,4,634266
cpxRp2,0.8,7,4,ACAGCATAAACACCAGCATT,3,636444
cpxRp2,1.4,10,4,ACACTTGTTTATGAGCGTTA,6,645686
cpxRp2,0.8,7,4,ACACTGCAGAAAATTCCTGC,3,642386
cpxRp2,1.4,10,4,ACACTCAGGCCGCAAATCCC,6,638199
cpxRp2,2.2,14,4,ACACCAGGTGATCTGCGAGG,10,686517
cpxRp2,0.4,5,4,ACACCAGCCCTCGCGGTCAT,1,692614
cpxRp2,1.6,11,4,ACACAGAAGATAGTGTTTGA,7,676430
cpxRp2,0.4,5,4,ACAATACTATAGTGGGATGT,1,675272
cpxRp2,1.2,9,4,ACAAGTAGAGTAGCAAGGTG,5,669498
cpxRp2,0.4,5,4,ACAAGACTTTACGCGATACC,1,652561
cpxRp2,2.2,14,4,ACAAAGATACGGTTAGAGCT,10,629997
cpxRp2,3.6,21,4,ACAAAGAAAGAGAATGTTGT,17,654451
cpxRp2,0.8,7,4,AATTTTCGTATATTGCGATG,3,692409
cpxRp2,0.4,5,4,AATTGGGCATCACTGACAAG,1,699423
cpxRp2,2.0,13,4,AATTCCGGAGGTGGCCTGCC,9,636527
cpxRp2,0.4,5,4,AATGTGCGGTAACAGAAGCA,1,685661
cpxRp2,5.4,30,4,AATGGACGTAGAAGTGTCGG,26,636656
cpxRp2,0.8,7,4,AATGCTCGCGAGGCTTACCT,3,687836
cpxRp2,0.8,7,4,AATGCCCGTACTCAACGAAA,3,687996
cpxRp2,0.4,5,4,AATCTTTTACCGCGTGCTTA,1,661668
cpxRp2,1.0,8,4,AATCGTTTTGGACATGCCGA,4,706068
cpxRp2,0.8,7,4,AATCGAGGCCTTCGAGGTGC,3,677943
cpxRp2,0.8,7,4,AATCATCATCACATGTGAGG,3,643923
cpxRp2,2.0,13,4,AATCAAGCGTACAAACGGAA,9,709572
cpxRp2,0.4,5,4,AATAGTTTGTCTTGAGGTGT,1,699733
cpxRp2,1.2,9,4,AATAGAGCGGCTCTCTACTT,5,647215
cpxRp2,3.2,19,4,AATAATGGCGGTACGTTCGC,15,638955
cpxRp2,0.8,7,4,AAGTTTTCTTATCACATAAG,3,654030
cpxRp2,2.2,14,4,AAGTTAGACTCCGCTCACCT,10,694053
cpxRp2,0.8,7,4,AAGTACAAACGTATGTGCTA,3,671512
cpxRp2,0.4,5,4,AAGGTTTGTGTTGTTTGTCT,1,643777
cpxRp2,1.4,10,4,AAGGTTGATCCCGTTATTAG,6,657828
cpxRp2,1.4,10,4,AAGGTGTACGGGGGCCGATG,6,694110
cpxRp2,3.4,20,4,AAGGTGGACGTATGGGAGAC,16,666713
cpxRp2,1.4,10,4,AAGGTGCGCCACCGCGAATA,6,655827
cpxRp2,0.6,6,4,AAGGTCGATGCGCTCACTTA,2,670376
cpxRp2,3.4,20,4,AAGGGGCATAGCCCCGGATA,16,676855
cpxRp2,4.4,25,4,AAGGGATAGAATCCACACGG,21,711071
cpxRp2,5.4,30,4,AAGGCGCTCGCATATAGTGA,26,670574
cpxRp2,0.4,5,4,AAGGCCTAGGTGCCAACCCC,1,667304
cpxRp2,2.4,15,4,AAGGCATGACGGCACTGAGT,11,701110
cpxRp2,1.2,9,4,AAGCTTTTCGTATCCGAACC,5,707689
cpxRp2,3.2,19,4,AAGCGCCAAGTGATTCGCTT,15,635258
cpxRp2,2.2,14,4,AAGCAGACTATGGTAGGCCG,10,683498
cpxRp2,1.0,8,4,AAGCACGCCAAAGAAAATTA,4,661098
cpxRp2,0.6,6,4,AAGATGAACGGCCTTTCCTA,2,679823
cpxRp2,0.6,6,4,AAGAGGGGTGGCTCCGTTAC,2,688829
cpxRp2,0.4,5,4,AAGAGGGCGCGAGCAATGCC,1,707440
cpxRp2,0.4,5,4,AAGAGGCTCGCGGGTGTTTT,1,663849
cpxRp2,1.0,8,4,AAGAGATACGAGCGCACACG,4,705020
cpxRp2,0.6,6,4,AAGAACCCCTACCGCGAACG,2,673633
cpxRp2,0.8,7,4,AAGAAAAGTTGTAAAGATCC,3,705629
cpxRp2,2.6,16,4,AACTGGACAAAGAACATCGC,12,635322
cpxRp2,2.4,15,4,AACTATCGAGGCCCAGTGTT,11,645023
cpxRp2,0.6,6,4,AACGGCTGTGTTCGTTAGGG,2,649234
cpxRp2,2.6,16,4,AACGCGCAGGGCTGTGCAGG,12,671660
cpxRp2,0.8,7,4,AACGCCCAATTTTGACCTGT,3,692812
cpxRp2,0.8,7,4,AACGCATAGTAATGTCTCAA,3,705858
cpxRp2,0.8,7,4,AACGACAGGTCTACGGAATG,3,695395
cpxRp2,2.0,13,4,AACCGCCCAGACCCATCGGT,9,707351
cpxRp2,0.4,5,4,AACCCATTACTAAGCGGGCT,1,689975
cpxRp2,1.2,9,4,AACCCAGATTTACAAATAAC,5,700810
cpxRp2,0.4,5,4,AACCAATCAATGCACTAGAA,1,689332
cpxRp2,0.6,6,4,AACCAAGGGTAGTGCGCGTA,2,650103
cpxRp2,1.2,9,4,AACAGCTGCCTGTCCAGCGT,5,690134
cpxRp2,1.2,9,4,AACAGCTCGGGAATTCCCTG,5,675330
cpxRp2,0.6,6,4,AACAGAGAGAACCAGATGTC,2,645507
cpxRp2,0.4,5,4,AACACTGATAATGTTAGTTA,1,645434
cpxRp2,1.2,9,4,AACAAATAATGACCAGTGCT,5,654136
cpxRp2,1.8,12,4,AAATGTCACTGTACTATCTA,8,665956
cpxRp2,2.4,15,4,AAATCTGGGGAAGGCCGGAG,11,635734
cpxRp2,2.8,17,4,AAATACTTGAGTTCTAAGTA,13,685056
cpxRp2,1.2,9,4,AAAGTCGCGAACGCAAGGCA,5,630905
cpxRp2,1.4,10,4,AAAGGGTCTCCGCGTTCTTC,6,683202
cpxRp2,1.6,11,4,AAAGGCTCTAGAAATTGAGC,7,711367
cpxRp2,1.0,8,4,AAAGCGCGCCTCACACTATT,4,712240
cpxRp2,1.4,10,4,AAAGCGATTTCTGGTCCATC,6,645536
cpxRp2,1.2,9,4,AAAGAACATGAATCTCTTGT,5,639006
cpxRp2,1.8,12,4,AAACTAACTAAGAGACATGT,8,665607
cpxRp2,0.6,6,4,AAACTAACGTGAGTATCTTT,2,707821
cpxRp2,0.6,6,4,AAACGGCAGTGGTTACACGA,2,637870
cpxRp2,2.4,15,4,AAACAGGCTAAAGAAACATA,11,696944
cpxRp2,1.0,8,4,AAACAGAGCTTTAGCGATTA,4,696895
cpxRp2,1.2,9,4,AAAATTGGTGAAGACCTAAT,5,654055
cpxRp2,3.0,18,4,AAAATGATCGCGACCGAATC,14,647322
cpxRp2,2.6,16,4,AAAACGATAACCCAAGCGGG,12,656872
cpxRp2,0.4,5,4,AAAACAATAATTAGTTGATT,1,666561
cpxRp2,0.75,5,3,TTTTGGGGAGGACCAGCCTC,2,682011
cpxRp2,1.75,9,3,TTTTGCTTGGGCTGTAGAGA,6,673525
cpxRp2,3.5,16,3,TTTTCGCATGACCGTGCTTA,13,699181
cpxRp2,0.75,5,3,TTTTCCTCGAAGCGATCCTA,2,711600
cpxRp2,0.75,5,3,TTTTCCGCCGAATTCGACGT,2,660005
cpxRp2,2.5,12,3,TTTTCACAATTACGGTTCCT,9,641682
cpxRp2,0.75,5,3,TTTGGTTCTCGCTCATACTT,2,683782
cpxRp2,1.25,7,3,TTTGGTGCGCGAACCGCGCA,4,709957
cpxRp2,1.0,6,3,TTTGCTGTGAGTGACGGTGT,3,685956
cpxRp2,1.25,7,3,TTTGCAGGTCAGGTATTAGT,4,631429
cpxRp2,1.0,6,3,TTTCTTGAAGAGTCTGCTCC,3,707258
cpxRp2,2.0,10,3,TTTCTTGAACCATAAACTTT,7,630272
cpxRp2,3.25,15,3,TTTCTGGGTTATCACTCAGA,12,658593
cpxRp2,2.0,10,3,TTTCGGATTACGCTCCGGAC,7,687944
cpxRp2,0.5,4,3,TTTCCCCACGAGTGGTTTAG,1,686886
cpxRp2,2.0,10,3,TTTCAGTCCCGACGAAGCCG,7,677391
cpxRp2,1.5,8,3,TTTCACGCTGCATATTTCAG,5,659777
cpxRp2,2.5,12,3,TTTATAGGTTAATCGCGATT,9,656740
cpxRp2,2.0,10,3,TTTAGACACATTAGGCGGTA,7,702779
cpxRp2,0.75,5,3,TTTAATGACAGCTCCTCAAC,2,647489
cpxRp2,1.0,6,3,TTTAAGATCGGTCCCCAATG,3,633367
cpxRp2,2.25,11,3,TTGTTAACCTTTGTACAAGC,8,698003
cpxRp2,1.5,8,3,TTGTGTTATCTATAGTAAAG,5,688336
cpxRp2,5.0,22,3,TTGTGTTACCCGAGCAGTCT,19,653155
cpxRp2,0.75,5,3,TTGTGACTCCGCCTTGTCGC,2,652672
cpxRp2,3.0,14,3,TTGGGTGTGAGGCGTTACAC,11,666789
cpxRp2,1.0,6,3,TTGGCATGGTTAAAGCATAG,3,643458
cpxRp2,2.25,11,3,TTGGACCGCAATAATCTGGA,8,656663
cpxRp2,1.25,7,3,TTGCTTAGTTAGACAAAAAC,4,636663
cpxRp2,0.5,4,3,TTGCGGTTATAGGATTTCAG,1,700025
cpxRp2,1.75,9,3,TTGCGGGGAAACCTCAGCAA,6,699635
cpxRp2,1.0,6,3,TTGCGCAGGCAAGAGTCACA,3,651881
cpxRp2,2.75,13,3,TTGCCTTATGAAGGTTTGCC,10,659215
cpxRp2,5.0,22,3,TTGCCGTTTGATTGATGGAG,19,636628
cpxRp2,1.75,9,3,TTGCCGCGCATGGAGTCGCT,6,672448
cpxRp2,2.25,11,3,TTGCATCCCTTATGGGGATT,8,649688
cpxRp2,1.5,8,3,TTGCACATATGAGTAGTGAT,5,667984
cpxRp2,3.0,14,3,TTGAGTAAATTTTGAGACAG,11,691262
cpxRp2,0.75,5,3,TTGAGGCGAGCTGGAAGTTC,2,698557
cpxRp2,1.75,9,3,TTGAGCCTCATTACTAGCTC,6,663397
cpxRp2,3.25,15,3,TTGACCTGATGTTAACGTTC,12,693056
cpxRp2,0.5,4,3,TTGAATACGTCGGTTCAGTG,1,673924
cpxRp2,1.25,7,3,TTGAAATGAGCGGAGAGTAC,4,633054
cpxRp2,1.5,8,3,TTCTTCCATCGCCGCGGTGC,5,637170
cpxRp2,0.5,4,3,TTCTTCATACCTAGTGTAGC,1,693831
cpxRp2,2.25,11,3,TTCTGTGCTGCGTAAAAGGT,8,639308
cpxRp2,2.75,13,3,TTCTGATTCGATGCACACAA,10,637799
cpxRp2,0.75,5,3,TTCTCTTACCACGGTTACCC,2,706194
cpxRp2,1.0,6,3,TTCTCGTTAAGTACTCTTCA,3,674682
cpxRp2,0.5,4,3,TTCTAAGTTATTATGAAAGC,1,665887
cpxRp2,1.75,9,3,TTCTAAGGACCGTATAGGCT,6,684690
cpxRp2,0.5,4,3,TTCGTGTTTTACCAAGTCCA,1,631332
cpxRp2,1.25,7,3,TTCGTCCACAAGCTTAGTCC,4,634543
cpxRp2,0.5,4,3,TTCGGTTATCTTACCTTGGT,1,678981
cpxRp2,5.5,24,3,TTCGGGTTGATAGCCATGCT,21,695056
cpxRp2,0.5,4,3,TTCGGATGTGTAGAACCTAA,1,665685
cpxRp2,1.5,8,3,TTCGCTACGGCCAAAGGCAA,5,631923
cpxRp2,3.75,17,3,TTCGCCTGCAAATGGTAGCT,14,664771
cpxRp2,1.5,8,3,TTCGATGATTGCATGGTGAA,5,665050
cpxRp2,6.75,29,3,TTCCATTTTCTATCGGCTAG,26,645992
cpxRp2,0.75,5,3,TTCCAGATTTCATCCACTGG,2,707449
cpxRp2,1.5,8,3,TTCATTAGTGGCAATTTTTT,5,694307
cpxRp2,2.0,10,3,TTCAGCCTCGCGCCTAACTA,7,674650
cpxRp2,0.5,4,3,TTCACCAAGATGCGTAACAT,1,699380
cpxRp2,0.5,4,3,TTCAATGTGGTCGTCTACAC,1,693970
cpxRp2,0.5,4,3,TTATCCGTATAGCAGCAGCT,1,641197
cpxRp2,0.5,4,3,TTATATCATCCAGCTGAATT,1,641196
cpxRp2,0.5,4,3,TTAGTCTGTAGCCTAATTTT,1,653988
cpxRp2,0.75,5,3,TTAGGGTCCGAACGGCCAAT,2,659717
cpxRp2,1.5,8,3,TTAGGCGATTCATTGGCCCA,5,639612
cpxRp2,2.75,13,3,TTAGCAGCACGCAGGAGTGG,10,662315
cpxRp2,1.0,6,3,TTAGATGTCTCAGATGCGAA,3,691783
cpxRp2,0.5,4,3,TTACTTGAGAAATCAAGCTC,1,673326
cpxRp2,7.25,31,3,TTACTAGATCATCCAGGTAC,28,709727
cpxRp2,1.25,7,3,TTACGTACCGGTCGTTAATG,4,704178
cpxRp2,0.5,4,3,TTAATTATGCGGTTGCAATC,1,666527
cpxRp2,2.25,11,3,TTAATCCGTTCTTCATTCCT,8,650951
cpxRp2,1.25,7,3,TTAAGTCTCAGTTATTCTCG,4,665165
cpxRp2,0.75,5,3,TTAAATCTATTTGGCCAGGC,2,687720
cpxRp2,1.75,9,3,TTAAAAACTGAAGGAGGTGC,6,686307
cpxRp2,0.5,4,3,TGTTTTAAACCGGGTCGGTA,1,645995
cpxRp2,2.25,11,3,TGTTTAGAGAAATTTGTGGG,8,705527
cpxRp2,3.5,16,3,TGTTGCCGCCTTGACCAGGT,13,644536
cpxRp2,1.0,6,3,TGTTCTTGCATATAGTATAC,3,668927
cpxRp2,2.0,10,3,TGTTCATGGGCGACAGAAGC,7,655252
cpxRp2,2.0,10,3,TGTTCAAGGTCCAACGGAGA,7,698591
cpxRp2,1.0,6,3,TGTTATTGGGGTTGCAGGTG,3,682556
cpxRp2,0.75,5,3,TGTTACCGGAGTATATGCGC,2,686991
cpxRp2,2.5,12,3,TGTGTCGTCGGTTCGGCACT,9,671765
cpxRp2,2.25,11,3,TGTGGGAAGGTCTAGCCGTC,8,636290
cpxRp2,0.75,5,3,TGTGGACATGGGTTGCTGCG,2,691051
cpxRp2,1.5,8,3,TGTGCTGCGGAGCCCTATCA,5,650900
cpxRp2,0.75,5,3,TGTGCAATCATAGGACGGAT,2,654817
cpxRp2,0.5,4,3,TGTCTCGTGCGTGGAAAGAG,1,635745
cpxRp2,0.5,4,3,TGTCGTGAAGTAAGGCGTAC,1,710651
cpxRp2,0.5,4,3,TGTCGCAAAGACTTCCTCGT,1,710152
cpxRp2,4.75,21,3,TGTCAGCTCATTTCGGCCGA,18,710683
cpxRp2,0.5,4,3,TGTATTTGCGGGTAAGGGGA,1,699506
cpxRp2,2.5,12,3,TGTACCAGGTCTGGTGGGGT,9,702002
cpxRp2,0.5,4,3,TGTAACCTACGTGACCAGAC,1,701835
cpxRp2,1.75,9,3,TGTAACCCGGTCCTACGATT,6,636307
cpxRp2,0.75,5,3,TGGTCGTCGCGACCAGCGGT,2,694415
cpxRp2,1.25,7,3,TGGTCACTTCTCTGGATAAG,4,689136
cpxRp2,1.25,7,3,TGGTAATTATTGAAAACGTC,4,688215
cpxRp2,5.75,25,3,TGGGTTGTTACGCAGCTGGA,22,667283
cpxRp2,1.25,7,3,TGGGTGCATTGAAGGTTCGC,4,645757
cpxRp2,0.75,5,3,TGGGGTTAACGGTCTCATCA,2,650190
cpxRp2,0.75,5,3,TGGGGGCTTTCGCAGAATTG,2,654312
cpxRp2,0.5,4,3,TGGGGAATGTGTCGTCAATG,1,694530
cpxRp2,0.75,5,3,TGGGAGTGGTCATTGGACCT,2,707989
cpxRp2,4.0,18,3,TGGCTTTCCGTCGGTACATA,15,705973
cpxRp2,1.25,7,3,TGGCTTCGAAGCGTTATCGT,4,678512
cpxRp2,0.5,4,3,TGGCTGAGTCTGGGAAAGGG,1,631639
cpxRp2,0.5,4,3,TGGCGCTGTGTTTCGAGTAA,1,661881
cpxRp2,0.75,5,3,TGGCGCGTACAACCATAGCC,2,709227
cpxRp2,1.5,8,3,TGGCCGTGATCTAGTGAGTG,5,709782
cpxRp2,4.0,18,3,TGGCAGGTGCGAACGCCGGT,15,708090
cpxRp2,0.5,4,3,TGGCAGATTTCAAGTCGCCC,1,662288
cpxRp2,1.25,7,3,TGGCACACCGGGTGGACTCC,4,693750
cpxRp2,2.5,12,3,TGGCAACTTCCAGCGCCGCG,9,663511
cpxRp2,6.5,28,3,TGGAGTAATTGTGGACGGCG,25,684200
cpxRp2,1.0,6,3,TGGAGACGGGACTCCACAAC,3,669476
cpxRp2,1.25,7,3,TGGACGTGGTCGTGGGAGTT,4,677637
cpxRp2,0.75,5,3,TGCTTGATCCATGGGTAACC,2,663236
cpxRp2,2.5,12,3,TGCTTGATAGGTTGCCTTAT,9,681761
cpxRp2,1.25,7,3,TGCTTAGACAGTAGAGGCCC,4,652559
cpxRp2,1.75,9,3,TGCTTACCTATCGGACGCAG,6,643971
cpxRp2,2.75,13,3,TGCTGTCGGTAATAACCGGA,10,651504
cpxRp2,0.5,4,3,TGCTCTACGAGGCAACGTGT,1,695725
cpxRp2,2.75,13,3,TGCTAGTTGCCCTGTGAAAG,10,710994
cpxRp2,5.25,23,3,TGCTAGGTAGAAGTCTAATT,20,708985
cpxRp2,4.75,21,3,TGCTAACTAATAGCTCCGCT,18,707417
cpxRp2,2.25,11,3,TGCGTAATGAGTACGCGGTA,8,651883
cpxRp2,2.25,11,3,TGCGGGGGGAGAAGTAGTGA,8,632544
cpxRp2,1.5,8,3,TGCGATTTCTATAGGCATAT,5,678734
cpxRp2,1.25,7,3,TGCGAGGTTCCACTCATCCG,4,649769
cpxRp2,1.0,6,3,TGCGAGGTGGTTGACCGGTA,3,641543
cpxRp2,0.75,5,3,TGCCTTGTAGTGGCTCTTGA,2,672624
cpxRp2,0.5,4,3,TGCCTCGGTAATAGCAAGGA,1,660040
cpxRp2,3.25,15,3,TGCCAGTCCCCTGCTGCCAG,12,705844
cpxRp2,0.5,4,3,TGCCAATTAATATTACAGCC,1,701949
cpxRp2,0.5,4,3,TGCATTAAGCTGGAGAATAC,1,698223
cpxRp2,1.5,8,3,TGCATAGGAAAGTCTCGGTT,5,656050
cpxRp2,1.5,8,3,TGCAGCCTGGCTGCGAACGT,5,703956
cpxRp2,1.75,9,3,TGCAAAGGGGCAAACAATGT,6,695321
cpxRp2,0.75,5,3,TGCAAAACATCCCTGAGTAT,2,704814
cpxRp2,0.75,5,3,TGATTGTAGACGCCCAGGTA,2,653515
cpxRp2,0.5,4,3,TGATGTTTCGCGGGTATACA,1,700343
cpxRp2,0.5,4,3,TGATGGCCACGACCATAGTG,1,691785
cpxRp2,4.5,20,3,TGATGCCCGTCCGGATCGAA,17,694319
cpxRp2,0.5,4,3,TGATCTAAACCTGCACTCTA,1,666278
cpxRp2,1.5,8,3,TGATCCGAAGAAATAGCACT,5,676772
cpxRp2,0.75,5,3,TGATATGGCCTCCAAAAATA,2,710277
cpxRp2,0.75,5,3,TGATACTGTAGACCTTAGGA,2,669264
cpxRp2,1.75,9,3,TGAGTTCTCAGTTAAGATCT,6,704909
cpxRp2,1.25,7,3,TGAGTGTATTTGTGGTCATG,4,682642
cpxRp2,1.25,7,3,TGAGTCAACGGTTCAATGGC,4,701377
cpxRp2,0.75,5,3,TGAGGCGGAGATAAAAGCCA,2,649054
cpxRp2,1.5,8,3,TGAGGACCTGAGGCGACTAC,5,704165
cpxRp2,2.5,12,3,TGAGCGGTACCTTAAGATTC,9,687432
cpxRp2,3.0,14,3,TGAGCGAATCAGGGCGCTAG,11,684113
cpxRp2,1.0,6,3,TGAGAACTGCGGGTACTTGG,3,687900
cpxRp2,2.75,13,3,TGACTTCTTGTGGTCACAGA,10,705502
cpxRp2,0.5,4,3,TGACTCGCGGAAGACTCTCA,1,690680
cpxRp2,1.75,9,3,TGACGCGCGTGCAGCGCGTG,6,647911
cpxRp2,3.25,15,3,TGACCCACGCAATTTGCCGG,12,637762
cpxRp2,1.5,8,3,TGACATCTTGGGTGAAGTTA,5,701232
cpxRp2,1.25,7,3,TGACACTCGCTGACCGATAC,4,645329
cpxRp2,2.5,12,3,TGACACAGAGGGCCTATCGG,9,689812
cpxRp2,2.75,13,3,TGACAACAGACCCTCTAGGA,10,680176
cpxRp2,2.25,11,3,TGAACAGTTCACTAAGGTCT,8,656160
cpxRp2,2.5,12,3,TGAAAACACCGAGCTGTTCT,9,665123
cpxRp2,3.0,14,3,TCTTTGTTGCGAGTAATCCT,11,667596
cpxRp2,2.25,11,3,TCTTTGCGCTCCTGGTCTGG,8,693530
cpxRp2,1.25,7,3,TCTTGCACACTTGAGCCTCT,4,672016
cpxRp2,1.75,9,3,TCTTGAGACTACCGTCAATT,6,665891
cpxRp2,3.75,17,3,TCTTCGCGTATCATGCGAAG,14,672952
cpxRp2,0.75,5,3,TCTTCCTCATTCCTAGTCCA,2,694864
cpxRp2,0.5,4,3,TCTTCCATGTGCAGCGTGAA,1,650487
cpxRp2,2.5,12,3,TCTTCCAGATTGGTCTCGTT,9,636906
cpxRp2,0.5,4,3,TCTTAGTAGAGTTAAGTATA,1,706845
cpxRp2,4.5,20,3,TCTTAAGTGGACATTAAGTG,17,640111
cpxRp2,3.5,16,3,TCTGGTTGGCACTGTCTAGC,13,640140
cpxRp2,3.75,17,3,TCTGATTAGGGAATACACCA,14,641845
cpxRp2,1.25,7,3,TCTCGCTTTTTAGACGTTAG,4,673356
cpxRp2,3.75,17,3,TCTCGCCTAGTCTGTTAGTA,14,631668
cpxRp2,1.25,7,3,TCTCGCATTACGATTCCTGA,4,660164
cpxRp2,1.75,9,3,TCTCGCACTTGAGTCCTTTC,6,658264
cpxRp2,0.5,4,3,TCTCGACCCGGGCCATGAGC,1,690373
cpxRp2,4.25,19,3,TCTCCGTCTCGAGGCTTGCC,16,709987
cpxRp2,0.75,5,3,TCTCCCAGCGTATGTCTCTT,2,648522
cpxRp2,2.25,11,3,TCTCAGTGACACCTTAAAGG,8,697959
cpxRp2,2.25,11,3,TCTATTAACTAGGTGAGGCT,8,661002
cpxRp2,1.75,9,3,TCTATCTAGTGTAGACTCGG,6,678979
cpxRp2,0.75,5,3,TCTAGTGAAAACCCTGGAAT,2,679726
cpxRp2,1.0,6,3,TCTAGGGACCACCAATTCAT,3,710205
cpxRp2,0.75,5,3,TCTAATACAAGAGCGTTAGT,2,686871
cpxRp2,1.25,7,3,TCGTTGGGCTCATTCGACCA,4,668122
cpxRp2,0.5,4,3,TCGTTGCAAGGAAACGATGA,1,636798
cpxRp2,0.5,4,3,TCGTTAAACTAGACTAATAG,1,632309
cpxRp2,2.25,11,3,TCGTGTCCGGTGACGTTGGT,8,635085
cpxRp2,4.0,18,3,TCGTCGGAAGGTCGTGCAAG,15,632139
cpxRp2,1.75,9,3,TCGTATTAATCAGAGTGCGG,6,671516
cpxRp2,1.5,8,3,TCGTATACTAAAGTGTTTTT,5,651427
cpxRp2,2.25,11,3,TCGTAAGAAGAGGACGAAGA,8,654971
cpxRp2,10.5,44,3,TCGGTGGGCCGAACAAGCGC,41,651612
cpxRp2,1.25,7,3,TCGGTGAAATCTAATAGCTG,4,678634
cpxRp2,0.75,5,3,TCGGCCAACCATCACAGGTG,2,656502
cpxRp2,0.5,4,3,TCGGCACTACGTAAGAAAGC,1,676272
cpxRp2,1.25,7,3,TCGGATATGCATCAATGGCG,4,661686
cpxRp2,0.5,4,3,TCGGAGAGTGATCATTAACA,1,654637
cpxRp2,2.75,13,3,TCGCTTCGTATTCGAGCTCA,10,630036
cpxRp2,0.75,5,3,TCGCTGGTTATATCCGTGTA,2,650016
cpxRp2,2.0,10,3,TCGCGTTGCTTGATTATCAA,7,690154
cpxRp2,0.75,5,3,TCGCGGAAAGGGTCTGTTAA,2,669676
cpxRp2,6.5,28,3,TCGCGCTTAGAGCCTAGCCA,25,640274
cpxRp2,1.75,9,3,TCGCCAGCGGTTATTAATTG,6,691915
cpxRp2,3.25,15,3,TCGCACGCAGTGTACAGGTA,12,709513
cpxRp2,2.0,10,3,TCGCAAGAGCCTCGTTAAGA,7,643872
cpxRp2,2.75,13,3,TCGATTTGGAGGCGCTCATT,10,676810
cpxRp2,1.0,6,3,TCGAGTGTTCGCGCCGGTGG,3,656061
cpxRp2,1.25,7,3,TCGACTACCGAACCAATGCC,4,645166
cpxRp2,1.25,7,3,TCGACGTTGAGGGGATAAGC,4,687740
cpxRp2,1.25,7,3,TCGAAAATCCGATCGGCGAT,4,695919
cpxRp2,1.75,9,3,TCCTTTGGATCTCCCCGGGT,6,651621
cpxRp2,2.5,12,3,TCCTTGGCCATGGGCGGCTT,9,693341
cpxRp2,0.75,5,3,TCCTGTGGGGACATGGGAGG,2,637819
cpxRp2,3.5,16,3,TCCTACTGGGAACCTGCAAC,13,630556
cpxRp2,0.75,5,3,TCCGTTTGACTGTGGGTGTA,2,684631
cpxRp2,2.25,11,3,TCCGTCTTCCGTGCTTGAGA,8,678468
cpxRp2,1.75,9,3,TCCGTCGAATGGACCTTTAC,6,706980
cpxRp2,0.5,4,3,TCCGGGGGGTCGGGTCCCAG,1,660512
cpxRp2,2.0,10,3,TCCGGGCGATGGCAGGAAAT,7,649389
cpxRp2,1.5,8,3,TCCGGGCCTCGTATACATCA,5,630089
cpxRp2,0.5,4,3,TCCGCGAAACTAGCAGCACA,1,645350
cpxRp2,2.0,10,3,TCCGCACAATGGCTGCCTAG,7,647079
cpxRp2,5.0,22,3,TCCGCAAGACACAGCCTCGT,19,709453
cpxRp2,0.5,4,3,TCCGACCGGCAGGATTCTGT,1,636856
cpxRp2,1.0,6,3,TCCCGTGGGACAGAGCCCTA,3,672728
cpxRp2,2.0,10,3,TCCCGTACCCTTCATGACAG,7,637207
cpxRp2,0.5,4,3,TCCCGCGGAGACACGCCTAA,1,663089
cpxRp2,4.0,18,3,TCCCGCATGGAACGGGGGTG,15,644276
cpxRp2,0.5,4,3,TCCCGCACGTGTCCTGGACC,1,703831
cpxRp2,0.5,4,3,TCCATTGTATCGCTTGTACT,1,683642
cpxRp2,1.75,9,3,TCCATGATGTGCTATCGAGG,6,680765
cpxRp2,3.0,14,3,TCCATATGTCATCTTAACCG,11,673978
cpxRp2,6.75,29,3,TCCATATCAGGCAATGCATC,26,700436
cpxRp2,1.5,8,3,TCCACGCTGGAACAGTTGCA,5,701341
cpxRp2,12.25,51,3,TCCAATCTGAGTACAGCCTT,48,698669
cpxRp2,0.5,4,3,TCATCATACGTTGTGCTAAA,1,637778
cpxRp2,3.5,16,3,TCATAGTGTAGTCCGAACTT,13,663180
cpxRp2,0.75,5,3,TCATAAGCAAGATGCCGGCT,2,695644
cpxRp2,0.75,5,3,TCAGTTTGGTGCCGTCGTGG,2,682817
cpxRp2,4.75,21,3,TCAGGGGCTCTCACAACGTC,18,682096
cpxRp2,1.5,8,3,TCAGCGGAGGTGAATCCACT,5,648633
cpxRp2,1.0,6,3,TCAGCATGCTTGAGCTTGAC,3,667081
cpxRp2,0.75,5,3,TCAGCAAAGTGGGGGCATGT,2,662648
cpxRp2,1.75,9,3,TCACTGCGAACAATATGGGT,6,644486
cpxRp2,0.75,5,3,TCACTCGTCTGTATTCCGGC,2,660631
cpxRp2,0.5,4,3,TCACGTTAGTAGTGGGGAGC,1,663274
cpxRp2,2.75,13,3,TCACCTTGAACATCAGGTTT,10,662343
cpxRp2,1.0,6,3,TCACCCGTCTCCGAATAAGA,3,680750
cpxRp2,4.0,18,3,TCACCCCGCCGTAGGCTAGT,15,644968
cpxRp2,1.0,6,3,TCACACTCACGTGGCACATC,3,629674
cpxRp2,0.75,5,3,TCAAGCATCAACCTGGCGAA,2,699357
cpxRp2,2.5,12,3,TCAAAAGGATGAACCCGGGT,9,638490
cpxRp2,1.0,6,3,TATTGGTAGTTAGGATGGTA,3,691636
cpxRp2,1.0,6,3,TATTGCTGCCATGAGATGTC,3,672664
cpxRp2,0.5,4,3,TATTATGCGAATGTAGGAAC,1,695906
cpxRp2,0.5,4,3,TATTACAACTAGCCACATGC,1,704261
cpxRp2,1.0,6,3,TATGTTGAACTGGCAGATCA,3,697661
cpxRp2,2.0,10,3,TATGTCAGTTAAGGTAGACT,7,651552
cpxRp2,2.0,10,3,TATGGCTAGGTTATTCCCGA,7,698241
cpxRp2,4.0,18,3,TATGCGGGCACGGACAGCTT,15,681393
cpxRp2,1.0,6,3,TATGCCTTAACCCTTCTAAC,3,665153
cpxRp2,4.75,21,3,TATGATTACGAGACTCCCGG,18,679506
cpxRp2,1.75,9,3,TATGAGTCTGACGGTATGTT,6,647831
cpxRp2,1.0,6,3,TATCTTCTCAGCAGTGGCGT,3,638902
cpxRp2,0.75,5,3,TATCGTGACCCGTCCGACCG,2,654567
cpxRp2,2.5,12,3,TATCGGGAAGACGAACTGTG,9,642468
cpxRp2,8.0,34,3,TATATTATAACGGCCTTTAT,31,631170
cpxRp2,1.0,6,3,TATAGGGTCAAGTTAACCGA,3,665269
cpxRp2,1.0,6,3,TATAGATGCAGTCAAACCTC,3,639489
cpxRp2,1.5,8,3,TATACGTATCCTAGTTAGTA,5,643780
cpxRp2,1.0,6,3,TATAACCTTTAACTGTCGGT,3,660553
cpxRp2,0.75,5,3,TAGTTAATGTTGGTATAGGA,2,642096
cpxRp2,2.5,12,3,TAGTGGATTTAAGGTCCTTG,9,652945
cpxRp2,0.5,4,3,TAGGTTTGTAAGTTCGTGAC,1,633785
cpxRp2,1.0,6,3,TAGGTTACCAGGCAACCTTA,3,666326
cpxRp2,0.5,4,3,TAGGGTGAAACGACGCATAG,1,689518
cpxRp2,0.5,4,3,TAGGGTACTATTAAAAAGTG,1,708572
cpxRp2,1.0,6,3,TAGGGCAGCCCACAGCTCGG,3,652095
cpxRp2,0.75,5,3,TAGGGAAAGACGGGCCAGGT,2,665714
cpxRp2,0.5,4,3,TAGGATAACACCAAATCGGT,1,664890
cpxRp2,2.0,10,3,TAGGAGTTTTCCCGGGCCTC,7,651575
cpxRp2,0.5,4,3,TAGGAAGACGCTTTCTTTCT,1,703910
cpxRp2,0.75,5,3,TAGGAACACCAAGAAATAGA,2,684613
cpxRp2,1.5,8,3,TAGGAACAACCTTTCGTTTG,5,651332
cpxRp2,1.0,6,3,TAGGAAAGCTGATTCTGGAA,3,681428
cpxRp2,0.75,5,3,TAGCGCTCGAGCAGCGCACT,2,706672
cpxRp2,1.25,7,3,TAGCGCGTTGAACTCGACAA,4,702687
cpxRp2,1.0,6,3,TAGCGACCTGAGGGGCCTTT,3,705543
cpxRp2,0.5,4,3,TAGCGAATAGCGCGTTTGCC,1,694294
cpxRp2,1.25,7,3,TAGCCGGCGGTTTTCAGCGA,4,639236
cpxRp2,2.75,13,3,TAGCCGGCAGTGTTTCTACT,10,679450
cpxRp2,0.5,4,3,TAGCCCCATGTGTGTGTCGT,1,705016
cpxRp2,1.25,7,3,TAGATCGCCCCTATCAAGCA,4,655219
cpxRp2,1.0,6,3,TAGAGTCTAGGATCGGGATT,3,694157
cpxRp2,0.5,4,3,TAGAGGCGGTATTGGTCCGA,1,635603
cpxRp2,3.75,17,3,TAGACTCGGCTCAACATATC,14,683203
cpxRp2,1.0,6,3,TAGACGCCCCTATACCGAGC,3,636445
cpxRp2,1.0,6,3,TAGACGCCCATAACTCGGGC,3,681377
cpxRp2,0.5,4,3,TAGACAAGTCTGTTATCCGC,1,689806
cpxRp2,1.75,9,3,TAGAAGCACTAGCCGTTATA,6,703484
cpxRp2,1.75,9,3,TAGAAGCAATCCGGACTCTT,6,643769
cpxRp2,2.5,12,3,TAGAAACGGTACCTCCTTCA,9,702635
cpxRp2,1.0,6,3,TACTTAATGTCAGTATCATG,3,708399
cpxRp2,2.5,12,3,TACTGATTTACAGTAATTCG,9,710598
cpxRp2,0.5,4,3,TACTATTTTCTACGTTCCTC,1,654104
cpxRp2,0.75,5,3,TACGTAGTAGAACTGGTAGT,2,687521
cpxRp2,0.5,4,3,TACGGGTCCAGGTGTGCTTA,1,690346
cpxRp2,1.0,6,3,TACGGGGCTGTGTTGTCACC,3,690922
cpxRp2,1.0,6,3,TACGGGGCTACAACGTTGAG,3,670345
cpxRp2,2.25,11,3,TACGGAGAATTATTCTCTGG,8,648623
cpxRp2,1.25,7,3,TACGCATGGGGCGCGGCACA,4,660940
cpxRp2,8.75,37,3,TACGCACGCTCTGTATTCCT,34,646581
cpxRp2,0.5,4,3,TACGAGCGCCCCCTTGTTCA,1,636413
cpxRp2,0.75,5,3,TACCTTATCCACAGCCGGGG,2,637458
cpxRp2,2.25,11,3,TACCGCGCGTATGGAAAACG,8,675765
cpxRp2,1.0,6,3,TACCCTGTCCTCGTGTCCAC,3,667992
cpxRp2,2.75,13,3,TACCCTCTATTCTGGCGCTT,10,651286
cpxRp2,0.75,5,3,TACATAGATTTCAAAAGGCA,2,635663
cpxRp2,1.25,7,3,TACATACAATGCAAGCGGCT,4,669803
cpxRp2,3.25,15,3,TACAGTGACGTCTACAGAGA,12,632077
cpxRp2,2.5,12,3,TACAGTAAAGAGGGCACATC,9,696941
cpxRp2,3.0,14,3,TACAGGGGTGGATTCTCTGT,11,640650
cpxRp2,1.75,9,3,TACAGGACATGTTTGTTATC,6,654043
cpxRp2,3.25,15,3,TAATTGGATAGGTCAGCGTG,12,650281
cpxRp2,2.5,12,3,TAATTCTGCAGAACCGGATC,9,689712
cpxRp2,0.5,4,3,TAATTAGTCAAGGGGTGGGC,1,679920
cpxRp2,0.75,5,3,TAATGTACTCGTGATCTGGT,2,682420
cpxRp2,4.5,20,3,TAATCGTCAATTAACAACTG,17,644125
cpxRp2,0.5,4,3,TAATCGTATAGGTCGCGGAC,1,634112
cpxRp2,3.75,17,3,TAATCCGGGCACCAATCGGA,14,662854
cpxRp2,1.25,7,3,TAATCCAGATAACAAGTTGA,4,632527
cpxRp2,2.25,11,3,TAATCCACAGTATAACTATC,8,694507
cpxRp2,1.0,6,3,TAAGTTAACTATCAGGAGTT,3,650542
cpxRp2,0.5,4,3,TAAGTGTTATTTATACGGTA,1,645858
cpxRp2,0.5,4,3,TAAGACTCTCGAGTCACCTC,1,688621
cpxRp2,0.5,4,3,TAAGAAAAGTACGAGCAACA,1,646215
cpxRp2,1.25,7,3,TAACTTTAGTTTCAGCAAAA,4,711244
cpxRp2,1.75,9,3,TAACTATACGACAGAGAACA,6,645256
cpxRp2,1.5,8,3,TAACGGCGACTCTCTAGGAA,5,646699
cpxRp2,2.5,12,3,TAACCTTTGTTAAATTAATA,9,701659
cpxRp2,1.5,8,3,TAACCTTGGGTTCGCGAACA,5,637264
cpxRp2,2.25,11,3,TAACATTCTTGTGATTTAGA,8,662537
cpxRp2,1.75,9,3,TAAATGTGCGCGTACTTATG,6,710237
cpxRp2,0.75,5,3,TAAATCAACCACCGGGCGAT,2,686706
cpxRp2,2.5,12,3,TAAAGAGCGGTAAGCAGGCA,9,658672
cpxRp2,3.5,16,3,TAAACTTGCAAGGGGGCCTC,13,668057
cpxRp2,1.5,8,3,GTTTTCGTCGTGGAACTTGT,5,631758
cpxRp2,2.0,10,3,GTTTTAGCTCCGAGTGTTCG,7,635656
cpxRp2,3.75,17,3,GTTTGTTCAACGGTCTAACT,14,666774
cpxRp2,0.5,4,3,GTTTGTCCATATAGAAGCAA,1,664475
cpxRp2,0.5,4,3,GTTTGGGAACCTTATGCTGT,1,687828
cpxRp2,1.75,9,3,GTTTGGCTGGCCACGGTTAC,6,650153
cpxRp2,3.5,16,3,GTTTGAAGCAATGGCCGATG,13,709844
cpxRp2,5.25,23,3,GTTTCAAGCAAACTACGTTT,20,684294
cpxRp2,1.25,7,3,GTTTAGACCGGCGAACCGCC,4,679114
cpxRp2,1.5,8,3,GTTTAAAACAGTACTACAAG,5,708480
cpxRp2,1.75,9,3,GTTGTTGAGTACCAAGCAAT,6,652769
cpxRp2,0.75,5,3,GTTGTGTTTAATTGTGGACT,2,701061
cpxRp2,1.25,7,3,GTTGGGCACACTCTACCGTT,4,707353
cpxRp2,0.75,5,3,GTTGGCAATGACATACTGTC,2,669417
cpxRp2,3.75,17,3,GTTGACCGCGCTCAGTTCAC,14,710571
cpxRp2,0.5,4,3,GTTCGTTAACAGTTATCGCA,1,667708
cpxRp2,0.5,4,3,GTTCGCCTTGACGCTGCCAT,1,672878
cpxRp2,0.5,4,3,GTTCCTTCAGTCTCTAGGGA,1,653490
cpxRp2,0.75,5,3,GTTCCTGTAACCCCCAACAG,2,706026
cpxRp2,1.75,9,3,GTTCCTAGAATTTCTTTGCG,6,638410
cpxRp2,0.5,4,3,GTTCCGCCATAGCGTAGGGT,1,707354
cpxRp2,1.75,9,3,GTTCACCTAGACCGTCGATG,6,666320
cpxRp2,1.75,9,3,GTTCACCAGTAATCCGTAGC,6,695583
cpxRp2,0.5,4,3,GTTATCACAATATATTAAGC,1,693735
cpxRp2,2.0,10,3,GTTAGGTCAGTAAGATTAAC,7,641815
cpxRp2,1.25,7,3,GTTAGGCGAGGCAGCGTGGT,4,686371
cpxRp2,1.0,6,3,GTTAGCTCCCCATGTATTTC,3,710553
cpxRp2,1.75,9,3,GTTAGAATTTCCTAGTCATT,6,688093
cpxRp2,3.0,14,3,GTTACGGGCTCTAAAGGGAA,11,688697
cpxRp2,1.25,7,3,GTTACCGCGCAGAAGCTAGG,4,649871
cpxRp2,0.5,4,3,GTGTTGGTTTGCGAGGTTCT,1,670845
cpxRp2,3.75,17,3,GTGTGTGACAGATCGTACCC,14,702362
cpxRp2,2.0,10,3,GTGTGTCCCGGATATAAGCC,7,656278
cpxRp2,1.0,6,3,GTGTGGAACGTACCCAGCTG,3,668276
cpxRp2,2.75,13,3,GTGTGCTTGTCTGCGCTAAC,10,672780
cpxRp2,2.0,10,3,GTGTCATTGATTCGGTTATT,7,697535
cpxRp2,1.25,7,3,GTGTCAACGCGCGTCTAATA,4,673254
cpxRp2,0.75,5,3,GTGGGCTGGAGTAGCGGGTC,2,704365
cpxRp2,1.0,6,3,GTGGGCTGAGTATACGGGGG,3,637451
cpxRp2,0.5,4,3,GTGGATGTGTACGGCTAAAT,1,695752
cpxRp2,1.25,7,3,GTGGATGATCACGGTTATCT,4,651270
cpxRp2,0.75,5,3,GTGGATAGCAACCACACTGT,2,660832
cpxRp2,2.25,11,3,GTGGAGATACAGCACAGCTA,8,704640
cpxRp2,1.0,6,3,GTGGACAACCGAGCGCTAGA,3,645182
cpxRp2,1.25,7,3,GTGGAATGGCAGGAAGCGAC,4,671640
cpxRp2,0.5,4,3,GTGCTTTCGGTCAGCATTTG,1,694930
cpxRp2,0.75,5,3,GTGCTTTATATGGGTGGACA,2,649238
cpxRp2,0.5,4,3,GTGCCGTTGGAACCACATGT,1,674643
cpxRp2,3.25,15,3,GTGCCCTTAGTGTCTCACAG,12,705992
cpxRp2,3.5,16,3,GTGATGTCTGGGGACAGTCT,13,685297
cpxRp2,0.75,5,3,GTGATATCCCTAACGTGTAC,2,704299
cpxRp2,3.25,15,3,GTGATAGGTGATATATTATG,12,710171
cpxRp2,0.5,4,3,GTGATACGGCGATGTTAGTA,1,680656
cpxRp2,2.5,12,3,GTGATAAGTCTTGAGACCAG,9,705665
cpxRp2,0.75,5,3,GTGAGATGTTGGTCACTCGG,2,711783
cpxRp2,0.5,4,3,GTGACGGTCGGTGTGCTTAA,1,705336
cpxRp2,2.0,10,3,GTGAAGGCCCAAATAGCGCT,7,654694
cpxRp2,1.75,9,3,GTGAACGTCGTCGGTATCAG,6,698332
cpxRp2,3.25,15,3,GTCTGCTCAAGCATTAATAC,12,699414
cpxRp2,1.5,8,3,GTCTCTGCGAGTGGTTCTAC,5,666106
cpxRp2,2.0,10,3,GTCTCGGTTGCGAGGAATGT,7,652480
cpxRp2,8.5,36,3,GTCTCAGGCCGTCGATTATC,33,641017
cpxRp2,3.25,15,3,GTCTATTCCGGGTACTCGGA,12,702241
cpxRp2,0.75,5,3,GTCTAGTCCGATAATTTCTC,2,689854
cpxRp2,4.75,21,3,GTCTAGAACTATTTATAGGT,18,702220
cpxRp2,1.25,7,3,GTCGTCGGCGGGCTACGTAT,4,675351
cpxRp2,0.75,5,3,GTCGGGTGATACACATGAAG,2,687118
cpxRp2,1.75,9,3,GTCGGGATGCGTAGGGACTT,6,666683
cpxRp2,0.75,5,3,GTCCTTGACTGGTCCTTACG,2,681737
cpxRp2,2.5,12,3,GTCCGTTCGAAATAGGACCC,9,646688
cpxRp2,0.5,4,3,GTCCGTGAGGTATCTAACTC,1,685236
cpxRp2,1.75,9,3,GTCCGGGTCCTAAGAGCCAC,6,687304
cpxRp2,0.75,5,3,GTCCCTGGGGAGATATAGGT,2,696736
cpxRp2,0.75,5,3,GTCCCTATCAGTTTATTGTG,2,701004
cpxRp2,0.5,4,3,GTCCCCGTTTAGCGTGGTCT,1,669799
cpxRp2,0.5,4,3,GTCCATGATGGGTGTCCATA,1,689993
cpxRp2,1.0,6,3,GTCCACGTTTCCCGCTTTTC,3,682870
cpxRp2,1.0,6,3,GTCATGTCGCACAGAGCCAA,3,705022
cpxRp2,2.5,12,3,GTCATATGCTGGGATTCGAA,9,680961
cpxRp2,2.5,12,3,GTCACTAACCCCACCGCAGG,9,697808
cpxRp2,0.75,5,3,GTCACGACGATGAGGGTGAT,2,645846
cpxRp2,6.75,29,3,GTCAAGGCACGTTAGTGGAA,26,640315
cpxRp2,2.0,10,3,GTCAAATTAAATAGCGAATC,7,650514
cpxRp2,3.0,14,3,GTCAAAAGCCGGCAATGAGC,11,644869
cpxRp2,1.75,9,3,GTATTATTGAAGCGTTGGCG,6,693389
cpxRp2,1.25,7,3,GTATGTTAGATGCGCATTCC,4,650140
cpxRp2,1.75,9,3,GTATGGGCAGCTCTAAGTGA,6,679888
cpxRp2,2.5,12,3,GTATGCTGGGTTACCTGTAA,9,664316
cpxRp2,0.75,5,3,GTATGCTGCCCGTGAGCGAG,2,705244
cpxRp2,2.25,11,3,GTATCGGACCTGAGTCGCAT,8,686277
cpxRp2,0.5,4,3,GTAGTTCGGGTATTACTTCT,1,655963
cpxRp2,0.5,4,3,GTAGTCTGCTATTACCATTG,1,651713
cpxRp2,2.0,10,3,GTAGGTTTGGGTGGGTGGCA,7,655453
cpxRp2,2.0,10,3,GTAGGCAATTTCAATCGATC,7,661870
cpxRp2,0.75,5,3,GTACTTTGACACTTAGGGAG,2,639709
cpxRp2,2.0,10,3,GTACGGAACGCTACTAGGAA,7,668211
cpxRp2,1.0,6,3,GTACGATCAGGTACTCAGGG,3,668460
cpxRp2,2.75,13,3,GTACAGATGATCGCTGAGGT,10,711525
cpxRp2,2.0,10,3,GTAATCACTCGCGACGCGGC,7,645430
cpxRp2,2.0,10,3,GTAACGGACTTTTCAGGTAT,7,633991
cpxRp2,4.25,19,3,GTAACGCACAAACCTTGCGG,16,684199
cpxRp2,1.5,8,3,GTAACCGCTTAACTTTATCG,5,704632
cpxRp2,0.75,5,3,GTAACAATGCTTAATCTTTC,2,702041
cpxRp2,1.0,6,3,GTAAAGACCGAATATTAAAA,3,671068
cpxRp2,1.75,9,3,GTAAAATCGGGCTACAAACC,6,708621
cpxRp2,2.75,13,3,GTAAAAAGTGTCCGTTCAAC,10,635271
cpxRp2,2.75,13,3,GGTTTAGTTACAACTGGGAT,10,647770
cpxRp2,1.25,7,3,GGTTACGCTTGTCAGTTTGG,4,639484
cpxRp2,1.25,7,3,GGTGGGGCCAATATGTGGTA,4,682898
cpxRp2,1.5,8,3,GGTGCCTCGTATAAACACCC,5,651997
cpxRp2,1.0,6,3,GGTGCCACCCCCGTCGGGAA,3,695533
cpxRp2,5.5,24,3,GGTGATGAACGTGAGCCCGC,21,684800
cpxRp2,1.25,7,3,GGTCTTGAGGCTCGTTCGCA,4,673276
cpxRp2,2.0,10,3,GGTCGTGCGATACGGGTCTT,7,643293
cpxRp2,1.75,9,3,GGTCCGGCACCCTTTCGGTA,6,632615
cpxRp2,2.25,11,3,GGTCATGCTACAGCACCGGT,8,696398
cpxRp2,0.75,5,3,GGTCAATAGGGTAGGTCATA,2,665967
cpxRp2,1.75,9,3,GGTATCCACGCCGAATACAC,6,651744
cpxRp2,0.75,5,3,GGTATACAACGTCTTATCGG,2,685693
cpxRp2,4.5,20,3,GGTAGAGCCCCACATCGCCA,17,682673
cpxRp2,0.5,4,3,GGTACTTGTCCTAGCAGATG,1,648749
cpxRp2,0.5,4,3,GGTACTTCATGGGTCAAGGT,1,667773
cpxRp2,0.75,5,3,GGTACAGTTTGCGTGGCGAC,2,670869
cpxRp2,1.25,7,3,GGTACAATTAGCAATTCTTT,4,694678
cpxRp2,2.0,10,3,GGTAACTGGAATCTTACTAT,7,699603
cpxRp2,1.75,9,3,GGTAACAATACTAGGATGTG,6,685696
cpxRp2,0.5,4,3,GGGTTGCAAACGGTAGATAC,1,672716
cpxRp2,0.5,4,3,GGGTTCCGTTGCTGCAGCGA,1,664679
cpxRp2,1.25,7,3,GGGTGTACATGTAGTTTATG,4,643052
cpxRp2,1.0,6,3,GGGTGCCTCGTAACGTCGCC,3,630909
cpxRp2,2.0,10,3,GGGTGAACGTGACAAGAAGA,7,703578
cpxRp2,0.5,4,3,GGGTCTACCATCTTGGCGTT,1,708341
cpxRp2,3.0,14,3,GGGTCGTACGAGCTAACTTA,11,663519
cpxRp2,1.25,7,3,GGGTCGCGAGCCATTTGAGA,4,671004
cpxRp2,0.75,5,3,GGGTCATTCAGGTGTCAGCT,2,706076
cpxRp2,0.5,4,3,GGGTATCATAGTTGCTATAC,1,665654
cpxRp2,1.25,7,3,GGGTATCAGTCTGCGTCCCA,4,693743
cpxRp2,0.75,5,3,GGGTAGCGGTGCGACCCCGG,2,672425
cpxRp2,0.5,4,3,GGGGGGGCTACAGGCTAAGG,1,645021
cpxRp2,1.5,8,3,GGGGCCGCGTCCTACGGGAA,5,652877
cpxRp2,2.25,11,3,GGGCTGTACAGACCATTGGT,8,679935
cpxRp2,1.5,8,3,GGGCTGCTTGTTTGCATGAA,5,669936
cpxRp2,0.5,4,3,GGGCTCGTCCTTGTAACGCA,1,631003
cpxRp2,1.25,7,3,GGGCGACTATTCGACACTCA,4,655360
cpxRp2,4.75,21,3,GGGCGACAGAACAAGGACGC,18,673337
cpxRp2,1.25,7,3,GGGCAGGAAGATGTGTTCCC,4,698050
cpxRp2,0.5,4,3,GGGCAGAGAGTAGGCCACGA,1,638847
cpxRp2,0.5,4,3,GGGCACTTAGAGAGGCCAAG,1,641906
cpxRp2,1.5,8,3,GGGCACTGAGCAAGTGAGGT,5,652686
cpxRp2,0.5,4,3,GGGCAATTTCTTTGTCAGCA,1,699933
cpxRp2,1.75,9,3,GGGAGTCGTGACGCCCCCGT,6,671224
cpxRp2,4.5,20,3,GGGAGTAAAAGGTCGAGGAA,17,656705
cpxRp2,2.5,12,3,GGGACAGCCCCGGCACTTCC,9,685640
cpxRp2,9.0,38,3,GGGAAGTTAGCTGCTAATAT,35,682265
cpxRp2,1.0,6,3,GGGAAGCCGCATCGTGGAGT,3,707152
cpxRp2,0.5,4,3,GGGAACTTCGGGTGCTCTCT,1,647729
cpxRp2,3.5,16,3,GGGAACCGCAAACTTTGCCT,13,694121
cpxRp2,1.0,6,3,GGCTTGTCTATCTAAACCGC,3,697726
cpxRp2,0.5,4,3,GGCTTGGGTCAATACTGGAT,1,707490
cpxRp2,0.5,4,3,GGCTGGATTTATGCAAGTTC,1,683518
cpxRp2,4.25,19,3,GGCTGGACTCTGAATGAACC,16,644279
cpxRp2,0.5,4,3,GGCTGCGAGACAACCTAGGC,1,667636
cpxRp2,1.75,9,3,GGCTCGTGTCGGTTCTTGGG,6,686115
cpxRp2,1.0,6,3,GGCTCATACAGGGCCAGCTG,3,679693
cpxRp2,3.25,15,3,GGCTATTGACAGTCAAATAG,12,687188
cpxRp2,2.5,12,3,GGCTATATAGGGCGCTGATA,9,684336
cpxRp2,1.0,6,3,GGCGTGTAATGGTGGAGAAG,3,670949
cpxRp2,4.0,18,3,GGCGTCGCTCTTTTCCAGAT,15,636899
cpxRp2,1.75,9,3,GGCGTAGCTCGTTGTTCCCA,6,635854
cpxRp2,1.0,6,3,GGCGGTCATCTTGCAATGTT,3,664956
cpxRp2,0.5,4,3,GGCGGGACGAAAGCATGTTG,1,633636
cpxRp2,7.25,31,3,GGCGCCTCTGCGGGCAACTT,28,647923
cpxRp2,1.5,8,3,GGCGCCTCGACCTCGTCACA,5,665706
cpxRp2,3.5,16,3,GGCGACAGTCGGGGCATATT,13,661306
cpxRp2,0.5,4,3,GGCGAACCACCCTAATCTCA,1,670818
cpxRp2,0.75,5,3,GGCGAAAGGGAAGTATGAAA,2,663320
cpxRp2,1.25,7,3,GGCCTCGAGGCTACACTGAT,4,697254
cpxRp2,2.0,10,3,GGCCTAGTTGCGCCCGATAT,7,669442
cpxRp2,3.0,14,3,GGCCTAATTAGATCACGAAA,11,637890
cpxRp2,1.25,7,3,GGCCCATGATGCTATATATT,4,675376
cpxRp2,2.75,13,3,GGCCATCCACATTCTGACCT,10,637436
cpxRp2,3.5,16,3,GGCCACGCCCCAGTGGTTTA,13,644504
cpxRp2,2.25,11,3,GGCATGCGATGGGAGTTAAC,8,682871
cpxRp2,1.25,7,3,GGCATATAGTGGGTGATTAG,4,691943
cpxRp2,0.5,4,3,GGCATAGTTTAGTGGCTGTA,1,688640
cpxRp2,1.25,7,3,GGCAGGAAACGCTTTAAAAT,4,709672
cpxRp2,1.0,6,3,GGCACTAGAGTATTTGCAGG,3,698194
cpxRp2,4.75,21,3,GGCAAGTACTCCGGACCAGC,18,709884
cpxRp2,1.0,6,3,GGCAAGACCTCCGCAGCTCT,3,691862
cpxRp2,1.0,6,3,GGCAACACACGCCAATCTTC,3,700705
cpxRp2,0.75,5,3,GGATCACATGGATAATGTGA,2,701612
cpxRp2,0.75,5,3,GGATAGATAATGAGATGGTC,2,694183
cpxRp2,1.75,9,3,GGATAATCGGCTAAAACCAA,6,703172
cpxRp2,10.0,42,3,GGAGACAGAACTGCCCTCGT,39,651842
cpxRp2,1.0,6,3,GGAGAATTCGAGGCACCCAA,3,688949
cpxRp2,1.25,7,3,GGAGAAGAAATATAATTAAC,4,668265
cpxRp2,0.5,4,3,GGACGTGGATAACCACGCGA,1,703527
cpxRp2,3.25,15,3,GGACGGGGCACATATTACCC,12,674529
cpxRp2,0.5,4,3,GGACGCACAGGGGGGGTACC,1,673066
cpxRp2,3.0,14,3,GGACCTCGAACCGAATGTGT,11,682145
cpxRp2,1.25,7,3,GGACCCCTCGTAATGTCTCA,4,658836
cpxRp2,1.5,8,3,GGACAAGCTTCTAGTGCTGT,5,640389
cpxRp2,2.25,11,3,GGACAAAGAGAGCTGTCGAT,8,681108
cpxRp2,0.5,4,3,GGAATCTTCTCCTTTTCAGT,1,651689
cpxRp2,1.5,8,3,GGAAGGGGGGGGATCACTTC,5,689161
cpxRp2,0.75,5,3,GGAAGAGTTCGCTCATGCTC,2,682008
cpxRp2,2.0,10,3,GGAACTCAAGGTTTGTAACG,7,661514
cpxRp2,1.0,6,3,GGAACTAAAGGTGTAACTTG,3,672958
cpxRp2,0.5,4,3,GGAAAAGGTGGCAGTCGAAG,1,699244
cpxRp2,0.5,4,3,GGAAAAGCCGGACGTTCGCG,1,647524
cpxRp2,2.75,13,3,GGAAAACAACTCCCCATGTG,10,689654
cpxRp2,1.0,6,3,GCTTATATTTCTGATTGAGT,3,634482
cpxRp2,0.5,4,3,GCTTATACAGGCTTAGGAAA,1,655034
cpxRp2,0.5,4,3,GCTGTTTGGTTCGCCACGTT,1,670901
cpxRp2,1.25,7,3,GCTGTTGCTTCCTGTCAGAG,4,666922
cpxRp2,1.25,7,3,GCTGGGACGCTATCGCATGC,4,679180
cpxRp2,0.75,5,3,GCTGGGAAGTTACTTAGATG,2,638233
cpxRp2,0.5,4,3,GCTGGAATGGAAGTAACCAC,1,654457
cpxRp2,0.5,4,3,GCTGCTCAAGCTCCCGGAAT,1,634297
cpxRp2,1.5,8,3,GCTGCTAATGTCAGGCTGGC,5,702897
cpxRp2,0.5,4,3,GCTGCGTTCGAACCCTCTCG,1,695006
cpxRp2,1.25,7,3,GCTGCACTAATACCAAAATC,4,677151
cpxRp2,1.75,9,3,GCTCTTATTTTTCCCATCTG,6,681458
cpxRp2,1.25,7,3,GCTCGTTGTTTCCTAAATTC,4,693542
cpxRp2,1.0,6,3,GCTCGGTTCTTTGTGAGAGT,3,657334
cpxRp2,1.0,6,3,GCTCGGACGAGCTGGGAAGG,3,669960
cpxRp2,2.0,10,3,GCTCGAGGTGCCCCAGTGTG,7,699102
cpxRp2,0.5,4,3,GCTCGAGACTCAGGGACTAA,1,705437
cpxRp2,1.25,7,3,GCTCCTACTTAGCGCGCCAA,4,672829
cpxRp2,4.0,18,3,GCTCCCCCGGCAACTGTGTA,15,650382
cpxRp2,0.5,4,3,GCTCCCATCGTTAGTAAGTG,1,642313
cpxRp2,1.25,7,3,GCTCCAGTTACCGTAGGTGA,4,647219
cpxRp2,1.5,8,3,GCTCATTAATGTGCTAGGGG,5,660010
cpxRp2,0.5,4,3,GCTCATAGTCGAGCCTTAGA,1,698728
cpxRp2,1.25,7,3,GCTCATAGCGGCGGGCTCGA,4,658905
cpxRp2,1.5,8,3,GCTACCGACGGCACATTTAA,5,706250
cpxRp2,1.5,8,3,GCGTTTTCTTTGTGAACATA,5,646899
cpxRp2,1.0,6,3,GCGTGTCCCGCGATGGATTT,3,704677
cpxRp2,3.0,14,3,GCGTGCTCGAATTTGTGCAT,11,688935
cpxRp2,3.5,16,3,GCGTAGTTTACACACTTTGT,13,669536
cpxRp2,1.75,9,3,GCGTAGGAACTCTATGGCGT,6,638860
cpxRp2,1.5,8,3,GCGTACACCGTGTTTATGGT,5,699803
cpxRp2,0.75,5,3,GCGTAAAGCCCCCACCCATA,2,695411
cpxRp2,1.5,8,3,GCGGTCCTCAATAAAAGAAA,5,672115
cpxRp2,1.5,8,3,GCGGGTTCTGTCACACGTGG,5,645602
cpxRp2,1.0,6,3,GCGGCAGCCTATGGGTCACT,3,668972
cpxRp2,1.25,7,3,GCGCTACCCTCAACTTGAGG,4,675941
cpxRp2,1.0,6,3,GCGCTAAAGATCCGATCGTT,3,691150
cpxRp2,1.0,6,3,GCGCGCGGGTGGCAAGTCTA,3,703679
cpxRp2,10.75,45,3,GCGCATCAATTGTACGATCA,42,666592
cpxRp2,1.25,7,3,GCGCACTCCCGGCAGTAGCT,4,645864
cpxRp2,4.0,18,3,GCGCACCAATAAGCTGTTGT,15,674770
cpxRp2,2.0,10,3,GCGCACATGCGCCCAGGAGA,7,687884
cpxRp2,0.5,4,3,GCGCAAATTAAGATTGCTGC,1,638680
cpxRp2,2.5,12,3,GCGAGCTTTCAACCCTCAAG,9,661391
cpxRp2,0.5,4,3,GCGAGACCCGGTGGTCTGTC,1,639458
cpxRp2,0.5,4,3,GCGACATATATGGCTAAAAG,1,696709
cpxRp2,2.25,11,3,GCGACAACAGCGAAGAGAGG,8,636122
cpxRp2,1.5,8,3,GCGAATTGCTGACATTCAAT,5,642109
cpxRp2,0.5,4,3,GCCTTCGTGGATGTCTTCTC,1,670249
cpxRp2,6.5,28,3,GCCTTCCGATCCGAAGCCTT,25,631952
cpxRp2,0.75,5,3,GCCTGTTTTGCCTAATCCGG,2,679447
cpxRp2,1.0,6,3,GCCTGGACCTTTGAACGTGC,3,700230
cpxRp2,1.25,7,3,GCCTCCTAACCGTTGTTGGA,4,646918
cpxRp2,1.0,6,3,GCCTATGAAGTACGGCTTAA,3,648803
cpxRp2,1.25,7,3,GCCGGCCTCAGAGGGGGAGA,4,711716
cpxRp2,0.5,4,3,GCCGGCAGGTACTGTTCTGA,1,668087
cpxRp2,2.25,11,3,GCCGGACTGAATGAACAATG,8,665255
cpxRp2,1.0,6,3,GCCGCTAGTGCTGTACACTA,3,689378
cpxRp2,0.5,4,3,GCCGCACTGGCATAATAACG,1,671933
cpxRp2,9.0,38,3,GCCGATACTGTGTACATAGA,35,643221
cpxRp2,0.5,4,3,GCCGACCTCAGTAGATTTAC,1,672754
cpxRp2,5.25,23,3,GCCGACCCCCGGGTCAATTA,20,661350
cpxRp2,1.0,6,3,GCCCGTGCTTCCGCTGCTCG,3,663362
cpxRp2,0.5,4,3,GCCCCTGGTAGTTAACGTTG,1,684738
cpxRp2,1.25,7,3,GCCCCGAGCGTCATTTTATC,4,633288
cpxRp2,0.5,4,3,GCCCACATATAAATTGTGCA,1,667353
cpxRp2,0.75,5,3,GCCCACAATGAGAGGGGCGT,2,630363
cpxRp2,1.25,7,3,GCCCAAGATTGGTGAGTGTC,4,633822
cpxRp2,0.75,5,3,GCCAGTGTTACGGGATGCAA,2,664829
cpxRp2,3.75,17,3,GCCAGTGGCCTATGCTGATA,14,704167
cpxRp2,5.25,23,3,GCCAGGGATCTTTCAACATC,20,633144
cpxRp2,1.25,7,3,GCCAAGCACATTCTCAGTGT,4,650116
cpxRp2,1.0,6,3,GCATTTCCGGGATACGTCCC,3,659315
cpxRp2,0.75,5,3,GCATTGTCCTGCGAGAGCCA,2,697708
cpxRp2,1.75,9,3,GCAGTGCGCATTCGGACCCC,6,655825
cpxRp2,1.25,7,3,GCAGTACTCACGGGGTCGGT,4,691596
cpxRp2,0.75,5,3,GCAGCTGCACTTTTAAGGTC,2,637966
cpxRp2,1.5,8,3,GCAGCTCCCAGCATTGCTCG,5,665266
cpxRp2,1.75,9,3,GCAGCGTTATCACCAATCCA,6,690261
cpxRp2,1.75,9,3,GCAGCGTAATTGCACGATCC,6,692060
cpxRp2,2.5,12,3,GCAGATTAGGCCTCACTTTG,9,631025
cpxRp2,0.75,5,3,GCAGAGCCGCATTAGATCGG,2,689013
cpxRp2,2.75,13,3,GCACTTGTAATGGGGCCGGC,10,659062
cpxRp2,0.5,4,3,GCACTGCACTGAACCTACCC,1,690861
cpxRp2,1.0,6,3,GCACTCGTAAATCCGTCCTG,3,643361
cpxRp2,2.75,13,3,GCACTACACCATACGGTGAG,10,669747
cpxRp2,1.5,8,3,GCACGGCGGAGGGGGAAGGG,5,660044
cpxRp2,1.0,6,3,GCACGCCTCGAATCAAACTT,3,685903
cpxRp2,2.0,10,3,GCACGAAGTCGCGACCAGTT,7,704743
cpxRp2,1.0,6,3,GCACCGTTGGGGCATCCAGA,3,710716
cpxRp2,2.0,10,3,GCACAGTGAATCCTTCTAAA,7,636718
cpxRp2,0.75,5,3,GCAAGTGGGATTTTCGAATT,2,684590
cpxRp2,2.5,12,3,GCAAGGTCAGTTCCCGGCGA,9,632153
cpxRp2,0.5,4,3,GCAACTGACTTCCGCAGCAA,1,691632
cpxRp2,1.25,7,3,GCAAATTATGTGTGCCAATT,4,640590
cpxRp2,4.25,19,3,GATTTAGACGCAATTAAGGT,16,712117
cpxRp2,0.5,4,3,GATTGGATAATCAGGACAGG,1,688791
cpxRp2,1.5,8,3,GATTGCGCGCCTTATTAACT,5,686107
cpxRp2,0.5,4,3,GATTGCCTCCCACAGGATAA,1,652746
cpxRp2,0.5,4,3,GATTCTAAGGCTGTCTCCAG,1,684974
cpxRp2,1.0,6,3,GATTCCTGCCCGCGCCGCCA,3,708556
cpxRp2,3.25,15,3,GATTCATATCATCTCTTAGA,12,706243
cpxRp2,0.75,5,3,GATTCACGTAAAAGGTGGTC,2,663568
cpxRp2,0.5,4,3,GATTAGGCGGTTCACCCAGT,1,674161
cpxRp2,1.25,7,3,GATTACTTAATATTTGTCTC,4,635849
cpxRp2,1.5,8,3,GATTAAATGTCTTTAGAGAA,5,634594
cpxRp2,2.5,12,3,GATGTCTGTCCGCGTGGATG,9,642908
cpxRp2,1.0,6,3,GATGTCAGACACCTTAGAAT,3,694247
cpxRp2,0.5,4,3,GATGGCATGTACGCATTTGT,1,708669
cpxRp2,3.5,16,3,GATGCCTCACTATACATAAA,13,654298
cpxRp2,1.75,9,3,GATCGGGCCTCGCCGACCAA,6,674840
cpxRp2,3.0,14,3,GATCCGTCGGTCGTGGGCGA,11,687210
cpxRp2,2.0,10,3,GATCCCTAGAGCGCGCGCGG,7,671768
cpxRp2,2.5,12,3,GATCAGATCGTGCTACAATC,9,677842
cpxRp2,2.25,11,3,GATCACTTGGCATCTATACA,8,650265
cpxRp2,1.75,9,3,GATCACCCCTACCATCTAGC,6,686430
cpxRp2,11.75,49,3,GATCACAGACACTTCCGGCC,46,708859
cpxRp2,0.5,4,3,GATACCCTTTTTATAATCTC,1,680415
cpxRp2,0.5,4,3,GATAATCAGTCTCGGCGCCA,1,698933
cpxRp2,0.75,5,3,GAGTTGAACTTGAGAAGGAA,2,700511
cpxRp2,1.0,6,3,GAGTGTAGTGGTGGCCAAGT,3,651664
cpxRp2,0.5,4,3,GAGTCACCGCCTTAAACCTG,1,663441
cpxRp2,4.0,18,3,GAGTATGCGTATAGCTCCTT,15,652448
cpxRp2,0.75,5,3,GAGTATACCTCGCATCTACG,2,656715
cpxRp2,2.5,12,3,GAGGTGCGAGCTCTCGCTGC,9,640939
cpxRp2,1.25,7,3,GAGGGTAAGGTAAGCATAGC,4,667328
cpxRp2,0.5,4,3,GAGGGAGTGGGTGGTCGGAG,1,697521
cpxRp2,1.0,6,3,GAGGGACTTCCGTACGTCGG,3,674367
cpxRp2,0.5,4,3,GAGGCGGGTCAGATTCCGAC,1,694061
cpxRp2,1.25,7,3,GAGGCACTCCTCGAGAGCGG,4,636481
cpxRp2,0.75,5,3,GAGGAAGCGCGGCCGCGGTG,2,711063
cpxRp2,0.5,4,3,GAGCTTGGCACGAGGTTGAC,1,637230
cpxRp2,1.5,8,3,GAGCTTAAGTATGAACGCCA,5,630632
cpxRp2,0.75,5,3,GAGCGCTCTTATAGCTACGG,2,637464
cpxRp2,0.5,4,3,GAGCCGTTACTTCACGATTT,1,634755
cpxRp2,2.5,12,3,GAGCCCCGAGGAACTCGAGC,9,673872
cpxRp2,1.0,6,3,GAGCCAAAGAACCGTCTCTA,3,645608
cpxRp2,1.0,6,3,GAGCAGTACGCTGAATTCCC,3,698752
cpxRp2,0.5,4,3,GAGCACAAAGCATTGTGCGA,1,636012
cpxRp2,0.5,4,3,GAGATTAGTACACATTTCCG,1,668457
cpxRp2,1.0,6,3,GAGATGTCTTGTCGGGGTGA,3,657981
cpxRp2,0.5,4,3,GAGAGTCCGTAAAAATCGAT,1,661121
cpxRp2,0.5,4,3,GAGAGCGTAGATACTAGCTA,1,644671
cpxRp2,0.75,5,3,GAGAGCCAATCTTGATGATG,2,704401
cpxRp2,2.5,12,3,GAGAGAATCACCTCATCTGT,9,704560
cpxRp2,0.5,4,3,GAGAGAAGCCTGGGACGGCA,1,709308
cpxRp2,0.75,5,3,GAGACTACCATGACTACGAC,2,698615
cpxRp2,0.75,5,3,GAGAATGTTCTCCGGGGTGC,2,633297
cpxRp2,2.25,11,3,GAGAATCGACCGATGCCAGC,8,675761
cpxRp2,2.25,11,3,GAGAAGCCGTCGTTATTAAG,8,710121
cpxRp2,1.25,7,3,GACTGAACAATGGAAAGGCG,4,655076
cpxRp2,0.5,4,3,GACTCGATTATTCATATTAT,1,656246
cpxRp2,0.5,4,3,GACTCAACTAATACTAGTGC,1,664750
cpxRp2,0.5,4,3,GACTACGTCTTCTGGCCGAA,1,688129
cpxRp2,1.0,6,3,GACGCGGAGGTTTCAACGTG,3,652714
cpxRp2,1.0,6,3,GACGAGCGGCCTTCGAGGGG,3,653626
cpxRp2,0.5,4,3,GACCTGTTAGTTTGTCTACA,1,679362
cpxRp2,1.25,7,3,GACCTGTACCATTTTTACGT,4,661646
cpxRp2,0.75,5,3,GACCTCAAGAGAAAAGTGTC,2,655251
cpxRp2,1.75,9,3,GACCGCGTTATAGAAGTCCA,6,663442
cpxRp2,1.0,6,3,GACCGAGGCGTTAGGCATAA,3,646744
cpxRp2,0.75,5,3,GACCCCCACGTTGTACGAGC,2,634580
cpxRp2,1.25,7,3,GACCCAATCATCATACATAT,4,673597
cpxRp2,1.0,6,3,GACCACTCCGCTATAGCAGT,3,681698
cpxRp2,0.75,5,3,GACATGACATTCGGGTATGC,2,679694
cpxRp2,1.25,7,3,GACATCACAATAATTCGTCA,4,636186
cpxRp2,1.25,7,3,GACAGTGCTATCGGGGTCAC,4,641739
cpxRp2,0.5,4,3,GACAGAAGTGTAATGCCTAT,1,644295
cpxRp2,5.0,22,3,GACACAAATCTGTGGCGGCA,19,637476
cpxRp2,3.5,16,3,GACAATGAAGCTTACATGTG,13,685077
cpxRp2,3.25,15,3,GAATTGTTGTCAATGATAAC,12,672308
cpxRp2,1.0,6,3,GAATCCTTGACATAGGGGAC,3,660563
cpxRp2,1.5,8,3,GAATCACACTCATAGAACGA,5,654582
cpxRp2,0.5,4,3,GAATAGAAATAGGCGTAGGG,1,671264
cpxRp2,2.0,10,3,GAAGTCTCGAGGGCGTAGGA,7,684585
cpxRp2,38.5,156,3,GAAGTCGCATTACCATTTCT,153,663649
cpxRp2,0.5,4,3,GAAGGTCGGGGTTCGAGCCC,1,651584
cpxRp2,5.25,23,3,GAAGGTCCACTGGCAAAAAG,20,699691
cpxRp2,0.75,5,3,GAAGGCGGTGTCTGAACTTT,2,648786
cpxRp2,2.5,12,3,GAAGGAACCCGATACGCCCA,9,675450
cpxRp2,4.0,18,3,GAAGCCATTTATGGCGGAGA,15,655033
cpxRp2,1.5,8,3,GAAGATTAACTGGTCCACTT,5,633946
cpxRp2,2.75,13,3,GAAGATGCGTGTAGTGGTTT,10,655525
cpxRp2,0.5,4,3,GAAGAGCGTCGGAGGACGGA,1,642071
cpxRp2,1.0,6,3,GAAGAATCGGTCAAGGATTG,3,647142
cpxRp2,0.75,5,3,GAACTGGTGGCTAAAACTAT,2,675646
cpxRp2,1.75,9,3,GAACTCTCGTTGGGGATGTC,6,712136
cpxRp2,0.75,5,3,GAACTCCCATGACAATATCA,2,668369
cpxRp2,0.5,4,3,GAACGGGCCTTGCAGCAACT,1,695614
cpxRp2,1.5,8,3,GAACCACGAATTCTGAGTAT,5,702304
cpxRp2,0.75,5,3,GAACAGCTTCAATGGCGCAC,2,658061
cpxRp2,0.75,5,3,GAAATGCTCACTCAGTCGAA,2,665217
cpxRp2,0.75,5,3,GAAATCTGCATCATCCGACT,2,679348
cpxRp2,1.5,8,3,GAAAGCGGACTATATATCTG,5,671148
cpxRp2,0.5,4,3,GAAAGATCATGTTGTTACGC,1,650715
cpxRp2,5.25,23,3,GAAACACGCGATTAGGATTC,20,640330
cpxRp2,2.5,12,3,GAAAAGGCTCATGACAAGCG,9,633690
cpxRp2,0.75,5,3,GAAAAGAATTGATTTTGAGA,2,687639
cpxRp2,4.0,18,3,CTTTTTCAAGTGATGGATTT,15,677577
cpxRp2,4.25,19,3,CTTTTCACCTCTCTGGGTGT,16,684981
cpxRp2,1.25,7,3,CTTTGAACATGGGCAGATCC,4,664837
cpxRp2,0.5,4,3,CTTTCGTTGTAGTAATACCC,1,638214
cpxRp2,2.0,10,3,CTTTATATAGTTTCAGCCCA,7,687498
cpxRp2,1.0,6,3,CTTCTCACGCCGCCCCGATC,3,712035
cpxRp2,2.0,10,3,CTTCGCTTTAGACCCACAAG,7,657571
cpxRp2,1.0,6,3,CTTATTGGGGTGGAAAGTAC,3,662877
cpxRp2,0.75,5,3,CTTATTCTGTGAACGGCCGC,2,711137
cpxRp2,0.75,5,3,CTTATACCTCCTTCAAAGGC,2,677211
cpxRp2,1.0,6,3,CTTATAATATTACAGCGGTT,3,654561
cpxRp2,0.5,4,3,CTTACTAATTCGGACCTGCG,1,681610
cpxRp2,0.75,5,3,CTTACACTACATCACCCGTC,2,675713
cpxRp2,6.5,28,3,CTTAAACCACCTAGTAAGTC,25,652357
cpxRp2,0.75,5,3,CTGTTTTCTCCGCAGCCCAT,2,637917
cpxRp2,2.5,12,3,CTGTTTCTTTTTTTTGTAGA,9,659128
cpxRp2,2.5,12,3,CTGTGCATACAGTTACCTGA,9,673200
cpxRp2,3.25,15,3,CTGTCCGACCAGTGATCGGG,12,711974
cpxRp2,1.5,8,3,CTGTCAAGTAACGGCTGTGT,5,699899
cpxRp2,2.0,10,3,CTGTCAACACATTGGGTCTA,7,696891
cpxRp2,1.75,9,3,CTGTACGAGCGTTGCGTAGT,6,636818
cpxRp2,1.25,7,3,CTGTAAGCTCATGTCGCTAT,4,696749
cpxRp2,1.5,8,3,CTGGGGAGTAGCGCCGTGTT,5,636845
cpxRp2,0.75,5,3,CTGGGCAGCTGGACGAAAGC,2,657600
cpxRp2,0.5,4,3,CTGGCGCTAGCCCTGAAAAA,1,704198
cpxRp2,2.0,10,3,CTGGCCCGGGCGCTAACCAT,7,646386
cpxRp2,0.75,5,3,CTGGCCAAACTCTAAAATCC,2,636289
cpxRp2,2.0,10,3,CTGGCATCTCGGCAATGGTA,7,705167
cpxRp2,1.5,8,3,CTGGCAGGCCCCAGGAGAGT,5,635981
cpxRp2,2.25,11,3,CTGGCACAGTAGTTATCATT,8,673630
cpxRp2,2.25,11,3,CTGCGACCGCGCGTTAGGAC,8,684063
cpxRp2,4.5,20,3,CTGCCTGCTGAAGGTGCTCT,17,642191
cpxRp2,1.0,6,3,CTGCCCTGTGTACACATGGA,3,681432
cpxRp2,0.75,5,3,CTGCAAAGGGCCCCGTATGT,2,691144
cpxRp2,1.0,6,3,CTGATCCTGGATCGCCCGCG,3,671294
cpxRp2,0.5,4,3,CTGATAGATGCCTCGCTTGT,1,636630
cpxRp2,0.5,4,3,CTGACTGAACCTGCCACAAA,1,684639
cpxRp2,1.5,8,3,CTGACTATCGGTATAAGGTC,5,710536
cpxRp2,0.75,5,3,CTGACGAAGGGCAGCATTGG,2,657508
cpxRp2,1.75,9,3,CTGAAGATTGTTATCTCACT,6,702762
cpxRp2,3.25,15,3,CTCTGTCTCTCCTACCACAG,12,677271
cpxRp2,1.0,6,3,CTCTCTCAGGGCTCTCGCGG,3,646305
cpxRp2,1.0,6,3,CTCTCTAAAGTACCGCGATT,3,644146
cpxRp2,1.75,9,3,CTCTCAAGGAGCCTTAGATC,6,636778
cpxRp2,0.75,5,3,CTCGTTTATGCGCGTCAAGA,2,685411
cpxRp2,3.0,14,3,CTCGTAAACTCATTGAACAC,11,680661
cpxRp2,2.75,13,3,CTCGCGATCTTGCTACACCT,10,682085
cpxRp2,0.5,4,3,CTCGCGAAGCCCGTGAGCTC,1,659220
cpxRp2,0.5,4,3,CTCGAGTCCCCACCTTAGAA,1,682722
cpxRp2,0.75,5,3,CTCCTTAGATACCGCCGCTC,2,673577
cpxRp2,2.0,10,3,CTCCTCGCAGTACGCTTGCT,7,710569
cpxRp2,0.5,4,3,CTCCGTTACTGATGCTTAAT,1,699659
cpxRp2,1.5,8,3,CTCCACTTTTCAGGTTGATG,5,636681
cpxRp2,4.0,18,3,CTCCAACGGAACTGAGGCCA,15,655898
cpxRp2,0.75,5,3,CTATTTTAACGGCTCGCAGG,2,652762
cpxRp2,0.5,4,3,CTATGTCTTATCATCTTAGT,1,646684
cpxRp2,0.5,4,3,CTATGGCCCGCGAGCTCTCT,1,664275
cpxRp2,0.75,5,3,CTATCGGGAAAATTGTGTTG,2,660959
cpxRp2,5.5,24,3,CTATCGATTTCGCTTTTTTA,21,688790
cpxRp2,0.5,4,3,CTATAAATACCCAGCATCGC,1,676784
cpxRp2,2.75,13,3,CTAGTTGTTAGTTGGTTCGT,10,644270
cpxRp2,0.75,5,3,CTAGTGAGGCATAAGGTATA,2,637678
cpxRp2,3.0,14,3,CTAGGGGTCTCGGTGCCATT,11,668935
cpxRp2,5.0,22,3,CTAGCGATACAGCCATATTC,19,700835
cpxRp2,1.0,6,3,CTAGCATATAGTAACCGGCT,3,693548
cpxRp2,1.25,7,3,CTAGATCTGGACTTCATAGG,4,669016
cpxRp2,3.5,16,3,CTACTAGGGCGGACGCAGCT,13,695479
cpxRp2,0.5,4,3,CTACGTGATATGCTTGCAGT,1,667043
cpxRp2,1.0,6,3,CTACCGTGCTCGTAGGACTA,3,679038
cpxRp2,3.25,15,3,CTACAGAGGCCTGAGTGTCA,12,653167
cpxRp2,0.5,4,3,CTAAGTTATTTTACACGTGA,1,698484
cpxRp2,0.5,4,3,CGTTTTCGCCTATGGGTGGT,1,671348
cpxRp2,8.5,36,3,CGTTGGCTAAATCCATAGTG,33,669028
cpxRp2,1.5,8,3,CGTTCGACGTATAACTTCTT,5,676343
cpxRp2,0.75,5,3,CGTTATGGAGGTTAATCGGA,2,668604
cpxRp2,4.75,21,3,CGTTACATGGCACGAACCCT,18,699291
cpxRp2,1.75,9,3,CGTGTTATACGAACTCGGTT,6,631856
cpxRp2,1.0,6,3,CGTGTCATGCGCAACAAACG,3,659985
cpxRp2,0.75,5,3,CGTGTACTGGCATGAACTCA,2,697180
cpxRp2,0.75,5,3,CGTGCTCGACCACGGACAGC,2,665540
cpxRp2,0.5,4,3,CGTGAAATCGCAAGACGTCT,1,648630
cpxRp2,18.25,75,3,CGTGAAACTCATTTAAATAT,72,650674
cpxRp2,1.25,7,3,CGTCTCCCACAGGAGCGGAG,4,667554
cpxRp2,1.75,9,3,CGTCGTGAACCTATAACTGG,6,649211
cpxRp2,0.5,4,3,CGTCCACACATGGTATCGAC,1,690494
cpxRp2,1.5,8,3,CGTATTCTCGGCGAAATGCA,5,684849
cpxRp2,2.25,11,3,CGTACGCGTAGATCCGCAGT,8,649402
cpxRp2,1.75,9,3,CGTACGAATTCCAAAAATGT,6,648776
cpxRp2,2.0,10,3,CGTAACCTCGGTATAGCGAT,7,636960
cpxRp2,21.0,86,3,CGGTGGCCCTCTTGGTTGTT,83,663652
cpxRp2,1.75,9,3,CGGTGCTGCTTGACCGATTA,6,709126
cpxRp2,0.75,5,3,CGGTCGATAATGGCATTTGT,2,632415
cpxRp2,0.5,4,3,CGGTCAGTTTATCAGTAGGC,1,631631
cpxRp2,0.5,4,3,CGGTCAGACGTAGAGCTAAG,1,659837
cpxRp2,3.5,16,3,CGGTACTACTAAAAGCACCA,13,672668
cpxRp2,2.25,11,3,CGGGTTCTTTCTACACAGAA,8,653447
cpxRp2,0.5,4,3,CGGGTGTCAGGACGAGCCTG,1,682769
cpxRp2,0.5,4,3,CGGGGTTTCTTACGCACCGG,1,669047
cpxRp2,1.5,8,3,CGGGGCAAACTCGTCTCTCT,5,704958
cpxRp2,3.5,16,3,CGGGGAGGGGACCTAGATAA,13,684326
cpxRp2,1.25,7,3,CGGGCGCCAGCGAAATGATT,4,641996
cpxRp2,0.75,5,3,CGGGCCGAATTCATTTGGAC,2,708719
cpxRp2,1.75,9,3,CGGGACCCCTTTTGAGCGGC,6,631004
cpxRp2,3.0,14,3,CGGCGTTGTAGTCCGTATCG,11,662505
cpxRp2,1.5,8,3,CGGCGTCCTCTGATTATAGG,5,649262
cpxRp2,9.5,40,3,CGGCGGACGTTACCCGAGGA,37,682495
cpxRp2,1.0,6,3,CGGCGCCAAATCTCCACTGT,3,662223
cpxRp2,1.75,9,3,CGGCCTAACATTCGCCGGTT,6,657309
cpxRp2,1.25,7,3,CGGCCGCTGTCCTGGTTCCT,4,668182
cpxRp2,0.5,4,3,CGGCAGAGTGTAGGGTCCTG,1,696559
cpxRp2,0.5,4,3,CGGATCGACGGATCGTATCG,1,699507
cpxRp2,1.25,7,3,CGGATCATGCGGGGTCGGTA,4,655170
cpxRp2,1.5,8,3,CGGATAGCTAATCCCGACGC,5,647492
cpxRp2,1.75,9,3,CGGATACCCCTGACTGACTG,6,691405
cpxRp2,2.5,12,3,CGGAGTTAAAGGGTCGCCGT,9,636851
cpxRp2,1.0,6,3,CGGAGGCAGCGGGTCCCGGT,3,671423
cpxRp2,2.25,11,3,CGGACGTGTGGGTCAACTGC,8,675828
cpxRp2,2.0,10,3,CGGACGCTTAGTCTCTAGCG,7,680021
cpxRp2,5.5,24,3,CGGACATTAGTTTCTAGCAA,21,673397
cpxRp2,2.75,13,3,CGGAAAGCGGGACCACGCGA,10,656166
cpxRp2,4.0,18,3,CGCTTTCTACAAACGTTTTA,15,702230
cpxRp2,5.5,24,3,CGCTGTCGCCAACCGGACGA,21,670985
cpxRp2,2.5,12,3,CGCTGTATTTGGATTGGCCG,9,636920
cpxRp2,2.0,10,3,CGCTGGGTGGATGTTGGTGC,7,644003
cpxRp2,3.25,15,3,CGCTCGGAGGGTGCAAGCCC,12,711306
cpxRp2,2.5,12,3,CGCTAAACACGCCTGAATGC,9,711518
cpxRp2,1.0,6,3,CGCGGGATCTAATTAAAGCC,3,668039
cpxRp2,0.5,4,3,CGCGGATGGAGATACCATTA,1,693749
cpxRp2,1.75,9,3,CGCGGAACTTTCATATTAAG,6,634547
cpxRp2,0.5,4,3,CGCGGAAACCTAGCGTCAGC,1,670896
cpxRp2,0.75,5,3,CGCGCTCGGGTGCAAATGCC,2,634604
cpxRp2,2.75,13,3,CGCCGTTGAGCATGTGGCAA,10,707406
cpxRp2,1.0,6,3,CGCCGTGTTCGACATCTCAA,3,708383
cpxRp2,1.0,6,3,CGCCGCTCTTAGCAACTTTG,3,670300
cpxRp2,14.5,60,3,CGCCCCATAGTATCGTCTTT,57,710002
cpxRp2,0.5,4,3,CGCATCATGCATACCTCGCA,1,661939
cpxRp2,0.5,4,3,CGCATACTTTCTTTCCAATG,1,670539
cpxRp2,0.75,5,3,CGCAGCTGACATACGCCAAG,2,693137
cpxRp2,0.5,4,3,CGCAGCACGCAGAGTTTGCT,1,658595
cpxRp2,1.0,6,3,CGCAAAGCGTCTGAGGGGAC,3,706358
cpxRp2,1.25,7,3,CGCAAAACTCATGGTGTCGT,4,631779
cpxRp2,2.25,11,3,CGATTTTATCTCTATTCTAC,8,693037
cpxRp2,1.25,7,3,CGATCCTGCCCCATCCCACA,4,697595
cpxRp2,0.5,4,3,CGATCCTCTTATGTAATTAC,1,684601
cpxRp2,10.75,45,3,CGATATTGAGGTCAAAGTGC,42,663650
cpxRp2,0.5,4,3,CGATATTGAGGCCATAAAAT,1,705807
cpxRp2,0.5,4,3,CGATATCCTCGCTCCGAAAT,1,679025
cpxRp2,1.75,9,3,CGATAGGGTCGCCGTAATTC,6,657558
cpxRp2,0.75,5,3,CGATACTCTTGCGTCTTCAG,2,687408
cpxRp2,2.5,12,3,CGATACGCATGCTGCGAGGT,9,658143
cpxRp2,2.25,11,3,CGATAAGGAACGGGTTGACA,8,666986
cpxRp2,0.5,4,3,CGATAACAAACAGGGCCGTT,1,637596
cpxRp2,0.5,4,3,CGAGCTTAAGCCCAGGTTAT,1,656413
cpxRp2,0.75,5,3,CGACGTTCCGTATGTCAGTC,2,666542
cpxRp2,2.5,12,3,CGACGCTTCCAGATGTCACA,9,669590
cpxRp2,0.75,5,3,CGACCCTAACGAATTACGCA,2,702006
cpxRp2,1.5,8,3,CGACATGGCAAGGAAAGTAT,5,681181
cpxRp2,3.25,15,3,CGACAGCCGTGCAAGTGTAA,12,665768
cpxRp2,9.75,41,3,CGACAATTAGGAGCGTACCT,38,652908
cpxRp2,0.5,4,3,CGAATTGCTCGCGCCATCGA,1,659785
cpxRp2,0.5,4,3,CGAATCTCACGGCATCCTAG,1,651008
cpxRp2,0.5,4,3,CGAAGTGGCAGCTCGGTCCA,1,649458
cpxRp2,1.25,7,3,CGAAAGTCTTCTAATCACTA,4,653737
cpxRp2,0.5,4,3,CGAAAGAAAGTCGCCCGGTT,1,658265
cpxRp2,1.75,9,3,CCTTGGCTACTATACCTCCT,6,660820
cpxRp2,0.75,5,3,CCTTCTATGTCTTTCCTGCA,2,688179
cpxRp2,1.75,9,3,CCTTCACATCCCGCTCTTTA,6,664340
cpxRp2,1.5,8,3,CCTTATCCGCTTACAGGCTA,5,653664
cpxRp2,2.25,11,3,CCTGTGGGACCATCCGGCTT,8,657383
cpxRp2,0.5,4,3,CCTGTAAACAAGGCAAGGGA,1,667689
cpxRp2,2.75,13,3,CCTGGTGGTCCTCGCGTATG,10,678004
cpxRp2,3.5,16,3,CCTGGAACTAGATATCTGTC,13,693411
cpxRp2,1.75,9,3,CCTGAGGCGATTTAAGGCCG,6,647394
cpxRp2,2.25,11,3,CCTGACGATATCACCAGGCA,8,634078
cpxRp2,1.0,6,3,CCTCTGTATCCTAAATTGAA,3,684437
cpxRp2,5.0,22,3,CCTCGGTTTGGTTAAGGATG,19,667189
cpxRp2,1.75,9,3,CCTCGCAGGTGTCGAACACT,6,687756
cpxRp2,1.0,6,3,CCTCCGAATAAGGTCACCAC,3,688469
cpxRp2,2.5,12,3,CCTCATGTTTACGCGAAAGG,9,676535
cpxRp2,1.75,9,3,CCTCAACTACTGGATTATGA,6,649120
cpxRp2,3.75,17,3,CCTATCACAAGCCACGGAAT,14,687535
cpxRp2,1.5,8,3,CCTACATACCCAGGGGCAAT,5,677568
cpxRp2,1.0,6,3,CCGTTGCTACGAAGGACGAC,3,650152
cpxRp2,1.75,9,3,CCGTTAGTTTACGTAGTCCT,6,699721
cpxRp2,1.75,9,3,CCGTTACTTCCAAGCTAACG,6,709306
cpxRp2,0.75,5,3,CCGTATTCAGCCCGCAACGA,2,695924
cpxRp2,0.5,4,3,CCGTACGGCAAGTCGTTCCC,1,697395
cpxRp2,0.5,4,3,CCGGTAGGCTTCAAGCCGTT,1,630043
cpxRp2,0.5,4,3,CCGGTAATAGTTCTTCTCTT,1,636475
cpxRp2,1.5,8,3,CCGGCGATGCCCCCTTCAGA,5,675299
cpxRp2,1.5,8,3,CCGGAGGTATAACCCCGTCG,5,684280
cpxRp2,0.75,5,3,CCGGACTTTAATCTCCTATA,2,710679
cpxRp2,1.25,7,3,CCGGAATATTGACCCAGAAT,4,639727
cpxRp2,1.25,7,3,CCGCTAAGGCAGAACATCAC,4,676080
cpxRp2,2.5,12,3,CCGCGCAATGCATCGAGTGC,9,685188
cpxRp2,3.5,16,3,CCGCCGTCCATGAGGTATCT,13,661835
cpxRp2,0.5,4,3,CCGCCCTTTGACAGCTTGCC,1,683415
cpxRp2,1.0,6,3,CCGCATTGGAATCAAGCGAA,3,710236
cpxRp2,2.0,10,3,CCGCATCGCGTAGTTTCGTT,7,683945
cpxRp2,0.5,4,3,CCGCACATAGTACACCGTTT,1,683361
cpxRp2,1.25,7,3,CCGATTGTGTTACCATATCG,4,633046
cpxRp2,1.75,9,3,CCGATTGTGTCATGGCGAAC,6,666391
cpxRp2,1.5,8,3,CCGACTTAACGGAGGAACGG,5,654253
cpxRp2,1.0,6,3,CCGACCTCTCCCCTTTGGCT,3,682046
cpxRp2,5.25,23,3,CCCTCCTTGTTAGCGTCTGC,20,696850
cpxRp2,1.5,8,3,CCCTCAGCAAATATGGGCAC,5,677793
cpxRp2,0.5,4,3,CCCTAGTGGGCGGAGTAGCC,1,694698
cpxRp2,1.75,9,3,CCCTACAACTCCTCTTGTAG,6,705925
cpxRp2,1.25,7,3,CCCTAAAATGCTGAAGGTAA,4,652512
cpxRp2,1.75,9,3,CCCGTCTTGCTTCCGAGAGC,6,700696
cpxRp2,4.0,18,3,CCCGTATACCCGGGAGCAAG,15,696622
cpxRp2,2.75,13,3,CCCGGCTCAGCGCTGTTTTT,10,665079
cpxRp2,0.75,5,3,CCCGCCTTACGATAGCTGGG,2,682928
cpxRp2,2.5,12,3,CCCGCAAATACTCGCGTTTA,9,634026
cpxRp2,1.75,9,3,CCCCTGGGAATAGTAGTGGT,6,711879
cpxRp2,4.75,21,3,CCCCGTTTTTCACTGCTGCT,18,662020
cpxRp2,1.5,8,3,CCCCGCCCGCGGATTCGGCC,5,646308
cpxRp2,0.75,5,3,CCCCAGTGATTACTCAACTG,2,699661
cpxRp2,1.25,7,3,CCCCAGACGAATGGCGAGCT,4,676386
cpxRp2,2.5,12,3,CCCATGTTAAATGCTCCCGA,9,637320
cpxRp2,1.75,9,3,CCCAGCCCTTCAGAAGAGTG,6,677075
cpxRp2,0.75,5,3,CCCAGATTGGCAGTAACACA,2,668611
cpxRp2,3.25,15,3,CCCAATAGAGGAGTTCGCCA,12,683311
cpxRp2,0.75,5,3,CCATTTCGGTGAAAACGGTT,2,704156
cpxRp2,0.75,5,3,CCATTTCCACCAGCGAAGCT,2,648805
cpxRp2,5.75,25,3,CCATTGAACACCGTCGCGAA,22,659217
cpxRp2,2.5,12,3,CCATTCGTGGCCGGCGGTAG,9,645089
cpxRp2,1.5,8,3,CCATTCCTGGTCTTTTTTAC,5,634865
cpxRp2,0.5,4,3,CCATGTCCGTTAGGGGTCGC,1,678121
cpxRp2,0.75,5,3,CCATGTATATGAGTCAAATC,2,640074
cpxRp2,2.25,11,3,CCATCACCGCTTCTACGTTC,8,649150
cpxRp2,0.75,5,3,CCATATTCTGTAGTAGAAAT,2,675125
cpxRp2,3.5,16,3,CCATACAAGGTGTGACGGGA,13,689462
cpxRp2,3.0,14,3,CCAGTTTAAGATGGGTCGAA,11,646290
cpxRp2,3.5,16,3,CCAGTCCATAAGGAGCGTAT,13,675997
cpxRp2,1.25,7,3,CCAGCAGTGTCACGGGATAG,4,702615
cpxRp2,7.0,30,3,CCAGACTCTAAAGCCAACAT,27,690639
cpxRp2,2.0,10,3,CCACGGCCCTATTCAGAAAA,7,634517
cpxRp2,1.0,6,3,CCACATCGTATGGTCAAAAT,3,692982
cpxRp2,2.25,11,3,CCAATGTTAAGCAAGCAGTT,8,671985
cpxRp2,2.0,10,3,CCAAGGTTGCCGGGGCTGTG,7,688943
cpxRp2,1.25,7,3,CCAAGAACCGCGCCAAATGC,4,686511
cpxRp2,3.25,15,3,CCAAACTTTGGCAAACGTCT,12,701792
cpxRp2,7.5,32,3,CCAAAACGCATTATCAAGTT,29,706680
cpxRp2,2.25,11,3,CATTTGGCAGTGCCGGCCCA,8,694627
cpxRp2,0.5,4,3,CATTTGCTTTGCTCAGAGGG,1,703243
cpxRp2,3.5,16,3,CATTGTGGCACCTGCTTGCT,13,705906
cpxRp2,0.5,4,3,CATTGCCGGAATGGACGTAC,1,709651
cpxRp2,0.5,4,3,CATTCGCTCTCAGTAAACTT,1,650852
cpxRp2,3.5,16,3,CATTCATCTTACTCAGGCAA,13,711366
cpxRp2,0.5,4,3,CATTCAAAGAACACACTCTG,1,682148
cpxRp2,4.25,19,3,CATTATGATACGGTCGTTCG,16,675016
cpxRp2,1.0,6,3,CATGTGTAGCCTGCCCACTG,3,649395
cpxRp2,0.75,5,3,CATGTCACACATGGGCCCCA,2,652058
cpxRp2,1.75,9,3,CATGACACGATTCCTCGACG,6,701994
cpxRp2,2.0,10,3,CATGAATGCAATCTGGACGC,7,666484
cpxRp2,3.0,14,3,CATCTTATAGCGGATCGGCA,11,686917
cpxRp2,1.0,6,3,CATCCTCAGTGGTGACTCGC,3,674794
cpxRp2,5.5,24,3,CATATTGATGAGGCCGTCCC,21,645574
cpxRp2,0.5,4,3,CATATTAAGGTCTCACCGAG,1,696320
cpxRp2,2.5,12,3,CATAGTAATTTGTTTCGCGG,9,660107
cpxRp2,1.0,6,3,CATAGGTCGCTGCTCAAGAC,3,669299
cpxRp2,1.25,7,3,CATACTATCCTTTTGAATTG,4,703001
cpxRp2,0.75,5,3,CATACCGCTCAACTATCTTC,2,661279
cpxRp2,2.5,12,3,CAGTTGTCCGGAGTATCTGA,9,671615
cpxRp2,0.75,5,3,CAGTTCTTACCTTCTCAAAG,2,681512
cpxRp2,2.25,11,3,CAGTTATGTGGCTTGACCCT,8,648516
cpxRp2,0.5,4,3,CAGTTACAATGGGAACGTTT,1,666956
cpxRp2,1.0,6,3,CAGTTAAGTCTTGGTCGAGA,3,652699
cpxRp2,2.25,11,3,CAGTGTCAAGTGGCTCGTTA,8,644194
cpxRp2,3.25,15,3,CAGTGCAATTAAGTCGACGC,12,668067
cpxRp2,0.5,4,3,CAGTCTTTCTGCTTTTACAA,1,641960
cpxRp2,1.0,6,3,CAGTCTAACGAAGAGCGGTC,3,685789
cpxRp2,1.0,6,3,CAGTCGTAATCCGAAGCAGA,3,690853
cpxRp2,0.75,5,3,CAGTCCCGGCCGGTAATGTC,2,702919
cpxRp2,0.75,5,3,CAGTACTTTTGAGAGTCGGT,2,630131
cpxRp2,3.75,17,3,CAGTAAGACTTCTTCGAATA,14,657037
cpxRp2,3.25,15,3,CAGGTAGTCCCGACAAGCTC,12,687744
cpxRp2,2.25,11,3,CAGGCGGGGAGAGAAATACA,8,640584
cpxRp2,1.25,7,3,CAGGCCTTCTTGTGAGCTGT,4,657253
cpxRp2,0.75,5,3,CAGCTAGACACCGTAGCATG,2,679683
cpxRp2,10.25,43,3,CAGCGTCCATATCTTGCACG,40,653898
cpxRp2,0.75,5,3,CAGCCTGAACACAAAGCTGT,2,708100
cpxRp2,5.0,22,3,CAGAGCCATTTCTCGGGCAA,19,693981
cpxRp2,1.75,9,3,CAGAGAGGGCCGAACACTGA,6,676837
cpxRp2,2.25,11,3,CAGACAATTCGTAGCGCATA,8,658247
cpxRp2,6.75,29,3,CAGACAAGATCATACTTTTG,26,645772
cpxRp2,0.5,4,3,CAGAATTCCCTTGGTGAAGG,1,706696
cpxRp2,2.25,11,3,CACTTCCTGGCTCCTTGCCG,8,674189
cpxRp2,0.5,4,3,CACTGAGCTACTTTCTAAAA,1,630920
cpxRp2,0.75,5,3,CACTGACTCGGCCCTCCTAA,2,650144
cpxRp2,4.75,21,3,CACTCTATCGTTCAATATAC,18,659830
cpxRp2,2.0,10,3,CACTCATTACATAGGGCATC,7,711368
cpxRp2,1.0,6,3,CACGTGAGACGACTTAACAC,3,634874
cpxRp2,0.5,4,3,CACGTGAAAGATGCGGCATA,1,667382
cpxRp2,1.5,8,3,CACGGTGGTCACACACTGGC,5,687513
cpxRp2,1.5,8,3,CACGCGTACAATCGCCACAA,5,710985
cpxRp2,3.5,16,3,CACGCATTGCTGTGGCATGC,13,660099
cpxRp2,3.0,14,3,CACGATCGATAGAACGTAAT,11,656467
cpxRp2,1.0,6,3,CACGATACGGTGATAAGGTA,3,643492
cpxRp2,1.75,9,3,CACCCGTTGGGTTTGACTAT,6,708837
cpxRp2,1.5,8,3,CACCATGCATTACGTGAGCG,5,692314
cpxRp2,1.0,6,3,CACATCGGCTGCACCAGGCT,3,706182
cpxRp2,2.25,11,3,CACAGCTCTATCACCCATAG,8,684949
cpxRp2,0.75,5,3,CACACTCGCCATACTAGGCA,2,639726
cpxRp2,2.0,10,3,CACAATAGCCGCCGCGCCTC,7,631568
cpxRp2,0.5,4,3,CAATTCGTTTTAAAGGCGAA,1,656711
cpxRp2,2.25,11,3,CAATGGCTCACGAGTGCGTC,8,660497
cpxRp2,1.0,6,3,CAATGGCTAGTGGACATACA,3,666332
cpxRp2,0.5,4,3,CAATCGGTTCACTGTTACGA,1,643784
cpxRp2,1.25,7,3,CAATATAAGTCTTTCTAACG,4,675492
cpxRp2,1.0,6,3,CAATAGTCCGGTGGACCATT,3,647876
cpxRp2,2.5,12,3,CAATAGGGAGAATAGCCGTC,9,648352
cpxRp2,2.25,11,3,CAATACGCGGTGAGCGTATC,8,691235
cpxRp2,2.25,11,3,CAATACAGGTTAGTAAGACA,8,630290
cpxRp2,1.25,7,3,CAATAATGGATATAACCCGC,4,689743
cpxRp2,1.0,6,3,CAAGGGCCACGCGTTAACTA,3,645333
cpxRp2,2.75,13,3,CAAGCTACGGGCGTAACGTA,10,647270
cpxRp2,0.5,4,3,CAACTCAGTGCTCATATCGG,1,643461
cpxRp2,0.75,5,3,CAACGTCTTAATTCTGGATT,2,710199
cpxRp2,0.5,4,3,CAACGATGCATTGGAATCTC,1,680227
cpxRp2,11.25,47,3,CAACATGTTAGGCAAGCTTT,44,702867
cpxRp2,1.75,9,3,CAACATGATGCGGGTGTGGG,6,681248
cpxRp2,3.75,17,3,CAAATCAGCACACGGTTGTA,14,666155
cpxRp2,1.75,9,3,CAAATATGTTCTCGAGCGAT,6,672200
cpxRp2,6.25,27,3,CAAATACGGGTCGTGGAAAA,24,702860
cpxRp2,1.0,6,3,CAAACGCGAAGGATGTTATA,3,631022
cpxRp2,0.75,5,3,CAAACAGGAAATACTGTCCG,2,634973
cpxRp2,0.75,5,3,CAAACAAGACAGTCTCGTCC,2,634362
cpxRp2,1.75,9,3,CAAAAAAGACCGGGACTATC,6,646763
cpxRp2,1.5,8,3,ATTTTTTGTGGAAGTCCGTA,5,677498
cpxRp2,0.75,5,3,ATTTTGGAGCAAAGATCATC,2,709941
cpxRp2,0.5,4,3,ATTTTAATAGTATAACACAC,1,689814
cpxRp2,0.75,5,3,ATTTGTTCCGACATTTACGT,2,631081
cpxRp2,0.75,5,3,ATTTCTTCTGCGGACCACTT,2,712375
cpxRp2,16.0,66,3,ATTTCACGTCAGCCGTCCCC,63,641018
cpxRp2,1.5,8,3,ATTTATTACTTTTCGAGCCG,5,691946
cpxRp2,0.75,5,3,ATTTATATAGTGATAGGTAT,2,700069
cpxRp2,3.25,15,3,ATTTAGATTACTATGCAGAG,12,709897
cpxRp2,1.75,9,3,ATTTAAGGTGTTTTCCACAT,6,690778
cpxRp2,0.5,4,3,ATTGTCTTCCTTTATGCGGA,1,676495
cpxRp2,4.5,20,3,ATTGTACTGTTGGTAAAGCT,17,683017
cpxRp2,1.5,8,3,ATTGTAAGGTGGAGGAGGAG,5,682138
cpxRp2,7.5,32,3,ATTGGGTCGCTAGCTATTAT,29,708453
cpxRp2,3.0,14,3,ATTGGGTAATACCGTCATCG,11,667924
cpxRp2,1.75,9,3,ATTCTTTATTATTAATAGCG,6,637452
cpxRp2,3.0,14,3,ATTCTGTTCCCGCGGCAGCG,11,701563
cpxRp2,0.5,4,3,ATTCTGGGATGAGATGACGG,1,707096
cpxRp2,2.25,11,3,ATTCTCGTTTCCCGGATCGG,8,650298
cpxRp2,1.0,6,3,ATTCGGTAGGTCCTTCTCGA,3,685481
cpxRp2,1.25,7,3,ATTCGATATATGAGGGCTAG,4,640474
cpxRp2,1.75,9,3,ATTCCCTGTTAAACATCCGA,6,644233
cpxRp2,1.25,7,3,ATTATTGCTGGACCCCAGGC,4,681533
cpxRp2,2.25,11,3,ATTAAAGGTGGGGGTGGTTA,8,647787
cpxRp2,0.5,4,3,ATTAAAAGGGCTAAGGTGGT,1,694031
cpxRp2,2.5,12,3,ATGTTTAAGAACCATGAGGT,9,642549
cpxRp2,1.5,8,3,ATGTGTTTCGCCCTCATTCC,5,699127
cpxRp2,1.0,6,3,ATGTGCACATCCAACCGCGA,3,651781
cpxRp2,0.5,4,3,ATGTCTTTCATGTCCCCTCG,1,668517
cpxRp2,1.0,6,3,ATGTCTCCGCGGGATGTTCT,3,706385
cpxRp2,0.5,4,3,ATGTCTATCCCTTAGAGGAC,1,704841
cpxRp2,1.0,6,3,ATGTCTAAATAAGGGTCGCT,3,689923
cpxRp2,0.75,5,3,ATGTCATGCCATCAGATCCA,2,674838
cpxRp2,5.75,25,3,ATGGGTTCCCGGGCCGAGTA,22,689129
cpxRp2,1.25,7,3,ATGGGTTAGTAATAGGAGAC,4,691900
cpxRp2,1.5,8,3,ATGGGGAGCGGAATCCTACT,5,698939
cpxRp2,1.75,9,3,ATGGCTGGTGTATCTTAGGT,6,666904
cpxRp2,7.75,33,3,ATGGCCCAATGCAGTACATG,30,640869
cpxRp2,6.75,29,3,ATGGCAATTGATGGTATAGA,26,697006
cpxRp2,4.25,19,3,ATGGAGTGCGTCGGCACATC,16,667066
cpxRp2,0.75,5,3,ATGGAGCCTCAACCTACATC,2,698196
cpxRp2,0.5,4,3,ATGGAATCCGAAGGGAACCT,1,641069
cpxRp2,1.0,6,3,ATGCTGCCTCAGCACTCGCC,3,678902
cpxRp2,1.25,7,3,ATGCGTGACGCTGGGGAAGC,4,644434
cpxRp2,1.25,7,3,ATGCCTGCGCTAGCACAGCT,4,641087
cpxRp2,1.0,6,3,ATGCAGTCGGAGAAGTTTTT,3,704519
cpxRp2,10.75,45,3,ATGATGTGGGAGGGCGTCTG,42,676399
cpxRp2,0.75,5,3,ATGATGACTTGCAGACGGAT,2,637602
cpxRp2,1.25,7,3,ATGAGTGCGCGTATTACGTG,4,683383
cpxRp2,0.5,4,3,ATGAGGGCAGATATATTACC,1,666750
cpxRp2,0.5,4,3,ATGACTGGGATGGTTTTATC,1,644800
cpxRp2,0.5,4,3,ATGACGTGAGATCGGGCTTG,1,696139
cpxRp2,1.0,6,3,ATGACGCCGTGCGTCTTTAT,3,709567
cpxRp2,0.5,4,3,ATGACGCATTTGTGCTGCAG,1,685793
cpxRp2,1.25,7,3,ATCTTGCGGCAAAGTTCGGA,4,640422
cpxRp2,0.75,5,3,ATCTTAGCCCAGGCAAAGTC,2,649315
cpxRp2,1.0,6,3,ATCTCTGAGTCGAGTACTTC,3,678977
cpxRp2,1.0,6,3,ATCTCGCAATTGATGAGAAA,3,629881
cpxRp2,2.0,10,3,ATCTCCTTAACCCAAGCGTT,7,638451
cpxRp2,0.5,4,3,ATCTAGTCCGAGGCGTGCAA,1,711001
cpxRp2,3.25,15,3,ATCGTAGCCAATGAGGAAGG,12,660615
cpxRp2,2.25,11,3,ATCGGCTCAGTCTAAGATCC,8,682937
cpxRp2,1.0,6,3,ATCGGAGCGTTGGTACAACA,3,640964
cpxRp2,1.5,8,3,ATCGGAACGGCGACCCCGCT,5,630985
cpxRp2,3.25,15,3,ATCGCGGGCTTTCGGGTAGT,12,696048
cpxRp2,1.25,7,3,ATCGCGGGCCTATTTTTTGA,4,640452
cpxRp2,2.0,10,3,ATCGACTCTGGCCGCGTCCA,7,696787
cpxRp2,1.25,7,3,ATCGACCACAGCAGACCATT,4,676941
cpxRp2,1.75,9,3,ATCGAATCCATTTATAGCAT,6,674912
cpxRp2,2.25,11,3,ATCGAACCACCGGACTCCTT,8,705371
cpxRp2,0.75,5,3,ATCCTGCAATCGTATCAACG,2,686666
cpxRp2,2.0,10,3,ATCCGAGCTACTACTCGCTA,7,704007
cpxRp2,4.0,18,3,ATCCGAAAGTGTACCGAAAC,15,693182
cpxRp2,0.75,5,3,ATCCCAAGGCCCCCCTTAAT,2,645505
cpxRp2,1.75,9,3,ATCCATACCCTCCATGGAGT,6,668740
cpxRp2,1.25,7,3,ATCCACGCCTTCACCAGCTA,4,636763
cpxRp2,2.25,11,3,ATCCACGACTCAGGGGGACA,8,689248
cpxRp2,1.0,6,3,ATCATCAAATGCAATACAAC,3,632290
cpxRp2,2.0,10,3,ATCATAGAAGCCATCGAAGG,7,689977
cpxRp2,0.5,4,3,ATCAGTACTATCAGAGCCAT,1,648815
cpxRp2,1.0,6,3,ATCAGCCGCTTGGCATTATT,3,687022
cpxRp2,1.25,7,3,ATCACGTCTGCTTCCTCTAA,4,680088
cpxRp2,2.25,11,3,ATCAATGAAGAACGTTTGGT,8,686837
cpxRp2,0.5,4,3,ATCAACACGATAGCGGACTT,1,676429
cpxRp2,0.75,5,3,ATATTTTCCGTCCCCAAGGC,2,692331
cpxRp2,2.0,10,3,ATATTTCTCTAACGACTAAT,7,686923
cpxRp2,0.5,4,3,ATATTGTTGACTACGAAGCT,1,634659
cpxRp2,2.5,12,3,ATATTCATGGCGATTGCAAC,9,677302
cpxRp2,0.5,4,3,ATATGGTCAGTGCAGACTCC,1,691847
cpxRp2,0.5,4,3,ATATGGGATCCCGTGTCCAA,1,667182
cpxRp2,2.75,13,3,ATATCGTGATCAACCGGTTT,10,689476
cpxRp2,2.0,10,3,ATAGTTGAATTCGACTGCGT,7,698115
cpxRp2,0.5,4,3,ATAGTTCTAAATAGGACGGG,1,680110
cpxRp2,0.75,5,3,ATAGTTCAGCGGGTATGATA,2,711441
cpxRp2,2.25,11,3,ATAGTCAGGGAGAGGGCAGG,8,708174
cpxRp2,0.5,4,3,ATAGGTGGTTATATGTCTTT,1,682141
cpxRp2,2.5,12,3,ATAGGTGGCCAGCAACTGCA,9,642462
cpxRp2,0.75,5,3,ATAGGCCCCCATCTAGTCAT,2,695606
cpxRp2,0.5,4,3,ATAGCGATGTTCAGATCATG,1,663189
cpxRp2,2.25,11,3,ATAGATAGCACTACATATAC,8,679201
cpxRp2,1.75,9,3,ATAGAGCATGGCCTTGGTGG,6,681985
cpxRp2,0.75,5,3,ATACGTCAAAAGCAATGTGT,2,689621
cpxRp2,0.5,4,3,ATACCTGTAGAAACAGCTGG,1,679780
cpxRp2,1.0,6,3,ATACATGTTGCAACCAAGTC,3,694661
cpxRp2,3.25,15,3,ATACAGGGGATTCTGTTGTA,12,687811
cpxRp2,2.0,10,3,ATACACCTAAAATAGGCTCG,7,709806
cpxRp2,0.75,5,3,ATAAGTCCCTAACACCAATT,2,680932
cpxRp2,0.5,4,3,ATAAGAGACTACCCCCAGGT,1,647202
cpxRp2,0.5,4,3,AGTTTATTTAAGGTGTAGAA,1,705866
cpxRp2,0.5,4,3,AGTTCCCTGACCAGGGGCGG,1,656496
cpxRp2,0.75,5,3,AGTTAGAATTGCGACCAACT,2,652611
cpxRp2,1.25,7,3,AGTTAACATCCCGCAGGTCA,4,708127
cpxRp2,0.75,5,3,AGTGTTTACAGATTGCCGGA,2,666098
cpxRp2,0.5,4,3,AGTGTCAGACAAGATCCACA,1,700407
cpxRp2,0.5,4,3,AGTGGTAAGTCCATGTATGC,1,677800
cpxRp2,2.0,10,3,AGTGGAGGTTTGGTCTAACG,7,676856
cpxRp2,0.75,5,3,AGTGCATGTCTCGGACCTAC,2,659810
cpxRp2,1.0,6,3,AGTGAATGTACTGCGAAGAC,3,648357
cpxRp2,1.25,7,3,AGTCAGGTCCGGATGGCTGG,4,663936
cpxRp2,2.25,11,3,AGTATAACCCTACTTGATAC,8,666437
cpxRp2,5.5,24,3,AGTAGGCAGGTTCCAACTAT,21,684243
cpxRp2,5.5,24,3,AGTAGCCAAATCTGGCACAA,21,652351
cpxRp2,1.5,8,3,AGTAGAATGTGAAAAAATAA,5,642993
cpxRp2,3.5,16,3,AGTACTCTGAGTAGGGGGTC,13,694502
cpxRp2,1.0,6,3,AGTACTAAACTGGAATGGAT,3,677697
cpxRp2,1.0,6,3,AGTACGACCAAAATCTAGTG,3,703639
cpxRp2,4.25,19,3,AGTAAGTTTCTGTCAGTCTG,16,692384
cpxRp2,0.75,5,3,AGGTTCGGTTGCAGTTGTCT,2,691924
cpxRp2,2.0,10,3,AGGTTAGTGTGCCACTATTG,7,663861
cpxRp2,2.75,13,3,AGGTTAGCTGAATTATCGAA,10,675609
cpxRp2,1.25,7,3,AGGTGGCTACGCCGTTAATG,4,633624
cpxRp2,0.5,4,3,AGGTGCTTAACGTTCCAGTC,1,688853
cpxRp2,2.25,11,3,AGGTAGTTCTAAAAGCAACT,8,679407
cpxRp2,1.5,8,3,AGGGTGCCGGGCACTCGGTC,5,681844
cpxRp2,2.5,12,3,AGGGTCTGTGATCGGACTAT,9,630170
cpxRp2,1.5,8,3,AGGGTCCGAATCACCGGGGT,5,633060
cpxRp2,2.25,11,3,AGGGGTCCGTTGCCTCGACG,8,630098
cpxRp2,8.0,34,3,AGGGGTAGCTGTACGAGCAG,31,702228
cpxRp2,1.5,8,3,AGGGGATACATGGTGTCTAT,5,633396
cpxRp2,2.5,12,3,AGGGCTGACAGATCAAAATG,9,708075
cpxRp2,1.25,7,3,AGGGCTACTCGCATTTCGCT,4,641699
cpxRp2,2.25,11,3,AGGGAGAACCGACGCTCGCG,8,706704
cpxRp2,0.5,4,3,AGGGACGTTCCCCATCTGTC,1,687663
cpxRp2,1.25,7,3,AGGCTTTTCAATTTAGAAGG,4,634583
cpxRp2,2.0,10,3,AGGCTTGTTACAAAAATAAC,7,633801
cpxRp2,2.5,12,3,AGGCTGGCTAACAGGAATAT,9,633256
cpxRp2,1.5,8,3,AGGCTATAGGTATTGGCGCA,5,670516
cpxRp2,0.75,5,3,AGGCAGATTTATCCTCTCAC,2,645211
cpxRp2,1.25,7,3,AGGACATCGCTAGTAGTTGA,4,649221
cpxRp2,0.5,4,3,AGGAACCAAGAGGCAAGCAA,1,689686
cpxRp2,1.75,9,3,AGCTTTTAATCCGACATTAG,6,674688
cpxRp2,1.25,7,3,AGCTTGTATAGACCCCTAAA,4,685890
cpxRp2,1.75,9,3,AGCTGTGAAGCTAAGTCATA,6,640464
cpxRp2,0.5,4,3,AGCTGCACCTCCAACCTAAA,1,631364
cpxRp2,0.75,5,3,AGCTACACATGAAAGCCCAC,2,674767
cpxRp2,2.0,10,3,AGCGTTCCAATTTCAACGGT,7,688390
cpxRp2,0.5,4,3,AGCGGTGATCGGGAATTCTT,1,697559
cpxRp2,2.25,11,3,AGCGGTAGCTAGCTAGGATG,8,701907
cpxRp2,0.75,5,3,AGCGATTTACTACGCCTAGT,2,667591
cpxRp2,0.5,4,3,AGCGAATACTCCAGTCCATA,1,693932
cpxRp2,1.25,7,3,AGCCTTGAGTAGCGTTCAAG,4,645456
cpxRp2,1.0,6,3,AGCCTGGATCAATCCCTGCA,3,677835
cpxRp2,1.5,8,3,AGCCCTTCGTGGCGCAGCAG,5,681208
cpxRp2,6.0,26,3,AGCCCGACCGGGAGCCCCAT,23,702456
cpxRp2,1.75,9,3,AGCCAGAGTCGATTTTTTCT,6,647482
cpxRp2,1.25,7,3,AGCCAAGGTCGATACAAGCT,4,697207
cpxRp2,2.75,13,3,AGCATTGAGGGCAGCTAATG,10,652602
cpxRp2,0.75,5,3,AGCAGCCGTCGATCCACGAT,2,696746
cpxRp2,1.5,8,3,AGCACGGTAAACCACCGTCA,5,681669
cpxRp2,4.75,21,3,AGCACGATACGCTTGTGCCG,18,644853
cpxRp2,1.25,7,3,AGCAATCAGGATCTCGCTCG,4,660789
cpxRp2,0.75,5,3,AGATTAGTCCTGATACGTGG,2,677346
cpxRp2,0.5,4,3,AGAGTTGAATACCGTCAGTA,1,661970
cpxRp2,1.25,7,3,AGAGTGACTCATTTGACAAT,4,656107
cpxRp2,0.75,5,3,AGAGGGTCAAGCCTCATGGT,2,643723
cpxRp2,2.5,12,3,AGAGGCCCTTGTTGCCAAGT,9,696798
cpxRp2,1.75,9,3,AGAGGAGGAACGTGTGGATA,6,693188
cpxRp2,1.0,6,3,AGAGATGGGTTATCTTCCAC,3,649327
cpxRp2,2.0,10,3,AGAGACTACTACGATTCTAT,7,669581
cpxRp2,1.25,7,3,AGACTGTAGTGAGGCTCCTC,4,670669
cpxRp2,0.75,5,3,AGACTCCCAAATCAAAAGTA,2,712324
cpxRp2,1.5,8,3,AGACGTGTCTATTAAGGCCT,5,659374
cpxRp2,0.75,5,3,AGACCTCATCCCGATGTGTC,2,669963
cpxRp2,1.25,7,3,AGACCGCCGAATCTTCAGTA,4,649738
cpxRp2,0.5,4,3,AGACCAGGAAGTAATAGGAA,1,701838
cpxRp2,2.5,12,3,AGACATCGGGACCGCCAAAG,9,668231
cpxRp2,3.0,14,3,AGACATAACGAGCCTTTAGA,11,681842
cpxRp2,0.5,4,3,AGACACCAACGATGCCACCT,1,707956
cpxRp2,2.25,11,3,AGAATAGGCTACGCACGTCC,8,674299
cpxRp2,0.5,4,3,AGAAGAAGAGTTGTCGGAGC,1,709198
cpxRp2,2.25,11,3,AGAACGGATGCATCGCCTCG,8,696179
cpxRp2,1.25,7,3,AGAACCGTAAGTGGTTTCGC,4,644196
cpxRp2,1.0,6,3,AGAAACGTGATCTCGATAGA,3,683878
cpxRp2,0.75,5,3,ACTTTGTGCATCAGCACGAG,2,635170
cpxRp2,0.5,4,3,ACTTGACAGAACGAGAAAGC,1,635208
cpxRp2,0.75,5,3,ACTGGTTGTGTTCGGATGGC,2,691858
cpxRp2,1.5,8,3,ACTGCTTGGTAGATCTGTTG,5,701146
cpxRp2,0.5,4,3,ACTGCGTCATTTGCGGCATT,1,658884
cpxRp2,0.75,5,3,ACTGCCATTAACGTGCCAGT,2,699160
cpxRp2,1.5,8,3,ACTGATGAAAGGAATAAACT,5,632571
cpxRp2,1.5,8,3,ACTCTTTATCGAATCCTGTC,5,695750
cpxRp2,1.0,6,3,ACTCGCGAATCAAAGATCCT,3,710803
cpxRp2,0.75,5,3,ACTCAGCAGTGCGAGTGGGA,2,673467
cpxRp2,2.5,12,3,ACTCACAATGCCGCTGCCAT,9,696446
cpxRp2,1.5,8,3,ACTATTTTTCAAGAATTCCC,5,695003
cpxRp2,1.5,8,3,ACTATTCCCCCGACTCCCGC,5,643506
cpxRp2,0.5,4,3,ACTAGAGACGGAACGGAAGT,1,673663
cpxRp2,5.25,23,3,ACTAGAGACACCGAGCTTAG,20,666589
cpxRp2,1.0,6,3,ACTAGACTTAGGACCGGAAT,3,634080
cpxRp2,1.5,8,3,ACTAGAATTTGCGTCACAGT,5,641571
cpxRp2,2.25,11,3,ACTACCGGACCCTGTGGCGG,8,681469
cpxRp2,1.75,9,3,ACTACATTGGAGAAGTCCAC,6,645774
cpxRp2,2.5,12,3,ACGTTGTCCGCATCAATAAG,9,634829
cpxRp2,1.0,6,3,ACGTTGCGTTTGCCCAAGTT,3,671238
cpxRp2,1.25,7,3,ACGTAGTCGATGCTCTCTAC,4,641436
cpxRp2,0.5,4,3,ACGTAGTAAGCGGGGTGCGT,1,698070
cpxRp2,1.5,8,3,ACGTACTAGATTGAAAAACA,5,705582
cpxRp2,1.75,9,3,ACGTAAGCTTGACCTAGATA,6,656157
cpxRp2,4.0,18,3,ACGGTCGGTGAGCGTTAGTA,15,641088
cpxRp2,1.75,9,3,ACGGGTGTGTGAATATTCCT,6,639841
cpxRp2,0.75,5,3,ACGGGCGGGCGATCCCGGAA,2,656757
cpxRp2,2.5,12,3,ACGGGACATGCAGGGAGGTG,9,650782
cpxRp2,3.25,15,3,ACGGCCTGTTAGTTGCCGAT,12,631492
cpxRp2,1.75,9,3,ACGCTGTAGATACGTGAGTT,6,662593
cpxRp2,3.75,17,3,ACGCTGGCCCGTGTGCTTCG,14,647269
cpxRp2,0.5,4,3,ACGCTAGCAGCACCGGTAAT,1,656097
cpxRp2,1.75,9,3,ACGCTACGGGTCTGGGCTTT,6,704195
cpxRp2,0.75,5,3,ACGCTAAATCCCAACCTACT,2,658026
cpxRp2,2.5,12,3,ACGCGTGGTACCAGTCTCAC,9,671447
cpxRp2,1.25,7,3,ACGCCCAGAACACAGCCCGA,4,709059
cpxRp2,0.5,4,3,ACGCACGAACGACGTCAGCA,1,644301
cpxRp2,2.25,11,3,ACGCAATTTATGCGTGTGAG,8,654543
cpxRp2,0.5,4,3,ACGATTGAACCTCTCTCACA,1,640999
cpxRp2,1.0,6,3,ACGATCTGGACTGTGATCTT,3,705702
cpxRp2,0.75,5,3,ACGAGTTAACTGGCTCGCTG,2,694607
cpxRp2,2.25,11,3,ACGAGGCAGAGATCGACGAG,8,644334
cpxRp2,1.0,6,3,ACGACTTTTCTACAACGTCC,3,707706
cpxRp2,0.5,4,3,ACGACGACATTTGCAGAGGC,1,711977
cpxRp2,0.75,5,3,ACGACATATTTTAGTGTCTC,2,694418
cpxRp2,15.0,62,3,ACGACATAAAGCCTCGGAGG,59,647054
cpxRp2,0.5,4,3,ACCTTATCCTTACGTGCCGG,1,653355
cpxRp2,0.75,5,3,ACCTGGCGTCCAGGATCCGG,2,688600
cpxRp2,0.75,5,3,ACCTGATACCGGGCTTCTGA,2,684649
cpxRp2,1.75,9,3,ACCTCTTAACACTGGGCTAG,6,707902
cpxRp2,0.75,5,3,ACCTCTAGCCGTGTAGCAGC,2,676787
cpxRp2,0.5,4,3,ACCTACAGGAGACTTGTATA,1,658003
cpxRp2,1.0,6,3,ACCTACAACGTGTGGGAGCC,3,664982
cpxRp2,0.75,5,3,ACCTAATTAGATGCCCGTTT,2,689872
cpxRp2,0.5,4,3,ACCTAAGCTCCTTCCAACAA,1,670057
cpxRp2,1.25,7,3,ACCTAAAACAGGGGGTCACG,4,688679
cpxRp2,10.25,43,3,ACCGGTGGACCAGTCCGACA,40,677976
cpxRp2,1.5,8,3,ACCGCTCAATCGCCAGGTTG,5,649576
cpxRp2,6.25,27,3,ACCGCAAAATTGTGCATAAG,24,698740
cpxRp2,1.5,8,3,ACCGAGCTTCCTTTTGTCGT,5,677936
cpxRp2,1.0,6,3,ACCCTGAGACCACTAAGAAG,3,698900
cpxRp2,1.0,6,3,ACCCCAGACCACTTCAACAT,3,695001
cpxRp2,1.25,7,3,ACCATCGCTTCGTGTACAGC,4,686162
cpxRp2,0.5,4,3,ACCATCCTTCGGACTCAGAA,1,709488
cpxRp2,1.25,7,3,ACCAGCTGCGTACTTAGGGA,4,684086
cpxRp2,2.75,13,3,ACCAGAGTGCCATTGAGTTT,10,700093
cpxRp2,2.25,11,3,ACCACCAAGGGTGACACGAG,8,654368
cpxRp2,1.5,8,3,ACCAAGCTCTGATCAGGCTG,5,632880
cpxRp2,2.0,10,3,ACCAACTAAAATCCTCTTAT,7,683515
cpxRp2,3.25,15,3,ACCAACGTGCGAAACAGCCC,12,710999
cpxRp2,2.5,12,3,ACATTCCAAGTTCGACTTCT,9,705921
cpxRp2,1.75,9,3,ACATGACCCCCAAATGATCG,6,637025
cpxRp2,1.0,6,3,ACATCCGGCTGTCAACATCT,3,686783
cpxRp2,1.25,7,3,ACAGTGTATATGTTATAATA,4,661282
cpxRp2,0.75,5,3,ACAGTAGTGGCCCGGCCCGT,2,680123
cpxRp2,0.75,5,3,ACAGTAAATACCGTGTACCC,2,708586
cpxRp2,1.5,8,3,ACAGGGGCTCACAAGCCGGC,5,680564
cpxRp2,1.0,6,3,ACAGGGCCTAGAACGGTTCG,3,681752
cpxRp2,0.5,4,3,ACAGCCTGACGGTTTCTCAC,1,698852
cpxRp2,1.0,6,3,ACAGCCCTAAAGTCGTTACT,3,697495
cpxRp2,2.25,11,3,ACAGCATACACACAAGTCAA,8,654732
cpxRp2,0.75,5,3,ACAGATTGGAGACAGTTTCA,2,700966
cpxRp2,1.0,6,3,ACAGATGATATACGCGAAAT,3,661828
cpxRp2,0.75,5,3,ACAGACAGGAAAGAGGTTAC,2,633850
cpxRp2,2.5,12,3,ACACTTTTATTCTCCGGCAG,9,637812
cpxRp2,4.0,18,3,ACACGCGAGCTGATCGTTTT,15,652875
cpxRp2,0.75,5,3,ACACGAATCGCCGTCTCCAT,2,681341
cpxRp2,0.5,4,3,ACACCGGCAATCACACTGGG,1,659204
cpxRp2,0.75,5,3,ACACATAGAATGCGGGACTT,2,660803
cpxRp2,0.5,4,3,ACAATCAGGTGGCGGTTCAT,1,673280
cpxRp2,1.25,7,3,ACAAATAAAGGGTGTGTAGA,4,629908
cpxRp2,1.0,6,3,ACAAAGTCGATCTATCAAAT,3,708538
cpxRp2,3.75,17,3,ACAAAAATCGGTTAATGCGT,14,634574
cpxRp2,2.25,11,3,AATTTTACTTACAGGATTAA,8,673208
cpxRp2,1.75,9,3,AATTTATGAGAACAAGGTAA,6,683225
cpxRp2,0.75,5,3,AATTGCTGACACCTGGTTCT,2,685721
cpxRp2,2.0,10,3,AATTATTGACTTAACAAGGA,7,632601
cpxRp2,1.75,9,3,AATTAAACACGGGAATGGCC,6,689383
cpxRp2,1.25,7,3,AATGTCGCCTCCCACGCAAA,4,696086
cpxRp2,0.5,4,3,AATGGGGCGGGCTGTCGGAC,1,652102
cpxRp2,0.5,4,3,AATGCTGTGACGCCGTCTCG,1,633833
cpxRp2,1.25,7,3,AATGCGAGCGATTCGTCGGT,4,707144
cpxRp2,2.0,10,3,AATGCCTTGCGATGCCAGAA,7,692006
cpxRp2,2.5,12,3,AATCTCGGGGAATGTAGTCC,9,671941
cpxRp2,1.0,6,3,AATCGCAACGCTCAGATTCT,3,650052
cpxRp2,1.75,9,3,AATCATATGGTCGTGGCTTG,6,643969
cpxRp2,0.75,5,3,AATCAGGTACGGCAGGGATC,2,674055
cpxRp2,0.5,4,3,AATCAATAGCGGGCCGTACG,1,635467
cpxRp2,1.0,6,3,AATCAAAATAGCGAGGGTTC,3,686314
cpxRp2,0.5,4,3,AATATTTCGTTAATGTTAGC,1,638114
cpxRp2,1.0,6,3,AATAGGTCAATGATCAGGGA,3,696383
cpxRp2,4.5,20,3,AATAGAGAGATTACTTAAAC,17,691849
cpxRp2,6.25,27,3,AATAGAACGCAGATAATGCT,24,697575
cpxRp2,2.25,11,3,AATACTCATATGGTCCAGTA,8,679205
cpxRp2,2.0,10,3,AAGTTGCGGGATTTGACGGT,7,661712
cpxRp2,0.75,5,3,AAGTGTGCGCCATGGACAGG,2,665452
cpxRp2,1.75,9,3,AAGTGGTTCAGCCCCCGTTA,6,688795
cpxRp2,9.0,38,3,AAGTCCCCGATCACAGTTGT,35,661397
cpxRp2,1.0,6,3,AAGGTCAAACCCTTCACCGT,3,666075
cpxRp2,1.0,6,3,AAGGGTTAGTCGGGGATGTG,3,697830
cpxRp2,0.5,4,3,AAGGGTCGCTACGAGCCTCC,1,637233
cpxRp2,1.0,6,3,AAGGGGTCAAGAATAAGGGC,3,638254
cpxRp2,1.0,6,3,AAGGAAGTGATATGGCCCTC,3,662063
cpxRp2,1.0,6,3,AAGCTTCCCCCAGCTTGGTG,3,687421
cpxRp2,0.5,4,3,AAGCTAAATGCCCTCTTTCC,1,685066
cpxRp2,2.0,10,3,AAGCATCCGAATAACGGCAA,7,661355
cpxRp2,0.5,4,3,AAGCACAGTGACGTCTCCAC,1,662107
cpxRp2,0.75,5,3,AAGATCCATACCTTTCTTTT,2,670033
cpxRp2,0.75,5,3,AAGAGGATTGGGGTCATATA,2,680513
cpxRp2,1.0,6,3,AAGAGAGAAATAGAAAAAGA,3,686005
cpxRp2,0.5,4,3,AACTTGGCTACCCGGTTAAA,1,659923
cpxRp2,0.75,5,3,AACTTATAAATCGTGATAAT,2,661683
cpxRp2,1.25,7,3,AACTGGTCCGCTTTGTGAAT,4,658930
cpxRp2,0.75,5,3,AACTGGGTGTCGGGAGAATC,2,633353
cpxRp2,1.25,7,3,AACTGAGTTAATGTTCATAC,4,689573
cpxRp2,1.0,6,3,AACTCCTAATTACAGCACGC,3,638194
cpxRp2,1.5,8,3,AACTCATAGAGATCTGCTTA,5,653070
cpxRp2,3.0,14,3,AACTATGCGACCGCACGTAC,11,653581
cpxRp2,2.25,11,3,AACTATCATCCGCAGTGGTT,8,702266
cpxRp2,0.5,4,3,AACTACGGGATACCTTTACG,1,706492
cpxRp2,1.5,8,3,AACGTCGTTAAGTCGGCGTT,5,709264
cpxRp2,0.75,5,3,AACGGCAAGATAGAATCTAA,2,641229
cpxRp2,3.5,16,3,AACGGACCCCCCTTTGATCC,13,703567
cpxRp2,1.75,9,3,AACGCCTGGCGTACAGTACA,6,662408
cpxRp2,2.0,10,3,AACGACGTGCGGTCCAACGG,7,646186
cpxRp2,3.25,15,3,AACCTGAAGGGGCGTAGTAG,12,683077
cpxRp2,1.5,8,3,AACCGTAGATACGAGCAGCC,5,672419
cpxRp2,2.75,13,3,AACCGGGTAAGGATAGCTGG,10,704150
cpxRp2,22.5,92,3,AACCCTCGTCGGAATGAGAT,89,681775
cpxRp2,1.5,8,3,AACCCGTGGGGTTCAGAAAG,5,665001
cpxRp2,6.25,27,3,AACCCCATGGTACCCTAACG,24,690253
cpxRp2,0.5,4,3,AACCACTTGAGGTCCGTGAT,1,679259
cpxRp2,1.25,7,3,AACCAACTAGGGTTTGGGAC,4,664203
cpxRp2,0.5,4,3,AACATCAACATGAGAGGGAT,1,702353
cpxRp2,4.25,19,3,AACAGTCTTTTGTACGCGCA,16,675496
cpxRp2,0.5,4,3,AACAGTATACATGGGCCTTG,1,700860
cpxRp2,1.25,7,3,AACAGGTATTGGGACATAAA,4,668415
cpxRp2,0.5,4,3,AACAGGAGAAGCCAGTACGT,1,693700
cpxRp2,1.0,6,3,AACAGATGTTACCATTGTGT,3,635026
cpxRp2,2.0,10,3,AACAGAAGATTGAATTTTCA,7,707453
cpxRp2,1.5,8,3,AACACGCTACCTGTGGGTTC,5,688084
cpxRp2,1.0,6,3,AACACAGACAGCTTCCCGAT,3,693583
cpxRp2,1.0,6,3,AACAAGTCGCGGCATCCAGA,3,644005
cpxRp2,0.5,4,3,AACAACGCTCCACTCTCGTC,1,656810
cpxRp2,1.5,8,3,AACAACCGTTCGTTTGCTAA,5,703529
cpxRp2,0.75,5,3,AAATTTTGGGTTCAATAAGC,2,661475
cpxRp2,2.25,11,3,AAATTGCGGACGCACGACGG,8,701904
cpxRp2,1.75,9,3,AAATTCGTCTAGCGATAGGG,6,680192
cpxRp2,1.5,8,3,AAATTCGGGCGGGAAAAATG,5,705592
cpxRp2,1.25,7,3,AAATTACAAGCATAAAAAAC,4,647826
cpxRp2,0.5,4,3,AAATGCACGGCGCAGTCGTG,1,675122
cpxRp2,1.25,7,3,AAATGATAATCTTACTGGTT,4,673156
cpxRp2,1.5,8,3,AAATCTTTTGTTTCAAGGTT,5,697104
cpxRp2,4.0,18,3,AAATCTCAGGTGATAAAGGA,15,678756
cpxRp2,0.5,4,3,AAATATGTCGCTCTACGCTG,1,707283
cpxRp2,1.25,7,3,AAAGTGAAAGACAAGCCGTC,4,681183
cpxRp2,0.75,5,3,AAAGGTTGGAAGTGGGTGCT,2,646867
cpxRp2,2.25,11,3,AAAGGTTATAACTTGTTCGA,8,705483
cpxRp2,0.75,5,3,AAAGGTGTTTCCGCGCAATA,2,687832
cpxRp2,1.5,8,3,AAAGGCTTACTGGGAGACAC,5,653567
cpxRp2,5.0,22,3,AAAGGAACCGGTACGTGACT,19,708256
cpxRp2,1.75,9,3,AAAGCGGTGGCTTCTGAACC,6,667443
cpxRp2,1.5,8,3,AAAGCCGGTTTGCAGGTCAG,5,690620
cpxRp2,1.0,6,3,AAAGAGACGACCACCCTATC,3,667187
cpxRp2,0.5,4,3,AAAGACCGCGAGGGCCACAC,1,697068
cpxRp2,0.5,4,3,AAACTTTAACCTAACTCCGA,1,677755
cpxRp2,1.75,9,3,AAACTGAAACGCTAATCCGT,6,649983
cpxRp2,2.25,11,3,AAACTCGTATTAAAGGTGCA,8,696118
cpxRp2,0.5,4,3,AAACGCATAGGGCGAGGTGT,1,708964
cpxRp2,1.25,7,3,AAACGAAGGCTACCAACATC,4,711735
cpxRp2,1.75,9,3,AAACCTGTGATAAGTGGTTC,6,653600
cpxRp2,2.0,10,3,AAACCTGCCGTAATGATTTC,7,665544
cpxRp2,0.5,4,3,AAACCAGACTATTAGTCGTT,1,648926
cpxRp2,2.0,10,3,AAAATTCGCACAGGCGGGAT,7,634168
cpxRp2,1.75,9,3,AAAAGTACTCGAACATCCAT,6,637670
cpxRp2,0.5,4,3,AAAACGCTAACGCTAGGAGA,1,641486
cpxRp2,0.5,4,3,AAAACAGATTCATGTATTTA,1,645718
cpxRp2,0.5,4,3,AAAAATGCTGCTGTCCACAA,1,677725
cpxRp2,0.5,4,3,AAAAACAATTGTCGCCAGAC,1,640970
cpxRp2,0.6666666666666666,3,2,TTTTTTGGAATTCCCACGAT,1,695986
cpxRp2,2.6666666666666665,9,2,TTTTTGAGGCCCTCAGTATT,7,685900
cpxRp2,0.6666666666666666,3,2,TTTTTCGGAATTCACCGACT,1,652157
cpxRp2,1.6666666666666667,6,2,TTTTTACATGCGCGTTCCGG,4,711674
cpxRp2,1.0,4,2,TTTTGTTTGATCGTTGGGCA,2,662702
cpxRp2,1.0,4,2,TTTTGCATAGGGCTTCACAT,2,693650
cpxRp2,3.0,10,2,TTTTCGGGCTAGTAGGATTA,8,650673
cpxRp2,1.3333333333333333,5,2,TTTTCGCAATCGGAATTGTG,3,652571
cpxRp2,1.0,4,2,TTTTCCTACGACGAAATTTT,2,639358
cpxRp2,0.6666666666666666,3,2,TTTTCATCGCCCATCTGGCA,1,634075
cpxRp2,1.0,4,2,TTTTCACAATGTTGTCCGTA,2,645696
cpxRp2,1.3333333333333333,5,2,TTTTATGTTGTCTGACTGGG,3,660557
cpxRp2,0.6666666666666666,3,2,TTTTATCCGAGACACTATAT,1,675110
cpxRp2,2.3333333333333335,8,2,TTTTACTGACCTTTTCAATC,6,647304
cpxRp2,2.0,7,2,TTTGTGGATCCTGCAGCAAT,5,696049
cpxRp2,0.6666666666666666,3,2,TTTGTCCTAAAGTATAGGGC,1,646153
cpxRp2,1.3333333333333333,5,2,TTTGGCTCTTGAGACAGTGC,3,679437
cpxRp2,5.0,16,2,TTTGCACTTATAGATGTCAC,14,659015
cpxRp2,3.0,10,2,TTTGCACCAACGTACCTTGG,8,644239
cpxRp2,1.0,4,2,TTTGCAAGTCCAAGCTATTG,2,654795
cpxRp2,1.6666666666666667,6,2,TTTGAATAGTGCTATTTATA,4,707309
cpxRp2,1.0,4,2,TTTCTGTTTTGCTGCCGATA,2,667452
cpxRp2,1.0,4,2,TTTCTCTTATCCAGGTTTTC,2,667872
cpxRp2,0.6666666666666666,3,2,TTTCTCGTAAAAAACTCGGT,1,635040
cpxRp2,1.3333333333333333,5,2,TTTCTAGGGATTTCCGTGCG,3,672291
cpxRp2,7.666666666666667,24,2,TTTCGCGTGGATTCCGGCTC,22,669021
cpxRp2,0.6666666666666666,3,2,TTTCCTAGGGTCCATATTTT,1,698415
cpxRp2,1.3333333333333333,5,2,TTTCCCCTCCTTGCTATAAA,3,640124
cpxRp2,3.0,10,2,TTTCCAGAGATTGCGACAAA,8,639629
cpxRp2,2.0,7,2,TTTCAGGGCAGTCCTGCTTA,5,711732
cpxRp2,1.0,4,2,TTTCAGACAATGATCTTTGC,2,694649
cpxRp2,1.3333333333333333,5,2,TTTCACGGAAAACCCTGTTC,3,710439
cpxRp2,0.6666666666666666,3,2,TTTAGTTATGCCCCCAGTTT,1,665469
cpxRp2,1.3333333333333333,5,2,TTTACTTGAGCAGACCTACA,3,665814
cpxRp2,1.0,4,2,TTTACCGGAATTCCGCGCAG,2,689713
cpxRp2,1.3333333333333333,5,2,TTTAATGCGCGGGGGTTTTG,3,708769
cpxRp2,3.3333333333333335,11,2,TTTAATGATGGATATATACT,9,697194
cpxRp2,1.6666666666666667,6,2,TTTAAGGGCAAGCGCGGTTT,4,698549
cpxRp2,1.0,4,2,TTTAAGAGATGCTCTTTACG,2,686282
cpxRp2,1.3333333333333333,5,2,TTGTTGCCTATGTATCAGCA,3,689752
cpxRp2,1.0,4,2,TTGTTCATTTTCCAGCTGTA,2,664206
cpxRp2,0.6666666666666666,3,2,TTGTGTGCCCCTGGAGCTCG,1,669769
cpxRp2,1.0,4,2,TTGTGGAAAGCCGCCTGGTC,2,668542
cpxRp2,3.0,10,2,TTGTCATGACAGCACGAGGG,8,701585
cpxRp2,4.0,13,2,TTGTAGTATGGAGCCCGAAC,11,673898
cpxRp2,4.0,13,2,TTGGTTTTATAGATTAGGAG,11,668513
cpxRp2,1.0,4,2,TTGGTTAAAGAAATGACCGG,2,649355
cpxRp2,1.0,4,2,TTGGTGCATCTCATTAGCGT,2,634217
cpxRp2,1.6666666666666667,6,2,TTGGGTTGCGCTCGAATAGC,4,663593
cpxRp2,4.333333333333333,14,2,TTGGGTATTTATAGTCCGTT,12,634457
cpxRp2,0.6666666666666666,3,2,TTGGGCTTCGGCGTGAGGGT,1,698065
cpxRp2,1.6666666666666667,6,2,TTGGCTATACCGGGCGGTCA,4,647137
cpxRp2,1.0,4,2,TTGGCGCGTCCACCGCAAAT,2,652774
cpxRp2,1.6666666666666667,6,2,TTGGCCTTACCCTGGCCCCA,4,668266
cpxRp2,0.6666666666666666,3,2,TTGGCACTGCTTACATCCGG,1,632526
cpxRp2,3.3333333333333335,11,2,TTGGAGAGGTGACCTGCTAC,9,664847
cpxRp2,1.6666666666666667,6,2,TTGGAGACTGCGGTAGGGTG,4,632789
cpxRp2,3.0,10,2,TTGGACCACCGGCCCCCAAC,8,663156
cpxRp2,6.333333333333333,20,2,TTGCGAATCTGGTCAACCAA,18,689044
cpxRp2,1.0,4,2,TTGCCGGACCCCGTTTCGAC,2,665363
cpxRp2,3.6666666666666665,12,2,TTGCCGACATGACGACGACG,10,659032
cpxRp2,1.6666666666666667,6,2,TTGATCTACCGAGAACACAC,4,699689
cpxRp2,1.0,4,2,TTGAGTTCCCTACTGTGCAC,2,639386
cpxRp2,1.0,4,2,TTGAGGTAATTTGCGGGGTT,2,665458
cpxRp2,0.6666666666666666,3,2,TTGAGGGTATATAGCTATCG,1,708401
cpxRp2,3.6666666666666665,12,2,TTGAATTCATGCTATCAAGG,10,706330
cpxRp2,2.3333333333333335,8,2,TTGAAGTGGGACGCACTGGA,6,656968
cpxRp2,7.666666666666667,24,2,TTCTTTGCCAGAAGGATAAA,22,642602
cpxRp2,1.0,4,2,TTCTTGTATTACATGCCACA,2,707658
cpxRp2,0.6666666666666666,3,2,TTCTTGCCATTGTAAAGGTT,1,679834
cpxRp2,1.0,4,2,TTCTCCCCCGGGCGGGGTGA,2,636144
cpxRp2,2.0,7,2,TTCTCACTGAGTGGCTTCAT,5,700618
cpxRp2,0.6666666666666666,3,2,TTCTCACGCCAGAAGATGTA,1,633325
cpxRp2,1.0,4,2,TTCTAGTTGCTGTCGGAGGT,2,677575
cpxRp2,2.6666666666666665,9,2,TTCTAAAGAATTCCCGGTTA,7,629728
cpxRp2,2.6666666666666665,9,2,TTCGTTTAGAGATCCGCCTA,7,659069
cpxRp2,1.3333333333333333,5,2,TTCGTTGGTCTTTGCACACT,3,633262
cpxRp2,2.6666666666666665,9,2,TTCGTCGTGTCTGGTGAGAA,7,704968
cpxRp2,1.3333333333333333,5,2,TTCGTATGTAGGAAACCGGG,3,639086
cpxRp2,0.6666666666666666,3,2,TTCGGAAAGGGCAGGACCCA,1,678720
cpxRp2,2.6666666666666665,9,2,TTCGATTACATTGGCCGAAC,7,661091
cpxRp2,2.6666666666666665,9,2,TTCGAAAGCATCTCACTCGC,7,660723
cpxRp2,0.6666666666666666,3,2,TTCCTTTTTCGTGAGCTGGT,1,667896
cpxRp2,4.0,13,2,TTCCTCGGATCCAATGTGGG,11,649566
cpxRp2,1.6666666666666667,6,2,TTCCGTTCCTACCTTGGCTG,4,669272
cpxRp2,0.6666666666666666,3,2,TTCCGTATACGTTCCGAGAA,1,637894
cpxRp2,0.6666666666666666,3,2,TTCCCGTTTTAAGTATCGCA,1,674068
cpxRp2,3.3333333333333335,11,2,TTCCCACGTATAAAGGCGCT,9,650937
cpxRp2,0.6666666666666666,3,2,TTCCAACTTTACTTAATCGT,1,638931
cpxRp2,16.333333333333332,50,2,TTCATTATGAGTATAGACTG,48,663601
cpxRp2,1.3333333333333333,5,2,TTCATATGATACGAGGAGAG,3,662427
cpxRp2,3.0,10,2,TTCAGTCCAGCAAATTGTTA,8,665286
cpxRp2,2.0,7,2,TTCAATGTGACATATCCCTA,5,690447
cpxRp2,1.0,4,2,TTATTTCGTGGCAACGGGCT,2,707611
cpxRp2,2.3333333333333335,8,2,TTATTGACCAGGGCCCATAG,6,694392
cpxRp2,0.6666666666666666,3,2,TTATGGGTATCAACTGTATA,1,646916
cpxRp2,1.6666666666666667,6,2,TTATCTCTACCCGTGTTTGT,4,663191
cpxRp2,1.0,4,2,TTATCCGCATTGGGTCTATC,2,664301
cpxRp2,1.3333333333333333,5,2,TTATCAGCTCATTTAAGTCG,3,682750
cpxRp2,1.3333333333333333,5,2,TTAGTGGCCTTAAGCTCTTC,3,678811
cpxRp2,0.6666666666666666,3,2,TTAGTGGATGCCTTACGAAA,1,663538
cpxRp2,0.6666666666666666,3,2,TTAGGGTCGAGCAGAAGCGC,1,685865
cpxRp2,2.6666666666666665,9,2,TTAGGATCTACAGGCAACCA,7,702731
cpxRp2,4.333333333333333,14,2,TTAGGAGATGCAGAATAGAG,12,662646
cpxRp2,0.6666666666666666,3,2,TTAGCCGTATCCGTGATAAA,1,640660
cpxRp2,3.0,10,2,TTAGCAGGTGAGAAGAACGT,8,677722
cpxRp2,1.3333333333333333,5,2,TTAGAGGCTTGTAGAGTCAG,3,665502
cpxRp2,1.0,4,2,TTAGAGAACGACTCGTTAAA,2,696485
cpxRp2,2.0,7,2,TTAGACGAACTGCGAATTGC,5,639997
cpxRp2,2.0,7,2,TTAGAACGCTTCTTCTCGGT,5,693041
cpxRp2,6.0,19,2,TTACGAGCCTGGCGGTCACA,17,640859
cpxRp2,0.6666666666666666,3,2,TTACCTGGGAGAGACGTTAG,1,661820
cpxRp2,0.6666666666666666,3,2,TTAAGACGTTCCAGGCAGCG,1,711138
cpxRp2,2.0,7,2,TTAACTAACCCGTCTCGAAA,5,688145
cpxRp2,1.0,4,2,TTAACGGAACAATTACGCGA,2,666310
cpxRp2,1.3333333333333333,5,2,TTAAAGGGTGGCGTGAACTG,3,667320
cpxRp2,2.0,7,2,TTAAAATCGATCGCGCCGAT,5,674415
cpxRp2,1.0,4,2,TTAAAAGGGAAATTTTCATG,2,653407
cpxRp2,4.0,13,2,TGTTTATTGGTTACCTGTAC,11,659134
cpxRp2,3.0,10,2,TGTTGGTCCCTAATCGGCGG,8,692487
cpxRp2,0.6666666666666666,3,2,TGTTGCCTAACGAACCTACT,1,675089
cpxRp2,8.333333333333334,26,2,TGTTATACTGCAGCTCATTC,24,662490
cpxRp2,6.333333333333333,20,2,TGTTATACGGGGCTCACTAT,18,684209
cpxRp2,2.0,7,2,TGTTACCCAGCGTCCGTCCC,5,663816
cpxRp2,2.0,7,2,TGTGTGTGCCCAAATTCGAT,5,653360
cpxRp2,0.6666666666666666,3,2,TGTGTAGTTAATCGGGCCGA,1,696196
cpxRp2,1.3333333333333333,5,2,TGTGGTAATTCAAAGTGTAA,3,706975
cpxRp2,1.6666666666666667,6,2,TGTGGCTGCTGCTGTGCTCG,4,665410
cpxRp2,4.0,13,2,TGTGCATTCATCATCGGAGA,11,688164
cpxRp2,2.6666666666666665,9,2,TGTGACCCTCGAAGAAACCC,7,651062
cpxRp2,1.6666666666666667,6,2,TGTCTCGCAAGAGTATGAGC,4,631733
cpxRp2,4.333333333333333,14,2,TGTCGACACGCCAAGAAGAA,12,660597
cpxRp2,6.0,19,2,TGTCCTTAGTAACACTTCCA,17,660998
cpxRp2,3.0,10,2,TGTCCCCTTTGTCGAAGTCC,8,650765
cpxRp2,1.0,4,2,TGTCATCTCGTTGGGGTGTC,2,675993
cpxRp2,9.333333333333334,29,2,TGTCAGGTACACAGTGGGTA,27,680995
cpxRp2,0.6666666666666666,3,2,TGTCACGATATATTGTGCGC,1,694113
cpxRp2,8.0,25,2,TGTCACCATGTGACTCATGA,23,646343
cpxRp2,1.6666666666666667,6,2,TGTATGCGGTCATGGGACTA,4,696119
cpxRp2,3.0,10,2,TGTATCAAGGGCTACATCGG,8,679741
cpxRp2,6.666666666666667,21,2,TGTATAGGTATCTACTACCG,19,647132
cpxRp2,1.6666666666666667,6,2,TGTATAAGTAATGACGGGCG,4,630559
cpxRp2,3.3333333333333335,11,2,TGTAGCGCTAGTTGTCGGTT,9,663025
cpxRp2,1.6666666666666667,6,2,TGTAGATTAGAGGTGACCAT,4,676841
cpxRp2,0.6666666666666666,3,2,TGTAGATCTCCCCCTCGATA,1,708506
cpxRp2,1.6666666666666667,6,2,TGGTTAAGGAGATGCCTTAG,4,689289
cpxRp2,0.6666666666666666,3,2,TGGGTATCGCATCCACCTTA,1,648449
cpxRp2,0.6666666666666666,3,2,TGGGTAGTGCAAAGACGGGG,1,637060
cpxRp2,3.6666666666666665,12,2,TGGGGGGTTTGTTTACTGCT,10,689649
cpxRp2,1.0,4,2,TGGGGGCGGGACAACTTTTC,2,629791
cpxRp2,0.6666666666666666,3,2,TGGGCAGTCTGGACATCTCG,1,641625
cpxRp2,1.3333333333333333,5,2,TGGGAACCACGACGAACTGT,3,657310
cpxRp2,0.6666666666666666,3,2,TGGCTAACTCGGACCCATCA,1,638734
cpxRp2,3.6666666666666665,12,2,TGGCGGCGGCTTGTTTGTCA,10,690340
cpxRp2,1.0,4,2,TGGCCTATCTCCGAGACCCG,2,667540
cpxRp2,1.6666666666666667,6,2,TGGATGTAAAAACCGGATGA,4,636786
cpxRp2,1.6666666666666667,6,2,TGGACCCTTGAGAACCAAAC,4,709484
cpxRp2,2.3333333333333335,8,2,TGCTTTCATAGGTGTTAATG,6,647776
cpxRp2,0.6666666666666666,3,2,TGCTTCTGACTAGACGGGCG,1,671673
cpxRp2,1.6666666666666667,6,2,TGCTGGATCGAAATATCAGA,4,646885
cpxRp2,3.3333333333333335,11,2,TGCTCTTAGTCGGCATCCTT,9,711971
cpxRp2,0.6666666666666666,3,2,TGCTCTCGACAAATAGCACC,1,637785
cpxRp2,1.0,4,2,TGCTCTCCGGGCGGGACAAA,2,629905
cpxRp2,3.3333333333333335,11,2,TGCTATTAGATGTGCGCGTG,9,673343
cpxRp2,2.6666666666666665,9,2,TGCTACTAATTTCACTATAT,7,708686
cpxRp2,5.333333333333333,17,2,TGCTAACCGCACAATGGGCT,15,703632
cpxRp2,3.0,10,2,TGCGTTTCCGGGTCATCACG,8,692719
cpxRp2,0.6666666666666666,3,2,TGCGTAATGAATGATCTTTA,1,703743
cpxRp2,1.0,4,2,TGCGGATTAGATGTAATAAG,2,692851
cpxRp2,3.3333333333333335,11,2,TGCGCCGCGGACGAATCTCA,9,701756
cpxRp2,1.6666666666666667,6,2,TGCGAACAGATACTTTGATT,4,681780
cpxRp2,3.6666666666666665,12,2,TGCCTTGGAACGTAGAGTAC,10,677238
cpxRp2,4.0,13,2,TGCCTTCGGACACTCTTGGC,11,644261
cpxRp2,7.0,22,2,TGCCGGGGAACGGGTCATAA,20,645440
cpxRp2,0.6666666666666666,3,2,TGCCCTCGCTAAGCGAGCGC,1,682120
cpxRp2,3.6666666666666665,12,2,TGCCACTATGCTTTCTCCGG,10,684353
cpxRp2,0.6666666666666666,3,2,TGCACTGCCGAAAGACGTAC,1,635910
cpxRp2,0.6666666666666666,3,2,TGATTCCCTTCGTTCCAGGG,1,707146
cpxRp2,0.6666666666666666,3,2,TGATGCGGCATGACAAAACG,1,654885
cpxRp2,2.6666666666666665,9,2,TGATCGCTATTTGTATGAGA,7,710542
cpxRp2,6.0,19,2,TGATCCCGCCATCTTCACTG,17,700290
cpxRp2,1.0,4,2,TGATCCCACGAAGAAGTACA,2,675920
cpxRp2,2.0,7,2,TGATCAGCCATTGTCGGCCA,5,663595
cpxRp2,2.6666666666666665,9,2,TGATACTGGTGCAATTATGT,7,662431
cpxRp2,1.3333333333333333,5,2,TGAGGTCAGATGAGCGGAGA,3,697297
cpxRp2,1.6666666666666667,6,2,TGAGGAACACTCGTCCTGCC,4,663747
cpxRp2,0.6666666666666666,3,2,TGAGCGGCCTGTTATATCCG,1,659567
cpxRp2,4.0,13,2,TGAGCGGCCCAGGTAAGTGC,11,639088
cpxRp2,0.6666666666666666,3,2,TGAGCATATAATGGTTTGCA,1,685622
cpxRp2,3.0,10,2,TGAGAGCATATCCCAGTTCT,8,661067
cpxRp2,1.0,4,2,TGACTTGCTCGGGCAGATAG,2,650469
cpxRp2,0.6666666666666666,3,2,TGACGCAGGGCGACGTCGTA,1,655376
cpxRp2,1.3333333333333333,5,2,TGACCGTCAAGATATAGCGG,3,655831
cpxRp2,0.6666666666666666,3,2,TGAATGCACCGTTATGAAGT,1,712111
cpxRp2,1.6666666666666667,6,2,TGAATATGCTCGCTCCACTG,4,689779
cpxRp2,0.6666666666666666,3,2,TGAAGTTTCGTGACAATCAA,1,656610
cpxRp2,3.0,10,2,TGAAGTCCAAGGCTCAAGTA,8,639138
cpxRp2,7.666666666666667,24,2,TGAACCTCCTGTATTAGTGG,22,704700
cpxRp2,0.6666666666666666,3,2,TGAACAGTGATTACATATTG,1,656314
cpxRp2,1.0,4,2,TGAACAGCGTCTTTTCTTGG,2,683232
cpxRp2,1.0,4,2,TGAAATCGAAATTCGGTAGT,2,693039
cpxRp2,4.333333333333333,14,2,TGAAAGAGATTACATAAGCT,12,647056
cpxRp2,2.3333333333333335,8,2,TGAAACCTCAAGCGATATAT,6,683155
cpxRp2,0.6666666666666666,3,2,TCTTTAGGAGACGGAACGGG,1,658597
cpxRp2,5.666666666666667,18,2,TCTTGTTTCGCTAGGTCCAT,16,659765
cpxRp2,1.6666666666666667,6,2,TCTTGTTACCGTTAGGAAAA,4,657164
cpxRp2,1.0,4,2,TCTTGGGACAGCAAGGGGTT,2,686484
cpxRp2,1.3333333333333333,5,2,TCTTCGCTAGAGTATAAAAC,3,676252
cpxRp2,1.6666666666666667,6,2,TCTTCGAACATAACTCGTTA,4,631174
cpxRp2,1.0,4,2,TCTTCAGAAATAAATCTCAA,2,648304
cpxRp2,1.0,4,2,TCTTCACTTGAATAGTTACT,2,681316
cpxRp2,0.6666666666666666,3,2,TCTTAGTTCTTGAGGTGGGC,1,664439
cpxRp2,5.0,16,2,TCTTAGATACCGCAGCTTAA,14,654619
cpxRp2,4.666666666666667,15,2,TCTGGTTATTTTATGGTAGG,13,709229
cpxRp2,1.0,4,2,TCTGGTCGTGATTGAGCGAG,2,690666
cpxRp2,2.3333333333333335,8,2,TCTGCCGATACTATGGTAAT,6,660921
cpxRp2,3.0,10,2,TCTGCACTTATATCCGGTGG,8,656667
cpxRp2,2.6666666666666665,9,2,TCTGATGTGTGGACGCTAAT,7,696680
cpxRp2,1.3333333333333333,5,2,TCTCTACATCCCCAGAGCTT,3,646845
cpxRp2,0.6666666666666666,3,2,TCTCGGACTTATACCTTCCT,1,660952
cpxRp2,4.0,13,2,TCTCCTCAGCTCGGCGCCGG,11,701823
cpxRp2,1.3333333333333333,5,2,TCTCATGAGACCGAAGACAT,3,687961
cpxRp2,1.6666666666666667,6,2,TCTCAATCTGCGAATTAGAG,4,690747
cpxRp2,2.0,7,2,TCTCAATACCCAACTCGAGT,5,654040
cpxRp2,2.0,7,2,TCTCAAGTACGTGACCCAGC,5,670264
cpxRp2,2.3333333333333335,8,2,TCTATGATATCGATTAGCAT,6,711705
cpxRp2,12.0,37,2,TCTATCTCCGGGCTCCCCTA,35,645793
cpxRp2,2.0,7,2,TCTACGTCAAGCGTGTCGTA,5,693247
cpxRp2,0.6666666666666666,3,2,TCTACATGGGCGGATCACGT,1,705147
cpxRp2,1.0,4,2,TCTAAGGACCCAATGCTCCA,2,641474
cpxRp2,0.6666666666666666,3,2,TCTAAAATAGCGAGATGACT,1,676768
cpxRp2,1.6666666666666667,6,2,TCGTTGCTGATTTTACGGAT,4,683692
cpxRp2,8.666666666666666,27,2,TCGTTCGTGGGCTTGACAAG,25,631186
cpxRp2,3.0,10,2,TCGTGTTGAACGGCACCAGC,8,702820
cpxRp2,3.6666666666666665,12,2,TCGTGAGGCACTCACGTTGC,10,708449
cpxRp2,3.0,10,2,TCGTCTGAGGGCTTAACGCT,8,673893
cpxRp2,0.6666666666666666,3,2,TCGTCGTACGACACAGCTGA,1,672913
cpxRp2,6.0,19,2,TCGTCCGCCGACTAATTAAC,17,667286
cpxRp2,3.0,10,2,TCGTCACCCAAGTATATCCT,8,674960
cpxRp2,1.0,4,2,TCGTATGTAGGGAGCATTCT,2,671835
cpxRp2,2.0,7,2,TCGTAACGTTTACGAACTCT,5,696149
cpxRp2,1.3333333333333333,5,2,TCGGTCCACGTGACTGTATC,3,691159
cpxRp2,1.3333333333333333,5,2,TCGGTCATGCGCCCGGGATT,3,703812
cpxRp2,1.6666666666666667,6,2,TCGGTATATTTTCTCTGTGT,4,667524
cpxRp2,2.0,7,2,TCGGGTTCGTAGATAGATAA,5,686092
cpxRp2,2.3333333333333335,8,2,TCGGATATCGCACACCGCGC,6,647036
cpxRp2,1.0,4,2,TCGGACTACGCGGGACGACT,2,699995
cpxRp2,2.0,7,2,TCGGAATAACGTGGACTGTA,5,656154
cpxRp2,1.6666666666666667,6,2,TCGCTTAAGATGATTCCGGA,4,633447
cpxRp2,0.6666666666666666,3,2,TCGCTGGAAGCACCCGTAGG,1,693020
cpxRp2,1.6666666666666667,6,2,TCGCGGTGAAAATTGGAGTC,4,697868
cpxRp2,3.3333333333333335,11,2,TCGCAATGCGTATCGGGATC,9,635039
cpxRp2,1.3333333333333333,5,2,TCGAGCTCAAATCAGGTGCG,3,712446
cpxRp2,3.0,10,2,TCGACGTAGATCCGGACGAC,8,691080
cpxRp2,2.3333333333333335,8,2,TCGAAGTCTTGAGACGTTCG,6,636691
cpxRp2,5.666666666666667,18,2,TCCTTCTAGCAGTACGCAGG,16,656002
cpxRp2,3.6666666666666665,12,2,TCCTTCCTTTAAGGGGGCGT,10,702232
cpxRp2,2.6666666666666665,9,2,TCCTTATTATCTTGGATTAG,7,698485
cpxRp2,0.6666666666666666,3,2,TCCTCTGCATTATGGTTCAC,1,649287
cpxRp2,3.6666666666666665,12,2,TCCGTGTGAGGAAGTGCAGT,10,693487
cpxRp2,1.0,4,2,TCCGTAATGAGAGGTCTAGG,2,658554
cpxRp2,1.0,4,2,TCCGGTTCCAAATACCAGTG,2,639273
cpxRp2,3.6666666666666665,12,2,TCCGCCATTACCGAAAGCCT,10,699654
cpxRp2,2.3333333333333335,8,2,TCCGCCATACTTTCATGGAA,6,637530
cpxRp2,1.6666666666666667,6,2,TCCGCACAGAATAGAACGAA,4,683612
cpxRp2,1.0,4,2,TCCGAGGTGCAGGTAACTTT,2,705131
cpxRp2,1.3333333333333333,5,2,TCCGACCTGTTAATGACATT,3,680705
cpxRp2,1.6666666666666667,6,2,TCCCTAATGGAATGCAACCC,4,661362
cpxRp2,1.0,4,2,TCCCGGGGGTCCATGAGCGG,2,686067
cpxRp2,1.6666666666666667,6,2,TCCCCTACGTGTTTGCTTTT,4,699490
cpxRp2,2.0,7,2,TCCCCCCGCAGCGATTCGCA,5,665648
cpxRp2,2.3333333333333335,8,2,TCCCCCCACCACCGATTGGA,6,697923
cpxRp2,9.666666666666666,30,2,TCCCCATTATACCCCACCTC,28,701810
cpxRp2,2.0,7,2,TCCCATCTAGGGGAGTATCC,5,630486
cpxRp2,1.6666666666666667,6,2,TCCATTTAGAATACACTTGG,4,660238
cpxRp2,1.3333333333333333,5,2,TCCATCTGTGCTCTGATAAA,3,704583
cpxRp2,2.6666666666666665,9,2,TCCATATAGAGACTTAGTGA,7,638758
cpxRp2,8.0,25,2,TCCAGGAATGTATATTTGGT,23,680301
cpxRp2,1.3333333333333333,5,2,TCCACGACTCACACTTATCG,3,694266
cpxRp2,1.0,4,2,TCCAAGCCCGCCCGAACGGC,2,696981
cpxRp2,3.0,10,2,TCCAACGGGAGACTGATGGG,8,637103
cpxRp2,2.0,7,2,TCATTTACCCCAAGGCGATC,5,659968
cpxRp2,1.0,4,2,TCATTGCAAGTATACTTTTG,2,700351
cpxRp2,1.0,4,2,TCATGTGCGATGATATGATC,2,670234
cpxRp2,1.3333333333333333,5,2,TCATGCCTGTGCCTTTTCAC,3,700370
cpxRp2,3.3333333333333335,11,2,TCATGCCCGTGGGGATAGAG,9,692932
cpxRp2,0.6666666666666666,3,2,TCATCGTTTGACTGGCAATA,1,692316
cpxRp2,1.0,4,2,TCATCCTCTCTTCACATGAC,2,651709
cpxRp2,1.0,4,2,TCAGGGTGCTTATTCCGGGG,2,650769
cpxRp2,1.3333333333333333,5,2,TCAGGAGAGACAACTAGAGC,3,706956
cpxRp2,1.0,4,2,TCAGCGCGATGTGGTCTCGT,2,701349
cpxRp2,6.333333333333333,20,2,TCAGCATCAAGTAGAGTCAA,18,690949
cpxRp2,1.0,4,2,TCACTTCTGCCTCCTATGAC,2,683556
cpxRp2,1.3333333333333333,5,2,TCACTTCGGTGCCATGAGTA,3,633770
cpxRp2,2.0,7,2,TCACGGTCGCACCCCCGTGG,5,710057
cpxRp2,0.6666666666666666,3,2,TCACATATTCGCCAATTTAA,1,660016
cpxRp2,0.6666666666666666,3,2,TCACAATCCCGGCTAAGTGC,1,709088
cpxRp2,1.3333333333333333,5,2,TCACAAATGATCTTTGACCC,3,685541
cpxRp2,2.0,7,2,TCAAGCGGTAACGGGATGCA,5,670820
cpxRp2,1.0,4,2,TCAAGCAGCGCTTACGCCTC,2,640420
cpxRp2,1.0,4,2,TCAACCGACATGAGATATCA,2,679128
cpxRp2,1.6666666666666667,6,2,TCAACAACTTGGCGTCGCCG,4,670377
cpxRp2,0.6666666666666666,3,2,TCAAAGTTCGGGCTTTTGTA,1,702568
cpxRp2,1.3333333333333333,5,2,TCAAAGTAGGGCGTAAACGG,3,710718
cpxRp2,1.3333333333333333,5,2,TATTTAGGCGTGTGTTCGAG,3,684509
cpxRp2,3.6666666666666665,12,2,TATTGTCTCCTACTTTATCA,10,667284
cpxRp2,7.666666666666667,24,2,TATTGGAATATGCACCGCGA,22,661921
cpxRp2,1.0,4,2,TATTGCTAAAGAGAGTCCAG,2,656875
cpxRp2,7.666666666666667,24,2,TATTACCTGATGCTGCGCGT,22,691120
cpxRp2,0.6666666666666666,3,2,TATGTGGTGGGGCGAATGAA,1,694098
cpxRp2,1.6666666666666667,6,2,TATGTGAGGGGTGATCATGG,4,658837
cpxRp2,0.6666666666666666,3,2,TATGGTTGGGGACGCGTGCC,1,684110
cpxRp2,3.3333333333333335,11,2,TATGGACACAGCAGAAACTG,9,665610
cpxRp2,2.6666666666666665,9,2,TATGCTCACGTACAGATGCA,7,645024
cpxRp2,2.6666666666666665,9,2,TATGCATTACATCGGAGTGT,7,700117
cpxRp2,12.0,37,2,TATGAGTGTTTCCATGCCAC,35,648161
cpxRp2,3.3333333333333335,11,2,TATGAGACTGGAAAGTGACA,9,641702
cpxRp2,1.6666666666666667,6,2,TATGACACGAGATGTGTTTG,4,644439
cpxRp2,1.3333333333333333,5,2,TATCCATAGAATGCGACAGA,3,690183
cpxRp2,1.6666666666666667,6,2,TATCCAGCGCCCACGGTCCA,4,667516
cpxRp2,1.6666666666666667,6,2,TATCACTTAAAGTCAACAGT,4,664701
cpxRp2,8.333333333333334,26,2,TATCAATTAAGGGCCGTATA,24,706304
cpxRp2,1.0,4,2,TATATCTAACAGTACGGAAT,2,665181
cpxRp2,2.0,7,2,TATAGGCTCACTAGTCAAAT,5,647188
cpxRp2,1.6666666666666667,6,2,TATAGCGACCCGCATATTGC,4,663879
cpxRp2,3.6666666666666665,12,2,TATACATTTTTACGATCGTT,10,693306
cpxRp2,6.333333333333333,20,2,TATACATCGACTGTGGTTTG,18,687186
cpxRp2,1.0,4,2,TATAAGAAAGCGGTCACTCA,2,692320
cpxRp2,1.6666666666666667,6,2,TAGGTTTGTGTAATTGTTCG,4,645426
cpxRp2,0.6666666666666666,3,2,TAGGTGTGAAGTAATGAGTC,1,635206
cpxRp2,0.6666666666666666,3,2,TAGGTGGCTTCCGCTAGACA,1,694384
cpxRp2,3.3333333333333335,11,2,TAGGGAGTCCGTGGCATAGT,9,632063
cpxRp2,1.3333333333333333,5,2,TAGGGAAATTGAACTAAGTG,3,674212
cpxRp2,0.6666666666666666,3,2,TAGGCGGTAAACGAGTGCTC,1,634720
cpxRp2,5.0,16,2,TAGCTCGTCGATCGGCAATC,14,711587
cpxRp2,2.3333333333333335,8,2,TAGCTCCCATCAGGGGAGCA,6,699656
cpxRp2,0.6666666666666666,3,2,TAGCGTTGTGTAATGTTCTG,1,673695
cpxRp2,1.0,4,2,TAGCGTCGGGCCAGAGGTCA,2,683061
cpxRp2,3.6666666666666665,12,2,TAGCGGCTAGCACAACACAC,10,633294
cpxRp2,0.6666666666666666,3,2,TAGCGCAGGTGCGGAACGTA,1,645327
cpxRp2,3.6666666666666665,12,2,TAGCCTCCGGTTCTTAGCTT,10,635423
cpxRp2,1.3333333333333333,5,2,TAGCCGGCTATAGGAGTAAA,3,654676
cpxRp2,2.6666666666666665,9,2,TAGCCCCCGTTCAGTCTTAA,7,711844
cpxRp2,3.0,10,2,TAGATGGTCATTTGAATGGA,8,698808
cpxRp2,1.0,4,2,TAGAGCTTACGGTGCCGTGG,2,690006
cpxRp2,2.6666666666666665,9,2,TAGACACCCTCGTAGATGCT,7,683855
cpxRp2,2.3333333333333335,8,2,TACTTGCGAGAGATGAAAGG,6,691550
cpxRp2,4.666666666666667,15,2,TACTGGAGTGCAAAGTGGCA,13,663651
cpxRp2,2.0,7,2,TACTGAGCCGAGTCAAACGA,5,654628
cpxRp2,1.6666666666666667,6,2,TACGTTCCTGCCTTGCTTTT,4,681114
cpxRp2,1.6666666666666667,6,2,TACGTGAGGACCAATAGGGG,4,651922
cpxRp2,2.6666666666666665,9,2,TACGTCCGGGCGTGCCCTTG,7,678820
cpxRp2,4.333333333333333,14,2,TACGTATACTGCCCATGGAA,12,702591
cpxRp2,0.6666666666666666,3,2,TACGCCAGGTCAATTCATTT,1,671432
cpxRp2,2.3333333333333335,8,2,TACGCACCATGTGTCGATCT,6,638733
cpxRp2,4.666666666666667,15,2,TACGAGGTAAGCATTAAATC,13,674814
cpxRp2,1.6666666666666667,6,2,TACGAGGCACAAGCGGCGGA,4,670575
cpxRp2,2.6666666666666665,9,2,TACCGCGTAGAGTTGCTGGC,7,677473
cpxRp2,2.6666666666666665,9,2,TACCGACGGCCAGCCGGGGT,7,633693
cpxRp2,0.6666666666666666,3,2,TACCAAATAAAGACAATAGC,1,640579
cpxRp2,2.6666666666666665,9,2,TACATCGTGAAAATGGCCCG,7,638375
cpxRp2,2.0,7,2,TACATCCCTCTAGAATAGGT,5,698879
cpxRp2,1.6666666666666667,6,2,TACAGGCCCTAGTCACATTG,4,707013
cpxRp2,5.333333333333333,17,2,TACAGACTTAATAAGCGATC,15,657866
cpxRp2,2.6666666666666665,9,2,TACAAATTGACAGAGGTCGC,7,711689
cpxRp2,1.6666666666666667,6,2,TAATGTTGTCACGCTCTGAA,4,654343
cpxRp2,3.0,10,2,TAATGGAAGGTAACGGTTTA,8,688266
cpxRp2,0.6666666666666666,3,2,TAATCTGGTGCAAGCGGTTC,1,712228
cpxRp2,2.0,7,2,TAATATAGACTTATCGCGAT,5,664138
cpxRp2,1.6666666666666667,6,2,TAAGCTGTGGTACCCTCAAT,4,706112
cpxRp2,1.3333333333333333,5,2,TAAGCTAGCTTGGGCGAACG,3,675212
cpxRp2,0.6666666666666666,3,2,TAAGCAAGAACTTACCTGGA,1,703599
cpxRp2,2.6666666666666665,9,2,TAACTCAACATGATCATACT,7,667527
cpxRp2,1.3333333333333333,5,2,TAACTAAAACCTAGCAGATT,3,641453
cpxRp2,3.3333333333333335,11,2,TAACGAGCTGTTATGGACAT,9,701168
cpxRp2,0.6666666666666666,3,2,TAACCTCGTGGTTACGCTTC,1,679349
cpxRp2,1.6666666666666667,6,2,TAACCCGCCTTTGTGGACCC,4,673779
cpxRp2,1.0,4,2,TAACAAAGTCCTTAATCCGG,2,691513
cpxRp2,2.6666666666666665,9,2,TAAATTGAGAAAATTATTAC,7,660286
cpxRp2,2.0,7,2,TAAACTCTAATGATAAACAT,5,703781
cpxRp2,3.3333333333333335,11,2,TAAAAGGACGAACAAAGGCA,9,644813
cpxRp2,1.6666666666666667,6,2,TAAAACTAACGCTGCTCACA,4,634582
cpxRp2,1.3333333333333333,5,2,TAAAACCAGAAGTATCAGAC,3,659264
cpxRp2,1.3333333333333333,5,2,GTTTTTATGCACGATCAGTG,3,701350
cpxRp2,1.3333333333333333,5,2,GTTTTAAACGCGATAGTTTC,3,645571
cpxRp2,1.3333333333333333,5,2,GTTTCCGTAAGCTACATGCG,3,674450
cpxRp2,0.6666666666666666,3,2,GTTTCAGCCGCATGAGGCTG,1,630685
cpxRp2,2.3333333333333335,8,2,GTTTAGTATGTTGTGATTTG,6,702947
cpxRp2,2.3333333333333335,8,2,GTTTAAGGCCTCGCGTTGAT,6,644191
cpxRp2,6.0,19,2,GTTGGGGTGCCAGCGGTTTT,17,681243
cpxRp2,1.0,4,2,GTTGGGCGCGGGTACGGAGT,2,644739
cpxRp2,4.666666666666667,15,2,GTTGCTTCTGTTCTCTAAAA,13,635670
cpxRp2,6.0,19,2,GTTGCATGCGTCGTTCCCTT,17,690343
cpxRp2,3.3333333333333335,11,2,GTTGACCTGAGTAGGGTCTC,9,649965
cpxRp2,4.0,13,2,GTTCTGCTGGGCTGGTCGAA,11,635516
cpxRp2,0.6666666666666666,3,2,GTTAGTTATATCAACGTGGA,1,707778
cpxRp2,2.0,7,2,GTTAGCTAAGAATCTGACGT,5,681689
cpxRp2,1.0,4,2,GTTACAGCTTCAATCATGGA,2,687846
cpxRp2,1.0,4,2,GTTAATAGGATCTTCCGCTT,2,655331
cpxRp2,1.3333333333333333,5,2,GTTAACAATTTCGCTGTGAT,3,686726
cpxRp2,4.666666666666667,15,2,GTGTGACCGGGCTGTAGAGC,13,696802
cpxRp2,0.6666666666666666,3,2,GTGTCTATTCAACTTGCTCA,1,708539
cpxRp2,1.3333333333333333,5,2,GTGTCCCTGCACTCAGACCA,3,637757
cpxRp2,2.3333333333333335,8,2,GTGGTTGAAAAGCAGCTTAT,6,686918
cpxRp2,2.0,7,2,GTGGTGCGGGAACGCACGAT,5,699494
cpxRp2,1.3333333333333333,5,2,GTGGTAACGCTCATGGCTTT,3,692050
cpxRp2,2.6666666666666665,9,2,GTGGGATGAATGGCTCGAAC,7,685192
cpxRp2,2.0,7,2,GTGGCGCATTAGGCGGCGTT,5,656849
cpxRp2,3.3333333333333335,11,2,GTGGCCGCCGCGGTCGGGAT,9,692151
cpxRp2,3.6666666666666665,12,2,GTGGCAGGCAGCTCGGTTGG,10,671243
cpxRp2,2.6666666666666665,9,2,GTGGATAAGCGGGCATTTAC,7,700715
cpxRp2,31.333333333333332,95,2,GTGGAGGTATAACCTGCCTG,93,712432
cpxRp2,5.333333333333333,17,2,GTGGAATAATGGAACAGATT,15,704805
cpxRp2,0.6666666666666666,3,2,GTGCTTTACAGTCGCTTGGA,1,641537
cpxRp2,1.6666666666666667,6,2,GTGCTCTAGACTGTTATGGT,4,665341
cpxRp2,6.666666666666667,21,2,GTGCTCAACTGTGTACATAC,19,679709
cpxRp2,3.0,10,2,GTGCGTTTGGCATATGCACG,8,646028
cpxRp2,6.333333333333333,20,2,GTGCGGCAGAGTGCGTTTGT,18,649235
cpxRp2,1.0,4,2,GTGCGCACGAGCCCCGCCGT,2,700283
cpxRp2,2.0,7,2,GTGCCTCACTAGGAAAGTCT,5,672840
cpxRp2,3.6666666666666665,12,2,GTGCCGTCAACGCAGGATGT,10,670592
cpxRp2,9.333333333333334,29,2,GTGATTTCGGATTCCATTAG,27,648731
cpxRp2,1.6666666666666667,6,2,GTGATAAGGGAGATAAAGGG,4,646478
cpxRp2,1.6666666666666667,6,2,GTGAGGCTCATTATGGAGAA,4,657513
cpxRp2,2.3333333333333335,8,2,GTGACTGATGGCGTCACCAT,6,660867
cpxRp2,5.333333333333333,17,2,GTGACAATCAAAATGATCGA,15,698677
cpxRp2,1.6666666666666667,6,2,GTGACAACGATCGAAGAGTT,4,672069
cpxRp2,0.6666666666666666,3,2,GTGAATTAGCGCCTACAACG,1,712276
cpxRp2,5.666666666666667,18,2,GTGAAAGCCGGGGAAAAATC,16,635990
cpxRp2,0.6666666666666666,3,2,GTGAAAACTATGTGGCTGGA,1,671579
cpxRp2,2.3333333333333335,8,2,GTCTTGTGTCCAAAACCAGT,6,705924
cpxRp2,3.0,10,2,GTCTGGTCGAACGGCTTCGT,8,631293
cpxRp2,2.6666666666666665,9,2,GTCTGACTTGGAGAGGAAGT,7,635169
cpxRp2,3.6666666666666665,12,2,GTCGTCTCCGGGATATAGGA,10,639076
cpxRp2,1.3333333333333333,5,2,GTCGGGAGATTCGTTAGGGG,3,659738
cpxRp2,7.666666666666667,24,2,GTCGCGCGGCCCCACCCCAT,22,696034
cpxRp2,3.3333333333333335,11,2,GTCGCCTCAAGATCCAACAA,9,684774
cpxRp2,1.6666666666666667,6,2,GTCGCCCCCGAACGAGGTAA,4,645652
cpxRp2,4.333333333333333,14,2,GTCGAAACATTGGCCCGGGT,12,702502
cpxRp2,2.0,7,2,GTCCTTTCCGACATTCAGCA,5,693398
cpxRp2,1.3333333333333333,5,2,GTCCTGGACTGACTCTTTAC,3,658810
cpxRp2,2.3333333333333335,8,2,GTCCTGATGAAGAACGGCGT,6,703463
cpxRp2,2.3333333333333335,8,2,GTCCGGATCACCAACATTCT,6,701486
cpxRp2,2.0,7,2,GTCCGCTACCTCGGTAGTTG,5,673071
cpxRp2,7.666666666666667,24,2,GTCCGCCAAGAGAAATCGTC,22,645714
cpxRp2,1.3333333333333333,5,2,GTCCGATTGGTGGCTGCGAT,3,642829
cpxRp2,1.6666666666666667,6,2,GTCCCTGCCTGTAGGACCAC,4,686080
cpxRp2,5.0,16,2,GTCCCTCAGCAACCGTCAAA,14,673107
cpxRp2,3.3333333333333335,11,2,GTCCCATACGTCACTTACCC,9,696082
cpxRp2,2.3333333333333335,8,2,GTCCAACCCGCGGTTAGATA,6,702931
cpxRp2,2.3333333333333335,8,2,GTCATTGCGGGTGTTAAAGA,6,637792
cpxRp2,0.6666666666666666,3,2,GTCATCGGTGGATCCATAGT,1,635661
cpxRp2,1.3333333333333333,5,2,GTCAGTCCGTTCGGTCTTCT,3,651269
cpxRp2,4.0,13,2,GTCAAGAGTGATCAAAATTT,11,667029
cpxRp2,1.0,4,2,GTATTCGTTCGTAGAGCGGA,2,656494
cpxRp2,2.3333333333333335,8,2,GTATTCCCGTGTTGGAACAT,6,636245
cpxRp2,0.6666666666666666,3,2,GTATGTCGATAAGCGGCTTA,1,694377
cpxRp2,2.0,7,2,GTATGGTAGAACGAAGGCGA,5,654721
cpxRp2,2.3333333333333335,8,2,GTATGCGTAGTCGGGGAGCA,6,645706
cpxRp2,0.6666666666666666,3,2,GTATGCATTGGGGTGAGTCC,1,669218
cpxRp2,2.3333333333333335,8,2,GTATGAGTTTTGTCTGTATC,6,640646
cpxRp2,9.0,28,2,GTATCTTATATCCTCCTACC,26,707292
cpxRp2,5.333333333333333,17,2,GTATCGACTCAATACCTCAT,15,703151
cpxRp2,2.0,7,2,GTATAAGGCGTTTTCGCAGA,5,702402
cpxRp2,0.6666666666666666,3,2,GTAGTAGGTCCGACCAATTG,1,711263
cpxRp2,3.3333333333333335,11,2,GTAGGGTACCCAAACACTCG,9,655259
cpxRp2,0.6666666666666666,3,2,GTAGGGCATGGCTCGATATT,1,691629
cpxRp2,1.0,4,2,GTAGAACGGGACGGGATCTG,2,643924
cpxRp2,4.333333333333333,14,2,GTAGAAACCCAGAGCTACGT,12,681042
cpxRp2,0.6666666666666666,3,2,GTACTTTCTCACGCTTCCAA,1,672971
cpxRp2,1.3333333333333333,5,2,GTACTGTCAAAGGGCGTCAC,3,667311
cpxRp2,2.3333333333333335,8,2,GTACGTAACAGTTGGAGCCT,6,691551
cpxRp2,1.6666666666666667,6,2,GTAATATGACTCTCGGAAGT,4,692521
cpxRp2,0.6666666666666666,3,2,GTAAGGGTTTCGGTCCTTGG,1,672628
cpxRp2,2.3333333333333335,8,2,GTAAGCAATCGTTTCTATAA,6,708652
cpxRp2,1.3333333333333333,5,2,GTAAGAACCGATCGTCGGTT,3,643300
cpxRp2,1.6666666666666667,6,2,GTAAATTAGGTTCTGAAACA,4,649247
cpxRp2,2.6666666666666665,9,2,GTAAAGGCGCGTCACTTCAC,7,695007
cpxRp2,3.0,10,2,GTAAACCAAGGGGCCACCGA,8,647766
cpxRp2,1.6666666666666667,6,2,GGTTTTTACATGGTATAACC,4,664613
cpxRp2,1.3333333333333333,5,2,GGTTTGACCCATCCGCAGAT,3,643108
cpxRp2,5.0,16,2,GGTTGGTCTGCCTCACGGGA,14,701044
cpxRp2,11.0,34,2,GGTTGCGAACATAGAGCGAA,32,674683
cpxRp2,0.6666666666666666,3,2,GGTTGATACTACCAAGCGCC,1,697897
cpxRp2,3.0,10,2,GGTTCGCATATGGCGGCTGA,8,661777
cpxRp2,2.6666666666666665,9,2,GGTTCCAGGAGTCACAAGTA,7,642839
cpxRp2,1.3333333333333333,5,2,GGTTACTACTGGCCCAAACA,3,668930
cpxRp2,3.0,10,2,GGTTAAAACTGGACGCATCG,8,645180
cpxRp2,1.0,4,2,GGTGTCGAATGGCAGGTAGG,2,666787
cpxRp2,2.0,7,2,GGTGTAGGACATCCGTGTAA,5,691549
cpxRp2,0.6666666666666666,3,2,GGTGTACCCATGAAGTTGAC,1,666041
cpxRp2,2.0,7,2,GGTGGCGTAGTTCATTGCCA,5,688885
cpxRp2,2.0,7,2,GGTGCACCACCAGTTCCCCG,5,631601
cpxRp2,1.6666666666666667,6,2,GGTCTTAACGGTACATCGGT,4,675739
cpxRp2,0.6666666666666666,3,2,GGTCTGCAATAGCACCTCTA,1,696555
cpxRp2,3.0,10,2,GGTCGGTGTTGCAAGTATTC,8,685089
cpxRp2,0.6666666666666666,3,2,GGTCCAGAGTGCATGCGTCA,1,645113
cpxRp2,1.3333333333333333,5,2,GGTCATTATATGTGTTGGGT,3,700689
cpxRp2,1.0,4,2,GGTATAAGACAACTGTTACA,2,693074
cpxRp2,3.3333333333333335,11,2,GGTAGGGGTGTAATGAAAGA,9,694263
cpxRp2,4.333333333333333,14,2,GGTACTGTGAACATTCTTAT,12,648227
cpxRp2,1.3333333333333333,5,2,GGTACAGCAGGTGACAGGCG,3,679228
cpxRp2,0.6666666666666666,3,2,GGTACAGATTGTCAGCAATC,1,691286
cpxRp2,1.0,4,2,GGTACAGATGCATATGTTCG,2,668015
cpxRp2,0.6666666666666666,3,2,GGTAAATCATCCTCGGAGGC,1,703780
cpxRp2,1.3333333333333333,5,2,GGGTTTCCCTCCTGTAGCAC,3,673086
cpxRp2,1.0,4,2,GGGTTGTCATAGGCTAAAGG,2,704468
cpxRp2,0.6666666666666666,3,2,GGGTTCTCGCGGATTCGAAA,1,694874
cpxRp2,3.6666666666666665,12,2,GGGTTAGACATAAAATTCCT,10,690961
cpxRp2,2.6666666666666665,9,2,GGGTGGCCTGTCGGCTCTGT,7,644542
cpxRp2,1.0,4,2,GGGTGATGTCCATTTCGCAG,2,644173
cpxRp2,2.3333333333333335,8,2,GGGTCTGCTTGCGGGTAGGT,6,658020
cpxRp2,2.0,7,2,GGGTACACGTGGATACATCG,5,676727
cpxRp2,2.3333333333333335,8,2,GGGGTCCTTAGATTAATAGC,6,649610
cpxRp2,1.3333333333333333,5,2,GGGGGTGGTATGCTTATGGG,3,705929
cpxRp2,2.6666666666666665,9,2,GGGGGTCTCTCGCATAGAGC,7,680439
cpxRp2,1.0,4,2,GGGGGTCGATTGGTGCTCTG,2,634051
cpxRp2,1.0,4,2,GGGGGGAAACTGATAAGCCA,2,656340
cpxRp2,2.3333333333333335,8,2,GGGGCTGCTGCGAATCGGCA,6,661841
cpxRp2,2.0,7,2,GGGGCGGGTCCCAGGAGTGT,5,656857
cpxRp2,2.3333333333333335,8,2,GGGGCAGGTTGGATGGGGGT,6,659331
cpxRp2,2.3333333333333335,8,2,GGGGCACTGTACAGAGAACC,6,658920
cpxRp2,0.6666666666666666,3,2,GGGGACAGTGCTTTCTCTTT,1,702136
cpxRp2,2.3333333333333335,8,2,GGGCGTGGCACATCGGGGGT,6,642351
cpxRp2,1.3333333333333333,5,2,GGGCCGTATTTGATTATCGA,3,656696
cpxRp2,1.6666666666666667,6,2,GGGATGTAGTCAGGCCGAAC,4,686126
cpxRp2,4.333333333333333,14,2,GGGATGATTACGACCTGGAA,12,670987
cpxRp2,4.666666666666667,15,2,GGGAGGGATGACGGCGATTG,13,657200
cpxRp2,2.0,7,2,GGGACCAGCAGGTAGTCGTG,5,684056
cpxRp2,5.0,16,2,GGGACACACCGCCCGGCCAT,14,657024
cpxRp2,1.0,4,2,GGGACAATGAGCGGGAGTTA,2,697319
cpxRp2,7.666666666666667,24,2,GGCTTAATGGTACGAAACCA,22,705904
cpxRp2,1.6666666666666667,6,2,GGCTGCTAGCAACAAACGGT,4,648964
cpxRp2,1.0,4,2,GGCGTGCCGATGTCGAACAG,2,655451
cpxRp2,1.0,4,2,GGCGACCTACACTGGCCCTT,2,644593
cpxRp2,2.0,7,2,GGCGACCCTTGCGGCGAAGT,5,654464
cpxRp2,0.6666666666666666,3,2,GGCCGTTGTCTAAGAGTAAT,1,671631
cpxRp2,3.0,10,2,GGCCGGATAGCTGGCACTTT,8,698528
cpxRp2,1.3333333333333333,5,2,GGCACTATGGCCGGCCCAGT,3,673252
cpxRp2,26.666666666666668,81,2,GGCACCAATAGAATGTCTAG,79,651596
cpxRp2,0.6666666666666666,3,2,GGCAATGTCGCGGCAGGAGT,1,642860
cpxRp2,0.6666666666666666,3,2,GGATGATATTGCCTCTATAT,1,636148
cpxRp2,1.3333333333333333,5,2,GGATCGCTGTTCGTCTAGAT,3,678717
cpxRp2,1.0,4,2,GGATCAGGCTGCAGACGTAT,2,645792
cpxRp2,3.0,10,2,GGATATATAGCCGAGCCCCT,8,705766
cpxRp2,1.0,4,2,GGATAGCAAGGGGCGTAGGT,2,708693
cpxRp2,4.333333333333333,14,2,GGAGTGATATTTGGCTGGAG,12,692379
cpxRp2,3.6666666666666665,12,2,GGAGTCATAGTTCGTTGCCT,10,672968
cpxRp2,1.3333333333333333,5,2,GGAGGTCTACTTTCTCTGGG,3,630162
cpxRp2,2.3333333333333335,8,2,GGAGGACATCGCAATGTTCT,6,647389
cpxRp2,0.6666666666666666,3,2,GGAGCTGTGCACGCATATAT,1,691355
cpxRp2,2.3333333333333335,8,2,GGAGAGCGAGGAGGGTGGGT,6,676480
cpxRp2,2.0,7,2,GGAGAATGCTTACAAGTCAA,5,652129
cpxRp2,2.0,7,2,GGAGAATCGATGACACAGAG,5,699260
cpxRp2,2.6666666666666665,9,2,GGACTTCGACGGGGAGCGAT,7,691590
cpxRp2,1.6666666666666667,6,2,GGACCGTATCTGCCCGGGAT,4,658163
cpxRp2,0.6666666666666666,3,2,GGACCCTTGTCCAGCGGAGC,1,651705
cpxRp2,1.0,4,2,GGACCCCGGTACTCTAAGGC,2,660513
cpxRp2,1.6666666666666667,6,2,GGAACCAAGTCACCCTCGGT,4,677249
cpxRp2,5.0,16,2,GGAACACCGATATCCGGTGG,14,638304
cpxRp2,1.6666666666666667,6,2,GGAAATGAGCGAGAAACATA,4,654730
cpxRp2,2.3333333333333335,8,2,GGAAAGTGCGGCGCAGGCTT,6,643881
cpxRp2,1.3333333333333333,5,2,GGAAAATTCAGAAGCTTTAA,3,702004
cpxRp2,0.6666666666666666,3,2,GCTTGAGCTTTTTGCGGCGT,1,680906
cpxRp2,0.6666666666666666,3,2,GCTTCCTTGAGTAAGCCGTC,1,709369
cpxRp2,2.6666666666666665,9,2,GCTTACGTACAGAGGTGAAC,7,680559
cpxRp2,2.0,7,2,GCTTAAAAGAGAAGACAAGG,5,676436
cpxRp2,3.3333333333333335,11,2,GCTGTTACGACCGCACCGAA,9,638560
cpxRp2,1.0,4,2,GCTGCTACCCGCCGAATATC,2,700628
cpxRp2,1.6666666666666667,6,2,GCTGCGTGCGCATGTGTTCC,4,662282
cpxRp2,0.6666666666666666,3,2,GCTCGTCCCAGAGACTGTAA,1,695053
cpxRp2,0.6666666666666666,3,2,GCTCGTATAGGATCGCCGAA,1,710758
cpxRp2,2.3333333333333335,8,2,GCTCCGGGCAACTTCCGAAC,6,670564
cpxRp2,5.0,16,2,GCTCCGAGTACAGCGCGATG,14,642898
cpxRp2,0.6666666666666666,3,2,GCTCATTACGAAGGTCAAGC,1,631907
cpxRp2,1.6666666666666667,6,2,GCTCAACTACAGAGCTAGGA,4,678487
cpxRp2,0.6666666666666666,3,2,GCTATAAGGACGGCTGATGT,1,711992
cpxRp2,6.666666666666667,21,2,GCGTGTTGCAGCTACAACGG,19,694042
cpxRp2,1.0,4,2,GCGTGTGATGACGCCCGAAC,2,673752
cpxRp2,0.6666666666666666,3,2,GCGTGTAGAAGGTAATGTCT,1,640639
cpxRp2,1.0,4,2,GCGTGATACCCGGGGGCTAA,2,701300
cpxRp2,1.6666666666666667,6,2,GCGTGAATATCAGACGTTTT,4,695497
cpxRp2,0.6666666666666666,3,2,GCGTCCGTCAACGAGTTAAT,1,700605
cpxRp2,7.333333333333333,23,2,GCGTCCCAGGGGGGAGCGTC,21,690469
cpxRp2,3.3333333333333335,11,2,GCGTAAAACGGCCACGCTAG,9,635176
cpxRp2,2.3333333333333335,8,2,GCGGTGCCTGATTGCCAGCA,6,710147
cpxRp2,2.6666666666666665,9,2,GCGGTGCCCTGTCAGCGTTG,7,630791
cpxRp2,0.6666666666666666,3,2,GCGGGTAGCAGCAGCTTTAT,1,634295
cpxRp2,3.3333333333333335,11,2,GCGGGTACTTTGACGCCTAC,9,645018
cpxRp2,2.0,7,2,GCGGGACGTCTCTGCGCCTC,5,679744
cpxRp2,0.6666666666666666,3,2,GCGGCTTACAGGCCGTTGCA,1,686956
cpxRp2,11.0,34,2,GCGGCTAGAATCAGCGTAGT,32,709678
cpxRp2,0.6666666666666666,3,2,GCGGCCCTGCTATTAAAACT,1,640973
cpxRp2,1.3333333333333333,5,2,GCGGAGGCAAGTGTGTTGGA,3,635919
cpxRp2,1.3333333333333333,5,2,GCGGAGAAACTGATCGCGTC,3,636491
cpxRp2,2.6666666666666665,9,2,GCGGAACGCACCCGATTACA,7,677067
cpxRp2,2.0,7,2,GCGCTTTCGCTCCTCCCGCT,5,693876
cpxRp2,3.6666666666666665,12,2,GCGCTAGAAATGGCCGCTGT,10,677686
cpxRp2,3.6666666666666665,12,2,GCGCGTATCCAAAATTTCCC,10,709010
cpxRp2,1.0,4,2,GCGCGGCTATGTGGCCAACG,2,684680
cpxRp2,1.3333333333333333,5,2,GCGCGCAAGACGACCACTAA,3,659884
cpxRp2,0.6666666666666666,3,2,GCGCGAGCGTGCTATATGAG,1,704408
cpxRp2,2.3333333333333335,8,2,GCGCGAAGGCATCGATGCGG,6,702976
cpxRp2,3.0,10,2,GCGCCGGCTTATCATATACT,8,708615
cpxRp2,2.3333333333333335,8,2,GCGCATAATTGTCTAAGACA,6,702815
cpxRp2,1.3333333333333333,5,2,GCGCACTGCCATCACTAGAC,3,646369
cpxRp2,1.6666666666666667,6,2,GCGCACCATGTCCCAAACGT,4,635001
cpxRp2,13.0,40,2,GCGATTAGGCCTAGGAATGT,38,665583
cpxRp2,1.6666666666666667,6,2,GCGATCAATTTCCCGAAATG,4,635287
cpxRp2,5.0,16,2,GCGAGTGGGGCGGGCGCGGT,14,656933
cpxRp2,2.0,7,2,GCGAGAAATAATGCATCACC,5,691222
cpxRp2,32.0,97,2,GCGAACAGCGCCATCATAAA,95,663645
cpxRp2,1.0,4,2,GCCTTGTCATAGCCCTCATT,2,680809
cpxRp2,0.6666666666666666,3,2,GCCTTCAAAGTATTTGAGCT,1,629677
cpxRp2,1.3333333333333333,5,2,GCCTGGCTCTACGGAATGAC,3,670175
cpxRp2,1.3333333333333333,5,2,GCCTGCGCCGGAAACTAGCA,3,686928
cpxRp2,1.0,4,2,GCCTCCTCAAGTGGATGTTG,2,639067
cpxRp2,1.3333333333333333,5,2,GCCTCAAGCCAGTAGGCCCC,3,686185
cpxRp2,1.3333333333333333,5,2,GCCTATTGATTCTGTTATGT,3,707731
cpxRp2,3.3333333333333335,11,2,GCCTATGAGTTAGGAAGGCA,9,629763
cpxRp2,4.0,13,2,GCCTACCACGAAGGCTCTTG,11,633610
cpxRp2,4.0,13,2,GCCTAATAAGGGAGGGCACT,11,692579
cpxRp2,2.6666666666666665,9,2,GCCGTTGCGGTTTTGTTAGG,7,669189
cpxRp2,1.0,4,2,GCCGGCCAATTCTGGGCTCA,2,641673
cpxRp2,1.0,4,2,GCCGCTTATCGCCCTCGGCT,2,661004
cpxRp2,1.0,4,2,GCCGCTAAGCATTTGGGTCC,2,674806
cpxRp2,0.6666666666666666,3,2,GCCGCCTAGGTGATCTTGGC,1,641086
cpxRp2,1.3333333333333333,5,2,GCCGCATGGGGTATTGGGAT,3,663848
cpxRp2,1.6666666666666667,6,2,GCCGCAATGCTCATGTTACC,4,710956
cpxRp2,1.6666666666666667,6,2,GCCGAATGTGATGAGTACCA,4,663852
cpxRp2,0.6666666666666666,3,2,GCCCTGGCTCGCATTTTCCA,1,705501
cpxRp2,1.3333333333333333,5,2,GCCCTGGATGGCTACATGAT,3,669355
cpxRp2,1.3333333333333333,5,2,GCCCTGACCTTTTTATGTGC,3,699457
cpxRp2,1.6666666666666667,6,2,GCCCTATCGGAGTCCGAAAA,4,688884
cpxRp2,1.0,4,2,GCCCCGTACCGTGTGACCAG,2,668843
cpxRp2,2.6666666666666665,9,2,GCCCATGCCTTCTAGTGGCT,7,692839
cpxRp2,2.0,7,2,GCCCAGGGGTGACTGGCGCA,5,708389
cpxRp2,1.0,4,2,GCCCACGGTTCCCTAAAAAG,2,632726
cpxRp2,0.6666666666666666,3,2,GCCCAACTGCGACGCTAACA,1,663036
cpxRp2,3.6666666666666665,12,2,GCCCAACGTAGTTTGTGCCA,10,674267
cpxRp2,9.666666666666666,30,2,GCCATTTATTCACGCGATTC,28,672562
cpxRp2,2.3333333333333335,8,2,GCCAGTTCGTCAGTGGAACT,6,704826
cpxRp2,14.666666666666666,45,2,GCCAGAGCCCGGTTTGGGCA,43,710822
cpxRp2,1.0,4,2,GCATTTGGGCTATTTTCTAA,2,673745
cpxRp2,0.6666666666666666,3,2,GCATTGCGTTATATTGACTA,1,643941
cpxRp2,1.0,4,2,GCATGGCGTGGCTTCAGCGC,2,687459
cpxRp2,0.6666666666666666,3,2,GCATGCCCTCGACATGATTA,1,683844
cpxRp2,10.0,31,2,GCATGAGCGTTTCATCATGT,29,678219
cpxRp2,5.666666666666667,18,2,GCATCCTAAAGCTGACAGAA,16,683206
cpxRp2,0.6666666666666666,3,2,GCATCCGCAATTGTAGTACG,1,668175
cpxRp2,1.6666666666666667,6,2,GCATATTGTCTTTGTCGATG,4,650403
cpxRp2,0.6666666666666666,3,2,GCATATGCGCATAGAACCGT,1,689699
cpxRp2,3.3333333333333335,11,2,GCATATACTCAGACACAGAA,9,683000
cpxRp2,0.6666666666666666,3,2,GCAGTTTGCTGTCGGAATAT,1,705150
cpxRp2,0.6666666666666666,3,2,GCAGGCGCATCGTCCTTAGG,1,700707
cpxRp2,1.0,4,2,GCAGAGGGTTTCCGGCAGAG,2,660341
cpxRp2,0.6666666666666666,3,2,GCACGGATGCATTCTGTCTA,1,702683
cpxRp2,1.6666666666666667,6,2,GCACGACCAGGATTCGATTG,4,703977
cpxRp2,1.0,4,2,GCACCCCGTAGCGACGCGGT,2,676275
cpxRp2,1.0,4,2,GCACAGTTTTAATGACCCGC,2,639536
cpxRp2,2.3333333333333335,8,2,GCACAAGCCCGAATTCAAGG,6,636183
cpxRp2,2.3333333333333335,8,2,GCACAAAGTTTTCCGGCAGT,6,639354
cpxRp2,3.0,10,2,GCAATGATACAATGTAGATC,8,708625
cpxRp2,2.3333333333333335,8,2,GCAATACGAGACCACGCAAG,6,708002
cpxRp2,4.666666666666667,15,2,GCAATACCTGAACTCCTACG,13,703236
cpxRp2,5.666666666666667,18,2,GCAAGTCGGGCACCATACTC,16,637160
cpxRp2,3.6666666666666665,12,2,GCAAGCGAGCGCTACCTGGA,10,674295
cpxRp2,1.0,4,2,GCAAGAAGTAATGATACACA,2,633901
cpxRp2,0.6666666666666666,3,2,GCAACGGTATGTAGCAGACG,1,689994
cpxRp2,3.6666666666666665,12,2,GCAACGGGGCAACCAATCCA,10,644868
cpxRp2,4.0,13,2,GCAACGGGCTTCTATGAGAT,11,666511
cpxRp2,3.0,10,2,GCAACAGTTGCGGGGTCTGT,8,652269
cpxRp2,0.6666666666666666,3,2,GCAAAGACATGGAGGTGATG,1,661924
cpxRp2,5.0,16,2,GCAAACTTGAGCTGCTGAAG,14,653143
cpxRp2,4.0,13,2,GATTTTCATTAACAGAAATG,11,662014
cpxRp2,1.3333333333333333,5,2,GATTGGCAGGGTCCGCCAGG,3,685121
cpxRp2,0.6666666666666666,3,2,GATTGACACTGACGCTGGTG,1,653706
cpxRp2,3.0,10,2,GATTATGCCTAATTTAGGTT,8,697076
cpxRp2,1.6666666666666667,6,2,GATTAGAGAATCTAAGTGGG,4,678151
cpxRp2,1.0,4,2,GATTACACCATGATCAGGGG,2,660827
cpxRp2,2.6666666666666665,9,2,GATGTCATGAGATGGCAACT,7,677191
cpxRp2,2.6666666666666665,9,2,GATGTATAAGAATATTACCT,7,693999
cpxRp2,1.3333333333333333,5,2,GATGCAAATGAGACAAAGCA,3,679425
cpxRp2,2.6666666666666665,9,2,GATGATCCTATCGGTACCCA,7,671336
cpxRp2,2.6666666666666665,9,2,GATCTGTGGTGTATGTCTGA,7,656225
cpxRp2,3.0,10,2,GATCGCAGGCTAATAAATTT,8,686756
cpxRp2,2.0,7,2,GATCCTGGGAATGCGAGCGT,5,666412
cpxRp2,1.0,4,2,GATCCTGGAACAGCAGCCCT,2,655323
cpxRp2,3.0,10,2,GATCAGACGGGCGGTGCGAG,8,688565
cpxRp2,1.0,4,2,GATCAACACTAGGTAAAGTC,2,636226
cpxRp2,1.6666666666666667,6,2,GATCAAACCAAAAAACACAG,4,657230
cpxRp2,1.3333333333333333,5,2,GATATGGCTGTTGACCCACG,3,651073
cpxRp2,2.6666666666666665,9,2,GATACCGAGGCCTTACGGAT,7,648128
cpxRp2,1.6666666666666667,6,2,GATAATTCCGGCACGTACCA,4,680149
cpxRp2,1.0,4,2,GATAACCTTCGGAGCCCCAT,2,699779
cpxRp2,0.6666666666666666,3,2,GAGTTTATGACGCTCAATCA,1,631013
cpxRp2,2.3333333333333335,8,2,GAGTTAAGGCCACGTGCAAC,6,657212
cpxRp2,1.0,4,2,GAGTGGCGCATGGCCTTCTA,2,666938
cpxRp2,2.0,7,2,GAGTCTTTCTAGACGCTCCC,5,674357
cpxRp2,1.0,4,2,GAGTACGCGAGCGGACTCAT,2,639388
cpxRp2,4.333333333333333,14,2,GAGGTTCCTATTCACCAAAC,12,673949
cpxRp2,1.3333333333333333,5,2,GAGGTGTGTCACCTTAGCAT,3,663448
cpxRp2,6.333333333333333,20,2,GAGGTCTTGGCCCTTTCTCA,18,657544
cpxRp2,1.0,4,2,GAGGGTTATGGGGCGAGGAT,2,650949
cpxRp2,0.6666666666666666,3,2,GAGGGCAACTGTGAGGGACA,1,661528
cpxRp2,3.3333333333333335,11,2,GAGGGAGCCGCCGAATGGCC,9,661429
cpxRp2,2.3333333333333335,8,2,GAGGGAGAATAATTCAGGGT,6,672817
cpxRp2,1.3333333333333333,5,2,GAGGATGAACCGTAGCCTCT,3,700561
cpxRp2,2.0,7,2,GAGGATCGGCTCATTCCAGT,5,672345
cpxRp2,0.6666666666666666,3,2,GAGGAATGGTTTTAATATCA,1,703097
cpxRp2,1.6666666666666667,6,2,GAGCTGTGCGCCTCTGCATA,4,711780
cpxRp2,0.6666666666666666,3,2,GAGCAGCGTAGGGGAATATC,1,665942
cpxRp2,1.0,4,2,GAGCAATATCCCGGCAAGTT,2,694771
cpxRp2,0.6666666666666666,3,2,GAGATTGACTCAGCATATAG,1,694085
cpxRp2,1.0,4,2,GAGATCCCATGGTATTGAGA,2,632175
cpxRp2,2.0,7,2,GAGATCCACGGTTGGTCAGG,5,655015
cpxRp2,3.0,10,2,GAGAGTGGCTTGCGCGACAT,8,665761
cpxRp2,5.333333333333333,17,2,GAGAGTGGAACCCGAAAATT,15,701639
cpxRp2,4.0,13,2,GAGACTTGTAGGGCATACCA,11,638572
cpxRp2,2.3333333333333335,8,2,GAGACTTATATTATAGCCTA,6,664297
cpxRp2,0.6666666666666666,3,2,GACTTGGACTACCCCCTTAC,1,631216
cpxRp2,4.0,13,2,GACTTCGGGACAGTGAATCG,11,672770
cpxRp2,1.6666666666666667,6,2,GACTTACGATAGGTCTTGAT,4,666103
cpxRp2,0.6666666666666666,3,2,GACTGTGCGATGGGCTTTTA,1,650340
cpxRp2,1.3333333333333333,5,2,GACTGGATACACTCCGATTT,3,652288
cpxRp2,13.0,40,2,GACTCATAGTTACACATGGA,38,637852
cpxRp2,0.6666666666666666,3,2,GACTATTATTGGGACGTAAA,1,693991
cpxRp2,1.6666666666666667,6,2,GACGTAAATTTACGCGTTTA,4,679993
cpxRp2,2.6666666666666665,9,2,GACGGGCAATACCGGATTAG,7,668099
cpxRp2,2.0,7,2,GACGCTTATCGACATAGCGG,5,641951
cpxRp2,0.6666666666666666,3,2,GACGCGCGCTCTGGGGCAGA,1,636702
cpxRp2,0.6666666666666666,3,2,GACGATCAATGGTGGCCGGT,1,630966
cpxRp2,0.6666666666666666,3,2,GACGAGCCACTGTGGTCTTC,1,691358
cpxRp2,2.3333333333333335,8,2,GACGAGCATTCACGGTACCG,6,702785
cpxRp2,0.6666666666666666,3,2,GACCTTCGGAGGAGGGACAT,1,693478
cpxRp2,0.6666666666666666,3,2,GACCTATAGGTCGTTCTGAC,1,682941
cpxRp2,3.0,10,2,GACCGTAAAGCCTGCGTGTT,8,632098
cpxRp2,0.6666666666666666,3,2,GACCAGGCCCGCAAAACGAT,1,684600
cpxRp2,1.3333333333333333,5,2,GACCAGAGTAGTAGTAGGGT,3,679373
cpxRp2,1.0,4,2,GACATTATCCCCAAAAAGAG,2,637466
cpxRp2,1.6666666666666667,6,2,GACATGTCGTTGATGTCAGT,4,708054
cpxRp2,1.3333333333333333,5,2,GACATAGCGAATAAGCGCGC,3,647809
cpxRp2,2.3333333333333335,8,2,GACAGGGTGCCGGCTAAGCT,6,651494
cpxRp2,0.6666666666666666,3,2,GACAGAGTGTCTGCCGTGCA,1,677210
cpxRp2,1.6666666666666667,6,2,GACACTGAGGCGGGTCGCGC,4,706468
cpxRp2,1.3333333333333333,5,2,GACAATTGTGAATATCTGAG,3,635902
cpxRp2,3.6666666666666665,12,2,GAATTTGTGAAACGTACGTA,10,711773
cpxRp2,0.6666666666666666,3,2,GAATTGTGAGCAAGGTTCCA,1,660798
cpxRp2,2.0,7,2,GAATTCAGCAAATTGCTTGA,5,630925
cpxRp2,0.6666666666666666,3,2,GAATCTTGAGAGTGGAGTGA,1,632784
cpxRp2,0.6666666666666666,3,2,GAATCTGCCTACCCGTGCCC,1,659612
cpxRp2,4.0,13,2,GAATCGAGATCTGGTAGCGT,11,669646
cpxRp2,3.3333333333333335,11,2,GAATCCGGCGGAGGATTTAT,9,698395
cpxRp2,4.0,13,2,GAATACAGTAATTCCGTCGT,11,660490
cpxRp2,1.6666666666666667,6,2,GAAGTTAGCCGTTGTTTTGC,4,697080
cpxRp2,3.3333333333333335,11,2,GAAGTGTGCGCCTGCTATGG,9,652447
cpxRp2,1.6666666666666667,6,2,GAAGTATTTAGTTTGGCCAA,4,639251
cpxRp2,1.3333333333333333,5,2,GAAGGTAGGACCTGTAGTCC,3,671648
cpxRp2,1.3333333333333333,5,2,GAAGGGAGCAACGGTGTGGT,3,633098
cpxRp2,3.0,10,2,GAAGGATTTAAAAGCTACTG,8,689716
cpxRp2,0.6666666666666666,3,2,GAAGCCATATAGGAGCGCAT,1,695522
cpxRp2,3.0,10,2,GAACTTCTCACCTAGTCCTA,8,631783
cpxRp2,2.3333333333333335,8,2,GAACGTGCGTGTCTTTGTAT,6,643543
cpxRp2,3.3333333333333335,11,2,GAACGGGAACCCAACGCGTG,9,711358
cpxRp2,0.6666666666666666,3,2,GAAATTGACGTACCAATGTC,1,641549
cpxRp2,4.333333333333333,14,2,GAAATGAATCGGGCCCGTTC,12,669300
cpxRp2,2.0,7,2,GAAAGTGGAGAAGGGTAGTT,5,642196
cpxRp2,1.0,4,2,GAAACGGGCTTTGTGGCAAC,2,634697
cpxRp2,2.3333333333333335,8,2,GAAAACTGATTACTTCTGCA,6,705397
cpxRp2,0.6666666666666666,3,2,GAAAAATAAATTCGATTTAA,1,693100
cpxRp2,1.6666666666666667,6,2,CTTTTCCGCCGGACATACGG,4,649562
cpxRp2,2.6666666666666665,9,2,CTTTGCACCGTGAAAGGGAC,7,661083
cpxRp2,4.0,13,2,CTTTGATGGCGCAATGTATA,11,688734
cpxRp2,3.0,10,2,CTTTCGGACCATACGACTGG,8,665539
cpxRp2,4.666666666666667,15,2,CTTTCGCGAAACACCATTTA,13,655463
cpxRp2,1.0,4,2,CTTGCCAAAGGGAGTCACGA,2,708803
cpxRp2,2.3333333333333335,8,2,CTTGCAATTGGATAAAACGT,6,705560
cpxRp2,2.0,7,2,CTTGATTCATTGGAATCAAT,5,648755
cpxRp2,9.333333333333334,29,2,CTTGATCCCGCTGACCTAGA,27,659756
cpxRp2,4.333333333333333,14,2,CTTCTCGGAATGAGTATGGG,12,660766
cpxRp2,1.0,4,2,CTTCGTGGCGACCCTAGTGA,2,664168
cpxRp2,0.6666666666666666,3,2,CTTCGCTATCTCAAGAGAGG,1,635429
cpxRp2,1.6666666666666667,6,2,CTTCGAGGGGCGGGTTCGTA,4,695262
cpxRp2,1.6666666666666667,6,2,CTTCGAATTTGGACATAGAG,4,656734
cpxRp2,2.3333333333333335,8,2,CTTCCATTGTCAGTTGGTTA,6,668943
cpxRp2,2.6666666666666665,9,2,CTTCATGCGGGTCTGGGTTT,7,663351
cpxRp2,1.0,4,2,CTTCACTGGATGGGATGGCG,2,636146
cpxRp2,2.0,7,2,CTTCACAGCGATGGATGTTT,5,678844
cpxRp2,1.3333333333333333,5,2,CTTCAAATTGACCGCTGGCA,3,684105
cpxRp2,2.0,7,2,CTTATTTCGGATGTGTAAAT,5,653587
cpxRp2,2.0,7,2,CTTATGTGTTGGCGCACACC,5,692251
cpxRp2,2.0,7,2,CTTATAGAGAAGCTGCATCA,5,703633
cpxRp2,0.6666666666666666,3,2,CTTAGTAGTCTCAGCCGGGG,1,673871
cpxRp2,1.3333333333333333,5,2,CTTAATGCATTCTAATAACC,3,699369
cpxRp2,1.6666666666666667,6,2,CTTAAGCACCAGAGCCATAT,4,650223
cpxRp2,0.6666666666666666,3,2,CTTAAAGTTAGCGTCCATCA,1,669614
cpxRp2,4.0,13,2,CTGTTGTTAGGTTTACACTG,11,636526
cpxRp2,1.3333333333333333,5,2,CTGTTGATCAGATGCCTCTC,3,661800
cpxRp2,4.0,13,2,CTGTTCTCTAGGTGACGGCG,11,668781
cpxRp2,9.0,28,2,CTGTGTATCCCCGGGAACCG,26,642680
cpxRp2,1.6666666666666667,6,2,CTGTGGCCGAGCCAGCGCAG,4,670874
cpxRp2,5.333333333333333,17,2,CTGTCGGAGCAGCGCTCCCC,15,689914
cpxRp2,5.0,16,2,CTGTATTGTTCCCGCCGGTT,14,648747
cpxRp2,2.0,7,2,CTGGTCACGAAATCGAGACG,5,700742
cpxRp2,1.0,4,2,CTGGTACCGTGCGAATCCCT,2,645282
cpxRp2,2.0,7,2,CTGGTACACGAGTTAGCTCA,5,638461
cpxRp2,1.6666666666666667,6,2,CTGGTAAAATCGCTCCTGTT,4,703230
cpxRp2,1.3333333333333333,5,2,CTGGGGGGTAGCTAAGACAC,3,711007
cpxRp2,3.0,10,2,CTGGGCGAAAGGGCGGTCCG,8,644704
cpxRp2,1.6666666666666667,6,2,CTGGCGGCGGACACGTGTGT,4,632472
cpxRp2,3.6666666666666665,12,2,CTGGCATCAATTCAACCGTT,10,697622
cpxRp2,8.0,25,2,CTGGCAATTGTTTAGGCTGA,23,640901
cpxRp2,1.3333333333333333,5,2,CTGGATGTATAAGGTTACGC,3,631243
cpxRp2,1.3333333333333333,5,2,CTGCGTGGAATCACGGAGAC,3,633398
cpxRp2,0.6666666666666666,3,2,CTGCGGTCGTCAGTTTCCCC,1,653712
cpxRp2,0.6666666666666666,3,2,CTGCCTAGCCCCGAAGAAAG,1,634745
cpxRp2,1.3333333333333333,5,2,CTGCCCATTTTACCACTCGT,3,660089
cpxRp2,3.0,10,2,CTGCCAAGAGTCTCAATCGG,8,662770
cpxRp2,1.0,4,2,CTGCCAACATTGGTCCGCGA,2,651381
cpxRp2,0.6666666666666666,3,2,CTGCATATGGCACCTTACCT,1,673981
cpxRp2,1.0,4,2,CTGCACTACGGATTTCATCG,2,685833
cpxRp2,6.0,19,2,CTGCACTAAGTTGCGAAGAC,17,685841
cpxRp2,2.6666666666666665,9,2,CTGCAATCCGTTTCTGGGTG,7,679917
cpxRp2,1.3333333333333333,5,2,CTGCAAGCGTAAATTATGAA,3,692757
cpxRp2,0.6666666666666666,3,2,CTGATGGTGCGGGAATAGTC,1,673297
cpxRp2,1.0,4,2,CTGAGCCCACTCCGTGGGGG,2,639866
cpxRp2,1.6666666666666667,6,2,CTGACCGTCCACACAGCCGA,4,657340
cpxRp2,1.0,4,2,CTGACATCATACAAAATGGG,2,692763
cpxRp2,2.6666666666666665,9,2,CTGAACCAAACTGCTACCAT,7,693184
cpxRp2,4.0,13,2,CTCTCCAAGGGGGTGGGACT,11,678443
cpxRp2,3.0,10,2,CTCTCACTCCAATCCAGTTC,8,659073
cpxRp2,1.0,4,2,CTCTAGGAATCGAGACATTT,2,685348
cpxRp2,0.6666666666666666,3,2,CTCTACGTCGGTTCTCAGGT,1,671514
cpxRp2,1.0,4,2,CTCGTTGTCAACAAGGTGTA,2,675847
cpxRp2,2.0,7,2,CTCGTTCGGGCCATTGGGGA,5,687585
cpxRp2,0.6666666666666666,3,2,CTCGTGGCCAGATGTCGGTA,1,644159
cpxRp2,1.0,4,2,CTCGTGCAAAGAGGCCTTAG,2,634337
cpxRp2,0.6666666666666666,3,2,CTCGTGATTTCCCCAAAATT,1,703351
cpxRp2,0.6666666666666666,3,2,CTCGCATATCCACTTTTCGT,1,631839
cpxRp2,2.0,7,2,CTCGCATAAGTCCTTAACAC,5,659020
cpxRp2,1.0,4,2,CTCGAGCCTTACGCTCGTGA,2,709607
cpxRp2,2.6666666666666665,9,2,CTCCGTGTTGCCCTCATCCA,7,659588
cpxRp2,0.6666666666666666,3,2,CTCCGCCGGCTCCATGTAAC,1,697906
cpxRp2,2.3333333333333335,8,2,CTCATTTTACCACTCAATTT,6,639248
cpxRp2,2.3333333333333335,8,2,CTCATTAGTTTGGCAATCGT,6,656029
cpxRp2,4.666666666666667,15,2,CTCAGTTTGGTAAGCGTCGC,13,644710
cpxRp2,3.3333333333333335,11,2,CTCAGTCACGTTAAAACATG,9,687754
cpxRp2,0.6666666666666666,3,2,CTCAGCCGGATAGCATTTGC,1,684028
cpxRp2,2.0,7,2,CTATTCCAGGCCAGGGCAGC,5,654205
cpxRp2,1.3333333333333333,5,2,CTATAGGCTGCCTCCCGATC,3,681464
cpxRp2,1.3333333333333333,5,2,CTATACCAGAGATCTCGTTA,3,641361
cpxRp2,3.0,10,2,CTAGTTTGAAACGTTACTCT,8,701575
cpxRp2,2.0,7,2,CTAGGTCTAATCCTTGACAG,5,677409
cpxRp2,4.0,13,2,CTAGGATCCCTATTACACGC,11,665264
cpxRp2,1.3333333333333333,5,2,CTAGCGATTGCCGCATACGA,3,692793
cpxRp2,4.0,13,2,CTAGATGAATATACAGTCAT,11,672250
cpxRp2,2.6666666666666665,9,2,CTAGATCAGTGGGGTTGTGC,7,686758
cpxRp2,1.0,4,2,CTAGACCAGCTGTGTCCCCG,2,705497
cpxRp2,0.6666666666666666,3,2,CTAGAACTTATGCTCAGTGT,1,653084
cpxRp2,1.3333333333333333,5,2,CTAGAAAGAAGATCTTGTAG,3,650270
cpxRp2,1.3333333333333333,5,2,CTACTGGCACATCGGGGCTC,3,678953
cpxRp2,0.6666666666666666,3,2,CTACTGATTATCTTCTATCA,1,686306
cpxRp2,1.3333333333333333,5,2,CTACGCCTGCCGTTGGCGAT,3,692580
cpxRp2,1.0,4,2,CTACCGGGCCGGTACATGAC,2,683592
cpxRp2,0.6666666666666666,3,2,CTACACTCTGAGCTAGAGAG,1,688714
cpxRp2,0.6666666666666666,3,2,CTAATGCATGTGATGAACTG,1,656778
cpxRp2,1.0,4,2,CTAAGGTCTACGCGAATTTA,2,640711
cpxRp2,1.6666666666666667,6,2,CTAACGTTCCTATTTTTCAC,4,639507
cpxRp2,1.0,4,2,CTAACCCAGGATCGACGCGT,2,693881
cpxRp2,0.6666666666666666,3,2,CTAAAGTTATAGCGAGGACC,1,696876
cpxRp2,2.3333333333333335,8,2,CTAAACATTAAAAGATGGGC,6,699557
cpxRp2,20.333333333333332,62,2,CGTTTGGTGGGTAAACCTTA,60,645770
cpxRp2,2.3333333333333335,8,2,CGTTTCCGTATACGCGGACA,6,706768
cpxRp2,1.6666666666666667,6,2,CGTTTAGCAGATAGGCCTTA,4,687910
cpxRp2,1.6666666666666667,6,2,CGTTTACGAAGAAACGTCAG,4,655735
cpxRp2,4.333333333333333,14,2,CGTTGGGGGATGAAGCAACT,12,637877
cpxRp2,0.6666666666666666,3,2,CGTTGGCATTTCTCTCACAT,1,711482
cpxRp2,1.6666666666666667,6,2,CGTTGCGTCATAATAAAGGC,4,647655
cpxRp2,1.0,4,2,CGTTGAGACCCTGGCAAAAC,2,709021
cpxRp2,12.666666666666666,39,2,CGTTAAGTAATAAGACGTCT,37,710821
cpxRp2,1.0,4,2,CGTGGGATATGAGACCACAT,2,674444
cpxRp2,2.0,7,2,CGTGCTCCACAAAACGCTTC,5,697692
cpxRp2,5.333333333333333,17,2,CGTGCCAGGGGGAGCCAGGT,15,696785
cpxRp2,1.0,4,2,CGTGATCCGGCTTGCGATGG,2,661568
cpxRp2,2.0,7,2,CGTCTCAAGATGTCGTACGT,5,643842
cpxRp2,2.0,7,2,CGTCGATTCCTGATCGATGT,5,674575
cpxRp2,3.0,10,2,CGTCGAAGTGAAATCTACCC,8,681118
cpxRp2,3.0,10,2,CGTCCGGATCTGCTCGGGGG,8,652065
cpxRp2,1.3333333333333333,5,2,CGTCCGCCATGCGGGTGAAC,3,660967
cpxRp2,1.3333333333333333,5,2,CGTCCCACGATAAGCAAGTC,3,672134
cpxRp2,2.6666666666666665,9,2,CGTCACATGGGACGGCCAGT,7,666777
cpxRp2,0.6666666666666666,3,2,CGTCAAATCAGCCTGAACGC,1,711326
cpxRp2,1.6666666666666667,6,2,CGTATTATATTTCCCGTTCC,4,653887
cpxRp2,1.0,4,2,CGTATGGCTAATCTACCGCT,2,630169
cpxRp2,0.6666666666666666,3,2,CGTATAGTTGGAGTGAGTTC,1,701824
cpxRp2,1.3333333333333333,5,2,CGTAGTCGTGCAGAGGCAGG,3,678408
cpxRp2,3.0,10,2,CGTAGTACACATGTGGCCAA,8,647828
cpxRp2,2.3333333333333335,8,2,CGTAGCGAGGGAACGAGACC,6,678869
cpxRp2,1.0,4,2,CGTACCAGGCGAGTAAGTAA,2,668262
cpxRp2,2.0,7,2,CGTAAGTTCACTACCGGGCA,5,669408
cpxRp2,0.6666666666666666,3,2,CGTAACGGGCCAGGAATTTC,1,664772
cpxRp2,0.6666666666666666,3,2,CGTAACCGCTTCGATATTAC,1,711468
cpxRp2,3.0,10,2,CGTAAAGTTAAAGGTTAGGA,8,642336
cpxRp2,7.666666666666667,24,2,CGGTTTTGTTCCGGCATGTA,22,687185
cpxRp2,0.6666666666666666,3,2,CGGTTCTTCATTTAAACATG,1,678840
cpxRp2,0.6666666666666666,3,2,CGGTGGACGGACTCAAGCTG,1,684607
cpxRp2,1.0,4,2,CGGTGCTTCCTGTGCAAGTG,2,676076
cpxRp2,1.0,4,2,CGGTGATACAATCTGGTACG,2,654513
cpxRp2,4.0,13,2,CGGTGACTCATTCGTCGTTA,11,642061
cpxRp2,0.6666666666666666,3,2,CGGTCCTTCGTGCCTCTCGG,1,690632
cpxRp2,0.6666666666666666,3,2,CGGTACGGCCACCACTCGGT,1,682353
cpxRp2,2.6666666666666665,9,2,CGGTAATCATTTCGTTCACA,7,693407
cpxRp2,0.6666666666666666,3,2,CGGGTGTGCCTTAGTAGGGA,1,657526
cpxRp2,1.6666666666666667,6,2,CGGGTAAAGAGGGCTTACAA,4,665602
cpxRp2,1.6666666666666667,6,2,CGGGCTCTTCGAGCTGTTTC,4,675000
cpxRp2,1.3333333333333333,5,2,CGGGAAATAAACGCTTATCA,3,702430
cpxRp2,1.6666666666666667,6,2,CGGCTTTCTTAAACGATGCA,4,709713
cpxRp2,2.0,7,2,CGGCTGGTAGCCAACGCTTA,5,634634
cpxRp2,1.3333333333333333,5,2,CGGCGCTGGCTGTACTTTTT,3,659595
cpxRp2,1.0,4,2,CGGCGCATTAACTCATTGCT,2,693342
cpxRp2,1.6666666666666667,6,2,CGGCGACAAGATCTGCACAC,4,705750
cpxRp2,1.6666666666666667,6,2,CGGCAGCCGTCACCACGTTC,4,681580
cpxRp2,1.6666666666666667,6,2,CGGCACAAGCATTTTATTTA,4,632925
cpxRp2,1.0,4,2,CGGATTTAAGAGATTGTCTT,2,660824
cpxRp2,2.3333333333333335,8,2,CGGATTAACCAATTGACCCG,6,653837
cpxRp2,1.0,4,2,CGGAGTTGACACGCAGGGAC,2,658058
cpxRp2,1.0,4,2,CGGAGGCTTGTAACGGAATA,2,677569
cpxRp2,1.3333333333333333,5,2,CGGAGCGCGCGTTTGCCTAC,3,653156
cpxRp2,1.0,4,2,CGGAGCATTTCGGGGAGTGC,2,655454
cpxRp2,3.3333333333333335,11,2,CGGAGATGCCGATCATATGG,9,690393
cpxRp2,1.6666666666666667,6,2,CGGAATGTGAGTGTATTCTC,4,666483
cpxRp2,2.6666666666666665,9,2,CGCTTCGAACTGTCAGGTTC,7,641709
cpxRp2,2.6666666666666665,9,2,CGCTTCCAGTAGCAGCTACA,7,702211
cpxRp2,1.6666666666666667,6,2,CGCTTACACTTTTCGGTGAG,4,692503
cpxRp2,2.6666666666666665,9,2,CGCTGTTATGACAACCACGG,7,670056
cpxRp2,0.6666666666666666,3,2,CGCTGCTTACTTGATATGTG,1,700626
cpxRp2,1.3333333333333333,5,2,CGCTGAATATTCACGCAATC,3,691964
cpxRp2,1.0,4,2,CGCTCGTTGCCATATTAGAG,2,653740
cpxRp2,3.3333333333333335,11,2,CGCTCGCAGATAATTTTCGT,9,680882
cpxRp2,1.6666666666666667,6,2,CGCTCCTACCGCTCCACATC,4,694769
cpxRp2,0.6666666666666666,3,2,CGCTCCTAAAGCTAGTGCTG,1,699095
cpxRp2,3.0,10,2,CGCTCCGCCAGGATGTTGAT,8,673559
cpxRp2,1.3333333333333333,5,2,CGCGTGTATTGCGGCAGCTG,3,649505
cpxRp2,4.0,13,2,CGCGGGCGCGTATAACTCCT,11,659257
cpxRp2,1.3333333333333333,5,2,CGCGGAATCGGATACGACAT,3,709859
cpxRp2,2.0,7,2,CGCCGGTCCCGACGAATCGT,5,675687
cpxRp2,2.6666666666666665,9,2,CGCCGGCGCTCTCGGCACGC,7,653766
cpxRp2,2.3333333333333335,8,2,CGCCGGCCCCGGCACCTGGA,6,691044
cpxRp2,3.0,10,2,CGCCCTTTCTCACTACTATT,8,657503
cpxRp2,1.3333333333333333,5,2,CGCCACGCGTAGACTAGGTC,3,710350
cpxRp2,2.0,7,2,CGCCAATGCAATACTCTCTC,5,683334
cpxRp2,4.333333333333333,14,2,CGCCAACGTGGACCTCAGTT,12,681005
cpxRp2,1.3333333333333333,5,2,CGCATTATGGTCGGCGGCGG,3,639967
cpxRp2,1.6666666666666667,6,2,CGCAGCCAACTTTCAGAGCC,4,673530
cpxRp2,2.0,7,2,CGCACAAGGGGCCTTCCAAC,5,659601
cpxRp2,2.3333333333333335,8,2,CGCAATTACTAAGTTGTTCA,6,701979
cpxRp2,4.333333333333333,14,2,CGATGTCTGAGATGCATCCG,12,703004
cpxRp2,0.6666666666666666,3,2,CGATGTATGCTGGCTACATG,1,658397
cpxRp2,1.6666666666666667,6,2,CGATGCCGTTTTATAGCTCT,4,708870
cpxRp2,1.0,4,2,CGATCTTTGCTACACGCCTT,2,703657
cpxRp2,2.6666666666666665,9,2,CGATCATGCACCGGTTTTGA,7,686810
cpxRp2,6.666666666666667,21,2,CGATCAGATGGCCTTTGGAC,19,639166
cpxRp2,2.0,7,2,CGATATGCCTCAATCACCAA,5,637808
cpxRp2,1.0,4,2,CGATACCGCAATGTTATACT,2,669380
cpxRp2,2.3333333333333335,8,2,CGATAACTTACCAGGAAGTG,6,697451
cpxRp2,1.0,4,2,CGATAAACTGTGCAGGGGAC,2,674942
cpxRp2,1.0,4,2,CGAGTCTTACCATTAATTAA,2,656404
cpxRp2,1.3333333333333333,5,2,CGAGTCCGATGCTGACCTCG,3,710093
cpxRp2,1.0,4,2,CGAGTATAGTATGCCATTAC,2,637367
cpxRp2,1.6666666666666667,6,2,CGAGGGAGTCCACACCCGAC,4,695142
cpxRp2,1.0,4,2,CGAGGCTGAACACGAAGAGT,2,667368
cpxRp2,11.666666666666666,36,2,CGAGGAATCTTATTACGCCT,34,698676
cpxRp2,1.3333333333333333,5,2,CGAGCGCAATCCCTCTTCGT,3,657399
cpxRp2,1.6666666666666667,6,2,CGAGATACCTAGTTCCCCTG,4,666394
cpxRp2,0.6666666666666666,3,2,CGACAATTCCCCCACGTCAG,1,646517
cpxRp2,2.0,7,2,CGACAAACGGTGGAACCATC,5,642114
cpxRp2,3.3333333333333335,11,2,CGAATTAGCTGGTCCGGAAC,9,665115
cpxRp2,2.3333333333333335,8,2,CGAAGGCCCCGGGAGGCAGA,6,682059
cpxRp2,2.6666666666666665,9,2,CGAAGCCAGAGTACCTAAAC,7,692326
cpxRp2,1.0,4,2,CGAAGAAGTGGCCTGTGGTC,2,679050
cpxRp2,1.6666666666666667,6,2,CGAAGAACAGGGCTAAGGAA,4,643710
cpxRp2,1.0,4,2,CGAACCCAACCCAGGCACAG,2,685112
cpxRp2,2.3333333333333335,8,2,CGAAATATAACCAGCGGGCA,6,668977
cpxRp2,0.6666666666666666,3,2,CCTTGATCGCAAAAATAGCT,1,693422
cpxRp2,1.6666666666666667,6,2,CCTTCCCAAGTAGGACCGCA,4,666948
cpxRp2,0.6666666666666666,3,2,CCTGTCGAGACTTGCCGTTT,1,702089
cpxRp2,3.3333333333333335,11,2,CCTGGCTCAAACCAGTGTAA,9,664770
cpxRp2,2.6666666666666665,9,2,CCTGCGGTAACCCTCCTGAA,7,678726
cpxRp2,1.3333333333333333,5,2,CCTGCATAGAAAAAGGAGAA,3,673160
cpxRp2,1.0,4,2,CCTGAGTACACAGAAGACCA,2,678284
cpxRp2,1.3333333333333333,5,2,CCTGAGGCACTGCGTGCCCC,3,662723
cpxRp2,1.6666666666666667,6,2,CCTGAGACAATTAACGAACG,4,700289
cpxRp2,0.6666666666666666,3,2,CCTGAGACAACTGGCCTTCT,1,644940
cpxRp2,1.0,4,2,CCTCTAAACCGCCGAAAGAT,2,664505
cpxRp2,1.6666666666666667,6,2,CCTCGGTCACGTCGGGCTAT,4,658511
cpxRp2,2.6666666666666665,9,2,CCTCGGACCCATAGAGCCTT,7,655962
cpxRp2,2.3333333333333335,8,2,CCTCGCAGAAGCTGATATCA,6,640998
cpxRp2,3.3333333333333335,11,2,CCTCGATGCAGTTGTCTCGT,9,673106
cpxRp2,2.0,7,2,CCTCGAGTGGGTAATCGAGT,5,702195
cpxRp2,0.6666666666666666,3,2,CCTCCAAAGGTTTGACCATG,1,687223
cpxRp2,2.0,7,2,CCTACTTCTCGGTGTAAGAG,5,678247
cpxRp2,5.0,16,2,CCTACAGACCGGGTCGTAGG,14,697522
cpxRp2,3.3333333333333335,11,2,CCGTTTCGAACTGAGATGAT,9,681703
cpxRp2,0.6666666666666666,3,2,CCGTTGTTTATGTTTCAGGA,1,709551
cpxRp2,1.0,4,2,CCGTGGACCTCTGTATGAGC,2,669605
cpxRp2,0.6666666666666666,3,2,CCGTGAGAGATCTTCTTTCC,1,655944
cpxRp2,6.0,19,2,CCGTCCATATACTGGTTTCA,17,674213
cpxRp2,0.6666666666666666,3,2,CCGTCATAATTAGTGGCGGC,1,711398
cpxRp2,11.333333333333334,35,2,CCGTCACTTGTCCGTCGCGG,33,650259
cpxRp2,1.6666666666666667,6,2,CCGTAGATGTGACCGGCCCA,4,651283
cpxRp2,1.0,4,2,CCGGTTCCAATGGATCTCGT,2,674929
cpxRp2,1.0,4,2,CCGGGCCGCAGGGGCGGTCG,2,697645
cpxRp2,4.0,13,2,CCGGCTTACGACTACCATGG,11,657517
cpxRp2,1.0,4,2,CCGGCTGTCACTCTGTCTTT,2,641394
cpxRp2,4.0,13,2,CCGGCTGCGCAGCCTCAAAT,11,709331
cpxRp2,5.0,16,2,CCGCGTTTCTGCTCGCGAGA,14,649128
cpxRp2,1.0,4,2,CCGCGGATTTGCCCTATAAG,2,637971
cpxRp2,1.6666666666666667,6,2,CCGCGAGCCAGAGATGCCGG,4,705132
cpxRp2,0.6666666666666666,3,2,CCGCATAGCACGCAAGGGGC,1,668443
cpxRp2,1.3333333333333333,5,2,CCGATTGGTTCGTCCATCGC,3,676265
cpxRp2,1.0,4,2,CCGACGGGACCCGTCAACCT,2,692222
cpxRp2,4.0,13,2,CCCTAGGTGCGGAAGTGCAT,11,688232
cpxRp2,0.6666666666666666,3,2,CCCTAGGGATCAATCACACT,1,651105
cpxRp2,5.333333333333333,17,2,CCCTACGAGGAGGGTAAGAA,15,697508
cpxRp2,4.666666666666667,15,2,CCCGTAGCCGTCTCCCAGCC,13,638991
cpxRp2,3.0,10,2,CCCGGCTAAGAAGACTACGG,8,670643
cpxRp2,0.6666666666666666,3,2,CCCGCTGAGTTACCGATTCC,1,683413
cpxRp2,2.3333333333333335,8,2,CCCCTATATGTCATAATCTC,6,672172
cpxRp2,0.6666666666666666,3,2,CCCCGTTCTCGGCCTGGCAT,1,641790
cpxRp2,1.3333333333333333,5,2,CCCCCTTCATGTCGGGCAGC,3,673453
cpxRp2,1.0,4,2,CCCCCACGGCAAAGACACCC,2,681650
cpxRp2,24.666666666666668,75,2,CCCCAGCCCCTCTCGTAAAG,73,709997
cpxRp2,1.0,4,2,CCCAGTGTTGTCACGGCGCG,2,700037
cpxRp2,2.6666666666666665,9,2,CCCAGAGCGAGGGCCGGGAG,7,658521
cpxRp2,2.6666666666666665,9,2,CCCACGCTTGTAGTGATGGC,7,636859
cpxRp2,1.0,4,2,CCCACCCAACATTACAATGT,2,678648
cpxRp2,1.3333333333333333,5,2,CCCACAGTGGTCAAGGTAGT,3,675013
cpxRp2,0.6666666666666666,3,2,CCCAACACGGGCACTGTAGA,1,655685
cpxRp2,2.6666666666666665,9,2,CCCAAAAGCTTCCGTCCCTA,7,660370
cpxRp2,2.0,7,2,CCATGTACATGGACCCTAGC,5,670493
cpxRp2,0.6666666666666666,3,2,CCATGCTCACATTCTACCCG,1,709854
cpxRp2,0.6666666666666666,3,2,CCATCAATTGTATCCTCATT,1,635552
cpxRp2,1.6666666666666667,6,2,CCATAAGATTTTTGTTACCC,4,675254
cpxRp2,4.0,13,2,CCATAAAATGGTAAGGTGTT,11,647535
cpxRp2,1.3333333333333333,5,2,CCAGTTGATGTTCTTTTGCA,3,640073
cpxRp2,0.6666666666666666,3,2,CCAGGGGAGCACTACAACGT,1,631937
cpxRp2,2.6666666666666665,9,2,CCAGCGCGCTGAATTGGTAT,7,657830
cpxRp2,0.6666666666666666,3,2,CCAGCCTTTAATTTAAAGGG,1,630487
cpxRp2,5.333333333333333,17,2,CCAGAGGGTCCCGATCGCAA,15,696758
cpxRp2,13.333333333333334,41,2,CCAGAATGCCAGATAGTCTT,39,648166
cpxRp2,2.3333333333333335,8,2,CCACTGCAAGACTCGGTAGA,6,633704
cpxRp2,0.6666666666666666,3,2,CCACTCTGTGCACGGCTGTG,1,697137
cpxRp2,7.333333333333333,23,2,CCACAATCCAGGATGGAATC,21,659392
cpxRp2,3.3333333333333335,11,2,CCAATTGGATGATCAGTGTT,9,633972
cpxRp2,2.0,7,2,CCAAGGACCGGCTGAACTTA,5,696886
cpxRp2,4.333333333333333,14,2,CCAAGAGAATATATCGAATC,12,647824
cpxRp2,2.0,7,2,CCAAGACCATCCGATCTTCT,5,654283
cpxRp2,1.3333333333333333,5,2,CCAACTAGGATTGGGACTGT,3,653673
cpxRp2,1.0,4,2,CCAACCGCCTTTTTTATATA,2,695693
cpxRp2,2.6666666666666665,9,2,CCAACCAGGACTTGCCGTTT,7,682452
cpxRp2,1.3333333333333333,5,2,CCAAAGACGAGGGTTAGTTG,3,639976
cpxRp2,0.6666666666666666,3,2,CATTTATATTAAGCGACTGA,1,679080
cpxRp2,1.6666666666666667,6,2,CATTCCATGGACTCACGTAC,4,708298
cpxRp2,2.0,7,2,CATGTGGATGGCCACATTCA,5,661266
cpxRp2,1.3333333333333333,5,2,CATGTAGAGTCCGGTGATTA,3,704456
cpxRp2,1.0,4,2,CATGAACTAGTTTTTTCCGT,2,674617
cpxRp2,0.6666666666666666,3,2,CATCCGGGTTCTCAGCTGCC,1,702665
cpxRp2,1.6666666666666667,6,2,CATCCCTATCCACTACAGCT,4,678449
cpxRp2,0.6666666666666666,3,2,CATCAGACAGACGTCCCGTA,1,702998
cpxRp2,0.6666666666666666,3,2,CATCACGTATCATGAGCGGA,1,658864
cpxRp2,0.6666666666666666,3,2,CATAGATCATTTGAGCCCAC,1,644978
cpxRp2,0.6666666666666666,3,2,CATACCATGGTCGTCCGCGT,1,680324
cpxRp2,1.0,4,2,CATAATCGCGACTCATTCGC,2,642171
cpxRp2,0.6666666666666666,3,2,CATAAGAGTCTTGCTAAGCG,1,708359
cpxRp2,1.6666666666666667,6,2,CAGTTGTTTCCGGGGCATTG,4,667237
cpxRp2,0.6666666666666666,3,2,CAGTGCTTTGTTCTGGACTA,1,634040
cpxRp2,1.3333333333333333,5,2,CAGTCAGCCATACTTCATTC,3,655695
cpxRp2,0.6666666666666666,3,2,CAGTATTATGTGTCCCGGAT,1,696545
cpxRp2,0.6666666666666666,3,2,CAGGTTCGGTCATTGATGGT,1,706201
cpxRp2,0.6666666666666666,3,2,CAGGGTTACTTAGCAGCGCG,1,633782
cpxRp2,1.6666666666666667,6,2,CAGGGTCGTTTAGATAATAG,4,695216
cpxRp2,0.6666666666666666,3,2,CAGGCCGTCTCATGTGTCCT,1,682998
cpxRp2,3.0,10,2,CAGCCGGCTTTGGAATACGA,8,672733
cpxRp2,2.0,7,2,CAGATGGTATATAATCTATC,5,698530
cpxRp2,1.3333333333333333,5,2,CAGATCTTGAACCCGGCTTA,3,648306
cpxRp2,2.0,7,2,CAGATCATCTGAGGCACTGA,5,691126
cpxRp2,0.6666666666666666,3,2,CAGATATATCCCAGGGCTCT,1,639679
cpxRp2,2.6666666666666665,9,2,CAGAGCCAAAGACGGGTCTA,7,646900
cpxRp2,2.0,7,2,CAGAGCAAGCTTTGTGGGAA,5,661618
cpxRp2,0.6666666666666666,3,2,CAGACTGACCCCAATTTACT,1,682114
cpxRp2,1.0,4,2,CACTTGTGGGGTTTCTTGGA,2,701746
cpxRp2,0.6666666666666666,3,2,CACTTGGTGGCCTAAAAGGA,1,648274
cpxRp2,0.6666666666666666,3,2,CACTGGGTGTGAAGAGTGGT,1,677841
cpxRp2,2.3333333333333335,8,2,CACTCTCCCAAAGTTGGGTT,6,681596
cpxRp2,7.333333333333333,23,2,CACTCCAGTGAGGAGATGTA,21,641025
cpxRp2,1.6666666666666667,6,2,CACTCATCAAAAGTCCGACA,4,630100
cpxRp2,1.0,4,2,CACTACCAGAACATTCGGGA,2,663970
cpxRp2,1.3333333333333333,5,2,CACGTCCCGGGTAACCATAT,3,644167
cpxRp2,0.6666666666666666,3,2,CACGGCACGTGCACTGTTTC,1,661573
cpxRp2,3.0,10,2,CACGCTTACTCTGCTCTATA,8,665300
cpxRp2,1.6666666666666667,6,2,CACGCTATGTTCTAGAGTGA,4,687523
cpxRp2,0.6666666666666666,3,2,CACCTCCGTCTATGCGACTT,1,649944
cpxRp2,1.0,4,2,CACCCCTAAACGATTTATAG,2,646896
cpxRp2,2.6666666666666665,9,2,CACCCAATCTCCATACAGTC,7,634541
cpxRp2,2.3333333333333335,8,2,CACATTTGGACGTATACGTT,6,687799
cpxRp2,1.0,4,2,CACATTCCGATCATTCGGAA,2,704566
cpxRp2,1.3333333333333333,5,2,CACAGGTTCGCAGACACAGC,3,709292
cpxRp2,2.3333333333333335,8,2,CACAGGTGAAGGCAGCTGCC,6,656195
cpxRp2,2.3333333333333335,8,2,CACAGAAGTCCTGGTAACTT,6,711877
cpxRp2,0.6666666666666666,3,2,CACACTGCTCCTTATTCCAT,1,643556
cpxRp2,1.6666666666666667,6,2,CACACAAAACTGTCCATGTG,4,693332
cpxRp2,1.6666666666666667,6,2,CAATTGGCCAGCTATCGGGA,4,669608
cpxRp2,0.6666666666666666,3,2,CAATGTCATCCTAAACTGCT,1,632708
cpxRp2,0.6666666666666666,3,2,CAATGCCTCGACGTTCCTAG,1,651633
cpxRp2,4.333333333333333,14,2,CAATATGCTATGAACCTATT,12,657915
cpxRp2,13.333333333333334,41,2,CAAGTCGTTCACCGCGAACT,39,652921
cpxRp2,1.3333333333333333,5,2,CAAGGTTCGTTACTTTCTCC,3,653671
cpxRp2,1.3333333333333333,5,2,CAAGGCGTCTGTCCTGGATA,3,652366
cpxRp2,0.6666666666666666,3,2,CAAGCGTTTCTAAAATATTC,1,704655
cpxRp2,2.0,7,2,CAAGCAACATGGAACCCTCT,5,633880
cpxRp2,2.0,7,2,CAACTTCAAGCGCTTTCGGA,5,675031
cpxRp2,1.3333333333333333,5,2,CAACTGATTACACGATACAG,3,685590
cpxRp2,1.3333333333333333,5,2,CAACTCTTTGTTGCACCTGG,3,704514
cpxRp2,1.6666666666666667,6,2,CAACTCTAGGTCAATAATCT,4,683820
cpxRp2,4.666666666666667,15,2,CAACTCAGGGCGTTCCAGCA,13,641696
cpxRp2,1.3333333333333333,5,2,CAACGCAGCACATCCCCCGT,3,678351
cpxRp2,0.6666666666666666,3,2,CAACGAGCCGCGACCTTGGG,1,691761
cpxRp2,15.0,46,2,CAACAGGGTCCCGGCTCACG,44,676534
cpxRp2,1.0,4,2,CAACAATGGTGGTGTATTTT,2,654354
cpxRp2,13.333333333333334,41,2,CAACAAACGTGTGGGTTACT,39,655389
cpxRp2,9.333333333333334,29,2,CAAAGCGGGTACCGAGTACT,27,678148
cpxRp2,1.3333333333333333,5,2,CAAACGTGGTATTTAAAGTT,3,648562
cpxRp2,5.0,16,2,CAAACGAGGTCCGGCCCTGC,14,675987
cpxRp2,3.0,10,2,CAAAAGGCTCCTGTGTGAGT,8,681654
cpxRp2,2.6666666666666665,9,2,CAAAAAGAAGGGAATCGGCT,7,643463
cpxRp2,3.3333333333333335,11,2,ATTTTGGAAAGAGCGAAGAA,9,636059
cpxRp2,1.0,4,2,ATTTTCGATGGGATAGAACG,2,696412
cpxRp2,1.6666666666666667,6,2,ATTTTAACTGCTGGGATTTA,4,709800
cpxRp2,2.3333333333333335,8,2,ATTTGCTCTCGAGTGACGCT,6,700678
cpxRp2,3.3333333333333335,11,2,ATTTCGATTGCACATCGCCG,9,702723
cpxRp2,1.3333333333333333,5,2,ATTTATATTCAGGGGAACGT,3,654079
cpxRp2,2.0,7,2,ATTTAACGAGCACGGGGAAG,5,700227
cpxRp2,0.6666666666666666,3,2,ATTGTTGCATCGCTATTGGG,1,689300
cpxRp2,1.6666666666666667,6,2,ATTGTCAAAAGGCATTAAAG,4,699645
cpxRp2,1.0,4,2,ATTGTACGTAGGTCCTTCGG,2,660294
cpxRp2,2.3333333333333335,8,2,ATTGGTTTAAGGCTATTTTA,6,690313
cpxRp2,0.6666666666666666,3,2,ATTGGGGATAGTGATCGAAT,1,666369
cpxRp2,1.0,4,2,ATTGAAATCTGACACATGCT,2,687076
cpxRp2,5.666666666666667,18,2,ATTCTGAGAGAACCGGTGCA,16,638384
cpxRp2,3.3333333333333335,11,2,ATTCGACAAGGAAGCGGATA,9,652816
cpxRp2,2.6666666666666665,9,2,ATTCCGCGCCTGTAACCGGC,7,671804
cpxRp2,1.0,4,2,ATTCCGAAAGTGACGTGGTG,2,654591
cpxRp2,1.0,4,2,ATTCATCGAAACCAGGCCCT,2,661718
cpxRp2,2.6666666666666665,9,2,ATTCAAATCTGCAATGCATT,7,699529
cpxRp2,2.0,7,2,ATTCAAACCTAGGAAGACGT,5,687529
cpxRp2,1.0,4,2,ATTATTGGAAAGGCGAGTAT,2,686672
cpxRp2,1.6666666666666667,6,2,ATTATTGACTCGCCGTGGAT,4,693076
cpxRp2,1.0,4,2,ATTATCCTCGAAGAAAAGTC,2,699539
cpxRp2,1.0,4,2,ATTAGCGCGTAGCTAAATTA,2,682389
cpxRp2,0.6666666666666666,3,2,ATTACTGCGCCATCATATTA,1,653645
cpxRp2,1.6666666666666667,6,2,ATTAATGTGGAAAGCTAATA,4,659641
cpxRp2,2.0,7,2,ATGTTTGACGTTTGAAGTGA,5,694086
cpxRp2,1.3333333333333333,5,2,ATGTGCCAGTAACAGTAAGT,3,632487
cpxRp2,2.6666666666666665,9,2,ATGTATGACCGTCGCATCGG,7,682640
cpxRp2,1.6666666666666667,6,2,ATGTACCGATTTCCTAGGAG,4,644150
cpxRp2,2.0,7,2,ATGTAAAACGTAGATACTTT,5,662932
cpxRp2,1.6666666666666667,6,2,ATGGTGAGTCATTTTAGTTA,4,670640
cpxRp2,0.6666666666666666,3,2,ATGGGCACTGGAAATACAAC,1,684612
cpxRp2,1.0,4,2,ATGGATCTGCCGTATGGCGA,2,707897
cpxRp2,1.0,4,2,ATGGATACACCCGCACTATG,2,686082
cpxRp2,1.0,4,2,ATGGAGTCAGCAGCTGAGAA,2,667071
cpxRp2,0.6666666666666666,3,2,ATGGAATTACTATAACTCAC,1,698154
cpxRp2,1.0,4,2,ATGCTCAGTGATTAGCACGT,2,658713
cpxRp2,6.0,19,2,ATGCGTGCTGACGTTATCAG,17,647699
cpxRp2,7.0,22,2,ATGCCTCGGATAAATGGCGC,20,690911
cpxRp2,3.3333333333333335,11,2,ATGCAGCTCTCGTGTATACC,9,633757
cpxRp2,6.0,19,2,ATGCACGGGAATGCCTACGT,17,653890
cpxRp2,2.0,7,2,ATGCAATGCTGATGTAAGTG,5,642007
cpxRp2,6.0,19,2,ATGCAAACTCCGAGTATCAG,17,652264
cpxRp2,1.0,4,2,ATGAGAGCTTACACTGACTG,2,640199
cpxRp2,1.0,4,2,ATGACTGCATCGTGCTTAAA,2,664924
cpxRp2,1.3333333333333333,5,2,ATGACTACCATGGCCCTTTT,3,632724
cpxRp2,2.3333333333333335,8,2,ATGAAGCCATTGAGCCGTGA,6,681251
cpxRp2,1.0,4,2,ATCTTCGAATCCTCGTCGTA,2,671677
cpxRp2,4.0,13,2,ATCTGTCAAAATGCTAGCGC,11,673331
cpxRp2,0.6666666666666666,3,2,ATCTGGGTTAAGTGATAATC,1,684097
cpxRp2,2.0,7,2,ATCTCTATTACGATGGGGAC,5,696878
cpxRp2,1.6666666666666667,6,2,ATCTCCAGCCAGGGAAGGGA,4,710631
cpxRp2,1.3333333333333333,5,2,ATCTAATCTCGGTTAATTTT,3,657983
cpxRp2,1.0,4,2,ATCGTTTGCGTTCCCCCTGG,2,659325
cpxRp2,1.0,4,2,ATCGGCAGGCTTGGCACTCA,2,640021
cpxRp2,1.3333333333333333,5,2,ATCGGAGTAGTTGTCATAGC,3,629835
cpxRp2,3.0,10,2,ATCGCCAAATTATCTGACGA,8,664883
cpxRp2,1.6666666666666667,6,2,ATCGAGGCAAAGCGTTAGCA,4,649274
cpxRp2,2.0,7,2,ATCGAAGTAGGCCAGTCCAT,5,666407
cpxRp2,3.3333333333333335,11,2,ATCCTGTCTCGGACAGCTCG,9,660143
cpxRp2,0.6666666666666666,3,2,ATCCTAAGAGCCAATAAATG,1,688464
cpxRp2,0.6666666666666666,3,2,ATCCGTCCGTGGGGTGAGTA,1,670779
cpxRp2,3.3333333333333335,11,2,ATCCCCCTCTTCGTGACTAC,9,702545
cpxRp2,0.6666666666666666,3,2,ATCCAGACCGTATCGCGGAC,1,684173
cpxRp2,0.6666666666666666,3,2,ATCCACAAAAAGTCGTCTAC,1,631721
cpxRp2,1.3333333333333333,5,2,ATCAGGACGATGCACGACAA,3,678836
cpxRp2,1.0,4,2,ATCAGAGGACACTGAAGCAG,2,633446
cpxRp2,0.6666666666666666,3,2,ATCACATCAGAGGCAACCAC,1,668827
cpxRp2,1.3333333333333333,5,2,ATCAACCACTTCCAACGGCA,3,682963
cpxRp2,1.0,4,2,ATCAAACCTAGTAGGAGCTT,2,646314
cpxRp2,1.3333333333333333,5,2,ATATTAAGTTAGCTCTCTCA,3,649285
cpxRp2,1.0,4,2,ATATGGCCTATGTACCCGAG,2,652284
cpxRp2,1.3333333333333333,5,2,ATATGGAATCAGAAGAGGGG,3,688996
cpxRp2,3.6666666666666665,12,2,ATATCTTGGTAGATTTACCA,10,683384
cpxRp2,1.6666666666666667,6,2,ATATCGCAGATTCCTGACGT,4,693668
cpxRp2,0.6666666666666666,3,2,ATATCCCCTCGCTGCATTGA,1,678295
cpxRp2,1.3333333333333333,5,2,ATATAGATTGCTAGACGTTC,3,640000
cpxRp2,1.0,4,2,ATATACGCGATCGTGGAAAA,2,654091
cpxRp2,3.3333333333333335,11,2,ATATAACATTACATGCTGCA,9,690931
cpxRp2,1.6666666666666667,6,2,ATAGGTCCTACGGCGGTGCA,4,651622
cpxRp2,2.0,7,2,ATAGGGCTAGAATCTCCGCT,5,695719
cpxRp2,2.3333333333333335,8,2,ATAGCGCGATCACCAGGGTC,6,634371
cpxRp2,2.3333333333333335,8,2,ATAGCGACGCCGTTTCGCAT,6,709814
cpxRp2,1.0,4,2,ATACTTCAGCGGCCCCATGG,2,647480
cpxRp2,1.6666666666666667,6,2,ATACTAACCGATAGGAATCG,4,659299
cpxRp2,1.3333333333333333,5,2,ATACGGCATCGCACCACGGC,3,664625
cpxRp2,1.6666666666666667,6,2,ATACGGCAACCGACAAGGAG,4,631260
cpxRp2,1.0,4,2,ATACCCGCACACTCTATAGT,2,653603
cpxRp2,3.3333333333333335,11,2,ATACATCTAGAGGGATGGGC,9,691663
cpxRp2,0.6666666666666666,3,2,ATACAAGGCACATTATTGCG,1,691019
cpxRp2,1.3333333333333333,5,2,ATAATACTACATTAGCTGGC,3,652759
cpxRp2,0.6666666666666666,3,2,ATAAGTAAATGGGGTCGTCT,1,689207
cpxRp2,10.666666666666666,33,2,ATAACGAATAACCTTTCGAT,31,709034
cpxRp2,3.6666666666666665,12,2,ATAAATACGGTTAATACGGC,10,643787
cpxRp2,1.3333333333333333,5,2,ATAAAGAGTCACCAAATATC,3,693772
cpxRp2,1.0,4,2,AGTTTACAGTCCAAAACAGG,2,651926
cpxRp2,3.3333333333333335,11,2,AGTTGTGTCCCTTAGGGGGT,9,690964
cpxRp2,3.0,10,2,AGTTGTGCTACACCTCCGAA,8,674582
cpxRp2,1.6666666666666667,6,2,AGTTATATGTGGTTGGCCGC,4,668829
cpxRp2,0.6666666666666666,3,2,AGTTACGTGAAGCAACCTGC,1,704135
cpxRp2,0.6666666666666666,3,2,AGTGTTCGTGATTGATAGCA,1,666648
cpxRp2,7.666666666666667,24,2,AGTGTGATGTCGGCCTCGAC,22,647057
cpxRp2,3.3333333333333335,11,2,AGTGTCAAGCAGGGTAGCAA,9,637957
cpxRp2,1.3333333333333333,5,2,AGTGTATAATGATCCTCGAT,3,652691
cpxRp2,1.3333333333333333,5,2,AGTGGTGACGTATATAAAGG,3,688967
cpxRp2,2.6666666666666665,9,2,AGTGGGAAGGTCATCGTTTA,7,685611
cpxRp2,0.6666666666666666,3,2,AGTGGCGGGTCGTCTAGAAA,1,683725
cpxRp2,3.0,10,2,AGTGCAGCGCGAACGCTGTC,8,696147
cpxRp2,1.3333333333333333,5,2,AGTGAGTAGCGGCCAGAATG,3,665746
cpxRp2,7.333333333333333,23,2,AGTGAGAGCGGAAAATGATT,21,671694
cpxRp2,2.3333333333333335,8,2,AGTGAAGGTAGACTGTGAAC,6,677529
cpxRp2,1.3333333333333333,5,2,AGTGAAACATTCCAGAGTGT,3,687075
cpxRp2,1.3333333333333333,5,2,AGTCTATATCGGTACGACTG,3,691341
cpxRp2,2.6666666666666665,9,2,AGTCGAATACTCTCGATGGA,7,699341
cpxRp2,2.3333333333333335,8,2,AGTCCTATAGTGCTTACGTC,6,678389
cpxRp2,2.0,7,2,AGTCCACCGCCTGCCCTACA,5,635932
cpxRp2,2.3333333333333335,8,2,AGTCACGTACGATGAAATAA,6,639311
cpxRp2,0.6666666666666666,3,2,AGTCAAGTATACAAAGAAGT,1,691284
cpxRp2,2.3333333333333335,8,2,AGTATTGGTAGTATCTCGAA,6,666073
cpxRp2,1.0,4,2,AGTATCTTCAGCTCAAGTGT,2,640352
cpxRp2,1.0,4,2,AGTATCCAGCAGAGAATTGT,2,691699
cpxRp2,1.0,4,2,AGTATATTGAGTTGCACTAG,2,654918
cpxRp2,0.6666666666666666,3,2,AGTATAGGACCGAAGGGCTG,1,700744
cpxRp2,10.0,31,2,AGTAGGTTTGAGATAGCGAT,29,654209
cpxRp2,1.0,4,2,AGTAGGACCTCGCACAAACG,2,684727
cpxRp2,1.6666666666666667,6,2,AGTAGATCCTCCTAATATAG,4,676598
cpxRp2,3.0,10,2,AGTAATGTAAACTCCAACTT,8,690110
cpxRp2,2.6666666666666665,9,2,AGGTTTCCCGTCTGTGCTAC,7,638581
cpxRp2,2.0,7,2,AGGTTGGTATCGCGCAAATC,5,647868
cpxRp2,0.6666666666666666,3,2,AGGTTCGATCCCTCGTCAAA,1,673328
cpxRp2,1.6666666666666667,6,2,AGGTTAAGCGTGGCCAAAGT,4,647015
cpxRp2,1.3333333333333333,5,2,AGGTGCGTACTACACTGGAC,3,685358
cpxRp2,1.6666666666666667,6,2,AGGTGACAATCGGTGCTCAT,4,702480
cpxRp2,1.6666666666666667,6,2,AGGTAGGTGACGTTCGGGAG,4,631269
cpxRp2,1.3333333333333333,5,2,AGGTAAAGGTGGGTGACTGC,3,635781
cpxRp2,1.6666666666666667,6,2,AGGGTGGCAACTTCAAAAAT,4,631176
cpxRp2,2.6666666666666665,9,2,AGGGTAAGAACCAAACATGT,7,697529
cpxRp2,1.0,4,2,AGGGGCTTGGAACGATGGTG,2,656541
cpxRp2,0.6666666666666666,3,2,AGGGCGTGCTGCGGGATCGC,1,646187
cpxRp2,2.3333333333333335,8,2,AGGCTAGTATAGGGTGAGAC,6,693853
cpxRp2,4.0,13,2,AGGCGGGTCAGAGCGGAACA,11,707020
cpxRp2,4.333333333333333,14,2,AGGCGATAAGATCTCTGAGT,12,659525
cpxRp2,2.3333333333333335,8,2,AGGCGACGCCGATATCGATT,6,691481
cpxRp2,1.0,4,2,AGGCCACCCTCGTTGCACAC,2,690893
cpxRp2,4.666666666666667,15,2,AGGCAGTTGTCTTCCTTCGC,13,679253
cpxRp2,1.0,4,2,AGGCAGGCGCGGTCGGGAAA,2,677559
cpxRp2,1.0,4,2,AGGCAGCGTACAACTGTTTC,2,640797
cpxRp2,1.6666666666666667,6,2,AGGCAGAGCCATAAATCGTT,4,631078
cpxRp2,1.3333333333333333,5,2,AGGCAAAGACTTCGTTAACT,3,635708
cpxRp2,0.6666666666666666,3,2,AGGATGGTGCAGGACGGCCC,1,685414
cpxRp2,3.0,10,2,AGGAGTCATTCGCTCATATC,8,642197
cpxRp2,2.6666666666666665,9,2,AGGAATGAGTGTCGTAGAAC,7,680738
cpxRp2,4.0,13,2,AGCTTTGCGGTGAAGCCATG,11,671563
cpxRp2,1.0,4,2,AGCTTTGATATTGACAGCCA,2,647320
cpxRp2,2.0,7,2,AGCTTTATCCAGTAATCAAC,5,700995
cpxRp2,3.0,10,2,AGCTTCAGCATACACGCGTC,8,706798
cpxRp2,0.6666666666666666,3,2,AGCTTACGGCCCGCTACCCT,1,683048
cpxRp2,0.6666666666666666,3,2,AGCTCTTCGGAAATTGCATT,1,681953
cpxRp2,1.6666666666666667,6,2,AGCTCGTAGGTGTGACGGCA,4,652860
cpxRp2,3.3333333333333335,11,2,AGCTCCCCTGGGATGCCGCA,9,688171
cpxRp2,3.3333333333333335,11,2,AGCTCCATGTTAAGGTTCAC,9,633336
cpxRp2,2.0,7,2,AGCGAGCGGGCCAAGGTAGC,5,710081
cpxRp2,3.0,10,2,AGCCGGGGACTCCCAAAAGA,8,666615
cpxRp2,2.0,7,2,AGCCCCGTATGGCAGTTAGT,5,690111
cpxRp2,1.0,4,2,AGCATAAGTCTCCTGTCACT,2,657831
cpxRp2,3.3333333333333335,11,2,AGCAGCCTCCGGGGATATGT,9,658099
cpxRp2,0.6666666666666666,3,2,AGCAAAGTCCGTATAATCGT,1,701533
cpxRp2,0.6666666666666666,3,2,AGCAAACTGGACGGAGGCAA,1,691494
cpxRp2,1.0,4,2,AGATTTCATTTTCCTCGACA,2,682144
cpxRp2,2.0,7,2,AGATCGGTACGAATCTTAAT,5,686278
cpxRp2,0.6666666666666666,3,2,AGATAACCCTCGGACCAACG,1,708642
cpxRp2,2.0,7,2,AGAGTTCTCCACGAAGGAGT,5,670078
cpxRp2,1.0,4,2,AGAGTAATTCAAGTAGATCA,2,700066
cpxRp2,4.333333333333333,14,2,AGAGGTGAGAGGGAACTACT,12,685632
cpxRp2,1.0,4,2,AGAGGATGGCCCTGTGGACT,2,687455
cpxRp2,0.6666666666666666,3,2,AGAGCGCCACCCGATGAGCC,1,677038
cpxRp2,4.333333333333333,14,2,AGAGCCGAACGGACGGCTAT,12,642954
cpxRp2,1.6666666666666667,6,2,AGAGAATTATGGAATGGTTT,4,644126
cpxRp2,0.6666666666666666,3,2,AGACTGGTGGAAATTCACGC,1,677046
cpxRp2,7.333333333333333,23,2,AGACTCAGTTGCATCACACC,21,694957
cpxRp2,12.333333333333334,38,2,AGACTACACCTTCTCTTCCT,36,707201
cpxRp2,1.3333333333333333,5,2,AGACGAGGGTCTATTTGGCA,3,635216
cpxRp2,5.0,16,2,AGAATGTGGAAATCTCAAGA,14,651498
cpxRp2,1.3333333333333333,5,2,AGAAGGGCAAGAACAAGAAT,3,676981
cpxRp2,4.0,13,2,ACTTTGCTAATGGACAATCG,11,641681
cpxRp2,1.6666666666666667,6,2,ACTTGTTACTGATCTATCGC,4,654446
cpxRp2,1.6666666666666667,6,2,ACTTGTCGGTTAGAGGGGGG,4,663435
cpxRp2,2.3333333333333335,8,2,ACTTGGACTGCTGCGAGAAA,6,678282
cpxRp2,1.0,4,2,ACTTGATCTAGGCTCCTGAA,2,643384
cpxRp2,2.3333333333333335,8,2,ACTTGAATGCCCCCACCGGA,6,635789
cpxRp2,7.333333333333333,23,2,ACTTCTGTCCAGCGCTGCCA,21,666798
cpxRp2,1.6666666666666667,6,2,ACTTCTCCTTATAATTAGTC,4,687947
cpxRp2,2.0,7,2,ACTTCAAACGAGGTCCTAAA,5,631217
cpxRp2,44.666666666666664,135,2,ACTTAGCGCGCGGTAGCAGA,133,663663
cpxRp2,1.0,4,2,ACTGGTTGGACACCAGCCTT,2,685875
cpxRp2,1.6666666666666667,6,2,ACTGGGTATTTTGTCAACAG,4,690414
cpxRp2,2.3333333333333335,8,2,ACTGGCCCTTGGGCGCGGAT,6,672289
cpxRp2,7.0,22,2,ACTGCTGGATATTATATTTT,20,709846
cpxRp2,0.6666666666666666,3,2,ACTGCCATCCATGGTCAGGA,1,699703
cpxRp2,1.3333333333333333,5,2,ACTGCAGACGCTGGCTTACC,3,683097
cpxRp2,2.0,7,2,ACTGACCCTGTCCGTAGCAG,5,697106
cpxRp2,1.3333333333333333,5,2,ACTGAAGGAGCGATCACAGA,3,673696
cpxRp2,1.0,4,2,ACTGAACATACGACTCTAAT,2,682430
cpxRp2,10.0,31,2,ACTCTGGTTGGTTGCGCCTC,29,650860
cpxRp2,1.6666666666666667,6,2,ACTCTCTGTTCCACAGCCGT,4,647220
cpxRp2,0.6666666666666666,3,2,ACTCCTAGTCGGGTCTGCTT,1,710652
cpxRp2,1.0,4,2,ACTATACGCATCTTGCCGAC,2,711149
cpxRp2,2.0,7,2,ACTAGGATGATGTCAACAGC,5,708580
cpxRp2,0.6666666666666666,3,2,ACTAGGAGGGGGCACGCGTT,1,678015
cpxRp2,1.3333333333333333,5,2,ACTAGAGCCTTCGGCATGAC,3,658548
cpxRp2,1.0,4,2,ACTACTGAACCACTGAATCG,2,694815
cpxRp2,0.6666666666666666,3,2,ACTAATGGATACGAGCCGAT,1,659719
cpxRp2,0.6666666666666666,3,2,ACTAATCCGAGCAGATTTCT,1,673790
cpxRp2,0.6666666666666666,3,2,ACGTTCCGACCAACATCGTG,1,675788
cpxRp2,1.0,4,2,ACGTTCCCTTGGCAAAAAGT,2,707986
cpxRp2,0.6666666666666666,3,2,ACGTGTTAAGTTGTCACCGA,1,658749
cpxRp2,2.0,7,2,ACGTCTCGGCATGTTAAACG,5,646115
cpxRp2,0.6666666666666666,3,2,ACGTATGGTACGGTCGTGTT,1,650344
cpxRp2,4.333333333333333,14,2,ACGTATCTGGATTGTTCCTC,12,643406
cpxRp2,1.0,4,2,ACGGTTATTGCAATTTTGCG,2,660518
cpxRp2,1.3333333333333333,5,2,ACGGTTACGGTTACTGTCCT,3,696393
cpxRp2,1.0,4,2,ACGGTAATCAAAGTGCTGCC,2,702747
cpxRp2,4.333333333333333,14,2,ACGGGCCGCCGAAGATACCA,12,697972
cpxRp2,1.0,4,2,ACGGGAAACTAAGCCAGAAG,2,684716
cpxRp2,1.3333333333333333,5,2,ACGGCTGATATTTCGACATC,3,667514
cpxRp2,1.0,4,2,ACGGCCTCATTAATTAGATA,2,670876
cpxRp2,2.3333333333333335,8,2,ACGGCCGACAATAGATACGA,6,654287
cpxRp2,1.6666666666666667,6,2,ACGGAGACCGATTTACCATG,4,649373
cpxRp2,0.6666666666666666,3,2,ACGGAATATGGCTCGTAAGG,1,692277
cpxRp2,4.333333333333333,14,2,ACGCGTCCTGGAATACCTGC,12,662516
cpxRp2,0.6666666666666666,3,2,ACGCGACCTTACAAATGTCC,1,696458
cpxRp2,0.6666666666666666,3,2,ACGCCGTTCTCCTATAAAGC,1,707073
cpxRp2,2.6666666666666665,9,2,ACGCATCTCACAATGTCCGA,7,648422
cpxRp2,1.6666666666666667,6,2,ACGATAAACTACTACACATA,4,636336
cpxRp2,3.0,10,2,ACGAAGGCGTAGCGTCACTT,8,685691
cpxRp2,0.6666666666666666,3,2,ACCTAATCTTGTTTGGACAA,1,661173
cpxRp2,2.3333333333333335,8,2,ACCTAAGCCCAACAAGCGAA,6,685246
cpxRp2,1.3333333333333333,5,2,ACCGTGTTGCGTCAAGCTAG,3,635473
cpxRp2,1.0,4,2,ACCGTACATGGATTACCTGC,2,659194
cpxRp2,1.3333333333333333,5,2,ACCGGTTCGACGTAGACGGG,3,701607
cpxRp2,2.3333333333333335,8,2,ACCGGACCACCCTATGGTGA,6,680368
cpxRp2,1.3333333333333333,5,2,ACCGCCACCATGCGCAGCGA,3,684936
cpxRp2,4.666666666666667,15,2,ACCGCAGGGATAAATAATGG,13,682872
cpxRp2,1.0,4,2,ACCGATTTTCGGCGGTACCG,2,686915
cpxRp2,1.6666666666666667,6,2,ACCCTGGTAGGACCCCTGAG,4,637753
cpxRp2,6.333333333333333,20,2,ACCCTCAAAGGCGAACCTCC,18,692979
cpxRp2,6.333333333333333,20,2,ACCCTACTGTAACCAAGAAG,18,658893
cpxRp2,0.6666666666666666,3,2,ACCCCCAAGTCAAGTTACGT,1,667008
cpxRp2,1.3333333333333333,5,2,ACCCATTGTAGTCCGAGTAA,3,662341
cpxRp2,3.0,10,2,ACCCAGCTTACATTTCCGAT,8,709307
cpxRp2,1.0,4,2,ACCCAAACTCCCGTGTGAGC,2,633596
cpxRp2,2.3333333333333335,8,2,ACCATATAGTATCTGAGAGG,6,645961
cpxRp2,0.6666666666666666,3,2,ACCATAGCCGCAGTCCGCCA,1,689678
cpxRp2,1.6666666666666667,6,2,ACATTGATGGTGCTTCAAGG,4,657106
cpxRp2,1.3333333333333333,5,2,ACATTAAGTGGTACTGTATG,3,665307
cpxRp2,4.666666666666667,15,2,ACATCGCCTAAGACACGCCT,13,643192
cpxRp2,2.0,7,2,ACATCCTACGTTTCGGACAA,5,661844
cpxRp2,1.3333333333333333,5,2,ACATCCAGTACGGATGCGCT,3,658174
cpxRp2,2.0,7,2,ACAGGGCTCGCGTAACCATT,5,652664
cpxRp2,4.333333333333333,14,2,ACAGGCTTTACAGGGGTACT,12,664016
cpxRp2,1.0,4,2,ACAGCAAGTCCTACTGACAG,2,682810
cpxRp2,1.0,4,2,ACAGATCGAATCCCGTCCAG,2,676987
cpxRp2,3.0,10,2,ACAGACGGCTGGTACCTTCT,8,695121
cpxRp2,5.0,16,2,ACACTCTACATTATTGACAC,14,646511
cpxRp2,1.3333333333333333,5,2,ACACTCGACATAAGCATATG,3,671250
cpxRp2,1.6666666666666667,6,2,ACACTCCCTTGTCACTCGGT,4,680474
cpxRp2,2.6666666666666665,9,2,ACACGTGAGTAAATCCCGCG,7,682459
cpxRp2,3.3333333333333335,11,2,ACACGTAACCATGCAAGAGT,9,702335
cpxRp2,1.3333333333333333,5,2,ACACGATAGGGGTTCAATAG,3,663411
cpxRp2,1.6666666666666667,6,2,ACACAGATGGGAGAGAGCTT,4,633178
cpxRp2,1.3333333333333333,5,2,ACACAACGTCTGCTTCGATG,3,680517
cpxRp2,1.0,4,2,ACAATTGTGGCCGCGTGTCA,2,682676
cpxRp2,1.3333333333333333,5,2,ACAATAGGCGTCGAGATTAC,3,642078
cpxRp2,3.6666666666666665,12,2,ACAAGTTACGACTCCGGCAT,10,680017
cpxRp2,0.6666666666666666,3,2,ACAACTCTGTGGGACGCCGG,1,645372
cpxRp2,2.0,7,2,ACAACCGTATTAGCCTAAAC,5,646607
cpxRp2,0.6666666666666666,3,2,ACAAAGGATTTTGATCGCGT,1,637194
cpxRp2,0.6666666666666666,3,2,AATTGGGATGAGGATTAAAC,1,643653
cpxRp2,2.3333333333333335,8,2,AATTACTGTTTGTGTCCTTA,6,647111
cpxRp2,2.6666666666666665,9,2,AATTACAGCACGCAGTTCGT,7,678853
cpxRp2,0.6666666666666666,3,2,AATGTTGCAGTAAGAGAAAG,1,698451
cpxRp2,1.6666666666666667,6,2,AATGTGTAGATCCCATTGAT,4,644595
cpxRp2,2.0,7,2,AATGGGTAGTCTATCTTAGA,5,661850
cpxRp2,7.0,22,2,AATGACTATCAACCGAGCAT,20,631691
cpxRp2,1.6666666666666667,6,2,AATGAATCATCGTCATCCTA,4,666476
cpxRp2,4.0,13,2,AATCGAGTAGTTCTGTGGTT,11,678668
cpxRp2,1.0,4,2,AATCCGTCAAACTTGTCGAT,2,637601
cpxRp2,2.0,7,2,AATCCCCAAGGCTCAACTGG,5,699687
cpxRp2,0.6666666666666666,3,2,AATCAGGTCTCGAAAGACGC,1,675782
cpxRp2,2.0,7,2,AATCACGGACTCGGCTGCCA,5,640353
cpxRp2,2.0,7,2,AATCAAGGAGCTTGTTGCTT,5,696669
cpxRp2,1.3333333333333333,5,2,AATATCCTAGAGGAACAGGT,3,648989
cpxRp2,7.333333333333333,23,2,AATATCCGTCCGATAATGGT,21,654206
cpxRp2,2.0,7,2,AATAGTCCGTTCGAGTTAAT,5,670304
cpxRp2,1.6666666666666667,6,2,AATAGGGCGGTGATAGCTGG,4,638990
cpxRp2,0.6666666666666666,3,2,AATAGGCTATGTAGTAGCGC,1,687662
cpxRp2,1.3333333333333333,5,2,AATAGCTCGTCGCTTTGTAG,3,678119
cpxRp2,0.6666666666666666,3,2,AATACTGAGGAGGACTACGC,1,675081
cpxRp2,1.3333333333333333,5,2,AATACGAGCACTGTGTGTAG,3,654167
cpxRp2,1.0,4,2,AAGTTTCTTGGCTAAGCCGG,2,698967
cpxRp2,0.6666666666666666,3,2,AAGTTGGGAAGGGTGGTCCG,1,646549
cpxRp2,1.0,4,2,AAGTTCTGTGAGCACTAGGA,2,694553
cpxRp2,1.6666666666666667,6,2,AAGTGGGGACTCCAAAAGCC,4,665231
cpxRp2,1.3333333333333333,5,2,AAGTGCCCAAACGAGCCGTT,3,676499
cpxRp2,2.0,7,2,AAGTCTGACGCCCTGAACAT,5,665431
cpxRp2,2.3333333333333335,8,2,AAGTCGGCACGGTAATACAA,6,698756
cpxRp2,0.6666666666666666,3,2,AAGGTGGCTCCCGGTTTGAC,1,649571
cpxRp2,2.3333333333333335,8,2,AAGGTCTTGCAGTTTCGCCG,6,682410
cpxRp2,0.6666666666666666,3,2,AAGGTATTTGGATGTACTGA,1,699783
cpxRp2,0.6666666666666666,3,2,AAGGGTGTCAAGTCACCAGA,1,682708
cpxRp2,3.3333333333333335,11,2,AAGGGGGGGCACTCTCCGGG,9,662522
cpxRp2,1.6666666666666667,6,2,AAGGGCTGGGGGTTACTAGA,4,657749
cpxRp2,0.6666666666666666,3,2,AAGGCGGAGGAACCCTGACT,1,685319
cpxRp2,3.0,10,2,AAGGAGTGCTCTCCGCAATA,8,674255
cpxRp2,9.0,28,2,AAGGAGTCCATCACAATCAT,26,662869
cpxRp2,1.0,4,2,AAGGACTCCACGTGTATCTC,2,650814
cpxRp2,2.0,7,2,AAGCTGGCTCTAGAACTCAA,5,707276
cpxRp2,1.0,4,2,AAGCTCAATCCCACAACAAT,2,697099
cpxRp2,2.3333333333333335,8,2,AAGCTAACTGCAGAGCTCAA,6,692935
cpxRp2,3.0,10,2,AAGCGAAGTCTGTGGGGTTG,8,665161
cpxRp2,3.6666666666666665,12,2,AAGCCTGCAGTAGAGGTCAC,10,701477
cpxRp2,2.3333333333333335,8,2,AAGCCCACCTTACCCGCCGG,6,669059
cpxRp2,2.0,7,2,AAGCATTTAGATGTCGAGAT,5,705394
cpxRp2,0.6666666666666666,3,2,AAGCATTACTCTCGTATTAA,1,661541
cpxRp2,1.0,4,2,AAGATGCCTGCTATGCTAGA,2,706811
cpxRp2,2.0,7,2,AAGAGTCCCGATGGCCCACG,5,658540
cpxRp2,1.6666666666666667,6,2,AAGAGTCAACACGGTACAAC,4,632634
cpxRp2,1.0,4,2,AAGACAAGTGATAATGCTCA,2,684701
cpxRp2,0.6666666666666666,3,2,AAGAAGATACAGTGGCGAAA,1,638422
cpxRp2,4.666666666666667,15,2,AACTTGAAGCATATATGAAC,13,652562
cpxRp2,3.3333333333333335,11,2,AACTTCTCGAGACTGTGGAC,9,703635
cpxRp2,2.0,7,2,AACTGACTACCAGCGAAGAG,5,670453
cpxRp2,2.0,7,2,AACTATTCTTTACACCGGCA,5,637333
cpxRp2,0.6666666666666666,3,2,AACTACGGCTATGGATTAGA,1,635629
cpxRp2,1.6666666666666667,6,2,AACTAAAGACCCAAAATTTC,4,660875
cpxRp2,0.6666666666666666,3,2,AACGTGCGTATTCCATTCTC,1,687158
cpxRp2,1.6666666666666667,6,2,AACGCTGTTTTAACGGTTGT,4,705233
cpxRp2,1.0,4,2,AACGCGCTTGCCCCACAGGT,2,642777
cpxRp2,4.333333333333333,14,2,AACCTTTGGCAACTGGAATA,12,634226
cpxRp2,2.6666666666666665,9,2,AACCTTATCATTGTGCTAGA,7,694158
cpxRp2,2.6666666666666665,9,2,AACCGCCGTTGTTGCACATA,7,633632
cpxRp2,1.6666666666666667,6,2,AACCCACCATGGTTCGACTA,4,708072
cpxRp2,1.6666666666666667,6,2,AACCAACATGTGTCTTGCTG,4,669357
cpxRp2,20.0,61,2,AACATTTCGCACTACGCCTT,59,661320
cpxRp2,2.3333333333333335,8,2,AACATGCTGAGGTGTTGCCT,6,630040
cpxRp2,1.3333333333333333,5,2,AACAGGCTTGGTTGGCAAAT,3,706287
cpxRp2,0.6666666666666666,3,2,AACACGCTCTTACCATCGCC,1,656898
cpxRp2,1.3333333333333333,5,2,AACAACTATGGATTAGCGTA,3,631857
cpxRp2,2.0,7,2,AACAACGACCCCCCTTTCAG,5,665092
cpxRp2,0.6666666666666666,3,2,AAATTTGTTAGTAAATCCTT,1,710530
cpxRp2,1.0,4,2,AAATGGTCTTTACGAGCGTT,2,629911
cpxRp2,3.3333333333333335,11,2,AAATGGTATGAGGCCTCAGT,9,669915
cpxRp2,1.6666666666666667,6,2,AAATGGCGATAGCTCCTTCG,4,688214
cpxRp2,6.333333333333333,20,2,AAATGAATTGCCAATGCTGT,18,703387
cpxRp2,1.6666666666666667,6,2,AAATCTCCATTTATAGATGA,4,661346
cpxRp2,0.6666666666666666,3,2,AAATCGCTCTCCATGGCCCA,1,709343
cpxRp2,1.0,4,2,AAATCGAGCTTATTGTCACC,2,660011
cpxRp2,7.0,22,2,AAATCCTTCGACAACGGAAG,20,667280
cpxRp2,1.6666666666666667,6,2,AAAGTTTAATGGTTCGTCCC,4,706807
cpxRp2,0.6666666666666666,3,2,AAAGTCAGGTTAATTTTAGG,1,667500
cpxRp2,2.6666666666666665,9,2,AAAGCGGAGGTGCTGTGTGT,7,637629
cpxRp2,4.666666666666667,15,2,AAAGAGGCGACCTCCTTTCC,13,682758
cpxRp2,0.6666666666666666,3,2,AAACTTCGGATAAAAGTATG,1,686747
cpxRp2,1.3333333333333333,5,2,AAACTGAGGGGACTTCGCAA,3,669341
cpxRp2,2.3333333333333335,8,2,AAACTGACTGCTTATCCGCA,6,668797
cpxRp2,1.3333333333333333,5,2,AAACGAAGACATACTACGTA,3,634556
cpxRp2,0.6666666666666666,3,2,AAACCTCGGCTCTCGAATGT,1,707677
cpxRp2,3.6666666666666665,12,2,AAACCCACCGGAAGCTCTGC,10,710092
cpxRp2,3.0,10,2,AAAATCAACGTTTTCGCCAC,8,669853
cpxRp2,3.6666666666666665,12,2,AAAATAAAGTCAGAATTATT,10,648748
cpxRp2,4.0,13,2,AAAAGTTCGCGTTGGCGTTC,11,643222
cpxRp2,11.0,34,2,AAAACTGTGGTGCTAATATG,32,700332
cpxRp2,2.0,7,2,AAAACCTCGAGACTTGTTAA,5,646603
cpxRp2,0.6666666666666666,3,2,AAAAACCCTCAAACTAACGG,1,694115
cpxRp2,2.0,4,1,TTTTTAAACTGGTCTGTTTG,3,699039
cpxRp2,3.5,7,1,TTTTGTTATTGTCTACGTGT,6,659097
cpxRp2,1.5,3,1,TTTTAATGTCATTAGAACGA,2,667386
cpxRp2,1.0,2,1,TTTGTTGTAGAAGGAGTGCA,1,687806
cpxRp2,2.0,4,1,TTTGTGGCCGCGCCGGTCTG,3,684035
cpxRp2,4.0,8,1,TTTGTGCCGTGGATGACAAG,7,712297
cpxRp2,4.0,8,1,TTTGGTATGCCGGTTTTCCC,7,662764
cpxRp2,6.0,12,1,TTTGCTTTGGTAACCGACAC,11,635281
cpxRp2,4.0,8,1,TTTGCTCAAGGTCCCTATAC,7,644120
cpxRp2,1.5,3,1,TTTGCATGTACAATCACCGC,2,677072
cpxRp2,7.0,14,1,TTTGATCTGACCTCCTACAC,13,652666
cpxRp2,2.5,5,1,TTTGATAGTGACGAAGGTAC,4,689849
cpxRp2,1.5,3,1,TTTCTGCTCATACCGTCAAA,2,641447
cpxRp2,2.5,5,1,TTTCCTGCGAATTTTTTAGA,4,676885
cpxRp2,4.0,8,1,TTTCCGCGTGTTTACTGGGA,7,641043
cpxRp2,3.5,7,1,TTTCCAATTCACAGGTAATG,6,633918
cpxRp2,6.5,13,1,TTTCATTCTCGGGAACCAGC,12,696241
cpxRp2,2.5,5,1,TTTCATATGAACCGTGCCGT,4,675384
cpxRp2,1.0,2,1,TTTCACATAGAATCGGCAAA,1,656399
cpxRp2,2.0,4,1,TTTATTTGTAATCATGGTGG,3,638270
cpxRp2,1.0,2,1,TTTATGGGCATTTCAAACTC,1,703426
cpxRp2,5.0,10,1,TTTATCTACCGTTCCTCCCA,9,678714
cpxRp2,4.0,8,1,TTTATACTGCCGGGCTTTCG,7,669225
cpxRp2,3.5,7,1,TTTAACACACACGGGAATTC,6,637477
cpxRp2,2.0,4,1,TTTAAAACATTCCCACTATC,3,653088
cpxRp2,2.5,5,1,TTGTGGTTCCCATAACGTTG,4,687993
cpxRp2,3.0,6,1,TTGTGGGACCAGACAAACGG,5,712422
cpxRp2,4.0,8,1,TTGTATTTATGTGCTCGTGA,7,671853
cpxRp2,15.5,31,1,TTGTACCCTGGGGGCGCCGA,30,665543
cpxRp2,32.0,64,1,TTGTACATTCACCGCTCTTT,63,659395
cpxRp2,1.0,2,1,TTGTAAGGTAGTCTCGTCCT,1,661052
cpxRp2,1.0,2,1,TTGGTTGCAGGGCACGAATG,1,698392
cpxRp2,5.0,10,1,TTGGTTCAGACATTTGATAC,9,672775
cpxRp2,5.5,11,1,TTGGTGCCTTCTTTAGCTTT,10,710628
cpxRp2,1.5,3,1,TTGGTCATTTGATGCACCTA,2,668221
cpxRp2,2.5,5,1,TTGGGTGTTAAAGCCTGAGC,4,679942
cpxRp2,1.0,2,1,TTGGGTATGCTTTACAGCTC,1,682101
cpxRp2,2.0,4,1,TTGGGGATCTAATACTCACC,3,699131
cpxRp2,1.0,2,1,TTGGCTTAACCCGGCTTACA,1,630885
cpxRp2,1.0,2,1,TTGGATCCTATTTCTACCGT,1,658438
cpxRp2,1.0,2,1,TTGCGTAAATCGCCAATCAA,1,704953
cpxRp2,1.0,2,1,TTGCGAAGGTCGTTCAAGCT,1,662414
cpxRp2,5.0,10,1,TTGCCACTCAAGTTTCGACA,9,693654
cpxRp2,2.5,5,1,TTGCACGTAGTCCAAGAGGT,4,640355
cpxRp2,2.0,4,1,TTGCACATACAGGTCTCAGG,3,680744
cpxRp2,2.5,5,1,TTGATTTGTAGCGGGAGCGA,4,642205
cpxRp2,6.5,13,1,TTGATTCAGTGAACTGTATT,12,635273
cpxRp2,2.0,4,1,TTGATGTGAAGCTGGGTCGG,3,699970
cpxRp2,4.5,9,1,TTGAGTCGGATTAGACTGAC,8,650109
cpxRp2,7.5,15,1,TTGAGGGATGAAAGGGTCAG,14,660186
cpxRp2,1.0,2,1,TTGACTGGCGGACTCCGCTC,1,651588
cpxRp2,5.5,11,1,TTGACGAACGACACCGGGTG,10,680653
cpxRp2,1.5,3,1,TTGAATAGCCGAGAACAGCT,2,705384
cpxRp2,2.0,4,1,TTGAAGAATGTGGCCAATGG,3,643004
cpxRp2,2.0,4,1,TTGAACGTCCATACGTTATG,3,703804
cpxRp2,1.0,2,1,TTGAACGGACTAATGGAATA,1,630980
cpxRp2,3.0,6,1,TTCTTAGTATGAACAATCAC,5,634300
cpxRp2,4.0,8,1,TTCTTACGCGAAGTGCGTTA,7,683898
cpxRp2,3.0,6,1,TTCTGAGCCTTAGCACGCAG,5,703887
cpxRp2,4.5,9,1,TTCTGAAAGTATGACAGATG,8,679473
cpxRp2,1.0,2,1,TTCGTTTCCAAACTTTCCTT,1,647507
cpxRp2,4.5,9,1,TTCGTTATTGTCGCTGATTG,8,699087
cpxRp2,1.5,3,1,TTCGGGCTCATGAGACTTCA,2,645939
cpxRp2,2.5,5,1,TTCGCAGGATCGGACCGAAC,4,680728
cpxRp2,2.0,4,1,TTCCTTCGGAAATAAAAGCA,3,684455
cpxRp2,4.0,8,1,TTCCTGGGTAGAGAGATATT,7,637724
cpxRp2,19.0,38,1,TTCCTAATTTCAGCACGTAT,37,698032
cpxRp2,2.0,4,1,TTCCGGTGTCTTTGGGCCGG,3,656694
cpxRp2,3.0,6,1,TTCCGCTTCATGCATCGAGG,5,660786
cpxRp2,6.5,13,1,TTCCGCTCCTACTCATTGGG,12,711356
cpxRp2,4.0,8,1,TTCCGCACACCGCCTCCACC,7,645980
cpxRp2,1.0,2,1,TTCCGAGAGCGCGGTGCGTT,1,681672
cpxRp2,1.0,2,1,TTCCCACAGTTAGCTTTAAT,1,674723
cpxRp2,1.5,3,1,TTCCACTTCGCGATAGTCAA,2,657433
cpxRp2,5.0,10,1,TTCCACGTTTCGGTTTGCTA,9,670759
cpxRp2,1.0,2,1,TTCCACGCGATAGAATTGCT,1,681156
cpxRp2,1.5,3,1,TTCCAAGGCTGATGCAAACT,2,650273
cpxRp2,1.0,2,1,TTCATAGTTGACCTCCAATT,1,670553
cpxRp2,2.0,4,1,TTCAGGGGGCACGGTGCCTT,3,690717
cpxRp2,3.5,7,1,TTCACGCTCAAAAATAGCCA,6,703914
cpxRp2,1.0,2,1,TTCACCAGTGCAGCCCGGGC,1,647678
cpxRp2,3.0,6,1,TTCAAAGTAGAGGAATGCTC,5,656136
cpxRp2,2.5,5,1,TTATTCTTTATGGATCAGGT,4,639351
cpxRp2,1.0,2,1,TTATGGCGACGCGCGGTTAC,1,658168
cpxRp2,1.0,2,1,TTATCGTTGGCTGCGGGCAT,1,688103
cpxRp2,2.0,4,1,TTATCGCAACTGGCTTCATA,3,695683
cpxRp2,1.0,2,1,TTAGAGGATGAGGGCTCGCA,1,694856
cpxRp2,3.5,7,1,TTAGAACGCGGTTTTTGTGT,6,678286
cpxRp2,1.0,2,1,TTACTAAGTTTAAATAGTTT,1,697309
cpxRp2,2.5,5,1,TTAACGGTAGTTTGTACCGG,4,657723
cpxRp2,1.5,3,1,TTAACCAGATCAGGAGTCCT,2,694019
cpxRp2,1.0,2,1,TTAAAATAGTCTATGCATGC,1,699819
cpxRp2,1.0,2,1,TTAAAAGCTTTACCCGACGC,1,659685
cpxRp2,1.5,3,1,TTAAAACATGTTTTCTAGTT,2,638956
cpxRp2,1.5,3,1,TGTTTGAGTTACTTTTTAGC,2,641161
cpxRp2,4.0,8,1,TGTTTCATGGGGGAGAGTTC,7,640965
cpxRp2,3.5,7,1,TGTTTAATCTATATTGAGGA,6,644395
cpxRp2,2.5,5,1,TGTTGCAGAGGAGCTTTAAA,4,643713
cpxRp2,1.0,2,1,TGTTGACCCAAGCAGACTGT,1,698227
cpxRp2,10.5,21,1,TGTTCTCATACCGGTCTTGC,20,684245
cpxRp2,1.0,2,1,TGTTCGGTGGACACGTGAAG,1,711161
cpxRp2,1.5,3,1,TGTTCGGAACTTTACGCCTA,2,675862
cpxRp2,1.0,2,1,TGTTCATATTGTCGAGCGCG,1,707317
cpxRp2,1.0,2,1,TGTTATTGCCAGGGCTGTCT,1,640706
cpxRp2,1.5,3,1,TGTTAGCCTACAGCGTGCAA,2,673572
cpxRp2,2.0,4,1,TGTGTGGTCTGAGCTAATCT,3,655960
cpxRp2,5.5,11,1,TGTGTCACAAATATCTGATC,10,664095
cpxRp2,2.0,4,1,TGTGCCGAGTTAGTTCTTGT,3,689494
cpxRp2,1.0,2,1,TGTCTTAGAAGTCCCGTGTA,1,711707
cpxRp2,1.0,2,1,TGTCGTCTAAGACGGCTAGG,1,676237
cpxRp2,2.0,4,1,TGTCGATGAATGGTTGCGTT,3,661292
cpxRp2,6.5,13,1,TGTCGATAAGCACATGGCTC,12,634656
cpxRp2,3.5,7,1,TGTCCAACGAGTGGGAAGCC,6,653595
cpxRp2,2.5,5,1,TGTCATGGATATCGGGCTCC,4,648254
cpxRp2,2.0,4,1,TGTCAGGGGGCCCTGCTTTA,3,682375
cpxRp2,1.5,3,1,TGTCACCGATCGAGCTCCAA,2,695387
cpxRp2,5.5,11,1,TGTAGTGCACATTCGGAATA,10,695988
cpxRp2,3.0,6,1,TGTAGAGTATTATAGGGAAA,5,656279
cpxRp2,2.0,4,1,TGTAATTGCATCTGTAGGAT,3,651501
cpxRp2,3.0,6,1,TGTAACAAACCTATCTAGAG,5,678636
cpxRp2,25.0,50,1,TGGTGATCAAGAACCCGTGG,49,645712
cpxRp2,2.5,5,1,TGGTGAGTCAAACGCGCTCG,4,706063
cpxRp2,2.5,5,1,TGGTCTTGAACTACGTCTAT,4,660565
cpxRp2,5.5,11,1,TGGTCCAAGGGCTAGAGATG,10,652003
cpxRp2,3.0,6,1,TGGTAGACTTCCAGTATTGG,5,669777
cpxRp2,2.0,4,1,TGGTACGTCTATAGGCCTTA,3,711676
cpxRp2,4.5,9,1,TGGTACGGTACCGTAGGAGG,8,690752
cpxRp2,2.5,5,1,TGGGGTTGAGGTCCGTTTAT,4,683523
cpxRp2,3.5,7,1,TGGGGTAGCCTATGTGGGGC,6,705616
cpxRp2,1.0,2,1,TGGGGATTCGACTGAGGTCC,1,709345
cpxRp2,2.5,5,1,TGGGAGGACGATCAATAGGT,4,709799
cpxRp2,2.0,4,1,TGGCTGGCGAGCATATAGGC,3,700495
cpxRp2,2.5,5,1,TGGCGGTCCTTACGAGTCCT,4,666314
cpxRp2,1.0,2,1,TGGCGGGTGCCCAATAAGCT,1,643600
cpxRp2,1.5,3,1,TGGCGCGGGGCTCTCTGTAG,2,706202
cpxRp2,1.5,3,1,TGGCCGCCAACATTGGCACA,2,648664
cpxRp2,1.0,2,1,TGGCCCGCCGGTATAGAGTA,1,632061
cpxRp2,8.5,17,1,TGGCCACCACGCTATTCGTA,16,703257
cpxRp2,1.0,2,1,TGGCAATATAGTGAGAGTAC,1,673678
cpxRp2,1.5,3,1,TGGATGTATAACTGGATACT,2,691280
cpxRp2,1.5,3,1,TGGAGGTCTGGCATATCCAA,2,682901
cpxRp2,1.5,3,1,TGGAGAAGCTGGCTGGTCGG,2,638478
cpxRp2,1.0,2,1,TGGACAGGCATACGAGTAGG,1,674625
cpxRp2,2.0,4,1,TGGAAACTGCATCAGGACGC,3,647023
cpxRp2,2.0,4,1,TGCTTCGAGCTCGGGAGATG,3,667347
cpxRp2,1.0,2,1,TGCTTACTGACCAGGCGCCT,1,686477
cpxRp2,1.0,2,1,TGCTCCCAATATATTGGGGT,1,664583
cpxRp2,3.5,7,1,TGCTATGTTGTCCATATAAG,6,649406
cpxRp2,1.0,2,1,TGCTACAAACATCAGGCTTT,1,708919
cpxRp2,2.0,4,1,TGCTAATGACGTTTCGACAT,3,667886
cpxRp2,1.5,3,1,TGCTAAGAGGTACTGGAATA,2,640629
cpxRp2,1.5,3,1,TGCGTTCCGTAAAAGCGTGT,2,634663
cpxRp2,1.5,3,1,TGCGTCAAGAGGGTATTGGA,2,662535
cpxRp2,1.0,2,1,TGCGGCCGTTGCTATCTTGT,1,646691
cpxRp2,4.0,8,1,TGCGCTGGTTCGTAAATACG,7,704792
cpxRp2,2.5,5,1,TGCGCTCAGGTACTCACTGA,4,657065
cpxRp2,2.0,4,1,TGCGATTTCTTCTCAGTATA,3,677186
cpxRp2,2.0,4,1,TGCGACGTAACCCTGACTGA,3,645212
cpxRp2,4.0,8,1,TGCCTTTTGATAGCGTCGCT,7,674693
cpxRp2,3.0,6,1,TGCCGATCTCGCAGTTTTCA,5,654404
cpxRp2,4.0,8,1,TGCCAGGGTTCTGTTCACGT,7,655028
cpxRp2,2.5,5,1,TGCATTGCGCCGAAAGACAT,4,687568
cpxRp2,3.5,7,1,TGCAGGTCTCCTACCGAGCG,6,632518
cpxRp2,3.5,7,1,TGCAGGGCGGGTCATCCTCG,6,645553
cpxRp2,2.0,4,1,TGCAGCCACGCCTTAGTAAA,3,642611
cpxRp2,1.0,2,1,TGCACCACAGTCTGATAACA,1,647108
cpxRp2,4.5,9,1,TGCAAGAGGAACGCTTTTCG,8,688453
cpxRp2,2.0,4,1,TGATTCGTACCCCTAGTTAC,3,639901
cpxRp2,2.5,5,1,TGATGCGTACCGTAAGGGCT,4,670306
cpxRp2,1.0,2,1,TGATATCGAACCTTACAGGG,1,711072
cpxRp2,3.5,7,1,TGAGTTGGAATATATAGGTG,6,656276
cpxRp2,6.0,12,1,TGAGTGTTAGGCCTGCACGA,11,708450
cpxRp2,2.5,5,1,TGAGTGGAGGATCTGATCAG,4,631425
cpxRp2,4.0,8,1,TGAGTCCAAACGATCCGCTC,7,648182
cpxRp2,1.5,3,1,TGAGGTGCCGAGCCGAAGTC,2,632276
cpxRp2,5.0,10,1,TGAGGCTGCCTCTTTCTGTT,9,641946
cpxRp2,5.0,10,1,TGAGCGGTGTGATGTTTAAA,9,640811
cpxRp2,4.5,9,1,TGAGATTGAATTTTCCATCA,8,663609
cpxRp2,2.5,5,1,TGAGACGTTTAACTCGTGGG,4,696704
cpxRp2,3.5,7,1,TGACTGGAGGTGTGCGGTAA,6,675353
cpxRp2,8.5,17,1,TGACTATTCACAAACTAAAG,16,678508
cpxRp2,10.5,21,1,TGACGAAAGGCGTGATGTGG,20,647527
cpxRp2,1.5,3,1,TGACGAAAACACAGTTAATG,2,680742
cpxRp2,1.0,2,1,TGACCCCGTTCCACGTACAT,1,704854
cpxRp2,6.0,12,1,TGACCACATCTATAGTAAGG,11,640040
cpxRp2,2.0,4,1,TGACACCCTCACGATAGAGC,3,668928
cpxRp2,2.0,4,1,TGACACAGATGCCGGGGCTT,3,676122
cpxRp2,6.5,13,1,TGAATGGCCCGTCGGTGTCC,12,673812
cpxRp2,1.0,2,1,TGAACGTTCTCTGGTAATTC,1,671067
cpxRp2,5.5,11,1,TGAAAGTTTCCCATGCTTGA,10,644441
cpxRp2,2.5,5,1,TGAAAGCCGCGTTTCACTTC,4,637433
cpxRp2,1.0,2,1,TGAAAGATTTTCTTTTCACT,1,666086
cpxRp2,5.0,10,1,TCTTTTTTTTCCAATATTGG,9,696674
cpxRp2,1.0,2,1,TCTTTATGATCGACGATCTA,1,634144
cpxRp2,4.0,8,1,TCTTGTTATTGGGCAATGAT,7,685099
cpxRp2,3.0,6,1,TCTTGGCTTGCAAATTCGGG,5,646766
cpxRp2,1.0,2,1,TCTTAAGCTCGAACTATCCC,1,641099
cpxRp2,2.5,5,1,TCTGTTGGAGGTACCCACGC,4,706312
cpxRp2,2.5,5,1,TCTGTGACGGGGGGCGTAGC,4,651067
cpxRp2,6.5,13,1,TCTGGCGGGATTTCGAAGGA,12,643835
cpxRp2,1.5,3,1,TCTGATGATAAGTTCTATGT,2,710174
cpxRp2,3.5,7,1,TCTCTCCCCCACGTCACCCG,6,658290
cpxRp2,1.0,2,1,TCTCGCTCACTATTCCATAT,1,654596
cpxRp2,3.0,6,1,TCTCGCGGCTTAGAAGGAAA,5,699968
cpxRp2,1.0,2,1,TCTCCCTCGATTTAATGAGG,1,692253
cpxRp2,2.0,4,1,TCTCCCGGGTCCTAACATAT,3,694779
cpxRp2,3.0,6,1,TCTCACCGTTCGTAATGCAA,5,679869
cpxRp2,1.5,3,1,TCTATTACACAATAGTACAC,2,633259
cpxRp2,3.0,6,1,TCTATCCCGGGGGCACTCTT,5,670117
cpxRp2,1.0,2,1,TCTATAGTCACCGTTACACA,1,668925
cpxRp2,3.0,6,1,TCTATAATAATGCCTCGACT,5,704047
cpxRp2,1.0,2,1,TCTAAGGAAGCCTGATGCGG,1,694618
cpxRp2,3.5,7,1,TCGTTTGAACTCTCTGGGTT,6,692694
cpxRp2,3.0,6,1,TCGTTTCAGCCACTACCACA,5,705211
cpxRp2,4.5,9,1,TCGTGTCGGGGAAAGGCACG,8,664891
cpxRp2,1.5,3,1,TCGTGTAAGAAGGCCGTTGA,2,640050
cpxRp2,5.0,10,1,TCGTGGTGTCGCCCGTATTT,9,680371
cpxRp2,1.5,3,1,TCGTGCTAAATAGTGTCCTT,2,664683
cpxRp2,4.0,8,1,TCGTGCCGGAACTCCTCGCT,7,656860
cpxRp2,1.5,3,1,TCGTCGTAGAGCTCCGTGAT,2,661134
cpxRp2,1.0,2,1,TCGTCCTTCCATATCTTGGC,1,674393
cpxRp2,1.5,3,1,TCGTCAAGGGAACAACCCAC,2,636576
cpxRp2,15.5,31,1,TCGGTTAGGCCCGCCCTGGG,30,648159
cpxRp2,4.0,8,1,TCGGTAATAGTAAGGAAATT,7,652185
cpxRp2,1.5,3,1,TCGGGCTCGGATTCTTGGTC,2,704472
cpxRp2,2.5,5,1,TCGGGAGTGGTGTTCTTCAC,4,701303
cpxRp2,4.5,9,1,TCGGGACGACTTCACCCGTG,8,664001
cpxRp2,20.0,40,1,TCGGCTGCCCAAACGTTGAA,39,707206
cpxRp2,2.5,5,1,TCGGCGGGACTTGACGTATC,4,654395
cpxRp2,1.0,2,1,TCGGCCTAAGGCAGATCATC,1,648666
cpxRp2,1.0,2,1,TCGCTATTCGAAAATGAATC,1,634315
cpxRp2,3.5,7,1,TCGCGCTTATAGCGCTATGG,6,662656
cpxRp2,4.0,8,1,TCGCCGAGCACGCTCCCGCT,7,637285
cpxRp2,2.5,5,1,TCGCAACAGCTATCACGAAC,4,681641
cpxRp2,12.0,24,1,TCGATTAATTGGGGTTGAGC,23,711873
cpxRp2,2.0,4,1,TCGAATGTCGTAGGTAGGGA,3,642478
cpxRp2,1.5,3,1,TCGAATAGGAGTAGCCGTGT,2,701393
cpxRp2,2.0,4,1,TCGAAGCAAGAGGTAACCAC,3,672292
cpxRp2,6.0,12,1,TCCTGGGGGCAGGTCAGCTA,11,698667
cpxRp2,3.0,6,1,TCCTGAGCCCTTGTGGCGCA,5,635904
cpxRp2,5.0,10,1,TCCTCGCGTTCGCTCGCTCA,9,666140
cpxRp2,3.5,7,1,TCCTCCGAGGAGACGCAGTA,6,644417
cpxRp2,6.0,12,1,TCCTCCAGCGTGACGTGCAA,11,685197
cpxRp2,2.0,4,1,TCCGTTTAGCACTTTGAAAC,3,689726
cpxRp2,1.0,2,1,TCCGGTACTGATGTGATTCT,1,680739
cpxRp2,1.5,3,1,TCCGGCACGTTCAAATCAAC,2,643954
cpxRp2,1.0,2,1,TCCGCGTTTCCGTGCCCAAG,1,632095
cpxRp2,2.0,4,1,TCCGATTCGATCGCGATTTT,3,701075
cpxRp2,1.5,3,1,TCCGAAATAGTAATAGTGCC,2,642746
cpxRp2,1.0,2,1,TCCCTATGGCGATGGTGTTA,1,698066
cpxRp2,2.5,5,1,TCCCCGGCGCACTTTAGACA,4,694841
cpxRp2,3.0,6,1,TCCCCCGATATTAAGAGGGG,5,688172
cpxRp2,1.0,2,1,TCCCATAGGGTAAAACGCCT,1,702896
cpxRp2,3.5,7,1,TCCCAGCGAGGCCTCCTTTT,6,644656
cpxRp2,2.5,5,1,TCCCACGTTAAAGAGTACTT,4,661747
cpxRp2,2.0,4,1,TCCCACGAGCGTTATTGCTT,3,635134
cpxRp2,2.5,5,1,TCCCAAATGCAAACAATAAA,4,635006
cpxRp2,2.0,4,1,TCCATGTTGCCTAAGCGAAT,3,711080
cpxRp2,4.0,8,1,TCCAGGCAAATCAGTGCTCT,7,701102
cpxRp2,5.0,10,1,TCCACAGCGCATCAGTCTTA,9,703522
cpxRp2,1.0,2,1,TCCAACTATATGGCTCAAGT,1,632844
cpxRp2,4.5,9,1,TCATTTGTAAGACAACTGCC,8,706633
cpxRp2,1.0,2,1,TCATTGGGAGGGGAGCCGAA,1,682023
cpxRp2,1.0,2,1,TCATGATCATTATTGATCTT,1,673816
cpxRp2,3.5,7,1,TCATCGCTGCACCATCGCGC,6,666729
cpxRp2,4.0,8,1,TCATCCCCGTCATAAAATCG,7,710113
cpxRp2,3.0,6,1,TCAGTTGGTTCCTGTCATGA,5,636764
cpxRp2,2.0,4,1,TCAGTGATACCTCCTCTAAA,3,664208
cpxRp2,2.0,4,1,TCAGTATGCGGTATCCTTAA,3,678662
cpxRp2,1.0,2,1,TCAGTAGGATCAGTACACAG,1,705776
cpxRp2,1.5,3,1,TCAGTAGCAACTCCCTCGAT,2,678251
cpxRp2,1.5,3,1,TCAGGCGGTACCAGTCGGAA,2,658394
cpxRp2,7.0,14,1,TCAGGCGCGTCGCCGGATCG,13,696943
cpxRp2,2.0,4,1,TCAGGATGTTGGAGCATCCA,3,679652
cpxRp2,2.5,5,1,TCAGCTGAACGCTGAGACCA,4,646404
cpxRp2,3.5,7,1,TCAGATAAAGACGTCTGCTT,6,672012
cpxRp2,3.0,6,1,TCAGACGGCGGCCGAGGCAG,5,695607
cpxRp2,5.5,11,1,TCAGAACATCGGTTAAAATA,10,677363
cpxRp2,4.0,8,1,TCACGATAATCAGGTTACGT,7,669407
cpxRp2,1.0,2,1,TCACCAGACAGCTATAATAG,1,674100
cpxRp2,2.0,4,1,TCACAGTACTCAGCTCGTGA,3,673342
cpxRp2,3.5,7,1,TCACAATTTATCGGCCGTCC,6,646348
cpxRp2,3.0,6,1,TCACAACCGTGTATTAGCCC,5,694193
cpxRp2,1.0,2,1,TCAATCCTCGGGGCAGCCCC,1,706395
cpxRp2,7.0,14,1,TCAAGATGACTCAGGATCTG,13,708850
cpxRp2,6.0,12,1,TCAACGAACTTGATCCAGCA,11,646847
cpxRp2,9.5,19,1,TCAAAATAACCGGTGACAAC,18,641038
cpxRp2,2.0,4,1,TATTTGCTAGTACATTGTGA,3,674658
cpxRp2,1.0,2,1,TATTTAGTAGCTCTGAGTGC,1,667660
cpxRp2,4.0,8,1,TATTTACTGTGAAGCTTGAC,7,657207
cpxRp2,4.5,9,1,TATTTACGCTACGGATCAAC,8,670813
cpxRp2,1.0,2,1,TATTTACAATAACATCTAAT,1,650984
cpxRp2,2.0,4,1,TATTGTATTGATGTTTCCCG,3,692827
cpxRp2,1.5,3,1,TATTCGTGGCTGCGACGGGT,2,710492
cpxRp2,3.0,6,1,TATTCGCAGGAACGCGGACA,5,631914
cpxRp2,2.0,4,1,TATTATCTAGAAGACACGCT,3,647308
cpxRp2,2.0,4,1,TATGTTCCGCTATATACAGG,3,703917
cpxRp2,2.5,5,1,TATGTTCAGCTGGGGAGATA,4,688333
cpxRp2,18.5,37,1,TATGTGGGGAGATCCCTAGA,36,708237
cpxRp2,1.5,3,1,TATGTCTAATTAAAAGCGTT,2,651996
cpxRp2,27.0,54,1,TATGTCGCCATATGAAGACA,53,647705
cpxRp2,3.0,6,1,TATGTACACCTTCAGTCCAT,5,670458
cpxRp2,5.5,11,1,TATGGTACGAGATGATATAT,10,664876
cpxRp2,1.5,3,1,TATGGAAATTATGTCCTTTA,2,692436
cpxRp2,1.0,2,1,TATGCGTGTGAAGAGCTTAC,1,708413
cpxRp2,1.0,2,1,TATGCCAGGTACTCGACCAA,1,700177
cpxRp2,4.0,8,1,TATGCAAAAATGAGTGAAGC,7,698509
cpxRp2,3.0,6,1,TATGAGACCGCGGATTTGCG,5,686579
cpxRp2,1.0,2,1,TATGACCTTTAAACTAAGCG,1,646713
cpxRp2,1.5,3,1,TATGAATATCCACGCCATAA,2,635360
cpxRp2,5.0,10,1,TATCTGCGTGAATAGGTGCG,9,657940
cpxRp2,2.5,5,1,TATCGGTCAACACTAGATAG,4,667978
cpxRp2,1.5,3,1,TATCGGGGTGGGAATGGGCT,2,643010
cpxRp2,1.0,2,1,TATCCAGGCGTTCGATTGCA,1,703582
cpxRp2,9.5,19,1,TATCAGGTGCACATTACCAT,18,705805
cpxRp2,3.0,6,1,TATAGGGTTCGCTGAAGCAG,5,692705
cpxRp2,2.0,4,1,TATACCCGAGGTGTATGTTA,3,642524
cpxRp2,30.0,60,1,TATACCCATGTCCGGAGATC,59,640903
cpxRp2,1.5,3,1,TATACACCCCAGTCTACTCC,2,635480
cpxRp2,1.5,3,1,TATAACCCCTACGGGCGCAT,2,659614
cpxRp2,1.5,3,1,TAGGTTTGTCGCGTCCCGAT,2,631369
cpxRp2,1.5,3,1,TAGGTTGTTACACCATACGG,2,678794
cpxRp2,2.5,5,1,TAGGGTATTGAACTCTTCCT,4,693394
cpxRp2,1.0,2,1,TAGGGGTTACAGGGTGTCTC,1,664255
cpxRp2,3.5,7,1,TAGGGGGTACGTCCGATTTA,6,633926
cpxRp2,1.0,2,1,TAGGGCATGTAAAGAGAGTA,1,668707
cpxRp2,8.0,16,1,TAGGCTTTGTTTCGTTAGTT,15,661396
cpxRp2,2.5,5,1,TAGGCATGCCGGTACGCTTC,4,653551
cpxRp2,4.0,8,1,TAGGAATATTGAGATTCAAC,7,673440
cpxRp2,2.0,4,1,TAGCCGAGGCTTCCGAATGA,3,704916
cpxRp2,8.5,17,1,TAGCATACAGAACGAAAGTA,16,661393
cpxRp2,2.5,5,1,TAGATTAACTTCCCTTACGT,4,660696
cpxRp2,1.0,2,1,TAGAGGTCTGGCTCTCGGAG,1,655632
cpxRp2,1.5,3,1,TAGAGGCTGAAACCAGATTT,2,662394
cpxRp2,8.0,16,1,TAGACTTCCAAAAGTGGCCT,15,675466
cpxRp2,1.5,3,1,TAGACGTTTGGTTTGTACAT,2,708319
cpxRp2,3.0,6,1,TAGACGTGTGTGGCCACGTA,5,671482
cpxRp2,3.0,6,1,TAGACCAGTTGCGGTTTATG,5,687347
cpxRp2,2.5,5,1,TAGAAGCTGCTTGGTTTCAC,4,680782
cpxRp2,1.5,3,1,TACTTATCTGTTGCAACCAC,2,630737
cpxRp2,4.0,8,1,TACTGTAAGGCGCGAGACTA,7,687368
cpxRp2,1.0,2,1,TACTGCCGCGGCACAATTCT,1,662707
cpxRp2,1.0,2,1,TACTCCCCGCCAAACATAGA,1,660706
cpxRp2,4.0,8,1,TACTCAGGATGTCATCCTTA,7,648334
cpxRp2,1.0,2,1,TACTACAAAGGAAAATATTT,1,699344
cpxRp2,3.0,6,1,TACGTGCTCGAATCATCCGG,5,635247
cpxRp2,2.5,5,1,TACGTCATAGTACACCCCGG,4,672472
cpxRp2,1.5,3,1,TACGGTCCTTAAACTGGCGC,2,673242
cpxRp2,2.5,5,1,TACGGATTACAGCATGTTAG,4,678949
cpxRp2,2.0,4,1,TACGGACGCATTACAACGGT,3,671106
cpxRp2,3.5,7,1,TACGATTCGTGTTCACTAGG,6,707269
cpxRp2,5.0,10,1,TACGATTCCTAGGCGAGGGG,9,691801
cpxRp2,1.5,3,1,TACCTATACCCGGTCGTATA,2,659083
cpxRp2,2.5,5,1,TACCGGAGGGCAGGGAGCGG,4,686208
cpxRp2,1.5,3,1,TACCGAAATCACTACTCAGA,2,647089
cpxRp2,4.5,9,1,TACAGTTGGGGAGGATTACT,8,653888
cpxRp2,2.0,4,1,TACAGCGGGGTCACGGAAGT,3,660586
cpxRp2,2.0,4,1,TACACGGAAGGGACTGCCCA,3,708781
cpxRp2,2.5,5,1,TACACCGGCGAACAGCGAGT,4,653183
cpxRp2,1.5,3,1,TACACAGTTCCTCGTCATGA,2,699720
cpxRp2,2.5,5,1,TACAATTGCTTCGCTATCAA,4,644446
cpxRp2,4.0,8,1,TACAAGTATAGATTCTGATA,7,703532
cpxRp2,1.5,3,1,TACAACGATTTGTCAGAGGT,2,638370
cpxRp2,1.0,2,1,TACAAATTTGGGTCAGGCCT,1,693739
cpxRp2,1.5,3,1,TACAAATAGCTCCTGTCATA,2,676026
cpxRp2,6.0,12,1,TAATTAGGGGTCCTCTTCGC,11,675494
cpxRp2,4.0,8,1,TAATGTTGGCCATATTAACG,7,684411
cpxRp2,6.0,12,1,TAATCGGAGATCATGAGATT,11,662849
cpxRp2,3.5,7,1,TAATCCAGAGAACAAGTCCT,6,710973
cpxRp2,7.0,14,1,TAATAACAGAATGGGCAGGA,13,661313
cpxRp2,5.5,11,1,TAAGGGATGCCTTCGGGGGT,10,672056
cpxRp2,5.5,11,1,TAAGAGTTAACCAGTTTACA,10,651424
cpxRp2,1.0,2,1,TAAGAGCAGGATGCATTAAT,1,690191
cpxRp2,1.5,3,1,TAAGAATATTATTCTAAGAT,2,648346
cpxRp2,2.0,4,1,TAAGAAGGCGGATAATTCCG,3,636529
cpxRp2,6.0,12,1,TAACTTCAACCTACATTTTC,11,700292
cpxRp2,2.0,4,1,TAACTGGTTCTATGTTCTTT,3,638181
cpxRp2,1.0,2,1,TAACTCAACACGAACATTTC,1,662948
cpxRp2,2.0,4,1,TAACTAGCGTAACCAACGGT,3,665945
cpxRp2,2.0,4,1,TAACGACGCTAAAGTTCAGT,3,646841
cpxRp2,2.0,4,1,TAAACGCCCGTGATATGGTC,3,696923
cpxRp2,2.0,4,1,TAAACGAGTATAGCTTCGTT,3,661910
cpxRp2,3.5,7,1,TAAAAGGGGCGGAGTAATCT,6,634349
cpxRp2,3.0,6,1,TAAAAGGCTTTCGGGGCAGC,5,652048
cpxRp2,1.0,2,1,TAAAAGCGAGTGTAAACTTT,1,651878
cpxRp2,2.0,4,1,TAAAAATGAGGCGATCGACT,3,674147
cpxRp2,1.5,3,1,TAAAAAGTTGACTGGGCGGC,2,642857
cpxRp2,2.5,5,1,GTTTGGTGGATCTACTTCAC,4,632194
cpxRp2,1.0,2,1,GTTTGCCATTTTATGTGTCC,1,651421
cpxRp2,1.0,2,1,GTTTGATCGACAGCTTGCTC,1,677254
cpxRp2,9.0,18,1,GTTTCGCATGTCCTAACTGT,17,702055
cpxRp2,2.0,4,1,GTTTCAGTAGGCCTGGCAAC,3,676628
cpxRp2,1.5,3,1,GTTTAGTGGCATACGAGAGA,2,698876
cpxRp2,5.0,10,1,GTTTACACCCGTCCTGCGCA,9,656763
cpxRp2,1.0,2,1,GTTGTTTCGCCTCACTGGGT,1,672281
cpxRp2,2.5,5,1,GTTGTACCACCCGCGGGTGG,4,656317
cpxRp2,3.0,6,1,GTTGGCTCTTGAAGCATACT,5,686781
cpxRp2,1.5,3,1,GTTGGCGGCATTTTAGACAG,2,689791
cpxRp2,1.5,3,1,GTTGGAATTAACGTGGAACT,2,689512
cpxRp2,1.0,2,1,GTTGCTACCTGGTTACGACC,1,630055
cpxRp2,2.0,4,1,GTTGCGCAGATTGGTAGGGT,3,645273
cpxRp2,1.0,2,1,GTTGCATTTCTCATCGAGCA,1,686406
cpxRp2,1.5,3,1,GTTGACGTGGTACGGATTTG,2,630610
cpxRp2,4.5,9,1,GTTGACGTGGCGAATGGCAG,8,646966
cpxRp2,1.5,3,1,GTTCTTTCCGCCGGAGATAA,2,705359
cpxRp2,2.5,5,1,GTTCGAAGTGGGTCTTCCGC,4,702003
cpxRp2,4.0,8,1,GTTCCGGTATTTCTCGACCC,7,667249
cpxRp2,1.5,3,1,GTTCCAAGAGTGCGCGGTCC,2,642653
cpxRp2,1.0,2,1,GTTCAGAAAAAGGCCATGTA,1,694795
cpxRp2,2.5,5,1,GTTCACCCCACTATTCGAGG,4,669564
cpxRp2,2.5,5,1,GTTATTTTTAAGTATGTTCA,4,650939
cpxRp2,4.5,9,1,GTTATATTCACGTATAGATG,8,652173
cpxRp2,1.5,3,1,GTTAGTGCACCAGCTCAGAA,2,651754
cpxRp2,4.0,8,1,GTTAGGGGGACCGGTTCATG,7,660356
cpxRp2,1.0,2,1,GTTACGTGGATCCACGCGAT,1,710544
cpxRp2,5.0,10,1,GTTAATGGGGCATTCTTAGT,9,693867
cpxRp2,1.0,2,1,GTTAATGATGTTTCGCCGGA,1,668712
cpxRp2,7.0,14,1,GTGTTCCTCACACGCCGGTG,13,686474
cpxRp2,1.0,2,1,GTGTCCCTGCCGAAAAATTT,1,642471
cpxRp2,1.5,3,1,GTGTCCATTAGTTCTTTGTC,2,667098
cpxRp2,3.0,6,1,GTGTCCACTAAGAAACCGTA,5,675185
cpxRp2,2.0,4,1,GTGTCAGAGCAGAGGAGGGG,3,706296
cpxRp2,3.0,6,1,GTGTATGTGTCCAATGCAGG,5,684440
cpxRp2,2.5,5,1,GTGTACGTGCCCCCAGAATG,4,664849
cpxRp2,1.5,3,1,GTGGTCTACTAGCCGAGTAC,2,690099
cpxRp2,3.5,7,1,GTGGTCTAACAGAGCGCGGG,6,693833
cpxRp2,1.0,2,1,GTGGGGGGAGCTCGTGCAAC,1,669358
cpxRp2,6.5,13,1,GTGGGATTGGTAGACTCGGG,12,663167
cpxRp2,2.0,4,1,GTGGGATGGATAGTCTCAAA,3,644195
cpxRp2,5.5,11,1,GTGGCCTATGGGTACTAAGT,10,679315
cpxRp2,7.0,14,1,GTGGAGGCCAGACTTGCTAG,13,640793
cpxRp2,1.0,2,1,GTGCTGATTGTATGAATCGG,1,706274
cpxRp2,1.5,3,1,GTGCGCCGCCTTCTACCTCA,2,696692
cpxRp2,2.0,4,1,GTGCGATATAGCGGTAGGAC,3,690745
cpxRp2,1.0,2,1,GTGCCAGGGGTCGCCTAGAG,1,703721
cpxRp2,3.0,6,1,GTGCAGCACCACCTCGAAGG,5,677174
cpxRp2,1.5,3,1,GTGCACGGATCGACATTCGT,2,699626
cpxRp2,2.5,5,1,GTGATACGTGTCGAGGCCCT,4,695909
cpxRp2,1.0,2,1,GTGAGGGCTCCTGGAATCAC,1,665053
cpxRp2,2.5,5,1,GTGAGGAAACTAAAACCTCC,4,638029
cpxRp2,1.0,2,1,GTGACTCGAAGGGGAATAGG,1,664687
cpxRp2,5.0,10,1,GTGACGTTTGCACGCTCAAC,9,673113
cpxRp2,6.0,12,1,GTGAATAAGTCTATACTCCA,11,674533
cpxRp2,1.0,2,1,GTCTTTTGCTTGGGGATACA,1,693463
cpxRp2,3.0,6,1,GTCTTTGGCTCCCATGTTAG,5,643958
cpxRp2,2.5,5,1,GTCTTCCTTTGTGCGCAAAG,4,687810
cpxRp2,3.5,7,1,GTCTTAGTCCGCGGGGACCA,6,648409
cpxRp2,3.5,7,1,GTCTTAGGACATGTTCCAAA,6,682877
cpxRp2,1.5,3,1,GTCTGGTAGCTATCTTCCGC,2,679231
cpxRp2,1.0,2,1,GTCTCCCGGGGTTTAGAAGT,1,654450
cpxRp2,3.5,7,1,GTCTATTCCCGGTCTAATTT,6,660141
cpxRp2,1.0,2,1,GTCTATGACCAGACCTCGCT,1,630574
cpxRp2,5.0,10,1,GTCGTGGCTGCACAATAGCA,9,656444
cpxRp2,1.0,2,1,GTCGTGCCACTGTCCTGATC,1,643370
cpxRp2,3.5,7,1,GTCGTAAAGAGCATACGGAT,6,638335
cpxRp2,5.0,10,1,GTCGCGTGTCCATTGCATGA,9,655066
cpxRp2,3.0,6,1,GTCGAGTTATATCTCAAGCC,5,663754
cpxRp2,2.0,4,1,GTCCTCTGAAATCCGGGCCA,3,650282
cpxRp2,1.5,3,1,GTCCGTTTCTACTACATTTT,2,667828
cpxRp2,5.0,10,1,GTCCGCCAGTGACTCAATCT,9,631347
cpxRp2,1.0,2,1,GTCCCTGTGGTACTAAGTTA,1,637948
cpxRp2,2.5,5,1,GTCCCCCATTTATTCCATAC,4,635433
cpxRp2,1.5,3,1,GTCCAGTTACAGCTCCTGCC,2,647005
cpxRp2,1.0,2,1,GTCATTAGTATGGGGAACCA,1,641232
cpxRp2,2.0,4,1,GTCATGTGGCCCTATAAATT,3,654779
cpxRp2,3.5,7,1,GTCATACGCTTCATACTGCG,6,669852
cpxRp2,3.0,6,1,GTCAGGGGATAAAGCACCTC,5,686230
cpxRp2,4.5,9,1,GTCACTGAGACCCGTATCGC,8,703019
cpxRp2,1.5,3,1,GTCACGTATGTCTTCAACAT,2,679524
cpxRp2,5.5,11,1,GTCACATAACAGCGAGGATG,10,676829
cpxRp2,1.0,2,1,GTATGTTTGTGAAAGTGAAG,1,629961
cpxRp2,3.5,7,1,GTATGCACATTGGAGAGTTA,6,664423
cpxRp2,1.5,3,1,GTATGATAAAATCTAACGTA,2,688865
cpxRp2,9.0,18,1,GTATCTTCCCTCTGACGCAA,17,661923
cpxRp2,3.0,6,1,GTATATTATAGCACAGGCTC,5,690528
cpxRp2,1.0,2,1,GTATAGAAAGGTGCTCTCGC,1,669261
cpxRp2,2.5,5,1,GTAGGCTGTACCCCGAGCAT,4,691710
cpxRp2,5.5,11,1,GTAGACAGTGCAAGAAGCAG,10,668336
cpxRp2,1.0,2,1,GTAGAACTGCAGTTTCGGTT,1,680164
cpxRp2,4.0,8,1,GTAGAACGGGTGGGTCAGGT,7,665927
cpxRp2,2.5,5,1,GTACTATGCGAGCCAGAATG,4,685641
cpxRp2,2.5,5,1,GTACGATATCTGCACTCCTC,4,680846
cpxRp2,2.0,4,1,GTACGAGCAGGTTGCCAGGG,3,654843
cpxRp2,3.0,6,1,GTACCTGATCGAGATACTCT,5,683845
cpxRp2,1.5,3,1,GTACATTCTGCTTTGGACCT,2,641939
cpxRp2,1.0,2,1,GTACATTAATATGTCGCATA,1,667692
cpxRp2,3.5,7,1,GTACAAGCAAGCAGCCGCCC,6,683273
cpxRp2,1.0,2,1,GTAATTCAGATTGGATACCC,1,662739
cpxRp2,1.5,3,1,GTAAGGGACAGGTTTCCAAA,2,670939
cpxRp2,8.0,16,1,GTAACGTCTCTCCTGGTGAT,15,643220
cpxRp2,11.0,22,1,GGTTTGCTTTACTTAGTTTA,21,645775
cpxRp2,3.0,6,1,GGTTTGAGCCGGTGACACAG,5,666947
cpxRp2,4.0,8,1,GGTTCGGGCGTAGTATGTAC,7,684789
cpxRp2,7.5,15,1,GGTTCAAACTGGAGACGTGG,14,689085
cpxRp2,1.5,3,1,GGTGTTAGGACTGTCTAGGC,2,671156
cpxRp2,1.0,2,1,GGTGCCGATATGCACAGCTG,1,641390
cpxRp2,1.0,2,1,GGTGCATAACCATTGAGCTC,1,635138
cpxRp2,6.5,13,1,GGTGCAGCCGAACGTGGGTT,12,637384
cpxRp2,3.0,6,1,GGTGATTCCCTGCAACCGCG,5,709235
cpxRp2,3.5,7,1,GGTGATTAAGCCGAGGGGGT,6,640336
cpxRp2,2.0,4,1,GGTCTGTATAATCGCGCTTG,3,675400
cpxRp2,1.5,3,1,GGTCGAGTATTCACTCCTTT,2,668123
cpxRp2,3.0,6,1,GGTCCTAGGGTATTAGGGAC,5,700000
cpxRp2,1.5,3,1,GGTCCGCAACGAGGTAGGAT,2,681380
cpxRp2,1.5,3,1,GGTCCAGATGACCAGTCCGG,2,649218
cpxRp2,1.0,2,1,GGTCCAAGGTCGTGGCTGGC,1,665448
cpxRp2,14.5,29,1,GGTCATGGTCTACTCGAGCG,28,707407
cpxRp2,1.0,2,1,GGTCATCGTTGCAGGCACGT,1,690377
cpxRp2,4.0,8,1,GGTATAGGCTCAAAAATATC,7,665732
cpxRp2,1.0,2,1,GGTACTCGACCCAGTTTTGA,1,695363
cpxRp2,3.0,6,1,GGTAAATCTCGCACTATGCT,5,671814
cpxRp2,2.0,4,1,GGTAAAACGCTCGCCCGGGC,3,676400
cpxRp2,14.5,29,1,GGTAAAAACCCCATTCATTG,28,703138
cpxRp2,3.5,7,1,GGGTTTATTCGGAGAAGAAT,6,670343
cpxRp2,2.0,4,1,GGGTTCCAAAATAAGATTGC,3,709141
cpxRp2,1.5,3,1,GGGTTAACACCACCTGATGA,2,649564
cpxRp2,1.0,2,1,GGGTGCGATACGGTCGAATC,1,649286
cpxRp2,4.5,9,1,GGGTGCAAATCGCCCGATAC,8,704821
cpxRp2,1.5,3,1,GGGTGACTGTGACTTAAATG,2,709734
cpxRp2,1.5,3,1,GGGTGAACCAGCAGGCCCGC,2,667921
cpxRp2,1.0,2,1,GGGTCATGTATCCTCAACGC,1,677673
cpxRp2,2.0,4,1,GGGTCAAAGAGCAGCAGCAC,3,631109
cpxRp2,1.0,2,1,GGGTCAAAGACGATAGAATG,1,637081
cpxRp2,2.0,4,1,GGGTATTAAATCCTTTAAGG,3,663624
cpxRp2,3.0,6,1,GGGTATAGACCGTGCCCATG,5,652878
cpxRp2,1.0,2,1,GGGGTTGCGAGGCCATCACG,1,680355
cpxRp2,4.0,8,1,GGGGTTCTTGGAGCGCCGAT,7,637108
cpxRp2,2.5,5,1,GGGGTCAAGTTAAGCTATCG,4,711005
cpxRp2,3.0,6,1,GGGGGTGCTGCGTTATCCCA,5,703709
cpxRp2,1.5,3,1,GGGGGTAGATGTAGAGACTC,2,688364
cpxRp2,7.5,15,1,GGGGGCTGTTCAACATGGGG,14,684781
cpxRp2,1.0,2,1,GGGGCGGCCATGGCGAAAAG,1,703453
cpxRp2,2.5,5,1,GGGGCCTACTGGTAACTAAT,4,638960
cpxRp2,8.0,16,1,GGGGCATCCATCCTAATGCC,15,691125
cpxRp2,2.0,4,1,GGGCTAAAGCGAGGTCCATT,3,650864
cpxRp2,3.5,7,1,GGGCGGTGGTTATTCCCCCT,6,648932
cpxRp2,1.5,3,1,GGGCGGAGTTAGTGATCAGG,2,639384
cpxRp2,4.0,8,1,GGGCCTGGTGGTTATAACGA,7,630021
cpxRp2,1.5,3,1,GGGCCTATTGAATGCGATCT,2,630014
cpxRp2,1.0,2,1,GGGCCGGGACGCATTAAATC,1,670060
cpxRp2,5.0,10,1,GGGCCACTGCGGAGAAAGAG,9,693033
cpxRp2,1.0,2,1,GGGCAAGACACGAGATGCGG,1,640586
cpxRp2,1.0,2,1,GGGATATCGCAGGTCTCGCC,1,650714
cpxRp2,1.0,2,1,GGGAGTGTTACGTCTTAAGC,1,655281
cpxRp2,1.5,3,1,GGGAGGGAGGCCGTGATGGT,2,661772
cpxRp2,3.5,7,1,GGGAGCGCGAGATCGTTAAT,6,650933
cpxRp2,2.5,5,1,GGGAGAGGTATTGTGAGTCA,4,666262
cpxRp2,3.5,7,1,GGGACGCTTCGTTAGTAGGC,6,636858
cpxRp2,3.5,7,1,GGGAACAGTTATGGTTTAGA,6,696124
cpxRp2,4.0,8,1,GGGAACACTGTCCGATATTT,7,663684
cpxRp2,1.5,3,1,GGGAAATGCCCGAAAGTTAC,2,711089
cpxRp2,4.0,8,1,GGCTTAGCTGCCTGTATATC,7,709457
cpxRp2,1.0,2,1,GGCTTAGCATATAGAGCAAT,1,651275
cpxRp2,5.0,10,1,GGCTTAACACATGCAACGGT,9,673015
cpxRp2,10.0,20,1,GGCTGTCGCGGTATAGCACC,19,688773
cpxRp2,1.5,3,1,GGCTGGCATCGACTTCATGA,2,676990
cpxRp2,4.0,8,1,GGCTCTCATGAAAAAGTACC,7,667786
cpxRp2,3.5,7,1,GGCTACAATCATTAACGGAT,6,694538
cpxRp2,2.0,4,1,GGCGTGTCGAAAATTTCAGA,3,635358
cpxRp2,1.5,3,1,GGCGTCAAAGGACCGTATGT,2,630959
cpxRp2,1.0,2,1,GGCGGTCGTCCAGAGAGGTT,1,674115
cpxRp2,4.5,9,1,GGCGCTCCGGCTTGCAGTGA,8,651208
cpxRp2,5.0,10,1,GGCGAGCATAGACTCGTTTC,9,635602
cpxRp2,1.5,3,1,GGCGAACCTCGGCCTGTGTT,2,691116
cpxRp2,4.5,9,1,GGCCCCGGGTATTGGAGCGA,8,675642
cpxRp2,1.5,3,1,GGCCATGGCATGGAGACATC,2,649966
cpxRp2,8.0,16,1,GGCCAAGCGCCGCTGTCAAC,15,662462
cpxRp2,3.0,6,1,GGCATGGGTTTAAGAACCGT,5,667991
cpxRp2,3.0,6,1,GGCATACAAGCGGGAGATTC,5,700981
cpxRp2,1.0,2,1,GGCAGGTCAACGCGAAGGAT,1,638905
cpxRp2,6.0,12,1,GGCAGCCTGTCATAGTAGAG,11,655667
cpxRp2,5.0,10,1,GGCAGCCGTCTGCCGGGTGC,9,629993
cpxRp2,1.0,2,1,GGCACGCATTATCGACTTAT,1,699796
cpxRp2,4.5,9,1,GGCACATGGTGATTTGCGCT,8,662848
cpxRp2,1.0,2,1,GGCAATCGATAGGCAACTTA,1,685259
cpxRp2,4.0,8,1,GGCAAGAGGGCCTTAGGAAG,7,676283
cpxRp2,5.5,11,1,GGCAAATCTGCACCCCTGAC,10,650011
cpxRp2,1.0,2,1,GGATTGATGTAACTTATGGG,1,634504
cpxRp2,1.5,3,1,GGATTCGAGCAGCACAGTGA,2,687088
cpxRp2,1.5,3,1,GGATTAGCTCTGGGGTAAGT,2,666305
cpxRp2,2.0,4,1,GGATGTATCGCGGAAGGTTG,3,700446
cpxRp2,3.0,6,1,GGATGGTGCTTTTAAGTTAC,5,632397
cpxRp2,5.0,10,1,GGATGGGTAAGCCCTACTGA,9,666444
cpxRp2,1.0,2,1,GGATGCCTAAGGGCTTTAAT,1,657838
cpxRp2,5.0,10,1,GGATGATTAAAGACGTCATT,9,636941
cpxRp2,2.5,5,1,GGATGACAGGGCGAGCATAC,4,691517
cpxRp2,3.5,7,1,GGATCACCCGACGACATAGT,6,684376
cpxRp2,3.0,6,1,GGAGTTAATCAGAGACCCAG,5,710061
cpxRp2,1.0,2,1,GGAGGGTGATCCACTCGATC,1,707970
cpxRp2,4.0,8,1,GGAGGCGTCACCGTCGTAAA,7,705549
cpxRp2,4.5,9,1,GGAGGCACTACCCTTCCCAC,8,696591
cpxRp2,2.0,4,1,GGAGCGCAATAGCCGCACGA,3,674035
cpxRp2,3.5,7,1,GGAGCCAAATATGCACTCCA,6,685433
cpxRp2,1.0,2,1,GGAGCAAGTGCAGCTTCTCT,1,683800
cpxRp2,2.0,4,1,GGACGTGGTCCGTGTGGCTC,3,706552
cpxRp2,1.0,2,1,GGACGCACCCGCCTTTACAT,1,711852
cpxRp2,2.5,5,1,GGACCGTCCGCATGACCACT,4,665145
cpxRp2,2.5,5,1,GGACCAGGGCACGGAAACCC,4,660603
cpxRp2,4.0,8,1,GGACAACTTGTTTCCGCGCT,7,659371
cpxRp2,2.5,5,1,GGACAACAAAGTGCTGTTGG,4,673828
cpxRp2,2.0,4,1,GGAATGAGTGCCCAACAACA,3,671434
cpxRp2,1.0,2,1,GGAATCAGGTTGCAAGCAAC,1,692495
cpxRp2,1.5,3,1,GGAAGTACCGACAGAAACTT,2,698896
cpxRp2,4.5,9,1,GGAAGGTTTAAACCGATGAT,8,677179
cpxRp2,1.5,3,1,GGAAGAGTATAGTTCTATTT,2,667832
cpxRp2,1.0,2,1,GGAACTCCGGGTATTACACG,1,663534
cpxRp2,9.5,19,1,GGAACCCTAACTGGCTAAGA,18,691434
cpxRp2,2.0,4,1,GGAACCATTGATGGCTATGT,3,688412
cpxRp2,1.0,2,1,GGAAAAAAACTGAATTGGGC,1,636008
cpxRp2,2.5,5,1,GCTTGTTACACCTTATAATG,4,635945
cpxRp2,3.5,7,1,GCTTGACCGGTTCGACGGTT,6,689290
cpxRp2,1.5,3,1,GCTTCGGGTCTAACCGGGTG,2,695828
cpxRp2,2.0,4,1,GCTTAGTTCGACCAACGGGT,3,677177
cpxRp2,1.0,2,1,GCTTACACGCGTAGAATTCC,1,640237
cpxRp2,8.5,17,1,GCTTAAAGCAAGACGAAGCT,16,711790
cpxRp2,1.5,3,1,GCTGTGCCTAGGGACATGGG,2,659545
cpxRp2,1.0,2,1,GCTGGTGGTGAGGCCCCCAG,1,656411
cpxRp2,2.0,4,1,GCTGCTTGACATGATTATTT,3,710590
cpxRp2,2.5,5,1,GCTGATTTACTGACGGGACT,4,708507
cpxRp2,2.5,5,1,GCTGATATGATTCTTTTTTG,4,668480
cpxRp2,3.0,6,1,GCTGAGCTCGGAACAATCTC,5,637513
cpxRp2,5.5,11,1,GCTGACTTATAGATTCGTAA,10,646544
cpxRp2,2.0,4,1,GCTGAACATGAACGTGGAGG,3,695698
cpxRp2,2.0,4,1,GCTCACGAGTTCTCGGCGTT,3,659911
cpxRp2,2.5,5,1,GCTATCCGTGGGGTCTGATG,4,639902
cpxRp2,1.0,2,1,GCTATCAGTCCGCTTCATAC,1,647769
cpxRp2,1.5,3,1,GCTAGTCACACTACAGACAC,2,655123
cpxRp2,3.5,7,1,GCTAGATGTACCGGTTTTAG,6,633803
cpxRp2,3.0,6,1,GCTAGAATATTCCCGGTGAA,5,671546
cpxRp2,5.5,11,1,GCTAATGTTAGCAAGACGAT,10,700001
cpxRp2,1.5,3,1,GCTAAGACCAGAGCAGCGTT,2,633849
cpxRp2,4.5,9,1,GCGTGCTCATTAAGGGGTGT,8,644002
cpxRp2,1.5,3,1,GCGTCGTCATACTCTAATAG,2,646350
cpxRp2,3.0,6,1,GCGTAGCTTTGCTATTCGTG,5,632133
cpxRp2,3.5,7,1,GCGGGTACTATCTCCAGACG,6,637512
cpxRp2,1.5,3,1,GCGGGGAGCTAGGGCGTCAC,2,664769
cpxRp2,2.0,4,1,GCGGGATGAGATTATGTACT,3,666852
cpxRp2,16.5,33,1,GCGGGACGGGGCAGCCCTCA,32,710000
cpxRp2,1.5,3,1,GCGGCTCAAATATTGTATTA,2,655986
cpxRp2,1.0,2,1,GCGGCCAAGAGGGGTATGCA,1,682789
cpxRp2,1.0,2,1,GCGGATCATGTTTACTGTAC,1,676078
cpxRp2,1.0,2,1,GCGCTTTTTCATCCTCTCCC,1,705123
cpxRp2,34.5,69,1,GCGCTACGTTACACACTGAT,68,710843
cpxRp2,4.5,9,1,GCGCTACGGGTCACGGTGTA,8,672766
cpxRp2,2.5,5,1,GCGCGGACCGGTCCGTTACA,4,680053
cpxRp2,3.5,7,1,GCGCCAACCACGACCGGTAC,6,685849
cpxRp2,1.5,3,1,GCGCATAACTGTTCTTGTCA,2,642827
cpxRp2,2.0,4,1,GCGATTACGGGGATCGGGCC,3,707095
cpxRp2,2.5,5,1,GCGATCCCATACATGAAGGT,4,643164
cpxRp2,1.5,3,1,GCGATATCCGAGTGCTCTAT,2,711168
cpxRp2,2.0,4,1,GCGAGCATTAGCCGGGAGTA,3,652683
cpxRp2,4.5,9,1,GCGACGCAGGCAGTTTGGAG,8,663007
cpxRp2,1.0,2,1,GCGACCTCTCCTAGCAGATA,1,671322
cpxRp2,1.5,3,1,GCGACCTAGAATGTGCTCGT,2,639217
cpxRp2,1.5,3,1,GCGACAAGCTCTTACCTGGC,2,666419
cpxRp2,3.5,7,1,GCGACAAGAGTTCACCTTGT,6,670505
cpxRp2,2.5,5,1,GCGAAACTCAAGAGGAACCC,4,704872
cpxRp2,2.5,5,1,GCCTTCGTATCCGGTCTATG,4,705430
cpxRp2,6.0,12,1,GCCTTAACGTATCTTCAAAT,11,655557
cpxRp2,2.0,4,1,GCCTGGCAAGTCTACTGTCT,3,674497
cpxRp2,3.0,6,1,GCCTCTTCGCTTGGAACTAC,5,701579
cpxRp2,2.5,5,1,GCCTATTTGCAACATTCTTT,4,630318
cpxRp2,3.0,6,1,GCCGTATCGCGCCCTTACTG,5,637589
cpxRp2,2.0,4,1,GCCGAGGTAGATATATGTTT,3,667453
cpxRp2,1.0,2,1,GCCGACCCTTCCAAGGGGTT,1,643576
cpxRp2,3.0,6,1,GCCCTGGAAACCACACCGCG,5,703570
cpxRp2,6.0,12,1,GCCCGGTGAAGAGTTACAAA,11,672871
cpxRp2,3.0,6,1,GCCCGACCTCGTTCACGGTA,5,692969
cpxRp2,3.0,6,1,GCCCCCCGTAAACAGCTTTA,5,696782
cpxRp2,1.0,2,1,GCCCATTTCAAATTAACAGC,1,642239
cpxRp2,3.0,6,1,GCCCAGCTTTAAATGGGAGA,5,700571
cpxRp2,3.0,6,1,GCCCAGAGGTTACACTACCG,5,695195
cpxRp2,1.0,2,1,GCCAGCGTCAACTTTATGCT,1,665742
cpxRp2,3.0,6,1,GCATTCGTTGTGGAAATGGA,5,689169
cpxRp2,1.0,2,1,GCATGCACTGCTAAAAAATT,1,630026
cpxRp2,3.5,7,1,GCATCTCCCCGGATGCAGGT,6,647034
cpxRp2,1.0,2,1,GCATCCTTGAATACCCCCCT,1,637709
cpxRp2,7.0,14,1,GCATCAACGGTATGCATAGA,13,711337
cpxRp2,1.5,3,1,GCATATGATTCGTTTCGGGA,2,694802
cpxRp2,1.0,2,1,GCAGTCTCCGTCTGCCGGCC,1,668574
cpxRp2,7.5,15,1,GCAGTAGGTGGTCGCAACCC,14,652904
cpxRp2,1.0,2,1,GCAGGTCTGGTCTGCGGAGT,1,658966
cpxRp2,3.5,7,1,GCAGGGTGTGCCGCGGGTCT,6,670974
cpxRp2,19.5,39,1,GCAGACCCGATGTAGCTGTC,38,648180
cpxRp2,1.5,3,1,GCACGTCGAATCATGATGGT,2,638889
cpxRp2,1.0,2,1,GCACGGCGGCAAGAGTGCGC,1,698179
cpxRp2,2.5,5,1,GCACGCCGGAATGCTGGGTT,4,656726
cpxRp2,2.0,4,1,GCACCGTCGCGCCGGCATCA,3,698163
cpxRp2,1.5,3,1,GCAATGCTGGTCCGCCTCAT,2,659544
cpxRp2,1.0,2,1,GCAATACCGTAACACCTCGA,1,681411
cpxRp2,2.0,4,1,GCAAGTTCAACCGCTCTAAG,3,670106
cpxRp2,1.5,3,1,GCAAGTGCATTATGTGGAGT,2,673327
cpxRp2,2.0,4,1,GATTTTAATTGCCGTCCTAA,3,638090
cpxRp2,1.5,3,1,GATTCCCACTGTAGGAGATC,2,661626
cpxRp2,1.5,3,1,GATTATATTCAAAAAACTGT,2,639303
cpxRp2,1.5,3,1,GATGTTTCTCGAATCGAGAG,2,641257
cpxRp2,3.5,7,1,GATGTCTCTAGAGGTCTCTG,6,639495
cpxRp2,1.5,3,1,GATGTACCTACGAACCCCAT,2,670176
cpxRp2,3.5,7,1,GATGGCACCCCGGTGGTCAA,6,690583
cpxRp2,1.0,2,1,GATGCTCGGACGCCTCTGAC,1,684791
cpxRp2,2.5,5,1,GATGAGTTGGCTTACCTGCC,4,649772
cpxRp2,1.0,2,1,GATGAAATATTCTCCGACAT,1,672113
cpxRp2,4.5,9,1,GATCTGAAGTGACCGCAACC,8,663439
cpxRp2,1.5,3,1,GATCTCGCGACCTCCCGATA,2,661071
cpxRp2,14.5,29,1,GATCGGTTTACGGGGTTATG,28,676547
cpxRp2,1.0,2,1,GATCCATTGATTTACAGGCG,1,669399
cpxRp2,3.0,6,1,GATCCATCGGGGTGTCCTGT,5,695870
cpxRp2,1.5,3,1,GATCCAGCCTACGATCGCTT,2,685556
cpxRp2,2.5,5,1,GATCCAAACCTTCAGGCACT,4,709068
cpxRp2,3.0,6,1,GATATTAACGCGAGGAAAAT,5,682705
cpxRp2,1.5,3,1,GATATACGACGAAGGGTACA,2,704802
cpxRp2,1.0,2,1,GATAGTAAAACAGTCCTGGG,1,665070
cpxRp2,2.5,5,1,GATAGGGGCAAAGCTTACAG,4,706608
cpxRp2,1.5,3,1,GATAGCTTCCGAAATCGGCC,2,660755
cpxRp2,1.0,2,1,GATACGTTGAGATGGTCAAC,1,702114
cpxRp2,1.5,3,1,GATACGACCTATCTTTTCGC,2,704433
cpxRp2,4.0,8,1,GATACATATCACTTATTTCA,7,666950
cpxRp2,8.5,17,1,GAGTTTTAACACCGATTCTA,16,701251
cpxRp2,1.0,2,1,GAGTTCTCACATTCATGCGG,1,651968
cpxRp2,2.5,5,1,GAGTGCTATGTGGTCCGCAT,4,687718
cpxRp2,1.0,2,1,GAGTCCCAGGTAGCATGTTC,1,692464
cpxRp2,6.5,13,1,GAGTATTCAGCTGGCGCATC,12,677972
cpxRp2,1.5,3,1,GAGGTACACATCGTGGGGGT,2,712033
cpxRp2,6.0,12,1,GAGGTAAGACTGCTGTCTCA,11,654470
cpxRp2,2.0,4,1,GAGGTAACCTAAATCCGGGC,3,644006
cpxRp2,2.0,4,1,GAGGGTGGTGCTCTCCGACG,3,672403
cpxRp2,2.0,4,1,GAGGCACTAACGTGTAAACC,3,643660
cpxRp2,1.5,3,1,GAGGCAATGTACATCGGCCG,2,632610
cpxRp2,3.0,6,1,GAGGATAGCGTCATAATAGT,5,702584
cpxRp2,1.5,3,1,GAGGAACTGCCCCGCACATA,2,707631
cpxRp2,3.5,7,1,GAGCTGGAAAACTCTTTGAT,6,669668
cpxRp2,3.5,7,1,GAGCGTTAGGGTCTGTTGCC,6,678144
cpxRp2,2.0,4,1,GAGCGGCGTGAGGAGTAGTA,3,702793
cpxRp2,2.5,5,1,GAGCCGTTGATCCGACGGAT,4,663787
cpxRp2,1.0,2,1,GAGCCCGAGATGAACGCGTA,1,638487
cpxRp2,3.5,7,1,GAGCATTTCGGGTCAAGGTT,6,645964
cpxRp2,1.5,3,1,GAGCACGTGGGTGACTGTAA,2,635964
cpxRp2,2.5,5,1,GAGATGCGAGTAAGCCCAGG,4,654069
cpxRp2,3.5,7,1,GAGATGAACCCTAGCTCATC,6,648008
cpxRp2,4.0,8,1,GAGAGTACTAGCAGTTGTCG,7,694953
cpxRp2,2.5,5,1,GAGAGGGTGCCAAGATCAAC,4,693134
cpxRp2,1.0,2,1,GACTTGGGGAGGCATGAATT,1,651898
cpxRp2,1.0,2,1,GACTGTGTCGGGGCGGATGA,1,667223
cpxRp2,1.5,3,1,GACTGCTATATAACTACTAT,2,646424
cpxRp2,1.0,2,1,GACTGCGCCCAATAGCCGTG,1,640156
cpxRp2,4.5,9,1,GACTGATAAGATTATAATCG,8,659445
cpxRp2,2.0,4,1,GACTGAGCGGAGACAAGAAA,3,653416
cpxRp2,8.0,16,1,GACTCATAAAAGGGTAATAA,15,654208
cpxRp2,3.0,6,1,GACTATAGTTGCGACTTAGG,5,666887
cpxRp2,4.0,8,1,GACGTCCACAATAAATGTAT,7,676151
cpxRp2,2.5,5,1,GACGGTCAAAATACACATAT,4,682900
cpxRp2,5.0,10,1,GACGGCATCGTCCTAGGAGT,9,647972
cpxRp2,2.5,5,1,GACGCTAGATCGGTAGGTAC,4,680966
cpxRp2,1.0,2,1,GACGCCCGGCATGCAACGCT,1,636004
cpxRp2,1.0,2,1,GACCTTAGCGACTGGGGTCA,1,690701
cpxRp2,1.0,2,1,GACCTGTACATAGGTCAGCG,1,708585
cpxRp2,1.0,2,1,GACCGGTAGGCTTCCGGAAC,1,683751
cpxRp2,1.5,3,1,GACCGCCATCAGCCTTTTTC,2,684222
cpxRp2,1.0,2,1,GACCGATTACCTCAGAAAAT,1,686608
cpxRp2,4.0,8,1,GACCCTTTCACTGGCTTATA,7,682275
cpxRp2,1.0,2,1,GACCCTAAGATGAATCAAAA,1,670411
cpxRp2,1.0,2,1,GACCCGGAGGGGGGACTGGA,1,651318
cpxRp2,2.5,5,1,GACATGAATATCACTTCCAT,4,643432
cpxRp2,4.5,9,1,GACAGTTAGCATTAATAACA,8,672493
cpxRp2,3.0,6,1,GACAGATCTGGCTAGCGATT,5,709412
cpxRp2,2.0,4,1,GACAGAAGTGGTGGTGCCGA,3,699125
cpxRp2,7.5,15,1,GACAATCCAGTGAACTGTTG,14,698157
cpxRp2,2.0,4,1,GACAAGAAGGGAGGTACCTG,3,668295
cpxRp2,1.5,3,1,GAATTGCAGGTCTCCTCTCC,2,684575
cpxRp2,4.5,9,1,GAATGTGTAATCGACCGTAG,8,674959
cpxRp2,3.0,6,1,GAATCAGTCACTTACGTTGC,5,671508
cpxRp2,5.5,11,1,GAATAAAGGGCAATCAACTA,10,631756
cpxRp2,3.0,6,1,GAAGTTTCGAGTGTCTGGGT,5,690517
cpxRp2,2.5,5,1,GAAGGGAGTTACACTTGACC,4,695558
cpxRp2,5.5,11,1,GAAGGCGTCTTTTCAGTAGT,10,694088
cpxRp2,1.0,2,1,GAAGGATGCCAAGCGGCACT,1,632580
cpxRp2,1.5,3,1,GAAGCGGTGGAGGTCGGTGA,2,682577
cpxRp2,1.5,3,1,GAAGAGGTCTAGGACGGCGC,2,645443
cpxRp2,1.0,2,1,GAACTCCTTCGAATTAGTAA,1,642428
cpxRp2,7.0,14,1,GAACTAAGGTATCACTTTCT,13,644269
cpxRp2,1.0,2,1,GAACGGCCGAATGCCTGCAT,1,633558
cpxRp2,2.0,4,1,GAACGCCTGATTGTTCGGGC,3,657575
cpxRp2,3.5,7,1,GAACGCCGTAGCTGGTCTGT,6,683881
cpxRp2,2.0,4,1,GAACCTACCCCCGGCTTGTC,3,688280
cpxRp2,2.0,4,1,GAACCCATAGGCACAGTTCG,3,631365
cpxRp2,4.0,8,1,GAACATAACAATTGAATACT,7,671918
cpxRp2,6.0,12,1,GAACAGTGGATCGGAGATCC,11,641763
cpxRp2,3.5,7,1,GAAAGTGGAAGTGGTAAAGA,6,648841
cpxRp2,1.0,2,1,GAAAGGGCTTTGGATTGGTT,1,648787
cpxRp2,2.0,4,1,GAAACTTAATCAGTAAGTAA,3,658115
cpxRp2,3.0,6,1,GAAACCTGTAATTGCCCCCT,5,696997
cpxRp2,8.5,17,1,GAAAAAAAGTACTATACACG,16,699040
cpxRp2,1.0,2,1,CTTTTTATTTCCGAACACCC,1,635912
cpxRp2,2.5,5,1,CTTTTGGCAGCCAAATGGGA,4,694870
cpxRp2,1.5,3,1,CTTTGTCGGGTCTGACTAGG,2,692254
cpxRp2,4.5,9,1,CTTTGCATCGGCCATGGCCC,8,647064
cpxRp2,1.0,2,1,CTTTCGTGGCTGTCTTCAAC,1,670109
cpxRp2,3.0,6,1,CTTGTATCAAGAAAATTTTT,5,696257
cpxRp2,2.0,4,1,CTTGCGGGTCTTTGAGAACG,3,691599
cpxRp2,1.0,2,1,CTTGCGAAACGTGGGATCAA,1,632624
cpxRp2,3.5,7,1,CTTGATGGTATGAAAGGGGT,6,639939
cpxRp2,1.0,2,1,CTTGATGCAACATTGCAAAT,1,651854
cpxRp2,2.0,4,1,CTTGATCCTTTGTAGGAGAT,3,670851
cpxRp2,3.5,7,1,CTTGAGTTACCCTTCCAGGA,6,658022
cpxRp2,5.5,11,1,CTTCTTAGGCACGACTGAGG,10,633251
cpxRp2,6.0,12,1,CTTCTGCTGCGCGTGAGCCT,11,641777
cpxRp2,5.0,10,1,CTTCTCTCTCGCGACAACTG,9,658592
cpxRp2,1.5,3,1,CTTCGTTCGCCTTATCTCGT,2,661195
cpxRp2,1.5,3,1,CTTCGCGTGGAAGAATTTAC,2,657044
cpxRp2,2.0,4,1,CTTCGAAGCGTCCAAGGAAC,3,641228
cpxRp2,6.0,12,1,CTTCACCGCCGGACATTACA,11,712437
cpxRp2,3.5,7,1,CTTCACCGATCGACACCTAA,6,644618
cpxRp2,1.0,2,1,CTTATCGCGTTATTATATGT,1,647037
cpxRp2,2.0,4,1,CTTATCCACCGTGTATCGTG,3,640980
cpxRp2,3.5,7,1,CTTATATTGCGTGTCTTCTA,6,636193
cpxRp2,3.0,6,1,CTTATAGGTTGGGGTCTAAG,5,647343
cpxRp2,3.5,7,1,CTTATAAACCGATGGGATTT,6,646402
cpxRp2,2.5,5,1,CTTACGAGTCTCAGAGGCAT,4,666788
cpxRp2,3.0,6,1,CTTACGAATGAGTACAGTAC,5,707430
cpxRp2,2.0,4,1,CTTACCTCTACATACCGGCA,3,703023
cpxRp2,3.5,7,1,CTTACCCGGAAAAAAGGTAA,6,704106
cpxRp2,1.0,2,1,CTTAATTGAGTGGCCTCCAG,1,704032
cpxRp2,1.5,3,1,CTTAAGTGAAATGTAGTCCC,2,695686
cpxRp2,4.0,8,1,CTGTTTCGTAATCGGTGTCA,7,706895
cpxRp2,4.5,9,1,CTGTTGAGTACCTATTGAGG,8,700566
cpxRp2,7.0,14,1,CTGTGAAAAACTCGGTGTTG,13,648311
cpxRp2,1.5,3,1,CTGTCGGCAACATCGGTGTT,2,630751
cpxRp2,3.5,7,1,CTGTCCGCAATGCTATTTGT,6,673375
cpxRp2,1.0,2,1,CTGTAAATAGTGTCAAACCC,1,665277
cpxRp2,1.5,3,1,CTGGTACCCGTGCTATCAGT,2,651746
cpxRp2,2.5,5,1,CTGGGTTATTAGGCATACTG,4,652789
cpxRp2,1.0,2,1,CTGGCTATAATTAACCTAGC,1,673988
cpxRp2,1.0,2,1,CTGGCGCGCACGCGAACTTC,1,697107
cpxRp2,6.0,12,1,CTGGCACTAAATGATAAAAG,11,653594
cpxRp2,1.0,2,1,CTGGATGGCAGCCCCTTAAG,1,677572
cpxRp2,1.0,2,1,CTGGAACCTTCCCTGGCACC,1,678166
cpxRp2,1.0,2,1,CTGGAACAGTGAATTCGCCA,1,674804
cpxRp2,1.5,3,1,CTGCTTTCAGTTTTGTTACT,2,711775
cpxRp2,1.5,3,1,CTGCCTCAGGTCCTTAATTT,2,636579
cpxRp2,1.5,3,1,CTGCCATCAATCCGTTAATT,2,669454
cpxRp2,1.5,3,1,CTGCATTAGCTTGAAATTTT,2,643115
cpxRp2,2.0,4,1,CTGCAGTGCCAGCTAAGAAG,3,665048
cpxRp2,2.0,4,1,CTGCAAGGCCGCTCTGCCGT,3,639865
cpxRp2,1.0,2,1,CTGCAAAGAACTTGTCTGGG,1,690125
cpxRp2,4.5,9,1,CTGATTAGCGATCATACTAT,8,673822
cpxRp2,2.5,5,1,CTGATGACCTAGCGTTACAT,4,636632
cpxRp2,1.0,2,1,CTGATCTGTCTACGGCCGTA,1,688438
cpxRp2,1.0,2,1,CTGAGGCTGTTATTAGCACA,1,685019
cpxRp2,5.5,11,1,CTGAGCTAAACGGAGATGGT,10,646952
cpxRp2,2.0,4,1,CTGAGATCACAACTGCCCAC,3,670632
cpxRp2,2.5,5,1,CTGAAGTTGCATCTAGCGGT,4,641817
cpxRp2,4.5,9,1,CTGAAGGCAGGCCGTACCCT,8,664111
cpxRp2,3.0,6,1,CTGAACGGGATCTGTCTGAG,5,701954
cpxRp2,5.5,11,1,CTGAACCCATGTGGACTTAT,10,659113
cpxRp2,1.0,2,1,CTCTTGGGTAGACGACGCCA,1,635952
cpxRp2,1.5,3,1,CTCTTAGGGAGTTTTTCGTG,2,697113
cpxRp2,3.0,6,1,CTCTGTTGGTCCTACCCACG,5,700564
cpxRp2,3.5,7,1,CTCTGTCCCTATACCCTTAC,6,645842
cpxRp2,1.0,2,1,CTCTGAGAAAGCAATTGTGT,1,672252
cpxRp2,1.0,2,1,CTCTCCTTTCCCAACGCGGT,1,653721
cpxRp2,2.0,4,1,CTCTAGGCTTTGCGCGGGTG,3,655959
cpxRp2,4.0,8,1,CTCGTGTATGAGTCTGCCGG,7,633247
cpxRp2,2.5,5,1,CTCGGGGTCAGCAATGGTCA,4,630467
cpxRp2,1.0,2,1,CTCGGGCTGCTGATGCAAGT,1,707332
cpxRp2,1.5,3,1,CTCGGCTTGACCTATCATGT,2,638187
cpxRp2,2.5,5,1,CTCGGCAGATATGGGGGGTT,4,690832
cpxRp2,6.0,12,1,CTCGGAAGTAAGCAAGACGT,11,657112
cpxRp2,1.5,3,1,CTCGCAAGCATGACTTTGGA,2,671802
cpxRp2,5.0,10,1,CTCGAGACTATTCGTTAACA,9,694977
cpxRp2,2.0,4,1,CTCGACACGAATAATGTTCT,3,693233
cpxRp2,2.0,4,1,CTCCTCTCACGGAGCAGTAA,3,701123
cpxRp2,1.0,2,1,CTCCAGTGGACACGCTCTCA,1,706008
cpxRp2,2.5,5,1,CTCATCCCCGCCAGGCTATT,4,655644
cpxRp2,1.0,2,1,CTCATATTACTGTTCCGTAT,1,708691
cpxRp2,1.5,3,1,CTCAGACGATAACAAGACAC,2,707618
cpxRp2,2.5,5,1,CTCACGAATGTGGTCCGCTA,4,672111
cpxRp2,1.5,3,1,CTCACCGGGAATGGGCCTTG,2,705538
cpxRp2,1.5,3,1,CTCAAGGCACTGACATTAGC,2,686902
cpxRp2,8.0,16,1,CTCAAGAGCTGTGGCAAAAT,15,695813
cpxRp2,13.5,27,1,CTATTGGCATTGAGAGTATC,26,698693
cpxRp2,2.5,5,1,CTATGGACGGCAGTTCGCTT,4,644063
cpxRp2,5.0,10,1,CTATCTCCGTGGATGCAAGT,9,655826
cpxRp2,1.0,2,1,CTATAGGTAATTTGCTCTCC,1,704221
cpxRp2,1.0,2,1,CTATACTGGTTCGGGCTCTT,1,646931
cpxRp2,5.5,11,1,CTAGTTTAACCCATATTGGA,10,681018
cpxRp2,1.5,3,1,CTAGGGTTTATCATGGCTCT,2,636442
cpxRp2,2.5,5,1,CTAGCCACGCTGCCGCTCAT,4,684166
cpxRp2,12.5,25,1,CTAGCCAACGGCCCCAAAAG,24,670973
cpxRp2,3.0,6,1,CTAGACATTTGGGTCAAGCT,5,646347
cpxRp2,2.0,4,1,CTACTCAACGATACCTGTGC,3,674031
cpxRp2,1.0,2,1,CTACGGCATTAGTCAATTGA,1,647046
cpxRp2,9.5,19,1,CTACGAGGTCCACACTTGAG,18,672786
cpxRp2,5.5,11,1,CTACCGGGCAGTACGGCGTC,10,635164
cpxRp2,2.5,5,1,CTACCCCTCCGATGATGGGT,4,689455
cpxRp2,2.5,5,1,CTACCAAGACTATCTTTATT,4,707763
cpxRp2,3.5,7,1,CTACAGGGCATTCGCTCATA,6,697206
cpxRp2,5.5,11,1,CTACAAAATTCTTATCAAAG,10,693979
cpxRp2,1.5,3,1,CTAATTCTTTCTGACATTGC,2,644524
cpxRp2,4.5,9,1,CTAATTCCTAGATATACACA,8,681966
cpxRp2,3.0,6,1,CTAATATGCTAACAGCACTA,5,659323
cpxRp2,12.0,24,1,CTAATATCACAACAAAAAGA,23,661399
cpxRp2,2.0,4,1,CTAATAACCGGATTAGTTCG,3,702644
cpxRp2,2.0,4,1,CTAAGCCAAACGTGATACCT,3,676949
cpxRp2,1.5,3,1,CTAACTTTGTCTCTCTTACG,2,691733
cpxRp2,2.5,5,1,CTAACTGCAGCTCTGTCGTA,4,643913
cpxRp2,4.5,9,1,CTAACTCTCCCGTCACACTT,8,641700
cpxRp2,2.5,5,1,CTAAACTCGTTTTTAACCAT,4,654867
cpxRp2,2.5,5,1,CGTTTGGCACGAGTCATTAA,4,682602
cpxRp2,3.0,6,1,CGTTTATAGTACGTTGGGCT,5,680257
cpxRp2,1.0,2,1,CGTTGGGCTTGGTAAACGTT,1,636684
cpxRp2,2.5,5,1,CGTTGGATACCCTACGTACG,4,699152
cpxRp2,4.0,8,1,CGTTCTCTCACAAATTAGGC,7,682724
cpxRp2,1.5,3,1,CGTTCGCTCCCGTTAAATAC,2,638128
cpxRp2,1.0,2,1,CGTTCCAAGGCGGGGTCTAG,1,693066
cpxRp2,2.0,4,1,CGTTACGGGCAGATGACTTC,3,632160
cpxRp2,1.0,2,1,CGTGTTCTAAGCTAATTATA,1,632703
cpxRp2,2.5,5,1,CGTGTGGGCGGCATGTTAGT,4,681383
cpxRp2,1.0,2,1,CGTGTCTACAAGTTAAAACA,1,631621
cpxRp2,3.0,6,1,CGTGGGACATACCTGAGTAA,5,642211
cpxRp2,2.5,5,1,CGTGGCAACTCCGTGGTTTG,4,687166
cpxRp2,1.5,3,1,CGTGCTCGTTGTGCGGATGG,2,670914
cpxRp2,3.0,6,1,CGTGCGGTCGGTCCTGCAAG,5,688813
cpxRp2,4.0,8,1,CGTGCCCTTAGATAGCACTC,7,671111
cpxRp2,2.0,4,1,CGTGCAGTGTCGTACTAAGG,3,660715
cpxRp2,5.0,10,1,CGTGATCTTAGCTCTTTTAG,9,675256
cpxRp2,3.5,7,1,CGTGACGGGGCGGCGCTAAG,6,650548
cpxRp2,1.0,2,1,CGTGAATTTGTTACAATGGT,1,650586
cpxRp2,1.0,2,1,CGTCGGGCACCTCCGAAATT,1,644565
cpxRp2,5.0,10,1,CGTCGAGACGCGTTAATGGT,9,691525
cpxRp2,3.0,6,1,CGTCCGCGAACAGATGTGGT,5,679152
cpxRp2,5.5,11,1,CGTCCGAGGATACAGGATGG,10,677681
cpxRp2,1.5,3,1,CGTCAGGGGACCCGGACCAG,2,635375
cpxRp2,5.5,11,1,CGTATTGATACCTCATCTAC,10,668485
cpxRp2,1.5,3,1,CGTATGGAACTCAAGTGTTC,2,700878
cpxRp2,2.0,4,1,CGTATCCATGGTCATTACGC,3,685885
cpxRp2,2.5,5,1,CGTAGTATCGACCTGAGTTG,4,669038
cpxRp2,2.0,4,1,CGTAGCAGGCTTCAAAGTTA,3,686037
cpxRp2,2.0,4,1,CGTAGATTCCAGGGGTCGTC,3,642747
cpxRp2,23.0,46,1,CGTAGACCGACTATGTCGTA,45,676401
cpxRp2,1.0,2,1,CGGTTTTATCAACTCACGTA,1,709842
cpxRp2,1.0,2,1,CGGTTGTGGATTATACCTCA,1,689912
cpxRp2,1.0,2,1,CGGTTCGTCTGAACGCACGA,1,667651
cpxRp2,1.5,3,1,CGGTTATCTTGGGAGCCACC,2,707259
cpxRp2,4.0,8,1,CGGTGCGCGCAAAGGATCGT,7,660043
cpxRp2,2.0,4,1,CGGTGCAGCTTTGGACTTGG,3,696395
cpxRp2,5.0,10,1,CGGTGACGTTGTAAGCAGTT,9,698086
cpxRp2,1.5,3,1,CGGTCCCGTGAGTCTAAGGC,2,678524
cpxRp2,2.0,4,1,CGGTCAGGCGCCAGCTCGAG,3,699489
cpxRp2,1.0,2,1,CGGTATAGGTACGGCGGAAC,1,686184
cpxRp2,4.5,9,1,CGGTACCGGACGTGTATTAG,8,693220
cpxRp2,2.0,4,1,CGGGTAGGCCTGGCGACCCT,3,646378
cpxRp2,1.5,3,1,CGGGGCTTTAGAGCCGGGTC,2,629789
cpxRp2,1.0,2,1,CGGGGCTCTAGGTGGTGACA,1,630326
cpxRp2,1.0,2,1,CGGGCCTGGCCCCTCACTTC,1,700610
cpxRp2,1.0,2,1,CGGGATCTGGGCTGTCATCG,1,668669
cpxRp2,1.0,2,1,CGGGAGGAAAGCCTGAAGAT,1,645911
cpxRp2,2.5,5,1,CGGGAAACGAGGAGGACAAC,4,649875
cpxRp2,1.0,2,1,CGGCTGCCCCTACTCCCCTT,1,639387
cpxRp2,3.5,7,1,CGGCCTCTTCTTCCCGCTCC,6,707770
cpxRp2,2.0,4,1,CGGCAGCACCGCTAATACCT,3,658148
cpxRp2,1.5,3,1,CGGATTGTAACCAGTTTTGC,2,706746
cpxRp2,1.5,3,1,CGGATGGTCGCCCTGGTGAA,2,653487
cpxRp2,2.5,5,1,CGGATGACCTTGCGGACAGT,4,641947
cpxRp2,1.0,2,1,CGGATCTCCCCACACCATTG,1,671204
cpxRp2,1.5,3,1,CGGATCGCCGTAACTTTTAT,2,676441
cpxRp2,24.0,48,1,CGGAGGCATGAAGAGGTATT,47,647071
cpxRp2,2.0,4,1,CGGACGGCGGCTGAGCACGG,3,705300
cpxRp2,1.5,3,1,CGGACAGGCGATACGGTCCC,2,634657
cpxRp2,3.0,6,1,CGGAATCGAGACGTTGTCCG,5,678587
cpxRp2,1.5,3,1,CGCTTTGTGCGGAGTCTAAC,2,692915
cpxRp2,3.5,7,1,CGCTTTGAATAATGTAGATG,6,706987
cpxRp2,6.0,12,1,CGCTTACAGATAATCTTCTG,11,675333
cpxRp2,1.0,2,1,CGCTCGAGCGTCCAATAATC,1,692255
cpxRp2,3.5,7,1,CGCTCCCGTGTTGGTGAGGT,6,650988
cpxRp2,4.5,9,1,CGCTCAGGTTGATCTGGTAA,8,644552
cpxRp2,17.0,34,1,CGCTATGACATAAGGCCTTG,33,688025
cpxRp2,2.0,4,1,CGCTATCACTGCCGATTTGT,3,673445
cpxRp2,3.0,6,1,CGCTAAATTACTTAGCGTCA,5,683471
cpxRp2,1.5,3,1,CGCGGTCTACCCAGCGCAAG,2,699169
cpxRp2,1.0,2,1,CGCGGAAATGGACAATGCTA,1,702774
cpxRp2,2.0,4,1,CGCGCCATCAGGGCTGATCT,3,648920
cpxRp2,8.0,16,1,CGCGCCAGTGAGGGCGTTAC,15,711321
cpxRp2,2.5,5,1,CGCCTTCTCGCGTCAACACA,4,652734
cpxRp2,2.0,4,1,CGCCTCATTAATCTGGGTGC,3,705729
cpxRp2,1.5,3,1,CGCCTATTACCCCGAGAAGT,2,640168
cpxRp2,2.5,5,1,CGCCGGCCGCAGTACCAGAT,4,634157
cpxRp2,1.0,2,1,CGCCGCTGATCCGGACAGCG,1,706851
cpxRp2,5.0,10,1,CGCCCTTAGCCGTCGGCCCG,9,683797
cpxRp2,13.5,27,1,CGCAGAAACAGACCGAGGCA,26,676403
cpxRp2,3.5,7,1,CGCACGGTTCAGCGTTCCGC,6,652949
cpxRp2,2.0,4,1,CGCACGATCCTGGAGAAAAT,3,706514
cpxRp2,1.5,3,1,CGCAATTTAACTCAAGGTGC,2,696402
cpxRp2,2.0,4,1,CGCAACCCGGGGGGTCGTGG,3,637941
cpxRp2,1.5,3,1,CGATTCCCGAGTGTTGGTGC,2,638134
cpxRp2,5.0,10,1,CGATTAGTTCGAACTGCCGG,9,636216
cpxRp2,3.5,7,1,CGATTACACCGCGGTCGAAC,6,688119
cpxRp2,6.5,13,1,CGATGTAATAGGAATTCGGC,12,639609
cpxRp2,2.0,4,1,CGATGAGTGTGTACTACATG,3,703839
cpxRp2,2.0,4,1,CGATCTGCCTCCGTCACAGT,3,676201
cpxRp2,2.0,4,1,CGATCGGAACTACTAAAACC,3,677229
cpxRp2,4.0,8,1,CGATCATAGAGATACTCCTC,7,697537
cpxRp2,2.5,5,1,CGATATTCGTCCGCAACAAA,4,648594
cpxRp2,5.5,11,1,CGATAGCGCGGCAGGGCTGC,10,685832
cpxRp2,1.0,2,1,CGATAAGGCGGGACGTTTAG,1,667397
cpxRp2,1.0,2,1,CGAGTGCACGGGACTTAATT,1,709324
cpxRp2,2.0,4,1,CGAGGTGTGGCCCGTCATGG,3,678088
cpxRp2,1.0,2,1,CGAGGGCAGTCACAGGGCCT,1,651196
cpxRp2,1.5,3,1,CGAGGATCACTGGGCTCCTC,2,711303
cpxRp2,1.0,2,1,CGAGCTGAAAGCGGGTATAA,1,656135
cpxRp2,1.5,3,1,CGAGCCTGGCGCACGTAACA,2,673013
cpxRp2,3.5,7,1,CGAGAATTTGAAGTCTGAAC,6,697205
cpxRp2,1.5,3,1,CGACGTTGCAACCGGCACTG,2,680676
cpxRp2,1.5,3,1,CGACGTGTGGTGGGAATGAC,2,669858
cpxRp2,1.0,2,1,CGACGACCTCTCATTTCACA,1,677846
cpxRp2,1.5,3,1,CGACCGGAATAGATGGTCTG,2,697647
cpxRp2,2.5,5,1,CGACAAGCGAGACGTTAGAA,4,710736
cpxRp2,1.0,2,1,CGACAAAGTAGGTAACTACA,1,660739
cpxRp2,2.5,5,1,CGAATCAGTTCCTGTTATTC,4,702946
cpxRp2,2.5,5,1,CGAATAGACACATGTTCTAA,4,635157
cpxRp2,1.0,2,1,CGAATACATCACCGATTTTT,1,660517
cpxRp2,5.0,10,1,CGAAGTGAAGGCTACAAGGG,9,645784
cpxRp2,1.0,2,1,CGAAGGTACGTGTGTCACCT,1,664200
cpxRp2,29.0,58,1,CGAACTGGATTGGCGCTCCA,57,648167
cpxRp2,2.0,4,1,CGAACGCGCCACGGTTTAGG,3,697744
cpxRp2,3.0,6,1,CGAACAGGATTTACCAATCG,5,639799
cpxRp2,1.0,2,1,CGAAAACGCTCCACGCTCTG,1,645230
cpxRp2,8.5,17,1,CCTTTCTACAAGTTTATCTA,16,635549
cpxRp2,2.5,5,1,CCTTTCAGATTAGAGCAGGC,4,679868
cpxRp2,1.0,2,1,CCTTGGAGGCTGCTCGCGCC,1,670048
cpxRp2,4.5,9,1,CCTTGAAAAGAGTCGGAATC,8,682473
cpxRp2,2.0,4,1,CCTTCTGAAAAACAAAGCAA,3,698542
cpxRp2,1.5,3,1,CCTTCCTTCCTCTCGATTTA,2,696808
cpxRp2,1.5,3,1,CCTGTGCCTGGGACCTGCAG,2,663182
cpxRp2,2.5,5,1,CCTGTAAAAGCTGGTGCAGG,4,704301
cpxRp2,4.5,9,1,CCTGGTGCTTCACCAGACCT,8,640216
cpxRp2,1.5,3,1,CCTGGGTGAAGAGCCATTAC,2,653806
cpxRp2,1.0,2,1,CCTGGCGCGTGTCGCTTCGA,1,669857
cpxRp2,7.0,14,1,CCTCTAGATTCACGGGATGC,13,679860
cpxRp2,3.0,6,1,CCTCGTGTCAGGAAGTCTAG,5,652817
cpxRp2,2.5,5,1,CCTCAGTGTTACATCTCGAG,4,651172
cpxRp2,2.0,4,1,CCTCAGGAGAGGCGCCTGGA,3,699354
cpxRp2,4.0,8,1,CCTCACTAGGTCCAGCACAC,7,692666
cpxRp2,1.0,2,1,CCTATAAGGAACATGTTGAG,1,652894
cpxRp2,1.0,2,1,CCTAGGTCGATCTACTTATA,1,673957
cpxRp2,1.5,3,1,CCTAGAGTTCAGATGCTACC,2,650044
cpxRp2,2.0,4,1,CCTACGCCCCGCGAGAGTTA,3,647355
cpxRp2,1.5,3,1,CCTACCAACTGAAGGCTCGG,2,685695
cpxRp2,8.5,17,1,CCGTTGCCGGAACCTGGCGA,16,668590
cpxRp2,1.0,2,1,CCGTTCTATTGGAGACTGTT,1,680798
cpxRp2,1.0,2,1,CCGTGTGCACAACCTACAGC,1,642664
cpxRp2,6.0,12,1,CCGTGTATCAACGGTCCCGA,11,645438
cpxRp2,2.0,4,1,CCGTGCCCCCAACAGGTCTA,3,655432
cpxRp2,2.0,4,1,CCGTGATATATATATGTCGG,3,697349
cpxRp2,3.5,7,1,CCGTCAATGTTGGAACGTGT,6,640985
cpxRp2,1.0,2,1,CCGGGGATAATTTTCAGATC,1,649689
cpxRp2,2.0,4,1,CCGGGCAGCCCTGATGGTTA,3,692035
cpxRp2,4.5,9,1,CCGGCTCATTCAGCGCTAAC,8,686857
cpxRp2,6.0,12,1,CCGGCCATATCTAAGGCCTG,11,650244
cpxRp2,1.0,2,1,CCGGATCGGGTTTTGTGATT,1,696641
cpxRp2,1.5,3,1,CCGGACGACAGCCCACCTAG,2,690897
cpxRp2,4.5,9,1,CCGGAAATTACCTGGCGGAA,8,680521
cpxRp2,3.5,7,1,CCGCTCTCTAGCAACATTCA,6,681638
cpxRp2,8.5,17,1,CCGCTAGAGTCTAGTTCGTT,16,665542
cpxRp2,2.5,5,1,CCGCGAGCGTATTTAGACGA,4,710892
cpxRp2,2.0,4,1,CCGCCTGCCTCAGACCAGTC,3,638378
cpxRp2,6.0,12,1,CCGCCACATAAAGCCTCGGG,11,665886
cpxRp2,2.5,5,1,CCGCAGAGAAATGGGGTCCA,4,663068
cpxRp2,7.5,15,1,CCGCAAAACCTAGCTCGAGC,14,694450
cpxRp2,5.5,11,1,CCGATCGGAACGTGCCAATC,10,673201
cpxRp2,1.0,2,1,CCGAATGGGGCCGTCAGCGC,1,685811
cpxRp2,2.0,4,1,CCGAAGCACAAGCGGCCTTA,3,663163
cpxRp2,3.0,6,1,CCCTTTGCGCAGTCCCCAAA,5,633608
cpxRp2,8.0,16,1,CCCTTGGCTAAGAGCAGGAT,15,634190
cpxRp2,3.0,6,1,CCCTGCTTCGACAACCAGAC,5,700751
cpxRp2,7.0,14,1,CCCTCTTGCACGTGTTCAGA,13,662046
cpxRp2,1.0,2,1,CCCTCGCAAATAAACCACAC,1,695288
cpxRp2,2.5,5,1,CCCTCGAACGACTTCGACAA,4,669633
cpxRp2,4.5,9,1,CCCTACCGCTGCACATGGAT,8,695579
cpxRp2,4.0,8,1,CCCGTTCGCGTCATTGGAGG,7,709301
cpxRp2,3.0,6,1,CCCGTGCTTCCACTCGGGTC,5,704129
cpxRp2,1.0,2,1,CCCGTAGGGGTGAGGGATAC,1,655968
cpxRp2,4.0,8,1,CCCGTAATATAAAACAGGCG,7,679992
cpxRp2,1.5,3,1,CCCGGTCCCGAGGTTTCGAA,2,650505
cpxRp2,1.0,2,1,CCCGGTCAACATTTTCAGAA,1,669457
cpxRp2,1.0,2,1,CCCGGCACCTGCTCATCCTT,1,707789
cpxRp2,2.5,5,1,CCCGGAAGCGAATTTTCGGA,4,652652
cpxRp2,2.5,5,1,CCCGCTGGCCACCACTACCC,4,693461
cpxRp2,2.5,5,1,CCCGATTGCGTCGGGGTCAG,4,637274
cpxRp2,1.5,3,1,CCCGATTAGTCCATAATACC,2,690846
cpxRp2,4.0,8,1,CCCGATCCGAGGTCATTCAC,7,662508
cpxRp2,1.5,3,1,CCCGAGTTGGTCCCCAACGT,2,635561
cpxRp2,4.5,9,1,CCCCTTTCGAGGCCGCGCCC,8,639539
cpxRp2,1.0,2,1,CCCCTCTGGAGGAGCTGGAA,1,678233
cpxRp2,1.5,3,1,CCCCGTGTTGACCGATCTTG,2,688592
cpxRp2,2.5,5,1,CCCCGGCCGAAGGGCCGGGT,4,701677
cpxRp2,2.0,4,1,CCCCGAAGTAAAACGGCATT,3,639235
cpxRp2,3.5,7,1,CCCCCCTTTCAACGGGGGTT,6,704305
cpxRp2,1.5,3,1,CCCCATAGCCCAGGTTAACT,2,638950
cpxRp2,1.5,3,1,CCCCACGGGAAGGCACTCTG,2,689764
cpxRp2,1.0,2,1,CCCCACCTGACCCATACACG,1,710133
cpxRp2,3.5,7,1,CCCATGTAAAGGGCGAACAA,6,669969
cpxRp2,3.5,7,1,CCCATGGCGAACCGATACAG,6,648529
cpxRp2,1.5,3,1,CCCATGCCCACTTTCGCTTT,2,647466
cpxRp2,9.0,18,1,CCCATCGCGTTGAGCCGTCA,17,668166
cpxRp2,1.5,3,1,CCCAGTTCGGCCCCCGGACT,2,692733
cpxRp2,2.5,5,1,CCCAGTCTGATTAATTGATT,4,710919
cpxRp2,3.0,6,1,CCCACGTCAGGACTATACCT,5,711815
cpxRp2,2.0,4,1,CCCACCGCTTATTTAAAGAT,3,702379
cpxRp2,35.0,70,1,CCCACCCAACGTGGAGAAAG,69,710853
cpxRp2,2.5,5,1,CCCACCAATTCATGCTTTAT,4,646543
cpxRp2,3.5,7,1,CCCAAGATTCGTGCCCGGCA,6,682562
cpxRp2,1.0,2,1,CCCAAATACGCGGCCCATCA,1,638491
cpxRp2,2.5,5,1,CCATTTTATGGCTAAATCCT,4,655733
cpxRp2,2.5,5,1,CCATTATAGGTTGGGAAGAT,4,703266
cpxRp2,2.5,5,1,CCATGTGTTACTCTCCGTGA,4,673766
cpxRp2,2.5,5,1,CCATGGCTCCGACAAATACT,4,685340
cpxRp2,3.5,7,1,CCATGGCGCATGAGGTCTTA,6,671155
cpxRp2,6.0,12,1,CCATGCGAATGCCGGAGCCT,11,678571
cpxRp2,5.0,10,1,CCATGACAGGCCACGCAGTG,9,693994
cpxRp2,4.0,8,1,CCATCGTACCATATCCGATG,7,682573
cpxRp2,2.0,4,1,CCATAGGGATCTCCTCACCA,3,657731
cpxRp2,6.0,12,1,CCATACTAGAGTGTCGCTAA,11,657572
cpxRp2,6.0,12,1,CCATAAAACTGCATGTTAGT,11,687057
cpxRp2,2.0,4,1,CCAGTTTTCAAGAGGTAATT,3,694419
cpxRp2,4.0,8,1,CCAGTTAGTTATCCTCGTAG,7,671173
cpxRp2,3.0,6,1,CCAGTGAATGGTGATGACTC,5,684337
cpxRp2,1.0,2,1,CCAGGTAGAACCTGAGCGAG,1,704019
cpxRp2,5.0,10,1,CCAGGGGCCGGATTGTCAAA,9,701695
cpxRp2,1.0,2,1,CCAGGATACCACTCAGGGTT,1,664222
cpxRp2,5.0,10,1,CCAGCCGTAAATTGGGTGGT,9,677594
cpxRp2,3.5,7,1,CCAGATTATCAGGTAAAGTA,6,679256
cpxRp2,1.0,2,1,CCAGAGTAAGTAGGGAGGAC,1,651473
cpxRp2,2.0,4,1,CCACTTGCATAGTCGTTAGC,3,632831
cpxRp2,2.0,4,1,CCACTAAGTGGGCGGAAATT,3,651816
cpxRp2,8.5,17,1,CCACGCCGCTCACGCCTAAG,16,656032
cpxRp2,1.5,3,1,CCACCTAGAACAACTGATGT,2,706154
cpxRp2,1.5,3,1,CCACCGCCCCATTTTACCGT,2,687024
cpxRp2,1.5,3,1,CCACAGCACTCGGATGAGTA,2,678618
cpxRp2,2.0,4,1,CCAATCTTGACGGACGAGCG,3,642581
cpxRp2,2.0,4,1,CCAAGAGTGACTACTGCGTG,3,663000
cpxRp2,1.5,3,1,CCAAATAAGTAGGATTAGAA,2,635195
cpxRp2,6.5,13,1,CCAAACGGGTTCTGACTCTG,12,651495
cpxRp2,1.0,2,1,CATTTGCTTTCCATCATCTG,1,659709
cpxRp2,2.0,4,1,CATTTGAGGAACAGTTAGCT,3,662126
cpxRp2,3.0,6,1,CATTCGGGATTACCACCGTC,5,712109
cpxRp2,1.0,2,1,CATTCCCGTCCGAAATGATG,1,643238
cpxRp2,13.5,27,1,CATTATTCAATGTACGATTC,26,644271
cpxRp2,1.5,3,1,CATGTTCAGACCAGGACTGA,2,674074
cpxRp2,1.5,3,1,CATGTACTCGCAGGGACAGG,2,658112
cpxRp2,1.5,3,1,CATGGCAGGAGTTACTGGGA,2,677465
cpxRp2,4.5,9,1,CATGGACCGGGATGCCGTCA,8,679910
cpxRp2,1.5,3,1,CATGATTCCGCGTGGGCTAT,2,682169
cpxRp2,8.5,17,1,CATGAATCGTCCCGCGGGGT,16,670569
cpxRp2,3.0,6,1,CATGAAGTTCTCGGTGGAGT,5,690141
cpxRp2,5.0,10,1,CATCTTTTCTCGTATACCTC,9,711684
cpxRp2,7.0,14,1,CATCTCGTTGCACTCATATC,13,639720
cpxRp2,3.5,7,1,CATCTATCTGGTGGGATGCA,6,657063
cpxRp2,1.0,2,1,CATCCGCAACACTGTATTGA,1,648854
cpxRp2,1.5,3,1,CATCCGACCGACATTCTCAT,2,630801
cpxRp2,5.5,11,1,CATCCCGGCTCGTTTCGGAT,10,696279
cpxRp2,3.0,6,1,CATCAGCATGCCCGCTGAAA,5,666820
cpxRp2,3.5,7,1,CATATTGCTGATTATACCAA,6,689910
cpxRp2,3.0,6,1,CATATCACTTCTCCGTCTCA,5,710965
cpxRp2,1.5,3,1,CATAGTTCCGAGCTGCCCAA,2,703830
cpxRp2,2.5,5,1,CATAGTGGACCGGCATAACT,4,673760
cpxRp2,4.5,9,1,CATAGCGCCATGCCTTCGCG,8,709024
cpxRp2,2.5,5,1,CATAGAGCTACTGTTGTGGG,4,687864
cpxRp2,9.5,19,1,CATAATTAGGCCATCATTGT,18,649840
cpxRp2,1.5,3,1,CATAACAAATCATACTGGAT,2,640963
cpxRp2,3.0,6,1,CAGTTTTGCTCGGCTGCAAC,5,648333
cpxRp2,6.5,13,1,CAGTTTCTTCATCGTCGCTG,12,652521
cpxRp2,2.0,4,1,CAGTTTCGGATTAAGTATAG,3,699599
cpxRp2,2.0,4,1,CAGTTTACGCGGTCATGCCT,3,709601
cpxRp2,1.0,2,1,CAGTTCGATGTTGTCATCTG,1,696239
cpxRp2,2.5,5,1,CAGTTCCCTGACGCTCGCAT,4,688283
cpxRp2,1.5,3,1,CAGTGGTCGGTTTACCTTGT,2,671010
cpxRp2,6.5,13,1,CAGTGCATGCACCCCAGCGT,12,663194
cpxRp2,1.0,2,1,CAGTCGGTTCTCACAGCAAT,1,682981
cpxRp2,1.0,2,1,CAGTAGGCTGATCCAGGAAC,1,674247
cpxRp2,2.5,5,1,CAGTACATCCGCGAATCAAC,4,630539
cpxRp2,11.0,22,1,CAGGGTCTATATCATGTCAT,21,690410
cpxRp2,2.5,5,1,CAGGGGGTCGCGCTACGTCC,4,669497
cpxRp2,1.5,3,1,CAGGGATCGAAGTCGCAATC,2,679502
cpxRp2,2.5,5,1,CAGGCTGAAAATCCTCATCG,4,676139
cpxRp2,1.5,3,1,CAGGCGTTTAGGCTTAGACC,2,634879
cpxRp2,4.5,9,1,CAGGCGCAATTCAGTGAGGC,8,637878
cpxRp2,20.0,40,1,CAGGCGATGTCGATCCGACT,39,652910
cpxRp2,6.0,12,1,CAGGCACCGCTGACGGTCTG,11,633829
cpxRp2,1.5,3,1,CAGGCAAGAGCAGTTACCGA,2,657225
cpxRp2,5.5,11,1,CAGGACACATCTTCATTCGG,10,681513
cpxRp2,14.5,29,1,CAGGAAAATACCGAAGTGAA,28,710015
cpxRp2,1.5,3,1,CAGCTAATCAGCTTACTTCC,2,634519
cpxRp2,4.5,9,1,CAGCGTGGCGGGGCCTGAAT,8,644109
cpxRp2,1.5,3,1,CAGCGTCAGTGCCGCAGACG,2,629843
cpxRp2,2.5,5,1,CAGAGGGGACAATTTCGTCA,4,692414
cpxRp2,1.0,2,1,CAGACGTACTGAGCTGGTAG,1,671734
cpxRp2,1.0,2,1,CAGAACGTGGAGGCAAGGAC,1,707710
cpxRp2,1.0,2,1,CAGAAAGAAAATATTAGACA,1,635783
cpxRp2,3.0,6,1,CACTTTGGCGAGTATAGTAT,5,685968
cpxRp2,1.0,2,1,CACTAAGTCTAGGTGAGCAT,1,675470
cpxRp2,5.0,10,1,CACTAAGCCAAGACGGAACA,9,631552
cpxRp2,4.5,9,1,CACGTTTAGACTCTGGATTG,8,671627
cpxRp2,1.5,3,1,CACGTAGCCCATAATCGCGA,2,687137
cpxRp2,2.0,4,1,CACGGGTTGCTCAGACATTT,3,687904
cpxRp2,1.0,2,1,CACGGGTCTCCCGGTACCTA,1,671383
cpxRp2,2.5,5,1,CACGGGCACATTATGGGCAA,4,701119
cpxRp2,4.5,9,1,CACGGGACTGATCTACTAAA,8,673048
cpxRp2,1.5,3,1,CACGGCAGGGGAGGGCTGGT,2,680926
cpxRp2,1.5,3,1,CACGCCAATTACTTACTATG,2,705537
cpxRp2,3.0,6,1,CACGCATTCTAAACGAATAA,5,687497
cpxRp2,3.5,7,1,CACGAGTCGTCGTAGAAGGA,6,686893
cpxRp2,1.0,2,1,CACCTCGGGGCTTCACGGTA,1,706655
cpxRp2,1.5,3,1,CACCTAGAAATAACTCCGAG,2,634438
cpxRp2,3.0,6,1,CACCCTTGTAATCCCAGCCT,5,636260
cpxRp2,6.0,12,1,CACCCTCAGCGGCCCGACAA,11,656780
cpxRp2,1.5,3,1,CACCCTAGGCCGTACCTCTT,2,671141
cpxRp2,2.0,4,1,CACCCGTGTAACCACCGCCA,3,654588
cpxRp2,1.0,2,1,CACCCAGGTTGTACTCGTCG,1,637592
cpxRp2,5.0,10,1,CACCCAGCCGACCTATGAGG,9,662597
cpxRp2,4.5,9,1,CACATGTTGACGACCTGGTT,8,684488
cpxRp2,2.0,4,1,CACATCTAACATTCCGATGG,3,690188
cpxRp2,1.0,2,1,CACATCCGGTTTAACCAGCA,1,645374
cpxRp2,4.5,9,1,CACAGCTACGTCCGCGATCA,8,682889
cpxRp2,2.5,5,1,CACAGCATTGGCAACTTTAA,4,647965
cpxRp2,1.5,3,1,CACACGTCTCGCATAGCCTT,2,649991
cpxRp2,2.0,4,1,CACAAGCTATGGCGAGGCGC,3,698574
cpxRp2,1.5,3,1,CACAAGAGAGGCGTATACCT,2,670499
cpxRp2,4.5,9,1,CAATGTCGTGTGATGTGTTT,8,655730
cpxRp2,1.0,2,1,CAATGCAGCGCCCCATGGCT,1,693905
cpxRp2,5.5,11,1,CAATCTTCGTGGCGGCTATT,10,664077
cpxRp2,3.0,6,1,CAATCACGCAGCGTGTCGCT,5,658999
cpxRp2,1.0,2,1,CAAGGGGACACGATTAGAGG,1,694911
cpxRp2,2.0,4,1,CAAGGGAGTTCGCTTCCAAC,3,643402
cpxRp2,2.0,4,1,CAAGGACTGTATAGGATTGC,3,663542
cpxRp2,3.0,6,1,CAAGCAAGTTCTGACGTTTA,5,663903
cpxRp2,9.5,19,1,CAAGATGGCGAGGATGATCT,18,686102
cpxRp2,1.0,2,1,CAACGATGAGCAACCTGGAA,1,674558
cpxRp2,5.0,10,1,CAACGACTTTCTTTTGGCCT,9,661047
cpxRp2,1.5,3,1,CAACCGAGCGCATCCCTAGT,2,702064
cpxRp2,1.0,2,1,CAACCCGACACCTCTTCAGC,1,709026
cpxRp2,2.5,5,1,CAACCAGGCATGGGTCTAAA,4,691743
cpxRp2,1.5,3,1,CAACCAATTATCGTAGAAGG,2,667321
cpxRp2,5.0,10,1,CAACAGTTCGTACATATAGA,9,643285
cpxRp2,4.5,9,1,CAAATGCCTGAGTGTTAGTC,8,659774
cpxRp2,4.0,8,1,CAAAGTGGGTCAAAACGGCA,7,694717
cpxRp2,1.5,3,1,CAAAGCGCCGTCTGGGACCG,2,676095
cpxRp2,1.5,3,1,CAAACGATTTCATCTTTTCT,2,667038
cpxRp2,3.5,7,1,CAAACGATACTACATGGCTA,6,707569
cpxRp2,1.5,3,1,CAAACCCGCGCGTCCAAAAT,2,689371
cpxRp2,4.0,8,1,CAAACAGGAGTCAAGGCCTC,7,704599
cpxRp2,2.0,4,1,CAAAATGGTTAGCCTACTTG,3,699210
cpxRp2,1.0,2,1,CAAAACTTCACCGCCCACAG,1,707424
cpxRp2,6.5,13,1,CAAAAAATGAGGTAACTCTA,12,672790
cpxRp2,4.5,9,1,ATTTTTCAAGGTGACGGCAG,8,672588
cpxRp2,2.5,5,1,ATTTCTTTCGTTAAAAATCA,4,640455
cpxRp2,1.0,2,1,ATTTCGAGACGTATACGGTC,1,702623
cpxRp2,2.5,5,1,ATTTCCACTAGCACGGGCAG,4,668801
cpxRp2,2.0,4,1,ATTTAGCCCTATGTTATGCC,3,674230
cpxRp2,2.5,5,1,ATTTAAAGGTTCCTGTACAG,4,667153
cpxRp2,2.5,5,1,ATTGTGCTGTCAGAGACAGC,4,694280
cpxRp2,1.5,3,1,ATTGTGCGTCATACGGTCTG,2,676777
cpxRp2,2.5,5,1,ATTGTAATTCCGGCCCTCAT,4,638797
cpxRp2,2.0,4,1,ATTGGAATCTAGGCTGATTA,3,676970
cpxRp2,3.5,7,1,ATTGCTACAGTCCTCGGTGT,6,659586
cpxRp2,4.0,8,1,ATTGCCACTCTTAGGCACGA,7,658872
cpxRp2,3.0,6,1,ATTCTGATTTGTTCTCGTAT,5,651014
cpxRp2,5.0,10,1,ATTCGGCGTTTTCTGCCTCC,9,657987
cpxRp2,1.5,3,1,ATTCGGAGCACATTCACCAT,2,706994
cpxRp2,3.0,6,1,ATTCGAGCAATGGGGAAAAG,5,646086
cpxRp2,3.5,7,1,ATTCCTGGAACGGAATATAA,6,675924
cpxRp2,3.0,6,1,ATTCCGTCCATACCTTCTAA,5,656414
cpxRp2,1.0,2,1,ATTCCGATACTTATCCTAGC,1,671915
cpxRp2,1.0,2,1,ATTCCAACAGCGATCGTCAG,1,693157
cpxRp2,1.0,2,1,ATTCATGCGACACACAGGGC,1,632517
cpxRp2,26.5,53,1,ATTCACTTCCAAGTAAGACC,52,689081
cpxRp2,2.0,4,1,ATTCACCTTAAGGTTTAGTA,3,653367
cpxRp2,27.0,54,1,ATTATCCGACGTGCACTCCG,53,677963
cpxRp2,2.5,5,1,ATTACGGAAAGTAGGGTACT,4,701850
cpxRp2,6.5,13,1,ATTACCTACCGATGAGTTGA,12,696028
cpxRp2,1.0,2,1,ATTAATGCTTCCATGCGTCA,1,704404
cpxRp2,1.5,3,1,ATTAACGCGGTGGAACTGGA,2,633857
cpxRp2,1.0,2,1,ATTAAATCTTGCGCGTATTG,1,632869
cpxRp2,1.0,2,1,ATTAAACAGGGAGCAGCTAC,1,643431
cpxRp2,1.5,3,1,ATGTTTCACAAGTAATGAGA,2,683095
cpxRp2,1.5,3,1,ATGTTGGTCGTATGTTTAAG,2,677854
cpxRp2,1.0,2,1,ATGTTGAAGAGGCGCAGATT,1,668010
cpxRp2,1.5,3,1,ATGTTCCTTTAGACAAATGA,2,703672
cpxRp2,1.5,3,1,ATGTGTCAGGCAGGGCGATA,2,663890
cpxRp2,1.0,2,1,ATGTCGTCAATTGAACGGAA,1,706424
cpxRp2,6.5,13,1,ATGTCCACCAGCTAAATTCA,12,667813
cpxRp2,1.5,3,1,ATGTCACTGCGTCGCTAGAG,2,629902
cpxRp2,1.0,2,1,ATGTATACTCACGTGACAGT,1,667001
cpxRp2,3.5,7,1,ATGTAGAGCTTGCGAATCGT,6,689765
cpxRp2,3.5,7,1,ATGTACTCTGGTAGGGATGC,6,684065
cpxRp2,1.5,3,1,ATGTAAAAATCCGCACGTGA,2,653805
cpxRp2,1.0,2,1,ATGGTGCGCTGTTGTCCGGA,1,643988
cpxRp2,1.5,3,1,ATGGGTTCACTAAATAGTCG,2,663863
cpxRp2,2.0,4,1,ATGGGTAAGCCGGGCTGATT,3,668986
cpxRp2,1.5,3,1,ATGGGGAAGTACAATGGAGT,2,704833
cpxRp2,1.5,3,1,ATGGGCACGAACGCTTTGGT,2,655616
cpxRp2,1.0,2,1,ATGGCCTGGTGTGAATGCCA,1,683324
cpxRp2,1.0,2,1,ATGGCACTGCTGACTCATTT,1,706627
cpxRp2,3.0,6,1,ATGGATGGAGAACGCTCGTC,5,665167
cpxRp2,1.0,2,1,ATGGAACACACGAACATGAT,1,709628
cpxRp2,4.0,8,1,ATGCTGCCACCGCCGCTCTA,7,711698
cpxRp2,4.0,8,1,ATGCTCTCAAGTAGTGGTAA,7,693309
cpxRp2,6.5,13,1,ATGCTCGCCATGACGCGTGA,12,636419
cpxRp2,1.0,2,1,ATGCGTAGCATGCGATCGCT,1,688323
cpxRp2,8.5,17,1,ATGCGCTGGAAATATACCAT,16,636552
cpxRp2,1.5,3,1,ATGCGCTCTAACTATGGGGA,2,707550
cpxRp2,4.0,8,1,ATGCGCGAAACGGTCTGGTC,7,652363
cpxRp2,48.5,97,1,ATGCCGCCCAGTGGTAGTCA,96,704092
cpxRp2,2.5,5,1,ATGCAGGGTGGCACTCCCCA,4,634353
cpxRp2,1.0,2,1,ATGCACATACGATTTTAGGC,1,671379
cpxRp2,2.0,4,1,ATGCACACGCCGTGGTAACG,3,645651
cpxRp2,1.0,2,1,ATGATTCAAGTGGTGAATCT,1,648483
cpxRp2,3.0,6,1,ATGATGCGGAACCCAGGGTA,5,669733
cpxRp2,1.0,2,1,ATGATGCCATAGTAGGGGCT,1,650665
cpxRp2,1.5,3,1,ATGATCATGATGTTGTGGCC,2,652749
cpxRp2,1.5,3,1,ATGATCAGATGCGCACATAT,2,699324
cpxRp2,1.0,2,1,ATGATATGCCCACCAGTTAG,1,688426
cpxRp2,4.5,9,1,ATGAGCTCACTGGAGAGAAC,8,708809
cpxRp2,1.0,2,1,ATGACCCACGCAGGCATTTT,1,635749
cpxRp2,6.5,13,1,ATGACAAAAAGATTGACTGT,12,698482
cpxRp2,4.0,8,1,ATGAATGGCTTATGATCAAC,7,708046
cpxRp2,4.5,9,1,ATGAACGTGACTCCTTGAGC,8,698992
cpxRp2,1.0,2,1,ATGAACAACATCTAGCGCAT,1,662935
cpxRp2,6.0,12,1,ATCTTGCCACGCTCCGGCGT,11,702234
cpxRp2,8.5,17,1,ATCTGTGGGGCAGCCGGACC,16,673629
cpxRp2,18.0,36,1,ATCTCCGGATGCCCACATCT,35,705898
cpxRp2,7.0,14,1,ATCTCACTATCGATTAGTAC,13,670761
cpxRp2,2.5,5,1,ATCTCACGATCGCCACACGC,4,647964
cpxRp2,2.5,5,1,ATCGTTGATATGCGCACGTG,4,678959
cpxRp2,6.5,13,1,ATCGTGCAAAAGCGCTTGTG,12,683880
cpxRp2,1.0,2,1,ATCGTAGGCAGTCCCATTCA,1,671718
cpxRp2,4.5,9,1,ATCGCGGATTCCCGTCATAT,8,676357
cpxRp2,2.0,4,1,ATCGCCTCATGAGTGGACTA,3,659268
cpxRp2,3.0,6,1,ATCGCAGTCACTTTTAGGAC,5,706983
cpxRp2,2.5,5,1,ATCCTTACTGAACCTGTACC,4,635027
cpxRp2,4.0,8,1,ATCCTGTTGTGCTTCGCTCG,7,688124
cpxRp2,1.0,2,1,ATCCCTGTTGCTTCGGAAGT,1,646430
cpxRp2,1.0,2,1,ATCCCATCAAAGGCTCTTTA,1,633758
cpxRp2,1.0,2,1,ATCCATCTCCAGGGCATTAA,1,667077
cpxRp2,3.0,6,1,ATCATCATAGCGGTCACTGT,5,688462
cpxRp2,1.5,3,1,ATCATAAGCCTGGCCGAGGT,2,704259
cpxRp2,2.0,4,1,ATCAGTAACTTGACCCATCC,3,707615
cpxRp2,3.0,6,1,ATCAGACTGTGTATTTGCTT,5,671162
cpxRp2,2.5,5,1,ATCAGACGATTCGTCGAGAA,4,671547
cpxRp2,3.0,6,1,ATCAAGTTCCCGAGCCCTTT,5,688852
cpxRp2,2.5,5,1,ATATTGGTGTCAGCAATGTA,4,639423
cpxRp2,1.5,3,1,ATATTCCCTGGTATACAACA,2,663181
cpxRp2,2.0,4,1,ATATTACACGATGTCTTGCG,3,684081
cpxRp2,15.0,30,1,ATATGCTGTGAGCGCAGGAC,29,666183
cpxRp2,6.0,12,1,ATATGATCCGTACAGCGGCA,11,702469
cpxRp2,1.5,3,1,ATATGACTTTGTTGGTCCAA,2,665037
cpxRp2,1.5,3,1,ATATCTATAGCTGGTGTAAG,2,630287
cpxRp2,4.0,8,1,ATATCATTGAGGTTTGAAGC,7,637659
cpxRp2,3.0,6,1,ATATAGGGGAATCCTCTAGG,5,688422
cpxRp2,4.5,9,1,ATATAAGGCTATTATCGCTA,8,656448
cpxRp2,1.0,2,1,ATAGTAGATCCGTATCATAT,1,637573
cpxRp2,3.5,7,1,ATAGTACGGGCCACTCCGAG,6,677646
cpxRp2,4.5,9,1,ATAGGTCATTCGACTGGGAC,8,652059
cpxRp2,2.5,5,1,ATAGGTAGCTGCTGCGAATT,4,678825
cpxRp2,11.5,23,1,ATAGGAAATCTCTTTACCAA,22,651606
cpxRp2,2.5,5,1,ATAGCTAAGGAACGGCCGAC,4,653476
cpxRp2,2.5,5,1,ATAGAGAAAGACGAACTTTT,4,673296
cpxRp2,9.0,18,1,ATACCGTCTTGCAGATCCTA,17,673762
cpxRp2,2.5,5,1,ATACATCCGATGGATGTACT,4,711509
cpxRp2,5.0,10,1,ATAATCTACATCCGACTGTT,9,683484
cpxRp2,1.0,2,1,ATAAGGCATGGGCAGCCTAC,1,667823
cpxRp2,1.0,2,1,ATAAAGATAGTATGAAAAGC,1,637485
cpxRp2,1.0,2,1,ATAAACATCCACCCACGACA,1,697549
cpxRp2,4.5,9,1,AGTTTAGACGGATGACCTGC,8,645717
cpxRp2,2.0,4,1,AGTTGTCATAGCCTCCAACA,3,675418
cpxRp2,1.0,2,1,AGTTGGGCCTTACGTCTTTG,1,666487
cpxRp2,1.5,3,1,AGTTGGATTCTTCGTCACCA,2,656662
cpxRp2,1.0,2,1,AGTTGAGCGCTACCACGGAT,1,681340
cpxRp2,3.5,7,1,AGTTCCCGGAGTCTCTTGCT,6,650569
cpxRp2,4.5,9,1,AGTGTGAACAATATGAACCC,8,642266
cpxRp2,1.0,2,1,AGTGGTAGGAATGTGAGGAA,1,684722
cpxRp2,1.0,2,1,AGTGCTTAGGCATGCCCGGT,1,635018
cpxRp2,3.0,6,1,AGTGCCGACATTGGGCACCT,5,662829
cpxRp2,2.5,5,1,AGTGATCTCCGTTCCGTCAC,4,636340
cpxRp2,2.0,4,1,AGTGAGCGCAATATTTGGCC,3,633418
cpxRp2,1.5,3,1,AGTGACACTTTCATGATGAG,2,694712
cpxRp2,2.0,4,1,AGTGAATGTGTGTGCCAGTA,3,687728
cpxRp2,2.5,5,1,AGTCGGGTCCGTGATGACTT,4,639393
cpxRp2,3.0,6,1,AGTCGGCAGTGAGTGGCCTA,5,650570
cpxRp2,3.5,7,1,AGTCCGATAACGTGGGGGAA,6,664113
cpxRp2,9.0,18,1,AGTCCAATCGGCCACGAGTC,17,704952
cpxRp2,2.0,4,1,AGTCAGGCGTAGGTACCTAT,3,711966
cpxRp2,5.5,11,1,AGTAGTCGAAAGTCGTCTAG,10,636503
cpxRp2,1.0,2,1,AGTAGTATATGTTTCAATCA,1,631456
cpxRp2,4.5,9,1,AGTACTGTCGGCTCCCGGGT,8,690229
cpxRp2,1.5,3,1,AGTACTGGTGGGCCACTAAG,2,696101
cpxRp2,6.5,13,1,AGTACTATCCTTTGAGACAA,12,668135
cpxRp2,2.5,5,1,AGTACCTTTTCTAAGGCCTT,4,700591
cpxRp2,1.5,3,1,AGTACAACAAGCCCGTCACT,2,655499
cpxRp2,4.0,8,1,AGGTTGCTTCTCGCAAACAT,7,630748
cpxRp2,2.5,5,1,AGGTTATTTGATGTTTGCAT,4,705202
cpxRp2,1.0,2,1,AGGTCATGTAGACAAGTCGG,1,679031
cpxRp2,2.5,5,1,AGGTAGAAAACTATGCGGCC,4,651215
cpxRp2,1.0,2,1,AGGGTGCGCCGGGTCAGTTG,1,687387
cpxRp2,1.0,2,1,AGGGTCATCGGTGGGACTTA,1,636671
cpxRp2,1.5,3,1,AGGGTACAGAGGTTACCGCT,2,696595
cpxRp2,2.0,4,1,AGGGCTTAGGTCGCCTATTG,3,693128
cpxRp2,1.0,2,1,AGGGCTGCTGCATCGCCTCC,1,663518
cpxRp2,4.5,9,1,AGGGAGGGATGTTACAAAAC,8,672103
cpxRp2,5.0,10,1,AGGGAGCCCAACGTATTGAA,9,665734
cpxRp2,1.0,2,1,AGGGACTAGGCGGCCTGGCA,1,695716
cpxRp2,3.5,7,1,AGGCTCTGCGTATTACCGTG,6,640232
cpxRp2,1.5,3,1,AGGCTCTGCGAAAACATGAT,2,686385
cpxRp2,1.5,3,1,AGGCTCCTTGAGTTTCCTTC,2,664984
cpxRp2,2.0,4,1,AGGCTATAAGATCGGCGGTC,3,700294
cpxRp2,3.5,7,1,AGGCCGCTCCCTGTTTCTGA,6,690354
cpxRp2,1.5,3,1,AGGCCGAGCTGTATAATCGC,2,665340
cpxRp2,1.0,2,1,AGGCCGACGAGCAGGTCGTA,1,643143
cpxRp2,3.5,7,1,AGGCCCGTCGCCGGTGGTTA,6,696029
cpxRp2,5.5,11,1,AGGCCACACGATGCCTAGCT,10,695518
cpxRp2,2.5,5,1,AGGCACATACATATAATTTT,4,702459
cpxRp2,2.0,4,1,AGGATGGGCTACCCGCAATA,3,651809
cpxRp2,5.5,11,1,AGGATGCGTACATTTCGGCA,10,655110
cpxRp2,3.0,6,1,AGGAGTAGCGTGGCCATCAG,5,678966
cpxRp2,6.0,12,1,AGGACTTCCGTGTCCGCATT,11,703506
cpxRp2,4.5,9,1,AGGAATACCTGAGTGTTGCT,8,646935
cpxRp2,3.0,6,1,AGGAACCACTATGGGACAAT,5,674228
cpxRp2,1.5,3,1,AGCTTATTCAGAAAGCTAGC,2,655639
cpxRp2,5.0,10,1,AGCTGTTCTCTGCACTTAAG,9,647709
cpxRp2,5.0,10,1,AGCTGTGTTCGAAATTGGAA,9,692557
cpxRp2,5.0,10,1,AGCTGGTCCTTTGCGTGGTC,9,686106
cpxRp2,2.5,5,1,AGCTGAAAGTACCCACAGTT,4,641536
cpxRp2,2.5,5,1,AGCTATCATCTCGTGCCGGT,4,710925
cpxRp2,1.5,3,1,AGCGTCAGCTTGTCAGACGT,2,709829
cpxRp2,10.0,20,1,AGCGTCACCAACGAGTTACG,19,712295
cpxRp2,5.5,11,1,AGCGTCAAGGTTTCCCAGTT,10,680702
cpxRp2,2.5,5,1,AGCGCGAGGTCGGAGTACCT,4,655418
cpxRp2,2.5,5,1,AGCGATTTGATTTCTCTCGA,4,672210
cpxRp2,3.0,6,1,AGCGATGCGTCAAACCAGAT,5,690320
cpxRp2,2.5,5,1,AGCGAGTTATCGGGTCCGCG,4,709417
cpxRp2,1.0,2,1,AGCGAACGTGCTCTCCGGGG,1,670047
cpxRp2,1.0,2,1,AGCCTAAAGGGGACATAACC,1,679639
cpxRp2,1.0,2,1,AGCCGGTGTACCGTGGTGCT,1,648904
cpxRp2,7.5,15,1,AGCCGGAAAGAAGATGGAGC,14,684196
cpxRp2,19.0,38,1,AGCCAAATAATAACTTTTTT,37,640303
cpxRp2,1.5,3,1,AGCCAAAAGCTAAAGGGTCG,2,709616
cpxRp2,3.0,6,1,AGCATGACAATACTTCACGC,5,695580
cpxRp2,1.5,3,1,AGCAGTGCGTAACGATGCTC,2,663973
cpxRp2,3.5,7,1,AGCAGACACCGAGCATAGGG,6,635211
cpxRp2,5.5,11,1,AGCACGGCTTAAAGTCCGTC,10,677607
cpxRp2,1.5,3,1,AGATTTTGGCCCCCTCTAGA,2,712049
cpxRp2,8.5,17,1,AGATTTACTCTCCACGTGAT,16,692703
cpxRp2,1.0,2,1,AGATTCCGAACTATTTAGGT,1,631905
cpxRp2,7.5,15,1,AGATTCCCCAGTACTCGTAC,14,630376
cpxRp2,2.0,4,1,AGATGCTATTGCTGCAACGA,3,703894
cpxRp2,1.0,2,1,AGATGAGCCACAATCGTTCT,1,660397
cpxRp2,1.0,2,1,AGATCTTGTATTGATTAGCT,1,691092
cpxRp2,11.0,22,1,AGATATTCGACATGATGCCT,21,708835
cpxRp2,1.0,2,1,AGAGTTGGGATAATCTCCAA,1,689010
cpxRp2,3.0,6,1,AGAGTATGCCTGGAGCTTAC,5,631686
cpxRp2,2.0,4,1,AGAGGGTCAAGGCGAAGAGA,3,704428
cpxRp2,1.5,3,1,AGAGGGGGCCGATACGTAAA,2,710636
cpxRp2,3.5,7,1,AGAGCGCTGGTTAGTCCAGA,6,641937
cpxRp2,6.0,12,1,AGAGCGAAACAAGTCAGAGA,11,708144
cpxRp2,1.5,3,1,AGAGCACTATCGAGCGTTAG,2,651453
cpxRp2,1.5,3,1,AGAGCACCTGGAGCCCGGTT,2,703980
cpxRp2,8.0,16,1,AGAGATAGCCTGTCTTGACA,15,697008
cpxRp2,6.0,12,1,AGAGAAGTCCCTCATGATGG,11,682251
cpxRp2,2.0,4,1,AGACGGCCCATTGACGGAGG,3,642467
cpxRp2,1.0,2,1,AGACCTTGGACCACAACGAT,1,683086
cpxRp2,3.5,7,1,AGACCTATCACTCGGCCCTG,6,678281
cpxRp2,1.0,2,1,AGACCCGGCCCAGTTCCGAT,1,704469
cpxRp2,1.0,2,1,AGAATTCACCGCTGGCCGAT,1,651411
cpxRp2,1.5,3,1,AGAATAGCCGAATGGGTTCG,2,680140
cpxRp2,4.5,9,1,AGAAGCATGCACGTGACGGG,8,708978
cpxRp2,3.5,7,1,AGAACGCAAGCTGGGAGGAA,6,651127
cpxRp2,1.0,2,1,AGAACGAGACCACAGAATCA,1,652243
cpxRp2,3.5,7,1,ACTTTGTGCTGATCGCGGCT,6,671351
cpxRp2,2.0,4,1,ACTTTCAGGTCAATCTGTTT,3,710484
cpxRp2,3.5,7,1,ACTTTAGGCAATCTGATGCA,6,687405
cpxRp2,1.5,3,1,ACTTGAATTGGGGGTACGGA,2,667656
cpxRp2,3.5,7,1,ACTTCGCTGGTCTCTAGTTC,6,643045
cpxRp2,4.5,9,1,ACTGTTGACAGCCAGTCCTG,8,654725
cpxRp2,3.5,7,1,ACTGTCAGAAGGTGCCGAGT,6,639042
cpxRp2,1.5,3,1,ACTGGGACACGTAGACTCCA,2,664663
cpxRp2,3.0,6,1,ACTGGCGATATTATATGGTG,5,629850
cpxRp2,6.0,12,1,ACTGGATGTAGATTGTACGG,11,683843
cpxRp2,3.5,7,1,ACTGCGCAATAACGTGACTA,6,709731
cpxRp2,2.0,4,1,ACTGATCGGCCGGAGTGGAT,3,639973
cpxRp2,2.0,4,1,ACTGAAACGTGACCATCAAG,3,697614
cpxRp2,3.5,7,1,ACTCTTAAAGTACCGGAGTG,6,693027
cpxRp2,1.5,3,1,ACTCTGAATAAGGCACAGAA,2,709368
cpxRp2,3.5,7,1,ACTCTACGGTCATCGCAAGT,6,677701
cpxRp2,6.0,12,1,ACTCGCTCAGAAACCATCAT,11,655195
cpxRp2,3.0,6,1,ACTCGATCGTTCGAGCTGGC,5,667834
cpxRp2,6.0,12,1,ACTCCGGTTCAATCCCTGTT,11,636189
cpxRp2,3.5,7,1,ACTCCGGCCGTGATAGGCCG,6,683038
cpxRp2,4.0,8,1,ACTCCGCGATGCGAAGAGCG,7,681396
cpxRp2,1.5,3,1,ACTCCCGTAAGGACGCGCAT,2,684210
cpxRp2,6.0,12,1,ACTCATCTGTTAACATTGGG,11,708360
cpxRp2,1.5,3,1,ACTATAAAGCCGCGTTATCA,2,648110
cpxRp2,2.5,5,1,ACTACTGCCGACCCCGGGCT,4,640688
cpxRp2,1.0,2,1,ACGTTATGCACTTATCCGCC,1,700861
cpxRp2,4.0,8,1,ACGTGCTGCCTGACTCTCCT,7,683178
cpxRp2,3.5,7,1,ACGTGCACCAGCGATCGACA,6,642503
cpxRp2,1.5,3,1,ACGTGACAAGACAAATGTCC,2,654377
cpxRp2,5.0,10,1,ACGTCTAAGAAAATGGCGAC,9,654165
cpxRp2,3.0,6,1,ACGTCGTGGTGCGGTAAGGC,5,691664
cpxRp2,1.0,2,1,ACGTATTTCCAAGGAGATCA,1,701676
cpxRp2,6.5,13,1,ACGGTTCGCGGGGGTATGTA,12,697407
cpxRp2,1.0,2,1,ACGGTGAGCACGAACGGGGA,1,681449
cpxRp2,3.5,7,1,ACGGGTGATTAGGTTTTCGT,6,674517
cpxRp2,1.0,2,1,ACGGGACACTCACTCGATGC,1,702972
cpxRp2,1.0,2,1,ACGGCGTAAGCAGACTGCGA,1,699215
cpxRp2,3.0,6,1,ACGGCACGCACTCGACGTCA,5,690066
cpxRp2,3.5,7,1,ACGGAAGGTATTTTTAGCGA,6,667105
cpxRp2,4.5,9,1,ACGCTTTTCCATCTAGCGGC,8,643720
cpxRp2,5.5,11,1,ACGCTGTTTCTCCTAAAGGA,10,649563
cpxRp2,5.5,11,1,ACGCGGCCAAGAGTCCCGGC,10,658869
cpxRp2,3.0,6,1,ACGCCGTCATGCTAACCGGC,5,637797
cpxRp2,5.0,10,1,ACGCCCCGCTTCATAGTTGA,9,649775
cpxRp2,1.0,2,1,ACGCCAACCGTAGTGTTCAT,1,651722
cpxRp2,2.0,4,1,ACGCATCTACGGTTATCATG,3,706894
cpxRp2,3.0,6,1,ACGCATCGTGCTCACATTCT,5,670948
cpxRp2,1.0,2,1,ACGCATAGGACCAGGTTGTT,1,700869
cpxRp2,1.0,2,1,ACGCACAGGAGGACACCTTC,1,654957
cpxRp2,3.0,6,1,ACGATGTAATTTTACTGCTG,5,655393
cpxRp2,3.0,6,1,ACGATCGAGGAAATGGGGGA,5,711963
cpxRp2,1.5,3,1,ACGAGGGCGTAGCTTATTTA,2,647258
cpxRp2,1.5,3,1,ACGAGGAGAGTTTGCTAGGT,2,679918
cpxRp2,2.5,5,1,ACGAGCGAACGGGATTTCAG,4,679584
cpxRp2,2.5,5,1,ACGAGCCCACAAATGGCTTA,4,684985
cpxRp2,1.0,2,1,ACGACACAGCGACGGACCAC,1,694324
cpxRp2,1.0,2,1,ACGAATGACGGCCCGCGTAC,1,695521
cpxRp2,2.5,5,1,ACCTTTGTGATTCCCTATCA,4,692275
cpxRp2,1.5,3,1,ACCTTTGGTACGCTTACGCA,2,649825
cpxRp2,10.0,20,1,ACCTTGGGCAATAATTCCAA,19,648164
cpxRp2,2.0,4,1,ACCTTCGTCAGTGCATTTCG,3,703916
cpxRp2,1.5,3,1,ACCTTAGTCGGAGTGGAGTA,2,677027
cpxRp2,5.0,10,1,ACCTGCCTCGACTGGAGAAG,9,659771
cpxRp2,1.5,3,1,ACCTGCCGAGGAATCACATC,2,702894
cpxRp2,4.5,9,1,ACCTGAGTTCTCAATGCGCT,8,672768
cpxRp2,1.0,2,1,ACCTCAGGATGACGCCCCAT,1,661928
cpxRp2,1.5,3,1,ACCTCAGGAGGAGGCTGATA,2,630922
cpxRp2,1.5,3,1,ACCTCAAGGCTGAAGCCCTA,2,656953
cpxRp2,4.5,9,1,ACCGTTACGAACCAACTACG,8,663004
cpxRp2,1.5,3,1,ACCGTCGCGCCCCCTCCATG,2,661669
cpxRp2,1.0,2,1,ACCGTACAAGTTCATCACGG,1,687698
cpxRp2,1.5,3,1,ACCGGCGCAATGGTGGTGGG,2,648272
cpxRp2,2.0,4,1,ACCGGATATTGCGACGAATT,3,665510
cpxRp2,2.0,4,1,ACCGCGGATGCGGCTAAGTC,3,684497
cpxRp2,2.5,5,1,ACCGATTTTTAACTTAGGCG,4,681614
cpxRp2,2.0,4,1,ACCGACTATTACTGGAGACT,3,655538
cpxRp2,2.0,4,1,ACCCGCGATCGCTTACGGGA,3,707905
cpxRp2,3.0,6,1,ACCCGCCTAGTATCGATTGA,5,698624
cpxRp2,4.5,9,1,ACCCCTAGCTAGAGCAGCAT,8,633372
cpxRp2,3.5,7,1,ACCCCTACATCTATCTGGGT,6,636134
cpxRp2,2.5,5,1,ACCCCGGTACGGGCAAATTT,4,633047
cpxRp2,2.5,5,1,ACCCCGCTCGCGTCATAGCG,4,631211
cpxRp2,5.0,10,1,ACCCAGGGGGTAATAAATCT,9,653013
cpxRp2,3.0,6,1,ACCCACCGGATTTGTAGAGA,5,703512
cpxRp2,2.5,5,1,ACCATGAATAAATGGTCTCT,4,691942
cpxRp2,1.0,2,1,ACCACTAGGCACCGACAGCG,1,669022
cpxRp2,1.5,3,1,ACCACTACGGGACATGAGAC,2,689911
cpxRp2,20.0,40,1,ACCACAAGAGATGGGTTTAG,39,709983
cpxRp2,1.0,2,1,ACCAACAATTCACACAAACA,1,694368
cpxRp2,1.5,3,1,ACCAAAATTAACAACGATTG,2,670189
cpxRp2,2.0,4,1,ACATTAGTTCTGGTCTTAGT,3,685948
cpxRp2,1.5,3,1,ACATGCATAGTAACATTTCC,2,673776
cpxRp2,3.0,6,1,ACATGATAAACATGTGCCCC,5,636137
cpxRp2,3.5,7,1,ACATCGTCCTACACCCTAGC,6,671618
cpxRp2,3.0,6,1,ACATCCAATCGGATCACATG,5,663912
cpxRp2,5.0,10,1,ACAGTTTGGATACACCTGGT,9,708961
cpxRp2,2.5,5,1,ACAGGTATACGAATTTTCCT,4,678628
cpxRp2,8.5,17,1,ACAGGCCTCCCTACGTAGGC,16,631766
cpxRp2,1.0,2,1,ACAGCTTTTAACAGCCTTAA,1,649947
cpxRp2,1.0,2,1,ACAGCCGTCTGTAGCCACAA,1,662311
cpxRp2,1.0,2,1,ACAGCAGCGCAATAAGTCTG,1,658197
cpxRp2,2.0,4,1,ACAGACTATGCAACTTGGTC,3,670892
cpxRp2,4.0,8,1,ACAGACACATGCAGATCCTC,7,661006
cpxRp2,1.5,3,1,ACAGAACGCATTTAGGCCAT,2,655455
cpxRp2,4.0,8,1,ACACTAGGTCATGGAAAATC,7,682879
cpxRp2,10.0,20,1,ACACGGCTGCGAAACGTGAA,19,638291
cpxRp2,1.5,3,1,ACACGGCAACGCGTGGAGAC,2,629759
cpxRp2,3.0,6,1,ACACGAGCGTCGGTGTTACG,5,661723
cpxRp2,3.0,6,1,ACAAACCAGACAAGTCTCAT,5,635413
cpxRp2,3.0,6,1,AATTTTAAACCGACTATCGA,5,633268
cpxRp2,2.5,5,1,AATTTGGGCTAGATCCCAGC,4,640209
cpxRp2,3.5,7,1,AATTTAGCTGGCGCGGCCCT,6,671989
cpxRp2,3.0,6,1,AATTGGAAGGTGTTCCGTGC,5,692237
cpxRp2,4.0,8,1,AATTGAGCAGCGTGCATTCG,7,659848
cpxRp2,1.0,2,1,AATTCCATTTATGAGTATGA,1,655760
cpxRp2,1.0,2,1,AATTCAGCATGTGGTACGAG,1,641383
cpxRp2,7.5,15,1,AATTATGATCGCGCCCTACT,14,662413
cpxRp2,1.5,3,1,AATTATAAAGAACCATCGGC,2,640588
cpxRp2,2.0,4,1,AATTAAGGACTCGGGATTTC,3,666130
cpxRp2,2.5,5,1,AATTAAGCTCTTACGTCTTA,4,709770
cpxRp2,1.5,3,1,AATGTCCGGTATAGCAGTCT,2,678651
cpxRp2,1.0,2,1,AATGGTTGATAGTTATTCAG,1,648433
cpxRp2,4.5,9,1,AATGGGCGCACAAACGCGTG,8,640018
cpxRp2,1.0,2,1,AATGCGGACTGACGTTGAAT,1,673982
cpxRp2,2.0,4,1,AATGCCTCTAAGTGCGTAAA,3,676367
cpxRp2,3.0,6,1,AATGATTACAGAATAATCTT,5,704830
cpxRp2,1.5,3,1,AATCTGAAGCTCCGTTTCAA,2,682604
cpxRp2,2.5,5,1,AATCTACGATTTTCCCCATT,4,635573
cpxRp2,2.5,5,1,AATCGATACAACAAGGTTGT,4,637211
cpxRp2,2.5,5,1,AATCCCCGATCAGATATAGT,4,686125
cpxRp2,1.0,2,1,AATATACGCAGACTTCCGCT,1,695483
cpxRp2,2.0,4,1,AATATAATTATGCCAACCCA,3,660793
cpxRp2,2.0,4,1,AATAGCTATCTAATACCCGA,3,639428
cpxRp2,3.5,7,1,AATACGTTCGCAGGGGAAGT,6,630129
cpxRp2,2.0,4,1,AATAAGGAACAACGGTCACA,3,636465
cpxRp2,1.5,3,1,AATAAAGGCAATTCCGGAAA,2,647841
cpxRp2,1.5,3,1,AATAAAAAGGTCGAAGACAT,2,630871
cpxRp2,3.0,6,1,AAGTGCTCTGATTGCTCCCA,5,641764
cpxRp2,1.0,2,1,AAGTGCGCAATAGTCCCTCG,1,667666
cpxRp2,1.5,3,1,AAGTGCCTCTCTGCTCAAAG,2,648616
cpxRp2,2.0,4,1,AAGTCTTTCAGACGCTCGAC,3,687885
cpxRp2,1.0,2,1,AAGGTGTACACCCGATGGAC,1,664563
cpxRp2,4.5,9,1,AAGGTGGGACCCTGTCCACA,8,661342
cpxRp2,2.5,5,1,AAGGTCGGGTAAACCTACAT,4,683367
cpxRp2,1.0,2,1,AAGGCCGGCGCTCATAAGGC,1,670855
cpxRp2,1.0,2,1,AAGGCCCTTCAACCGTTATT,1,688747
cpxRp2,1.5,3,1,AAGGCCACAAACTCTGCGCG,2,670052
cpxRp2,2.0,4,1,AAGGATAACAACGACTCACC,3,688489
cpxRp2,2.0,4,1,AAGGAGTGATCCTATGCAGT,3,629968
cpxRp2,1.0,2,1,AAGGACGCAGGCTGAGATTA,1,659231
cpxRp2,2.5,5,1,AAGCGGTGGATCGCGAATTC,4,653561
cpxRp2,7.0,14,1,AAGCGGGGTCGCCGATTATC,13,648797
cpxRp2,1.0,2,1,AAGCGGGCTGGGGCGTACGC,1,685148
cpxRp2,3.5,7,1,AAGCAAAAGAGGCAAGTGTG,6,636362
cpxRp2,3.5,7,1,AAGATCGCGCCGTACAAAGC,6,683746
cpxRp2,1.0,2,1,AAGATATAATTTCCTCTGGT,1,644686
cpxRp2,1.0,2,1,AAGACTCGTTTGACATAATT,1,686108
cpxRp2,1.5,3,1,AAGACACAAGCAATATCGGG,2,681068
cpxRp2,2.0,4,1,AAGAATCAGAATCTGAGACT,3,639169
cpxRp2,2.5,5,1,AACTGTGCAGCCATGCGACG,4,703638
cpxRp2,1.0,2,1,AACTGCCGTGTCTCGGCAAA,1,706219
cpxRp2,3.5,7,1,AACTGATCTCTGTAATTACC,6,645002
cpxRp2,4.5,9,1,AACTCTTCCTGGACTGACTG,8,690833
cpxRp2,6.5,13,1,AACTCAGCAGTAGGTGGACC,12,707756
cpxRp2,5.0,10,1,AACTCAACGGCCTGTGTGAT,9,696744
cpxRp2,1.0,2,1,AACTAGGCCCTTTTTTGATA,1,633024
cpxRp2,11.0,22,1,AACTACAATTTGGTACCGGT,21,660185
cpxRp2,1.0,2,1,AACGGGTCTTAAACATCGCA,1,645437
cpxRp2,3.5,7,1,AACGGGTAATGGGTCTCTGG,6,696834
cpxRp2,8.0,16,1,AACGGGGATCAAAACGTTTA,15,648902
cpxRp2,2.0,4,1,AACGCTCAAATGTTCCAATG,3,683488
cpxRp2,11.5,23,1,AACGCCGTGGGAAACTGCGT,22,692373
cpxRp2,1.0,2,1,AACCTTCGAGAGCAAGCCCA,1,652889
cpxRp2,3.5,7,1,AACCCTGGAGCTTCGAGAAC,6,635843
cpxRp2,3.5,7,1,AACCATTGATTCCTGTGGTT,6,698903
cpxRp2,2.5,5,1,AACATTCTAAGGTCGTCTCT,4,666712
cpxRp2,4.0,8,1,AACATGACTAGGAAAACGTA,7,667668
cpxRp2,4.0,8,1,AACATCGGTTGCGCTTCTAT,7,701125
cpxRp2,1.0,2,1,AACAGGTACTCCACCGAGTA,1,701444
cpxRp2,7.0,14,1,AACAGGGGTCAGCAGTAGCA,13,693494
cpxRp2,3.5,7,1,AACACTGGAGTTACAGAGTA,6,673340
cpxRp2,7.5,15,1,AACACGATTACTGAATTACC,14,671629
cpxRp2,2.0,4,1,AACAATATTAAGTCCAATGG,3,630329
cpxRp2,1.5,3,1,AACAAGTTGCTCCTGACGCA,2,650873
cpxRp2,1.0,2,1,AAATTGGTCATCGGTTGGTT,1,672279
cpxRp2,3.0,6,1,AAATGTGCGATGGTTCTCAC,5,657318
cpxRp2,1.0,2,1,AAATGTCCTCCTCAGCTTAC,1,665267
cpxRp2,1.0,2,1,AAATGATCATTAATTTCGTC,1,671681
cpxRp2,1.5,3,1,AAATCTCTATTACCCCATGG,2,675754
cpxRp2,1.0,2,1,AAATCGCGGCAGGCGGGATC,1,694388
cpxRp2,1.0,2,1,AAATCCCGCCCGGCAAATCC,1,659064
cpxRp2,1.0,2,1,AAATCCAGTTGCGCCGGGAA,1,692104
cpxRp2,8.0,16,1,AAATACGCGAACCGTAGGCC,15,675983
cpxRp2,1.0,2,1,AAATAAGCTCGCTAGACGAA,1,653631
cpxRp2,1.5,3,1,AAAGTCTTTCAAACGCACCT,2,668579
cpxRp2,2.0,4,1,AAAGGGAATGAATTCCTGAA,3,635009
cpxRp2,1.5,3,1,AAAGGCTATTTGGGTGTTCG,2,698175
cpxRp2,8.0,16,1,AAAGCGGATCCGAGGACATG,15,668347
cpxRp2,1.0,2,1,AAAGAGAGCGGCTTCTTGAC,1,657536
cpxRp2,1.0,2,1,AAAGACTTTGCCGAATTCGG,1,709080
cpxRp2,1.0,2,1,AAACTCTCTAATTCAAAATG,1,663723
cpxRp2,6.0,12,1,AAACGGATGGAACTGTTTGG,11,639418
cpxRp2,11.0,22,1,AAACGCAGTATTCTTACTAC,21,689203
cpxRp2,1.0,2,1,AAACCTTCACGGTTGTCGGT,1,638009
cpxRp2,2.0,4,1,AAACCGCGTTCTCGTACAGC,3,673730
cpxRp2,3.0,6,1,AAACAACACAGAAAATACGC,5,631465
cpxRp2,1.0,2,1,AAAATTGCTTTGGCCCACTT,1,703569
cpxRp2,2.0,4,1,AAAATGCCCCTCCTCCGGAG,3,632379
cpxRp2,1.0,2,1,AAAAGTGTCAATGGTGTTGA,1,711420
cpxRp2,5.0,10,1,AAAAGTGCGCTTCATTGGCT,9,649407
cpxRp2,2.5,5,1,AAAAGAGGGCATGCATGCTC,4,634475
cpxRp2,9.5,19,1,AAAAACAGGTCGAGTGGCTG,18,648501
cpxRp2,0.03225806451612903,30,30,ACAGGATTGACATCCTACGT,0,642513
cpxRp2,0.03571428571428571,27,27,TATCCGGGTCGTCGCGCATC,0,671662
cpxRp2,0.03571428571428571,27,27,ATGCAAGTCGGCGGATCAAA,0,657972
cpxRp2,0.037037037037037035,26,26,TTAGGGTCTCAAATATTCAT,0,659629
cpxRp2,0.037037037037037035,26,26,TGCCCGTATACGATGCGTAA,0,665952
cpxRp2,0.037037037037037035,26,26,GCTCTTCATTAGCGCAAAAT,0,654736
cpxRp2,0.037037037037037035,26,26,AATCTGAATCTCACGGCCTC,0,655553
cpxRp2,0.037037037037037035,26,26,AAGTCGTCCGTTTAAGACAT,0,676301
cpxRp2,0.038461538461538464,25,25,TAGGTTGCTGTGCTGTATGA,0,671938
cpxRp2,0.038461538461538464,25,25,GGGAGGTAATTATTGTTTGG,0,704013
cpxRp2,0.038461538461538464,25,25,AAATATTAGCATAATCGTTT,0,656273
cpxRp2,0.04,24,24,TAAAGCATCGCTGATGGGTC,0,657443
cpxRp2,0.04,24,24,GGCGAAATACCTGGACAGGA,0,648083
cpxRp2,0.04,24,24,GCTAACTTTCCCACGCTTAA,0,697919
cpxRp2,0.04,24,24,CGGTAGACATGACCATTGAT,0,677385
cpxRp2,0.04,24,24,ACGTGTTGATTGATAACAGT,0,705663
cpxRp2,0.04,24,24,ACGATGTAATAAAGTAAGTG,0,643539
cpxRp2,0.041666666666666664,23,23,TTTGTGCGAGAGTACTCTGT,0,657367
cpxRp2,0.041666666666666664,23,23,GTTATCGGCCTAATCAGAGC,0,653279
cpxRp2,0.041666666666666664,23,23,CCGCGGGGGGTATCCAGCGT,0,644596
cpxRp2,0.041666666666666664,23,23,CCAAAGTGACAGTGTTGTCT,0,646422
cpxRp2,0.041666666666666664,23,23,AGGTTGCGGCCAAGATTAAT,0,662675
cpxRp2,0.043478260869565216,22,22,GTTCGTTTTGCGTGATAAAG,0,650286
cpxRp2,0.043478260869565216,22,22,ATACTAGAAGGTTATGGAGG,0,679768
cpxRp2,0.043478260869565216,22,22,AGTCACCCTGGGCGGTCCAT,0,638643
cpxRp2,0.043478260869565216,22,22,AAGTCGTATGAAAGGGGCTC,0,663211
cpxRp2,0.045454545454545456,21,21,TGCATGTTGTAGGTATCCGA,0,691433
cpxRp2,0.045454545454545456,21,21,TCCGCGGGGTAACTGTTGAT,0,689190
cpxRp2,0.045454545454545456,21,21,GATGCTACCAACCTGTAGTC,0,633908
cpxRp2,0.045454545454545456,21,21,GACCCGACATATGAACACCA,0,668676
cpxRp2,0.045454545454545456,21,21,ATGCTCTGTGTCCGCCAACC,0,683802
cpxRp2,0.047619047619047616,20,20,TGTAATAACACGGAACGGGA,0,669448
cpxRp2,0.047619047619047616,20,20,TGCCCCGCCGAGTTCAGCGT,0,678633
cpxRp2,0.047619047619047616,20,20,TAATCGCCATGCACTCGAAT,0,642223
cpxRp2,0.047619047619047616,20,20,GGCAATGGCCTTCGCGACAC,0,665953
cpxRp2,0.047619047619047616,20,20,CTAGCCACGTTTGAGGTGCT,0,683615
cpxRp2,0.047619047619047616,20,20,CGTAATTTGTGGCAATATTA,0,631368
cpxRp2,0.047619047619047616,20,20,CGATCGATGGTATGCTGTCG,0,647002
cpxRp2,0.047619047619047616,20,20,CGATCCGGGGGTAGTGGCCT,0,675968
cpxRp2,0.047619047619047616,20,20,CCGCCAGCCCCCGCTGGTTC,0,668938
cpxRp2,0.047619047619047616,20,20,ATGATATCGAAAACTTCTAG,0,638414
cpxRp2,0.047619047619047616,20,20,AGATTTCCAGCTTTCGTTCA,0,675182
cpxRp2,0.047619047619047616,20,20,AGAAACCAGGTGGAAAGGGG,0,679505
cpxRp2,0.047619047619047616,20,20,AATCATGCTTGCTTTGCGCG,0,678381
cpxRp2,0.05,19,19,TTCGTCCAGTTGGTCAAATC,0,635525
cpxRp2,0.05,19,19,TGGGTTTCATGGGTGCCAGG,0,692946
cpxRp2,0.05,19,19,TGGACACGCACCTTGCACAT,0,643459
cpxRp2,0.05,19,19,TACAACATAATGGTCTATAA,0,681225
cpxRp2,0.05,19,19,GTAGTTCTCCAACCGTTGGG,0,695985
cpxRp2,0.05,19,19,CTGGAGAAGCTGGGACCAAA,0,638926
cpxRp2,0.05,19,19,CTGACAAACGTTCCATAGCC,0,663627
cpxRp2,0.05,19,19,CTACGGTCCTGTTGACAATT,0,660658
cpxRp2,0.05,19,19,CTAAGGTAATACGTGTGGCA,0,676937
cpxRp2,0.05,19,19,AGGTTTCTGCCTCCTTAGTA,0,677276
cpxRp2,0.05,19,19,ACCATAATCGTGCCGCTGCC,0,670882
cpxRp2,0.05,19,19,AATACCCCTAACTACTGCGT,0,663887
cpxRp2,0.05,19,19,AAATTGCGGTATTCAGGCGG,0,700693
cpxRp2,0.05263157894736842,18,18,TTTCAGGTATACCTTACTGA,0,706925
cpxRp2,0.05263157894736842,18,18,TCGAACATAGACGAAAGCTA,0,688193
cpxRp2,0.05263157894736842,18,18,TATAACGCGCACCCTAGGTG,0,637647
cpxRp2,0.05263157894736842,18,18,GTGTCTTTTATTATGGTCCA,0,659847
cpxRp2,0.05263157894736842,18,18,GTGGAGGGGAAATTAACTAG,0,652491
cpxRp2,0.05263157894736842,18,18,GTCCTTAGTGTCCACCCGAA,0,659170
cpxRp2,0.05263157894736842,18,18,GTACCCGAGTGGCCGCCGCT,0,694049
cpxRp2,0.05263157894736842,18,18,CGGTACCCGGCTGGCAGCGA,0,655928
cpxRp2,0.05263157894736842,18,18,ATCCCGTCCACTCGGTTAAG,0,697094
cpxRp2,0.05263157894736842,18,18,ATCCCAAAACGTAACGTAAG,0,700871
cpxRp2,0.05555555555555555,17,17,TTTTGGCCTACGCACCAGCT,0,634577
cpxRp2,0.05555555555555555,17,17,TTTCGCTGCGTAAAGGTGAT,0,668119
cpxRp2,0.05555555555555555,17,17,TCAGTGACTGCCCTTTTCCG,0,697315
cpxRp2,0.05555555555555555,17,17,TAGCACCGGGGCCGTCACTA,0,693161
cpxRp2,0.05555555555555555,17,17,TACCGCTGCCGGCTAGCGTA,0,676994
cpxRp2,0.05555555555555555,17,17,TACCATGGCTCATGAGGTAC,0,634898
cpxRp2,0.05555555555555555,17,17,GTGGCCAGGAGACGCCTTTA,0,705970
cpxRp2,0.05555555555555555,17,17,GGGTCGAGTTTGGGGTCCCG,0,646715
cpxRp2,0.05555555555555555,17,17,GCGTTTCCTGCGCGAAACAT,0,694650
cpxRp2,0.05555555555555555,17,17,CTTTAGTGGCAAACTCGCTC,0,676037
cpxRp2,0.05555555555555555,17,17,CGGCGTACGATTTGGTAAAT,0,655891
cpxRp2,0.05555555555555555,17,17,CCGACATACGTAGGCAGAAG,0,642944
cpxRp2,0.05555555555555555,17,17,ATTAGGCTTTGAGGTGAAGC,0,699002
cpxRp2,0.05555555555555555,17,17,AGCAGATTGAGTGAATGGGT,0,692749
cpxRp2,0.05555555555555555,17,17,AGCAATAATTGCCTAATCAA,0,660961
cpxRp2,0.05555555555555555,17,17,ACTCTGGGCCAGTTGCGCGT,0,645398
cpxRp2,0.05555555555555555,17,17,ACCATAGGGCCTATGAGCCA,0,650539
cpxRp2,0.05555555555555555,17,17,ACAATACACGAAATCTCAAC,0,637402
cpxRp2,0.05555555555555555,17,17,AACTTGAACAAGCATTGGTA,0,630191
cpxRp2,0.058823529411764705,16,16,TTGGGTACTTATTAACTTGA,0,699204
cpxRp2,0.058823529411764705,16,16,TGTAAATGTCAGTATGTGGG,0,663056
cpxRp2,0.058823529411764705,16,16,TGAGTTTTATTCTGTGAGTG,0,655266
cpxRp2,0.058823529411764705,16,16,TGAAAGCGTCAATGAGCAGC,0,644485
cpxRp2,0.058823529411764705,16,16,TCCGCCACGTGGGGGAGCTC,0,702617
cpxRp2,0.058823529411764705,16,16,TCAAACATTAATCACTCAAA,0,698964
cpxRp2,0.058823529411764705,16,16,GTGACGAGGTAGAGTTCAGG,0,701166
cpxRp2,0.058823529411764705,16,16,GTCGGGATGTACGAATAGAA,0,651104
cpxRp2,0.058823529411764705,16,16,GGCTCTTTTACAATTTTACA,0,641243
cpxRp2,0.058823529411764705,16,16,GCCGGCATGTGATAGGGGCT,0,684434
cpxRp2,0.058823529411764705,16,16,GCCGACATCGCCGCTTTCGC,0,702074
cpxRp2,0.058823529411764705,16,16,GCAGTCACATCATTTATTTA,0,666007
cpxRp2,0.058823529411764705,16,16,GACGGGGGGCTTGGGAGCCA,0,693194
cpxRp2,0.058823529411764705,16,16,GAATAAATCTATGTAAGGGG,0,685861
cpxRp2,0.058823529411764705,16,16,CTTCCGACTGGGTTGTAGGA,0,642316
cpxRp2,0.058823529411764705,16,16,CTGTGCCCATAACACCAAGG,0,649695
cpxRp2,0.058823529411764705,16,16,CGAGGGCCAGATTAGCGTAA,0,641840
cpxRp2,0.058823529411764705,16,16,CCAGGGAGCTTGTAATTGTT,0,680590
cpxRp2,0.058823529411764705,16,16,CATTGCGTCTCTTGAAAGGC,0,645557
cpxRp2,0.058823529411764705,16,16,CAGTTCAGAGGGGTTGCTAC,0,643430
cpxRp2,0.058823529411764705,16,16,CACAGAAAAGCCAGGTGGAC,0,656197
cpxRp2,0.058823529411764705,16,16,ATTCCTCTCACGGGTGTTGG,0,668264
cpxRp2,0.058823529411764705,16,16,ACGACATCAATTCCGTCGAT,0,651940
cpxRp2,0.058823529411764705,16,16,ACATTTGCCCGCAGCTACAG,0,655599
cpxRp2,0.0625,15,15,TTGTGCAGGCTGCCATCTAT,0,634461
cpxRp2,0.0625,15,15,TTAACGACCTCCTCACAACT,0,629669
cpxRp2,0.0625,15,15,TGTTTTCTTCCGCGAAGGGG,0,634760
cpxRp2,0.0625,15,15,TGTCATCCGACACAAAAGCC,0,703876
cpxRp2,0.0625,15,15,TGGAAGAACTTGCACACGAC,0,708353
cpxRp2,0.0625,15,15,TCTGAGTAGCGTCGTATCAA,0,652622
cpxRp2,0.0625,15,15,TCGAATGACGGGGTCATTCA,0,637557
cpxRp2,0.0625,15,15,TCCGCAGTTCGATGTTTCTA,0,689907
cpxRp2,0.0625,15,15,TCAGATCTACCCTTCCCAAT,0,680258
cpxRp2,0.0625,15,15,GTGTTCAGGCTGTTAGAATA,0,633955
cpxRp2,0.0625,15,15,GTGCTGGCCCGGACGGTGTC,0,659565
cpxRp2,0.0625,15,15,GCGTGAACGTTAGTTGGATC,0,671531
cpxRp2,0.0625,15,15,GCATGTTGGAAAAGACTCGT,0,668394
cpxRp2,0.0625,15,15,GCATACCTAGTCGGCTTCTC,0,697557
cpxRp2,0.0625,15,15,GATCACGTGGACACGTCTGG,0,642517
cpxRp2,0.0625,15,15,GAGATTAGGATACTGTCTCG,0,649536
cpxRp2,0.0625,15,15,CTGACCGCGGTCCGGCACAT,0,679604
cpxRp2,0.0625,15,15,CTCTGTATCAGACAAAATAC,0,630579
cpxRp2,0.0625,15,15,CTCGAAGATTGTTGTTGAAC,0,687404
cpxRp2,0.0625,15,15,CTAGCTGCCATTGTGATCCC,0,670269
cpxRp2,0.0625,15,15,CGTCCGGAGATGCATAACGA,0,648090
cpxRp2,0.0625,15,15,CCCCTAATGAATTCCTTGCA,0,659592
cpxRp2,0.0625,15,15,CAGTATCGGTCGCTTTTGTG,0,670675
cpxRp2,0.0625,15,15,CAGGCTTCCATCGCGAATAA,0,703077
cpxRp2,0.0625,15,15,AGTAGGCTTTGTAGCGGCCC,0,665049
cpxRp2,0.0625,15,15,AGGTGATTGAGACGCGGCTG,0,649444
cpxRp2,0.0625,15,15,ACCAAAGGCCTAAGTAAGGT,0,694084
cpxRp2,0.0625,15,15,AAGTTACCCTCGACTACTGG,0,675931
cpxRp2,0.0625,15,15,AAGGCGGTCTCCCGCAGGCA,0,690530
cpxRp2,0.0625,15,15,AAGCCGCGCCAATCGGGCGT,0,656595
cpxRp2,0.06666666666666667,14,14,TTTTATGCACGCGAACAACG,0,659842
cpxRp2,0.06666666666666667,14,14,TTGAGAAGACCCCATCCCAA,0,668297
cpxRp2,0.06666666666666667,14,14,TTCCAGGCCAGCTCATCACG,0,708813
cpxRp2,0.06666666666666667,14,14,TTATTCTGTTGGCGATGCTG,0,675951
cpxRp2,0.06666666666666667,14,14,TGGCCGCTAGATCCGTTCTA,0,674768
cpxRp2,0.06666666666666667,14,14,TAGGCAAGCCCTAGCGCGCT,0,692433
cpxRp2,0.06666666666666667,14,14,GTTGCGGCATCGACTTCGCG,0,648446
cpxRp2,0.06666666666666667,14,14,GTGGTTGAGTAAGCGCTCTT,0,645386
cpxRp2,0.06666666666666667,14,14,GGGTTGACGAATCCTGTATG,0,702645
cpxRp2,0.06666666666666667,14,14,GGCCTTTGTCTGAACTTCTA,0,671675
cpxRp2,0.06666666666666667,14,14,GGCCTACCAGACACCTCTTA,0,671435
cpxRp2,0.06666666666666667,14,14,GGATTCTACTATCAAACGAC,0,701041
cpxRp2,0.06666666666666667,14,14,GCTTCAGCATTCGTTCAGCC,0,659913
cpxRp2,0.06666666666666667,14,14,GCGCCAGACTGCCGCAGATA,0,701446
cpxRp2,0.06666666666666667,14,14,GCGACGGTCGTCTGAGGTGC,0,704584
cpxRp2,0.06666666666666667,14,14,GCCTGGAGTCTATAAACTCT,0,657069
cpxRp2,0.06666666666666667,14,14,GACTATATTTCTGCAAGGGG,0,649114
cpxRp2,0.06666666666666667,14,14,GACGGATAGTCGGGTTTTAC,0,683918
cpxRp2,0.06666666666666667,14,14,GACAAGAAAGGCTCTTCAGT,0,653497
cpxRp2,0.06666666666666667,14,14,CTTGGGGGTAGAACGGGCGA,0,686555
cpxRp2,0.06666666666666667,14,14,CTTGCACAAAAGGCGGGGAT,0,650431
cpxRp2,0.06666666666666667,14,14,CTGTTCGCTTGAAACGCGGA,0,661834
cpxRp2,0.06666666666666667,14,14,CTCCCGCACTAGACGCCGGG,0,680587
cpxRp2,0.06666666666666667,14,14,CGTCCCCTGGATGAGTACAG,0,681788
cpxRp2,0.06666666666666667,14,14,CGCGCAAATATCGAGGAGAC,0,656311
cpxRp2,0.06666666666666667,14,14,CGCAGGGGCCGCGTTAGCTC,0,650231
cpxRp2,0.06666666666666667,14,14,CGACAGACATCGTATCGTGT,0,671601
cpxRp2,0.06666666666666667,14,14,CCACTAACGCGTTTTAAGAC,0,704667
cpxRp2,0.06666666666666667,14,14,CACATTGGAAGAATACGGAG,0,710751
cpxRp2,0.06666666666666667,14,14,CAAGCGCAAGTCTCAGTCTT,0,699992
cpxRp2,0.06666666666666667,14,14,ATTCTCCTGGAGTCTCATGA,0,658054
cpxRp2,0.06666666666666667,14,14,ATTCGCATAGCTCGGTCGGA,0,635862
cpxRp2,0.06666666666666667,14,14,ATGTCGGCGGAATTTTCGAT,0,661051
cpxRp2,0.06666666666666667,14,14,ATCCCCTTAGCGGTGAACAC,0,704309
cpxRp2,0.06666666666666667,14,14,ATACGGTATGGGTGCCCGGC,0,629705
cpxRp2,0.06666666666666667,14,14,AGTCACTTTTATACCGGTGT,0,680288
cpxRp2,0.06666666666666667,14,14,AGAATCCCGGTTGCGGCTCA,0,645750
cpxRp2,0.06666666666666667,14,14,ACTCAGTATTTTAAGAAATC,0,659316
cpxRp2,0.06666666666666667,14,14,ACGGTGGTTGATTTAATTTT,0,657683
cpxRp2,0.06666666666666667,14,14,ACGATAGGCGCCCTGAGTAA,0,634208
cpxRp2,0.06666666666666667,14,14,ACCGTCTGTGCAAGCAGCGA,0,643912
cpxRp2,0.06666666666666667,14,14,ACCCGACGACTGGTACACAC,0,663475
cpxRp2,0.06666666666666667,14,14,ACATTTATAATGGCTGTTTA,0,656848
cpxRp2,0.06666666666666667,14,14,AACTTCGAATCCCTGTCCGG,0,641659
cpxRp2,0.06666666666666667,14,14,AACTGCAAGGCTAGGTCCTA,0,709228
cpxRp2,0.07142857142857142,13,13,TTTGGTGTCATCTTCGTGGT,0,702177
cpxRp2,0.07142857142857142,13,13,TTTCGCGTGCAACGTATTGC,0,637938
cpxRp2,0.07142857142857142,13,13,TTGGGAGGACCTCGGGGGTC,0,710363
cpxRp2,0.07142857142857142,13,13,TTCGACTCCCTCACAGAGCC,0,651391
cpxRp2,0.07142857142857142,13,13,TTAAGTTCCAGCACGTACGT,0,685619
cpxRp2,0.07142857142857142,13,13,TGTCCGTGTCTGGGTTATGG,0,680093
cpxRp2,0.07142857142857142,13,13,TGGTTGCCTACCGTATGGCA,0,662548
cpxRp2,0.07142857142857142,13,13,TCTGACTCGTGACTAGTGTG,0,664481
cpxRp2,0.07142857142857142,13,13,TAGCGCTCGGCGAACCATAA,0,705330
cpxRp2,0.07142857142857142,13,13,TAAGATTCGGCTTACAGAGA,0,654515
cpxRp2,0.07142857142857142,13,13,GTGTTACCAGGATGTGACGC,0,703710
cpxRp2,0.07142857142857142,13,13,GGGTACCCATCCGTATTACC,0,692547
cpxRp2,0.07142857142857142,13,13,GGGGTTTACTGGTGCAGTTA,0,649933
cpxRp2,0.07142857142857142,13,13,GGGCCAAGATACTTTAATAT,0,656140
cpxRp2,0.07142857142857142,13,13,GGCCCCTAGCTTTGGGAAAG,0,665722
cpxRp2,0.07142857142857142,13,13,GCTGTATGCAGTGCATCCAC,0,660737
cpxRp2,0.07142857142857142,13,13,GCGTTACCGTTCCACCCATG,0,651960
cpxRp2,0.07142857142857142,13,13,GCCCTTGCGGATATACTGGA,0,674402
cpxRp2,0.07142857142857142,13,13,GCCACCCACCCCCTAACGGT,0,692844
cpxRp2,0.07142857142857142,13,13,GAGTACGGGTTGTTGTTTGT,0,636578
cpxRp2,0.07142857142857142,13,13,GAAAGCCTGACGTGTAGCAT,0,648205
cpxRp2,0.07142857142857142,13,13,CTTTAGTCCCAGGAAGCCCT,0,679316
cpxRp2,0.07142857142857142,13,13,CTGAGCTTCTTCTAGTTTAT,0,635584
cpxRp2,0.07142857142857142,13,13,CTCCCCAACGGGACTATCGA,0,638626
cpxRp2,0.07142857142857142,13,13,CGGTTTAATTCGCTGAGAGG,0,646572
cpxRp2,0.07142857142857142,13,13,CGGATAATCGGATGGTCATA,0,682211
cpxRp2,0.07142857142857142,13,13,CCTGCTGGTCTACAAGTTGC,0,658322
cpxRp2,0.07142857142857142,13,13,CCGCGTACGTGATAGTCAAG,0,703026
cpxRp2,0.07142857142857142,13,13,CCGCAGCGGGTGATTCGTAC,0,655054
cpxRp2,0.07142857142857142,13,13,CCCGCTGGTGTATACACGGT,0,651163
cpxRp2,0.07142857142857142,13,13,CCACGGACGATTGTAGACAC,0,685046
cpxRp2,0.07142857142857142,13,13,CCAAAGATTATCGGTCAGAT,0,710756
cpxRp2,0.07142857142857142,13,13,CAGACTGGGATTTTGCACTA,0,691959
cpxRp2,0.07142857142857142,13,13,CACTAAACACCCACACTACA,0,690928
cpxRp2,0.07142857142857142,13,13,CACGACGCAACGGCGTGGTC,0,680999
cpxRp2,0.07142857142857142,13,13,CACAGCACTATTTAAAATTT,0,683057
cpxRp2,0.07142857142857142,13,13,ATTTGACCTTATGTAAGGCT,0,648093
cpxRp2,0.07142857142857142,13,13,ATGTGCCGTAGTGCCGACGG,0,699510
cpxRp2,0.07142857142857142,13,13,ATGTCCCCCCGCCGATTTGG,0,653962
cpxRp2,0.07142857142857142,13,13,ATCGGTTGCACGCACGGCGC,0,658591
cpxRp2,0.07142857142857142,13,13,ATCCCCAAGAATAATCAAGT,0,684700
cpxRp2,0.07142857142857142,13,13,ATCAACTGGGACCTTGTAAT,0,633784
cpxRp2,0.07142857142857142,13,13,ATAGCAATTAAGATTACCAT,0,648798
cpxRp2,0.07142857142857142,13,13,AGCGAGGGACTAAGGCCAAA,0,639748
cpxRp2,0.07142857142857142,13,13,AGCATACGATTTTCACTAAG,0,695073
cpxRp2,0.07142857142857142,13,13,ACTGGTCAGTCGCCGTGCAT,0,699406
cpxRp2,0.07142857142857142,13,13,AATCTGAGTGGGTGTGCAGC,0,640944
cpxRp2,0.07142857142857142,13,13,AATATTACCCGGCTCACGTA,0,645763
cpxRp2,0.07142857142857142,13,13,AAGTGAGGGTGCGGTACTCT,0,655491
cpxRp2,0.07142857142857142,13,13,AAGCATTAAGAAGTTTTCAT,0,630733
cpxRp2,0.07142857142857142,13,13,AACTACACATACGCTAACCC,0,667075
cpxRp2,0.07692307692307693,12,12,TTTTTTTATGCCAGGACAGT,0,664796
cpxRp2,0.07692307692307693,12,12,TTTAAGCTATCTATATCAAG,0,663424
cpxRp2,0.07692307692307693,12,12,TTATACGAGTATGGGTGCCA,0,689313
cpxRp2,0.07692307692307693,12,12,TGTCGAGGCGGGATAGTCCG,0,649435
cpxRp2,0.07692307692307693,12,12,TGGGACAGCTGCATCGGCAA,0,704014
cpxRp2,0.07692307692307693,12,12,TGAGAGTTGGCAGATTACGT,0,662945
cpxRp2,0.07692307692307693,12,12,TGACCGCATCCGTCTCAGCC,0,655265
cpxRp2,0.07692307692307693,12,12,TGAAGCGGATCAGGGGCTTA,0,653521
cpxRp2,0.07692307692307693,12,12,TCTACGCCTTGGTCGATAAC,0,642300
cpxRp2,0.07692307692307693,12,12,TCGTCACCGGTAGGGTCAAC,0,630189
cpxRp2,0.07692307692307693,12,12,TCGGGTGTGACTTACTATGA,0,659557
cpxRp2,0.07692307692307693,12,12,TCAGCAGCAGACATGCCGAT,0,644859
cpxRp2,0.07692307692307693,12,12,TCACTTCCTAAAAAAATTAA,0,663756
cpxRp2,0.07692307692307693,12,12,TCACTCCAAGAATTGGGCTT,0,679790
cpxRp2,0.07692307692307693,12,12,TATACAAGGGGTCCATACCG,0,650978
cpxRp2,0.07692307692307693,12,12,TAGGCGGAGCGGCATTGGTA,0,706758
cpxRp2,0.07692307692307693,12,12,TAGGCACTTCAGTGGTTTAG,0,675252
cpxRp2,0.07692307692307693,12,12,TACTAGGGTATGAAGCGCCC,0,639445
cpxRp2,0.07692307692307693,12,12,TACGTGGGAATGTTGCAGCC,0,702985
cpxRp2,0.07692307692307693,12,12,GTTCCGGCTTCTGGGTGGGA,0,629959
cpxRp2,0.07692307692307693,12,12,GTGAGACGGTCTGTGGCAGT,0,684442
cpxRp2,0.07692307692307693,12,12,GTCTATTATTGAGCCGCAAC,0,681264
cpxRp2,0.07692307692307693,12,12,GGCGTCCGCGATCTAGGCGA,0,668713
cpxRp2,0.07692307692307693,12,12,GGCGAGGGGTCTTTTAGGCC,0,658104
cpxRp2,0.07692307692307693,12,12,GGCAGACGGCTTGAGCTAGT,0,685493
cpxRp2,0.07692307692307693,12,12,GGATTGACTAAGGCTGTCGG,0,669349
cpxRp2,0.07692307692307693,12,12,GCTTTCGGTATCGAGCCTAT,0,704002
cpxRp2,0.07692307692307693,12,12,GCTTTCCTTACATCTGTTAT,0,668560
cpxRp2,0.07692307692307693,12,12,GCTTATTGATCTCAAAGCTC,0,643909
cpxRp2,0.07692307692307693,12,12,GCTCTTTGGTCTACATGTGA,0,638742
cpxRp2,0.07692307692307693,12,12,GCAATGTAAGTGCCGGGCTG,0,687661
cpxRp2,0.07692307692307693,12,12,GCAACTGATCAAGGTACAAC,0,631386
cpxRp2,0.07692307692307693,12,12,GAGTAGAACATTGGTTTATG,0,681986
cpxRp2,0.07692307692307693,12,12,GAGGGGGGCGACAGTGCAAG,0,658067
cpxRp2,0.07692307692307693,12,12,GAGATGACATATTAAATTCA,0,682083
cpxRp2,0.07692307692307693,12,12,GACTAGGATAGGCTTGCCCT,0,679608
cpxRp2,0.07692307692307693,12,12,GACGCTTTTACCAGTGGTGG,0,650185
cpxRp2,0.07692307692307693,12,12,GAAAACCGCGCTGTGGAATC,0,657215
cpxRp2,0.07692307692307693,12,12,CTGTCTGAGGCCTTCGACCG,0,711194
cpxRp2,0.07692307692307693,12,12,CTCGCGGATTCATGGCACTA,0,671582
cpxRp2,0.07692307692307693,12,12,CGTAGTACTCGCGGATCAGC,0,680683
cpxRp2,0.07692307692307693,12,12,CGTACATGATTTGCAAACCG,0,701944
cpxRp2,0.07692307692307693,12,12,CGCTTCGTATCTGAATTGGT,0,656237
cpxRp2,0.07692307692307693,12,12,CGCTGCGCAGTAAGTTAAGA,0,643159
cpxRp2,0.07692307692307693,12,12,CGCAAGTCTCCTTAAGATCG,0,664517
cpxRp2,0.07692307692307693,12,12,CGAATTATATTTATACAGTC,0,682308
cpxRp2,0.07692307692307693,12,12,CCTTGATGTTGGATGGAACA,0,683605
cpxRp2,0.07692307692307693,12,12,CCCCCGACTCGTCTATTGCC,0,646225
cpxRp2,0.07692307692307693,12,12,CCACGGTGAACTTATAGTAT,0,685860
cpxRp2,0.07692307692307693,12,12,CAGTTTCTTACGGGAGGACA,0,665352
cpxRp2,0.07692307692307693,12,12,CAGGTTTCCCTAGCTGTGTC,0,705381
cpxRp2,0.07692307692307693,12,12,CACGTATACATCGGCGGTAC,0,656184
cpxRp2,0.07692307692307693,12,12,CAACCTACACTCTCGGTCAT,0,640145
cpxRp2,0.07692307692307693,12,12,ATTTGCTTAAACACTGGGGT,0,669142
cpxRp2,0.07692307692307693,12,12,ATTTAATTGATTAGGTGGCA,0,699254
cpxRp2,0.07692307692307693,12,12,ATGATATTGCTAACCTGATA,0,636693
cpxRp2,0.07692307692307693,12,12,ATCTTGATCTGAGCCGCCAG,0,711448
cpxRp2,0.07692307692307693,12,12,ATCTGCTGGTGCCCACTGCG,0,668841
cpxRp2,0.07692307692307693,12,12,ATCCATATGGCGGTCATATC,0,677648
cpxRp2,0.07692307692307693,12,12,ATCAAGCACGTTTGATCCCG,0,704507
cpxRp2,0.07692307692307693,12,12,ATAAACAGTCTGGCCTGTAA,0,675035
cpxRp2,0.07692307692307693,12,12,AGTGGAGATAGTGGCGCATA,0,703891
cpxRp2,0.07692307692307693,12,12,AGTCGGACATCGTCCCCCTT,0,638677
cpxRp2,0.07692307692307693,12,12,AGGCTGCCGGCCAAGCCCGT,0,643973
cpxRp2,0.07692307692307693,12,12,ACTGGGTCGCAGAGCTATAG,0,673500
cpxRp2,0.07692307692307693,12,12,ACGTTTGCATAAAAAAATTT,0,706133
cpxRp2,0.07692307692307693,12,12,ACGTATCAGGCCTTTGTCCA,0,629844
cpxRp2,0.07692307692307693,12,12,ACGAGAACGTCCTAGGAGCC,0,680839
cpxRp2,0.07692307692307693,12,12,ACGAAAGGAAGGCACGCCAA,0,687626
cpxRp2,0.07692307692307693,12,12,ACCTCTGAGAATATTGGCTG,0,664824
cpxRp2,0.07692307692307693,12,12,ACACCCCTCGTCAGCTTTAA,0,684634
cpxRp2,0.07692307692307693,12,12,AATTCGCGCGTTAGAGCCAC,0,677253
cpxRp2,0.07692307692307693,12,12,AATGGCATATCTAAGCGGTG,0,687138
cpxRp2,0.07692307692307693,12,12,AATGATCGGCTCCTCGCTTC,0,634615
cpxRp2,0.07692307692307693,12,12,AATCGCCTTGCTTACATTCG,0,698758
cpxRp2,0.07692307692307693,12,12,AAGATTTCTATGCGTGCTAG,0,659581
cpxRp2,0.08333333333333333,11,11,TTTTATTCATCCTTTGGAGG,0,659955
cpxRp2,0.08333333333333333,11,11,TTTGAAATGCGGGCTTGTGC,0,645845
cpxRp2,0.08333333333333333,11,11,TTTGAAAGGGCAGCAACATA,0,653235
cpxRp2,0.08333333333333333,11,11,TTTACCATTCGCCGGGACTC,0,651570
cpxRp2,0.08333333333333333,11,11,TTTACACAAACATCCGACAT,0,645234
cpxRp2,0.08333333333333333,11,11,TTCTGTAACTGAGAGTGATG,0,642401
cpxRp2,0.08333333333333333,11,11,TGTTTGTTGTAATCGGATCC,0,652761
cpxRp2,0.08333333333333333,11,11,TGGTTAATGCTCCTAATTGT,0,642824
cpxRp2,0.08333333333333333,11,11,TGGGACCACACTACCGTTTA,0,712176
cpxRp2,0.08333333333333333,11,11,TGAGCCTGAGATTAGCCAAA,0,668916
cpxRp2,0.08333333333333333,11,11,TGACAAGGTATTCTAATCCG,0,646622
cpxRp2,0.08333333333333333,11,11,TCTTGGAACACCGAAGGGTG,0,688857
cpxRp2,0.08333333333333333,11,11,TCTATGCGGCACCAAGTTAA,0,706875
cpxRp2,0.08333333333333333,11,11,TCCCAGGATTTTCGTGCCTA,0,635780
cpxRp2,0.08333333333333333,11,11,TCACGTCGTCTGCCTTCGAT,0,630365
cpxRp2,0.08333333333333333,11,11,TATAGTAGGTAGCATCACTG,0,671113
cpxRp2,0.08333333333333333,11,11,TAGCTCCTGTTGTCCGTGAC,0,691821
cpxRp2,0.08333333333333333,11,11,TAGAGTCTGGGCATGCCTAA,0,657174
cpxRp2,0.08333333333333333,11,11,TACCCGATCGATCGCTAGGT,0,670145
cpxRp2,0.08333333333333333,11,11,TAAAGAACCGGGAACCGTTC,0,698991
cpxRp2,0.08333333333333333,11,11,GTTTCGGTGTGTATCATAGA,0,704230
cpxRp2,0.08333333333333333,11,11,GTTTCAGCTGGCTGCTAAGA,0,701425
cpxRp2,0.08333333333333333,11,11,GTTGTTCCGATTGATCCGCT,0,632898
cpxRp2,0.08333333333333333,11,11,GTTCATAAACGCAGTACTTA,0,696623
cpxRp2,0.08333333333333333,11,11,GTTCACAGAGTTATGTCTTG,0,668519
cpxRp2,0.08333333333333333,11,11,GTTAGATAATTTCGGTTTTA,0,640236
cpxRp2,0.08333333333333333,11,11,GTGGTAGACTCAAGGGGTTT,0,699347
cpxRp2,0.08333333333333333,11,11,GTGGGCATGAAAGTAGCCAG,0,697082
cpxRp2,0.08333333333333333,11,11,GTGGCGGGAGTCTCTCCGGT,0,680013
cpxRp2,0.08333333333333333,11,11,GTCTTCTAGTTCGTTAGGGA,0,684044
cpxRp2,0.08333333333333333,11,11,GTCCGCTTTAGTAGAATAGT,0,686577
cpxRp2,0.08333333333333333,11,11,GTCCATCTCGGCTTTCAATC,0,660962
cpxRp2,0.08333333333333333,11,11,GTCACGGTTGTAAATCGTAG,0,693580
cpxRp2,0.08333333333333333,11,11,GTCAAAGGTTCCATCATGTA,0,707802
cpxRp2,0.08333333333333333,11,11,GTAAGGCTGTAGGTAAGGGG,0,686745
cpxRp2,0.08333333333333333,11,11,GGTGTAAACGACAATGTTTG,0,644450
cpxRp2,0.08333333333333333,11,11,GGTAAGCAACACTAATCAGC,0,638175
cpxRp2,0.08333333333333333,11,11,GGGGCTCAAATCTTGTAGGA,0,657748
cpxRp2,0.08333333333333333,11,11,GGATTGTTCCCTGAGAGACG,0,662232
cpxRp2,0.08333333333333333,11,11,GGATCGTTGTGAAATACAGT,0,631383
cpxRp2,0.08333333333333333,11,11,GCCTAATATATTAATCTGCT,0,682105
cpxRp2,0.08333333333333333,11,11,GCCAGCCACGCCACAGAAGC,0,635213
cpxRp2,0.08333333333333333,11,11,GCATTCGTTGGTATGCTGAT,0,671878
cpxRp2,0.08333333333333333,11,11,GCATGCTAAGTATACCCTGC,0,684937
cpxRp2,0.08333333333333333,11,11,GCAACCGGCAAATCCGCTGG,0,645221
cpxRp2,0.08333333333333333,11,11,GATCCTTAGTCAGCGCAATC,0,695569
cpxRp2,0.08333333333333333,11,11,GAGCTCGATGCTGCATATTG,0,655233
cpxRp2,0.08333333333333333,11,11,GACTAGAGCTTAGGGGGGAA,0,658356
cpxRp2,0.08333333333333333,11,11,GACAGCTTCCGGAAAGTGCG,0,668283
cpxRp2,0.08333333333333333,11,11,GAAGATGTAGACAGTGTCAG,0,673157
cpxRp2,0.08333333333333333,11,11,GAAAACGCGGTTTGCTCCCC,0,640123
cpxRp2,0.08333333333333333,11,11,CTTTAAGCTTGCCGTGGCGT,0,669626
cpxRp2,0.08333333333333333,11,11,CTTCGGCTCCTGGCTGTTAT,0,672009
cpxRp2,0.08333333333333333,11,11,CTTATTCTGCACAATGCAGA,0,671338
cpxRp2,0.08333333333333333,11,11,CTGGTCTATTCCATCTTGCA,0,633211
cpxRp2,0.08333333333333333,11,11,CTGCATGTCCGATTAAGGTA,0,678039
cpxRp2,0.08333333333333333,11,11,CTGAATACTGTACCTTGTTT,0,687277
cpxRp2,0.08333333333333333,11,11,CTCTAAGTGAGGGATGACTA,0,657890
cpxRp2,0.08333333333333333,11,11,CTAGGTCGTATGGCACAAGT,0,695529
cpxRp2,0.08333333333333333,11,11,CTAGAGGAAGCGTGTCCCAG,0,667207
cpxRp2,0.08333333333333333,11,11,CTAAAGGAATCGAATCGCAT,0,689569
cpxRp2,0.08333333333333333,11,11,CGTCTCGCTGTGAGGTGGGG,0,634206
cpxRp2,0.08333333333333333,11,11,CGTCTCCGTTAAATATCTTA,0,688963
cpxRp2,0.08333333333333333,11,11,CGGGATGTGGGCATGTTCAA,0,647440
cpxRp2,0.08333333333333333,11,11,CGGCTTGGGGAGGGATGCAA,0,703483
cpxRp2,0.08333333333333333,11,11,CGGCGGATTGAGACTATTGG,0,671739
cpxRp2,0.08333333333333333,11,11,CGGACGAGGGGTTCGATTCC,0,660424
cpxRp2,0.08333333333333333,11,11,CCTTAGCTCAAGGCTGAGGC,0,647779
cpxRp2,0.08333333333333333,11,11,CCTAATTGCAATTTGGAGAT,0,707780
cpxRp2,0.08333333333333333,11,11,CCCGATTTGGTGTCCATGCC,0,631030
cpxRp2,0.08333333333333333,11,11,CCATATCCAGATCGGTACCA,0,680982
cpxRp2,0.08333333333333333,11,11,CCATACCCACGAAATGTCAA,0,706752
cpxRp2,0.08333333333333333,11,11,CCAAGGTGGGGAGGATAGAT,0,661250
cpxRp2,0.08333333333333333,11,11,CATTTTTAGGGGAAGCGACG,0,643880
cpxRp2,0.08333333333333333,11,11,CATGGCAAATAGCTTATCCG,0,658911
cpxRp2,0.08333333333333333,11,11,CATCTGCCCCTGACAGGTTG,0,670372
cpxRp2,0.08333333333333333,11,11,CAGTCCGTCCACGCGTGAGA,0,694201
cpxRp2,0.08333333333333333,11,11,CAGGTGGCTAAAGTTTGCCA,0,710304
cpxRp2,0.08333333333333333,11,11,CAGCTGCGAAGGACATAACG,0,689157
cpxRp2,0.08333333333333333,11,11,CAGCGAATGGGTTCAGGGCT,0,704513
cpxRp2,0.08333333333333333,11,11,CACCGAGAGAAGTGATAGTC,0,682262
cpxRp2,0.08333333333333333,11,11,CAAACCTGCTAGTGTTTCGG,0,678602
cpxRp2,0.08333333333333333,11,11,ATTTGATGCGACTTTAAGTA,0,668285
cpxRp2,0.08333333333333333,11,11,ATGGGAGCCCCGATATCCGG,0,710342
cpxRp2,0.08333333333333333,11,11,ATGAAGGGTCTCGTCTCCAC,0,634468
cpxRp2,0.08333333333333333,11,11,ATATCCCGCCAATCATTGCT,0,687390
cpxRp2,0.08333333333333333,11,11,AGTTAGTTGCAACCAGCCAC,0,633149
cpxRp2,0.08333333333333333,11,11,AGTGTATCAGTGCCACTGTT,0,710132
cpxRp2,0.08333333333333333,11,11,AGGTTGCTAATTTTTTCTTG,0,696510
cpxRp2,0.08333333333333333,11,11,AGCTAATGTAGAAGAATAGT,0,676006
cpxRp2,0.08333333333333333,11,11,ACTCTAGCGTTCATGTGGGT,0,649184
cpxRp2,0.08333333333333333,11,11,ACTATTGCCAGGGTCGCCGA,0,665683
cpxRp2,0.08333333333333333,11,11,ACGTGCACCCTGTCAAACCT,0,632084
cpxRp2,0.08333333333333333,11,11,ACGGGTGACCTAGGGTCTGG,0,639302
cpxRp2,0.08333333333333333,11,11,ACGATAGGGGCCTCTAATTG,0,680824
cpxRp2,0.08333333333333333,11,11,ACCGAGCGGACTCCTCCAGT,0,711224
cpxRp2,0.08333333333333333,11,11,ACCACCAAGAGACTGCTTAT,0,640845
cpxRp2,0.08333333333333333,11,11,ACAATGGGCTGGCGAATCGG,0,704008
cpxRp2,0.08333333333333333,11,11,AATTGAGGGCAGTTCCATAC,0,663049
cpxRp2,0.08333333333333333,11,11,AAGAGTCGGCTCGCCCCGGA,0,642547
cpxRp2,0.08333333333333333,11,11,AAATGGAGGACCGGTAAGGA,0,655183
cpxRp2,0.08333333333333333,11,11,AAATATTGTTGTATCCAAAT,0,667048
cpxRp2,0.09090909090909091,10,10,TTTTTGAGGTGAGGACGTTC,0,668838
cpxRp2,0.09090909090909091,10,10,TTTCATCACATAGTAATGAA,0,660562
cpxRp2,0.09090909090909091,10,10,TTTACTCAGACGCCCTTGAG,0,709055
cpxRp2,0.09090909090909091,10,10,TTGGTAATTTGAGAGGTGCA,0,684867
cpxRp2,0.09090909090909091,10,10,TTCGCCAATCTTAGTACCAC,0,681165
cpxRp2,0.09090909090909091,10,10,TTACCTCAAGCATTTTCGGT,0,631932
cpxRp2,0.09090909090909091,10,10,TGTGTATTAGTGCTTACGCT,0,689954
cpxRp2,0.09090909090909091,10,10,TGTGGTTGCGTCACGGACTG,0,634136
cpxRp2,0.09090909090909091,10,10,TGTGGGCCACTAACGTTCGA,0,675952
cpxRp2,0.09090909090909091,10,10,TGGTGAAGGGAGGGCCGTTT,0,704521
cpxRp2,0.09090909090909091,10,10,TGGGTAAATAGCGGCAGGAG,0,674926
cpxRp2,0.09090909090909091,10,10,TGCGGCCGAGTTAAACCGTT,0,653293
cpxRp2,0.09090909090909091,10,10,TGAGTGTTGACTAAGCGAGT,0,688552
cpxRp2,0.09090909090909091,10,10,TGAGTCTTCTCAGCATTAAA,0,684823
cpxRp2,0.09090909090909091,10,10,TGAGCCGCCGAGGCTTTTTG,0,636089
cpxRp2,0.09090909090909091,10,10,TGACCAGGTCTTACGCTAGA,0,711937
cpxRp2,0.09090909090909091,10,10,TCTGCCTAGTTTGCCCACCT,0,668937
cpxRp2,0.09090909090909091,10,10,TCTGAAGGGGTCGAATAAAA,0,688827
cpxRp2,0.09090909090909091,10,10,TCTCAGCGGAATTGTGTGTG,0,684143
cpxRp2,0.09090909090909091,10,10,TCTAATCGTTGAGCTTGGAA,0,671129
cpxRp2,0.09090909090909091,10,10,TCGTGTAATCCGTAGCGCTC,0,691913
cpxRp2,0.09090909090909091,10,10,TCCGGGGTCAACTGGGAGGT,0,672421
cpxRp2,0.09090909090909091,10,10,TCCGCTAAGTGCCTTAAATC,0,708871
cpxRp2,0.09090909090909091,10,10,TCCGAATTCGATGCTACTGA,0,679325
cpxRp2,0.09090909090909091,10,10,TCCGAATAAAGGGCGAGGAT,0,696361
cpxRp2,0.09090909090909091,10,10,TCCCTAGATCTTTAGTAACA,0,655848
cpxRp2,0.09090909090909091,10,10,TCAACGAGGCGAAGTGACAT,0,694456
cpxRp2,0.09090909090909091,10,10,TATAAGCCCCCTTCAGGGCA,0,695367
cpxRp2,0.09090909090909091,10,10,TAGCCGCAAACCCTAGATTC,0,684602
cpxRp2,0.09090909090909091,10,10,TACTGAGTAACCTTATACTA,0,654747
cpxRp2,0.09090909090909091,10,10,TACTGAAGAGGGAAGAGTGG,0,688148
cpxRp2,0.09090909090909091,10,10,TACGTCAAGCTGTGAGGCCG,0,673469
cpxRp2,0.09090909090909091,10,10,TAAGTCTGACTCCGTATCTG,0,645432
cpxRp2,0.09090909090909091,10,10,TAAGGTTTTCACTGGTTAAT,0,656594
cpxRp2,0.09090909090909091,10,10,TAACACGCTTTAGTTTGGGA,0,638061
cpxRp2,0.09090909090909091,10,10,GTTTGGTTGCACTGGAATTT,0,673777
cpxRp2,0.09090909090909091,10,10,GTTATTTTTGACGCGCATTT,0,701264
cpxRp2,0.09090909090909091,10,10,GTTACAAGGAGAACCGCGCC,0,653999
cpxRp2,0.09090909090909091,10,10,GTGTCATCTGGAACAACAAA,0,682584
cpxRp2,0.09090909090909091,10,10,GTGCGGTGGGGCCGAAGGTA,0,638940
cpxRp2,0.09090909090909091,10,10,GTGAGTATCCCCCCGCCTTT,0,702787
cpxRp2,0.09090909090909091,10,10,GTGAAAGGGATGAATCAAGT,0,693745
cpxRp2,0.09090909090909091,10,10,GTCCTATAAAAATTTTCGGT,0,658121
cpxRp2,0.09090909090909091,10,10,GTATTACGAGGTACACATTC,0,676749
cpxRp2,0.09090909090909091,10,10,GTAGCGTCAAAGTAGGGCGT,0,642303
cpxRp2,0.09090909090909091,10,10,GGTGAACCCGATTGCAGGGG,0,660908
cpxRp2,0.09090909090909091,10,10,GGTAGGCCATTTCGGCTGAC,0,633186
cpxRp2,0.09090909090909091,10,10,GGTAAGTGTAAGGAATACCA,0,673492
cpxRp2,0.09090909090909091,10,10,GGGCTAAAAATATTATGGAA,0,658153
cpxRp2,0.09090909090909091,10,10,GGGATGGTACGACGAGTGTT,0,682973
cpxRp2,0.09090909090909091,10,10,GGCAATTCTACGCAGACAAT,0,687775
cpxRp2,0.09090909090909091,10,10,GGAGGCTTAATGATTCTCCA,0,629854
cpxRp2,0.09090909090909091,10,10,GCTATTAATTTTAGCAGATC,0,682231
cpxRp2,0.09090909090909091,10,10,GCGTCATCGCTTTCATGCGA,0,707551
cpxRp2,0.09090909090909091,10,10,GCGGGAGGCAAGGGGGAGCA,0,700839
cpxRp2,0.09090909090909091,10,10,GCGCTTAACGTGACGGTTGC,0,646844
cpxRp2,0.09090909090909091,10,10,GCCCTCTTACACTTCCGTTG,0,631769
cpxRp2,0.09090909090909091,10,10,GCAGCTGTCCGTGCCAGGAT,0,649774
cpxRp2,0.09090909090909091,10,10,GCAGAGCCAGAATTGGTTGA,0,695059
cpxRp2,0.09090909090909091,10,10,GCAATGAGGGGAGCCACAGC,0,630139
cpxRp2,0.09090909090909091,10,10,GATTGTGAGAGGTACTTAAC,0,676490
cpxRp2,0.09090909090909091,10,10,GAGGAAGCATTCATACCACT,0,658663
cpxRp2,0.09090909090909091,10,10,GAGCGTGCGGTTCAGTTCAA,0,659263
cpxRp2,0.09090909090909091,10,10,GAAGTTTAATCTTCTCTAGT,0,645597
cpxRp2,0.09090909090909091,10,10,GAAATTAATGCAAGACACAG,0,664066
cpxRp2,0.09090909090909091,10,10,CTTATTTTTGGCCGGTAATC,0,696818
cpxRp2,0.09090909090909091,10,10,CTGTATTCTTCGATGCAGAT,0,647675
cpxRp2,0.09090909090909091,10,10,CTGCTAGCTACCGGATTCTC,0,660958
cpxRp2,0.09090909090909091,10,10,CTCATATCAAAACATGTAAT,0,675805
cpxRp2,0.09090909090909091,10,10,CTAATTTGCGCCCACCCCAC,0,639001
cpxRp2,0.09090909090909091,10,10,CTAAAGCATAGAATCCCATA,0,631645
cpxRp2,0.09090909090909091,10,10,CGTGTGGTGTCGGCAGGACT,0,664347
cpxRp2,0.09090909090909091,10,10,CGTCATACGCTCGACCTGCG,0,657366
cpxRp2,0.09090909090909091,10,10,CGGGGACTGAAAGGGCTAGT,0,632549
cpxRp2,0.09090909090909091,10,10,CGCGGTTGCGGATGGGTCGT,0,639540
cpxRp2,0.09090909090909091,10,10,CGATCTAAAGGTTCGGGGAA,0,683891
cpxRp2,0.09090909090909091,10,10,CGAGCGCGGGGTTGCTGGTA,0,686862
cpxRp2,0.09090909090909091,10,10,CGAGAGGGTCGTTGCAATAA,0,663562
cpxRp2,0.09090909090909091,10,10,CGACCTAAAATTAGGGATAT,0,643683
cpxRp2,0.09090909090909091,10,10,CGACCCGATAATTATATAGC,0,649679
cpxRp2,0.09090909090909091,10,10,CCTTTGATAATGTATGGACA,0,667279
cpxRp2,0.09090909090909091,10,10,CCGTGCACCTCAGAAGCATT,0,632833
cpxRp2,0.09090909090909091,10,10,CCCGTATTTTGACACCAGAT,0,689810
cpxRp2,0.09090909090909091,10,10,CCAGGGCCTGGGTTACGGCT,0,692199
cpxRp2,0.09090909090909091,10,10,CCACCACGGGGTATACAACT,0,650132
cpxRp2,0.09090909090909091,10,10,CATTCTGCCACGTCACATAT,0,657598
cpxRp2,0.09090909090909091,10,10,CAGTGAGTGTGGTCTATTCT,0,675875
cpxRp2,0.09090909090909091,10,10,CAGGATTGGAACTACCGGCG,0,648713
cpxRp2,0.09090909090909091,10,10,CAGCGGCAGAAAAGAAGTCT,0,672071
cpxRp2,0.09090909090909091,10,10,CAGATTGTCTTTAAGGACCA,0,648359
cpxRp2,0.09090909090909091,10,10,CACCACAGATCTAAAACTGG,0,664916
cpxRp2,0.09090909090909091,10,10,CAATTTTTCATACGGCACAG,0,706841
cpxRp2,0.09090909090909091,10,10,CAAACCTCGCTTAACTCGAA,0,636094
cpxRp2,0.09090909090909091,10,10,ATTGGAAGCTATGGCCAGTG,0,630667
cpxRp2,0.09090909090909091,10,10,ATTGCGCAGCATCGCTACTG,0,652276
cpxRp2,0.09090909090909091,10,10,ATGCCGATAACTGTTTTATC,0,639491
cpxRp2,0.09090909090909091,10,10,ATGAACAGTGCAGTGGCGAA,0,667044
cpxRp2,0.09090909090909091,10,10,ATCTCCAGAGGTGGCAGCGA,0,670666
cpxRp2,0.09090909090909091,10,10,ATCAGCGGGGCGCCTTGCAA,0,670783
cpxRp2,0.09090909090909091,10,10,ATCAAGCGAGACGCCCCTCA,0,668875
cpxRp2,0.09090909090909091,10,10,ATAACACCTGTAGGATTTTT,0,688892
cpxRp2,0.09090909090909091,10,10,AGTTCGTCCGTGAAATTGAT,0,663832
cpxRp2,0.09090909090909091,10,10,AGGCTGGCCAGCTTAGCAGA,0,700276
cpxRp2,0.09090909090909091,10,10,AGCTGATACCGGGCGTGGGG,0,647022
cpxRp2,0.09090909090909091,10,10,AGCGAGCATATCCGCACTCG,0,640551
cpxRp2,0.09090909090909091,10,10,AGCCACTGGCACTATAATTG,0,656897
cpxRp2,0.09090909090909091,10,10,ACTCAATTGACAGTACACAG,0,692853
cpxRp2,0.09090909090909091,10,10,ACGTCCTACAGGAGTCATTG,0,700937
cpxRp2,0.09090909090909091,10,10,ACCCTGGGGAAAGACGCCGT,0,661190
cpxRp2,0.09090909090909091,10,10,AATTATCGTTCTCGTACGAT,0,681805
cpxRp2,0.09090909090909091,10,10,AATGAACACTGGAACTTTCT,0,664214
cpxRp2,0.09090909090909091,10,10,AATATAAGTAGTTGCTACGG,0,657806
cpxRp2,0.09090909090909091,10,10,AAGTAGAAACTACACGCCAG,0,641540
cpxRp2,0.09090909090909091,10,10,AAGGGTCGATAACGAGTTGG,0,708148
cpxRp2,0.09090909090909091,10,10,AAGCGGCCTAATCTTGTCAC,0,704492
cpxRp2,0.09090909090909091,10,10,AAGATAGTAGCGTCGTCTTT,0,697818
cpxRp2,0.09090909090909091,10,10,AAGAACATTCTAACTATTCA,0,638200
cpxRp2,0.09090909090909091,10,10,AAAATCAGTTTCGGGGCTGC,0,706230
cpxRp2,0.09090909090909091,10,10,AAAAAGTTTGCCGCCGGTAA,0,652502
cpxRp2,0.1,9,9,TTTCAAGACCCCGTCAATTT,0,678813
cpxRp2,0.1,9,9,TTGTCAGCTGTCATTGCGGC,0,675528
cpxRp2,0.1,9,9,TTGGGATCGTCCATCACGCC,0,647613
cpxRp2,0.1,9,9,TTCTGCGCCATTCTAAACGC,0,693694
cpxRp2,0.1,9,9,TTCCTGGAGGGTAGGCTCAG,0,708026
cpxRp2,0.1,9,9,TTATACCAGCACGTTAGTAG,0,684134
cpxRp2,0.1,9,9,TTAGGGAATTGTGAAAAAAT,0,677431
cpxRp2,0.1,9,9,TTAGCGAGAGCGTCCCTGAC,0,690608
cpxRp2,0.1,9,9,TTAACCGTCTCTTTGCTTGA,0,703406
cpxRp2,0.1,9,9,TTAAACCACAAGCACGTCCT,0,678335
cpxRp2,0.1,9,9,TGTTAGCGCGCCCTAAAAAA,0,637657
cpxRp2,0.1,9,9,TGTGACGGGCGCCGATCGAA,0,654422
cpxRp2,0.1,9,9,TGTCTCTTGTCGTGCCGAAT,0,644323
cpxRp2,0.1,9,9,TGACGATTGTTACTAGATGT,0,698338
cpxRp2,0.1,9,9,TGACGAACGAGGCGGAAGAT,0,649321
cpxRp2,0.1,9,9,TGAAGGCCTTCTGCACCCAC,0,677049
cpxRp2,0.1,9,9,TCTCTGGGTGGGTTTCGCGT,0,673260
cpxRp2,0.1,9,9,TCGTTTGCGTTCTACCACGT,0,681840
cpxRp2,0.1,9,9,TCGTTAGGGACCGCGGATCG,0,653011
cpxRp2,0.1,9,9,TCGTCCCCGGGATGCGTGTC,0,662976
cpxRp2,0.1,9,9,TCGCAGGCATAGCTCAAGAT,0,631739
cpxRp2,0.1,9,9,TCCTCTATCCACGGAAAGGG,0,636975
cpxRp2,0.1,9,9,TCCCGGAATCGTCAGTTTCT,0,664885
cpxRp2,0.1,9,9,TCAAGATTTCTCCCTTTATG,0,652876
cpxRp2,0.1,9,9,TATTACAGTACAGGTCGAAC,0,640555
cpxRp2,0.1,9,9,TATAATAACCATCTCGGGTA,0,634595
cpxRp2,0.1,9,9,TAGTGCAGCAACGGCATATG,0,651021
cpxRp2,0.1,9,9,TAGCTATAGCACCCCGGCGG,0,679772
cpxRp2,0.1,9,9,TAGACCTCTGCCTAACCCTC,0,695231
cpxRp2,0.1,9,9,TACCACACGTCACCTCAACA,0,678550
cpxRp2,0.1,9,9,TAAGGAGTTACTGTGGGAAC,0,685614
cpxRp2,0.1,9,9,TAAGCGATCCTCGCAAGTAA,0,703928
cpxRp2,0.1,9,9,TAACGTACCCTGACACGCGA,0,668848
cpxRp2,0.1,9,9,GTTCAGATCTCGCTCATATA,0,673827
cpxRp2,0.1,9,9,GTTAGAAGGAACAGAAAGTA,0,697145
cpxRp2,0.1,9,9,GTGCTAGTTACGGAGCCTTA,0,682203
cpxRp2,0.1,9,9,GTGAGCATCTCTTGGTCTGT,0,693417
cpxRp2,0.1,9,9,GTGACGCATTACTGGTGTCC,0,691690
cpxRp2,0.1,9,9,GTCTGGATATTCCAGCAAGA,0,710355
cpxRp2,0.1,9,9,GTCGCAATCTCGGCGCGCTG,0,687709
cpxRp2,0.1,9,9,GTCAGATTGAGGGCAAATAT,0,695106
cpxRp2,0.1,9,9,GTCAATCGCCTAAATCTGTG,0,708584
cpxRp2,0.1,9,9,GTATTTTGAGCTTGCTCCAC,0,706660
cpxRp2,0.1,9,9,GTATCTAGAGGCCATCAGTC,0,702714
cpxRp2,0.1,9,9,GTATCGGTCCGGTAGCCAGA,0,707019
cpxRp2,0.1,9,9,GGTTTACGGGCAAGAGCCGG,0,649727
cpxRp2,0.1,9,9,GGTGCGGGTGTTAGTCCGCA,0,678153
cpxRp2,0.1,9,9,GGTATGTAGTAACCCCACTC,0,686920
cpxRp2,0.1,9,9,GGGTAGTCGCAAGGGTCGCT,0,664103
cpxRp2,0.1,9,9,GGGGATTCAAGTGTTTTGGG,0,696922
cpxRp2,0.1,9,9,GGGGAGTCGCTGCCTGACTC,0,646079
cpxRp2,0.1,9,9,GGCTGCAACAGGTGGGTTCT,0,673138
cpxRp2,0.1,9,9,GGCATCACGTCTTGACCTCG,0,681317
cpxRp2,0.1,9,9,GCTGACGGGCTCCGCTGACG,0,655926
cpxRp2,0.1,9,9,GCGGTACCAGGTTTAACAGT,0,660614
cpxRp2,0.1,9,9,GCGCTTTGCGTGGCCCCGGC,0,699033
cpxRp2,0.1,9,9,GCCTTTTCCGCACATTACGA,0,692838
cpxRp2,0.1,9,9,GCCTTTACACAACCACTCTC,0,631897
cpxRp2,0.1,9,9,GCCGGGCGTAATTGAACCAT,0,632541
cpxRp2,0.1,9,9,GCCGAAGTAGGACTGGTGAT,0,661050
cpxRp2,0.1,9,9,GCCCCAGCCCACTTGGCATC,0,678532
cpxRp2,0.1,9,9,GCCACCTTAATTGGCATTCG,0,652146
cpxRp2,0.1,9,9,GCACAGCGGCCGATCGGTAT,0,671849
cpxRp2,0.1,9,9,GATTTGTGCGCTGCTCATCA,0,637263
cpxRp2,0.1,9,9,GATCATGGATAGTCACGCAA,0,701832
cpxRp2,0.1,9,9,GATCATACGTGTGTAGAATG,0,688338
cpxRp2,0.1,9,9,GAGTAAACGTGGGACTTTGC,0,696551
cpxRp2,0.1,9,9,GAGCTGTAATTGGCTTCTCG,0,693257
cpxRp2,0.1,9,9,GACTTCTCTCGGAAGGACGA,0,697128
cpxRp2,0.1,9,9,GACATGAACTCTCGCCCCGC,0,657646
cpxRp2,0.1,9,9,GACAGTAATAGTTCCAAAAG,0,692305
cpxRp2,0.1,9,9,GAATTGTTGCCTATAGCAGA,0,703784
cpxRp2,0.1,9,9,GAAGCATGGGGCTAAATTGC,0,706209
cpxRp2,0.1,9,9,GAAGATTCCGATTGCCGGTG,0,679432
cpxRp2,0.1,9,9,CTTGGTTAAGGGTGACGATA,0,710399
cpxRp2,0.1,9,9,CTTGCTGCGGGCAAGGTGCC,0,697891
cpxRp2,0.1,9,9,CTGGGAGATGATAAAGGCCC,0,683752
cpxRp2,0.1,9,9,CTGCCAGGAGTCGCCCTTTC,0,683112
cpxRp2,0.1,9,9,CTGAGTCTAGATCTCACTTA,0,649036
cpxRp2,0.1,9,9,CTGACGCTTCTAGCAGATTG,0,707475
cpxRp2,0.1,9,9,CTCTTAATCTTATTGTGGAC,0,709592
cpxRp2,0.1,9,9,CTCTACGAGTGGAGCGTTGT,0,672369
cpxRp2,0.1,9,9,CTCAGGTAATCCTCATGGGG,0,684397
cpxRp2,0.1,9,9,CTATTCATTCTCACTGGGCG,0,671406
cpxRp2,0.1,9,9,CTACCCTAGTCTTGCAGTGC,0,696686
cpxRp2,0.1,9,9,CTACCAGGCCTTGATGGCGC,0,710357
cpxRp2,0.1,9,9,CTAATAAGTGGTTTATCAAA,0,659218
cpxRp2,0.1,9,9,CGGTTAACAACAAATGACAC,0,666701
cpxRp2,0.1,9,9,CGCTTCACTCCCTCTGGTTT,0,636799
cpxRp2,0.1,9,9,CGCTTATGGAGATGGTAATG,0,658768
cpxRp2,0.1,9,9,CGCTTAGCGATATTGGCGGG,0,663474
cpxRp2,0.1,9,9,CGCGGCTTACCCCGTTACTT,0,660561
cpxRp2,0.1,9,9,CGCGATGCTCAGGGCCATTA,0,646928
cpxRp2,0.1,9,9,CGCCGTCATTCTTGTAAGCT,0,683004
cpxRp2,0.1,9,9,CGCACCTTCAGCGTCATTAC,0,644780
cpxRp2,0.1,9,9,CGAAAGTAACATGTCCGGCC,0,687338
cpxRp2,0.1,9,9,CCTTGTCGAATTGTACAAAA,0,631385
cpxRp2,0.1,9,9,CCTGGGCGCGGGTAGTGCGT,0,681959
cpxRp2,0.1,9,9,CCTCCTCTTGTGCTGCCTTG,0,688808
cpxRp2,0.1,9,9,CCGCGTCCATTTAGCTCCTG,0,662987
cpxRp2,0.1,9,9,CCGAGTGTACTGTCACTAAA,0,668555
cpxRp2,0.1,9,9,CCCTACACCTAAAGGATCAA,0,650407
cpxRp2,0.1,9,9,CCCGGCAGTATTGAAAATAT,0,702616
cpxRp2,0.1,9,9,CCCGCCTATGGTACCTGAGT,0,703272
cpxRp2,0.1,9,9,CCAAGTCGCTCCCGACGTAG,0,637219
cpxRp2,0.1,9,9,CCAACCAACCTCCCCGCTCA,0,652066
cpxRp2,0.1,9,9,CATTAAGGGCGCGACCAAAT,0,709521
cpxRp2,0.1,9,9,CATGCCCCTGGCCGTAGAGC,0,688688
cpxRp2,0.1,9,9,CAGTTCGCACCATGGTCATT,0,710069
cpxRp2,0.1,9,9,CAGTCAACACGACCGTCGGA,0,696352
cpxRp2,0.1,9,9,CAGATCTTTATTAGAGCGTC,0,707809
cpxRp2,0.1,9,9,CAGAACCCGTTGCGGACCGG,0,640601
cpxRp2,0.1,9,9,CACTTCATCCTAAGAAATCA,0,683860
cpxRp2,0.1,9,9,CACGTGCCGTCGTATCTTGC,0,649468
cpxRp2,0.1,9,9,CACGCCATGCCGGATCATGC,0,708694
cpxRp2,0.1,9,9,CACCGCAGAGTCAGAAGTAT,0,687686
cpxRp2,0.1,9,9,CACAAATCCGCCTCGCAATT,0,633958
cpxRp2,0.1,9,9,CAAGTTTAGGATTGCATTTT,0,694225
cpxRp2,0.1,9,9,CAAATCCTGGTGTGATATGT,0,657671
cpxRp2,0.1,9,9,ATTGTTAATGAGGATCACCA,0,645319
cpxRp2,0.1,9,9,ATTGGCACAACCACTGTGGT,0,660507
cpxRp2,0.1,9,9,ATTCTGCCCATGTACATGGC,0,704384
cpxRp2,0.1,9,9,ATTCGAGACTAAGTGTATAG,0,698064
cpxRp2,0.1,9,9,ATTCAAGTTTCTATTCAGTA,0,650106
cpxRp2,0.1,9,9,ATTACACTGTCTAGACGAAC,0,676233
cpxRp2,0.1,9,9,ATGTCGCGATTGCCCACAGA,0,653406
cpxRp2,0.1,9,9,ATCTGCAGACCCCAGACGTA,0,651899
cpxRp2,0.1,9,9,ATCGTTGTAATGCAGTCTCC,0,661280
cpxRp2,0.1,9,9,ATCGGACACTGGTCGTGGCG,0,638275
cpxRp2,0.1,9,9,ATCCTTACCAGTCTCCACAG,0,668322
cpxRp2,0.1,9,9,ATCCGAGGGCCAAATCGGTA,0,629809
cpxRp2,0.1,9,9,ATATGGCTATCGCTACAGAC,0,658571
cpxRp2,0.1,9,9,ATATCCGGGTTACAACTTGT,0,644956
cpxRp2,0.1,9,9,ATATCCATATTCTGCTCTAC,0,684062
cpxRp2,0.1,9,9,ATAGAACCTAAATTCCCCTT,0,660954
cpxRp2,0.1,9,9,ATAACTTCACTCCCCTCGGA,0,711694
cpxRp2,0.1,9,9,AGTTCTAACAATCGCAGGTT,0,636585
cpxRp2,0.1,9,9,AGTGAATGGGCGAGCGTCGT,0,676733
cpxRp2,0.1,9,9,AGTGAACGTTTCGGTGGAAT,0,703590
cpxRp2,0.1,9,9,AGGTCTGAATAAGCCACTGG,0,692412
cpxRp2,0.1,9,9,AGGGGAACTGCGGTATTTTG,0,672661
cpxRp2,0.1,9,9,AGGCGGCGATTCATCGGGTT,0,638022
cpxRp2,0.1,9,9,AGGACGGCTCATATTCGTTG,0,650804
cpxRp2,0.1,9,9,AGCTGGTAACACCTGAGTCT,0,676395
cpxRp2,0.1,9,9,AGCTACTAGACTTGGGTCAC,0,692823
cpxRp2,0.1,9,9,AGCGCATCCCGACGAAATGT,0,686705
cpxRp2,0.1,9,9,AGCCAAAAGGGTAGAACAGA,0,677441
cpxRp2,0.1,9,9,AGATACTCTCGCCGCGTACG,0,633199
cpxRp2,0.1,9,9,AGAGTCTTAATATCGGATGG,0,634576
cpxRp2,0.1,9,9,AGAGAAGGTGGCGGATGGTC,0,632830
cpxRp2,0.1,9,9,AGAAACGCCCCTGCGTAGTC,0,647488
cpxRp2,0.1,9,9,ACTTAACGCGCCCTCTTGAA,0,658842
cpxRp2,0.1,9,9,ACTGTGGCTCATGATTTGAC,0,684717
cpxRp2,0.1,9,9,ACTGTCTTCGTTTTTAATTC,0,680758
cpxRp2,0.1,9,9,ACGTATGGCTTGGTAGGACT,0,703832
cpxRp2,0.1,9,9,ACGTAGGTTTACACACAATC,0,635334
cpxRp2,0.1,9,9,ACCGCCCGCGCATTCGATAA,0,701452
cpxRp2,0.1,9,9,AATTCCCTCTGCCCGAACCT,0,675648
cpxRp2,0.1,9,9,AATATCTTTACAGCAAGCAT,0,707833
cpxRp2,0.1,9,9,AAGTCAAACATGGTTTTAGT,0,658413
cpxRp2,0.1,9,9,AAGATATGAGAGCATAGCAA,0,707226
cpxRp2,0.1,9,9,AACTCCCCGACCACCCTGGC,0,632629
cpxRp2,0.1,9,9,AACGCGGCCTCTCACTCGCA,0,664310
cpxRp2,0.1,9,9,AACGAAGATCAACCTGCCCA,0,640568
cpxRp2,0.1,9,9,AACAGATGGCTTCCCAGAGA,0,692701
cpxRp2,0.1111111111111111,8,8,TTTTTGCACGCGTGTTTGGC,0,662091
cpxRp2,0.1111111111111111,8,8,TTTTTCCCCCCCTGGCGCTG,0,670143
cpxRp2,0.1111111111111111,8,8,TTTTCATCATCTGTGGAGCC,0,674536
cpxRp2,0.1111111111111111,8,8,TTTCATATAGACTCTTTCTC,0,697122
cpxRp2,0.1111111111111111,8,8,TTTCAATCATACTGTTTGTT,0,710566
cpxRp2,0.1111111111111111,8,8,TTTCAAGTTATGATTAATTG,0,685065
cpxRp2,0.1111111111111111,8,8,TTTATTATTTTGTATTTCGG,0,693918
cpxRp2,0.1111111111111111,8,8,TTGTGGGCATTGAGACCCGG,0,648617
cpxRp2,0.1111111111111111,8,8,TTGTGCATGACCCAGATGGG,0,651666
cpxRp2,0.1111111111111111,8,8,TTGTCCGGGATTAGTGACGT,0,687780
cpxRp2,0.1111111111111111,8,8,TTGTATTTCCTAGCTTAAAC,0,657161
cpxRp2,0.1111111111111111,8,8,TTGCGGCCCAAGATGGAGAG,0,656767
cpxRp2,0.1111111111111111,8,8,TTCTGGGAGGCTCAGAGTTC,0,636641
cpxRp2,0.1111111111111111,8,8,TTCTCCCTGCCACCCTATTA,0,709625
cpxRp2,0.1111111111111111,8,8,TTCACGCCAGCATTGAATGT,0,697748
cpxRp2,0.1111111111111111,8,8,TTATAAGCGTTGAGCCCGTT,0,653997
cpxRp2,0.1111111111111111,8,8,TGGTAGAGAAGTCCGCCCCC,0,685521
cpxRp2,0.1111111111111111,8,8,TGGCCGATTGAGGAAGTCCT,0,700208
cpxRp2,0.1111111111111111,8,8,TGGACGGTCAAGTCACTAAC,0,706030
cpxRp2,0.1111111111111111,8,8,TGGAATGGGAGTGTCACGCT,0,641526
cpxRp2,0.1111111111111111,8,8,TGCTGTAAGCATTGATCGCT,0,652858
cpxRp2,0.1111111111111111,8,8,TGCTGATGTGGGGCTTCAAG,0,636969
cpxRp2,0.1111111111111111,8,8,TGCAGCTCAGGGGGTCCGTT,0,711403
cpxRp2,0.1111111111111111,8,8,TGATTGGACAAGGGAGCACA,0,667658
cpxRp2,0.1111111111111111,8,8,TGATGCAAGTCTCAGAAAAA,0,670170
cpxRp2,0.1111111111111111,8,8,TGACGTGTTCAATTGACGCC,0,633363
cpxRp2,0.1111111111111111,8,8,TCTGCTGCCTTGGCGAGTCG,0,679645
cpxRp2,0.1111111111111111,8,8,TCGTGTAGTGGATTGCGGGT,0,658342
cpxRp2,0.1111111111111111,8,8,TCGGCATAGGAAGTATGTCA,0,681697
cpxRp2,0.1111111111111111,8,8,TCGGCATAGAATCAACTACT,0,677788
cpxRp2,0.1111111111111111,8,8,TCGCTCCATTCGGCCTGCCT,0,685460
cpxRp2,0.1111111111111111,8,8,TCGAACCCCTTCGCTCCTCA,0,649318
cpxRp2,0.1111111111111111,8,8,TCCGACCCCCGTTCGTTGAC,0,657628
cpxRp2,0.1111111111111111,8,8,TCCCTGCCTCCCGTACTAAC,0,694248
cpxRp2,0.1111111111111111,8,8,TCCCGCTCTGTATCATCCGC,0,638845
cpxRp2,0.1111111111111111,8,8,TCATGACAGTTGTTCTCGTA,0,656477
cpxRp2,0.1111111111111111,8,8,TCAGTGATCGGCATATGTTA,0,677687
cpxRp2,0.1111111111111111,8,8,TCAACTTGCTAGTGGTGACT,0,658873
cpxRp2,0.1111111111111111,8,8,TATGTCTGTCTCCTGACTGG,0,698094
cpxRp2,0.1111111111111111,8,8,TATGTCCGGCTTAAGATTTT,0,662379
cpxRp2,0.1111111111111111,8,8,TATGACCCTGTCTTTTAGTC,0,637125
cpxRp2,0.1111111111111111,8,8,TATCACTTGTACGGATCTAT,0,667647
cpxRp2,0.1111111111111111,8,8,TAGACAGGAAAACACTCTAG,0,687403
cpxRp2,0.1111111111111111,8,8,TAGAATCACGCATATGAGAA,0,642420
cpxRp2,0.1111111111111111,8,8,TACACCCGCCACATGTAACT,0,665229
cpxRp2,0.1111111111111111,8,8,TAATAATTGTGACACGACCA,0,696438
cpxRp2,0.1111111111111111,8,8,TAAGAGAAACCTCTCTGGAA,0,666398
cpxRp2,0.1111111111111111,8,8,TAAGACGTGCCCTCATCGTT,0,697476
cpxRp2,0.1111111111111111,8,8,TAAGAAAACTAGATTGTCCT,0,657958
cpxRp2,0.1111111111111111,8,8,TAAAAACGCAATAAGATCAG,0,666012
cpxRp2,0.1111111111111111,8,8,GTTTGCTTTAATCGTATTTT,0,678147
cpxRp2,0.1111111111111111,8,8,GTTTACCAGAGTGTTATGTC,0,696593
cpxRp2,0.1111111111111111,8,8,GTTCTACAACTATAAATCCA,0,681636
cpxRp2,0.1111111111111111,8,8,GTTCATTAATTAAATTCTAT,0,705864
cpxRp2,0.1111111111111111,8,8,GTTATATGTCCGGTCAGTTC,0,703214
cpxRp2,0.1111111111111111,8,8,GTTAGGTTGGCGACATGTGC,0,685625
cpxRp2,0.1111111111111111,8,8,GTTAGCCTCTACGTTATCAC,0,656623
cpxRp2,0.1111111111111111,8,8,GTTAACCATTACGTGGGTTC,0,647921
cpxRp2,0.1111111111111111,8,8,GTGTCGTAGGGTGTAGGGAA,0,705387
cpxRp2,0.1111111111111111,8,8,GTGATCGAGGTAGAAGGCGC,0,632508
cpxRp2,0.1111111111111111,8,8,GTCTGTTCACTAAGTAGCTT,0,701843
cpxRp2,0.1111111111111111,8,8,GTCGTTCGTTCTCAGTTCGC,0,652790
cpxRp2,0.1111111111111111,8,8,GTCAGGAAACATATCTCCAT,0,693529
cpxRp2,0.1111111111111111,8,8,GTAGACATTTACACAGCCAA,0,707138
cpxRp2,0.1111111111111111,8,8,GTAACACGCTTTTCTGTCTA,0,702186
cpxRp2,0.1111111111111111,8,8,GTAAAACAGCGAATGCTCGA,0,637454
cpxRp2,0.1111111111111111,8,8,GGTTGCACGGGCTCACGGAC,0,682971
cpxRp2,0.1111111111111111,8,8,GGTTAAGCGGCTGCAATCAT,0,701776
cpxRp2,0.1111111111111111,8,8,GGTAAGCAAAGCGAGTTGTC,0,677248
cpxRp2,0.1111111111111111,8,8,GGGTGTTTAGATCCAGGGAG,0,637324
cpxRp2,0.1111111111111111,8,8,GGGTGTGACTTCAAATCCGT,0,689676
cpxRp2,0.1111111111111111,8,8,GGGTCCAGGGGCAGGCTGAA,0,700889
cpxRp2,0.1111111111111111,8,8,GGGCGGAATACAGCAACCAG,0,674140
cpxRp2,0.1111111111111111,8,8,GGGCGCTCGGGGCATCCCAT,0,675328
cpxRp2,0.1111111111111111,8,8,GGCGCGAAATGCCACCTAAT,0,656207
cpxRp2,0.1111111111111111,8,8,GGCGCCGCCGTTTATTCGAA,0,698211
cpxRp2,0.1111111111111111,8,8,GGCCCAAGGACATAACGTTG,0,673173
cpxRp2,0.1111111111111111,8,8,GGCCACAAGTCGTGTAGGGA,0,647197
cpxRp2,0.1111111111111111,8,8,GGCACCAGAAGTGATTACAG,0,702477
cpxRp2,0.1111111111111111,8,8,GGCAACCTAGAACCTACGTC,0,674186
cpxRp2,0.1111111111111111,8,8,GGATCCTGCTGCTTTGCTGT,0,710815
cpxRp2,0.1111111111111111,8,8,GGATATTACCCTCGTCAGGA,0,672783
cpxRp2,0.1111111111111111,8,8,GGAGCAGCTGAAGGGTCCAA,0,639567
cpxRp2,0.1111111111111111,8,8,GGAGACTCGATTAATGATGG,0,631576
cpxRp2,0.1111111111111111,8,8,GGAAGTTGATTTTTGGAAAA,0,700830
cpxRp2,0.1111111111111111,8,8,GCTCCCCTAGGGTTGTAATA,0,692153
cpxRp2,0.1111111111111111,8,8,GCTATTGGGCCGCAAGCCAC,0,645015
cpxRp2,0.1111111111111111,8,8,GCTACCTGTGCACTTGGAAG,0,696432
cpxRp2,0.1111111111111111,8,8,GCGGTTGCACGGTATAACCA,0,702711
cpxRp2,0.1111111111111111,8,8,GCGGATGCGGCAAGTGTTCT,0,691463
cpxRp2,0.1111111111111111,8,8,GCGCCCACGAGGACAATCCC,0,648322
cpxRp2,0.1111111111111111,8,8,GCGAGAGCCGCCGAACACCA,0,637373
cpxRp2,0.1111111111111111,8,8,GCCTCAGCATTCACCGGTCA,0,694606
cpxRp2,0.1111111111111111,8,8,GCCTCAAGCACATATACAGG,0,655899
cpxRp2,0.1111111111111111,8,8,GCCCAACTCGTGATCCTCGC,0,645436
cpxRp2,0.1111111111111111,8,8,GCCAGCCCTGGGCACGTTTG,0,676898
cpxRp2,0.1111111111111111,8,8,GATTCACACATTGAGAGAAC,0,700063
cpxRp2,0.1111111111111111,8,8,GATGGAAGACAACTACCCTG,0,686006
cpxRp2,0.1111111111111111,8,8,GATGCCCGCGGCGACCACTC,0,690869
cpxRp2,0.1111111111111111,8,8,GATGCACGAAGCTGATATTG,0,662609
cpxRp2,0.1111111111111111,8,8,GATCGGGTAGATTTACCATT,0,652267
cpxRp2,0.1111111111111111,8,8,GAGTGAACACTATATCACTG,0,644602
cpxRp2,0.1111111111111111,8,8,GAGTAATTTTTCTACGCTCG,0,659668
cpxRp2,0.1111111111111111,8,8,GAGGCCTATCCACTCAAATG,0,680178
cpxRp2,0.1111111111111111,8,8,GAGCGGGGGTGGGGGCATCG,0,710367
cpxRp2,0.1111111111111111,8,8,GACTTCTGCGGGGGTTTCAG,0,696676
cpxRp2,0.1111111111111111,8,8,GACTCAGATTAACGGCGATT,0,694414
cpxRp2,0.1111111111111111,8,8,GACTAGCGCTGGCAGAGATC,0,675689
cpxRp2,0.1111111111111111,8,8,GACGTATTATGGGGGTTTTT,0,647508
cpxRp2,0.1111111111111111,8,8,GACGCCTGACGGCGGAGGAG,0,663324
cpxRp2,0.1111111111111111,8,8,GACGCCAACGGTTATGACGA,0,692752
cpxRp2,0.1111111111111111,8,8,GACGACCTGTCCGGACGTCA,0,690788
cpxRp2,0.1111111111111111,8,8,GACATGCATCAATAAGTCAC,0,645689
cpxRp2,0.1111111111111111,8,8,GAATTCTGGGCCGCGTGAGT,0,706958
cpxRp2,0.1111111111111111,8,8,GAATCGGGTAGCATTATTAA,0,697836
cpxRp2,0.1111111111111111,8,8,GAATAATCAGGCTCGATAGT,0,678077
cpxRp2,0.1111111111111111,8,8,GAAATCTGTACGTGGGGGTA,0,639071
cpxRp2,0.1111111111111111,8,8,GAAAGGTAAGAGTCCGGAAC,0,678256
cpxRp2,0.1111111111111111,8,8,CTTTGGTACCTCGAATTGAT,0,637761
cpxRp2,0.1111111111111111,8,8,CTTGTGCACGGGTCTCGTCA,0,671620
cpxRp2,0.1111111111111111,8,8,CTTGACTTTCACATTAACAG,0,682307
cpxRp2,0.1111111111111111,8,8,CTTCAGCTTCCTTGGTGCCC,0,652409
cpxRp2,0.1111111111111111,8,8,CTTATCGCCCAGTAAGCGGG,0,633001
cpxRp2,0.1111111111111111,8,8,CTTAGAGGATGCCATATCAG,0,663092
cpxRp2,0.1111111111111111,8,8,CTGGTGACAACGGCCGCAGC,0,654912
cpxRp2,0.1111111111111111,8,8,CTGCTAACACGCGCCACTTT,0,691518
cpxRp2,0.1111111111111111,8,8,CTGCGCCATCCCCACGCAAT,0,703066
cpxRp2,0.1111111111111111,8,8,CTGATGATTAGAGCATCTTA,0,648051
cpxRp2,0.1111111111111111,8,8,CTCTGAGGCATCCATTTGGA,0,633095
cpxRp2,0.1111111111111111,8,8,CTCTCCCCTCCTTGCGCATT,0,679258
cpxRp2,0.1111111111111111,8,8,CTCGGTAGGGAAGAATTGGT,0,638273
cpxRp2,0.1111111111111111,8,8,CTCCCGTCTCAATGGCGTCT,0,635383
cpxRp2,0.1111111111111111,8,8,CTCAGGTAGTAAATTTCGTG,0,650458
cpxRp2,0.1111111111111111,8,8,CTCAGGGGTTAGGTTACCAT,0,642072
cpxRp2,0.1111111111111111,8,8,CTCAGGGGTAATTTAGAATA,0,660977
cpxRp2,0.1111111111111111,8,8,CTAGATGCCGCCGGCGATCG,0,663999
cpxRp2,0.1111111111111111,8,8,CTAATTTACTTTATGAGAGC,0,663245
cpxRp2,0.1111111111111111,8,8,CGTTCAAGACGTAAGGACAT,0,686023
cpxRp2,0.1111111111111111,8,8,CGTGGCGAAGTTGTACATCA,0,678887
cpxRp2,0.1111111111111111,8,8,CGTCGGGTTTTGGTACGCAG,0,704799
cpxRp2,0.1111111111111111,8,8,CGTCAATAGGTGGGCCGTCG,0,645144
cpxRp2,0.1111111111111111,8,8,CGTAACTAATGACTGTATGT,0,705285
cpxRp2,0.1111111111111111,8,8,CGGTTCCCAGGGTCACAGGA,0,652001
cpxRp2,0.1111111111111111,8,8,CGGTGTGTTCGTACTGAGCG,0,699519
cpxRp2,0.1111111111111111,8,8,CGGTGTAAAGCCGGACGAGA,0,649356
cpxRp2,0.1111111111111111,8,8,CGGTCGCACTAATACCTGTA,0,637016
cpxRp2,0.1111111111111111,8,8,CGGTCAGGGGTTCCAACCAC,0,674990
cpxRp2,0.1111111111111111,8,8,CGGGTGCTAAAGGTCTGCCC,0,686971
cpxRp2,0.1111111111111111,8,8,CGGATTTTTGCACCTCCCCA,0,673549
cpxRp2,0.1111111111111111,8,8,CGCTAACTCAAGAGGCATAT,0,667674
cpxRp2,0.1111111111111111,8,8,CGCGTGATGGATGCAGATTC,0,685643
cpxRp2,0.1111111111111111,8,8,CGCCTTGGAAAACGAAGATT,0,630060
cpxRp2,0.1111111111111111,8,8,CGCCGGTCTGGCAGGAGCCA,0,680350
cpxRp2,0.1111111111111111,8,8,CGCCGGACAACGTCAACGCG,0,669943
cpxRp2,0.1111111111111111,8,8,CGCAGGTGGGGAGAGCGCTT,0,664020
cpxRp2,0.1111111111111111,8,8,CGATACTACATTAGATATAG,0,680799
cpxRp2,0.1111111111111111,8,8,CGAAGAGTGCTCCACAATGG,0,695263
cpxRp2,0.1111111111111111,8,8,CGAACGCGGGTGTTTCAGCT,0,638082
cpxRp2,0.1111111111111111,8,8,CCTTTTTCCGCTAGAGAGGA,0,638038
cpxRp2,0.1111111111111111,8,8,CCTTTGGGGATTTTCGTTTA,0,689519
cpxRp2,0.1111111111111111,8,8,CCTCTTAGTTAGTAAGCGCC,0,698762
cpxRp2,0.1111111111111111,8,8,CCGGTTCTACTGGATAGCTG,0,688807
cpxRp2,0.1111111111111111,8,8,CCGGACCCAGGGCCTTGGAC,0,645600
cpxRp2,0.1111111111111111,8,8,CCGCGACGGATATGGGCGCG,0,708380
cpxRp2,0.1111111111111111,8,8,CCGCATTGTTTGTGATATGC,0,705245
cpxRp2,0.1111111111111111,8,8,CCCTCCAATGTTCGAGCTTG,0,701618
cpxRp2,0.1111111111111111,8,8,CCCGCGTAGGCAGCGACCTC,0,677668
cpxRp2,0.1111111111111111,8,8,CCCCTCGAACTCTGATGACC,0,699063
cpxRp2,0.1111111111111111,8,8,CCCCGGAGGGACAACACTAT,0,664308
cpxRp2,0.1111111111111111,8,8,CCCATGTTTCCAGTCGAGAG,0,649417
cpxRp2,0.1111111111111111,8,8,CCACAACCGGCAGAGGGATC,0,681967
cpxRp2,0.1111111111111111,8,8,CATCTCCAGTTGGGGGACCC,0,646139
cpxRp2,0.1111111111111111,8,8,CATCGTGCCTTGACTACAGA,0,655283
cpxRp2,0.1111111111111111,8,8,CATCAGGTCTTAGAGAAACT,0,663915
cpxRp2,0.1111111111111111,8,8,CATAGCCTAAGTATCGAGAC,0,707010
cpxRp2,0.1111111111111111,8,8,CAGGGCAAAGGCTTCACCGC,0,685329
cpxRp2,0.1111111111111111,8,8,CAGCAACATGGTATCTGCCC,0,645923
cpxRp2,0.1111111111111111,8,8,CAGAGATCTTCCGTTGGCTT,0,674456
cpxRp2,0.1111111111111111,8,8,CACTGTATGTGAGACAAATG,0,686614
cpxRp2,0.1111111111111111,8,8,CACTGCGTCATCCCTCGAAG,0,650816
cpxRp2,0.1111111111111111,8,8,CACCAGCTCGGCTCCCTGGT,0,683671
cpxRp2,0.1111111111111111,8,8,CACATACTGGGATCGGGTTC,0,662920
cpxRp2,0.1111111111111111,8,8,CAATGCTTGCCTAAACAGGT,0,652390
cpxRp2,0.1111111111111111,8,8,CAACAATATACATACGATAT,0,670754
cpxRp2,0.1111111111111111,8,8,CAAAGAGATAAGCACCGGTC,0,679659
cpxRp2,0.1111111111111111,8,8,CAAAAGCTAAGGACCCCGAC,0,691688
cpxRp2,0.1111111111111111,8,8,ATTTTCATAGCGCGTGTAAG,0,699918
cpxRp2,0.1111111111111111,8,8,ATTTTAAGCATCCATTGAAG,0,692106
cpxRp2,0.1111111111111111,8,8,ATTGGTGTAGGCGACGCAGT,0,632658
cpxRp2,0.1111111111111111,8,8,ATTGAGTGGAGTGCGTCCTT,0,697570
cpxRp2,0.1111111111111111,8,8,ATTACGAGATGTCAGTGCCG,0,637301
cpxRp2,0.1111111111111111,8,8,ATGGTTTCTATCCTTGTCAT,0,685891
cpxRp2,0.1111111111111111,8,8,ATGCTCTCCGCGGTGGAATA,0,661685
cpxRp2,0.1111111111111111,8,8,ATCGGAACCTGCGCGCGAGT,0,658117
cpxRp2,0.1111111111111111,8,8,ATCGACCGCGAACTTCAAAG,0,675136
cpxRp2,0.1111111111111111,8,8,ATCCACCGGCCCCTTCAACG,0,675531
cpxRp2,0.1111111111111111,8,8,ATCAGGCTAACACAGACTCA,0,708153
cpxRp2,0.1111111111111111,8,8,ATAATCTACCCGGAACGCAT,0,666370
cpxRp2,0.1111111111111111,8,8,ATAAGATCATACCGAGTAAA,0,669361
cpxRp2,0.1111111111111111,8,8,ATAACCATACTTTATGGAGT,0,642967
cpxRp2,0.1111111111111111,8,8,ATAAATCTTTCGTTGTACGT,0,681968
cpxRp2,0.1111111111111111,8,8,AGTTTATGTAACAATACCGT,0,647614
cpxRp2,0.1111111111111111,8,8,AGTTGCCGAGGGATCTCTTG,0,704850
cpxRp2,0.1111111111111111,8,8,AGTCAGTCACCGGTCACAGA,0,667132
cpxRp2,0.1111111111111111,8,8,AGGGTGGCGAAATTCTCACA,0,656782
cpxRp2,0.1111111111111111,8,8,AGGCTGGCAGGACCAATGCG,0,692236
cpxRp2,0.1111111111111111,8,8,AGGAGCCCTTTCGCAGAGGT,0,667217
cpxRp2,0.1111111111111111,8,8,AGCTGGTAGGTTGCATGGGA,0,689803
cpxRp2,0.1111111111111111,8,8,AGCTAGTCGTTACGCGCACA,0,645847
cpxRp2,0.1111111111111111,8,8,AGCGGTTTATTGGGTGGTGA,0,698001
cpxRp2,0.1111111111111111,8,8,AGCGATTGTCTTGCTGTATA,0,670045
cpxRp2,0.1111111111111111,8,8,AGCCAGGACTAGCCTTAAGT,0,706745
cpxRp2,0.1111111111111111,8,8,AGCATGAGCAGTGGTGGTAA,0,671805
cpxRp2,0.1111111111111111,8,8,AGATATCAGGGGTGCCTTAT,0,691490
cpxRp2,0.1111111111111111,8,8,AGAGATCCTTGGCAAGGTCT,0,671246
cpxRp2,0.1111111111111111,8,8,AGACTGCGATTCTGAACTGA,0,651481
cpxRp2,0.1111111111111111,8,8,AGAAGCTCTGATTGATGAAA,0,642601
cpxRp2,0.1111111111111111,8,8,ACTTGTGTTCGGTATTCCAT,0,704524
cpxRp2,0.1111111111111111,8,8,ACTGCTAACTAGGCCGGCAA,0,711817
cpxRp2,0.1111111111111111,8,8,ACTCTACCATTTGGCTTTTA,0,650443
cpxRp2,0.1111111111111111,8,8,ACTATTGGGACCTGAGCTAG,0,639835
cpxRp2,0.1111111111111111,8,8,ACTATTCTGGTAGTCGGGAA,0,639899
cpxRp2,0.1111111111111111,8,8,ACGGGTTTCTTCACATACGT,0,639218
cpxRp2,0.1111111111111111,8,8,ACGGGTGCATAAATAGGCGA,0,685707
cpxRp2,0.1111111111111111,8,8,ACGGGGCTTCATTACAGAAT,0,668534
cpxRp2,0.1111111111111111,8,8,ACGGCTGGGATGGTGATCGC,0,678082
cpxRp2,0.1111111111111111,8,8,ACGATTGTACGCACGCTCTG,0,643065
cpxRp2,0.1111111111111111,8,8,ACGACTCGCCGGCTCGTGTG,0,677855
cpxRp2,0.1111111111111111,8,8,ACCTTCGCGTGACAAGGTAT,0,677090
cpxRp2,0.1111111111111111,8,8,ACCAGAGTCTTGTGCCTTGT,0,654719
cpxRp2,0.1111111111111111,8,8,ACAGAGAAGATGAATCATAT,0,673858
cpxRp2,0.1111111111111111,8,8,ACAAAGATTCGCCTTGGTTG,0,706717
cpxRp2,0.1111111111111111,8,8,AATGCTTTTCTTTTCAGGGG,0,637153
cpxRp2,0.1111111111111111,8,8,AATGCACAAGTTGAGAATGA,0,678482
cpxRp2,0.1111111111111111,8,8,AATCGCACGCAATGCACGAA,0,670317
cpxRp2,0.1111111111111111,8,8,AATCCGGTTTAGTTCCTTGA,0,661675
cpxRp2,0.1111111111111111,8,8,AATAGCAGCGGATTTGCACA,0,632117
cpxRp2,0.1111111111111111,8,8,AATACTCAGGCGGCCGGGCG,0,642419
cpxRp2,0.1111111111111111,8,8,AAGCATTTCCAATAACAGTT,0,677076
cpxRp2,0.1111111111111111,8,8,AAGATAGCCCACTCTTTGCG,0,658430
cpxRp2,0.1111111111111111,8,8,AACTGATCAGAGAGTAAATA,0,691600
cpxRp2,0.1111111111111111,8,8,AACGTAGTAGCCACTCATTA,0,682714
cpxRp2,0.1111111111111111,8,8,AACGCCTGAACCTCTTAGAT,0,676641
cpxRp2,0.1111111111111111,8,8,AACAGGCCACGTAATTCGTT,0,699540
cpxRp2,0.1111111111111111,8,8,AACACCTACTCATCGAACTG,0,652853
cpxRp2,0.1111111111111111,8,8,AACACATTTACAGGTCGTAT,0,643349
cpxRp2,0.1111111111111111,8,8,AACAACCTGAAGACTAGGTC,0,640427
cpxRp2,0.1111111111111111,8,8,AAAGCCGGTCCGATTTTAAC,0,679828
cpxRp2,0.1111111111111111,8,8,AAAATTCGTTTAAGGGGCCG,0,633697
cpxRp2,0.1111111111111111,8,8,AAAACGCTGCGGGATTTACT,0,683263
cpxRp2,0.125,7,7,TTTTCGATGATGTCGTTTCA,0,701705
cpxRp2,0.125,7,7,TTTCTGGTGTCCACTGTTTT,0,678757
cpxRp2,0.125,7,7,TTTCGAACCGCAAAACGTTT,0,674578
cpxRp2,0.125,7,7,TTTCAAAGCTGGTATCCGAA,0,668516
cpxRp2,0.125,7,7,TTTAAACGTACAAGGAGTGT,0,631608
cpxRp2,0.125,7,7,TTGTAAAGAAACCGATGGAG,0,705393
cpxRp2,0.125,7,7,TTGGACGATGGACACCAGGG,0,657378
cpxRp2,0.125,7,7,TTGGAAGTAGAGGGACCGGA,0,666284
cpxRp2,0.125,7,7,TTGCGCAAAGTAGATCATAG,0,681358
cpxRp2,0.125,7,7,TTGCCAAGTACAGGAATGAC,0,686935
cpxRp2,0.125,7,7,TTGCACCTACTTGGTACAGA,0,652599
cpxRp2,0.125,7,7,TTGATTACTTATCCGTTATG,0,698831
cpxRp2,0.125,7,7,TTCTGCGTTATAAGTCCCTC,0,659442
cpxRp2,0.125,7,7,TTCTCAGTGGTCCTCAAGGC,0,668023
cpxRp2,0.125,7,7,TTCAATGTATTGTTCAATAA,0,639165
cpxRp2,0.125,7,7,TTCAACACATCGGGTGCCGG,0,678728
cpxRp2,0.125,7,7,TTAGGTGCGATACGATAAAT,0,662973
cpxRp2,0.125,7,7,TTAGCGACTCCAGCGCGGAG,0,677993
cpxRp2,0.125,7,7,TTAGAAGTGAACGCTCGATG,0,657425
cpxRp2,0.125,7,7,TGTTCTACTGTAAGATGAAC,0,711181
cpxRp2,0.125,7,7,TGTGGTGGCAAGCTTTGCAG,0,645435
cpxRp2,0.125,7,7,TGTGACCGAATAGCATTAGA,0,672719
cpxRp2,0.125,7,7,TGTAGGATTGCCTTTCACTC,0,662929
cpxRp2,0.125,7,7,TGGTTATCCACTCCAGGATT,0,689168
cpxRp2,0.125,7,7,TGGACCTGAAAGGGATGCGG,0,695968
cpxRp2,0.125,7,7,TGCTCCGGGACGCACTAGAC,0,699638
cpxRp2,0.125,7,7,TGCCGGGGTGTTATAGTAGC,0,710620
cpxRp2,0.125,7,7,TGCCGCACATTTTAACATAA,0,633360
cpxRp2,0.125,7,7,TGATTGATGCGAGGCATGGG,0,687657
cpxRp2,0.125,7,7,TGAGATGGGGTGGTGTCCCT,0,671611
cpxRp2,0.125,7,7,TGAGAGGTCAGATAGTGTCT,0,634245
cpxRp2,0.125,7,7,TGAATTGTTCCAATTAAGCC,0,634469
cpxRp2,0.125,7,7,TCTTAGATCGACATAGTCAC,0,674150
cpxRp2,0.125,7,7,TCTGTTTACCTATAGCTTGT,0,709438
cpxRp2,0.125,7,7,TCTCCCGGCGTTAATTTTGG,0,648253
cpxRp2,0.125,7,7,TCTATTTCGGTAACATGCCT,0,662112
cpxRp2,0.125,7,7,TCTAAAGCGGGCATATGACC,0,647581
cpxRp2,0.125,7,7,TCGCGCCTGCCCTAGTACAT,0,684988
cpxRp2,0.125,7,7,TCGCCTCCCCACATCCATTA,0,699851
cpxRp2,0.125,7,7,TCGCCCGAAACCATGGGGTT,0,685769
cpxRp2,0.125,7,7,TCGCATGCAGCATGTTACCA,0,699310
cpxRp2,0.125,7,7,TCGATGCAGAGTTGCGCAGG,0,635520
cpxRp2,0.125,7,7,TCGACGCGTTTGGAAAACAG,0,633468
cpxRp2,0.125,7,7,TCGAACCAGAATCCTGTCAC,0,675683
cpxRp2,0.125,7,7,TCCTGTGGACCTGGATTGGT,0,704506
cpxRp2,0.125,7,7,TCCTAGAGTCACATGGGTAG,0,649043
cpxRp2,0.125,7,7,TCCGCGTGTAGACCGGTGCA,0,670445
cpxRp2,0.125,7,7,TCCGCATGACTATGAGGCAG,0,667826
cpxRp2,0.125,7,7,TCCCCCCGGCGCAATGAAGT,0,706921
cpxRp2,0.125,7,7,TCCAGAATCATATTCTCGGA,0,653718
cpxRp2,0.125,7,7,TCATGCAAGCAGGACGCTCA,0,643876
cpxRp2,0.125,7,7,TCATCTAGCGTCTTGGTGGA,0,642945
cpxRp2,0.125,7,7,TATACTTTCGCTCAGCACTT,0,662608
cpxRp2,0.125,7,7,TAGTATCTGGATTCTCGCTA,0,661404
cpxRp2,0.125,7,7,TAGGTTCCCAACATGCGAAC,0,650108
cpxRp2,0.125,7,7,TAGGGTATGTGACCGTGCAT,0,680867
cpxRp2,0.125,7,7,TAGCGGATCGATGATGGTCG,0,636723
cpxRp2,0.125,7,7,TAGCGCGCGGGCCGTGAACT,0,679657
cpxRp2,0.125,7,7,TACCCGTCGAGCCTTAACGG,0,709233
cpxRp2,0.125,7,7,TAAGATCCGTAAGACTGATA,0,701098
cpxRp2,0.125,7,7,TAACGGGGTTTCAATCAGAG,0,679351
cpxRp2,0.125,7,7,GTTGAGTTGGCCACCTAAGG,0,658618
cpxRp2,0.125,7,7,GTTCATACGATAAGAAGAAG,0,690277
cpxRp2,0.125,7,7,GTTCATAATAGGGCTCTATT,0,642040
cpxRp2,0.125,7,7,GTGTTTGTAACGCCGCCCGT,0,651905
cpxRp2,0.125,7,7,GTGTGCTCTCTCCACATCGA,0,674839
cpxRp2,0.125,7,7,GTGGGCAGAAGCTAGTTTCC,0,679624
cpxRp2,0.125,7,7,GTGGCGGCGTTCTATCTGTA,0,702008
cpxRp2,0.125,7,7,GTCTGGACACACGCGATCAC,0,633859
cpxRp2,0.125,7,7,GTCTCGTGGTGGCATGGATT,0,658524
cpxRp2,0.125,7,7,GTCGGGTCGCCATGGGTATC,0,681576
cpxRp2,0.125,7,7,GTCCTGAGACAAAGATGCAT,0,649574
cpxRp2,0.125,7,7,GTCATTTAGAGTGGGCATCC,0,645116
cpxRp2,0.125,7,7,GTATTTTTGATCAAGCGCCC,0,657504
cpxRp2,0.125,7,7,GTATGCGACGAGAGAGACGT,0,662391
cpxRp2,0.125,7,7,GTATCGTTACGACTTAGCCT,0,685459
cpxRp2,0.125,7,7,GTAGTGTAAGTTCTACCCTC,0,649824
cpxRp2,0.125,7,7,GTAGCCGAGTACGCGGGGAT,0,643379
cpxRp2,0.125,7,7,GTAGACAGTTTAACTTCGGA,0,682634
cpxRp2,0.125,7,7,GTACAGCCCACTTCGAAGGT,0,666365
cpxRp2,0.125,7,7,GTAACGATTTAGCGGGCTGC,0,641997
cpxRp2,0.125,7,7,GGTTTTCCATCGTCGGAGGA,0,639728
cpxRp2,0.125,7,7,GGTTGGCTCTAATGCTTCGT,0,707165
cpxRp2,0.125,7,7,GGTGCCCGAACGCCTTTTAG,0,629825
cpxRp2,0.125,7,7,GGTGAAGGGCTGGTCCGGTG,0,697900
cpxRp2,0.125,7,7,GGTCGTGTCTAGATCTGATG,0,669551
cpxRp2,0.125,7,7,GGTCGCGCGATGGGTCATGG,0,679327
cpxRp2,0.125,7,7,GGGGGGAGTCAACTAATTGT,0,674655
cpxRp2,0.125,7,7,GGGCTCGCTAGAGCGCATTC,0,671131
cpxRp2,0.125,7,7,GGGAGATGCACTAAATTCTA,0,701197
cpxRp2,0.125,7,7,GGGAACACCATGAACTTAAG,0,666878
cpxRp2,0.125,7,7,GGCGGAATCGCCGTTTGGGT,0,679424
cpxRp2,0.125,7,7,GGCGAGGGCTCTCTTGGCGG,0,692771
cpxRp2,0.125,7,7,GGCCAATTGGGTAGAGACGT,0,663571
cpxRp2,0.125,7,7,GGCCAAAATGGGTCAGGTAG,0,683350
cpxRp2,0.125,7,7,GGCATACCGCCGTCCACGGC,0,665855
cpxRp2,0.125,7,7,GGCATAAGAAGCTCGCCATC,0,681350
cpxRp2,0.125,7,7,GGCACCCCAATATGAAACGG,0,688165
cpxRp2,0.125,7,7,GGATTCAACTGAGTCGTTGT,0,647316
cpxRp2,0.125,7,7,GGATTAAGTGATGCTGCGTT,0,655099
cpxRp2,0.125,7,7,GGACGTCAATCGTGTGGTAA,0,689377
cpxRp2,0.125,7,7,GGACGAGCTAGCGTAACCCA,0,691100
cpxRp2,0.125,7,7,GGAAGTCTATCATCCTGGTT,0,687570
cpxRp2,0.125,7,7,GGAAGTAGACCCCAGTCGTC,0,701057
cpxRp2,0.125,7,7,GGAAGCCTGTTCGTCGGTCA,0,650828
cpxRp2,0.125,7,7,GGAACTGCGCTTCTCTGTTA,0,682622
cpxRp2,0.125,7,7,GGAACCTTCGAACACCACCA,0,678621
cpxRp2,0.125,7,7,GCTTATTCCTGACAGTTTCT,0,690490
cpxRp2,0.125,7,7,GCTGTTAAACCATTTTTCTA,0,646739
cpxRp2,0.125,7,7,GCTATTGCTGCGGGCACTGG,0,697946
cpxRp2,0.125,7,7,GCTAAATAAGTAGAGCCGAT,0,660153
cpxRp2,0.125,7,7,GCGGGGTAGGGCGGAACATC,0,641295
cpxRp2,0.125,7,7,GCGCCATTTCCTCAGGACTG,0,693889
cpxRp2,0.125,7,7,GCGAAACGATTAGTTTCTAT,0,703070
cpxRp2,0.125,7,7,GCCCTCCCACTGTGGCCCAT,0,671362
cpxRp2,0.125,7,7,GCCCGATGACTACTATGGAC,0,711597
cpxRp2,0.125,7,7,GCCATTGTACTTACATGAAA,0,657122
cpxRp2,0.125,7,7,GCCATCCACGTGTAATGTGC,0,660334
cpxRp2,0.125,7,7,GCATCTGAGCTCCCAATTCC,0,640476
cpxRp2,0.125,7,7,GCAGCGGTAGGGCACGCTCA,0,669877
cpxRp2,0.125,7,7,GCAGCCTTTACGTATATCTA,0,638688
cpxRp2,0.125,7,7,GATCTATGGCGCAGCGAGGC,0,630319
cpxRp2,0.125,7,7,GAGTCCCTGGCCAAGTGTGT,0,695871
cpxRp2,0.125,7,7,GAGACTTCGCATCACACCAC,0,689595
cpxRp2,0.125,7,7,GACTGATTTCTCCTTTCACG,0,654952
cpxRp2,0.125,7,7,GACGTTTGAAGGCCACGTGA,0,682545
cpxRp2,0.125,7,7,GACGTGCGCCCCGAGAGTTA,0,699520
cpxRp2,0.125,7,7,GACGAGAGGACGCTCGGGCA,0,664258
cpxRp2,0.125,7,7,GACCCCCGGATGCGCGCTAT,0,644863
cpxRp2,0.125,7,7,GACCATCTTTATGGACTGGT,0,703323
cpxRp2,0.125,7,7,GACATTCGAATCATGTAACT,0,643514
cpxRp2,0.125,7,7,GACACTACGCAGTTAAGCCC,0,686827
cpxRp2,0.125,7,7,GAATGATCACGGATTCTGGG,0,630335
cpxRp2,0.125,7,7,GAATAAAGTAATATCAGCTT,0,653260
cpxRp2,0.125,7,7,GAAATGTCGTCCGATTGTCT,0,690923
cpxRp2,0.125,7,7,GAAAAGTCCTACCTCTTGTG,0,633752
cpxRp2,0.125,7,7,CTTTCTAAACGGTTGGAACC,0,655118
cpxRp2,0.125,7,7,CTTTCGAACAGTGCATCGGT,0,632808
cpxRp2,0.125,7,7,CTTTACCACACCGTAGAAGA,0,630711
cpxRp2,0.125,7,7,CTTTAACGAACAGACTCGTT,0,632671
cpxRp2,0.125,7,7,CTTGTAAAGGAAAGTCTTCA,0,697429
cpxRp2,0.125,7,7,CTTCGCTTTTGACGCTCGTG,0,689514
cpxRp2,0.125,7,7,CTGTTACGTAATGGCGCACG,0,662140
cpxRp2,0.125,7,7,CTGTGTTCTGGCCAGGTTGT,0,629904
cpxRp2,0.125,7,7,CTGTGCACTGTCTAGCCGGA,0,666694
cpxRp2,0.125,7,7,CTGTAATAATACGTTCGACA,0,696397
cpxRp2,0.125,7,7,CTGGAGTAATAGGTGGAGGA,0,641141
cpxRp2,0.125,7,7,CTGCGGGGATCAGGATTCAC,0,675833
cpxRp2,0.125,7,7,CTGAGTGTTGAAATTACTAA,0,642959
cpxRp2,0.125,7,7,CTCGGCCTTTGCCTTGAATG,0,656703
cpxRp2,0.125,7,7,CTCGGAGTAGCTACTGCCAG,0,664955
cpxRp2,0.125,7,7,CTCCGCCGGATTCGTACATC,0,703401
cpxRp2,0.125,7,7,CTCAGCGTTTTCATCCTAGT,0,673245
cpxRp2,0.125,7,7,CTCACCCTTGGTGTATGCAA,0,680417
cpxRp2,0.125,7,7,CTATAATTTAGATTAAGATG,0,635431
cpxRp2,0.125,7,7,CTAGGTACTTCGTCAGTTTA,0,659477
cpxRp2,0.125,7,7,CTACGGAGTTGTCAGCTTAC,0,641808
cpxRp2,0.125,7,7,CTACGGACCGCTGAACACCA,0,686582
cpxRp2,0.125,7,7,CGTTTTAGCAGGTTATGAAG,0,652950
cpxRp2,0.125,7,7,CGTTGCCAAATATTTTAGTT,0,707906
cpxRp2,0.125,7,7,CGTGTTACTCGCTTGGCGCC,0,660994
cpxRp2,0.125,7,7,CGTGCCAACATGGGCCACAA,0,668120
cpxRp2,0.125,7,7,CGTAGGATTCCGAGAAGCGA,0,688793
cpxRp2,0.125,7,7,CGGTTGGCACAGTCCATGAG,0,668906
cpxRp2,0.125,7,7,CGGCGCAGATCGTCAATCCC,0,694129
cpxRp2,0.125,7,7,CGGCCAATCCACGAAAGCAA,0,699019
cpxRp2,0.125,7,7,CGGCAGGGGTGACATGAACG,0,682967
cpxRp2,0.125,7,7,CGCGGTCCACAGGTGGTCTT,0,646917
cpxRp2,0.125,7,7,CGCGGCGCTGGGCCCGACAT,0,684268
cpxRp2,0.125,7,7,CGCGCCCCGAACAGCGTAAT,0,701844
cpxRp2,0.125,7,7,CGCACTGAAGACGAATTCGA,0,684132
cpxRp2,0.125,7,7,CGCAAGGAGTTACATTGAAT,0,641215
cpxRp2,0.125,7,7,CGATTTTTTTTGCCGGTCTG,0,685675
cpxRp2,0.125,7,7,CGATGCTTTTCCCGATCACT,0,693967
cpxRp2,0.125,7,7,CGAGGTTCACAGGTATAGAA,0,704276
cpxRp2,0.125,7,7,CGAGGTGTGATCTGTGTCTT,0,668950
cpxRp2,0.125,7,7,CGACTATGTACAATGCCGGT,0,645966
cpxRp2,0.125,7,7,CGAAGCAGTCCTACACTATC,0,673246
cpxRp2,0.125,7,7,CCTGCTAGACTGTGCCAATT,0,677317
cpxRp2,0.125,7,7,CCGTTTTACGATGATTTGTC,0,635852
cpxRp2,0.125,7,7,CCGTTCCCAGCGGTAACTCC,0,686599
cpxRp2,0.125,7,7,CCGTGAGCATAAACGGGGAA,0,649259
cpxRp2,0.125,7,7,CCGTGAGATTACGCCCATGT,0,681860
cpxRp2,0.125,7,7,CCGTGACTATGAGACCGCTG,0,656800
cpxRp2,0.125,7,7,CCGGTTATGTGATTACGGTC,0,656282
cpxRp2,0.125,7,7,CCGGACACTGATGCTTCCGG,0,684095
cpxRp2,0.125,7,7,CCGGAACGTCCGTCTTTCTT,0,681270
cpxRp2,0.125,7,7,CCGCTGATAGTAGGGCCTCT,0,686914
cpxRp2,0.125,7,7,CCATTGGTAGACAACCAGCG,0,693907
cpxRp2,0.125,7,7,CCAGCGGTAACTGGTTCAAC,0,689394
cpxRp2,0.125,7,7,CCAGCATCCAGCAATGAGAC,0,646002
cpxRp2,0.125,7,7,CCACGTTGGGATAAATTCGC,0,652991
cpxRp2,0.125,7,7,CCACGAGATTGGCTGTTCAA,0,648222
cpxRp2,0.125,7,7,CATTGTAAAGGCCTATACGT,0,683756
cpxRp2,0.125,7,7,CATATGGTCATTTCTCCTTT,0,704287
cpxRp2,0.125,7,7,CATACACAGATGCCAGTGGA,0,665118
cpxRp2,0.125,7,7,CAGTAGGCCCTTCGGAAGCA,0,671288
cpxRp2,0.125,7,7,CAGGGCGGGAGGTTTGGGTT,0,684085
cpxRp2,0.125,7,7,CAGCCAAGTGTGGCATGCAT,0,668613
cpxRp2,0.125,7,7,CAGCACAGGTATTTAAGTGT,0,697007
cpxRp2,0.125,7,7,CACTGGTCTAAGTAATCGGC,0,711667
cpxRp2,0.125,7,7,CACTCCGTACTCTGCCAAGC,0,693455
cpxRp2,0.125,7,7,CACGGCTCCGAAGGCTATCC,0,657883
cpxRp2,0.125,7,7,CACGGAGGTCCTGTTATAAG,0,636964
cpxRp2,0.125,7,7,CACGCGCCTGAAGTTAAGGG,0,660801
cpxRp2,0.125,7,7,CACCTGTTTAATTTTCCTTC,0,684604
cpxRp2,0.125,7,7,CACCGGAAGCACTCCACATA,0,710242
cpxRp2,0.125,7,7,CACCAAGACTGCATGTACAC,0,680190
cpxRp2,0.125,7,7,CACAAATTGGGGTACGATAA,0,653328
cpxRp2,0.125,7,7,CAAGGTTTGGCAGAATCCTG,0,680256
cpxRp2,0.125,7,7,CAACGGCTTCACCAAAGGCT,0,697574
cpxRp2,0.125,7,7,CAACCGAAGGATACCCTTGT,0,667183
cpxRp2,0.125,7,7,CAACCCGTAAGAAGGTTCCC,0,632185
cpxRp2,0.125,7,7,CAACAGCACAGGATAAGGTT,0,693815
cpxRp2,0.125,7,7,CAACAACGCCAAGATGGTTT,0,643868
cpxRp2,0.125,7,7,ATTTTTTACAAGGATACTGT,0,711164
cpxRp2,0.125,7,7,ATTGCCGCGCGCATCACGAC,0,644423
cpxRp2,0.125,7,7,ATTCGCGCGTTCAGGTTGCA,0,650069
cpxRp2,0.125,7,7,ATTCCGGGCGCCGGTTTGTA,0,687726
cpxRp2,0.125,7,7,ATGTTGATCGGAACTACTGC,0,640155
cpxRp2,0.125,7,7,ATGTGGAAAGTTACCGTTTC,0,699433
cpxRp2,0.125,7,7,ATGGAGTTCTTTTTTCACCA,0,659800
cpxRp2,0.125,7,7,ATGGAGAAACGTTCCTGTGT,0,702595
cpxRp2,0.125,7,7,ATGAACTTCATAGTTTCGCT,0,631457
cpxRp2,0.125,7,7,ATGAAATTGACTTCCCGTTC,0,705848
cpxRp2,0.125,7,7,ATCTTAGATCGTTTCTGACT,0,642947
cpxRp2,0.125,7,7,ATCTGTAGGAGAACATATAC,0,682309
cpxRp2,0.125,7,7,ATCTGGAGCTTAGTTACTAT,0,697693
cpxRp2,0.125,7,7,ATCAGGTTACAAATCTTGCA,0,675641
cpxRp2,0.125,7,7,ATATGATGCATCCGCTTCCC,0,703908
cpxRp2,0.125,7,7,ATAGATTTCGCTTAACAATA,0,654048
cpxRp2,0.125,7,7,AGTTCAGGGTAAGGCAGCTT,0,633968
cpxRp2,0.125,7,7,AGTTACTAAGATTGTACGAG,0,634957
cpxRp2,0.125,7,7,AGTGTTAGCATTTAAACGCT,0,670272
cpxRp2,0.125,7,7,AGTGGGTGCCCGTCGGAGAT,0,691777
cpxRp2,0.125,7,7,AGTGAGGTACTCATGTACAG,0,704246
cpxRp2,0.125,7,7,AGTCGGAGTCAGGCGATGTG,0,664476
cpxRp2,0.125,7,7,AGGTCCACATTTTTAAGAGG,0,670437
cpxRp2,0.125,7,7,AGGTAAAGTTCTGGTTACTC,0,699480
cpxRp2,0.125,7,7,AGGGTCTCTGAAGGCCCAGC,0,682835
cpxRp2,0.125,7,7,AGGCTAATCATAGGATAAGA,0,675310
cpxRp2,0.125,7,7,AGGCGATAAGTGGTCCGGAC,0,658433
cpxRp2,0.125,7,7,AGGCCTCGTGTAACATCTCG,0,710607
cpxRp2,0.125,7,7,AGCTGCTACGTCCGTTCTGT,0,651207
cpxRp2,0.125,7,7,AGCCTAGACTGGACGGATGG,0,662684
cpxRp2,0.125,7,7,AGCAAGGACCGATTCTGGCT,0,639272
cpxRp2,0.125,7,7,AGATGTTGATGGTCGCCTCA,0,690392
cpxRp2,0.125,7,7,AGAGCTGCGGATGGACATTA,0,673535
cpxRp2,0.125,7,7,AGAGCAGCCAACGGGGGCGG,0,646088
cpxRp2,0.125,7,7,AGACGCCACTTTCAACACTT,0,698881
cpxRp2,0.125,7,7,AGAAACGTCGTACTGTCCAT,0,673447
cpxRp2,0.125,7,7,ACTTAGGTGCAGTTGTATTT,0,689311
cpxRp2,0.125,7,7,ACTGGAGCGGGCACAGGATG,0,648913
cpxRp2,0.125,7,7,ACTGCCGAAATCGGAGTGAT,0,692669
cpxRp2,0.125,7,7,ACTCAGCGCCGATAAATAGT,0,638587
cpxRp2,0.125,7,7,ACTACACACCACGGGAGTAA,0,694410
cpxRp2,0.125,7,7,ACGGTTGACTTGAGAAGGAA,0,647126
cpxRp2,0.125,7,7,ACGCCCTACAATGCCACCAC,0,678646
cpxRp2,0.125,7,7,ACCTCGACTCCACAAAGATA,0,695600
cpxRp2,0.125,7,7,ACCTCAAACTATTGCTGTCA,0,635152
cpxRp2,0.125,7,7,ACCTAAAAATCATTAGGGAT,0,657032
cpxRp2,0.125,7,7,ACCGGTCGATTCATCTGGGA,0,681318
cpxRp2,0.125,7,7,ACCGCGCTGCTACTGTATGT,0,656131
cpxRp2,0.125,7,7,ACCCGGGATGTCTAGGGCGT,0,670030
cpxRp2,0.125,7,7,ACCCGAAGATTGCTAGTAAA,0,690865
cpxRp2,0.125,7,7,ACCAGTAGAGTTTCGGCCTG,0,706073
cpxRp2,0.125,7,7,ACCAAAAACGTTTTTCTGCC,0,711799
cpxRp2,0.125,7,7,ACAGGCAGCCTATACATAAG,0,679324
cpxRp2,0.125,7,7,ACAATTGAAAAAGCCCGACT,0,677845
cpxRp2,0.125,7,7,AATTTTTAAGCGACCATCGT,0,673269
cpxRp2,0.125,7,7,AATTAGTAAGGTGGTCTGCA,0,691767
cpxRp2,0.125,7,7,AATGGTATCGCACATGATGA,0,679852
cpxRp2,0.125,7,7,AATGAAATTAATGAGTCAAC,0,710281
cpxRp2,0.125,7,7,AATCCAGCTAGTGACTACTC,0,632205
cpxRp2,0.125,7,7,AATAGAGTCATAACTATCTG,0,695431
cpxRp2,0.125,7,7,AAGTCCAGTCCGGTTCGAGG,0,680589
cpxRp2,0.125,7,7,AAGAGTATCCTGGAAGTAAG,0,669822
cpxRp2,0.125,7,7,AACGTCAAGTGGGGTCGGGT,0,653413
cpxRp2,0.125,7,7,AAAGAATAAATGTAAGGGGC,0,649020
cpxRp2,0.125,7,7,AAAAAAAAGAAGGTTATGCC,0,635898
cpxRp2,0.14285714285714285,6,6,TTTTAGGCGCCTACGCATGG,0,638154
cpxRp2,0.14285714285714285,6,6,TTTGTTGCAACATGTCCTCT,0,631910
cpxRp2,0.14285714285714285,6,6,TTTGGGTGGCAGCCCGTGTC,0,646027
cpxRp2,0.14285714285714285,6,6,TTTGCCACCGAATGAACCGT,0,676716
cpxRp2,0.14285714285714285,6,6,TTTCGACTATAAGTGTCGGT,0,662248
cpxRp2,0.14285714285714285,6,6,TTTATCCACGTGGAAAGGGT,0,660534
cpxRp2,0.14285714285714285,6,6,TTTATCAATAGCTAGATTCA,0,648121
cpxRp2,0.14285714285714285,6,6,TTTAACTGGCACGACGACAT,0,664100
cpxRp2,0.14285714285714285,6,6,TTGTGGTGCAAAGATGACGA,0,687739
cpxRp2,0.14285714285714285,6,6,TTGTCACTGCGACTGGCGCG,0,692185
cpxRp2,0.14285714285714285,6,6,TTGGTGGTCGAAGGAGTTAG,0,657421
cpxRp2,0.14285714285714285,6,6,TTGGGCTAATTATCCCTGTC,0,701054
cpxRp2,0.14285714285714285,6,6,TTGCTTGAGCATTAGAAGGC,0,671329
cpxRp2,0.14285714285714285,6,6,TTGCTAGGAAGGGTTAATGT,0,674726
cpxRp2,0.14285714285714285,6,6,TTGCGTAGAGACCTGGGTAT,0,684119
cpxRp2,0.14285714285714285,6,6,TTGAGGTCCCAGCATCCGCT,0,681331
cpxRp2,0.14285714285714285,6,6,TTCTTAGCAACCTTCTACGC,0,697811
cpxRp2,0.14285714285714285,6,6,TTCGTGAGTTGACTGTATTA,0,650666
cpxRp2,0.14285714285714285,6,6,TTCGGCGGCGGTCGTTATGG,0,704527
cpxRp2,0.14285714285714285,6,6,TTCATTGGCGATGAAGCGGC,0,646190
cpxRp2,0.14285714285714285,6,6,TTATGATACCAGGTAAGAAC,0,694568
cpxRp2,0.14285714285714285,6,6,TTAACGTTTTCTGATAACGA,0,700247
cpxRp2,0.14285714285714285,6,6,TTAAAGTTAGTAGATCTCAT,0,711472
cpxRp2,0.14285714285714285,6,6,TGTTCTATCGGTTCTTTTGT,0,681436
cpxRp2,0.14285714285714285,6,6,TGTGATAGCTGGGGCTCGCT,0,678797
cpxRp2,0.14285714285714285,6,6,TGTCTCGACCTTGTATACCA,0,705939
cpxRp2,0.14285714285714285,6,6,TGTCGGTACAGGAGTCTTCA,0,669424
cpxRp2,0.14285714285714285,6,6,TGTCCCGTTAAGGGGTAGCA,0,706106
cpxRp2,0.14285714285714285,6,6,TGTATGAAACACATTTCCAG,0,688572
cpxRp2,0.14285714285714285,6,6,TGTACCTAGGTTTTCGCCAA,0,699939
cpxRp2,0.14285714285714285,6,6,TGGTAATCGTTGGTGCGATA,0,692938
cpxRp2,0.14285714285714285,6,6,TGGGTGCGAGAGGCTGGCGC,0,676636
cpxRp2,0.14285714285714285,6,6,TGGGCCGTGTTCGGAGTTTC,0,641881
cpxRp2,0.14285714285714285,6,6,TGGAGCCGTTTTAAGATGCT,0,631366
cpxRp2,0.14285714285714285,6,6,TGGACTGGCTATATGTGCCG,0,662876
cpxRp2,0.14285714285714285,6,6,TGCTGCCTTCTGAGAGGAAT,0,699378
cpxRp2,0.14285714285714285,6,6,TGCTAATCCAGTCCGGGGCG,0,655815
cpxRp2,0.14285714285714285,6,6,TGCGGCCGCATGACCTGGAC,0,652958
cpxRp2,0.14285714285714285,6,6,TGCGGAACTACAACACCAAT,0,660240
cpxRp2,0.14285714285714285,6,6,TGCGCGACGCCCTGGTAATA,0,699383
cpxRp2,0.14285714285714285,6,6,TGCATAGTTTAACCCGAAGT,0,696816
cpxRp2,0.14285714285714285,6,6,TGATCTACTGTAGCGGCGTT,0,650491
cpxRp2,0.14285714285714285,6,6,TGAGGGACGTGAATTCAATC,0,684122
cpxRp2,0.14285714285714285,6,6,TGACCGACCGGTTACATATA,0,669319
cpxRp2,0.14285714285714285,6,6,TGAAACCGGGCGCGGCCAGT,0,679049
cpxRp2,0.14285714285714285,6,6,TCTTTCGTCGTCGTTGAAGG,0,709310
cpxRp2,0.14285714285714285,6,6,TCTTTCGCCACTTAGTTCGG,0,668030
cpxRp2,0.14285714285714285,6,6,TCTGTTATGGCCCGTCAAAG,0,635826
cpxRp2,0.14285714285714285,6,6,TCGTTAACGTTTTATTTACA,0,651725
cpxRp2,0.14285714285714285,6,6,TCGTCCTTGGCTTTACTTTG,0,651072
cpxRp2,0.14285714285714285,6,6,TCGGCATTTTTTATCAGCAT,0,699187
cpxRp2,0.14285714285714285,6,6,TCGGATAAGAAAACCACTGA,0,679097
cpxRp2,0.14285714285714285,6,6,TCGGAGGATACAAAGGAGAT,0,675029
cpxRp2,0.14285714285714285,6,6,TCGCGGTATGGATTATTGGT,0,695721
cpxRp2,0.14285714285714285,6,6,TCGCCTAAATGTTCTAGCCA,0,677264
cpxRp2,0.14285714285714285,6,6,TCGCCAGCTTCGAGCTGTAC,0,654362
cpxRp2,0.14285714285714285,6,6,TCCGTTAAAGTTGACACGCC,0,708755
cpxRp2,0.14285714285714285,6,6,TCCGTCCAGAGATCTGGAAA,0,674416
cpxRp2,0.14285714285714285,6,6,TCCGCGGCCACGACTCTCTG,0,683774
cpxRp2,0.14285714285714285,6,6,TCCGAGGCTTGTCTAAGCCA,0,692554
cpxRp2,0.14285714285714285,6,6,TCCCAACGACTAGAAAACGT,0,645631
cpxRp2,0.14285714285714285,6,6,TCCAATGGATCAAAGTCTTA,0,650008
cpxRp2,0.14285714285714285,6,6,TCATGAGGGATAACGGGTTG,0,681912
cpxRp2,0.14285714285714285,6,6,TCATACTTTCAGGGTGCCCA,0,645191
cpxRp2,0.14285714285714285,6,6,TCAAAACAACGCCAAGCGGC,0,686334
cpxRp2,0.14285714285714285,6,6,TATTGCATGCTTTTAATATC,0,707468
cpxRp2,0.14285714285714285,6,6,TATTCAACGCAGAGCCAACT,0,697499
cpxRp2,0.14285714285714285,6,6,TATGTTAGTACACACTTCGG,0,670152
cpxRp2,0.14285714285714285,6,6,TATGTGTGTCCGTTTAATGG,0,665119
cpxRp2,0.14285714285714285,6,6,TATGAGGGAAAATCCCTATG,0,694168
cpxRp2,0.14285714285714285,6,6,TATCTTATGAGCGTCCGTCC,0,658539
cpxRp2,0.14285714285714285,6,6,TATCTCACGAGTTCTAAAAA,0,690242
cpxRp2,0.14285714285714285,6,6,TATCGGAATTCGCAGCAGAG,0,656141
cpxRp2,0.14285714285714285,6,6,TATCCCACCGCTCACTGCTC,0,642691
cpxRp2,0.14285714285714285,6,6,TATCAGCGCACCTTACTACT,0,667042
cpxRp2,0.14285714285714285,6,6,TATACTGGTCTATTGGACTT,0,639621
cpxRp2,0.14285714285714285,6,6,TATACGGAGAGGGGTTATGA,0,650246
cpxRp2,0.14285714285714285,6,6,TAGTCGACTCCATATGCCTA,0,651222
cpxRp2,0.14285714285714285,6,6,TAGGTCAGAGACACTTTTGA,0,660051
cpxRp2,0.14285714285714285,6,6,TAGGCTGGTAACTGAATTAT,0,658599
cpxRp2,0.14285714285714285,6,6,TAGCCTGGTAGACCTAGAAC,0,633202
cpxRp2,0.14285714285714285,6,6,TAGATCATCTAGTGGGCGTA,0,696065
cpxRp2,0.14285714285714285,6,6,TACTTGCCCTTGAGGCTCTC,0,710525
cpxRp2,0.14285714285714285,6,6,TACTCGGGGCGACACACTTA,0,645493
cpxRp2,0.14285714285714285,6,6,TACCTGCACCCGTATTTCTG,0,651228
cpxRp2,0.14285714285714285,6,6,TACCCGTAAGCTCTTCTTAG,0,674191
cpxRp2,0.14285714285714285,6,6,TACAATGCTGTCTTACCAAT,0,704038
cpxRp2,0.14285714285714285,6,6,TAATTAGGATTACCCCCCAA,0,647732
cpxRp2,0.14285714285714285,6,6,TAAGCGGTTATTTATACAGA,0,706152
cpxRp2,0.14285714285714285,6,6,TAAGACATATCGCGTCACGG,0,669073
cpxRp2,0.14285714285714285,6,6,TAACGGGGGAGTTTAGGTCG,0,640361
cpxRp2,0.14285714285714285,6,6,TAACGAATCTTAACCGTGTG,0,686384
cpxRp2,0.14285714285714285,6,6,GTTTAAAGACATGGCCCTTG,0,663813
cpxRp2,0.14285714285714285,6,6,GTTGGTATCTTTACACATGA,0,691538
cpxRp2,0.14285714285714285,6,6,GTTGAGCGGCGGGTAAATAA,0,645862
cpxRp2,0.14285714285714285,6,6,GTTCACAAGGAAAAGGTCGG,0,661643
cpxRp2,0.14285714285714285,6,6,GTTCAATGTACGGGTATCTC,0,682575
cpxRp2,0.14285714285714285,6,6,GTTAGTTCCGTTGCGACCTA,0,638728
cpxRp2,0.14285714285714285,6,6,GTTAATAGCATTGTGCGAAA,0,681583
cpxRp2,0.14285714285714285,6,6,GTGTTACTGTTTACTTATAA,0,690279
cpxRp2,0.14285714285714285,6,6,GTGTTACACCGAGATAATCT,0,701224
cpxRp2,0.14285714285714285,6,6,GTGGTTAAGACTATCGGAGA,0,701668
cpxRp2,0.14285714285714285,6,6,GTGGTATTGTGGCAGTCCGG,0,667002
cpxRp2,0.14285714285714285,6,6,GTGGGGCTTGAATCCCGCAA,0,636643
cpxRp2,0.14285714285714285,6,6,GTGGGAGCGAGTAGGAAACC,0,702674
cpxRp2,0.14285714285714285,6,6,GTGCTTTTATACGCGTCGGG,0,634127
cpxRp2,0.14285714285714285,6,6,GTGCGCGATGTGTGAGGATA,0,711872
cpxRp2,0.14285714285714285,6,6,GTGCAAAAGATGGCTAATGT,0,692572
cpxRp2,0.14285714285714285,6,6,GTGAATCACGCTCATCATTC,0,691846
cpxRp2,0.14285714285714285,6,6,GTCTTTAATATGTAGAGAAG,0,673948
cpxRp2,0.14285714285714285,6,6,GTCGTGTTAACCACAGACTT,0,637911
cpxRp2,0.14285714285714285,6,6,GTCCGGATCGCGCCCTGGAC,0,663237
cpxRp2,0.14285714285714285,6,6,GTCCGCAAATCAGCCAGAGG,0,709904
cpxRp2,0.14285714285714285,6,6,GTCCCGACCGGTATTCAGGT,0,702950
cpxRp2,0.14285714285714285,6,6,GTCCAGGCTACCTTAGTAAG,0,691990
cpxRp2,0.14285714285714285,6,6,GTCAATCCTACTGGCCGGAT,0,680353
cpxRp2,0.14285714285714285,6,6,GTATGGGAGTATTCCTAAGT,0,688265
cpxRp2,0.14285714285714285,6,6,GTATCGGTCCGTATATGATA,0,650243
cpxRp2,0.14285714285714285,6,6,GTATACCCCCGGTTGCGGCA,0,634200
cpxRp2,0.14285714285714285,6,6,GTAGGAATGACGAGGAACCA,0,685763
cpxRp2,0.14285714285714285,6,6,GTACCAGGACGCTTAGCGGT,0,710943
cpxRp2,0.14285714285714285,6,6,GGTTCCACACCGCATACGTA,0,647653
cpxRp2,0.14285714285714285,6,6,GGTTCAAGTTAAAGTTTTGC,0,643439
cpxRp2,0.14285714285714285,6,6,GGTTAGCTAATATTTCCGGG,0,708516
cpxRp2,0.14285714285714285,6,6,GGTGGTTAAAGCCGGTAGTA,0,661155
cpxRp2,0.14285714285714285,6,6,GGTGGGCCCGCCGCTGCGGT,0,656376
cpxRp2,0.14285714285714285,6,6,GGTGCGTAGTTCCTTTGGCT,0,694675
cpxRp2,0.14285714285714285,6,6,GGTGCACCATGACGCCTGTG,0,681687
cpxRp2,0.14285714285714285,6,6,GGTCCGCGAAAAAAGTCATA,0,693393
cpxRp2,0.14285714285714285,6,6,GGTACGGTAATAAGAGACAA,0,657953
cpxRp2,0.14285714285714285,6,6,GGGGGGATCTCATACCGTGT,0,692249
cpxRp2,0.14285714285714285,6,6,GGGGGACCAGAAAAATTTTG,0,639360
cpxRp2,0.14285714285714285,6,6,GGGGCCAGAACCGTTAATGC,0,632280
cpxRp2,0.14285714285714285,6,6,GGGCTTTGAGACCCCCGGCT,0,690725
cpxRp2,0.14285714285714285,6,6,GGGCGTTGACGATGCAGAGT,0,702679
cpxRp2,0.14285714285714285,6,6,GGGATTGGTTTTACGATTCA,0,684975
cpxRp2,0.14285714285714285,6,6,GGGAGCGGGTTGGGTTCTGA,0,651894
cpxRp2,0.14285714285714285,6,6,GGGACCTCATTGATCACCAC,0,701154
cpxRp2,0.14285714285714285,6,6,GGCCGGGTACCGCATACTCC,0,699188
cpxRp2,0.14285714285714285,6,6,GGCCGCTGTGCTAGGCCCTC,0,641142
cpxRp2,0.14285714285714285,6,6,GGCAAGGTTTAAACGGCACC,0,678270
cpxRp2,0.14285714285714285,6,6,GGCAAAAAGTCGTACGGAGA,0,677616
cpxRp2,0.14285714285714285,6,6,GGATCCAATTCGAAGCTACA,0,649068
cpxRp2,0.14285714285714285,6,6,GGATAAAGTACTAGGGCCTG,0,699810
cpxRp2,0.14285714285714285,6,6,GGAGACCGCGTATCAGCCCA,0,711749
cpxRp2,0.14285714285714285,6,6,GGACGGGGCTTCAGTACATA,0,706702
cpxRp2,0.14285714285714285,6,6,GGACATCGTTTGATCCAGAA,0,689976
cpxRp2,0.14285714285714285,6,6,GGAAGACAGCCTTATCTCAG,0,706348
cpxRp2,0.14285714285714285,6,6,GGAACTACCGTGAGTCCATT,0,679162
cpxRp2,0.14285714285714285,6,6,GCTTTCCCGCCTAAACCGAC,0,687348
cpxRp2,0.14285714285714285,6,6,GCTTAAACGTCGAGCCGTAA,0,631930
cpxRp2,0.14285714285714285,6,6,GCTGGCTGTTACCCGTTTCG,0,653814
cpxRp2,0.14285714285714285,6,6,GCTCTATGCCTACCCGATCC,0,681357
cpxRp2,0.14285714285714285,6,6,GCTCGAAATCGGGCGACCCA,0,649222
cpxRp2,0.14285714285714285,6,6,GCTACTCATAATGCTCGGAC,0,639766
cpxRp2,0.14285714285714285,6,6,GCTAAAGCGCGCCGATCGCC,0,706123
cpxRp2,0.14285714285714285,6,6,GCGTTTACACCCTGATCGCG,0,693798
cpxRp2,0.14285714285714285,6,6,GCGGGACAGCTTGCTCAGGG,0,646541
cpxRp2,0.14285714285714285,6,6,GCGGAGAGGTCTGCGCCGGT,0,642784
cpxRp2,0.14285714285714285,6,6,GCGCTATTAGCTGGTATTTC,0,659420
cpxRp2,0.14285714285714285,6,6,GCGCGATGCATCTGGCGAGT,0,635343
cpxRp2,0.14285714285714285,6,6,GCGACGCTTTGATGCGCGTA,0,633631
cpxRp2,0.14285714285714285,6,6,GCCTACTCGGCCAAGTTCCT,0,664315
cpxRp2,0.14285714285714285,6,6,GCCTACGTGCTAACGGGCAA,0,641378
cpxRp2,0.14285714285714285,6,6,GCCGTTTACGGCAGACCCAA,0,651230
cpxRp2,0.14285714285714285,6,6,GCCGTGGCAGTCTCACCCGT,0,688146
cpxRp2,0.14285714285714285,6,6,GCCGGTCTATGGTCTTCTTA,0,677608
cpxRp2,0.14285714285714285,6,6,GCCGAGAGACATAATGGCGA,0,660745
cpxRp2,0.14285714285714285,6,6,GCAGTTTGTTCACGACGGGA,0,672019
cpxRp2,0.14285714285714285,6,6,GCACTCACGGGGAGGAGGCA,0,704589
cpxRp2,0.14285714285714285,6,6,GCACATAACTGCCCGGCAAA,0,645037
cpxRp2,0.14285714285714285,6,6,GCAATCCAATACAAGAGCAT,0,704020
cpxRp2,0.14285714285714285,6,6,GATTACGCTCGACCCGACCA,0,638832
cpxRp2,0.14285714285714285,6,6,GATGTCGTCGTCGGAGCGAA,0,644192
cpxRp2,0.14285714285714285,6,6,GATGCGGCAGTCGGATGAAC,0,671083
cpxRp2,0.14285714285714285,6,6,GATGCACCCAAGCCATCGTT,0,642527
cpxRp2,0.14285714285714285,6,6,GATCATGATGAAATAACCCC,0,665241
cpxRp2,0.14285714285714285,6,6,GATCAGTATTTGTGATCGAT,0,677131
cpxRp2,0.14285714285714285,6,6,GATATAATTCGCCCATCGCT,0,646755
cpxRp2,0.14285714285714285,6,6,GAGTTCAATCCTCAACCTAT,0,650906
cpxRp2,0.14285714285714285,6,6,GAGTAACTAAATAAGAGTCA,0,670276
cpxRp2,0.14285714285714285,6,6,GAGGCAGGCGGGGATCCGTA,0,698976
cpxRp2,0.14285714285714285,6,6,GAGCTTTGAGAAGGCCCATA,0,689187
cpxRp2,0.14285714285714285,6,6,GAGCGGGCTACACCACAGGA,0,694609
cpxRp2,0.14285714285714285,6,6,GAGCCTTCAAGCGTTAACCA,0,695415
cpxRp2,0.14285714285714285,6,6,GAGAGACAACATAGAGTGTT,0,652268
cpxRp2,0.14285714285714285,6,6,GACTGCATGGGAGATCACGG,0,657856
cpxRp2,0.14285714285714285,6,6,GACGGTGAGATAGGACGAGA,0,673292
cpxRp2,0.14285714285714285,6,6,GACGAAGTGGAACCGTTTGA,0,647914
cpxRp2,0.14285714285714285,6,6,GACGAAGTGAAGTTGTACAT,0,658681
cpxRp2,0.14285714285714285,6,6,GACCCTGAGAACTGGATATT,0,711777
cpxRp2,0.14285714285714285,6,6,GAATTGATAAGTAGGGATTA,0,680980
cpxRp2,0.14285714285714285,6,6,GAATTAGTAGTGAGTCGGGT,0,695534
cpxRp2,0.14285714285714285,6,6,GAAGTTGGATGCATTCCTCG,0,666710
cpxRp2,0.14285714285714285,6,6,GAAATTCTGGATTAGCTGAG,0,678555
cpxRp2,0.14285714285714285,6,6,GAAATTAGTTACTATGTAGG,0,643063
cpxRp2,0.14285714285714285,6,6,GAAATGGTTTGGAGACGCCG,0,688173
cpxRp2,0.14285714285714285,6,6,GAAATCTCAAATCAAAGCTT,0,696665
cpxRp2,0.14285714285714285,6,6,GAAAGCTTTTCAGTCTGATC,0,662540
cpxRp2,0.14285714285714285,6,6,GAAAAGCGTTGTGCCCGCGA,0,649181
cpxRp2,0.14285714285714285,6,6,CTTTAAAGTCGTTGTATTGC,0,699566
cpxRp2,0.14285714285714285,6,6,CTGTACGTTTACTAACCGAG,0,671372
cpxRp2,0.14285714285714285,6,6,CTGGGTTTCAGTTTCTCCTA,0,665220
cpxRp2,0.14285714285714285,6,6,CTGGGCGGTAGATATGCCGT,0,647863
cpxRp2,0.14285714285714285,6,6,CTGGGATTACCGGGAGTACG,0,632085
cpxRp2,0.14285714285714285,6,6,CTGCGATCTCGTAGGCGGGA,0,638725
cpxRp2,0.14285714285714285,6,6,CTGATTCAGGCTGGCCTGAT,0,700806
cpxRp2,0.14285714285714285,6,6,CTGAGGGCCATGCAATGCGG,0,663042
cpxRp2,0.14285714285714285,6,6,CTCGGGGATCAAGATGAAGT,0,663155
cpxRp2,0.14285714285714285,6,6,CTCCGTAGTGAGGTGTACGA,0,688535
cpxRp2,0.14285714285714285,6,6,CTCATCGAGCAATGGTGCGC,0,683368
cpxRp2,0.14285714285714285,6,6,CTCAGCTTAGGCACATACCA,0,653127
cpxRp2,0.14285714285714285,6,6,CTAGAAGCATTCGGGTGTCG,0,701962
cpxRp2,0.14285714285714285,6,6,CGTGTTAATATGTCGCTCGG,0,660216
cpxRp2,0.14285714285714285,6,6,CGTGCAGCATTTACGAATAC,0,693282
cpxRp2,0.14285714285714285,6,6,CGTCTGAACTTACCCACGCA,0,685343
cpxRp2,0.14285714285714285,6,6,CGTCATTAGTAACCTTTCAG,0,649503
cpxRp2,0.14285714285714285,6,6,CGTCACGAGGGCACAAGTAT,0,701803
cpxRp2,0.14285714285714285,6,6,CGGGTACCTCCAGCCACAGG,0,641882
cpxRp2,0.14285714285714285,6,6,CGGGCGTTACGAGCAATGTA,0,704120
cpxRp2,0.14285714285714285,6,6,CGGGCAAATCGGCGTCGGGG,0,651455
cpxRp2,0.14285714285714285,6,6,CGGCTGGTAGGGGTGTGATG,0,636485
cpxRp2,0.14285714285714285,6,6,CGGCTACATGCTCGTGACCG,0,666941
cpxRp2,0.14285714285714285,6,6,CGGCGACAACGTAAAGTTCG,0,634980
cpxRp2,0.14285714285714285,6,6,CGGCACAGTATAACTTAAAA,0,698778
cpxRp2,0.14285714285714285,6,6,CGGATGCCTCTAGTGTGGGG,0,653859
cpxRp2,0.14285714285714285,6,6,CGGAGTGTCTGATCAGTGCG,0,665881
cpxRp2,0.14285714285714285,6,6,CGGAGGCTCCGGAATGGTAT,0,685940
cpxRp2,0.14285714285714285,6,6,CGCTTACGCGAGTTGAGGAT,0,649058
cpxRp2,0.14285714285714285,6,6,CGCTATACAGGACCGTTGTA,0,683542
cpxRp2,0.14285714285714285,6,6,CGCGGGCTAGCTTCCTTAAT,0,641886
cpxRp2,0.14285714285714285,6,6,CGCGCTCGCATGGTAATGAC,0,678404
cpxRp2,0.14285714285714285,6,6,CGCGCCCTGAAGCTAGTTCA,0,663631
cpxRp2,0.14285714285714285,6,6,CGCCGAAGACGCCTTCACGC,0,645908
cpxRp2,0.14285714285714285,6,6,CGCCCAGCAATAAGAACAGG,0,641151
cpxRp2,0.14285714285714285,6,6,CGCATGTCCGGATGAACGTA,0,658295
cpxRp2,0.14285714285714285,6,6,CGCAGAAGCCTTAGCGCCCT,0,660031
cpxRp2,0.14285714285714285,6,6,CGAGCTATTGGCGGGAAGTG,0,644617
cpxRp2,0.14285714285714285,6,6,CGAGATGTTACTTTGCTCCA,0,664998
cpxRp2,0.14285714285714285,6,6,CGAGATGAAGCAACCCGAAT,0,675585
cpxRp2,0.14285714285714285,6,6,CGACTTCAGCAGCTCAGCCT,0,670789
cpxRp2,0.14285714285714285,6,6,CGAAGTGGTTACGACGGTTC,0,640994
cpxRp2,0.14285714285714285,6,6,CGAAGGTGAGTCACACCCCT,0,658063
cpxRp2,0.14285714285714285,6,6,CCTGGGTAGTAGTTACGAAC,0,699150
cpxRp2,0.14285714285714285,6,6,CCTGATCTATCCCCGGTTTC,0,706946
cpxRp2,0.14285714285714285,6,6,CCTAAGTTGTTTCGAAGGTC,0,645330
cpxRp2,0.14285714285714285,6,6,CCGTGTGGGAGGGCCGTAGG,0,664601
cpxRp2,0.14285714285714285,6,6,CCGTATCGTTATGATGCTGG,0,687437
cpxRp2,0.14285714285714285,6,6,CCGTATACTTTAGACTACTG,0,683912
cpxRp2,0.14285714285714285,6,6,CCGGGTTACGCTACGCACCC,0,659011
cpxRp2,0.14285714285714285,6,6,CCGCTGGGATCGCACCCCGA,0,711816
cpxRp2,0.14285714285714285,6,6,CCGCCATGAATCTGACCGAG,0,652463
cpxRp2,0.14285714285714285,6,6,CCGCCACTTGCGGGCTAATT,0,658686
cpxRp2,0.14285714285714285,6,6,CCGATGTAGGTGCCTTCCTG,0,641118
cpxRp2,0.14285714285714285,6,6,CCGAGATGACTCAACCCTCG,0,693285
cpxRp2,0.14285714285714285,6,6,CCCTCTCAAGGACAGGGCGA,0,643568
cpxRp2,0.14285714285714285,6,6,CCCCTCCTTCCCGCGCAGGC,0,697067
cpxRp2,0.14285714285714285,6,6,CCCCACAAGAAGGGCCGCGG,0,698353
cpxRp2,0.14285714285714285,6,6,CCCAGGTATCGAAACATCCT,0,685757
cpxRp2,0.14285714285714285,6,6,CCATGGCCCCCCGGTCCTAA,0,672368
cpxRp2,0.14285714285714285,6,6,CCAGCGCCAGTACGGTTCCT,0,631255
cpxRp2,0.14285714285714285,6,6,CCACTTGAAATAAGAAAGGC,0,630219
cpxRp2,0.14285714285714285,6,6,CCACGGGCGCTCTTGTGCGA,0,643134
cpxRp2,0.14285714285714285,6,6,CCACAGTCCATCGTTGATCA,0,701532
cpxRp2,0.14285714285714285,6,6,CATCGGTCTATGGGTTGTTC,0,642042
cpxRp2,0.14285714285714285,6,6,CAGTACGGTGACGGCGCAGT,0,699713
cpxRp2,0.14285714285714285,6,6,CAGGTAACACCGTAAGCTAT,0,668427
cpxRp2,0.14285714285714285,6,6,CAGGGCATACCACACGCCGT,0,664300
cpxRp2,0.14285714285714285,6,6,CAGATCGACCCCCGTTGCTA,0,646962
cpxRp2,0.14285714285714285,6,6,CACTTAAAGAATCACTTTGA,0,663115
cpxRp2,0.14285714285714285,6,6,CACTGTCGAGTTTTGGGAGT,0,706848
cpxRp2,0.14285714285714285,6,6,CACTAGATCAGCGACTCAGA,0,636208
cpxRp2,0.14285714285714285,6,6,CACGCACGTGTCGCAAACGA,0,659823
cpxRp2,0.14285714285714285,6,6,CACGAAGACGTAACGGATAC,0,685517
cpxRp2,0.14285714285714285,6,6,CACATGTTTGACTAGACAAC,0,645016
cpxRp2,0.14285714285714285,6,6,CACATCGAACGCGCGCCCTA,0,673091
cpxRp2,0.14285714285714285,6,6,CAATGTCTCTAAAGTTGCGG,0,643832
cpxRp2,0.14285714285714285,6,6,CAAGCGCATGTTCCGTGACA,0,663494
cpxRp2,0.14285714285714285,6,6,CAACATGCAGCGGCAGCCCT,0,632952
cpxRp2,0.14285714285714285,6,6,ATTTAGTGTTGGGTGCCTGG,0,640591
cpxRp2,0.14285714285714285,6,6,ATTGCTCCGTGCATCCTCCC,0,682635
cpxRp2,0.14285714285714285,6,6,ATTATGTAAGCTGACCGCTG,0,649461
cpxRp2,0.14285714285714285,6,6,ATGTTCAGGTTGATTTACAA,0,658219
cpxRp2,0.14285714285714285,6,6,ATGTAAGCTTCCGTTTAGGT,0,641653
cpxRp2,0.14285714285714285,6,6,ATGTAAAACACACATGTGAA,0,669298
cpxRp2,0.14285714285714285,6,6,ATGGTGAGAGCGCGTGATAA,0,636571
cpxRp2,0.14285714285714285,6,6,ATGGACCGGGGAGTCCGAAG,0,653043
cpxRp2,0.14285714285714285,6,6,ATGAGACTAGAAATCCGCCT,0,664371
cpxRp2,0.14285714285714285,6,6,ATGAATTTGAAAACCTTTGG,0,680172
cpxRp2,0.14285714285714285,6,6,ATGAAACGGCCAGGGTAGCA,0,656558
cpxRp2,0.14285714285714285,6,6,ATCTCGGAGTGCGTAGCCGT,0,665319
cpxRp2,0.14285714285714285,6,6,ATCGCACTGCAAAAAACTCT,0,635798
cpxRp2,0.14285714285714285,6,6,ATCCATGCGCTTCCAGGGGC,0,637739
cpxRp2,0.14285714285714285,6,6,ATCATGGTCGCTCCGTCTGG,0,662376
cpxRp2,0.14285714285714285,6,6,ATCAGAGCACTGCTTAACTC,0,684718
cpxRp2,0.14285714285714285,6,6,ATCAATGACCTAACAGGACC,0,660494
cpxRp2,0.14285714285714285,6,6,ATCAAGAATGGAGGTGGCAG,0,676776
cpxRp2,0.14285714285714285,6,6,ATATGGGACACGGGGGATTG,0,709196
cpxRp2,0.14285714285714285,6,6,ATATGGACAAAACACAACCC,0,679619
cpxRp2,0.14285714285714285,6,6,ATATGAGATGGCCGACTTCT,0,681810
cpxRp2,0.14285714285714285,6,6,ATATGAAACACCGACTCTCA,0,689436
cpxRp2,0.14285714285714285,6,6,ATAGTGGCGATCGTGGATTG,0,698942
cpxRp2,0.14285714285714285,6,6,ATAGTGAGGACACCATACCT,0,688379
cpxRp2,0.14285714285714285,6,6,ATAGGCACTGCGTTGGGATG,0,688624
cpxRp2,0.14285714285714285,6,6,ATAGAACCTCGATGCAGCCC,0,652624
cpxRp2,0.14285714285714285,6,6,ATACGCTGTAGATAGGCATA,0,679810
cpxRp2,0.14285714285714285,6,6,ATACACCCCCTCTCACAAAG,0,663785
cpxRp2,0.14285714285714285,6,6,ATAAGTTCATGTTACGGCCT,0,651164
cpxRp2,0.14285714285714285,6,6,ATAAAAACGTCAAAGGTATA,0,659318
cpxRp2,0.14285714285714285,6,6,ATAAAAAAGAAGTGCTGTGG,0,665735
cpxRp2,0.14285714285714285,6,6,AGTTGGCGTAGATTAGTCGG,0,691220
cpxRp2,0.14285714285714285,6,6,AGTTGACCTTCCCGTTTGAG,0,683128
cpxRp2,0.14285714285714285,6,6,AGTGTAGCCGTTACACCGTG,0,702212
cpxRp2,0.14285714285714285,6,6,AGTCCGAACTATCAGTGACC,0,646358
cpxRp2,0.14285714285714285,6,6,AGGTTTCGTGTGAATGAGTG,0,643809
cpxRp2,0.14285714285714285,6,6,AGGTAACCCTTATCATAGGG,0,678095
cpxRp2,0.14285714285714285,6,6,AGGCCGGGAGCACATCCAGT,0,695805
cpxRp2,0.14285714285714285,6,6,AGGATCACAAGGGGAAAGGT,0,644480
cpxRp2,0.14285714285714285,6,6,AGGATATGCAAATCTGAGTC,0,693382
cpxRp2,0.14285714285714285,6,6,AGGACCGGAAGACCTACTTG,0,638411
cpxRp2,0.14285714285714285,6,6,AGGACAGGTGTGACTCTAAA,0,689181
cpxRp2,0.14285714285714285,6,6,AGCTATCAGCTGGGACTTAA,0,693317
cpxRp2,0.14285714285714285,6,6,AGCGAGCAGAGGACACAATA,0,678373
cpxRp2,0.14285714285714285,6,6,AGCCTGTCGTTACATGCGTT,0,685749
cpxRp2,0.14285714285714285,6,6,AGCCTACCTGTAACAGCAGG,0,654994
cpxRp2,0.14285714285714285,6,6,AGCCGGCGTGTCTCGATAAG,0,669445
cpxRp2,0.14285714285714285,6,6,AGCAGGTAAGGTCACGCTCA,0,654962
cpxRp2,0.14285714285714285,6,6,AGCACGTTCCACGGCCGTTA,0,707016
cpxRp2,0.14285714285714285,6,6,AGCACGTAGCGAGCGACTAA,0,642341
cpxRp2,0.14285714285714285,6,6,AGCAAAAGGCCCTGATTATA,0,654124
cpxRp2,0.14285714285714285,6,6,AGATTATCGCACGCAATTTG,0,707847
cpxRp2,0.14285714285714285,6,6,AGAATGACCCTGAGAAGTCA,0,709330
cpxRp2,0.14285714285714285,6,6,AGAACCCCCCCCTATCGTCT,0,633915
cpxRp2,0.14285714285714285,6,6,AGAAATGGGTATTAGCGATC,0,664651
cpxRp2,0.14285714285714285,6,6,ACTCAGGTTGAAGAGAACGC,0,632792
cpxRp2,0.14285714285714285,6,6,ACTCAAAATAGGTAGTTGCT,0,702442
cpxRp2,0.14285714285714285,6,6,ACTACGGACCAGTTAGAGTC,0,657353
cpxRp2,0.14285714285714285,6,6,ACGTCCATTATTTCTCATGC,0,690872
cpxRp2,0.14285714285714285,6,6,ACGGGGCAGGACCACCGTGG,0,704017
cpxRp2,0.14285714285714285,6,6,ACGCGCACGGGCAATAGTTG,0,705037
cpxRp2,0.14285714285714285,6,6,ACCTTTAGGATCTTCAGAGT,0,647250
cpxRp2,0.14285714285714285,6,6,ACCTGAGCTGCTGCCTCGAG,0,671285
cpxRp2,0.14285714285714285,6,6,ACCGCCAGGTACAGGTCCGC,0,656682
cpxRp2,0.14285714285714285,6,6,ACCCTACCCAAATCTAAGAG,0,711339
cpxRp2,0.14285714285714285,6,6,ACCATGCCGATTCTTTCACT,0,629901
cpxRp2,0.14285714285714285,6,6,ACCAGCTTACTTGCTAATAC,0,692149
cpxRp2,0.14285714285714285,6,6,ACCAGCCAGCGTCCGCTAGT,0,671785
cpxRp2,0.14285714285714285,6,6,ACAGTTCCTCACGTCAACAT,0,660123
cpxRp2,0.14285714285714285,6,6,ACAGCACTTTGGATGAGGGG,0,630025
cpxRp2,0.14285714285714285,6,6,ACACTATGAAATAACGCGTC,0,683975
cpxRp2,0.14285714285714285,6,6,ACACGGGACGAGGGCTACAA,0,655698
cpxRp2,0.14285714285714285,6,6,ACACGGCTTGAAACTGTCAA,0,691337
cpxRp2,0.14285714285714285,6,6,ACACGATTAGTTGTGAGGTA,0,630797
cpxRp2,0.14285714285714285,6,6,ACACCATGACACGGCGGGTT,0,699688
cpxRp2,0.14285714285714285,6,6,AATTTCACGAGCTAAATGAT,0,694683
cpxRp2,0.14285714285714285,6,6,AATTCACATCTGCCTAATTT,0,629704
cpxRp2,0.14285714285714285,6,6,AATTATATTACGAGCCGCCA,0,707044
cpxRp2,0.14285714285714285,6,6,AATGACAGGATAGTTTATAT,0,684696
cpxRp2,0.14285714285714285,6,6,AATCGAAAGAGGTTCCTGCT,0,647683
cpxRp2,0.14285714285714285,6,6,AATCCCCGTCCGAGTGCGAT,0,659461
cpxRp2,0.14285714285714285,6,6,AATACAGTCTTCAGACTCGT,0,688444
cpxRp2,0.14285714285714285,6,6,AAGTACGGAAAAGATCAGGT,0,631503
cpxRp2,0.14285714285714285,6,6,AAGTAACAGTGGACGCACCG,0,658617
cpxRp2,0.14285714285714285,6,6,AAGCAAGCAGCTCACGATGT,0,634786
cpxRp2,0.14285714285714285,6,6,AAGATTGCCCCAGGAGAACC,0,707811
cpxRp2,0.14285714285714285,6,6,AACTTTGAAGTTCGGATGAT,0,710246
cpxRp2,0.14285714285714285,6,6,AACTGCTTGAAGTCGCACTC,0,652985
cpxRp2,0.14285714285714285,6,6,AACGGTTGAGTAATAAGAGG,0,699836
cpxRp2,0.14285714285714285,6,6,AACGGACCCTCACACTTCGA,0,696723
cpxRp2,0.14285714285714285,6,6,AACGCGAGTCTCATGGCGCG,0,641285
cpxRp2,0.14285714285714285,6,6,AACCGGGTCAGCAGACTGTA,0,705453
cpxRp2,0.14285714285714285,6,6,AACCAAAGTACGCTCGTGTG,0,695581
cpxRp2,0.14285714285714285,6,6,AACAATCCCGTCGCTGAAAG,0,687745
cpxRp2,0.14285714285714285,6,6,AAATTTCCACTCGGAGTTCA,0,635517
cpxRp2,0.14285714285714285,6,6,AAATTGTCGTGGTTATCGAT,0,648868
cpxRp2,0.14285714285714285,6,6,AAATTAAAGTGTGTCACACG,0,652263
cpxRp2,0.14285714285714285,6,6,AAAGCGATTATCGCGGATAA,0,629690
cpxRp2,0.14285714285714285,6,6,AAAGAGTTATCTTGCGCGCC,0,704837
cpxRp2,0.14285714285714285,6,6,AAACTAGGGAGAGCCGCCTC,0,698446
cpxRp2,0.14285714285714285,6,6,AAACGTTGATCCTTACTTCT,0,705740
cpxRp2,0.14285714285714285,6,6,AAACGCTTTGGCTTACTACA,0,635439
cpxRp2,0.14285714285714285,6,6,AAAAGGATATCAAGCGGCTC,0,708626
cpxRp2,0.14285714285714285,6,6,AAAAGATCAAGGTCGATCAT,0,657777
cpxRp2,0.14285714285714285,6,6,AAAAACACGTATATTAGGAG,0,693921
cpxRp2,0.16666666666666666,5,5,TTTGTGGGCTATGTTTCAGA,0,676602
cpxRp2,0.16666666666666666,5,5,TTTAACGCTGTTTGGATAGG,0,649162
cpxRp2,0.16666666666666666,5,5,TTTAAAAAAAACACTATCAA,0,656398
cpxRp2,0.16666666666666666,5,5,TTGTGCTCTCTGCTTACTGC,0,710954
cpxRp2,0.16666666666666666,5,5,TTGTGAATAGCTTGTGGATC,0,661209
cpxRp2,0.16666666666666666,5,5,TTGTCCTCTGACTCGAATGT,0,638100
cpxRp2,0.16666666666666666,5,5,TTGGGGGTGGGCAAGTTCGG,0,690952
cpxRp2,0.16666666666666666,5,5,TTGGCATAGAACATTAGTGA,0,675111
cpxRp2,0.16666666666666666,5,5,TTGGAACTATCGGACTAAGC,0,653308
cpxRp2,0.16666666666666666,5,5,TTGCTTACTGTCCAGCGAAC,0,645636
cpxRp2,0.16666666666666666,5,5,TTGCCGGGCCGCGACTTTCA,0,650162
cpxRp2,0.16666666666666666,5,5,TTGCACTCCAATTTGCACTA,0,676381
cpxRp2,0.16666666666666666,5,5,TTCTTTGGCCCCGTATAGAT,0,665854
cpxRp2,0.16666666666666666,5,5,TTCCATTTCCACCATATCTC,0,667180
cpxRp2,0.16666666666666666,5,5,TTCCAGAGCAAGTAGTTCTT,0,662047
cpxRp2,0.16666666666666666,5,5,TTCATACGTGACATTCCTGC,0,704291
cpxRp2,0.16666666666666666,5,5,TTCACTCACTCGGCTAGACA,0,705528
cpxRp2,0.16666666666666666,5,5,TTATTGGGGCTTGGTCATAG,0,640818
cpxRp2,0.16666666666666666,5,5,TTATGTCCAGGATGATGTTA,0,705327
cpxRp2,0.16666666666666666,5,5,TTATGCACTGGGCCTTACTA,0,700099
cpxRp2,0.16666666666666666,5,5,TTATAATATGTATACCAGCG,0,677784
cpxRp2,0.16666666666666666,5,5,TTAGTGATCTAGTCCTCTTA,0,645861
cpxRp2,0.16666666666666666,5,5,TTAGGGAGGGCTGAAGGTGG,0,661383
cpxRp2,0.16666666666666666,5,5,TTAGGAGCAGAGTGCAGTAA,0,650720
cpxRp2,0.16666666666666666,5,5,TTACTTGCATTTGGCCGGTA,0,648651
cpxRp2,0.16666666666666666,5,5,TTACACTTCAGATCATCGCA,0,647728
cpxRp2,0.16666666666666666,5,5,TTAAGCAGTCAACGAATAAC,0,633143
cpxRp2,0.16666666666666666,5,5,TGTTTTCCGATGTGACCCCC,0,676305
cpxRp2,0.16666666666666666,5,5,TGTTCATCAGAGGTCATTGT,0,666690
cpxRp2,0.16666666666666666,5,5,TGTGGTGGCCAATTCAAGCA,0,707068
cpxRp2,0.16666666666666666,5,5,TGTCTCAGGCAGGGATAAAC,0,631149
cpxRp2,0.16666666666666666,5,5,TGTCTATTTTTCCGATTACG,0,669998
cpxRp2,0.16666666666666666,5,5,TGTAGCACTATGCTAACCAT,0,657071
cpxRp2,0.16666666666666666,5,5,TGTAAGCCGTGGGTGGCCAC,0,645978
cpxRp2,0.16666666666666666,5,5,TGTAAGCATACGAGGCCGGG,0,695536
cpxRp2,0.16666666666666666,5,5,TGGTGATTTGAGGATGCTTA,0,696461
cpxRp2,0.16666666666666666,5,5,TGGGTCTTTGCTCCGTAGTT,0,692618
cpxRp2,0.16666666666666666,5,5,TGGGATCTCTCTATAGTATT,0,657992
cpxRp2,0.16666666666666666,5,5,TGGGACTACGGCTCCCCAGC,0,638568
cpxRp2,0.16666666666666666,5,5,TGGCGGGGTCGTATTATTCC,0,692362
cpxRp2,0.16666666666666666,5,5,TGGCGGGGGCCATGTTCTGG,0,683492
cpxRp2,0.16666666666666666,5,5,TGGCAAGTGATCCGGACCAA,0,683345
cpxRp2,0.16666666666666666,5,5,TGGACTGATTAGCGTTACTG,0,649031
cpxRp2,0.16666666666666666,5,5,TGGACGATGACATTTCACTG,0,692193
cpxRp2,0.16666666666666666,5,5,TGGAAACCTACCGCTATGCT,0,665862
cpxRp2,0.16666666666666666,5,5,TGCTTTTAGCCGGTACTCCA,0,649034
cpxRp2,0.16666666666666666,5,5,TGCTCTGGTGAAGGTCCACC,0,685722
cpxRp2,0.16666666666666666,5,5,TGCTATGTCTCCCGGAAAGC,0,696358
cpxRp2,0.16666666666666666,5,5,TGCCCAAAAGTCACTAGCGG,0,664400
cpxRp2,0.16666666666666666,5,5,TGAGGACCAAACTGTTCCGT,0,657229
cpxRp2,0.16666666666666666,5,5,TGAGGAACTCTCCCGTTTAA,0,649786
cpxRp2,0.16666666666666666,5,5,TGAGCATGGCATCAATGCAA,0,641566
cpxRp2,0.16666666666666666,5,5,TGACTAGGACCGACTTGATG,0,641462
cpxRp2,0.16666666666666666,5,5,TGACGGCTCCCTTTTCAGAA,0,663731
cpxRp2,0.16666666666666666,5,5,TGACCCGGGCGCTGCAAGGA,0,647253
cpxRp2,0.16666666666666666,5,5,TGACAATACGGATAACTAGA,0,653223
cpxRp2,0.16666666666666666,5,5,TGAATTGCTTGTCAAAACAC,0,688699
cpxRp2,0.16666666666666666,5,5,TGAAATTTCTTTTCCTCAGA,0,680516
cpxRp2,0.16666666666666666,5,5,TCTTTTATCGTGGCGCATCG,0,689763
cpxRp2,0.16666666666666666,5,5,TCTTCGCATTCTGATCAGAA,0,632540
cpxRp2,0.16666666666666666,5,5,TCTGTGTTTGTGTGGGCAGA,0,679755
cpxRp2,0.16666666666666666,5,5,TCTGTCAACTAAACCCATAT,0,659423
cpxRp2,0.16666666666666666,5,5,TCTGCCTAACTAAGGGGGAC,0,705046
cpxRp2,0.16666666666666666,5,5,TCTCGATTCGTAGGCATGTG,0,705377
cpxRp2,0.16666666666666666,5,5,TCTAGGTGAAAACTGACAAC,0,709054
cpxRp2,0.16666666666666666,5,5,TCGTTGGGAAGTTAGCACAA,0,711647
cpxRp2,0.16666666666666666,5,5,TCGGTCCTATCAGGTGTTCT,0,657048
cpxRp2,0.16666666666666666,5,5,TCGGGGGGAAAATTTAGTTT,0,637632
cpxRp2,0.16666666666666666,5,5,TCGGACTCAAACTGTGAAAT,0,694639
cpxRp2,0.16666666666666666,5,5,TCGATGATAAACAGGATTAA,0,642809
cpxRp2,0.16666666666666666,5,5,TCCTGGAAGTTCCTATCATG,0,655666
cpxRp2,0.16666666666666666,5,5,TCCTGCTAGATCCCCCTATA,0,657691
cpxRp2,0.16666666666666666,5,5,TCCTCTGGAATTATGAGGTA,0,630407
cpxRp2,0.16666666666666666,5,5,TCCTCCGTCGTACCATTGGT,0,653666
cpxRp2,0.16666666666666666,5,5,TCCGGCCAGATGCGTGATGG,0,671381
cpxRp2,0.16666666666666666,5,5,TCCGCTGTGGTCATGTGGGG,0,680357
cpxRp2,0.16666666666666666,5,5,TCCGCTAGAGTAGGTGACAA,0,705428
cpxRp2,0.16666666666666666,5,5,TCCGAAAAGTGTAGGGTGCA,0,638440
cpxRp2,0.16666666666666666,5,5,TCCCCTTTGAACGGCAGCCC,0,698242
cpxRp2,0.16666666666666666,5,5,TCCATGTTGGCCAAGATTTA,0,654394
cpxRp2,0.16666666666666666,5,5,TCCACGTGGTAGTAATCCAG,0,672385
cpxRp2,0.16666666666666666,5,5,TCCACCATCAAGTATATTGG,0,638337
cpxRp2,0.16666666666666666,5,5,TCAGTGTGGTTACGGCGGGA,0,707660
cpxRp2,0.16666666666666666,5,5,TCAGGTTTACTCCCTCGGAT,0,677388
cpxRp2,0.16666666666666666,5,5,TCAGGCTGCAGGTAGTGTGG,0,685866
cpxRp2,0.16666666666666666,5,5,TCAGATATACGCCATGCGTC,0,677895
cpxRp2,0.16666666666666666,5,5,TCAGAATCATAGCGCTATAA,0,691408
cpxRp2,0.16666666666666666,5,5,TCACAGCAGAATAGTAATCT,0,678973
cpxRp2,0.16666666666666666,5,5,TCAAGTCTGGGGGCCTAAGA,0,631536
cpxRp2,0.16666666666666666,5,5,TATTGACTGGTACCCAAGTG,0,677021
cpxRp2,0.16666666666666666,5,5,TATTAAACCCCGTACCTCTA,0,636321
cpxRp2,0.16666666666666666,5,5,TATGGACTAATCGAGGCCCA,0,711163
cpxRp2,0.16666666666666666,5,5,TATGAGAGTTCCAGCCCACA,0,706366
cpxRp2,0.16666666666666666,5,5,TATGAGAACGAACAGTTCCT,0,672080
cpxRp2,0.16666666666666666,5,5,TATGACCGAACAATGCCCGC,0,632503
cpxRp2,0.16666666666666666,5,5,TATCTGCGGTAAGAGCCCCA,0,707123
cpxRp2,0.16666666666666666,5,5,TATAGTTTAGATCACGGTGT,0,637395
cpxRp2,0.16666666666666666,5,5,TATACGCCGTTCATGGGTGC,0,639108
cpxRp2,0.16666666666666666,5,5,TATAATTTCGTTCTTTCCCA,0,677024
cpxRp2,0.16666666666666666,5,5,TATAAAGAGGCCGTGTTCTG,0,659723
cpxRp2,0.16666666666666666,5,5,TAGTAGCGGCTTGGTCGACG,0,655958
cpxRp2,0.16666666666666666,5,5,TAGCTGGATAGCATTACGTC,0,669882
cpxRp2,0.16666666666666666,5,5,TAGCTCGGAAGTGCACAACC,0,631811
cpxRp2,0.16666666666666666,5,5,TAGCTCAATTGCTTACCTTC,0,634380
cpxRp2,0.16666666666666666,5,5,TAGCGCTATGGCTCGGATAG,0,672315
cpxRp2,0.16666666666666666,5,5,TAGATGGTGGCTACCAATTG,0,634291
cpxRp2,0.16666666666666666,5,5,TAGACCACCGGGGAACATAC,0,708416
cpxRp2,0.16666666666666666,5,5,TACTGGAGCGTCATCGGGGG,0,638231
cpxRp2,0.16666666666666666,5,5,TACGTAAAATATGTGATACA,0,675297
cpxRp2,0.16666666666666666,5,5,TACGGTTAGGTAGATTCTTA,0,672313
cpxRp2,0.16666666666666666,5,5,TACGCCAAATGGTACGCTTA,0,694753
cpxRp2,0.16666666666666666,5,5,TACCGGTCTCAGAAAAAAGT,0,693242
cpxRp2,0.16666666666666666,5,5,TACCACATGTGCTGAGATTG,0,656224
cpxRp2,0.16666666666666666,5,5,TAACGAGGCGGACAGCGCAT,0,654564
cpxRp2,0.16666666666666666,5,5,TAACCCGAGCACTGAATGAT,0,667605
cpxRp2,0.16666666666666666,5,5,TAAAGAAGATTTCATATCGA,0,677873
cpxRp2,0.16666666666666666,5,5,TAAAATTACTTCTGACAATT,0,696487
cpxRp2,0.16666666666666666,5,5,GTTGTTCTGATTCCTAGTGA,0,670606
cpxRp2,0.16666666666666666,5,5,GTTGGACCGCATAGTTTATA,0,651911
cpxRp2,0.16666666666666666,5,5,GTTGAGGATGGTCCTTACGA,0,643812
cpxRp2,0.16666666666666666,5,5,GTTCTTTTCCATAGAATGAA,0,671357
cpxRp2,0.16666666666666666,5,5,GTTCTGACGTACCAGGTAGC,0,683385
cpxRp2,0.16666666666666666,5,5,GTTCGGCGGCGCAAACCGGA,0,631093
cpxRp2,0.16666666666666666,5,5,GTTCCAATGAGAACTTCGCT,0,657413
cpxRp2,0.16666666666666666,5,5,GTTAATGCGACCCAGCTGTG,0,642841
cpxRp2,0.16666666666666666,5,5,GTGTGGGGGGGAGCGTCGAG,0,688256
cpxRp2,0.16666666666666666,5,5,GTGGAATTTCAAGTGTGCGG,0,711177
cpxRp2,0.16666666666666666,5,5,GTGCTTAACTCACCTGTGGA,0,633545
cpxRp2,0.16666666666666666,5,5,GTGCTCATTTTCGGCCGGAT,0,679227
cpxRp2,0.16666666666666666,5,5,GTGAGGGCCTCCAAGCCGCA,0,631215
cpxRp2,0.16666666666666666,5,5,GTGAGCGCAGCGCCCTAGAA,0,705005
cpxRp2,0.16666666666666666,5,5,GTCTCCGATCACTCGCGAGT,0,657893
cpxRp2,0.16666666666666666,5,5,GTCGTGACCGTGCGGGGGGT,0,687339
cpxRp2,0.16666666666666666,5,5,GTCGTCTGAGCACCCATAGG,0,646119
cpxRp2,0.16666666666666666,5,5,GTCGGAGTGCTTCGTGTCAA,0,707483
cpxRp2,0.16666666666666666,5,5,GTCCTCATCTTCTTCTTCTG,0,688087
cpxRp2,0.16666666666666666,5,5,GTCCGAAAGAGTTGTATCTG,0,697924
cpxRp2,0.16666666666666666,5,5,GTCCAGCAGAGCGCATTGTA,0,681673
cpxRp2,0.16666666666666666,5,5,GTCATGCGCTCCTTTCGTGC,0,664114
cpxRp2,0.16666666666666666,5,5,GTCAGTCAATGGAATTTACC,0,639932
cpxRp2,0.16666666666666666,5,5,GTCACCCGGGTGTCTACTGC,0,677609
cpxRp2,0.16666666666666666,5,5,GTCAAACTTCGCTAGCAAAA,0,684587
cpxRp2,0.16666666666666666,5,5,GTATGCATACATACGACTAA,0,638094
cpxRp2,0.16666666666666666,5,5,GTATGCACGCTCCTCGGGAT,0,701981
cpxRp2,0.16666666666666666,5,5,GTACGGCCAATGGAGAATGA,0,702641
cpxRp2,0.16666666666666666,5,5,GTACGCATCACCAATCATGT,0,679686
cpxRp2,0.16666666666666666,5,5,GTACCACCCTGGTGATAGGG,0,700647
cpxRp2,0.16666666666666666,5,5,GGTTTCATGCAATGCGACGC,0,701391
cpxRp2,0.16666666666666666,5,5,GGTTGTTCCAGAAGTTTAAA,0,693783
cpxRp2,0.16666666666666666,5,5,GGTTGAGGTTGTTTTCAAGA,0,701978
cpxRp2,0.16666666666666666,5,5,GGTTAAGCAGGAGGTATATT,0,689050
cpxRp2,0.16666666666666666,5,5,GGTGTTTGTACCCGAGCCAC,0,635233
cpxRp2,0.16666666666666666,5,5,GGTGCGAGTGGCACGAAATA,0,670757
cpxRp2,0.16666666666666666,5,5,GGTCGAAGGTTGGATCAATC,0,688850
cpxRp2,0.16666666666666666,5,5,GGTCCCCTCATTAGGTCTCC,0,710204
cpxRp2,0.16666666666666666,5,5,GGTATTAACCGATGGTACGG,0,698465
cpxRp2,0.16666666666666666,5,5,GGTAGCGTGCCGCGGGAGCT,0,635637
cpxRp2,0.16666666666666666,5,5,GGTAAGGTCTACCTTGTGTT,0,692448
cpxRp2,0.16666666666666666,5,5,GGGTTGCGATGTGTATCTCC,0,689562
cpxRp2,0.16666666666666666,5,5,GGGTGCAAGATTCACTCTCA,0,642679
cpxRp2,0.16666666666666666,5,5,GGGGTTATCGCGTATTTTCC,0,666974
cpxRp2,0.16666666666666666,5,5,GGGGTGCGCGCGGCGGACTA,0,672765
cpxRp2,0.16666666666666666,5,5,GGGGACTAACGACCTAAACG,0,687866
cpxRp2,0.16666666666666666,5,5,GGGCGAAGAGGATTGTAGAT,0,638111
cpxRp2,0.16666666666666666,5,5,GGGAGCTGTTCCAAGAGGGC,0,673780
cpxRp2,0.16666666666666666,5,5,GGCTTACTTCGGTTTGAATT,0,653047
cpxRp2,0.16666666666666666,5,5,GGCTGAATCGTTCTGATCCC,0,681777
cpxRp2,0.16666666666666666,5,5,GGCTCGAACAGAGCAAAAAC,0,694117
cpxRp2,0.16666666666666666,5,5,GGCGGAGGACGTAACTTCGG,0,633361
cpxRp2,0.16666666666666666,5,5,GGCGCTGTCTGATTCATAAG,0,650067
cpxRp2,0.16666666666666666,5,5,GGCGCCGGGGAGTCAACATT,0,666855
cpxRp2,0.16666666666666666,5,5,GGCGCCCAGTTCATTATGGT,0,655372
cpxRp2,0.16666666666666666,5,5,GGCCTGTGAAGCGAGCTGTA,0,652056
cpxRp2,0.16666666666666666,5,5,GGCCCGGGTGAAAAGCTGTT,0,673907
cpxRp2,0.16666666666666666,5,5,GGCCACTATCGCTCGTCTTG,0,695659
cpxRp2,0.16666666666666666,5,5,GGATTGACTTTTGCATGCTC,0,684322
cpxRp2,0.16666666666666666,5,5,GGATGTAAGAACCTTGGATG,0,692668
cpxRp2,0.16666666666666666,5,5,GGATCGTTGTAGCTTGACGA,0,679482
cpxRp2,0.16666666666666666,5,5,GGATAGTCAGCACGAGGGTC,0,654503
cpxRp2,0.16666666666666666,5,5,GGAGGCGGCTGGCCCGTACC,0,707145
cpxRp2,0.16666666666666666,5,5,GGAGCTTCTGAATCTATGGT,0,654373
cpxRp2,0.16666666666666666,5,5,GGACATCAGATCGGTATGAC,0,709870
cpxRp2,0.16666666666666666,5,5,GGAAGTACTGTTGGGCACGA,0,709805
cpxRp2,0.16666666666666666,5,5,GGAAGCGAGATCTGCCGTTA,0,660665
cpxRp2,0.16666666666666666,5,5,GGAAAATAAGCATCCCTGCA,0,641344
cpxRp2,0.16666666666666666,5,5,GCTTTTGCACATTAGAGACG,0,642391
cpxRp2,0.16666666666666666,5,5,GCTTCTAGGTCCCGAAACGG,0,629987
cpxRp2,0.16666666666666666,5,5,GCTTCAGATGTGAAGGTTCC,0,689989
cpxRp2,0.16666666666666666,5,5,GCTGTTTGTACCACGCGTGG,0,677779
cpxRp2,0.16666666666666666,5,5,GCTGTGGGTCGTAGTAGAAG,0,666038
cpxRp2,0.16666666666666666,5,5,GCTGTGAGGAAATTTGGGCA,0,668873
cpxRp2,0.16666666666666666,5,5,GCTGATAACGGCACCGGGTA,0,641198
cpxRp2,0.16666666666666666,5,5,GCTGAAGCCAATCACGGTCT,0,637427
cpxRp2,0.16666666666666666,5,5,GCTAAGGGTGTTAGCTGTGG,0,661182
cpxRp2,0.16666666666666666,5,5,GCTAAGACATCCGCTGTGGA,0,646267
cpxRp2,0.16666666666666666,5,5,GCGTTCTTTACCATGTTATT,0,641623
cpxRp2,0.16666666666666666,5,5,GCGTTACGCCGTAGGGTCGT,0,685957
cpxRp2,0.16666666666666666,5,5,GCGTGGTAAGGCGCTGCGTC,0,636583
cpxRp2,0.16666666666666666,5,5,GCGTCCAAGGTATAGACTAT,0,679747
cpxRp2,0.16666666666666666,5,5,GCGTAAGGAATGGCGAAAGA,0,700847
cpxRp2,0.16666666666666666,5,5,GCGGGCCGTCAACCAAGGGT,0,706941
cpxRp2,0.16666666666666666,5,5,GCGCTCCGGCTTCTCCCATT,0,687931
cpxRp2,0.16666666666666666,5,5,GCGCGTGCCATACTGGTCAC,0,633450
cpxRp2,0.16666666666666666,5,5,GCGCCCTGGCTCCTTTTGGG,0,673533
cpxRp2,0.16666666666666666,5,5,GCCTTTTGGGGACGACTGGT,0,644992
cpxRp2,0.16666666666666666,5,5,GCCTGGGAGTAAGTCTATTT,0,651643
cpxRp2,0.16666666666666666,5,5,GCCGGTCAGTTGTCATATAT,0,641144
cpxRp2,0.16666666666666666,5,5,GCCGGGCGTTTTCACCAGCC,0,666438
cpxRp2,0.16666666666666666,5,5,GCCGCTATCTCGGAAGTTCG,0,681053
cpxRp2,0.16666666666666666,5,5,GCCGCAGTGATCTACACCAC,0,656762
cpxRp2,0.16666666666666666,5,5,GCCCCCCGCACAATCGAAAA,0,672667
cpxRp2,0.16666666666666666,5,5,GCCCCATCATATATTTACGA,0,641212
cpxRp2,0.16666666666666666,5,5,GCATACTGCTAACCCCCGTC,0,674210
cpxRp2,0.16666666666666666,5,5,GCAGGACCCGCGGCATGACC,0,671479
cpxRp2,0.16666666666666666,5,5,GCACGATATACGGGTCGGCA,0,704630
cpxRp2,0.16666666666666666,5,5,GCAACGAGACTATAGAAAGT,0,631251
cpxRp2,0.16666666666666666,5,5,GATTTTAACGAGTGTACCTA,0,675826
cpxRp2,0.16666666666666666,5,5,GATTCGGATCGTTAAATTTA,0,703929
cpxRp2,0.16666666666666666,5,5,GATTAGTATGATACACCGGT,0,663446
cpxRp2,0.16666666666666666,5,5,GATTAGCCGCTGATTGCCAT,0,634005
cpxRp2,0.16666666666666666,5,5,GATGGTCCGGGTGAGATTAT,0,637633
cpxRp2,0.16666666666666666,5,5,GATGATTGCCCTGTTTTGAG,0,688937
cpxRp2,0.16666666666666666,5,5,GATCAAACACCAGGAGATGA,0,698089
cpxRp2,0.16666666666666666,5,5,GATAGCAAATACACATGAGG,0,706295
cpxRp2,0.16666666666666666,5,5,GAGTCTGCATTTCGAGCGAA,0,668197
cpxRp2,0.16666666666666666,5,5,GAGTACGGTGCTTTTGTCAT,0,684866
cpxRp2,0.16666666666666666,5,5,GAGTACCGCGGTAAGGATGG,0,653314
cpxRp2,0.16666666666666666,5,5,GAGGTTCCGCACATTTCGCA,0,660100
cpxRp2,0.16666666666666666,5,5,GAGGCTAGCGCCGGGGTATA,0,706049
cpxRp2,0.16666666666666666,5,5,GAGGCGGATAGGTGAACACC,0,699404
cpxRp2,0.16666666666666666,5,5,GAGCTTGGATTTCGACTTCT,0,694626
cpxRp2,0.16666666666666666,5,5,GACGTATCTATTATGCAAAC,0,691375
cpxRp2,0.16666666666666666,5,5,GACCCGCGTGCTACATGCGA,0,649140
cpxRp2,0.16666666666666666,5,5,GACCACAGCCCGCTCGTCCA,0,644912
cpxRp2,0.16666666666666666,5,5,GACCAAGCCTCACAGCGATC,0,654078
cpxRp2,0.16666666666666666,5,5,GACATCAGGAGTGGGCTACT,0,630403
cpxRp2,0.16666666666666666,5,5,GAATAAAGATCCGTGTCCTC,0,711115
cpxRp2,0.16666666666666666,5,5,GAAGTCACAGTTTGCTTCAA,0,650238
cpxRp2,0.16666666666666666,5,5,GAACCTGTCTCGTGCCCAAT,0,683530
cpxRp2,0.16666666666666666,5,5,GAACCACAGTGGGGCGCTTG,0,710991
cpxRp2,0.16666666666666666,5,5,GAACACGAACGTGTCCCCGG,0,678603
cpxRp2,0.16666666666666666,5,5,CTTTCTCCTTCGATAACAAC,0,679093
cpxRp2,0.16666666666666666,5,5,CTTTCATGCTTTTTAAGCGA,0,684295
cpxRp2,0.16666666666666666,5,5,CTTTATACAAATCGTCAACA,0,635701
cpxRp2,0.16666666666666666,5,5,CTTTAGCATTAACTTAAGGA,0,679379
cpxRp2,0.16666666666666666,5,5,CTTGTTAACAATGCTTGTGT,0,655275
cpxRp2,0.16666666666666666,5,5,CTTGGTTGCGCAAGTTTGGG,0,684973
cpxRp2,0.16666666666666666,5,5,CTTGGCCAGGCCTTAGCGAC,0,631411
cpxRp2,0.16666666666666666,5,5,CTTGCAACGTGAGCTGTCAT,0,706739
cpxRp2,0.16666666666666666,5,5,CTTCATTGGGTGCGAATGCG,0,684118
cpxRp2,0.16666666666666666,5,5,CTTCAAGCGCATCCCCGGCT,0,629734
cpxRp2,0.16666666666666666,5,5,CTTAGAGCGGTAGCAAGTTA,0,630735
cpxRp2,0.16666666666666666,5,5,CTTACCGACATGTCTGCAAA,0,673573
cpxRp2,0.16666666666666666,5,5,CTTACCCTTCCTACCGGGTA,0,710364
cpxRp2,0.16666666666666666,5,5,CTGTGGGCCATCCTATCACC,0,688536
cpxRp2,0.16666666666666666,5,5,CTGTAGTGGCGACTGGATAC,0,668905
cpxRp2,0.16666666666666666,5,5,CTGGTCGTTTCACAGCGTAG,0,705499
cpxRp2,0.16666666666666666,5,5,CTGCTCTAAAGGGTACTTGG,0,651393
cpxRp2,0.16666666666666666,5,5,CTGCCCAGAGAGTCACGAGT,0,662884
cpxRp2,0.16666666666666666,5,5,CTGCCACTAATCGATCGTCC,0,694837
cpxRp2,0.16666666666666666,5,5,CTCTTGTAACTAGGTCAGTT,0,683117
cpxRp2,0.16666666666666666,5,5,CTCTGGTGGGCCTTTAGTTA,0,698379
cpxRp2,0.16666666666666666,5,5,CTCTAACGAGAGGCCTCACT,0,698067
cpxRp2,0.16666666666666666,5,5,CTCGGGACCGGTTCTCGCTC,0,643790
cpxRp2,0.16666666666666666,5,5,CTCCACGTTTTAATCAGCAG,0,702262
cpxRp2,0.16666666666666666,5,5,CTCACGTTGGACGGACGACG,0,669729
cpxRp2,0.16666666666666666,5,5,CTCACGGTGTAGGGAGATGA,0,688324
cpxRp2,0.16666666666666666,5,5,CTATTAGCAAGTGGTAAGCA,0,637758
cpxRp2,0.16666666666666666,5,5,CTATGCTCCCTAATATCATG,0,646459
cpxRp2,0.16666666666666666,5,5,CTAGTCGTGATCGGGTATGA,0,707163
cpxRp2,0.16666666666666666,5,5,CTAGGGTAAATGGACCATTC,0,656931
cpxRp2,0.16666666666666666,5,5,CTACGACGGCGACTAGATGA,0,643154
cpxRp2,0.16666666666666666,5,5,CTACACAACCTTTGTTGGTA,0,659713
cpxRp2,0.16666666666666666,5,5,CTACAAGGCCTACTTTCAGC,0,698872
cpxRp2,0.16666666666666666,5,5,CTAATGCACTTGCGCATATG,0,657216
cpxRp2,0.16666666666666666,5,5,CTAAGCGCACGGCTGATCTT,0,636405
cpxRp2,0.16666666666666666,5,5,CGTGGTACCCTCTTTGACAA,0,700486
cpxRp2,0.16666666666666666,5,5,CGTCTATAGCTATGTACGAT,0,670788
cpxRp2,0.16666666666666666,5,5,CGTCGCCCAATCGATGAATA,0,651384
cpxRp2,0.16666666666666666,5,5,CGTATGTGAAACCCCTTAAT,0,694224
cpxRp2,0.16666666666666666,5,5,CGTAGGTAACCGCGCTATCG,0,631650
cpxRp2,0.16666666666666666,5,5,CGGTCTGGGGGGACGCCCGT,0,669534
cpxRp2,0.16666666666666666,5,5,CGGTATTTTCTTCTAACGGA,0,694680
cpxRp2,0.16666666666666666,5,5,CGGGTGGCTGTCATAGGATT,0,681872
cpxRp2,0.16666666666666666,5,5,CGGGGGCACTCCTCGACGGC,0,657076
cpxRp2,0.16666666666666666,5,5,CGGGCAACTATAATAGACGT,0,654027
cpxRp2,0.16666666666666666,5,5,CGGCTGACTAGCCACAGGTC,0,652060
cpxRp2,0.16666666666666666,5,5,CGGCGGGGTTCGAAGGGACA,0,677707
cpxRp2,0.16666666666666666,5,5,CGGCCTCACCAGACAAAGGA,0,681980
cpxRp2,0.16666666666666666,5,5,CGGCCAAGGAAGCCCCGTTC,0,671295
cpxRp2,0.16666666666666666,5,5,CGGCATACTACCCTTGCGAG,0,645168
cpxRp2,0.16666666666666666,5,5,CGGACGCGTCGATAGGTAGT,0,665364
cpxRp2,0.16666666666666666,5,5,CGGAAGTTCAATAACGTCAA,0,707243
cpxRp2,0.16666666666666666,5,5,CGCTGGTAGGACAACATTTC,0,670260
cpxRp2,0.16666666666666666,5,5,CGCTGAGATACCGTGGGAGA,0,677813
cpxRp2,0.16666666666666666,5,5,CGCCTGATCAAGGCCGACCT,0,692015
cpxRp2,0.16666666666666666,5,5,CGCCGCAAGTCATTATTTGG,0,663738
cpxRp2,0.16666666666666666,5,5,CGCCAGCATAAAAAATTCAG,0,682852
cpxRp2,0.16666666666666666,5,5,CGCATGTCACAGTAGGGGTA,0,657694
cpxRp2,0.16666666666666666,5,5,CGCAGTCCAAACTTACCGAA,0,687534
cpxRp2,0.16666666666666666,5,5,CGCACTCCTCATGACACGGT,0,640760
cpxRp2,0.16666666666666666,5,5,CGCAACCCGGACTTCCGAAA,0,675018
cpxRp2,0.16666666666666666,5,5,CGATTTTCACACTACGTCGT,0,652159
cpxRp2,0.16666666666666666,5,5,CGATAAGGGGCCTGGTGAGT,0,634191
cpxRp2,0.16666666666666666,5,5,CGAGTACAGATGTTGCAATG,0,664840
cpxRp2,0.16666666666666666,5,5,CGAGGCGTCGGAAATAAATC,0,647469
cpxRp2,0.16666666666666666,5,5,CGAGAGTGCCCCCTTAAAAT,0,709902
cpxRp2,0.16666666666666666,5,5,CGAAGGGAGAGGAGGGGAGA,0,670386
cpxRp2,0.16666666666666666,5,5,CGAAGCATGCTCAACTCCCA,0,709174
cpxRp2,0.16666666666666666,5,5,CCTTGGAATGGCTTTGAGAT,0,687176
cpxRp2,0.16666666666666666,5,5,CCTTCATGTCTATATGTAGT,0,672317
cpxRp2,0.16666666666666666,5,5,CCTTAAAGATCCGTAGGTGA,0,685256
cpxRp2,0.16666666666666666,5,5,CCTGTTGGTAAAAACCTATT,0,682942
cpxRp2,0.16666666666666666,5,5,CCTGTCGAAAGACATAATAG,0,672679
cpxRp2,0.16666666666666666,5,5,CCTGACGTCCGAGTTAACAA,0,704071
cpxRp2,0.16666666666666666,5,5,CCTCTTACCTGGGTAACAAA,0,694572
cpxRp2,0.16666666666666666,5,5,CCTCAGTAACAACGCAGAAC,0,687249
cpxRp2,0.16666666666666666,5,5,CCTACGGGAAGATGGCTTGA,0,667877
cpxRp2,0.16666666666666666,5,5,CCTAATACTGCCGTCTCATC,0,710111
cpxRp2,0.16666666666666666,5,5,CCGTGTATGTGCCGTATAGC,0,667868
cpxRp2,0.16666666666666666,5,5,CCGTGCGCATGATAAAGGGC,0,650082
cpxRp2,0.16666666666666666,5,5,CCGTCTGGGCGGCTTCCACC,0,690784
cpxRp2,0.16666666666666666,5,5,CCGGTTTGTGACAAATCGGC,0,655795
cpxRp2,0.16666666666666666,5,5,CCGGCACCGTCATTGCCTGG,0,694827
cpxRp2,0.16666666666666666,5,5,CCGCTTACCTGTACCGCTCG,0,657411
cpxRp2,0.16666666666666666,5,5,CCGCCTTCTTGAACGGATAC,0,703386
cpxRp2,0.16666666666666666,5,5,CCGCATGTATTTCGTTCAAA,0,687257
cpxRp2,0.16666666666666666,5,5,CCGCAGGGGCCTTTGAACGC,0,707310
cpxRp2,0.16666666666666666,5,5,CCCTGTCGTAGCTTTGACTC,0,649291
cpxRp2,0.16666666666666666,5,5,CCCTGCCCCGATCCGAGTTT,0,674991
cpxRp2,0.16666666666666666,5,5,CCCTGACTATAGACAGTGAC,0,635689
cpxRp2,0.16666666666666666,5,5,CCCTGAACGTCGCGCCCATG,0,708807
cpxRp2,0.16666666666666666,5,5,CCCGGTTGGGTAATTAGTAA,0,635087
cpxRp2,0.16666666666666666,5,5,CCCGAGCAACCCATTTTGCC,0,639765
cpxRp2,0.16666666666666666,5,5,CCCCCGCGGCCCTATGAATA,0,708221
cpxRp2,0.16666666666666666,5,5,CCCCCCGAGGTCGTTTTGCG,0,633206
cpxRp2,0.16666666666666666,5,5,CCCCACCTCGGTGGATTCGT,0,650087
cpxRp2,0.16666666666666666,5,5,CCCAGCTGTTTTAGGTCGCA,0,677716
cpxRp2,0.16666666666666666,5,5,CCATGCTACGGTGTTTGTTG,0,673905
cpxRp2,0.16666666666666666,5,5,CCATCAGAGGCTTCAAAGCG,0,670451
cpxRp2,0.16666666666666666,5,5,CCAGCCTTCAGCGCTTTGAG,0,696965
cpxRp2,0.16666666666666666,5,5,CCAGATTCCGGATCAGGTTT,0,666676
cpxRp2,0.16666666666666666,5,5,CCAGAAATGTTCTCAAACCG,0,643374
cpxRp2,0.16666666666666666,5,5,CCAATACCCGTTCCGTCCTG,0,672251
cpxRp2,0.16666666666666666,5,5,CATGTTCTGACCCAGGTTTG,0,672502
cpxRp2,0.16666666666666666,5,5,CATGGAAGCGCGAGAAATTT,0,639033
cpxRp2,0.16666666666666666,5,5,CATGAGGCCCGCCATTGCAA,0,705014
cpxRp2,0.16666666666666666,5,5,CATCTAGTTCCTCAAGCTTA,0,710797
cpxRp2,0.16666666666666666,5,5,CATCCAGGTGAACGCTTTTC,0,663996
cpxRp2,0.16666666666666666,5,5,CATCAGTTTAGGGGACAGGT,0,690687
cpxRp2,0.16666666666666666,5,5,CATCACATAGCCTACTCAGC,0,668370
cpxRp2,0.16666666666666666,5,5,CATATCTTTGAAGCCCGTGA,0,685650
cpxRp2,0.16666666666666666,5,5,CATATAGAAGCGAAGGTGAC,0,704446
cpxRp2,0.16666666666666666,5,5,CATAATTTCTAGCCGACGGC,0,651671
cpxRp2,0.16666666666666666,5,5,CATAAACGCGCGGGCACATA,0,671011
cpxRp2,0.16666666666666666,5,5,CAGGTAGATTGAGGCGCGGA,0,711430
cpxRp2,0.16666666666666666,5,5,CAGGCGACGTTTGTCCAGTT,0,639501
cpxRp2,0.16666666666666666,5,5,CAGCCTTTTTTTCGGTGCGT,0,663088
cpxRp2,0.16666666666666666,5,5,CAGCAGTGTAACGGCGCTAA,0,661688
cpxRp2,0.16666666666666666,5,5,CAGCACGCGGGCTGTGTAAT,0,659199
cpxRp2,0.16666666666666666,5,5,CACTTTATATGTGTTATCCA,0,668900
cpxRp2,0.16666666666666666,5,5,CACTGGGCATTGGGGTGTAT,0,641153
cpxRp2,0.16666666666666666,5,5,CACGTCGTTCGATGGTCGAA,0,706617
cpxRp2,0.16666666666666666,5,5,CACGGCCATTCCCCCCTGAT,0,655426
cpxRp2,0.16666666666666666,5,5,CACCGGGATCGTTTAGTACA,0,666827
cpxRp2,0.16666666666666666,5,5,CACCACTGGGAGAGATTCTC,0,651016
cpxRp2,0.16666666666666666,5,5,CACATGGCCACAGTCCCTGA,0,688221
cpxRp2,0.16666666666666666,5,5,CAATGGCCAAAAAATTTCTT,0,666133
cpxRp2,0.16666666666666666,5,5,CAAGTCAATTCGCCTTAACG,0,636493
cpxRp2,0.16666666666666666,5,5,CAACCGTTCGTACCGACCGG,0,671191
cpxRp2,0.16666666666666666,5,5,CAACCCTGTTCGGGTTATAG,0,675894
cpxRp2,0.16666666666666666,5,5,CAAATTTCAGTCCAATGTAG,0,679797
cpxRp2,0.16666666666666666,5,5,CAAAGTGTACCTGTAACTAT,0,696366
cpxRp2,0.16666666666666666,5,5,CAAAGCTCCCGATAGTAAGC,0,672969
cpxRp2,0.16666666666666666,5,5,ATTTCTAAGGCTAAGTGGCT,0,648332
cpxRp2,0.16666666666666666,5,5,ATTTAGAAAGACTATAGATG,0,682936
cpxRp2,0.16666666666666666,5,5,ATTTACCACAGGCAATTGGG,0,694768
cpxRp2,0.16666666666666666,5,5,ATTGCAAGACGGTAATGGTC,0,703520
cpxRp2,0.16666666666666666,5,5,ATTGAGTCCCCAATGCCGGA,0,645954
cpxRp2,0.16666666666666666,5,5,ATTGAGCATAGCCTCTTAGC,0,694071
cpxRp2,0.16666666666666666,5,5,ATTCTCGTCCGTCTGAGCGG,0,710331
cpxRp2,0.16666666666666666,5,5,ATTCCTGGGCCGCTAACGGG,0,703340
cpxRp2,0.16666666666666666,5,5,ATTATTTAATCCAAAGGGGG,0,650987
cpxRp2,0.16666666666666666,5,5,ATTATGAGTTGTCAACGGTG,0,703055
cpxRp2,0.16666666666666666,5,5,ATTACCGGAAATTGAAGTAG,0,639692
cpxRp2,0.16666666666666666,5,5,ATGGAGGTAGATTTAATCGG,0,636112
cpxRp2,0.16666666666666666,5,5,ATGCACTAAAATTTTCGTTT,0,690379
cpxRp2,0.16666666666666666,5,5,ATGCACGGAGGGCATGTAGC,0,667566
cpxRp2,0.16666666666666666,5,5,ATGAGGTAGAGTACGAAGTA,0,663882
cpxRp2,0.16666666666666666,5,5,ATGACGTTCTTGAATGCGGG,0,641014
cpxRp2,0.16666666666666666,5,5,ATGACGCCAGTAGCAATTAG,0,664743
cpxRp2,0.16666666666666666,5,5,ATCTCGACGCTATTCTTTGG,0,709110
cpxRp2,0.16666666666666666,5,5,ATCTAACTGCGCTTATGTTG,0,679448
cpxRp2,0.16666666666666666,5,5,ATCGGAGAGTGAGGGGGGTT,0,647850
cpxRp2,0.16666666666666666,5,5,ATCCGATTGAAAATACTTAA,0,658727
cpxRp2,0.16666666666666666,5,5,ATCCCCTGTAATGTATCCAC,0,656999
cpxRp2,0.16666666666666666,5,5,ATCATTGGGTCAACTCAACT,0,701537
cpxRp2,0.16666666666666666,5,5,ATCAGCTATACAAGTGCTAG,0,675823
cpxRp2,0.16666666666666666,5,5,ATCAAGCCGACGAGGTATTA,0,668737
cpxRp2,0.16666666666666666,5,5,ATATTGTGGAATCATGTTAA,0,667930
cpxRp2,0.16666666666666666,5,5,ATACTACTACTCGGCAGGGT,0,680023
cpxRp2,0.16666666666666666,5,5,ATACCCGTGTTACACTGTAG,0,660949
cpxRp2,0.16666666666666666,5,5,ATAATATGGAGTAAAGATGA,0,710371
cpxRp2,0.16666666666666666,5,5,AGTGGGCTCCAGGGGGGGGG,0,697447
cpxRp2,0.16666666666666666,5,5,AGTGGCTTCCATAGCTAATG,0,705146
cpxRp2,0.16666666666666666,5,5,AGTCACTGCGCCCTACAGTA,0,651952
cpxRp2,0.16666666666666666,5,5,AGGTTATGCTTATTTGGCCT,0,658320
cpxRp2,0.16666666666666666,5,5,AGGGCCAAGGTGTGGCGCTG,0,695266
cpxRp2,0.16666666666666666,5,5,AGGGATTCCCCGCGAGATAA,0,680484
cpxRp2,0.16666666666666666,5,5,AGGCGCAGCACGGCGACAGT,0,684675
cpxRp2,0.16666666666666666,5,5,AGGCAATATTCCTGGTAATA,0,660530
cpxRp2,0.16666666666666666,5,5,AGGACTGGTGGGGGCAGTCT,0,675261
cpxRp2,0.16666666666666666,5,5,AGGAAACTTGGTGTACCCCC,0,694908
cpxRp2,0.16666666666666666,5,5,AGCTTCCGGTGTTGGGGCTA,0,660751
cpxRp2,0.16666666666666666,5,5,AGCTATAGATTGGTCGAACC,0,673464
cpxRp2,0.16666666666666666,5,5,AGCCACGCAAATGTCTCAGT,0,641506
cpxRp2,0.16666666666666666,5,5,AGCAGGCAATGGACCTATGC,0,678721
cpxRp2,0.16666666666666666,5,5,AGCACGTCCCGCCGCGTCAA,0,655457
cpxRp2,0.16666666666666666,5,5,AGATGCCAAGGTTCTGTCAG,0,694387
cpxRp2,0.16666666666666666,5,5,AGATGAGAGGCGAGTGTGCG,0,673989
cpxRp2,0.16666666666666666,5,5,AGAGCTTGATCGGGTCTCGT,0,688443
cpxRp2,0.16666666666666666,5,5,AGAGAGGACTTCCATCAAAG,0,708689
cpxRp2,0.16666666666666666,5,5,AGACATATTGGTCCCGCGTA,0,667496
cpxRp2,0.16666666666666666,5,5,ACTTGCTAGGTTGTTCCATG,0,707238
cpxRp2,0.16666666666666666,5,5,ACTGTTGGGTCTTGAAGGAT,0,676468
cpxRp2,0.16666666666666666,5,5,ACTCGCTATTCTCTCGAGTG,0,675262
cpxRp2,0.16666666666666666,5,5,ACTCCACGGGCAAACGGCGA,0,661478
cpxRp2,0.16666666666666666,5,5,ACTACTTGCACAGATACAAC,0,634828
cpxRp2,0.16666666666666666,5,5,ACTACTGATAAGCGCCCGAC,0,658401
cpxRp2,0.16666666666666666,5,5,ACTACCGGGGGGGACTATCT,0,700324
cpxRp2,0.16666666666666666,5,5,ACGTGTGCATCTGATGTTAC,0,665503
cpxRp2,0.16666666666666666,5,5,ACGTCTGTCTACCACACGGT,0,639994
cpxRp2,0.16666666666666666,5,5,ACGGCTACGCGCGGGCCGAT,0,677260
cpxRp2,0.16666666666666666,5,5,ACGCATTGAGGGCTCTTTTG,0,705372
cpxRp2,0.16666666666666666,5,5,ACGCATATGCCGATAGGACC,0,700271
cpxRp2,0.16666666666666666,5,5,ACCTTCACACGCCGTATGCA,0,656777
cpxRp2,0.16666666666666666,5,5,ACCGAGCCGTTCGCCTGACA,0,650437
cpxRp2,0.16666666666666666,5,5,ACCCGCCCAGGTCTGTATTC,0,653980
cpxRp2,0.16666666666666666,5,5,ACCAGTCAGCTGTATACAGG,0,657661
cpxRp2,0.16666666666666666,5,5,ACATTGGAGATCGGTCTCTT,0,638153
cpxRp2,0.16666666666666666,5,5,ACATCGTGAATCCGCACAGG,0,663934
cpxRp2,0.16666666666666666,5,5,ACATCAACAGCTTATTGCTC,0,643456
cpxRp2,0.16666666666666666,5,5,ACATATCCTCCACCGTTTTC,0,639633
cpxRp2,0.16666666666666666,5,5,ACAGTGGCCCAAAGGATCAA,0,667543
cpxRp2,0.16666666666666666,5,5,ACAGGTGGTTGATGCATCTA,0,635914
cpxRp2,0.16666666666666666,5,5,ACAGACCTGGATGCAATCGA,0,640121
cpxRp2,0.16666666666666666,5,5,ACACTTAGAGCTATAACTTG,0,662461
cpxRp2,0.16666666666666666,5,5,ACACTTACGAATGTGCAGGC,0,674837
cpxRp2,0.16666666666666666,5,5,ACACTCTGAACGTCTAGGAT,0,676170
cpxRp2,0.16666666666666666,5,5,ACAAGTCTTTATTCTACGTA,0,657175
cpxRp2,0.16666666666666666,5,5,ACAACATACATCGTGGGGAG,0,632348
cpxRp2,0.16666666666666666,5,5,AATATTTCGAAGGCGTATAG,0,643142
cpxRp2,0.16666666666666666,5,5,AATAGTCACAGCGGGATCCA,0,635560
cpxRp2,0.16666666666666666,5,5,AATAATAGAGTCCGTTTCTC,0,660554
cpxRp2,0.16666666666666666,5,5,AAGTTTTATTCCCCTCTCTA,0,708080
cpxRp2,0.16666666666666666,5,5,AAGTTAATAGGGATCTCGGC,0,661435
cpxRp2,0.16666666666666666,5,5,AAGTGTACGATCGCGCTTAA,0,639887
cpxRp2,0.16666666666666666,5,5,AAGTGCAATGGCAATGTGGG,0,671881
cpxRp2,0.16666666666666666,5,5,AAGGGCCTCCCTTGATCCGC,0,672440
cpxRp2,0.16666666666666666,5,5,AAGCGTAGTAATTGCCGTAC,0,672486
cpxRp2,0.16666666666666666,5,5,AAGCGAACGGCCTCGCAGGA,0,707670
cpxRp2,0.16666666666666666,5,5,AAGAGTCGTGGTCCAGGGGA,0,670472
cpxRp2,0.16666666666666666,5,5,AAGACTGGGCCTGCGAGGCG,0,672567
cpxRp2,0.16666666666666666,5,5,AACGGTTCAGGGTTGGAGAC,0,704031
cpxRp2,0.16666666666666666,5,5,AACGCGACGATGAGAGCCCT,0,696005
cpxRp2,0.16666666666666666,5,5,AACGCATGTAAACCTCAATG,0,637981
cpxRp2,0.16666666666666666,5,5,AACGAAGATAAGGGAGGCCT,0,664716
cpxRp2,0.16666666666666666,5,5,AACAGGGTTAACATCGGAAT,0,647740
cpxRp2,0.16666666666666666,5,5,AACAATTCCTTGACAAGTGC,0,681730
cpxRp2,0.16666666666666666,5,5,AAATTAGCCTGCTAGCATGC,0,703729
cpxRp2,0.16666666666666666,5,5,AAATGTAGGGAAGTACTCAC,0,704258
cpxRp2,0.16666666666666666,5,5,AAATGATTCCCGGTTCAGGG,0,674158
cpxRp2,0.16666666666666666,5,5,AAATACGGGGGTTGCCCTCC,0,680015
cpxRp2,0.16666666666666666,5,5,AAATACAGAATGCGTGCATT,0,648953
cpxRp2,0.16666666666666666,5,5,AAACGCGAGTCTTTATACGG,0,680245
cpxRp2,0.16666666666666666,5,5,AAAAGCACCCCATTCCATGA,0,708548
cpxRp2,0.16666666666666666,5,5,AAAAATTACGTAATTCCGCG,0,654076
cpxRp2,0.2,4,4,TTTTTGACTGTAGGGTAATT,0,679471
cpxRp2,0.2,4,4,TTTTCTGACTCAGGGTTCTT,0,656783
cpxRp2,0.2,4,4,TTTTCATCTCGTCCTGCTGA,0,670050
cpxRp2,0.2,4,4,TTTGGTTCACAATTCTTAGC,0,656221
cpxRp2,0.2,4,4,TTTGCCCTCCGACATGACCG,0,690541
cpxRp2,0.2,4,4,TTTCTGCCCCCTGCGAGGGT,0,691799
cpxRp2,0.2,4,4,TTTCGATTAGGATATCACTA,0,692415
cpxRp2,0.2,4,4,TTTCCAATGGGTCAGGTCTA,0,685000
cpxRp2,0.2,4,4,TTTAGCCCCCAAACCCGCGC,0,642828
cpxRp2,0.2,4,4,TTTACGCCCTGGTGTAGTCC,0,698578
cpxRp2,0.2,4,4,TTGTCGTACTAGATACCCAA,0,694749
cpxRp2,0.2,4,4,TTGGTATGGGGGTTCGAACC,0,692846
cpxRp2,0.2,4,4,TTGGGTGAAACCTAAGAATA,0,701070
cpxRp2,0.2,4,4,TTGGCGTAATCAAGGCTTAT,0,675283
cpxRp2,0.2,4,4,TTGGCACTAAAGTAAGGCTT,0,635405
cpxRp2,0.2,4,4,TTGCGAGAAGTACACGCTTA,0,709413
cpxRp2,0.2,4,4,TTGCCCTACGTAGAATCTAA,0,688703
cpxRp2,0.2,4,4,TTGCAGCGGGTACGTACAGA,0,634345
cpxRp2,0.2,4,4,TTGAGAGCTGTCCGTCTTAC,0,706450
cpxRp2,0.2,4,4,TTGACGACGTTCAACAACCC,0,688474
cpxRp2,0.2,4,4,TTGAATGATCGCATATCTAT,0,640195
cpxRp2,0.2,4,4,TTGAATCGGGATCTGAAACT,0,639764
cpxRp2,0.2,4,4,TTGAATAGGTTTCGGGGGAC,0,662164
cpxRp2,0.2,4,4,TTCTGCTACAGCGTTACAAA,0,661364
cpxRp2,0.2,4,4,TTCGGTTTAAAATCTTAATC,0,635485
cpxRp2,0.2,4,4,TTCGCTTCTGTCTGAGTAAG,0,651730
cpxRp2,0.2,4,4,TTCCTGTCTCTTCTGGGATC,0,700599
cpxRp2,0.2,4,4,TTCCCGGAAACCGGGTAACC,0,638327
cpxRp2,0.2,4,4,TTCCAATCGTCAGGGCGGAC,0,655098
cpxRp2,0.2,4,4,TTATTGGATACCCCGAATCC,0,655172
cpxRp2,0.2,4,4,TTATTGAGAGAAGCGAGGTG,0,659066
cpxRp2,0.2,4,4,TTATCTTACGGAAGTGATCA,0,645475
cpxRp2,0.2,4,4,TTATATGGCCTTATGTATCG,0,690051
cpxRp2,0.2,4,4,TTAGGGCCGTCTATAAAGAA,0,640826
cpxRp2,0.2,4,4,TTAGCCACCAAAAAAGGTGT,0,688264
cpxRp2,0.2,4,4,TTACGGTCGCTCTCTAGTGG,0,655192
cpxRp2,0.2,4,4,TTACGGACTGCTCCTGCTTA,0,685063
cpxRp2,0.2,4,4,TTACAATTGTAGCTTCCCTA,0,705172
cpxRp2,0.2,4,4,TTAATAATACTTCCTTGATA,0,636988
cpxRp2,0.2,4,4,TGTTGGATACCCATAGGTTC,0,683875
cpxRp2,0.2,4,4,TGTGTTTGGACTTTGCATCT,0,653688
cpxRp2,0.2,4,4,TGTGTCAGGACCATCTTACG,0,658363
cpxRp2,0.2,4,4,TGTGTAACTACACTCGGTGG,0,661070
cpxRp2,0.2,4,4,TGTGCAACGTAAAATTTGTG,0,669354
cpxRp2,0.2,4,4,TGTCCAATCTGCAACCATGC,0,632625
cpxRp2,0.2,4,4,TGTCCAAGTCCGATTTCTCA,0,636735
cpxRp2,0.2,4,4,TGTCAGCGTGAACCCGGTTA,0,707571
cpxRp2,0.2,4,4,TGTAGCGGTTGCGTTAGCTC,0,636480
cpxRp2,0.2,4,4,TGTACGTCTTATCTAGGGCG,0,654331
cpxRp2,0.2,4,4,TGTAATTCTTTGATGTATTA,0,669494
cpxRp2,0.2,4,4,TGTAACGATAATTATAGTTG,0,636809
cpxRp2,0.2,4,4,TGGTTGCTATTTCAGTCTCG,0,688669
cpxRp2,0.2,4,4,TGGGTAAAGAGAAGGGATAA,0,689225
cpxRp2,0.2,4,4,TGGGGGCTTATCGACGGTTG,0,640698
cpxRp2,0.2,4,4,TGGGGATTTGCTCGGATCCT,0,706837
cpxRp2,0.2,4,4,TGGGCTTCCGTCCCTCCGCT,0,653668
cpxRp2,0.2,4,4,TGGGCCTTATAAATTTATTA,0,699781
cpxRp2,0.2,4,4,TGGCTGGCGCGCGCCAGGGA,0,644402
cpxRp2,0.2,4,4,TGGCTAATCTGCTGCCGACC,0,679939
cpxRp2,0.2,4,4,TGGCCTAAAGGTACGATTTT,0,675638
cpxRp2,0.2,4,4,TGGCATATTGTACGTCATAC,0,679896
cpxRp2,0.2,4,4,TGGCAACTGCGTACCAAGTA,0,671766
cpxRp2,0.2,4,4,TGGATCCTCGACTATGGTAC,0,633738
cpxRp2,0.2,4,4,TGGATAAAGAATGGCCCAGA,0,656263
cpxRp2,0.2,4,4,TGCGCCTATAGGGGCCGTCT,0,679116
cpxRp2,0.2,4,4,TGCGATGAAGTTGACTAGGG,0,700844
cpxRp2,0.2,4,4,TGCCTTATGCAACGATAAAT,0,648905
cpxRp2,0.2,4,4,TGCAACGAGGCTTGCGCGCA,0,710475
cpxRp2,0.2,4,4,TGATTCGGCCGAACGCCATG,0,685872
cpxRp2,0.2,4,4,TGATGTCGGCTACCAGCTCC,0,659780
cpxRp2,0.2,4,4,TGATGCTATGTAGACGAGGG,0,705204
cpxRp2,0.2,4,4,TGATCGATCCACTATCTGTT,0,711878
cpxRp2,0.2,4,4,TGATAACGCCTAACAGGTCC,0,638284
cpxRp2,0.2,4,4,TGAGTGGTTGGCTCCCGAGC,0,681112
cpxRp2,0.2,4,4,TGAGGGTTCTACTGATAGTA,0,698219
cpxRp2,0.2,4,4,TGACTTTATCTTAAGAATCC,0,687276
cpxRp2,0.2,4,4,TGACGAGATCATACTGCAAT,0,687869
cpxRp2,0.2,4,4,TGACAGGGGGACTTGTGGTA,0,665650
cpxRp2,0.2,4,4,TGAATGCGAACACGGCCGCA,0,634309
cpxRp2,0.2,4,4,TGAAGCGCAGCAAATCCTGC,0,643869
cpxRp2,0.2,4,4,TGAACGTTGAAATATCATAG,0,669991
cpxRp2,0.2,4,4,TGAAATTGGCCGTAGTGTAA,0,638497
cpxRp2,0.2,4,4,TGAAAATTGTTCAGCGAAAC,0,683487
cpxRp2,0.2,4,4,TCTTTTTTAAACACGGTACA,0,634710
cpxRp2,0.2,4,4,TCTTTGGGAAGTGTGGAGTA,0,660808
cpxRp2,0.2,4,4,TCTTTGCGTTTACATTTGGG,0,693413
cpxRp2,0.2,4,4,TCTTTAGGTCCACCCTAAGC,0,660689
cpxRp2,0.2,4,4,TCTTCGAAGGCATTTGCAGC,0,677515
cpxRp2,0.2,4,4,TCTGCCCCTGGTATGTCTCG,0,695853
cpxRp2,0.2,4,4,TCTCTGGCTCATGGACATGT,0,694270
cpxRp2,0.2,4,4,TCTCCTGGCGAGAATGCCGC,0,651921
cpxRp2,0.2,4,4,TCTAGATCTTCCTTCGTTCG,0,675933
cpxRp2,0.2,4,4,TCGTGTGTGGCTCAAAAGCG,0,676105
cpxRp2,0.2,4,4,TCGTCTTGAGGCTTCGGTGC,0,674058
cpxRp2,0.2,4,4,TCGTAGGTCACCATAGAAAC,0,645917
cpxRp2,0.2,4,4,TCGGTTGTAGATATACCTAA,0,690917
cpxRp2,0.2,4,4,TCGGGGCACACAGTTTGATA,0,682729
cpxRp2,0.2,4,4,TCGGGCTCTTATCACTATAA,0,709877
cpxRp2,0.2,4,4,TCGGGCCGCAGGTGTAGAAG,0,699521
cpxRp2,0.2,4,4,TCGGGCCAATGCCGCCACTA,0,649736
cpxRp2,0.2,4,4,TCGGGAGTGTAGGATCTGTT,0,650606
cpxRp2,0.2,4,4,TCGGCGACCGGAAAATCTTA,0,638217
cpxRp2,0.2,4,4,TCGGCGAACTGTGACCTAAT,0,664201
cpxRp2,0.2,4,4,TCGGCATAACAGACCGCGTT,0,684147
cpxRp2,0.2,4,4,TCGCCACAAAAAACTCTGGT,0,689384
cpxRp2,0.2,4,4,TCGCAGCGCGCGGCTTTTCG,0,674730
cpxRp2,0.2,4,4,TCGAGCAATAAGACAAAGGG,0,635200
cpxRp2,0.2,4,4,TCGAAGCAAGGTGGACGAGA,0,678218
cpxRp2,0.2,4,4,TCCTGGCGACCTCGCAGCAA,0,637234
cpxRp2,0.2,4,4,TCCTCGGCGGTTTTCATAAT,0,630048
cpxRp2,0.2,4,4,TCCTAGCAGGACAGAGTGGG,0,710393
cpxRp2,0.2,4,4,TCCCATTTCATCGAATGGCT,0,646685
cpxRp2,0.2,4,4,TCCATTGTGTACGTTTGTAA,0,697261
cpxRp2,0.2,4,4,TCATCAGTTACAGCCCCCGC,0,692324
cpxRp2,0.2,4,4,TCATAGAGCTCGCGAAGCAG,0,634346
cpxRp2,0.2,4,4,TCAGCAGCTTTCTCAGGCCT,0,686687
cpxRp2,0.2,4,4,TCACTTGGGGGATACTCGGC,0,689484
cpxRp2,0.2,4,4,TCACGGAAAGAAGAGGGTGA,0,635559
cpxRp2,0.2,4,4,TCACCCGTACGCAACTTAGA,0,678102
cpxRp2,0.2,4,4,TCACAGTAAAAATGATAAAT,0,659067
cpxRp2,0.2,4,4,TCAATTAGAGTGCTGGCAGG,0,701526
cpxRp2,0.2,4,4,TCAATCATTTAACAGAATAA,0,687168
cpxRp2,0.2,4,4,TCAAGCTGAGTTCGATCTTG,0,683619
cpxRp2,0.2,4,4,TCAACGTTCCGCCATGAGAA,0,644034
cpxRp2,0.2,4,4,TATTTCATGAACTGGGTGAG,0,659093
cpxRp2,0.2,4,4,TATCGCTTGGCCAACGACCA,0,642174
cpxRp2,0.2,4,4,TATCGATAAAATAACATTTG,0,676028
cpxRp2,0.2,4,4,TATCCGTAGCTTAAGTGTTT,0,646469
cpxRp2,0.2,4,4,TATATCACTGGCTGTAACGA,0,693575
cpxRp2,0.2,4,4,TATAGTAAGTCCATAGAGTA,0,638557
cpxRp2,0.2,4,4,TAGGTTGCCTTTTCTTAACA,0,648450
cpxRp2,0.2,4,4,TAGCTCGTCTTTTATTGCAA,0,661749
cpxRp2,0.2,4,4,TAGCGGAACCTCACGGGTGG,0,691931
cpxRp2,0.2,4,4,TAGCGCCCGCGTGCTGACTA,0,690621
cpxRp2,0.2,4,4,TAGCACCGTGTTGATATAGT,0,668606
cpxRp2,0.2,4,4,TAGATAGAGCACAAAGATCC,0,678614
cpxRp2,0.2,4,4,TAGAATTTGGACCAGGCTCT,0,693235
cpxRp2,0.2,4,4,TACTAGCCTGGGTGAGCGGG,0,658683
cpxRp2,0.2,4,4,TACTACTCGACCTAACAGGT,0,690714
cpxRp2,0.2,4,4,TACGTCACGATTGGGATCAT,0,665477
cpxRp2,0.2,4,4,TACGGCTATATGGGCGGAGA,0,676915
cpxRp2,0.2,4,4,TACCGATCTCGTAAGTATCT,0,672065
cpxRp2,0.2,4,4,TACCCATCAGTAAATGCGGC,0,685558
cpxRp2,0.2,4,4,TACAGTACCAATCAGTATTG,0,658806
cpxRp2,0.2,4,4,TACACTAGAGTCTTATATTG,0,662927
cpxRp2,0.2,4,4,TAATGTGGTTGGTACAAGAG,0,684495
cpxRp2,0.2,4,4,TAAGTTTAATCGACTCATCC,0,681146
cpxRp2,0.2,4,4,TAAGTTGCTTACATTTGCTC,0,634330
cpxRp2,0.2,4,4,TAAGCTTTAGTCCGGAGACA,0,688678
cpxRp2,0.2,4,4,TAAGCTCCTGGAAGGTCGGA,0,697323
cpxRp2,0.2,4,4,TAACCGCGGAGCATACTCGG,0,704605
cpxRp2,0.2,4,4,TAACCCAGTGGGCTCGGTGG,0,691492
cpxRp2,0.2,4,4,TAACCCACACCGAACGAGCT,0,658575
cpxRp2,0.2,4,4,TAACAAGGCGTAGCATGTCT,0,678474
cpxRp2,0.2,4,4,TAACAAGAGGTAAGTATTCA,0,706640
cpxRp2,0.2,4,4,TAAAGTGTATGCGTTATATA,0,665470
cpxRp2,0.2,4,4,TAAAGCAATGGCAGCACCTC,0,655556
cpxRp2,0.2,4,4,TAAAGATTTCGGGGTCGTAA,0,680500
cpxRp2,0.2,4,4,TAAAAGATGTGTTAGCGCTT,0,705498
cpxRp2,0.2,4,4,GTTTTGTTTTCCGTTTTTTG,0,685322
cpxRp2,0.2,4,4,GTTTGTTCCTGGGTCGAGAA,0,644784
cpxRp2,0.2,4,4,GTTTGCCCGAATGAAGTCAT,0,640554
cpxRp2,0.2,4,4,GTTTCAGCCTCAGTTCGGAG,0,672171
cpxRp2,0.2,4,4,GTTGTTGCAGGAGTTAGATA,0,638347
cpxRp2,0.2,4,4,GTTGACGGCAGGCCCTGTGC,0,639725
cpxRp2,0.2,4,4,GTTCGGGATGGACGTGTGTG,0,658760
cpxRp2,0.2,4,4,GTGTTAAATCCGGACCGTCT,0,679729
cpxRp2,0.2,4,4,GTGGTGAATCCTAAGCTGTA,0,672198
cpxRp2,0.2,4,4,GTGGTATAAGGAGGAGTCCC,0,681401
cpxRp2,0.2,4,4,GTGGGCTGGGGACGACAGTA,0,637353
cpxRp2,0.2,4,4,GTGGATTGCCCTACATCGAC,0,656523
cpxRp2,0.2,4,4,GTGGAGTGTCATACTAATTG,0,671770
cpxRp2,0.2,4,4,GTGCCACAATTCTGGTGGCC,0,698176
cpxRp2,0.2,4,4,GTGATTATAGTACTATTGGT,0,674363
cpxRp2,0.2,4,4,GTGAGGGCGCCTTGGAAATA,0,669398
cpxRp2,0.2,4,4,GTGAGGCATCCGGTAACTAC,0,639511
cpxRp2,0.2,4,4,GTGACGCAGCGTTCAATTGG,0,707650
cpxRp2,0.2,4,4,GTCGCCAGCTCTGCTAGGAT,0,683092
cpxRp2,0.2,4,4,GTCCTTGCGTGAAACGTGCC,0,671007
cpxRp2,0.2,4,4,GTCCTTCCAGGGTCTCGGGC,0,635537
cpxRp2,0.2,4,4,GTCATTTCACTTTCCGAAGT,0,696929
cpxRp2,0.2,4,4,GTCATGTTCAATCCAAGGAT,0,696860
cpxRp2,0.2,4,4,GTCAAGCCTTTATCTTTGGG,0,638750
cpxRp2,0.2,4,4,GTATTACAGAAGTGAGCCGT,0,685778
cpxRp2,0.2,4,4,GTATGTAATGTCCCTTTGAC,0,631822
cpxRp2,0.2,4,4,GTAGTTAGGGAACCTTGTAA,0,687122
cpxRp2,0.2,4,4,GTACCGGGCCTTTCTACGCA,0,641577
cpxRp2,0.2,4,4,GTACATAGAGTACATTAGAA,0,710801
cpxRp2,0.2,4,4,GTAAGTGGGAGCGCAAGAAA,0,679067
cpxRp2,0.2,4,4,GTAAGACCTTGTGATGCTAT,0,686872
cpxRp2,0.2,4,4,GTAACTTTTAACCGAGATCG,0,648912
cpxRp2,0.2,4,4,GTAACGTTTAGAACGATACA,0,638371
cpxRp2,0.2,4,4,GTAACAATCACTGTGATCTG,0,661398
cpxRp2,0.2,4,4,GGTTGATGTTAGATAGGAGA,0,683217
cpxRp2,0.2,4,4,GGTTCGAGCTACCCATCGCG,0,663708
cpxRp2,0.2,4,4,GGTGGTGTACGAATCTATCG,0,633354
cpxRp2,0.2,4,4,GGTGGAGGCGTGTAGTGTAT,0,694138
cpxRp2,0.2,4,4,GGTCGGAATCATGTTGATCA,0,691994
cpxRp2,0.2,4,4,GGTCAGCATAATCTCCGCGC,0,654370
cpxRp2,0.2,4,4,GGTAGTCCGGTGTTACGGGG,0,670312
cpxRp2,0.2,4,4,GGTACGCTAAGCGGTTATGA,0,686070
cpxRp2,0.2,4,4,GGTACGCGTTTTTCTCTAGG,0,702561
cpxRp2,0.2,4,4,GGGTTGAAAGCGGAACTTGG,0,707824
cpxRp2,0.2,4,4,GGGTCGCATGAAGCGGCACT,0,665681
cpxRp2,0.2,4,4,GGGTAGGGAGGAATAGGCAA,0,672585
cpxRp2,0.2,4,4,GGGTAGCCGGCACCCCTCAC,0,688849
cpxRp2,0.2,4,4,GGGGTTTCACCGTCCAGTTG,0,640532
cpxRp2,0.2,4,4,GGGGTACACATCGGGTCTCC,0,647944
cpxRp2,0.2,4,4,GGGGGGGGTTAAGCTGTAGG,0,671468
cpxRp2,0.2,4,4,GGGGCAGAGCCAAACCAGAG,0,691377
cpxRp2,0.2,4,4,GGGCTGGTGGCAATAACATT,0,647303
cpxRp2,0.2,4,4,GGGCTGAGGATTAGAATACC,0,681182
cpxRp2,0.2,4,4,GGGCGGAACTGAATTGGAGG,0,671511
cpxRp2,0.2,4,4,GGGCGCGTACATTTGAGATA,0,701101
cpxRp2,0.2,4,4,GGGATCTCAATCAATAATCA,0,707051
cpxRp2,0.2,4,4,GGGAGCGGGACAAAGCGCCA,0,709111
cpxRp2,0.2,4,4,GGCTTTCAGCCTTTTCCCGC,0,651388
cpxRp2,0.2,4,4,GGCTCTAGCGGAAAATGCAT,0,695237
cpxRp2,0.2,4,4,GGCCTGGGTTCACCTCGCTT,0,656043
cpxRp2,0.2,4,4,GGCCGTTGGTGTATATACCT,0,692574
cpxRp2,0.2,4,4,GGCCCTGAGGCTCAATCCTT,0,680479
cpxRp2,0.2,4,4,GGCCCACTCGTTGTCCTGTT,0,665767
cpxRp2,0.2,4,4,GGCATGTAGTAACTGCTTTC,0,647610
cpxRp2,0.2,4,4,GGCACCAATTTCATTGCCAG,0,640557
cpxRp2,0.2,4,4,GGCAAAAAGGCGCGTTTGGT,0,666362
cpxRp2,0.2,4,4,GGATGCCAGAAACGGGTAAT,0,686218
cpxRp2,0.2,4,4,GGATCGGTGCATCGTTCCAG,0,664377
cpxRp2,0.2,4,4,GGATCATTCTCGGTCTCGAC,0,632595
cpxRp2,0.2,4,4,GGATATTCGAGTATCATAAC,0,702376
cpxRp2,0.2,4,4,GGAGTAACAGGGAAACCCGT,0,658176
cpxRp2,0.2,4,4,GGAGGGTGGTGTCATGGTCC,0,635640
cpxRp2,0.2,4,4,GGACTCGCGTGATACGCTAA,0,670784
cpxRp2,0.2,4,4,GGACTAATCGGGTGCATGTT,0,629676
cpxRp2,0.2,4,4,GGACGCTTCCAAATCAGTTT,0,651949
cpxRp2,0.2,4,4,GGACATTCGAATAAACCTAC,0,694023
cpxRp2,0.2,4,4,GGAACTTAAAGCTTTATTGG,0,700275
cpxRp2,0.2,4,4,GCTGTTCGGTGGATTTTGCT,0,670810
cpxRp2,0.2,4,4,GCTGGGGATTACATTCACTC,0,665004
cpxRp2,0.2,4,4,GCTCGGTTCTCAAATCATAT,0,701194
cpxRp2,0.2,4,4,GCTCCAACTTCACACATCGC,0,664521
cpxRp2,0.2,4,4,GCTATTTCTAGTTACGAGTC,0,643486
cpxRp2,0.2,4,4,GCTACTGTCGCCGAAACGTG,0,660133
cpxRp2,0.2,4,4,GCGTTGCCACTGGCAAGGGA,0,663094
cpxRp2,0.2,4,4,GCGTACTGACCGCCACCGTC,0,661679
cpxRp2,0.2,4,4,GCGGTTTAGGCTTAAAACCC,0,639190
cpxRp2,0.2,4,4,GCGCCTAAATAGTCGTTGGG,0,709353
cpxRp2,0.2,4,4,GCGCATACGATGGGCGCGGC,0,661809
cpxRp2,0.2,4,4,GCGACTTCATAACTGTTTAG,0,656994
cpxRp2,0.2,4,4,GCGAATGATAAAAAGAGTGA,0,665120
cpxRp2,0.2,4,4,GCCTTAGCCTTCGTTAGTAA,0,643834
cpxRp2,0.2,4,4,GCCGTAACTGTCTGGGGTCA,0,692014
cpxRp2,0.2,4,4,GCATGGCCCCAAGTAGTGCC,0,641338
cpxRp2,0.2,4,4,GCATGCCACATCATATGAGC,0,685586
cpxRp2,0.2,4,4,GCAGCCAATGTCCAATCTGG,0,678606
cpxRp2,0.2,4,4,GCACCTGCAAGGGGGCTGCT,0,700918
cpxRp2,0.2,4,4,GCAAGCGGGCGGCCACGTGC,0,657993
cpxRp2,0.2,4,4,GCAAGCACCGACTTAGCGCA,0,682296
cpxRp2,0.2,4,4,GCAACTTTAGAAAAAAGCTA,0,632174
cpxRp2,0.2,4,4,GATTGGTTAGCCGTTACAAA,0,682561
cpxRp2,0.2,4,4,GATGCTAATTGGTCGGGACG,0,641366
cpxRp2,0.2,4,4,GATCTGTTCTATAGATTGAA,0,690973
cpxRp2,0.2,4,4,GATCCTCTGCCCCAGTGGTT,0,698793
cpxRp2,0.2,4,4,GATCCGCGGGGATCAGTCGG,0,670634
cpxRp2,0.2,4,4,GATCCCCCTGCAAGGTCGTC,0,691285
cpxRp2,0.2,4,4,GATCATAGATTCTATTGGGT,0,667685
cpxRp2,0.2,4,4,GATATTTATCGGTACCACCG,0,708317
cpxRp2,0.2,4,4,GATAATTAGGACGGCGAAGC,0,683463
cpxRp2,0.2,4,4,GATAAATGCACTGGCTCGGT,0,654999
cpxRp2,0.2,4,4,GAGTTGACGCCTTCGCGCTA,0,698966
cpxRp2,0.2,4,4,GAGGGCACGTCGGACACGGG,0,667882
cpxRp2,0.2,4,4,GAGCTTAAACATAGGGACGA,0,659450
cpxRp2,0.2,4,4,GAGCTGCGGGATCGTTTTAA,0,665703
cpxRp2,0.2,4,4,GAGCCCGGGGTCTTAATGGC,0,699167
cpxRp2,0.2,4,4,GAGATTCTGCTTTATTGCTT,0,637030
cpxRp2,0.2,4,4,GACTCGGTTTTAATCAGTGT,0,682788
cpxRp2,0.2,4,4,GACCTCTCACAGTAGCTAGA,0,660818
cpxRp2,0.2,4,4,GACCGGGATTCGCGGCGCTA,0,629780
cpxRp2,0.2,4,4,GACATTGTTAGTGGAAGGGA,0,659559
cpxRp2,0.2,4,4,GACATTATGATAGCTCAGGA,0,651976
cpxRp2,0.2,4,4,GACAGGAGCTATGTACTGAA,0,687256
cpxRp2,0.2,4,4,GACAAAAGACAGTTGACAAT,0,633415
cpxRp2,0.2,4,4,GAATTCTCTTCGTATACCAT,0,692017
cpxRp2,0.2,4,4,GAATAAGGAATATAAGATCG,0,649868
cpxRp2,0.2,4,4,GAAGGTTTTCTGTTTCTTCA,0,693031
cpxRp2,0.2,4,4,GAACCTAGATGTTCACCGGT,0,665121
cpxRp2,0.2,4,4,GAACAGTCTGCAGGGATGAT,0,711610
cpxRp2,0.2,4,4,GAAACTGTCTATAGGGTTGT,0,687649
cpxRp2,0.2,4,4,GAAAACTGGTCACAGTACCT,0,645341
cpxRp2,0.2,4,4,CTTTCTGTCTAGTCCCCACT,0,667264
cpxRp2,0.2,4,4,CTTGTCTAGCCATAAGAAAA,0,644117
cpxRp2,0.2,4,4,CTTGGGTAATGCATTTTTGG,0,654330
cpxRp2,0.2,4,4,CTTCTCGTGCTGCTTTGGCA,0,698360
cpxRp2,0.2,4,4,CTTCTCCACCTTTATCTACA,0,666206
cpxRp2,0.2,4,4,CTTCGCTCAGCTTGAAGTTT,0,664781
cpxRp2,0.2,4,4,CTTCCTCCCTGGAGTACCGT,0,632876
cpxRp2,0.2,4,4,CTTCAAATACGCTGGCTGCA,0,654671
cpxRp2,0.2,4,4,CTTAGATCCTGTTTAGCTAC,0,700053
cpxRp2,0.2,4,4,CTGTGCCGAACGTTTGCTCT,0,670946
cpxRp2,0.2,4,4,CTGTAAACAGCATCTGGAGT,0,679260
cpxRp2,0.2,4,4,CTGGTTGGCCATACCTTTTG,0,691380
cpxRp2,0.2,4,4,CTGCCCCGACGCAATAAGGT,0,691824
cpxRp2,0.2,4,4,CTGATGTGTCCGCTGCAGGC,0,696894
cpxRp2,0.2,4,4,CTGATGGTCATGGTCATCCT,0,702751
cpxRp2,0.2,4,4,CTGATCCGCCCACATAATAG,0,635153
cpxRp2,0.2,4,4,CTGACCGTGTACGAGTTGGA,0,694666
cpxRp2,0.2,4,4,CTCTCCCGGGTAGTGGTTTC,0,685278
cpxRp2,0.2,4,4,CTCTCACGCTTCATCTAAAG,0,670797
cpxRp2,0.2,4,4,CTCCGGATTTTTCCGTACGT,0,633134
cpxRp2,0.2,4,4,CTCATAGGCTGGGGTGCAGA,0,690867
cpxRp2,0.2,4,4,CTCACATAGGTAAGGAGCTA,0,631717
cpxRp2,0.2,4,4,CTCAACTTATCCATAACATT,0,636633
cpxRp2,0.2,4,4,CTATTTGTTTGAGTTGGTTT,0,707627
cpxRp2,0.2,4,4,CTATTTATAGTGTACCGTGT,0,665150
cpxRp2,0.2,4,4,CTAGTATGATCAGGATACGA,0,659527
cpxRp2,0.2,4,4,CTAGATGGTATACGGCTTAA,0,660717
cpxRp2,0.2,4,4,CTAGAACGAACTTGAGTGCT,0,662186
cpxRp2,0.2,4,4,CTAGAAATAGATATTTACAA,0,644627
cpxRp2,0.2,4,4,CTACCCTCGCAGCCTAGTAC,0,680014
cpxRp2,0.2,4,4,CTACACCAATTTCGGTCGGG,0,700064
cpxRp2,0.2,4,4,CTAATGAGCATCGCTAATTT,0,654417
cpxRp2,0.2,4,4,CTAACTGAGCTCAACTATAT,0,703355
cpxRp2,0.2,4,4,CGTTTATCAAGGCATTTTTC,0,648752
cpxRp2,0.2,4,4,CGTTAGAGGGACACCGTGGG,0,648820
cpxRp2,0.2,4,4,CGTTAAGTACATACAAATCA,0,653807
cpxRp2,0.2,4,4,CGTTAAGCCCAACATTCAAG,0,686055
cpxRp2,0.2,4,4,CGTGTGGACGGACGGAAGCA,0,641836
cpxRp2,0.2,4,4,CGTGGCTATAATGTGCAACC,0,659675
cpxRp2,0.2,4,4,CGTGCATAAGCGCGGTATGG,0,674424
cpxRp2,0.2,4,4,CGTGAGCGAGTGCCCACTAT,0,699491
cpxRp2,0.2,4,4,CGTCGTCCCGGTCATCACCA,0,696345
cpxRp2,0.2,4,4,CGTCGGACACTTCATTACCG,0,644082
cpxRp2,0.2,4,4,CGTCCTACGCCACTCGTTAC,0,700695
cpxRp2,0.2,4,4,CGTCCATAGGAAAACCCACT,0,671356
cpxRp2,0.2,4,4,CGTAGTAGTAGGTTGGACGT,0,656289
cpxRp2,0.2,4,4,CGTAGGTTTCTAACCCGCGC,0,694534
cpxRp2,0.2,4,4,CGTACGAACTATACCGTATC,0,708759
cpxRp2,0.2,4,4,CGGTTGATTCTTCGGGAATT,0,710335
cpxRp2,0.2,4,4,CGGTTCCATTCGGTGCCGCA,0,686558
cpxRp2,0.2,4,4,CGGTCTGTGAGGTAAAATTG,0,678278
cpxRp2,0.2,4,4,CGGTCTAGGCAGCGGCAGCC,0,634896
cpxRp2,0.2,4,4,CGGTAGTGCGGGGCCTGCAG,0,681570
cpxRp2,0.2,4,4,CGGGTGCAGAGGAGCCGGTT,0,631273
cpxRp2,0.2,4,4,CGGGGTAAGACTGCGACGCA,0,699255
cpxRp2,0.2,4,4,CGGGACCGTACGAGGAGTCT,0,699881
cpxRp2,0.2,4,4,CGGCTTCTACCTATGTTGGA,0,686467
cpxRp2,0.2,4,4,CGGCGCGTGTATTGCACAAT,0,678391
cpxRp2,0.2,4,4,CGGCATCACGTTATTATGCG,0,664541
cpxRp2,0.2,4,4,CGGATGTCCATTACTCGGGT,0,702881
cpxRp2,0.2,4,4,CGGAGCATAGTTACTTAGGT,0,668008
cpxRp2,0.2,4,4,CGCTCCAGCAGAACGGAAAG,0,689208
cpxRp2,0.2,4,4,CGCGGCCGCTAGCCGATGCC,0,671907
cpxRp2,0.2,4,4,CGCGCGCCGCGTAAGAGAGT,0,637155
cpxRp2,0.2,4,4,CGCCCGCCGCAGGCTTCCAT,0,662337
cpxRp2,0.2,4,4,CGCAGGCAGGACGGACATAC,0,642782
cpxRp2,0.2,4,4,CGCAGAGGGTCAACCCGAGG,0,710086
cpxRp2,0.2,4,4,CGCAAACGCTTTCAATGGTG,0,681020
cpxRp2,0.2,4,4,CGATAACGGAAAAGATCGGT,0,652009
cpxRp2,0.2,4,4,CGAGGACTATGACCCGGAGA,0,642869
cpxRp2,0.2,4,4,CGAGCCATCGCATGGTCTCC,0,649015
cpxRp2,0.2,4,4,CGAGAGGAGACGATCCCAAG,0,659864
cpxRp2,0.2,4,4,CGACATTTACTAGGGTGTCT,0,706178
cpxRp2,0.2,4,4,CGAATTCGCGGCGGCCTGGC,0,677169
cpxRp2,0.2,4,4,CGAAATGCAGACTAGCGCTT,0,669674
cpxRp2,0.2,4,4,CCTTTCCTTCCGACTTGACA,0,630155
cpxRp2,0.2,4,4,CCTTGTCTCCGCGTCACTGT,0,685144
cpxRp2,0.2,4,4,CCTGTTAGGTGCGGAAAATC,0,704493
cpxRp2,0.2,4,4,CCTGTCGATCATACGGCAGC,0,663910
cpxRp2,0.2,4,4,CCTGGCGCAGTATGCAAGAC,0,639690
cpxRp2,0.2,4,4,CCTCTAGCCTGACACTAATT,0,711800
cpxRp2,0.2,4,4,CCTCCCGTGAAGGCCTCTTT,0,704824
cpxRp2,0.2,4,4,CCGTTGGTTCCACTGCTAGG,0,691069
cpxRp2,0.2,4,4,CCGTGCCTCAGTCGTTGTCC,0,675072
cpxRp2,0.2,4,4,CCGTCCAGCTACATTCAGGA,0,696977
cpxRp2,0.2,4,4,CCGTCCAAGCTGACAAGCCA,0,706613
cpxRp2,0.2,4,4,CCGTACACTGAGTATCTGGC,0,706472
cpxRp2,0.2,4,4,CCGGTTGTTATTACTCGCTT,0,664931
cpxRp2,0.2,4,4,CCGGGGCACAGTGGTCACCT,0,672838
cpxRp2,0.2,4,4,CCGGCTGGTATGTGTGTTAG,0,632917
cpxRp2,0.2,4,4,CCGGATATTCAGCTAGCTTC,0,649405
cpxRp2,0.2,4,4,CCGGAGCAGGTGGGTTTCTC,0,670898
cpxRp2,0.2,4,4,CCGGACTCCGGATCCTTATC,0,701582
cpxRp2,0.2,4,4,CCGCTAAGGCACGAACCGTA,0,631295
cpxRp2,0.2,4,4,CCGCCCCAACGTAAGCAATT,0,694161
cpxRp2,0.2,4,4,CCGCCCAGAAAATTCGCTTG,0,695408
cpxRp2,0.2,4,4,CCGAGGGTAGTTGCAAGTGG,0,635596
cpxRp2,0.2,4,4,CCGAGAAGGCTTTTCGACCC,0,688858
cpxRp2,0.2,4,4,CCGACCCTCCCCGTCACTGT,0,645598
cpxRp2,0.2,4,4,CCCTGCACAGATGGGTCGGC,0,648647
cpxRp2,0.2,4,4,CCCCAAAGCGCTGGCGCGGT,0,685514
cpxRp2,0.2,4,4,CCCATATGCCGGTTCTGGTA,0,661763
cpxRp2,0.2,4,4,CCCATAGTGTCGGATCATAG,0,644000
cpxRp2,0.2,4,4,CCCAGCAAGTTTGGCATTAC,0,710662
cpxRp2,0.2,4,4,CCATTCGGGGATTCAGAGCT,0,670095
cpxRp2,0.2,4,4,CCATTCCACCCGCCCTCGGA,0,674302
cpxRp2,0.2,4,4,CCATTACTGTACGGTGAAGC,0,630858
cpxRp2,0.2,4,4,CCATAGTTTATTAGATGAGA,0,678609
cpxRp2,0.2,4,4,CCAGTAGGACTCTAAGTCTA,0,654929
cpxRp2,0.2,4,4,CCAGTAGCCTGTGTGTATGG,0,700422
cpxRp2,0.2,4,4,CCACTGCAACCCATTTTAAA,0,705477
cpxRp2,0.2,4,4,CCACCTTGGCGCACGGCCGG,0,701658
cpxRp2,0.2,4,4,CCACCGAGCTTAGAAAAACG,0,667923
cpxRp2,0.2,4,4,CCAATGGGTCGCGAACTCAT,0,652591
cpxRp2,0.2,4,4,CCAATAAAAAACCGTATGAA,0,710512
cpxRp2,0.2,4,4,CCAAGTTCCACGTGAGGATT,0,666891
cpxRp2,0.2,4,4,CATTCGCGTGAGTCCGCTAT,0,677512
cpxRp2,0.2,4,4,CATTAATAGACTAGCGGACG,0,689900
cpxRp2,0.2,4,4,CATGCGTTTTGAATTCGTCC,0,700617
cpxRp2,0.2,4,4,CATGCCGGCTGTTGCATTCT,0,660540
cpxRp2,0.2,4,4,CATCTTATGAGTATTTTGTA,0,629856
cpxRp2,0.2,4,4,CATCCTCGTGGAAACGTTTC,0,678023
cpxRp2,0.2,4,4,CATCCGATATCCGCTAGAAT,0,708922
cpxRp2,0.2,4,4,CATCATTGATGGCAATTCAT,0,660459
cpxRp2,0.2,4,4,CATCAGCGTACATATCCTTG,0,701762
cpxRp2,0.2,4,4,CATCACGGTTAACTGGACGG,0,694130
cpxRp2,0.2,4,4,CATCACGCTATGATTCGGGC,0,705919
cpxRp2,0.2,4,4,CATATGAGTATTCTATTGTG,0,699528
cpxRp2,0.2,4,4,CATATCCTGAGAAGCTTCCA,0,692053
cpxRp2,0.2,4,4,CAGTTCTCTGGGTACGCGGC,0,673392
cpxRp2,0.2,4,4,CAGGTAACTATGGTGGCGCA,0,666616
cpxRp2,0.2,4,4,CAGGCTTGGACCGCGGAAGC,0,638113
cpxRp2,0.2,4,4,CAGGAAGCGTTAGCGATCTT,0,641597
cpxRp2,0.2,4,4,CAGCTATCCGCGCTCGAGGT,0,710123
cpxRp2,0.2,4,4,CAGCTAGGGGTACAGGGCCA,0,670885
cpxRp2,0.2,4,4,CAGCGTCGCCATACGGTCGC,0,709455
cpxRp2,0.2,4,4,CAGCGCTAGTAGACTTGTAT,0,631440
cpxRp2,0.2,4,4,CAGCCGCATCCTTTTCGTGA,0,657709
cpxRp2,0.2,4,4,CAGAGGGGTTTGAGCATCTA,0,667307
cpxRp2,0.2,4,4,CAGACTAACATCGAACTCAT,0,674400
cpxRp2,0.2,4,4,CACCGGTCTGATTCAGTACG,0,677258
cpxRp2,0.2,4,4,CACCGATGCCATAGCCAATA,0,656165
cpxRp2,0.2,4,4,CACCCGTCAATTCACTCGGC,0,646781
cpxRp2,0.2,4,4,CACATTCTTGCATTTACAAT,0,692010
cpxRp2,0.2,4,4,CACATCAGTGGAGTATAAGA,0,653376
cpxRp2,0.2,4,4,CACAGTGCCCAGATAAAATT,0,647616
cpxRp2,0.2,4,4,CACACAAGAACCGCTTGTCG,0,683451
cpxRp2,0.2,4,4,CAATATTAATCCTCATATAC,0,663608
cpxRp2,0.2,4,4,CAAGTGAGCAGAACAAACAC,0,693825
cpxRp2,0.2,4,4,CAAGGAACAGTCGGGCGGGC,0,706328
cpxRp2,0.2,4,4,CAAGCGTTGATTCTTTGCGC,0,657720
cpxRp2,0.2,4,4,CAAGCGGTAGATGGGAACAC,0,642277
cpxRp2,0.2,4,4,CAACTTCAAAATTACCCACT,0,683665
cpxRp2,0.2,4,4,CAACCGGGTAACTTGATCGT,0,693802
cpxRp2,0.2,4,4,CAACATCGGGGAGTGGATCA,0,658942
cpxRp2,0.2,4,4,CAAAGCGTTCGCCGCCAGAA,0,666819
cpxRp2,0.2,4,4,ATTTGTCATTGATTTATACG,0,701219
cpxRp2,0.2,4,4,ATTTCTCACTATCTCCTGTT,0,704797
cpxRp2,0.2,4,4,ATTTACCTAGTGCCTCAAAT,0,703659
cpxRp2,0.2,4,4,ATTTAAGTTATTTCGCATGC,0,637864
cpxRp2,0.2,4,4,ATTGTATCTGAGCGCTGTGA,0,698906
cpxRp2,0.2,4,4,ATTGGCTGTTGCGCCTGGGC,0,671591
cpxRp2,0.2,4,4,ATTGCACACAAGAATGAACG,0,673064
cpxRp2,0.2,4,4,ATTCGGTCGCTGTATGGATC,0,678248
cpxRp2,0.2,4,4,ATTCGCACCTCAGAGTTATC,0,702563
cpxRp2,0.2,4,4,ATTCCTGCCTGTGATGCACT,0,677583
cpxRp2,0.2,4,4,ATTACATCGGTGCATAACTT,0,655341
cpxRp2,0.2,4,4,ATTAAGGTGGGTTAGTGTAG,0,674059
cpxRp2,0.2,4,4,ATGTTGTATTAGGACTACTC,0,657315
cpxRp2,0.2,4,4,ATGTGTCGTTAACGAAGGTA,0,660825
cpxRp2,0.2,4,4,ATGTCACTTTAGAAAAATCA,0,653733
cpxRp2,0.2,4,4,ATGTAAGCTAGGTGGTTCGT,0,694811
cpxRp2,0.2,4,4,ATGGTTGGTCGGGGAAACAG,0,682123
cpxRp2,0.2,4,4,ATGGGAGCGACAGGAGTATA,0,708293
cpxRp2,0.2,4,4,ATGGCTCATTTATTATCCAC,0,694835
cpxRp2,0.2,4,4,ATGGCCGTAAATGTTATTTG,0,687412
cpxRp2,0.2,4,4,ATGGAACAATTTCGAACTGA,0,700403
cpxRp2,0.2,4,4,ATGAGCTCACGACAAGACGC,0,683274
cpxRp2,0.2,4,4,ATGAAAACTTATGAAAGGAA,0,660054
cpxRp2,0.2,4,4,ATCTTCCCTCAACATATCGT,0,643420
cpxRp2,0.2,4,4,ATCTCCATCTTTGAAAGGAA,0,701925
cpxRp2,0.2,4,4,ATCTACGCGTCGGGAGCCCA,0,641962
cpxRp2,0.2,4,4,ATCGAGTTTTACCGGAAGAT,0,690905
cpxRp2,0.2,4,4,ATCCGTTTGCGCTAAGGCTC,0,644448
cpxRp2,0.2,4,4,ATCCGACAAATCTTAGCGTC,0,666731
cpxRp2,0.2,4,4,ATCCCGCCTTCGGAGAGGAT,0,664339
cpxRp2,0.2,4,4,ATCCATTATTCACAGGTCTT,0,707241
cpxRp2,0.2,4,4,ATCACCGGCTCCGAGTATGA,0,636285
cpxRp2,0.2,4,4,ATCAAGCTCATGTGATCCCC,0,654080
cpxRp2,0.2,4,4,ATATTCTCCACTAATAAGTC,0,670616
cpxRp2,0.2,4,4,ATATCGGTTTTGAATGCCAG,0,643029
cpxRp2,0.2,4,4,ATATAGGAGGCCGGCTAGGT,0,688984
cpxRp2,0.2,4,4,ATATAGAGACCTGCCGGTCA,0,656668
cpxRp2,0.2,4,4,ATAGTCTTCGCTAGGAAAAC,0,632274
cpxRp2,0.2,4,4,ATAGGTGTCAGCGCTTGAAC,0,691383
cpxRp2,0.2,4,4,ATAGCCGTATATCATCGGCG,0,659690
cpxRp2,0.2,4,4,ATAGAAGTGATACAAGTCTA,0,655088
cpxRp2,0.2,4,4,ATACGTGACCGGGGTACTTA,0,705261
cpxRp2,0.2,4,4,ATACACATTCTGTGCGTGAA,0,675849
cpxRp2,0.2,4,4,ATAAGCTGAGACGCCAGTCC,0,712193
cpxRp2,0.2,4,4,AGTTTGGTGGGAAGCGCATA,0,691601
cpxRp2,0.2,4,4,AGTTTAGGAAATGTTCCGCT,0,631643
cpxRp2,0.2,4,4,AGTTCATTTCTAAGGACGTC,0,666655
cpxRp2,0.2,4,4,AGTTACGGACTCTCAGACAC,0,668328
cpxRp2,0.2,4,4,AGTTAATCTCTGAAGGCGTA,0,673126
cpxRp2,0.2,4,4,AGTGTTCACAATGTGGTAGA,0,664246
cpxRp2,0.2,4,4,AGTGGACAAAAACCGTGTGA,0,685477
cpxRp2,0.2,4,4,AGTGCAATGGTAATACCAAC,0,663777
cpxRp2,0.2,4,4,AGTCACTATGCCATCAGGGT,0,649448
cpxRp2,0.2,4,4,AGTCACCACTATTTTGGAAT,0,668844
cpxRp2,0.2,4,4,AGTAGGGCTAATATGCCTTA,0,698246
cpxRp2,0.2,4,4,AGTACCATGCGTGACGGCTC,0,671905
cpxRp2,0.2,4,4,AGTAATTTATTCTGGGTGAT,0,680556
cpxRp2,0.2,4,4,AGTAATAAAGGGTAATTTGC,0,636087
cpxRp2,0.2,4,4,AGTAACTGCTCAGAGGAGGT,0,694083
cpxRp2,0.2,4,4,AGTAAATCCCTACTGCGTCA,0,700074
cpxRp2,0.2,4,4,AGGTTCAAATCATGGTGAAT,0,632494
cpxRp2,0.2,4,4,AGGTCAGATCGGTATGGTCT,0,689140
cpxRp2,0.2,4,4,AGGTAGCTCGAAGAATTTCG,0,658799
cpxRp2,0.2,4,4,AGGGTTTTTTACGTGTCTCT,0,650017
cpxRp2,0.2,4,4,AGGGGTGGTGCGCAAAAGTC,0,682961
cpxRp2,0.2,4,4,AGGGGGGGTGTACCCTTTCG,0,660568
cpxRp2,0.2,4,4,AGGGCGCTTCGCGAGGACCG,0,675649
cpxRp2,0.2,4,4,AGGGACATTGACAGTCACGA,0,682019
cpxRp2,0.2,4,4,AGGGAATAGAGCGCTTAACA,0,682812
cpxRp2,0.2,4,4,AGGCTTCCCGCCACTACGAA,0,650247
cpxRp2,0.2,4,4,AGGCTTACAGCATACTGCTG,0,678044
cpxRp2,0.2,4,4,AGGCTCCCACAGCCACGGAT,0,634466
cpxRp2,0.2,4,4,AGGATTGGCGGGTACGCGTC,0,684083
cpxRp2,0.2,4,4,AGGATACGAATTTTGACCAA,0,688472
cpxRp2,0.2,4,4,AGGAGGCTCGTGAGTAATAT,0,648374
cpxRp2,0.2,4,4,AGGACATGTGCACTAGAGAG,0,650664
cpxRp2,0.2,4,4,AGGAATCCTCTTGCGGGGGG,0,648273
cpxRp2,0.2,4,4,AGCTTCATCTGTCTTTCTGC,0,646971
cpxRp2,0.2,4,4,AGCTGTGTCATTCAAACTTC,0,677171
cpxRp2,0.2,4,4,AGCGGCACGAATAAAGTTAC,0,639063
cpxRp2,0.2,4,4,AGCGCCAGCCAATCGGCCCC,0,652295
cpxRp2,0.2,4,4,AGCGCAAATTCTAACGGCAT,0,657500
cpxRp2,0.2,4,4,AGCGATTTACCGGCTCAACG,0,640978
cpxRp2,0.2,4,4,AGCCTCTTAATTCATGTACG,0,654759
cpxRp2,0.2,4,4,AGCCGTACGGCCCGAGATTA,0,634465
cpxRp2,0.2,4,4,AGCCCTAATCGCAAACGCGA,0,645445
cpxRp2,0.2,4,4,AGCATCCTCGGATTCAGGGT,0,642832
cpxRp2,0.2,4,4,AGCACAAGTATTTTGATTAA,0,646311
cpxRp2,0.2,4,4,AGATTTTATTTAAGGTAATC,0,663333
cpxRp2,0.2,4,4,AGATCATGTCCCCCGGCTTA,0,670792
cpxRp2,0.2,4,4,AGATATCTTCGCACAGAATC,0,670270
cpxRp2,0.2,4,4,AGACTTAATCCTTGCCCCCT,0,703068
cpxRp2,0.2,4,4,AGACCAGTGAATGGAAATTG,0,700990
cpxRp2,0.2,4,4,AGACAGTGCGCTGATTGGCT,0,656764
cpxRp2,0.2,4,4,AGAATAACCAGGAATCGAGA,0,700982
cpxRp2,0.2,4,4,AGAAGTAAATGGTGGACGAT,0,658326
cpxRp2,0.2,4,4,AGAACCTTGCCATGCGAATC,0,657147
cpxRp2,0.2,4,4,ACTTTGTTTAGGCGTAGGAG,0,682581
cpxRp2,0.2,4,4,ACTTTGGTTTGCCGCGCTTG,0,666409
cpxRp2,0.2,4,4,ACTTCTCGTGCAAAACGTCT,0,667156
cpxRp2,0.2,4,4,ACTTAGGCCGGGGGTCTCCA,0,679985
cpxRp2,0.2,4,4,ACTGGACAATACCAACGCAT,0,702184
cpxRp2,0.2,4,4,ACTCTCTCATGAGACGCCCA,0,651665
cpxRp2,0.2,4,4,ACTAGGTCAACCACGTTCCT,0,676698
cpxRp2,0.2,4,4,ACTAGGGATCAGGAAAACAA,0,660104
cpxRp2,0.2,4,4,ACGTTCGCCCGGGTAGTTTA,0,650476
cpxRp2,0.2,4,4,ACGGGCTACAGCAAAGTTCG,0,696201
cpxRp2,0.2,4,4,ACGGGCCTATTGATGTAGGT,0,675938
cpxRp2,0.2,4,4,ACGGCGTGTAATAGCCGATC,0,703277
cpxRp2,0.2,4,4,ACGGCACAGATAGAAATGGG,0,693310
cpxRp2,0.2,4,4,ACGGAGAATCACATCTAATT,0,671944
cpxRp2,0.2,4,4,ACGCTATGCTATCTTATAAG,0,677011
cpxRp2,0.2,4,4,ACGATAAAAGGGTGTAAATG,0,637707
cpxRp2,0.2,4,4,ACGAAACTGGCCCCGGTGAT,0,636277
cpxRp2,0.2,4,4,ACCTTGTTCGCCTAGAGGGA,0,630273
cpxRp2,0.2,4,4,ACCTTGACGAGTTCGGCTCT,0,665320
cpxRp2,0.2,4,4,ACCTGGGCCAACTGACTGCA,0,654286
cpxRp2,0.2,4,4,ACCGTGCGAGTAGGTCATGT,0,652715
cpxRp2,0.2,4,4,ACCGTCTCCGCAGCCTTCTG,0,664723
cpxRp2,0.2,4,4,ACCGGGTGTACCCTCCGGAT,0,660780
cpxRp2,0.2,4,4,ACCGCGAACCCTAGATCAAT,0,671717
cpxRp2,0.2,4,4,ACCGCACATAATCAGGCAAC,0,673997
cpxRp2,0.2,4,4,ACCCTCCCGATGAAACCTGC,0,653350
cpxRp2,0.2,4,4,ACCAGGCCCAAGGATCGTAG,0,651550
cpxRp2,0.2,4,4,ACCACTGGTGCCCAATAGAC,0,648126
cpxRp2,0.2,4,4,ACCACTCGTCCAGCAGACTT,0,655286
cpxRp2,0.2,4,4,ACCACCCTGTAATGAAGCGT,0,696685
cpxRp2,0.2,4,4,ACATGCCCTAGTCATCCTAC,0,702085
cpxRp2,0.2,4,4,ACATCTCCAACGAAGCATCT,0,701860
cpxRp2,0.2,4,4,ACATCAAGTTAGGGGTCGCC,0,690227
cpxRp2,0.2,4,4,ACATAATACATTTTGCGATA,0,694873
cpxRp2,0.2,4,4,ACAGGATCTAGTAAACAACA,0,636425
cpxRp2,0.2,4,4,ACACTGTTATGGCTATCGTT,0,631955
cpxRp2,0.2,4,4,ACACGTGAGATCTTGAGGAA,0,654300
cpxRp2,0.2,4,4,ACACGATGTGGTCAACGGGT,0,684526
cpxRp2,0.2,4,4,ACACAGTGTTCTGATCTACC,0,630668
cpxRp2,0.2,4,4,ACACAAGGGCTACGAAGTCA,0,685133
cpxRp2,0.2,4,4,ACAAGCGATTTCTATCCCAA,0,693237
cpxRp2,0.2,4,4,ACAACCGGGGCTGAAGTGTT,0,661104
cpxRp2,0.2,4,4,ACAAATGCTGAAACCCAGTT,0,683780
cpxRp2,0.2,4,4,ACAAAAGAATGCCAAGGCTT,0,684547
cpxRp2,0.2,4,4,AATTGCCTTTCAACCCTCCC,0,696207
cpxRp2,0.2,4,4,AATTCTGTCCGCTTAGGATC,0,643377
cpxRp2,0.2,4,4,AATTCATTGACTTTCATATA,0,684477
cpxRp2,0.2,4,4,AATTCACGTGAACATAAGGG,0,667589
cpxRp2,0.2,4,4,AATGTATAGAGTCAATTCCC,0,675882
cpxRp2,0.2,4,4,AATGGTGCTTTTTGGTCAAC,0,681547
cpxRp2,0.2,4,4,AATGCGATCCCGATAAGCTG,0,680406
cpxRp2,0.2,4,4,AATGATAGCCTTTGCAACTC,0,660707
cpxRp2,0.2,4,4,AATCTATAACATCGAGTATC,0,648261
cpxRp2,0.2,4,4,AATCGCCCTCTCTAGGCTGG,0,656371
cpxRp2,0.2,4,4,AATCCGGGGTAGTTTTTCGC,0,685255
cpxRp2,0.2,4,4,AATCAGATGGGGAGACGTTC,0,659303
cpxRp2,0.2,4,4,AATACAACGGCAAGCCAATG,0,687989
cpxRp2,0.2,4,4,AATAATCTTCAACGACTGTA,0,668755
cpxRp2,0.2,4,4,AAGTCGTTACGGTAGTTTGT,0,668752
cpxRp2,0.2,4,4,AAGTAGTCTACTGCTAGACA,0,664818
cpxRp2,0.2,4,4,AAGGTACTCGGCCAGTGCGA,0,667402
cpxRp2,0.2,4,4,AAGGGTTGTGGGGAGTCTAC,0,658331
cpxRp2,0.2,4,4,AAGGGGAAGTTTTTATACAC,0,689511
cpxRp2,0.2,4,4,AAGGCGAAGTTGCTCGGCGT,0,641811
cpxRp2,0.2,4,4,AAGGCACAGGCGGATGAACT,0,672432
cpxRp2,0.2,4,4,AAGCTTTATGTTCGTGCTAT,0,662174
cpxRp2,0.2,4,4,AAGCTGGGTGGAAGTCGAAG,0,652008
cpxRp2,0.2,4,4,AAGCCGCACTTTTTTCTCCA,0,655758
cpxRp2,0.2,4,4,AAGCCGACTTGCAGCTCCCC,0,662473
cpxRp2,0.2,4,4,AAGCCCAAAGAGTAACGCAG,0,701359
cpxRp2,0.2,4,4,AAGCCACGGTTCATCCGTGC,0,709012
cpxRp2,0.2,4,4,AAGCATCAACGAACAACCAC,0,661206
cpxRp2,0.2,4,4,AAGATAATCAAGGTCAGTTT,0,707018
cpxRp2,0.2,4,4,AAGAGGGATGGTACGGAGCC,0,634097
cpxRp2,0.2,4,4,AAGAGATGTGGCTCCTGATT,0,645753
cpxRp2,0.2,4,4,AAGACTCGCCGATGAAAGGT,0,690155
cpxRp2,0.2,4,4,AACTTGGATGCTTGGTTGCC,0,710605
cpxRp2,0.2,4,4,AACTTGCCAATTAATGTAAC,0,646613
cpxRp2,0.2,4,4,AACTGCGGGGACAAGTACTC,0,642050
cpxRp2,0.2,4,4,AACTCTTTTGATGCAATGTC,0,678515
cpxRp2,0.2,4,4,AACGTTGACATCATTTCGTC,0,670535
cpxRp2,0.2,4,4,AACGCGAGTGAGGCTAACAC,0,637591
cpxRp2,0.2,4,4,AACGCATACCAATCGCCAGG,0,639568
cpxRp2,0.2,4,4,AACAAGCCTATAGGTCTGAG,0,708349
cpxRp2,0.2,4,4,AAATTGTGTTCTAAACATAA,0,639597
cpxRp2,0.2,4,4,AAATGTGGCCTTCGCGGGGA,0,642749
cpxRp2,0.2,4,4,AAATATTGGGTACAATTCCC,0,629799
cpxRp2,0.2,4,4,AAATAAGTTTATCAATACGG,0,674219
cpxRp2,0.2,4,4,AAAGGGCGCTCTTGTTATGG,0,711990
cpxRp2,0.2,4,4,AAACGAGTATCGGTATTATT,0,696281
cpxRp2,0.25,3,3,TTTTGGAGGGTGTCATGGTA,0,637531
cpxRp2,0.25,3,3,TTTTGCCCATGGTTGTTGAA,0,661672
cpxRp2,0.25,3,3,TTTTCTCAAAACACTGAAAC,0,702640
cpxRp2,0.25,3,3,TTTTCGTCCCGTGCCATTGC,0,698359
cpxRp2,0.25,3,3,TTTTCAATTGTGGGCTATCA,0,692097
cpxRp2,0.25,3,3,TTTTAGTTGTTTGATCCGTA,0,704801
cpxRp2,0.25,3,3,TTTGTCTCCGCTCTTGAGCT,0,691205
cpxRp2,0.25,3,3,TTTGGCCCACATTAGAGAGA,0,656730
cpxRp2,0.25,3,3,TTTGACCGCGCGTCTGGGCA,0,639767
cpxRp2,0.25,3,3,TTTGAATCATCTGCAATATT,0,652653
cpxRp2,0.25,3,3,TTTCGTGAGACGTCGGGAGT,0,633416
cpxRp2,0.25,3,3,TTTCAAACGGTTACGGGCTA,0,657632
cpxRp2,0.25,3,3,TTTAGGCCAAGCAGATGGAG,0,665662
cpxRp2,0.25,3,3,TTTAGGAGGCCAAAATTGTA,0,635522
cpxRp2,0.25,3,3,TTTAGGAGACTAGCGCGGGT,0,708344
cpxRp2,0.25,3,3,TTTAACGGGAAAATATTATC,0,641116
cpxRp2,0.25,3,3,TTTAACAAACGTCCTACCTA,0,655847
cpxRp2,0.25,3,3,TTTAAATCATACTGCTATAG,0,701347
cpxRp2,0.25,3,3,TTGTTAAGTGACAAAGGGAA,0,633242
cpxRp2,0.25,3,3,TTGTGGTGTGGGAGCATAAG,0,639321
cpxRp2,0.25,3,3,TTGTGCTCTCTACATATGAC,0,662795
cpxRp2,0.25,3,3,TTGTGACATCCCGACCCGCG,0,668151
cpxRp2,0.25,3,3,TTGTAGCCCGTGCTCTTGCA,0,678410
cpxRp2,0.25,3,3,TTGTAATTGAAGATTATGTA,0,705039
cpxRp2,0.25,3,3,TTGGGTTGCTAAAGCGCAAT,0,671193
cpxRp2,0.25,3,3,TTGGGGGAACAAGACAGCAT,0,674989
cpxRp2,0.25,3,3,TTGCTTCGCATCCGGAAGTT,0,697174
cpxRp2,0.25,3,3,TTGCTCGGTGTTTGACCGGT,0,644670
cpxRp2,0.25,3,3,TTGCGTCTAACGTAATAAGT,0,678255
cpxRp2,0.25,3,3,TTGCACAAGCATGAACGCTG,0,704651
cpxRp2,0.25,3,3,TTGATTGTTGCAGGGATTTA,0,648270
cpxRp2,0.25,3,3,TTGATGGCTGGCTTATCGGC,0,657228
cpxRp2,0.25,3,3,TTGAGGTCAAGCTATAGGCG,0,709587
cpxRp2,0.25,3,3,TTGACGGAGCGAGACCCGCC,0,630221
cpxRp2,0.25,3,3,TTGACCGTCCCGTCGGTCTC,0,665105
cpxRp2,0.25,3,3,TTCTGCGGGGTAATTAATGG,0,684850
cpxRp2,0.25,3,3,TTCTCGATTTCGAGGGCATC,0,696466
cpxRp2,0.25,3,3,TTCTATGTGCTACGTGGTCG,0,695717
cpxRp2,0.25,3,3,TTCTACACGGAGAAATTGAG,0,632783
cpxRp2,0.25,3,3,TTCGGGAGCAGGTTGTTACT,0,650781
cpxRp2,0.25,3,3,TTCGGCAGATGTTGCATAGA,0,711704
cpxRp2,0.25,3,3,TTCGCGCCCGTGTTGCAGGG,0,636341
cpxRp2,0.25,3,3,TTCCTTAAGGGATCGGCGAA,0,658144
cpxRp2,0.25,3,3,TTCCGAGGGAGGGCGGGTAG,0,667819
cpxRp2,0.25,3,3,TTCCGAACAAGTGTTTAACT,0,655571
cpxRp2,0.25,3,3,TTCCATTCCCGCATAAACAT,0,685705
cpxRp2,0.25,3,3,TTCATCCAAGACGATCTTGT,0,647587
cpxRp2,0.25,3,3,TTCACTTGAAATGGAATACT,0,683561
cpxRp2,0.25,3,3,TTCACAAGCGAAGCGCAGAG,0,634687
cpxRp2,0.25,3,3,TTATTGTCCACTTTCTCATG,0,665839
cpxRp2,0.25,3,3,TTATTCGCCGGGTGATGCCA,0,700180
cpxRp2,0.25,3,3,TTATGCATTTATTCCCGGCA,0,685593
cpxRp2,0.25,3,3,TTATAGGGAGTACCGTCTCA,0,636428
cpxRp2,0.25,3,3,TTAGTTGATGTGATCCATTC,0,638447
cpxRp2,0.25,3,3,TTAGGGGTGTCTCGAGATAG,0,698075
cpxRp2,0.25,3,3,TTACGGCGGGGGTAAATTTA,0,671153
cpxRp2,0.25,3,3,TTACGACAGAGTATCATCCG,0,678975
cpxRp2,0.25,3,3,TTAATGATCCTTTAGTACAA,0,657249
cpxRp2,0.25,3,3,TTAATCAAGCAAGGCTCTCG,0,712221
cpxRp2,0.25,3,3,TTAAAGCTTCACTTCCCAGT,0,642056
cpxRp2,0.25,3,3,TTAAAATCTGCAGACATATA,0,701995
cpxRp2,0.25,3,3,TGTTGCGCACAGTTCATCAA,0,647727
cpxRp2,0.25,3,3,TGTTCACCGTATGCGGTTGT,0,638416
cpxRp2,0.25,3,3,TGTTACGGACTGGATACGGT,0,658138
cpxRp2,0.25,3,3,TGTGTTCTCCAAGACCCGCC,0,678733
cpxRp2,0.25,3,3,TGTGTAAGGACTCCGGTCAT,0,691318
cpxRp2,0.25,3,3,TGTGGCTGAGAGCTTCGGAC,0,658644
cpxRp2,0.25,3,3,TGTGCCACTAGCGTTACTTT,0,670476
cpxRp2,0.25,3,3,TGTGATAAGTTTTAGGGCAG,0,637922
cpxRp2,0.25,3,3,TGTGAGGCAACGCAGTTCGT,0,673789
cpxRp2,0.25,3,3,TGTCTGGGGGAATGGCGGAT,0,699043
cpxRp2,0.25,3,3,TGTCTCTGAACCTATACCAG,0,667927
cpxRp2,0.25,3,3,TGTCTAGGTTTGGAGAGGTG,0,666008
cpxRp2,0.25,3,3,TGTCGTTACCCGGTCTTCCC,0,655888
cpxRp2,0.25,3,3,TGTAATTGTGAACACAGGGA,0,659165
cpxRp2,0.25,3,3,TGGTGTATTGTGACGTGAGA,0,698141
cpxRp2,0.25,3,3,TGGTGGACTAGGGCTCATTT,0,709576
cpxRp2,0.25,3,3,TGGTGAATAAAATTATAGGG,0,659927
cpxRp2,0.25,3,3,TGGTCCATACACCATGCAGC,0,692905
cpxRp2,0.25,3,3,TGGTCACCGCTAAAGGCAAC,0,632250
cpxRp2,0.25,3,3,TGGTAGACTATGCACGTTAA,0,699239
cpxRp2,0.25,3,3,TGGGGACTAAAGGCCTGTGA,0,686925
cpxRp2,0.25,3,3,TGGGCTCCTTGCCGTAGATT,0,648278
cpxRp2,0.25,3,3,TGGATATTATGGCGGCTGCG,0,699658
cpxRp2,0.25,3,3,TGCTGCGCAACGCGGATACC,0,691287
cpxRp2,0.25,3,3,TGCTCGTTTAATATAATTCA,0,697282
cpxRp2,0.25,3,3,TGCGCTGAGGTCATTCATGT,0,636136
cpxRp2,0.25,3,3,TGCGCGTGTAGCGTTGTAGT,0,674107
cpxRp2,0.25,3,3,TGCGAGAATAAGTTTCATGC,0,636239
cpxRp2,0.25,3,3,TGCCATTCAGCTAGTAGCCT,0,706346
cpxRp2,0.25,3,3,TGCCATCCGGATGTTTCATA,0,684414
cpxRp2,0.25,3,3,TGCAATCCAATCTAATGAGC,0,667789
cpxRp2,0.25,3,3,TGATTCTTCTTTTGGGTCAC,0,630790
cpxRp2,0.25,3,3,TGATGTCCCGTTACATCAGT,0,649093
cpxRp2,0.25,3,3,TGATAGCCTCTCCTCCCCTA,0,681204
cpxRp2,0.25,3,3,TGATAAAATATTTAAGTAAG,0,693295
cpxRp2,0.25,3,3,TGAGGTTCCGCGTTCTACGT,0,686425
cpxRp2,0.25,3,3,TGAGGGTTCACGACGTGTTC,0,647035
cpxRp2,0.25,3,3,TGAGAGACTTTTTGCGGCGA,0,666962
cpxRp2,0.25,3,3,TGACCGCGCTACGGAGCGCT,0,630593
cpxRp2,0.25,3,3,TGACAGTAGCTCGAAGGCCC,0,668575
cpxRp2,0.25,3,3,TGAATCGAATTCGGCGATAG,0,679826
cpxRp2,0.25,3,3,TGAAGTACAAGAAGGTATGG,0,638934
cpxRp2,0.25,3,3,TGAAGCAAGGTAGCGTGGTG,0,698479
cpxRp2,0.25,3,3,TGAAAGATAAGACAAAATTC,0,638930
cpxRp2,0.25,3,3,TCTTGCAGATGGCACTGCAT,0,685476
cpxRp2,0.25,3,3,TCTTCAAGTGTTAACACCAC,0,678932
cpxRp2,0.25,3,3,TCTTAGTGTGAAACTCTTCT,0,643840
cpxRp2,0.25,3,3,TCTGGTCGTTACCTGTGCGG,0,631310
cpxRp2,0.25,3,3,TCTCTTTGCACTTTGACCAT,0,665159
cpxRp2,0.25,3,3,TCTCGAACTTAGATACTGAA,0,682522
cpxRp2,0.25,3,3,TCTCCAAGATGATGCCTAAG,0,675604
cpxRp2,0.25,3,3,TCTACGCTCTCACCCGGCCA,0,653336
cpxRp2,0.25,3,3,TCGTTGGATCGGAGTAACGG,0,644664
cpxRp2,0.25,3,3,TCGTTCTGGGTTACTTAAAT,0,631018
cpxRp2,0.25,3,3,TCGTACCATCGTATAAGAGC,0,675406
cpxRp2,0.25,3,3,TCGGTCCACCTAAGTCATTG,0,631640
cpxRp2,0.25,3,3,TCGGGGGCAATGGCTTCTCC,0,679490
cpxRp2,0.25,3,3,TCGGCTCGCTTTGAAGTTTG,0,668462
cpxRp2,0.25,3,3,TCGGAGGCTCTAATAGAGAT,0,711095
cpxRp2,0.25,3,3,TCGCTCGTACAGGTACTTTT,0,696258
cpxRp2,0.25,3,3,TCGCTAACATTTACTTTTAC,0,697385
cpxRp2,0.25,3,3,TCGCGGAATAAATGGGACGC,0,704633
cpxRp2,0.25,3,3,TCGCAAAGGTCGTCAGGCCA,0,665219
cpxRp2,0.25,3,3,TCGATTCACTATGAGCCAAA,0,661180
cpxRp2,0.25,3,3,TCGAGGTGGTTCGTGAACCC,0,687844
cpxRp2,0.25,3,3,TCGAGATAGCATCTGGCAGA,0,681783
cpxRp2,0.25,3,3,TCGACGTCAAGGATGGGGAG,0,684983
cpxRp2,0.25,3,3,TCGACATGCCAACATTGAGA,0,706449
cpxRp2,0.25,3,3,TCGAAGGGTATAGTAGTAAA,0,678750
cpxRp2,0.25,3,3,TCCTGCCAGGCGCCTACTCG,0,702320
cpxRp2,0.25,3,3,TCCGGTCGATTTCATCGACG,0,662701
cpxRp2,0.25,3,3,TCCGGGTCGCTATGCCTCCT,0,658610
cpxRp2,0.25,3,3,TCCGCACAGAATGGTGGTTT,0,703736
cpxRp2,0.25,3,3,TCCGAAGCTAAATTCGGACA,0,688043
cpxRp2,0.25,3,3,TCCCGTGCATTCCAAGCTCT,0,669217
cpxRp2,0.25,3,3,TCCAGTCCCGCGGTCAAGCC,0,663736
cpxRp2,0.25,3,3,TCATGTGATCCGTAACTATT,0,684769
cpxRp2,0.25,3,3,TCATGGCCCGCAATCCCTGC,0,634951
cpxRp2,0.25,3,3,TCATGAACTCAGCTCCGCGA,0,655531
cpxRp2,0.25,3,3,TCATAGCAGATACCCTGTTG,0,691323
cpxRp2,0.25,3,3,TCATAAGCTGGCCCGTTCGT,0,689715
cpxRp2,0.25,3,3,TCAGTTGCAATACGCCGACT,0,680636
cpxRp2,0.25,3,3,TCAGGGGCCACATCCAAGAG,0,683921
cpxRp2,0.25,3,3,TCAGGATAGTCTGTGGGGTT,0,682833
cpxRp2,0.25,3,3,TCAGCTGGGGTATGGTTTAG,0,645657
cpxRp2,0.25,3,3,TCAGCAATCAAAATTACGCA,0,635694
cpxRp2,0.25,3,3,TCACTAACTGAAGTAATACA,0,673628
cpxRp2,0.25,3,3,TCACGGTCACAGCGAATGGT,0,697302
cpxRp2,0.25,3,3,TCACGGACCGTCTAGGACAA,0,632705
cpxRp2,0.25,3,3,TCACAGTGGTCCCCGCCCCA,0,703880
cpxRp2,0.25,3,3,TCAATGCACGGAGTGGGCTC,0,684896
cpxRp2,0.25,3,3,TCAAGTCTTTAGCGGGCGGC,0,709116
cpxRp2,0.25,3,3,TCAAGCTGCCGGAACCCGTC,0,636449
cpxRp2,0.25,3,3,TATTGAACGGTATCCCGGTC,0,638925
cpxRp2,0.25,3,3,TATTATTCTCGCTAATCTCA,0,657750
cpxRp2,0.25,3,3,TATTATAGGTATGATGTGTG,0,711562
cpxRp2,0.25,3,3,TATTACTGATATACAGAGTT,0,683172
cpxRp2,0.25,3,3,TATGTGGGTAACGTCGAGAC,0,660481
cpxRp2,0.25,3,3,TATGGCGGTAGGTGTGAGAC,0,654308
cpxRp2,0.25,3,3,TATGATGGGTGCTGCCTTTC,0,643012
cpxRp2,0.25,3,3,TATCGTGTAAAAGTACTGCG,0,639448
cpxRp2,0.25,3,3,TATCCCGGCCAGTCCGAAGT,0,678465
cpxRp2,0.25,3,3,TATCCAAGCCACGCCTAACG,0,687830
cpxRp2,0.25,3,3,TATATATGAACATATGTCTT,0,682015
cpxRp2,0.25,3,3,TATAGCGAGAACTTCTGAGT,0,633324
cpxRp2,0.25,3,3,TATAGAGCGACCGCTGGCTT,0,704302
cpxRp2,0.25,3,3,TATACTCGTGATGCCAGTTC,0,711084
cpxRp2,0.25,3,3,TATACGATATGGAAGTGGTG,0,672370
cpxRp2,0.25,3,3,TAGTCATTCCACTTAGATCC,0,697568
cpxRp2,0.25,3,3,TAGGTGAAACAACCAATCAA,0,671761
cpxRp2,0.25,3,3,TAGGGTCACGCAAAGTCCTA,0,647210
cpxRp2,0.25,3,3,TAGGCAACCGCCTGGAAAGT,0,681728
cpxRp2,0.25,3,3,TAGCTTCTTCGACATGAGAT,0,677304
cpxRp2,0.25,3,3,TAGCTGTAACGAAGCATTAA,0,632207
cpxRp2,0.25,3,3,TAGCTCGATATGTTTTCAGG,0,644514
cpxRp2,0.25,3,3,TAGCTCATAGCAATCTAATG,0,689735
cpxRp2,0.25,3,3,TAGCTATATGACGTTCCGGG,0,646785
cpxRp2,0.25,3,3,TAGCGGCGTACGCGTGGTAA,0,664913
cpxRp2,0.25,3,3,TAGCGCCCTATTTATTTGGG,0,648637
cpxRp2,0.25,3,3,TAGCCTTTATGATTAGCGAT,0,689549
cpxRp2,0.25,3,3,TAGATCACGTATCACTTACG,0,671325
cpxRp2,0.25,3,3,TAGAGGATCGGGCTGCAGAG,0,699004
cpxRp2,0.25,3,3,TAGACCACATTTATGTATCA,0,655818
cpxRp2,0.25,3,3,TAGAATTCCGGTCAACGAGC,0,668449
cpxRp2,0.25,3,3,TACTGGTCTACTGACTTAAT,0,680667
cpxRp2,0.25,3,3,TACTATTACGTCATCGTTCG,0,685271
cpxRp2,0.25,3,3,TACGTAGAGGTAGTGTTCGG,0,708472
cpxRp2,0.25,3,3,TACGGATCCTGTAACGGACT,0,653340
cpxRp2,0.25,3,3,TACGCCCCTCTAGTCGCTGA,0,650204
cpxRp2,0.25,3,3,TACATGTATGTTACGGAAAC,0,679875
cpxRp2,0.25,3,3,TACAGAACGTCTGGTCCAAA,0,654529
cpxRp2,0.25,3,3,TAATTCTGAATGGTTAGCGA,0,701984
cpxRp2,0.25,3,3,TAATTACGCGCAATTATCAA,0,706279
cpxRp2,0.25,3,3,TAATATAAGCATGTTCGACT,0,682546
cpxRp2,0.25,3,3,TAAGTGCCATAAGTGCCGTA,0,693457
cpxRp2,0.25,3,3,TAAGAGACAGGGAAGAAGCT,0,637216
cpxRp2,0.25,3,3,TAAGAACGGTGGTCGCCTTA,0,691734
cpxRp2,0.25,3,3,TAACTATATAGCGAAAGGTA,0,701504
cpxRp2,0.25,3,3,TAACGAAGAGAGGGACGTAG,0,670538
cpxRp2,0.25,3,3,TAAAGTTGTTATGCAGATCT,0,634836
cpxRp2,0.25,3,3,TAAAGGCCAGGATGGAAAAC,0,701471
cpxRp2,0.25,3,3,TAAAATTGGATCTCGGAATA,0,672893
cpxRp2,0.25,3,3,TAAAAGGGGAAAATCTAAGA,0,666244
cpxRp2,0.25,3,3,GTTTGTAATAGGTCCTGAGA,0,649931
cpxRp2,0.25,3,3,GTTTGGCGCACTTGGATTTA,0,687156
cpxRp2,0.25,3,3,GTTTGAGGGGCTGTAGGGCA,0,660059
cpxRp2,0.25,3,3,GTTTCTAAAAGGTTTCCCGT,0,655478
cpxRp2,0.25,3,3,GTTTAATGAGTATGAGTCGT,0,647873
cpxRp2,0.25,3,3,GTTTAAGTACCCCCACACGG,0,711951
cpxRp2,0.25,3,3,GTTGGATTCGCTGATTTTTA,0,663705
cpxRp2,0.25,3,3,GTTGCCCAATTGTTGTGAGG,0,680909
cpxRp2,0.25,3,3,GTTGAGCTCGAGTATGCTGG,0,704334
cpxRp2,0.25,3,3,GTTCGGGAGATGGAACCGGG,0,659216
cpxRp2,0.25,3,3,GTTACAGTGTGCATTAGTTC,0,669539
cpxRp2,0.25,3,3,GTTAAAGGATTCATGGGGCT,0,654742
cpxRp2,0.25,3,3,GTGTCCGGGACGGACTATCT,0,654005
cpxRp2,0.25,3,3,GTGTCCCTTAGGGATCAATG,0,635657
cpxRp2,0.25,3,3,GTGTCATTGAGACAATATAT,0,672922
cpxRp2,0.25,3,3,GTGGATCAGATTCTAGTTCC,0,689524
cpxRp2,0.25,3,3,GTGGAAGCGCTGTCAAGCCT,0,641661
cpxRp2,0.25,3,3,GTGCTCTCTGCTCGTAAAGT,0,698534
cpxRp2,0.25,3,3,GTGCTAGGTAGCTAGATTGT,0,654132
cpxRp2,0.25,3,3,GTGCGTCTGGTACTCAAAGG,0,711656
cpxRp2,0.25,3,3,GTGCCCTGGACTTAGGCAGT,0,647293
cpxRp2,0.25,3,3,GTGATGGGTATCGAACGGAG,0,630361
cpxRp2,0.25,3,3,GTGATCTGTTATCTTGTGTC,0,702501
cpxRp2,0.25,3,3,GTGACTTAAATTGATAAAAA,0,701542
cpxRp2,0.25,3,3,GTGAACGATTGAGTATGTAC,0,695928
cpxRp2,0.25,3,3,GTCTGTATCAGGTGTAGTGG,0,663814
cpxRp2,0.25,3,3,GTCTACGTTTCGGGTCGTGG,0,675883
cpxRp2,0.25,3,3,GTCGTGTCCTCTGTACTACA,0,634708
cpxRp2,0.25,3,3,GTCGCGACGCGGTCCAATGT,0,676680
cpxRp2,0.25,3,3,GTCGATAGGAAACACCAGGC,0,709316
cpxRp2,0.25,3,3,GTCGACATCTTCACTTATCT,0,636045
cpxRp2,0.25,3,3,GTCCGCGCCGTAATTGCCCG,0,685779
cpxRp2,0.25,3,3,GTCCCAAGATGCCCGTCCTC,0,685698
cpxRp2,0.25,3,3,GTCATCGTGAGAGAGAGGCA,0,683151
cpxRp2,0.25,3,3,GTATTTCCGGGATGGACGCC,0,629764
cpxRp2,0.25,3,3,GTATTTATTTATGAAACTGC,0,705248
cpxRp2,0.25,3,3,GTATTGGTCTGGATAAGTAA,0,636295
cpxRp2,0.25,3,3,GTATGCGTTGCATACATAGT,0,659272
cpxRp2,0.25,3,3,GTATCAGGGTAGCTTATTAT,0,638658
cpxRp2,0.25,3,3,GTATAGTACCCGAATCGCTA,0,701024
cpxRp2,0.25,3,3,GTAGCTTATTAGATTTCGAC,0,670587
cpxRp2,0.25,3,3,GTACGTCTGCGCAAATTCGT,0,637359
cpxRp2,0.25,3,3,GTACGCGGGGCTCCGTCTTG,0,677752
cpxRp2,0.25,3,3,GTACGATCAGTCCGGGCTTA,0,642500
cpxRp2,0.25,3,3,GTACCATTCACGCTGTCGAA,0,632391
cpxRp2,0.25,3,3,GTACAGGCCGAATGAGGTGT,0,704134
cpxRp2,0.25,3,3,GTAACGCGTGTAAGCCATCT,0,647014
cpxRp2,0.25,3,3,GTAACCCCACGGTGGGGCAG,0,688667
cpxRp2,0.25,3,3,GTAACCAATTTCACGGTTGA,0,699126
cpxRp2,0.25,3,3,GTAAACGACTAGGGGGAGGA,0,662403
cpxRp2,0.25,3,3,GTAAAAGCGCATTCAAACGA,0,699041
cpxRp2,0.25,3,3,GGTTTTATAAATGGCGTTCG,0,695290
cpxRp2,0.25,3,3,GGTTGAAGGCGTGGTGAGGT,0,635762
cpxRp2,0.25,3,3,GGTTCACGAGCACCCAATAT,0,662933
cpxRp2,0.25,3,3,GGTGGAGTTTAACAACGTGT,0,711479
cpxRp2,0.25,3,3,GGTGGAAGTCGTACCCGTTG,0,674727
cpxRp2,0.25,3,3,GGTGCGCCCCCAGCAAGCGG,0,643092
cpxRp2,0.25,3,3,GGTGCACAACGACGTCGTGA,0,633478
cpxRp2,0.25,3,3,GGTGACGTTTATGTTTACTC,0,665091
cpxRp2,0.25,3,3,GGTCCGACCAAGGAAGTGAA,0,705303
cpxRp2,0.25,3,3,GGTCCAATGTCGTCTGTGGG,0,683078
cpxRp2,0.25,3,3,GGTCAGCACACCCCTGTGTT,0,700808
cpxRp2,0.25,3,3,GGTCACTTTTGGTGGAATTA,0,681202
cpxRp2,0.25,3,3,GGTCACAAGTGCCCGCGCCC,0,671908
cpxRp2,0.25,3,3,GGTAAATACGTGAACTGTCT,0,700656
cpxRp2,0.25,3,3,GGGTTGGTCGGCCATTGTGA,0,634528
cpxRp2,0.25,3,3,GGGTTAGTTCCGCAGGACGC,0,665733
cpxRp2,0.25,3,3,GGGTGGTTACGTGCGACGAT,0,660705
cpxRp2,0.25,3,3,GGGTGGGCGGATTAGGCTCC,0,695318
cpxRp2,0.25,3,3,GGGTCAATAAGGATGAGCTT,0,672395
cpxRp2,0.25,3,3,GGGTAGGCAGTGATTTCAGA,0,654291
cpxRp2,0.25,3,3,GGGGTTTGACTATAACTGGC,0,668891
cpxRp2,0.25,3,3,GGGGTGAAAAGAGAGTATCG,0,642939
cpxRp2,0.25,3,3,GGGGTAAAGATACTTCAAGA,0,682563
cpxRp2,0.25,3,3,GGGGGTCAACGAGATTTTCA,0,700627
cpxRp2,0.25,3,3,GGGGATTCGAAGAGCCACCA,0,632908
cpxRp2,0.25,3,3,GGGGAGGTGTCGTCGCCGAC,0,642147
cpxRp2,0.25,3,3,GGGGAATACATTTTGACACT,0,700058
cpxRp2,0.25,3,3,GGGCTGTTCAATGCCACCCA,0,697235
cpxRp2,0.25,3,3,GGGCGCTTATGCAGGATAAA,0,636745
cpxRp2,0.25,3,3,GGGCAGGGTAATCACACGTT,0,641291
cpxRp2,0.25,3,3,GGGCACGATGTACCTTGGGA,0,681069
cpxRp2,0.25,3,3,GGGACTTGCTACAAAGACAA,0,686122
cpxRp2,0.25,3,3,GGGACTCATAGAGGGTATAA,0,649721
cpxRp2,0.25,3,3,GGGACAGGTGACTCGCCCTT,0,643273
cpxRp2,0.25,3,3,GGGACAATGGGTTCATGTGC,0,676371
cpxRp2,0.25,3,3,GGGAAGGGTCGCTTCCAATT,0,658694
cpxRp2,0.25,3,3,GGCTTGGTTAGGTGCTTGCG,0,658691
cpxRp2,0.25,3,3,GGCTTGCATCAATTACTTCG,0,646254
cpxRp2,0.25,3,3,GGCTTAATCTTGAGGGTTAC,0,633007
cpxRp2,0.25,3,3,GGCTGTCGGGCAGAGGGCAA,0,692124
cpxRp2,0.25,3,3,GGCTCAGCGTAATCTGGATG,0,681649
cpxRp2,0.25,3,3,GGCTAGCGGACCAGTGGGTG,0,711453
cpxRp2,0.25,3,3,GGCTACTATGGCTATCTTAT,0,670064
cpxRp2,0.25,3,3,GGCTACAGAGGCGAATTCAC,0,682992
cpxRp2,0.25,3,3,GGCGTGGTCATAGCCCCTCC,0,674519
cpxRp2,0.25,3,3,GGCGTCAGAACTATTGGGCT,0,698292
cpxRp2,0.25,3,3,GGCGTCACTCAAAATCTCCA,0,704713
cpxRp2,0.25,3,3,GGCGCTCCACTATAGAAGCT,0,707594
cpxRp2,0.25,3,3,GGCCTGTACTATAAGACACA,0,630588
cpxRp2,0.25,3,3,GGCCTAGTTCAGATCATTGA,0,640583
cpxRp2,0.25,3,3,GGCCGCATGGGGGTCCCTAC,0,677807
cpxRp2,0.25,3,3,GGCCGATAGTGAGTTGCCAC,0,671370
cpxRp2,0.25,3,3,GGCCCCTATGGTTAAAATAC,0,639123
cpxRp2,0.25,3,3,GGCCCACTATTGAGTTCCAA,0,661011
cpxRp2,0.25,3,3,GGCATTTCCCTTACGTATGG,0,647765
cpxRp2,0.25,3,3,GGCATTGGAGGACTAGCACC,0,686860
cpxRp2,0.25,3,3,GGCACTATCGTCCACGCGTG,0,664456
cpxRp2,0.25,3,3,GGCAATATCCCTACGGAACT,0,668396
cpxRp2,0.25,3,3,GGATTGGGATCGGCCACCTA,0,630613
cpxRp2,0.25,3,3,GGATGTCGGGTACGCTAAGT,0,685759
cpxRp2,0.25,3,3,GGATGGGGCGCGTTTGGTTG,0,687781
cpxRp2,0.25,3,3,GGATCTGCTTTGCGCTTCCC,0,683562
cpxRp2,0.25,3,3,GGATCGGCGCATAGTCCGGA,0,698608
cpxRp2,0.25,3,3,GGATAGACCAGAATTCATGT,0,642948
cpxRp2,0.25,3,3,GGAGGCTGTATCCTCACATT,0,653123
cpxRp2,0.25,3,3,GGAGCGGTGACCCACTTACA,0,699159
cpxRp2,0.25,3,3,GGAGCCAATGTCGTCCACCG,0,677606
cpxRp2,0.25,3,3,GGAGACGGGTATTTATTTAA,0,670043
cpxRp2,0.25,3,3,GGAGAACTTTCTTGGCTCCC,0,663868
cpxRp2,0.25,3,3,GGACGTGCGACGACCGCGCT,0,662905
cpxRp2,0.25,3,3,GGACGGTCCAGAGCTCTGTG,0,630347
cpxRp2,0.25,3,3,GGACGGAGGATCCAGTGTGT,0,690957
cpxRp2,0.25,3,3,GGAATCGTCTCTTGAGGTTT,0,688650
cpxRp2,0.25,3,3,GGAATCAGACTCGCGCTTGT,0,648714
cpxRp2,0.25,3,3,GGAACCCCGTAAACACTACT,0,678105
cpxRp2,0.25,3,3,GGAAATAATCTAGCGCGCGT,0,697193
cpxRp2,0.25,3,3,GCTTGTGATCTAAGCCTCGG,0,682010
cpxRp2,0.25,3,3,GCTTCTTTCACGACATCTAT,0,668383
cpxRp2,0.25,3,3,GCTTCGACTGACCAGCGACA,0,641103
cpxRp2,0.25,3,3,GCTTCATAGCTGTTCGGGAC,0,644758
cpxRp2,0.25,3,3,GCTGGGTTCAAAAGGTCTTA,0,703069
cpxRp2,0.25,3,3,GCTGCGGGCCACTACCCAAG,0,667065
cpxRp2,0.25,3,3,GCTGCCGTAGAGGCCCCGAA,0,676375
cpxRp2,0.25,3,3,GCTCGACCGCGGTAGTACAA,0,695110
cpxRp2,0.25,3,3,GCTCAGGGTTATTTTATCAC,0,666350
cpxRp2,0.25,3,3,GCTATTTTGTTTTTTGGTTT,0,679994
cpxRp2,0.25,3,3,GCTAGGGATAGAGTGCGTTA,0,677649
cpxRp2,0.25,3,3,GCTACCCACCAAAAAGGAAT,0,659776
cpxRp2,0.25,3,3,GCGTAAGGGGCTGTTTGTGG,0,633600
cpxRp2,0.25,3,3,GCGGTTTTTTCCCCAGGAAA,0,706989
cpxRp2,0.25,3,3,GCGGATGCAGACTCCTATTT,0,672165
cpxRp2,0.25,3,3,GCGGAACGCTCTACTGCGCC,0,710613
cpxRp2,0.25,3,3,GCGGAAAGGTAGCACACTGT,0,667864
cpxRp2,0.25,3,3,GCGCGCATGATCCCATGGTA,0,680819
cpxRp2,0.25,3,3,GCGCCGACATTGACCATGTA,0,696265
cpxRp2,0.25,3,3,GCGCCCTCTAGTGTCTATGT,0,705299
cpxRp2,0.25,3,3,GCGCCAGGGTCGGACACAAA,0,663725
cpxRp2,0.25,3,3,GCGCAAGTCTAATCCAGACC,0,701202
cpxRp2,0.25,3,3,GCGAGATGAAATAGTCGTCA,0,703486
cpxRp2,0.25,3,3,GCGAATGCAAGAACAACTCG,0,701006
cpxRp2,0.25,3,3,GCCTGTAGCGAGATAGCCGA,0,674368
cpxRp2,0.25,3,3,GCCTCCATCGACAAGGGAGC,0,668641
cpxRp2,0.25,3,3,GCCGCGCACGTGTTAGCACC,0,639500
cpxRp2,0.25,3,3,GCCCGAAGTTTGAATACTTT,0,697188
cpxRp2,0.25,3,3,GCCCCTGGATAAGCGAGGTA,0,650018
cpxRp2,0.25,3,3,GCCATTTAATGCTGCTCAAC,0,636447
cpxRp2,0.25,3,3,GCCATATGAGTATCTCTGAA,0,699686
cpxRp2,0.25,3,3,GCCAAGGGTTTTCGGAGACT,0,666893
cpxRp2,0.25,3,3,GCATTCAGGTTTGGGCCAGG,0,701752
cpxRp2,0.25,3,3,GCATGAATTCAAGGGATCGT,0,690190
cpxRp2,0.25,3,3,GCATCCTCCGGCAGATGTGA,0,669062
cpxRp2,0.25,3,3,GCATCCGCTGCTCATAGGAT,0,646300
cpxRp2,0.25,3,3,GCATATCGTAGTATTAACTG,0,697783
cpxRp2,0.25,3,3,GCATAAGGGTGGGGAGCCAC,0,638348
cpxRp2,0.25,3,3,GCATAAACCAAATCCGGTTT,0,647491
cpxRp2,0.25,3,3,GCAGTACGGTCGTGAAGGAT,0,678846
cpxRp2,0.25,3,3,GCACGACGCTCAGATTTTCA,0,670075
cpxRp2,0.25,3,3,GCACAAGACATCGGGTCTAC,0,691562
cpxRp2,0.25,3,3,GCAACTGCGTCAGCTATCCA,0,674891
cpxRp2,0.25,3,3,GCAAACCATCGGATGGGCTG,0,702197
cpxRp2,0.25,3,3,GATTCACTTTCCCAATCGAA,0,671649
cpxRp2,0.25,3,3,GATTCAACACAGAGAAGTGG,0,702176
cpxRp2,0.25,3,3,GATGTCAGGGGGCCGTCGTG,0,698901
cpxRp2,0.25,3,3,GATGGTCGAGAAGACGAAAG,0,682012
cpxRp2,0.25,3,3,GATCTACGGGGGCCTATCGA,0,640322
cpxRp2,0.25,3,3,GATCGATATGCGCACACTGG,0,641157
cpxRp2,0.25,3,3,GATCCTTGGGCAAATTGGGG,0,634255
cpxRp2,0.25,3,3,GATCATGAGTGGAAAACGGA,0,707887
cpxRp2,0.25,3,3,GATAGTTAGACATTTCAGGA,0,655721
cpxRp2,0.25,3,3,GATAGCATATTTTACCGATA,0,658965
cpxRp2,0.25,3,3,GATACTCCCCCCCCTAGCGC,0,691944
cpxRp2,0.25,3,3,GATAAGCGGGGAGGGAATTT,0,649369
cpxRp2,0.25,3,3,GATAAGCGCCCATGCGACTT,0,661721
cpxRp2,0.25,3,3,GATAACGCGCATCAGCCAGA,0,699775
cpxRp2,0.25,3,3,GAGTTTACAGGTCTTCTTTT,0,639209
cpxRp2,0.25,3,3,GAGTGCGGAAAGGGCGTATT,0,663574
cpxRp2,0.25,3,3,GAGTGCGAGGTTCGGTTTAT,0,677685
cpxRp2,0.25,3,3,GAGTAGTCTAGATCTGTCTG,0,676839
cpxRp2,0.25,3,3,GAGTACCGCGGGTTTATGGG,0,677692
cpxRp2,0.25,3,3,GAGGTAACGACAAACGTTAC,0,639868
cpxRp2,0.25,3,3,GAGGGGGGGCACACTCTAGA,0,663694
cpxRp2,0.25,3,3,GAGGATCCCCTAGGGCTGGT,0,674413
cpxRp2,0.25,3,3,GAGCTCCTGTACGCGTATTA,0,709531
cpxRp2,0.25,3,3,GAGCCATATGCGAGATTGCC,0,686916
cpxRp2,0.25,3,3,GAGATCGAAAGGTAGGTACT,0,655706
cpxRp2,0.25,3,3,GAGATACAAGGGACAAGGCG,0,650288
cpxRp2,0.25,3,3,GAGAGTTAATGCGGCAAGCC,0,708946
cpxRp2,0.25,3,3,GAGACACTCTACTGATGCCA,0,706988
cpxRp2,0.25,3,3,GAGACAAGCGAGGCTCATTC,0,644777
cpxRp2,0.25,3,3,GAGAAACCAAAACGGGGCTC,0,677747
cpxRp2,0.25,3,3,GACTTGGTACGGGTACCAAC,0,698260
cpxRp2,0.25,3,3,GACTGGTAAGGCCCAGGGGG,0,684863
cpxRp2,0.25,3,3,GACTGGGCAGTCTAAAGACC,0,633511
cpxRp2,0.25,3,3,GACTCATCGATTTACATCTG,0,671066
cpxRp2,0.25,3,3,GACGGTAACGTTAGGTCGAG,0,680963
cpxRp2,0.25,3,3,GACGCAGGCGCTGGTTAGAC,0,634141
cpxRp2,0.25,3,3,GACCTTCTCCTTTAGGATCA,0,696455
cpxRp2,0.25,3,3,GACCCCCGAGGGGGCGAAGT,0,693001
cpxRp2,0.25,3,3,GACCAGATGCCCTTCGTCCT,0,662266
cpxRp2,0.25,3,3,GACATGGTGACACTGCACCC,0,659340
cpxRp2,0.25,3,3,GACAGTTATGGATTAACCAT,0,649938
cpxRp2,0.25,3,3,GACACGTTATAAACAGAAGG,0,655803
cpxRp2,0.25,3,3,GAATTTAAGGGTACTGACCT,0,651734
cpxRp2,0.25,3,3,GAATGTTGAGCAAAAATAAC,0,707253
cpxRp2,0.25,3,3,GAATCCCTACGGGATCTGAT,0,675294
cpxRp2,0.25,3,3,GAAGTGGAGGCGAGCTACGG,0,685895
cpxRp2,0.25,3,3,GAAGTACAACGCTACCATTC,0,654691
cpxRp2,0.25,3,3,GAAGGATGATAATAGCGGAG,0,660758
cpxRp2,0.25,3,3,GAACTAACTACATGGGAAGA,0,634356
cpxRp2,0.25,3,3,GAACGGTTCCACAAGTATCG,0,639307
cpxRp2,0.25,3,3,GAACGCACGTCCTTACACCC,0,644089
cpxRp2,0.25,3,3,GAAATCAAAGGCATAGAACC,0,698077
cpxRp2,0.25,3,3,GAAAGTACATACCCGTTGTG,0,711179
cpxRp2,0.25,3,3,GAAAGCACCCGGTAGTCAAA,0,637795
cpxRp2,0.25,3,3,GAAACTCCAACGCGAAGCGC,0,710058
cpxRp2,0.25,3,3,GAAACCGCCAAGGTGACGAG,0,672275
cpxRp2,0.25,3,3,GAAACAGGACCCTTTGTTAC,0,650547
cpxRp2,0.25,3,3,GAAAATTGAAAGCGCTGTTC,0,653475
cpxRp2,0.25,3,3,CTTTTGGGATAGGTCCAGTG,0,654738
cpxRp2,0.25,3,3,CTTTGGTCTATTTTCCTGAG,0,662779
cpxRp2,0.25,3,3,CTTTGGCCTGCCAAGACGCA,0,637206
cpxRp2,0.25,3,3,CTTTGGAGTGCGTATCCTCG,0,661086
cpxRp2,0.25,3,3,CTTTGCGTGATAGTTCCGCT,0,661578
cpxRp2,0.25,3,3,CTTTCTTCGGTGGGAAAGCG,0,709523
cpxRp2,0.25,3,3,CTTTCAGCCTTGCCAGGAAT,0,642941
cpxRp2,0.25,3,3,CTTGGCAAAAGTGTAGCACC,0,675975
cpxRp2,0.25,3,3,CTTCTAAGATGCGTTTATAT,0,651187
cpxRp2,0.25,3,3,CTTCTAAGAGAGATTGTTGC,0,706493
cpxRp2,0.25,3,3,CTTCGAAGTATTCTTAGTCG,0,673565
cpxRp2,0.25,3,3,CTTCCTGCTCCGATAACCGA,0,632010
cpxRp2,0.25,3,3,CTTCCCAGTCGATCGATAGG,0,633425
cpxRp2,0.25,3,3,CTTCCAAGATCGCGGGGTTG,0,680381
cpxRp2,0.25,3,3,CTTAGGCATTAGCCATTGCA,0,661732
cpxRp2,0.25,3,3,CTTAGCGCATGTGTACCAGT,0,631020
cpxRp2,0.25,3,3,CTTACCTTTGGTGAATCGCA,0,696702
cpxRp2,0.25,3,3,CTGTTTGGAGGTCTAGCTGA,0,648362
cpxRp2,0.25,3,3,CTGTGCATTTTGTAGCAGCA,0,630107
cpxRp2,0.25,3,3,CTGTCATTCATAGTGCATCT,0,652570
cpxRp2,0.25,3,3,CTGTAGACGCGAATTCCACA,0,675548
cpxRp2,0.25,3,3,CTGGTTCGAGATACGACATC,0,636721
cpxRp2,0.25,3,3,CTGGCATAACCCGCGGCGAC,0,658281
cpxRp2,0.25,3,3,CTGGACAAGAGGTGGCTTCG,0,697111
cpxRp2,0.25,3,3,CTGCTGGGGGTTGTGCACAA,0,675231
cpxRp2,0.25,3,3,CTGCGGGGGTCAGGCATGCA,0,685504
cpxRp2,0.25,3,3,CTGCCGAATTCGGAACGACG,0,676431
cpxRp2,0.25,3,3,CTGCCAGCAAAATGACCCTA,0,707687
cpxRp2,0.25,3,3,CTGCATACGCGGAAAACTCT,0,704620
cpxRp2,0.25,3,3,CTGACCCTGTCCGGTCTGAC,0,704578
cpxRp2,0.25,3,3,CTGAATTCTCGAAGTAACAC,0,703833
cpxRp2,0.25,3,3,CTGAATCATGTGCAGTCCAC,0,636510
cpxRp2,0.25,3,3,CTGAAGATTTTCTGGAGGAG,0,666987
cpxRp2,0.25,3,3,CTGAAACACTTTGGATCGCT,0,634809
cpxRp2,0.25,3,3,CTCTGAGACCTCAAGGGAGA,0,672154
cpxRp2,0.25,3,3,CTCTCGGAATATGATTGGCT,0,652134
cpxRp2,0.25,3,3,CTCGGTTACGGTGAGAGGAC,0,693172
cpxRp2,0.25,3,3,CTCGGTCACTCCCCAGCAGT,0,632525
cpxRp2,0.25,3,3,CTCGGAAAGTGGACGAGGTG,0,669522
cpxRp2,0.25,3,3,CTCGCACACATCAGCACAAG,0,671039
cpxRp2,0.25,3,3,CTCCTTCGAACATCTTACGT,0,669984
cpxRp2,0.25,3,3,CTCCGTCCTCTAGGCTATGA,0,708766
cpxRp2,0.25,3,3,CTCATATGTTAGTAGCAACT,0,656890
cpxRp2,0.25,3,3,CTCAGTGTCTCGCGATAGGG,0,642743
cpxRp2,0.25,3,3,CTCAATGAGCCCGAAGCCTC,0,694641
cpxRp2,0.25,3,3,CTCAAAGGGGTGTTGAGATG,0,662947
cpxRp2,0.25,3,3,CTATTGTATCTAAACAAGAT,0,655244
cpxRp2,0.25,3,3,CTAGGCATGTTAAGGGAGGT,0,679671
cpxRp2,0.25,3,3,CTAGCCAAAATCACATTAGG,0,678969
cpxRp2,0.25,3,3,CTACTGTGACGCGCCTGGAC,0,691320
cpxRp2,0.25,3,3,CTACTATCGCACCACCCGGG,0,680997
cpxRp2,0.25,3,3,CTACGTCTGTGATCTGGATC,0,689186
cpxRp2,0.25,3,3,CTACATGGCGACTTACTCGT,0,669544
cpxRp2,0.25,3,3,CTAATTTAACAATGAAAACC,0,706530
cpxRp2,0.25,3,3,CTAATTGTTTCGATCCAACC,0,644509
cpxRp2,0.25,3,3,CTAATGGGGGCTCAGTCTTA,0,702888
cpxRp2,0.25,3,3,CTAAATAGTATGTCACATAT,0,659241
cpxRp2,0.25,3,3,CGTTTCTCGTTGAGATTGGG,0,667822
cpxRp2,0.25,3,3,CGTTGTGCATGGCCTTCGTG,0,667774
cpxRp2,0.25,3,3,CGTTGACTGTGCTTTGAATT,0,636420
cpxRp2,0.25,3,3,CGTTGACAACAGTAACCGCT,0,651813
cpxRp2,0.25,3,3,CGTTCCCTGGGGGTCCGCGA,0,635825
cpxRp2,0.25,3,3,CGTTCCCGGTTAAGATCTAG,0,692020
cpxRp2,0.25,3,3,CGTTACATTTTGCGGCTGGC,0,698563
cpxRp2,0.25,3,3,CGTGGCCCATCGTATTTAGT,0,687438
cpxRp2,0.25,3,3,CGTGACCGGACAGATGCATA,0,701903
cpxRp2,0.25,3,3,CGTGACATTGCGGATTGCGA,0,637944
cpxRp2,0.25,3,3,CGTGAATTATTGTAATCGCC,0,686187
cpxRp2,0.25,3,3,CGTAGACTATTGGTACACGG,0,630703
cpxRp2,0.25,3,3,CGGTTCAACTTGAGTGGGCG,0,667442
cpxRp2,0.25,3,3,CGGTTAATCCGATGACATGA,0,630955
cpxRp2,0.25,3,3,CGGTGTCTACAGGATCAAGC,0,681368
cpxRp2,0.25,3,3,CGGTGCCCAAACATATGGGT,0,696687
cpxRp2,0.25,3,3,CGGTCTAGTATGTGCATCCT,0,668804
cpxRp2,0.25,3,3,CGGGTTCACCTGTAACGATC,0,638367
cpxRp2,0.25,3,3,CGGCCGTGCTCACGCTTCAT,0,663697
cpxRp2,0.25,3,3,CGGCCAGGCGCATAGGGTGA,0,673334
cpxRp2,0.25,3,3,CGGATGGGGATAGTCTAACA,0,687969
cpxRp2,0.25,3,3,CGGAACTGATCCGCTGGCGG,0,658282
cpxRp2,0.25,3,3,CGGAAAAGCCGGCGAGGCCT,0,674890
cpxRp2,0.25,3,3,CGCTTTCCAGTCCCATTTTC,0,661519
cpxRp2,0.25,3,3,CGCTTGGCTGAGTTAGGGGT,0,648439
cpxRp2,0.25,3,3,CGCTGCACTCTCTACGGGCA,0,667118
cpxRp2,0.25,3,3,CGCTAGGCTTGCAAAAGTCA,0,661943
cpxRp2,0.25,3,3,CGCGTCTCAGGATTGCGTCA,0,664197
cpxRp2,0.25,3,3,CGCGTCCCCCCGTCTCATTC,0,638828
cpxRp2,0.25,3,3,CGCGGGATTTAACAAATGGT,0,639370
cpxRp2,0.25,3,3,CGCCTATTATACGTGTATAT,0,637872
cpxRp2,0.25,3,3,CGCCGTAGGTCTTGAGTATA,0,698995
cpxRp2,0.25,3,3,CGCCGGCATAGTAGATTCAC,0,646222
cpxRp2,0.25,3,3,CGCAGGCAGGTCCAGTCCGT,0,648294
cpxRp2,0.25,3,3,CGCAGAGCATGCATCAAGTG,0,678554
cpxRp2,0.25,3,3,CGCAGACCAGCCCACCATTC,0,680642
cpxRp2,0.25,3,3,CGCAAACAACTTGCTTGTCC,0,655726
cpxRp2,0.25,3,3,CGATCACCTTCCGTCGTTTG,0,636251
cpxRp2,0.25,3,3,CGATATAGAAATTCTCTGGA,0,649518
cpxRp2,0.25,3,3,CGATAGAATTTCTCCCGCCA,0,640198
cpxRp2,0.25,3,3,CGAGGGGAGCGTTACGCGGT,0,710775
cpxRp2,0.25,3,3,CGAGGCTATCCGATTCCAGT,0,644472
cpxRp2,0.25,3,3,CGAGCGGAAACTTTGAGTGA,0,646872
cpxRp2,0.25,3,3,CGAGAATAGTCAAAAAGTTG,0,671587
cpxRp2,0.25,3,3,CGAGAACCTCTAGACGCATA,0,656203
cpxRp2,0.25,3,3,CGACGACACGTGTCTGGGTC,0,694996
cpxRp2,0.25,3,3,CGACCGTCGGCGGCCCGGCT,0,629709
cpxRp2,0.25,3,3,CGACCACCTTTCTTTTGAAC,0,670184
cpxRp2,0.25,3,3,CGAATTTATGGATAAGCAGC,0,673781
cpxRp2,0.25,3,3,CGAAGGATCAGCAGATTGTA,0,700977
cpxRp2,0.25,3,3,CGAAGAATGCCCAGCGATCT,0,671175
cpxRp2,0.25,3,3,CGAAAGGTCGCTCCGGAGGT,0,680249
cpxRp2,0.25,3,3,CGAAAAACTTCTTTAAGTTA,0,676893
cpxRp2,0.25,3,3,CCTTGTAGGGTTGTCCGACG,0,693736
cpxRp2,0.25,3,3,CCTTGCGCACGTTAGTTTAT,0,693416
cpxRp2,0.25,3,3,CCTTGATCAGTAAGAAAGCG,0,641595
cpxRp2,0.25,3,3,CCTTCGGTGATCAATCCGCA,0,672212
cpxRp2,0.25,3,3,CCTTCCTGGTAGAATCCGCA,0,662404
cpxRp2,0.25,3,3,CCTTATGGGTATAGCGAGTC,0,649130
cpxRp2,0.25,3,3,CCTGTTCCGTTATGTGTCGG,0,693564
cpxRp2,0.25,3,3,CCTGCACGCCCTATGAACAA,0,630604
cpxRp2,0.25,3,3,CCTGAGTATCTGAGGGACTT,0,638357
cpxRp2,0.25,3,3,CCTGACAGGACGAGCACTGG,0,634152
cpxRp2,0.25,3,3,CCTGAATATTAAGCCAGGGG,0,702124
cpxRp2,0.25,3,3,CCTCGCGCAGCCAGTGACCC,0,658285
cpxRp2,0.25,3,3,CCTCGAAACAGTCTACCATA,0,642885
cpxRp2,0.25,3,3,CCTATGCGCAATGACTAAGG,0,704201
cpxRp2,0.25,3,3,CCTATATACTAGCGCTGCTA,0,686644
cpxRp2,0.25,3,3,CCTAAACGGGGGAGCCCCCA,0,694333
cpxRp2,0.25,3,3,CCGTCCACCAGTAGTCGTGA,0,681926
cpxRp2,0.25,3,3,CCGTATGTTAAGATTGCTTC,0,676177
cpxRp2,0.25,3,3,CCGGTCATTATTAGAGGCCA,0,635367
cpxRp2,0.25,3,3,CCGGTAGTACACAATTCGCG,0,678978
cpxRp2,0.25,3,3,CCGGGTCATAGGACGCACAG,0,680907
cpxRp2,0.25,3,3,CCGCTGGAGAAATGAGGTGT,0,660912
cpxRp2,0.25,3,3,CCGCGTCGTCCTAGCCGGCT,0,697740
cpxRp2,0.25,3,3,CCGCGCTTACTCGCAAACTC,0,651526
cpxRp2,0.25,3,3,CCGCGAATCATTATGTAGTG,0,698790
cpxRp2,0.25,3,3,CCGCAACTTTCGGATTTCCG,0,703909
cpxRp2,0.25,3,3,CCGATGTTCGCGAAGTTGGT,0,635829
cpxRp2,0.25,3,3,CCGAGAGCGACGAATGTTGC,0,648290
cpxRp2,0.25,3,3,CCCTGGAGCCACTTGTAAAT,0,666644
cpxRp2,0.25,3,3,CCCTCTTGTCTGACGTTATC,0,636084
cpxRp2,0.25,3,3,CCCCTGCCGTGTCATTATCA,0,638907
cpxRp2,0.25,3,3,CCCCCGCGCTTTGAACGTTC,0,687115
cpxRp2,0.25,3,3,CCCCAGTGTGCTCTTGCGTC,0,634359
cpxRp2,0.25,3,3,CCCCAACCTCGAACGGCGGC,0,686957
cpxRp2,0.25,3,3,CCCATGAAGGCAGTGGTATT,0,674894
cpxRp2,0.25,3,3,CCCACGCGTTTTGTGTTTTA,0,645125
cpxRp2,0.25,3,3,CCAGGTAGTAAGTGGAATCT,0,663310
cpxRp2,0.25,3,3,CCAGGATAGCAGTAGGTTCT,0,692004
cpxRp2,0.25,3,3,CCAAGGTAAGGTCACAGCAT,0,659308
cpxRp2,0.25,3,3,CATTTTTTGCACAGCCCTAA,0,687307
cpxRp2,0.25,3,3,CATTGGGTGAGTGATCCGAA,0,656483
cpxRp2,0.25,3,3,CATTAGGCGATGCTTCTTAT,0,662998
cpxRp2,0.25,3,3,CATGTATCAACACCCCGGGT,0,706961
cpxRp2,0.25,3,3,CATGGCCCATAAACAAATTT,0,659861
cpxRp2,0.25,3,3,CATGCTTGTCGCTCATATGG,0,695028
cpxRp2,0.25,3,3,CATGCCTGCGGAAGCATGTG,0,649268
cpxRp2,0.25,3,3,CATCTTTTAACCGTTAAGCG,0,692304
cpxRp2,0.25,3,3,CATCTGTGATTATGAACGGT,0,686001
cpxRp2,0.25,3,3,CATCTGAGCGGACGGTCTGC,0,649263
cpxRp2,0.25,3,3,CATCTCATCAAGGTCCTAGC,0,667858
cpxRp2,0.25,3,3,CATCTAGACGCTGTATCTGG,0,657713
cpxRp2,0.25,3,3,CATATACACAGTGCTACGAT,0,666628
cpxRp2,0.25,3,3,CATAATGTAATCGAATTAGG,0,664374
cpxRp2,0.25,3,3,CATAATCAAACTAGCAAATG,0,681065
cpxRp2,0.25,3,3,CATAACGAAGATATCCAAGA,0,671711
cpxRp2,0.25,3,3,CAGTTCTGTGATCTAGTTCT,0,676843
cpxRp2,0.25,3,3,CAGTGACGTGGTAAAGGTCT,0,655668
cpxRp2,0.25,3,3,CAGGTCCGGGGGGACGGTTC,0,696313
cpxRp2,0.25,3,3,CAGGTATGGTTCCACCGTTC,0,702948
cpxRp2,0.25,3,3,CAGGGTCTCGGGTATGCGAT,0,699752
cpxRp2,0.25,3,3,CAGGCTTGTTTTGCAGGGTA,0,645361
cpxRp2,0.25,3,3,CAGCTGCCGACCCCTAGCGC,0,668321
cpxRp2,0.25,3,3,CAGCCATAGGCACTGTACGA,0,632982
cpxRp2,0.25,3,3,CAGCATGACCTAGTAGGGAC,0,689813
cpxRp2,0.25,3,3,CAGATCTACTGCAATAGACC,0,697750
cpxRp2,0.25,3,3,CAGAGCGGGGAAATACACCA,0,633028
cpxRp2,0.25,3,3,CAGAGATATTTCAAATAGGG,0,651349
cpxRp2,0.25,3,3,CAGACGCACGTCCCCTGCGC,0,701379
cpxRp2,0.25,3,3,CACTCTTTATAGTTACTGAA,0,691871
cpxRp2,0.25,3,3,CACTAGAGCCCATCTCAACT,0,704711
cpxRp2,0.25,3,3,CACGTTGGGGCACGACTTCA,0,670129
cpxRp2,0.25,3,3,CACGTGTAAACGTCTGAATG,0,661247
cpxRp2,0.25,3,3,CACGTCCGCATTTTCGTGTT,0,653725
cpxRp2,0.25,3,3,CACGACTATCAGTGTATCCA,0,645236
cpxRp2,0.25,3,3,CACCTCCAATTCCGTCAACC,0,676632
cpxRp2,0.25,3,3,CACCGATTTAAACACTTGAG,0,688951
cpxRp2,0.25,3,3,CACCCTGTTAGTCGTGGATG,0,637915
cpxRp2,0.25,3,3,CACCATATGACATTTCAATA,0,688766
cpxRp2,0.25,3,3,CACCACGGGCCTTAGTACTA,0,703180
cpxRp2,0.25,3,3,CACATTGGCTGGAGCCGTAG,0,637576
cpxRp2,0.25,3,3,CACATAACAGTGGTCATCAC,0,704062
cpxRp2,0.25,3,3,CACAGCCGAGAGAACCATGA,0,631755
cpxRp2,0.25,3,3,CAATTTCTCTGACCACGGAC,0,662339
cpxRp2,0.25,3,3,CAATGTCCAGCGGACGTACT,0,665730
cpxRp2,0.25,3,3,CAATCCCATCAAGTTAGTTG,0,660151
cpxRp2,0.25,3,3,CAATATTATTCTGTAGTCAG,0,670319
cpxRp2,0.25,3,3,CAAGGTACCTGTGAGACCGA,0,663482
cpxRp2,0.25,3,3,CAAGAGCCAATCACGACAAA,0,702471
cpxRp2,0.25,3,3,CAACCTAGCCCCGGTAGTAA,0,666356
cpxRp2,0.25,3,3,CAACCATTATACAAGGGCTT,0,683892
cpxRp2,0.25,3,3,CAACCATATAGTTATACTCA,0,687313
cpxRp2,0.25,3,3,CAAATAACTCCGTCTAGAGT,0,658339
cpxRp2,0.25,3,3,CAAAGTTAAGCGATTTACGC,0,673275
cpxRp2,0.25,3,3,CAAAATGGGAGAGTCGGTAC,0,662977
cpxRp2,0.25,3,3,ATTTGTAAATCGCTGTGCTA,0,631309
cpxRp2,0.25,3,3,ATTTCGGTACATCCTCGCTC,0,692190
cpxRp2,0.25,3,3,ATTTCATTCCCTTGGCCAGA,0,632961
cpxRp2,0.25,3,3,ATTGCCGTCATTGTCGCAGT,0,667935
cpxRp2,0.25,3,3,ATTGAGTTTTCGTGTTTATG,0,690705
cpxRp2,0.25,3,3,ATTGACTATCGAGTGAAATA,0,654951
cpxRp2,0.25,3,3,ATTCCGATATCCATCTCGGG,0,676771
cpxRp2,0.25,3,3,ATTCACAATGGAGGGACAGA,0,633203
cpxRp2,0.25,3,3,ATTAGGTTGAACTTGCTACT,0,707511
cpxRp2,0.25,3,3,ATTAGGGTAAAAATCACGTT,0,711616
cpxRp2,0.25,3,3,ATTACTATCGACGTTCGGGC,0,681987
cpxRp2,0.25,3,3,ATGTTTTTCTTAGGAGAACT,0,708342
cpxRp2,0.25,3,3,ATGTTCCAATCAACGGTATA,0,645299
cpxRp2,0.25,3,3,ATGTTAGCTACCCTAACTGG,0,644707
cpxRp2,0.25,3,3,ATGTCACCCACCGCCGCTTT,0,663391
cpxRp2,0.25,3,3,ATGGGTCTTCCCTCACCCCG,0,700623
cpxRp2,0.25,3,3,ATGGATCTTCCTATATGGTA,0,670021
cpxRp2,0.25,3,3,ATGCGTCAGCTTAGCGTCAC,0,698943
cpxRp2,0.25,3,3,ATGCCCCAGACACACTCACA,0,635615
cpxRp2,0.25,3,3,ATGATGCGGTTACGGTTCAG,0,693790
cpxRp2,0.25,3,3,ATGAGTTCTACGCTATCGTT,0,629689
cpxRp2,0.25,3,3,ATGACTTTATTGAGGATGTG,0,696717
cpxRp2,0.25,3,3,ATCTGTGCCCTGCTCAACAG,0,661836
cpxRp2,0.25,3,3,ATCTGCCGTTAGAGTATCAG,0,706635
cpxRp2,0.25,3,3,ATCTATAGACGGTTCCGCGA,0,654506
cpxRp2,0.25,3,3,ATCTATAATCGGCTGCTCAG,0,675583
cpxRp2,0.25,3,3,ATCGTTATCTGTAAATGGTC,0,663581
cpxRp2,0.25,3,3,ATCGCTACAGAGCGTAGAAG,0,709644
cpxRp2,0.25,3,3,ATCGCCGTACGGGTGGATCG,0,633394
cpxRp2,0.25,3,3,ATCGCCATGTATAGCGAGAC,0,637745
cpxRp2,0.25,3,3,ATCCTAGCAGCAGGAGCTCG,0,701717
cpxRp2,0.25,3,3,ATCCGACTTGTCGTAATTTA,0,679743
cpxRp2,0.25,3,3,ATCCAAACCCTTACGAAAGT,0,653342
cpxRp2,0.25,3,3,ATCAGACATCGGCATGACGA,0,692658
cpxRp2,0.25,3,3,ATCACGTCTGATCGTGCCTA,0,687559
cpxRp2,0.25,3,3,ATCACCCGGTAACGCTTGAG,0,704450
cpxRp2,0.25,3,3,ATCAACCCTCTGCTAGAATA,0,697187
cpxRp2,0.25,3,3,ATATTTTGCTTCATTTTGCA,0,701730
cpxRp2,0.25,3,3,ATAGGGTCACGTATTGTGCT,0,681366
cpxRp2,0.25,3,3,ATAGGAGCGCCACGTGATAT,0,636157
cpxRp2,0.25,3,3,ATAGCCACATAGTGATACTC,0,664225
cpxRp2,0.25,3,3,ATACGGTCCGTGTCGGGTAA,0,700517
cpxRp2,0.25,3,3,ATACGACAACCGCGAAATCT,0,696496
cpxRp2,0.25,3,3,ATACATTTCGAGGTTCATAA,0,691627
cpxRp2,0.25,3,3,ATACACGTGATCCACATGAT,0,645318
cpxRp2,0.25,3,3,ATACACAGGAGTTCTCTTCG,0,679323
cpxRp2,0.25,3,3,ATAATGTGCACGCACAGTGG,0,636645
cpxRp2,0.25,3,3,ATAATGCAATGACGGGCTCT,0,637763
cpxRp2,0.25,3,3,ATAATACATACACAGACACT,0,631929
cpxRp2,0.25,3,3,ATAACTGATTCCGCAGGCAT,0,659543
cpxRp2,0.25,3,3,ATAAATGCGCAAGGGCTCTG,0,649605
cpxRp2,0.25,3,3,AGTTTCTTGCGCGAAATATT,0,641104
cpxRp2,0.25,3,3,AGTTTACTGAACTTCGACTA,0,680197
cpxRp2,0.25,3,3,AGTTATTCGTATAGCACGTA,0,702290
cpxRp2,0.25,3,3,AGTGCGTGGATGTTTCGACG,0,630348
cpxRp2,0.25,3,3,AGTGATTAAAGTACTACACT,0,681924
cpxRp2,0.25,3,3,AGTGACAAAATTATTCAGTT,0,655893
cpxRp2,0.25,3,3,AGTCTCAATACATACTTCTA,0,645288
cpxRp2,0.25,3,3,AGTCGTCCCGCCACATTCCG,0,633019
cpxRp2,0.25,3,3,AGTCGAGATCGGCTTAGCAA,0,692416
cpxRp2,0.25,3,3,AGTCCCAATAAAATTCGTTG,0,649558
cpxRp2,0.25,3,3,AGTCATGGACGTCCTAAGGC,0,667151
cpxRp2,0.25,3,3,AGTATTTGCCGCGTACGTTT,0,632501
cpxRp2,0.25,3,3,AGTATGGAGGGGCGTCGTTA,0,630480
cpxRp2,0.25,3,3,AGTAGTGTCGCTGCGGTATG,0,648479
cpxRp2,0.25,3,3,AGGTTAACCCACCGTGTAGA,0,662420
cpxRp2,0.25,3,3,AGGTGTTTAGTTGCGAGTGG,0,640927
cpxRp2,0.25,3,3,AGGTAAGACCGATTAGGGTA,0,676819
cpxRp2,0.25,3,3,AGGGTGCTCAGAAGACACGC,0,670816
cpxRp2,0.25,3,3,AGGGTCCTGCATTGTAGGTT,0,658989
cpxRp2,0.25,3,3,AGGGGTTTCGTGGACGCCTC,0,709433
cpxRp2,0.25,3,3,AGGGGTGGCTGTAGATGCTC,0,665713
cpxRp2,0.25,3,3,AGGGGTGACGAATTATACAT,0,651102
cpxRp2,0.25,3,3,AGGGGGATCTCAGCCTGCGG,0,654846
cpxRp2,0.25,3,3,AGGGGCCGCTCACACCAGCC,0,665647
cpxRp2,0.25,3,3,AGGGCTTTCATATACTAATC,0,706670
cpxRp2,0.25,3,3,AGGCTAGATCAACGCGTATC,0,630684
cpxRp2,0.25,3,3,AGGCGGGCATAGTATGTCAT,0,684593
cpxRp2,0.25,3,3,AGGCCGGCCAGTAATGGTCG,0,663789
cpxRp2,0.25,3,3,AGGCATCTGGACCTAGACAA,0,650660
cpxRp2,0.25,3,3,AGGATGGAAAGAGTGAGTGA,0,681947
cpxRp2,0.25,3,3,AGGATGAATGCAATGAAGCA,0,637537
cpxRp2,0.25,3,3,AGGAGCGGTGACAAACGCTT,0,709539
cpxRp2,0.25,3,3,AGGACTACCTGTATGTGCTC,0,630740
cpxRp2,0.25,3,3,AGGAATTTGGGTAAGCGAAA,0,648211
cpxRp2,0.25,3,3,AGGAAGGGCGCGAGGTATAA,0,682408
cpxRp2,0.25,3,3,AGCGTCAGCTCGTAGAGTAA,0,664677
cpxRp2,0.25,3,3,AGCGTCACCAAGCTCTAGGC,0,704010
cpxRp2,0.25,3,3,AGCGGGCGTCGGAATTAGAC,0,657615
cpxRp2,0.25,3,3,AGCCTGGGTCCCGAACTGAA,0,690629
cpxRp2,0.25,3,3,AGCCCTCCAACGGGCTTTCC,0,644422
cpxRp2,0.25,3,3,AGCCAAGAAATCGTTGAGTG,0,636802
cpxRp2,0.25,3,3,AGCATCGGATCTTTCAGAAC,0,670943
cpxRp2,0.25,3,3,AGCATACCAGTGGTAGAGCA,0,657120
cpxRp2,0.25,3,3,AGCACAGCTTTTGGTACCAG,0,643003
cpxRp2,0.25,3,3,AGCAACATTTATATAACTTA,0,656869
cpxRp2,0.25,3,3,AGCAAACAGTAGACGCTACT,0,706786
cpxRp2,0.25,3,3,AGATGGACAACTGACCCGCC,0,656143
cpxRp2,0.25,3,3,AGATGCTCCATCCGTCGATG,0,711288
cpxRp2,0.25,3,3,AGATGAGACTGAGCTACGCT,0,701106
cpxRp2,0.25,3,3,AGATCGAGCTTGATTTCCCA,0,656977
cpxRp2,0.25,3,3,AGATAAAAGCATCGTGGTAA,0,644653
cpxRp2,0.25,3,3,AGAGGGGAATGACGAGATCC,0,710983
cpxRp2,0.25,3,3,AGACTGGGCGGGAAGGGTAC,0,656229
cpxRp2,0.25,3,3,AGACTAGCAACGGCTTTACG,0,708604
cpxRp2,0.25,3,3,AGACATGCATACTTAAGGTT,0,674269
cpxRp2,0.25,3,3,AGAACTTTCAATTTGAGATT,0,660006
cpxRp2,0.25,3,3,ACTTTGTACACCGGTGATGC,0,686457
cpxRp2,0.25,3,3,ACTTTATGAACATGTTAGTC,0,660733
cpxRp2,0.25,3,3,ACTTGTCTCAAAAGTCTAAA,0,677693
cpxRp2,0.25,3,3,ACTTGAGGCTGTCGTTGATA,0,638419
cpxRp2,0.25,3,3,ACTTAGGCCAGCACGTCCTT,0,652304
cpxRp2,0.25,3,3,ACTTAACCTGTCTCAGGCCT,0,672839
cpxRp2,0.25,3,3,ACTGGCAGGTGTTGGTGTTC,0,704986
cpxRp2,0.25,3,3,ACTCGTAGTAGAGAGCCTGG,0,696372
cpxRp2,0.25,3,3,ACTCGGTTGAGAAACAATCC,0,651066
cpxRp2,0.25,3,3,ACTCCTTTGAATATGCGAGC,0,641345
cpxRp2,0.25,3,3,ACTCCCTAATGAGGAGGGTT,0,679636
cpxRp2,0.25,3,3,ACTCCAGGTGAAACTAGAGA,0,662993
cpxRp2,0.25,3,3,ACTAGCATTCCGATTCATTA,0,696400
cpxRp2,0.25,3,3,ACTACGCTTCTAATGGTCAT,0,704809
cpxRp2,0.25,3,3,ACTACCAAGAACGCTCTAGT,0,706531
cpxRp2,0.25,3,3,ACTAACGGAGGGCAAGACTG,0,668939
cpxRp2,0.25,3,3,ACGTGACTCCACAAAAAGTC,0,707222
cpxRp2,0.25,3,3,ACGTCCGATATGAGAAAATG,0,711119
cpxRp2,0.25,3,3,ACGTAGGATCAATCTAAGCA,0,701980
cpxRp2,0.25,3,3,ACGGTTGGGCTCATGAGTCG,0,674618
cpxRp2,0.25,3,3,ACGGGGTCAGATGAGCAAGT,0,689805
cpxRp2,0.25,3,3,ACGGGGACCACCTGCGGTAA,0,633907
cpxRp2,0.25,3,3,ACGCGGGCTCAAAGTGCCCA,0,712146
cpxRp2,0.25,3,3,ACGCAGCCGGGACAGTCTCG,0,656561
cpxRp2,0.25,3,3,ACGCAAACCACAAAGCCGGC,0,650014
cpxRp2,0.25,3,3,ACGAGGTTAACATATGTGAT,0,638790
cpxRp2,0.25,3,3,ACGACTCTTGGACTCTTACA,0,696990
cpxRp2,0.25,3,3,ACGACATAGTGACAAAGTCG,0,673123
cpxRp2,0.25,3,3,ACGACAGCGAATCTGGGAAG,0,682554
cpxRp2,0.25,3,3,ACGAATCTATCCCCCAGCCT,0,666307
cpxRp2,0.25,3,3,ACGAACAAGAGGGCATCAGC,0,695642
cpxRp2,0.25,3,3,ACCTGGCCTATTGAAAACGC,0,703734
cpxRp2,0.25,3,3,ACCTCCACTTATAAGAAGTT,0,671971
cpxRp2,0.25,3,3,ACCTCAGGCGGGGGCACGTC,0,698502
cpxRp2,0.25,3,3,ACCGTGGTTTACCGGGTAGG,0,692868
cpxRp2,0.25,3,3,ACCGGCGCGATGATCATCTG,0,664835
cpxRp2,0.25,3,3,ACCGATCGCAGTCTGCACAA,0,703835
cpxRp2,0.25,3,3,ACCGACCGGATAGTTGAGTT,0,634985
cpxRp2,0.25,3,3,ACCCTTATGCAATATTCAAT,0,673874
cpxRp2,0.25,3,3,ACCCTGGATTATATACGAGT,0,658453
cpxRp2,0.25,3,3,ACCATGCGCGAGAAGTACAA,0,706741
cpxRp2,0.25,3,3,ACCAGACTGAATGTGCAAAA,0,637554
cpxRp2,0.25,3,3,ACCACTTACGATAATGATAC,0,697178
cpxRp2,0.25,3,3,ACCAACAGGGGAAGTAAAGA,0,701055
cpxRp2,0.25,3,3,ACATTGGACGGCAGTGGTCT,0,668398
cpxRp2,0.25,3,3,ACATATTTGGACAACATGGG,0,673589
cpxRp2,0.25,3,3,ACAGGCAGAGGGCCACGACC,0,679083
cpxRp2,0.25,3,3,ACAGCTCGTGTAGTGCGCCC,0,659456
cpxRp2,0.25,3,3,ACAGATCAACGCGCTGAGCT,0,678746
cpxRp2,0.25,3,3,ACACGTGGTCTGACGTACTA,0,654012
cpxRp2,0.25,3,3,ACACGGGGGCTGGAGTTGCA,0,648453
cpxRp2,0.25,3,3,ACACGCTGACCTTTGGACCC,0,664078
cpxRp2,0.25,3,3,ACAAGCGGTATTCCTGACAT,0,685898
cpxRp2,0.25,3,3,ACAAGATCAGTATAAAGCGC,0,676485
cpxRp2,0.25,3,3,ACAACGCTCACATAGCAGCA,0,674879
cpxRp2,0.25,3,3,ACAACGATCCTGGGATTGAC,0,645544
cpxRp2,0.25,3,3,ACAACCGATTGTCTTTAGTC,0,681477
cpxRp2,0.25,3,3,ACAACACCGTAAACACCCAA,0,677361
cpxRp2,0.25,3,3,ACAAAATGCTTTTACATGGA,0,669405
cpxRp2,0.25,3,3,AATTTTTGGAAGGAAACAGG,0,695187
cpxRp2,0.25,3,3,AATTTCTTAATCGTGCGGAC,0,650895
cpxRp2,0.25,3,3,AATTCCACATTGGGGGCTCC,0,692769
cpxRp2,0.25,3,3,AATGTGCCACCGGAAAATAG,0,640080
cpxRp2,0.25,3,3,AATGCTTTTCCGCACACCGT,0,682517
cpxRp2,0.25,3,3,AATGCTTTTATCGGTAATCT,0,640824
cpxRp2,0.25,3,3,AATGCTAGAATGGCGACCCG,0,657246
cpxRp2,0.25,3,3,AATGCGTGCTGAACACTAAA,0,647393
cpxRp2,0.25,3,3,AATCACAACCTGTTAGCACG,0,655565
cpxRp2,0.25,3,3,AATAGTTGGCTTCGGCGGAT,0,654491
cpxRp2,0.25,3,3,AATACGTCGTCTGGTACCTA,0,699173
cpxRp2,0.25,3,3,AATACGAAGCGGAGGGGAAA,0,667357
cpxRp2,0.25,3,3,AATAAGCTGAGTTTTCGGAT,0,653833
cpxRp2,0.25,3,3,AAGTGGTAATTGGAGTGAGT,0,662122
cpxRp2,0.25,3,3,AAGTGGGTCACCTGGCGAAC,0,658203
cpxRp2,0.25,3,3,AAGTATTCGACCACGATCAG,0,669679
cpxRp2,0.25,3,3,AAGGTTTCGGAGTCTGCAAT,0,680625
cpxRp2,0.25,3,3,AAGGGTAGACGGGCGCGTCA,0,649522
cpxRp2,0.25,3,3,AAGGGGGGCATATTATGGAA,0,682285
cpxRp2,0.25,3,3,AAGGCCTTTCTTCCCTCTAA,0,656479
cpxRp2,0.25,3,3,AAGGCCCGACCCTGGTCCCG,0,663580
cpxRp2,0.25,3,3,AAGGCATTGCAAATATTACT,0,669624
cpxRp2,0.25,3,3,AAGGAACCCGGTGGTTTCCA,0,692941
cpxRp2,0.25,3,3,AAGCCTAGTCATTTAATGTG,0,687072
cpxRp2,0.25,3,3,AAGCAGTGTTTTAAGAGGTT,0,672287
cpxRp2,0.25,3,3,AAGAATGCATACACTAAAAC,0,655957
cpxRp2,0.25,3,3,AAGAACTAGGGCCCTCGGGA,0,702343
cpxRp2,0.25,3,3,AACTCGCGCGTAATCACGCA,0,692887
cpxRp2,0.25,3,3,AACGTAGTAGCTCTAGTGCA,0,639003
cpxRp2,0.25,3,3,AACGGCCCGACGTTACAGGC,0,653024
cpxRp2,0.25,3,3,AACGGATTCGCAATGTTATT,0,689400
cpxRp2,0.25,3,3,AACGGACTCTAGTGCGGGAA,0,652713
cpxRp2,0.25,3,3,AACGAGCTGTACGTTAGCTT,0,694432
cpxRp2,0.25,3,3,AACGACTTTCTGTTGTCAAG,0,694383
cpxRp2,0.25,3,3,AACCTGATTAGAGCTAGTTA,0,670917
cpxRp2,0.25,3,3,AACCTCTGCGCGCAATACAG,0,698540
cpxRp2,0.25,3,3,AACCGTTGAAGCGTCACGAA,0,664825
cpxRp2,0.25,3,3,AACAGCACATTGGTCTCTCG,0,699628
cpxRp2,0.25,3,3,AAATGACTTACCGTCGCTTT,0,700214
cpxRp2,0.25,3,3,AAATCGTTAATTACGATCTC,0,665684
cpxRp2,0.25,3,3,AAATCAACCCCGAGTGCATG,0,699498
cpxRp2,0.25,3,3,AAATATATGCTTCCATAAGG,0,669638
cpxRp2,0.25,3,3,AAAGCGCATTTTATTAGGCA,0,672028
cpxRp2,0.25,3,3,AAAGATAGGCACCTGACACT,0,709460
cpxRp2,0.25,3,3,AAACTCGCTTGGGTCAGATA,0,648589
cpxRp2,0.25,3,3,AAACTAGAAAATAGATTTAG,0,665547
cpxRp2,0.25,3,3,AAACAAAATTCGAGCTTATG,0,645393
cpxRp2,0.25,3,3,AAAATTCCGATTTATCGGCG,0,710273
cpxRp2,0.25,3,3,AAAATTACGCATGGCTCTCT,0,653976
cpxRp2,0.25,3,3,AAAACCGAGCAGATCAAATC,0,676741
cpxRp2,0.25,3,3,AAAACATCCCCGATAGCTGT,0,657371
cpxRp2,0.25,3,3,AAAAAGCCAGTGATGCGCTC,0,661240
cpxRp2,0.3333333333333333,2,2,TTTTTGAGGTAGCAACTGTG,0,711987
cpxRp2,0.3333333333333333,2,2,TTTTGTAGGCGAGGCAATTA,0,697055
cpxRp2,0.3333333333333333,2,2,TTTTAGGATAACTTTCAGCA,0,659883
cpxRp2,0.3333333333333333,2,2,TTTTAGATGGCTATCTCTGT,0,662423
cpxRp2,0.3333333333333333,2,2,TTTTAGAGGGACAATAGCTC,0,680076
cpxRp2,0.3333333333333333,2,2,TTTGTAACAGGTTATCTCCC,0,687309
cpxRp2,0.3333333333333333,2,2,TTTGGGACAAAGGTTCCGCT,0,638230
cpxRp2,0.3333333333333333,2,2,TTTGGCAGAACAAGTTTACA,0,705140
cpxRp2,0.3333333333333333,2,2,TTTGATTCATGCCGAGGACA,0,654844
cpxRp2,0.3333333333333333,2,2,TTTGATTAGCCGTATCACAA,0,655999
cpxRp2,0.3333333333333333,2,2,TTTGATGGAGACCGCATATA,0,708218
cpxRp2,0.3333333333333333,2,2,TTTGATAAACCTAGCGAGGG,0,697776
cpxRp2,0.3333333333333333,2,2,TTTGAAAGTGATGGCGGATA,0,680267
cpxRp2,0.3333333333333333,2,2,TTTCTATCGCCCCGTTTCGG,0,647550
cpxRp2,0.3333333333333333,2,2,TTTCGCGTGACTTCCTCGCA,0,710436
cpxRp2,0.3333333333333333,2,2,TTTCCCAGTTGGGCCACCCG,0,671940
cpxRp2,0.3333333333333333,2,2,TTTCAGGATCGCCTGACCAA,0,699107
cpxRp2,0.3333333333333333,2,2,TTTAGTTAGAGTTGATTGTC,0,700130
cpxRp2,0.3333333333333333,2,2,TTTACCCGCGTTTCAGTGAT,0,686252
cpxRp2,0.3333333333333333,2,2,TTTACAGTTTTCAAATCGTT,0,644798
cpxRp2,0.3333333333333333,2,2,TTGTGTTATTAAGGAGGGTC,0,672822
cpxRp2,0.3333333333333333,2,2,TTGTGACACTGTCCTATTGT,0,665561
cpxRp2,0.3333333333333333,2,2,TTGTCTACGGCGTATCTGAT,0,676496
cpxRp2,0.3333333333333333,2,2,TTGTATATGCATTGTCCTAC,0,667962
cpxRp2,0.3333333333333333,2,2,TTGGTTGGGATTCATGGTCT,0,641768
cpxRp2,0.3333333333333333,2,2,TTGGTAACAGGCACTGGGTG,0,706955
cpxRp2,0.3333333333333333,2,2,TTGGGAATTGACAGTCTTTT,0,649060
cpxRp2,0.3333333333333333,2,2,TTGGCCCTTTGATACGATAG,0,659269
cpxRp2,0.3333333333333333,2,2,TTGGCAGAACGAGACTACAG,0,686232
cpxRp2,0.3333333333333333,2,2,TTGGCAACGAACTGCCGATA,0,657477
cpxRp2,0.3333333333333333,2,2,TTGGACGGCCTCCGTAGCCA,0,699922
cpxRp2,0.3333333333333333,2,2,TTGGACCCCAGGTTGCGACT,0,688285
cpxRp2,0.3333333333333333,2,2,TTGCTGCATCCTTAGTTAGC,0,653949
cpxRp2,0.3333333333333333,2,2,TTGCTACGCTGCATGAAGAG,0,653247
cpxRp2,0.3333333333333333,2,2,TTGCGGACCTCGTACATGCT,0,680854
cpxRp2,0.3333333333333333,2,2,TTGCCGGGACATTATTTTTC,0,631957
cpxRp2,0.3333333333333333,2,2,TTGATTTGGGCCTACACATA,0,639450
cpxRp2,0.3333333333333333,2,2,TTGATTCAACGCCATTGGGA,0,685128
cpxRp2,0.3333333333333333,2,2,TTGAGAATAGGTCTCTGTAT,0,652367
cpxRp2,0.3333333333333333,2,2,TTCTGTTCTAACGCTAGTCT,0,644791
cpxRp2,0.3333333333333333,2,2,TTCTGTGCCTTCCACGCCGG,0,680102
cpxRp2,0.3333333333333333,2,2,TTCTCGGGTTCACAGACGGT,0,677393
cpxRp2,0.3333333333333333,2,2,TTCTCAGGCTGAGTACAAAA,0,680908
cpxRp2,0.3333333333333333,2,2,TTCTAGTTAAATGTTACACT,0,643095
cpxRp2,0.3333333333333333,2,2,TTCGTTCGTTAAATACGGTT,0,629859
cpxRp2,0.3333333333333333,2,2,TTCGGTGGGGGAAGTATAGA,0,679922
cpxRp2,0.3333333333333333,2,2,TTCGGACGGTGTCGCCCACT,0,665214
cpxRp2,0.3333333333333333,2,2,TTCGGACCTGTCTTCCCGCC,0,657332
cpxRp2,0.3333333333333333,2,2,TTCGATCGTCCGAGGGACAT,0,680356
cpxRp2,0.3333333333333333,2,2,TTCGAGGTTTCTTTGTACGT,0,678924
cpxRp2,0.3333333333333333,2,2,TTCCTCCAAAACGCATCGCA,0,706517
cpxRp2,0.3333333333333333,2,2,TTCCGGTGCAAGACGCTAGG,0,653019
cpxRp2,0.3333333333333333,2,2,TTCCGGACCATGTCGAGCTC,0,679446
cpxRp2,0.3333333333333333,2,2,TTCCCCTTGTATCGTTATAT,0,703210
cpxRp2,0.3333333333333333,2,2,TTCCATTTGATAAGGATGGC,0,668340
cpxRp2,0.3333333333333333,2,2,TTCCAGGTGGAGGTCTCAAC,0,707381
cpxRp2,0.3333333333333333,2,2,TTCCACCCGATATTCGGGGA,0,671064
cpxRp2,0.3333333333333333,2,2,TTCATTGTGTTCACACACCG,0,631474
cpxRp2,0.3333333333333333,2,2,TTCATGGCGATCGGGGCAAA,0,655105
cpxRp2,0.3333333333333333,2,2,TTCAGGCATTGCTACGTCCA,0,671033
cpxRp2,0.3333333333333333,2,2,TTCACTCGTCGGGAGAGACT,0,684008
cpxRp2,0.3333333333333333,2,2,TTCACGGTAGGCTTAGAAGG,0,675650
cpxRp2,0.3333333333333333,2,2,TTCACCTGGTCTTCTGAAAC,0,691712
cpxRp2,0.3333333333333333,2,2,TTCAAGCAGTCCAATGTGAT,0,697763
cpxRp2,0.3333333333333333,2,2,TTCAACTAGCCACTCTATCA,0,661065
cpxRp2,0.3333333333333333,2,2,TTCAAATATATGGTTGTGTT,0,642021
cpxRp2,0.3333333333333333,2,2,TTATTGTGCGATACGGTTTA,0,651758
cpxRp2,0.3333333333333333,2,2,TTATTGTCGAAACCGAGAAC,0,653046
cpxRp2,0.3333333333333333,2,2,TTATTAATTAAGTCTGAGGT,0,669269
cpxRp2,0.3333333333333333,2,2,TTATGCGGGCGCAGTATCTC,0,670322
cpxRp2,0.3333333333333333,2,2,TTATCCGCCTCGCACACTCC,0,708634
cpxRp2,0.3333333333333333,2,2,TTATAGCACGAAGGGAGCGA,0,681548
cpxRp2,0.3333333333333333,2,2,TTATAACTCACATATTGTAC,0,644220
cpxRp2,0.3333333333333333,2,2,TTAGTTATTTGGCCTTTCTT,0,690161
cpxRp2,0.3333333333333333,2,2,TTAGGGGGACTAGGGAGTCA,0,631966
cpxRp2,0.3333333333333333,2,2,TTAGGCTTATACCAAACAAG,0,706835
cpxRp2,0.3333333333333333,2,2,TTAGATCCGCAGGCGGACGC,0,662678
cpxRp2,0.3333333333333333,2,2,TTACCGTCCGTTTTCGCGCA,0,681797
cpxRp2,0.3333333333333333,2,2,TTACCAATGGATATGCAGGA,0,681066
cpxRp2,0.3333333333333333,2,2,TTACATGGGGTGCACGGGAA,0,688832
cpxRp2,0.3333333333333333,2,2,TTACAGTCATTGATATGGGA,0,680354
cpxRp2,0.3333333333333333,2,2,TTACAGAGGCCGTCAGTTTT,0,682137
cpxRp2,0.3333333333333333,2,2,TTACAGAATCCGTCGATTAA,0,677777
cpxRp2,0.3333333333333333,2,2,TTACACGTACTACAATTCAT,0,680657
cpxRp2,0.3333333333333333,2,2,TTAATGCGCGCTCTCCGATC,0,678377
cpxRp2,0.3333333333333333,2,2,TTAATGCAAGCAAGTGGCGG,0,661503
cpxRp2,0.3333333333333333,2,2,TTAATCAGGACGCACATGGA,0,641199
cpxRp2,0.3333333333333333,2,2,TTAAGCGTTTCGGCGGAAAT,0,690298
cpxRp2,0.3333333333333333,2,2,TTAAGCGGTCACATCCGGGG,0,672947
cpxRp2,0.3333333333333333,2,2,TTAACGCGCGGGGTAGCCGG,0,675509
cpxRp2,0.3333333333333333,2,2,TTAACGAGGAAAACTACCAA,0,674798
cpxRp2,0.3333333333333333,2,2,TTAAATGCCGCAATTTTTCA,0,666094
cpxRp2,0.3333333333333333,2,2,TTAAATATGGACTTTCACGC,0,690497
cpxRp2,0.3333333333333333,2,2,TTAAAGAGATGTGGCTTGGA,0,651377
cpxRp2,0.3333333333333333,2,2,TTAAAACAGCTGGAGCAGAT,0,668715
cpxRp2,0.3333333333333333,2,2,TGTTTGTTGTAGGGAATGGG,0,669542
cpxRp2,0.3333333333333333,2,2,TGTTTGATGTACCTCTACCT,0,686438
cpxRp2,0.3333333333333333,2,2,TGTTTATATGAGTATGGTGA,0,645517
cpxRp2,0.3333333333333333,2,2,TGTTTAGGGGTGCCGCGATG,0,640763
cpxRp2,0.3333333333333333,2,2,TGTTGTAGATCATCTGCAGA,0,704738
cpxRp2,0.3333333333333333,2,2,TGTTCAGGAGATGCAGTTGG,0,701163
cpxRp2,0.3333333333333333,2,2,TGTTCAGAGAGGCAATCTCT,0,703435
cpxRp2,0.3333333333333333,2,2,TGTTAGACCAAATTTGTCGG,0,651669
cpxRp2,0.3333333333333333,2,2,TGTTAATGGGTGGCATCAGT,0,697572
cpxRp2,0.3333333333333333,2,2,TGTGTGTGCAGCGCCGCATG,0,659811
cpxRp2,0.3333333333333333,2,2,TGTGTATCCTGTGGGCTTAG,0,695167
cpxRp2,0.3333333333333333,2,2,TGTGTACATCAGATAGGCGG,0,661546
cpxRp2,0.3333333333333333,2,2,TGTGGAGGAGGTTATGCGAC,0,666242
cpxRp2,0.3333333333333333,2,2,TGTGCCAGATAGGGGCGCTA,0,699360
cpxRp2,0.3333333333333333,2,2,TGTGAGCATCAAGTTCAATG,0,653041
cpxRp2,0.3333333333333333,2,2,TGTGACAAACGGCTCAGCGC,0,642725
cpxRp2,0.3333333333333333,2,2,TGTAGTCTGCTCGTGTAGTG,0,641254
cpxRp2,0.3333333333333333,2,2,TGTAGGTTTAAAAGATTAAA,0,641342
cpxRp2,0.3333333333333333,2,2,TGTAGGAACCTCAACGGACC,0,642754
cpxRp2,0.3333333333333333,2,2,TGTAGCGATGAAACACCCTA,0,684641
cpxRp2,0.3333333333333333,2,2,TGTAGAGTATTTTAAAGGCC,0,700467
cpxRp2,0.3333333333333333,2,2,TGGTGGTCGATTAATCTTCG,0,701576
cpxRp2,0.3333333333333333,2,2,TGGTCAGCAACTGTAGAGCC,0,671628
cpxRp2,0.3333333333333333,2,2,TGGTAATCCTCATTAGCATC,0,680647
cpxRp2,0.3333333333333333,2,2,TGGGTCCCCCACTCACGGCG,0,674652
cpxRp2,0.3333333333333333,2,2,TGGGGATCATTAGTAGACTA,0,684057
cpxRp2,0.3333333333333333,2,2,TGGGCGTGGTGCGCCTGGGC,0,642863
cpxRp2,0.3333333333333333,2,2,TGGGCATGTTTCAGGATACT,0,688299
cpxRp2,0.3333333333333333,2,2,TGGGAGAGTCTTAAGAACCT,0,641810
cpxRp2,0.3333333333333333,2,2,TGGGAGAGTATCGGGCCAGT,0,677822
cpxRp2,0.3333333333333333,2,2,TGGGAAGGCCACTTATTGAG,0,648018
cpxRp2,0.3333333333333333,2,2,TGGCGGGTTCAATGATCGCT,0,647209
cpxRp2,0.3333333333333333,2,2,TGGCACCCCATTGTTAGGTC,0,657835
cpxRp2,0.3333333333333333,2,2,TGGATGTGTGCCTTTGGAAA,0,712190
cpxRp2,0.3333333333333333,2,2,TGGATCGGACGCCATTGCCC,0,638646
cpxRp2,0.3333333333333333,2,2,TGGAGTCAAATGTTCTCCGT,0,646196
cpxRp2,0.3333333333333333,2,2,TGGAGTACCGGGTCGCGCGT,0,647867
cpxRp2,0.3333333333333333,2,2,TGGACGTTGCCCCCTGTCAT,0,630948
cpxRp2,0.3333333333333333,2,2,TGCTGCCGTAAGGTGTGCCA,0,635957
cpxRp2,0.3333333333333333,2,2,TGCTCACGAATCGATATTGT,0,675320
cpxRp2,0.3333333333333333,2,2,TGCTAGCATTGCTCGGACCA,0,669681
cpxRp2,0.3333333333333333,2,2,TGCGGTTTGTGGGGGGTGCC,0,642951
cpxRp2,0.3333333333333333,2,2,TGCGGTAAAACCCGGGACCA,0,635594
cpxRp2,0.3333333333333333,2,2,TGCGGGTACTGCATGTTCTC,0,666036
cpxRp2,0.3333333333333333,2,2,TGCGGGCATATACTGCAATG,0,707889
cpxRp2,0.3333333333333333,2,2,TGCGGGAAGGGAAAGTTTAT,0,660965
cpxRp2,0.3333333333333333,2,2,TGCGCGGTACGCTTTGACCT,0,640595
cpxRp2,0.3333333333333333,2,2,TGCGCCAGGTTGACCCCTTG,0,643469
cpxRp2,0.3333333333333333,2,2,TGCGATTGATGCCCTGGCTA,0,702880
cpxRp2,0.3333333333333333,2,2,TGCCTTTACGGACCCGTAGC,0,648802
cpxRp2,0.3333333333333333,2,2,TGCCTCATCGGGGCCTCTTA,0,711133
cpxRp2,0.3333333333333333,2,2,TGCCGCCTAACAAGAGGTGC,0,654713
cpxRp2,0.3333333333333333,2,2,TGCCCTTTGACCCGCTAGAC,0,638397
cpxRp2,0.3333333333333333,2,2,TGCCCTTTATGATCATAGCG,0,701052
cpxRp2,0.3333333333333333,2,2,TGCAGTGATATTAAAGGGAA,0,693185
cpxRp2,0.3333333333333333,2,2,TGCAGACACTTCCAGCTTGC,0,660189
cpxRp2,0.3333333333333333,2,2,TGCACAAACCGGAGAAATAG,0,649180
cpxRp2,0.3333333333333333,2,2,TGATTTGGTACTACAGCACG,0,648876
cpxRp2,0.3333333333333333,2,2,TGATGTCATCAGAATACGAT,0,655375
cpxRp2,0.3333333333333333,2,2,TGATGAGGTATACCTATATT,0,705634
cpxRp2,0.3333333333333333,2,2,TGATGAATTTAGCGCACACC,0,702680
cpxRp2,0.3333333333333333,2,2,TGATAGTGAATTGTAATTAG,0,645852
cpxRp2,0.3333333333333333,2,2,TGAGTTTCGTTGAAAGGGCT,0,702398
cpxRp2,0.3333333333333333,2,2,TGAGTTGACCTCGGAAGGGG,0,671934
cpxRp2,0.3333333333333333,2,2,TGAGTGTTCGGGTGATGTGG,0,658631
cpxRp2,0.3333333333333333,2,2,TGAGGGGAAACAAAACTTTC,0,664873
cpxRp2,0.3333333333333333,2,2,TGAGGCTGGGATGTATTATC,0,704518
cpxRp2,0.3333333333333333,2,2,TGAGCCTGAACAAGGTCTAT,0,642580
cpxRp2,0.3333333333333333,2,2,TGAGACCGTCTAACAAAAGA,0,654594
cpxRp2,0.3333333333333333,2,2,TGACTACCTTTTTCCTAAAT,0,635554
cpxRp2,0.3333333333333333,2,2,TGACGGGGTAAACTATATTA,0,677878
cpxRp2,0.3333333333333333,2,2,TGACACCAATTCACGCCGTG,0,675407
cpxRp2,0.3333333333333333,2,2,TGAATGGCTTCCGCATTGGA,0,641822
cpxRp2,0.3333333333333333,2,2,TGAATCGAACTTCTCATCAC,0,658800
cpxRp2,0.3333333333333333,2,2,TGAATAGCCCCGGGGATCTG,0,667211
cpxRp2,0.3333333333333333,2,2,TGAAGGGTGTCCGTTTGATG,0,634902
cpxRp2,0.3333333333333333,2,2,TGAACATACGTAACATGCCC,0,653038
cpxRp2,0.3333333333333333,2,2,TCTTTGCTTAGCCTACTTGG,0,636717
cpxRp2,0.3333333333333333,2,2,TCTTCCCCGGAGTGGGACCT,0,707819
cpxRp2,0.3333333333333333,2,2,TCTTAGAGGATTGGGGGAAG,0,637092
cpxRp2,0.3333333333333333,2,2,TCTTAAGTTATTAATGGTGG,0,701013
cpxRp2,0.3333333333333333,2,2,TCTGTTCTGGGCGAGGTTAC,0,654083
cpxRp2,0.3333333333333333,2,2,TCTGTTAATATGATAGAGCT,0,676504
cpxRp2,0.3333333333333333,2,2,TCTGCGGTCAGTGACACGTT,0,640628
cpxRp2,0.3333333333333333,2,2,TCTGATGATTCATCATGCTG,0,673069
cpxRp2,0.3333333333333333,2,2,TCTCTGTAAGACCGATGAAG,0,700414
cpxRp2,0.3333333333333333,2,2,TCTCTGGGTGGTGCCGGAAC,0,636206
cpxRp2,0.3333333333333333,2,2,TCTCGGTGCAAGGCGGGAGG,0,629920
cpxRp2,0.3333333333333333,2,2,TCTCCCTCCGGCCGACCAAA,0,642306
cpxRp2,0.3333333333333333,2,2,TCTATGTTTCATATCGGGAC,0,630163
cpxRp2,0.3333333333333333,2,2,TCTAGCTTGCGTGCCAATGG,0,681245
cpxRp2,0.3333333333333333,2,2,TCTAGACGCTGGCCACCCGC,0,678739
cpxRp2,0.3333333333333333,2,2,TCTACACGATGTAAACTGGC,0,673197
cpxRp2,0.3333333333333333,2,2,TCTAAACAGTGCCCAAATAC,0,711935
cpxRp2,0.3333333333333333,2,2,TCGTTTGACCTTGATCCGGT,0,652035
cpxRp2,0.3333333333333333,2,2,TCGTCGGGTATAATAATCGG,0,649121
cpxRp2,0.3333333333333333,2,2,TCGTAGCGGTGAGTAAAAGG,0,672626
cpxRp2,0.3333333333333333,2,2,TCGGTGCTTCAAAGTCGGCT,0,671744
cpxRp2,0.3333333333333333,2,2,TCGGGCAAGAACTGAGCACG,0,654986
cpxRp2,0.3333333333333333,2,2,TCGGGACCTCAATAATAGAT,0,687609
cpxRp2,0.3333333333333333,2,2,TCGGCGAACCTCGCGGACTA,0,690275
cpxRp2,0.3333333333333333,2,2,TCGGCCCAGTAGTAATTGAA,0,633339
cpxRp2,0.3333333333333333,2,2,TCGCTCGATGTAGTTCCGAC,0,657440
cpxRp2,0.3333333333333333,2,2,TCGCGCCAGACACTATAGTG,0,695083
cpxRp2,0.3333333333333333,2,2,TCGCGCAGTTGAACTGGGGG,0,646000
cpxRp2,0.3333333333333333,2,2,TCGATATTTGCCGCATACTC,0,630497
cpxRp2,0.3333333333333333,2,2,TCGAGTGGGGTGATCAAGAG,0,686432
cpxRp2,0.3333333333333333,2,2,TCGAGATTTGAGTGGTTGAT,0,689928
cpxRp2,0.3333333333333333,2,2,TCCTTGCCGCACGTCAACGT,0,646319
cpxRp2,0.3333333333333333,2,2,TCCTTATGTTAGGTCCCCCA,0,671070
cpxRp2,0.3333333333333333,2,2,TCCTGGTCAACCGAGCGCTG,0,631220
cpxRp2,0.3333333333333333,2,2,TCCTCTATTATAACGCTGGT,0,703927
cpxRp2,0.3333333333333333,2,2,TCCTAGGGTTCATGAGATTG,0,630401
cpxRp2,0.3333333333333333,2,2,TCCTACTGCACCCTAATCGA,0,661761
cpxRp2,0.3333333333333333,2,2,TCCGTGTGGGCTACGTTCAG,0,630018
cpxRp2,0.3333333333333333,2,2,TCCGGTCTCTTACGGCCATC,0,665763
cpxRp2,0.3333333333333333,2,2,TCCGGGCGGTTGAGCAGGGG,0,630128
cpxRp2,0.3333333333333333,2,2,TCCGGGCGGAGAAAACCCAA,0,657099
cpxRp2,0.3333333333333333,2,2,TCCGGGATGAAAGAGACACG,0,662180
cpxRp2,0.3333333333333333,2,2,TCCGAAATTGCTGCCAACGC,0,695757
cpxRp2,0.3333333333333333,2,2,TCCCTCTCGTGTCCTTGTTA,0,645283
cpxRp2,0.3333333333333333,2,2,TCCCGTCCTAGGGTACTTCA,0,709654
cpxRp2,0.3333333333333333,2,2,TCCCCAAGGCCCAGTCACTC,0,653717
cpxRp2,0.3333333333333333,2,2,TCCAGGTTCAAAGCACTAAG,0,667477
cpxRp2,0.3333333333333333,2,2,TCCAGAGCATTCTTCCGAGG,0,638901
cpxRp2,0.3333333333333333,2,2,TCCAAATGGCTCACGCGAAA,0,643111
cpxRp2,0.3333333333333333,2,2,TCATTTTTTGTATTTGGATC,0,653002
cpxRp2,0.3333333333333333,2,2,TCATTTTTCGCCATCGGAAT,0,649396
cpxRp2,0.3333333333333333,2,2,TCATTATCCCAGTTTAGGAG,0,660239
cpxRp2,0.3333333333333333,2,2,TCATTACCTTCCCTTGTAGG,0,669849
cpxRp2,0.3333333333333333,2,2,TCATGCATCGGGATGCACGT,0,700712
cpxRp2,0.3333333333333333,2,2,TCATCTCACTTGTCCTGTGA,0,660863
cpxRp2,0.3333333333333333,2,2,TCATCATAAAGGATTGGAAC,0,630277
cpxRp2,0.3333333333333333,2,2,TCATCAGAAGAGTGGATCGT,0,655368
cpxRp2,0.3333333333333333,2,2,TCAGGGGGTGCAATTTCCCA,0,687845
cpxRp2,0.3333333333333333,2,2,TCAGATTTTATGCTCCTCAC,0,685344
cpxRp2,0.3333333333333333,2,2,TCACTACTTTTTCTTATCAT,0,649680
cpxRp2,0.3333333333333333,2,2,TCACGGGGAGAGTCCCCCGA,0,659674
cpxRp2,0.3333333333333333,2,2,TCACGATTCACTAAGTCCCT,0,672059
cpxRp2,0.3333333333333333,2,2,TCAAGCAAACTGTTTATGTC,0,670305
cpxRp2,0.3333333333333333,2,2,TCAAGATCAGTCCCGGAAGC,0,678814
cpxRp2,0.3333333333333333,2,2,TCAACACAACAGGATCTATT,0,706513
cpxRp2,0.3333333333333333,2,2,TCAACAAAATGAGGTCGTCA,0,663342
cpxRp2,0.3333333333333333,2,2,TCAAAGTTAACTCCCATCAA,0,689128
cpxRp2,0.3333333333333333,2,2,TCAAAAAAACGCGATTTATA,0,646545
cpxRp2,0.3333333333333333,2,2,TATTGGTGGTCCCCGCCCAC,0,650028
cpxRp2,0.3333333333333333,2,2,TATTGGGTGCTACGGACCGC,0,664136
cpxRp2,0.3333333333333333,2,2,TATTGATCTTTTGGTTGATT,0,707154
cpxRp2,0.3333333333333333,2,2,TATTGAACCGCCACGTGTCC,0,704003
cpxRp2,0.3333333333333333,2,2,TATTCTCTCGGAACCCCTCC,0,708291
cpxRp2,0.3333333333333333,2,2,TATTACGCATGAGACAGCAT,0,633569
cpxRp2,0.3333333333333333,2,2,TATGCCTGAAAGGTGTCTGT,0,639824
cpxRp2,0.3333333333333333,2,2,TATCAGAGAGGTTCAGGCGT,0,698412
cpxRp2,0.3333333333333333,2,2,TATAGCGGCGCCCCGTGCAG,0,681683
cpxRp2,0.3333333333333333,2,2,TATACGCTGCACATTTAGGC,0,700827
cpxRp2,0.3333333333333333,2,2,TATAAGTCGTGAAGTACCGG,0,645137
cpxRp2,0.3333333333333333,2,2,TAGGTTAAGGCAACACACAG,0,690758
cpxRp2,0.3333333333333333,2,2,TAGGTGTGGGAGCCAGGCCG,0,667088
cpxRp2,0.3333333333333333,2,2,TAGGTATCCCTAGATTTTGG,0,661855
cpxRp2,0.3333333333333333,2,2,TAGGAGGGGTACGGTCTACA,0,709177
cpxRp2,0.3333333333333333,2,2,TAGCTTACTGATTCTGTAAC,0,651212
cpxRp2,0.3333333333333333,2,2,TAGCGATATGGGCCTATCGT,0,641169
cpxRp2,0.3333333333333333,2,2,TAGCCTCATGGTAAGCTCAT,0,704473
cpxRp2,0.3333333333333333,2,2,TAGCCGTTGAATGATTGCGT,0,702069
cpxRp2,0.3333333333333333,2,2,TAGCAGTGCATATGGTTGTT,0,687007
cpxRp2,0.3333333333333333,2,2,TAGATTGCACAGCAGAACGA,0,643874
cpxRp2,0.3333333333333333,2,2,TAGAGTCGGTGAGGAGCATC,0,631407
cpxRp2,0.3333333333333333,2,2,TAGACACCAATTTGTTTTAG,0,674881
cpxRp2,0.3333333333333333,2,2,TAGAACGGATCGTTTGTTCT,0,656126
cpxRp2,0.3333333333333333,2,2,TACTCGTCATCCGGACGCAT,0,678843
cpxRp2,0.3333333333333333,2,2,TACTCGCTTGATATTTCACA,0,636120
cpxRp2,0.3333333333333333,2,2,TACTAGACTTCACAAGCAAT,0,660252
cpxRp2,0.3333333333333333,2,2,TACTAATTTATCCCGTGACC,0,642424
cpxRp2,0.3333333333333333,2,2,TACGTGTGTCGCCAATGTTC,0,711230
cpxRp2,0.3333333333333333,2,2,TACGTGTCACTCTGCATAGA,0,643357
cpxRp2,0.3333333333333333,2,2,TACGGACTTGCTCGGCCTCG,0,694063
cpxRp2,0.3333333333333333,2,2,TACGGAATTCGTCACATCTG,0,640767
cpxRp2,0.3333333333333333,2,2,TACGCTAGGTGCTAAATCAC,0,676536
cpxRp2,0.3333333333333333,2,2,TACGCCATCATCACGACCAA,0,685165
cpxRp2,0.3333333333333333,2,2,TACCTACTCCGCCACGTTGC,0,635490
cpxRp2,0.3333333333333333,2,2,TACCGGCGGGCTATCGTTGG,0,680544
cpxRp2,0.3333333333333333,2,2,TACCCGAAGCGGGTTACGTA,0,634842
cpxRp2,0.3333333333333333,2,2,TACCAATTGGTTGGTAGGAT,0,696602
cpxRp2,0.3333333333333333,2,2,TACATAGCCGGTTACGATAA,0,671436
cpxRp2,0.3333333333333333,2,2,TACAGTCCGGGAGTCTAATA,0,649766
cpxRp2,0.3333333333333333,2,2,TACAGTCCACGTATGATGTT,0,666834
cpxRp2,0.3333333333333333,2,2,TACAAAGAGTGGACGGAGTA,0,678972
cpxRp2,0.3333333333333333,2,2,TAATTAATTACCGCGGATGC,0,693704
cpxRp2,0.3333333333333333,2,2,TAATGCGCTCGACTATGCCG,0,657064
cpxRp2,0.3333333333333333,2,2,TAATGACTTGGAGTCAGCCA,0,652365
cpxRp2,0.3333333333333333,2,2,TAATGAATCTAGCCTACTCT,0,664507
cpxRp2,0.3333333333333333,2,2,TAATCCACGAATCCCGTTAA,0,669173
cpxRp2,0.3333333333333333,2,2,TAATCATGGCAGGGCCTTGT,0,698455
cpxRp2,0.3333333333333333,2,2,TAATCACCTTCGAACTGCTG,0,659021
cpxRp2,0.3333333333333333,2,2,TAATATTTTCGCGCATAAAT,0,667252
cpxRp2,0.3333333333333333,2,2,TAAGTGGGGGTGGGTACAGA,0,685537
cpxRp2,0.3333333333333333,2,2,TAAGGTGGAGTATCTCTACC,0,650859
cpxRp2,0.3333333333333333,2,2,TAAGGGACGTGCTGAAGGAG,0,639115
cpxRp2,0.3333333333333333,2,2,TAAGACATTTTAGTAATGAT,0,658227
cpxRp2,0.3333333333333333,2,2,TAACTCCCTTCTACCGAGTT,0,709159
cpxRp2,0.3333333333333333,2,2,TAACCTCTCGTAAACGGAAT,0,636133
cpxRp2,0.3333333333333333,2,2,TAACATCCGATTTTGCAGCA,0,641159
cpxRp2,0.3333333333333333,2,2,TAACATCCCCCGTGATGCAG,0,699742
cpxRp2,0.3333333333333333,2,2,TAACATCAGTCTCAACGCTA,0,650060
cpxRp2,0.3333333333333333,2,2,TAACAGCAGTGTGATTTGTC,0,665726
cpxRp2,0.3333333333333333,2,2,TAAATTCATTTAGCGGCCTT,0,700733
cpxRp2,0.3333333333333333,2,2,TAAATGTTACGAACAAAACT,0,655665
cpxRp2,0.3333333333333333,2,2,TAAATGTCGTTCGGCAGAGA,0,684029
cpxRp2,0.3333333333333333,2,2,TAAATAAAAAGTTCCAGGTA,0,658562
cpxRp2,0.3333333333333333,2,2,TAAAGCTCCGGCCCAATAGA,0,638089
cpxRp2,0.3333333333333333,2,2,TAAACACCGGACACGGCAAC,0,634926
cpxRp2,0.3333333333333333,2,2,TAAAATAGCTGTGTGTATTT,0,659082
cpxRp2,0.3333333333333333,2,2,GTTTTAACGATGCTGCCGGA,0,677776
cpxRp2,0.3333333333333333,2,2,GTTTGCATGTGTATAGATTC,0,648686
cpxRp2,0.3333333333333333,2,2,GTTTCTCAGGAAAACGGGGG,0,688544
cpxRp2,0.3333333333333333,2,2,GTTGTCAGCCACACCGATGT,0,700365
cpxRp2,0.3333333333333333,2,2,GTTGTCAGAGGCAGACTGTC,0,639869
cpxRp2,0.3333333333333333,2,2,GTTGCGTGAAATTACTCCTG,0,650221
cpxRp2,0.3333333333333333,2,2,GTTGATGCGGTTCGAACTAC,0,702701
cpxRp2,0.3333333333333333,2,2,GTTGAAAAGTATACATGCGT,0,700899
cpxRp2,0.3333333333333333,2,2,GTTCTCGACTTATCGCTAGC,0,642768
cpxRp2,0.3333333333333333,2,2,GTTCGCATTTGGGGCTGGTG,0,687321
cpxRp2,0.3333333333333333,2,2,GTTCCGATCTTATTGCACAT,0,635408
cpxRp2,0.3333333333333333,2,2,GTTCCGAACCCAAGGCTTGA,0,641821
cpxRp2,0.3333333333333333,2,2,GTTCACGTAGGAATTGGACG,0,710535
cpxRp2,0.3333333333333333,2,2,GTTCACGAGTTGAATTGCCC,0,698127
cpxRp2,0.3333333333333333,2,2,GTTACCGGGACGGTTGGCGA,0,675553
cpxRp2,0.3333333333333333,2,2,GTGTTTGTTTCATATACGGG,0,654697
cpxRp2,0.3333333333333333,2,2,GTGTCGTGTCATAGATGCTG,0,678779
cpxRp2,0.3333333333333333,2,2,GTGTATCCGCGGGTAATACT,0,630590
cpxRp2,0.3333333333333333,2,2,GTGTAGTTCTGACTATAGCA,0,684642
cpxRp2,0.3333333333333333,2,2,GTGTAGGGGGCAGTCAGAAC,0,652126
cpxRp2,0.3333333333333333,2,2,GTGTAAAACATCATCTCTTG,0,641964
cpxRp2,0.3333333333333333,2,2,GTGGTGAACATGCTGTAGCG,0,691447
cpxRp2,0.3333333333333333,2,2,GTGGTCAAGGGGCTGATAGT,0,670735
cpxRp2,0.3333333333333333,2,2,GTGGGGAAGCGTGGCCACTA,0,674486
cpxRp2,0.3333333333333333,2,2,GTGGCTCTTCTATTGCAGTA,0,663881
cpxRp2,0.3333333333333333,2,2,GTGGCCCCGAGCGTTAAATT,0,639106
cpxRp2,0.3333333333333333,2,2,GTGGAGTGGCCGCCGAATAA,0,674353
cpxRp2,0.3333333333333333,2,2,GTGCTTGAGGCTGGAGCATT,0,672748
cpxRp2,0.3333333333333333,2,2,GTGCTAGGGGGGGTATGTTA,0,631730
cpxRp2,0.3333333333333333,2,2,GTGCGTTGTCTACAATAAGT,0,688339
cpxRp2,0.3333333333333333,2,2,GTGCGTCGGGACTCTATGTT,0,674358
cpxRp2,0.3333333333333333,2,2,GTGCGAACACACCGGCCAGT,0,708786
cpxRp2,0.3333333333333333,2,2,GTGATGTCCCTAACGCAGAT,0,686079
cpxRp2,0.3333333333333333,2,2,GTGATGGCTTATTGACTTGA,0,709915
cpxRp2,0.3333333333333333,2,2,GTGAGTCATCAAATCTAGTT,0,631237
cpxRp2,0.3333333333333333,2,2,GTGAGCATCGTCTAGAAGTA,0,665096
cpxRp2,0.3333333333333333,2,2,GTGACAATCAGCAAGCAGTA,0,683856
cpxRp2,0.3333333333333333,2,2,GTGAATCGGCGTTCACCTCC,0,681338
cpxRp2,0.3333333333333333,2,2,GTCTTGGTGCGGACCCCCTA,0,642451
cpxRp2,0.3333333333333333,2,2,GTCTTCGGGAGGGTGCTAGT,0,688945
cpxRp2,0.3333333333333333,2,2,GTCTGTGGTAATCCAACTTC,0,631497
cpxRp2,0.3333333333333333,2,2,GTCTGCGTACATGATAGGTA,0,656614
cpxRp2,0.3333333333333333,2,2,GTCTCTAGGGACAGTGCGTT,0,675389
cpxRp2,0.3333333333333333,2,2,GTCGTATATCGCAAGACCGG,0,643471
cpxRp2,0.3333333333333333,2,2,GTCGCAAAGTAACTGCTTCT,0,632638
cpxRp2,0.3333333333333333,2,2,GTCCGTCACGATCACGGAGA,0,701661
cpxRp2,0.3333333333333333,2,2,GTCCGGCCGGGGCACCTTCT,0,681342
cpxRp2,0.3333333333333333,2,2,GTCCAACGGAGCAATGTGAA,0,643270
cpxRp2,0.3333333333333333,2,2,GTCAGATCGTGGGTAGTGAA,0,643138
cpxRp2,0.3333333333333333,2,2,GTCACTGATTAGCATAATCC,0,631049
cpxRp2,0.3333333333333333,2,2,GTCACGTGCTCCCAAATGGG,0,693926
cpxRp2,0.3333333333333333,2,2,GTATTCACCCTGCGGTGGTA,0,709120
cpxRp2,0.3333333333333333,2,2,GTATCCTTTACTCGTCGAGT,0,708343
cpxRp2,0.3333333333333333,2,2,GTATAGGGGCCGTCACTCCA,0,644828
cpxRp2,0.3333333333333333,2,2,GTAGTTAATTTCATGGGCGT,0,702410
cpxRp2,0.3333333333333333,2,2,GTAGGACATGGGCGTACCCC,0,708102
cpxRp2,0.3333333333333333,2,2,GTAGCGCTTATGTATATGGA,0,634658
cpxRp2,0.3333333333333333,2,2,GTAGAGGTAAATAATGGATA,0,633774
cpxRp2,0.3333333333333333,2,2,GTAGAGGGACGGTCAGATGA,0,679090
cpxRp2,0.3333333333333333,2,2,GTAGAAATAATTCACTATCA,0,683010
cpxRp2,0.3333333333333333,2,2,GTACCTCGGGCAAGCTCAAT,0,700494
cpxRp2,0.3333333333333333,2,2,GTACATCCGTGGCTTTCAAG,0,679176
cpxRp2,0.3333333333333333,2,2,GTAATCCGAGGACTGAAATT,0,682341
cpxRp2,0.3333333333333333,2,2,GTAAAGTTCCTAGCACTTCT,0,689674
cpxRp2,0.3333333333333333,2,2,GTAAACCATTTGGCCCGGAC,0,630793
cpxRp2,0.3333333333333333,2,2,GTAAAATGTCTATGCCTGAT,0,630490
cpxRp2,0.3333333333333333,2,2,GGTTTCCAGGGGATCGACTT,0,634087
cpxRp2,0.3333333333333333,2,2,GGTTGGAACAAGTCGTACCG,0,673841
cpxRp2,0.3333333333333333,2,2,GGTTGCACCTCTATTCTGAT,0,701616
cpxRp2,0.3333333333333333,2,2,GGTTAGGGTGGAAGAAGAGA,0,705166
cpxRp2,0.3333333333333333,2,2,GGTGTTCATAGAGTAGGAAG,0,634294
cpxRp2,0.3333333333333333,2,2,GGTGTTAGTTGCTCGGCGGA,0,632990
cpxRp2,0.3333333333333333,2,2,GGTGTGTTTCGCTAGAGGAC,0,679532
cpxRp2,0.3333333333333333,2,2,GGTGGAGGATCCCGCTCGAC,0,666536
cpxRp2,0.3333333333333333,2,2,GGTGCATAAACTGACCAAAA,0,693817
cpxRp2,0.3333333333333333,2,2,GGTCTTGCCTGCCGGTGTCT,0,708611
cpxRp2,0.3333333333333333,2,2,GGTCTAGTGAGGCAACCAGA,0,644315
cpxRp2,0.3333333333333333,2,2,GGTCTACGGTAAAGCGCAGT,0,699710
cpxRp2,0.3333333333333333,2,2,GGTCGGTCCGCGGGAGATAG,0,655663
cpxRp2,0.3333333333333333,2,2,GGTCCAGTGTCAACAATGCT,0,632277
cpxRp2,0.3333333333333333,2,2,GGTCAACAATGGTTCTGTCG,0,632587
cpxRp2,0.3333333333333333,2,2,GGTCAAACGTTTATAGAAGA,0,650631
cpxRp2,0.3333333333333333,2,2,GGTATGGCCCCGCCGTGGCG,0,656190
cpxRp2,0.3333333333333333,2,2,GGTACACAGGACTCAGACTT,0,679787
cpxRp2,0.3333333333333333,2,2,GGGTTGCGTGGTAAACCGAT,0,683919
cpxRp2,0.3333333333333333,2,2,GGGTTATTGGACAACTGGAG,0,638458
cpxRp2,0.3333333333333333,2,2,GGGTTAAATCCAATTATCGA,0,688102
cpxRp2,0.3333333333333333,2,2,GGGTGCCATCTCACCAAGAG,0,694030
cpxRp2,0.3333333333333333,2,2,GGGTCTATACTCGCCGGGAG,0,643680
cpxRp2,0.3333333333333333,2,2,GGGTCCTCGGACTGCGTTCA,0,682284
cpxRp2,0.3333333333333333,2,2,GGGTATATTCCCTCGGCGGT,0,630099
cpxRp2,0.3333333333333333,2,2,GGGGTCACCTATTATTTGTC,0,639199
cpxRp2,0.3333333333333333,2,2,GGGGTACGTTGTCGCCGAGC,0,692182
cpxRp2,0.3333333333333333,2,2,GGGGGTACACTATGGTGCTC,0,666651
cpxRp2,0.3333333333333333,2,2,GGGGGGTCAAGTCGGTGGGA,0,694159
cpxRp2,0.3333333333333333,2,2,GGGGGCTCGGTTAGACAGAG,0,658718
cpxRp2,0.3333333333333333,2,2,GGGGGCGCCATCGAGCGCGC,0,684267
cpxRp2,0.3333333333333333,2,2,GGGGGCAACAAGCATGGCTT,0,698894
cpxRp2,0.3333333333333333,2,2,GGGGGATCCGGCTGCGCGGT,0,686727
cpxRp2,0.3333333333333333,2,2,GGGGAGTCCGTGCGCATCAG,0,650653
cpxRp2,0.3333333333333333,2,2,GGGGAAATCCCGCCATTTTG,0,662667
cpxRp2,0.3333333333333333,2,2,GGGCTCGAGGCGTTCGCAAA,0,676277
cpxRp2,0.3333333333333333,2,2,GGGCAGAGGCTTATTCCCTG,0,655142
cpxRp2,0.3333333333333333,2,2,GGGCAACATGAGTTCTCATG,0,697893
cpxRp2,0.3333333333333333,2,2,GGGATGATTGTGGACATTGG,0,662093
cpxRp2,0.3333333333333333,2,2,GGGATCACCCTAAGCGGGCA,0,688192
cpxRp2,0.3333333333333333,2,2,GGGAGTGGGACGAAGAACCA,0,702434
cpxRp2,0.3333333333333333,2,2,GGGAGGACAGGCGCAATGAA,0,667142
cpxRp2,0.3333333333333333,2,2,GGGAGCAGTGCCCATTGATT,0,708787
cpxRp2,0.3333333333333333,2,2,GGGACGTTTCGAAACCGAGC,0,689071
cpxRp2,0.3333333333333333,2,2,GGGACCTGGTCTCACGAGGA,0,635568
cpxRp2,0.3333333333333333,2,2,GGGACCTCAGTTTCAGTCCT,0,687592
cpxRp2,0.3333333333333333,2,2,GGGACCTACTATTGTTTCTC,0,676202
cpxRp2,0.3333333333333333,2,2,GGGACACGCATGAATATGCG,0,652398
cpxRp2,0.3333333333333333,2,2,GGGAATCGAAGGAACCACAT,0,678003
cpxRp2,0.3333333333333333,2,2,GGCTCTCGGAGACGGATCGA,0,672213
cpxRp2,0.3333333333333333,2,2,GGCGTTTTGTATCAGACACG,0,654068
cpxRp2,0.3333333333333333,2,2,GGCGTGACGTCTGCCCATGC,0,708592
cpxRp2,0.3333333333333333,2,2,GGCGGTATACCCTTCGTACA,0,703799
cpxRp2,0.3333333333333333,2,2,GGCGGAATGTGATACTGGAC,0,698130
cpxRp2,0.3333333333333333,2,2,GGCCTGGTTGCGATGGGTGT,0,699162
cpxRp2,0.3333333333333333,2,2,GGCCTGCCCGTTAGGGAGTG,0,631226
cpxRp2,0.3333333333333333,2,2,GGCCCGGCCATCCGTTCCCG,0,670920
cpxRp2,0.3333333333333333,2,2,GGCCCCGGGGTAAAGATCCA,0,671935
cpxRp2,0.3333333333333333,2,2,GGCACGACGCGATTGCCGAC,0,667480
cpxRp2,0.3333333333333333,2,2,GGCAATAGTCGTCATTTTTC,0,700780
cpxRp2,0.3333333333333333,2,2,GGCAAGCCCCAAAGGATTCA,0,661654
cpxRp2,0.3333333333333333,2,2,GGATGGATGACCTGGGAGAC,0,655834
cpxRp2,0.3333333333333333,2,2,GGATGATTGAATGGTATGAA,0,655381
cpxRp2,0.3333333333333333,2,2,GGATCGCAAACCGAAAAAGC,0,664305
cpxRp2,0.3333333333333333,2,2,GGATCAGGGTGAGGGGGATC,0,710812
cpxRp2,0.3333333333333333,2,2,GGATATACCGCTTTGACATA,0,703941
cpxRp2,0.3333333333333333,2,2,GGATAGCTCGTCAAACTGTG,0,707058
cpxRp2,0.3333333333333333,2,2,GGATACAGAGGCTATCTGCT,0,675950
cpxRp2,0.3333333333333333,2,2,GGATAACTAGATGTATCTAA,0,667687
cpxRp2,0.3333333333333333,2,2,GGAGTAAACTGGAAATGTAA,0,693525
cpxRp2,0.3333333333333333,2,2,GGAGGGGGTCTTAGATTCAT,0,672597
cpxRp2,0.3333333333333333,2,2,GGAGATCCAGGTCAATAGAA,0,670565
cpxRp2,0.3333333333333333,2,2,GGAGATAGGTCCTTTTAACA,0,632976
cpxRp2,0.3333333333333333,2,2,GGACCACGGAGCCCGTTGTC,0,691717
cpxRp2,0.3333333333333333,2,2,GGACATACATAAAAAATGTA,0,706463
cpxRp2,0.3333333333333333,2,2,GGACAGTTGGTCCTCAGGGT,0,673362
cpxRp2,0.3333333333333333,2,2,GGACAGCCGCATCTGGTTCG,0,691442
cpxRp2,0.3333333333333333,2,2,GGAAGTCCGACGAGGTTTGC,0,692628
cpxRp2,0.3333333333333333,2,2,GGAAGTATTTCCAGTAGGAC,0,682441
cpxRp2,0.3333333333333333,2,2,GGAAGCGAACAACGCCCCAA,0,707564
cpxRp2,0.3333333333333333,2,2,GGAAGCAAGTCCATATTCCA,0,705378
cpxRp2,0.3333333333333333,2,2,GCTTTTCGGTTTCACAACGT,0,693573
cpxRp2,0.3333333333333333,2,2,GCTTGTCCTATAAACACATC,0,635761
cpxRp2,0.3333333333333333,2,2,GCTTGGCCTATTTTGCCCCA,0,658543
cpxRp2,0.3333333333333333,2,2,GCTTCTCACTACCTTATTCG,0,671733
cpxRp2,0.3333333333333333,2,2,GCTTATCGTGCTTTAACAGA,0,707839
cpxRp2,0.3333333333333333,2,2,GCTTAGGGATTCCAGACCCC,0,641819
cpxRp2,0.3333333333333333,2,2,GCTGGGCGCGCCCACGCGTA,0,691332
cpxRp2,0.3333333333333333,2,2,GCTGGACCGTGCACGAAGTA,0,670965
cpxRp2,0.3333333333333333,2,2,GCTCTGATCAGCAACTGTGA,0,655662
cpxRp2,0.3333333333333333,2,2,GCTCGACGGTCACAAAGTTA,0,634422
cpxRp2,0.3333333333333333,2,2,GCTCCTGGGGAACGCTCTGT,0,654054
cpxRp2,0.3333333333333333,2,2,GCTCCGCGAGAAGGCGTGGT,0,660566
cpxRp2,0.3333333333333333,2,2,GCTCCGCGACTCTAGGTCGA,0,683970
cpxRp2,0.3333333333333333,2,2,GCTCAGACGGGGGCAGCCGA,0,645357
cpxRp2,0.3333333333333333,2,2,GCTCACCCCTCCTACTCGGA,0,643933
cpxRp2,0.3333333333333333,2,2,GCTATTACCATTGCATTCGT,0,701976
cpxRp2,0.3333333333333333,2,2,GCTATGGTGCTGCCGTTTCT,0,696321
cpxRp2,0.3333333333333333,2,2,GCTACATACCAACTGATGGT,0,693506
cpxRp2,0.3333333333333333,2,2,GCTACACGAGCTGGGGCTGG,0,692386
cpxRp2,0.3333333333333333,2,2,GCTAAGTCGCTACACGGAGG,0,656536
cpxRp2,0.3333333333333333,2,2,GCGTTTGGGATCAAACCGGA,0,700912
cpxRp2,0.3333333333333333,2,2,GCGTATTGGCACGCAATGAG,0,685301
cpxRp2,0.3333333333333333,2,2,GCGGTTGTAGCGGATTTACG,0,664381
cpxRp2,0.3333333333333333,2,2,GCGGTTAAGTCTATGATTCA,0,660522
cpxRp2,0.3333333333333333,2,2,GCGGTAACCGCTCCGCTCCA,0,691371
cpxRp2,0.3333333333333333,2,2,GCGGGTATGGATAGACTTTG,0,692456
cpxRp2,0.3333333333333333,2,2,GCGGCTAACGTGCAAAACCC,0,654077
cpxRp2,0.3333333333333333,2,2,GCGGCACGCCCATAAGTCAG,0,656302
cpxRp2,0.3333333333333333,2,2,GCGGACGTGCCTTGAAGTCT,0,700249
cpxRp2,0.3333333333333333,2,2,GCGCGTTATTGAAATTGTGG,0,685585
cpxRp2,0.3333333333333333,2,2,GCGCGTTAATTTAATCTTCT,0,674138
cpxRp2,0.3333333333333333,2,2,GCGCGTACGTGCCGACGGGG,0,643253
cpxRp2,0.3333333333333333,2,2,GCGCGCTCTTGTCGTAGAGG,0,649888
cpxRp2,0.3333333333333333,2,2,GCGCCTGTTTACTTAGGGAC,0,702063
cpxRp2,0.3333333333333333,2,2,GCGCCTACAGATTCTAGTGT,0,645275
cpxRp2,0.3333333333333333,2,2,GCGCCAAGCACCTCCCAGGC,0,673456
cpxRp2,0.3333333333333333,2,2,GCGATGGGACTTCCTAAGCC,0,654375
cpxRp2,0.3333333333333333,2,2,GCGAGTGATCAGGTCGTGCC,0,693153
cpxRp2,0.3333333333333333,2,2,GCGAAGCAGAACCCTACGGT,0,675734
cpxRp2,0.3333333333333333,2,2,GCCTTTCAATTAGCAATTTG,0,676848
cpxRp2,0.3333333333333333,2,2,GCCGTCGCAGCAGGTACTGC,0,661616
cpxRp2,0.3333333333333333,2,2,GCCGCCAATTCCCATTAATC,0,671543
cpxRp2,0.3333333333333333,2,2,GCCGCACGGCGGTTCGTGAG,0,653100
cpxRp2,0.3333333333333333,2,2,GCCGCAATACTGGCACCCAA,0,699136
cpxRp2,0.3333333333333333,2,2,GCCGCAAAGTAACTATTACA,0,671163
cpxRp2,0.3333333333333333,2,2,GCCCGTAATCTTACAAAAAA,0,675822
cpxRp2,0.3333333333333333,2,2,GCCCGGCGGCGAGCATGTAA,0,643758
cpxRp2,0.3333333333333333,2,2,GCCCGCGTAACTCTATCTAG,0,658365
cpxRp2,0.3333333333333333,2,2,GCCCACTGAGCGTCTAGCCT,0,680526
cpxRp2,0.3333333333333333,2,2,GCCCACATGACGTAAGCTGT,0,656374
cpxRp2,0.3333333333333333,2,2,GCCATTGTCGATCCCAGGCC,0,662604
cpxRp2,0.3333333333333333,2,2,GCCATGTTAGGGCCGTCTCT,0,690172
cpxRp2,0.3333333333333333,2,2,GCCATAAATATTATCGTAAG,0,634142
cpxRp2,0.3333333333333333,2,2,GCCAGTATTCAATCGGTGAA,0,660728
cpxRp2,0.3333333333333333,2,2,GCCACCGAGTAATAAGACAT,0,690706
cpxRp2,0.3333333333333333,2,2,GCCAATCAGGCGAGTGGTGA,0,665562
cpxRp2,0.3333333333333333,2,2,GCATTACAAACTCGCTCCAT,0,700716
cpxRp2,0.3333333333333333,2,2,GCATACCTGCCGTTAGACAT,0,658060
cpxRp2,0.3333333333333333,2,2,GCACTTCCATCGTATGACGC,0,663018
cpxRp2,0.3333333333333333,2,2,GCACTGTGGGTAGAAACTAT,0,659726
cpxRp2,0.3333333333333333,2,2,GCACCAAAGAGATTTTCTTA,0,666451
cpxRp2,0.3333333333333333,2,2,GCACAAGCTGAGCTCGGCTC,0,680660
cpxRp2,0.3333333333333333,2,2,GCACAAGCATGACGACATGC,0,661738
cpxRp2,0.3333333333333333,2,2,GCAATTTAAGAGTATTAGCC,0,655588
cpxRp2,0.3333333333333333,2,2,GCAACCGCACATGCCTCTTG,0,652103
cpxRp2,0.3333333333333333,2,2,GCAAAATCGACACGGGATTG,0,677360
cpxRp2,0.3333333333333333,2,2,GCAAAAGATCTAGTTGAGAA,0,635933
cpxRp2,0.3333333333333333,2,2,GATTTATACAGTTTGAAGGG,0,646226
cpxRp2,0.3333333333333333,2,2,GATTGTCTCGACGCCTTAGT,0,651887
cpxRp2,0.3333333333333333,2,2,GATTGAGCTCTAGTGAATCG,0,658667
cpxRp2,0.3333333333333333,2,2,GATTCACTCCCCGTTCCTAG,0,634363
cpxRp2,0.3333333333333333,2,2,GATTAGGCAGCTTTTGTGCC,0,706262
cpxRp2,0.3333333333333333,2,2,GATTAACACCACTTTTCTCC,0,640979
cpxRp2,0.3333333333333333,2,2,GATGTGTCCCGCGGTTTAAC,0,661494
cpxRp2,0.3333333333333333,2,2,GATGGTGTGATCTTATACCC,0,638850
cpxRp2,0.3333333333333333,2,2,GATGCTTACAAGAATCTACT,0,663360
cpxRp2,0.3333333333333333,2,2,GATGAGAATGGTGTACAGCA,0,702269
cpxRp2,0.3333333333333333,2,2,GATGACCACTGCCGCCACCA,0,663974
cpxRp2,0.3333333333333333,2,2,GATCGGAGAAGGCCAGTATT,0,671685
cpxRp2,0.3333333333333333,2,2,GATCGCGCTGCTGAAATGTA,0,632847
cpxRp2,0.3333333333333333,2,2,GATCGACCGGAAGCGTGATA,0,657218
cpxRp2,0.3333333333333333,2,2,GATCATGGGAATGCAGGAGG,0,698726
cpxRp2,0.3333333333333333,2,2,GATCATAGATTCCAAGTTAT,0,658286
cpxRp2,0.3333333333333333,2,2,GATCAACGCTTAATAGGAAC,0,711884
cpxRp2,0.3333333333333333,2,2,GATATTAAGGACCAGTTATA,0,683085
cpxRp2,0.3333333333333333,2,2,GATACCCGCTGTCATTTAGG,0,660082
cpxRp2,0.3333333333333333,2,2,GATAATTATGCACTTATAGG,0,641089
cpxRp2,0.3333333333333333,2,2,GATAAACTGTAGAACACATG,0,670042
cpxRp2,0.3333333333333333,2,2,GAGTTAACCAGGTTCTGCGC,0,665878
cpxRp2,0.3333333333333333,2,2,GAGTGTTTGACCTGACAGGC,0,647339
cpxRp2,0.3333333333333333,2,2,GAGTGTTGATAGTCTTCAGA,0,636046
cpxRp2,0.3333333333333333,2,2,GAGTGGCGACGCGGACTAAC,0,685505
cpxRp2,0.3333333333333333,2,2,GAGTCGAGTGATCGTTTGGA,0,647262
cpxRp2,0.3333333333333333,2,2,GAGTAGTTAGCGCTCACACT,0,704606
cpxRp2,0.3333333333333333,2,2,GAGTAGCATAGAGCTACGAT,0,635335
cpxRp2,0.3333333333333333,2,2,GAGTACGGTCATCACCCATT,0,663819
cpxRp2,0.3333333333333333,2,2,GAGTACGGACCCGATCTATA,0,707100
cpxRp2,0.3333333333333333,2,2,GAGGTGACCTCGGCCGTGGA,0,668319
cpxRp2,0.3333333333333333,2,2,GAGGTCTCATTTTGCAGACT,0,640116
cpxRp2,0.3333333333333333,2,2,GAGGGTCGTCGTGCGGGCCA,0,665759
cpxRp2,0.3333333333333333,2,2,GAGGCTCGCTCTAGCTAAGG,0,686098
cpxRp2,0.3333333333333333,2,2,GAGGCGTACTTGTTCGGTTT,0,649827
cpxRp2,0.3333333333333333,2,2,GAGGCAATGCAAATTTCAAT,0,663818
cpxRp2,0.3333333333333333,2,2,GAGGATTCTCTCTCAGAGTC,0,661805
cpxRp2,0.3333333333333333,2,2,GAGGATCGCCCTGACCCAGG,0,706533
cpxRp2,0.3333333333333333,2,2,GAGGACGAAAATAATCTAAA,0,647207
cpxRp2,0.3333333333333333,2,2,GAGGACCTAGCGTGTGGGCG,0,641507
cpxRp2,0.3333333333333333,2,2,GAGGAATCCGGCGAGGGATC,0,632864
cpxRp2,0.3333333333333333,2,2,GAGCTTTGGTCCAGTCCGTC,0,675576
cpxRp2,0.3333333333333333,2,2,GAGCGCTTATGCCGCAAAAA,0,692090
cpxRp2,0.3333333333333333,2,2,GAGATGCGCCGAGCTTTAGG,0,643550
cpxRp2,0.3333333333333333,2,2,GAGATCATACGCTTCGCATC,0,702479
cpxRp2,0.3333333333333333,2,2,GAGAACACTCATTGCTAGAT,0,641094
cpxRp2,0.3333333333333333,2,2,GAGAAAAGTATTTCGGCAGG,0,657027
cpxRp2,0.3333333333333333,2,2,GACTTCCAGCACTCTTTGTC,0,668705
cpxRp2,0.3333333333333333,2,2,GACTACTGGAGAGGCGGGCG,0,652473
cpxRp2,0.3333333333333333,2,2,GACGTCGCGGAACGGCTCCA,0,632759
cpxRp2,0.3333333333333333,2,2,GACGTACAGCGACGCCAAAC,0,711555
cpxRp2,0.3333333333333333,2,2,GACGGGATGCTTTATTCGGT,0,709002
cpxRp2,0.3333333333333333,2,2,GACGCTTACCTCGGGCAAGC,0,643748
cpxRp2,0.3333333333333333,2,2,GACCGGATCGCAGAGTAAGC,0,636954
cpxRp2,0.3333333333333333,2,2,GACCATTTGAATGGAGGTGT,0,694585
cpxRp2,0.3333333333333333,2,2,GACCAGGATTCGGATAAGGC,0,693762
cpxRp2,0.3333333333333333,2,2,GACAGTCGATTAACCACGAC,0,654545
cpxRp2,0.3333333333333333,2,2,GAATTAGATATTCTTTGGTC,0,692781
cpxRp2,0.3333333333333333,2,2,GAATCTTTAACCCAAGTAGT,0,712428
cpxRp2,0.3333333333333333,2,2,GAATCTGGTTGCGGGTCGCT,0,684233
cpxRp2,0.3333333333333333,2,2,GAATCCTAGGCTCAGGATTG,0,669749
cpxRp2,0.3333333333333333,2,2,GAAGTGCCCTAATCGGCCAA,0,690811
cpxRp2,0.3333333333333333,2,2,GAAGGTTGCCCGCACCTGCA,0,710987
cpxRp2,0.3333333333333333,2,2,GAAGGTAGAGGCTTTTGGGA,0,635674
cpxRp2,0.3333333333333333,2,2,GAAGGCCGGTATGGTATACT,0,656612
cpxRp2,0.3333333333333333,2,2,GAAGCTGGATTATATGGGGG,0,673455
cpxRp2,0.3333333333333333,2,2,GAAGCGAATAATACGCTATC,0,668861
cpxRp2,0.3333333333333333,2,2,GAAGCCATAAAAGCCAAATA,0,634115
cpxRp2,0.3333333333333333,2,2,GAAGCAATTTTTGGTTGTGG,0,657580
cpxRp2,0.3333333333333333,2,2,GAAGATAAGAGGTTAACCTC,0,655287
cpxRp2,0.3333333333333333,2,2,GAACGCCCGGTAATGGGAAA,0,644376
cpxRp2,0.3333333333333333,2,2,GAACGACTGAGAGTGGATGC,0,666478
cpxRp2,0.3333333333333333,2,2,GAACAGATAGAGCGACTGGT,0,667648
cpxRp2,0.3333333333333333,2,2,GAACAAGTCTCGCTCGCTAG,0,649995
cpxRp2,0.3333333333333333,2,2,GAAATTTCGATGCATCATCC,0,655064
cpxRp2,0.3333333333333333,2,2,GAAATCCAGTTACAAAGAGA,0,688227
cpxRp2,0.3333333333333333,2,2,GAAAGTATAATTATTTCTCG,0,671135
cpxRp2,0.3333333333333333,2,2,GAAAGGACCGGTCGGAAAAG,0,690417
cpxRp2,0.3333333333333333,2,2,GAAAGAAAAATAGTACTAGA,0,634742
cpxRp2,0.3333333333333333,2,2,GAAAATCGAACGAGGTTGTA,0,630377
cpxRp2,0.3333333333333333,2,2,GAAAAGCGGGAACGATACTG,0,630908
cpxRp2,0.3333333333333333,2,2,CTTTGTGGTGAGAATTAGCT,0,694240
cpxRp2,0.3333333333333333,2,2,CTTTGGCGTTTACGCGCCCT,0,658238
cpxRp2,0.3333333333333333,2,2,CTTTGGCCGAAGTTAATTTA,0,654788
cpxRp2,0.3333333333333333,2,2,CTTTGATCACTGGTGGTCTA,0,637435
cpxRp2,0.3333333333333333,2,2,CTTTCCAGATATGCTTCGAC,0,632076
cpxRp2,0.3333333333333333,2,2,CTTGTTTGACGCTGGTTCTA,0,675574
cpxRp2,0.3333333333333333,2,2,CTTGTCTCTGTTTTTCTAAA,0,703949
cpxRp2,0.3333333333333333,2,2,CTTGTAGTCCTCACGCAGAG,0,642612
cpxRp2,0.3333333333333333,2,2,CTTGGAGGCCGGTTAAACAA,0,711169
cpxRp2,0.3333333333333333,2,2,CTTGCTTCTGATTGTAAGGA,0,680136
cpxRp2,0.3333333333333333,2,2,CTTGCTAGATCCCCGGTCGG,0,667080
cpxRp2,0.3333333333333333,2,2,CTTCGCTACTCGCGAGTGAT,0,686455
cpxRp2,0.3333333333333333,2,2,CTTCGCGCCGCAAGGATAAA,0,692494
cpxRp2,0.3333333333333333,2,2,CTTATGGTCGGCGTTCAATG,0,688590
cpxRp2,0.3333333333333333,2,2,CTGTTCAACATAGTCGCGGA,0,656230
cpxRp2,0.3333333333333333,2,2,CTGTGGGGCCGTAATAAATA,0,678928
cpxRp2,0.3333333333333333,2,2,CTGGTCTTTCGCCTTATCAG,0,709643
cpxRp2,0.3333333333333333,2,2,CTGGGCGAGAGTCGCAATCG,0,686847
cpxRp2,0.3333333333333333,2,2,CTGGCGCAAGGAAGCCTGTA,0,637397
cpxRp2,0.3333333333333333,2,2,CTGGATCGAGCATACGGCCA,0,637101
cpxRp2,0.3333333333333333,2,2,CTGCGTGCCGTATCCAAGCA,0,649154
cpxRp2,0.3333333333333333,2,2,CTGCGTAACCAGGAAAACAC,0,638052
cpxRp2,0.3333333333333333,2,2,CTGCAACATTAAGTATGGTA,0,706107
cpxRp2,0.3333333333333333,2,2,CTGATGATGGGCGATCACTA,0,633885
cpxRp2,0.3333333333333333,2,2,CTGATCTATCTTGAGACATG,0,640186
cpxRp2,0.3333333333333333,2,2,CTGATACAACATTCTATTAT,0,656534
cpxRp2,0.3333333333333333,2,2,CTGAAAGGCTGCTTAAAATC,0,665012
cpxRp2,0.3333333333333333,2,2,CTCTTTGAATGTACGACTAA,0,708610
cpxRp2,0.3333333333333333,2,2,CTCTTGGCGGTGGCTCGGTA,0,651278
cpxRp2,0.3333333333333333,2,2,CTCTTACGAGATGAAATGGA,0,705229
cpxRp2,0.3333333333333333,2,2,CTCTGGTCATGAGGCTCTCG,0,683868
cpxRp2,0.3333333333333333,2,2,CTCTATGGCGTTGCCCAACC,0,680069
cpxRp2,0.3333333333333333,2,2,CTCTAGAATTCAGTCGCTTC,0,708587
cpxRp2,0.3333333333333333,2,2,CTCTAATTAGTCCGGCGCCT,0,705462
cpxRp2,0.3333333333333333,2,2,CTCGTGCTGGGGTAGCTTTT,0,706488
cpxRp2,0.3333333333333333,2,2,CTCGTCATGGGTACCCGTAT,0,641952
cpxRp2,0.3333333333333333,2,2,CTCGTCACGCTTGGATGAGG,0,630592
cpxRp2,0.3333333333333333,2,2,CTCGGCCCTACGTGATTGCT,0,703537
cpxRp2,0.3333333333333333,2,2,CTCGCTTGCGTGGGGCGAGC,0,646840
cpxRp2,0.3333333333333333,2,2,CTCGATGCAGTCCCCAAATT,0,700147
cpxRp2,0.3333333333333333,2,2,CTCCTGTGACTCTTTCATGT,0,700211
cpxRp2,0.3333333333333333,2,2,CTCCGGTACAGGCCATAGTG,0,672899
cpxRp2,0.3333333333333333,2,2,CTCCGAGGTAAGAAGGAGCT,0,656110
cpxRp2,0.3333333333333333,2,2,CTCCCGTTAGTACTGGCTGT,0,638591
cpxRp2,0.3333333333333333,2,2,CTCCCGGCTTGCATGTATTT,0,689565
cpxRp2,0.3333333333333333,2,2,CTCATCCTTGGCGCAGAGTC,0,662366
cpxRp2,0.3333333333333333,2,2,CTCACGTAATCAAGGACCTG,0,702585
cpxRp2,0.3333333333333333,2,2,CTCACGGAAGGGGTGGTCAA,0,643042
cpxRp2,0.3333333333333333,2,2,CTCACGCTCTTGCGTAGCTA,0,688840
cpxRp2,0.3333333333333333,2,2,CTCAACTCTCCGTTGTGAGC,0,680115
cpxRp2,0.3333333333333333,2,2,CTCAAAGGTCCGTCCCTTTT,0,638313
cpxRp2,0.3333333333333333,2,2,CTATACACACTTGTCGTTCC,0,701048
cpxRp2,0.3333333333333333,2,2,CTAGGAAAGAGGGCACATGA,0,703131
cpxRp2,0.3333333333333333,2,2,CTAGCGTATCGGATTCAACC,0,654969
cpxRp2,0.3333333333333333,2,2,CTAGACAGTGGTATCCCTCA,0,679646
cpxRp2,0.3333333333333333,2,2,CTACTTACAGACCGCGCGGT,0,671946
cpxRp2,0.3333333333333333,2,2,CTACTGTAACACATGTGAGC,0,698286
cpxRp2,0.3333333333333333,2,2,CTACCACTTGCCTTGCTTCG,0,632026
cpxRp2,0.3333333333333333,2,2,CTAATGATTGCGGTAGCTGC,0,653987
cpxRp2,0.3333333333333333,2,2,CTAATATCACTCCAGACTAT,0,629837
cpxRp2,0.3333333333333333,2,2,CTAATAAGGTATTCATCAAA,0,689335
cpxRp2,0.3333333333333333,2,2,CTAACGAACTACATTGCCCG,0,686873
cpxRp2,0.3333333333333333,2,2,CTAAATTCGAAAGTAAGTGA,0,650179
cpxRp2,0.3333333333333333,2,2,CTAAACTCTCTGTAACTCTA,0,652041
cpxRp2,0.3333333333333333,2,2,CGTTTGTAAGTGTGTTCACT,0,678683
cpxRp2,0.3333333333333333,2,2,CGTTGGTGATTGGTGAGTCC,0,682332
cpxRp2,0.3333333333333333,2,2,CGTTGGACCGCGGCGCTTCT,0,648022
cpxRp2,0.3333333333333333,2,2,CGTGTTTGTTCAGTGATCCA,0,689680
cpxRp2,0.3333333333333333,2,2,CGTGTACGACGTAATACACA,0,654519
cpxRp2,0.3333333333333333,2,2,CGTGGTTCTGGTCTGCAAAA,0,647349
cpxRp2,0.3333333333333333,2,2,CGTGCGAGGTCTCGTGCCAT,0,641648
cpxRp2,0.3333333333333333,2,2,CGTGCACCCACTGATTCCAG,0,672891
cpxRp2,0.3333333333333333,2,2,CGTGATAGGACAAAGGCGCG,0,665044
cpxRp2,0.3333333333333333,2,2,CGTGAGGGCTACGGTGTGGG,0,666739
cpxRp2,0.3333333333333333,2,2,CGTCTGTAACGAAAGTGGGG,0,693305
cpxRp2,0.3333333333333333,2,2,CGTCTCGAGGGATACTACGG,0,692869
cpxRp2,0.3333333333333333,2,2,CGTCAAGATCCATTGCAGAA,0,654708
cpxRp2,0.3333333333333333,2,2,CGTATCGATCCTGCGCGCAG,0,648099
cpxRp2,0.3333333333333333,2,2,CGTATCCAAAGTCTCCATGA,0,652027
cpxRp2,0.3333333333333333,2,2,CGTAGGCCCGTAAGCGCCTA,0,673081
cpxRp2,0.3333333333333333,2,2,CGTAGGAAAACCTACGGTGG,0,668261
cpxRp2,0.3333333333333333,2,2,CGTAGAAGAACACTGGATGT,0,630699
cpxRp2,0.3333333333333333,2,2,CGTACAAGCCGTCGGACGTG,0,653276
cpxRp2,0.3333333333333333,2,2,CGGTTGACAACGTTCCCCCT,0,711077
cpxRp2,0.3333333333333333,2,2,CGGTTCCGGATTACACACGT,0,667663
cpxRp2,0.3333333333333333,2,2,CGGTTATAAGATGGTCACTG,0,640473
cpxRp2,0.3333333333333333,2,2,CGGTGCAACCCGCGCAGGCT,0,632344
cpxRp2,0.3333333333333333,2,2,CGGTCTCAGGCAAATTGGTA,0,654970
cpxRp2,0.3333333333333333,2,2,CGGTATCCTGTCAGTTTTGA,0,695329
cpxRp2,0.3333333333333333,2,2,CGGTACCGGTAAACGCTGCA,0,643772
cpxRp2,0.3333333333333333,2,2,CGGGGTTACAGGTGCGTCCC,0,667045
cpxRp2,0.3333333333333333,2,2,CGGGCGTTTACCCCATTACG,0,646484
cpxRp2,0.3333333333333333,2,2,CGGCTCTTAACGTCGATTAA,0,695458
cpxRp2,0.3333333333333333,2,2,CGGCGGAATGAAGTGTGCTT,0,681471
cpxRp2,0.3333333333333333,2,2,CGGCCTTCGAAGCACCTAAG,0,643424
cpxRp2,0.3333333333333333,2,2,CGGCCATAGGATAGTCCCCG,0,633485
cpxRp2,0.3333333333333333,2,2,CGGCATCTAGTTAGGGTTAA,0,694801
cpxRp2,0.3333333333333333,2,2,CGGCAGAATCCTGGGGAAAC,0,664443
cpxRp2,0.3333333333333333,2,2,CGGATTTAACTAGGAAGGTA,0,661999
cpxRp2,0.3333333333333333,2,2,CGGAAACACCTGTTCTCAGC,0,659631
cpxRp2,0.3333333333333333,2,2,CGCTTCGACTCGTATGCCTG,0,660236
cpxRp2,0.3333333333333333,2,2,CGCTGTATCTGACAACTACG,0,647996
cpxRp2,0.3333333333333333,2,2,CGCTGACCTGGTCATGAGGT,0,694858
cpxRp2,0.3333333333333333,2,2,CGCTACGCTTTCAGATAATG,0,638239
cpxRp2,0.3333333333333333,2,2,CGCTACCGGCTGCGCTAGTT,0,633939
cpxRp2,0.3333333333333333,2,2,CGCGTTAAAGCAATTAGAGT,0,684427
cpxRp2,0.3333333333333333,2,2,CGCGTCCGCTGCTCGCGGAT,0,671590
cpxRp2,0.3333333333333333,2,2,CGCGGAGCGTTGACGAACCG,0,690132
cpxRp2,0.3333333333333333,2,2,CGCGCCAGAAAACATTCTAA,0,657442
cpxRp2,0.3333333333333333,2,2,CGCGCAGGGCGTGGTATTTA,0,631883
cpxRp2,0.3333333333333333,2,2,CGCGATAAGTTTTCAACTCT,0,640166
cpxRp2,0.3333333333333333,2,2,CGCCCGGAGGAGCATAAAGG,0,674719
cpxRp2,0.3333333333333333,2,2,CGCCAGTGCTGAACCCATCT,0,647317
cpxRp2,0.3333333333333333,2,2,CGCCACGAACTGGGTAACGG,0,630106
cpxRp2,0.3333333333333333,2,2,CGCATCAACATTGGGAAGCT,0,636697
cpxRp2,0.3333333333333333,2,2,CGCAGTGGCTGAGAGCCTCT,0,647181
cpxRp2,0.3333333333333333,2,2,CGCAACCACGCCCGGAGGCA,0,640921
cpxRp2,0.3333333333333333,2,2,CGATTCGTTCTGGCGGCGTC,0,668195
cpxRp2,0.3333333333333333,2,2,CGATTCCGCGTGACTTCGAT,0,662386
cpxRp2,0.3333333333333333,2,2,CGATTCCAATTCTAGTCCTA,0,658439
cpxRp2,0.3333333333333333,2,2,CGATTAGGCAAACATGGATC,0,661750
cpxRp2,0.3333333333333333,2,2,CGATTACAGTGGGACTTAAC,0,661165
cpxRp2,0.3333333333333333,2,2,CGATAATCGTCTACTAGGTC,0,669875
cpxRp2,0.3333333333333333,2,2,CGAGTTCTATGCTCAAGTAC,0,645549
cpxRp2,0.3333333333333333,2,2,CGAGTGTGGCCGTGTTGAGA,0,674627
cpxRp2,0.3333333333333333,2,2,CGAGTCTGCTAGTGTTTAGC,0,648340
cpxRp2,0.3333333333333333,2,2,CGAGTCCGAAACCCTCCACG,0,702634
cpxRp2,0.3333333333333333,2,2,CGAGCTGTCATGTCTTATGA,0,688297
cpxRp2,0.3333333333333333,2,2,CGAGCCAAGTATCCGAGTAG,0,664202
cpxRp2,0.3333333333333333,2,2,CGAGAGGGGACGCTTATCTC,0,672510
cpxRp2,0.3333333333333333,2,2,CGACTAGGTGTTACAGTTGG,0,639497
cpxRp2,0.3333333333333333,2,2,CGACTAAAAGTCTCATCATG,0,650242
cpxRp2,0.3333333333333333,2,2,CGACATTTTGCCGCGAACGA,0,674005
cpxRp2,0.3333333333333333,2,2,CGACATGGTACAGCACTGGT,0,697084
cpxRp2,0.3333333333333333,2,2,CGAAGCGAAAGCAGCGGTAT,0,644157
cpxRp2,0.3333333333333333,2,2,CCTTGGCGATGATTTTGACT,0,696812
cpxRp2,0.3333333333333333,2,2,CCTTAATCTCCCGGTACTCA,0,667779
cpxRp2,0.3333333333333333,2,2,CCTGGGTGGGTGAATAGGAA,0,693276
cpxRp2,0.3333333333333333,2,2,CCTGCGCTTCCAATCGATTC,0,709107
cpxRp2,0.3333333333333333,2,2,CCTGATGAAAGGCCTGATGC,0,687516
cpxRp2,0.3333333333333333,2,2,CCTGACATTCGCGCGTGCTG,0,689873
cpxRp2,0.3333333333333333,2,2,CCTCTACAAGCGAAAGAATC,0,678372
cpxRp2,0.3333333333333333,2,2,CCTCACCCACTCTCTACGTG,0,656464
cpxRp2,0.3333333333333333,2,2,CCTATGGATCAGCGTCGTAA,0,632278
cpxRp2,0.3333333333333333,2,2,CCTAGGCTGAAAGCAAACCT,0,664292
cpxRp2,0.3333333333333333,2,2,CCTAGAAGTCTTTTACCGGT,0,630906
cpxRp2,0.3333333333333333,2,2,CCTACTCGGGCCCGCCCCAT,0,688306
cpxRp2,0.3333333333333333,2,2,CCTAATGGGTACTGACACCT,0,697751
cpxRp2,0.3333333333333333,2,2,CCGTTGAGATTAATGGTCGT,0,655703
cpxRp2,0.3333333333333333,2,2,CCGTTCATTGGGCATGACGC,0,690120
cpxRp2,0.3333333333333333,2,2,CCGTCTGTAGGAGAATGGTT,0,689230
cpxRp2,0.3333333333333333,2,2,CCGTAATATCACATTTTTCT,0,685500
cpxRp2,0.3333333333333333,2,2,CCGGTAGAAGAAAATAAAGT,0,668974
cpxRp2,0.3333333333333333,2,2,CCGGTACTGTTTCATGCATT,0,671084
cpxRp2,0.3333333333333333,2,2,CCGGGGGGGGGGGAACCCGC,0,701475
cpxRp2,0.3333333333333333,2,2,CCGGCGGTTTCCATCTCAGG,0,666853
cpxRp2,0.3333333333333333,2,2,CCGGACAGTGGGGCATAAAG,0,680628
cpxRp2,0.3333333333333333,2,2,CCGCTTTCACCCCACAGGAC,0,649521
cpxRp2,0.3333333333333333,2,2,CCGCCTCAACCGTTTGAGCA,0,701845
cpxRp2,0.3333333333333333,2,2,CCGCCCCAAGACAAGTCAGG,0,668834
cpxRp2,0.3333333333333333,2,2,CCGCCATATGCTCCTCGAAT,0,651169
cpxRp2,0.3333333333333333,2,2,CCGATTCTTAAGGCGAGGAC,0,673706
cpxRp2,0.3333333333333333,2,2,CCGATTATGATTCCCCCCCA,0,635868
cpxRp2,0.3333333333333333,2,2,CCGATAGGAGTTCGGGAGAT,0,681758
cpxRp2,0.3333333333333333,2,2,CCGAGCGCTCTAGACCTGCA,0,673291
cpxRp2,0.3333333333333333,2,2,CCGAGCCTTTATCTTCATTC,0,699168
cpxRp2,0.3333333333333333,2,2,CCGACGGGGGACGCTATGTA,0,712226
cpxRp2,0.3333333333333333,2,2,CCGAACCTATATTCCTGAAT,0,679560
cpxRp2,0.3333333333333333,2,2,CCGAAATGATACCGTTTAAG,0,679336
cpxRp2,0.3333333333333333,2,2,CCCTTCTGGTTCCATCTGGA,0,657507
cpxRp2,0.3333333333333333,2,2,CCCTTACATTTAGCATGTGC,0,663510
cpxRp2,0.3333333333333333,2,2,CCCTGTGCAGTGTCGCGAAG,0,648711
cpxRp2,0.3333333333333333,2,2,CCCTCGGTTTGTGCCAAATC,0,675810
cpxRp2,0.3333333333333333,2,2,CCCTAACCCGAATTGGAGTA,0,691616
cpxRp2,0.3333333333333333,2,2,CCCTAAACTGTCCGGAAGAC,0,670233
cpxRp2,0.3333333333333333,2,2,CCCGTCTGGCGAGATCTACC,0,647961
cpxRp2,0.3333333333333333,2,2,CCCGTCTAAGGTTTCGGCTG,0,644700
cpxRp2,0.3333333333333333,2,2,CCCGTCAGTCCCTTAATTTA,0,658839
cpxRp2,0.3333333333333333,2,2,CCCGGATAGGTTATCAATGA,0,683960
cpxRp2,0.3333333333333333,2,2,CCCGAGCATTCTGTCTTCTT,0,634737
cpxRp2,0.3333333333333333,2,2,CCCGACTAGGAGGTTTACAT,0,693706
cpxRp2,0.3333333333333333,2,2,CCCGACATCGCTAAGCCTGT,0,650046
cpxRp2,0.3333333333333333,2,2,CCCCTTCCCCCTTAATTAAT,0,637130
cpxRp2,0.3333333333333333,2,2,CCCCTACCTGTTGATAGCGT,0,632108
cpxRp2,0.3333333333333333,2,2,CCCCGTTCGCCTGTCCAACG,0,707568
cpxRp2,0.3333333333333333,2,2,CCCCGGCTGTGTCTCCCCAT,0,632071
cpxRp2,0.3333333333333333,2,2,CCCCGCGGATACCAGGCGTT,0,688117
cpxRp2,0.3333333333333333,2,2,CCCCCCTCAAACTCCGTGGT,0,677762
cpxRp2,0.3333333333333333,2,2,CCCATGTTATTTCCATCCGC,0,689865
cpxRp2,0.3333333333333333,2,2,CCCAGGAAGCACCTAGCATC,0,658987
cpxRp2,0.3333333333333333,2,2,CCCAGACGAAATCAGTTATA,0,654085
cpxRp2,0.3333333333333333,2,2,CCCAATTCTCCCAGGCTAGA,0,701380
cpxRp2,0.3333333333333333,2,2,CCATTCCGTATCAGAGATCA,0,693345
cpxRp2,0.3333333333333333,2,2,CCATGATTAGCAGTCGGTAT,0,663859
cpxRp2,0.3333333333333333,2,2,CCAGTTGAATAAGAGAATAC,0,654896
cpxRp2,0.3333333333333333,2,2,CCAGCAACCGAATTAATCAG,0,687995
cpxRp2,0.3333333333333333,2,2,CCACTTGGTTGTGCCCATGA,0,650406
cpxRp2,0.3333333333333333,2,2,CCACCGTCGCAGGGAAAGCG,0,655829
cpxRp2,0.3333333333333333,2,2,CCAAGATCCTCATCATACTG,0,668814
cpxRp2,0.3333333333333333,2,2,CCAACGTGCACAGTGCTGAC,0,654947
cpxRp2,0.3333333333333333,2,2,CATTTTAATGTACCCGGTCT,0,664827
cpxRp2,0.3333333333333333,2,2,CATTTAGGATACTCCGTAAT,0,672162
cpxRp2,0.3333333333333333,2,2,CATTGTTACTGCTCGTGGCG,0,660649
cpxRp2,0.3333333333333333,2,2,CATTGATTGTGCTATTATGT,0,696562
cpxRp2,0.3333333333333333,2,2,CATTCGATGGATAGCATACA,0,708464
cpxRp2,0.3333333333333333,2,2,CATTCCAGGCGGCTGCCACT,0,679685
cpxRp2,0.3333333333333333,2,2,CATTAGCTCAAACATAGTTC,0,673541
cpxRp2,0.3333333333333333,2,2,CATGGATATCGACCACTTTT,0,679233
cpxRp2,0.3333333333333333,2,2,CATGCATTAGGTCGGCATAA,0,693168
cpxRp2,0.3333333333333333,2,2,CATGATCTTTTTGGGTCGCT,0,704613
cpxRp2,0.3333333333333333,2,2,CATGACTATGATCTATGGCA,0,690122
cpxRp2,0.3333333333333333,2,2,CATCTATGTAGGTTGTAGCC,0,692570
cpxRp2,0.3333333333333333,2,2,CATCTACCCACCCCCTCGAA,0,634952
cpxRp2,0.3333333333333333,2,2,CATCGTAACGCGTGCAGGGT,0,674209
cpxRp2,0.3333333333333333,2,2,CATCGCGCCAGGAAGGCCTA,0,664281
cpxRp2,0.3333333333333333,2,2,CATATAACGTCCGTCGTCGT,0,676206
cpxRp2,0.3333333333333333,2,2,CATAGAAACTCCGATGCCTC,0,653067
cpxRp2,0.3333333333333333,2,2,CATACGTTGGCGTGACTAAT,0,631977
cpxRp2,0.3333333333333333,2,2,CATAATGATTGCCATCTCCA,0,687173
cpxRp2,0.3333333333333333,2,2,CATAAGCAGGTGTTCTACCT,0,676338
cpxRp2,0.3333333333333333,2,2,CAGTGGGATCTGTCTACCTT,0,705288
cpxRp2,0.3333333333333333,2,2,CAGTCTGCGGGACAGAAAGC,0,660691
cpxRp2,0.3333333333333333,2,2,CAGTCCTAGACTCATACTTT,0,685771
cpxRp2,0.3333333333333333,2,2,CAGTATAGCGATGCGTAATG,0,692954
cpxRp2,0.3333333333333333,2,2,CAGTAAAAACGGCAGACCAC,0,638621
cpxRp2,0.3333333333333333,2,2,CAGGGTGGAACATTTTCACG,0,665560
cpxRp2,0.3333333333333333,2,2,CAGGGCGGGTGCTAGCAACG,0,694581
cpxRp2,0.3333333333333333,2,2,CAGGCACGGAGCAAGTTCAA,0,672774
cpxRp2,0.3333333333333333,2,2,CAGGAGAGGATTGATGGGCG,0,687283
cpxRp2,0.3333333333333333,2,2,CAGGACAATGTTCCGCAAAC,0,633031
cpxRp2,0.3333333333333333,2,2,CAGCTCGGGCAGAGTTGGCG,0,667139
cpxRp2,0.3333333333333333,2,2,CAGCGGAACGTGTTCCGCCA,0,710059
cpxRp2,0.3333333333333333,2,2,CAGCGAACCGAGGGCGCAGC,0,667568
cpxRp2,0.3333333333333333,2,2,CAGCAACCTCTACATGCATT,0,657589
cpxRp2,0.3333333333333333,2,2,CAGATATCTTACCTGATATA,0,643875
cpxRp2,0.3333333333333333,2,2,CAGAGTCTTCGTATGAACTA,0,695448
cpxRp2,0.3333333333333333,2,2,CAGAGAGCCTTACAAGTCAA,0,678469
cpxRp2,0.3333333333333333,2,2,CAGAATCAGAAGAATTCCAG,0,686304
cpxRp2,0.3333333333333333,2,2,CAGAACTAGCTATGCTTAAG,0,635379
cpxRp2,0.3333333333333333,2,2,CAGAAAACTCGATTTTAATG,0,702306
cpxRp2,0.3333333333333333,2,2,CACTTCTTCGAACTGACGAG,0,705355
cpxRp2,0.3333333333333333,2,2,CACTGGTCGCTAAGGTGCCT,0,694528
cpxRp2,0.3333333333333333,2,2,CACTCTTGTTTGCAGTTAGA,0,699579
cpxRp2,0.3333333333333333,2,2,CACTCATGTACAACAGGCAG,0,672707
cpxRp2,0.3333333333333333,2,2,CACTATTAGAAATATGGGCA,0,669687
cpxRp2,0.3333333333333333,2,2,CACTATGAGTAAACAATCCG,0,663053
cpxRp2,0.3333333333333333,2,2,CACGGTGTCCGGGGCGACCT,0,691389
cpxRp2,0.3333333333333333,2,2,CACGGTGGGGAACCCTTCTT,0,649186
cpxRp2,0.3333333333333333,2,2,CACGGGACGGACATGGGCCT,0,674325
cpxRp2,0.3333333333333333,2,2,CACCTTTCCCACCACATAAT,0,648089
cpxRp2,0.3333333333333333,2,2,CACCGGTTAAAGGTTTAAGC,0,654285
cpxRp2,0.3333333333333333,2,2,CACCGGAACGGGAACGGTCC,0,704618
cpxRp2,0.3333333333333333,2,2,CACCGCGGCGCTCTAGAGCT,0,711350
cpxRp2,0.3333333333333333,2,2,CACCGCCGAAATCGGCTCGT,0,708097
cpxRp2,0.3333333333333333,2,2,CACCAGGGGCACAAGCTATC,0,671743
cpxRp2,0.3333333333333333,2,2,CACATAGGAAGCTGTTGAGA,0,632871
cpxRp2,0.3333333333333333,2,2,CACAGGTTCCAACGGTGAGA,0,705213
cpxRp2,0.3333333333333333,2,2,CACAGCATGTAAGTCATATT,0,636417
cpxRp2,0.3333333333333333,2,2,CACACGATGGAAGCGAAGAC,0,639356
cpxRp2,0.3333333333333333,2,2,CACACGATAGGGGTAGCTGA,0,688334
cpxRp2,0.3333333333333333,2,2,CACACCGAAAGGTCACACCC,0,690719
cpxRp2,0.3333333333333333,2,2,CACAAAGCCTGGTGGATAAA,0,671982
cpxRp2,0.3333333333333333,2,2,CAATTGACGGCTATCTCAAT,0,710245
cpxRp2,0.3333333333333333,2,2,CAATGGGGAAGGTATCGTGT,0,673217
cpxRp2,0.3333333333333333,2,2,CAAGTGCACAATTGGCATCT,0,673232
cpxRp2,0.3333333333333333,2,2,CAAGCAATAGACTCCTTTGG,0,656669
cpxRp2,0.3333333333333333,2,2,CAACTTGAATGTCGATTGAC,0,685857
cpxRp2,0.3333333333333333,2,2,CAACTTAGTGAGCCATTCTG,0,660417
cpxRp2,0.3333333333333333,2,2,CAACTGGGTCTGTCCTGATG,0,688629
cpxRp2,0.3333333333333333,2,2,CAACTCGACAAAAGTAGTAA,0,644156
cpxRp2,0.3333333333333333,2,2,CAACGGGGTTAGGCTAACTG,0,679600
cpxRp2,0.3333333333333333,2,2,CAACCGTTTCCAACTCGAAC,0,638681
cpxRp2,0.3333333333333333,2,2,CAACCCAACAATGCGCAGGT,0,661960
cpxRp2,0.3333333333333333,2,2,CAACATTATATTGTTAAAAT,0,676159
cpxRp2,0.3333333333333333,2,2,CAACACCTATGTGCTCTAGT,0,676064
cpxRp2,0.3333333333333333,2,2,CAAATGCATACGTCCCACCG,0,659851
cpxRp2,0.3333333333333333,2,2,CAAATGACACTCGGTATAAT,0,631111
cpxRp2,0.3333333333333333,2,2,CAAAGTTTCTCGGCAACAGG,0,702158
cpxRp2,0.3333333333333333,2,2,CAAAGCGACATTGCGTCTTA,0,674788
cpxRp2,0.3333333333333333,2,2,CAAAAAGCATTCCTAATTTA,0,656714
cpxRp2,0.3333333333333333,2,2,ATTTTTAATAGGATTTTCCA,0,693964
cpxRp2,0.3333333333333333,2,2,ATTTTCTGTGTATACAGTGA,0,674395
cpxRp2,0.3333333333333333,2,2,ATTTTATTACTCATTCACGG,0,646486
cpxRp2,0.3333333333333333,2,2,ATTTGAAGTTGATGGTGCTG,0,633618
cpxRp2,0.3333333333333333,2,2,ATTTATGGACCTTGCTGTTA,0,642723
cpxRp2,0.3333333333333333,2,2,ATTTACATAAGCCGGTAAAT,0,674867
cpxRp2,0.3333333333333333,2,2,ATTGGCCGTGGTCCCTATGC,0,641565
cpxRp2,0.3333333333333333,2,2,ATTGCTCACAGGAGTGCCCC,0,661512
cpxRp2,0.3333333333333333,2,2,ATTGCGGCCCAAATTACCTT,0,696003
cpxRp2,0.3333333333333333,2,2,ATTGCGATTGTACAGTGTTA,0,658766
cpxRp2,0.3333333333333333,2,2,ATTGCGATCATGAAAGGATC,0,676467
cpxRp2,0.3333333333333333,2,2,ATTCTTATGGCGTTTCTTCG,0,642543
cpxRp2,0.3333333333333333,2,2,ATTCTAGGCGATTTGGATCT,0,688869
cpxRp2,0.3333333333333333,2,2,ATTCACAAAACGCCTGCTCA,0,700046
cpxRp2,0.3333333333333333,2,2,ATTATTGAAAGTGCTGCAAT,0,705242
cpxRp2,0.3333333333333333,2,2,ATTAGTTCGGGAGCCGGGAG,0,710583
cpxRp2,0.3333333333333333,2,2,ATTACAGCGCCTTAATCGAT,0,662742
cpxRp2,0.3333333333333333,2,2,ATTAACGAATGTTCAGCACT,0,700996
cpxRp2,0.3333333333333333,2,2,ATTAAATCTTGGGCCTTCCA,0,656689
cpxRp2,0.3333333333333333,2,2,ATTAAAGCACCAGCCCCAGT,0,657213
cpxRp2,0.3333333333333333,2,2,ATGTTGTTATTCGCTGGTAA,0,664841
cpxRp2,0.3333333333333333,2,2,ATGTGTCTTAGGATTCGAGC,0,704917
cpxRp2,0.3333333333333333,2,2,ATGTGCCCCGTACAGAGATC,0,662633
cpxRp2,0.3333333333333333,2,2,ATGTGAGCCGCGTACGAAGC,0,670811
cpxRp2,0.3333333333333333,2,2,ATGTCACGGGGCATGCTCTA,0,630677
cpxRp2,0.3333333333333333,2,2,ATGGCTTTATAATGGGGTCG,0,660726
cpxRp2,0.3333333333333333,2,2,ATGGCTAACGATTATTATTC,0,697140
cpxRp2,0.3333333333333333,2,2,ATGGCAGAGTTCTCCAAGAA,0,673528
cpxRp2,0.3333333333333333,2,2,ATGGCAGAGGGTGGTAAGTA,0,693466
cpxRp2,0.3333333333333333,2,2,ATGCTCTCGGGATTTCCGAA,0,669093
cpxRp2,0.3333333333333333,2,2,ATGCTCACACGGGATCCTGG,0,666264
cpxRp2,0.3333333333333333,2,2,ATGCTAAACTCATTCATAGA,0,642820
cpxRp2,0.3333333333333333,2,2,ATGCACCTCTCCATCCGCAG,0,711636
cpxRp2,0.3333333333333333,2,2,ATGCAACAGGGCATCATTTG,0,680797
cpxRp2,0.3333333333333333,2,2,ATGATGTCAAATGATAGGCT,0,709666
cpxRp2,0.3333333333333333,2,2,ATGACTTGCTCAAATCCTGT,0,676928
cpxRp2,0.3333333333333333,2,2,ATGAAAGACATCCTTAGATG,0,698826
cpxRp2,0.3333333333333333,2,2,ATCTTGTATCTTTAGAAATA,0,674967
cpxRp2,0.3333333333333333,2,2,ATCTTGGTTATTGTGCCCTA,0,655903
cpxRp2,0.3333333333333333,2,2,ATCTTGACGGTAACCATTTC,0,664003
cpxRp2,0.3333333333333333,2,2,ATCTGTAAGGGAGCCTGTTA,0,664198
cpxRp2,0.3333333333333333,2,2,ATCTGGGGTTACAGGCTTTA,0,634000
cpxRp2,0.3333333333333333,2,2,ATCTGGGAGTGCTATTCCGT,0,666988
cpxRp2,0.3333333333333333,2,2,ATCTAGGCTTCCGCCATACA,0,647690
cpxRp2,0.3333333333333333,2,2,ATCTAATTCGTCGCGATTGA,0,669880
cpxRp2,0.3333333333333333,2,2,ATCGGCATGATTCAGTTGCA,0,664195
cpxRp2,0.3333333333333333,2,2,ATCGGACTGAATATCAAACT,0,701071
cpxRp2,0.3333333333333333,2,2,ATCGCGAATGGCTTTATCTA,0,648875
cpxRp2,0.3333333333333333,2,2,ATCGACTCCAGGAGGCGCTC,0,644300
cpxRp2,0.3333333333333333,2,2,ATCGAAAAAGAGGGGGGTAC,0,693966
cpxRp2,0.3333333333333333,2,2,ATCCGGTCCCAGTTCGTCCT,0,676850
cpxRp2,0.3333333333333333,2,2,ATCAGCTCCGCGCCCCGAGT,0,652031
cpxRp2,0.3333333333333333,2,2,ATCAGCTAAGCTCTTTCCGT,0,644503
cpxRp2,0.3333333333333333,2,2,ATCAGCGAATGCGCGGATAT,0,661982
cpxRp2,0.3333333333333333,2,2,ATCACTCCGGCATGCCGTGT,0,681825
cpxRp2,0.3333333333333333,2,2,ATCAAGGCTAGAAATCTTCG,0,683267
cpxRp2,0.3333333333333333,2,2,ATATTGATGGCGCTTAATTC,0,700113
cpxRp2,0.3333333333333333,2,2,ATATGGCTGATGTAATCTCA,0,654584
cpxRp2,0.3333333333333333,2,2,ATATCTCATCCTAGCCGGTT,0,674501
cpxRp2,0.3333333333333333,2,2,ATATCGGTTAGGACGGAAGA,0,709749
cpxRp2,0.3333333333333333,2,2,ATATCCAGGGGCATACTACC,0,678600
cpxRp2,0.3333333333333333,2,2,ATATCCACCGCCAAGGCTCG,0,630485
cpxRp2,0.3333333333333333,2,2,ATATCACAGAGGGGTAAGTC,0,641139
cpxRp2,0.3333333333333333,2,2,ATAGTCGATGGCACTTCCAC,0,658968
cpxRp2,0.3333333333333333,2,2,ATAGTAGTTATATACGTGTT,0,685783
cpxRp2,0.3333333333333333,2,2,ATAGTAGCTGTGAAAATTGT,0,647252
cpxRp2,0.3333333333333333,2,2,ATAGGGTGATGGAAGTCTAT,0,678664
cpxRp2,0.3333333333333333,2,2,ATAGGCCAGAATCGTAGTCC,0,646195
cpxRp2,0.3333333333333333,2,2,ATAGAATCCTCAGCCGGTTC,0,669068
cpxRp2,0.3333333333333333,2,2,ATACTTCGTTGTGGCCCTAG,0,691182
cpxRp2,0.3333333333333333,2,2,ATACTTCGAGATTGCGCTCC,0,641476
cpxRp2,0.3333333333333333,2,2,ATACTGAGGTAAGAAGGAAT,0,646208
cpxRp2,0.3333333333333333,2,2,ATACGTTCTGGCTACGTAGA,0,666501
cpxRp2,0.3333333333333333,2,2,ATACACCATCAGGGTCACGT,0,659140
cpxRp2,0.3333333333333333,2,2,ATAAGTGCAACTCCGTAAAG,0,677990
cpxRp2,0.3333333333333333,2,2,ATAACCCGGTTCACGTACCC,0,711528
cpxRp2,0.3333333333333333,2,2,ATAAAGCCTGTAGTGCCGTA,0,631763
cpxRp2,0.3333333333333333,2,2,AGTTTGAAACTTTAAAAGCT,0,668580
cpxRp2,0.3333333333333333,2,2,AGTTGGTTGTGGCACCCTCC,0,667059
cpxRp2,0.3333333333333333,2,2,AGTTGCGTCATCGATGGCCA,0,698266
cpxRp2,0.3333333333333333,2,2,AGTTAGACTTATCAGCGCTT,0,675820
cpxRp2,0.3333333333333333,2,2,AGTGTTTTCAACAGACTCGG,0,652883
cpxRp2,0.3333333333333333,2,2,AGTGTTCTCTAACGAGTGCC,0,672753
cpxRp2,0.3333333333333333,2,2,AGTGTTACACGTAGGGTGTA,0,662917
cpxRp2,0.3333333333333333,2,2,AGTGGTTAGCGTGCCCCAGA,0,653519
cpxRp2,0.3333333333333333,2,2,AGTGGCTGGGGTCTTTGGGA,0,705671
cpxRp2,0.3333333333333333,2,2,AGTGCCCCCCCGTTTACAAT,0,685575
cpxRp2,0.3333333333333333,2,2,AGTGCAGCATCTCTGGCTAA,0,690220
cpxRp2,0.3333333333333333,2,2,AGTCTTCGGGTCGGAGATCT,0,635655
cpxRp2,0.3333333333333333,2,2,AGTCTTACAGGAGTTACTTA,0,645469
cpxRp2,0.3333333333333333,2,2,AGTCGTAAGAGGTCTACTCC,0,708323
cpxRp2,0.3333333333333333,2,2,AGTCGCGCCGCGCAAGCTCG,0,636730
cpxRp2,0.3333333333333333,2,2,AGTATCGAACCGCCGAAACA,0,696761
cpxRp2,0.3333333333333333,2,2,AGTATAGGGCTCTTCTCTCT,0,675537
cpxRp2,0.3333333333333333,2,2,AGTACCTTACTGCCACGGAT,0,646462
cpxRp2,0.3333333333333333,2,2,AGTAAGGGCACCCTCATTAG,0,649732
cpxRp2,0.3333333333333333,2,2,AGTAAACTATAATACAATTG,0,682447
cpxRp2,0.3333333333333333,2,2,AGGTTTTCAATTTTGCGACA,0,650294
cpxRp2,0.3333333333333333,2,2,AGGTTTAGCGGGGGCATTTT,0,688749
cpxRp2,0.3333333333333333,2,2,AGGTTCGGTTCTGTTTTTTA,0,709670
cpxRp2,0.3333333333333333,2,2,AGGTTAAGCACTCAACCATA,0,664660
cpxRp2,0.3333333333333333,2,2,AGGTGTTAGGGGAAGCGACC,0,656476
cpxRp2,0.3333333333333333,2,2,AGGTGTCGATAATTGCTGCC,0,697257
cpxRp2,0.3333333333333333,2,2,AGGTGATGTCATGTCTGACT,0,655620
cpxRp2,0.3333333333333333,2,2,AGGTCAAAGGTCTCTTCCGC,0,681884
cpxRp2,0.3333333333333333,2,2,AGGTATACGGTCTGGGGACT,0,687565
cpxRp2,0.3333333333333333,2,2,AGGTACGGTAACACGGGTCA,0,709936
cpxRp2,0.3333333333333333,2,2,AGGGTTCTAGTTTTGTCGCT,0,690996
cpxRp2,0.3333333333333333,2,2,AGGGGAGTCGGCTCGCTTTG,0,708376
cpxRp2,0.3333333333333333,2,2,AGGGACCGCGGCCTTGCCCC,0,694385
cpxRp2,0.3333333333333333,2,2,AGGCTCCATATATGCAGAGC,0,695949
cpxRp2,0.3333333333333333,2,2,AGGCGTAGTCGCAAGCTTTA,0,630507
cpxRp2,0.3333333333333333,2,2,AGGCGGAAGATCGGATTTAG,0,686861
cpxRp2,0.3333333333333333,2,2,AGGCGACTATTACTCGTTAG,0,703392
cpxRp2,0.3333333333333333,2,2,AGGCACGACATCCTACACAT,0,642409
cpxRp2,0.3333333333333333,2,2,AGGATCAGGTGACCTCGTCA,0,677899
cpxRp2,0.3333333333333333,2,2,AGGAGGGCTCCACAGTAGAA,0,699793
cpxRp2,0.3333333333333333,2,2,AGGAGCACCTGATGACATCA,0,667367
cpxRp2,0.3333333333333333,2,2,AGGACCGTGTGTACTTATGG,0,698698
cpxRp2,0.3333333333333333,2,2,AGGACAGGGTACTACGTACT,0,642928
cpxRp2,0.3333333333333333,2,2,AGCTGTAGATTGTTGTCTTT,0,653202
cpxRp2,0.3333333333333333,2,2,AGCTCTCATTTTACGTGACA,0,705134
cpxRp2,0.3333333333333333,2,2,AGCTCATCGAGCGGACTACT,0,693734
cpxRp2,0.3333333333333333,2,2,AGCTATCATTGGACTCGGTC,0,632066
cpxRp2,0.3333333333333333,2,2,AGCTACAACCCTGTACTTAG,0,682093
cpxRp2,0.3333333333333333,2,2,AGCGTTATTCAGGTGTAATT,0,704992
cpxRp2,0.3333333333333333,2,2,AGCGTCCAAGGGCATCAGGT,0,648494
cpxRp2,0.3333333333333333,2,2,AGCGCCCAGTCACGGCGATT,0,632343
cpxRp2,0.3333333333333333,2,2,AGCGATTCAGCGGATTGCCG,0,667181
cpxRp2,0.3333333333333333,2,2,AGCCCTAAAACCGCGATTTG,0,665879
cpxRp2,0.3333333333333333,2,2,AGCCCGGGGTTCGCTGCCTA,0,645111
cpxRp2,0.3333333333333333,2,2,AGCCATGGTGCACATCATAC,0,708596
cpxRp2,0.3333333333333333,2,2,AGCCATGACGTCGGAGATTA,0,672010
cpxRp2,0.3333333333333333,2,2,AGCAGTTCTATAGTTCTACC,0,695962
cpxRp2,0.3333333333333333,2,2,AGCAAGTCTCACGTTCGGCC,0,686041
cpxRp2,0.3333333333333333,2,2,AGCAAAATGACGCGAACACG,0,676097
cpxRp2,0.3333333333333333,2,2,AGATTAGTCATGAAGCTTAA,0,679564
cpxRp2,0.3333333333333333,2,2,AGATGGATCCTTTTCGTCGC,0,655184
cpxRp2,0.3333333333333333,2,2,AGATCCAATAGCGCGCGAGT,0,676659
cpxRp2,0.3333333333333333,2,2,AGATCAAGCTGATAGGTCGG,0,650307
cpxRp2,0.3333333333333333,2,2,AGATACCAAGTTGTAACTGA,0,707781
cpxRp2,0.3333333333333333,2,2,AGAGTCACACGTAGAAGGGA,0,643975
cpxRp2,0.3333333333333333,2,2,AGAGGTGTTACCACTGCGGT,0,704563
cpxRp2,0.3333333333333333,2,2,AGAGCATAGCATGTCAGCGT,0,703254
cpxRp2,0.3333333333333333,2,2,AGACCGGATAAAGCGTCGCG,0,677230
cpxRp2,0.3333333333333333,2,2,AGACAGGGCCTAAAAGTCAC,0,672615
cpxRp2,0.3333333333333333,2,2,AGAAGACAGATTTCCATCGA,0,641635
cpxRp2,0.3333333333333333,2,2,AGAACCCGGTTATGTCAGAC,0,676984
cpxRp2,0.3333333333333333,2,2,ACTTATTATCGAAGATATTC,0,662261
cpxRp2,0.3333333333333333,2,2,ACTTATCGGGTTGCCAACTC,0,691737
cpxRp2,0.3333333333333333,2,2,ACTTAAAGATTTCCTCCAGT,0,639977
cpxRp2,0.3333333333333333,2,2,ACTGCACGGTATATGCATGG,0,671998
cpxRp2,0.3333333333333333,2,2,ACTCTGCACGGTTGCTTGCG,0,649216
cpxRp2,0.3333333333333333,2,2,ACTCGCTTGAGCAGGCTTCT,0,669130
cpxRp2,0.3333333333333333,2,2,ACTCGAGCCCATCAGGGTTC,0,689398
cpxRp2,0.3333333333333333,2,2,ACTATGTATACAGTCCTCAA,0,665074
cpxRp2,0.3333333333333333,2,2,ACTATCAGTACCAGGTATCT,0,637535
cpxRp2,0.3333333333333333,2,2,ACTAGGTTTCAGATTATTTT,0,671401
cpxRp2,0.3333333333333333,2,2,ACTACTAACTGTGTCGGTCC,0,653477
cpxRp2,0.3333333333333333,2,2,ACTAATGAGCTTTATCGGAT,0,679513
cpxRp2,0.3333333333333333,2,2,ACTAAGCTAGGACATGTTTC,0,681148
cpxRp2,0.3333333333333333,2,2,ACGTTGTCGAATCCCGTAAA,0,661224
cpxRp2,0.3333333333333333,2,2,ACGTAGCCGCGTAGCAGTGA,0,689582
cpxRp2,0.3333333333333333,2,2,ACGTAGAAATTAGATCGTTA,0,648654
cpxRp2,0.3333333333333333,2,2,ACGGTAATGGGACTGATCTA,0,710082
cpxRp2,0.3333333333333333,2,2,ACGGGCCTCAGTACTCCGTG,0,708313
cpxRp2,0.3333333333333333,2,2,ACGGGACCGAGGGGCTCTTG,0,639457
cpxRp2,0.3333333333333333,2,2,ACGGCTTCATTGCGAGCTTT,0,642720
cpxRp2,0.3333333333333333,2,2,ACGGACATACCGAAGGGGGT,0,648696
cpxRp2,0.3333333333333333,2,2,ACGCCGCGCTGGAGTCGCCG,0,638081
cpxRp2,0.3333333333333333,2,2,ACGCAGTGTACCGCCGGAGA,0,693808
cpxRp2,0.3333333333333333,2,2,ACGCAACGAAGGGACGAAAG,0,707764
cpxRp2,0.3333333333333333,2,2,ACGATGTAGCTGGAAGGGCA,0,700111
cpxRp2,0.3333333333333333,2,2,ACGATCTCGATTCGCGCAAT,0,670038
cpxRp2,0.3333333333333333,2,2,ACGAGTCTACCATTGTTACT,0,701292
cpxRp2,0.3333333333333333,2,2,ACGACTCGGTTCGGAACTGT,0,695543
cpxRp2,0.3333333333333333,2,2,ACGACGTCAGCTGCGCGTGC,0,631649
cpxRp2,0.3333333333333333,2,2,ACGACCCTGCATTTCTGCTA,0,704889
cpxRp2,0.3333333333333333,2,2,ACCTGGACCGGAACTTCCGA,0,661694
cpxRp2,0.3333333333333333,2,2,ACCTGAGATCAAATATACAT,0,677045
cpxRp2,0.3333333333333333,2,2,ACCTCTGACGGCTGACAGTG,0,694100
cpxRp2,0.3333333333333333,2,2,ACCTCACAGCAAAGGGTTTT,0,655496
cpxRp2,0.3333333333333333,2,2,ACCTAGTCTCCAAATCTATC,0,662536
cpxRp2,0.3333333333333333,2,2,ACCGTATTTCCGGTCTCGGC,0,661644
cpxRp2,0.3333333333333333,2,2,ACCGGGATTGCTTAAATGTT,0,633494
cpxRp2,0.3333333333333333,2,2,ACCGCGCAATATCACAACCA,0,695911
cpxRp2,0.3333333333333333,2,2,ACCGAATCGAGCCCGCCGTA,0,692918
cpxRp2,0.3333333333333333,2,2,ACCCGGGCGGCAACATTCGC,0,693917
cpxRp2,0.3333333333333333,2,2,ACCCGAGTGCACAGCCTCTG,0,677188
cpxRp2,0.3333333333333333,2,2,ACCCCCAGGTTTTTCTTGAG,0,667158
cpxRp2,0.3333333333333333,2,2,ACCCAACGGACTAGACCACG,0,710208
cpxRp2,0.3333333333333333,2,2,ACCAGGCTCCTAATCATCTC,0,710521
cpxRp2,0.3333333333333333,2,2,ACATTGTCGTGCACCAGAAA,0,638800
cpxRp2,0.3333333333333333,2,2,ACATGGGTTTTTTAACCACG,0,705187
cpxRp2,0.3333333333333333,2,2,ACATCTTACCAGATGCCGGC,0,629707
cpxRp2,0.3333333333333333,2,2,ACATCCGGGACTATCAAGGA,0,689008
cpxRp2,0.3333333333333333,2,2,ACAGTGTACGGAAGTAAGCT,0,701077
cpxRp2,0.3333333333333333,2,2,ACAGTAGTTCATAGCGTTGT,0,685472
cpxRp2,0.3333333333333333,2,2,ACAGGGTCGAAGAATCCACA,0,663093
cpxRp2,0.3333333333333333,2,2,ACAGCGGAAATTGAACCTGG,0,711920
cpxRp2,0.3333333333333333,2,2,ACAGCCCAAGGTACGGAAGA,0,688120
cpxRp2,0.3333333333333333,2,2,ACAGCCATGAAGTGATACTC,0,661917
cpxRp2,0.3333333333333333,2,2,ACACTGGAATGGAGAGTACG,0,704943
cpxRp2,0.3333333333333333,2,2,ACACGTACAATTTCAAAGTG,0,708951
cpxRp2,0.3333333333333333,2,2,ACACGGCCTCATGGCTAACA,0,655563
cpxRp2,0.3333333333333333,2,2,ACACGCTTCATATTCACACA,0,700225
cpxRp2,0.3333333333333333,2,2,ACACGACCTGCCTATAGCCC,0,710668
cpxRp2,0.3333333333333333,2,2,ACACCTCCCCGTTACTAGCG,0,666997
cpxRp2,0.3333333333333333,2,2,ACACCTAAGTTAATGATACG,0,708473
cpxRp2,0.3333333333333333,2,2,ACACCACTTTAAGTTTGTAT,0,671292
cpxRp2,0.3333333333333333,2,2,ACAATTTTAGTAGGGTAGGC,0,630186
cpxRp2,0.3333333333333333,2,2,ACAATCGGCCCAGCAGTGAA,0,662259
cpxRp2,0.3333333333333333,2,2,ACAATAAGGGCCGCAGGGAC,0,686120
cpxRp2,0.3333333333333333,2,2,ACAAGTATAAATACTTGTAC,0,634804
cpxRp2,0.3333333333333333,2,2,ACAACTGCAAAACTCCAAGA,0,708744
cpxRp2,0.3333333333333333,2,2,ACAAACCGTTATGCTATGCC,0,675042
cpxRp2,0.3333333333333333,2,2,ACAAAAGGGATTATGGCAGT,0,685186
cpxRp2,0.3333333333333333,2,2,AATTGGGACGCACTACCAAA,0,669077
cpxRp2,0.3333333333333333,2,2,AATTAGAAGGTCTATACCCG,0,669172
cpxRp2,0.3333333333333333,2,2,AATTAAGATTACGTCGAACT,0,684570
cpxRp2,0.3333333333333333,2,2,AATGTCGCCCTCTACATTCC,0,711830
cpxRp2,0.3333333333333333,2,2,AATGTATTCGTTAACAAAAG,0,642229
cpxRp2,0.3333333333333333,2,2,AATGAGTCAGGCCCTCACGG,0,647880
cpxRp2,0.3333333333333333,2,2,AATCTACGCGGTTACGTGAC,0,658074
cpxRp2,0.3333333333333333,2,2,AATCCCTCCGTGTATGCGGA,0,699719
cpxRp2,0.3333333333333333,2,2,AATCCACACCGGCCTCCGAC,0,681280
cpxRp2,0.3333333333333333,2,2,AATCAACGCATCGTGCCCAA,0,692999
cpxRp2,0.3333333333333333,2,2,AATATGCGATGGACGGTTAA,0,660925
cpxRp2,0.3333333333333333,2,2,AATACTAAGGGTTGAGTACT,0,663219
cpxRp2,0.3333333333333333,2,2,AATACGTGAAATGCTCCGGT,0,693071
cpxRp2,0.3333333333333333,2,2,AATACGAAGGGCAACCGCGG,0,706480
cpxRp2,0.3333333333333333,2,2,AATAAACCTGCGTTTGCAGG,0,698489
cpxRp2,0.3333333333333333,2,2,AAGTTGGAACTACATATTGG,0,658689
cpxRp2,0.3333333333333333,2,2,AAGTGATGTGGTGTACTTAA,0,638752
cpxRp2,0.3333333333333333,2,2,AAGTCCGGGACTTCAGTGTT,0,710798
cpxRp2,0.3333333333333333,2,2,AAGGGCGTCAACTGGTCTAT,0,651519
cpxRp2,0.3333333333333333,2,2,AAGGGCAACAGTAGTCAGGC,0,673983
cpxRp2,0.3333333333333333,2,2,AAGGGATGGTCTATGCCTAT,0,683280
cpxRp2,0.3333333333333333,2,2,AAGCGGAGCTCTGCAAAGTC,0,700206
cpxRp2,0.3333333333333333,2,2,AAGCGGAGAATGCGCTTGGG,0,652981
cpxRp2,0.3333333333333333,2,2,AAGCCTCATAACCCTATCAC,0,682500
cpxRp2,0.3333333333333333,2,2,AAGCCCAGTAGCATGCGTGC,0,679011
cpxRp2,0.3333333333333333,2,2,AAGCCAGGAAGCGAGGAGAA,0,679874
cpxRp2,0.3333333333333333,2,2,AAGCCACACGTTACCGTGGT,0,656469
cpxRp2,0.3333333333333333,2,2,AAGCACCGGTTCTATATGAT,0,656231
cpxRp2,0.3333333333333333,2,2,AAGAGGCGTCTCAGCCCATG,0,698447
cpxRp2,0.3333333333333333,2,2,AAGAGAGTATGCCTCCCGAG,0,666982
cpxRp2,0.3333333333333333,2,2,AAGAGAGCCCTCAGAGAAGC,0,630095
cpxRp2,0.3333333333333333,2,2,AACTGCTATAATATGTAGGC,0,697238
cpxRp2,0.3333333333333333,2,2,AACTGCACAAAAGCCTAATT,0,695034
cpxRp2,0.3333333333333333,2,2,AACTGAGACGTTTGGAATGG,0,656008
cpxRp2,0.3333333333333333,2,2,AACTCTCTTAGGGATAATCA,0,690708
cpxRp2,0.3333333333333333,2,2,AACGTGCGGCAGGACCTGAA,0,655704
cpxRp2,0.3333333333333333,2,2,AACGTGAATAGCTTTTAGTT,0,651213
cpxRp2,0.3333333333333333,2,2,AACGTAGGCCGCCGGCCTTG,0,649226
cpxRp2,0.3333333333333333,2,2,AACGTAATAATAACTATCGG,0,698297
cpxRp2,0.3333333333333333,2,2,AACGGCATAGTTGATTATAA,0,678052
cpxRp2,0.3333333333333333,2,2,AACGCGTGCAATGCCCTGCA,0,662710
cpxRp2,0.3333333333333333,2,2,AACGCGCCACGAATTGCAAC,0,664005
cpxRp2,0.3333333333333333,2,2,AACGCGACCCCCCTGACTTT,0,664538
cpxRp2,0.3333333333333333,2,2,AACGACACTAAGGGTCGGAC,0,704240
cpxRp2,0.3333333333333333,2,2,AACGAACCGGAGTTTGTACT,0,691079
cpxRp2,0.3333333333333333,2,2,AACCTCGCGGAAAGATTAGG,0,680173
cpxRp2,0.3333333333333333,2,2,AACCGCGATGTCAGAATCAA,0,684276
cpxRp2,0.3333333333333333,2,2,AACAGTTCCCCATGTAGGAG,0,638532
cpxRp2,0.3333333333333333,2,2,AACAGACAGACACAGCCTAC,0,646460
cpxRp2,0.3333333333333333,2,2,AACAATCTAAGGCATCCCGG,0,688824
cpxRp2,0.3333333333333333,2,2,AACAAGTCCTTGGTATTTTG,0,660628
cpxRp2,0.3333333333333333,2,2,AACAAGCAGCGACAGATTCA,0,686708
cpxRp2,0.3333333333333333,2,2,AAATGCTAACTGCAGTTTAT,0,698935
cpxRp2,0.3333333333333333,2,2,AAATGAAACGCGAGACCGTT,0,709056
cpxRp2,0.3333333333333333,2,2,AAATCTGGAACTTATGGGAT,0,708292
cpxRp2,0.3333333333333333,2,2,AAATCGCAGAAACAGTCTCG,0,679763
cpxRp2,0.3333333333333333,2,2,AAATCGAGGCATTTTGCACC,0,685341
cpxRp2,0.3333333333333333,2,2,AAAGGCGCGGGGTTTTTTTG,0,686297
cpxRp2,0.3333333333333333,2,2,AAAGATGCGGCTTTTGTAAA,0,647007
cpxRp2,0.3333333333333333,2,2,AAAGATATTGGGATGTCCCT,0,688843
cpxRp2,0.3333333333333333,2,2,AAAGACGAAGCTATAGGATC,0,674802
cpxRp2,0.3333333333333333,2,2,AAACTGCGACTGGTATGTGG,0,657372
cpxRp2,0.3333333333333333,2,2,AAACTCTGCGTCTTATTAAC,0,680460
cpxRp2,0.3333333333333333,2,2,AAACGTCTTGCCGAACTACG,0,646743
cpxRp2,0.3333333333333333,2,2,AAACGTAACAGTTCGTTCTG,0,644650
cpxRp2,0.3333333333333333,2,2,AAACGGTCGGCGGATCTCAT,0,688986
cpxRp2,0.3333333333333333,2,2,AAACCGTTTAAGGCGTGAAA,0,640640
cpxRp2,0.3333333333333333,2,2,AAACCCGATATCATTTATCG,0,658244
cpxRp2,0.3333333333333333,2,2,AAAATGCTTACAGCTGGTAG,0,639254
cpxRp2,0.3333333333333333,2,2,AAAACGACGCGGAGCAATGC,0,636531
cpxRp2,0.3333333333333333,2,2,AAAACAAGCACATTGACAGG,0,645184
cpxRp2,0.3333333333333333,2,2,AAAACAACCCCGCCCTCCTT,0,668862
cpxRp2,0.3333333333333333,2,2,AAAAAGAGCTCGCGGCTGTT,0,633326
cpxRp2,0.3333333333333333,2,2,AAAAACACACCAGTTTTTGA,0,693566
cpxRp2,0.5,1,1,TTTTTATCTCTGCTCGTATT,0,634113
cpxRp2,0.5,1,1,TTTTCTGAGGGATAAGACAA,0,658767
cpxRp2,0.5,1,1,TTTTCGATCCCCAGGTTAAC,0,674390
cpxRp2,0.5,1,1,TTTTCCCCTTGCTTCACGGA,0,661449
cpxRp2,0.5,1,1,TTTTCCACATGTCCTCTCGG,0,654151
cpxRp2,0.5,1,1,TTTTAAAACAGCTCCAACCG,0,705040
cpxRp2,0.5,1,1,TTTGTGTTCGGAGATTAATG,0,632959
cpxRp2,0.5,1,1,TTTGATGACGCCCTTCATTT,0,659155
cpxRp2,0.5,1,1,TTTCTTAGTGCTATGTTGTA,0,644483
cpxRp2,0.5,1,1,TTTCTCATGTCACATTCAGC,0,666530
cpxRp2,0.5,1,1,TTTCGCACACAAAGCTCGAT,0,685764
cpxRp2,0.5,1,1,TTTCGAGTCTAGGAGGCGTA,0,669893
cpxRp2,0.5,1,1,TTTCCGAACGTCCTTAATGT,0,655569
cpxRp2,0.5,1,1,TTTCAGAACCCTGCCCATGG,0,656370
cpxRp2,0.5,1,1,TTTCAAAGGAGGTGGGGGAG,0,644391
cpxRp2,0.5,1,1,TTTATGTGCGAGACTTATAT,0,693623
cpxRp2,0.5,1,1,TTTAGTAAAAAAATTTACAA,0,674648
cpxRp2,0.5,1,1,TTTACTGCACCGACTGTAGG,0,647187
cpxRp2,0.5,1,1,TTTACGAATAATTTGCCGAT,0,708182
cpxRp2,0.5,1,1,TTTACATAGAATCGTCTGGC,0,681579
cpxRp2,0.5,1,1,TTGTTGCCGAGCGGATAATC,0,676723
cpxRp2,0.5,1,1,TTGTTCGTTCCCCTGCAATT,0,712197
cpxRp2,0.5,1,1,TTGTGTGTCATATAATAAGG,0,661801
cpxRp2,0.5,1,1,TTGTGCTAGATATTAATTCC,0,701902
cpxRp2,0.5,1,1,TTGTGAAACGGAATACCGTA,0,652988
cpxRp2,0.5,1,1,TTGTCTACATCGTGTACTGG,0,631291
cpxRp2,0.5,1,1,TTGTATTACTACGGCTGTAA,0,694436
cpxRp2,0.5,1,1,TTGTATGGTCTATTGTATTG,0,692003
cpxRp2,0.5,1,1,TTGTAAGATTGCACGTTCTA,0,649894
cpxRp2,0.5,1,1,TTGGTTCCTGGGAGACAGCA,0,711696
cpxRp2,0.5,1,1,TTGGTGTGGGAACCACATAT,0,696771
cpxRp2,0.5,1,1,TTGGTCTCCCCACCGCCGAT,0,686201
cpxRp2,0.5,1,1,TTGGTAGACTCGGTTTGAGC,0,684964
cpxRp2,0.5,1,1,TTGGCTCGGCCAAGTGTGGT,0,687608
cpxRp2,0.5,1,1,TTGGCCGTTAACTCTGTGTT,0,691554
cpxRp2,0.5,1,1,TTGGCAGGTCATTCACCGGT,0,710966
cpxRp2,0.5,1,1,TTGGAGCTTCCCAAGTGCGG,0,636231
cpxRp2,0.5,1,1,TTGCTTTATGATATCTCCGC,0,633184
cpxRp2,0.5,1,1,TTGCTTCAATTTGGAGATGA,0,634474
cpxRp2,0.5,1,1,TTGCTGGTCATGGGCTTTCC,0,634900
cpxRp2,0.5,1,1,TTGCTAGCCTTAACGCGTCT,0,648793
cpxRp2,0.5,1,1,TTGCAGCATTAACAACTGCG,0,682633
cpxRp2,0.5,1,1,TTGCAACCTGTAGTCCACTG,0,687070
cpxRp2,0.5,1,1,TTGAGTCACCGTGCCGGTGA,0,687308
cpxRp2,0.5,1,1,TTGAGCGCGCGCGGTGGCGT,0,699026
cpxRp2,0.5,1,1,TTGAGATGGCTGAGTAAAGC,0,656597
cpxRp2,0.5,1,1,TTGAATCGTCTAGAGGATTA,0,658918
cpxRp2,0.5,1,1,TTCTTTCGGATTATATGTCA,0,696900
cpxRp2,0.5,1,1,TTCTGTGGTGGGACAACGTC,0,630324
cpxRp2,0.5,1,1,TTCTGCCAGGGCACTAATAG,0,703092
cpxRp2,0.5,1,1,TTCTAGATAACCTGAAACCC,0,659936
cpxRp2,0.5,1,1,TTCTACTGCGAGAGATTCAA,0,633733
cpxRp2,0.5,1,1,TTCTAAATATGAGCAGCTGT,0,692616
cpxRp2,0.5,1,1,TTCTAAATACCAGCGACTAA,0,707507
cpxRp2,0.5,1,1,TTCGGGCGATGAGTATTCCA,0,698031
cpxRp2,0.5,1,1,TTCGGATTGTAACGGGGCAT,0,695428
cpxRp2,0.5,1,1,TTCGGAGTCCAGACTAGGCT,0,646625
cpxRp2,0.5,1,1,TTCGCTCAATCTCATAGTAT,0,637737
cpxRp2,0.5,1,1,TTCGCGTGACAATGGCGCAC,0,680968
cpxRp2,0.5,1,1,TTCGCGCGACAGATGTACTC,0,636923
cpxRp2,0.5,1,1,TTCGCACCGGGGAGAAGGTT,0,656094
cpxRp2,0.5,1,1,TTCGAGCGTAACGGTTTCCG,0,677213
cpxRp2,0.5,1,1,TTCGAAGCCGTCCTGGAACT,0,647730
cpxRp2,0.5,1,1,TTCGAACTATGGTTAATTGG,0,684566
cpxRp2,0.5,1,1,TTCGAACGGTACCTACCCAA,0,655942
cpxRp2,0.5,1,1,TTCCTTCGTTGACCGATGTA,0,659070
cpxRp2,0.5,1,1,TTCCTAATTCTGACGTTCGC,0,701485
cpxRp2,0.5,1,1,TTCCGGCCTCGCCTAATGCA,0,669912
cpxRp2,0.5,1,1,TTCCGCGCAGTTATGGGAAT,0,669041
cpxRp2,0.5,1,1,TTCCCTTGCTAGGCTTCCTC,0,702178
cpxRp2,0.5,1,1,TTCCCGGATCGTTAGTACGG,0,679781
cpxRp2,0.5,1,1,TTCCCCCCCGCCTCAATTCC,0,660973
cpxRp2,0.5,1,1,TTCCATGTCAAGATACAGGC,0,684323
cpxRp2,0.5,1,1,TTCCAATTTTAACTCAAGGA,0,673377
cpxRp2,0.5,1,1,TTCATGTTCTGCTGGGCTTC,0,663759
cpxRp2,0.5,1,1,TTCATAAGCTGGGTTGCTGG,0,657895
cpxRp2,0.5,1,1,TTCAGTCATTTAGCTAGCCC,0,685279
cpxRp2,0.5,1,1,TTCAGCGGAGGTTTCACGTG,0,691611
cpxRp2,0.5,1,1,TTCAGAGCTGCTCGACCAGG,0,675148
cpxRp2,0.5,1,1,TTCAGACCTTCGAAGGTCAT,0,698981
cpxRp2,0.5,1,1,TTCACGGGGCACTGGCCAAG,0,639543
cpxRp2,0.5,1,1,TTCAAGGGCTTCATACCACC,0,655830
cpxRp2,0.5,1,1,TTCAAAACTAATTGGATAAC,0,693872
cpxRp2,0.5,1,1,TTATTTTTTACTTACGACCA,0,659505
cpxRp2,0.5,1,1,TTATTTCCGCCGTGCGATCA,0,700004
cpxRp2,0.5,1,1,TTATGTATGCTCAAATAGAC,0,672228
cpxRp2,0.5,1,1,TTATGTATCCCGAAACCTTG,0,660387
cpxRp2,0.5,1,1,TTATGGCGGCCCCCAAGCGG,0,705890
cpxRp2,0.5,1,1,TTATGCTCCGGGGCCTGTCA,0,676199
cpxRp2,0.5,1,1,TTATGCCAGGTAGAGGCCCA,0,706986
cpxRp2,0.5,1,1,TTATCGGGCGTCCATACGCT,0,687872
cpxRp2,0.5,1,1,TTATCCAGCCTCAGTGACGA,0,663054
cpxRp2,0.5,1,1,TTATCAGTGTTTCCACTGCA,0,652466
cpxRp2,0.5,1,1,TTATACGCGCGGCCGATGAT,0,708731
cpxRp2,0.5,1,1,TTATAACCCTCACATTTTAT,0,650710
cpxRp2,0.5,1,1,TTAGTAGTCCCTCGCTCTAT,0,652004
cpxRp2,0.5,1,1,TTAGGGGCAAAGCATTGCGA,0,641887
cpxRp2,0.5,1,1,TTAGCTTTCCGGGCCCGCAT,0,641587
cpxRp2,0.5,1,1,TTAGCCGATACCCCCGGTCT,0,651223
cpxRp2,0.5,1,1,TTAGCCCTAGGCCCTCACTC,0,636081
cpxRp2,0.5,1,1,TTAGATGTCAAACATAGGAG,0,674286
cpxRp2,0.5,1,1,TTAGAATTATGAATTTACTC,0,689890
cpxRp2,0.5,1,1,TTAGAACGAAGTATGGTTGA,0,679480
cpxRp2,0.5,1,1,TTACTCGAGCAATTGGAACT,0,674628
cpxRp2,0.5,1,1,TTACTAAATTCTCGGTCTTG,0,664720
cpxRp2,0.5,1,1,TTACGTTCGGGTAACTTACA,0,701008
cpxRp2,0.5,1,1,TTACGTGCAGTCGTCACCCC,0,651835
cpxRp2,0.5,1,1,TTACGTATATGACTATGTTG,0,662603
cpxRp2,0.5,1,1,TTACGAAATTGTGTCTCTAA,0,679644
cpxRp2,0.5,1,1,TTACCGAGTCACATTTTGAG,0,657068
cpxRp2,0.5,1,1,TTACCACCCCTGCGGTTTTG,0,692671
cpxRp2,0.5,1,1,TTACATTTTCACATCTTTCG,0,695517
cpxRp2,0.5,1,1,TTAATAGACCCAAACAGCGT,0,686242
cpxRp2,0.5,1,1,TTAAGGAGTAGCGCGTACTA,0,700059
cpxRp2,0.5,1,1,TTAAGGAAGGAAGACTCTTT,0,676650
cpxRp2,0.5,1,1,TTAAGCGATAAACGGCTGAC,0,696526
cpxRp2,0.5,1,1,TTAAGAGGACGGAAACAACA,0,649799
cpxRp2,0.5,1,1,TTAACGTCGTGACCAATTAA,0,706501
cpxRp2,0.5,1,1,TTAACGATGATTGAACTATA,0,662529
cpxRp2,0.5,1,1,TTAAAGCGGCCAAGGCCCTT,0,629857
cpxRp2,0.5,1,1,TTAAACGATTTGCTCCTTGT,0,669784
cpxRp2,0.5,1,1,TTAAAAGGGGAACATGGGCG,0,691852
cpxRp2,0.5,1,1,TTAAAACCAGCGTGGGGGCT,0,641395
cpxRp2,0.5,1,1,TTAAAACATGATGCGTGTGC,0,660273
cpxRp2,0.5,1,1,TGTTTTGGGGACGGCTTATA,0,708254
cpxRp2,0.5,1,1,TGTTGGCATACCGGATCGTC,0,674544
cpxRp2,0.5,1,1,TGTTGAGGTTCCGCCGGTCA,0,699999
cpxRp2,0.5,1,1,TGTTAAGCACTCAATCTCAA,0,646084
cpxRp2,0.5,1,1,TGTGTTTTGATCAGTCGGGG,0,649272
cpxRp2,0.5,1,1,TGTGTGGCCGGACTCCGCTG,0,701643
cpxRp2,0.5,1,1,TGTGGTAAGGTGGACGTCAT,0,667717
cpxRp2,0.5,1,1,TGTGCAACCTTCAAACGGGT,0,637091
cpxRp2,0.5,1,1,TGTGATGCGCGCGCTTACAG,0,708430
cpxRp2,0.5,1,1,TGTGAGCTCCTCCAGCTTCG,0,687418
cpxRp2,0.5,1,1,TGTGACGTTCCGATAAGTCC,0,676575
cpxRp2,0.5,1,1,TGTCTGTTAAACCTGAGTGC,0,679689
cpxRp2,0.5,1,1,TGTCTGCCTTTCGTCCCGCA,0,654220
cpxRp2,0.5,1,1,TGTCTCAGAGCACTGCCGCT,0,671540
cpxRp2,0.5,1,1,TGTCATATGTTATCAGAACA,0,646993
cpxRp2,0.5,1,1,TGTCAACTTATAACATTCGC,0,631764
cpxRp2,0.5,1,1,TGTATTGCCAACTTCTCACT,0,650577
cpxRp2,0.5,1,1,TGTATCCAATCAAGCTTTGA,0,642492
cpxRp2,0.5,1,1,TGTATCAGAATAGGCCCGTA,0,670728
cpxRp2,0.5,1,1,TGTACCCCTTACAGTGTTAG,0,631472
cpxRp2,0.5,1,1,TGTAAATTTGTGCAACCTTC,0,658534
cpxRp2,0.5,1,1,TGGTTATAGTAAGCGCGCAG,0,643889
cpxRp2,0.5,1,1,TGGTGGTTATTATAAGTTGC,0,679792
cpxRp2,0.5,1,1,TGGTCGAGAACCATTAATAT,0,708187
cpxRp2,0.5,1,1,TGGTCAGGCATCCACCGCGT,0,672990
cpxRp2,0.5,1,1,TGGTACTTTTAGGGTACTAG,0,688957
cpxRp2,0.5,1,1,TGGTAAGGTTACACAAGAGA,0,662309
cpxRp2,0.5,1,1,TGGGTACTCATGATCGAAGT,0,657426
cpxRp2,0.5,1,1,TGGGCGGAGCACCTGCTTTC,0,711973
cpxRp2,0.5,1,1,TGGGCGCCAGGCTGCCACCA,0,711251
cpxRp2,0.5,1,1,TGGGAATGTAAGAGAAAGAC,0,649232
cpxRp2,0.5,1,1,TGGGAAGCTTTTGTGGTCTC,0,709951
cpxRp2,0.5,1,1,TGGCTTCGTAAGCGACTCTT,0,685408
cpxRp2,0.5,1,1,TGGCTTCCTCCAACGTGGGG,0,675771
cpxRp2,0.5,1,1,TGGCTTCCACAAGATAAAAA,0,655297
cpxRp2,0.5,1,1,TGGCTCTGGCGCAGACCCGA,0,644969
cpxRp2,0.5,1,1,TGGCGTGTCAAGATTGCTGA,0,638498
cpxRp2,0.5,1,1,TGGCGGCCACAAGAATCGAT,0,680869
cpxRp2,0.5,1,1,TGGCGCGGTGTTCTCATTTT,0,639576
cpxRp2,0.5,1,1,TGGCCGTCAGCGCAAAAATA,0,682797
cpxRp2,0.5,1,1,TGGCAAGGTGCTTGACTGTC,0,664646
cpxRp2,0.5,1,1,TGGATTAGGCACGGTACAGA,0,644161
cpxRp2,0.5,1,1,TGGAGGATAATGACTACCAT,0,655699
cpxRp2,0.5,1,1,TGGAGCGTTGCCACACAGGC,0,685219
cpxRp2,0.5,1,1,TGGAGAATATCCCCGGAGGT,0,706690
cpxRp2,0.5,1,1,TGGACTTACGCGGGAGACAC,0,669881
cpxRp2,0.5,1,1,TGGAATGCTATCTCGAACAG,0,654384
cpxRp2,0.5,1,1,TGGAATGCGGCGCTAACGGT,0,704736
cpxRp2,0.5,1,1,TGCTTCGCCAGCAAAAAAGG,0,647247
cpxRp2,0.5,1,1,TGCTTCCTAATCACGTCAGG,0,701788
cpxRp2,0.5,1,1,TGCTGGGGAGGTGATTTGAC,0,632596
cpxRp2,0.5,1,1,TGCTGCATCAGCGGGTCTTT,0,656138
cpxRp2,0.5,1,1,TGCTCTCCACTGCCCATGGT,0,649046
cpxRp2,0.5,1,1,TGCTCTAGTAGTGACATGGG,0,681267
cpxRp2,0.5,1,1,TGCTACCGTAAGCTCTCTTC,0,689808
cpxRp2,0.5,1,1,TGCTACAACAGTAGACTTCA,0,645322
cpxRp2,0.5,1,1,TGCTAACACGCCTGAGTGGC,0,695247
cpxRp2,0.5,1,1,TGCGTTGAACCGCGGGTCTT,0,651945
cpxRp2,0.5,1,1,TGCGTGTTCGCAACGCATTA,0,705048
cpxRp2,0.5,1,1,TGCGTAGCGCACCTAGCATT,0,673826
cpxRp2,0.5,1,1,TGCGCTCCCACGGGACTGGC,0,671507
cpxRp2,0.5,1,1,TGCCTCCCCGCTCTTGGCGC,0,642674
cpxRp2,0.5,1,1,TGCCGGCGCCTGGCAACGAT,0,673712
cpxRp2,0.5,1,1,TGCCGCTCATGGGTGCCGGC,0,635402
cpxRp2,0.5,1,1,TGCCGCTCAGTTACGCCATA,0,702512
cpxRp2,0.5,1,1,TGCCCCGATCCCCTATGAAA,0,642238
cpxRp2,0.5,1,1,TGCAGACACCATCGAAAGAT,0,686975
cpxRp2,0.5,1,1,TGCACACGAATTCTGCTAAG,0,687974
cpxRp2,0.5,1,1,TGATTTTCTCTGGTATGGGA,0,679359
cpxRp2,0.5,1,1,TGATTGCTATAAACAGGCTC,0,651134
cpxRp2,0.5,1,1,TGATGCGAAAGCGGATGTTA,0,665924
cpxRp2,0.5,1,1,TGATGACAAAACGGGTACAG,0,644933
cpxRp2,0.5,1,1,TGATCGCTCCTGTCAGCCCC,0,677901
cpxRp2,0.5,1,1,TGATCGCTCAGTTAGAACTC,0,712014
cpxRp2,0.5,1,1,TGATCGCGGTCGTCCGGGAT,0,691598
cpxRp2,0.5,1,1,TGATCCTGTAGCATAGGCTG,0,641456
cpxRp2,0.5,1,1,TGATCCCCTCACTTCCGTCC,0,691053
cpxRp2,0.5,1,1,TGATCACCTTTCGGACCAGG,0,652113
cpxRp2,0.5,1,1,TGATATTACGCGTGACGCAC,0,669983
cpxRp2,0.5,1,1,TGATACGTTATTATCGAAAT,0,630413
cpxRp2,0.5,1,1,TGATAAACCAAAACACCTTT,0,701697
cpxRp2,0.5,1,1,TGAGTACTAAGAAGGTGAAT,0,659789
cpxRp2,0.5,1,1,TGAGGTATCATAATTAGGCC,0,638406
cpxRp2,0.5,1,1,TGAGCGGCGCCGCCATATTA,0,641193
cpxRp2,0.5,1,1,TGAGATAGTGCCAGTTGCTG,0,643180
cpxRp2,0.5,1,1,TGAGAGTGGGAAGTACATGG,0,650085
cpxRp2,0.5,1,1,TGACGGTAAACCCAATTGGC,0,698382
cpxRp2,0.5,1,1,TGACGCTATGGAATGACCGG,0,681378
cpxRp2,0.5,1,1,TGACCCAAAACTAAAGACGT,0,632547
cpxRp2,0.5,1,1,TGACCATTGTAGGAGCATTC,0,659455
cpxRp2,0.5,1,1,TGACATTAAGATTGTCATAA,0,690423
cpxRp2,0.5,1,1,TGACATCCCCAGTCTCCGTC,0,688603
cpxRp2,0.5,1,1,TGAATGCTGCCGACATCCTA,0,647200
cpxRp2,0.5,1,1,TGAATCGGCCAACTCCGGTA,0,700888
cpxRp2,0.5,1,1,TGAATATAGGCGATCCTCGC,0,629971
cpxRp2,0.5,1,1,TGAATAGGTATCTACCGTCT,0,648986
cpxRp2,0.5,1,1,TGAAGTGAGGGTTCTGCAAC,0,644999
cpxRp2,0.5,1,1,TGAAGGGGATGATTACCGGA,0,667576
cpxRp2,0.5,1,1,TGAAGGAGTTGGATGCATCC,0,667197
cpxRp2,0.5,1,1,TGAAGCGCCTCGTGAGCGGG,0,706535
cpxRp2,0.5,1,1,TGAAGCCGGTCTGTGAGGAT,0,632119
cpxRp2,0.5,1,1,TGAAGCATTGCGCACCGTCT,0,630683
cpxRp2,0.5,1,1,TGAACTCCTGTAAATAACGA,0,665696
cpxRp2,0.5,1,1,TGAACGCTAACATAGCTGTA,0,706173
cpxRp2,0.5,1,1,TGAACCGTCTCAGTACTCAT,0,649869
cpxRp2,0.5,1,1,TGAAAATTGGTACCCTTTCA,0,699455
cpxRp2,0.5,1,1,TGAAAACGAATATGTTGGCC,0,710890
cpxRp2,0.5,1,1,TCTTTCGTGGTGCAGATTGA,0,671374
cpxRp2,0.5,1,1,TCTTTAAGCACACGTCACGT,0,651343
cpxRp2,0.5,1,1,TCTTCAGAAATGCGGTTAGA,0,653165
cpxRp2,0.5,1,1,TCTTAGCCTGTGCCCGGTCA,0,630587
cpxRp2,0.5,1,1,TCTGTTCGTCAGATTAGGTA,0,709866
cpxRp2,0.5,1,1,TCTGTGTCATGGTGCTAAGG,0,651010
cpxRp2,0.5,1,1,TCTGGGCCAGGGACTACGCA,0,641916
cpxRp2,0.5,1,1,TCTGGCACCTTCGTGGGGTT,0,636565
cpxRp2,0.5,1,1,TCTGGATCCCAGCTACAAGT,0,697220
cpxRp2,0.5,1,1,TCTGGAGCTACTCTTAGGTC,0,683107
cpxRp2,0.5,1,1,TCTGGAAGGCCAGGCCGTAT,0,687392
cpxRp2,0.5,1,1,TCTGCTAGAATGAGGGCTGA,0,710401
cpxRp2,0.5,1,1,TCTGAGGGAATTGTGCCCCT,0,700576
cpxRp2,0.5,1,1,TCTCTTATCCCGCGCGTCCC,0,682340
cpxRp2,0.5,1,1,TCTCTGTTTCCTCAGTTAGT,0,709798
cpxRp2,0.5,1,1,TCTCTCTTCATTCTTTGAGC,0,673557
cpxRp2,0.5,1,1,TCTCGTGATCTTACTACGTA,0,656213
cpxRp2,0.5,1,1,TCTCCTTTTCTTCAGACCCG,0,690350
cpxRp2,0.5,1,1,TCTCCGTGCATAGATATCAA,0,638534
cpxRp2,0.5,1,1,TCTCCGTCCGTTTTGCGAAC,0,677723
cpxRp2,0.5,1,1,TCTCCCGCAATTTCTACTTT,0,669566
cpxRp2,0.5,1,1,TCTCAAAGCTTTCGTGTGGT,0,636567
cpxRp2,0.5,1,1,TCTATATCTCGTAAACCCCC,0,680920
cpxRp2,0.5,1,1,TCTAGCAGACACGCTAATTA,0,632184
cpxRp2,0.5,1,1,TCTACGTAAACAGTCGGCTC,0,674406
cpxRp2,0.5,1,1,TCTAACGACGTCGCGTACGA,0,674179
cpxRp2,0.5,1,1,TCGTTTTTGGGTCCGGTAGA,0,701171
cpxRp2,0.5,1,1,TCGTTTTGTGGACACGCCGC,0,650186
cpxRp2,0.5,1,1,TCGTTTTAGATCCTTTGCTA,0,666215
cpxRp2,0.5,1,1,TCGTTGTGTCACGTATCCTG,0,638524
cpxRp2,0.5,1,1,TCGTTCCAGTGGTTAGAGAC,0,704290
cpxRp2,0.5,1,1,TCGTTCAATATGCACTACAC,0,644443
cpxRp2,0.5,1,1,TCGTGAGGATTGCATGGTAT,0,701703
cpxRp2,0.5,1,1,TCGTCTTTTTAACAACTGTC,0,675172
cpxRp2,0.5,1,1,TCGTCATTGCACGCGCAAGT,0,710953
cpxRp2,0.5,1,1,TCGTATGGACGGGAAACGTC,0,636611
cpxRp2,0.5,1,1,TCGTAGGAAAGTCTCGAAAT,0,636479
cpxRp2,0.5,1,1,TCGGTTAAAGGCAATCGGAA,0,673125
cpxRp2,0.5,1,1,TCGGTCTAGCGTGAGATGCA,0,679908
cpxRp2,0.5,1,1,TCGGCTGGAGTGTGAACCGG,0,688677
cpxRp2,0.5,1,1,TCGGCTCAGGAATCTGCTTC,0,654507
cpxRp2,0.5,1,1,TCGGCAGACAGCGAAAAAGT,0,679503
cpxRp2,0.5,1,1,TCGGATAGGCCCATCACCTC,0,650575
cpxRp2,0.5,1,1,TCGGAGGTATCAAAGACGTT,0,707403
cpxRp2,0.5,1,1,TCGGAAATTCTGCCTTGCAA,0,640641
cpxRp2,0.5,1,1,TCGCTTGCGAAGATTGAAAG,0,658025
cpxRp2,0.5,1,1,TCGCTATACCCTCTGAGTAC,0,668989
cpxRp2,0.5,1,1,TCGCGGCGCATCACTCGTCT,0,708213
cpxRp2,0.5,1,1,TCGATTGCCAGGTCACTTGG,0,674144
cpxRp2,0.5,1,1,TCGATTGAAGCGAAGGGTAA,0,705780
cpxRp2,0.5,1,1,TCGATAAAGTCGGGGGTGCG,0,667076
cpxRp2,0.5,1,1,TCGAGAGTCAGGCTCGGTGT,0,654699
cpxRp2,0.5,1,1,TCGAATCTCGCTGGGACAAA,0,689405
cpxRp2,0.5,1,1,TCGAAGCAACTGTGGAAAAT,0,641823
cpxRp2,0.5,1,1,TCCTTTGTTCAGCCGATCCT,0,671539
cpxRp2,0.5,1,1,TCCTTCATAGGGGATTCAGG,0,693885
cpxRp2,0.5,1,1,TCCTGTAATCTCACCTAGTT,0,710576
cpxRp2,0.5,1,1,TCCTGGATGGGGTCGGTTTT,0,683090
cpxRp2,0.5,1,1,TCCTAATCCAAGTGGCACCT,0,689038
cpxRp2,0.5,1,1,TCCGTTTTTGCCACACTTAG,0,696488
cpxRp2,0.5,1,1,TCCGGAAGTTGACCTGCATT,0,705191
cpxRp2,0.5,1,1,TCCGCGGCCCTGCGACCTAG,0,688599
cpxRp2,0.5,1,1,TCCGAGACATTGTGTGCTGG,0,687711
cpxRp2,0.5,1,1,TCCGAAAGGTGCCCGCTACA,0,653286
cpxRp2,0.5,1,1,TCCCTGCTAGCTTGTCGCTC,0,673900
cpxRp2,0.5,1,1,TCCCTCCGGAGAGGCCGGTC,0,674479
cpxRp2,0.5,1,1,TCCCGTCCTACGGCCCAGCA,0,659491
cpxRp2,0.5,1,1,TCCCGGGACAATAACATCGT,0,678249
cpxRp2,0.5,1,1,TCCCGCGAAGCCGCTGATGT,0,653719
cpxRp2,0.5,1,1,TCCCGCAGTTGGCCCGTAGG,0,633229
cpxRp2,0.5,1,1,TCCCCTCGCGGTCTAGTCGG,0,696681
cpxRp2,0.5,1,1,TCCCCAGTAGGCTCTCAAGT,0,645604
cpxRp2,0.5,1,1,TCCCAGGGATGTCTGATGTA,0,649100
cpxRp2,0.5,1,1,TCCCAGGCCGGATACACGGT,0,649159
cpxRp2,0.5,1,1,TCCATTCTATATATACGATC,0,634028
cpxRp2,0.5,1,1,TCCATGCAGACGTCCTCATG,0,635498
cpxRp2,0.5,1,1,TCCATAGGGTTGGACTACTC,0,664713
cpxRp2,0.5,1,1,TCCAAGACGTAGAAGCGGCA,0,677871
cpxRp2,0.5,1,1,TCCAACCTTTCGCGCATTAA,0,635007
cpxRp2,0.5,1,1,TCCAACATTTGGCGTCCTGC,0,638639
cpxRp2,0.5,1,1,TCCAAATTATAGGCGTACCA,0,656063
cpxRp2,0.5,1,1,TCATGCTTTAACATGTGTAG,0,658751
cpxRp2,0.5,1,1,TCATCGGAAACGCAACGCTT,0,661714
cpxRp2,0.5,1,1,TCATATCCTGTTCAACACAA,0,631338
cpxRp2,0.5,1,1,TCAGTTCACGGATCATGGTG,0,704574
cpxRp2,0.5,1,1,TCAGTGCACTCGACTGACAA,0,634868
cpxRp2,0.5,1,1,TCAGTCACGGAAATCATCCT,0,640006
cpxRp2,0.5,1,1,TCAGGCTCCCGACATCTCGT,0,654931
cpxRp2,0.5,1,1,TCAGCGGTAGGCCACGGTTG,0,651376
cpxRp2,0.5,1,1,TCAGCGCACGTACCGAGAAC,0,673688
cpxRp2,0.5,1,1,TCAGCATTGATGGTCCTTTT,0,642346
cpxRp2,0.5,1,1,TCAGAGGGCTCAATGCACGA,0,680872
cpxRp2,0.5,1,1,TCAGAAGCGTTATCCCAGAA,0,651177
cpxRp2,0.5,1,1,TCACTGGTAATCAAACGTCC,0,673692
cpxRp2,0.5,1,1,TCACTGAGGGCTTAGGCGGG,0,660826
cpxRp2,0.5,1,1,TCACTCGGAAGTCATGTAGT,0,699439
cpxRp2,0.5,1,1,TCACTCAATGTTTTTCTGTG,0,683644
cpxRp2,0.5,1,1,TCACGCGCACTTTGCCTTTC,0,654319
cpxRp2,0.5,1,1,TCACGAGGCAATCATGCTGA,0,700645
cpxRp2,0.5,1,1,TCACCTAGTACGACTTGTAA,0,669685
cpxRp2,0.5,1,1,TCACCCTTCAGATACAGTGG,0,666744
cpxRp2,0.5,1,1,TCACAGCAAACCATCCTGCG,0,655752
cpxRp2,0.5,1,1,TCACAACTGCGCGCGTGTTA,0,654004
cpxRp2,0.5,1,1,TCAATTTGGTGCTAGACAAG,0,670888
cpxRp2,0.5,1,1,TCAACGGGCGGGAATCAATA,0,657821
cpxRp2,0.5,1,1,TCAACGCTCACAGCTGAGAT,0,657219
cpxRp2,0.5,1,1,TCAACCGGGGCGTCAGGTGA,0,662108
cpxRp2,0.5,1,1,TCAACCGCCAGTCCCCGCAA,0,650954
cpxRp2,0.5,1,1,TCAAACTAATATCCGTTGGT,0,673384
cpxRp2,0.5,1,1,TCAAACAGGCAGAATCACTA,0,632399
cpxRp2,0.5,1,1,TATTTGGCAGTGCTGGTAGC,0,641365
cpxRp2,0.5,1,1,TATTTGCGAATATCGGAGAT,0,691713
cpxRp2,0.5,1,1,TATTGGCAAAACGGATAGTT,0,650025
cpxRp2,0.5,1,1,TATTCCTCTGAGGCGCGCAA,0,664460
cpxRp2,0.5,1,1,TATTCAGCTTTGCCTCCGCT,0,673702
cpxRp2,0.5,1,1,TATTATGGAAGGAAGAATCC,0,678607
cpxRp2,0.5,1,1,TATTACATTAAACAGATTGC,0,664603
cpxRp2,0.5,1,1,TATTAAGGCCCAGGCTGCAG,0,637135
cpxRp2,0.5,1,1,TATTAACTGGCACCTAGTTG,0,677951
cpxRp2,0.5,1,1,TATTAACCAGACTTCGTTTT,0,700620
cpxRp2,0.5,1,1,TATGTTTTCTTTCATACCTA,0,697663
cpxRp2,0.5,1,1,TATGTAACCACGGGTAAAAT,0,671337
cpxRp2,0.5,1,1,TATGGAAGGAATTTCTGCAG,0,687957
cpxRp2,0.5,1,1,TATGGAACGAACTCTGGCTA,0,634936
cpxRp2,0.5,1,1,TATGCGGTCGCATTATCGGA,0,681011
cpxRp2,0.5,1,1,TATCTTAGTCGGTGAGTTCA,0,661500
cpxRp2,0.5,1,1,TATCGTACCAACTGGTGTCA,0,638851
cpxRp2,0.5,1,1,TATCGGTACCGGAGCGGCTA,0,649703
cpxRp2,0.5,1,1,TATCGGGGTGTAAGTTCCCT,0,711178
cpxRp2,0.5,1,1,TATCGACGGGCAGGTACTCC,0,657533
cpxRp2,0.5,1,1,TATCCGCTCCAGCTTCCATG,0,697439
cpxRp2,0.5,1,1,TATCCAAGCAGTACATTTTA,0,709234
cpxRp2,0.5,1,1,TATATTTCCGAGGCGGTTTC,0,707414
cpxRp2,0.5,1,1,TATATTCATAACCTGTTAGT,0,680531
cpxRp2,0.5,1,1,TATAGCTAAATTCGGATCTC,0,708411
cpxRp2,0.5,1,1,TAGTAGTGCGTGTTATTTAC,0,697448
cpxRp2,0.5,1,1,TAGGTTTCCGCATTGTTTGG,0,663843
cpxRp2,0.5,1,1,TAGGTCCTAGGTGATGGCCT,0,692307
cpxRp2,0.5,1,1,TAGGTCCGAGTTTGTTCCAC,0,710126
cpxRp2,0.5,1,1,TAGGCCGCTTCGCAGTGCCG,0,680018
cpxRp2,0.5,1,1,TAGGCAGAAAACAAGTTACC,0,649696
cpxRp2,0.5,1,1,TAGGAGAGGGTTATCTAAGT,0,639950
cpxRp2,0.5,1,1,TAGCTTTTTCTTAAGGAGTG,0,637411
cpxRp2,0.5,1,1,TAGCTCTCGGCATTTTGCGG,0,648246
cpxRp2,0.5,1,1,TAGCGATCAGGATTACAGTG,0,631059
cpxRp2,0.5,1,1,TAGCCTCCTCGAATAGCCGA,0,687593
cpxRp2,0.5,1,1,TAGATGGGTCTCGACCAAAC,0,671986
cpxRp2,0.5,1,1,TAGATCGGACTGCACCACAC,0,659267
cpxRp2,0.5,1,1,TAGACCACATGGCGGGCGTT,0,710362
cpxRp2,0.5,1,1,TAGACACGCGCAGCGTCCCG,0,703616
cpxRp2,0.5,1,1,TAGAATTGTATGCCTCGGTT,0,641868
cpxRp2,0.5,1,1,TACTTGAATTGGCCGTGACG,0,639007
cpxRp2,0.5,1,1,TACTTCGAGTTTCATAAAAA,0,685797
cpxRp2,0.5,1,1,TACTTAAAAGAGTGAACTTC,0,645582
cpxRp2,0.5,1,1,TACTGCGATCAGGCATATGT,0,711090
cpxRp2,0.5,1,1,TACTCATGTCATCGCATTGT,0,641190
cpxRp2,0.5,1,1,TACTATAGGTGGCGCCAAGC,0,668610
cpxRp2,0.5,1,1,TACGGGCAAACGCAGTGTCT,0,693212
cpxRp2,0.5,1,1,TACGGCGTGATCGTCCGCCC,0,646380
cpxRp2,0.5,1,1,TACGGCGATACGATCGCCTA,0,687854
cpxRp2,0.5,1,1,TACGGCCGTCACAGATAATT,0,650527
cpxRp2,0.5,1,1,TACGGACGTCTTTTCCGTTG,0,657003
cpxRp2,0.5,1,1,TACGCAAGCGATCCATGAAA,0,687801
cpxRp2,0.5,1,1,TACGAAGACGGTTGCGGCGG,0,708594
cpxRp2,0.5,1,1,TACCTTGGGGCCAGGAAACG,0,649510
cpxRp2,0.5,1,1,TACCCGCCCTACTTGGTACG,0,695961
cpxRp2,0.5,1,1,TACCATTTAGCCCCTCCAGT,0,642574
cpxRp2,0.5,1,1,TACCACTATAGCCAGAAAGT,0,693127
cpxRp2,0.5,1,1,TACATGATGCAGGATGTGGG,0,702872
cpxRp2,0.5,1,1,TACATAATCGGTATGGTGTA,0,702668
cpxRp2,0.5,1,1,TACAGTCTGTCACGTTCTAA,0,668886
cpxRp2,0.5,1,1,TACAGGATATTATCCGTATA,0,642772
cpxRp2,0.5,1,1,TACAAGATAGCGTAGTGGCC,0,630503
cpxRp2,0.5,1,1,TACAACATGTGGCGCGCACG,0,665361
cpxRp2,0.5,1,1,TAATGGGACTGTCGCAGCAA,0,681115
cpxRp2,0.5,1,1,TAATGCATACGCAACGTCAT,0,667230
cpxRp2,0.5,1,1,TAATCGTAGCAGCACAACAA,0,636639
cpxRp2,0.5,1,1,TAAGACTGTACTGCGATGAT,0,636750
cpxRp2,0.5,1,1,TAACGGTTATGTAATAATTG,0,668540
cpxRp2,0.5,1,1,TAACCTGCTCAGTCCTCTTG,0,636210
cpxRp2,0.5,1,1,TAACAGAGAAGCCGGACCCT,0,643344
cpxRp2,0.5,1,1,TAAACCATCGGGCCTTTCAA,0,639207
cpxRp2,0.5,1,1,GTTTTCGTCGTACGTACATC,0,657382
cpxRp2,0.5,1,1,GTTTTACAGATCGGGGAGTC,0,699764
cpxRp2,0.5,1,1,GTTTCCTATGATCACACAGT,0,631427
cpxRp2,0.5,1,1,GTTTCCAAAAGTCTTCATAC,0,658436
cpxRp2,0.5,1,1,GTTTATAAATACACAAGGAA,0,709679
cpxRp2,0.5,1,1,GTTTAATATTGGAGCATATC,0,691735
cpxRp2,0.5,1,1,GTTGTTTGCTTTCGCGTACT,0,664143
cpxRp2,0.5,1,1,GTTGTTCGCAGAGGAACGTT,0,689183
cpxRp2,0.5,1,1,GTTGTCGGTCCAGCACCCTA,0,640134
cpxRp2,0.5,1,1,GTTGGTTTGTTCCAACGTCC,0,681298
cpxRp2,0.5,1,1,GTTGGGTATCTTTTGATCCC,0,633210
cpxRp2,0.5,1,1,GTTGCTTGGCACTGTTAGGA,0,671844
cpxRp2,0.5,1,1,GTTGCATGTCCCCCGAACAT,0,678419
cpxRp2,0.5,1,1,GTTGATCCGAATATAGGTAT,0,642202
cpxRp2,0.5,1,1,GTTGAATTTAGCGGTGCGCT,0,653681
cpxRp2,0.5,1,1,GTTCTGTGCCACCCCCTAGA,0,691818
cpxRp2,0.5,1,1,GTTCGGGCCGCATTCTGGGC,0,680941
cpxRp2,0.5,1,1,GTTCGCAGTTGGTGCCTAGA,0,654376
cpxRp2,0.5,1,1,GTTCGATCAGAATTTTCAGG,0,677808
cpxRp2,0.5,1,1,GTTCCGAAGCGCCTGCCGCA,0,657844
cpxRp2,0.5,1,1,GTTCCAGGAGACAATGTCGC,0,656688
cpxRp2,0.5,1,1,GTTCCACATATTTGAACGCA,0,689594
cpxRp2,0.5,1,1,GTTCATCGATTGATTGGCTG,0,662539
cpxRp2,0.5,1,1,GTTATTGGGTCTTCTACAGG,0,657185
cpxRp2,0.5,1,1,GTTAGTTGAATGCACGGTCG,0,687858
cpxRp2,0.5,1,1,GTTAGCGCTTAGGATCCACT,0,684901
cpxRp2,0.5,1,1,GTTAGATATTTTCATTGCAA,0,670307
cpxRp2,0.5,1,1,GTTAGAATCGTGCGGGGGGG,0,662380
cpxRp2,0.5,1,1,GTTACTAGACGCTTTTGGTG,0,671574
cpxRp2,0.5,1,1,GTTACGCTGCTTCATATTAG,0,654380
cpxRp2,0.5,1,1,GTTACATTTAGCTATGAACA,0,705334
cpxRp2,0.5,1,1,GTTACAAGACACTTCGAAGT,0,659498
cpxRp2,0.5,1,1,GTTAACAAACGTATCCCAAG,0,711201
cpxRp2,0.5,1,1,GTTAAAGCCGCTACACGTTG,0,672583
cpxRp2,0.5,1,1,GTGTTTTAGAAGCCTGATGG,0,696377
cpxRp2,0.5,1,1,GTGTTTATCACGAGTATAAG,0,687501
cpxRp2,0.5,1,1,GTGTTGCGGATTGTAAATTT,0,646306
cpxRp2,0.5,1,1,GTGTTGACTATAGAGTCACG,0,679840
cpxRp2,0.5,1,1,GTGTTCGCCTCCGTACGAGA,0,687970
cpxRp2,0.5,1,1,GTGTTAGTCTCCACAAATTG,0,662192
cpxRp2,0.5,1,1,GTGTCCAGTCCAGTTTACAT,0,697058
cpxRp2,0.5,1,1,GTGTAGTAAGGCGCCAACTG,0,700983
cpxRp2,0.5,1,1,GTGGTCGAGAGACACAATGC,0,697359
cpxRp2,0.5,1,1,GTGGTACGGATATAAAGCCC,0,644064
cpxRp2,0.5,1,1,GTGGGGCAAATCTGGACAAA,0,638898
cpxRp2,0.5,1,1,GTGGCAGTGTTTGTGTATCC,0,645320
cpxRp2,0.5,1,1,GTGGCAAGGTCTGACGTGCG,0,657021
cpxRp2,0.5,1,1,GTGGAGATGCTGCCACAGCT,0,675186
cpxRp2,0.5,1,1,GTGCGTGACGCTCAGTTTGA,0,677214
cpxRp2,0.5,1,1,GTGCGGATACTCTATAATTG,0,676814
cpxRp2,0.5,1,1,GTGCGGAGGAGGGGCGGATG,0,681455
cpxRp2,0.5,1,1,GTGCGATGTACATGCGACAC,0,679956
cpxRp2,0.5,1,1,GTGCCAGGGCTCCAGACCCG,0,632813
cpxRp2,0.5,1,1,GTGCATATTTTTATAAAATA,0,656373
cpxRp2,0.5,1,1,GTGATTGCGAGGAGTTAACC,0,663867
cpxRp2,0.5,1,1,GTGATGTACGCGCCTCATCC,0,632165
cpxRp2,0.5,1,1,GTGAGCTCCAGCATTCTTCT,0,663997
cpxRp2,0.5,1,1,GTGAGATTAAGAGAGCGAAA,0,674737
cpxRp2,0.5,1,1,GTGAATGTTAGTGGCACCAA,0,694395
cpxRp2,0.5,1,1,GTCTTGTTCTCGCGAAGGCC,0,648950
cpxRp2,0.5,1,1,GTCTCTCCATCTGCCATATA,0,675625
cpxRp2,0.5,1,1,GTCTCTCACACCATTGAAGC,0,687580
cpxRp2,0.5,1,1,GTCTCCCATGGTCCACAAGG,0,673109
cpxRp2,0.5,1,1,GTCTATTTGCACGTACAGAA,0,651156
cpxRp2,0.5,1,1,GTCTATCGAGATCGCCTACA,0,668036
cpxRp2,0.5,1,1,GTCTATCATTCTTATGTACA,0,634047
cpxRp2,0.5,1,1,GTCTAGCCTCTGAGGAGGCA,0,647063
cpxRp2,0.5,1,1,GTCTACGAGAATCTAAGACC,0,705043
cpxRp2,0.5,1,1,GTCTACATTCGCATAAGCGG,0,699660
cpxRp2,0.5,1,1,GTCGTTCCATTACGGCGCCA,0,699996
cpxRp2,0.5,1,1,GTCGTGGGTGTGCCTCGTGC,0,708412
cpxRp2,0.5,1,1,GTCGGAGATGGATCCCCAGT,0,642756
cpxRp2,0.5,1,1,GTCGCGCTTCTTACAGGTGA,0,702214
cpxRp2,0.5,1,1,GTCGCCTGTAAGGTCAACGT,0,711471
cpxRp2,0.5,1,1,GTCGATGCAGGGTTTTGAGG,0,651645
cpxRp2,0.5,1,1,GTCCATTGCAACTCCTCCTA,0,659783
cpxRp2,0.5,1,1,GTCCATGGGATGTACGAGCA,0,680504
cpxRp2,0.5,1,1,GTCATGCCGGCCGAGAGCTT,0,640241
cpxRp2,0.5,1,1,GTCAGAGCAAACGACGTCGC,0,677862
cpxRp2,0.5,1,1,GTCACTTAGGATGCTGCCAT,0,646687
cpxRp2,0.5,1,1,GTCACCGTTTCATCCGATAC,0,690665
cpxRp2,0.5,1,1,GTCAATCTTGAGTAAGGTTT,0,699523
cpxRp2,0.5,1,1,GTATGGAAAGCCCCCGCGAG,0,653003
cpxRp2,0.5,1,1,GTAGTTGAAACTAACGCTCT,0,639234
cpxRp2,0.5,1,1,GTAGTAGTGTGTCAGGGGTG,0,683646
cpxRp2,0.5,1,1,GTAGGGGATACGTGAAGAAA,0,660787
cpxRp2,0.5,1,1,GTAGGGACGAGCATACCTAT,0,669143
cpxRp2,0.5,1,1,GTAGGCCGAGCTGTAAAGGG,0,678637
cpxRp2,0.5,1,1,GTAGCTATTTTTCCCAGAAC,0,702481
cpxRp2,0.5,1,1,GTAGCCAACAACTCCACCTG,0,667702
cpxRp2,0.5,1,1,GTAGAGAGATTTGGGACGAA,0,696280
cpxRp2,0.5,1,1,GTACTATTCGAACCATGGCA,0,699422
cpxRp2,0.5,1,1,GTACTAAGCAAACCTATAGA,0,694643
cpxRp2,0.5,1,1,GTACGGAATGCGTTTGTTCA,0,644613
cpxRp2,0.5,1,1,GTACGCCCGTTGGATGTGCA,0,653253
cpxRp2,0.5,1,1,GTACCGTCGCCCGTAACAAC,0,673545
cpxRp2,0.5,1,1,GTACCCCGTAAAGTTCACGA,0,699351
cpxRp2,0.5,1,1,GTACCACATTGGGTGCACGA,0,711245
cpxRp2,0.5,1,1,GTAAGTCACACTCATATCAA,0,703408
cpxRp2,0.5,1,1,GTAACTCGAGTAGGTGACCC,0,651447
cpxRp2,0.5,1,1,GTAAATATTGTTGCGACCAT,0,636984
cpxRp2,0.5,1,1,GGTTTGCCAAACTTGGGTCA,0,659438
cpxRp2,0.5,1,1,GGTTTCTACCGCGGCGTGTA,0,664419
cpxRp2,0.5,1,1,GGTTGTCGGTTGGATCGAAA,0,672208
cpxRp2,0.5,1,1,GGTTCGACATCCTGTCGTGC,0,643759
cpxRp2,0.5,1,1,GGTGTCTTCACGAACGCCGT,0,650580
cpxRp2,0.5,1,1,GGTGTAAAATATCAGGTGAG,0,678473
cpxRp2,0.5,1,1,GGTGGTTCCGGGAATCAACA,0,641071
cpxRp2,0.5,1,1,GGTGGGACTTTAGCCGAGGG,0,673984
cpxRp2,0.5,1,1,GGTGGCTACGGCATAGATTA,0,673121
cpxRp2,0.5,1,1,GGTGGAGTGAACAGTGTCGG,0,675269
cpxRp2,0.5,1,1,GGTGGAACAGCATTTCAAGA,0,643947
cpxRp2,0.5,1,1,GGTGCTGGCAATAAACGCTA,0,701768
cpxRp2,0.5,1,1,GGTGCTGAGGTAGTTAATGC,0,658347
cpxRp2,0.5,1,1,GGTGATATTCCAGACAATGT,0,636956
cpxRp2,0.5,1,1,GGTGACGGCTACTTGATTAC,0,690156
cpxRp2,0.5,1,1,GGTCTCCGGTATTCAATAAT,0,632704
cpxRp2,0.5,1,1,GGTCTATTTCGGGTTCCGCG,0,653288
cpxRp2,0.5,1,1,GGTATTCGCCGGTGACTACA,0,643337
cpxRp2,0.5,1,1,GGTATTATCGTCGAGTCGGT,0,629834
cpxRp2,0.5,1,1,GGTAGGGCTGCGCAGTTAGA,0,656717
cpxRp2,0.5,1,1,GGTAGGGCGCAGCACTTAAT,0,669779
cpxRp2,0.5,1,1,GGTAGGCATGGGGAACGATA,0,677145
cpxRp2,0.5,1,1,GGTAGAATTTGAGTTAGTGG,0,659484
cpxRp2,0.5,1,1,GGTAGAAGTGCAGCTGGATC,0,700730
cpxRp2,0.5,1,1,GGTAAGATCGGCTTAACGTA,0,641779
cpxRp2,0.5,1,1,GGTAAAAGACAGGGATTAAA,0,670435
cpxRp2,0.5,1,1,GGGTTTTCGTGGTCAGTATC,0,664486
cpxRp2,0.5,1,1,GGGTTGGGAGGTAGTAAGAG,0,704140
cpxRp2,0.5,1,1,GGGTTCGGCGGGCTTAGACA,0,660493
cpxRp2,0.5,1,1,GGGTTACAAATGGCTCGGGT,0,704523
cpxRp2,0.5,1,1,GGGTGTAGTAGTCTACCAAT,0,645510
cpxRp2,0.5,1,1,GGGTCTTTCGTCGATAACGG,0,709248
cpxRp2,0.5,1,1,GGGTCTTATTGAGGGCTTAG,0,661670
cpxRp2,0.5,1,1,GGGTCGGATCTGAACGCTTT,0,710900
cpxRp2,0.5,1,1,GGGTCATTTATCCAGGCCTT,0,708609
cpxRp2,0.5,1,1,GGGTAGATCAGCCTCTTTCC,0,707065
cpxRp2,0.5,1,1,GGGGTTTTCGGTACCGTAGA,0,658140
cpxRp2,0.5,1,1,GGGGTGGGTAAGTTGAAAGA,0,638252
cpxRp2,0.5,1,1,GGGGTGCTATGTCATACAGC,0,685878
cpxRp2,0.5,1,1,GGGGTCCTGTGAGCTTAGTG,0,690598
cpxRp2,0.5,1,1,GGGGATGTCCCGATGAATTC,0,706252
cpxRp2,0.5,1,1,GGGCCACGCGGTTGGAGCCG,0,639652
cpxRp2,0.5,1,1,GGGCCAATCGTTTCATTAGA,0,672070
cpxRp2,0.5,1,1,GGGCATATGGGGCTTACTAA,0,658173
cpxRp2,0.5,1,1,GGGCAGGCTGTCGTTGTAAA,0,711045
cpxRp2,0.5,1,1,GGGCAGACCGGTGCTCTCTT,0,633042
cpxRp2,0.5,1,1,GGGCAAACGGAGTCAACGGG,0,651407
cpxRp2,0.5,1,1,GGGATTGCCACAGGTCACGC,0,651069
cpxRp2,0.5,1,1,GGGATCCTAGAGTACGCTAA,0,635799
cpxRp2,0.5,1,1,GGGATAGTCACCTGTAATCA,0,712172
cpxRp2,0.5,1,1,GGGATACTAGACGCGCGGTG,0,676930
cpxRp2,0.5,1,1,GGGAGCCGCCCAGGCTCTTG,0,659638
cpxRp2,0.5,1,1,GGGACCTCAACGATAGAATC,0,688302
cpxRp2,0.5,1,1,GGGACAATCTATCAAATACA,0,648900
cpxRp2,0.5,1,1,GGGAACTGGACTGACAGCCC,0,648938
cpxRp2,0.5,1,1,GGCTTGGTATAGCTCATCTG,0,670150
cpxRp2,0.5,1,1,GGCTTCAGCTGGCCAGCGTT,0,675786
cpxRp2,0.5,1,1,GGCTTCACCTGGCTGCTCTT,0,651654
cpxRp2,0.5,1,1,GGCTTATTTTGCTGGATCAC,0,647413
cpxRp2,0.5,1,1,GGCTTACGGAGCTACTCGTA,0,632739
cpxRp2,0.5,1,1,GGCTGCCCTTCGTCCTAGCA,0,690508
cpxRp2,0.5,1,1,GGCTCCTTCGCAGGGCTATC,0,676717
cpxRp2,0.5,1,1,GGCTCCGCCCCTTTGAGAGC,0,712120
cpxRp2,0.5,1,1,GGCTCAGACAGCCAGAATGC,0,643781
cpxRp2,0.5,1,1,GGCTAAGTCTAGTCAGACAA,0,684817
cpxRp2,0.5,1,1,GGCGTTCCTTTATGCTTCTG,0,630396
cpxRp2,0.5,1,1,GGCGTGGGGTAAGTCGATTC,0,669606
cpxRp2,0.5,1,1,GGCGTACTCCGGGAAACGAC,0,667643
cpxRp2,0.5,1,1,GGCGGGTGCCCGCGACGTCT,0,697371
cpxRp2,0.5,1,1,GGCGGGCTCTGTATGTATAG,0,673022
cpxRp2,0.5,1,1,GGCGGCTTGCTTATATTGTC,0,673425
cpxRp2,0.5,1,1,GGCGGATAACAGCACTTGTA,0,660175
cpxRp2,0.5,1,1,GGCGCTCCCAAAAGACGCAT,0,659534
cpxRp2,0.5,1,1,GGCGCCAGGGTGGCCGCATC,0,684316
cpxRp2,0.5,1,1,GGCGCAGGACGCGCTCCTCA,0,709811
cpxRp2,0.5,1,1,GGCGACCAACTTAAAAAAGG,0,662044
cpxRp2,0.5,1,1,GGCGAAGGTTATAAGACTGA,0,712178
cpxRp2,0.5,1,1,GGCCTCTCACATGCTCCGCT,0,675211
cpxRp2,0.5,1,1,GGCCTCCCGGACGCGTAACA,0,636154
cpxRp2,0.5,1,1,GGCCTAGTCAGTGGGATTTG,0,666252
cpxRp2,0.5,1,1,GGCCGCCTCCGGCTCCAGTC,0,635643
cpxRp2,0.5,1,1,GGCCCTGCTCAGGCACAACC,0,666339
cpxRp2,0.5,1,1,GGCCCGCCAGTGGGTAAGTA,0,654696
cpxRp2,0.5,1,1,GGCCCGAAGGCATCGTACAG,0,677126
cpxRp2,0.5,1,1,GGCCCACCTACAAATGAATC,0,661046
cpxRp2,0.5,1,1,GGCCATTTGGCAGGGATTTC,0,630867
cpxRp2,0.5,1,1,GGCCATGATAGAGACGTGAA,0,695638
cpxRp2,0.5,1,1,GGCCACAGTATCATCATATT,0,704175
cpxRp2,0.5,1,1,GGCCAATTCGCAAGGCAAGT,0,703334
cpxRp2,0.5,1,1,GGCCAAGCCCGCCGTGCCGT,0,694710
cpxRp2,0.5,1,1,GGCCAAACAAGTACTAATCA,0,705243
cpxRp2,0.5,1,1,GGCATTGTACTCTGACGGTC,0,651109
cpxRp2,0.5,1,1,GGCATGAAAATATTCGCCTT,0,667203
cpxRp2,0.5,1,1,GGCATCTCATACACTTACGG,0,654922
cpxRp2,0.5,1,1,GGCACTATTTGGACGTGGGT,0,666095
cpxRp2,0.5,1,1,GGCACGTCGCTATATGAGAT,0,653743
cpxRp2,0.5,1,1,GGCACCTGCTCAGGATCGAC,0,666620
cpxRp2,0.5,1,1,GGCAATTACTGCAATGCGGA,0,638141
cpxRp2,0.5,1,1,GGATTTGTCCTAGGAGTATC,0,639163
cpxRp2,0.5,1,1,GGATTAATGCTCGTGCCAGG,0,699723
cpxRp2,0.5,1,1,GGATGTACAGGAGGCTAATT,0,689931
cpxRp2,0.5,1,1,GGATGGTATTGGTGATGATG,0,675043
cpxRp2,0.5,1,1,GGATGGGGTGTGGGGACTTC,0,678188
cpxRp2,0.5,1,1,GGATGGCATGATTACAGGGC,0,636184
cpxRp2,0.5,1,1,GGATGCTATAGCGCGCGAAT,0,699920
cpxRp2,0.5,1,1,GGATGCCATTATCTCTCGCT,0,685743
cpxRp2,0.5,1,1,GGATCGCCCTAGTTGTAGGA,0,693042
cpxRp2,0.5,1,1,GGATAGTATTGGCTCGTCAG,0,669988
cpxRp2,0.5,1,1,GGATAGCCTATAGAAGAGAT,0,710974
cpxRp2,0.5,1,1,GGAGGCTTTCCCCTCGACGA,0,683076
cpxRp2,0.5,1,1,GGAGGCTTATCTGGCTGCTG,0,686119
cpxRp2,0.5,1,1,GGAGGATGCTCAGCTAGACG,0,636682
cpxRp2,0.5,1,1,GGAGCTGGCCGCCATCAGCT,0,682192
cpxRp2,0.5,1,1,GGAGCGCTCCCGCGGATACG,0,689955
cpxRp2,0.5,1,1,GGAGCATTTGTGTTTAACCG,0,675733
cpxRp2,0.5,1,1,GGAGATTACCGATATCAGAC,0,632269
cpxRp2,0.5,1,1,GGAGACGGGTAAATGTAGGC,0,696954
cpxRp2,0.5,1,1,GGACTGTGTGCTATGCCTCG,0,671585
cpxRp2,0.5,1,1,GGACTCTGGGGTACCCAGAA,0,707678
cpxRp2,0.5,1,1,GGACGGTCGCAAAGCCAATC,0,630673
cpxRp2,0.5,1,1,GGACCTGAGACTCTGTGGAA,0,698701
cpxRp2,0.5,1,1,GGACAGGGTCCAATTTGGAA,0,667840
cpxRp2,0.5,1,1,GGACAGGAAAGGCGTGACCC,0,669940
cpxRp2,0.5,1,1,GGACAATGACACCTACAGAC,0,677535
cpxRp2,0.5,1,1,GGAATATCGGGTTATAGACT,0,707813
cpxRp2,0.5,1,1,GGAAATAGAGGCGCATTGCA,0,707368
cpxRp2,0.5,1,1,GGAAATACCCGCTTGCGTTA,0,680191
cpxRp2,0.5,1,1,GCTTTTGCAGTTTGGTCCAT,0,673298
cpxRp2,0.5,1,1,GCTTTTACGGGTAAGCGTTC,0,681081
cpxRp2,0.5,1,1,GCTTTTAAGGTCAACCTCAC,0,668952
cpxRp2,0.5,1,1,GCTTCGCCGGCCACCTAGAG,0,693230
cpxRp2,0.5,1,1,GCTTAGACCTCAGAGGACCG,0,685220
cpxRp2,0.5,1,1,GCTTACCAAATAACATAACA,0,652834
cpxRp2,0.5,1,1,GCTGTGTCAGGATCGACGAC,0,687935
cpxRp2,0.5,1,1,GCTGGTTCTCCCATGACAGT,0,647739
cpxRp2,0.5,1,1,GCTGGTCTGCCACTCGACTT,0,656991
cpxRp2,0.5,1,1,GCTGGGTGGCAACCGGTCAT,0,661830
cpxRp2,0.5,1,1,GCTGGCGATTTGCAGAAGCT,0,699384
cpxRp2,0.5,1,1,GCTGCCGGCCACAGCATTCA,0,684676
cpxRp2,0.5,1,1,GCTGCAGCTACGAGTGTCAA,0,697320
cpxRp2,0.5,1,1,GCTCTGTCTACAGGCGGAGT,0,640288
cpxRp2,0.5,1,1,GCTCCTTGTTCAACTTTGGA,0,679817
cpxRp2,0.5,1,1,GCTCCGTTGAAGTTAGTAAA,0,700484
cpxRp2,0.5,1,1,GCTCATCTGAACCTGTATAC,0,664684
cpxRp2,0.5,1,1,GCTATTGAAATAGACCGATG,0,662340
cpxRp2,0.5,1,1,GCTATAAATGCTCTAGAATC,0,670406
cpxRp2,0.5,1,1,GCTAGCGTAAACTTCATATA,0,657387
cpxRp2,0.5,1,1,GCTAGAGCGTTGCGTCTCAT,0,687461
cpxRp2,0.5,1,1,GCTAATGTGCGCGGGGTTCA,0,665322
cpxRp2,0.5,1,1,GCTAAGGGCCGCCGCTTCCA,0,689116
cpxRp2,0.5,1,1,GCTAAGGAATCGCCGCGGTT,0,678770
cpxRp2,0.5,1,1,GCGTTGCATTTGCTGATAAG,0,675651
cpxRp2,0.5,1,1,GCGTTCGGTGTCGCGGAATC,0,683569
cpxRp2,0.5,1,1,GCGTTAGATATCCTACGCTT,0,710500
cpxRp2,0.5,1,1,GCGTGGGTGATAAACCGGGG,0,665877
cpxRp2,0.5,1,1,GCGTCCGTCTCACCTCAACG,0,680786
cpxRp2,0.5,1,1,GCGTAGTACCTCGTCGTACT,0,681711
cpxRp2,0.5,1,1,GCGTACTTCCGTGATGGACG,0,663683
cpxRp2,0.5,1,1,GCGTACTACTGTCAAGGTTT,0,661936
cpxRp2,0.5,1,1,GCGGTTGCTGGCTTCTGATT,0,674843
cpxRp2,0.5,1,1,GCGGTCGTTAAGGTACCCGG,0,643882
cpxRp2,0.5,1,1,GCGGTAGAAATAGCTACCGC,0,688217
cpxRp2,0.5,1,1,GCGGGACGGCGGTTACAAAA,0,666917
cpxRp2,0.5,1,1,GCGGGAACGAGACCCTCCCA,0,699680
cpxRp2,0.5,1,1,GCGGCCGAACCATGTGGGCA,0,685316
cpxRp2,0.5,1,1,GCGGATCGAAAACTGGATAC,0,660169
cpxRp2,0.5,1,1,GCGCTCTAGTTGGAGCCGAC,0,658687
cpxRp2,0.5,1,1,GCGCGTTGAGGGTATGTGTA,0,647888
cpxRp2,0.5,1,1,GCGCGGGGCAACTGGGCCGA,0,642568
cpxRp2,0.5,1,1,GCGCGACGCCCAGAAAGAGT,0,664712
cpxRp2,0.5,1,1,GCGCATTCAGAGTAACCAGG,0,702662
cpxRp2,0.5,1,1,GCGCAAGAATCGTGGGTTGA,0,639020
cpxRp2,0.5,1,1,GCGCAAAGTGTGGCAGAGTT,0,695293
cpxRp2,0.5,1,1,GCGATGCGCCGAAACAGTCT,0,645668
cpxRp2,0.5,1,1,GCGATCCATCGCATCCTAGC,0,700650
cpxRp2,0.5,1,1,GCGAGGGATGGGCTGGGATT,0,687365
cpxRp2,0.5,1,1,GCGAGGAGCTGACTACTTAT,0,698892
cpxRp2,0.5,1,1,GCGACCACGTAATAGCCAAG,0,672096
cpxRp2,0.5,1,1,GCGAAAACGTACAACTATCA,0,668704
cpxRp2,0.5,1,1,GCCTTCTTCATACAACATAG,0,655308
cpxRp2,0.5,1,1,GCCTGCTTTCTTTAAAGGGG,0,706724
cpxRp2,0.5,1,1,GCCTGCTTAGAAACATTTGG,0,676235
cpxRp2,0.5,1,1,GCCGGGTGGATAGTTACATG,0,643025
cpxRp2,0.5,1,1,GCCGGGCTCGCGGCGGTCAC,0,658314
cpxRp2,0.5,1,1,GCCGGAATGGGTTAGGATGC,0,640071
cpxRp2,0.5,1,1,GCCGCTGGGGCTTGCGCAAT,0,662841
cpxRp2,0.5,1,1,GCCGCACCGCCATTGAGGGT,0,679854
cpxRp2,0.5,1,1,GCCGCAAATTGGGATGGGAT,0,649097
cpxRp2,0.5,1,1,GCCGATGCAGGCTTCCGCAG,0,651023
cpxRp2,0.5,1,1,GCCGACTCTATTCTAGCGCG,0,689539
cpxRp2,0.5,1,1,GCCGACGGGCACGTCCCATT,0,698060
cpxRp2,0.5,1,1,GCCGAAGGAACCCATACTTG,0,677670
cpxRp2,0.5,1,1,GCCCTTATATTTGCGCACGT,0,698352
cpxRp2,0.5,1,1,GCCCTCCTTATGTCCGGCTC,0,644603
cpxRp2,0.5,1,1,GCCCTAGAGTTCGACCGTGA,0,645938
cpxRp2,0.5,1,1,GCCCGTTGCTCTGTTATGCT,0,648814
cpxRp2,0.5,1,1,GCCCGCGCGGCTCTAGGGTC,0,639933
cpxRp2,0.5,1,1,GCCCCCAAAGGTCCGAAGGA,0,646649
cpxRp2,0.5,1,1,GCCATGCGTCCATCGAGGGC,0,651804
cpxRp2,0.5,1,1,GCCAGTTGTATACGCTCCAC,0,705012
cpxRp2,0.5,1,1,GCCAGTCGATTGCTGGATCG,0,684808
cpxRp2,0.5,1,1,GCCAGTACTGCGGCAGAAAT,0,706985
cpxRp2,0.5,1,1,GCCAGGGTCATTTTCGATTG,0,685776
cpxRp2,0.5,1,1,GCCAGCTTTGTCTTGTTCTT,0,697599
cpxRp2,0.5,1,1,GCCAGACTTAACGCTATCTG,0,646036
cpxRp2,0.5,1,1,GCCAGACTCGGGGTAGAATC,0,655673
cpxRp2,0.5,1,1,GCCAAGGACCGGAAATTGAA,0,697211
cpxRp2,0.5,1,1,GCATTTCCTTCAGCGGAACG,0,648948
cpxRp2,0.5,1,1,GCATTGTCTAGGACTATAGT,0,695260
cpxRp2,0.5,1,1,GCATCTACGTTCTGTAGTTT,0,683278
cpxRp2,0.5,1,1,GCATCCAGTGACTGTAAGTG,0,674105
cpxRp2,0.5,1,1,GCATAGCCCCTTGCGTAAAC,0,682378
cpxRp2,0.5,1,1,GCAGTCACAGAAACTGGTGC,0,677111
cpxRp2,0.5,1,1,GCAGGTTTATGACCGGAAAC,0,658325
cpxRp2,0.5,1,1,GCAGGCCTGCCGCCCGCAAC,0,675266
cpxRp2,0.5,1,1,GCAGCACGTGCATAAATACA,0,698097
cpxRp2,0.5,1,1,GCAGATCCATTAGAGTAGGT,0,707256
cpxRp2,0.5,1,1,GCAGAGGGGGATGTAAAGAA,0,685532
cpxRp2,0.5,1,1,GCAGACATACGGTGCAGCGG,0,679596
cpxRp2,0.5,1,1,GCACTGATGCGTATTGGTAG,0,700823
cpxRp2,0.5,1,1,GCACGTCTACGATCACCCCT,0,655223
cpxRp2,0.5,1,1,GCACGGCATGCGTAACATCT,0,675006
cpxRp2,0.5,1,1,GCACGGAAAACGTTGTGCTA,0,675840
cpxRp2,0.5,1,1,GCACGCCGTCATCGGTAGAC,0,711670
cpxRp2,0.5,1,1,GCACCTAGCGACCTGAGAAA,0,703429
cpxRp2,0.5,1,1,GCAATATCAGTAGCTATACA,0,651429
cpxRp2,0.5,1,1,GCAAGTGTTTTCTTAATCAA,0,685703
cpxRp2,0.5,1,1,GCAAGGTTCTACACTTCGTA,0,709167
cpxRp2,0.5,1,1,GCAAGCGTGGATCCGTATTA,0,660289
cpxRp2,0.5,1,1,GCAACTCTGGCCCGCGAAAA,0,656064
cpxRp2,0.5,1,1,GCAACCGCGCACAGACATGA,0,676388
cpxRp2,0.5,1,1,GCAACAATAGTCCTGAGGAT,0,658796
cpxRp2,0.5,1,1,GCAAATCACGGTTATAGTTA,0,680601
cpxRp2,0.5,1,1,GCAAAACGTATATGCTGGAC,0,667410
cpxRp2,0.5,1,1,GATTTTTGGTTGGAGGGCTA,0,676925
cpxRp2,0.5,1,1,GATTCCGTGATTCGGGCGGA,0,682768
cpxRp2,0.5,1,1,GATTAGTGCCGGAGTGTAAC,0,694177
cpxRp2,0.5,1,1,GATTAATATTGGCAAAGTGT,0,682488
cpxRp2,0.5,1,1,GATGGGATATCGTGTTCTAG,0,679730
cpxRp2,0.5,1,1,GATGCGGGATTAGCGCGGTG,0,660312
cpxRp2,0.5,1,1,GATGCATGCAGGGAACTTAA,0,670814
cpxRp2,0.5,1,1,GATGAGAAGTACAGTGGTCC,0,678341
cpxRp2,0.5,1,1,GATCTGTAAGATAAAGGACG,0,677536
cpxRp2,0.5,1,1,GATCGGTGAGGGACCTGATC,0,677553
cpxRp2,0.5,1,1,GATCCGTCAGGGTTTTCGCT,0,652507
cpxRp2,0.5,1,1,GATATGACGTGGTCATTCTC,0,665984
cpxRp2,0.5,1,1,GATATAACTGGGGCGGAACT,0,707686
cpxRp2,0.5,1,1,GATAGTGTCAGTGGGTAGTC,0,658535
cpxRp2,0.5,1,1,GATAGAACAGACATGTGGGT,0,695190
cpxRp2,0.5,1,1,GATACTTAGGTCGCATTCTA,0,644065
cpxRp2,0.5,1,1,GATACAGCTCAGGCTCATCC,0,661196
cpxRp2,0.5,1,1,GATAAGGTTTACGAGTTAGG,0,709057
cpxRp2,0.5,1,1,GAGTTGGTTGCATGGTAGCA,0,697322
cpxRp2,0.5,1,1,GAGTGGATTGTTCTACGCGG,0,631485
cpxRp2,0.5,1,1,GAGTGCTAAACCAACACTGT,0,642143
cpxRp2,0.5,1,1,GAGTCCGTTTACTAAATGGT,0,649657
cpxRp2,0.5,1,1,GAGTAAGCAATTAAGAGGCC,0,635531
cpxRp2,0.5,1,1,GAGGGACCGTTCTCGGTTCT,0,670107
cpxRp2,0.5,1,1,GAGGCATAACGTCTGAGAAC,0,637428
cpxRp2,0.5,1,1,GAGGATAGTTTATAATCGTT,0,671921
cpxRp2,0.5,1,1,GAGGAGTCTGTGAGTACCGC,0,694614
cpxRp2,0.5,1,1,GAGGAAGTGGGTGGTCTACC,0,637210
cpxRp2,0.5,1,1,GAGCTTGTATGAGGACTGCT,0,706246
cpxRp2,0.5,1,1,GAGCGAGATGCTTGAGTTCA,0,661256
cpxRp2,0.5,1,1,GAGCGAGACTGTCAGTGATT,0,652052
cpxRp2,0.5,1,1,GAGCCAAAAATTGCTCCTCA,0,672112
cpxRp2,0.5,1,1,GAGCACTCCCTTGGAAAACG,0,665395
cpxRp2,0.5,1,1,GAGATTTTATCTGTATGTCA,0,666290
cpxRp2,0.5,1,1,GAGATGTTAACCTGTTGTTC,0,704689
cpxRp2,0.5,1,1,GAGATCATAAGTAAGTTTTG,0,693934
cpxRp2,0.5,1,1,GAGATAGTCAGGCTTTATGT,0,668949
cpxRp2,0.5,1,1,GAGAAGCAGCGCACAAAACC,0,707237
cpxRp2,0.5,1,1,GACTGTCTATTACGTTCTTT,0,639627
cpxRp2,0.5,1,1,GACTCTAGGGGAAAATACCA,0,685323
cpxRp2,0.5,1,1,GACTAGAGCCTACATACCTT,0,688249
cpxRp2,0.5,1,1,GACGTCGTGAAGGAATCCCA,0,657082
cpxRp2,0.5,1,1,GACGGGGCCACTAATCTCTC,0,691063
cpxRp2,0.5,1,1,GACGGAGCGTTTTGGCCTAC,0,709740
cpxRp2,0.5,1,1,GACGCTCCAAATATAAATGG,0,700410
cpxRp2,0.5,1,1,GACGCGACGAATTTACATAT,0,638543
cpxRp2,0.5,1,1,GACGATGATGCATAGTAATT,0,650134
cpxRp2,0.5,1,1,GACGATATGGTGACTGGAAG,0,710514
cpxRp2,0.5,1,1,GACCGGCTGATCGAGGTGCG,0,662152
cpxRp2,0.5,1,1,GACCGAGTGACCCCTAGTGA,0,668470
cpxRp2,0.5,1,1,GACCCGCGGCGTAGCGCGTG,0,705693
cpxRp2,0.5,1,1,GACCAGCCCGGATTGCACCG,0,662826
cpxRp2,0.5,1,1,GACCACGGTACAGCACGTGG,0,661092
cpxRp2,0.5,1,1,GACACTAACCGCATTCGAAA,0,681582
cpxRp2,0.5,1,1,GACACAGGAGACGTTGCACG,0,681174
cpxRp2,0.5,1,1,GACAAGGGTCTGCAGATTGC,0,637483
cpxRp2,0.5,1,1,GACAAGCAGCGGACGGAGTG,0,694671
cpxRp2,0.5,1,1,GAATGGTTGTCCAAAGACTT,0,710366
cpxRp2,0.5,1,1,GAATCTAGGCGCAGGCGCGC,0,650010
cpxRp2,0.5,1,1,GAAGTCGATAACGAATCCAT,0,654883
cpxRp2,0.5,1,1,GAAGGTGACTCGTTGTTTAG,0,687636
cpxRp2,0.5,1,1,GAAGGTAATAGCGCGTTCAT,0,645685
cpxRp2,0.5,1,1,GAAGGCCAATATGTGGTTTG,0,694847
cpxRp2,0.5,1,1,GAAGCTAACCCCCCGACTAT,0,656865
cpxRp2,0.5,1,1,GAAGCCTCGGGGATGCACGC,0,706484
cpxRp2,0.5,1,1,GAACTTCAGCACCCTCACCT,0,674499
cpxRp2,0.5,1,1,GAACTGCGTCTATTTATGGT,0,640956
cpxRp2,0.5,1,1,GAACGTTACAGAGGCAACGC,0,672288
cpxRp2,0.5,1,1,GAACGCGACCATGATGTTTT,0,659444
cpxRp2,0.5,1,1,GAACACCGCCCAGTAGTCAT,0,703978
cpxRp2,0.5,1,1,GAACAATCACCCGGGGGACT,0,642429
cpxRp2,0.5,1,1,GAAAGTTTAAAGGGAAGATG,0,635556
cpxRp2,0.5,1,1,GAAAGTGCTAGTTCAGTGCA,0,675985
cpxRp2,0.5,1,1,GAAAGGCCACATCGACAAGC,0,670884
cpxRp2,0.5,1,1,GAAACCAGTTTGGTTATGTT,0,685417
cpxRp2,0.5,1,1,GAAACACCGCACGCCCTATA,0,709835
cpxRp2,0.5,1,1,GAAAATTTTCGCGACGCGTC,0,670642
cpxRp2,0.5,1,1,CTTTTTGAGGCAGGCGCGAG,0,711097
cpxRp2,0.5,1,1,CTTTTTATCGTTTGCACCAA,0,657534
cpxRp2,0.5,1,1,CTTTTCTTATTATTGAAATG,0,696470
cpxRp2,0.5,1,1,CTTTTATTCGTGCGCGAGGC,0,669101
cpxRp2,0.5,1,1,CTTTTATATGTAGTACTAGA,0,674008
cpxRp2,0.5,1,1,CTTTGGCTGGCTAACGCATC,0,645974
cpxRp2,0.5,1,1,CTTTCTCCACGGTCCATCAA,0,712158
cpxRp2,0.5,1,1,CTTTCTATGAAGAGTTGGAC,0,675892
cpxRp2,0.5,1,1,CTTTCGCAGTAACAGGATGG,0,681712
cpxRp2,0.5,1,1,CTTTATAGCAGCCAAAGGTA,0,703363
cpxRp2,0.5,1,1,CTTTACCCAGCTTTGTTGCG,0,670293
cpxRp2,0.5,1,1,CTTTAAGTTTAGGAGGCCAG,0,664109
cpxRp2,0.5,1,1,CTTTAAAAAATGAGCTAACT,0,709773
cpxRp2,0.5,1,1,CTTGTCAAGCAGGTACTAGG,0,709660
cpxRp2,0.5,1,1,CTTGTAGAGGCTATGCGACA,0,671031
cpxRp2,0.5,1,1,CTTGGTTAGAGAAGGACCAG,0,658113
cpxRp2,0.5,1,1,CTTGGCGAGCGTGATTCACA,0,632932
cpxRp2,0.5,1,1,CTTGCTGGCTCTTACAGTAA,0,644927
cpxRp2,0.5,1,1,CTTGCCTTCCCCCAGTTATA,0,631484
cpxRp2,0.5,1,1,CTTGCCTAAACCACGAGCTG,0,683147
cpxRp2,0.5,1,1,CTTGATCTCACTCGATCAGG,0,635937
cpxRp2,0.5,1,1,CTTGACTAAAATCCTTTAGG,0,673746
cpxRp2,0.5,1,1,CTTCTCCCCAAAATTTGGGT,0,704597
cpxRp2,0.5,1,1,CTTCGTATTCATGAGATCAA,0,680095
cpxRp2,0.5,1,1,CTTCGGAACGCGTGAAGGTG,0,687054
cpxRp2,0.5,1,1,CTTCCAGCTTCCGCTGACTA,0,682280
cpxRp2,0.5,1,1,CTTATTGGCAGTATGAAGGC,0,691928
cpxRp2,0.5,1,1,CTTATCTCAAGAGGCCGATT,0,691151
cpxRp2,0.5,1,1,CTTAGCGGTTAGGAGTATAT,0,659548
cpxRp2,0.5,1,1,CTTAGCACTCCCCCCGAATT,0,703984
cpxRp2,0.5,1,1,CTTAGACGCAGTTACCCTTA,0,665914
cpxRp2,0.5,1,1,CTTAGACCTCTTGCGCTTAA,0,633931
cpxRp2,0.5,1,1,CTTACTTAACCTATCAGCTT,0,658406
cpxRp2,0.5,1,1,CTTACAACAACGTACTGCGC,0,673643
cpxRp2,0.5,1,1,CTTAAAGATTGTCTCCGAGC,0,672735
cpxRp2,0.5,1,1,CTGTTGTTTTAGTGCAGGAA,0,704432
cpxRp2,0.5,1,1,CTGTTAACTACCCCCTGCTC,0,638892
cpxRp2,0.5,1,1,CTGTGTTATATCGGAAGGTA,0,670557
cpxRp2,0.5,1,1,CTGTGGTAGCCTACCAACCT,0,666423
cpxRp2,0.5,1,1,CTGTCCAACCTATGTACCAG,0,669151
cpxRp2,0.5,1,1,CTGTAGAGTGGATAACGTCA,0,693482
cpxRp2,0.5,1,1,CTGTAGAACAAGTTTAAACT,0,698853
cpxRp2,0.5,1,1,CTGGTTTGTCTCGCGAACAT,0,667157
cpxRp2,0.5,1,1,CTGGTCCTAAGCTGGTGTCA,0,687721
cpxRp2,0.5,1,1,CTGGTATAAAGGGTGGCCCC,0,652745
cpxRp2,0.5,1,1,CTGGTAGGGTCCCACAATTG,0,642025
cpxRp2,0.5,1,1,CTGGGTAGTTGGATCACACA,0,671930
cpxRp2,0.5,1,1,CTGGGGGTCCGACGATGACG,0,650081
cpxRp2,0.5,1,1,CTGGGGCTTATGTGCCAATA,0,700254
cpxRp2,0.5,1,1,CTGGGCGGTTGCCGTTTAAA,0,685869
cpxRp2,0.5,1,1,CTGGGCCGATCCTAGGCCGA,0,666656
cpxRp2,0.5,1,1,CTGGGCAAGGTGTATATCCA,0,669756
cpxRp2,0.5,1,1,CTGGCCTGGAGTCTCGTCAG,0,673251
cpxRp2,0.5,1,1,CTGGCACGTTGTAGTACCTG,0,696300
cpxRp2,0.5,1,1,CTGGAGTTTACTACAAAGCG,0,700998
cpxRp2,0.5,1,1,CTGGACAATGCCAAGAGGGT,0,629766
cpxRp2,0.5,1,1,CTGGAATACGGCGCTCTGCA,0,650131
cpxRp2,0.5,1,1,CTGGAAGTCGTACGAACGCT,0,656524
cpxRp2,0.5,1,1,CTGCTCTGCGCATCTCAACC,0,677856
cpxRp2,0.5,1,1,CTGCGGTAACTGAATTTCGA,0,691373
cpxRp2,0.5,1,1,CTGCCGTGTGAAAGAATGTA,0,643089
cpxRp2,0.5,1,1,CTGCACTGGGGGTAAATGCT,0,649773
cpxRp2,0.5,1,1,CTGATTGCATATGATGTTCA,0,649118
cpxRp2,0.5,1,1,CTGACAACTAGCCTATATTG,0,641995
cpxRp2,0.5,1,1,CTGAATGATCTTAGCTCCAC,0,659778
cpxRp2,0.5,1,1,CTGAATAGTTTTAAGAAGGA,0,664700
cpxRp2,0.5,1,1,CTGAAGGAGCTCGCGCCCCT,0,665191
cpxRp2,0.5,1,1,CTGAACTACCACTCTGGGAT,0,672503
cpxRp2,0.5,1,1,CTCTTCAGTCATCGGTTTGT,0,677806
cpxRp2,0.5,1,1,CTCTGTTATAATGTGCGAAT,0,695778
cpxRp2,0.5,1,1,CTCTGGCAAAAGTCTGGCTA,0,647406
cpxRp2,0.5,1,1,CTCTCACGTTGGCCCGCAGT,0,674284
cpxRp2,0.5,1,1,CTCTCACGTGAAAAACGTAT,0,634979
cpxRp2,0.5,1,1,CTCTATCTCACCATTTACCA,0,701559
cpxRp2,0.5,1,1,CTCGTCGTTTGCCGGGTGAC,0,678339
cpxRp2,0.5,1,1,CTCGGGTTGGGGCTACTGTA,0,694648
cpxRp2,0.5,1,1,CTCGGGTCGCGTTACCTTTA,0,688329
cpxRp2,0.5,1,1,CTCGGCATGGCGCGACTAAC,0,667865
cpxRp2,0.5,1,1,CTCGCATACGATTATTCCGG,0,669823
cpxRp2,0.5,1,1,CTCGCAAGCAACCCGCCGCT,0,705217
cpxRp2,0.5,1,1,CTCCTGGTTACATATTTCAG,0,652706
cpxRp2,0.5,1,1,CTCCTGGTCCTTCCAGTGCC,0,637011
cpxRp2,0.5,1,1,CTCCTCTGTAAGTTAAGCTC,0,689831
cpxRp2,0.5,1,1,CTCCGATAGATCCGAGTTCC,0,643408
cpxRp2,0.5,1,1,CTCCGACGGAGATGGACCAT,0,664482
cpxRp2,0.5,1,1,CTCCATGGTCCCGCAAGGAG,0,648703
cpxRp2,0.5,1,1,CTCCATATTAGCGATCAACT,0,664135
cpxRp2,0.5,1,1,CTCATATGGTGGCATTGGAG,0,646144
cpxRp2,0.5,1,1,CTCACTTCAGGGCAATATTA,0,659154
cpxRp2,0.5,1,1,CTCAAGCTCACCGGCAAGCA,0,661627
cpxRp2,0.5,1,1,CTCAAACACCTACGTTGAGA,0,673381
cpxRp2,0.5,1,1,CTATTTGGCATAAAGGGGTA,0,674471
cpxRp2,0.5,1,1,CTATTTCTCGAACTGTGAGA,0,642431
cpxRp2,0.5,1,1,CTATTCCCTGCCTCGACTTT,0,693136
cpxRp2,0.5,1,1,CTATGTCAAGTTAAATCCAG,0,642328
cpxRp2,0.5,1,1,CTATGAAGATGCGTAACAGC,0,690117
cpxRp2,0.5,1,1,CTATCTTTCCGTGAACTTTA,0,649506
cpxRp2,0.5,1,1,CTATCTTAGCAAGCAGCATT,0,703088
cpxRp2,0.5,1,1,CTATCACGATAGTGGGTAGT,0,647449
cpxRp2,0.5,1,1,CTATAAATGTATCGAACCTC,0,695920
cpxRp2,0.5,1,1,CTAGTGCATCATATAAGCTT,0,663242
cpxRp2,0.5,1,1,CTAGTCTCTTCTTGCAGGCC,0,698156
cpxRp2,0.5,1,1,CTAGTAAGATTTCTTTATAG,0,644473
cpxRp2,0.5,1,1,CTAGGTTAGTATCTCGCTGG,0,675906
cpxRp2,0.5,1,1,CTAGGTCCTTAGCGCACTTA,0,631807
cpxRp2,0.5,1,1,CTAGGCGTAGAGACTCCCGA,0,635417
cpxRp2,0.5,1,1,CTAGAGAGTAAAGAAACCTC,0,693626
cpxRp2,0.5,1,1,CTAGAATATTGTGCTCAATA,0,649024
cpxRp2,0.5,1,1,CTACTTCACAGGTGTGCAGA,0,631720
cpxRp2,0.5,1,1,CTACTCTGGCAACATGTCGT,0,697600
cpxRp2,0.5,1,1,CTACTCCGATCTGATCAATT,0,669665
cpxRp2,0.5,1,1,CTACGTCATAGTGGACAAGT,0,700817
cpxRp2,0.5,1,1,CTACCCATTCACTCGTGGGT,0,639562
cpxRp2,0.5,1,1,CTACAGTTAGGCGGCGTCGT,0,633847
cpxRp2,0.5,1,1,CTACAAACCACAGGATTGAA,0,670010
cpxRp2,0.5,1,1,CTAATGGAGGAAGACGGGGT,0,710150
cpxRp2,0.5,1,1,CTAATATGCATGCGACAATC,0,678155
cpxRp2,0.5,1,1,CTAATATGAGACGCAAAACC,0,688220
cpxRp2,0.5,1,1,CTAAGGCGCATAGTACTGTC,0,635242
cpxRp2,0.5,1,1,CTAACGGTTATCCTTTCCCA,0,700690
cpxRp2,0.5,1,1,CTAACACGTTTTGACGAATC,0,662784
cpxRp2,0.5,1,1,CTAAATAACCAAGCGTAACG,0,658860
cpxRp2,0.5,1,1,CTAAAGTCGCGCCGTTTCCG,0,692944
cpxRp2,0.5,1,1,CTAAAATTTGTTGCACGATG,0,696341
cpxRp2,0.5,1,1,CTAAAACTGGCTACAGGGTG,0,707056
cpxRp2,0.5,1,1,CTAAAAACGGCGCGCATAAA,0,646488
cpxRp2,0.5,1,1,CGTTTTTCGAGGACTAACGA,0,711557
cpxRp2,0.5,1,1,CGTTTGGGAAGCGCTTCACT,0,675666
cpxRp2,0.5,1,1,CGTTGTACAACCCCTAACTC,0,666857
cpxRp2,0.5,1,1,CGTGTTTCTTTCAACAAGAC,0,662184
cpxRp2,0.5,1,1,CGTGTGACGGCTAACTCAAT,0,654658
cpxRp2,0.5,1,1,CGTGTACTTTCTACTGACAA,0,711495
cpxRp2,0.5,1,1,CGTGTAACCACCTGGGCAAT,0,655817
cpxRp2,0.5,1,1,CGTGGGGGTTTTAGTAAGGC,0,653523
cpxRp2,0.5,1,1,CGTGGGCCGCGCTACCGCCA,0,636784
cpxRp2,0.5,1,1,CGTGGACAGCATGTGGCTGA,0,632770
cpxRp2,0.5,1,1,CGTGCATAGGTAGTCAGTGA,0,645617
cpxRp2,0.5,1,1,CGTGAAGCTGGAGCTTACCG,0,658506
cpxRp2,0.5,1,1,CGTCTGGAGGGGGGGTGCCG,0,710637
cpxRp2,0.5,1,1,CGTCTGCTGATTTAGCAGTT,0,682861
cpxRp2,0.5,1,1,CGTCGGGCAAGCATATAAAC,0,711076
cpxRp2,0.5,1,1,CGTCGCTCAACCTGGCAGGC,0,638253
cpxRp2,0.5,1,1,CGTCCTTTGTATCAGGACCT,0,668992
cpxRp2,0.5,1,1,CGTCCACGAGTTGTGTATAA,0,699653
cpxRp2,0.5,1,1,CGTCAGACGTGGAGAACGCA,0,633253
cpxRp2,0.5,1,1,CGTCAGAATAATCTGGCGTG,0,677181
cpxRp2,0.5,1,1,CGTCAACCTTACAGGGTCAT,0,633573
cpxRp2,0.5,1,1,CGTATGTGAATTCATATTGA,0,644546
cpxRp2,0.5,1,1,CGTATGCGGTTATTAAATGG,0,703345
cpxRp2,0.5,1,1,CGTAGTCTGAGGGGACCCTT,0,677212
cpxRp2,0.5,1,1,CGTACGCCGTCGTGTGTTGT,0,668244
cpxRp2,0.5,1,1,CGTACGAACGCTATGTTGTT,0,662569
cpxRp2,0.5,1,1,CGTAAGACAGTGGCGTACAA,0,707972
cpxRp2,0.5,1,1,CGTAAAACAACGAATCCTCG,0,632904
cpxRp2,0.5,1,1,CGGTGTAACGACGGATTACC,0,699212
cpxRp2,0.5,1,1,CGGTGCGCCATACGAAGGTT,0,652334
cpxRp2,0.5,1,1,CGGTGCAAAAATGAGCAAGT,0,707064
cpxRp2,0.5,1,1,CGGTGAGTTGAGTCTGAAAT,0,639983
cpxRp2,0.5,1,1,CGGTGAATGTGAGCTAAGTT,0,651554
cpxRp2,0.5,1,1,CGGTCTAGTTTACTCACGGA,0,693636
cpxRp2,0.5,1,1,CGGTCGATCGGTAACCTCAA,0,642105
cpxRp2,0.5,1,1,CGGTCGAGACTTTACGTTCG,0,651998
cpxRp2,0.5,1,1,CGGTCCCTATAGCTTGAGGT,0,639008
cpxRp2,0.5,1,1,CGGTAGATGTGGAGAATGAA,0,646221
cpxRp2,0.5,1,1,CGGTACCGGGTCAGTTAGCT,0,698553
cpxRp2,0.5,1,1,CGGGTGGCCCCGACCGCAGA,0,661087
cpxRp2,0.5,1,1,CGGGTATGCCAGCTGGTAGA,0,661986
cpxRp2,0.5,1,1,CGGGCGCTTTTCGTCATGTC,0,648144
cpxRp2,0.5,1,1,CGGGCAGAAACAGACTCAGG,0,686257
cpxRp2,0.5,1,1,CGGGATTCCATGTGTTGGTG,0,669418
cpxRp2,0.5,1,1,CGGGAGACCGCGAGCCCAAT,0,655288
cpxRp2,0.5,1,1,CGGGACTCCCCGAAGATAAT,0,669649
cpxRp2,0.5,1,1,CGGCTTATAGTTGTGTGGGA,0,664004
cpxRp2,0.5,1,1,CGGCTGGGCCAAATAATGTC,0,652560
cpxRp2,0.5,1,1,CGGCTCAAAACACACTCCCA,0,697252
cpxRp2,0.5,1,1,CGGCCGCTTTGCATATTCTA,0,680605
cpxRp2,0.5,1,1,CGGCCCGCGCTTCAAAAGCA,0,652083
cpxRp2,0.5,1,1,CGGCCCACTTGCCGAACCGA,0,679830
cpxRp2,0.5,1,1,CGGATTTGACAGTCTTAATC,0,633590
cpxRp2,0.5,1,1,CGGATGTGCTGTACTACCCC,0,658993
cpxRp2,0.5,1,1,CGGATCGTATATCGAGCTGC,0,658904
cpxRp2,0.5,1,1,CGGAGCTATTCTGTTGCTTA,0,631942
cpxRp2,0.5,1,1,CGGACGCATCCGTGTGCACT,0,680071
cpxRp2,0.5,1,1,CGGACCAATTATCCCTATGT,0,645683
cpxRp2,0.5,1,1,CGGAATCGTCCCTAGGTGAT,0,649336
cpxRp2,0.5,1,1,CGCTTGCTTACAAAAAAGAA,0,693424
cpxRp2,0.5,1,1,CGCTCTTACCACTGGTAAGC,0,702030
cpxRp2,0.5,1,1,CGCTCCGCCACGCTCGGACG,0,675114
cpxRp2,0.5,1,1,CGCTACGGAAAAAGGGTAGC,0,690814
cpxRp2,0.5,1,1,CGCGTTCATACCCTTCATCC,0,696529
cpxRp2,0.5,1,1,CGCGTGCAAGAGGCCCGTCG,0,706754
cpxRp2,0.5,1,1,CGCGGGTCATCGCTCACTCT,0,670316
cpxRp2,0.5,1,1,CGCGGCACAGTCCTACCGTC,0,640536
cpxRp2,0.5,1,1,CGCGGAAAGGCCGCATCATG,0,636118
cpxRp2,0.5,1,1,CGCGGAAAAAATTCTCTTAA,0,677691
cpxRp2,0.5,1,1,CGCGCGAAGAGAATTATTGC,0,685030
cpxRp2,0.5,1,1,CGCGCAGCCACCATAGTGCT,0,676789
cpxRp2,0.5,1,1,CGCGACTGTCAGTTGCCGGT,0,634794
cpxRp2,0.5,1,1,CGCCTGGCACTCCTCCCTGC,0,631735
cpxRp2,0.5,1,1,CGCCTGCGGGAGATATGAAC,0,666685
cpxRp2,0.5,1,1,CGCCGGAAAGGGTTCCGCGA,0,685169
cpxRp2,0.5,1,1,CGCCCCTCCGAGCAGGACTA,0,678990
cpxRp2,0.5,1,1,CGCCCACATAGAAGCCGGCG,0,684564
cpxRp2,0.5,1,1,CGCCAGCAGGTGCCACGAAT,0,679813
cpxRp2,0.5,1,1,CGCCAAACCAAGTTTCATGT,0,682576
cpxRp2,0.5,1,1,CGCATTTGTGTAGTCCCACT,0,678514
cpxRp2,0.5,1,1,CGCATGATTTCCATTCCCCA,0,645463
cpxRp2,0.5,1,1,CGCAGGAACAACGGTCAGCG,0,667102
cpxRp2,0.5,1,1,CGCAGCGTTCTGGTGTGCAT,0,638727
cpxRp2,0.5,1,1,CGCAGCACTTTAAGGTCCTA,0,695528
cpxRp2,0.5,1,1,CGCACGTTCGGCTAACATAT,0,636819
cpxRp2,0.5,1,1,CGCACCCCTTCGCCCACGTT,0,640812
cpxRp2,0.5,1,1,CGCACAATGGCGCTAGACGC,0,633561
cpxRp2,0.5,1,1,CGATTTATACTGTACAAATA,0,664043
cpxRp2,0.5,1,1,CGATTGAGCCCACAGGGTTG,0,634328
cpxRp2,0.5,1,1,CGATTCTGTGTAGGTCGCTA,0,673616
cpxRp2,0.5,1,1,CGATGCCGTAGGGCGCCTCG,0,692897
cpxRp2,0.5,1,1,CGATGAACATGTAGCTACGA,0,692989
cpxRp2,0.5,1,1,CGATCGCTTACAGCGTAGTC,0,661179
cpxRp2,0.5,1,1,CGATCGAGCAACGCTAGAGT,0,682025
cpxRp2,0.5,1,1,CGATCAAACCCTTAGGGAGA,0,666333
cpxRp2,0.5,1,1,CGATATCTCTGGGTTACCGG,0,666297
cpxRp2,0.5,1,1,CGATATCCCTATTATTGGTG,0,665237
cpxRp2,0.5,1,1,CGATAGAACCATTCCTGCAG,0,659496
cpxRp2,0.5,1,1,CGATAATCGGAAGTTCTAGT,0,683595
cpxRp2,0.5,1,1,CGAGTATACTGAATTGGCTT,0,650423
cpxRp2,0.5,1,1,CGAGGTTATAATGAACTGGG,0,669266
cpxRp2,0.5,1,1,CGAGGTGGTTTCACAGGATC,0,693117
cpxRp2,0.5,1,1,CGAGGGCCTCACCCATAGTC,0,701848
cpxRp2,0.5,1,1,CGAGGCTAGCGGAAGGCTTG,0,698505
cpxRp2,0.5,1,1,CGAGCTTGACCCTCCTTATC,0,655400
cpxRp2,0.5,1,1,CGAGCCACCGTATGAATTAT,0,683014
cpxRp2,0.5,1,1,CGAGCCAAGAGGGGGATGAT,0,646579
cpxRp2,0.5,1,1,CGAGACCCATTTGAGGCACC,0,676318
cpxRp2,0.5,1,1,CGACTTGGCAAACACACGGA,0,685018
cpxRp2,0.5,1,1,CGACTTGGATGCTTACCTGG,0,687803
cpxRp2,0.5,1,1,CGACTGAAGTTCGGGTGCAT,0,684820
cpxRp2,0.5,1,1,CGACTCCTACCGCGGGATCG,0,657146
cpxRp2,0.5,1,1,CGACTATGGGGACAGTCGGC,0,635120
cpxRp2,0.5,1,1,CGACTACCTCGGCGGAACGA,0,693637
cpxRp2,0.5,1,1,CGACCTAGCACGATGGAATT,0,680240
cpxRp2,0.5,1,1,CGACCACCATGACTCAATCC,0,675818
cpxRp2,0.5,1,1,CGAATTTTACCCCTACAATC,0,701012
cpxRp2,0.5,1,1,CGAAGGCAGAGCAGATTCAG,0,665406
cpxRp2,0.5,1,1,CGAACGACCCATTGGCTTGT,0,666431
cpxRp2,0.5,1,1,CGAAATGATGTTCCAAAGTG,0,636574
cpxRp2,0.5,1,1,CGAAAGACGCGAGAGTCGCA,0,634298
cpxRp2,0.5,1,1,CGAAAAGCACACCTCTCGAA,0,703009
cpxRp2,0.5,1,1,CGAAAAAAGGGACATCCTAG,0,706951
cpxRp2,0.5,1,1,CCTTTTACGACAAACCAAGA,0,641241
cpxRp2,0.5,1,1,CCTTGGGGCTAACCGAGGAT,0,696539
cpxRp2,0.5,1,1,CCTTGGAGGCGCTGTGTGAA,0,697382
cpxRp2,0.5,1,1,CCTTGGAGGAAAGGACCAGG,0,643956
cpxRp2,0.5,1,1,CCTTGCGCGCACCGTCTGCA,0,659474
cpxRp2,0.5,1,1,CCTTCCGGCGAGGCCGATGC,0,644723
cpxRp2,0.5,1,1,CCTTACCTTCGTCCAATGGG,0,654265
cpxRp2,0.5,1,1,CCTGTGAGTTACAGCAGGGT,0,651359
cpxRp2,0.5,1,1,CCTGGTTTGCGGCATACAGA,0,710395
cpxRp2,0.5,1,1,CCTGGCAGGGACCGGCGTAC,0,687037
cpxRp2,0.5,1,1,CCTGGAAGCACATCTGTACC,0,687416
cpxRp2,0.5,1,1,CCTGATAGGTCATCGTAGAC,0,690678
cpxRp2,0.5,1,1,CCTGAGTAGATCTCTGATCC,0,644095
cpxRp2,0.5,1,1,CCTCGTTCGACGTCCCTTTT,0,640283
cpxRp2,0.5,1,1,CCTCGCTCAAGTTACAGGTG,0,699463
cpxRp2,0.5,1,1,CCTCCTCGACATCCCCACTG,0,665090
cpxRp2,0.5,1,1,CCTCATATCTTCAATCATTC,0,681262
cpxRp2,0.5,1,1,CCTCACGCGAGAAGATGTAA,0,635979
cpxRp2,0.5,1,1,CCTATCTACAGCTACATTAA,0,694326
cpxRp2,0.5,1,1,CCTAGACCTGGTAAGCAACG,0,689600
cpxRp2,0.5,1,1,CCTACGTTATACTCTGTAAA,0,694805
cpxRp2,0.5,1,1,CCTACGGGCATACAGGGGGT,0,663253
cpxRp2,0.5,1,1,CCTACGCGTGTCCCTACTAA,0,707026
cpxRp2,0.5,1,1,CCTACACAAGGAACATCCAC,0,661183
cpxRp2,0.5,1,1,CCTAATGACAGCAACTGTGA,0,655658
cpxRp2,0.5,1,1,CCGTTGTAAAGTCATCTTGT,0,636400
cpxRp2,0.5,1,1,CCGTTGCCCAACAGGCCAAA,0,677175
cpxRp2,0.5,1,1,CCGTTCGGCCCCTCGTGATA,0,707815
cpxRp2,0.5,1,1,CCGTGCGTGGCAGCGCTTAC,0,669691
cpxRp2,0.5,1,1,CCGTCATTAATTTTCACAAA,0,665036
cpxRp2,0.5,1,1,CCGTCAACAATCGTACTGCG,0,689143
cpxRp2,0.5,1,1,CCGGTTGTTGCGACATAACA,0,667693
cpxRp2,0.5,1,1,CCGGTGGAACACGCGGCAGC,0,671596
cpxRp2,0.5,1,1,CCGGTCATGTTTTAGATCAG,0,697102
cpxRp2,0.5,1,1,CCGGTCAGTTTGCACGGAAG,0,652831
cpxRp2,0.5,1,1,CCGGGGCTCCAACCAGCTAA,0,659288
cpxRp2,0.5,1,1,CCGGCTTCAGTAAGTTTCCT,0,666935
cpxRp2,0.5,1,1,CCGGCTGGCGGATAAGCGTC,0,631188
cpxRp2,0.5,1,1,CCGGCACCCTAGTAGTATTC,0,639669
cpxRp2,0.5,1,1,CCGCTTCATATCAATTTTTA,0,638957
cpxRp2,0.5,1,1,CCGCTGTCCAGTGCGACGCT,0,630598
cpxRp2,0.5,1,1,CCGCTGCCAGATGTCATTGC,0,698339
cpxRp2,0.5,1,1,CCGCTATCGTCACGCCATTG,0,666989
cpxRp2,0.5,1,1,CCGCGCCAATGTATAGCAGA,0,676861
cpxRp2,0.5,1,1,CCGCGATGGTATAAAGGCAT,0,645742
cpxRp2,0.5,1,1,CCGCAGCTTTTGGGATCCAT,0,659305
cpxRp2,0.5,1,1,CCGCAGAGATTTATGGCCAC,0,678378
cpxRp2,0.5,1,1,CCGATAGTAGTAGTTATGAC,0,676214
cpxRp2,0.5,1,1,CCGAGTGCTCATACCCGGAG,0,676359
cpxRp2,0.5,1,1,CCGAGTACAGAGACCCCCTC,0,688246
cpxRp2,0.5,1,1,CCGAATGCAGCATTATCCCT,0,697576
cpxRp2,0.5,1,1,CCGAAGTGGGCTCCTTGGGT,0,708629
cpxRp2,0.5,1,1,CCGAAGCCGGCTTCCATTGA,0,705379
cpxRp2,0.5,1,1,CCGAACTTGGGAGTGAGCAT,0,693998
cpxRp2,0.5,1,1,CCCTTCGTCGCCCACCATGC,0,645702
cpxRp2,0.5,1,1,CCCTGCTTGTGAGTGCCGGC,0,661432
cpxRp2,0.5,1,1,CCCTCTGACATAAATGTTTG,0,671533
cpxRp2,0.5,1,1,CCCTCCTTGACTTGGACCGT,0,697950
cpxRp2,0.5,1,1,CCCTAGCAGTGTACCATGTT,0,642228
cpxRp2,0.5,1,1,CCCGTAGCGTGCCCAACTTA,0,671005
cpxRp2,0.5,1,1,CCCGGGCGCAGAGGCTAAGA,0,664102
cpxRp2,0.5,1,1,CCCGGCCAGTCGATTCGAGG,0,706933
cpxRp2,0.5,1,1,CCCGCTGATGTATAGTTAGG,0,705406
cpxRp2,0.5,1,1,CCCGCTCGTTTGTACAATGC,0,656562
cpxRp2,0.5,1,1,CCCGATCTACGCGGGCGTCG,0,636790
cpxRp2,0.5,1,1,CCCGATAAACCCTCGGCAAT,0,644839
cpxRp2,0.5,1,1,CCCGAGCCTTCCCGTCACTG,0,655688
cpxRp2,0.5,1,1,CCCCTGAACGTTGATGAGCA,0,663498
cpxRp2,0.5,1,1,CCCCGGCAAATTAGGACCAG,0,684804
cpxRp2,0.5,1,1,CCCCCCGTGTCTGTGCGCCA,0,702287
cpxRp2,0.5,1,1,CCCCCAAGTTCCCTAGTTAC,0,640244
cpxRp2,0.5,1,1,CCCCATTACTACGTTAGTCA,0,651681
cpxRp2,0.5,1,1,CCCCAGGATTTACTGCTTGC,0,699895
cpxRp2,0.5,1,1,CCCATATGGCAGCTGTAACT,0,670378
cpxRp2,0.5,1,1,CCCACTATCTCACGAAAGTG,0,690318
cpxRp2,0.5,1,1,CCATTTGTCAGCGAATTACT,0,648398
cpxRp2,0.5,1,1,CCATGGGGGGCCAATGGGAC,0,709487
cpxRp2,0.5,1,1,CCATCTCTTGTGCCCCTCAC,0,695993
cpxRp2,0.5,1,1,CCATACGGGTGCGAATGACA,0,673218
cpxRp2,0.5,1,1,CCAGTTTAACCGACAACTGA,0,665656
cpxRp2,0.5,1,1,CCAGTTGAGAGCGACTCTGG,0,640675
cpxRp2,0.5,1,1,CCAGTTAGAATCCCAAAGTG,0,668326
cpxRp2,0.5,1,1,CCAGGGTCACACATAACGAT,0,652444
cpxRp2,0.5,1,1,CCAGGGCAGATACGATCCCA,0,630669
cpxRp2,0.5,1,1,CCAGGAGTTGTTCTAGGGTC,0,646736
cpxRp2,0.5,1,1,CCAGGAAGTGGTATCTGCTA,0,634089
cpxRp2,0.5,1,1,CCAGCTATCTGGAAATGAAT,0,690124
cpxRp2,0.5,1,1,CCAGCGTGAACGTGTTGTGC,0,659683
cpxRp2,0.5,1,1,CCAGCAAAGTCGGCCGACCC,0,676487
cpxRp2,0.5,1,1,CCAGATGAGCGGGTTAATAG,0,695950
cpxRp2,0.5,1,1,CCAGACATCGCTGTAACTGC,0,642921
cpxRp2,0.5,1,1,CCAGAAACTAATCTAGCCTC,0,632582
cpxRp2,0.5,1,1,CCACTAGCTTGATGTTTGAT,0,633139
cpxRp2,0.5,1,1,CCACCGGATCCATAGAAACC,0,653310
cpxRp2,0.5,1,1,CCACCCTATCCAGTCCGGGA,0,639944
cpxRp2,0.5,1,1,CCACACCTAAGCGTACCGCA,0,709495
cpxRp2,0.5,1,1,CCAAGCGACACAGGGTGCTG,0,697176
cpxRp2,0.5,1,1,CCAACGTCTCTCATTTAGTT,0,705042
cpxRp2,0.5,1,1,CATTTTAATCTAACAGGTAC,0,658853
cpxRp2,0.5,1,1,CATTTGTGTCTTGAGACGCA,0,677471
cpxRp2,0.5,1,1,CATTTCTACGCGTCATACCC,0,641603
cpxRp2,0.5,1,1,CATTGTGTGATTACCGATAT,0,630706
cpxRp2,0.5,1,1,CATTGGACTGCTCGTACTGT,0,701779
cpxRp2,0.5,1,1,CATTCGTAGTCATGTTCCGA,0,661186
cpxRp2,0.5,1,1,CATTCCGAGGGTGATAAAAT,0,700194
cpxRp2,0.5,1,1,CATTCATCAGAACGACTAAA,0,695179
cpxRp2,0.5,1,1,CATTCAAGTCATATTTCTTC,0,648203
cpxRp2,0.5,1,1,CATTATGAGCACACAGTGCA,0,691493
cpxRp2,0.5,1,1,CATGTTCTAAACAGATCGGC,0,637129
cpxRp2,0.5,1,1,CATGTTCAGAACTCAACGCC,0,698002
cpxRp2,0.5,1,1,CATGTCAAGACTCCATGTAT,0,695915
cpxRp2,0.5,1,1,CATGGTTTCCCGGCTACTAA,0,679913
cpxRp2,0.5,1,1,CATGCAGGATCAGTCGCAGC,0,650897
cpxRp2,0.5,1,1,CATGAGCATAAATCCAATTT,0,642077
cpxRp2,0.5,1,1,CATCTGAATTTGGAACAAAT,0,684586
cpxRp2,0.5,1,1,CATCGTGATTCGTACGGATT,0,692492
cpxRp2,0.5,1,1,CATCCGATTGATAACCTTTG,0,678202
cpxRp2,0.5,1,1,CATCATTAATGGGTGTACTA,0,691026
cpxRp2,0.5,1,1,CATATCGATCAGCGCAGAAA,0,637191
cpxRp2,0.5,1,1,CATAGGAGAGAAGCCGTACT,0,644612
cpxRp2,0.5,1,1,CATACTCCGTCAGGGTTAAA,0,636262
cpxRp2,0.5,1,1,CATACGGTTCGCAGCTGGTC,0,703391
cpxRp2,0.5,1,1,CATACGCAGACGAATACGGT,0,708798
cpxRp2,0.5,1,1,CATAAGGTTGGCAGTGGGTA,0,687633
cpxRp2,0.5,1,1,CATAAGCCTGTGACTCGTGG,0,650334
cpxRp2,0.5,1,1,CAGTTGGGATATTACTCCAC,0,670340
cpxRp2,0.5,1,1,CAGTTCTTATAACGCATCAC,0,643189
cpxRp2,0.5,1,1,CAGTGTCAGGCGAAAATTAG,0,668212
cpxRp2,0.5,1,1,CAGTGCACTTGCCCCCCCAT,0,658279
cpxRp2,0.5,1,1,CAGTCGTCGTCTGCCGTATG,0,660930
cpxRp2,0.5,1,1,CAGTCGGCCCTTTGGTTAAG,0,667378
cpxRp2,0.5,1,1,CAGTACAATCGAGTAAAAAT,0,700210
cpxRp2,0.5,1,1,CAGGTGGTGCCTCGGCAAGG,0,650105
cpxRp2,0.5,1,1,CAGGGTTATCAGTCATTCGC,0,664140
cpxRp2,0.5,1,1,CAGGGTCAACCAAAGAGTGA,0,649317
cpxRp2,0.5,1,1,CAGGCTCCCTGAAAGGGATC,0,682214
cpxRp2,0.5,1,1,CAGGCGTGACTTAGCAAGAC,0,640463
cpxRp2,0.5,1,1,CAGGCCTCTTGCCAGCCGTG,0,697348
cpxRp2,0.5,1,1,CAGGAGGCACTGACCGCGCT,0,698699
cpxRp2,0.5,1,1,CAGGAGCTTGATGTGTGGAG,0,688709
cpxRp2,0.5,1,1,CAGGACGATGCGAAAATATG,0,694125
cpxRp2,0.5,1,1,CAGGAACGACCGGGGCTTAC,0,700550
cpxRp2,0.5,1,1,CAGCTTGTAAGTTATAGCAT,0,687671
cpxRp2,0.5,1,1,CAGCTTATTAGGAACCAGAT,0,650090
cpxRp2,0.5,1,1,CAGCTCGTTACAATAGCGGG,0,687627
cpxRp2,0.5,1,1,CAGCGGGGAGGTGACGGGCC,0,636524
cpxRp2,0.5,1,1,CAGCCAAAAGTGGAAACTTA,0,688503
cpxRp2,0.5,1,1,CAGCAGTAACGTGCCAGTCA,0,685026
cpxRp2,0.5,1,1,CAGCACTGCTCGTGCTAACT,0,632819
cpxRp2,0.5,1,1,CAGATACCGTGATTCCTCCG,0,666118
cpxRp2,0.5,1,1,CAGACGACTGTTTTCTGGTG,0,697850
cpxRp2,0.5,1,1,CAGACCAGTGGTAAGAATAG,0,709315
cpxRp2,0.5,1,1,CAGACATGCATTCGTCCGTT,0,648224
cpxRp2,0.5,1,1,CACTTGGCTTAGACGCTTCA,0,653091
cpxRp2,0.5,1,1,CACTTGAACCTCACTCGGAT,0,647103
cpxRp2,0.5,1,1,CACTGGTCGGCATCACCTCT,0,702419
cpxRp2,0.5,1,1,CACTGCTAATAAACAGCAGA,0,708175
cpxRp2,0.5,1,1,CACTGCCTTGTCACGGGTCC,0,707607
cpxRp2,0.5,1,1,CACTCCCGTTGCTAAAGGTG,0,648547
cpxRp2,0.5,1,1,CACGTTTAGCGCTGGGTATT,0,666107
cpxRp2,0.5,1,1,CACGTTCCTGTTAGGGTATT,0,669965
cpxRp2,0.5,1,1,CACGGTGTCGAGTTTATGTC,0,665711
cpxRp2,0.5,1,1,CACGGGCTTGATGGGGGAGT,0,692577
cpxRp2,0.5,1,1,CACGCGCGGGGCGTAAACGT,0,629678
cpxRp2,0.5,1,1,CACGCAGGTGAATCGAAATA,0,667022
cpxRp2,0.5,1,1,CACGAGATAACATGAAACGT,0,702196
cpxRp2,0.5,1,1,CACGAAGACGTCGTATCACT,0,648968
cpxRp2,0.5,1,1,CACCTTTGGCATAGAAGTTA,0,669157
cpxRp2,0.5,1,1,CACCTGGTGACCAGGGAAAA,0,708953
cpxRp2,0.5,1,1,CACCGGTTTGCAAGCGTCAG,0,678375
cpxRp2,0.5,1,1,CACCGGCCGAACGGCTAACC,0,680169
cpxRp2,0.5,1,1,CACCGGATGTCCTCGCTGGG,0,636071
cpxRp2,0.5,1,1,CACCCTAAGGTGGTTATACT,0,664445
cpxRp2,0.5,1,1,CACCCGTAGTCACCTCCTAT,0,694672
cpxRp2,0.5,1,1,CACATTTGTGAGCTCATATA,0,637163
cpxRp2,0.5,1,1,CACATTGACGCGTCCTTACG,0,654361
cpxRp2,0.5,1,1,CACAGCTCTCGATATGGCGT,0,650351
cpxRp2,0.5,1,1,CACACCATCCCAGAAAGGAC,0,683818
cpxRp2,0.5,1,1,CACACAGGGGATCCCGTCAG,0,677189
cpxRp2,0.5,1,1,CACAATATGGCTAGAGGTTC,0,686040
cpxRp2,0.5,1,1,CACAAATTACCTTATGTTAT,0,707632
cpxRp2,0.5,1,1,CACAAAGTCACTTACGGGCA,0,653602
cpxRp2,0.5,1,1,CAATTCGGATGCAGCCATGA,0,641287
cpxRp2,0.5,1,1,CAATGTCTTGTTTCCGATCT,0,674616
cpxRp2,0.5,1,1,CAATGGAAACTTTATTGTTC,0,689111
cpxRp2,0.5,1,1,CAATCGGCATTGGATGCGTA,0,673027
cpxRp2,0.5,1,1,CAATCGAGAAGCGATCTTTG,0,651902
cpxRp2,0.5,1,1,CAATCCGTACGTCCTAGCCA,0,666367
cpxRp2,0.5,1,1,CAATAGGAACGGACGGACTT,0,653931
cpxRp2,0.5,1,1,CAAGTGGGTTGAGGATCGTG,0,659276
cpxRp2,0.5,1,1,CAAGGGCGTCTGGCTGCAAG,0,690121
cpxRp2,0.5,1,1,CAAGGGCCGGTCTGCATATA,0,637239
cpxRp2,0.5,1,1,CAAGCGTTGTGAGTGGAGAC,0,686487
cpxRp2,0.5,1,1,CAAGCGTGTGTTGGTTGACT,0,676825
cpxRp2,0.5,1,1,CAAGCGCGATTCTTAGCGGT,0,677904
cpxRp2,0.5,1,1,CAAGCCCGCAGGAGTTGCCT,0,638853
cpxRp2,0.5,1,1,CAAGCCATTTGGTGCTCAAC,0,667315
cpxRp2,0.5,1,1,CAAGATAGCTATGGGCGACC,0,655687
cpxRp2,0.5,1,1,CAAGACTCTGCCTTAAAGTA,0,641948
cpxRp2,0.5,1,1,CAAGAACAGGGGTGCGGATG,0,683417
cpxRp2,0.5,1,1,CAACTTATGGCTTGAAGTCT,0,646774
cpxRp2,0.5,1,1,CAACTCTTCGGTGAACGGCC,0,657662
cpxRp2,0.5,1,1,CAACGAACCTAGTCTAAGCA,0,670274
cpxRp2,0.5,1,1,CAACCTAAACGCACGATGAG,0,667690
cpxRp2,0.5,1,1,CAACCGGGTTCCCTACCTAC,0,669485
cpxRp2,0.5,1,1,CAACCCTACGTAGGTTGGAT,0,657403
cpxRp2,0.5,1,1,CAACCATGCTCCATCATTAT,0,639554
cpxRp2,0.5,1,1,CAACATTTAGGCCCCGGTTC,0,634237
cpxRp2,0.5,1,1,CAACAGGGGCTTGCTGATGT,0,698131
cpxRp2,0.5,1,1,CAAAGTCGTCCGGGTTGACG,0,633104
cpxRp2,0.5,1,1,CAAAGGGCTCTCGCCTAGCG,0,633179
cpxRp2,0.5,1,1,CAAAGGAGATACATAATTCA,0,695295
cpxRp2,0.5,1,1,CAAAATTATGATCAGCTTCG,0,672633
cpxRp2,0.5,1,1,CAAAAAAGCCGCGTGCTGGA,0,693406
cpxRp2,0.5,1,1,ATTTTGGTGGGCGCACTAAT,0,637393
cpxRp2,0.5,1,1,ATTTGCTGATCAGATCCTAA,0,629685
cpxRp2,0.5,1,1,ATTTGCTAGAAGAGGGGCAA,0,668677
cpxRp2,0.5,1,1,ATTTGCGGGCTATATACGCC,0,698429
cpxRp2,0.5,1,1,ATTTGCGCTTGTAGGACTGC,0,668040
cpxRp2,0.5,1,1,ATTTCGGTAATCTAAGAATC,0,693000
cpxRp2,0.5,1,1,ATTTAAGTAAGTTTGCCCGA,0,693847
cpxRp2,0.5,1,1,ATTGGTAGGTTAAGTAATAT,0,669903
cpxRp2,0.5,1,1,ATTGAGGTCCGAGACCTTTC,0,699980
cpxRp2,0.5,1,1,ATTGAATGTCCAATACCCCT,0,632714
cpxRp2,0.5,1,1,ATTCTGAGAAATTCCGTTCT,0,669452
cpxRp2,0.5,1,1,ATTCTATCGCTTACTCGCTG,0,644540
cpxRp2,0.5,1,1,ATTCTAACGCTTGAGGAGTG,0,672703
cpxRp2,0.5,1,1,ATTCGGTATACCGTGTTTGG,0,663109
cpxRp2,0.5,1,1,ATTCGCCCCGCAGTTTCAGG,0,673569
cpxRp2,0.5,1,1,ATTCCGATTATTTGATACAG,0,645778
cpxRp2,0.5,1,1,ATTCAAGGTCGCTCAGATCA,0,675913
cpxRp2,0.5,1,1,ATTATGTGGGACTCGCGGTA,0,643034
cpxRp2,0.5,1,1,ATTATGCTAGCAGCTGCGAT,0,698744
cpxRp2,0.5,1,1,ATTAGACAGGAACCAGGGCA,0,700013
cpxRp2,0.5,1,1,ATTACTTCATTGCCGGTGGA,0,668942
cpxRp2,0.5,1,1,ATTAAGGGACGGAACAGGGT,0,690810
cpxRp2,0.5,1,1,ATGTTGTATGTGATCACGTA,0,676373
cpxRp2,0.5,1,1,ATGTGGGCAAGGTCTTTGCG,0,663366
cpxRp2,0.5,1,1,ATGTGATAAGACACTGGTCA,0,708750
cpxRp2,0.5,1,1,ATGTCTTGTCGATAAGAGAG,0,689751
cpxRp2,0.5,1,1,ATGTCTCAGTAGATGCGTCC,0,640450
cpxRp2,0.5,1,1,ATGTCTACTTCAGTACATGT,0,671821
cpxRp2,0.5,1,1,ATGTCGCCCTTCAAACTTTC,0,668403
cpxRp2,0.5,1,1,ATGTAGTAAGACCACTTTCA,0,671594
cpxRp2,0.5,1,1,ATGTAGGTTCATAATAAGGT,0,694460
cpxRp2,0.5,1,1,ATGTAGGTGGAGCGCGACGG,0,652882
cpxRp2,0.5,1,1,ATGTACGGTGGTCGTAGGAG,0,655558
cpxRp2,0.5,1,1,ATGTACGCCAAAGGAGGAAA,0,688353
cpxRp2,0.5,1,1,ATGGTGACATTTATGCAGAG,0,649264
cpxRp2,0.5,1,1,ATGGTCTTACCCAACGTCGT,0,631213
cpxRp2,0.5,1,1,ATGGGCCTGGAAACCCTGTG,0,693458
cpxRp2,0.5,1,1,ATGGCTAATATGTCGGTGAA,0,668997
cpxRp2,0.5,1,1,ATGGCGCGGTGTTAGGGTTC,0,677091
cpxRp2,0.5,1,1,ATGGCCGGTCTGCGAGTTGA,0,629942
cpxRp2,0.5,1,1,ATGGATTAACCCATGTTAGC,0,647991
cpxRp2,0.5,1,1,ATGGATGGCCTGATTATGCT,0,658633
cpxRp2,0.5,1,1,ATGGAGCCAGTAAAGCTAGA,0,644460
cpxRp2,0.5,1,1,ATGGAAACGCGCCCCATCAA,0,637720
cpxRp2,0.5,1,1,ATGCTTGATGAAACGACTGG,0,641589
cpxRp2,0.5,1,1,ATGCTCCCTCGGTTCTTGAA,0,695432
cpxRp2,0.5,1,1,ATGCGCGAGCAGCCTTGAGA,0,697259
cpxRp2,0.5,1,1,ATGCGCAGATGGGAAGGGAG,0,636800
cpxRp2,0.5,1,1,ATGCATTGGCAGATAAATAG,0,691956
cpxRp2,0.5,1,1,ATGATCGACGTACTTACATA,0,642119
cpxRp2,0.5,1,1,ATGAGTCTTTAAATAATTCA,0,656683
cpxRp2,0.5,1,1,ATGACGTTAGATGGCCTAGG,0,647367
cpxRp2,0.5,1,1,ATGACGCCCTCCATTCCTTT,0,637287
cpxRp2,0.5,1,1,ATGACGAACGGTGAAGGGTT,0,703654
cpxRp2,0.5,1,1,ATGACCGGTATGTGACCTAC,0,635579
cpxRp2,0.5,1,1,ATGAAGGTTCCTCTGCCCTA,0,708494
cpxRp2,0.5,1,1,ATGAAGCATGCATCAAGGCC,0,703490
cpxRp2,0.5,1,1,ATGAACCCAAGCTGACGCGG,0,656530
cpxRp2,0.5,1,1,ATCTTTCAAGCACACTTTAT,0,640233
cpxRp2,0.5,1,1,ATCTTATGAAGTCCATGCTC,0,653555
cpxRp2,0.5,1,1,ATCTGTTGCCGTTGTGTCAA,0,686003
cpxRp2,0.5,1,1,ATCTCGGGGGCACAGGAGAT,0,663279
cpxRp2,0.5,1,1,ATCTCCTGCGGCACGCACGC,0,653690
cpxRp2,0.5,1,1,ATCGTGTCAATGTCTAAGGT,0,668235
cpxRp2,0.5,1,1,ATCGTGAGTCCAGCCCGGGC,0,660443
cpxRp2,0.5,1,1,ATCGTAAAATTGGGGGGAAT,0,681351
cpxRp2,0.5,1,1,ATCGGTTTCTGAAAAGGTAA,0,651780
cpxRp2,0.5,1,1,ATCGCTAACCAGGATTTGCA,0,631084
cpxRp2,0.5,1,1,ATCGAGGATTCTCGGTCTCA,0,667968
cpxRp2,0.5,1,1,ATCGACTTAATGTACTCGAC,0,683949
cpxRp2,0.5,1,1,ATCGACCCCCGGTATCGAAA,0,707119
cpxRp2,0.5,1,1,ATCCGGATGCTATGTGAAGC,0,678944
cpxRp2,0.5,1,1,ATCCCGACCATGCCCGTTTG,0,674192
cpxRp2,0.5,1,1,ATCCCCTCCTGCTGGATGTA,0,648561
cpxRp2,0.5,1,1,ATCCCCAAGTGCGCAGAAGC,0,630240
cpxRp2,0.5,1,1,ATCCATTCGTTGGAGGCCGG,0,641864
cpxRp2,0.5,1,1,ATCCATGGGCAATTCCACTG,0,705948
cpxRp2,0.5,1,1,ATCCAATGGAGGGAGGCCCA,0,692207
cpxRp2,0.5,1,1,ATCATGTTGAGCCTCTATCT,0,679878
cpxRp2,0.5,1,1,ATCATCTGTGGTTCACTTTA,0,711521
cpxRp2,0.5,1,1,ATCATCATGGTTACTTGAAG,0,631014
cpxRp2,0.5,1,1,ATCAGTGCAGCGCATGAGGG,0,630516
cpxRp2,0.5,1,1,ATCAGACGTGGGGTAAACTA,0,637277
cpxRp2,0.5,1,1,ATATTAACAGAGCTACTGCT,0,684665
cpxRp2,0.5,1,1,ATATGTAACATCGAATGCAG,0,637978
cpxRp2,0.5,1,1,ATATGTAAATGGTATCTGAC,0,651143
cpxRp2,0.5,1,1,ATATGAGCCATGCTTCGATG,0,691362
cpxRp2,0.5,1,1,ATATCATTTACAACCGCAGG,0,657466
cpxRp2,0.5,1,1,ATATAGTCTCCTAGGCTTCG,0,646821
cpxRp2,0.5,1,1,ATATAGTCTCCCGCGTCGGA,0,652454
cpxRp2,0.5,1,1,ATATAGTCGCGCCGAGCCGC,0,633730
cpxRp2,0.5,1,1,ATATAAATCATCCCACCAGC,0,664555
cpxRp2,0.5,1,1,ATAGGTAGGGCTTAGTGGTA,0,646703
cpxRp2,0.5,1,1,ATAGGGTTATTTATAACAAA,0,689228
cpxRp2,0.5,1,1,ATAGGATAGAGGCCATCTGA,0,700837
cpxRp2,0.5,1,1,ATAGCCGCTATTGCGTTATA,0,684554
cpxRp2,0.5,1,1,ATAGCCCTTTCTTTTCCGCT,0,644094
cpxRp2,0.5,1,1,ATAGCAGTTATTGTCTATCT,0,665003
cpxRp2,0.5,1,1,ATAGACTATGAGTAAGCTGT,0,700602
cpxRp2,0.5,1,1,ATACGTCGGCTGCGTGTACT,0,670594
cpxRp2,0.5,1,1,ATACGACTGGTCCAGACATT,0,707979
cpxRp2,0.5,1,1,ATACATGTTGATTAGGCCAA,0,642047
cpxRp2,0.5,1,1,ATACAGTATACTTGTGAGGT,0,695887
cpxRp2,0.5,1,1,ATACACTAAGTTAACTGTCC,0,690603
cpxRp2,0.5,1,1,ATACAAGGCTTCGTCGGAGC,0,672709
cpxRp2,0.5,1,1,ATAATGGGCTCTCTATCCCT,0,691076
cpxRp2,0.5,1,1,ATAATCGTGGGGGGAAGGTT,0,709589
cpxRp2,0.5,1,1,ATAATAAGCGCGTCACTGTA,0,646801
cpxRp2,0.5,1,1,ATAAGAGAATTCATTCGTGT,0,706263
cpxRp2,0.5,1,1,ATAAGACGATAATCGGCGAA,0,708160
cpxRp2,0.5,1,1,ATAACTCATACGCGTGTCGG,0,651773
cpxRp2,0.5,1,1,ATAACGCTTATCGGGAGGGT,0,703543
cpxRp2,0.5,1,1,ATAACACCGACGTCTAATGA,0,660816
cpxRp2,0.5,1,1,AGTTTCTTTCCGCCCGAGAC,0,687121
cpxRp2,0.5,1,1,AGTTGCGCTCGTTATCATTC,0,651961
cpxRp2,0.5,1,1,AGTTGATCAGAACGTAGACT,0,634992
cpxRp2,0.5,1,1,AGTTCCGGTCAGTTGATAGC,0,707117
cpxRp2,0.5,1,1,AGTTCAATGCGGCGTAATTT,0,688350
cpxRp2,0.5,1,1,AGTTACCTCGTGATTAACCA,0,643931
cpxRp2,0.5,1,1,AGTGTCTTCCGCGGCTTGGT,0,707704
cpxRp2,0.5,1,1,AGTGGCTACAGTCTCGCATT,0,686223
cpxRp2,0.5,1,1,AGTGCACGTGGATGTCTTTT,0,660992
cpxRp2,0.5,1,1,AGTGATCCGTGTTGCGTATT,0,653464
cpxRp2,0.5,1,1,AGTGACAATGTCGGCAAATG,0,689703
cpxRp2,0.5,1,1,AGTGAAGTAGCTGGACAGTC,0,662558
cpxRp2,0.5,1,1,AGTCGTACGGAGCCGTCAGG,0,684925
cpxRp2,0.5,1,1,AGTCCGGAACGGGGTTGGCA,0,643948
cpxRp2,0.5,1,1,AGTCAGAAATAGGTAATTAC,0,690696
cpxRp2,0.5,1,1,AGTCACTAATCATTAGGGAA,0,650642
cpxRp2,0.5,1,1,AGTCAAACGGTTGGTATAAT,0,634355
cpxRp2,0.5,1,1,AGTATCTCACCACGGCAACT,0,703954
cpxRp2,0.5,1,1,AGTAGCTAAAGTCTATCGGG,0,632100
cpxRp2,0.5,1,1,AGTAGACGCAGTTGACTTTT,0,665313
cpxRp2,0.5,1,1,AGTAATTCTTTCTCATGAAG,0,671355
cpxRp2,0.5,1,1,AGGTTTGAATATGATCGCGC,0,650974
cpxRp2,0.5,1,1,AGGTTTCCATCGCGCTTATG,0,705077
cpxRp2,0.5,1,1,AGGTTATTAGCCCCGGCCCC,0,658452
cpxRp2,0.5,1,1,AGGTTATCATTATAAAGGGT,0,683032
cpxRp2,0.5,1,1,AGGTTAGGGATTTGGCGACG,0,650104
cpxRp2,0.5,1,1,AGGTGCGAAAGAAAAACGAG,0,655284
cpxRp2,0.5,1,1,AGGTGATTTCGTCGGGATAA,0,692109
cpxRp2,0.5,1,1,AGGTGAGTGTCTTCCACATA,0,673852
cpxRp2,0.5,1,1,AGGTCCTGTGGTCCGGACAT,0,667863
cpxRp2,0.5,1,1,AGGTCATATTTGCTCCGAGT,0,673641
cpxRp2,0.5,1,1,AGGTATCTTCAAGTACTATA,0,639941
cpxRp2,0.5,1,1,AGGTAATGTCTTAAGTAGTG,0,707218
cpxRp2,0.5,1,1,AGGGGTGACCTATGATATGG,0,697421
cpxRp2,0.5,1,1,AGGGGTCGAGTTTGATGCTG,0,672325
cpxRp2,0.5,1,1,AGGGGGACATGTACACTACA,0,711559
cpxRp2,0.5,1,1,AGGGGAGAGTGTTCAGGTTA,0,658051
cpxRp2,0.5,1,1,AGGGGAAAGTGGGGTCCACG,0,645701
cpxRp2,0.5,1,1,AGGGCCTGGTTGGAAATGAG,0,688421
cpxRp2,0.5,1,1,AGGGATCGTAGGAAGCAATT,0,672261
cpxRp2,0.5,1,1,AGGGAGGAAAGGCTTCAGGG,0,688326
cpxRp2,0.5,1,1,AGGCGTTTAAAGGTAGCGTA,0,646941
cpxRp2,0.5,1,1,AGGCGTCAACCGCTTCAGCC,0,678563
cpxRp2,0.5,1,1,AGGCGGAGTGGATGAACTTA,0,668552
cpxRp2,0.5,1,1,AGGCGATCGGATATGAATAT,0,648767
cpxRp2,0.5,1,1,AGGCGAACTGGGTGCGACAA,0,686766
cpxRp2,0.5,1,1,AGGCCTAATATTGTTAAATG,0,635482
cpxRp2,0.5,1,1,AGGCATCCTCACTGTGTTTA,0,676448
cpxRp2,0.5,1,1,AGGCATATAAAGAAAGTATC,0,649057
cpxRp2,0.5,1,1,AGGCACCGTCAGGGTCATGT,0,675756
cpxRp2,0.5,1,1,AGGATTGAGGTTAGATTCCC,0,673067
cpxRp2,0.5,1,1,AGGATAACGTAAGCTACCAG,0,702169
cpxRp2,0.5,1,1,AGGAGGGACTGAGCGAATCT,0,630912
cpxRp2,0.5,1,1,AGGACTTGCAGCTGACTCTC,0,668885
cpxRp2,0.5,1,1,AGGACGTAACCATTAACTTT,0,644506
cpxRp2,0.5,1,1,AGGACATCCTGCGCAATTGA,0,654790
cpxRp2,0.5,1,1,AGGAAACAACATATTTTGAG,0,686221
cpxRp2,0.5,1,1,AGCTTCGTTCACGACCTCCC,0,647781
cpxRp2,0.5,1,1,AGCTGTTAAGTCGTTAGTTC,0,655824
cpxRp2,0.5,1,1,AGCTGTGGATCTAGTAGTCG,0,679254
cpxRp2,0.5,1,1,AGCTGGGTCGGGAGATCGAT,0,683991
cpxRp2,0.5,1,1,AGCTGGCCCAACTCCTGAAG,0,629680
cpxRp2,0.5,1,1,AGCTGCATGAGGAGGGGGTA,0,653040
cpxRp2,0.5,1,1,AGCTGCAATGGCCCGATTAG,0,650588
cpxRp2,0.5,1,1,AGCTCGAACCGCTATACCTC,0,672701
cpxRp2,0.5,1,1,AGCTCACCGCACGCTGTGGG,0,697490
cpxRp2,0.5,1,1,AGCTACGTGCGCAGGTCTGC,0,654868
cpxRp2,0.5,1,1,AGCGTTGGAACGACTCAGCA,0,634793
cpxRp2,0.5,1,1,AGCGTTAGTACTTGGCCACT,0,676705
cpxRp2,0.5,1,1,AGCGGACACTTCTCGTTTCG,0,634899
cpxRp2,0.5,1,1,AGCGCGTTTTTTAGTAATAT,0,679955
cpxRp2,0.5,1,1,AGCGCGAACTCCGCCCTGAA,0,642918
cpxRp2,0.5,1,1,AGCGAGCCAGACCAACCGGG,0,670348
cpxRp2,0.5,1,1,AGCGACGGTATACACCTTAG,0,655804
cpxRp2,0.5,1,1,AGCGAAAGAGATAGGTCCTT,0,641117
cpxRp2,0.5,1,1,AGCCTTAATAGAAAGGATGC,0,658096
cpxRp2,0.5,1,1,AGCCTGTACCACGAGGGGAA,0,640051
cpxRp2,0.5,1,1,AGCCTGCTTATCCTAATTAT,0,659788
cpxRp2,0.5,1,1,AGCCTACGAAGTTCCATACG,0,630889
cpxRp2,0.5,1,1,AGCCGTTGCAACCCGTGCTA,0,699849
cpxRp2,0.5,1,1,AGCCCGCGGAGAGCCACCTG,0,644539
cpxRp2,0.5,1,1,AGCCCGAATGCGAGTCGTAG,0,701217
cpxRp2,0.5,1,1,AGCCCCGGTGTTGATCTTCA,0,674986
cpxRp2,0.5,1,1,AGCCCCCTGAACTGACAGTG,0,699243
cpxRp2,0.5,1,1,AGCCCATGAAAAACGATCGA,0,697694
cpxRp2,0.5,1,1,AGCATTTGACGAAACTACAT,0,686236
cpxRp2,0.5,1,1,AGCAGGAGACCTTAGGTCTG,0,659575
cpxRp2,0.5,1,1,AGATTTGCTTGGCCTCTGGT,0,673236
cpxRp2,0.5,1,1,AGATCGGTCTTTGGACACTC,0,641818
cpxRp2,0.5,1,1,AGATAAGTGCGGTTTATCTT,0,646664
cpxRp2,0.5,1,1,AGAGTGGTCAGCCCCTGACA,0,641651
cpxRp2,0.5,1,1,AGAGTGATCCGGAGTGCTTG,0,634111
cpxRp2,0.5,1,1,AGAGGCGTGCCATTTTCGTG,0,708302
cpxRp2,0.5,1,1,AGAGGCGCGCTGGATCGTTG,0,651623
cpxRp2,0.5,1,1,AGAGGCCTCTACATTCCTTA,0,660447
cpxRp2,0.5,1,1,AGAGCTAGGCCACGGTAGGA,0,676327
cpxRp2,0.5,1,1,AGAGCTAAAGAGCGGGCATC,0,651480
cpxRp2,0.5,1,1,AGAGCGCACACGAAACCCTT,0,656760
cpxRp2,0.5,1,1,AGACTTTATTTAAGCTGTAC,0,674512
cpxRp2,0.5,1,1,AGACCGTAGGGCCTCTGTAT,0,647185
cpxRp2,0.5,1,1,AGACCGTACAGCCCCTCCCA,0,701513
cpxRp2,0.5,1,1,AGACCCCAGCGCACGCTTGG,0,702027
cpxRp2,0.5,1,1,AGACCAGATTGATTAGATAT,0,655080
cpxRp2,0.5,1,1,AGACAAGACGGTACAATCTG,0,711822
cpxRp2,0.5,1,1,AGAATGCTAAGCTCTGATAG,0,683541
cpxRp2,0.5,1,1,AGAATACTTGTGACGCTCAT,0,704321
cpxRp2,0.5,1,1,AGAAGCACATTCATGTCCAC,0,709202
cpxRp2,0.5,1,1,AGAACGGATAAATGGTCTAG,0,661872
cpxRp2,0.5,1,1,AGAACGATGGGGTCTCCAAA,0,654814
cpxRp2,0.5,1,1,AGAACCTCGAACAAGATTTC,0,650420
cpxRp2,0.5,1,1,ACTTTGTAAAAGCACTAAAT,0,696231
cpxRp2,0.5,1,1,ACTTTCTTGTACGATCATAA,0,706214
cpxRp2,0.5,1,1,ACTTCGGCCTGATGCACAGG,0,707072
cpxRp2,0.5,1,1,ACTTCCTTCGAAGGACATGA,0,697089
cpxRp2,0.5,1,1,ACTTCACGGTAGGTCAGAAT,0,635462
cpxRp2,0.5,1,1,ACTGTGTTGTCGATCAAGCA,0,667021
cpxRp2,0.5,1,1,ACTGTCATTCACGAAGGTAA,0,658059
cpxRp2,0.5,1,1,ACTGGGGCTGCTAGTAGTGT,0,701769
cpxRp2,0.5,1,1,ACTGGGAGTGACTGCATTTT,0,651929
cpxRp2,0.5,1,1,ACTGGCGGTTTCGTGACAGC,0,711706
cpxRp2,0.5,1,1,ACTGCGTGACTGGGCTTGTT,0,636014
cpxRp2,0.5,1,1,ACTGAATGGTTACGAGCAAC,0,683240
cpxRp2,0.5,1,1,ACTCGGATCGGAATGGACAG,0,633461
cpxRp2,0.5,1,1,ACTCGATTCGACGGACACTA,0,641599
cpxRp2,0.5,1,1,ACTCCGGTCACAACGTGGGC,0,668739
cpxRp2,0.5,1,1,ACTCCCTGACATCGTCCCGT,0,669423
cpxRp2,0.5,1,1,ACTCCATTAAAGGTCATTAG,0,694118
cpxRp2,0.5,1,1,ACTATGGATAACTCCCACCT,0,687423
cpxRp2,0.5,1,1,ACTAGGCGTGAGGGAATATT,0,695966
cpxRp2,0.5,1,1,ACTAGGAGCCGACATAGGCA,0,688021
cpxRp2,0.5,1,1,ACTAGCCTCTATTAACTGGG,0,673142
cpxRp2,0.5,1,1,ACTACGGAGGTTGCACCTTT,0,706844
cpxRp2,0.5,1,1,ACTACACCGTGGAGAGATTC,0,696429
cpxRp2,0.5,1,1,ACTAAGGGCCACAGAGTCTC,0,633734
cpxRp2,0.5,1,1,ACTAAATAGGCGACTCGCGT,0,705386
cpxRp2,0.5,1,1,ACGTTTAGACCTCTATGAAC,0,669683
cpxRp2,0.5,1,1,ACGTTCTTCTGGCAGAAGGG,0,677801
cpxRp2,0.5,1,1,ACGTTCTACGCCAGTCTTCT,0,679121
cpxRp2,0.5,1,1,ACGTTCCCGACGCCTACGTT,0,708753
cpxRp2,0.5,1,1,ACGTGGGACTCCAGTGGTTC,0,658690
cpxRp2,0.5,1,1,ACGTGATGTAGTTTCTACCA,0,694312
cpxRp2,0.5,1,1,ACGTAACGTACTCCGGGCGG,0,672656
cpxRp2,0.5,1,1,ACGGGTCCCGTTCAATCGTT,0,703779
cpxRp2,0.5,1,1,ACGGGGTCCGATATCATCGC,0,651853
cpxRp2,0.5,1,1,ACGGGGTAATAACACTTGTG,0,683235
cpxRp2,0.5,1,1,ACGGGCTTCGACTCTTCTGG,0,641517
cpxRp2,0.5,1,1,ACGGCCTTGTCAACCGGACT,0,692745
cpxRp2,0.5,1,1,ACGGAGTGTTTGTCTTCGGA,0,688523
cpxRp2,0.5,1,1,ACGGAGTGTATAGCTGCCAT,0,682013
cpxRp2,0.5,1,1,ACGGAATATGGCGTGAGTTG,0,709509
cpxRp2,0.5,1,1,ACGGAAGCAAGGAGCCGACG,0,681972
cpxRp2,0.5,1,1,ACGGAAAGTGGTTTGGTGGT,0,656808
cpxRp2,0.5,1,1,ACGCTTGGATCAGTGCGAAC,0,674622
cpxRp2,0.5,1,1,ACGCTCGCTAGGAAGATCAT,0,703816
cpxRp2,0.5,1,1,ACGCTATATAAAACTTTTTG,0,652833
cpxRp2,0.5,1,1,ACGCTAAAATTCATTGTATG,0,671967
cpxRp2,0.5,1,1,ACGCGGATGGGGGCGTTATG,0,672441
cpxRp2,0.5,1,1,ACGCCCCCACAACAATTTCT,0,633509
cpxRp2,0.5,1,1,ACGCAGATATCGGGTCAACC,0,680857
cpxRp2,0.5,1,1,ACGATTCTTTCACCTCATTT,0,651533
cpxRp2,0.5,1,1,ACGATACGCAGTTACCGACC,0,670147
cpxRp2,0.5,1,1,ACGAGGCAAGGATGACAATA,0,662073
cpxRp2,0.5,1,1,ACGACTAATCGGCGAACGGA,0,694276
cpxRp2,0.5,1,1,ACGACACTTAATTGAGTTGT,0,712200
cpxRp2,0.5,1,1,ACGAACTTGGTGTTAGAAAC,0,682372
cpxRp2,0.5,1,1,ACCTTTTTAGGTCTGGTGCG,0,693152
cpxRp2,0.5,1,1,ACCTGTAGTAAGTTCACTAA,0,684188
cpxRp2,0.5,1,1,ACCTCAATGGCCTAAGATGG,0,690866
cpxRp2,0.5,1,1,ACCGTGTAAACGAGCAATGG,0,638289
cpxRp2,0.5,1,1,ACCGTATGCTCAGCTCAAAC,0,705712
cpxRp2,0.5,1,1,ACCGGGCCCGAGCCAAAGAC,0,644357
cpxRp2,0.5,1,1,ACCGCCAAACACGCCGTTTA,0,673778
cpxRp2,0.5,1,1,ACCGCATCGTCATGGAGGAG,0,655694
cpxRp2,0.5,1,1,ACCGATGGGTGAGCTTTGGG,0,668173
cpxRp2,0.5,1,1,ACCGATCATTGCGAATAGTT,0,646045
cpxRp2,0.5,1,1,ACCCTGATCACTTAACGTTT,0,662456
cpxRp2,0.5,1,1,ACCCTAGGACAGGTAACAAA,0,654633
cpxRp2,0.5,1,1,ACCCGCCCAAGCTTTTGTAC,0,648729
cpxRp2,0.5,1,1,ACCCAGCCTGACGGAGTCGG,0,643770
cpxRp2,0.5,1,1,ACCCACTCTCTCGCGGTTAC,0,631442
cpxRp2,0.5,1,1,ACCACACTTGGACTACTCCC,0,629986
cpxRp2,0.5,1,1,ACCAAGGAACGCTGATCTTT,0,698891
cpxRp2,0.5,1,1,ACCAAAATGACGACCTTAGC,0,700649
cpxRp2,0.5,1,1,ACATTGGCTTATCTTGACAA,0,655943
cpxRp2,0.5,1,1,ACATCTCTACGACATCGTAG,0,691604
cpxRp2,0.5,1,1,ACATCGTATTTGCTGCCTAT,0,701345
cpxRp2,0.5,1,1,ACATCCAGCGCCTCATCACG,0,703670
cpxRp2,0.5,1,1,ACATATCGGGCTCTCTACCT,0,629673
cpxRp2,0.5,1,1,ACATAATGCGGCCTCGCCAA,0,641907
cpxRp2,0.5,1,1,ACAGGTCAATGCTTGTTTCC,0,692625
cpxRp2,0.5,1,1,ACAGGGGACAACCACGGTCA,0,674465
cpxRp2,0.5,1,1,ACAGCAGGTTTGGTTCGTTC,0,693744
cpxRp2,0.5,1,1,ACAGACGTCCGTATCGACGC,0,706166
cpxRp2,0.5,1,1,ACACTTGAACACTGCCAGAC,0,710722
cpxRp2,0.5,1,1,ACACTAGCAAGCTGACAGTC,0,694322
cpxRp2,0.5,1,1,ACACGTTCATTTGGGTGTAT,0,638011
cpxRp2,0.5,1,1,ACACGGCTAACGGAGTTTGG,0,636653
cpxRp2,0.5,1,1,ACACGCTGTCTATAATATAT,0,632706
cpxRp2,0.5,1,1,ACACCTGAGCCATAGGCAGC,0,654909
cpxRp2,0.5,1,1,ACACCCCATACCCGCACCTT,0,667411
cpxRp2,0.5,1,1,ACACATGCGATAGACAGGCC,0,684568
cpxRp2,0.5,1,1,ACACAATTAGTTCCCGCCTA,0,705520
cpxRp2,0.5,1,1,ACAAGCGAAGATGCTCCTTG,0,660621
cpxRp2,0.5,1,1,ACAAGATACTAGGGACGAGC,0,663418
cpxRp2,0.5,1,1,ACAACTCGCGTTCACTGAGT,0,678710
cpxRp2,0.5,1,1,ACAACGAATGCACTCGGACT,0,657916
cpxRp2,0.5,1,1,AATTTAAGGATACTGAAAGC,0,701617
cpxRp2,0.5,1,1,AATTGGGTAATGGATCTGGG,0,670097
cpxRp2,0.5,1,1,AATTGGAGCGTGTGCATGCA,0,686903
cpxRp2,0.5,1,1,AATTGCAGGTGCGTGTGAGC,0,657257
cpxRp2,0.5,1,1,AATTGATCGCAGCGACACGA,0,664633
cpxRp2,0.5,1,1,AATTATGATTGTGGCTATGT,0,645860
cpxRp2,0.5,1,1,AATGTGGGGTTGACGCTTAC,0,671394
cpxRp2,0.5,1,1,AATGCTACCCACATGCTTCA,0,648323
cpxRp2,0.5,1,1,AATGCAATGTACCCCGCGCA,0,661252
cpxRp2,0.5,1,1,AATGATATAGCCGTCCCGTC,0,691061
cpxRp2,0.5,1,1,AATCTTATCTTAACGCACTT,0,671367
cpxRp2,0.5,1,1,AATCTGTGCTGATACTTAGG,0,701033
cpxRp2,0.5,1,1,AATCTCGTCTACTTACAGCC,0,665628
cpxRp2,0.5,1,1,AATCCGTCCCCTGAACCTTG,0,653270
cpxRp2,0.5,1,1,AATCCGGTCTGGGATCCTGA,0,695450
cpxRp2,0.5,1,1,AATCACCCGACAAGGAGTTA,0,647099
cpxRp2,0.5,1,1,AATATCGCTCTTTGGGTCCC,0,671847
cpxRp2,0.5,1,1,AATATCCAATGGCAAAGACT,0,635155
cpxRp2,0.5,1,1,AATATAAGGTCTTGGTTATG,0,674765
cpxRp2,0.5,1,1,AATAGTGGTTCGTAAACGCT,0,697500
cpxRp2,0.5,1,1,AATAGATTCGTTCCCCGTGC,0,653414
cpxRp2,0.5,1,1,AATAGAAGTGGTTCCTGTGC,0,698103
cpxRp2,0.5,1,1,AATACTTATCTCACAATTTG,0,679354
cpxRp2,0.5,1,1,AATACTAACGCGAATAGTAG,0,656060
cpxRp2,0.5,1,1,AATACCATGGCTTCAATGGA,0,686724
cpxRp2,0.5,1,1,AATACATAGGACGACGATTT,0,665085
cpxRp2,0.5,1,1,AATAATATTGATCCAGAGAC,0,679285
cpxRp2,0.5,1,1,AATAATAGAACTTTGGGAGC,0,634205
cpxRp2,0.5,1,1,AATAATAAGAATAGAGATGC,0,657986
cpxRp2,0.5,1,1,AATAAATAGTACACAATGGT,0,676083
cpxRp2,0.5,1,1,AAGTTTTAAATTCCACTCCC,0,664597
cpxRp2,0.5,1,1,AAGTTCCACGGGACCGGGTT,0,689656
cpxRp2,0.5,1,1,AAGTGTCATGTTTTGCTAAT,0,687106
cpxRp2,0.5,1,1,AAGTGCTGGCGATCACGTGG,0,708488
cpxRp2,0.5,1,1,AAGTCGCCAGTAGGCTGTTA,0,683226
cpxRp2,0.5,1,1,AAGTCATAGCGTAATAAGTA,0,684976
cpxRp2,0.5,1,1,AAGTATTATGGGCATGCATC,0,711503
cpxRp2,0.5,1,1,AAGTAGGATGAGATATCAGT,0,709212
cpxRp2,0.5,1,1,AAGTAATAGGTTTTCTAAAT,0,648619
cpxRp2,0.5,1,1,AAGTAAGTGAGAGCGCAGCT,0,706751
cpxRp2,0.5,1,1,AAGTAAGAGCTATTACACGG,0,703937
cpxRp2,0.5,1,1,AAGGTTTCTGGTGGGGCCAC,0,705495
cpxRp2,0.5,1,1,AAGGTAGAAAAAGTTTCTAC,0,657217
cpxRp2,0.5,1,1,AAGGGTTCATAAGGAACTCA,0,699872
cpxRp2,0.5,1,1,AAGGGTCCTTTCTGGCCAAA,0,650770
cpxRp2,0.5,1,1,AAGGGCTGTATGGCCAACTG,0,689651
cpxRp2,0.5,1,1,AAGGCGCGCAGTGTCGCTTA,0,670149
cpxRp2,0.5,1,1,AAGCTTGTGTCATCTGTGGA,0,706910
cpxRp2,0.5,1,1,AAGCCTCTCTACTTGTCGAA,0,633973
cpxRp2,0.5,1,1,AAGCAGGCGATTTTCCACTT,0,636748
cpxRp2,0.5,1,1,AAGCACTGATAACGAGTACT,0,670938
cpxRp2,0.5,1,1,AAGCAAGGGGCAGGCTATCC,0,709492
cpxRp2,0.5,1,1,AAGATTGGGGTCCATACAAT,0,697822
cpxRp2,0.5,1,1,AAGATCCCGATGGGTGCCCC,0,644666
cpxRp2,0.5,1,1,AAGAGCCTGAAGAGGAATTA,0,646551
cpxRp2,0.5,1,1,AAGAGAAAGCTCGCAGCGTT,0,692870
cpxRp2,0.5,1,1,AAGACGGAACAGAATTGGTG,0,633261
cpxRp2,0.5,1,1,AAGACCTGCCCCCACTGGTC,0,638494
cpxRp2,0.5,1,1,AAGACCCACAGAGGGTGAGG,0,680001
cpxRp2,0.5,1,1,AAGAATATGTGAGAGAAGGT,0,668907
cpxRp2,0.5,1,1,AAGAACTGTGTGTGAGTTCT,0,631263
cpxRp2,0.5,1,1,AACTTGGTAGTCTTTAACCT,0,648958
cpxRp2,0.5,1,1,AACTGGTGAGAGACACACCT,0,704750
cpxRp2,0.5,1,1,AACTGAGGTTTCTGCGTCTA,0,671769
cpxRp2,0.5,1,1,AACTCGTGGGGATCCATGTG,0,633995
cpxRp2,0.5,1,1,AACGTTGGGCTGTGGAGTAT,0,675580
cpxRp2,0.5,1,1,AACGGGGAGTGGCACAGCGC,0,689434
cpxRp2,0.5,1,1,AACGGCCCTTTATACCTGAA,0,631534
cpxRp2,0.5,1,1,AACGGAATTGGATGTCGGCA,0,642064
cpxRp2,0.5,1,1,AACGCTCCCCCCGCGTATCA,0,694303
cpxRp2,0.5,1,1,AACGCGACGTCGGTGATTCT,0,706226
cpxRp2,0.5,1,1,AACGAGAAGACTAATCTAGA,0,690085
cpxRp2,0.5,1,1,AACGAACGGCTGTGCCTCCA,0,633929
cpxRp2,0.5,1,1,AACCTATCAGTTTCTTCATG,0,650909
cpxRp2,0.5,1,1,AACCAGGGCTGTGGAAGTTA,0,674443
cpxRp2,0.5,1,1,AACATGACCGTCGATTTTGT,0,674541
cpxRp2,0.5,1,1,AACAGACCTATAGGGCACGA,0,657087
cpxRp2,0.5,1,1,AACAATCCTTCTCGTTTTAG,0,653802
cpxRp2,0.5,1,1,AAATTTCGGGCATAATCAGG,0,684544
cpxRp2,0.5,1,1,AAATTCTGAGGAATCCGTAT,0,670328
cpxRp2,0.5,1,1,AAATTCTAATGCTTCTTTCA,0,651551
cpxRp2,0.5,1,1,AAATTAACGTAGCGGTGAGG,0,634004
cpxRp2,0.5,1,1,AAATGTCGCACTTCACAGTC,0,640933
cpxRp2,0.5,1,1,AAATGCACTTCGCCCGTGGG,0,630789
cpxRp2,0.5,1,1,AAATGATAATTGATTCTTAA,0,634478
cpxRp2,0.5,1,1,AAATCCAGGTCACTGGAGGG,0,656310
cpxRp2,0.5,1,1,AAATATGTGGAATTAACGGG,0,695660
cpxRp2,0.5,1,1,AAATACCGCCCAGCGACTGA,0,688740
cpxRp2,0.5,1,1,AAATACAGCCGGGATGTCCC,0,644792
cpxRp2,0.5,1,1,AAAGGGGTTAGCCGTCGATG,0,696337
cpxRp2,0.5,1,1,AAAGGGAGAAAGGTGAGTCA,0,644266
cpxRp2,0.5,1,1,AAAGGCAATATCATTCACGT,0,632674
cpxRp2,0.5,1,1,AAAGCTACGGCGCGTTATCG,0,687154
cpxRp2,0.5,1,1,AAAGCATGTCAGGAGGGCTC,0,632498
cpxRp2,0.5,1,1,AAAGAGAATGCATATATTTG,0,678259
cpxRp2,0.5,1,1,AAACTAAGTGGATCGGAAGG,0,633797
cpxRp2,0.5,1,1,AAACGTGGGGTCGGATAAGG,0,698947
cpxRp2,0.5,1,1,AAACGCTTAGGATCCCCATT,0,671487
cpxRp2,0.5,1,1,AAACACTTTGATCTCTTCTC,0,685834
cpxRp2,0.5,1,1,AAAATTCGTTAAACAGTACT,0,656935
cpxRp2,0.5,1,1,AAAATCCAAATAAGAAGCCA,0,682197
cpxRp2,0.5,1,1,AAAAGGCTCAGGAGGGTGCA,0,659319
cpxRp2,0.5,1,1,AAAACCTAAGCGTTTCATGC,0,658184
cpxRp2,83.0,82,0,GAAAGACGGACGGGACTGCC,82,661322
cpxRp2,49.0,48,0,TCGAGATTCCGCGGCCTTGG,48,709683
cpxRp2,44.0,43,0,ACCCGCAACTTCACAACACT,43,637165
cpxRp2,43.0,42,0,TTAATGGCTATGGTCCCCTT,42,709978
cpxRp2,43.0,42,0,AAAGCGCTCTTACCTTTTGG,42,712442
cpxRp2,41.0,40,0,AATTTTAAAAGTGCCTATTG,40,661308
cpxRp2,39.0,38,0,CTGTCCGAACGGAAGTTATA,38,647065
cpxRp2,38.0,37,0,GGATGGGAGTGGTACACCAT,37,673057
cpxRp2,37.0,36,0,TAAATCGCATACTGCATCTG,36,663657
cpxRp2,35.0,34,0,CGTCGTCGTAAAATCGCCAT,34,708247
cpxRp2,34.0,33,0,ACGTGAGTAAGTGGAAATAG,33,708612
cpxRp2,33.0,32,0,ATTTCGTATAACCCTGAGGT,32,710001
cpxRp2,31.0,30,0,GGCTTCCTCTCGTTACTCGT,30,642145
cpxRp2,31.0,30,0,CTTAACCCTCTGCTGTGCCC,30,682880
cpxRp2,31.0,30,0,CACGATGTTTAGGAGCACAT,30,661314
cpxRp2,30.0,29,0,TCGATAGTCTGGGATCACGA,29,642108
cpxRp2,29.0,28,0,GGGAAGGCAAGCGTTCGGTT,28,661304
cpxRp2,29.0,28,0,CTGGTTTGGTATACAGACCG,28,659400
cpxRp2,29.0,28,0,CTGGGTCATAGATAAAATTC,28,652911
cpxRp2,29.0,28,0,AGATAAGCAGTAAAAGCGTC,28,667219
cpxRp2,28.0,27,0,GGGGAACCTGTTATACATGC,27,645711
cpxRp2,28.0,27,0,CCCGTGGACTCGTTTTCCTA,27,676541
cpxRp2,28.0,27,0,AAGCCAAAAACGGAGAGTAC,27,712431
cpxRp2,27.0,26,0,CTTCGTTTGAGATTTGTGCC,26,657947
cpxRp2,27.0,26,0,ATCTGTCTCTCCAGCTATCC,26,647700
cpxRp2,26.0,25,0,GCGGGTATAGTTGTGTGAAT,25,708249
cpxRp2,26.0,25,0,ACCTCTGTATATCACTTGCA,25,712100
cpxRp2,26.0,25,0,ACATCCCCTAGGCAATATAG,25,640881
cpxRp2,25.0,24,0,TGTGTTCGTTTCTCCCGGTA,24,690750
cpxRp2,25.0,24,0,TAAACTGTTAGAAGGTGCAG,24,709973
cpxRp2,25.0,24,0,GGCTCGTCTCAGAGTTGTGC,24,635988
cpxRp2,25.0,24,0,CCCAAGTGGCCAGCAAGAAA,24,675493
cpxRp2,25.0,24,0,AGCTGAGGTTACGGCGGCTT,24,694549
cpxRp2,25.0,24,0,AACACCATTAAGAGGTGCGG,24,688775
cpxRp2,24.0,23,0,TGTGTCGGTCCGGGGCTCTA,23,697947
cpxRp2,24.0,23,0,CGCGGAAGCCCTACCAATCA,23,685190
cpxRp2,24.0,23,0,CGAGCGACTCGGACACTATC,23,641053
cpxRp2,23.0,22,0,TTGCCGAGCGGATGAGCCCC,22,662502
cpxRp2,23.0,22,0,TCGGATTATCCCACAGTTTA,22,645790
cpxRp2,23.0,22,0,TATTAGTGGTTCCGTAGATT,22,662852
cpxRp2,22.0,21,0,CTTTTGCCGGTATAATTACA,21,637522
cpxRp2,22.0,21,0,CTACTGGGCGGACTTCCGCG,21,691078
cpxRp2,22.0,21,0,CAAAATTTGAGAGCTGTGGA,21,645818
cpxRp2,22.0,21,0,AGAGTGACGTCATGCAACTG,21,688779
cpxRp2,21.0,20,0,TGGTACCACGCAAATCATAT,20,643225
cpxRp2,21.0,20,0,CTGCCTATCTGGCCTTGGCC,20,673046
cpxRp2,21.0,20,0,CGCGGGTGCGGCAACCAAGG,20,664224
cpxRp2,21.0,20,0,CGCCTACCAAGCCACCTTAC,20,708702
cpxRp2,21.0,20,0,ATAAGCAGATTCCGGCGGAG,20,657663
cpxRp2,21.0,20,0,AGGTCCTGGTTGTGCGCGAA,20,638726
cpxRp2,20.0,19,0,TCATTACAAGTAGATAGTCA,19,704088
cpxRp2,20.0,19,0,GAGGTCCCGCAAGCATTGTC,19,692374
cpxRp2,20.0,19,0,AGTTCAATCCGACCCAACGA,19,705173
cpxRp2,19.0,18,0,TGAAGCCAATAGTGTGAGGA,18,672791
cpxRp2,19.0,18,0,GGTCGAATGCGTAGGCGGAC,18,661042
cpxRp2,19.0,18,0,CCTGCCCTTCCGGAGCGATT,18,658882
cpxRp2,19.0,18,0,ACGGTGCAGAAGTCATATTT,18,693950
cpxRp2,18.0,17,0,TTTTGTCCAGAAGCTGATCG,17,690403
cpxRp2,18.0,17,0,TTTGATCCACCATTCATCTC,17,666167
cpxRp2,18.0,17,0,GTAAAACCCAAGTAACAATT,17,640898
cpxRp2,18.0,17,0,GATGAATTGTTTTAATTGGT,17,690576
cpxRp2,18.0,17,0,CTTAACAAATCCGAGAACAG,17,705086
cpxRp2,18.0,17,0,CTCAAGTGGTGAGTTGGTCC,17,660672
cpxRp2,18.0,17,0,CGTAGATTCGTGAGTGTGGT,17,638500
cpxRp2,18.0,17,0,AGAATAGTGATTGGAGTAAT,17,678802
cpxRp2,18.0,17,0,ACTGTATGGAATTGCGTTGC,17,685982
cpxRp2,17.0,16,0,TTCGTATGTAGTCGGGAACC,16,676529
cpxRp2,17.0,16,0,TCCGTACGAACTGAAGTGCG,16,707782
cpxRp2,17.0,16,0,TACAATCAATAGCGGGCTCA,16,704980
cpxRp2,17.0,16,0,GGACTGATCACAGGCAGCTA,16,684463
cpxRp2,17.0,16,0,GCGGTGGCATCCCGGGCGAC,16,672277
cpxRp2,17.0,16,0,GATTGCCCAGGCCCCTCAAT,16,709122
cpxRp2,17.0,16,0,CTGGGGGGTCAGTTCCAGTT,16,651602
cpxRp2,17.0,16,0,CTGACACTAACCGTGCCGAC,16,640299
cpxRp2,17.0,16,0,CGAAGGGTGTTCCCTCATGC,16,683354
cpxRp2,17.0,16,0,CGAACTAATGGAGCGATACC,16,652343
cpxRp2,17.0,16,0,ATGGACATCGATGTTTATTT,16,637164
cpxRp2,17.0,16,0,ATGCCCCGGCTCGAGCGAGG,16,688772
cpxRp2,17.0,16,0,ATCTCTGTTTAATGCTGTGA,16,666587
cpxRp2,17.0,16,0,AGCCTCCCAGTAGATCAGTA,16,689370
cpxRp2,17.0,16,0,ACCATAAATAACTCCTTGGG,16,687190
cpxRp2,17.0,16,0,AAACTTATGTGGTCCCCAGT,16,711742
cpxRp2,16.0,15,0,TTCCAATGTTTTTTTGGACA,15,663594
cpxRp2,16.0,15,0,TGGGTTGGCTGATGGAGATG,15,688019
cpxRp2,16.0,15,0,TGGCGCCCTCCTTGCGGTTC,15,709073
cpxRp2,16.0,15,0,TGGCCAAGGTGAACGGTTTT,15,702474
cpxRp2,16.0,15,0,TCTTAGCAGGGCTCGTAAGG,15,645720
cpxRp2,16.0,15,0,TCTGAGCCTCCAAGATAGAG,15,659749
cpxRp2,16.0,15,0,TCTAGCTGCAAACTTTGCTC,15,651611
cpxRp2,16.0,15,0,TCTAAAGTGGCGCTCGTCGG,15,659373
cpxRp2,16.0,15,0,TCAGCTTACTTAACGCATAC,15,677966
cpxRp2,16.0,15,0,GTAAAGGATTAGGCCCCACG,15,678495
cpxRp2,16.0,15,0,GGTCATTAGAGACAAATCTC,15,712333
cpxRp2,16.0,15,0,CGCCGCGTTTTCAATAGGTT,15,642893
cpxRp2,16.0,15,0,CCTTTATTCGTCATTTTGGC,15,640505
cpxRp2,16.0,15,0,ATCTTCCTCGAACCTTGCTC,15,670856
cpxRp2,16.0,15,0,AGTTGAATACGCCGACTGTT,15,684231
cpxRp2,16.0,15,0,ACATCTTTTTATTTAAGTCG,15,666129
cpxRp2,16.0,15,0,AAGAGTTACTACCATTTTAG,15,653919
cpxRp2,16.0,15,0,AAAGTCAACAAACCGGTCCT,15,676968
cpxRp2,15.0,14,0,TTTGGTTTGGGATCGTACAA,14,712340
cpxRp2,15.0,14,0,TTACTTTATGACAGGCTTCC,14,690573
cpxRp2,15.0,14,0,TTAAAGAGATGCGAGTGCCG,14,670172
cpxRp2,15.0,14,0,TGGGATGGCAAGGCCGGAGA,14,636018
cpxRp2,15.0,14,0,TAGCAGACACGCTGGGGTCC,14,696007
cpxRp2,15.0,14,0,GTCCCCGTCCTACCTTACAC,14,704093
cpxRp2,15.0,14,0,GGTCAGTAGACTTAACGGGA,14,711302
cpxRp2,15.0,14,0,GCTCCATGTGAGGGGTTTGA,14,643228
cpxRp2,15.0,14,0,GCCTGTTGTACGGATAGACC,14,699532
cpxRp2,15.0,14,0,GATCCTTCCCTAGAGTTCCA,14,640565
cpxRp2,15.0,14,0,CGAAGGTATGGCTCGGTTCA,14,662772
cpxRp2,15.0,14,0,CCTCGCCCGCTTTCGAGCGT,14,685589
cpxRp2,15.0,14,0,CCGACCGTTCCAGTAATTTG,14,706959
cpxRp2,15.0,14,0,ACCTTGTCTGATGGTTTGAT,14,676521
cpxRp2,14.0,13,0,TGCGACCATGCGACCGAAAA,13,674686
cpxRp2,14.0,13,0,TGAGTAAATAATTTTCGCGG,13,705609
cpxRp2,14.0,13,0,TCTCTCCTCTAACTTTCTAA,13,689209
cpxRp2,14.0,13,0,TCGCTAGACCCGGTTGGCCC,13,695361
cpxRp2,14.0,13,0,TCAAATGTCCCAATGACATA,13,633005
cpxRp2,14.0,13,0,TACGCCTGATTACGGTAAAT,13,642268
cpxRp2,14.0,13,0,GTGTCCAAACAGAACGTAAG,13,666593
cpxRp2,14.0,13,0,GTGGGATGTCGCTTGCTTTT,13,694973
cpxRp2,14.0,13,0,GTGCTGGCGTGGTTGTCCGA,13,666583
cpxRp2,14.0,13,0,GGTTACGGCCTCATTTAGGA,13,648291
cpxRp2,14.0,13,0,GGGATCGTCCGACACTACAA,13,641049
cpxRp2,14.0,13,0,GGAGGTGGAACTCGCGTTGC,13,654709
cpxRp2,14.0,13,0,GCTATATCTCTGGCTGCAGA,13,678308
cpxRp2,14.0,13,0,GCGATTGGTTTAGTTCTAAA,13,667964
cpxRp2,14.0,13,0,GATTTAGTCGTGACGAGACC,13,636010
cpxRp2,14.0,13,0,CTAGAGTTGTAGTTGCGTAC,13,701283
cpxRp2,14.0,13,0,CGTGACTCTCGTACCGCACA,13,688784
cpxRp2,14.0,13,0,CGGAGTCCATAATCACCTAG,13,637713
cpxRp2,14.0,13,0,ATTCCTAATTTGCGCGACGC,13,685468
cpxRp2,14.0,13,0,ATGAGCTTCTGCCCGTTAGT,13,649010
cpxRp2,14.0,13,0,ATCGTTATGGTTTTTAAAGA,13,654809
cpxRp2,14.0,13,0,ACATATCGCAACGCGGTTGC,13,679849
cpxRp2,14.0,13,0,AACTGACAGGATAAGTTGCT,13,661413
cpxRp2,14.0,13,0,AAACCAGGTTGCCCCTTAAT,13,664692
cpxRp2,13.0,12,0,TTTATGCGGCCGCAACTAGA,12,650867
cpxRp2,13.0,12,0,TTGAGGTGACCTGTGCCCTC,12,674539
cpxRp2,13.0,12,0,TTCCATTCCTCTAGCCCAAA,12,681276
cpxRp2,13.0,12,0,TTATACCTCCGATAGTAAGG,12,641020
cpxRp2,13.0,12,0,TGTTCGAAACACGCCCGGAA,12,651348
cpxRp2,13.0,12,0,TCCACGACCTCATTCTTCGA,12,677482
cpxRp2,13.0,12,0,TATGGCATCAGGATGGACGA,12,702823
cpxRp2,13.0,12,0,GGCTGATCCTCTGCAATCCA,12,712140
cpxRp2,13.0,12,0,GAGCTGGATGATTGAAGCCC,12,690338
cpxRp2,13.0,12,0,GACTATAACAATTTTGTACG,12,698625
cpxRp2,13.0,12,0,CGGACTCGTGTCTAAGCTGT,12,670512
cpxRp2,13.0,12,0,CGCCGGCTAATAGACCGCAT,12,637521
cpxRp2,13.0,12,0,CGAAGTGTTCTCGAAGACAA,12,698389
cpxRp2,13.0,12,0,CCGTGGCGTTGTTGAGACAT,12,633905
cpxRp2,13.0,12,0,CCAGGCGGCTCATTCATTTT,12,677432
cpxRp2,13.0,12,0,CATACATGCGGTGAGTCCCA,12,684133
cpxRp2,13.0,12,0,CATAAATCGGTGCATATCAA,12,708715
cpxRp2,13.0,12,0,CAAGGAATGGTCGCTGATGA,12,708251
cpxRp2,13.0,12,0,CAAAAGTAGGACTCCAAGAC,12,652928
cpxRp2,13.0,12,0,AGCGCGCTGTACTTTGTGTA,12,652684
cpxRp2,13.0,12,0,AGACGACAACTCCACACTCT,12,657291
cpxRp2,13.0,12,0,ACCGTTGATTGAAATGGCAT,12,693453
cpxRp2,13.0,12,0,ACATCTGAATCGTCCTCTTT,12,698741
cpxRp2,13.0,12,0,ACAAGCTACCTGGGCGGGAA,12,697809
cpxRp2,13.0,12,0,AATACTGATCAATGGAATAA,12,708017
cpxRp2,12.0,11,0,TTTATCATCATAACTTCCTG,11,633916
cpxRp2,12.0,11,0,TTAGCGCCGAACCCTACGAA,11,705837
cpxRp2,12.0,11,0,TCGGTTGGCTAACTTCTGGC,11,671538
cpxRp2,12.0,11,0,TCGGACACCACGTCTACATG,11,704351
cpxRp2,12.0,11,0,TCCTATCCGGATAACGGTAC,11,683617
cpxRp2,12.0,11,0,TCAAAAGATAGAAGTATGAT,11,712081
cpxRp2,12.0,11,0,TACTTCTGACAGCGACTACC,11,682361
cpxRp2,12.0,11,0,GTTCTGTGATACAAACCTAC,11,637839
cpxRp2,12.0,11,0,GGGTCGGATAACTGAAGGAT,11,677112
cpxRp2,12.0,11,0,GGCGTGTGGCCAGAGAACCA,11,683293
cpxRp2,12.0,11,0,GCTTGTCTGCGCACAAGCCA,11,691582
cpxRp2,12.0,11,0,GCGCCCGGTTGAATTGCGCG,11,681453
cpxRp2,12.0,11,0,GCCGCAATCCGGGTTAGCCT,11,663447
cpxRp2,12.0,11,0,GCCAGGCGAGTATCGGCCTG,11,671226
cpxRp2,12.0,11,0,GAGGATAGACTCCAACTGTG,11,688015
cpxRp2,12.0,11,0,GACGCTAATGAAGGCCTCAT,11,657820
cpxRp2,12.0,11,0,CTCTAGCACCTGCATAATGC,11,676570
cpxRp2,12.0,11,0,CGTTTGGCACAGGTATGGGA,11,703238
cpxRp2,12.0,11,0,CGTAAAAGCGCCCGCTTTAT,11,690527
cpxRp2,12.0,11,0,CCAACCCGGAAAAGCTCGAT,11,636722
cpxRp2,12.0,11,0,CATTGTGTGGTTCATGTGCT,11,674080
cpxRp2,12.0,11,0,CAGATGTTGCTTGATGCCGA,11,679707
cpxRp2,12.0,11,0,ATGTGTACAGTTATCGCAAT,11,652887
cpxRp2,12.0,11,0,ATGGTCGCTCACGACCCAGC,11,677964
cpxRp2,12.0,11,0,ATCGGTATACAGGCTGCAAT,11,642452
cpxRp2,12.0,11,0,ATATTATACACTGTGTGCAA,11,636414
cpxRp2,12.0,11,0,ATAGACAGATGACTAGAGAT,11,680248
cpxRp2,12.0,11,0,AGCCATGCAGGGAAGGAGAG,11,671151
cpxRp2,12.0,11,0,AGAGGATGACTCTGTCCCAG,11,681643
cpxRp2,12.0,11,0,AATGATGGATTAAAGCCTAC,11,668640
cpxRp2,12.0,11,0,AATCCGTTGAAACACGAAGA,11,678791
cpxRp2,12.0,11,0,AAGAGGGACTGAGTACGGCA,11,672253
cpxRp2,12.0,11,0,AACTTTAGTTTGACTGGATA,11,705853
cpxRp2,12.0,11,0,AACTGTACGGGTATCCAATC,11,643807
cpxRp2,12.0,11,0,AACAGGTCTCACACGCCCTG,11,700396
cpxRp2,12.0,11,0,AAAAGAGGCTCCGGCGACAT,11,710017
cpxRp2,11.0,10,0,TTTCGGCACTCGGATGAAAT,10,677968
cpxRp2,11.0,10,0,TTTCCTGTGTTAATCGTCTA,10,684803
cpxRp2,11.0,10,0,TTAAAGGTTTCAGCCCACAT,10,704674
cpxRp2,11.0,10,0,TGATATATAGAGGCATTGGG,10,676626
cpxRp2,11.0,10,0,TGAGGTTTGTTAGCCTAGAC,10,675511
cpxRp2,11.0,10,0,TGACTTTGTAAAACGAGTTT,10,661351
cpxRp2,11.0,10,0,TCGCCGAGCGTCTTTCGTAA,10,692262
cpxRp2,11.0,10,0,TATTTTCGACCCTTGTCGAG,10,681732
cpxRp2,11.0,10,0,TATTCACAGTCGCGATAGTA,10,659421
cpxRp2,11.0,10,0,TACTTGTGGCATCAATAAAG,10,683900
cpxRp2,11.0,10,0,GTTTCTCATACGTTGAGTAA,10,702726
cpxRp2,11.0,10,0,GTGTATCTGACCGTGTGAGT,10,690536
cpxRp2,11.0,10,0,GTACCCGATCCCAGGTGTTC,10,679398
cpxRp2,11.0,10,0,GGTTACGCACCTGGATAGGC,10,656618
cpxRp2,11.0,10,0,GGGTAAAACGCCCGAAAGGA,10,661333
cpxRp2,11.0,10,0,GGGCACTCCGGGGATCTTAC,10,666780
cpxRp2,11.0,10,0,GGCACGGCATCAGCTACAAT,10,693503
cpxRp2,11.0,10,0,GCTAGAGCCAAACGTAGTAA,10,633826
cpxRp2,11.0,10,0,GCGTTAAGGATCGAGCCCCA,10,660632
cpxRp2,11.0,10,0,GCATCTAATTGAGAAATTCA,10,693578
cpxRp2,11.0,10,0,GCAGTTCCTCATCGCCGACA,10,703503
cpxRp2,11.0,10,0,GATCGGTCCATGGGCTCACG,10,651956
cpxRp2,11.0,10,0,GACAGTTGAGTGATGGGGCG,10,670229
cpxRp2,11.0,10,0,CTTTCCAAAAAGGTTACATT,10,671955
cpxRp2,11.0,10,0,CTTCAGAATCGAAGAGCCAG,10,680270
cpxRp2,11.0,10,0,CTGAAACGGCTGCAAAACGA,10,657162
cpxRp2,11.0,10,0,CTAAACCGTGAGATGCACAG,10,704454
cpxRp2,11.0,10,0,CGGGGGGGGTTGTTGGCGGC,10,644277
cpxRp2,11.0,10,0,CGGCAGTCGGTTTTGTAACA,10,669810
cpxRp2,11.0,10,0,CGGCAGGTACTCCAGGCAAG,10,647702
cpxRp2,11.0,10,0,CGATTGTCACAGCAGAACCA,10,679089
cpxRp2,11.0,10,0,CGAGTTGTTCGTAAGCCCCG,10,636926
cpxRp2,11.0,10,0,CGAAGCACATATCCGTGGCT,10,709721
cpxRp2,11.0,10,0,CCGGCACAGTTGCCTGTAAC,10,633205
cpxRp2,11.0,10,0,CCGAACTTAGATGGGGGTTA,10,653532
cpxRp2,11.0,10,0,CCAGAAATGCAATGAATCCG,10,642227
cpxRp2,11.0,10,0,CATTCCCACAAGTCAACGTA,10,695756
cpxRp2,11.0,10,0,CATAACGTGGGTCGATGGTC,10,697409
cpxRp2,11.0,10,0,CACTAGGTCGCACACGATCG,10,697408
cpxRp2,11.0,10,0,CACCTCCTGAGGGTAGCGTT,10,644938
cpxRp2,11.0,10,0,CAACTTGAATTGCTACGATA,10,654342
cpxRp2,11.0,10,0,ATTTACCGATCGAGCAACAA,10,684207
cpxRp2,11.0,10,0,ATGGAGAGTAAGATCCAATG,10,675865
cpxRp2,11.0,10,0,AGTCGCTGACACATCTTGCG,10,695217
cpxRp2,11.0,10,0,AGCGTGCACTCGGTAAGACA,10,708458
cpxRp2,11.0,10,0,AGCGGGCACATGTTCGTAAC,10,642665
cpxRp2,11.0,10,0,ACTTGAGCATCTTACGGACG,10,708714
cpxRp2,11.0,10,0,ACGAAACTCACCGCGTTCCT,10,704318
cpxRp2,11.0,10,0,AAAAGCGTTCACTTTGAACA,10,711760
cpxRp2,10.0,9,0,TTTACGAGGGCACGCGCGAA,9,630784
cpxRp2,10.0,9,0,TTCTCCTATCTCGGTTCTTT,9,668250
cpxRp2,10.0,9,0,TTCGTAATTGGGGCGTTCAA,9,681462
cpxRp2,10.0,9,0,TTAGATAATCTACTCATTGT,9,674440
cpxRp2,10.0,9,0,TGGTCCGAACGCGTGAAGGT,9,702373
cpxRp2,10.0,9,0,TGGCTTTAGCCCGATCGATA,9,660257
cpxRp2,10.0,9,0,TGGCAACTACCAGGTTGGTC,9,672256
cpxRp2,10.0,9,0,TGGAGACACACGTCCTGCCC,9,642506
cpxRp2,10.0,9,0,TGCTTGCGGATAATTATTCC,9,668761
cpxRp2,10.0,9,0,TGCGTTAGCCGCGAACGCGG,9,645785
cpxRp2,10.0,9,0,TGCGCAGCCGGAGGTATGCT,9,647282
cpxRp2,10.0,9,0,TGCAAGGTTCTCATGGGCTA,9,681433
cpxRp2,10.0,9,0,TGACCCAGAACCCTACCACG,9,693331
cpxRp2,10.0,9,0,TCCTGAATGACCTCAATGCA,9,709164
cpxRp2,10.0,9,0,TAATATCGTCCAAGATCTGG,9,676041
cpxRp2,10.0,9,0,TAACATAGCAGCGCTAATCT,9,706248
cpxRp2,10.0,9,0,TAAAGTACCGGAGTGATTTG,9,655358
cpxRp2,10.0,9,0,GTGTGACCGCCTAGAATGAG,9,673345
cpxRp2,10.0,9,0,GTCGGGACAGGCCCAAGTTT,9,631741
cpxRp2,10.0,9,0,GGGCGTCTCGAACTGGCACA,9,666033
cpxRp2,10.0,9,0,GGACGTAGGGCGGTGTCGCA,9,683491
cpxRp2,10.0,9,0,GGACCGTAAGAACATCCTTT,9,696381
cpxRp2,10.0,9,0,GCCTCTGTCTTGGGGATTTC,9,677978
cpxRp2,10.0,9,0,GCAACCTGGATGGGTATAGT,9,705335
cpxRp2,10.0,9,0,GATTGAACTGGGACAGCATC,9,634145
cpxRp2,10.0,9,0,GATAGGGCATCGATTAATCC,9,684855
cpxRp2,10.0,9,0,GAAGCTTGCTGGCCACTCTG,9,660722
cpxRp2,10.0,9,0,CTTTGATTTCTCGCCTGGAC,9,660944
cpxRp2,10.0,9,0,CTGGATAATCGAAGACCATT,9,675064
cpxRp2,10.0,9,0,CTGCACACGGCTCAAAGTAC,9,696344
cpxRp2,10.0,9,0,CTCTTACACACAATTGGGTC,9,676173
cpxRp2,10.0,9,0,CTAACCTATGCACAAGACCA,9,708590
cpxRp2,10.0,9,0,CGTATAGCTTGGTCCCCAGC,9,650073
cpxRp2,10.0,9,0,CGTACTGTTTGAAAGCTAAC,9,682568
cpxRp2,10.0,9,0,CGTACCTGCCTAAAAGGACA,9,694229
cpxRp2,10.0,9,0,CGGGCTCAGCGCCCCCGATC,9,654946
cpxRp2,10.0,9,0,CGGCCGGCGTTCGTTCGCCA,9,648292
cpxRp2,10.0,9,0,CGGCCGCGTGAATCCAGACC,9,702863
cpxRp2,10.0,9,0,CGGATGCTCTGCGCAATACT,9,635404
cpxRp2,10.0,9,0,CGATAGTACCTACTTCGGCA,9,646249
cpxRp2,10.0,9,0,CGACCAGCCCCTGTATTGAT,9,685097
cpxRp2,10.0,9,0,CCGCACTTAGCGGATCACTC,9,634116
cpxRp2,10.0,9,0,CATTGTTTGTCTTCGAGGGA,9,697524
cpxRp2,10.0,9,0,CATTGCTTCTCCATGGCTTT,9,631900
cpxRp2,10.0,9,0,CAGTTCAGGCCCGAGTGCTC,9,692069
cpxRp2,10.0,9,0,CAGGAAACGTCCAAATATAT,9,639552
cpxRp2,10.0,9,0,ATGGCCAGGAACATTCGGGA,9,686103
cpxRp2,10.0,9,0,ATGCTGGCGATCAGCGGAAC,9,649586
cpxRp2,10.0,9,0,ATGATTCCCCCGTCAGCCCT,9,679046
cpxRp2,10.0,9,0,AGCAGACATCCGGGTCCACC,9,657365
cpxRp2,10.0,9,0,AGACGGGGCAGGTGCAAGTG,9,707290
cpxRp2,10.0,9,0,AGAAGTAGTCAGATCATAGT,9,638315
cpxRp2,10.0,9,0,ACCGGGTACAGCCGCGGGTC,9,676162
cpxRp2,10.0,9,0,ACCAGCGCATCGTGGGACTC,9,643489
cpxRp2,10.0,9,0,ACAAGACCACATCTACCTTG,9,693018
cpxRp2,10.0,9,0,AACGATTCTGGGCTATTGGT,9,660764
cpxRp2,10.0,9,0,AACCTATTATAGATCACTAT,9,689142
cpxRp2,9.0,8,0,TTTTAATGCTTTACTATGAT,8,693093
cpxRp2,9.0,8,0,TTTATCAGCTTTTCCGCCGA,8,657051
cpxRp2,9.0,8,0,TTGTGTCCTCGTGCGTCCGC,8,659896
cpxRp2,9.0,8,0,TTGGCACCGGTCCTATCAAA,8,671515
cpxRp2,9.0,8,0,TTGCCGTGTGCCGCTCAAAG,8,663051
cpxRp2,9.0,8,0,TTCGGCCACCTTATGTCGGA,8,635269
cpxRp2,9.0,8,0,TTATTGGTGCGCCCCCGGCC,8,666858
cpxRp2,9.0,8,0,TTAGGTGACCTGAGTGGAAG,8,661408
cpxRp2,9.0,8,0,TTAATAGGGGCACTGTTCAG,8,636365
cpxRp2,9.0,8,0,TGTTCAAATTATTTTGTGGG,8,650976
cpxRp2,9.0,8,0,TGGCCTTTTCAACTGTCAAG,8,661340
cpxRp2,9.0,8,0,TGGCCTGCGTCCGTGTCAAT,8,631011
cpxRp2,9.0,8,0,TGCTGACCTTTAGGGATGTA,8,700777
cpxRp2,9.0,8,0,TGCTAGGGGTCATGCGACAC,8,661645
cpxRp2,9.0,8,0,TCGGCGCGCCCCGGTGACTT,8,657877
cpxRp2,9.0,8,0,TCGGACATGCGTAGCAAAGC,8,650260
cpxRp2,9.0,8,0,TCGCCGGAAAGTTTCATTCG,8,653081
cpxRp2,9.0,8,0,TCCGGTTAACTCGCTCAAAC,8,632477
cpxRp2,9.0,8,0,TCATAGTCGTATGATACGTG,8,698028
cpxRp2,9.0,8,0,TCAGAAGCGAACTTATATGC,8,671586
cpxRp2,9.0,8,0,TCACTGCGAAACTACAGCAG,8,699560
cpxRp2,9.0,8,0,TATTCCTTTAGTGCTACATG,8,690950
cpxRp2,9.0,8,0,TAATAAAGTGCCCGCACGAT,8,666179
cpxRp2,9.0,8,0,GTGAGACGGTTGTCGAGAGC,8,655391
cpxRp2,9.0,8,0,GTCTACTGGAAGCCGGTAAT,8,698982
cpxRp2,9.0,8,0,GTCTAAACTAAACTTGATAT,8,645794
cpxRp2,9.0,8,0,GGTCCAATGTATGGCACCAT,8,680578
cpxRp2,9.0,8,0,GGGACGTTCAAAAAACCAGC,8,654872
cpxRp2,9.0,8,0,GGCAGCGTGAGAGTATTCGG,8,652331
cpxRp2,9.0,8,0,GGACATATTCTGTGGCCCCA,8,698381
cpxRp2,9.0,8,0,GCTCACAGTTCAGGTTGGAA,8,684259
cpxRp2,9.0,8,0,GCGGGCTTATTCAGGCTACG,8,682050
cpxRp2,9.0,8,0,GCGAGTCGAAAACTCTGCAA,8,673359
cpxRp2,9.0,8,0,GCCGCTTCATAGCTAATACC,8,662347
cpxRp2,9.0,8,0,GATAGCTACATGGATGGACA,8,655892
cpxRp2,9.0,8,0,GACGCGATAGTCCCTAATGT,8,629965
cpxRp2,9.0,8,0,GACATCGGACTCTGCTTAAT,8,698839
cpxRp2,9.0,8,0,CTCGGGGCCTTCTCAGGGTA,8,691511
cpxRp2,9.0,8,0,CTCATCTGTTGAGAATAAAG,8,652355
cpxRp2,9.0,8,0,CTACTAATTAGTGCCGCTGT,8,643764
cpxRp2,9.0,8,0,CTACCTTATCAGCTAGAATG,8,691124
cpxRp2,9.0,8,0,CTACATTAGGGCCTTGAGTA,8,704191
cpxRp2,9.0,8,0,CGTCGTTTGTGAGCAGCACC,8,710474
cpxRp2,9.0,8,0,CGTCCGTTATCCGGAGACGG,8,655682
cpxRp2,9.0,8,0,CGGTCATTTTCTGAATTACA,8,705533
cpxRp2,9.0,8,0,CGGTACCATTGTATTCCGTA,8,711384
cpxRp2,9.0,8,0,CGGCTCCCGATTAGGGTTTG,8,689650
cpxRp2,9.0,8,0,CGGCACAACCTTGAGAAAGC,8,664317
cpxRp2,9.0,8,0,CGCTTTCTATTAAAACCACG,8,710905
cpxRp2,9.0,8,0,CGCTACTCATTTATCGTACT,8,663576
cpxRp2,9.0,8,0,CGCACCTTTCCGGGCTATGG,8,691530
cpxRp2,9.0,8,0,CGAATCTGGTGCAGTAAATA,8,658907
cpxRp2,9.0,8,0,CCTGATTTGATATCGTTTAG,8,636411
cpxRp2,9.0,8,0,CCTGAGCGTTGAAGGACTGG,8,648361
cpxRp2,9.0,8,0,CCGTCCTTTGGGTATGTTAA,8,630538
cpxRp2,9.0,8,0,CCCCGACAAGTTGAGTGAAT,8,677314
cpxRp2,9.0,8,0,CATGGTGACGACGCCAACAC,8,657267
cpxRp2,9.0,8,0,CAGGGATTTTTGGGTACAAA,8,655929
cpxRp2,9.0,8,0,CACGGAATAGCGTCGCCGGC,8,712248
cpxRp2,9.0,8,0,CACGCTAACAAACATTTATA,8,707976
cpxRp2,9.0,8,0,CACAGCGTTAATCATTAGTT,8,708245
cpxRp2,9.0,8,0,CAACGTTGAACCTGAACGGT,8,655057
cpxRp2,9.0,8,0,CAACACAGGTAACTACTTTT,8,701093
cpxRp2,9.0,8,0,ATTCGGGTATGGTGAATTCA,8,677510
cpxRp2,9.0,8,0,ATCCCTTTATCTGAGCCGTG,8,664812
cpxRp2,9.0,8,0,ATATTGGAGAGTTCACATAG,8,658141
cpxRp2,9.0,8,0,AGTTTGGCGTCAGCCAGTCA,8,697456
cpxRp2,9.0,8,0,AGTGCCACCGCGGAGCCGAT,8,641574
cpxRp2,9.0,8,0,AGTCTCTATACATTGGAATA,8,699073
cpxRp2,9.0,8,0,AGGTGGGTGTTGTTCTGGCC,8,651525
cpxRp2,9.0,8,0,AGCTTTGATGGTAGTGAGAC,8,676203
cpxRp2,9.0,8,0,AGCTGTTCTTCGTCATGAAT,8,688448
cpxRp2,9.0,8,0,AGCGAAGCGATGTTTAGGCC,8,641233
cpxRp2,9.0,8,0,AGCCAGGAATCGGTACGGCC,8,674574
cpxRp2,9.0,8,0,AGCATGCCCACTTTGAATCC,8,655361
cpxRp2,9.0,8,0,AGCAGGACAATACCGGAGCC,8,705442
cpxRp2,9.0,8,0,AGACGCGAAGGCTAGCACCA,8,680792
cpxRp2,9.0,8,0,AGACAATAAAACGCGGACCC,8,651877
cpxRp2,9.0,8,0,AGAATCCGGTGATTCTAGTC,8,711583
cpxRp2,9.0,8,0,AGAAAGACGCGAATTTATCA,8,683673
cpxRp2,9.0,8,0,ACTGGGGGTCGGGGCTACTA,8,692656
cpxRp2,9.0,8,0,ACTAACTCCAGGAGTGTCAT,8,686489
cpxRp2,9.0,8,0,ACGGCGACGTTCATGCACAA,8,676601
cpxRp2,9.0,8,0,ACGCGGCCACTTCACAGTGT,8,710594
cpxRp2,9.0,8,0,ACGAGTGTAATCAATACCTC,8,633950
cpxRp2,9.0,8,0,ACCTAACGCATAGACCATAG,8,701593
cpxRp2,9.0,8,0,ACCCGAGAGTTAGAGGGGCT,8,674242
cpxRp2,9.0,8,0,ACCATAGGTCTTTCTCTGTG,8,651829
cpxRp2,9.0,8,0,ACCAGCCTCCAATCCAGGGA,8,639959
cpxRp2,9.0,8,0,ACATCGGCGTAGGAAGGCGC,8,644796
cpxRp2,9.0,8,0,ACAGGTTGATGAACACCCCA,8,638741
cpxRp2,9.0,8,0,ACACTCCCTTGATAACCACG,8,710515
cpxRp2,9.0,8,0,ACACCCCAAGATTTATTTGA,8,650261
cpxRp2,9.0,8,0,ACACATATTCGGTATCTTAT,8,687289
cpxRp2,9.0,8,0,AATTCGATGTGGGAGATCCT,8,671637
cpxRp2,9.0,8,0,AATGGGTGGTTGTGTGGGGT,8,698944
cpxRp2,9.0,8,0,AACCACTTCGTATCTCGTGT,8,651385
cpxRp2,8.0,7,0,TTTTTTGTGGGCAGACAAAA,7,673675
cpxRp2,8.0,7,0,TTGTGTATTATAATGCTGGC,7,633020
cpxRp2,8.0,7,0,TTGAAATGTTTTGAAGCTCG,7,661786
cpxRp2,8.0,7,0,TTATCCCCTTCCGCGCCGGT,7,700121
cpxRp2,8.0,7,0,TTACGGTTATCACTAGGTGA,7,639641
cpxRp2,8.0,7,0,TTACGACGGTCTAATAACCT,7,675454
cpxRp2,8.0,7,0,TGTCAAGCCTATGTGTCGAT,7,648847
cpxRp2,8.0,7,0,TGTAGGGGCAATCCCGTAGT,7,708015
cpxRp2,8.0,7,0,TGGTGGCGTAGATAAGATTA,7,703913
cpxRp2,8.0,7,0,TGGATGGCCTATTCGTCGGG,7,640297
cpxRp2,8.0,7,0,TGCGGCAGGACGACCCCGGT,7,639146
cpxRp2,8.0,7,0,TCTGGTCTCTCACGAGCGGA,7,668233
cpxRp2,8.0,7,0,TCTCAACACTACCTACTATA,7,709383
cpxRp2,8.0,7,0,TCGTCGTAGTGTTTATTCGC,7,707843
cpxRp2,8.0,7,0,TCGCCGAGCTATGTTGGCTG,7,711203
cpxRp2,8.0,7,0,TCCGATCGTTATTTCATCAA,7,659846
cpxRp2,8.0,7,0,TCCCTAACGGGGGCGCGTTA,7,712096
cpxRp2,8.0,7,0,TCCACGTTAAGAGTTAAACC,7,679136
cpxRp2,8.0,7,0,TATCCTACAGAGTAAGCACT,7,675491
cpxRp2,8.0,7,0,TAGAACGGTGATAACACTTC,7,710267
cpxRp2,8.0,7,0,TACCACAGGTTGTGTACTAT,7,652770
cpxRp2,8.0,7,0,TAATTCCGTACCCGGCACCT,7,679606
cpxRp2,8.0,7,0,TAAGTTGCTTTATTAATATC,7,644757
cpxRp2,8.0,7,0,GTTCCCGGGGCGGTCATCGA,7,682038
cpxRp2,8.0,7,0,GTTCACGGGGATCAACCGGA,7,667878
cpxRp2,8.0,7,0,GTGACTGGCGACCTTTGCTA,7,682499
cpxRp2,8.0,7,0,GTCTTACCTCCGGCAAGCTC,7,677977
cpxRp2,8.0,7,0,GTCGAGCGTTGCTGACATGT,7,694494
cpxRp2,8.0,7,0,GTCCTCAAGATGTAGGCGGA,7,640013
cpxRp2,8.0,7,0,GTATACAGTGGGCGATCTAC,7,649848
cpxRp2,8.0,7,0,GTATAAACGGCTAGCGATAT,7,638189
cpxRp2,8.0,7,0,GTAAGTGGGGGTAGGCTGTC,7,698707
cpxRp2,8.0,7,0,GGTTTGCTCGGAGTACTTCA,7,668193
cpxRp2,8.0,7,0,GGGTAGAACCATTAAGCATT,7,689643
cpxRp2,8.0,7,0,GGGATGGGCTTTTACTGGTT,7,642642
cpxRp2,8.0,7,0,GGGACGTCAATGGGGTTCCT,7,703005
cpxRp2,8.0,7,0,GGCCTGGCAGGTCAATCAAA,7,657721
cpxRp2,8.0,7,0,GGCCCGTTGACTTTGCCGAG,7,682866
cpxRp2,8.0,7,0,GGCATTCCCCAGCTCAGAGT,7,630449
cpxRp2,8.0,7,0,GGATCGCTTTGATGCGTCTA,7,684229
cpxRp2,8.0,7,0,GGATCGAGTACATTACTGGG,7,673020
cpxRp2,8.0,7,0,GCTGATGCCACGAAATGAAG,7,684731
cpxRp2,8.0,7,0,GCTCAGGAATCATCCGCCAA,7,685813
cpxRp2,8.0,7,0,GCGTTCGTATCGGTACAGGG,7,710593
cpxRp2,8.0,7,0,GCGATAAGTAGGTCCTCCCA,7,682759
cpxRp2,8.0,7,0,GCCGATCACCATTACGAGGA,7,676130
cpxRp2,8.0,7,0,GCCCAAGCAGTCTTGCCTGA,7,632402
cpxRp2,8.0,7,0,GCCAAAATTGGCTGTGCCTT,7,675225
cpxRp2,8.0,7,0,GATTGTCCGCTACGGGGCAA,7,682587
cpxRp2,8.0,7,0,GATAAACCGCATTCGATTCT,7,678403
cpxRp2,8.0,7,0,GAGGGGCAACTGAGGGATTA,7,689052
cpxRp2,8.0,7,0,GACGTTTCTGGGATTTACGC,7,708976
cpxRp2,8.0,7,0,GACGCTCCGAATCTCGGAAA,7,661448
cpxRp2,8.0,7,0,GACGCATTTCATACTGGTCT,7,658412
cpxRp2,8.0,7,0,GAATAGAGGCCACCCAGTTC,7,642465
cpxRp2,8.0,7,0,GAAAGTTGATGATTAGTGAA,7,660377
cpxRp2,8.0,7,0,CTTCGCCAAATGATGGTAGG,7,635373
cpxRp2,8.0,7,0,CTGAACTGACTTTTACTGGG,7,680931
cpxRp2,8.0,7,0,CTCCAATATAGGTAACGGCG,7,675507
cpxRp2,8.0,7,0,CTACGTCACTGGGAACGTCG,7,636865
cpxRp2,8.0,7,0,CTACCATGGGATTGGATATC,7,640301
cpxRp2,8.0,7,0,CTACATCTCTGTATACTACT,7,643911
cpxRp2,8.0,7,0,CTACAGACTTTATTGGGCGT,7,651452
cpxRp2,8.0,7,0,CGTTTCCTACACTCCCAAGG,7,690296
cpxRp2,8.0,7,0,CGTTCAGGCCGCACCGAGTA,7,710067
cpxRp2,8.0,7,0,CGTATCGCACAGTTGCATCG,7,641643
cpxRp2,8.0,7,0,CGGGGGACCGTAGCATAAGG,7,686016
cpxRp2,8.0,7,0,CGCTCACGTCACTCCGTACA,7,644561
cpxRp2,8.0,7,0,CGCCTAATTTCAATATTGAT,7,670674
cpxRp2,8.0,7,0,CGATTAATTCGTGAAGGGTG,7,698918
cpxRp2,8.0,7,0,CGATGTCATAGTCAATTCAC,7,712055
cpxRp2,8.0,7,0,CCTCGATCCATCTGTGGTCC,7,639988
cpxRp2,8.0,7,0,CCGTCGTGTTGCGCAGGCCG,7,684489
cpxRp2,8.0,7,0,CCCCGGCATCTTCGAATAAT,7,711157
cpxRp2,8.0,7,0,CCATCCATGTAAACAACCGC,7,693505
cpxRp2,8.0,7,0,CCAGTAGCACGTAGTTATAC,7,670807
cpxRp2,8.0,7,0,CCAATTGGTTCCTGGATTAA,7,711185
cpxRp2,8.0,7,0,CATTTCGCCCGTTTTTTACT,7,656980
cpxRp2,8.0,7,0,CATTGGGCTCAGCGGCATAC,7,711895
cpxRp2,8.0,7,0,CATGAAGTACACCGACATGC,7,711354
cpxRp2,8.0,7,0,CATCAACCCGTTCTGCTCTA,7,662218
cpxRp2,8.0,7,0,CAAAGGCGATAGTTTATAGT,7,700122
cpxRp2,8.0,7,0,ATGTTTCTCGCACTAAAAAG,7,668220
cpxRp2,8.0,7,0,ATACCTTAGCATCTGAGACG,7,688900
cpxRp2,8.0,7,0,AGTGATTCTATTATATAAAG,7,682687
cpxRp2,8.0,7,0,AGTCAACTGGTCATGAGGTC,7,687841
cpxRp2,8.0,7,0,AGTACGTGGCACCTGCCTGC,7,697993
cpxRp2,8.0,7,0,AGGTTCTACAGAGCTTGATT,7,635551
cpxRp2,8.0,7,0,AGGTAGCCATTGCCATACTC,7,689180
cpxRp2,8.0,7,0,AGGGATACGTTAGTTCAGTA,7,674808
cpxRp2,8.0,7,0,AGGCCTAAAAATACAGGACG,7,672218
cpxRp2,8.0,7,0,AGCGTCTGTCGTTTTGGTTG,7,692391
cpxRp2,8.0,7,0,AGCGGCGAGATAACCGAATA,7,699950
cpxRp2,8.0,7,0,AGCCTGCCCGATTTACGTGT,7,664628
cpxRp2,8.0,7,0,AGCCCTTACCATAACGATTC,7,696159
cpxRp2,8.0,7,0,AGCATTCCCGAGGTTCGGTA,7,682229
cpxRp2,8.0,7,0,AGCAATTTTGGGGTCTGGAA,7,676013
cpxRp2,8.0,7,0,AGACTTCGCGAACCACGGCC,7,676579
cpxRp2,8.0,7,0,AGAACAGTTGGATCACCGAT,7,649810
cpxRp2,8.0,7,0,ACTGGGAGGTTTTAGTATCT,7,636751
cpxRp2,8.0,7,0,ACTGGAAGCGTGTGTTGAAA,7,695325
cpxRp2,8.0,7,0,ACTCAGAGACTACCCCCATA,7,648424
cpxRp2,8.0,7,0,ACTCACTAAGTGCACCCTAT,7,690645
cpxRp2,8.0,7,0,ACTAGCTTACGGAAGTGACA,7,641220
cpxRp2,8.0,7,0,ACGCATTACCTAGCGACGAA,7,637308
cpxRp2,8.0,7,0,ACCGAACGCGTCGCGTTGGG,7,670980
cpxRp2,8.0,7,0,ACCATGCGTGAACCGGTGGC,7,690787
cpxRp2,8.0,7,0,ACCAAATTAAGACCTGTCAC,7,632603
cpxRp2,8.0,7,0,ACATTGTTATGGGCTCGTTA,7,632816
cpxRp2,8.0,7,0,ACAGCATGGTACCCCCACCT,7,702914
cpxRp2,8.0,7,0,AATTGAGCATACTAAGGTTA,7,642662
cpxRp2,8.0,7,0,AATCATAGGGAAACCGATGT,7,708838
cpxRp2,8.0,7,0,AATACGGCAAGGAGGATCAA,7,647866
cpxRp2,8.0,7,0,AATACATGTTGAGCGACGGC,7,651609
cpxRp2,8.0,7,0,AAGCTCAAACGGGATATATC,7,663967
cpxRp2,8.0,7,0,AACCACGACTGCACGTCGGT,7,671588
cpxRp2,8.0,7,0,AAAAGTGCGCGGCTTCGTCG,7,659403
cpxRp2,7.0,6,0,TTTCAACAGCGACCGACATA,6,709473
cpxRp2,7.0,6,0,TTGTGTGTCCACGATTGGAC,6,642087
cpxRp2,7.0,6,0,TTGGTCACACCCGACATCCA,6,703261
cpxRp2,7.0,6,0,TTCAGTGTCTTGTAGGTAGA,6,708995
cpxRp2,7.0,6,0,TTAGGTCCCTCCTACAAGAA,6,685296
cpxRp2,7.0,6,0,TTAAGGTTGTACGAATTGCT,6,635586
cpxRp2,7.0,6,0,TTAAACATCTCTTTGGAATC,6,697374
cpxRp2,7.0,6,0,TGTCGGATCATAGAGGAAGC,6,697241
cpxRp2,7.0,6,0,TGTAAAAGTAGCGGCTTAAA,6,693498
cpxRp2,7.0,6,0,TGGACTTGTAGACAAATTGA,6,649914
cpxRp2,7.0,6,0,TGCGACGACCGGGAGAAGAA,6,710831
cpxRp2,7.0,6,0,TGCCGACCCGTTGATCGCAA,6,668291
cpxRp2,7.0,6,0,TGAGGGAAAGTATGGTCACC,6,634803
cpxRp2,7.0,6,0,TGACTGGGTTTAGAACCTTA,6,666158
cpxRp2,7.0,6,0,TCTCGTATCTGAAGGGTGCC,6,711269
cpxRp2,7.0,6,0,TCTCGACTCGATGCATATAA,6,701946
cpxRp2,7.0,6,0,TCTAGATTCCAAGCATATTT,6,649996
cpxRp2,7.0,6,0,TCGTTATCCCTTTTCAGCCA,6,641556
cpxRp2,7.0,6,0,TCGATTCCCGGCGACATCGG,6,643850
cpxRp2,7.0,6,0,TCGACCCCTATGCCGAATAG,6,648218
cpxRp2,7.0,6,0,TCCTGTTCCATTACGTAAAA,6,646589
cpxRp2,7.0,6,0,TCCGGAATTTAGACGATAGG,6,669531
cpxRp2,7.0,6,0,TCAATTTGGTTGCCATAATG,6,700852
cpxRp2,7.0,6,0,TCAATGCATGCCAATTGGCG,6,699376
cpxRp2,7.0,6,0,TATGTTTTGTCTAATCATAG,6,661520
cpxRp2,7.0,6,0,TATCTCCGTTAATTAAATTA,6,660293
cpxRp2,7.0,6,0,TATCGGGTGCGGATCCTGCC,6,699275
cpxRp2,7.0,6,0,TAGGGCTGAGCGTCGGTGTC,6,692524
cpxRp2,7.0,6,0,TAGCAACACTGAAAGCGGGG,6,694228
cpxRp2,7.0,6,0,TACGCGAGAGGTGTTGGACC,6,689485
cpxRp2,7.0,6,0,TAATCCGTAAGTTTTCAATG,6,701847
cpxRp2,7.0,6,0,TAAGCTAATGGCTCCTCTTT,6,665922
cpxRp2,7.0,6,0,GTTCATGATAGGCACATGGT,6,662956
cpxRp2,7.0,6,0,GTGTTTGCAAGTATGGTTGC,6,671861
cpxRp2,7.0,6,0,GTGGGCTCATACGTTTCCCT,6,647268
cpxRp2,7.0,6,0,GTCTTAACGGTAGTTTCGTT,6,686967
cpxRp2,7.0,6,0,GTCAAAAGATGGGCTACCGG,6,686149
cpxRp2,7.0,6,0,GTAGGCACATGTCATATGTT,6,709692
cpxRp2,7.0,6,0,GGGGGTTTCGAGTGAAATCA,6,692753
cpxRp2,7.0,6,0,GGGGGCACTCATAGCAACTA,6,635730
cpxRp2,7.0,6,0,GGGACTTCCGGTCGCGTGCC,6,676156
cpxRp2,7.0,6,0,GGCGAACTACGGCTGCTGGA,6,673388
cpxRp2,7.0,6,0,GGAGTCAGGGGAGTTAGACG,6,698630
cpxRp2,7.0,6,0,GGAGGTCAAGAGAGAGGTCG,6,644772
cpxRp2,7.0,6,0,GCTCCGTTTAAACTATCGGA,6,642831
cpxRp2,7.0,6,0,GCGTGCCACTGGAGCATGTA,6,641567
cpxRp2,7.0,6,0,GCGGAGCGAATTCACCTTGC,6,708137
cpxRp2,7.0,6,0,GCGCGCTGACGGTAGATAAA,6,680560
cpxRp2,7.0,6,0,GCGATCACAGTGTCCACGAT,6,694818
cpxRp2,7.0,6,0,GCCGAGCCGGGGCTTGCGAT,6,664949
cpxRp2,7.0,6,0,GCCCTAGTATTCTTGCCGGA,6,707009
cpxRp2,7.0,6,0,GCCCGCTACTTGCTTAACGT,6,694311
cpxRp2,7.0,6,0,GCCCCGCCGGCGATTTCACC,6,663962
cpxRp2,7.0,6,0,GCCATGCCCCGTTTCCTGTG,6,631235
cpxRp2,7.0,6,0,GCAGGGGATTGGTTGCACAC,6,634012
cpxRp2,7.0,6,0,GCACGCATAATTGATTCCGT,6,635765
cpxRp2,7.0,6,0,GCAACAGGACACCACCCCAC,6,634299
cpxRp2,7.0,6,0,GATATCCAGGCCACGTGAAT,6,652218
cpxRp2,7.0,6,0,GAGGGAGCGGATCTTCACAT,6,695584
cpxRp2,7.0,6,0,GAACGAATGAGAAGACCCAT,6,635618
cpxRp2,7.0,6,0,CTTCATAGATCAAACTCGTA,6,691626
cpxRp2,7.0,6,0,CTTAAAGATGTGTATAGTTC,6,649963
cpxRp2,7.0,6,0,CTGGTTCGTCTCGCACTGAC,6,699728
cpxRp2,7.0,6,0,CTGGCCGATTCGTAATCTGC,6,674154
cpxRp2,7.0,6,0,CTGCAAGCTTCCAACTAAGG,6,709491
cpxRp2,7.0,6,0,CTGAGCCGCGCCGTAGCAAT,6,653566
cpxRp2,7.0,6,0,CTCGTATGATGGCCACACCT,6,674418
cpxRp2,7.0,6,0,CTCGGAGCGTATGGCCAGGA,6,667292
cpxRp2,7.0,6,0,CTAGGCTCCACATAAGGCGG,6,650485
cpxRp2,7.0,6,0,CTACCGATTTGGGACCCTCT,6,690663
cpxRp2,7.0,6,0,CTACATTCGAAGTGCGCTGT,6,635557
cpxRp2,7.0,6,0,CGTTGTCCCCAAGTATCCGG,6,710003
cpxRp2,7.0,6,0,CGGGGTCTTGTTTGAAAGAC,6,701239
cpxRp2,7.0,6,0,CGCTCAAAGGTCGGCGGGGG,6,680729
cpxRp2,7.0,6,0,CGCGGAACGCACTTAACCGT,6,675578
cpxRp2,7.0,6,0,CCTGCCCCGGCAATGTAGCG,6,706922
cpxRp2,7.0,6,0,CCTAGTCAGCCCATCTACGT,6,642761
cpxRp2,7.0,6,0,CCGCTCTACACACTTTAGTT,6,672950
cpxRp2,7.0,6,0,CCCTTATGTCTGGCAGGACA,6,677138
cpxRp2,7.0,6,0,CCCGGTTTTCATCCGTTGGT,6,678661
cpxRp2,7.0,6,0,CCCATTACAACAGTCCGAGG,6,635975
cpxRp2,7.0,6,0,CCATGACCTAAATGACGATA,6,680237
cpxRp2,7.0,6,0,CCAGTATCCCTTTAAAAAGG,6,662712
cpxRp2,7.0,6,0,CCAAGCCTGCTACCTGTTCT,6,697613
cpxRp2,7.0,6,0,CCAAGAGGTAATTCTCACCT,6,639815
cpxRp2,7.0,6,0,CAGCGGCGCGACTAAGCTCA,6,651674
cpxRp2,7.0,6,0,CACTTTCAATATGATCATCA,6,652194
cpxRp2,7.0,6,0,CACTGACACAACCCCTATGG,6,646583
cpxRp2,7.0,6,0,CAATGAAAGCTGTGCGAACC,6,640860
cpxRp2,7.0,6,0,CAACCATCCCAACGTGTTCT,6,667638
cpxRp2,7.0,6,0,CAACAGACCCCTCGCTCTAC,6,680153
cpxRp2,7.0,6,0,CAACAAGTTTTAAGCTTAAA,6,676133
cpxRp2,7.0,6,0,ATTTGCCCCGCAGGGGCATG,6,641032
cpxRp2,7.0,6,0,ATGGGTGCTGGAGTGTTGTG,6,649525
cpxRp2,7.0,6,0,ATGCACCATACTGCTTGCGC,6,679756
cpxRp2,7.0,6,0,ATGATCCCCTTGGAATCTAC,6,667567
cpxRp2,7.0,6,0,ATCTGTACCCTCACTTATAT,6,647645
cpxRp2,7.0,6,0,ATCACCAATTATATCCCTGT,6,691436
cpxRp2,7.0,6,0,ATAATCTCGCACCAAACAGA,6,665856
cpxRp2,7.0,6,0,AGTGCGATAAGGAGACTACT,6,682745
cpxRp2,7.0,6,0,AGGGGAGTGTCAAAAGCCAA,6,687937
cpxRp2,7.0,6,0,AGGCGCGGGAATCTTTACGA,6,685699
cpxRp2,7.0,6,0,AGCTCGCATGCCCGGGACCT,6,683291
cpxRp2,7.0,6,0,AGCGAAAAAACCTTCTAATG,6,660300
cpxRp2,7.0,6,0,AGCCTGAACCTCGTGGTGAC,6,659366
cpxRp2,7.0,6,0,AGCCGCCTCTTCACTTTTGG,6,689355
cpxRp2,7.0,6,0,AGCAGACAAACAGAGACCCA,6,643857
cpxRp2,7.0,6,0,AGATGTGACTACTTCGCCCT,6,669648
cpxRp2,7.0,6,0,AGAGATTGGTATCGGTATAC,6,711882
cpxRp2,7.0,6,0,AGACGTACGTCATTAACCCA,6,665606
cpxRp2,7.0,6,0,AGACGCTTCACACTTTTCTC,6,649660
cpxRp2,7.0,6,0,ACTAAGGTGCTCTGGTGCTA,6,704094
cpxRp2,7.0,6,0,ACGGTTGAGATAATCTGCTG,6,687214
cpxRp2,7.0,6,0,ACGGAAACGGGATTTGTCAC,6,647055
cpxRp2,7.0,6,0,ACGCCAGTTATTTACAGCTC,6,654660
cpxRp2,7.0,6,0,ACGAGGATTAGACGGAAGTA,6,709050
cpxRp2,7.0,6,0,ACCCGTCAATAGGCCAGGTC,6,685353
cpxRp2,7.0,6,0,ACCACCGATGAGCTTTCTCG,6,689515
cpxRp2,7.0,6,0,ACATTAGCAGGAGGGATCAT,6,698664
cpxRp2,7.0,6,0,ACACCCCCGACATATCTTCC,6,658717
cpxRp2,7.0,6,0,AATGAGCAGATCCACGTGAG,6,650766
cpxRp2,7.0,6,0,AATCGTCATCGCGAGTGCAA,6,642658
cpxRp2,7.0,6,0,AATCCCCACCCATCATTGCG,6,653383
cpxRp2,7.0,6,0,AAGCAAACAAAGGCCTGACA,6,709411
cpxRp2,7.0,6,0,AAGAACAGCAAAAACAATAG,6,644426
cpxRp2,7.0,6,0,AAAGCGGACAGCCGCAAGAA,6,664174
cpxRp2,7.0,6,0,AAAAGTTGGCCGGTGACGCA,6,651520
cpxRp2,6.0,5,0,TTTTTCGGAGAGCGGCACGG,5,712037
cpxRp2,6.0,5,0,TTTACGGGAGAGAAGAACAT,5,705030
cpxRp2,6.0,5,0,TTGCTTTGTGCGCTCGGCGC,5,635326
cpxRp2,6.0,5,0,TTGCTGCTTGCTATGCTCAG,5,669764
cpxRp2,6.0,5,0,TTCGTGGTGGTGAAAGGTTT,5,652568
cpxRp2,6.0,5,0,TTCACTCCTAGAGATATTTT,5,653854
cpxRp2,6.0,5,0,TTCACAATGCTTTGGATAGG,5,638871
cpxRp2,6.0,5,0,TTATGAATAAGCGGTAAACC,5,656651
cpxRp2,6.0,5,0,TTACAAATGTTTTCATATCT,5,696457
cpxRp2,6.0,5,0,TTAAGCGCCGGTAAAACTCA,5,711666
cpxRp2,6.0,5,0,TGTTACGGTTTCTTAGGCTA,5,684636
cpxRp2,6.0,5,0,TGTGAATTGGGTTGTTGTCC,5,654615
cpxRp2,6.0,5,0,TGGTAGTCGAATGGGCTGGG,5,649681
cpxRp2,6.0,5,0,TGGCGGACACTAGATCATAG,5,633308
cpxRp2,6.0,5,0,TGGAATTTGCACCATATCAT,5,639170
cpxRp2,6.0,5,0,TGCGCGGCATCTGTATTTAG,5,703147
cpxRp2,6.0,5,0,TGCCTCTTCGTTATTAGCGG,5,710967
cpxRp2,6.0,5,0,TGCATGCGTGTTTCTGGGTT,5,648801
cpxRp2,6.0,5,0,TGATATAATACACCCTGCTA,5,711601
cpxRp2,6.0,5,0,TGAGTATGGGGAGAGATCTG,5,666496
cpxRp2,6.0,5,0,TGACTATAGTGAGGAGGGGC,5,645967
cpxRp2,6.0,5,0,TGAAGGTAGGTGCGTAGAAT,5,689718
cpxRp2,6.0,5,0,TCTGTCGAGACCCTTATTAG,5,645624
cpxRp2,6.0,5,0,TCGGAGAGTGGTCCCTTTTT,5,644733
cpxRp2,6.0,5,0,TCCTTTCGGTGAGGGGTAGT,5,666909
cpxRp2,6.0,5,0,TCCGGACGCATCAGTACGCT,5,669191
cpxRp2,6.0,5,0,TCCGACGGACGCGACCCGAG,5,696877
cpxRp2,6.0,5,0,TCCCCAGAGCATGCCGGCAA,5,692252
cpxRp2,6.0,5,0,TCCACGAGTCTATCAACGAC,5,637747
cpxRp2,6.0,5,0,TCATAAGCCAGGGCCTTGAA,5,658015
cpxRp2,6.0,5,0,TCAGTTACCAGCAGCCACAA,5,698051
cpxRp2,6.0,5,0,TATTTGCGCTCGTCGGTCAT,5,682716
cpxRp2,6.0,5,0,TATCATACGGGCTTTTTGCC,5,655767
cpxRp2,6.0,5,0,TATAGCCCCTCGCCTCGTGT,5,662497
cpxRp2,6.0,5,0,TAGCCAGAATGCTCCACGCG,5,691829
cpxRp2,6.0,5,0,TACGGTGACTACGCTACGTG,5,663078
cpxRp2,6.0,5,0,TACGCGAAAACCATTGCTTA,5,642151
cpxRp2,6.0,5,0,TACCCTAAATACAGATCCGT,5,682760
cpxRp2,6.0,5,0,TACATGCGAGGGAAAAATTA,5,656856
cpxRp2,6.0,5,0,TAATCAACGGTCCGAACCTC,5,696157
cpxRp2,6.0,5,0,TAACATGTTATAACTCTATA,5,701427
cpxRp2,6.0,5,0,GTTGGTGTCGATGAGAAGAT,5,685921
cpxRp2,6.0,5,0,GTTGGCGGTCGTCTCGTCGA,5,661403
cpxRp2,6.0,5,0,GTTGCGTCGCCTTTCCCAGG,5,711576
cpxRp2,6.0,5,0,GTTATGCAACGCTTACAATG,5,641251
cpxRp2,6.0,5,0,GTGCCAGTGTGAATACCGCC,5,668041
cpxRp2,6.0,5,0,GTCCCAGTAACCGACACTTG,5,690525
cpxRp2,6.0,5,0,GTCCACTCGTACCGCTTGAG,5,706615
cpxRp2,6.0,5,0,GTACAAAGCGAATAAAGGAT,5,681919
cpxRp2,6.0,5,0,GGTTCGCTTACTGCCGGGGG,5,686116
cpxRp2,6.0,5,0,GGTGTAGCAGATCGTCTGGT,5,700195
cpxRp2,6.0,5,0,GGTGTAAGAAATTCAACTCC,5,639783
cpxRp2,6.0,5,0,GGTGGGTCGGAGGAGCTATG,5,672948
cpxRp2,6.0,5,0,GGTCTCGGTTCCGCGAGTAC,5,688770
cpxRp2,6.0,5,0,GGTAGGACTGCCGTGCTGTT,5,630910
cpxRp2,6.0,5,0,GGTAATACACCGGAGGCAAA,5,666794
cpxRp2,6.0,5,0,GGGTAAGTCAAAAACTGCAT,5,656447
cpxRp2,6.0,5,0,GGGAGACGGTTTGCCAACTA,5,690835
cpxRp2,6.0,5,0,GGGACGATGATCCTCCGAAG,5,672872
cpxRp2,6.0,5,0,GGCTCAGACCTTACAAATGT,5,631541
cpxRp2,6.0,5,0,GGCGATTGACAACCAGACCA,5,648338
cpxRp2,6.0,5,0,GCTTGGAAACTGGTAGCCCG,5,639130
cpxRp2,6.0,5,0,GCGTGGCATGCAACGAGAGG,5,701376
cpxRp2,6.0,5,0,GCGTATGTTACGCGCCCTTC,5,706684
cpxRp2,6.0,5,0,GCGGCCCGTGTTAAATGGGG,5,667861
cpxRp2,6.0,5,0,GCGCGGACTAGTCGTCGATG,5,663860
cpxRp2,6.0,5,0,GCGCCATCAACCGATGTTTA,5,700942
cpxRp2,6.0,5,0,GCGCATTAATGAATCTCAGT,5,657950
cpxRp2,6.0,5,0,GCGCAGTTCAATATCTGCCT,5,688531
cpxRp2,6.0,5,0,GCGAGGGTATCGATTAAATA,5,667691
cpxRp2,6.0,5,0,GCCTCGCAAAAACCCCAGGT,5,649006
cpxRp2,6.0,5,0,GCCCCTGTCAAGGCTGCATT,5,677705
cpxRp2,6.0,5,0,GCCCCGCGCTGTAACGAATG,5,701505
cpxRp2,6.0,5,0,GCCATGAGTGCAGTGATACT,5,652989
cpxRp2,6.0,5,0,GCCAGAGAAGACCTAACACG,5,662553
cpxRp2,6.0,5,0,GCACGATAGCTTTGCGCTAT,5,654358
cpxRp2,6.0,5,0,GATTGTAGGTTGAATTCGTT,5,663605
cpxRp2,6.0,5,0,GATGATGGCGAAACATCGAC,5,642900
cpxRp2,6.0,5,0,GATCTTCGAGACGTGACAAT,5,684318
cpxRp2,6.0,5,0,GAGGTAGGTTGTTGGCGGCG,5,682498
cpxRp2,6.0,5,0,GAGGCTGAGGTCGTCTCGTG,5,650335
cpxRp2,6.0,5,0,GACCCACCTCGTCAACAAAT,5,700622
cpxRp2,6.0,5,0,GAAAGAAGTTAGCGTTGCGA,5,646491
cpxRp2,6.0,5,0,CTTTCCATACCCTTTGTCCT,5,697384
cpxRp2,6.0,5,0,CTCTTCCACGGTGGTGTGTT,5,644171
cpxRp2,6.0,5,0,CTCTCCCCAGTGCAAGGACT,5,679796
cpxRp2,6.0,5,0,CTCTCAGCCCGGTCCGCAAA,5,669331
cpxRp2,6.0,5,0,CTCGAAATTGTGTGTGGCGG,5,656956
cpxRp2,6.0,5,0,CTCCCAACGCTTACCCTCAG,5,674562
cpxRp2,6.0,5,0,CTAGTATAGTCCGGCAAAGT,5,650311
cpxRp2,6.0,5,0,CTACCCAACCGGGTCAGGCC,5,697838
cpxRp2,6.0,5,0,CTACCATTGTGGAGGTAGGT,5,655835
cpxRp2,6.0,5,0,CTAATGTAGTATACCTAACA,5,704798
cpxRp2,6.0,5,0,CTAATCATGGGGTGTGCAAC,5,692484
cpxRp2,6.0,5,0,CGTTAGCAATGCTTCCCGCA,5,631673
cpxRp2,6.0,5,0,CGTGGCACTCGCTACTTTAG,5,656272
cpxRp2,6.0,5,0,CGTCGCCACGTAACCGGTTA,5,630187
cpxRp2,6.0,5,0,CGTATGCCGCGTCGGGTTCA,5,656974
cpxRp2,6.0,5,0,CGGTCGTCAGGTCAGTCGCG,5,677095
cpxRp2,6.0,5,0,CGCCCATAATGTAGGGTCTA,5,694426
cpxRp2,6.0,5,0,CGCCAATCCGACATCGTCAG,5,699482
cpxRp2,6.0,5,0,CGCATGGTGGTAGTTTACGA,5,634434
cpxRp2,6.0,5,0,CGAGCCCTCAATTGAACTCA,5,689275
cpxRp2,6.0,5,0,CCTTGACCGAGACTGACATA,5,675795
cpxRp2,6.0,5,0,CCTGAAAGTCGCGAAAGGGT,5,647242
cpxRp2,6.0,5,0,CCTATGTATCGCCCCGTCCG,5,687362
cpxRp2,6.0,5,0,CCGCCCCTGTTGCCATTTTT,5,636701
cpxRp2,6.0,5,0,CCCGGTAGCGAGGTCCTGTT,5,678727
cpxRp2,6.0,5,0,CCATAGCTAGTAAGGATCGG,5,632519
cpxRp2,6.0,5,0,CCAGGGACACTAGGCATTGG,5,649063
cpxRp2,6.0,5,0,CCAGGCAGGAATCTGCACCA,5,646902
cpxRp2,6.0,5,0,CCACGCAGTTCCCAAACATA,5,641502
cpxRp2,6.0,5,0,CATCTATCTATACTAAGACT,5,687341
cpxRp2,6.0,5,0,CATCGTGTGCACACTCGCCG,5,681049
cpxRp2,6.0,5,0,CATAGAAACGTAATGTGAGA,5,680167
cpxRp2,6.0,5,0,CAGCTTGTATGTGCTGTGAG,5,700772
cpxRp2,6.0,5,0,CAGCTCGGTCTCGGGTGAGC,5,632646
cpxRp2,6.0,5,0,CAGACGCCGGACGTCGAATT,5,679020
cpxRp2,6.0,5,0,CACTGATTTCAGAGGACTGC,5,695970
cpxRp2,6.0,5,0,CACGATACATATTCCAGGAA,5,646142
cpxRp2,6.0,5,0,CACACTGGCGCTAATGTCTG,5,700118
cpxRp2,6.0,5,0,CAATGCCGTTCGGCATGTTA,5,690428
cpxRp2,6.0,5,0,CAATCAACCCTCAGCGCTAC,5,707286
cpxRp2,6.0,5,0,CAACCGATCGTACCCACAGC,5,682304
cpxRp2,6.0,5,0,CAAAAATTAAGCTTGATATA,5,645783
cpxRp2,6.0,5,0,ATTTTACTTACATGCGACTA,5,674707
cpxRp2,6.0,5,0,ATTGGGCCACATGGAGGTTT,5,696957
cpxRp2,6.0,5,0,ATTGAATCCACAGCGGACCT,5,678872
cpxRp2,6.0,5,0,ATTCACAGCACGATCAGGTG,5,695334
cpxRp2,6.0,5,0,ATGATCGAGCGTGATTATCA,5,680207
cpxRp2,6.0,5,0,ATGAAAATAACTTTGCGAGT,5,649606
cpxRp2,6.0,5,0,ATCGTCTTACATCCGAACGG,5,637394
cpxRp2,6.0,5,0,ATCGTAGTGGGTGAATAGGT,5,671032
cpxRp2,6.0,5,0,ATCGAAGGGTCGATGGTTTT,5,640870
cpxRp2,6.0,5,0,ATCCTGGGATAGCGCTTCTA,5,703838
cpxRp2,6.0,5,0,ATCCTGAAGCCCCATGTGGC,5,674928
cpxRp2,6.0,5,0,ATAGCCTGTCACGGTGCGTA,5,653741
cpxRp2,6.0,5,0,ATAAAGGGACGGGAACGCAT,5,648265
cpxRp2,6.0,5,0,ATAAACGTTCTTAAGCCCGC,5,682746
cpxRp2,6.0,5,0,AGTTTGTACGTTGCTTACAG,5,697110
cpxRp2,6.0,5,0,AGTCATCTTCAATATGCGCT,5,656153
cpxRp2,6.0,5,0,AGGTGTTGTTTTGCGCAAAG,5,668384
cpxRp2,6.0,5,0,AGGGTTTAGGGGATGTAATA,5,672393
cpxRp2,6.0,5,0,AGGGCGAAAGCATGCTTTTC,5,692698
cpxRp2,6.0,5,0,AGGAACATTGTTAAAGATCC,5,631801
cpxRp2,6.0,5,0,AGCCGCCTTTTGTCAGCTTA,5,704448
cpxRp2,6.0,5,0,AGCCATGCTTCAATGGGCGT,5,643149
cpxRp2,6.0,5,0,AGCAGAGCACATACGCGGTG,5,684592
cpxRp2,6.0,5,0,AGAGTCCCGAGACGACTGTT,5,656480
cpxRp2,6.0,5,0,AGAGTCCAGAATTCTGATTT,5,700014
cpxRp2,6.0,5,0,AGAGGGAGCTCTATGCGCCC,5,685057
cpxRp2,6.0,5,0,AGACACTCCCCATGTAAGAC,5,643236
cpxRp2,6.0,5,0,AGAAGAGTCTTTCGTGTGCG,5,677573
cpxRp2,6.0,5,0,ACTTCACCGCGACGGACGCA,5,682895
cpxRp2,6.0,5,0,ACTGTGAAAGCGAGATTCAG,5,664118
cpxRp2,6.0,5,0,ACGTTGTTAAACCCCCCCAC,5,710916
cpxRp2,6.0,5,0,ACGGTCAGTTTTGGCAAGGT,5,686696
cpxRp2,6.0,5,0,ACGGCATGTAATTGGATCGT,5,676625
cpxRp2,6.0,5,0,ACGGAACCGTGAAATTTTCT,5,701308
cpxRp2,6.0,5,0,ACGCTGTAATCAAGGCCCCC,5,690086
cpxRp2,6.0,5,0,ACGCACATTCCGTCTGGCAA,5,695706
cpxRp2,6.0,5,0,ACCCTCCGGAAATCGTAAAT,5,673632
cpxRp2,6.0,5,0,ACCCAAAAGTGCCTCTCACC,5,662488
cpxRp2,6.0,5,0,ACATCTTCTGTTAGTGAGTC,5,696286
cpxRp2,6.0,5,0,ACAAGACTCATATTCCTTCA,5,712182
cpxRp2,6.0,5,0,AATTTTGTAATGGGCACGTA,5,660448
cpxRp2,6.0,5,0,AATGATGGGAGCCGTTAATT,5,643873
cpxRp2,6.0,5,0,AATGATAGAGGCTCTATAAC,5,647555
cpxRp2,6.0,5,0,AATCTCACGGTAAATTCATA,5,654210
cpxRp2,6.0,5,0,AAGTACTGGCTCATCAAAAT,5,688774
cpxRp2,6.0,5,0,AACTTCTCGAATAAGCTCCC,5,654174
cpxRp2,6.0,5,0,AACGGTGAACGGGACCCGCC,5,647378
cpxRp2,6.0,5,0,AACCGAGGGTTGTTAGAGCT,5,705959
cpxRp2,6.0,5,0,AACAGCCTGACCGAAGGCCT,5,670817
cpxRp2,6.0,5,0,AACAACCCATCGAGTTTACT,5,640153
cpxRp2,6.0,5,0,AAATACTATTCTGGCTCTAC,5,711362
cpxRp2,6.0,5,0,AAAGGCTAGGTTTATCTACC,5,701207
cpxRp2,6.0,5,0,AAAGACTTATTTCTCTTGTA,5,689829
cpxRp2,6.0,5,0,AAACAAGGCCGGAGCGAGTG,5,686645
cpxRp2,6.0,5,0,AAAACAGCGCTGTGTAGCGC,5,669110
cpxRp2,5.0,4,0,TTTTGGGGTTAAGCGTGCAT,4,695090
cpxRp2,5.0,4,0,TTTGAAGGCCCGCCACTGTA,4,709162
cpxRp2,5.0,4,0,TTTCTAACAAGTTTAGGGTC,4,642203
cpxRp2,5.0,4,0,TTTCAAGCGGGTAAGCGGCA,4,669081
cpxRp2,5.0,4,0,TTGTCAGTTGGTCTCGTGGC,4,673229
cpxRp2,5.0,4,0,TTGCGAACCTCGATCCTTAA,4,652097
cpxRp2,5.0,4,0,TTCTGAGGGACGGGCTATTC,4,654139
cpxRp2,5.0,4,0,TTCTCGTACGGAGTTCACAA,4,687087
cpxRp2,5.0,4,0,TTCGCCTTTGTCAATGACTC,4,652865
cpxRp2,5.0,4,0,TTCGATTGGCCAGGAGGCAA,4,640072
cpxRp2,5.0,4,0,TTCCTCGATGGAATACTTCG,4,654313
cpxRp2,5.0,4,0,TTCATTGGGCAGGGAGGGTA,4,663682
cpxRp2,5.0,4,0,TTAGGCACCAGTGGTAACTA,4,705258
cpxRp2,5.0,4,0,TTACGGTCTGGATCTCGAAT,4,700891
cpxRp2,5.0,4,0,TTAAAGGGATGTCTGGGTGT,4,702470
cpxRp2,5.0,4,0,TGTCTTTATATTCTTCCGAA,4,704486
cpxRp2,5.0,4,0,TGTCTACTGCAAGTGTATTG,4,677933
cpxRp2,5.0,4,0,TGTAAATGCCGCATAGTAAT,4,678787
cpxRp2,5.0,4,0,TGGTTTGGAACTCGTTGCTC,4,689016
cpxRp2,5.0,4,0,TGGTACAGAGCAGCGCCCGC,4,663779
cpxRp2,5.0,4,0,TGGGATATCATTCGTACGTG,4,661066
cpxRp2,5.0,4,0,TGGCTAGGTGGAATGGATGT,4,657510
cpxRp2,5.0,4,0,TGGCCTTTATAGTCAGAGAC,4,678296
cpxRp2,5.0,4,0,TGGATGAACGCCCCTTGTTC,4,667982
cpxRp2,5.0,4,0,TGGAGTGTGCTCCGGCCGGG,4,667730
cpxRp2,5.0,4,0,TGGAATCTCATCTCCGAAAG,4,643160
cpxRp2,5.0,4,0,TGCTCATTGCCTACCGACTA,4,701569
cpxRp2,5.0,4,0,TGCTACACCATTGTTCGGAT,4,669707
cpxRp2,5.0,4,0,TGCAATAATTCAAATTAAAT,4,635787
cpxRp2,5.0,4,0,TGACCAACCATTCGATAAAC,4,676685
cpxRp2,5.0,4,0,TGAATGACTACGCGATACTT,4,657113
cpxRp2,5.0,4,0,TGAAGTCCTACCAATGCCGT,4,661157
cpxRp2,5.0,4,0,TCTTCCTGAGGGTAGGGAAC,4,663610
cpxRp2,5.0,4,0,TCTAGCGGTGTTTGGGCAAA,4,692864
cpxRp2,5.0,4,0,TCTAATTCTTATCAGAATTG,4,650684
cpxRp2,5.0,4,0,TCGTAAACGGGTTAACTATT,4,704044
cpxRp2,5.0,4,0,TCGGACCAAGTTTACGTCAA,4,696384
cpxRp2,5.0,4,0,TCGGACACGTCATCGGGCGT,4,639746
cpxRp2,5.0,4,0,TCGCTGGAAAATCGGGCGTA,4,674962
cpxRp2,5.0,4,0,TCGATAATACCGAACCACTA,4,700980
cpxRp2,5.0,4,0,TCCGTGTATAACGATAGTAT,4,691472
cpxRp2,5.0,4,0,TCCCTGGTCCAATGTAATGG,4,658482
cpxRp2,5.0,4,0,TCCCTGCTTAGGAGAATATT,4,672987
cpxRp2,5.0,4,0,TCCAGATGCGGTGAGGCACT,4,699183
cpxRp2,5.0,4,0,TCATCGTCTGCTGAGTGACG,4,670800
cpxRp2,5.0,4,0,TCACGCTCGAAAGGATACGG,4,632950
cpxRp2,5.0,4,0,TCAATTTCGGATTGAATAAT,4,708842
cpxRp2,5.0,4,0,TCAATCAGTAATAGGGTTTA,4,632049
cpxRp2,5.0,4,0,TATTTTCCACGTCCTCTTGG,4,641959
cpxRp2,5.0,4,0,TATTATCGCCGCTTGTGGGT,4,645418
cpxRp2,5.0,4,0,TATAAGGTTGTGCACCAGCG,4,700337
cpxRp2,5.0,4,0,TAGGTTGGTAACTTTAGCAA,4,658034
cpxRp2,5.0,4,0,TAGGGGTTAGGTGCCCCGAA,4,700542
cpxRp2,5.0,4,0,TAGAGAATCTTACGATGACG,4,649609
cpxRp2,5.0,4,0,TACGGAGTTTGGTGACGCAA,4,695608
cpxRp2,5.0,4,0,TACATAACCACGCCCAGGTA,4,635370
cpxRp2,5.0,4,0,TAACGTTTTGGGAACGTTCA,4,637482
cpxRp2,5.0,4,0,GTTCTAAACCTCACCGAGTT,4,655016
cpxRp2,5.0,4,0,GTTCATAGCATCCCTATAAG,4,639953
cpxRp2,5.0,4,0,GTGGGTGTCCGCAGGAGCGA,4,663312
cpxRp2,5.0,4,0,GTGAGCGTACCTCGAGCCAT,4,706870
cpxRp2,5.0,4,0,GTCTTCCCCGGCATTACTCT,4,679337
cpxRp2,5.0,4,0,GTCTTCATGACTGCCTCTCG,4,647133
cpxRp2,5.0,4,0,GTCGTTTCATGAATTAAGCC,4,688835
cpxRp2,5.0,4,0,GTCGTGCTGACGCATAGAAA,4,644237
cpxRp2,5.0,4,0,GTCGCAGACACTCATTTTCA,4,663123
cpxRp2,5.0,4,0,GTCCTAGATCGGAATCAGAC,4,629796
cpxRp2,5.0,4,0,GTCCCCGCACAGAGTGGAAG,4,707429
cpxRp2,5.0,4,0,GTATAGTCTTCGCATTCACA,4,692445
cpxRp2,5.0,4,0,GTATACACAGTACTTCCGCA,4,649861
cpxRp2,5.0,4,0,GTACTAAAACCAGTTTCTTG,4,706794
cpxRp2,5.0,4,0,GTACGTGATCTTCCTCCAGT,4,636862
cpxRp2,5.0,4,0,GTACCTTGAACAGCAATCAT,4,706486
cpxRp2,5.0,4,0,GTACATCTCCCCGACGCCTG,4,652781
cpxRp2,5.0,4,0,GTACAGTCTCGTATCGTGAA,4,631179
cpxRp2,5.0,4,0,GTAATTCCGACCATGGAGAG,4,709993
cpxRp2,5.0,4,0,GGTTCCGCTCGTGGAGGGCG,4,647091
cpxRp2,5.0,4,0,GGTGGCCAAGGGTGCGTCGT,4,666911
cpxRp2,5.0,4,0,GGTCTGAGTTCTAAGGGAGC,4,674530
cpxRp2,5.0,4,0,GGTCTCGACCGAAATTTGGC,4,652434
cpxRp2,5.0,4,0,GGGTGGCGCTCCCCTTTGTA,4,703810
cpxRp2,5.0,4,0,GGGTCTTAGTGTACGGTGAC,4,688131
cpxRp2,5.0,4,0,GGGGTACCGAGCGGATTGTC,4,630844
cpxRp2,5.0,4,0,GGGGGTTGGGTACGCTTAAA,4,710615
cpxRp2,5.0,4,0,GGCAATTCGAACCTAAATTC,4,632788
cpxRp2,5.0,4,0,GGATCCACTAGCGCGTGGCT,4,678071
cpxRp2,5.0,4,0,GGAGACTTTTGGAACTACGG,4,655894
cpxRp2,5.0,4,0,GGAATGGGGGAAACTGAAGA,4,687834
cpxRp2,5.0,4,0,GCTTTCAGGCTATCATTAAT,4,661101
cpxRp2,5.0,4,0,GCTGAAGATCAGGTTCTTTT,4,677435
cpxRp2,5.0,4,0,GCTCGTAGGATAGTTAAGCT,4,653206
cpxRp2,5.0,4,0,GCTACGCTTTAGTGGGGTAC,4,670998
cpxRp2,5.0,4,0,GCGGGTTAGGGTTCCCGGGG,4,662565
cpxRp2,5.0,4,0,GCGAGCCCACAGTGAAATGA,4,662888
cpxRp2,5.0,4,0,GCCGCGCCTAGGTAGAAAGC,4,702484
cpxRp2,5.0,4,0,GCAGGGGGTGAAGTCAATGC,4,653971
cpxRp2,5.0,4,0,GCAGCGCACTGGCTAGGTCC,4,645632
cpxRp2,5.0,4,0,GATGACGAGGCCTGCCCCGG,4,698042
cpxRp2,5.0,4,0,GATATATGTTCACGAGATGC,4,665697
cpxRp2,5.0,4,0,GATACATTTCCGGTGTGTCG,4,677975
cpxRp2,5.0,4,0,GAGGGGGTATTTTGGATTGT,4,642062
cpxRp2,5.0,4,0,GAGGCACTCGGATCACAAAG,4,635763
cpxRp2,5.0,4,0,GAGGAACCATAGGGACCCTC,4,643830
cpxRp2,5.0,4,0,GACGTTATGTTCGTCAGATT,4,634585
cpxRp2,5.0,4,0,GAATGTCTATCGGACAGCCT,4,684167
cpxRp2,5.0,4,0,GAATCGGTATGGCCAAACTA,4,673312
cpxRp2,5.0,4,0,GAAGCCCCTACCACAAGTCT,4,705804
cpxRp2,5.0,4,0,GAACGGAGTTGTCTACTATC,4,644715
cpxRp2,5.0,4,0,GAAAGACGTGGGCGAGCAAT,4,702891
cpxRp2,5.0,4,0,CTTTTAAACCATCCAGCGTT,4,680334
cpxRp2,5.0,4,0,CTTTCCCTTCGTCACTTGAA,4,632762
cpxRp2,5.0,4,0,CTTTAGATGAACGAACCGAT,4,676411
cpxRp2,5.0,4,0,CTTGAGACTGCCCCCTATCC,4,694750
cpxRp2,5.0,4,0,CTTCGTTACTTGGTTAACAA,4,696509
cpxRp2,5.0,4,0,CTTCGCGCGAATTTAGCTTT,4,705576
cpxRp2,5.0,4,0,CTTCGCCGTCAGGGAGGGAT,4,692040
cpxRp2,5.0,4,0,CTTAAGGGCTCCGTTCAAAC,4,701820
cpxRp2,5.0,4,0,CTGTTTAACCCGGCTACAGG,4,638051
cpxRp2,5.0,4,0,CTGTGATCGTAATACGATGT,4,652777
cpxRp2,5.0,4,0,CTGTCCCACACCTGAATAAG,4,672117
cpxRp2,5.0,4,0,CTGTAAAAAAACGGTTCCTT,4,705694
cpxRp2,5.0,4,0,CTGGTCGCTGTTTTGACGTC,4,680505
cpxRp2,5.0,4,0,CTGCGCGTGTTAAGCGGTGC,4,638302
cpxRp2,5.0,4,0,CTGAGATTCTGAGCGGCCTA,4,665690
cpxRp2,5.0,4,0,CTCTTGTTTGGAGTATCGAA,4,693216
cpxRp2,5.0,4,0,CTCTATAGTCATAGCATAAG,4,632491
cpxRp2,5.0,4,0,CTCGCAGTTCACATAGTCTG,4,681427
cpxRp2,5.0,4,0,CTCCACAGCCATTCCGCGGG,4,650890
cpxRp2,5.0,4,0,CTATTGGACGGGGATGATCT,4,641538
cpxRp2,5.0,4,0,CTAGGTCCCACTTATCCAAC,4,634389
cpxRp2,5.0,4,0,CTAGCATAAACCTGGTCACT,4,701243
cpxRp2,5.0,4,0,CTAAGTTACTAACCGCAATA,4,695486
cpxRp2,5.0,4,0,CGTTGCTTCTAGCTAGCCAA,4,633703
cpxRp2,5.0,4,0,CGTTAGGCCTGCCTTTTTCC,4,649957
cpxRp2,5.0,4,0,CGTCGGACGAATGCGTTAGG,4,651076
cpxRp2,5.0,4,0,CGTCAGTGCAGGAGCGTACC,4,656861
cpxRp2,5.0,4,0,CGGTCGCTGTTGTGCGCGGT,4,648556
cpxRp2,5.0,4,0,CGGGTAGCATAATGAACTTA,4,644118
cpxRp2,5.0,4,0,CGGGGGCCTTCCTTCATTTT,4,710012
cpxRp2,5.0,4,0,CGGGCTCTCATGAATCTCTG,4,647135
cpxRp2,5.0,4,0,CGGGCTCCCAGTTAGGACCT,4,701687
cpxRp2,5.0,4,0,CGGGCGTGATAGCATGTCGG,4,640511
cpxRp2,5.0,4,0,CGGAAGCACTCAATTCGTGT,4,658191
cpxRp2,5.0,4,0,CGGAAATGTAAAAGGGTACT,4,677472
cpxRp2,5.0,4,0,CGCTCTCGATTATCCAATGC,4,683255
cpxRp2,5.0,4,0,CGCGGTTGCAAAGAGTTACA,4,683349
cpxRp2,5.0,4,0,CGCGAAAACCTACTGCGTAC,4,664061
cpxRp2,5.0,4,0,CGCCGTTGGAGAGCCGTATG,4,693492
cpxRp2,5.0,4,0,CGCCCTGGGCGTTTCAATGG,4,696319
cpxRp2,5.0,4,0,CGATGGTGTCCTGCATGGCA,4,641259
cpxRp2,5.0,4,0,CGATGCCTGCAATGAGTAGA,4,645972
cpxRp2,5.0,4,0,CGAGGTCTGTACATGGATCT,4,661842
cpxRp2,5.0,4,0,CGAGGGAGTAGATAATGTAA,4,686815
cpxRp2,5.0,4,0,CGAGCTCTGTGCTCCGCGCC,4,644835
cpxRp2,5.0,4,0,CCGGGATAGCCATGCGCCCT,4,688416
cpxRp2,5.0,4,0,CCGAGTTATCAAGGTCGCAT,4,641691
cpxRp2,5.0,4,0,CCGAAAATGAAAGACTCTAG,4,654959
cpxRp2,5.0,4,0,CCCTGTCACTGGGATTGTAT,4,633988
cpxRp2,5.0,4,0,CCCTGGCACCCATCAATCGG,4,695601
cpxRp2,5.0,4,0,CCCCTACTCACCCTGTGTAG,4,690255
cpxRp2,5.0,4,0,CCCCGGGGCCTCGAACCATA,4,632878
cpxRp2,5.0,4,0,CCCAACCTGAAGCCTGTCCA,4,634209
cpxRp2,5.0,4,0,CCAGGCGAGATGCGGTTTCC,4,662216
cpxRp2,5.0,4,0,CCACAGTGCATCGCCAAAAG,4,654589
cpxRp2,5.0,4,0,CCAATATCACAACAGCATGC,4,706536
cpxRp2,5.0,4,0,CATTTCAATTGTAAGTAGTC,4,698749
cpxRp2,5.0,4,0,CATATGATGGGTTAGCAAGA,4,638904
cpxRp2,5.0,4,0,CATATACGCCCCCGAGGACT,4,710501
cpxRp2,5.0,4,0,CAGGATCTGAGTGGTACAAA,4,632336
cpxRp2,5.0,4,0,CAGATGCTGGCAAGTCGGGA,4,685502
cpxRp2,5.0,4,0,CAGATCTCTACTGGCCGTTA,4,696867
cpxRp2,5.0,4,0,CAGAGGTTCGGGCTGTCATA,4,710680
cpxRp2,5.0,4,0,CACTGATACAGCTTAAAGGG,4,671732
cpxRp2,5.0,4,0,CACTAGCCCTCCCCAGGACT,4,654535
cpxRp2,5.0,4,0,CACGTGTTGGTAGCACATCA,4,689705
cpxRp2,5.0,4,0,CACGGTTTCAGTGGAGAGTG,4,648965
cpxRp2,5.0,4,0,CACGAAGGCTCAGTTTGAGA,4,691805
cpxRp2,5.0,4,0,CACCTATTTATAAGATATAG,4,657817
cpxRp2,5.0,4,0,CAATCTTTCTCTCATTTTCG,4,658565
cpxRp2,5.0,4,0,CAATCTCTGTCACATATAAG,4,670506
cpxRp2,5.0,4,0,CAAGGACAGTGGGGCGTCTT,4,671909
cpxRp2,5.0,4,0,CAACAGATGCGTAATGCACG,4,706805
cpxRp2,5.0,4,0,CAAATCCAGGTGTGTCTGAA,4,639037
cpxRp2,5.0,4,0,CAAAGGTCATAGCATGTTCC,4,668718
cpxRp2,5.0,4,0,ATTTTAAAGCTGAATGCTCG,4,701665
cpxRp2,5.0,4,0,ATTATGCTCTATCATTGTGG,4,694844
cpxRp2,5.0,4,0,ATTATGAACGCGGGGCCGAA,4,650793
cpxRp2,5.0,4,0,ATGTGATTGGCGGAAGACTC,4,710508
cpxRp2,5.0,4,0,ATGGTAACCAGCCCTTAGTA,4,689937
cpxRp2,5.0,4,0,ATGATTACTGCGCGAAATTT,4,637787
cpxRp2,5.0,4,0,ATCGCCACTGTCCGCACCCC,4,706572
cpxRp2,5.0,4,0,ATCATAGCATCATAGGAAAG,4,678289
cpxRp2,5.0,4,0,ATCAAGATTAACCATCTCGC,4,650084
cpxRp2,5.0,4,0,ATATACTGTTCGGGTGGCCC,4,635494
cpxRp2,5.0,4,0,ATAGACCACTAAGCTAAGGC,4,697955
cpxRp2,5.0,4,0,AGTTGTATCCAGGTAGGGAT,4,685352
cpxRp2,5.0,4,0,AGTCTGTGCAACCACAGTGC,4,678867
cpxRp2,5.0,4,0,AGGTCTTTCCCATTTTCAGG,4,694227
cpxRp2,5.0,4,0,AGGTCCTTACTTAAGTAAGA,4,634140
cpxRp2,5.0,4,0,AGGTAGTGTATGCTCTTCAA,4,639839
cpxRp2,5.0,4,0,AGGTAATGTGGGTCGGCTTG,4,642352
cpxRp2,5.0,4,0,AGGCCTAGAGTCTCAGATTA,4,633538
cpxRp2,5.0,4,0,AGGCCGTGGGATTGCTTGCA,4,638874
cpxRp2,5.0,4,0,AGGAGTCGAAGCGCAAATGC,4,701026
cpxRp2,5.0,4,0,AGCTTGACGCTAGTGGAGTC,4,671774
cpxRp2,5.0,4,0,AGCGACGGGAGTTAGTCCAC,4,644273
cpxRp2,5.0,4,0,AGCCCCGTCTAAGTACTATC,4,696116
cpxRp2,5.0,4,0,AGATAGGGCATAAGTTTAAG,4,661031
cpxRp2,5.0,4,0,AGAGTAAGAGAGAACGCGGA,4,661174
cpxRp2,5.0,4,0,AGAGGGGCTCCAGGCCATGG,4,660374
cpxRp2,5.0,4,0,AGAGCTGCATCCATTGCGAT,4,699768
cpxRp2,5.0,4,0,AGAACCAAAGCAATGTCTGT,4,663262
cpxRp2,5.0,4,0,ACTGGGTCTGCAACTCAGCC,4,638460
cpxRp2,5.0,4,0,ACTGGATGCGTCAAAGCGAC,4,701464
cpxRp2,5.0,4,0,ACTCTGCGCTTGGGACCAGA,4,697606
cpxRp2,5.0,4,0,ACTCAGCGGTCACATCAATA,4,648683
cpxRp2,5.0,4,0,ACTATTGTACACTAATTTCT,4,640331
cpxRp2,5.0,4,0,ACTATCTTTCCATGAATCAT,4,657994
cpxRp2,5.0,4,0,ACTACCCTTACATAGCACCA,4,662123
cpxRp2,5.0,4,0,ACTACCCGGAGCGTCAAGTG,4,692715
cpxRp2,5.0,4,0,ACGGTGTAGCGTTATTACTC,4,667945
cpxRp2,5.0,4,0,ACGCTTACAAATTCGGGCTT,4,697630
cpxRp2,5.0,4,0,ACGCCAGACTTAGCGTCTTT,4,705252
cpxRp2,5.0,4,0,ACGATTTGCTAGGTTACCTC,4,705920
cpxRp2,5.0,4,0,ACCTCGGCGCGCACCTCCCG,4,685864
cpxRp2,5.0,4,0,ACCGCTGAACACGTTCTAGA,4,693799
cpxRp2,5.0,4,0,ACCCTATAGGGGCAGGGGCT,4,656685
cpxRp2,5.0,4,0,ACCCCGCCTTGTGGGTGAAG,4,693568
cpxRp2,5.0,4,0,ACAGAGTCTACGTGTGCTGC,4,694570
cpxRp2,5.0,4,0,ACAGAACGGACCTAACGGTT,4,695832
cpxRp2,5.0,4,0,ACAATACTCCGGGGAGCAAA,4,661875
cpxRp2,5.0,4,0,AATGGGCATTGAGTTGATGC,4,652266
cpxRp2,5.0,4,0,AATGCTAAAGGGCCTGTATT,4,662798
cpxRp2,5.0,4,0,AATCGGCGCGAGTTGACTCA,4,644219
cpxRp2,5.0,4,0,AAGTATCCCGGTTTTTTAAA,4,658294
cpxRp2,5.0,4,0,AAGGCACCATTTCCCGGAAC,4,643177
cpxRp2,5.0,4,0,AAGCTGGCCGCTCACGCCGC,4,649087
cpxRp2,5.0,4,0,AAGCAGGTGCTACCCTCGGT,4,705674
cpxRp2,5.0,4,0,AAGAAAAGGCAGGTATGGGT,4,649442
cpxRp2,5.0,4,0,AACTGGCCGCCCTCATTATT,4,680122
cpxRp2,5.0,4,0,AACCTTTTTCCTCAGCATTA,4,697013
cpxRp2,5.0,4,0,AACCGACAGAAAGTTCGTTT,4,670935
cpxRp2,5.0,4,0,AACCGAAACAATCAAGAGGC,4,685896
cpxRp2,5.0,4,0,AACCCGGCTCAAAGATTAAC,4,653886
cpxRp2,5.0,4,0,AACCCGGCCGGGCTTAGGGT,4,699084
cpxRp2,5.0,4,0,AAATGACAGGCATCTTCCAG,4,678283
cpxRp2,5.0,4,0,AAATACGATGCAAAATCGCG,4,704324
cpxRp2,5.0,4,0,AAACATGCCTTACATAATTA,4,676979
cpxRp2,4.0,3,0,TTTTGCATCCCTCTCCGCAT,3,653739
cpxRp2,4.0,3,0,TTTTAGAAGCAAGGATGGGG,3,662538
cpxRp2,4.0,3,0,TTTACTGGCGGCGCCCCGAT,3,698418
cpxRp2,4.0,3,0,TTTAATGGATTTATTTGGAC,3,671831
cpxRp2,4.0,3,0,TTGTTTTTAGAGCATTCGTC,3,704194
cpxRp2,4.0,3,0,TTGTAACGTCAAACATACGG,3,648648
cpxRp2,4.0,3,0,TTGGTACAAGTCGAGGTCTA,3,692734
cpxRp2,4.0,3,0,TTGCTTTAGCTTGTAAATTC,3,707721
cpxRp2,4.0,3,0,TTGCCTGCAGCCTTGTAGGT,3,699229
cpxRp2,4.0,3,0,TTGATGTTGCTGGCGTAGTT,3,638687
cpxRp2,4.0,3,0,TTCTTAGTAGGGCATGTGTC,3,641092
cpxRp2,4.0,3,0,TTCTGTTTAACCAATGTGCG,3,701107
cpxRp2,4.0,3,0,TTCTAATAGATGCGTTCTCG,3,690568
cpxRp2,4.0,3,0,TTCCTAGTATGCTTCCCGAA,3,633458
cpxRp2,4.0,3,0,TTCCCCAGCTTAATCGCTGC,3,670232
cpxRp2,4.0,3,0,TTCCAACAGTCCCGTGCCTT,3,659808
cpxRp2,4.0,3,0,TTATTGGGAGCATCAAATTC,3,637676
cpxRp2,4.0,3,0,TTATTGCCCAATCCCCGTTC,3,641580
cpxRp2,4.0,3,0,TTATGTGATTCCTATACCGG,3,652261
cpxRp2,4.0,3,0,TTATATGCGTCGGTAGACGA,3,643070
cpxRp2,4.0,3,0,TTACGGGGACGTGGGTGTAG,3,639880
cpxRp2,4.0,3,0,TTAAAGCATGGCCCACACTG,3,644866
cpxRp2,4.0,3,0,TTAAAAATAGGCGACGGCGA,3,656486
cpxRp2,4.0,3,0,TGTTATCACTCATGGTTGTT,3,645599
cpxRp2,4.0,3,0,TGTGTGTTCAAATGTTTGGA,3,688636
cpxRp2,4.0,3,0,TGTGAGGAAGTAGAGGGCAT,3,701043
cpxRp2,4.0,3,0,TGTCTTAACGTCTCAAGTCT,3,629990
cpxRp2,4.0,3,0,TGTCTCGAGGTGAGGTCGCT,3,682996
cpxRp2,4.0,3,0,TGTATTGCTAAACTCTCCGT,3,679352
cpxRp2,4.0,3,0,TGTACTATAGCCGTGTGAAA,3,682325
cpxRp2,4.0,3,0,TGGTGAAGTAGTAAACGCTG,3,685663
cpxRp2,4.0,3,0,TGGTATACGGGCTAAGGAGT,3,712016
cpxRp2,4.0,3,0,TGGGACACAGTATCTTGTCT,3,692540
cpxRp2,4.0,3,0,TGGCGGTTACTGAGTCCGGG,3,638993
cpxRp2,4.0,3,0,TGGATGGCGCTACATTTGTC,3,690915
cpxRp2,4.0,3,0,TGCTGCAGTGGAGATGCCAG,3,702605
cpxRp2,4.0,3,0,TGCTCGCCCGGCTATAGTTC,3,709299
cpxRp2,4.0,3,0,TGCGCGGCTGGGCGTCGAGG,3,705572
cpxRp2,4.0,3,0,TGCGCAGGACTGGCTTCGTG,3,698759
cpxRp2,4.0,3,0,TGCCGTTCGGATGCCAGAAT,3,649907
cpxRp2,4.0,3,0,TGCCGCATACAACAGGCCTA,3,636533
cpxRp2,4.0,3,0,TGATCGGTCTGAATTGAGCG,3,640312
cpxRp2,4.0,3,0,TGATCACGATGGTTGATAGA,3,641102
cpxRp2,4.0,3,0,TCTTGCTCGTGCCTCGAGGT,3,646104
cpxRp2,4.0,3,0,TCTGAGGCACAGGACAAATA,3,682039
cpxRp2,4.0,3,0,TCTAAGTTACCGCTTAATTT,3,667099
cpxRp2,4.0,3,0,TCGTGGACGTGGCATACTAT,3,682881
cpxRp2,4.0,3,0,TCGTGCGGTGTAATAGCTAC,3,681948
cpxRp2,4.0,3,0,TCGGTTAGTATTGCAGGTGG,3,641389
cpxRp2,4.0,3,0,TCGGTCTTCTATGATTCACT,3,663010
cpxRp2,4.0,3,0,TCGGGGTGTGACGATGTGGA,3,690690
cpxRp2,4.0,3,0,TCCTACAGGGTACCTACCCT,3,655031
cpxRp2,4.0,3,0,TCCGTACCGCGCCGAAAAAC,3,709979
cpxRp2,4.0,3,0,TCCCAGAGCCGGTTTTCGTT,3,632583
cpxRp2,4.0,3,0,TCCACTGAGCCATTTCCAGT,3,653897
cpxRp2,4.0,3,0,TCCAATCTTATAGACGGCTA,3,631379
cpxRp2,4.0,3,0,TCATTGTTCAATTGGTTGCC,3,639315
cpxRp2,4.0,3,0,TCATGGGTAGTCCGTCATTT,3,650723
cpxRp2,4.0,3,0,TCATCGAGGCAACTAGGTCC,3,691784
cpxRp2,4.0,3,0,TCATCATACCCTGTTAGAGC,3,651224
cpxRp2,4.0,3,0,TCAGATATAGCAAGTCCAGA,3,698621
cpxRp2,4.0,3,0,TCACATTTCCGAAGAGGAAC,3,653374
cpxRp2,4.0,3,0,TCAATGTCCGAATGTGTATC,3,686707
cpxRp2,4.0,3,0,TCAATCAGCGGTTGAATTGT,3,667218
cpxRp2,4.0,3,0,TCAAGGAAGTCACACAACCT,3,672673
cpxRp2,4.0,3,0,TCAAAAGAGCGCCTTGACAA,3,664889
cpxRp2,4.0,3,0,TATCGTCACTGCATTATGTT,3,641362
cpxRp2,4.0,3,0,TATCGGTACAAGCTATGTCA,3,682350
cpxRp2,4.0,3,0,TAGGTTCGGTATCCTTGAGG,3,669672
cpxRp2,4.0,3,0,TAGCTCGTGAGAATGACGAG,3,650373
cpxRp2,4.0,3,0,TAGCGACGAGCGCCCTCGAT,3,649476
cpxRp2,4.0,3,0,TAGCACACTCTCCGCAGGTG,3,640528
cpxRp2,4.0,3,0,TAGAGTGGATGCAGTCGCGG,3,698551
cpxRp2,4.0,3,0,TACTTGATTGGCTATGCTGC,3,670426
cpxRp2,4.0,3,0,TACTGCCGTAATTGACATGA,3,649415
cpxRp2,4.0,3,0,TACGGGATATATCGGACCGT,3,641750
cpxRp2,4.0,3,0,TACGCCGTACCTTTTAGTTC,3,631825
cpxRp2,4.0,3,0,TACCGGGTTAACTCGCCAGT,3,637040
cpxRp2,4.0,3,0,TACATCATGGGGTTTGTACC,3,672202
cpxRp2,4.0,3,0,TACAAACCGGGTTTCGTCTA,3,684563
cpxRp2,4.0,3,0,TAAGCTAAGTCCAGGTTACC,3,633061
cpxRp2,4.0,3,0,TAACGGCCCTCGTTCGACAT,3,676263
cpxRp2,4.0,3,0,TAACCAGTCAGTGATCGCTG,3,691771
cpxRp2,4.0,3,0,GTTTACTAGAATCCGAGGGC,3,683943
cpxRp2,4.0,3,0,GTTGTAACCCTGGCGCTCTC,3,705301
cpxRp2,4.0,3,0,GTTACGACAACCGTTGTGTT,3,637112
cpxRp2,4.0,3,0,GTTAAGGTGGGTAAACCTAA,3,692261
cpxRp2,4.0,3,0,GTGTGAAAAAACTTCGATTG,3,634599
cpxRp2,4.0,3,0,GTGGATTCCGGATTGGGCAC,3,659648
cpxRp2,4.0,3,0,GTGACAAATTTGAAGGAGGT,3,678237
cpxRp2,4.0,3,0,GTCTTTGCCGCGCATTAGCT,3,701721
cpxRp2,4.0,3,0,GTCTTTAGGATTCTCACTGG,3,697330
cpxRp2,4.0,3,0,GTCGGATCACCCTTTAAGAT,3,708529
cpxRp2,4.0,3,0,GTCGCAGCAGATATGATCCG,3,705817
cpxRp2,4.0,3,0,GTCAGGTATAGGGTACGCAG,3,642958
cpxRp2,4.0,3,0,GTCAACGTTTATGACATGGT,3,673671
cpxRp2,4.0,3,0,GTAGGGATTGGTCTGTTGGA,3,666812
cpxRp2,4.0,3,0,GTACGTGTCAAGGCGCTACA,3,707633
cpxRp2,4.0,3,0,GTAAGGCTTTCAAACCGGAA,3,649633
cpxRp2,4.0,3,0,GGTTTCGGGCATTTCAACAT,3,671469
cpxRp2,4.0,3,0,GGTTGCCAGGATTCGAGGGC,3,671999
cpxRp2,4.0,3,0,GGTGCTAACGTAAGTCTTGT,3,698878
cpxRp2,4.0,3,0,GGTGCAGAGTTCGCACACCG,3,710580
cpxRp2,4.0,3,0,GGTCATAGTTTAAAGTCGAG,3,709311
cpxRp2,4.0,3,0,GGTAGTGGATGGCAGTCAGC,3,678120
cpxRp2,4.0,3,0,GGTAGATAGGTATCCCCGTC,3,671424
cpxRp2,4.0,3,0,GGGTTGGGACGACCTTCCGG,3,665538
cpxRp2,4.0,3,0,GGGTAATTAAGAGGGGAGAG,3,695286
cpxRp2,4.0,3,0,GGGGTCATTTCAAGTTCAGT,3,696148
cpxRp2,4.0,3,0,GGGGGCCATCGGGGCTAGCC,3,667274
cpxRp2,4.0,3,0,GGGGCGCAATATACATAATC,3,687797
cpxRp2,4.0,3,0,GGGCCTTTATGTATTCCATC,3,632902
cpxRp2,4.0,3,0,GGGCAAGCGGGGCCGCTCTG,3,656052
cpxRp2,4.0,3,0,GGGATTTGGAATACAGTGTA,3,710483
cpxRp2,4.0,3,0,GGGAAGAAGGGCCTGACTTA,3,693379
cpxRp2,4.0,3,0,GGCTGGCGCACGCCACTTGA,3,659687
cpxRp2,4.0,3,0,GGCTAACCATTATGAATGAT,3,681516
cpxRp2,4.0,3,0,GGCAGCGCATTCAGATGAAT,3,633328
cpxRp2,4.0,3,0,GGATATCAAAACTTCGGGGG,3,707512
cpxRp2,4.0,3,0,GGAGTGCCCATCACCCGGTT,3,671091
cpxRp2,4.0,3,0,GGAGGCCGGTGCACATCGCA,3,653385
cpxRp2,4.0,3,0,GGACTCTATATTATCGGTTG,3,680551
cpxRp2,4.0,3,0,GGACTCGATCGGCTTTGGGG,3,680825
cpxRp2,4.0,3,0,GGACCGGACTTGCGTGCCCG,3,686533
cpxRp2,4.0,3,0,GGACACCACAACATTTTATT,3,700412
cpxRp2,4.0,3,0,GGAAATTCATTAGCCCCCCT,3,663045
cpxRp2,4.0,3,0,GGAAAGGGCACGCATATTGT,3,687100
cpxRp2,4.0,3,0,GCTGTAACGGGGCAAGTGAC,3,650598
cpxRp2,4.0,3,0,GCTGAGTTACATTGATCCCT,3,681792
cpxRp2,4.0,3,0,GCTAGGTCACTTCGATCAGG,3,687750
cpxRp2,4.0,3,0,GCTACCGTATGGGCTCTACA,3,698645
cpxRp2,4.0,3,0,GCTACATAAAGGCGCATATA,3,700629
cpxRp2,4.0,3,0,GCGTTCCGTTGCTGCCCGCA,3,641925
cpxRp2,4.0,3,0,GCGTCTGTGGCTGCTGGATT,3,634243
cpxRp2,4.0,3,0,GCGTAGCGGGTACACGCACC,3,710806
cpxRp2,4.0,3,0,GCGGCGTAATGTTCAGACAA,3,697070
cpxRp2,4.0,3,0,GCGCTCACCTGTATTTTCTG,3,670171
cpxRp2,4.0,3,0,GCGCTAATACCTAGAGTTTG,3,689451
cpxRp2,4.0,3,0,GCGACAATCCCCAACCATGT,3,633510
cpxRp2,4.0,3,0,GCCTGGGATTTCTTTGCTAG,3,677160
cpxRp2,4.0,3,0,GCCGCGGATCGTCAAGCTCG,3,698195
cpxRp2,4.0,3,0,GCCCATAGGATAACCATTTT,3,660731
cpxRp2,4.0,3,0,GCCATAGGCGGGCTCGCTCA,3,648519
cpxRp2,4.0,3,0,GCCAGGAGTGCCTCGCAGGG,3,679476
cpxRp2,4.0,3,0,GCATGGCGGGGTACGACATG,3,708656
cpxRp2,4.0,3,0,GCAGTAATAACCGGGCCAGG,3,681101
cpxRp2,4.0,3,0,GCAAGCTAGGGTAAGTCAAG,3,684792
cpxRp2,4.0,3,0,GCAACTTCGGATAGAGATTC,3,682958
cpxRp2,4.0,3,0,GATTTAAAAGCCACGATGAG,3,685727
cpxRp2,4.0,3,0,GATTGCGACGGACATATGGA,3,686601
cpxRp2,4.0,3,0,GATGATTGTAATTGATAACC,3,696290
cpxRp2,4.0,3,0,GATGAGTACCCGCAGTATCT,3,640500
cpxRp2,4.0,3,0,GATCGGCTTAAGATACAGGG,3,636627
cpxRp2,4.0,3,0,GATCGATTATTCCATAGATA,3,701648
cpxRp2,4.0,3,0,GATAAGTCAACCCGAGCAAC,3,691230
cpxRp2,4.0,3,0,GAGTTGGCGTAGTAAGCCAA,3,635309
cpxRp2,4.0,3,0,GAGTTAGGATCGTTACGTGC,3,698827
cpxRp2,4.0,3,0,GAGGCTGGGCTCGACGATCG,3,666173
cpxRp2,4.0,3,0,GAGGCATCAAGAGTTTGTGC,3,668465
cpxRp2,4.0,3,0,GAGAGTATAAACCTAAGCCA,3,667100
cpxRp2,4.0,3,0,GAGAGAGTCCAGGGAAAGGA,3,634024
cpxRp2,4.0,3,0,GACGTCCATAGTACTGGTCC,3,706277
cpxRp2,4.0,3,0,GACCCAAAAACTTATACTTC,3,634199
cpxRp2,4.0,3,0,GACCACATGCTTTTTAATAC,3,667348
cpxRp2,4.0,3,0,GAATATCTAGATCAGTAAAG,3,648839
cpxRp2,4.0,3,0,GAACGGGATGCGTAGGTATT,3,633710
cpxRp2,4.0,3,0,GAACGCGACACGGCCCGCGG,3,684426
cpxRp2,4.0,3,0,GAAAAGGGGGTTATAAAATA,3,706582
cpxRp2,4.0,3,0,CTTTAATGGCTCGCCATAAT,3,690364
cpxRp2,4.0,3,0,CTTGTTTGGTCAACTAACCA,3,693009
cpxRp2,4.0,3,0,CTTCTGAAGCGCACCTGTCA,3,680899
cpxRp2,4.0,3,0,CTTCCGGACATGGTCATTTA,3,651470
cpxRp2,4.0,3,0,CTTCATTTGACAGGGGGTAT,3,668653
cpxRp2,4.0,3,0,CTTAGACTGCCGCGAGGAAG,3,688113
cpxRp2,4.0,3,0,CTGGGGATCAATGGCCTGCA,3,643327
cpxRp2,4.0,3,0,CTGGCGCTCGCTTGCCAGAA,3,693210
cpxRp2,4.0,3,0,CTCTGCGTGCAGTAGTACGT,3,693316
cpxRp2,4.0,3,0,CTCCCCGCACATGCTAAATC,3,684816
cpxRp2,4.0,3,0,CTCATGCATACGGGAGTGTT,3,693103
cpxRp2,4.0,3,0,CTCAGGCTCTAAAGGAGGTC,3,676360
cpxRp2,4.0,3,0,CTATTCAAACGTACGGATCG,3,657449
cpxRp2,4.0,3,0,CTAGGGGGGGGTAAAAATGT,3,645175
cpxRp2,4.0,3,0,CGTTGTTGATAATTTTCAAG,3,700161
cpxRp2,4.0,3,0,CGTTCTGCACTATTGCATAA,3,675789
cpxRp2,4.0,3,0,CGTTATGGCTGGGACCCAAA,3,630564
cpxRp2,4.0,3,0,CGTTATCCATCTGATTTGAG,3,631380
cpxRp2,4.0,3,0,CGTGGCGGGGGCATCACATT,3,640864
cpxRp2,4.0,3,0,CGTCTACCATCTCGGTTTGG,3,642835
cpxRp2,4.0,3,0,CGTCGAGGGTAACCATATAT,3,682196
cpxRp2,4.0,3,0,CGTCGAGCCGCCAAGGAAGG,3,679897
cpxRp2,4.0,3,0,CGGTGCGAGTTAATGTCAGT,3,681082
cpxRp2,4.0,3,0,CGGTAGCTGCGGCTTGTCGT,3,693955
cpxRp2,4.0,3,0,CGGTACTCATTTTTGTCAAA,3,704166
cpxRp2,4.0,3,0,CGGGTCCTACGGCCTACATT,3,690657
cpxRp2,4.0,3,0,CGGGCTCGGGTAGGTCACAC,3,707098
cpxRp2,4.0,3,0,CGGGACCCTTGTGCGTTGAA,3,668683
cpxRp2,4.0,3,0,CGGCCACTCAGAGGGCAATA,3,659971
cpxRp2,4.0,3,0,CGGCAAGTGGAATATGAGAA,3,680180
cpxRp2,4.0,3,0,CGGACACACGTGTAAACCTT,3,654024
cpxRp2,4.0,3,0,CGGAAGGAGCGCTTAACGCG,3,640397
cpxRp2,4.0,3,0,CGGAAATGGTGGCTGGGTAG,3,682273
cpxRp2,4.0,3,0,CGCTTCAAACGACGAACACA,3,709554
cpxRp2,4.0,3,0,CGCTGTCACGGACCGGTCGT,3,665946
cpxRp2,4.0,3,0,CGCTGGGCGCTGGTCTTGCA,3,662492
cpxRp2,4.0,3,0,CGCTGCATTAATGATCAAAG,3,630405
cpxRp2,4.0,3,0,CGCTATGCCTAGAGGACGGC,3,656923
cpxRp2,4.0,3,0,CGCGGCACGGCATTAGAGGC,3,698665
cpxRp2,4.0,3,0,CGCGAGGGTGGGAAAGAGTT,3,645250
cpxRp2,4.0,3,0,CGCGAGGAGCTCGGCTATGC,3,709986
cpxRp2,4.0,3,0,CGCGAAACGGCGTCATGGGA,3,652419
cpxRp2,4.0,3,0,CGCCCCCTCCCAACAACGCA,3,666779
cpxRp2,4.0,3,0,CGCAACGACTTGCGCTTTTG,3,671254
cpxRp2,4.0,3,0,CGAGCGTAGCTGACGTCCTG,3,641475
cpxRp2,4.0,3,0,CGAGACACAGTACCAAACAT,3,694249
cpxRp2,4.0,3,0,CGACGACGAAAAGTCATGTT,3,680361
cpxRp2,4.0,3,0,CCTTTCTCCGGCCAATCGTA,3,708019
cpxRp2,4.0,3,0,CCTCGGATACAGTACAATTA,3,634772
cpxRp2,4.0,3,0,CCTACTATTAAGTGGTATAG,3,700752
cpxRp2,4.0,3,0,CCTACGAGTCCAGGGCGGTT,3,678653
cpxRp2,4.0,3,0,CCTAACTACGTAAAGCGCGA,3,634532
cpxRp2,4.0,3,0,CCGTGTGCATAGTATCTGAA,3,633793
cpxRp2,4.0,3,0,CCGTCGTTCCAATCATTTAA,3,707916
cpxRp2,4.0,3,0,CCGTACTCGATGGGCCGATA,3,691813
cpxRp2,4.0,3,0,CCGGGTGCGCCTCAGGGTGT,3,665955
cpxRp2,4.0,3,0,CCGCGGGGGATCGTGAGCGT,3,685083
cpxRp2,4.0,3,0,CCGACCACTCTACTATATGA,3,629760
cpxRp2,4.0,3,0,CCCGTCATTCCTAAAGAAAT,3,711391
cpxRp2,4.0,3,0,CCCGTCATAACTGGGACAGT,3,654171
cpxRp2,4.0,3,0,CCCGGGTGCCCTAAAGTGTG,3,690770
cpxRp2,4.0,3,0,CCCGGGAAATAGGAGTAGGA,3,667911
cpxRp2,4.0,3,0,CCCCTATCACAAAGAGTCTT,3,639583
cpxRp2,4.0,3,0,CCCATCCTCTTGACGCACTC,3,654445
cpxRp2,4.0,3,0,CCCAAGTAAGGTACAAGTCC,3,685563
cpxRp2,4.0,3,0,CCATCGGCCGTATTCTATTT,3,666410
cpxRp2,4.0,3,0,CCATAACGGGATAAGTTTAT,3,669082
cpxRp2,4.0,3,0,CCAGTAGTCGAACGAGCAAC,3,629855
cpxRp2,4.0,3,0,CCAGCCACAACTCCAACCTT,3,696378
cpxRp2,4.0,3,0,CCAGCCAAGGGTGATAAGCC,3,679423
cpxRp2,4.0,3,0,CCAGAAGATCCCCTCGGGGT,3,636879
cpxRp2,4.0,3,0,CCACCGTATGCCCCGGACAA,3,675268
cpxRp2,4.0,3,0,CATTTAGAGAGAGCTAAACT,3,630822
cpxRp2,4.0,3,0,CATTGTCGAGGCTGGGGCTG,3,712207
cpxRp2,4.0,3,0,CATTGAACCTGCGGGTGGTG,3,710351
cpxRp2,4.0,3,0,CATGTTCACAGAGGGCATGT,3,678382
cpxRp2,4.0,3,0,CATCAGGTCAGTCGAGCGGG,3,633476
cpxRp2,4.0,3,0,CATCACCCTTAACCTGGCCA,3,680234
cpxRp2,4.0,3,0,CATAATTAGCGCAGGCGGTC,3,688216
cpxRp2,4.0,3,0,CAGCTCGTAGGAAGGCACTC,3,652285
cpxRp2,4.0,3,0,CAGCGCCCCTCGGTCATCTA,3,700822
cpxRp2,4.0,3,0,CAGCCGTATTTGCAAGATCG,3,675444
cpxRp2,4.0,3,0,CAGCCGATGGTATGAAATGT,3,645854
cpxRp2,4.0,3,0,CACTGGACTGATCGCCCCCT,3,640016
cpxRp2,4.0,3,0,CACTAACATGCACGTTATAC,3,642582
cpxRp2,4.0,3,0,CACGTAGCAAGGTTTAGGCG,3,682367
cpxRp2,4.0,3,0,CACCCGGACGTGGCCTTTGT,3,658352
cpxRp2,4.0,3,0,CACATCTGGGTATGAAGAAC,3,701068
cpxRp2,4.0,3,0,CACACGGAACTGAGCCACCT,3,690288
cpxRp2,4.0,3,0,CAATATACATCGCAACTCAC,3,706721
cpxRp2,4.0,3,0,CAAGCCCGAAGGTATTAAAA,3,634826
cpxRp2,4.0,3,0,CAACTGTCTGATCATGTTTG,3,650383
cpxRp2,4.0,3,0,CAACGCTTATCTTTCCAGCG,3,630818
cpxRp2,4.0,3,0,CAACCTGGTGTGCATAGGTA,3,640314
cpxRp2,4.0,3,0,CAACCGAACTGGGTATAGCT,3,650827
cpxRp2,4.0,3,0,CAACCCGTGGATTACTCACC,3,663443
cpxRp2,4.0,3,0,ATTTTTAGATCAGGGGGGGC,3,702816
cpxRp2,4.0,3,0,ATTTCAAAATTAGCTTGATG,3,711999
cpxRp2,4.0,3,0,ATTGGACCGGAGAGGAAGGC,3,652073
cpxRp2,4.0,3,0,ATTCTAGAGTGGAATGCTGT,3,630567
cpxRp2,4.0,3,0,ATTATTCGGTTCTCTGGAGT,3,706044
cpxRp2,4.0,3,0,ATTACGCGCCCGGAGATAAA,3,698596
cpxRp2,4.0,3,0,ATGTGGTCTTAGGGTCTTAA,3,679370
cpxRp2,4.0,3,0,ATGTATCAACCTAGAATGAT,3,654821
cpxRp2,4.0,3,0,ATGAGTCCTTCGGGAGTAAT,3,698073
cpxRp2,4.0,3,0,ATGAACTGCTCGACTTCAGT,3,666622
cpxRp2,4.0,3,0,ATCGTTACTGATTTAGCCAT,3,700535
cpxRp2,4.0,3,0,ATCGTGTGTCCCGTAGGGTG,3,674448
cpxRp2,4.0,3,0,ATCGGTGCCGCTAGTCGGTC,3,682236
cpxRp2,4.0,3,0,ATCCGGGTAAGTACATAGGA,3,656599
cpxRp2,4.0,3,0,ATCCGGAATCGAGGTCACGG,3,690524
cpxRp2,4.0,3,0,ATATCGAGGCCGACGGGACC,3,661131
cpxRp2,4.0,3,0,ATATAAGATTTGCGAGCTCG,3,661630
cpxRp2,4.0,3,0,ATAGACCTGCTATTATGCTT,3,710478
cpxRp2,4.0,3,0,ATACTCGAAGGCTGTGATTA,3,697169
cpxRp2,4.0,3,0,ATACTCACTAAGCGCTGGGA,3,633064
cpxRp2,4.0,3,0,ATACTATGCATATCAGACTC,3,664951
cpxRp2,4.0,3,0,ATACCCTGTGTGTAGACTCC,3,634149
cpxRp2,4.0,3,0,ATACCAAATCTTGCAGTCGT,3,658603
cpxRp2,4.0,3,0,ATACATACCTAGTTCCGCGT,3,670730
cpxRp2,4.0,3,0,ATAATAAATTGCTTGCCGCG,3,635645
cpxRp2,4.0,3,0,ATAACGACACTTGCTATTAA,3,668694
cpxRp2,4.0,3,0,ATAACCTGCATGCATCTAGG,3,648353
cpxRp2,4.0,3,0,ATAAAACGACGTTCCTGCGT,3,681930
cpxRp2,4.0,3,0,AGTTGATAGGGAGCTCCTGT,3,675404
cpxRp2,4.0,3,0,AGTGAGGAATACCGAGGGGT,3,695021
cpxRp2,4.0,3,0,AGTCCACACCATAGCGAAGG,3,663592
cpxRp2,4.0,3,0,AGGTAGCCGGTGCTCGGAGA,3,685987
cpxRp2,4.0,3,0,AGGTAACATATGCTAGCCAC,3,680685
cpxRp2,4.0,3,0,AGGCCTCCGTCAGCCTCACT,3,653189
cpxRp2,4.0,3,0,AGGCCAGGGCTTGGCTAGTT,3,658122
cpxRp2,4.0,3,0,AGCTTGGTGCAGGCAACGCT,3,662623
cpxRp2,4.0,3,0,AGCTGTGGGGGATGACACAT,3,671192
cpxRp2,4.0,3,0,AGCTAATCTTGCGTGCTATA,3,657396
cpxRp2,4.0,3,0,AGCAGTGGCACCGATTGTCG,3,702286
cpxRp2,4.0,3,0,AGCAGGTGTGGGGCTGAGAC,3,634747
cpxRp2,4.0,3,0,AGATTTGACTTAAGATCCAA,3,664064
cpxRp2,4.0,3,0,AGATGTAATTGGGTCCCTAA,3,639105
cpxRp2,4.0,3,0,AGACCGAGATACCTCGGCTT,3,635502
cpxRp2,4.0,3,0,AGACAATTGCACAACTCCAC,3,670146
cpxRp2,4.0,3,0,AGACAACCCGTTGGGTAACT,3,677083
cpxRp2,4.0,3,0,ACTTGAGGAGTATACAATTA,3,670897
cpxRp2,4.0,3,0,ACTCTTTGAGTGAGATATGG,3,643250
cpxRp2,4.0,3,0,ACTCCATAAGACATAATCTA,3,697453
cpxRp2,4.0,3,0,ACTCACCGCGCCAACCATCA,3,671037
cpxRp2,4.0,3,0,ACGTGATGAAGGTCCGGTTT,3,631165
cpxRp2,4.0,3,0,ACGGAAACAAGTCCTTACCT,3,643562
cpxRp2,4.0,3,0,ACGATTTTCCGCCTTCCTTC,3,676689
cpxRp2,4.0,3,0,ACGATCCCTAGTCCTGACGG,3,686807
cpxRp2,4.0,3,0,ACCTCGCTGAAAAGAGATGG,3,641162
cpxRp2,4.0,3,0,ACCCTATTTCCGCCGATCTA,3,637897
cpxRp2,4.0,3,0,ACCCGGTTCGTCCAGTCGCT,3,673077
cpxRp2,4.0,3,0,ACCCGCGGCTAGGGGTCATG,3,696880
cpxRp2,4.0,3,0,ACCCCTATTGTAGCAGTACG,3,708201
cpxRp2,4.0,3,0,ACCATTTCATTCAAATAACT,3,662501
cpxRp2,4.0,3,0,ACATAGCGGCCAGGTCTGCC,3,654009
cpxRp2,4.0,3,0,ACATACGTCGTTTATATCAG,3,662706
cpxRp2,4.0,3,0,ACAGACGGCTGCCCCGCCCA,3,661184
cpxRp2,4.0,3,0,ACAAGTGCAAGACCAAGAGG,3,702691
cpxRp2,4.0,3,0,AATTCGACAGATGGGATGCT,3,652327
cpxRp2,4.0,3,0,AATTCAAGTCTCTGCTCCGT,3,632942
cpxRp2,4.0,3,0,AATTAAATGCCCATTATGCA,3,696531
cpxRp2,4.0,3,0,AATGTTATGTCTGAGTACGC,3,637686
cpxRp2,4.0,3,0,AATGTTAGAATCCAAAGTTA,3,681073
cpxRp2,4.0,3,0,AATGGTATCAGCGACCAAGA,3,704360
cpxRp2,4.0,3,0,AATGGCCTTCTGTTAAGGAG,3,701701
cpxRp2,4.0,3,0,AATGCTGTTAGGCACCGGGG,3,659716
cpxRp2,4.0,3,0,AATGACCTTGTTATCCGAAT,3,708660
cpxRp2,4.0,3,0,AATCTACGGCTTACCGGGAC,3,642805
cpxRp2,4.0,3,0,AAGTTCTAACAAGCTGCAGA,3,661073
cpxRp2,4.0,3,0,AAGTTAACAACCATCCAGCC,3,632147
cpxRp2,4.0,3,0,AAGGTAGAGCTTGAGCTTGG,3,702420
cpxRp2,4.0,3,0,AACTTGGGGTTATTGCACCC,3,639094
cpxRp2,4.0,3,0,AACTGGCGTAAACCTGTGCT,3,692637
cpxRp2,4.0,3,0,AACTGACCGGTAAATCTTCG,3,705198
cpxRp2,4.0,3,0,AACCTTGACATGCTTATAGT,3,690059
cpxRp2,4.0,3,0,AACCGCGCAGAGCAAACCTT,3,648162
cpxRp2,4.0,3,0,AACCCCAAGAGTATAGGGTT,3,699892
cpxRp2,4.0,3,0,AACCATCATAACAACGCAGC,3,707296
cpxRp2,4.0,3,0,AAAGTCACCAGAGGTGGGTG,3,684201
cpxRp2,3.0,2,0,TTTTACATGCTAATTGCTAC,2,684926
cpxRp2,3.0,2,0,TTTGTATTGACGATCGAGCC,2,630819
cpxRp2,3.0,2,0,TTTCGCACTTCAGACGGCCA,2,630664
cpxRp2,3.0,2,0,TTTCAACCGTCAAAGGTATG,2,643624
cpxRp2,3.0,2,0,TTTCAACAGGGTGTGACGTC,2,709583
cpxRp2,3.0,2,0,TTTATTCTCAGGTGACTATT,2,633400
cpxRp2,3.0,2,0,TTTATGCGGACGCGCGCACA,2,630378
cpxRp2,3.0,2,0,TTTATAAAAGGCGCCTCCGC,2,653049
cpxRp2,3.0,2,0,TTGTCGGTACCTGAAGGAAA,2,638281
cpxRp2,3.0,2,0,TTGGAACCCCCACGAACAGG,2,675412
cpxRp2,3.0,2,0,TTGAGAACCGAGATGCGTAA,2,654511
cpxRp2,3.0,2,0,TTCTCGGTTCGCATACGCTA,2,658196
cpxRp2,3.0,2,0,TTCTAGGTGCATAGTACCAA,2,629746
cpxRp2,3.0,2,0,TTCGTACTACTCGTACTAAT,2,675183
cpxRp2,3.0,2,0,TTCCGGAGCGACCTCCCTCA,2,647807
cpxRp2,3.0,2,0,TTCCATCCCGTCTACCGTGA,2,694972
cpxRp2,3.0,2,0,TTCATACGCCGTCACTTATT,2,637790
cpxRp2,3.0,2,0,TTCAACCCCCTTGGCAGCAC,2,663722
cpxRp2,3.0,2,0,TTATCTCTCGCGCAGGCAAG,2,649200
cpxRp2,3.0,2,0,TTAGTTTGTTTTAGGGAATT,2,646905
cpxRp2,3.0,2,0,TTAGGTTCTACGGAAATCGT,2,636667
cpxRp2,3.0,2,0,TTAGCCATGTGCCGAAGTCG,2,695397
cpxRp2,3.0,2,0,TTAGCACAGGCCCCGACCAT,2,672818
cpxRp2,3.0,2,0,TTAGAGTCGCGATCCTCCAT,2,644837
cpxRp2,3.0,2,0,TTACTCGGATAAGTCTTCCA,2,660359
cpxRp2,3.0,2,0,TTACATAGCGTTTGTCTTGA,2,705980
cpxRp2,3.0,2,0,TTAAGGAGTTGGGGGTGCCA,2,696948
cpxRp2,3.0,2,0,TTAACGAACACCCCTCGAAT,2,678305
cpxRp2,3.0,2,0,TTAACCGAATACCTGGAGGC,2,672011
cpxRp2,3.0,2,0,TGTTTCTGAGCGCCTCGCTT,2,640272
cpxRp2,3.0,2,0,TGTTCGCTATCCGACTCCAC,2,631849
cpxRp2,3.0,2,0,TGTTACTTTTTCGGACCGGA,2,692515
cpxRp2,3.0,2,0,TGTTACTACCAATAGCATCC,2,640738
cpxRp2,3.0,2,0,TGTTAATTAGGTAAGCGCTA,2,682987
cpxRp2,3.0,2,0,TGTCTTGTATTCCTACATAG,2,665265
cpxRp2,3.0,2,0,TGTCTCACCCCAGATGAGTT,2,644842
cpxRp2,3.0,2,0,TGTCGGACCCTCAGCGGATA,2,690493
cpxRp2,3.0,2,0,TGGTCCCGGGCCTTACTGTG,2,689237
cpxRp2,3.0,2,0,TGGTACAATTGGATTATCCA,2,666137
cpxRp2,3.0,2,0,TGGGGGTCCGAACGTGGACG,2,634800
cpxRp2,3.0,2,0,TGGAGTTGTGGTCGGCTGAT,2,691553
cpxRp2,3.0,2,0,TGCTGCGTAGTACTGTTAGT,2,671210
cpxRp2,3.0,2,0,TGCTCTACAGACCGACCGTC,2,693555
cpxRp2,3.0,2,0,TGCTCCTGTGAGCACTCCCT,2,640615
cpxRp2,3.0,2,0,TGCTCAGATACGTGGCATGT,2,679007
cpxRp2,3.0,2,0,TGCGGGTATCATGTCGCTTT,2,702217
cpxRp2,3.0,2,0,TGCCTGAGGGTTTAAACTGA,2,666495
cpxRp2,3.0,2,0,TGCCTACTCGGCCACCTGTC,2,701608
cpxRp2,3.0,2,0,TGCCGCAGGTTGACAGCGCA,2,697202
cpxRp2,3.0,2,0,TGCCACGACATAGTAACAAC,2,668082
cpxRp2,3.0,2,0,TGATTTGGCAACTCGCGCCT,2,633951
cpxRp2,3.0,2,0,TGATTCCGGCGTACTGGTAC,2,686682
cpxRp2,3.0,2,0,TGATTCACAAGTACCTACGC,2,639897
cpxRp2,3.0,2,0,TGATAAGGCAGGGCCAGCAG,2,694954
cpxRp2,3.0,2,0,TGAGCGAACTCAACGGGTCC,2,675181
cpxRp2,3.0,2,0,TGACTCAATGTGCAAATCCC,2,687867
cpxRp2,3.0,2,0,TGACGGGGGCGGGCCACGTC,2,686229
cpxRp2,3.0,2,0,TCTGGTATCAATGGCATCCA,2,630284
cpxRp2,3.0,2,0,TCTGGGTGGTTTGTGCTTGG,2,674164
cpxRp2,3.0,2,0,TCTCAAGTAGGAATATACTC,2,657910
cpxRp2,3.0,2,0,TCTATGTAAGTGCCAAGTCA,2,687051
cpxRp2,3.0,2,0,TCTAGCGGTCAGTGATGTGC,2,634085
cpxRp2,3.0,2,0,TCTAAGCGCCCAATCGGGGA,2,709332
cpxRp2,3.0,2,0,TCGTCGGAGTATTGTCAGAT,2,654996
cpxRp2,3.0,2,0,TCGTATGGGCCATAGTCCGG,2,647473
cpxRp2,3.0,2,0,TCGGTCAACGTTTGTATATA,2,669520
cpxRp2,3.0,2,0,TCGGCGACAGGTACTCCAGG,2,659570
cpxRp2,3.0,2,0,TCGGAGCAGCTCCTTAAGGT,2,647340
cpxRp2,3.0,2,0,TCGGAGAGATTTGTTTGGCG,2,702383
cpxRp2,3.0,2,0,TCGCCTCACCTAGGGAAATT,2,704676
cpxRp2,3.0,2,0,TCGCCGGGGGCTGGAAACTG,2,706425
cpxRp2,3.0,2,0,TCGATTGTACGTGTTCTACA,2,662912
cpxRp2,3.0,2,0,TCGAGAATGTTGAATTCTCA,2,695242
cpxRp2,3.0,2,0,TCGAACAAATGGAACAAAAA,2,632298
cpxRp2,3.0,2,0,TCGAAAATGGAGGATACCAT,2,637588
cpxRp2,3.0,2,0,TCCTGCGCCGGGATGATGAC,2,658456
cpxRp2,3.0,2,0,TCCGTTACCTTTTTCGCTAA,2,707297
cpxRp2,3.0,2,0,TCCGGTGTAGGGTACCGACC,2,631189
cpxRp2,3.0,2,0,TCCCTATCCCCCACGGTCAC,2,633673
cpxRp2,3.0,2,0,TCCATGTCGTTTTCATGGCG,2,659493
cpxRp2,3.0,2,0,TCCAGCAAGATGTGCGCTAC,2,687080
cpxRp2,3.0,2,0,TCATTAACCTCTCGGGGATC,2,652098
cpxRp2,3.0,2,0,TCATACCCTCCACATAGACT,2,681510
cpxRp2,3.0,2,0,TCACTTCGTAGCAAGCGAAA,2,680199
cpxRp2,3.0,2,0,TCACATGTTTCTATTTCGGC,2,701473
cpxRp2,3.0,2,0,TCAATTGGCGCCGAGAAGGG,2,672883
cpxRp2,3.0,2,0,TCAAGGCTATTCTGCCGTCA,2,636725
cpxRp2,3.0,2,0,TCAACCTCTACTCGGAGAGA,2,693409
cpxRp2,3.0,2,0,TCAAAGAATTATCGACAATG,2,700947
cpxRp2,3.0,2,0,TATTTGTAGGCTGGTGACAT,2,638050
cpxRp2,3.0,2,0,TATTAGCGCTCGATTCAGTA,2,712124
cpxRp2,3.0,2,0,TATTAACGTGTCTTAGGTAA,2,690345
cpxRp2,3.0,2,0,TATGTAAGGTGAAAGTGGAA,2,674216
cpxRp2,3.0,2,0,TATATGGACTGTGAGCGGCA,2,696111
cpxRp2,3.0,2,0,TATAATCTAAACGGGACACT,2,659102
cpxRp2,3.0,2,0,TAGGGTTCTCGGGGAGGAAA,2,696210
cpxRp2,3.0,2,0,TAGGGATCGGTGACTTGTGG,2,673954
cpxRp2,3.0,2,0,TAGGCGGTTAGCAACGGTAA,2,685086
cpxRp2,3.0,2,0,TAGACGAGTGATCCCTTGTG,2,671752
cpxRp2,3.0,2,0,TACGAGAAAGAAAGCGGGAC,2,681806
cpxRp2,3.0,2,0,TACCGCACGACATTCCTTTT,2,701209
cpxRp2,3.0,2,0,TACCCTCTATTCTATTGCAG,2,661158
cpxRp2,3.0,2,0,TACCCATTAAGGCGATGTTT,2,690983
cpxRp2,3.0,2,0,TACATCCAAAATGCTAGCAT,2,694233
cpxRp2,3.0,2,0,TACATCAATCGCTTTTCTAA,2,660941
cpxRp2,3.0,2,0,TAATGGAACAAGCCTACCGG,2,711499
cpxRp2,3.0,2,0,TAAGGGGAATACAAATTCTT,2,668775
cpxRp2,3.0,2,0,TAACGCGAAGTAGCACCCAG,2,679581
cpxRp2,3.0,2,0,TAACATGAGGTCCGGCGAGC,2,672678
cpxRp2,3.0,2,0,TAAAAATCCCCATAAGGTTC,2,647130
cpxRp2,3.0,2,0,GTTTGTGGTGGGCAATCCAA,2,697821
cpxRp2,3.0,2,0,GTTTGATGCCAGTGCGCAAA,2,678635
cpxRp2,3.0,2,0,GTTTCCATCAGCCTGTCGTA,2,646150
cpxRp2,3.0,2,0,GTTTAGACGGGCCTCTATAT,2,642376
cpxRp2,3.0,2,0,GTTGCGAACTCAAAGTGAAC,2,689606
cpxRp2,3.0,2,0,GTTCCGTAATTCTTCAGATA,2,631212
cpxRp2,3.0,2,0,GTTCACGCATTCGAAACATT,2,685418
cpxRp2,3.0,2,0,GTTACGAACTCATCTCACAG,2,660483
cpxRp2,3.0,2,0,GTTAAAACACGGCGCCTCTG,2,690694
cpxRp2,3.0,2,0,GTGTGGCGAACACAGCGTAG,2,709011
cpxRp2,3.0,2,0,GTGTCACATCGGATGGCTCG,2,649126
cpxRp2,3.0,2,0,GTGGGGCGTAGACTCCGCTT,2,650986
cpxRp2,3.0,2,0,GTGGATTGTGTTCACCGTTG,2,666617
cpxRp2,3.0,2,0,GTGGAGATGAACTATACGTC,2,683382
cpxRp2,3.0,2,0,GTCTACACCACTGAGGAGTT,2,659463
cpxRp2,3.0,2,0,GTCCAAATAAGGACCTAGAC,2,668850
cpxRp2,3.0,2,0,GTCAGGGTAAAATAGACTCG,2,694488
cpxRp2,3.0,2,0,GTCACCGGATATCAACCATA,2,706940
cpxRp2,3.0,2,0,GTATTCCGCGTAAGTCTCTC,2,688923
cpxRp2,3.0,2,0,GTATGAAGATTGAGCAACCA,2,702603
cpxRp2,3.0,2,0,GTAGTGATCGCGAAACGCAC,2,696565
cpxRp2,3.0,2,0,GTAGCAGTGGGTCCATTCAG,2,706138
cpxRp2,3.0,2,0,GTAGAGTCTTTTAATTGAAC,2,705354
cpxRp2,3.0,2,0,GTACCGATTGATGTAAGACT,2,647204
cpxRp2,3.0,2,0,GTACACTTGGGGATGTATAG,2,657917
cpxRp2,3.0,2,0,GTAAGGACTTTGTCAGCGTA,2,680281
cpxRp2,3.0,2,0,GTAACACATGGGCCGAGATA,2,649682
cpxRp2,3.0,2,0,GGTTGCGTAGCGTTTCCGGA,2,681071
cpxRp2,3.0,2,0,GGTTCAACGCTTTTGTTGGC,2,652332
cpxRp2,3.0,2,0,GGTGGTATATACCGCGAGCT,2,690564
cpxRp2,3.0,2,0,GGTGCGTTTACGGTAATAGA,2,689480
cpxRp2,3.0,2,0,GGTGCGACGTCGGGCCAGGA,2,678585
cpxRp2,3.0,2,0,GGTCCCGGGGTGAACATGTA,2,690159
cpxRp2,3.0,2,0,GGTCCCAATCGACAAAGCCT,2,676633
cpxRp2,3.0,2,0,GGTACTCCATAGTCAAGAGG,2,676809
cpxRp2,3.0,2,0,GGGTGGTCTAGAGGCCAGTA,2,706914
cpxRp2,3.0,2,0,GGGGGGGCCTGGGTTCTATC,2,692388
cpxRp2,3.0,2,0,GGGCGTCTACCCGCAGAGTT,2,705286
cpxRp2,3.0,2,0,GGGCCGGCTGGCGTGGCGCT,2,670729
cpxRp2,3.0,2,0,GGGCCAAGCCCCATTTCACG,2,644749
cpxRp2,3.0,2,0,GGCTGGTCATACGTTCGCGA,2,668608
cpxRp2,3.0,2,0,GGCTGGACGCTGTTGTAAAT,2,704733
cpxRp2,3.0,2,0,GGCTAGCTTCCCGGAATTGA,2,645511
cpxRp2,3.0,2,0,GGCCAGGTCTAAGGCGTTAA,2,655852
cpxRp2,3.0,2,0,GGAGTTTGCTCATTCTAATG,2,658579
cpxRp2,3.0,2,0,GGAATTTGTGTGGGCAAAGG,2,701208
cpxRp2,3.0,2,0,GGAAGCCCTTACGTGGAATG,2,632535
cpxRp2,3.0,2,0,GGAAAGTTTCTCAAATCGAA,2,672830
cpxRp2,3.0,2,0,GCTTGCTACTTTACTTCCTT,2,679890
cpxRp2,3.0,2,0,GCTTCGGTGCTTGTTTCGAG,2,679841
cpxRp2,3.0,2,0,GCTTAAGGTTGAACAGTAAG,2,657710
cpxRp2,3.0,2,0,GCTGTTGTTGCTCAGTGGCA,2,677054
cpxRp2,3.0,2,0,GCTGCTCGGGCCACTAGACG,2,681648
cpxRp2,3.0,2,0,GCTGAGGATGACCTGAGATA,2,695005
cpxRp2,3.0,2,0,GCTAGCAGGCGCACAAGCAT,2,668953
cpxRp2,3.0,2,0,GCTAAGAGTTTCCAACTCGG,2,684092
cpxRp2,3.0,2,0,GCTAAAGTATCAAGTCATTG,2,697681
cpxRp2,3.0,2,0,GCGTGTCCCCGTTTACAAGG,2,657573
cpxRp2,3.0,2,0,GCGTGGCGGGCTTCTATCGT,2,698592
cpxRp2,3.0,2,0,GCGGTACGAATTGTTCGTAA,2,692766
cpxRp2,3.0,2,0,GCGCGTTCAGTCTACTCGCA,2,658607
cpxRp2,3.0,2,0,GCGCGAACTGCATTACCCAC,2,708388
cpxRp2,3.0,2,0,GCGCCACGCGAATCGTGATA,2,672547
cpxRp2,3.0,2,0,GCGCCACCGCTGCGCGGGGG,2,697219
cpxRp2,3.0,2,0,GCGATACCTGTCTAGCAGTT,2,691503
cpxRp2,3.0,2,0,GCGAGCTATGGGGTCGCTGA,2,695711
cpxRp2,3.0,2,0,GCCTTAGGCATTATCTAGTC,2,633365
cpxRp2,3.0,2,0,GCCTCGGCACCGGAGCGACT,2,691519
cpxRp2,3.0,2,0,GCCTCATTCTCTATTGACCA,2,636448
cpxRp2,3.0,2,0,GCCGGAGAATGATCCAAAGT,2,708466
cpxRp2,3.0,2,0,GCCGACGGTTCAGTAGGTGG,2,694521
cpxRp2,3.0,2,0,GCCCGCCAGTTTGGCTAACA,2,667148
cpxRp2,3.0,2,0,GCCAGCAATAACACTGGATG,2,672815
cpxRp2,3.0,2,0,GCATCCGAGGTGTCGTGCGC,2,690422
cpxRp2,3.0,2,0,GCATCCCGACATCCGGTCCC,2,669304
cpxRp2,3.0,2,0,GCAGCTCTTCAGTGATACTC,2,666101
cpxRp2,3.0,2,0,GCAGCGTACGCCCCTCAACC,2,685409
cpxRp2,3.0,2,0,GCACTCTTTGACTATCTGAA,2,708165
cpxRp2,3.0,2,0,GCACTCACTTCAACGGGGCT,2,678758
cpxRp2,3.0,2,0,GCACGCAGCTCTCCCATCAA,2,661283
cpxRp2,3.0,2,0,GCACGAAGACGGTAGGATGA,2,700229
cpxRp2,3.0,2,0,GCACAGTATTTTTTAAGGGT,2,673731
cpxRp2,3.0,2,0,GCAACTATGTCAAGTGTGAA,2,694381
cpxRp2,3.0,2,0,GCAACATTGGTATGTTTGTC,2,665429
cpxRp2,3.0,2,0,GATTTACGATTATAGAGCGT,2,685347
cpxRp2,3.0,2,0,GATGGATGGTTGGACCGATG,2,679601
cpxRp2,3.0,2,0,GATCGAGAATAGGTGGACAA,2,703733
cpxRp2,3.0,2,0,GATAGGGATTGACTGACTCG,2,657933
cpxRp2,3.0,2,0,GAGTTAAGTCTCTGAAGTCT,2,649927
cpxRp2,3.0,2,0,GAGTGGCATCAGCACAAAAG,2,636234
cpxRp2,3.0,2,0,GAGTATCAATTATTGAAGTG,2,670447
cpxRp2,3.0,2,0,GAGGGGCGTTACAACTCGAA,2,633482
cpxRp2,3.0,2,0,GAGGCCTAGTCGCAAACGAG,2,657075
cpxRp2,3.0,2,0,GAGGAACGGGACTCTGGGTC,2,704956
cpxRp2,3.0,2,0,GAGCTTGTTCCTTAATCCTG,2,650049
cpxRp2,3.0,2,0,GAGCGTAGCCAATATCCATA,2,709826
cpxRp2,3.0,2,0,GAGCCTTTTACTCTCACGGT,2,679805
cpxRp2,3.0,2,0,GAGATTGTGGGGCTTCATTG,2,690557
cpxRp2,3.0,2,0,GAGAGCGCGCGCTGGCTTTT,2,662534
cpxRp2,3.0,2,0,GAGACTGTATGCCTGTTATC,2,676569
cpxRp2,3.0,2,0,GAGACGTAATAATGTAAAGA,2,636921
cpxRp2,3.0,2,0,GAGAAAAAGGTCTTATGTGT,2,683806
cpxRp2,3.0,2,0,GACTGGCACGAACAGACCTA,2,649095
cpxRp2,3.0,2,0,GACTGATTTTTTAGGTATGC,2,692541
cpxRp2,3.0,2,0,GACTCCAGGAATCTATTGTA,2,705097
cpxRp2,3.0,2,0,GACAGCACCAAGCCCTTAGA,2,697025
cpxRp2,3.0,2,0,GACAATGTTAGCCCCCCGGG,2,708243
cpxRp2,3.0,2,0,GAATGCGGTTGGAACTCTGA,2,681781
cpxRp2,3.0,2,0,GAAGACACATAAGCCCACGA,2,651784
cpxRp2,3.0,2,0,CTTTTTCAGCAAGGTTGTAA,2,688696
cpxRp2,3.0,2,0,CTTTTATTGATGGGTGAGGG,2,633963
cpxRp2,3.0,2,0,CTTTGGAGGCTTGCGAACTA,2,686990
cpxRp2,3.0,2,0,CTTGCCTACGATCGGATCCC,2,684797
cpxRp2,3.0,2,0,CTTCCGTCGGCATTTGTGAA,2,710463
cpxRp2,3.0,2,0,CTTCACCAACCGGTGGGATA,2,663453
cpxRp2,3.0,2,0,CTGTGGAGGAATGCACTTAG,2,681104
cpxRp2,3.0,2,0,CTGTGAATTAGGCATCGTGG,2,646615
cpxRp2,3.0,2,0,CTGGGGAAAGCAAAGTGCCA,2,702594
cpxRp2,3.0,2,0,CTGGCCCCGACGCGTTTCTT,2,695873
cpxRp2,3.0,2,0,CTGCTTACCAACTCAAGCAT,2,675908
cpxRp2,3.0,2,0,CTGCGGAGTTGGCTGTAACG,2,679130
cpxRp2,3.0,2,0,CTGCCTTTTCCCGGATGGGA,2,649392
cpxRp2,3.0,2,0,CTGCCGAGGCGAGGATAGTA,2,633146
cpxRp2,3.0,2,0,CTGATTCAGCCGGTAACGGA,2,643635
cpxRp2,3.0,2,0,CTGATTAGATAGTTAGCCCA,2,696946
cpxRp2,3.0,2,0,CTGAATGTCTATCAAGGCGA,2,702071
cpxRp2,3.0,2,0,CTCTTATTGTGGATCTTGGT,2,638649
cpxRp2,3.0,2,0,CTCTACTTTGCCTAGACAGA,2,675417
cpxRp2,3.0,2,0,CTCGTCTTAAGAGTAGCACT,2,708020
cpxRp2,3.0,2,0,CTCGCCATTGGGATAATACT,2,700378
cpxRp2,3.0,2,0,CTCCCTAGCTTTCGTAATCG,2,641611
cpxRp2,3.0,2,0,CTCCCCAGGGACTTCATTTC,2,698006
cpxRp2,3.0,2,0,CTCCAACAAAGTACTTTTCG,2,697062
cpxRp2,3.0,2,0,CTCATAAGTCGCTTCCCCGA,2,684406
cpxRp2,3.0,2,0,CTCAGCGCACCAATGGTACT,2,630734
cpxRp2,3.0,2,0,CTCAATCTGCCCCACCTTAA,2,694673
cpxRp2,3.0,2,0,CTATTTTGGAACTATTTGCG,2,631888
cpxRp2,3.0,2,0,CTATGTCGTGTGTGGGTCAT,2,694499
cpxRp2,3.0,2,0,CTATGTAGGAGTATTATATC,2,630828
cpxRp2,3.0,2,0,CTAGAATAGTAGGATCGAGT,2,686703
cpxRp2,3.0,2,0,CTACTCACTTATGCTGTACC,2,701067
cpxRp2,3.0,2,0,CTACCCTCCCAAAAGTAGAA,2,706619
cpxRp2,3.0,2,0,CTAATAGTTTACCTGTTCAG,2,704333
cpxRp2,3.0,2,0,CTAAATAATTCGTATACAGC,2,648870
cpxRp2,3.0,2,0,CTAAAATATAGCATTGAATG,2,692532
cpxRp2,3.0,2,0,CGTTGATTATTTAAACTCTA,2,702544
cpxRp2,3.0,2,0,CGTGTTGTAGCGTCTTGAGG,2,669241
cpxRp2,3.0,2,0,CGTGGCGGCACTTCGAGAGA,2,638244
cpxRp2,3.0,2,0,CGTCCCCTATCCGCAGCTTC,2,689404
cpxRp2,3.0,2,0,CGTCCCAATTGTATTGCACC,2,707977
cpxRp2,3.0,2,0,CGTCATCAGATTCTTCAACT,2,708645
cpxRp2,3.0,2,0,CGTCAATACACCCCTTGTCA,2,672068
cpxRp2,3.0,2,0,CGTAGAGGACATGAGTCTAG,2,711862
cpxRp2,3.0,2,0,CGGTGGCTCGACCTTCACTT,2,668995
cpxRp2,3.0,2,0,CGGTCCAACGGTGTAGTACG,2,691850
cpxRp2,3.0,2,0,CGGTAGGAAGTATATCGCGT,2,647580
cpxRp2,3.0,2,0,CGGGTTGACAGCCTCCCCGT,2,659512
cpxRp2,3.0,2,0,CGGGGTAGTTTCGCGCGATG,2,703152
cpxRp2,3.0,2,0,CGGCTCGCACGTTAGAGACA,2,635865
cpxRp2,3.0,2,0,CGGAGTGTCTTAAACGGTCA,2,694983
cpxRp2,3.0,2,0,CGGAGGACTCAGGTTTTTTT,2,652207
cpxRp2,3.0,2,0,CGGAGGAAGACTACATCCAG,2,701863
cpxRp2,3.0,2,0,CGGACTGTTGCGTGTAGTGT,2,706297
cpxRp2,3.0,2,0,CGGAAGTCTTCATGGAATGA,2,692551
cpxRp2,3.0,2,0,CGCTTCCTTCAGGAAGTTTA,2,710867
cpxRp2,3.0,2,0,CGCTGGCTCACGTGAACTAT,2,635064
cpxRp2,3.0,2,0,CGCTCGTATTGGCTCCATCT,2,676945
cpxRp2,3.0,2,0,CGCTATTTCTGAATACTACT,2,695512
cpxRp2,3.0,2,0,CGCCGCGTAGGCAGGGCTAA,2,636903
cpxRp2,3.0,2,0,CGCCCCACCGGTACCTGCTG,2,642753
cpxRp2,3.0,2,0,CGATCCCCCCTCAAAGTAGT,2,704319
cpxRp2,3.0,2,0,CGATAGTAAAAACCCATACA,2,711433
cpxRp2,3.0,2,0,CGAGGATTTCATGCAGCTCT,2,711626
cpxRp2,3.0,2,0,CGACTTAGTTATGTGCCCCT,2,642724
cpxRp2,3.0,2,0,CGACGTGAGCTGAACGACTC,2,703820
cpxRp2,3.0,2,0,CGACCTGCGGGCGGCGCAGA,2,670529
cpxRp2,3.0,2,0,CGAACTCTCTTGTCGCTATT,2,634538
cpxRp2,3.0,2,0,CCTTTAGTACAGGTTTAGGT,2,639240
cpxRp2,3.0,2,0,CCTGGGACACCTCCTTCTAG,2,647719
cpxRp2,3.0,2,0,CCTGAACAGCGTGGAGCGTA,2,680376
cpxRp2,3.0,2,0,CCTCCGCATGGTCCGAAGGG,2,661409
cpxRp2,3.0,2,0,CCTAACCAGAGGAGTACCTA,2,687682
cpxRp2,3.0,2,0,CCGGGGTGTAAATTGCCCCC,2,662193
cpxRp2,3.0,2,0,CCGGGGAGCTGGTTTTTATG,2,656540
cpxRp2,3.0,2,0,CCGGCTCACACGACAGGGTG,2,701606
cpxRp2,3.0,2,0,CCGCATCACGATCGACTGTG,2,701775
cpxRp2,3.0,2,0,CCGAGTGCTTGGACTTCCAT,2,643679
cpxRp2,3.0,2,0,CCCGACCGATAGTATTGCTC,2,659422
cpxRp2,3.0,2,0,CCCCAATACCTATAACGCCG,2,649959
cpxRp2,3.0,2,0,CCCATAATCGATGAGATCGA,2,689840
cpxRp2,3.0,2,0,CCCAGACCTCACGGGCCATC,2,666455
cpxRp2,3.0,2,0,CCCACCCTTTGATATAAGTC,2,666113
cpxRp2,3.0,2,0,CCCAATCTTCTAGGGAAATG,2,666062
cpxRp2,3.0,2,0,CCCAATCCATTAAAATGTGT,2,709125
cpxRp2,3.0,2,0,CCATGTAGCTGAATTGACCG,2,700317
cpxRp2,3.0,2,0,CCATGCGACAAGAAGTCGGC,2,644346
cpxRp2,3.0,2,0,CCATAGTTTAACCGAGCGGC,2,681468
cpxRp2,3.0,2,0,CCACCACTTTTAGATTACAT,2,692382
cpxRp2,3.0,2,0,CCACAGGTTCGCCTGATGCT,2,648722
cpxRp2,3.0,2,0,CCACAGGGTTAGTTGGACTT,2,703171
cpxRp2,3.0,2,0,CCAAGCGGCTAGCCTACAAC,2,656023
cpxRp2,3.0,2,0,CCAAAGTACGCTTTAGCTAG,2,700556
cpxRp2,3.0,2,0,CATTCTCAATTCTTTTGCCT,2,629744
cpxRp2,3.0,2,0,CATGAACACCGTGACCATGA,2,650368
cpxRp2,3.0,2,0,CATCGTGCACTCTTAGGATT,2,685616
cpxRp2,3.0,2,0,CATCCTAAGGCGATGTGAAC,2,653530
cpxRp2,3.0,2,0,CATAGGATTTGAGGAAGCTC,2,678402
cpxRp2,3.0,2,0,CAGTTTGGATGCATCAGAAC,2,645281
cpxRp2,3.0,2,0,CAGTCGATGTACAGGATTCT,2,699321
cpxRp2,3.0,2,0,CAGTAAAGCCGCACCCTAAG,2,669362
cpxRp2,3.0,2,0,CAGGGTAATCTCAGTGCTAT,2,641368
cpxRp2,3.0,2,0,CAGGGACATGAGGTGGTAAC,2,650432
cpxRp2,3.0,2,0,CAGGCGGAATGTCGTCGCGT,2,659141
cpxRp2,3.0,2,0,CAGCTGTACTTTTCTAACCT,2,645820
cpxRp2,3.0,2,0,CAGCTCCTCTCCAGTAAGAA,2,644522
cpxRp2,3.0,2,0,CAGATGAACACTAGAGGCCC,2,704228
cpxRp2,3.0,2,0,CACTGGACTTTAAAGGTAAT,2,629996
cpxRp2,3.0,2,0,CACTATGACGGATTGATCAC,2,685413
cpxRp2,3.0,2,0,CACCATGTGAGTGCTGTGGC,2,689249
cpxRp2,3.0,2,0,CACAATCTCGACGCGAGGTT,2,651313
cpxRp2,3.0,2,0,CACAAGGAAACCTTTCTATC,2,668851
cpxRp2,3.0,2,0,CACAACGCTGAACAACCTGT,2,646015
cpxRp2,3.0,2,0,CACAAAAGTAAGGCGCAGAG,2,648406
cpxRp2,3.0,2,0,CAATTAGAAGCTACAAGAAT,2,640947
cpxRp2,3.0,2,0,CAAGAGCTTCAGCCGAACCT,2,631800
cpxRp2,3.0,2,0,CAACTCACCAGCTCAGCTAA,2,659707
cpxRp2,3.0,2,0,CAACCCAAGTACTCGCCCCT,2,681907
cpxRp2,3.0,2,0,CAAATGCAGGTTGCAGGCGA,2,699857
cpxRp2,3.0,2,0,ATTTTACTACCCACAGCGAT,2,692022
cpxRp2,3.0,2,0,ATTTGTAAACTGCTACGTCC,2,658515
cpxRp2,3.0,2,0,ATTTGAAGTCAAGAGATCTC,2,665456
cpxRp2,3.0,2,0,ATTGCTAAATTCAACAACAA,2,637143
cpxRp2,3.0,2,0,ATTGACGCGTGTGTCTTGTG,2,691744
cpxRp2,3.0,2,0,ATTCTCCTGCTGGAGCGATC,2,694074
cpxRp2,3.0,2,0,ATTCTATTATAATTAGTTAG,2,671782
cpxRp2,3.0,2,0,ATTCGAAGCTGGAAGAGACA,2,638180
cpxRp2,3.0,2,0,ATTATCATCCTCGGGGGACG,2,667412
cpxRp2,3.0,2,0,ATGTTAGCAAACCTCCGAGC,2,669789
cpxRp2,3.0,2,0,ATGGGGGGCGGCAAGGTTGA,2,663065
cpxRp2,3.0,2,0,ATGGCTCATCTTAGTTATTT,2,689112
cpxRp2,3.0,2,0,ATGGCCGCGCGGGGGGGTTT,2,684877
cpxRp2,3.0,2,0,ATGCGGAGCGCATTAATATA,2,641267
cpxRp2,3.0,2,0,ATGCGCAACAGAAGCGATGT,2,686117
cpxRp2,3.0,2,0,ATGCGACGAACGGGGACCTC,2,690237
cpxRp2,3.0,2,0,ATGAGTGACATGCCTAAGTG,2,644476
cpxRp2,3.0,2,0,ATGAGTAGATCGTCACAAAC,2,694422
cpxRp2,3.0,2,0,ATGAGGGCTAATCAAAGCCG,2,698779
cpxRp2,3.0,2,0,ATCGTATGTACGTCTTCTGC,2,642572
cpxRp2,3.0,2,0,ATCGGTTACCTTTAGGTGTA,2,639004
cpxRp2,3.0,2,0,ATCCGTGCCCGCGATCGTCA,2,669315
cpxRp2,3.0,2,0,ATCAGCCAGCCGTTTTCACG,2,640395
cpxRp2,3.0,2,0,ATATGGTACCTTGACTGTTT,2,660695
cpxRp2,3.0,2,0,ATATCTTCCGGAAGGCTAGG,2,686640
cpxRp2,3.0,2,0,ATATCGAGGATGGGGTTTTT,2,647522
cpxRp2,3.0,2,0,ATAGAGTGTGCGTGTCTACC,2,650226
cpxRp2,3.0,2,0,ATAGAGATCCTTATGTGCCG,2,657751
cpxRp2,3.0,2,0,ATACGTGTTTGAAGCCCGAG,2,712268
cpxRp2,3.0,2,0,ATACACGAGTTATCTGAACG,2,638846
cpxRp2,3.0,2,0,ATAAGGAGCATGCTAGACAT,2,636944
cpxRp2,3.0,2,0,AGTTGGATTCGGGGCGTCAG,2,648607
cpxRp2,3.0,2,0,AGTTCTATTCAATTGGGAAC,2,641283
cpxRp2,3.0,2,0,AGTGTAGGGAAAGCTCTCCC,2,694839
cpxRp2,3.0,2,0,AGTGGCGGTGGCCGGTTGCC,2,712169
cpxRp2,3.0,2,0,AGTCCACTGTGTTTTAACTA,2,693781
cpxRp2,3.0,2,0,AGTCCAATTACGCGCCACGT,2,704497
cpxRp2,3.0,2,0,AGTCAAGCCTTCGGATTATC,2,701584
cpxRp2,3.0,2,0,AGTATCGGCTGCATAGGCTC,2,641015
cpxRp2,3.0,2,0,AGTACGAAAAGCGAGTTGCC,2,682066
cpxRp2,3.0,2,0,AGGTTACCGCAGATTTCGAG,2,682582
cpxRp2,3.0,2,0,AGGAGAGTTTAGCGCCGGGC,2,641213
cpxRp2,3.0,2,0,AGGAAGCCGAATTTTAACCT,2,708653
cpxRp2,3.0,2,0,AGCGGACGTGGCCTCAGCTA,2,651238
cpxRp2,3.0,2,0,AGCGCATAGGATGCATAGGA,2,662460
cpxRp2,3.0,2,0,AGCGCACCTAGGGATGTATA,2,639216
cpxRp2,3.0,2,0,AGCCCATAGCGATGAATTTA,2,702956
cpxRp2,3.0,2,0,AGCCACGGCGTCAAATATAA,2,707613
cpxRp2,3.0,2,0,AGACGCAGACGTCCCCGGGT,2,697313
cpxRp2,3.0,2,0,AGACCGCTAATTCGCCGTCT,2,710595
cpxRp2,3.0,2,0,AGAATCTAATGACGTTGAGA,2,692045
cpxRp2,3.0,2,0,AGAAGTTTGCATACAGGCCA,2,631672
cpxRp2,3.0,2,0,ACTTTTTTCTACTCAGAGGA,2,711180
cpxRp2,3.0,2,0,ACTTTAAAGCGCTATGGAAA,2,694688
cpxRp2,3.0,2,0,ACTGTTTCACCGGCGCACCC,2,682348
cpxRp2,3.0,2,0,ACTGGGAGAATGCCCACCCG,2,630132
cpxRp2,3.0,2,0,ACTGGCTTTGGGACACCTCA,2,642089
cpxRp2,3.0,2,0,ACTGCTCTACCATATTCGAC,2,643910
cpxRp2,3.0,2,0,ACTCTTACGAGCTATACTCT,2,662336
cpxRp2,3.0,2,0,ACGTATGACGTCGGACCTGT,2,658498
cpxRp2,3.0,2,0,ACGGGTACCCAGTGATGATT,2,655390
cpxRp2,3.0,2,0,ACGGCAACTTGCAAACGGCT,2,635580
cpxRp2,3.0,2,0,ACGCCCACGGTACTTGCCCG,2,689761
cpxRp2,3.0,2,0,ACGAGTCACCGTCCAATTGC,2,681644
cpxRp2,3.0,2,0,ACCGTTGCAAGGGTTTGTGG,2,692530
cpxRp2,3.0,2,0,ACCGTTCCCCCTTCCATTGC,2,650975
cpxRp2,3.0,2,0,ACCGGTGCAATCTTATGTCG,2,634544
cpxRp2,3.0,2,0,ACCGAAACGGTTCGGTAGCC,2,662210
cpxRp2,3.0,2,0,ACCCTGATTTCTGTGTGAAA,2,694681
cpxRp2,3.0,2,0,ACCCGATATAGGTGAGGGTC,2,699567
cpxRp2,3.0,2,0,ACATTTGGAATTTGGTTACA,2,638624
cpxRp2,3.0,2,0,ACATTGGGCACGTCCGTAAG,2,695206
cpxRp2,3.0,2,0,ACATACATCAGGCCCTCTGG,2,676288
cpxRp2,3.0,2,0,ACAGCACCGCGGTTTCGCGG,2,643286
cpxRp2,3.0,2,0,ACACTGCGGTCAGATTTCTT,2,634970
cpxRp2,3.0,2,0,ACACTATCAATTAATGCGCG,2,656284
cpxRp2,3.0,2,0,ACACGCCATTAGGCCAGTTC,2,640815
cpxRp2,3.0,2,0,ACAATCATGCTCACAGGCAG,2,702202
cpxRp2,3.0,2,0,ACAAGCTGATGCATAATAAA,2,671599
cpxRp2,3.0,2,0,ACAAGAACATGGCATCTTTA,2,691047
cpxRp2,3.0,2,0,AATGTAACCGATGAGTTCTA,2,648880
cpxRp2,3.0,2,0,AATGGTTTGTAATCGTTTGC,2,702528
cpxRp2,3.0,2,0,AATGAAACAGCAAACATCAC,2,686335
cpxRp2,3.0,2,0,AATCCCGCGATCTCCTCGAT,2,677440
cpxRp2,3.0,2,0,AATCCAGCTGATCAACTGTT,2,632068
cpxRp2,3.0,2,0,AATCAGGCAAACCGATCGCG,2,683099
cpxRp2,3.0,2,0,AATAGGCCGCTTCAGCCGCC,2,633870
cpxRp2,3.0,2,0,AAGTTCGGATCAGAACCTCA,2,653726
cpxRp2,3.0,2,0,AAGTGATGTGATACAAGAGC,2,701270
cpxRp2,3.0,2,0,AAGATCTAGGCCTCGCACAT,2,653750
cpxRp2,3.0,2,0,AAGACCTCAAGACCGGTCCT,2,644020
cpxRp2,3.0,2,0,AAGAAAATATGGTACCGTCA,2,690702
cpxRp2,3.0,2,0,AACTGCAACTACGAACGCGC,2,695864
cpxRp2,3.0,2,0,AACTAACCGTAGTCATAGTA,2,655405
cpxRp2,3.0,2,0,AACTAACAGGCTTTCGCCAT,2,657971
cpxRp2,3.0,2,0,AACGTTTATGAGAGTTGAAC,2,651039
cpxRp2,3.0,2,0,AACGTAGGGCATAGAGGGAG,2,647993
cpxRp2,3.0,2,0,AACGGTGCCGGGGAATGCCA,2,699893
cpxRp2,3.0,2,0,AACGCCAGTCCGTCTGCAGG,2,638083
cpxRp2,3.0,2,0,AACCTTCCGTCAGAAGTTCC,2,648262
cpxRp2,3.0,2,0,AACCCGGACCGAATAAGATA,2,653646
cpxRp2,3.0,2,0,AACCATTAGTAGAACATAAC,2,693118
cpxRp2,3.0,2,0,AACAGAGTATGACGCCGTTA,2,644719
cpxRp2,3.0,2,0,AACACTGGTGTTTGAGGAAA,2,641847
cpxRp2,3.0,2,0,AACAACCGAAGAACCCTTAC,2,643908
cpxRp2,3.0,2,0,AACAACACTATGGGGTCAAA,2,685139
cpxRp2,3.0,2,0,AAATTCACCGGTGGTTTGAA,2,677695
cpxRp2,3.0,2,0,AAATTACGTGCTGAGTCGGA,2,682363
cpxRp2,3.0,2,0,AAATCGCGCGCTCGGCGCAG,2,704470
cpxRp2,3.0,2,0,AAAATTCCTTCTCTTGGTGG,2,631597
cpxRp2,2.0,1,0,TTTTTGCATCGTCCACGGGT,1,705021
cpxRp2,2.0,1,0,TTTTGAGCTGTGATTAACGG,1,686389
cpxRp2,2.0,1,0,TTTTACGCGCTTCGGAGTGG,1,670658
cpxRp2,2.0,1,0,TTTGGTTGTCTGGTCCCGTC,1,662422
cpxRp2,2.0,1,0,TTTCACACGAAAAACCTTGC,1,674053
cpxRp2,2.0,1,0,TTTATGATTACTAACAGCGT,1,680112
cpxRp2,2.0,1,0,TTGTGTCTTGTAATGTTCAG,1,693405
cpxRp2,2.0,1,0,TTGTAGTCTGTTTCTCTTAG,1,652818
cpxRp2,2.0,1,0,TTGGCAGAGCCATGATGGCC,1,637658
cpxRp2,2.0,1,0,TTGGATAGAGCTACTGTGTT,1,683207
cpxRp2,2.0,1,0,TTGGAAATGGGCGACAAGGC,1,703229
cpxRp2,2.0,1,0,TTGCAAATCTGCCGGTGGCC,1,658190
cpxRp2,2.0,1,0,TTGATACCTAGGGCGGTGTA,1,662439
cpxRp2,2.0,1,0,TTGAGAATTCTTAGACCAAA,1,681933
cpxRp2,2.0,1,0,TTGACCTTACTGCTGTGAGT,1,674312
cpxRp2,2.0,1,0,TTGACACGGAACTCGACGAA,1,702970
cpxRp2,2.0,1,0,TTCTTTGATCGAGCTTTTGT,1,686483
cpxRp2,2.0,1,0,TTCTTATGATGCTATATTAC,1,635649
cpxRp2,2.0,1,0,TTCCCGAGAGTGGCGGACGG,1,665843
cpxRp2,2.0,1,0,TTCCAGTAGCGTCGCGTAAG,1,698556
cpxRp2,2.0,1,0,TTCATGCTGTTAGTATATTT,1,670073
cpxRp2,2.0,1,0,TTCAGTAAGTCGCCGGAAAG,1,659411
cpxRp2,2.0,1,0,TTCAGCCGAAACCTCTCTGC,1,657989
cpxRp2,2.0,1,0,TTCACGTTCCATTCTGGAAT,1,705563
cpxRp2,2.0,1,0,TTCACATAAGGAATAGATAG,1,709281
cpxRp2,2.0,1,0,TTAGTAGGCAGTTGGTCCGG,1,673985
cpxRp2,2.0,1,0,TTACCGCTTTGAATCGATCA,1,671194
cpxRp2,2.0,1,0,TTAAGTTTATTGGCTACCTG,1,658757
cpxRp2,2.0,1,0,TTAAGACTATCTTTAAAAAG,1,651326
cpxRp2,2.0,1,0,TTAACGAAAGCGACTTTTAC,1,633077
cpxRp2,2.0,1,0,TGTTTATGTATGTTAGGGCT,1,709856
cpxRp2,2.0,1,0,TGTTTAGGTTAGAGCGTCCC,1,671691
cpxRp2,2.0,1,0,TGTGTTGGAGCAAGGACATA,1,671957
cpxRp2,2.0,1,0,TGTGTCTCACGCATGCTAGA,1,659917
cpxRp2,2.0,1,0,TGTGACCGCAACAGATCTAC,1,638330
cpxRp2,2.0,1,0,TGTCCCGAGTGATTTGGGCT,1,662236
cpxRp2,2.0,1,0,TGGTTAGGTTATTATGGGCA,1,680859
cpxRp2,2.0,1,0,TGGTGTAACATGAACGCTCA,1,663207
cpxRp2,2.0,1,0,TGGTCAAAATCAGCGCGTGA,1,700723
cpxRp2,2.0,1,0,TGGGGTGCCAGGGCCGGATC,1,639405
cpxRp2,2.0,1,0,TGGGCTGAGACACCTTACCT,1,705104
cpxRp2,2.0,1,0,TGGCTACAATACGTACCGAA,1,652728
cpxRp2,2.0,1,0,TGGCCTGTATGATTCCGTTT,1,709686
cpxRp2,2.0,1,0,TGGACCGACTCAGTAGTAGT,1,658627
cpxRp2,2.0,1,0,TGCTTGGTTATAGTACACGA,1,658746
cpxRp2,2.0,1,0,TGCGGTGAGAAGAACGAACA,1,712265
cpxRp2,2.0,1,0,TGCGCCCTGGCGCGAGGTAG,1,679914
cpxRp2,2.0,1,0,TGCGCACTATTCACGAATAA,1,663757
cpxRp2,2.0,1,0,TGCCGTTTTTCTCACTGTAT,1,652558
cpxRp2,2.0,1,0,TGCCCAAGCATCTTCCAACT,1,648474
cpxRp2,2.0,1,0,TGCCACGATGGGTAACTGCC,1,642884
cpxRp2,2.0,1,0,TGCAGACTGCATGGAGGCGA,1,690611
cpxRp2,2.0,1,0,TGCAGAATGTCGAAGACGCC,1,654447
cpxRp2,2.0,1,0,TGCAATGCTCACTACGCTCG,1,673664
cpxRp2,2.0,1,0,TGATTCTCGGTACGTAATCA,1,695139
cpxRp2,2.0,1,0,TGATTAGGGGTGAGGGACCG,1,660709
cpxRp2,2.0,1,0,TGATGCCATACCGAGTATCG,1,693358
cpxRp2,2.0,1,0,TGATCACCAATACTTTCAGT,1,693215
cpxRp2,2.0,1,0,TGAGTGATGGTCCAACCACT,1,697655
cpxRp2,2.0,1,0,TGAGCGTCTGGCTTTTTTCA,1,654163
cpxRp2,2.0,1,0,TGACGCATTTGCCAGACGAT,1,641374
cpxRp2,2.0,1,0,TGAAGTTACGTACCTTCTTT,1,693544
cpxRp2,2.0,1,0,TGAAGCGCGGTATGAAAATA,1,642873
cpxRp2,2.0,1,0,TCTTCTGGGCACGTTAAATC,1,671839
cpxRp2,2.0,1,0,TCTTCCTTCACTCCGCTGCA,1,688254
cpxRp2,2.0,1,0,TCTTATCTTAATGGTCGCCT,1,668467
cpxRp2,2.0,1,0,TCTTAAATTAGCTTCCGCAA,1,680016
cpxRp2,2.0,1,0,TCTGGTATGAACCTTCATTC,1,687620
cpxRp2,2.0,1,0,TCTGCAGTCTGTTTGTGACA,1,684595
cpxRp2,2.0,1,0,TCTGCAATTCCGAGATCGAC,1,658280
cpxRp2,2.0,1,0,TCTCGGCCCTAGTCCTAGGA,1,697240
cpxRp2,2.0,1,0,TCTCCCTAATGCCCTAGCGC,1,669565
cpxRp2,2.0,1,0,TCTCCAACGTAGGGCGGTAG,1,661758
cpxRp2,2.0,1,0,TCTCATGCTGGAGGAGTGCC,1,670921
cpxRp2,2.0,1,0,TCTCACGCCCTCGTCGAACA,1,708779
cpxRp2,2.0,1,0,TCTATCAAATTCTACTGAAT,1,647780
cpxRp2,2.0,1,0,TCTAATCACACTAACGGGTC,1,674380
cpxRp2,2.0,1,0,TCGTTCGACTAATACAATCA,1,688075
cpxRp2,2.0,1,0,TCGTTCAACCGGGTGGGAGC,1,688332
cpxRp2,2.0,1,0,TCGTCGAATGCAGGCCCCGG,1,662194
cpxRp2,2.0,1,0,TCGTATATGCGCTTGACAAT,1,664376
cpxRp2,2.0,1,0,TCGGGGGGTATCCTAACGGT,1,680747
cpxRp2,2.0,1,0,TCGGCAGCGCCTTCTCTGCT,1,705475
cpxRp2,2.0,1,0,TCGCTGTCTTAGATCCACTT,1,688060
cpxRp2,2.0,1,0,TCGCTCGGATGAATACGTAA,1,708150
cpxRp2,2.0,1,0,TCGCCGCGCGACATTCGCTG,1,681971
cpxRp2,2.0,1,0,TCGCCAAAGGTATTAACATC,1,632389
cpxRp2,2.0,1,0,TCGCACGAGACGGGGTACGA,1,697305
cpxRp2,2.0,1,0,TCGATCGGGACCTGATGTAT,1,659885
cpxRp2,2.0,1,0,TCGAGCCCTGTCGATTGGGT,1,689655
cpxRp2,2.0,1,0,TCGACCTATGGTGATGCTCA,1,709231
cpxRp2,2.0,1,0,TCGACATCCTAATCCGCCGG,1,671603
cpxRp2,2.0,1,0,TCCTGGTCGCACCAAGACAT,1,657782
cpxRp2,2.0,1,0,TCCTCGTTTTTATTAGGCTG,1,675803
cpxRp2,2.0,1,0,TCCTCGAAACACTGGTGGGA,1,675644
cpxRp2,2.0,1,0,TCCTCCAACATGAGCGTAGT,1,682286
cpxRp2,2.0,1,0,TCCTAGGGGCAAGTGTCTCA,1,664592
cpxRp2,2.0,1,0,TCCGTCCTGCCGTTCAAGTT,1,647273
cpxRp2,2.0,1,0,TCCGCGTGGTACTCCGTCTT,1,703562
cpxRp2,2.0,1,0,TCCCATGCGTACACTCTAAT,1,670981
cpxRp2,2.0,1,0,TCCATACAGTCGTTGTACTG,1,687196
cpxRp2,2.0,1,0,TCCAATTAGCGAAGACGCAA,1,684773
cpxRp2,2.0,1,0,TCATTTAAACGTACAATTGT,1,679605
cpxRp2,2.0,1,0,TCATGTCAGCCGGGCGAGGT,1,656087
cpxRp2,2.0,1,0,TCAGATCTTAACTTGTTCAA,1,633417
cpxRp2,2.0,1,0,TCACTCGACGCTCATGGCGA,1,684324
cpxRp2,2.0,1,0,TCACGTCTATAATTACTGTT,1,678126
cpxRp2,2.0,1,0,TCACCCCGTGTCTGAGCACC,1,700469
cpxRp2,2.0,1,0,TCACATGTGTACACAGTACA,1,682334
cpxRp2,2.0,1,0,TCACATATGGATACAAATTA,1,696114
cpxRp2,2.0,1,0,TCAATAAATTTTAAGACGAG,1,692704
cpxRp2,2.0,1,0,TCAAGACCCTTGGTCCTAAC,1,630230
cpxRp2,2.0,1,0,TCAAAGTCCCTATCGAGGTC,1,672685
cpxRp2,2.0,1,0,TCAAAGTCAAGCTTTTTTTG,1,684145
cpxRp2,2.0,1,0,TCAAAAAAGATTTGACGTTT,1,684072
cpxRp2,2.0,1,0,TATTTGGGAGAACGGTGAAG,1,675030
cpxRp2,2.0,1,0,TATGTCCGAACTGCATATCC,1,651064
cpxRp2,2.0,1,0,TATGTCAACACACGGTGAGG,1,645300
cpxRp2,2.0,1,0,TATGATAGGCGGTCGTTCTC,1,705963
cpxRp2,2.0,1,0,TATCAATAATTAATTGACAC,1,636182
cpxRp2,2.0,1,0,TATACTTATTATGTCAGATC,1,632229
cpxRp2,2.0,1,0,TATAATATGACCCTCCCCTC,1,635760
cpxRp2,2.0,1,0,TAGTTCTACAGGGACTATGT,1,672914
cpxRp2,2.0,1,0,TAGGGGTTGAAATCCCACAG,1,703142
cpxRp2,2.0,1,0,TAGGCGCATGAGAAAGAAGG,1,630600
cpxRp2,2.0,1,0,TAGGACAAACCCGGTGAGAG,1,671958
cpxRp2,2.0,1,0,TAGGAATCCACCCAGCGGAA,1,707787
cpxRp2,2.0,1,0,TAGGAACTGTGGGCGTATGA,1,686191
cpxRp2,2.0,1,0,TAGCCTCAGCCATCCAGACC,1,654762
cpxRp2,2.0,1,0,TAGCCTATGCTGGAGCTCTA,1,686513
cpxRp2,2.0,1,0,TAGCCAGCCTACGGGAGATG,1,681936
cpxRp2,2.0,1,0,TAGACAGGCCCGAGAGAAAG,1,652520
cpxRp2,2.0,1,0,TAGAAAGTAATGAGGCGGGG,1,694246
cpxRp2,2.0,1,0,TACTGTGCAGATTAAAATTC,1,679015
cpxRp2,2.0,1,0,TACTGGCCGGGTCCTAGTAG,1,657114
cpxRp2,2.0,1,0,TACTGCGGCGGGTGATCCCT,1,659104
cpxRp2,2.0,1,0,TACTGCCCGTGGCGGCAAGG,1,699976
cpxRp2,2.0,1,0,TACGCATCTCCACGAGTAGC,1,639150
cpxRp2,2.0,1,0,TACGATTGGCCATTATGCCC,1,691289
cpxRp2,2.0,1,0,TACGACACGCGGCAAAGCAA,1,634827
cpxRp2,2.0,1,0,TACCTCCTACGTTACGCGTG,1,680323
cpxRp2,2.0,1,0,TACATGCTGCTCGATTTCCT,1,674308
cpxRp2,2.0,1,0,TACAGGCGTGCGACGTCCGT,1,669967
cpxRp2,2.0,1,0,TACAATATTGGTGTGTGCGA,1,655785
cpxRp2,2.0,1,0,TACAAGTTCAACTGACGGCT,1,652099
cpxRp2,2.0,1,0,TAATTCAGTTCAAAGGGTCT,1,663355
cpxRp2,2.0,1,0,TAATCTTTGGGAAGAGAGGC,1,689206
cpxRp2,2.0,1,0,TAATCTGGCGCACAGAAGTC,1,683410
cpxRp2,2.0,1,0,TAATAGGTGTACTTGATATG,1,665216
cpxRp2,2.0,1,0,TAATAGAAACAGTATGTCTT,1,641337
cpxRp2,2.0,1,0,TAAGTGTAGTGTGGTATACA,1,683376
cpxRp2,2.0,1,0,TAAGAATCGTACGTAGCTTG,1,646913
cpxRp2,2.0,1,0,TAACTGTATGGGTTTTACGG,1,651652
cpxRp2,2.0,1,0,TAACTCCGCCCCTTTGTTCG,1,692552
cpxRp2,2.0,1,0,TAACCAACACGTCAGCGCTA,1,712337
cpxRp2,2.0,1,0,TAAAGGGGAATATAATCTGT,1,679708
cpxRp2,2.0,1,0,TAAACCCAATGTCTTATAAG,1,681076
cpxRp2,2.0,1,0,TAAAAGTTCCATGGAGGGCC,1,671349
cpxRp2,2.0,1,0,GTTTTGAAAGCCTTGAGCTC,1,703817
cpxRp2,2.0,1,0,GTTTTCCCATGAGTTGGTTA,1,690586
cpxRp2,2.0,1,0,GTTTTAGTCCGACACGAGCT,1,641023
cpxRp2,2.0,1,0,GTTTGATAAGGGGCAAACCA,1,649365
cpxRp2,2.0,1,0,GTTGTGGGTCAACCAGTCTC,1,709398
cpxRp2,2.0,1,0,GTTGGTCCATGCCTTTCGGG,1,638415
cpxRp2,2.0,1,0,GTTGCCGTGACGTCAGAGTA,1,685130
cpxRp2,2.0,1,0,GTTCTAGAACGTGTGTAATT,1,643761
cpxRp2,2.0,1,0,GTTAAGTGCGTGACGAGCAT,1,664183
cpxRp2,2.0,1,0,GTGTTGCTTTCGAGATGCTT,1,661789
cpxRp2,2.0,1,0,GTGTTGCGTATATGAAATGG,1,675784
cpxRp2,2.0,1,0,GTGTTCACGCTTCACATGGC,1,654072
cpxRp2,2.0,1,0,GTGTTATTGGCCCGTAGCGT,1,644967
cpxRp2,2.0,1,0,GTGTCCCGCACTCTACCCAT,1,667114
cpxRp2,2.0,1,0,GTGGTCGAATGCCCTCTCCT,1,684018
cpxRp2,2.0,1,0,GTGAGGCCGCGAATCCCAAT,1,683657
cpxRp2,2.0,1,0,GTGAGCGTAAAGTCGCTCAA,1,711968
cpxRp2,2.0,1,0,GTCTTCAAGAATGTAGACCA,1,661178
cpxRp2,2.0,1,0,GTCTGTCCGAGGTCGCTCGC,1,642615
cpxRp2,2.0,1,0,GTCTATCCCGTACGTATGAA,1,699453
cpxRp2,2.0,1,0,GTCGGTTGGTCCACAAGGCA,1,643347
cpxRp2,2.0,1,0,GTCGGATGAACCCGCCTTTG,1,695509
cpxRp2,2.0,1,0,GTCGCACTAAGTCCAATGTG,1,698927
cpxRp2,2.0,1,0,GTCCTCGGGAAGGAAGCATC,1,656170
cpxRp2,2.0,1,0,GTCCAGTTACAAAGACTGAT,1,673922
cpxRp2,2.0,1,0,GTCAGCGTTAGGAGTCCGCA,1,661890
cpxRp2,2.0,1,0,GTCACTGGATAGGCTCCTCA,1,676008
cpxRp2,2.0,1,0,GTCAATTTTTGAACGGGTTC,1,632131
cpxRp2,2.0,1,0,GTCAACTAGCAGACTGGGGG,1,649075
cpxRp2,2.0,1,0,GTATTCGGCAAAGGCTCATA,1,647338
cpxRp2,2.0,1,0,GTATTAACCCGGTATTTTGG,1,663308
cpxRp2,2.0,1,0,GTATGCAGAACCCCTTTGGA,1,641602
cpxRp2,2.0,1,0,GTATCTGTAACCCAGGGGGT,1,671376
cpxRp2,2.0,1,0,GTAGTCCTCAGGTCCCGATG,1,693484
cpxRp2,2.0,1,0,GTAGCGTGATAATCACCCCT,1,683318
cpxRp2,2.0,1,0,GTACGAGCTTTGTCCGGCTT,1,661032
cpxRp2,2.0,1,0,GTACCATATCTCCGTTAGAC,1,631853
cpxRp2,2.0,1,0,GTAATCCCTTGGCGTAGACT,1,659918
cpxRp2,2.0,1,0,GTAAGCCTCTCTCGGTTGTC,1,682206
cpxRp2,2.0,1,0,GTAAAGGCTCAACCAGTTGC,1,642065
cpxRp2,2.0,1,0,GTAAAACACTACGTGAATCG,1,648974
cpxRp2,2.0,1,0,GGTTGATAAGCGTCCTAGAT,1,644590
cpxRp2,2.0,1,0,GGTTCGGGTAAGCCAATTAA,1,687708
cpxRp2,2.0,1,0,GGTTATATGATAGATATCTG,1,640416
cpxRp2,2.0,1,0,GGTTAAAGGAGTTTGACAAT,1,664588
cpxRp2,2.0,1,0,GGTGTGAAACTCATGCTCAC,1,640267
cpxRp2,2.0,1,0,GGTGCTTTGAGACGGCCGGG,1,680984
cpxRp2,2.0,1,0,GGTCCTGTGCACTCGGTCAT,1,639671
cpxRp2,2.0,1,0,GGTCAGAAAGTACGAACCCG,1,680566
cpxRp2,2.0,1,0,GGTATCAATCCCCTATCACT,1,660196
cpxRp2,2.0,1,0,GGGTTCCATCTCCCCTGGCA,1,677803
cpxRp2,2.0,1,0,GGGTAATTGTGGAAGCCTAC,1,665398
cpxRp2,2.0,1,0,GGGGTCGCGAAGAGTCTGTT,1,656522
cpxRp2,2.0,1,0,GGGGGGGTGATCCCAAGCCG,1,677310
cpxRp2,2.0,1,0,GGGGAAAAAGGGGGCCGTAC,1,663732
cpxRp2,2.0,1,0,GGGCTACCCGTTTCCTGACT,1,696549
cpxRp2,2.0,1,0,GGGCGTTCATTGGTGACCTG,1,655964
cpxRp2,2.0,1,0,GGGACCCAGAGTATTCAGTT,1,710643
cpxRp2,2.0,1,0,GGCTTTACAATTATACTGGT,1,647530
cpxRp2,2.0,1,0,GGCTGGAGCCAATTTGTTGC,1,662322
cpxRp2,2.0,1,0,GGCGGTTAGGGATAGCACAA,1,678686
cpxRp2,2.0,1,0,GGCGCGTCTTATGCAACTCG,1,676540
cpxRp2,2.0,1,0,GGCCTTAGATTGACCTGGTC,1,648133
cpxRp2,2.0,1,0,GGCCCGGAAGGGCGAACCAA,1,658355
cpxRp2,2.0,1,0,GGCAGGAAGGGAGAATGTGT,1,680650
cpxRp2,2.0,1,0,GGATTGACCACACGGATTCC,1,637625
cpxRp2,2.0,1,0,GGATTCCGGAGATTGGCGAA,1,680119
cpxRp2,2.0,1,0,GGATGGCCCCTGGTCGGAAT,1,633731
cpxRp2,2.0,1,0,GGATGATGCCTCTCACATTT,1,643797
cpxRp2,2.0,1,0,GGATCGGTCAACTCCGTCTA,1,667127
cpxRp2,2.0,1,0,GGATCATATCGGAGCAATCA,1,662555
cpxRp2,2.0,1,0,GGATATCATCATCTGTCCGG,1,670847
cpxRp2,2.0,1,0,GGAGGGTCTTCCTGACCATG,1,655640
cpxRp2,2.0,1,0,GGAGGGGAATATGTTCCCTC,1,634307
cpxRp2,2.0,1,0,GGAGAATGGAGGGGGCACCT,1,675643
cpxRp2,2.0,1,0,GGACTGGAAGTTCGTAAAGG,1,675538
cpxRp2,2.0,1,0,GGACTGACTTAAAGAATTTA,1,659206
cpxRp2,2.0,1,0,GGACTATTTCACACTGATAG,1,651731
cpxRp2,2.0,1,0,GGACGCTTAGCTACACCTAG,1,712275
cpxRp2,2.0,1,0,GGACACTACTCAGGATATTG,1,631372
cpxRp2,2.0,1,0,GGAAACCCACCCCGAGAACC,1,684819
cpxRp2,2.0,1,0,GCTTGCTATCGCAAGGCCGA,1,689506
cpxRp2,2.0,1,0,GCTTGACCGCCGACGTGGAT,1,674614
cpxRp2,2.0,1,0,GCTTAGATGCCTGGCGTCCG,1,657779
cpxRp2,2.0,1,0,GCTCGGCTCGCCCCTGCATT,1,685483
cpxRp2,2.0,1,0,GCTCCGCGGTAGCACACCCG,1,692360
cpxRp2,2.0,1,0,GCTACGCTGTGACGGTCCCG,1,691175
cpxRp2,2.0,1,0,GCTAAGCATAGCCTTGGTAC,1,690348
cpxRp2,2.0,1,0,GCGTTTCCGCCTCTATTCCC,1,711035
cpxRp2,2.0,1,0,GCGTGTGAGCTTACTACCCA,1,641081
cpxRp2,2.0,1,0,GCGTGACATTGAGAAAATCC,1,710047
cpxRp2,2.0,1,0,GCGTCGTAATTCTTACACAC,1,651716
cpxRp2,2.0,1,0,GCGTATCTAGTTGATCCCCT,1,675119
cpxRp2,2.0,1,0,GCGTATCGTGAGCCATGGGC,1,709406
cpxRp2,2.0,1,0,GCGTAGGCACCAGGGCAGGT,1,644736
cpxRp2,2.0,1,0,GCGGTTCCTATCTTGCCATA,1,651757
cpxRp2,2.0,1,0,GCGGTAACCATCTAGGATGT,1,653290
cpxRp2,2.0,1,0,GCGGGGTGTCTCGTGTTTCA,1,656427
cpxRp2,2.0,1,0,GCGGCCCCGCGCTTTGGATA,1,663062
cpxRp2,2.0,1,0,GCGGCCAAACAATCGTCGGG,1,659431
cpxRp2,2.0,1,0,GCGCTACGTTCCAACAACTT,1,683524
cpxRp2,2.0,1,0,GCGCAGTCGGCCAGATTGCC,1,707267
cpxRp2,2.0,1,0,GCGATCGACAGGCGTCGTAA,1,654272
cpxRp2,2.0,1,0,GCCTGTTTCCTCTACCTATT,1,635982
cpxRp2,2.0,1,0,GCCTGCTTAGACGCTTGGAT,1,685095
cpxRp2,2.0,1,0,GCCGTTGCCGGGAGCGGCTG,1,638176
cpxRp2,2.0,1,0,GCCGGGACGAACGTAGGGAG,1,662711
cpxRp2,2.0,1,0,GCCGCGCTCATCTCATTTAT,1,668686
cpxRp2,2.0,1,0,GCCGCCAAAGCTCTAAGGTC,1,695482
cpxRp2,2.0,1,0,GCCCCGTTACGGACCATATC,1,699940
cpxRp2,2.0,1,0,GCCCAACTCTCAAATTTAGT,1,662572
cpxRp2,2.0,1,0,GCCATTCTAAAATCGCCCCC,1,710957
cpxRp2,2.0,1,0,GCCACCTTTTTTGGGCACGA,1,666773
cpxRp2,2.0,1,0,GCCACCAGCACGGCCATCAC,1,665039
cpxRp2,2.0,1,0,GCAGTCCGTAGAGATGTGGT,1,693929
cpxRp2,2.0,1,0,GCAGTACTCGCGAATGGTTT,1,638958
cpxRp2,2.0,1,0,GCAGCGCGGACCAACACCAG,1,693541
cpxRp2,2.0,1,0,GCACCGCAGATAATTGGTTC,1,657803
cpxRp2,2.0,1,0,GCACAGCACCGGCCCAGAGT,1,688004
cpxRp2,2.0,1,0,GCAATCATGCGCAACTGACG,1,684567
cpxRp2,2.0,1,0,GCAACGCTCTGAAGGGTCCC,1,682725
cpxRp2,2.0,1,0,GCAACAACCAGGTTTAGGTG,1,638773
cpxRp2,2.0,1,0,GCAAATGCAAGCAGAACGCA,1,704881
cpxRp2,2.0,1,0,GATTTAGTATTGCTGTATCC,1,656905
cpxRp2,2.0,1,0,GATTCCTTGCCGTAACAGTA,1,670135
cpxRp2,2.0,1,0,GATGTATGTCATGTGTAGGC,1,664738
cpxRp2,2.0,1,0,GATGCGACCGGAAGACTATA,1,691121
cpxRp2,2.0,1,0,GATGAGGTCAAGTTTATTCT,1,685992
cpxRp2,2.0,1,0,GATGAAGACCCAGCTTCTCA,1,634520
cpxRp2,2.0,1,0,GATCTCGGCGTGGCTGCGAC,1,668932
cpxRp2,2.0,1,0,GATCGGTTGACGCCATACGA,1,687160
cpxRp2,2.0,1,0,GATCAGGCGTAGAGACATTG,1,663175
cpxRp2,2.0,1,0,GATCAATTGTGTGACGTTAT,1,641503
cpxRp2,2.0,1,0,GATATGGTAAGTCTGCTTTC,1,683347
cpxRp2,2.0,1,0,GATATCGTTGGCACCGGAAT,1,699929
cpxRp2,2.0,1,0,GATAGGAAGGCCTCGGGAGT,1,657350
cpxRp2,2.0,1,0,GATAGAGGGAATAAGCGCCG,1,677442
cpxRp2,2.0,1,0,GATAATTTCCAATACGGCTG,1,665608
cpxRp2,2.0,1,0,GAGTGTCGGGTCCTATTGTA,1,636584
cpxRp2,2.0,1,0,GAGTGCGCTGCAGCCGTAAG,1,643200
cpxRp2,2.0,1,0,GAGTGCCAATCTAGAATTTC,1,706674
cpxRp2,2.0,1,0,GAGTCCTCTTCATAGAGTGT,1,670812
cpxRp2,2.0,1,0,GAGGGTCATTTTTGAAAGTA,1,691429
cpxRp2,2.0,1,0,GAGCGCGAGGGGAACTGAAT,1,700043
cpxRp2,2.0,1,0,GAGCAAAAACGCTGCAGAAA,1,700567
cpxRp2,2.0,1,0,GAGATAACTTTCCTGGGATT,1,655674
cpxRp2,2.0,1,0,GAGAGAGAGATACACGGCCA,1,670895
cpxRp2,2.0,1,0,GACTTCCGAAACCGCACGTA,1,657173
cpxRp2,2.0,1,0,GACTTCATCCGAGTTCGAAT,1,705503
cpxRp2,2.0,1,0,GACTCATACGATAACGATCG,1,633831
cpxRp2,2.0,1,0,GACTACCGGGTATATCAAAA,1,635245
cpxRp2,2.0,1,0,GACGTTCCCGATTTGGATTA,1,673786
cpxRp2,2.0,1,0,GACGGTAATGTCCAGTTTGG,1,663196
cpxRp2,2.0,1,0,GACGGCCTAATACTAGAACG,1,693476
cpxRp2,2.0,1,0,GACGCAAACTGATTCTAAGA,1,706965
cpxRp2,2.0,1,0,GACGATTCCATACCTAGGGG,1,700402
cpxRp2,2.0,1,0,GACCTAAACTTTACGGGAGA,1,641000
cpxRp2,2.0,1,0,GACCAATGGATGGCGAAACG,1,656014
cpxRp2,2.0,1,0,GACATAAGGAATGGCATAGA,1,668289
cpxRp2,2.0,1,0,GACAGTCTCACCATCCACTA,1,657918
cpxRp2,2.0,1,0,GACACATTGATTCTGCAATA,1,704500
cpxRp2,2.0,1,0,GAATGCCAAGTCCGTGAAGC,1,640656
cpxRp2,2.0,1,0,GAATGCATCCAGAGGTAAGG,1,653641
cpxRp2,2.0,1,0,GAATGATCAATGCATGCCCA,1,699111
cpxRp2,2.0,1,0,GAAGGTGATAAATCTTGTCG,1,696594
cpxRp2,2.0,1,0,GAAGGAATAAACCCATCCGG,1,660496
cpxRp2,2.0,1,0,GAAGAGATTCGTTCCAGTGT,1,688319
cpxRp2,2.0,1,0,GAACGGGTAAACGCATCACT,1,694242
cpxRp2,2.0,1,0,GAACGAACCCCATGGTCCCA,1,635527
cpxRp2,2.0,1,0,GAACATAGGGCGTATACATC,1,683590
cpxRp2,2.0,1,0,GAAAGGGTTTCATACACAGG,1,688782
cpxRp2,2.0,1,0,GAAAGGGTTGGGGTTCGTAC,1,635036
cpxRp2,2.0,1,0,GAAACGGTCGGAGTGCCGGC,1,686258
cpxRp2,2.0,1,0,GAAAACCTCAAGGGGCAGCA,1,710563
cpxRp2,2.0,1,0,CTTTCTATTCAGCCTGGTAG,1,633452
cpxRp2,2.0,1,0,CTTGTTTCGTACAGTTTGCG,1,643248
cpxRp2,2.0,1,0,CTTGTATGACAGGGTCAGCC,1,689866
cpxRp2,2.0,1,0,CTTGAATTCGTCACTCTCCT,1,688136
cpxRp2,2.0,1,0,CTTCTTTCGACTACGAGTCC,1,671593
cpxRp2,2.0,1,0,CTTCTTCAAGTTGTCAGTGC,1,679717
cpxRp2,2.0,1,0,CTTCTCGTCCTTAATCGCGA,1,707313
cpxRp2,2.0,1,0,CTTCTCCAAAATCACGGCTC,1,671281
cpxRp2,2.0,1,0,CTTCGGGCATTTTTCTTTGC,1,697316
cpxRp2,2.0,1,0,CTTCCAGCCGCGCTCGTCAT,1,687556
cpxRp2,2.0,1,0,CTTCAGGTGGGCTGGAAGGG,1,690782
cpxRp2,2.0,1,0,CTTATGGATTTGCTGTGCCT,1,651603
cpxRp2,2.0,1,0,CTTACTAGAAAGGGGAAAAA,1,687193
cpxRp2,2.0,1,0,CTGTTGGCGAGTGCAAAATC,1,703683
cpxRp2,2.0,1,0,CTGTTAACTACTGGTTATGT,1,659501
cpxRp2,2.0,1,0,CTGTCTGCAGGGAATCGAGG,1,698521
cpxRp2,2.0,1,0,CTGTCGTGGAACAGGCAAGT,1,706353
cpxRp2,2.0,1,0,CTGGTGAGTTTATCGGTTTT,1,686955
cpxRp2,2.0,1,0,CTGGGGGTGGCCGGCTTCGC,1,685172
cpxRp2,2.0,1,0,CTGCGTTGTATTCGCAGGGC,1,706237
cpxRp2,2.0,1,0,CTGCCATACCGGAAAAAAAA,1,661926
cpxRp2,2.0,1,0,CTGATCTGGACCGCAAGCAT,1,695865
cpxRp2,2.0,1,0,CTGAGGATGTCAACGGCGGT,1,661298
cpxRp2,2.0,1,0,CTGACTGGTCTTGATACAAG,1,646228
cpxRp2,2.0,1,0,CTCTTTAAACCCGTAGTCCT,1,653695
cpxRp2,2.0,1,0,CTCTGTTCGCTCCGATTTCA,1,648088
cpxRp2,2.0,1,0,CTCGTCCTCGGACGGGGACC,1,660056
cpxRp2,2.0,1,0,CTCGCGCCTTGCTGACCGGT,1,680067
cpxRp2,2.0,1,0,CTCCTTCTCGGAATTCGTAG,1,673513
cpxRp2,2.0,1,0,CTCCATTTTGGACGGTGTCG,1,630051
cpxRp2,2.0,1,0,CTCCAATATGAGCGCCCGGA,1,658266
cpxRp2,2.0,1,0,CTCATCGGGACCGGCCTGAA,1,634665
cpxRp2,2.0,1,0,CTCATCAAGAGTATATAGCA,1,684812
cpxRp2,2.0,1,0,CTCAATAAAGTCTCCATGGA,1,630919
cpxRp2,2.0,1,0,CTATTCCAGGGCAACAAAAA,1,645867
cpxRp2,2.0,1,0,CTAGTAAGCAGGAGTAATCC,1,655116
cpxRp2,2.0,1,0,CTAGATTGTCCTGAACGGCT,1,694299
cpxRp2,2.0,1,0,CTAGACCCGCCATCTCCCTT,1,664768
cpxRp2,2.0,1,0,CTACGATTCTCGTGCTCGGC,1,706341
cpxRp2,2.0,1,0,CTAATGATGTGGACCAGAGC,1,685240
cpxRp2,2.0,1,0,CTAACGTCATTGGCTTGAAG,1,651680
cpxRp2,2.0,1,0,CTAACGCGTCCTGGCTTTCT,1,667329
cpxRp2,2.0,1,0,CTAAAGGCGAACGGCAGGAC,1,706688
cpxRp2,2.0,1,0,CGTTTTTTGGAATGTCAACC,1,668625
cpxRp2,2.0,1,0,CGTTTCTGAAGCAGGTCGTG,1,685303
cpxRp2,2.0,1,0,CGTTTCAGAGTCTAGACGGA,1,642699
cpxRp2,2.0,1,0,CGTTGGAGCCAACGACGCTC,1,675769
cpxRp2,2.0,1,0,CGTTGCTCGCGCCACTCCCC,1,703341
cpxRp2,2.0,1,0,CGTTGCCGTCCAGATCGGTG,1,645124
cpxRp2,2.0,1,0,CGTTCCTCTGCTAATAGGGT,1,649293
cpxRp2,2.0,1,0,CGTGTGTGCCTTGAGCTTAC,1,650538
cpxRp2,2.0,1,0,CGTGGCTACCTGTCTACGCA,1,669730
cpxRp2,2.0,1,0,CGTGGACCGAAGAGAGGTAT,1,691365
cpxRp2,2.0,1,0,CGTGAAGTGCGGTACACTGG,1,692380
cpxRp2,2.0,1,0,CGTCTGGAATTCCTGAGTAA,1,683895
cpxRp2,2.0,1,0,CGTCTCTGTGCAAATGCAGG,1,645965
cpxRp2,2.0,1,0,CGTCGGAGATCGGTCCCCGG,1,631762
cpxRp2,2.0,1,0,CGTATTTATTCTGCGGAATT,1,682904
cpxRp2,2.0,1,0,CGTAGGTACGCTGCCTGAGT,1,632423
cpxRp2,2.0,1,0,CGTACGCCGTCGTGTGTCGT,1,668253
cpxRp2,2.0,1,0,CGTACCTTATAGGTCACCCA,1,645833
cpxRp2,2.0,1,0,CGTAATTTGCTGTACTGACG,1,667736
cpxRp2,2.0,1,0,CGTAAGTGGAGGGTCACTCC,1,662969
cpxRp2,2.0,1,0,CGGTGTCGTAATTCTGTCTC,1,665943
cpxRp2,2.0,1,0,CGGTGGCTCTGCTAAGATCG,1,686157
cpxRp2,2.0,1,0,CGGTACTGCGGATTGGGATC,1,659126
cpxRp2,2.0,1,0,CGGGTCTCGCACGCAATACT,1,665138
cpxRp2,2.0,1,0,CGGGTCAGGTGGGCACGGGC,1,682701
cpxRp2,2.0,1,0,CGGGGTCAAACTCACCCGAT,1,690251
cpxRp2,2.0,1,0,CGGGGATCGTGGGTACTAAC,1,667276
cpxRp2,2.0,1,0,CGGGCTTAAATAAACTGTCC,1,684454
cpxRp2,2.0,1,0,CGGCTCTCGCGAAAGCCTGG,1,695360
cpxRp2,2.0,1,0,CGGCGGCCCGTGTCAGCCTA,1,700753
cpxRp2,2.0,1,0,CGGCCTTACCTTGACGCAGG,1,688812
cpxRp2,2.0,1,0,CGGATGGGTATCGAGCTTTG,1,692258
cpxRp2,2.0,1,0,CGGAGCAGTTAGTCACAATA,1,697718
cpxRp2,2.0,1,0,CGGACCCGATTGTGTGACAC,1,706064
cpxRp2,2.0,1,0,CGGAAGCTCGCATCGGAAGA,1,684813
cpxRp2,2.0,1,0,CGGAAGAATTCGTGGGTATT,1,644735
cpxRp2,2.0,1,0,CGCTTCATTGGCCATCGTGC,1,679487
cpxRp2,2.0,1,0,CGCTTCATTACAGCACCTCC,1,678970
cpxRp2,2.0,1,0,CGCTGATAGGGCGAGGAAAC,1,636754
cpxRp2,2.0,1,0,CGCTCTTACGGGCAACTTAG,1,637898
cpxRp2,2.0,1,0,CGCTCTATCGACCTCCATCT,1,644550
cpxRp2,2.0,1,0,CGCGGAGCTCATGGCAAGTC,1,682351
cpxRp2,2.0,1,0,CGCGGAATAGACTTTTGAAA,1,662824
cpxRp2,2.0,1,0,CGCCGTCGTTCTTTGTTAGT,1,671748
cpxRp2,2.0,1,0,CGCCGCAGGCTGGGTAATAC,1,669149
cpxRp2,2.0,1,0,CGCATTGTTCTGTTGCGATA,1,655442
cpxRp2,2.0,1,0,CGCATCAGGCGTAAGGTATG,1,654690
cpxRp2,2.0,1,0,CGCAATACCTAGGGGGGCGT,1,703898
cpxRp2,2.0,1,0,CGATTCTTCGTAGCATCGTG,1,683326
cpxRp2,2.0,1,0,CGATGTCGAGCTCGTACGGT,1,640217
cpxRp2,2.0,1,0,CGATCTGACCATACAGGTTA,1,631701
cpxRp2,2.0,1,0,CGATACCAGCGAAGTCCGGA,1,629749
cpxRp2,2.0,1,0,CGAGTCCTCTCGATTTGTCG,1,651174
cpxRp2,2.0,1,0,CGAGGTCCAAGCAGACTCGC,1,676713
cpxRp2,2.0,1,0,CGAGCGTTTATTAAAAGTTG,1,669801
cpxRp2,2.0,1,0,CGAGCGATCGGACTCCCGGG,1,647948
cpxRp2,2.0,1,0,CGACCCGGTGGTATCACCGA,1,702289
cpxRp2,2.0,1,0,CGACATCCTGAACCAAAGAG,1,685245
cpxRp2,2.0,1,0,CGACAACCAAAAGCCAGTAT,1,646876
cpxRp2,2.0,1,0,CGAATATCGCCTTTTTTTTC,1,656118
cpxRp2,2.0,1,0,CGAAATACAGAGTACCTGAG,1,709552
cpxRp2,2.0,1,0,CCTGTCGTTGATCTGGAGAT,1,695554
cpxRp2,2.0,1,0,CCTATTATATTAAGTCCTTA,1,659035
cpxRp2,2.0,1,0,CCTAGCGGCCTGCCAGGGAG,1,650833
cpxRp2,2.0,1,0,CCTACCTAAGTGGTGTAGTG,1,662485
cpxRp2,2.0,1,0,CCTACAGAGCATTTCAATAA,1,687978
cpxRp2,2.0,1,0,CCTAACATAATTGACCACGA,1,664938
cpxRp2,2.0,1,0,CCGTGTTACCTTCCGGAGAT,1,696058
cpxRp2,2.0,1,0,CCGTGAGTATAGAAACGTTA,1,651485
cpxRp2,2.0,1,0,CCGTCCAGGTACATAGAACG,1,644566
cpxRp2,2.0,1,0,CCGTCAAAGTCGCCTTTATA,1,704119
cpxRp2,2.0,1,0,CCGTAATTCTAAAAGGGAGA,1,684068
cpxRp2,2.0,1,0,CCGGTGGCCCCCCCCCAAGG,1,707271
cpxRp2,2.0,1,0,CCGGTCCAGAGATGTTTACC,1,657735
cpxRp2,2.0,1,0,CCGGCGAGATACGGGGGGAC,1,694777
cpxRp2,2.0,1,0,CCGCTCCATGCTCCTAAGGG,1,631985
cpxRp2,2.0,1,0,CCGCAGGCGCCGGGTGGTAG,1,677266
cpxRp2,2.0,1,0,CCGATCGGCGAGGTAGACGT,1,689272
cpxRp2,2.0,1,0,CCCTTACATCCGGGGAATGA,1,665765
cpxRp2,2.0,1,0,CCCTCTGACGGTGGGGGTCT,1,639503
cpxRp2,2.0,1,0,CCCTCTACGGACCTCATCCT,1,688569
cpxRp2,2.0,1,0,CCCGTGCAATGGAATGAAAG,1,669828
cpxRp2,2.0,1,0,CCCGGGAGCACATCAGCTTT,1,629950
cpxRp2,2.0,1,0,CCCGCTTTGTGTTGGGGAGG,1,685127
cpxRp2,2.0,1,0,CCCGCGTATCGGGACGGCCA,1,631490
cpxRp2,2.0,1,0,CCCCTTCTCGACTCCTGTAG,1,679278
cpxRp2,2.0,1,0,CCCCTTAATTTCATCCCCCC,1,638127
cpxRp2,2.0,1,0,CCCCCGGTTCTCGACCTACG,1,668323
cpxRp2,2.0,1,0,CCCCCCGAAAGGCGTCATCT,1,663794
cpxRp2,2.0,1,0,CCCCAGGGATCCAAAAAACT,1,675504
cpxRp2,2.0,1,0,CCCCAATGTATGCTCATCTC,1,682067
cpxRp2,2.0,1,0,CCCAGTCTTGGCAACCAATA,1,689267
cpxRp2,2.0,1,0,CCCAAAGTATCTGGACTCGA,1,630275
cpxRp2,2.0,1,0,CCAGCGTCTGCCGGGGGGCA,1,650784
cpxRp2,2.0,1,0,CCAGCGCTGCGTCACTGACC,1,630158
cpxRp2,2.0,1,0,CCACACAAACTCTTCACCCA,1,666383
cpxRp2,2.0,1,0,CCAATGGAGATAGTGCAACT,1,659221
cpxRp2,2.0,1,0,CCAAAGGGTGATGTTGACAG,1,692575
cpxRp2,2.0,1,0,CCAAAGGATGACGGAGCAGC,1,687897
cpxRp2,2.0,1,0,CATTTCTCTACGTAAAGTCG,1,686253
cpxRp2,2.0,1,0,CATTATACTCTCGCGCCCTG,1,681355
cpxRp2,2.0,1,0,CATTAAGAGAGGACATTCCA,1,630957
cpxRp2,2.0,1,0,CATGTAGGGAGGGAGACAGT,1,706401
cpxRp2,2.0,1,0,CATGCGAGATCTCAGGCTAG,1,630917
cpxRp2,2.0,1,0,CATGCCACTGTTAAAGGTTA,1,634652
cpxRp2,2.0,1,0,CATGAATTTTTATTTGTTTG,1,692692
cpxRp2,2.0,1,0,CATCTCCTACAACTGTCATA,1,702347
cpxRp2,2.0,1,0,CATCATTTTAGGGTGTATTT,1,686386
cpxRp2,2.0,1,0,CATACGCGTAACTGGAAAAG,1,672159
cpxRp2,2.0,1,0,CAGTGTGGTGTTTGTATTTA,1,691293
cpxRp2,2.0,1,0,CAGTGCGAATAGTTAAGTCA,1,662024
cpxRp2,2.0,1,0,CAGTCTTCGCCTTGCCGTAA,1,653903
cpxRp2,2.0,1,0,CAGGCGTTACCAGGAAGAAT,1,688926
cpxRp2,2.0,1,0,CAGGCCGATACGTTACCTCA,1,633642
cpxRp2,2.0,1,0,CAGGACGTTTTAAGGCATGG,1,657698
cpxRp2,2.0,1,0,CAGCTATAGAGGACACGGGC,1,636505
cpxRp2,2.0,1,0,CAGCGGAGATTTCGGATTTG,1,632463
cpxRp2,2.0,1,0,CAGATTGAGGCGAGTCACAT,1,711425
cpxRp2,2.0,1,0,CAGATGTTGAATTTTCATTA,1,660881
cpxRp2,2.0,1,0,CAGAATTAGTTCATTTTTTA,1,692882
cpxRp2,2.0,1,0,CAGAATAGGTTTTGTATCAT,1,688571
cpxRp2,2.0,1,0,CACTGTTACTTGGAGTTGCT,1,692049
cpxRp2,2.0,1,0,CACGTCAGAAAGATATCTAT,1,690118
cpxRp2,2.0,1,0,CACGGGCCATGTCGCGATTC,1,691932
cpxRp2,2.0,1,0,CACGGAATGCTTCTGCCATT,1,641497
cpxRp2,2.0,1,0,CACGATTGAGGTTTCTGCGG,1,706105
cpxRp2,2.0,1,0,CACGAGCGCGGCCTTCGGAT,1,710316
cpxRp2,2.0,1,0,CACCTCATGAAATGGCGCTT,1,692945
cpxRp2,2.0,1,0,CACCCTCATCAGCAGAATGT,1,661016
cpxRp2,2.0,1,0,CACCACCGGGGGTTGTTCGC,1,694196
cpxRp2,2.0,1,0,CACAGGTAGCCGATCGGATT,1,666689
cpxRp2,2.0,1,0,CACAGGGAGCTCCTGCACCC,1,699151
cpxRp2,2.0,1,0,CACACCCGTTTCTCATGATC,1,689130
cpxRp2,2.0,1,0,CAATTGCAAGTGCCTAAAGT,1,671198
cpxRp2,2.0,1,0,CAATTACGCGGCAGATCACA,1,703857
cpxRp2,2.0,1,0,CAATGGGTTTTCCTGGGGGG,1,650156
cpxRp2,2.0,1,0,CAATCGCCTATTCGTCCAGC,1,682237
cpxRp2,2.0,1,0,CAATATGCATTTCATTTACT,1,675083
cpxRp2,2.0,1,0,CAAGGCTAGTAACCAGCATA,1,651070
cpxRp2,2.0,1,0,CAAGAGGATTTGCGTGTTGC,1,694616
cpxRp2,2.0,1,0,CAACCATGGAAATCAGTCCT,1,701671
cpxRp2,2.0,1,0,CAACACCAGTCCATTGAATC,1,667766
cpxRp2,2.0,1,0,CAACAACTTTATCCTATTGT,1,706065
cpxRp2,2.0,1,0,CAAATTTACTGACCAAAGCA,1,667777
cpxRp2,2.0,1,0,CAAATGAGATATGGCGGGAT,1,672859
cpxRp2,2.0,1,0,CAAAGGTGGCTCCAAATGGG,1,712438
cpxRp2,2.0,1,0,CAAACGTTCCGTCTTGTACT,1,695722
cpxRp2,2.0,1,0,ATTTATATGGTACGCGTCTG,1,642360
cpxRp2,2.0,1,0,ATTTACCCACATTCTCCCTC,1,669396
cpxRp2,2.0,1,0,ATTTAACCACGTTATCAGAA,1,629899
cpxRp2,2.0,1,0,ATTGTGTCATTCATTTACCC,1,635563
cpxRp2,2.0,1,0,ATTGGCACCCCACGCCGGTT,1,674211
cpxRp2,2.0,1,0,ATTCTTGGTAATTATTTCTT,1,649816
cpxRp2,2.0,1,0,ATTCTGCATATGCGGTAGGC,1,650471
cpxRp2,2.0,1,0,ATTCTCTCATGCTGATGCAA,1,681137
cpxRp2,2.0,1,0,ATTCGGAGGACCTGCCAACG,1,696019
cpxRp2,2.0,1,0,ATTATCTCGATAGGATTTGT,1,675672
cpxRp2,2.0,1,0,ATTACGTATACTATTTGTAT,1,652124
cpxRp2,2.0,1,0,ATGTGCCAACCTAGCCCTGG,1,660929
cpxRp2,2.0,1,0,ATGTCCTGGGACGTCCTACG,1,659667
cpxRp2,2.0,1,0,ATGTCAGATACAGCCGTAGT,1,671137
cpxRp2,2.0,1,0,ATGTATGTTACGATTATGCG,1,697615
cpxRp2,2.0,1,0,ATGTACTGACAAGTGGTAAA,1,667327
cpxRp2,2.0,1,0,ATGTAAGCGGGGGGGACCAG,1,688082
cpxRp2,2.0,1,0,ATGGTAGTGCATCTATCCCA,1,669303
cpxRp2,2.0,1,0,ATGGTACACTGATCCATAGG,1,676216
cpxRp2,2.0,1,0,ATGGGCTAGCGACATAGTTC,1,630583
cpxRp2,2.0,1,0,ATGCTTTTTTTGATTTGTTG,1,659159
cpxRp2,2.0,1,0,ATGCCTTTATACTGATGGGT,1,669226
cpxRp2,2.0,1,0,ATGCACTAGCGACCGGCTTG,1,705908
cpxRp2,2.0,1,0,ATGAGTGGCTTGCACGACTG,1,678350
cpxRp2,2.0,1,0,ATGAGGGGCCATTTCAAAGG,1,693787
cpxRp2,2.0,1,0,ATGAGCGCGTCGTTACAACT,1,642484
cpxRp2,2.0,1,0,ATCTTCTACGGCCCTCCGCA,1,698680
cpxRp2,2.0,1,0,ATCTGTAAGTCGTGGTTTCG,1,641690
cpxRp2,2.0,1,0,ATCTAGGTATTGGTACTATG,1,688639
cpxRp2,2.0,1,0,ATCGGGCTCGAACCATCAGC,1,647681
cpxRp2,2.0,1,0,ATCGGGACACCAGCTCATAT,1,680494
cpxRp2,2.0,1,0,ATCGGCTGTTGTCGTAGGAA,1,645747
cpxRp2,2.0,1,0,ATCGCGGGTCCTGGGTTACG,1,640727
cpxRp2,2.0,1,0,ATCGCAGTCGGCTCGAATCT,1,647874
cpxRp2,2.0,1,0,ATCGAGCCAGTGTACTACAA,1,669993
cpxRp2,2.0,1,0,ATCCTTTTGAAGGAGTAGCA,1,710917
cpxRp2,2.0,1,0,ATCCTGGGTTCATAACATAC,1,634246
cpxRp2,2.0,1,0,ATCCTAGACAAGATGGGCAT,1,638480
cpxRp2,2.0,1,0,ATCCATCAAGCTCTAGGTAT,1,690446
cpxRp2,2.0,1,0,ATCCAGGTACAGTGCAGGTA,1,639359
cpxRp2,2.0,1,0,ATCAGTTACATGGGATGGGG,1,642875
cpxRp2,2.0,1,0,ATCAGGAAGGATGAGGTTAA,1,634701
cpxRp2,2.0,1,0,ATATTCTTTTATTGTCATAC,1,697767
cpxRp2,2.0,1,0,ATATAGGTGCATTTATAGCT,1,676533
cpxRp2,2.0,1,0,ATAGGAAGGGTACACAGCTT,1,692911
cpxRp2,2.0,1,0,ATAGCCACCACGTACGCACT,1,692381
cpxRp2,2.0,1,0,ATAGAGTATCCGTTAGGAGA,1,673387
cpxRp2,2.0,1,0,ATACGGACGTATATCTATAC,1,698371
cpxRp2,2.0,1,0,ATACCGTAATTTTGCCATCA,1,700352
cpxRp2,2.0,1,0,ATACCGCTATGCAGGCGGTT,1,656082
cpxRp2,2.0,1,0,ATACCCATGATATAGTGAAA,1,690793
cpxRp2,2.0,1,0,ATACAGCCAAAGAGTCGTGT,1,647589
cpxRp2,2.0,1,0,ATAAGCACACCTACAACGTC,1,649970
cpxRp2,2.0,1,0,ATAACTCGGCCGTTGGTATT,1,663082
cpxRp2,2.0,1,0,ATAACGTGTATACGGTCTGT,1,682439
cpxRp2,2.0,1,0,ATAACCATACCGCGGCCGCA,1,650658
cpxRp2,2.0,1,0,AGTTTACAAAGTAAACCGGG,1,704882
cpxRp2,2.0,1,0,AGTTGTTCTTTCAGGTGATA,1,636642
cpxRp2,2.0,1,0,AGTTGTGGGGAAACGTAGTA,1,671475
cpxRp2,2.0,1,0,AGTTGGTAATTCCGTTTTAC,1,659511
cpxRp2,2.0,1,0,AGTTGAAACTGACTCTAATG,1,633011
cpxRp2,2.0,1,0,AGTTCTCAGGGCCCCTTGGT,1,670785
cpxRp2,2.0,1,0,AGTTCGGTTGAGCATGTACA,1,674743
cpxRp2,2.0,1,0,AGTTCCCAGCTCATCCCTGA,1,649256
cpxRp2,2.0,1,0,AGTTATTACGTTCCCCGTGG,1,677453
cpxRp2,2.0,1,0,AGTTATGCTGTTTCGTGACA,1,695097
cpxRp2,2.0,1,0,AGTGTCTCAGCTGCACAAAA,1,686512
cpxRp2,2.0,1,0,AGTGGTTATCAGGTTAATGC,1,646128
cpxRp2,2.0,1,0,AGTGGGGAGTTTGCTGAATG,1,638056
cpxRp2,2.0,1,0,AGTGGCCGGCATATGGACGC,1,674388
cpxRp2,2.0,1,0,AGTCTCGGGCTAATTATGGA,1,704122
cpxRp2,2.0,1,0,AGTCGAGACCACAACGTATT,1,702205
cpxRp2,2.0,1,0,AGTAGCACCCACCTCAATGA,1,631377
cpxRp2,2.0,1,0,AGTAAAGGAGGACACTAGTT,1,668287
cpxRp2,2.0,1,0,AGTAAAACAATGTCTTTTTT,1,671530
cpxRp2,2.0,1,0,AGGTTGGAGTTGAACCGTTT,1,699762
cpxRp2,2.0,1,0,AGGTCTTTCCCCCTCAAAAG,1,685092
cpxRp2,2.0,1,0,AGGTCTTATTGCGTCACACA,1,696514
cpxRp2,2.0,1,0,AGGTCGTATCAGTAAGAGAA,1,658146
cpxRp2,2.0,1,0,AGGGGTGGCTTGCCATCATA,1,692036
cpxRp2,2.0,1,0,AGGGGGGGTAATATTATTTC,1,696006
cpxRp2,2.0,1,0,AGGCTTCGTGCAGAAGAGCG,1,691107
cpxRp2,2.0,1,0,AGGCGTTGCATCCGTATCTC,1,710018
cpxRp2,2.0,1,0,AGGCGGGCAGTTTCAAGTTA,1,655970
cpxRp2,2.0,1,0,AGGCGCGTAATTATACACAT,1,642142
cpxRp2,2.0,1,0,AGGCGAAGCCTTTGTTTCTT,1,639790
cpxRp2,2.0,1,0,AGGCCCCAGGCACCTCCTTT,1,700824
cpxRp2,2.0,1,0,AGGATAGAGATAGTTTTCGT,1,649155
cpxRp2,2.0,1,0,AGGAATAGGCCAGGTCACAG,1,689402
cpxRp2,2.0,1,0,AGGAACATCCACCGTCCGCG,1,705863
cpxRp2,2.0,1,0,AGCTGTGGGCCGAATTAGTC,1,701029
cpxRp2,2.0,1,0,AGCTGGGGGACAGTAAGCTC,1,637456
cpxRp2,2.0,1,0,AGCTGCAAAATGCCTCCCAA,1,635851
cpxRp2,2.0,1,0,AGCGTCTTCTTATAGAGACG,1,656038
cpxRp2,2.0,1,0,AGCGAACCCCCATTGTCGTC,1,710116
cpxRp2,2.0,1,0,AGCCTCGGACCCCTGTGAGC,1,668533
cpxRp2,2.0,1,0,AGCCAGCGTTAAGGGTCGGG,1,690199
cpxRp2,2.0,1,0,AGCCAGAGGCTATAGGTCCG,1,699103
cpxRp2,2.0,1,0,AGCCAACGACCCTAACAGAG,1,664409
cpxRp2,2.0,1,0,AGCATTCGCTTTCTATTGGG,1,641377
cpxRp2,2.0,1,0,AGCAGCCTGCACTATGCCGA,1,646877
cpxRp2,2.0,1,0,AGCACTAACTCTTCGAGTAC,1,694292
cpxRp2,2.0,1,0,AGCACAGTGACTTATTCCAT,1,671974
cpxRp2,2.0,1,0,AGCAATTATTTGGGTGAAGT,1,639642
cpxRp2,2.0,1,0,AGATTGATATCTACGTCTAG,1,642053
cpxRp2,2.0,1,0,AGATCCGTACTTGTAGTTAT,1,664504
cpxRp2,2.0,1,0,AGAGTCGTGCGAAATCCCAT,1,704790
cpxRp2,2.0,1,0,AGAGTAACTCAATGTTACGA,1,677998
cpxRp2,2.0,1,0,AGAGATTCTGACACCGATTT,1,675904
cpxRp2,2.0,1,0,AGACTTGAATCTGAATCACG,1,664749
cpxRp2,2.0,1,0,AGACAAAATATTACCCAAGA,1,695220
cpxRp2,2.0,1,0,ACTTGAAACTGTTTTTTGGT,1,682674
cpxRp2,2.0,1,0,ACTTAATAGGATGTATGAGG,1,634400
cpxRp2,2.0,1,0,ACTGCCAAACTCGCCGTTGC,1,708047
cpxRp2,2.0,1,0,ACTCTAAGATTTAGTAGCCC,1,674129
cpxRp2,2.0,1,0,ACTCCTTTCGGTGTACGAAA,1,681079
cpxRp2,2.0,1,0,ACTAGACGAGGTACAAGCAT,1,652313
cpxRp2,2.0,1,0,ACTACTTAGGAATTCTTTCA,1,635768
cpxRp2,2.0,1,0,ACGTTTTTTACTTCGCTCTC,1,649812
cpxRp2,2.0,1,0,ACGTTTGCCTTGTCCACCCA,1,639772
cpxRp2,2.0,1,0,ACGTGGGCGCAGGTCCTTGG,1,685152
cpxRp2,2.0,1,0,ACGTGCCCCGGCACCGCTCG,1,673367
cpxRp2,2.0,1,0,ACGTACTTTCAGGTTTTTAT,1,632619
cpxRp2,2.0,1,0,ACGGGTGCTAGGGTGAGCTG,1,655035
cpxRp2,2.0,1,0,ACGGCGGACAGAAAGCTCTA,1,706705
cpxRp2,2.0,1,0,ACGGATAATTCGCACATAGT,1,663531
cpxRp2,2.0,1,0,ACGCTCGGGGAATTCACTGG,1,684491
cpxRp2,2.0,1,0,ACGCGGGCACTCGAGAGCGC,1,646920
cpxRp2,2.0,1,0,ACGCCAGATGATCCTCGGGC,1,645406
cpxRp2,2.0,1,0,ACGATAGTTTTCCCAACAAG,1,703735
cpxRp2,2.0,1,0,ACGAAATACCAGTGGCATAT,1,706220
cpxRp2,2.0,1,0,ACCTTTGCTAATTCTGCGTC,1,669270
cpxRp2,2.0,1,0,ACCTTATTGCGCGACGCAAT,1,669409
cpxRp2,2.0,1,0,ACCTGCCGTGCGTCCCGACT,1,639743
cpxRp2,2.0,1,0,ACCGATGCAGGCCATTTAAA,1,631432
cpxRp2,2.0,1,0,ACCCCAATGAATAGGTCTGT,1,640951
cpxRp2,2.0,1,0,ACCAATAATGAGATGTCTAC,1,687998
cpxRp2,2.0,1,0,ACATTGGTTACTGTCTCCTT,1,666247
cpxRp2,2.0,1,0,ACAGGTTGCAATAGGCCGGC,1,703241
cpxRp2,2.0,1,0,ACAGGCTCAGAGAATTAATG,1,658780
cpxRp2,2.0,1,0,ACAGAGTGCCAAAAGACCGG,1,696830
cpxRp2,2.0,1,0,ACACGGACCAAAAGTGGTAG,1,703140
cpxRp2,2.0,1,0,ACACCTCTCTACCGCTGATG,1,647222
cpxRp2,2.0,1,0,ACACCGAAGTGATACTCTCG,1,673473
cpxRp2,2.0,1,0,ACACCCTTTGGAAATGGGCG,1,657205
cpxRp2,2.0,1,0,ACAAACATTACAGTCAAATG,1,646253
cpxRp2,2.0,1,0,AATTCTATCGCACTTCCTCT,1,636367
cpxRp2,2.0,1,0,AATTCAAGCGGCCGATCGTC,1,681974
cpxRp2,2.0,1,0,AATCTATTCATCGACGCGGT,1,669641
cpxRp2,2.0,1,0,AATCTATGTGCACTGGGCAT,1,696653
cpxRp2,2.0,1,0,AATCCAATTTTTCTTCGTAT,1,649467
cpxRp2,2.0,1,0,AATAGCATTCCCTTTCGACC,1,641752
cpxRp2,2.0,1,0,AAGTGCGGCGGGAAGCGCCT,1,666760
cpxRp2,2.0,1,0,AAGTCCTCCCGCTTTTGTTA,1,679835
cpxRp2,2.0,1,0,AAGGTTCGGCTCATCAATAG,1,662663
cpxRp2,2.0,1,0,AAGGTACCAGATAGGGTGCC,1,645743
cpxRp2,2.0,1,0,AAGGGCCTGGGGCATGGGGC,1,657083
cpxRp2,2.0,1,0,AAGCGGGTGAACTATTAAGT,1,638686
cpxRp2,2.0,1,0,AAGCGAGATAATGTCTACGG,1,695500
cpxRp2,2.0,1,0,AAGCCGGGCTCGCTCCCTCC,1,658418
cpxRp2,2.0,1,0,AAGCCGCGTATTTAAAATAG,1,675316
cpxRp2,2.0,1,0,AAGACCTAATGTAATTAAGA,1,648724
cpxRp2,2.0,1,0,AAGAAGACCCTGCGGCTTAT,1,685307
cpxRp2,2.0,1,0,AACTTGATGATCTGTAGCCG,1,674397
cpxRp2,2.0,1,0,AACTATTACATCTCTTTCTA,1,684528
cpxRp2,2.0,1,0,AACGTGGTGCGACCGTGTAA,1,655093
cpxRp2,2.0,1,0,AACGTATTTCTGGTTCTGTC,1,690640
cpxRp2,2.0,1,0,AACGAATATTTTGTGTACAG,1,631317
cpxRp2,2.0,1,0,AACCGCGACGTGGTGTCTTA,1,650956
cpxRp2,2.0,1,0,AACATCAATGACAGTCTTGC,1,686828
cpxRp2,2.0,1,0,AACAGGGTGGGGCTAGGCTC,1,636450
cpxRp2,2.0,1,0,AACACACCACTGAGCTTGCT,1,672270
cpxRp2,2.0,1,0,AACAAGGTACGTTTAGACCA,1,702432
cpxRp2,2.0,1,0,AACAACCACCATCAATCAGA,1,701352
cpxRp2,2.0,1,0,AACAAAAGATATTAATGAGG,1,650697
cpxRp2,2.0,1,0,AAATTTGCACCAGGCCCCCG,1,708839
cpxRp2,2.0,1,0,AAATTCAAGTTACATCTCGG,1,651919
cpxRp2,2.0,1,0,AAATCGAATTGTGGAATGGA,1,680330
cpxRp2,2.0,1,0,AAAGGTGAGCTCGAGTAGAA,1,669644
cpxRp2,2.0,1,0,AAAGGATTATGAAGAATATG,1,676268
cpxRp2,2.0,1,0,AAACAGATTACTACGCGCAT,1,685396
cpxRp2,2.0,1,0,AAACACCGTCCGTAGACCTT,1,686405
cpxRp2,2.0,1,0,AAAATCGGGGATGTGCCAAC,1,681417
cpxRp2,2.0,1,0,AAAATCATTGCGCTATCGGT,1,667318
cpxRp2,2.0,1,0,AAAATAGAGCCCGAATCCAA,1,657467
cpxRp2,2.0,1,0,AAAAAACAAAACAGGACGTA,1,633844
